6509
0 0 
1 1 0 
1 2 0 1 
2 1 0 
3 2 2 3 
1 2 0 4 
1 2 0 5 
2 2 0 4 
3 2 6 7 
1 2 0 8 
1 2 0 9 
2 2 0 8 
3 2 10 11 
1 2 0 12 
2 2 0 8 
2 2 0 9 
3 3 13 14 15 
1 2 0 16 
1 2 0 17 
2 2 0 16 
3 2 18 19 
1 2 0 20 
1 2 0 21 
2 2 0 20 
3 2 22 23 
1 2 0 24 
2 2 0 21 
3 2 25 26 
1 2 0 27 
1 2 0 28 
2 2 0 27 
3 2 29 30 
1 2 0 31 
1 2 0 32 
1 2 0 33 
2 2 0 32 
3 2 34 35 
1 2 0 36 
1 2 0 37 
2 2 0 36 
3 2 38 39 
1 2 0 40 
2 2 0 37 
3 2 41 42 
1 2 0 43 
2 2 0 40 
3 2 44 45 
1 2 0 46 
1 2 0 47 
1 2 0 48 
2 2 0 47 
3 2 49 50 
1 2 0 51 
2 2 0 48 
3 2 52 53 
1 2 0 54 
1 2 0 55 
2 2 0 54 
3 2 56 57 
1 2 0 58 
2 2 0 55 
3 2 59 60 
1 2 0 61 
1 2 0 62 
1 2 0 63 
1 2 0 64 
2 2 0 63 
3 2 65 66 
1 2 0 67 
1 2 0 68 
1 2 0 69 
1 2 0 70 
2 2 0 69 
3 2 71 72 
1 2 0 73 
2 2 0 70 
3 2 74 75 
1 2 0 76 
2 2 0 73 
3 2 77 78 
1 2 0 79 
1 2 0 80 
1 2 0 81 
1 2 0 82 
1 2 0 83 
2 2 0 82 
3 2 84 85 
1 2 0 86 
2 2 0 83 
3 2 87 88 
1 2 0 89 
2 2 0 86 
3 2 90 91 
1 2 0 92 
2 2 0 86 
2 2 0 89 
3 3 93 94 95 
1 2 0 96 
2 2 0 92 
3 2 97 98 
1 2 0 99 
2 2 0 96 
3 2 100 101 
1 2 0 102 
1 2 0 103 
2 2 0 102 
3 2 104 105 
1 2 0 106 
1 2 0 107 
1 2 0 108 
2 2 0 107 
3 2 109 110 
1 2 0 111 
1 2 0 112 
2 2 0 111 
3 2 113 114 
1 2 0 115 
2 2 0 112 
3 2 116 117 
1 2 0 118 
1 2 0 119 
1 2 0 120 
2 2 0 119 
3 2 121 122 
1 2 0 123 
1 2 0 124 
2 2 0 123 
3 2 125 126 
1 2 0 127 
1 2 0 128 
1 2 0 129 
2 2 0 128 
3 2 130 131 
1 2 0 132 
1 2 0 133 
2 2 0 132 
3 2 134 135 
1 2 0 136 
2 2 0 132 
2 2 0 133 
3 3 137 138 139 
1 2 0 140 
1 2 0 141 
1 2 0 142 
2 2 0 141 
3 2 143 144 
1 2 0 145 
2 2 0 142 
3 2 146 147 
1 2 0 148 
1 2 0 149 
2 2 0 148 
3 2 150 151 
1 2 0 152 
1 2 0 153 
1 2 0 154 
2 2 0 153 
3 2 155 156 
1 2 0 157 
1 2 0 158 
1 2 0 159 
1 2 0 160 
1 2 0 161 
2 2 0 160 
3 2 162 163 
1 2 0 164 
2 2 0 161 
3 2 165 166 
1 2 0 167 
2 2 0 164 
3 2 168 169 
1 2 0 170 
2 2 0 167 
3 2 171 172 
1 2 0 173 
2 2 0 170 
3 2 174 175 
1 2 0 176 
2 2 0 170 
2 2 0 173 
3 3 177 178 179 
1 2 0 180 
2 2 0 176 
3 2 181 182 
1 2 0 183 
2 2 0 180 
3 2 184 185 
1 2 0 186 
2 2 0 183 
3 2 187 188 
1 2 0 189 
2 2 0 186 
3 2 190 191 
1 2 0 192 
2 2 0 189 
3 2 193 194 
1 2 0 195 
1 2 0 196 
1 2 0 197 
2 2 0 196 
3 2 198 199 
1 2 0 200 
1 2 0 201 
2 2 0 200 
3 2 202 203 
1 2 0 204 
4 1 0 
4 2 0 1 
4 2 0 4 
4 2 0 5 
4 2 0 8 
4 2 0 9 
4 2 0 12 
4 2 0 16 
4 2 0 17 
4 2 0 20 
4 2 0 21 
4 2 0 24 
4 2 0 27 
4 2 0 28 
4 2 0 31 
4 2 0 32 
4 2 0 33 
4 2 0 36 
4 2 0 37 
4 2 0 40 
4 2 0 43 
4 2 0 46 
4 2 0 47 
4 2 0 48 
4 2 0 51 
4 2 0 54 
4 2 0 55 
4 2 0 58 
4 2 0 61 
4 2 0 62 
4 2 0 63 
4 2 0 64 
4 2 0 67 
4 2 0 68 
4 2 0 69 
4 2 0 70 
4 2 0 73 
4 2 0 76 
4 2 0 79 
4 2 0 80 
4 2 0 81 
4 2 0 82 
4 2 0 83 
4 2 0 86 
4 2 0 89 
4 2 0 92 
4 2 0 96 
4 2 0 99 
4 2 0 102 
4 2 0 103 
4 2 0 106 
4 2 0 107 
4 2 0 108 
4 2 0 111 
4 2 0 112 
4 2 0 115 
4 2 0 118 
4 2 0 119 
4 2 0 120 
4 2 0 123 
4 2 0 124 
4 2 0 127 
4 2 0 128 
4 2 0 129 
4 2 0 132 
4 2 0 133 
4 2 0 136 
4 2 0 140 
4 2 0 141 
4 2 0 142 
4 2 0 145 
4 2 0 148 
4 2 0 149 
4 2 0 152 
4 2 0 153 
4 2 0 154 
4 2 0 157 
4 2 0 158 
4 2 0 159 
4 2 0 160 
4 2 0 161 
4 2 0 164 
4 2 0 167 
4 2 0 170 
4 2 0 173 
4 2 0 176 
4 2 0 180 
4 2 0 183 
4 2 0 186 
4 2 0 189 
4 2 0 192 
4 2 0 195 
4 2 0 196 
4 2 0 197 
4 2 0 200 
4 2 0 201 
4 2 0 204 
4 2 0 205 
1 1 0 
1 2 0 304 
2 1 0 
3 2 305 306 
1 2 0 307 
2 1 0 
2 2 0 304 
3 3 308 309 310 
1 2 0 311 
1 2 0 312 
2 2 0 311 
3 2 313 314 
1 2 0 315 
1 2 0 316 
1 2 0 317 
2 2 0 316 
3 2 318 319 
1 2 0 320 
2 2 0 317 
3 2 321 322 
1 2 0 323 
2 2 0 320 
3 2 324 325 
1 2 0 326 
1 2 0 327 
2 2 0 326 
3 2 328 329 
1 2 0 330 
1 2 0 331 
2 2 0 330 
3 2 332 333 
1 2 0 334 
4 1 0 
4 2 0 304 
4 2 0 307 
4 2 0 311 
4 2 0 312 
4 2 0 315 
4 2 0 316 
4 2 0 317 
4 2 0 320 
4 2 0 323 
4 2 0 326 
4 2 0 327 
4 2 0 330 
4 2 0 331 
4 2 0 334 
4 2 0 335 
1 1 0 
1 2 0 352 
2 1 0 
3 2 353 354 
1 2 0 355 
2 1 0 
2 2 0 352 
3 3 356 357 358 
1 2 0 359 
2 2 0 355 
3 2 360 361 
1 2 0 362 
2 2 0 359 
3 2 363 364 
1 2 0 365 
2 2 0 362 
3 2 366 367 
1 2 0 368 
2 2 0 365 
3 2 369 370 
1 2 0 371 
1 2 0 372 
2 2 0 371 
3 2 373 374 
1 2 0 375 
4 1 0 
4 2 0 352 
4 2 0 355 
4 2 0 359 
4 2 0 362 
4 2 0 365 
4 2 0 368 
4 2 0 371 
4 2 0 372 
4 2 0 375 
4 2 0 376 
1 1 0 
1 2 0 388 
2 1 0 
3 2 389 390 
1 2 0 391 
2 1 0 
2 2 0 388 
3 3 392 393 394 
1 2 0 395 
2 2 0 391 
3 2 396 397 
1 2 0 398 
2 2 0 395 
3 2 399 400 
1 2 0 401 
2 2 0 395 
3 2 402 403 
1 2 0 404 
1 2 0 405 
2 2 0 404 
3 2 406 407 
1 2 0 408 
2 2 0 404 
3 2 409 410 
1 2 0 411 
2 2 0 408 
3 2 412 413 
1 2 0 414 
1 2 0 415 
2 2 0 414 
3 2 416 417 
1 2 0 418 
2 2 0 414 
2 2 0 415 
3 3 419 420 421 
1 2 0 422 
2 2 0 415 
2 2 0 418 
3 3 423 424 425 
1 2 0 426 
1 2 0 427 
2 2 0 426 
3 2 428 429 
1 2 0 430 
1 2 0 431 
1 2 0 432 
2 2 0 431 
3 2 433 434 
1 2 0 435 
1 2 0 436 
2 2 0 435 
3 2 437 438 
1 2 0 439 
2 2 0 435 
2 2 0 436 
3 3 440 441 442 
1 2 0 443 
1 2 0 444 
2 2 0 443 
3 2 445 446 
1 2 0 447 
2 2 0 444 
3 2 448 449 
1 2 0 450 
1 2 0 451 
1 2 0 452 
2 2 0 451 
3 2 453 454 
1 2 0 455 
2 2 0 452 
3 2 456 457 
1 2 0 458 
1 2 0 459 
2 2 0 458 
3 2 460 461 
1 2 0 462 
1 2 0 463 
2 2 0 462 
3 2 464 465 
1 2 0 466 
2 2 0 462 
2 2 0 463 
3 3 467 468 469 
1 2 0 470 
1 2 0 471 
1 2 0 472 
2 2 0 471 
3 2 473 474 
1 2 0 475 
1 2 0 476 
1 2 0 477 
2 2 0 476 
3 2 478 479 
1 2 0 480 
2 2 0 476 
2 2 0 477 
3 3 481 482 483 
1 2 0 484 
2 2 0 480 
3 2 485 486 
1 2 0 487 
2 2 0 484 
3 2 488 489 
1 2 0 490 
2 2 0 484 
3 2 491 492 
1 2 0 493 
1 2 0 494 
2 2 0 493 
3 2 495 496 
1 2 0 497 
1 2 0 498 
2 2 0 497 
3 2 499 500 
1 2 0 501 
1 2 0 502 
1 2 0 503 
2 2 0 502 
3 2 504 505 
1 2 0 506 
1 2 0 507 
2 2 0 502 
2 2 0 506 
3 3 508 509 510 
1 2 0 511 
1 2 0 512 
2 2 0 511 
3 2 513 514 
1 2 0 515 
2 2 0 512 
3 2 516 517 
1 2 0 518 
2 2 0 515 
3 2 519 520 
1 2 0 521 
1 2 0 522 
2 2 0 521 
3 2 523 524 
1 2 0 525 
2 2 0 521 
2 2 0 522 
3 3 526 527 528 
1 2 0 529 
1 2 0 530 
1 2 0 531 
2 2 0 530 
3 2 532 533 
1 2 0 534 
2 2 0 530 
2 2 0 531 
3 3 535 536 537 
1 2 0 538 
1 2 0 539 
1 2 0 540 
2 2 0 539 
3 2 541 542 
1 2 0 543 
2 2 0 540 
3 2 544 545 
1 2 0 546 
2 2 0 543 
3 2 547 548 
1 2 0 549 
2 2 0 546 
3 2 550 551 
1 2 0 552 
2 2 0 549 
3 2 553 554 
1 2 0 555 
2 2 0 552 
3 2 556 557 
1 2 0 558 
2 2 0 555 
3 2 559 560 
1 2 0 561 
4 1 0 
4 2 0 388 
4 2 0 391 
4 2 0 395 
4 2 0 398 
4 2 0 401 
4 2 0 404 
4 2 0 405 
4 2 0 408 
4 2 0 411 
4 2 0 414 
4 2 0 415 
4 2 0 418 
4 2 0 422 
4 2 0 426 
4 2 0 427 
4 2 0 430 
4 2 0 431 
4 2 0 432 
4 2 0 435 
4 2 0 436 
4 2 0 439 
4 2 0 443 
4 2 0 444 
4 2 0 447 
4 2 0 450 
4 2 0 451 
4 2 0 452 
4 2 0 455 
4 2 0 458 
4 2 0 459 
4 2 0 462 
4 2 0 463 
4 2 0 466 
4 2 0 470 
4 2 0 471 
4 2 0 472 
4 2 0 475 
4 2 0 476 
4 2 0 477 
4 2 0 480 
4 2 0 484 
4 2 0 487 
4 2 0 490 
4 2 0 493 
4 2 0 494 
4 2 0 497 
4 2 0 498 
4 2 0 501 
4 2 0 502 
4 2 0 503 
4 2 0 506 
4 2 0 507 
4 2 0 511 
4 2 0 512 
4 2 0 515 
4 2 0 518 
4 2 0 521 
4 2 0 522 
4 2 0 525 
4 2 0 529 
4 2 0 530 
4 2 0 531 
4 2 0 534 
4 2 0 538 
4 2 0 539 
4 2 0 540 
4 2 0 543 
4 2 0 546 
4 2 0 549 
4 2 0 552 
4 2 0 555 
4 2 0 558 
4 2 0 561 
4 2 0 562 
1 1 0 
1 2 0 638 
1 2 0 639 
1 2 0 640 
2 2 0 639 
3 2 641 642 
1 2 0 643 
1 2 0 644 
1 2 0 645 
2 2 0 644 
3 2 646 647 
1 2 0 648 
2 2 0 645 
3 2 649 650 
1 2 0 651 
2 2 0 645 
2 2 0 648 
3 3 652 653 654 
1 2 0 655 
1 2 0 656 
2 2 0 655 
3 2 657 658 
1 2 0 659 
1 2 0 660 
2 2 0 659 
3 2 661 662 
1 2 0 663 
1 2 0 664 
1 2 0 665 
2 2 0 664 
3 2 666 667 
1 2 0 668 
1 2 0 669 
1 2 0 670 
2 2 0 669 
3 2 671 672 
1 2 0 673 
1 2 0 674 
2 2 0 673 
3 2 675 676 
1 2 0 677 
2 2 0 673 
3 2 678 679 
1 2 0 680 
1 2 0 681 
2 2 0 680 
3 2 682 683 
1 2 0 684 
2 2 0 680 
3 2 685 686 
1 2 0 687 
2 2 0 684 
3 2 688 689 
1 2 0 690 
2 2 0 684 
2 2 0 687 
3 3 691 692 693 
1 2 0 694 
2 2 0 687 
2 2 0 690 
3 3 695 696 697 
1 2 0 698 
1 2 0 699 
1 2 0 700 
1 2 0 701 
1 2 0 702 
1 2 0 703 
2 2 0 702 
3 2 704 705 
1 2 0 706 
2 2 0 703 
3 2 707 708 
1 2 0 709 
2 2 0 706 
3 2 710 711 
1 2 0 712 
2 2 0 709 
3 2 713 714 
1 2 0 715 
2 2 0 712 
3 2 716 717 
1 2 0 718 
1 2 0 719 
2 2 0 718 
3 2 720 721 
1 2 0 722 
1 2 0 723 
1 2 0 724 
2 2 0 723 
3 2 725 726 
1 2 0 727 
2 2 0 723 
2 2 0 724 
3 3 728 729 730 
1 2 0 731 
1 2 0 732 
1 2 0 733 
2 2 0 732 
3 2 734 735 
1 2 0 736 
2 2 0 733 
3 2 737 738 
1 2 0 739 
2 2 0 736 
3 2 740 741 
1 2 0 742 
2 2 0 739 
3 2 743 744 
1 2 0 745 
2 2 0 742 
3 2 746 747 
1 2 0 748 
1 2 0 749 
2 2 0 748 
3 2 750 751 
1 2 0 752 
1 2 0 753 
2 2 0 752 
3 2 754 755 
1 2 0 756 
4 1 0 
4 2 0 638 
4 2 0 639 
4 2 0 640 
4 2 0 643 
4 2 0 644 
4 2 0 645 
4 2 0 648 
4 2 0 651 
4 2 0 655 
4 2 0 656 
4 2 0 659 
4 2 0 660 
4 2 0 663 
4 2 0 664 
4 2 0 665 
4 2 0 668 
4 2 0 669 
4 2 0 670 
4 2 0 673 
4 2 0 674 
4 2 0 677 
4 2 0 680 
4 2 0 681 
4 2 0 684 
4 2 0 687 
4 2 0 690 
4 2 0 694 
4 2 0 698 
4 2 0 699 
4 2 0 700 
4 2 0 701 
4 2 0 702 
4 2 0 703 
4 2 0 706 
4 2 0 709 
4 2 0 712 
4 2 0 715 
4 2 0 718 
4 2 0 719 
4 2 0 722 
4 2 0 723 
4 2 0 724 
4 2 0 727 
4 2 0 731 
4 2 0 732 
4 2 0 733 
4 2 0 736 
4 2 0 739 
4 2 0 742 
4 2 0 745 
4 2 0 748 
4 2 0 749 
4 2 0 752 
4 2 0 753 
4 2 0 756 
4 2 0 757 
1 1 0 
1 2 0 815 
2 1 0 
3 2 816 817 
1 2 0 818 
2 2 0 815 
3 2 819 820 
1 2 0 821 
2 2 0 815 
2 2 0 818 
3 3 822 823 824 
1 2 0 825 
1 2 0 826 
2 2 0 825 
3 2 827 828 
1 2 0 829 
1 2 0 830 
2 2 0 829 
3 2 831 832 
1 2 0 833 
1 2 0 834 
2 2 0 833 
3 2 835 836 
1 2 0 837 
1 2 0 838 
1 2 0 839 
2 2 0 838 
3 2 840 841 
1 2 0 842 
2 2 0 839 
3 2 843 844 
1 2 0 845 
2 2 0 838 
2 2 0 842 
3 3 846 847 848 
1 2 0 849 
2 2 0 845 
3 2 850 851 
1 2 0 852 
2 2 0 849 
3 2 853 854 
1 2 0 855 
2 2 0 852 
3 2 856 857 
1 2 0 858 
2 2 0 855 
3 2 859 860 
1 2 0 861 
2 2 0 855 
3 2 862 863 
1 2 0 864 
1 2 0 865 
2 2 0 864 
3 2 866 867 
1 2 0 868 
1 2 0 869 
1 2 0 870 
2 2 0 869 
3 2 871 872 
1 2 0 873 
1 2 0 874 
2 2 0 873 
3 2 875 876 
1 2 0 877 
2 2 0 873 
2 2 0 874 
3 3 878 879 880 
1 2 0 881 
1 2 0 882 
2 2 0 881 
3 2 883 884 
1 2 0 885 
1 2 0 886 
1 2 0 887 
2 2 0 886 
3 2 888 889 
1 2 0 890 
1 2 0 891 
2 2 0 886 
2 2 0 890 
3 3 892 893 894 
1 2 0 895 
2 2 0 891 
3 2 896 897 
1 2 0 898 
2 2 0 895 
3 2 899 900 
1 2 0 901 
2 2 0 898 
3 2 902 903 
1 2 0 904 
2 2 0 901 
3 2 905 906 
1 2 0 907 
1 2 0 908 
2 2 0 907 
3 2 909 910 
1 2 0 911 
1 2 0 912 
1 2 0 913 
2 2 0 912 
3 2 914 915 
1 2 0 916 
2 2 0 912 
2 2 0 913 
3 3 917 918 919 
1 2 0 920 
1 2 0 921 
1 2 0 922 
2 2 0 921 
3 2 923 924 
1 2 0 925 
2 2 0 922 
3 2 926 927 
1 2 0 928 
2 2 0 925 
3 2 929 930 
1 2 0 931 
2 2 0 928 
3 2 932 933 
1 2 0 934 
2 2 0 931 
3 2 935 936 
1 2 0 937 
1 2 0 938 
2 2 0 937 
3 2 939 940 
1 2 0 941 
4 1 0 
4 2 0 815 
4 2 0 818 
4 2 0 821 
4 2 0 825 
4 2 0 826 
4 2 0 829 
4 2 0 830 
4 2 0 833 
4 2 0 834 
4 2 0 837 
4 2 0 838 
4 2 0 839 
4 2 0 842 
4 2 0 845 
4 2 0 849 
4 2 0 852 
4 2 0 855 
4 2 0 858 
4 2 0 861 
4 2 0 864 
4 2 0 865 
4 2 0 868 
4 2 0 869 
4 2 0 870 
4 2 0 873 
4 2 0 874 
4 2 0 877 
4 2 0 881 
4 2 0 882 
4 2 0 885 
4 2 0 886 
4 2 0 887 
4 2 0 890 
4 2 0 891 
4 2 0 895 
4 2 0 898 
4 2 0 901 
4 2 0 904 
4 2 0 907 
4 2 0 908 
4 2 0 911 
4 2 0 912 
4 2 0 913 
4 2 0 916 
4 2 0 920 
4 2 0 921 
4 2 0 922 
4 2 0 925 
4 2 0 928 
4 2 0 931 
4 2 0 934 
4 2 0 937 
4 2 0 938 
4 2 0 941 
4 2 0 942 
1 1 0 
1 2 0 999 
1 2 0 1000 
1 2 0 1001 
2 2 0 999 
2 2 0 1000 
3 3 1002 1003 1004 
1 2 0 1005 
1 2 0 1006 
2 2 0 1005 
3 2 1007 1008 
1 2 0 1009 
1 2 0 1010 
2 2 0 1009 
3 2 1011 1012 
4 1 0 
4 2 0 999 
4 2 0 1000 
4 2 0 1001 
4 2 0 1005 
4 2 0 1006 
4 2 0 1009 
4 2 0 1010 
4 2 0 1013 
1 1 0 
1 2 0 1023 
2 1 0 
3 2 1024 1025 
1 2 0 1026 
2 1 0 
2 2 0 1023 
3 3 1027 1028 1029 
1 2 0 1030 
1 2 0 1031 
1 2 0 1032 
2 2 0 1031 
3 2 1033 1034 
1 2 0 1035 
2 2 0 1030 
2 2 0 1031 
2 2 0 1032 
3 4 1036 1037 1038 1039 
1 2 0 1040 
1 2 0 1041 
2 2 0 1040 
3 2 1042 1043 
1 2 0 1044 
1 2 0 1045 
2 2 0 1044 
3 2 1046 1047 
1 2 0 1048 
2 2 0 1045 
3 2 1049 1050 
1 2 0 1051 
1 2 0 1052 
1 2 0 1053 
1 2 0 1054 
2 2 0 1053 
3 2 1055 1056 
1 2 0 1057 
1 2 0 1058 
1 2 0 1059 
2 2 0 1057 
2 2 0 1058 
3 3 1060 1061 1062 
1 2 0 1063 
1 2 0 1064 
1 2 0 1065 
2 2 0 1064 
3 2 1066 1067 
1 2 0 1068 
2 2 0 1064 
2 2 0 1065 
3 3 1069 1070 1071 
1 2 0 1072 
4 1 0 
4 2 0 1023 
4 2 0 1026 
4 2 0 1030 
4 2 0 1031 
4 2 0 1032 
4 2 0 1035 
4 2 0 1040 
4 2 0 1041 
4 2 0 1044 
4 2 0 1045 
4 2 0 1048 
4 2 0 1051 
4 2 0 1052 
4 2 0 1053 
4 2 0 1054 
4 2 0 1057 
4 2 0 1058 
4 2 0 1059 
4 2 0 1063 
4 2 0 1064 
4 2 0 1065 
4 2 0 1068 
4 2 0 1072 
4 2 0 1073 
1 1 0 
1 2 0 1099 
2 1 0 
3 2 1100 1101 
1 2 0 1102 
1 2 0 1103 
1 2 0 1104 
2 2 0 1103 
3 2 1105 1106 
1 2 0 1107 
2 2 0 1103 
3 2 1108 1109 
1 2 0 1110 
2 2 0 1103 
2 2 0 1107 
3 3 1111 1112 1113 
1 2 0 1114 
1 2 0 1115 
1 2 0 1116 
2 2 0 1115 
3 2 1117 1118 
1 2 0 1119 
2 2 0 1116 
3 2 1120 1121 
1 2 0 1122 
2 2 0 1119 
3 2 1123 1124 
1 2 0 1125 
2 2 0 1122 
3 2 1126 1127 
1 2 0 1128 
1 2 0 1129 
2 2 0 1128 
3 2 1130 1131 
1 2 0 1132 
2 2 0 1128 
2 2 0 1129 
3 3 1133 1134 1135 
1 2 0 1136 
2 2 0 1132 
3 2 1137 1138 
1 2 0 1139 
2 2 0 1136 
3 2 1140 1141 
1 2 0 1142 
1 2 0 1143 
1 2 0 1144 
2 2 0 1143 
3 2 1145 1146 
1 2 0 1147 
1 2 0 1148 
2 2 0 1147 
3 2 1149 1150 
1 2 0 1151 
1 2 0 1152 
1 2 0 1153 
2 2 0 1152 
3 2 1154 1155 
1 2 0 1156 
1 2 0 1157 
2 2 0 1156 
3 2 1158 1159 
1 2 0 1160 
4 1 0 
4 2 0 1099 
4 2 0 1102 
4 2 0 1103 
4 2 0 1104 
4 2 0 1107 
4 2 0 1110 
4 2 0 1114 
4 2 0 1115 
4 2 0 1116 
4 2 0 1119 
4 2 0 1122 
4 2 0 1125 
4 2 0 1128 
4 2 0 1129 
4 2 0 1132 
4 2 0 1136 
4 2 0 1139 
4 2 0 1142 
4 2 0 1143 
4 2 0 1144 
4 2 0 1147 
4 2 0 1148 
4 2 0 1151 
4 2 0 1152 
4 2 0 1153 
4 2 0 1156 
4 2 0 1157 
4 2 0 1160 
4 2 0 1161 
1 1 0 
1 2 0 1192 
2 1 0 
3 2 1193 1194 
1 2 0 1195 
1 2 0 1196 
2 2 0 1195 
3 2 1197 1198 
1 2 0 1199 
1 2 0 1200 
1 2 0 1201 
2 2 0 1200 
3 2 1202 1203 
1 2 0 1204 
2 2 0 1200 
3 2 1205 1206 
1 2 0 1207 
2 2 0 1200 
2 2 0 1204 
3 3 1208 1209 1210 
1 2 0 1211 
1 2 0 1212 
2 2 0 1211 
3 2 1213 1214 
1 2 0 1215 
1 2 0 1216 
2 2 0 1215 
3 2 1217 1218 
1 2 0 1219 
2 2 0 1216 
3 2 1220 1221 
1 2 0 1222 
2 2 0 1215 
2 2 0 1216 
2 2 0 1219 
3 4 1223 1224 1225 1226 
1 2 0 1227 
1 2 0 1228 
2 2 0 1227 
3 2 1229 1230 
1 2 0 1231 
1 2 0 1232 
1 2 0 1233 
2 2 0 1232 
3 2 1234 1235 
1 2 0 1236 
1 2 0 1237 
2 2 0 1236 
3 2 1238 1239 
1 2 0 1240 
4 1 0 
4 2 0 1192 
4 2 0 1195 
4 2 0 1196 
4 2 0 1199 
4 2 0 1200 
4 2 0 1201 
4 2 0 1204 
4 2 0 1207 
4 2 0 1211 
4 2 0 1212 
4 2 0 1215 
4 2 0 1216 
4 2 0 1219 
4 2 0 1222 
4 2 0 1227 
4 2 0 1228 
4 2 0 1231 
4 2 0 1232 
4 2 0 1233 
4 2 0 1236 
4 2 0 1237 
4 2 0 1240 
4 2 0 1241 
1 1 0 
1 2 0 1266 
1 2 0 1267 
2 2 0 1266 
3 2 1268 1269 
1 2 0 1270 
1 2 0 1271 
2 2 0 1270 
3 2 1272 1273 
1 2 0 1274 
1 2 0 1275 
1 2 0 1276 
1 2 0 1277 
2 2 0 1276 
3 2 1278 1279 
1 2 0 1280 
2 2 0 1277 
3 2 1281 1282 
1 2 0 1283 
2 2 0 1280 
3 2 1284 1285 
1 2 0 1286 
2 2 0 1283 
3 2 1287 1288 
1 2 0 1289 
2 2 0 1283 
3 2 1290 1291 
1 2 0 1292 
2 2 0 1283 
2 2 0 1289 
3 3 1293 1294 1295 
1 2 0 1296 
1 2 0 1297 
2 2 0 1292 
2 2 0 1296 
3 3 1298 1299 1300 
1 2 0 1301 
1 2 0 1302 
2 2 0 1301 
3 2 1303 1304 
1 2 0 1305 
1 2 0 1306 
2 2 0 1305 
3 2 1307 1308 
1 2 0 1309 
1 2 0 1310 
2 2 0 1309 
3 2 1311 1312 
1 2 0 1313 
1 2 0 1314 
1 2 0 1315 
2 2 0 1314 
3 2 1316 1317 
1 2 0 1318 
2 2 0 1315 
3 2 1319 1320 
1 2 0 1321 
1 2 0 1322 
1 2 0 1323 
2 2 0 1321 
2 2 0 1322 
3 3 1324 1325 1326 
1 2 0 1327 
1 2 0 1328 
1 2 0 1329 
2 2 0 1328 
3 2 1330 1331 
1 2 0 1332 
1 2 0 1333 
1 2 0 1334 
2 2 0 1332 
2 2 0 1333 
3 3 1335 1336 1337 
1 2 0 1338 
1 2 0 1339 
2 2 0 1338 
3 2 1340 1341 
1 2 0 1342 
1 2 0 1343 
1 2 0 1344 
2 2 0 1343 
3 2 1345 1346 
1 2 0 1347 
2 2 0 1344 
3 2 1348 1349 
1 2 0 1350 
2 2 0 1347 
3 2 1351 1352 
1 2 0 1353 
2 2 0 1350 
3 2 1354 1355 
1 2 0 1356 
2 2 0 1350 
3 2 1357 1358 
1 2 0 1359 
2 2 0 1350 
2 2 0 1356 
3 3 1360 1361 1362 
1 2 0 1363 
1 2 0 1364 
2 2 0 1363 
3 2 1365 1366 
1 2 0 1367 
2 2 0 1364 
3 2 1368 1369 
1 2 0 1370 
2 2 0 1367 
3 2 1371 1372 
1 2 0 1373 
1 2 0 1374 
2 2 0 1373 
3 2 1375 1376 
1 2 0 1377 
1 2 0 1378 
1 2 0 1379 
1 2 0 1380 
1 2 0 1381 
1 2 0 1382 
2 2 0 1381 
3 2 1383 1384 
1 2 0 1385 
2 2 0 1381 
2 2 0 1382 
3 3 1386 1387 1388 
1 2 0 1389 
2 2 0 1385 
3 2 1390 1391 
1 2 0 1392 
2 2 0 1389 
3 2 1393 1394 
1 2 0 1395 
2 2 0 1392 
3 2 1396 1397 
1 2 0 1398 
2 2 0 1395 
3 2 1399 1400 
1 2 0 1401 
1 2 0 1402 
1 2 0 1403 
2 2 0 1402 
3 2 1404 1405 
1 2 0 1406 
1 2 0 1407 
1 2 0 1408 
2 2 0 1407 
3 2 1409 1410 
1 2 0 1411 
2 2 0 1408 
3 2 1412 1413 
1 2 0 1414 
1 2 0 1415 
2 2 0 1414 
3 2 1416 1417 
1 2 0 1418 
1 2 0 1419 
2 2 0 1418 
3 2 1420 1421 
1 2 0 1422 
2 2 0 1418 
3 2 1423 1424 
1 2 0 1425 
1 2 0 1426 
1 2 0 1427 
2 2 0 1426 
3 2 1428 1429 
1 2 0 1430 
2 2 0 1427 
3 2 1431 1432 
1 2 0 1433 
2 2 0 1430 
3 2 1434 1435 
1 2 0 1436 
2 2 0 1430 
2 2 0 1433 
3 3 1437 1438 1439 
1 2 0 1440 
1 2 0 1441 
1 2 0 1442 
2 2 0 1441 
3 2 1443 1444 
1 2 0 1445 
2 2 0 1441 
3 2 1446 1447 
1 2 0 1448 
2 2 0 1441 
2 2 0 1445 
3 3 1449 1450 1451 
1 2 0 1452 
1 2 0 1453 
2 2 0 1452 
3 2 1454 1455 
1 2 0 1456 
2 2 0 1452 
2 2 0 1453 
3 3 1457 1458 1459 
1 2 0 1460 
2 2 0 1456 
3 2 1461 1462 
1 2 0 1463 
2 2 0 1460 
3 2 1464 1465 
1 2 0 1466 
2 2 0 1463 
3 2 1467 1468 
1 2 0 1469 
2 2 0 1466 
3 2 1470 1471 
1 2 0 1472 
4 1 0 
4 2 0 1266 
4 2 0 1267 
4 2 0 1270 
4 2 0 1271 
4 2 0 1274 
4 2 0 1275 
4 2 0 1276 
4 2 0 1277 
4 2 0 1280 
4 2 0 1283 
4 2 0 1286 
4 2 0 1289 
4 2 0 1292 
4 2 0 1296 
4 2 0 1297 
4 2 0 1301 
4 2 0 1302 
4 2 0 1305 
4 2 0 1306 
4 2 0 1309 
4 2 0 1310 
4 2 0 1313 
4 2 0 1314 
4 2 0 1315 
4 2 0 1318 
4 2 0 1321 
4 2 0 1322 
4 2 0 1323 
4 2 0 1327 
4 2 0 1328 
4 2 0 1329 
4 2 0 1332 
4 2 0 1333 
4 2 0 1334 
4 2 0 1338 
4 2 0 1339 
4 2 0 1342 
4 2 0 1343 
4 2 0 1344 
4 2 0 1347 
4 2 0 1350 
4 2 0 1353 
4 2 0 1356 
4 2 0 1359 
4 2 0 1363 
4 2 0 1364 
4 2 0 1367 
4 2 0 1370 
4 2 0 1373 
4 2 0 1374 
4 2 0 1377 
4 2 0 1378 
4 2 0 1379 
4 2 0 1380 
4 2 0 1381 
4 2 0 1382 
4 2 0 1385 
4 2 0 1389 
4 2 0 1392 
4 2 0 1395 
4 2 0 1398 
4 2 0 1401 
4 2 0 1402 
4 2 0 1403 
4 2 0 1406 
4 2 0 1407 
4 2 0 1408 
4 2 0 1411 
4 2 0 1414 
4 2 0 1415 
4 2 0 1418 
4 2 0 1419 
4 2 0 1422 
4 2 0 1425 
4 2 0 1426 
4 2 0 1427 
4 2 0 1430 
4 2 0 1433 
4 2 0 1436 
4 2 0 1440 
4 2 0 1441 
4 2 0 1442 
4 2 0 1445 
4 2 0 1448 
4 2 0 1452 
4 2 0 1453 
4 2 0 1456 
4 2 0 1460 
4 2 0 1463 
4 2 0 1466 
4 2 0 1469 
4 2 0 1472 
4 2 0 1473 
1 1 0 
1 2 0 1568 
2 1 0 
3 2 1569 1570 
1 2 0 1571 
1 2 0 1572 
2 2 0 1571 
3 2 1573 1574 
1 2 0 1575 
1 2 0 1576 
2 2 0 1575 
3 2 1577 1578 
1 2 0 1579 
1 2 0 1580 
1 2 0 1581 
1 2 0 1582 
2 2 0 1581 
3 2 1583 1584 
1 2 0 1585 
2 2 0 1582 
3 2 1586 1587 
1 2 0 1588 
2 2 0 1581 
2 2 0 1582 
2 2 0 1585 
3 4 1589 1590 1591 1592 
1 2 0 1593 
1 2 0 1594 
2 2 0 1593 
3 2 1595 1596 
1 2 0 1597 
1 2 0 1598 
1 2 0 1599 
2 2 0 1598 
3 2 1600 1601 
1 2 0 1602 
1 2 0 1603 
2 2 0 1602 
3 2 1604 1605 
1 2 0 1606 
2 2 0 1603 
3 2 1607 1608 
1 2 0 1609 
2 2 0 1606 
3 2 1610 1611 
1 2 0 1612 
1 2 0 1613 
2 2 0 1612 
3 2 1614 1615 
1 2 0 1616 
1 2 0 1617 
1 2 0 1618 
2 2 0 1617 
3 2 1619 1620 
1 2 0 1621 
1 2 0 1622 
1 2 0 1623 
2 2 0 1622 
3 2 1624 1625 
1 2 0 1626 
4 1 0 
4 2 0 1568 
4 2 0 1571 
4 2 0 1572 
4 2 0 1575 
4 2 0 1576 
4 2 0 1579 
4 2 0 1580 
4 2 0 1581 
4 2 0 1582 
4 2 0 1585 
4 2 0 1588 
4 2 0 1593 
4 2 0 1594 
4 2 0 1597 
4 2 0 1598 
4 2 0 1599 
4 2 0 1602 
4 2 0 1603 
4 2 0 1606 
4 2 0 1609 
4 2 0 1612 
4 2 0 1613 
4 2 0 1616 
4 2 0 1617 
4 2 0 1618 
4 2 0 1621 
4 2 0 1622 
4 2 0 1623 
4 2 0 1626 
4 2 0 1627 
1 1 0 
1 2 0 1659 
2 1 0 
3 2 1660 1661 
1 2 0 1662 
2 2 0 1659 
3 2 1663 1664 
1 2 0 1665 
2 1 0 
2 2 0 1659 
2 2 0 1662 
3 4 1666 1667 1668 1669 
1 2 0 1670 
1 2 0 1671 
2 2 0 1670 
3 2 1672 1673 
1 2 0 1674 
1 2 0 1675 
2 2 0 1674 
3 2 1676 1677 
1 2 0 1678 
1 2 0 1679 
1 2 0 1680 
1 2 0 1681 
2 2 0 1680 
3 2 1682 1683 
1 2 0 1684 
1 2 0 1685 
2 2 0 1684 
3 2 1686 1687 
1 2 0 1688 
1 2 0 1689 
1 2 0 1690 
2 2 0 1689 
3 2 1691 1692 
1 2 0 1693 
1 2 0 1694 
2 2 0 1693 
3 2 1695 1696 
1 2 0 1697 
4 1 0 
4 2 0 1659 
4 2 0 1662 
4 2 0 1665 
4 2 0 1670 
4 2 0 1671 
4 2 0 1674 
4 2 0 1675 
4 2 0 1678 
4 2 0 1679 
4 2 0 1680 
4 2 0 1681 
4 2 0 1684 
4 2 0 1685 
4 2 0 1688 
4 2 0 1689 
4 2 0 1690 
4 2 0 1693 
4 2 0 1694 
4 2 0 1697 
4 2 0 1698 
1 1 0 
1 2 0 1720 
1 2 0 1721 
2 2 0 1720 
3 2 1722 1723 
1 2 0 1724 
1 2 0 1725 
1 2 0 1726 
2 2 0 1725 
3 2 1727 1728 
1 2 0 1729 
1 2 0 1730 
2 2 0 1729 
3 2 1731 1732 
1 2 0 1733 
1 2 0 1734 
1 2 0 1735 
1 2 0 1736 
1 2 0 1737 
2 2 0 1736 
3 2 1738 1739 
1 2 0 1740 
1 2 0 1741 
1 2 0 1742 
2 2 0 1741 
3 2 1743 1744 
1 2 0 1745 
2 2 0 1742 
3 2 1746 1747 
1 2 0 1748 
2 2 0 1745 
3 2 1749 1750 
1 2 0 1751 
1 2 0 1752 
2 2 0 1751 
3 2 1753 1754 
1 2 0 1755 
1 2 0 1756 
1 2 0 1757 
2 2 0 1756 
3 2 1758 1759 
1 2 0 1760 
1 2 0 1761 
1 2 0 1762 
2 2 0 1761 
3 2 1763 1764 
1 2 0 1765 
1 2 0 1766 
1 2 0 1767 
2 2 0 1766 
3 2 1768 1769 
1 2 0 1770 
4 1 0 
4 2 0 1720 
4 2 0 1721 
4 2 0 1724 
4 2 0 1725 
4 2 0 1726 
4 2 0 1729 
4 2 0 1730 
4 2 0 1733 
4 2 0 1734 
4 2 0 1735 
4 2 0 1736 
4 2 0 1737 
4 2 0 1740 
4 2 0 1741 
4 2 0 1742 
4 2 0 1745 
4 2 0 1748 
4 2 0 1751 
4 2 0 1752 
4 2 0 1755 
4 2 0 1756 
4 2 0 1757 
4 2 0 1760 
4 2 0 1761 
4 2 0 1762 
4 2 0 1765 
4 2 0 1766 
4 2 0 1767 
4 2 0 1770 
4 2 0 1771 
1 1 0 
1 2 0 1803 
1 2 0 1804 
2 2 0 1803 
3 2 1805 1806 
1 2 0 1807 
1 2 0 1808 
1 2 0 1809 
2 2 0 1808 
3 2 1810 1811 
1 2 0 1812 
2 2 0 1809 
3 2 1813 1814 
1 2 0 1815 
2 2 0 1812 
3 2 1816 1817 
1 2 0 1818 
1 2 0 1819 
2 2 0 1818 
3 2 1820 1821 
1 2 0 1822 
1 2 0 1823 
1 2 0 1824 
2 2 0 1823 
3 2 1825 1826 
1 2 0 1827 
1 2 0 1828 
2 2 0 1827 
3 2 1829 1830 
1 2 0 1831 
1 2 0 1832 
2 2 0 1831 
3 2 1833 1834 
1 2 0 1835 
1 2 0 1836 
1 2 0 1837 
1 2 0 1838 
1 2 0 1839 
2 2 0 1838 
3 2 1840 1841 
1 2 0 1842 
1 2 0 1843 
2 2 0 1842 
3 2 1844 1845 
1 2 0 1846 
1 2 0 1847 
2 2 0 1846 
3 2 1848 1849 
1 2 0 1850 
2 2 0 1847 
3 2 1851 1852 
1 2 0 1853 
2 2 0 1850 
3 2 1854 1855 
1 2 0 1856 
2 2 0 1853 
3 2 1857 1858 
1 2 0 1859 
1 2 0 1860 
2 2 0 1859 
3 2 1861 1862 
1 2 0 1863 
2 2 0 1860 
3 2 1864 1865 
1 2 0 1866 
1 2 0 1867 
2 2 0 1866 
3 2 1868 1869 
1 2 0 1870 
1 2 0 1871 
4 1 0 
4 2 0 1803 
4 2 0 1804 
4 2 0 1807 
4 2 0 1808 
4 2 0 1809 
4 2 0 1812 
4 2 0 1815 
4 2 0 1818 
4 2 0 1819 
4 2 0 1822 
4 2 0 1823 
4 2 0 1824 
4 2 0 1827 
4 2 0 1828 
4 2 0 1831 
4 2 0 1832 
4 2 0 1835 
4 2 0 1836 
4 2 0 1837 
4 2 0 1838 
4 2 0 1839 
4 2 0 1842 
4 2 0 1843 
4 2 0 1846 
4 2 0 1847 
4 2 0 1850 
4 2 0 1853 
4 2 0 1856 
4 2 0 1859 
4 2 0 1860 
4 2 0 1863 
4 2 0 1866 
4 2 0 1867 
4 2 0 1870 
4 2 0 1871 
4 2 0 1872 
1 1 0 
1 2 0 1910 
2 1 0 
3 2 1911 1912 
1 2 0 1913 
1 2 0 1914 
2 2 0 1913 
3 2 1915 1916 
1 2 0 1917 
2 2 0 1914 
3 2 1918 1919 
1 2 0 1920 
1 2 0 1921 
1 2 0 1922 
1 2 0 1923 
1 2 0 1924 
2 2 0 1923 
3 2 1925 1926 
1 2 0 1927 
1 2 0 1928 
2 2 0 1927 
3 2 1929 1930 
1 2 0 1931 
1 2 0 1932 
1 2 0 1933 
2 2 0 1932 
3 2 1934 1935 
1 2 0 1936 
2 2 0 1933 
3 2 1937 1938 
1 2 0 1939 
1 2 0 1940 
1 2 0 1941 
2 2 0 1940 
3 2 1942 1943 
1 2 0 1944 
1 2 0 1945 
1 2 0 1946 
2 2 0 1945 
3 2 1947 1948 
1 2 0 1949 
1 2 0 1950 
1 2 0 1951 
1 2 0 1952 
1 2 0 1953 
1 2 0 1954 
1 2 0 1955 
2 2 0 1954 
3 2 1956 1957 
1 2 0 1958 
2 2 0 1955 
3 2 1959 1960 
1 2 0 1961 
2 2 0 1955 
2 2 0 1958 
3 3 1962 1963 1964 
1 2 0 1965 
1 2 0 1966 
2 2 0 1965 
3 2 1967 1968 
1 2 0 1969 
1 2 0 1970 
2 2 0 1969 
3 2 1971 1972 
1 2 0 1973 
1 2 0 1974 
1 2 0 1975 
2 2 0 1974 
3 2 1976 1977 
1 2 0 1978 
1 2 0 1979 
2 2 0 1978 
3 2 1980 1981 
1 2 0 1982 
4 1 0 
4 2 0 1910 
4 2 0 1913 
4 2 0 1914 
4 2 0 1917 
4 2 0 1920 
4 2 0 1921 
4 2 0 1922 
4 2 0 1923 
4 2 0 1924 
4 2 0 1927 
4 2 0 1928 
4 2 0 1931 
4 2 0 1932 
4 2 0 1933 
4 2 0 1936 
4 2 0 1939 
4 2 0 1940 
4 2 0 1941 
4 2 0 1944 
4 2 0 1945 
4 2 0 1946 
4 2 0 1949 
4 2 0 1950 
4 2 0 1951 
4 2 0 1952 
4 2 0 1953 
4 2 0 1954 
4 2 0 1955 
4 2 0 1958 
4 2 0 1961 
4 2 0 1965 
4 2 0 1966 
4 2 0 1969 
4 2 0 1970 
4 2 0 1973 
4 2 0 1974 
4 2 0 1975 
4 2 0 1978 
4 2 0 1979 
4 2 0 1982 
4 2 0 1983 
1 1 0 
1 2 0 2026 
1 2 0 2027 
2 2 0 2026 
3 2 2028 2029 
1 2 0 2030 
1 2 0 2031 
2 2 0 2030 
3 2 2032 2033 
1 2 0 2034 
1 2 0 2035 
2 2 0 2034 
3 2 2036 2037 
1 2 0 2038 
1 2 0 2039 
2 2 0 2038 
3 2 2040 2041 
1 2 0 2042 
1 2 0 2043 
2 2 0 2042 
3 2 2044 2045 
1 2 0 2046 
1 2 0 2047 
1 2 0 2048 
2 2 0 2047 
3 2 2049 2050 
1 2 0 2051 
1 2 0 2052 
1 2 0 2053 
2 2 0 2052 
3 2 2054 2055 
1 2 0 2056 
2 2 0 2052 
2 2 0 2053 
3 3 2057 2058 2059 
1 2 0 2060 
2 2 0 2056 
3 2 2061 2062 
1 2 0 2063 
2 2 0 2060 
3 2 2064 2065 
1 2 0 2066 
2 2 0 2063 
3 2 2067 2068 
1 2 0 2069 
1 2 0 2070 
2 2 0 2069 
3 2 2071 2072 
1 2 0 2073 
1 2 0 2074 
2 2 0 2073 
3 2 2075 2076 
1 2 0 2077 
4 1 0 
4 2 0 2026 
4 2 0 2027 
4 2 0 2030 
4 2 0 2031 
4 2 0 2034 
4 2 0 2035 
4 2 0 2038 
4 2 0 2039 
4 2 0 2042 
4 2 0 2043 
4 2 0 2046 
4 2 0 2047 
4 2 0 2048 
4 2 0 2051 
4 2 0 2052 
4 2 0 2053 
4 2 0 2056 
4 2 0 2060 
4 2 0 2063 
4 2 0 2066 
4 2 0 2069 
4 2 0 2070 
4 2 0 2073 
4 2 0 2074 
4 2 0 2077 
4 2 0 2078 
1 1 0 
1 2 0 2106 
2 1 0 
3 2 2107 2108 
1 2 0 2109 
1 2 0 2110 
2 2 0 2109 
3 2 2111 2112 
1 2 0 2113 
1 2 0 2114 
2 2 0 2113 
3 2 2115 2116 
1 2 0 2117 
2 2 0 2113 
3 2 2118 2119 
1 2 0 2120 
2 2 0 2113 
2 2 0 2117 
3 3 2121 2122 2123 
1 2 0 2124 
1 2 0 2125 
2 2 0 2124 
3 2 2126 2127 
1 2 0 2128 
1 2 0 2129 
2 2 0 2128 
3 2 2130 2131 
1 2 0 2132 
1 2 0 2133 
2 2 0 2132 
3 2 2134 2135 
1 2 0 2136 
1 2 0 2137 
2 2 0 2136 
3 2 2138 2139 
1 2 0 2140 
2 2 0 2136 
2 2 0 2137 
3 3 2141 2142 2143 
1 2 0 2144 
2 2 0 2140 
3 2 2145 2146 
1 2 0 2147 
2 2 0 2144 
3 2 2148 2149 
1 2 0 2150 
2 2 0 2147 
3 2 2151 2152 
1 2 0 2153 
2 2 0 2150 
3 2 2154 2155 
1 2 0 2156 
2 2 0 2150 
3 2 2157 2158 
1 2 0 2159 
2 2 0 2150 
2 2 0 2156 
3 3 2160 2161 2162 
1 2 0 2163 
2 2 0 2150 
2 2 0 2159 
3 3 2164 2165 2166 
1 2 0 2167 
2 2 0 2163 
3 2 2168 2169 
1 2 0 2170 
1 2 0 2171 
1 2 0 2172 
2 2 0 2171 
3 2 2173 2174 
1 2 0 2175 
4 1 0 
4 2 0 2106 
4 2 0 2109 
4 2 0 2110 
4 2 0 2113 
4 2 0 2114 
4 2 0 2117 
4 2 0 2120 
4 2 0 2124 
4 2 0 2125 
4 2 0 2128 
4 2 0 2129 
4 2 0 2132 
4 2 0 2133 
4 2 0 2136 
4 2 0 2137 
4 2 0 2140 
4 2 0 2144 
4 2 0 2147 
4 2 0 2150 
4 2 0 2153 
4 2 0 2156 
4 2 0 2159 
4 2 0 2163 
4 2 0 2167 
4 2 0 2170 
4 2 0 2171 
4 2 0 2172 
4 2 0 2175 
4 2 0 2176 
1 1 0 
1 2 0 2207 
2 1 0 
3 2 2208 2209 
1 2 0 2210 
4 1 0 
4 2 0 2207 
4 2 0 2210 
4 2 0 2211 
1 1 0 
1 2 0 2216 
2 1 0 
3 2 2217 2218 
1 2 0 2219 
2 2 0 2216 
3 2 2220 2221 
1 2 0 2222 
2 2 0 2219 
3 2 2223 2224 
1 2 0 2225 
1 2 0 2226 
2 2 0 2225 
3 2 2227 2228 
1 2 0 2229 
1 2 0 2230 
2 2 0 2229 
3 2 2231 2232 
1 2 0 2233 
2 2 0 2230 
3 2 2234 2235 
1 2 0 2236 
1 2 0 2237 
1 2 0 2238 
1 2 0 2239 
1 2 0 2240 
4 1 0 
4 2 0 2216 
4 2 0 2219 
4 2 0 2222 
4 2 0 2225 
4 2 0 2226 
4 2 0 2229 
4 2 0 2230 
4 2 0 2233 
4 2 0 2236 
4 2 0 2237 
4 2 0 2238 
4 2 0 2239 
4 2 0 2240 
4 2 0 2241 
1 1 0 
1 2 0 2257 
2 1 0 
3 2 2258 2259 
1 2 0 2260 
2 1 0 
2 2 0 2257 
3 3 2261 2262 2263 
1 2 0 2264 
1 2 0 2265 
2 2 0 2264 
3 2 2266 2267 
1 2 0 2268 
1 2 0 2269 
2 2 0 2268 
3 2 2270 2271 
1 2 0 2272 
1 2 0 2273 
2 2 0 2272 
3 2 2274 2275 
1 2 0 2276 
2 2 0 2273 
3 2 2277 2278 
1 2 0 2279 
4 1 0 
4 2 0 2257 
4 2 0 2260 
4 2 0 2264 
4 2 0 2265 
4 2 0 2268 
4 2 0 2269 
4 2 0 2272 
4 2 0 2273 
4 2 0 2276 
4 2 0 2279 
4 2 0 2280 
1 1 0 
1 2 0 2293 
2 1 0 
3 2 2294 2295 
1 2 0 2296 
4 1 0 
4 2 0 2293 
4 2 0 2296 
4 2 0 2297 
1 1 0 
1 2 0 2302 
2 1 0 
3 2 2303 2304 
1 2 0 2305 
2 2 0 2302 
3 2 2306 2307 
1 2 0 2308 
2 2 0 2305 
3 2 2309 2310 
1 2 0 2311 
1 2 0 2312 
2 2 0 2311 
3 2 2313 2314 
1 2 0 2315 
1 2 0 2316 
2 2 0 2315 
3 2 2317 2318 
1 2 0 2319 
2 2 0 2316 
3 2 2320 2321 
1 2 0 2322 
1 2 0 2323 
1 2 0 2324 
1 2 0 2325 
1 2 0 2326 
4 1 0 
4 2 0 2302 
4 2 0 2305 
4 2 0 2308 
4 2 0 2311 
4 2 0 2312 
4 2 0 2315 
4 2 0 2316 
4 2 0 2319 
4 2 0 2322 
4 2 0 2323 
4 2 0 2324 
4 2 0 2325 
4 2 0 2326 
4 2 0 2327 
1 1 0 
1 2 0 2343 
2 1 0 
3 2 2344 2345 
1 2 0 2346 
2 2 0 2343 
3 2 2347 2348 
1 2 0 2349 
2 2 0 2346 
3 2 2350 2351 
1 2 0 2352 
1 2 0 2353 
2 2 0 2352 
3 2 2354 2355 
1 2 0 2356 
2 2 0 2352 
2 2 0 2353 
3 3 2357 2358 2359 
1 2 0 2360 
1 2 0 2361 
2 2 0 2360 
3 2 2362 2363 
1 2 0 2364 
2 2 0 2361 
3 2 2365 2366 
1 2 0 2367 
2 2 0 2364 
3 2 2368 2369 
1 2 0 2370 
1 2 0 2371 
2 2 0 2370 
3 2 2372 2373 
1 2 0 2374 
1 2 0 2375 
2 2 0 2374 
3 2 2376 2377 
1 2 0 2378 
1 2 0 2379 
1 2 0 2380 
2 2 0 2379 
3 2 2381 2382 
1 2 0 2383 
1 2 0 2384 
1 2 0 2385 
2 2 0 2384 
3 2 2386 2387 
1 2 0 2388 
2 2 0 2385 
3 2 2389 2390 
1 2 0 2391 
2 2 0 2388 
3 2 2392 2393 
1 2 0 2394 
2 2 0 2391 
3 2 2395 2396 
1 2 0 2397 
2 2 0 2391 
2 2 0 2394 
3 3 2398 2399 2400 
1 2 0 2401 
1 2 0 2402 
2 2 0 2401 
3 2 2403 2404 
1 2 0 2405 
1 2 0 2406 
2 2 0 2405 
3 2 2407 2408 
1 2 0 2409 
1 2 0 2410 
1 2 0 2411 
2 2 0 2410 
3 2 2412 2413 
1 2 0 2414 
1 2 0 2415 
2 2 0 2414 
3 2 2416 2417 
1 2 0 2418 
1 2 0 2419 
1 2 0 2420 
2 2 0 2419 
3 2 2421 2422 
1 2 0 2423 
2 2 0 2420 
3 2 2424 2425 
1 2 0 2426 
2 2 0 2423 
3 2 2427 2428 
1 2 0 2429 
1 2 0 2430 
2 2 0 2429 
3 2 2431 2432 
1 2 0 2433 
1 2 0 2434 
1 2 0 2435 
1 2 0 2436 
2 2 0 2434 
3 2 2437 2438 
1 2 0 2439 
1 2 0 2440 
4 1 0 
4 2 0 2343 
4 2 0 2346 
4 2 0 2349 
4 2 0 2352 
4 2 0 2353 
4 2 0 2356 
4 2 0 2360 
4 2 0 2361 
4 2 0 2364 
4 2 0 2367 
4 2 0 2370 
4 2 0 2371 
4 2 0 2374 
4 2 0 2375 
4 2 0 2378 
4 2 0 2379 
4 2 0 2380 
4 2 0 2383 
4 2 0 2384 
4 2 0 2385 
4 2 0 2388 
4 2 0 2391 
4 2 0 2394 
4 2 0 2397 
4 2 0 2401 
4 2 0 2402 
4 2 0 2405 
4 2 0 2406 
4 2 0 2409 
4 2 0 2410 
4 2 0 2411 
4 2 0 2414 
4 2 0 2415 
4 2 0 2418 
4 2 0 2419 
4 2 0 2420 
4 2 0 2423 
4 2 0 2426 
4 2 0 2429 
4 2 0 2430 
4 2 0 2433 
4 2 0 2434 
4 2 0 2435 
4 2 0 2436 
4 2 0 2439 
4 2 0 2440 
4 2 0 2441 
1 1 0 
1 2 0 2490 
2 1 0 
3 2 2491 2492 
1 2 0 2493 
1 2 0 2494 
1 2 0 2495 
1 2 0 2496 
2 2 0 2495 
3 2 2497 2498 
1 2 0 2499 
2 2 0 2496 
3 2 2500 2501 
1 2 0 2502 
2 2 0 2499 
3 2 2503 2504 
1 2 0 2505 
1 2 0 2506 
2 2 0 2505 
3 2 2507 2508 
1 2 0 2509 
2 2 0 2506 
3 2 2510 2511 
1 2 0 2512 
2 2 0 2506 
2 2 0 2509 
3 3 2513 2514 2515 
1 2 0 2516 
1 2 0 2517 
1 2 0 2518 
1 2 0 2519 
2 2 0 2518 
3 2 2520 2521 
1 2 0 2522 
2 2 0 2519 
3 2 2523 2524 
1 2 0 2525 
1 2 0 2526 
1 2 0 2527 
2 2 0 2526 
3 2 2528 2529 
1 2 0 2530 
2 2 0 2527 
3 2 2531 2532 
1 2 0 2533 
2 2 0 2527 
2 2 0 2530 
3 3 2534 2535 2536 
1 2 0 2537 
1 2 0 2538 
1 2 0 2539 
2 2 0 2538 
3 2 2540 2541 
1 2 0 2542 
1 2 0 2543 
2 2 0 2542 
3 2 2544 2545 
1 2 0 2546 
1 2 0 2547 
4 1 0 
4 2 0 2490 
4 2 0 2493 
4 2 0 2494 
4 2 0 2495 
4 2 0 2496 
4 2 0 2499 
4 2 0 2502 
4 2 0 2505 
4 2 0 2506 
4 2 0 2509 
4 2 0 2512 
4 2 0 2516 
4 2 0 2517 
4 2 0 2518 
4 2 0 2519 
4 2 0 2522 
4 2 0 2525 
4 2 0 2526 
4 2 0 2527 
4 2 0 2530 
4 2 0 2533 
4 2 0 2537 
4 2 0 2538 
4 2 0 2539 
4 2 0 2542 
4 2 0 2543 
4 2 0 2546 
4 2 0 2547 
4 2 0 2548 
1 1 0 
1 2 0 2579 
1 2 0 2580 
1 2 0 2581 
1 2 0 2582 
2 2 0 2581 
3 2 2583 2584 
1 2 0 2585 
1 2 0 2586 
1 2 0 2587 
2 2 0 2586 
3 2 2588 2589 
1 2 0 2590 
2 2 0 2587 
3 2 2591 2592 
1 2 0 2593 
2 2 0 2590 
3 2 2594 2595 
1 2 0 2596 
1 2 0 2597 
2 2 0 2596 
3 2 2598 2599 
1 2 0 2600 
1 2 0 2601 
2 2 0 2600 
3 2 2602 2603 
1 2 0 2604 
2 2 0 2601 
3 2 2605 2606 
1 2 0 2607 
1 2 0 2608 
2 2 0 2607 
3 2 2609 2610 
1 2 0 2611 
1 2 0 2612 
2 2 0 2611 
3 2 2613 2614 
1 2 0 2615 
1 2 0 2616 
1 2 0 2617 
2 2 0 2616 
3 2 2618 2619 
1 2 0 2620 
1 2 0 2621 
2 2 0 2620 
3 2 2622 2623 
1 2 0 2624 
2 2 0 2620 
3 2 2625 2626 
1 2 0 2627 
2 2 0 2624 
3 2 2628 2629 
1 2 0 2630 
1 2 0 2631 
1 2 0 2632 
1 2 0 2633 
2 2 0 2632 
3 2 2634 2635 
1 2 0 2636 
2 2 0 2633 
3 2 2637 2638 
1 2 0 2639 
1 2 0 2640 
2 2 0 2639 
3 2 2641 2642 
1 2 0 2643 
1 2 0 2644 
1 2 0 2645 
2 2 0 2644 
3 2 2646 2647 
1 2 0 2648 
1 2 0 2649 
2 2 0 2648 
3 2 2650 2651 
1 2 0 2652 
1 2 0 2653 
1 2 0 2654 
1 2 0 2655 
1 2 0 2656 
2 2 0 2655 
3 2 2657 2658 
1 2 0 2659 
2 2 0 2656 
3 2 2660 2661 
1 2 0 2662 
2 2 0 2659 
3 2 2663 2664 
1 2 0 2665 
2 2 0 2662 
3 2 2666 2667 
1 2 0 2668 
4 1 0 
4 2 0 2579 
4 2 0 2580 
4 2 0 2581 
4 2 0 2582 
4 2 0 2585 
4 2 0 2586 
4 2 0 2587 
4 2 0 2590 
4 2 0 2593 
4 2 0 2596 
4 2 0 2597 
4 2 0 2600 
4 2 0 2601 
4 2 0 2604 
4 2 0 2607 
4 2 0 2608 
4 2 0 2611 
4 2 0 2612 
4 2 0 2615 
4 2 0 2616 
4 2 0 2617 
4 2 0 2620 
4 2 0 2621 
4 2 0 2624 
4 2 0 2627 
4 2 0 2630 
4 2 0 2631 
4 2 0 2632 
4 2 0 2633 
4 2 0 2636 
4 2 0 2639 
4 2 0 2640 
4 2 0 2643 
4 2 0 2644 
4 2 0 2645 
4 2 0 2648 
4 2 0 2649 
4 2 0 2652 
4 2 0 2653 
4 2 0 2654 
4 2 0 2655 
4 2 0 2656 
4 2 0 2659 
4 2 0 2662 
4 2 0 2665 
4 2 0 2668 
4 2 0 2669 
1 1 0 
1 2 0 2718 
2 1 0 
3 2 2719 2720 
1 2 0 2721 
2 2 0 2718 
3 2 2722 2723 
1 2 0 2724 
2 2 0 2721 
3 2 2725 2726 
1 2 0 2727 
2 2 0 2724 
3 2 2728 2729 
1 2 0 2730 
1 2 0 2731 
1 2 0 2732 
2 2 0 2731 
3 2 2733 2734 
1 2 0 2735 
2 2 0 2731 
2 2 0 2732 
3 3 2736 2737 2738 
1 2 0 2739 
2 2 0 2735 
3 2 2740 2741 
1 2 0 2742 
2 2 0 2739 
3 2 2743 2744 
1 2 0 2745 
2 2 0 2742 
3 2 2746 2747 
1 2 0 2748 
1 2 0 2749 
1 2 0 2750 
1 2 0 2751 
2 2 0 2750 
3 2 2752 2753 
1 2 0 2754 
1 2 0 2755 
1 2 0 2756 
1 2 0 2757 
2 2 0 2756 
3 2 2758 2759 
1 2 0 2760 
1 2 0 2761 
1 2 0 2762 
2 2 0 2761 
3 2 2763 2764 
1 2 0 2765 
1 2 0 2766 
2 2 0 2765 
3 2 2767 2768 
1 2 0 2769 
1 2 0 2770 
2 2 0 2769 
3 2 2771 2772 
1 2 0 2773 
1 2 0 2774 
2 2 0 2773 
3 2 2775 2776 
1 2 0 2777 
1 2 0 2778 
1 2 0 2779 
2 2 0 2778 
3 2 2780 2781 
1 2 0 2782 
1 2 0 2783 
2 2 0 2782 
3 2 2784 2785 
1 2 0 2786 
1 2 0 2787 
1 2 0 2788 
2 2 0 2787 
3 2 2789 2790 
1 2 0 2791 
2 2 0 2788 
3 2 2792 2793 
1 2 0 2794 
1 2 0 2795 
2 2 0 2794 
3 2 2796 2797 
1 2 0 2798 
1 2 0 2799 
4 1 0 
4 2 0 2718 
4 2 0 2721 
4 2 0 2724 
4 2 0 2727 
4 2 0 2730 
4 2 0 2731 
4 2 0 2732 
4 2 0 2735 
4 2 0 2739 
4 2 0 2742 
4 2 0 2745 
4 2 0 2748 
4 2 0 2749 
4 2 0 2750 
4 2 0 2751 
4 2 0 2754 
4 2 0 2755 
4 2 0 2756 
4 2 0 2757 
4 2 0 2760 
4 2 0 2761 
4 2 0 2762 
4 2 0 2765 
4 2 0 2766 
4 2 0 2769 
4 2 0 2770 
4 2 0 2773 
4 2 0 2774 
4 2 0 2777 
4 2 0 2778 
4 2 0 2779 
4 2 0 2782 
4 2 0 2783 
4 2 0 2786 
4 2 0 2787 
4 2 0 2788 
4 2 0 2791 
4 2 0 2794 
4 2 0 2795 
4 2 0 2798 
4 2 0 2799 
4 2 0 2800 
1 1 0 
1 2 0 2844 
2 1 0 
3 2 2845 2846 
1 2 0 2847 
1 2 0 2848 
2 2 0 2847 
3 2 2849 2850 
1 2 0 2851 
1 2 0 2852 
2 2 0 2851 
3 2 2853 2854 
1 2 0 2855 
1 2 0 2856 
1 2 0 2857 
2 2 0 2856 
3 2 2858 2859 
1 2 0 2860 
2 2 0 2856 
2 2 0 2857 
3 3 2861 2862 2863 
1 2 0 2864 
1 2 0 2865 
1 2 0 2866 
2 2 0 2865 
3 2 2867 2868 
1 2 0 2869 
2 2 0 2866 
3 2 2870 2871 
1 2 0 2872 
2 2 0 2869 
3 2 2873 2874 
1 2 0 2875 
4 1 0 
4 2 0 2844 
4 2 0 2847 
4 2 0 2848 
4 2 0 2851 
4 2 0 2852 
4 2 0 2855 
4 2 0 2856 
4 2 0 2857 
4 2 0 2860 
4 2 0 2864 
4 2 0 2865 
4 2 0 2866 
4 2 0 2869 
4 2 0 2872 
4 2 0 2875 
4 2 0 2876 
1 1 0 
1 2 0 2894 
2 1 0 
3 2 2895 2896 
1 2 0 2897 
2 2 0 2894 
3 2 2898 2899 
1 2 0 2900 
2 2 0 2897 
3 2 2901 2902 
1 2 0 2903 
1 2 0 2904 
1 2 0 2905 
1 2 0 2906 
1 2 0 2907 
2 2 0 2906 
3 2 2908 2909 
1 2 0 2910 
1 2 0 2911 
1 2 0 2912 
2 2 0 2911 
3 2 2913 2914 
1 2 0 2915 
2 2 0 2911 
2 2 0 2912 
3 3 2916 2917 2918 
1 2 0 2919 
2 2 0 2915 
3 2 2920 2921 
1 2 0 2922 
1 2 0 2923 
2 2 0 2922 
3 2 2924 2925 
1 2 0 2926 
1 2 0 2927 
2 2 0 2926 
3 2 2928 2929 
1 2 0 2930 
1 2 0 2931 
1 2 0 2932 
2 2 0 2931 
3 2 2933 2934 
1 2 0 2935 
2 2 0 2932 
3 2 2936 2937 
1 2 0 2938 
2 2 0 2935 
3 2 2939 2940 
1 2 0 2941 
1 2 0 2942 
1 2 0 2943 
2 2 0 2942 
3 2 2944 2945 
1 2 0 2946 
2 2 0 2943 
3 2 2947 2948 
1 2 0 2949 
2 2 0 2946 
3 2 2950 2951 
1 2 0 2952 
2 2 0 2949 
3 2 2953 2954 
1 2 0 2955 
4 1 0 
4 2 0 2894 
4 2 0 2897 
4 2 0 2900 
4 2 0 2903 
4 2 0 2904 
4 2 0 2905 
4 2 0 2906 
4 2 0 2907 
4 2 0 2910 
4 2 0 2911 
4 2 0 2912 
4 2 0 2915 
4 2 0 2919 
4 2 0 2922 
4 2 0 2923 
4 2 0 2926 
4 2 0 2927 
4 2 0 2930 
4 2 0 2931 
4 2 0 2932 
4 2 0 2935 
4 2 0 2938 
4 2 0 2941 
4 2 0 2942 
4 2 0 2943 
4 2 0 2946 
4 2 0 2949 
4 2 0 2952 
4 2 0 2955 
4 2 0 2956 
1 1 0 
1 2 0 2988 
2 1 0 
3 2 2989 2990 
1 2 0 2991 
2 2 0 2988 
3 2 2992 2993 
1 2 0 2994 
1 2 0 2995 
1 2 0 2996 
1 2 0 2997 
1 2 0 2998 
2 2 0 2997 
3 2 2999 3000 
1 2 0 3001 
1 2 0 3002 
2 2 0 3001 
3 2 3003 3004 
1 2 0 3005 
1 2 0 3006 
1 2 0 3007 
2 2 0 3006 
3 2 3008 3009 
1 2 0 3010 
4 1 0 
4 2 0 2988 
4 2 0 2991 
4 2 0 2994 
4 2 0 2995 
4 2 0 2996 
4 2 0 2997 
4 2 0 2998 
4 2 0 3001 
4 2 0 3002 
4 2 0 3005 
4 2 0 3006 
4 2 0 3007 
4 2 0 3010 
4 2 0 3011 
1 1 0 
1 2 0 3027 
2 1 0 
3 2 3028 3029 
1 2 0 3030 
2 1 0 
2 2 0 3027 
3 3 3031 3032 3033 
1 2 0 3034 
1 2 0 3035 
1 2 0 3036 
2 2 0 3035 
3 2 3037 3038 
1 2 0 3039 
2 2 0 3036 
3 2 3040 3041 
1 2 0 3042 
2 2 0 3039 
3 2 3043 3044 
1 2 0 3045 
4 1 0 
4 2 0 3027 
4 2 0 3030 
4 2 0 3034 
4 2 0 3035 
4 2 0 3036 
4 2 0 3039 
4 2 0 3042 
4 2 0 3045 
4 2 0 3046 
1 1 0 
1 2 0 3057 
2 1 0 
3 2 3058 3059 
1 2 0 3060 
1 2 0 3061 
2 2 0 3060 
3 2 3062 3063 
1 2 0 3064 
2 2 0 3061 
3 2 3065 3066 
1 2 0 3067 
2 2 0 3064 
3 2 3068 3069 
1 2 0 3070 
2 2 0 3067 
3 2 3071 3072 
1 2 0 3073 
1 2 0 3074 
2 2 0 3073 
3 2 3075 3076 
1 2 0 3077 
2 2 0 3073 
2 2 0 3074 
3 3 3078 3079 3080 
1 2 0 3081 
2 2 0 3077 
3 2 3082 3083 
1 2 0 3084 
1 2 0 3085 
2 2 0 3084 
3 2 3086 3087 
1 2 0 3088 
1 2 0 3089 
2 2 0 3088 
3 2 3090 3091 
1 2 0 3092 
1 2 0 3093 
1 2 0 3094 
2 2 0 3093 
3 2 3095 3096 
1 2 0 3097 
2 2 0 3094 
3 2 3098 3099 
1 2 0 3100 
2 2 0 3097 
3 2 3101 3102 
1 2 0 3103 
1 2 0 3104 
1 2 0 3105 
1 2 0 3106 
1 2 0 3107 
1 2 0 3108 
2 2 0 3107 
3 2 3109 3110 
1 2 0 3111 
4 1 0 
4 2 0 3057 
4 2 0 3060 
4 2 0 3061 
4 2 0 3064 
4 2 0 3067 
4 2 0 3070 
4 2 0 3073 
4 2 0 3074 
4 2 0 3077 
4 2 0 3081 
4 2 0 3084 
4 2 0 3085 
4 2 0 3088 
4 2 0 3089 
4 2 0 3092 
4 2 0 3093 
4 2 0 3094 
4 2 0 3097 
4 2 0 3100 
4 2 0 3103 
4 2 0 3104 
4 2 0 3105 
4 2 0 3106 
4 2 0 3107 
4 2 0 3108 
4 2 0 3111 
4 2 0 3112 
1 1 0 
1 2 0 3141 
2 1 0 
3 2 3142 3143 
1 2 0 3144 
1 2 0 3145 
2 2 0 3144 
3 2 3146 3147 
1 2 0 3148 
1 2 0 3149 
2 2 0 3148 
3 2 3150 3151 
1 2 0 3152 
1 2 0 3153 
2 2 0 3152 
3 2 3154 3155 
1 2 0 3156 
1 2 0 3157 
1 2 0 3158 
2 2 0 3157 
3 2 3159 3160 
1 2 0 3161 
4 1 0 
4 2 0 3141 
4 2 0 3144 
4 2 0 3145 
4 2 0 3148 
4 2 0 3149 
4 2 0 3152 
4 2 0 3153 
4 2 0 3156 
4 2 0 3157 
4 2 0 3158 
4 2 0 3161 
4 2 0 3162 
1 1 0 
1 2 0 3176 
2 1 0 
3 2 3177 3178 
1 2 0 3179 
1 2 0 3180 
2 2 0 3179 
3 2 3181 3182 
1 2 0 3183 
2 2 0 3180 
3 2 3184 3185 
1 2 0 3186 
1 2 0 3187 
2 2 0 3186 
3 2 3188 3189 
1 2 0 3190 
1 2 0 3191 
2 2 0 3190 
3 2 3192 3193 
1 2 0 3194 
1 2 0 3195 
2 2 0 3194 
3 2 3196 3197 
1 2 0 3198 
1 2 0 3199 
1 2 0 3200 
2 2 0 3199 
3 2 3201 3202 
1 2 0 3203 
1 2 0 3204 
1 2 0 3205 
2 2 0 3204 
3 2 3206 3207 
1 2 0 3208 
1 2 0 3209 
1 2 0 3210 
2 2 0 3209 
3 2 3211 3212 
1 2 0 3213 
1 2 0 3214 
2 2 0 3213 
3 2 3215 3216 
1 2 0 3217 
1 2 0 3218 
1 2 0 3219 
2 2 0 3218 
3 2 3220 3221 
1 2 0 3222 
1 2 0 3223 
2 2 0 3222 
3 2 3224 3225 
1 2 0 3226 
2 2 0 3223 
3 2 3227 3228 
1 2 0 3229 
2 2 0 3226 
3 2 3230 3231 
1 2 0 3232 
1 2 0 3233 
1 2 0 3234 
2 2 0 3233 
3 2 3235 3236 
1 2 0 3237 
1 2 0 3238 
2 2 0 3237 
3 2 3239 3240 
1 2 0 3241 
4 1 0 
4 2 0 3176 
4 2 0 3179 
4 2 0 3180 
4 2 0 3183 
4 2 0 3186 
4 2 0 3187 
4 2 0 3190 
4 2 0 3191 
4 2 0 3194 
4 2 0 3195 
4 2 0 3198 
4 2 0 3199 
4 2 0 3200 
4 2 0 3203 
4 2 0 3204 
4 2 0 3205 
4 2 0 3208 
4 2 0 3209 
4 2 0 3210 
4 2 0 3213 
4 2 0 3214 
4 2 0 3217 
4 2 0 3218 
4 2 0 3219 
4 2 0 3222 
4 2 0 3223 
4 2 0 3226 
4 2 0 3229 
4 2 0 3232 
4 2 0 3233 
4 2 0 3234 
4 2 0 3237 
4 2 0 3238 
4 2 0 3241 
4 2 0 3242 
1 1 0 
1 2 0 3279 
2 1 0 
3 2 3280 3281 
1 2 0 3282 
2 1 0 
2 2 0 3279 
3 3 3283 3284 3285 
1 2 0 3286 
2 2 0 3282 
3 2 3287 3288 
1 2 0 3289 
1 2 0 3290 
1 2 0 3291 
2 2 0 3290 
3 2 3292 3293 
1 2 0 3294 
2 2 0 3291 
3 2 3295 3296 
1 2 0 3297 
1 2 0 3298 
2 2 0 3297 
3 2 3299 3300 
1 2 0 3301 
2 2 0 3297 
3 2 3302 3303 
1 2 0 3304 
1 2 0 3305 
2 2 0 3304 
3 2 3306 3307 
1 2 0 3308 
1 2 0 3309 
1 2 0 3310 
2 2 0 3309 
3 2 3311 3312 
1 2 0 3313 
1 2 0 3314 
2 2 0 3313 
3 2 3315 3316 
1 2 0 3317 
1 2 0 3318 
1 2 0 3319 
2 2 0 3318 
3 2 3320 3321 
1 2 0 3322 
1 2 0 3323 
2 2 0 3322 
3 2 3324 3325 
1 2 0 3326 
2 2 0 3323 
3 2 3327 3328 
1 2 0 3329 
2 2 0 3326 
3 2 3330 3331 
1 2 0 3332 
1 2 0 3333 
2 2 0 3332 
3 2 3334 3335 
1 2 0 3336 
2 2 0 3333 
3 2 3337 3338 
1 2 0 3339 
2 2 0 3336 
3 2 3340 3341 
1 2 0 3342 
1 2 0 3343 
2 2 0 3342 
3 2 3344 3345 
1 2 0 3346 
1 2 0 3347 
1 2 0 3348 
1 2 0 3349 
2 2 0 3348 
3 2 3350 3351 
1 2 0 3352 
2 2 0 3349 
3 2 3353 3354 
1 2 0 3355 
2 2 0 3352 
3 2 3356 3357 
1 2 0 3358 
1 2 0 3359 
1 2 0 3360 
2 2 0 3359 
3 2 3361 3362 
1 2 0 3363 
1 2 0 3364 
2 2 0 3363 
3 2 3365 3366 
1 2 0 3367 
1 2 0 3368 
1 2 0 3369 
2 2 0 3368 
3 2 3370 3371 
1 2 0 3372 
2 2 0 3369 
3 2 3373 3374 
1 2 0 3375 
2 2 0 3372 
3 2 3376 3377 
1 2 0 3378 
4 1 0 
4 2 0 3279 
4 2 0 3282 
4 2 0 3286 
4 2 0 3289 
4 2 0 3290 
4 2 0 3291 
4 2 0 3294 
4 2 0 3297 
4 2 0 3298 
4 2 0 3301 
4 2 0 3304 
4 2 0 3305 
4 2 0 3308 
4 2 0 3309 
4 2 0 3310 
4 2 0 3313 
4 2 0 3314 
4 2 0 3317 
4 2 0 3318 
4 2 0 3319 
4 2 0 3322 
4 2 0 3323 
4 2 0 3326 
4 2 0 3329 
4 2 0 3332 
4 2 0 3333 
4 2 0 3336 
4 2 0 3339 
4 2 0 3342 
4 2 0 3343 
4 2 0 3346 
4 2 0 3347 
4 2 0 3348 
4 2 0 3349 
4 2 0 3352 
4 2 0 3355 
4 2 0 3358 
4 2 0 3359 
4 2 0 3360 
4 2 0 3363 
4 2 0 3364 
4 2 0 3367 
4 2 0 3368 
4 2 0 3369 
4 2 0 3372 
4 2 0 3375 
4 2 0 3378 
4 2 0 3379 
1 1 0 
1 2 0 3429 
2 1 0 
3 2 3430 3431 
1 2 0 3432 
1 2 0 3433 
1 2 0 3434 
1 2 0 3435 
2 2 0 3434 
3 2 3436 3437 
1 2 0 3438 
2 2 0 3435 
3 2 3439 3440 
1 2 0 3441 
1 2 0 3442 
1 2 0 3443 
2 2 0 3442 
3 2 3444 3445 
1 2 0 3446 
1 2 0 3447 
2 2 0 3446 
3 2 3448 3449 
1 2 0 3450 
2 2 0 3447 
3 2 3451 3452 
1 2 0 3453 
2 2 0 3450 
3 2 3454 3455 
1 2 0 3456 
1 2 0 3457 
1 2 0 3458 
2 2 0 3456 
2 2 0 3457 
3 3 3459 3460 3461 
1 2 0 3462 
4 1 0 
4 2 0 3429 
4 2 0 3432 
4 2 0 3433 
4 2 0 3434 
4 2 0 3435 
4 2 0 3438 
4 2 0 3441 
4 2 0 3442 
4 2 0 3443 
4 2 0 3446 
4 2 0 3447 
4 2 0 3450 
4 2 0 3453 
4 2 0 3456 
4 2 0 3457 
4 2 0 3458 
4 2 0 3462 
4 2 0 3463 
1 1 0 
1 2 0 3483 
1 2 0 3484 
1 2 0 3485 
1 2 0 3486 
1 2 0 3487 
2 2 0 3486 
3 2 3488 3489 
1 2 0 3490 
1 2 0 3491 
1 2 0 3492 
2 2 0 3491 
3 2 3493 3494 
1 2 0 3495 
1 2 0 3496 
1 2 0 3497 
2 2 0 3496 
3 2 3498 3499 
1 2 0 3500 
1 2 0 3501 
2 2 0 3500 
3 2 3502 3503 
1 2 0 3504 
1 2 0 3505 
2 2 0 3504 
3 2 3506 3507 
1 2 0 3508 
1 2 0 3509 
2 2 0 3508 
3 2 3510 3511 
1 2 0 3512 
1 2 0 3513 
2 2 0 3512 
3 2 3514 3515 
1 2 0 3516 
1 2 0 3517 
1 2 0 3518 
1 2 0 3519 
1 2 0 3520 
1 2 0 3521 
2 2 0 3520 
3 2 3522 3523 
1 2 0 3524 
1 2 0 3525 
2 2 0 3524 
3 2 3526 3527 
1 2 0 3528 
1 2 0 3529 
1 2 0 3530 
2 2 0 3529 
3 2 3531 3532 
1 2 0 3533 
1 2 0 3534 
2 2 0 3533 
3 2 3535 3536 
1 2 0 3537 
1 2 0 3538 
2 2 0 3537 
3 2 3539 3540 
1 2 0 3541 
1 2 0 3542 
2 2 0 3541 
3 2 3543 3544 
1 2 0 3545 
1 2 0 3546 
2 2 0 3545 
3 2 3547 3548 
1 2 0 3549 
1 2 0 3550 
2 2 0 3549 
3 2 3551 3552 
1 2 0 3553 
1 2 0 3554 
1 2 0 3555 
2 2 0 3554 
3 2 3556 3557 
1 2 0 3558 
1 2 0 3559 
1 2 0 3560 
1 2 0 3561 
2 2 0 3560 
3 2 3562 3563 
1 2 0 3564 
1 2 0 3565 
1 2 0 3566 
2 2 0 3565 
3 2 3567 3568 
1 2 0 3569 
1 2 0 3570 
2 2 0 3569 
3 2 3571 3572 
1 2 0 3573 
2 2 0 3570 
3 2 3574 3575 
1 2 0 3576 
1 2 0 3577 
2 2 0 3576 
3 2 3578 3579 
1 2 0 3580 
2 2 0 3576 
2 2 0 3577 
3 3 3581 3582 3583 
1 2 0 3584 
2 2 0 3580 
3 2 3585 3586 
1 2 0 3587 
2 2 0 3584 
3 2 3588 3589 
1 2 0 3590 
2 2 0 3587 
3 2 3591 3592 
1 2 0 3593 
4 1 0 
4 2 0 3483 
4 2 0 3484 
4 2 0 3485 
4 2 0 3486 
4 2 0 3487 
4 2 0 3490 
4 2 0 3491 
4 2 0 3492 
4 2 0 3495 
4 2 0 3496 
4 2 0 3497 
4 2 0 3500 
4 2 0 3501 
4 2 0 3504 
4 2 0 3505 
4 2 0 3508 
4 2 0 3509 
4 2 0 3512 
4 2 0 3513 
4 2 0 3516 
4 2 0 3517 
4 2 0 3518 
4 2 0 3519 
4 2 0 3520 
4 2 0 3521 
4 2 0 3524 
4 2 0 3525 
4 2 0 3528 
4 2 0 3529 
4 2 0 3530 
4 2 0 3533 
4 2 0 3534 
4 2 0 3537 
4 2 0 3538 
4 2 0 3541 
4 2 0 3542 
4 2 0 3545 
4 2 0 3546 
4 2 0 3549 
4 2 0 3550 
4 2 0 3553 
4 2 0 3554 
4 2 0 3555 
4 2 0 3558 
4 2 0 3559 
4 2 0 3560 
4 2 0 3561 
4 2 0 3564 
4 2 0 3565 
4 2 0 3566 
4 2 0 3569 
4 2 0 3570 
4 2 0 3573 
4 2 0 3576 
4 2 0 3577 
4 2 0 3580 
4 2 0 3584 
4 2 0 3587 
4 2 0 3590 
4 2 0 3593 
4 2 0 3594 
1 1 0 
1 2 0 3657 
2 1 0 
3 2 3658 3659 
1 2 0 3660 
1 2 0 3661 
2 2 0 3660 
3 2 3662 3663 
1 2 0 3664 
2 2 0 3660 
2 2 0 3661 
3 3 3665 3666 3667 
1 2 0 3668 
2 2 0 3664 
3 2 3669 3670 
1 2 0 3671 
2 2 0 3668 
3 2 3672 3673 
1 2 0 3674 
1 2 0 3675 
2 2 0 3674 
3 2 3676 3677 
1 2 0 3678 
1 2 0 3679 
2 2 0 3678 
3 2 3680 3681 
1 2 0 3682 
1 2 0 3683 
2 2 0 3678 
2 2 0 3679 
3 3 3684 3685 3686 
4 1 0 
4 2 0 3657 
4 2 0 3660 
4 2 0 3661 
4 2 0 3664 
4 2 0 3668 
4 2 0 3671 
4 2 0 3674 
4 2 0 3675 
4 2 0 3678 
4 2 0 3679 
4 2 0 3682 
4 2 0 3683 
4 2 0 3687 
1 1 0 
1 2 0 3702 
2 1 0 
3 2 3703 3704 
1 2 0 3705 
2 1 0 
2 2 0 3702 
3 3 3706 3707 3708 
1 2 0 3709 
2 2 0 3705 
3 2 3710 3711 
1 2 0 3712 
2 2 0 3709 
3 2 3713 3714 
1 2 0 3715 
1 2 0 3716 
2 2 0 3715 
3 2 3717 3718 
1 2 0 3719 
1 2 0 3720 
2 2 0 3719 
3 2 3721 3722 
1 2 0 3723 
1 2 0 3724 
2 2 0 3723 
3 2 3725 3726 
1 2 0 3727 
1 2 0 3728 
1 2 0 3729 
2 2 0 3728 
3 2 3730 3731 
1 2 0 3732 
1 2 0 3733 
2 2 0 3732 
3 2 3734 3735 
1 2 0 3736 
2 2 0 3732 
2 2 0 3733 
3 3 3737 3738 3739 
1 2 0 3740 
2 2 0 3736 
3 2 3741 3742 
1 2 0 3743 
2 2 0 3740 
3 2 3744 3745 
1 2 0 3746 
1 2 0 3747 
2 2 0 3746 
3 2 3748 3749 
1 2 0 3750 
1 2 0 3751 
2 2 0 3750 
3 2 3752 3753 
1 2 0 3754 
1 2 0 3755 
2 2 0 3750 
2 2 0 3751 
3 3 3756 3757 3758 
4 1 0 
4 2 0 3702 
4 2 0 3705 
4 2 0 3709 
4 2 0 3712 
4 2 0 3715 
4 2 0 3716 
4 2 0 3719 
4 2 0 3720 
4 2 0 3723 
4 2 0 3724 
4 2 0 3727 
4 2 0 3728 
4 2 0 3729 
4 2 0 3732 
4 2 0 3733 
4 2 0 3736 
4 2 0 3740 
4 2 0 3743 
4 2 0 3746 
4 2 0 3747 
4 2 0 3750 
4 2 0 3751 
4 2 0 3754 
4 2 0 3755 
4 2 0 3759 
1 1 0 
1 2 0 3786 
2 1 0 
3 2 3787 3788 
1 2 0 3789 
2 1 0 
2 2 0 3786 
3 3 3790 3791 3792 
1 2 0 3793 
2 2 0 3789 
3 2 3794 3795 
1 2 0 3796 
2 2 0 3789 
2 2 0 3793 
3 3 3797 3798 3799 
1 2 0 3800 
1 2 0 3801 
2 2 0 3800 
3 2 3802 3803 
1 2 0 3804 
2 2 0 3800 
3 2 3805 3806 
4 1 0 
4 2 0 3786 
4 2 0 3789 
4 2 0 3793 
4 2 0 3796 
4 2 0 3800 
4 2 0 3801 
4 2 0 3804 
4 2 0 3807 
1 1 0 
1 2 0 3817 
2 1 0 
3 2 3818 3819 
1 2 0 3820 
1 2 0 3821 
2 2 0 3820 
3 2 3822 3823 
1 2 0 3824 
2 2 0 3820 
2 2 0 3821 
3 3 3825 3826 3827 
1 2 0 3828 
2 2 0 3824 
3 2 3829 3830 
1 2 0 3831 
2 2 0 3828 
3 2 3832 3833 
1 2 0 3834 
1 2 0 3835 
2 2 0 3834 
3 2 3836 3837 
1 2 0 3838 
2 2 0 3835 
3 2 3839 3840 
1 2 0 3841 
2 2 0 3838 
3 2 3842 3843 
1 2 0 3844 
1 2 0 3845 
1 2 0 3846 
2 2 0 3845 
3 2 3847 3848 
1 2 0 3849 
1 2 0 3850 
1 2 0 3851 
2 2 0 3850 
3 2 3852 3853 
1 2 0 3854 
1 2 0 3855 
1 2 0 3856 
2 2 0 3855 
3 2 3857 3858 
1 2 0 3859 
1 2 0 3860 
1 2 0 3861 
1 2 0 3862 
2 2 0 3861 
3 2 3863 3864 
1 2 0 3865 
1 2 0 3866 
1 2 0 3867 
2 2 0 3866 
3 2 3868 3869 
1 2 0 3870 
1 2 0 3871 
2 2 0 3870 
3 2 3872 3873 
1 2 0 3874 
2 2 0 3871 
3 2 3875 3876 
1 2 0 3877 
1 2 0 3878 
2 2 0 3871 
2 2 0 3874 
3 3 3879 3880 3881 
1 2 0 3882 
4 1 0 
4 2 0 3817 
4 2 0 3820 
4 2 0 3821 
4 2 0 3824 
4 2 0 3828 
4 2 0 3831 
4 2 0 3834 
4 2 0 3835 
4 2 0 3838 
4 2 0 3841 
4 2 0 3844 
4 2 0 3845 
4 2 0 3846 
4 2 0 3849 
4 2 0 3850 
4 2 0 3851 
4 2 0 3854 
4 2 0 3855 
4 2 0 3856 
4 2 0 3859 
4 2 0 3860 
4 2 0 3861 
4 2 0 3862 
4 2 0 3865 
4 2 0 3866 
4 2 0 3867 
4 2 0 3870 
4 2 0 3871 
4 2 0 3874 
4 2 0 3877 
4 2 0 3878 
4 2 0 3882 
4 2 0 3883 
1 1 0 
1 2 0 3918 
2 1 0 
3 2 3919 3920 
1 2 0 3921 
1 2 0 3922 
1 2 0 3923 
2 2 0 3922 
3 2 3924 3925 
1 2 0 3926 
2 2 0 3923 
3 2 3927 3928 
1 2 0 3929 
2 2 0 3926 
3 2 3930 3931 
1 2 0 3932 
2 2 0 3929 
3 2 3933 3934 
1 2 0 3935 
2 2 0 3929 
2 2 0 3932 
3 3 3936 3937 3938 
1 2 0 3939 
2 2 0 3929 
2 2 0 3932 
3 3 3940 3941 3942 
1 2 0 3943 
1 2 0 3944 
2 2 0 3943 
3 2 3945 3946 
1 2 0 3947 
1 2 0 3948 
2 2 0 3947 
3 2 3949 3950 
1 2 0 3951 
2 2 0 3947 
2 2 0 3948 
3 3 3952 3953 3954 
1 2 0 3955 
2 2 0 3951 
3 2 3956 3957 
1 2 0 3958 
2 2 0 3955 
3 2 3959 3960 
1 2 0 3961 
2 2 0 3955 
2 2 0 3958 
3 3 3962 3963 3964 
1 2 0 3965 
1 2 0 3966 
1 2 0 3967 
2 2 0 3966 
3 2 3968 3969 
1 2 0 3970 
1 2 0 3971 
1 2 0 3972 
1 2 0 3973 
1 2 0 3974 
1 2 0 3975 
1 2 0 3976 
2 2 0 3975 
3 2 3977 3978 
1 2 0 3979 
2 2 0 3976 
3 2 3980 3981 
1 2 0 3982 
1 2 0 3983 
1 2 0 3984 
2 2 0 3983 
3 2 3985 3986 
1 2 0 3987 
4 1 0 
4 2 0 3918 
4 2 0 3921 
4 2 0 3922 
4 2 0 3923 
4 2 0 3926 
4 2 0 3929 
4 2 0 3932 
4 2 0 3935 
4 2 0 3939 
4 2 0 3943 
4 2 0 3944 
4 2 0 3947 
4 2 0 3948 
4 2 0 3951 
4 2 0 3955 
4 2 0 3958 
4 2 0 3961 
4 2 0 3965 
4 2 0 3966 
4 2 0 3967 
4 2 0 3970 
4 2 0 3971 
4 2 0 3972 
4 2 0 3973 
4 2 0 3974 
4 2 0 3975 
4 2 0 3976 
4 2 0 3979 
4 2 0 3982 
4 2 0 3983 
4 2 0 3984 
4 2 0 3987 
4 2 0 3988 
1 1 0 
1 2 0 4023 
2 1 0 
3 2 4024 4025 
1 2 0 4026 
2 1 0 
2 2 0 4023 
3 3 4027 4028 4029 
1 2 0 4030 
2 2 0 4026 
3 2 4031 4032 
1 2 0 4033 
2 2 0 4030 
3 2 4034 4035 
1 2 0 4036 
1 2 0 4037 
2 2 0 4036 
3 2 4038 4039 
1 2 0 4040 
1 2 0 4041 
2 2 0 4040 
3 2 4042 4043 
1 2 0 4044 
1 2 0 4045 
1 2 0 4046 
1 2 0 4047 
2 2 0 4046 
3 2 4048 4049 
1 2 0 4050 
1 2 0 4051 
1 2 0 4052 
1 2 0 4053 
1 2 0 4054 
2 2 0 4053 
3 2 4055 4056 
1 2 0 4057 
2 2 0 4054 
3 2 4058 4059 
1 2 0 4060 
2 2 0 4057 
3 2 4061 4062 
1 2 0 4063 
2 2 0 4060 
3 2 4064 4065 
1 2 0 4066 
1 2 0 4067 
1 2 0 4068 
2 2 0 4067 
3 2 4069 4070 
1 2 0 4071 
1 2 0 4072 
2 2 0 4071 
3 2 4073 4074 
1 2 0 4075 
4 1 0 
4 2 0 4023 
4 2 0 4026 
4 2 0 4030 
4 2 0 4033 
4 2 0 4036 
4 2 0 4037 
4 2 0 4040 
4 2 0 4041 
4 2 0 4044 
4 2 0 4045 
4 2 0 4046 
4 2 0 4047 
4 2 0 4050 
4 2 0 4051 
4 2 0 4052 
4 2 0 4053 
4 2 0 4054 
4 2 0 4057 
4 2 0 4060 
4 2 0 4063 
4 2 0 4066 
4 2 0 4067 
4 2 0 4068 
4 2 0 4071 
4 2 0 4072 
4 2 0 4075 
4 2 0 4076 
1 1 0 
1 2 0 4105 
2 1 0 
3 2 4106 4107 
1 2 0 4108 
2 1 0 
2 2 0 4105 
3 3 4109 4110 4111 
1 2 0 4112 
2 2 0 4108 
3 2 4113 4114 
1 2 0 4115 
2 2 0 4112 
3 2 4116 4117 
1 2 0 4118 
2 2 0 4115 
3 2 4119 4120 
1 2 0 4121 
2 2 0 4115 
3 2 4122 4123 
1 2 0 4124 
2 2 0 4121 
3 2 4125 4126 
1 2 0 4127 
2 2 0 4124 
3 2 4128 4129 
1 2 0 4130 
1 2 0 4131 
2 2 0 4130 
3 2 4132 4133 
1 2 0 4134 
1 2 0 4135 
1 2 0 4136 
2 2 0 4135 
3 2 4137 4138 
1 2 0 4139 
2 2 0 4136 
3 2 4140 4141 
1 2 0 4142 
2 2 0 4139 
3 2 4143 4144 
1 2 0 4145 
1 2 0 4146 
2 2 0 4145 
3 2 4147 4148 
1 2 0 4149 
2 2 0 4146 
3 2 4150 4151 
1 2 0 4152 
2 2 0 4149 
3 2 4153 4154 
1 2 0 4155 
1 2 0 4156 
2 2 0 4155 
3 2 4157 4158 
1 2 0 4159 
2 2 0 4156 
3 2 4160 4161 
1 2 0 4162 
2 2 0 4156 
2 2 0 4159 
3 3 4163 4164 4165 
1 2 0 4166 
1 2 0 4167 
1 2 0 4168 
2 2 0 4167 
3 2 4169 4170 
1 2 0 4171 
1 2 0 4172 
1 2 0 4173 
2 2 0 4172 
3 2 4174 4175 
1 2 0 4176 
2 2 0 4173 
3 2 4177 4178 
1 2 0 4179 
2 2 0 4176 
3 2 4180 4181 
1 2 0 4182 
4 1 0 
4 2 0 4105 
4 2 0 4108 
4 2 0 4112 
4 2 0 4115 
4 2 0 4118 
4 2 0 4121 
4 2 0 4124 
4 2 0 4127 
4 2 0 4130 
4 2 0 4131 
4 2 0 4134 
4 2 0 4135 
4 2 0 4136 
4 2 0 4139 
4 2 0 4142 
4 2 0 4145 
4 2 0 4146 
4 2 0 4149 
4 2 0 4152 
4 2 0 4155 
4 2 0 4156 
4 2 0 4159 
4 2 0 4162 
4 2 0 4166 
4 2 0 4167 
4 2 0 4168 
4 2 0 4171 
4 2 0 4172 
4 2 0 4173 
4 2 0 4176 
4 2 0 4179 
4 2 0 4182 
4 2 0 4183 
1 1 0 
1 2 0 4218 
2 1 0 
3 2 4219 4220 
1 2 0 4221 
1 2 0 4222 
2 2 0 4221 
3 2 4223 4224 
1 2 0 4225 
1 2 0 4226 
2 2 0 4225 
3 2 4227 4228 
1 2 0 4229 
1 2 0 4230 
2 2 0 4229 
3 2 4231 4232 
1 2 0 4233 
2 2 0 4229 
3 2 4234 4235 
1 2 0 4236 
2 2 0 4233 
3 2 4237 4238 
1 2 0 4239 
2 2 0 4236 
3 2 4240 4241 
1 2 0 4242 
2 2 0 4239 
3 2 4243 4244 
1 2 0 4245 
2 2 0 4242 
3 2 4246 4247 
1 2 0 4248 
1 2 0 4249 
1 2 0 4250 
2 2 0 4249 
3 2 4251 4252 
1 2 0 4253 
1 2 0 4254 
2 2 0 4253 
3 2 4255 4256 
1 2 0 4257 
2 2 0 4254 
3 2 4258 4259 
1 2 0 4260 
2 2 0 4257 
3 2 4261 4262 
1 2 0 4263 
2 2 0 4257 
2 2 0 4260 
3 3 4264 4265 4266 
1 2 0 4267 
4 1 0 
4 2 0 4218 
4 2 0 4221 
4 2 0 4222 
4 2 0 4225 
4 2 0 4226 
4 2 0 4229 
4 2 0 4230 
4 2 0 4233 
4 2 0 4236 
4 2 0 4239 
4 2 0 4242 
4 2 0 4245 
4 2 0 4248 
4 2 0 4249 
4 2 0 4250 
4 2 0 4253 
4 2 0 4254 
4 2 0 4257 
4 2 0 4260 
4 2 0 4263 
4 2 0 4267 
4 2 0 4268 
1 1 0 
1 2 0 4292 
2 1 0 
3 2 4293 4294 
1 2 0 4295 
1 2 0 4296 
2 2 0 4295 
3 2 4297 4298 
1 2 0 4299 
2 2 0 4295 
2 2 0 4296 
3 3 4300 4301 4302 
1 2 0 4303 
2 2 0 4299 
3 2 4304 4305 
1 2 0 4306 
2 2 0 4299 
2 2 0 4303 
3 3 4307 4308 4309 
1 2 0 4310 
1 2 0 4311 
1 2 0 4312 
1 2 0 4313 
2 2 0 4312 
3 2 4314 4315 
1 2 0 4316 
1 2 0 4317 
1 2 0 4318 
2 2 0 4317 
3 2 4319 4320 
1 2 0 4321 
2 2 0 4317 
2 2 0 4318 
3 3 4322 4323 4324 
1 2 0 4325 
2 2 0 4321 
3 2 4326 4327 
1 2 0 4328 
2 2 0 4325 
3 2 4329 4330 
1 2 0 4331 
1 2 0 4332 
2 2 0 4331 
3 2 4333 4334 
1 2 0 4335 
1 2 0 4336 
2 2 0 4335 
3 2 4337 4338 
1 2 0 4339 
1 2 0 4340 
2 2 0 4339 
3 2 4341 4342 
1 2 0 4343 
4 1 0 
4 2 0 4292 
4 2 0 4295 
4 2 0 4296 
4 2 0 4299 
4 2 0 4303 
4 2 0 4306 
4 2 0 4310 
4 2 0 4311 
4 2 0 4312 
4 2 0 4313 
4 2 0 4316 
4 2 0 4317 
4 2 0 4318 
4 2 0 4321 
4 2 0 4325 
4 2 0 4328 
4 2 0 4331 
4 2 0 4332 
4 2 0 4335 
4 2 0 4336 
4 2 0 4339 
4 2 0 4340 
4 2 0 4343 
4 2 0 4344 
1 1 0 
1 2 0 4370 
2 1 0 
3 2 4371 4372 
1 2 0 4373 
1 2 0 4374 
1 2 0 4375 
1 2 0 4376 
1 2 0 4377 
2 2 0 4376 
3 2 4378 4379 
1 2 0 4380 
2 2 0 4377 
3 2 4381 4382 
1 2 0 4383 
2 2 0 4380 
3 2 4384 4385 
1 2 0 4386 
2 2 0 4383 
3 2 4387 4388 
1 2 0 4389 
1 2 0 4390 
2 2 0 4389 
3 2 4391 4392 
1 2 0 4393 
1 2 0 4394 
2 2 0 4393 
3 2 4395 4396 
1 2 0 4397 
2 2 0 4393 
2 2 0 4394 
3 3 4398 4399 4400 
1 2 0 4401 
2 2 0 4397 
3 2 4402 4403 
1 2 0 4404 
2 2 0 4401 
3 2 4405 4406 
1 2 0 4407 
2 2 0 4404 
3 2 4408 4409 
1 2 0 4410 
2 2 0 4407 
3 2 4411 4412 
1 2 0 4413 
4 1 0 
4 2 0 4370 
4 2 0 4373 
4 2 0 4374 
4 2 0 4375 
4 2 0 4376 
4 2 0 4377 
4 2 0 4380 
4 2 0 4383 
4 2 0 4386 
4 2 0 4389 
4 2 0 4390 
4 2 0 4393 
4 2 0 4394 
4 2 0 4397 
4 2 0 4401 
4 2 0 4404 
4 2 0 4407 
4 2 0 4410 
4 2 0 4413 
4 2 0 4414 
1 1 0 
1 2 0 4436 
2 1 0 
3 2 4437 4438 
1 2 0 4439 
2 1 0 
2 2 0 4436 
3 3 4440 4441 4442 
1 2 0 4443 
1 2 0 4444 
1 2 0 4445 
2 2 0 4444 
3 2 4446 4447 
1 2 0 4448 
2 2 0 4444 
2 2 0 4445 
3 3 4449 4450 4451 
1 2 0 4452 
2 2 0 4448 
3 2 4453 4454 
1 2 0 4455 
2 2 0 4452 
3 2 4456 4457 
1 2 0 4458 
1 2 0 4459 
2 2 0 4458 
3 2 4460 4461 
1 2 0 4462 
2 2 0 4459 
3 2 4463 4464 
1 2 0 4465 
1 2 0 4466 
2 2 0 4465 
3 2 4467 4468 
1 2 0 4469 
2 2 0 4466 
3 2 4470 4471 
1 2 0 4472 
2 2 0 4465 
2 2 0 4469 
3 3 4473 4474 4475 
1 2 0 4476 
1 2 0 4477 
2 2 0 4476 
3 2 4478 4479 
1 2 0 4480 
1 2 0 4481 
2 2 0 4480 
3 2 4482 4483 
1 2 0 4484 
1 2 0 4485 
2 2 0 4484 
3 2 4486 4487 
1 2 0 4488 
4 1 0 
4 2 0 4436 
4 2 0 4439 
4 2 0 4443 
4 2 0 4444 
4 2 0 4445 
4 2 0 4448 
4 2 0 4452 
4 2 0 4455 
4 2 0 4458 
4 2 0 4459 
4 2 0 4462 
4 2 0 4465 
4 2 0 4466 
4 2 0 4469 
4 2 0 4472 
4 2 0 4476 
4 2 0 4477 
4 2 0 4480 
4 2 0 4481 
4 2 0 4484 
4 2 0 4485 
4 2 0 4488 
4 2 0 4489 
1 1 0 
1 2 0 4514 
2 1 0 
3 2 4515 4516 
1 2 0 4517 
1 2 0 4518 
2 2 0 4517 
3 2 4519 4520 
1 2 0 4521 
1 2 0 4522 
2 2 0 4521 
3 2 4523 4524 
1 2 0 4525 
1 2 0 4526 
1 2 0 4527 
2 2 0 4526 
3 2 4528 4529 
1 2 0 4530 
1 2 0 4531 
2 2 0 4530 
3 2 4532 4533 
1 2 0 4534 
4 1 0 
4 2 0 4514 
4 2 0 4517 
4 2 0 4518 
4 2 0 4521 
4 2 0 4522 
4 2 0 4525 
4 2 0 4526 
4 2 0 4527 
4 2 0 4530 
4 2 0 4531 
4 2 0 4534 
4 2 0 4535 
1 1 0 
1 2 0 4549 
2 1 0 
3 2 4550 4551 
1 2 0 4552 
2 1 0 
2 2 0 4549 
3 3 4553 4554 4555 
1 2 0 4556 
2 2 0 4552 
3 2 4557 4558 
1 2 0 4559 
2 2 0 4556 
3 2 4560 4561 
1 2 0 4562 
1 2 0 4563 
2 2 0 4562 
3 2 4564 4565 
1 2 0 4566 
1 2 0 4567 
2 2 0 4566 
3 2 4568 4569 
1 2 0 4570 
1 2 0 4571 
2 2 0 4570 
3 2 4572 4573 
1 2 0 4574 
4 1 0 
4 2 0 4549 
4 2 0 4552 
4 2 0 4556 
4 2 0 4559 
4 2 0 4562 
4 2 0 4563 
4 2 0 4566 
4 2 0 4567 
4 2 0 4570 
4 2 0 4571 
4 2 0 4574 
4 2 0 4575 
1 1 0 
1 2 0 4589 
2 1 0 
3 2 4590 4591 
1 2 0 4592 
1 2 0 4593 
2 2 0 4592 
3 2 4594 4595 
1 2 0 4596 
1 2 0 4597 
2 2 0 4596 
3 2 4598 4599 
1 2 0 4600 
1 2 0 4601 
1 2 0 4602 
2 2 0 4601 
3 2 4603 4604 
1 2 0 4605 
1 2 0 4606 
1 2 0 4607 
2 2 0 4606 
3 2 4608 4609 
1 2 0 4610 
1 2 0 4611 
2 2 0 4610 
3 2 4612 4613 
1 2 0 4614 
2 2 0 4611 
3 2 4615 4616 
1 2 0 4617 
2 2 0 4614 
3 2 4618 4619 
1 2 0 4620 
1 2 0 4621 
1 2 0 4622 
1 2 0 4623 
2 2 0 4622 
3 2 4624 4625 
1 2 0 4626 
1 2 0 4627 
1 2 0 4628 
2 2 0 4627 
3 2 4629 4630 
1 2 0 4631 
1 2 0 4632 
1 2 0 4633 
1 2 0 4634 
1 2 0 4635 
1 2 0 4636 
1 2 0 4637 
2 2 0 4636 
3 2 4638 4639 
1 2 0 4640 
1 2 0 4641 
2 2 0 4640 
3 2 4642 4643 
1 2 0 4644 
1 2 0 4645 
2 2 0 4644 
3 2 4646 4647 
1 2 0 4648 
2 2 0 4644 
2 2 0 4645 
3 3 4649 4650 4651 
1 2 0 4652 
2 2 0 4648 
3 2 4653 4654 
1 2 0 4655 
2 2 0 4652 
3 2 4656 4657 
1 2 0 4658 
1 2 0 4659 
2 2 0 4658 
3 2 4660 4661 
1 2 0 4662 
4 1 0 
4 2 0 4589 
4 2 0 4592 
4 2 0 4593 
4 2 0 4596 
4 2 0 4597 
4 2 0 4600 
4 2 0 4601 
4 2 0 4602 
4 2 0 4605 
4 2 0 4606 
4 2 0 4607 
4 2 0 4610 
4 2 0 4611 
4 2 0 4614 
4 2 0 4617 
4 2 0 4620 
4 2 0 4621 
4 2 0 4622 
4 2 0 4623 
4 2 0 4626 
4 2 0 4627 
4 2 0 4628 
4 2 0 4631 
4 2 0 4632 
4 2 0 4633 
4 2 0 4634 
4 2 0 4635 
4 2 0 4636 
4 2 0 4637 
4 2 0 4640 
4 2 0 4641 
4 2 0 4644 
4 2 0 4645 
4 2 0 4648 
4 2 0 4652 
4 2 0 4655 
4 2 0 4658 
4 2 0 4659 
4 2 0 4662 
4 2 0 4663 
1 1 0 
1 2 0 4705 
2 1 0 
3 2 4706 4707 
1 2 0 4708 
1 2 0 4709 
2 2 0 4708 
3 2 4710 4711 
1 2 0 4712 
1 2 0 4713 
1 2 0 4714 
1 2 0 4715 
1 2 0 4716 
1 2 0 4717 
2 2 0 4716 
3 2 4718 4719 
1 2 0 4720 
1 2 0 4721 
2 2 0 4720 
3 2 4722 4723 
1 2 0 4724 
1 2 0 4725 
1 2 0 4726 
2 2 0 4725 
3 2 4727 4728 
1 2 0 4729 
1 2 0 4730 
2 2 0 4729 
3 2 4731 4732 
1 2 0 4733 
2 2 0 4730 
3 2 4734 4735 
1 2 0 4736 
1 2 0 4737 
2 2 0 4736 
3 2 4738 4739 
1 2 0 4740 
4 1 0 
4 2 0 4705 
4 2 0 4708 
4 2 0 4709 
4 2 0 4712 
4 2 0 4713 
4 2 0 4714 
4 2 0 4715 
4 2 0 4716 
4 2 0 4717 
4 2 0 4720 
4 2 0 4721 
4 2 0 4724 
4 2 0 4725 
4 2 0 4726 
4 2 0 4729 
4 2 0 4730 
4 2 0 4733 
4 2 0 4736 
4 2 0 4737 
4 2 0 4740 
4 2 0 4741 
1 1 0 
1 2 0 4764 
2 1 0 
3 2 4765 4766 
1 2 0 4767 
2 2 0 4764 
3 2 4768 4769 
1 2 0 4770 
1 2 0 4771 
2 2 0 4770 
3 2 4772 4773 
1 2 0 4774 
1 2 0 4775 
1 2 0 4776 
2 2 0 4775 
3 2 4777 4778 
1 2 0 4779 
1 2 0 4780 
2 2 0 4779 
3 2 4781 4782 
1 2 0 4783 
1 2 0 4784 
2 2 0 4783 
3 2 4785 4786 
1 2 0 4787 
2 2 0 4783 
2 2 0 4784 
3 3 4788 4789 4790 
1 2 0 4791 
2 2 0 4787 
3 2 4792 4793 
1 2 0 4794 
1 2 0 4795 
1 2 0 4796 
2 2 0 4795 
3 2 4797 4798 
1 2 0 4799 
1 2 0 4800 
2 2 0 4799 
3 2 4801 4802 
1 2 0 4803 
1 2 0 4804 
1 2 0 4805 
2 2 0 4804 
3 2 4806 4807 
1 2 0 4808 
2 2 0 4804 
2 2 0 4805 
3 3 4809 4810 4811 
1 2 0 4812 
2 2 0 4808 
3 2 4813 4814 
1 2 0 4815 
2 2 0 4808 
2 2 0 4812 
3 3 4816 4817 4818 
1 2 0 4819 
1 2 0 4820 
1 2 0 4821 
2 2 0 4820 
3 2 4822 4823 
1 2 0 4824 
1 2 0 4825 
2 2 0 4824 
3 2 4826 4827 
1 2 0 4828 
2 2 0 4824 
2 2 0 4825 
3 3 4829 4830 4831 
1 2 0 4832 
1 2 0 4833 
1 2 0 4834 
1 2 0 4835 
2 2 0 4834 
3 2 4836 4837 
1 2 0 4838 
1 2 0 4839 
1 2 0 4840 
2 2 0 4839 
3 2 4841 4842 
1 2 0 4843 
4 1 0 
4 2 0 4764 
4 2 0 4767 
4 2 0 4770 
4 2 0 4771 
4 2 0 4774 
4 2 0 4775 
4 2 0 4776 
4 2 0 4779 
4 2 0 4780 
4 2 0 4783 
4 2 0 4784 
4 2 0 4787 
4 2 0 4791 
4 2 0 4794 
4 2 0 4795 
4 2 0 4796 
4 2 0 4799 
4 2 0 4800 
4 2 0 4803 
4 2 0 4804 
4 2 0 4805 
4 2 0 4808 
4 2 0 4812 
4 2 0 4815 
4 2 0 4819 
4 2 0 4820 
4 2 0 4821 
4 2 0 4824 
4 2 0 4825 
4 2 0 4828 
4 2 0 4832 
4 2 0 4833 
4 2 0 4834 
4 2 0 4835 
4 2 0 4838 
4 2 0 4839 
4 2 0 4840 
4 2 0 4843 
4 2 0 4844 
1 1 0 
1 2 0 4885 
2 1 0 
3 2 4886 4887 
1 2 0 4888 
2 1 0 
2 2 0 4885 
3 3 4889 4890 4891 
1 2 0 4892 
2 2 0 4888 
3 2 4893 4894 
1 2 0 4895 
2 2 0 4892 
3 2 4896 4897 
1 2 0 4898 
1 2 0 4899 
2 2 0 4898 
3 2 4900 4901 
1 2 0 4902 
1 2 0 4903 
1 2 0 4904 
1 2 0 4905 
1 2 0 4906 
2 2 0 4905 
3 2 4907 4908 
1 2 0 4909 
1 2 0 4910 
2 2 0 4909 
3 2 4911 4912 
1 2 0 4913 
2 2 0 4910 
3 2 4914 4915 
1 2 0 4916 
1 2 0 4917 
1 2 0 4918 
2 2 0 4917 
3 2 4919 4920 
1 2 0 4921 
2 2 0 4918 
3 2 4922 4923 
1 2 0 4924 
2 2 0 4921 
3 2 4925 4926 
1 2 0 4927 
4 1 0 
4 2 0 4885 
4 2 0 4888 
4 2 0 4892 
4 2 0 4895 
4 2 0 4898 
4 2 0 4899 
4 2 0 4902 
4 2 0 4903 
4 2 0 4904 
4 2 0 4905 
4 2 0 4906 
4 2 0 4909 
4 2 0 4910 
4 2 0 4913 
4 2 0 4916 
4 2 0 4917 
4 2 0 4918 
4 2 0 4921 
4 2 0 4924 
4 2 0 4927 
4 2 0 4928 
1 1 0 
1 2 0 4951 
2 1 0 
3 2 4952 4953 
1 2 0 4954 
2 1 0 
2 2 0 4951 
3 3 4955 4956 4957 
1 2 0 4958 
2 2 0 4954 
3 2 4959 4960 
1 2 0 4961 
2 2 0 4958 
3 2 4962 4963 
1 2 0 4964 
2 2 0 4958 
3 2 4965 4966 
1 2 0 4967 
2 2 0 4964 
3 2 4968 4969 
1 2 0 4970 
1 2 0 4971 
1 2 0 4972 
2 2 0 4971 
3 2 4973 4974 
1 2 0 4975 
1 2 0 4976 
1 2 0 4977 
2 2 0 4976 
3 2 4978 4979 
1 2 0 4980 
1 2 0 4981 
1 2 0 4982 
1 2 0 4983 
2 2 0 4982 
3 2 4984 4985 
1 2 0 4986 
2 2 0 4982 
2 2 0 4983 
3 3 4987 4988 4989 
1 2 0 4990 
2 2 0 4986 
3 2 4991 4992 
1 2 0 4993 
2 2 0 4990 
3 2 4994 4995 
1 2 0 4996 
1 2 0 4997 
2 2 0 4996 
3 2 4998 4999 
1 2 0 5000 
1 2 0 5001 
1 2 0 5002 
2 2 0 5001 
3 2 5003 5004 
1 2 0 5005 
1 2 0 5006 
2 2 0 5005 
3 2 5007 5008 
1 2 0 5009 
1 2 0 5010 
1 2 0 5011 
2 2 0 5010 
3 2 5012 5013 
1 2 0 5014 
1 2 0 5015 
2 2 0 5014 
3 2 5016 5017 
1 2 0 5018 
4 1 0 
4 2 0 4951 
4 2 0 4954 
4 2 0 4958 
4 2 0 4961 
4 2 0 4964 
4 2 0 4967 
4 2 0 4970 
4 2 0 4971 
4 2 0 4972 
4 2 0 4975 
4 2 0 4976 
4 2 0 4977 
4 2 0 4980 
4 2 0 4981 
4 2 0 4982 
4 2 0 4983 
4 2 0 4986 
4 2 0 4990 
4 2 0 4993 
4 2 0 4996 
4 2 0 4997 
4 2 0 5000 
4 2 0 5001 
4 2 0 5002 
4 2 0 5005 
4 2 0 5006 
4 2 0 5009 
4 2 0 5010 
4 2 0 5011 
4 2 0 5014 
4 2 0 5015 
4 2 0 5018 
4 2 0 5019 
1 1 0 
1 2 0 5054 
2 1 0 
3 2 5055 5056 
1 2 0 5057 
1 2 0 5058 
2 2 0 5057 
3 2 5059 5060 
1 2 0 5061 
2 2 0 5057 
2 2 0 5058 
3 3 5062 5063 5064 
1 2 0 5065 
2 2 0 5061 
3 2 5066 5067 
1 2 0 5068 
2 2 0 5065 
3 2 5069 5070 
1 2 0 5071 
1 2 0 5072 
2 2 0 5071 
3 2 5073 5074 
1 2 0 5075 
1 2 0 5076 
1 2 0 5077 
2 2 0 5076 
3 2 5078 5079 
1 2 0 5080 
2 2 0 5076 
2 2 0 5077 
3 3 5081 5082 5083 
1 2 0 5084 
2 2 0 5076 
2 2 0 5077 
2 2 0 5080 
3 4 5085 5086 5087 5088 
1 2 0 5089 
2 2 0 5080 
2 2 0 5084 
3 3 5090 5091 5092 
1 2 0 5093 
1 2 0 5094 
2 2 0 5093 
3 2 5095 5096 
1 2 0 5097 
1 2 0 5098 
1 2 0 5099 
2 2 0 5098 
3 2 5100 5101 
1 2 0 5102 
1 2 0 5103 
2 2 0 5102 
3 2 5104 5105 
1 2 0 5106 
2 2 0 5102 
2 2 0 5103 
3 3 5107 5108 5109 
1 2 0 5110 
2 2 0 5106 
3 2 5111 5112 
1 2 0 5113 
2 2 0 5110 
3 2 5114 5115 
1 2 0 5116 
1 2 0 5117 
2 2 0 5116 
3 2 5118 5119 
1 2 0 5120 
1 2 0 5121 
1 2 0 5122 
1 2 0 5123 
2 2 0 5122 
3 2 5124 5125 
1 2 0 5126 
2 2 0 5122 
2 2 0 5123 
3 3 5127 5128 5129 
1 2 0 5130 
2 2 0 5122 
2 2 0 5123 
2 2 0 5126 
3 4 5131 5132 5133 5134 
1 2 0 5135 
2 2 0 5126 
2 2 0 5130 
3 3 5136 5137 5138 
1 2 0 5139 
1 2 0 5140 
2 2 0 5139 
3 2 5141 5142 
1 2 0 5143 
2 2 0 5140 
3 2 5144 5145 
1 2 0 5146 
2 2 0 5143 
3 2 5147 5148 
1 2 0 5149 
2 2 0 5146 
3 2 5150 5151 
1 2 0 5152 
4 1 0 
4 2 0 5054 
4 2 0 5057 
4 2 0 5058 
4 2 0 5061 
4 2 0 5065 
4 2 0 5068 
4 2 0 5071 
4 2 0 5072 
4 2 0 5075 
4 2 0 5076 
4 2 0 5077 
4 2 0 5080 
4 2 0 5084 
4 2 0 5089 
4 2 0 5093 
4 2 0 5094 
4 2 0 5097 
4 2 0 5098 
4 2 0 5099 
4 2 0 5102 
4 2 0 5103 
4 2 0 5106 
4 2 0 5110 
4 2 0 5113 
4 2 0 5116 
4 2 0 5117 
4 2 0 5120 
4 2 0 5121 
4 2 0 5122 
4 2 0 5123 
4 2 0 5126 
4 2 0 5130 
4 2 0 5135 
4 2 0 5139 
4 2 0 5140 
4 2 0 5143 
4 2 0 5146 
4 2 0 5149 
4 2 0 5152 
4 2 0 5153 
1 1 0 
1 2 0 5195 
2 1 0 
3 2 5196 5197 
1 2 0 5198 
1 2 0 5199 
1 2 0 5200 
2 2 0 5199 
3 2 5201 5202 
1 2 0 5203 
2 2 0 5200 
3 2 5204 5205 
1 2 0 5206 
2 2 0 5203 
3 2 5207 5208 
1 2 0 5209 
1 2 0 5210 
2 2 0 5209 
3 2 5211 5212 
1 2 0 5213 
1 2 0 5214 
2 2 0 5213 
3 2 5215 5216 
1 2 0 5217 
2 2 0 5213 
2 2 0 5214 
3 3 5218 5219 5220 
1 2 0 5221 
2 2 0 5217 
3 2 5222 5223 
1 2 0 5224 
2 2 0 5221 
3 2 5225 5226 
1 2 0 5227 
2 2 0 5221 
3 2 5228 5229 
1 2 0 5230 
2 2 0 5227 
3 2 5231 5232 
1 2 0 5233 
4 1 0 
4 2 0 5195 
4 2 0 5198 
4 2 0 5199 
4 2 0 5200 
4 2 0 5203 
4 2 0 5206 
4 2 0 5209 
4 2 0 5210 
4 2 0 5213 
4 2 0 5214 
4 2 0 5217 
4 2 0 5221 
4 2 0 5224 
4 2 0 5227 
4 2 0 5230 
4 2 0 5233 
4 2 0 5234 
1 1 0 
1 2 0 5253 
2 1 0 
3 2 5254 5255 
1 2 0 5256 
1 2 0 5257 
2 2 0 5256 
3 2 5258 5259 
1 2 0 5260 
2 2 0 5256 
2 2 0 5257 
3 3 5261 5262 5263 
1 2 0 5264 
1 2 0 5265 
1 2 0 5266 
2 2 0 5265 
3 2 5267 5268 
1 2 0 5269 
2 2 0 5266 
3 2 5270 5271 
1 2 0 5272 
2 2 0 5269 
3 2 5273 5274 
1 2 0 5275 
1 2 0 5276 
2 2 0 5275 
3 2 5277 5278 
1 2 0 5279 
1 2 0 5280 
1 2 0 5281 
1 2 0 5282 
2 2 0 5281 
3 2 5283 5284 
1 2 0 5285 
2 2 0 5281 
2 2 0 5282 
3 3 5286 5287 5288 
1 2 0 5289 
2 2 0 5281 
2 2 0 5282 
2 2 0 5285 
3 4 5290 5291 5292 5293 
1 2 0 5294 
2 2 0 5285 
2 2 0 5289 
3 3 5295 5296 5297 
1 2 0 5298 
2 2 0 5294 
3 2 5299 5300 
1 2 0 5301 
2 2 0 5298 
3 2 5302 5303 
1 2 0 5304 
4 1 0 
4 2 0 5253 
4 2 0 5256 
4 2 0 5257 
4 2 0 5260 
4 2 0 5264 
4 2 0 5265 
4 2 0 5266 
4 2 0 5269 
4 2 0 5272 
4 2 0 5275 
4 2 0 5276 
4 2 0 5279 
4 2 0 5280 
4 2 0 5281 
4 2 0 5282 
4 2 0 5285 
4 2 0 5289 
4 2 0 5294 
4 2 0 5298 
4 2 0 5301 
4 2 0 5304 
4 2 0 5305 
1 1 0 
1 2 0 5329 
1 2 0 5330 
1 2 0 5331 
2 2 0 5330 
3 2 5332 5333 
1 2 0 5334 
1 2 0 5335 
1 2 0 5336 
2 2 0 5335 
3 2 5337 5338 
1 2 0 5339 
1 2 0 5340 
1 2 0 5341 
2 2 0 5340 
3 2 5342 5343 
1 2 0 5344 
1 2 0 5345 
1 2 0 5346 
2 2 0 5345 
3 2 5347 5348 
1 2 0 5349 
1 2 0 5350 
2 2 0 5349 
3 2 5351 5352 
1 2 0 5353 
2 2 0 5350 
3 2 5354 5355 
1 2 0 5356 
2 2 0 5350 
2 2 0 5353 
3 3 5357 5358 5359 
1 2 0 5360 
2 2 0 5356 
3 2 5361 5362 
1 2 0 5363 
1 2 0 5364 
2 2 0 5363 
3 2 5365 5366 
1 2 0 5367 
1 2 0 5368 
1 2 0 5369 
2 2 0 5368 
3 2 5370 5371 
1 2 0 5372 
2 2 0 5368 
2 2 0 5369 
3 3 5373 5374 5375 
1 2 0 5376 
2 2 0 5372 
3 2 5377 5378 
1 2 0 5379 
2 2 0 5376 
3 2 5380 5381 
1 2 0 5382 
1 2 0 5383 
2 2 0 5382 
3 2 5384 5385 
1 2 0 5386 
2 2 0 5383 
3 2 5387 5388 
1 2 0 5389 
2 2 0 5386 
3 2 5390 5391 
1 2 0 5392 
1 2 0 5393 
1 2 0 5394 
2 2 0 5393 
3 2 5395 5396 
1 2 0 5397 
2 2 0 5393 
2 2 0 5394 
3 3 5398 5399 5400 
1 2 0 5401 
2 2 0 5397 
3 2 5402 5403 
1 2 0 5404 
2 2 0 5401 
3 2 5405 5406 
1 2 0 5407 
1 2 0 5408 
2 2 0 5407 
3 2 5409 5410 
1 2 0 5411 
1 2 0 5412 
1 2 0 5413 
2 2 0 5412 
3 2 5414 5415 
1 2 0 5416 
2 2 0 5413 
3 2 5417 5418 
1 2 0 5419 
2 2 0 5416 
3 2 5420 5421 
1 2 0 5422 
1 2 0 5423 
2 2 0 5422 
3 2 5424 5425 
1 2 0 5426 
1 2 0 5427 
2 2 0 5426 
3 2 5428 5429 
1 2 0 5430 
1 2 0 5431 
1 2 0 5432 
2 2 0 5431 
3 2 5433 5434 
1 2 0 5435 
1 2 0 5436 
2 2 0 5432 
2 2 0 5435 
3 3 5437 5438 5439 
1 2 0 5440 
1 2 0 5441 
1 2 0 5442 
1 2 0 5443 
2 2 0 5442 
3 2 5444 5445 
1 2 0 5446 
4 1 0 
4 2 0 5329 
4 2 0 5330 
4 2 0 5331 
4 2 0 5334 
4 2 0 5335 
4 2 0 5336 
4 2 0 5339 
4 2 0 5340 
4 2 0 5341 
4 2 0 5344 
4 2 0 5345 
4 2 0 5346 
4 2 0 5349 
4 2 0 5350 
4 2 0 5353 
4 2 0 5356 
4 2 0 5360 
4 2 0 5363 
4 2 0 5364 
4 2 0 5367 
4 2 0 5368 
4 2 0 5369 
4 2 0 5372 
4 2 0 5376 
4 2 0 5379 
4 2 0 5382 
4 2 0 5383 
4 2 0 5386 
4 2 0 5389 
4 2 0 5392 
4 2 0 5393 
4 2 0 5394 
4 2 0 5397 
4 2 0 5401 
4 2 0 5404 
4 2 0 5407 
4 2 0 5408 
4 2 0 5411 
4 2 0 5412 
4 2 0 5413 
4 2 0 5416 
4 2 0 5419 
4 2 0 5422 
4 2 0 5423 
4 2 0 5426 
4 2 0 5427 
4 2 0 5430 
4 2 0 5431 
4 2 0 5432 
4 2 0 5435 
4 2 0 5436 
4 2 0 5440 
4 2 0 5441 
4 2 0 5442 
4 2 0 5443 
4 2 0 5446 
4 2 0 5447 
1 1 0 
1 2 0 5506 
2 1 0 
3 2 5507 5508 
1 2 0 5509 
1 2 0 5510 
1 2 0 5511 
2 2 0 5510 
3 2 5512 5513 
1 2 0 5514 
1 2 0 5515 
1 2 0 5516 
2 2 0 5515 
3 2 5517 5518 
1 2 0 5519 
1 2 0 5520 
1 2 0 5521 
1 2 0 5522 
2 2 0 5521 
3 2 5523 5524 
1 2 0 5525 
1 2 0 5526 
2 2 0 5525 
3 2 5527 5528 
1 2 0 5529 
2 2 0 5525 
2 2 0 5526 
3 3 5530 5531 5532 
1 2 0 5533 
2 2 0 5529 
3 2 5534 5535 
1 2 0 5536 
2 2 0 5533 
3 2 5537 5538 
1 2 0 5539 
2 2 0 5533 
2 2 0 5536 
3 3 5540 5541 5542 
1 2 0 5543 
1 2 0 5544 
1 2 0 5545 
2 2 0 5544 
3 2 5546 5547 
1 2 0 5548 
1 2 0 5549 
2 2 0 5548 
3 2 5550 5551 
1 2 0 5552 
2 2 0 5548 
2 2 0 5549 
3 3 5553 5554 5555 
1 2 0 5556 
1 2 0 5557 
1 2 0 5558 
1 2 0 5559 
2 2 0 5558 
3 2 5560 5561 
1 2 0 5562 
1 2 0 5563 
2 2 0 5562 
3 2 5564 5565 
1 2 0 5566 
2 2 0 5562 
2 2 0 5563 
3 3 5567 5568 5569 
1 2 0 5570 
1 2 0 5571 
1 2 0 5572 
1 2 0 5573 
2 2 0 5572 
3 2 5574 5575 
1 2 0 5576 
1 2 0 5577 
2 2 0 5576 
3 2 5578 5579 
1 2 0 5580 
1 2 0 5581 
2 2 0 5580 
3 2 5582 5583 
1 2 0 5584 
2 2 0 5580 
2 2 0 5581 
3 3 5585 5586 5587 
1 2 0 5588 
1 2 0 5589 
2 2 0 5588 
3 2 5590 5591 
1 2 0 5592 
1 2 0 5593 
1 2 0 5594 
2 2 0 5593 
3 2 5595 5596 
1 2 0 5597 
1 2 0 5598 
1 2 0 5599 
2 2 0 5598 
3 2 5600 5601 
1 2 0 5602 
1 2 0 5603 
1 2 0 5604 
1 2 0 5605 
2 2 0 5604 
3 2 5606 5607 
1 2 0 5608 
1 2 0 5609 
1 2 0 5610 
2 2 0 5609 
3 2 5611 5612 
1 2 0 5613 
2 2 0 5609 
2 2 0 5610 
3 3 5614 5615 5616 
1 2 0 5617 
1 2 0 5618 
1 2 0 5619 
1 2 0 5620 
2 2 0 5619 
3 2 5621 5622 
1 2 0 5623 
2 2 0 5619 
2 2 0 5620 
3 3 5624 5625 5626 
1 2 0 5627 
2 2 0 5623 
3 2 5628 5629 
1 2 0 5630 
2 2 0 5627 
3 2 5631 5632 
1 2 0 5633 
1 2 0 5634 
2 2 0 5633 
3 2 5635 5636 
1 2 0 5637 
1 2 0 5638 
2 2 0 5637 
3 2 5639 5640 
1 2 0 5641 
4 1 0 
4 2 0 5506 
4 2 0 5509 
4 2 0 5510 
4 2 0 5511 
4 2 0 5514 
4 2 0 5515 
4 2 0 5516 
4 2 0 5519 
4 2 0 5520 
4 2 0 5521 
4 2 0 5522 
4 2 0 5525 
4 2 0 5526 
4 2 0 5529 
4 2 0 5533 
4 2 0 5536 
4 2 0 5539 
4 2 0 5543 
4 2 0 5544 
4 2 0 5545 
4 2 0 5548 
4 2 0 5549 
4 2 0 5552 
4 2 0 5556 
4 2 0 5557 
4 2 0 5558 
4 2 0 5559 
4 2 0 5562 
4 2 0 5563 
4 2 0 5566 
4 2 0 5570 
4 2 0 5571 
4 2 0 5572 
4 2 0 5573 
4 2 0 5576 
4 2 0 5577 
4 2 0 5580 
4 2 0 5581 
4 2 0 5584 
4 2 0 5588 
4 2 0 5589 
4 2 0 5592 
4 2 0 5593 
4 2 0 5594 
4 2 0 5597 
4 2 0 5598 
4 2 0 5599 
4 2 0 5602 
4 2 0 5603 
4 2 0 5604 
4 2 0 5605 
4 2 0 5608 
4 2 0 5609 
4 2 0 5610 
4 2 0 5613 
4 2 0 5617 
4 2 0 5618 
4 2 0 5619 
4 2 0 5620 
4 2 0 5623 
4 2 0 5627 
4 2 0 5630 
4 2 0 5633 
4 2 0 5634 
4 2 0 5637 
4 2 0 5638 
4 2 0 5641 
4 2 0 5642 
1 1 0 
1 2 0 5712 
1 2 0 5713 
2 2 0 5712 
3 2 5714 5715 
1 2 0 5716 
2 2 0 5712 
2 2 0 5713 
3 3 5717 5718 5719 
1 2 0 5720 
2 2 0 5712 
2 2 0 5713 
2 2 0 5716 
3 4 5721 5722 5723 5724 
1 2 0 5725 
2 2 0 5716 
2 2 0 5720 
3 3 5726 5727 5728 
1 2 0 5729 
1 2 0 5730 
1 2 0 5731 
1 2 0 5732 
2 2 0 5731 
3 2 5733 5734 
1 2 0 5735 
1 2 0 5736 
2 2 0 5735 
3 2 5737 5738 
1 2 0 5739 
2 2 0 5735 
2 2 0 5736 
3 3 5740 5741 5742 
1 2 0 5743 
2 2 0 5739 
3 2 5744 5745 
1 2 0 5746 
2 2 0 5743 
3 2 5747 5748 
1 2 0 5749 
1 2 0 5750 
2 2 0 5749 
3 2 5751 5752 
1 2 0 5753 
1 2 0 5754 
2 2 0 5753 
3 2 5755 5756 
1 2 0 5757 
1 2 0 5758 
2 2 0 5757 
3 2 5759 5760 
1 2 0 5761 
2 2 0 5758 
3 2 5762 5763 
1 2 0 5764 
2 2 0 5761 
3 2 5765 5766 
1 2 0 5767 
1 2 0 5768 
2 2 0 5767 
3 2 5769 5770 
1 2 0 5771 
2 2 0 5767 
2 2 0 5768 
3 3 5772 5773 5774 
1 2 0 5775 
1 2 0 5776 
2 2 0 5775 
3 2 5777 5778 
1 2 0 5779 
2 2 0 5775 
2 2 0 5776 
3 3 5780 5781 5782 
1 2 0 5783 
1 2 0 5784 
1 2 0 5785 
1 2 0 5786 
1 2 0 5787 
2 2 0 5786 
3 2 5788 5789 
1 2 0 5790 
1 2 0 5791 
2 2 0 5790 
3 2 5792 5793 
1 2 0 5794 
2 2 0 5790 
2 2 0 5791 
3 3 5795 5796 5797 
1 2 0 5798 
2 2 0 5794 
3 2 5799 5800 
1 2 0 5801 
2 2 0 5798 
3 2 5802 5803 
1 2 0 5804 
2 2 0 5798 
3 2 5805 5806 
1 2 0 5807 
2 2 0 5804 
3 2 5808 5809 
1 2 0 5810 
1 2 0 5811 
1 2 0 5812 
2 2 0 5811 
3 2 5813 5814 
1 2 0 5815 
1 2 0 5816 
1 2 0 5817 
1 2 0 5818 
2 2 0 5817 
3 2 5819 5820 
1 2 0 5821 
1 2 0 5822 
2 2 0 5821 
3 2 5823 5824 
1 2 0 5825 
2 2 0 5822 
3 2 5826 5827 
1 2 0 5828 
1 2 0 5829 
2 2 0 5828 
3 2 5830 5831 
1 2 0 5832 
1 2 0 5833 
1 2 0 5834 
2 2 0 5833 
3 2 5835 5836 
1 2 0 5837 
2 2 0 5833 
2 2 0 5834 
3 3 5838 5839 5840 
1 2 0 5841 
2 2 0 5837 
3 2 5842 5843 
1 2 0 5844 
2 2 0 5841 
3 2 5845 5846 
1 2 0 5847 
2 2 0 5841 
3 2 5848 5849 
1 2 0 5850 
2 2 0 5847 
3 2 5851 5852 
1 2 0 5853 
1 2 0 5854 
2 2 0 5853 
3 2 5855 5856 
1 2 0 5857 
1 2 0 5858 
1 2 0 5859 
2 2 0 5858 
3 2 5860 5861 
1 2 0 5862 
1 2 0 5863 
1 2 0 5864 
1 2 0 5865 
2 2 0 5864 
3 2 5866 5867 
1 2 0 5868 
1 2 0 5869 
2 2 0 5868 
3 2 5870 5871 
1 2 0 5872 
2 2 0 5868 
2 2 0 5869 
3 3 5873 5874 5875 
1 2 0 5876 
1 2 0 5877 
2 2 0 5876 
3 2 5878 5879 
1 2 0 5880 
2 2 0 5876 
2 2 0 5877 
3 3 5881 5882 5883 
1 2 0 5884 
1 2 0 5885 
1 2 0 5886 
2 2 0 5885 
3 2 5887 5888 
1 2 0 5889 
2 2 0 5885 
2 2 0 5886 
3 3 5890 5891 5892 
1 2 0 5893 
2 2 0 5889 
3 2 5894 5895 
1 2 0 5896 
4 1 0 
4 2 0 5712 
4 2 0 5713 
4 2 0 5716 
4 2 0 5720 
4 2 0 5725 
4 2 0 5729 
4 2 0 5730 
4 2 0 5731 
4 2 0 5732 
4 2 0 5735 
4 2 0 5736 
4 2 0 5739 
4 2 0 5743 
4 2 0 5746 
4 2 0 5749 
4 2 0 5750 
4 2 0 5753 
4 2 0 5754 
4 2 0 5757 
4 2 0 5758 
4 2 0 5761 
4 2 0 5764 
4 2 0 5767 
4 2 0 5768 
4 2 0 5771 
4 2 0 5775 
4 2 0 5776 
4 2 0 5779 
4 2 0 5783 
4 2 0 5784 
4 2 0 5785 
4 2 0 5786 
4 2 0 5787 
4 2 0 5790 
4 2 0 5791 
4 2 0 5794 
4 2 0 5798 
4 2 0 5801 
4 2 0 5804 
4 2 0 5807 
4 2 0 5810 
4 2 0 5811 
4 2 0 5812 
4 2 0 5815 
4 2 0 5816 
4 2 0 5817 
4 2 0 5818 
4 2 0 5821 
4 2 0 5822 
4 2 0 5825 
4 2 0 5828 
4 2 0 5829 
4 2 0 5832 
4 2 0 5833 
4 2 0 5834 
4 2 0 5837 
4 2 0 5841 
4 2 0 5844 
4 2 0 5847 
4 2 0 5850 
4 2 0 5853 
4 2 0 5854 
4 2 0 5857 
4 2 0 5858 
4 2 0 5859 
4 2 0 5862 
4 2 0 5863 
4 2 0 5864 
4 2 0 5865 
4 2 0 5868 
4 2 0 5869 
4 2 0 5872 
4 2 0 5876 
4 2 0 5877 
4 2 0 5880 
4 2 0 5884 
4 2 0 5885 
4 2 0 5886 
4 2 0 5889 
4 2 0 5893 
4 2 0 5896 
4 2 0 5897 
1 1 0 
1 2 0 5981 
1 2 0 5982 
2 2 0 5981 
3 2 5983 5984 
1 2 0 5985 
1 2 0 5986 
1 2 0 5987 
2 2 0 5986 
3 2 5988 5989 
1 2 0 5990 
1 2 0 5991 
1 2 0 5992 
1 2 0 5993 
2 2 0 5992 
3 2 5994 5995 
1 2 0 5996 
1 2 0 5997 
2 2 0 5996 
3 2 5998 5999 
1 2 0 6000 
2 2 0 5996 
2 2 0 5997 
3 3 6001 6002 6003 
1 2 0 6004 
1 2 0 6005 
2 2 0 6004 
3 2 6006 6007 
1 2 0 6008 
1 2 0 6009 
1 2 0 6010 
2 2 0 6009 
3 2 6011 6012 
1 2 0 6013 
1 2 0 6014 
1 2 0 6015 
2 2 0 6014 
3 2 6016 6017 
1 2 0 6018 
2 2 0 6015 
3 2 6019 6020 
1 2 0 6021 
2 2 0 6018 
3 2 6022 6023 
1 2 0 6024 
1 2 0 6025 
1 2 0 6026 
2 2 0 6025 
3 2 6027 6028 
1 2 0 6029 
1 2 0 6030 
2 2 0 6029 
3 2 6031 6032 
1 2 0 6033 
1 2 0 6034 
1 2 0 6035 
2 2 0 6034 
3 2 6036 6037 
1 2 0 6038 
1 2 0 6039 
1 2 0 6040 
2 2 0 6039 
3 2 6041 6042 
1 2 0 6043 
1 2 0 6044 
1 2 0 6045 
1 2 0 6046 
1 2 0 6047 
1 2 0 6048 
2 2 0 6047 
3 2 6049 6050 
1 2 0 6051 
2 2 0 6048 
3 2 6052 6053 
1 2 0 6054 
1 2 0 6055 
2 2 0 6054 
3 2 6056 6057 
1 2 0 6058 
1 2 0 6059 
2 2 0 6058 
3 2 6060 6061 
1 2 0 6062 
2 2 0 6058 
2 2 0 6059 
3 3 6063 6064 6065 
1 2 0 6066 
1 2 0 6067 
1 2 0 6068 
2 2 0 6067 
3 2 6069 6070 
1 2 0 6071 
1 2 0 6072 
1 2 0 6073 
1 2 0 6074 
2 2 0 6073 
3 2 6075 6076 
1 2 0 6077 
1 2 0 6078 
2 2 0 6077 
3 2 6079 6080 
1 2 0 6081 
2 2 0 6077 
2 2 0 6078 
3 3 6082 6083 6084 
1 2 0 6085 
2 2 0 6081 
3 2 6086 6087 
1 2 0 6088 
2 2 0 6081 
2 2 0 6085 
3 3 6089 6090 6091 
1 2 0 6092 
1 2 0 6093 
1 2 0 6094 
2 2 0 6093 
3 2 6095 6096 
1 2 0 6097 
2 2 0 6094 
3 2 6098 6099 
1 2 0 6100 
2 2 0 6097 
3 2 6101 6102 
1 2 0 6103 
1 2 0 6104 
1 2 0 6105 
2 2 0 6104 
3 2 6106 6107 
1 2 0 6108 
4 1 0 
4 2 0 5981 
4 2 0 5982 
4 2 0 5985 
4 2 0 5986 
4 2 0 5987 
4 2 0 5990 
4 2 0 5991 
4 2 0 5992 
4 2 0 5993 
4 2 0 5996 
4 2 0 5997 
4 2 0 6000 
4 2 0 6004 
4 2 0 6005 
4 2 0 6008 
4 2 0 6009 
4 2 0 6010 
4 2 0 6013 
4 2 0 6014 
4 2 0 6015 
4 2 0 6018 
4 2 0 6021 
4 2 0 6024 
4 2 0 6025 
4 2 0 6026 
4 2 0 6029 
4 2 0 6030 
4 2 0 6033 
4 2 0 6034 
4 2 0 6035 
4 2 0 6038 
4 2 0 6039 
4 2 0 6040 
4 2 0 6043 
4 2 0 6044 
4 2 0 6045 
4 2 0 6046 
4 2 0 6047 
4 2 0 6048 
4 2 0 6051 
4 2 0 6054 
4 2 0 6055 
4 2 0 6058 
4 2 0 6059 
4 2 0 6062 
4 2 0 6066 
4 2 0 6067 
4 2 0 6068 
4 2 0 6071 
4 2 0 6072 
4 2 0 6073 
4 2 0 6074 
4 2 0 6077 
4 2 0 6078 
4 2 0 6081 
4 2 0 6085 
4 2 0 6088 
4 2 0 6092 
4 2 0 6093 
4 2 0 6094 
4 2 0 6097 
4 2 0 6100 
4 2 0 6103 
4 2 0 6104 
4 2 0 6105 
4 2 0 6108 
4 2 0 6109 
1 1 0 
1 2 0 6178 
1 2 0 6179 
2 2 0 6178 
3 2 6180 6181 
1 2 0 6182 
2 2 0 6178 
2 2 0 6179 
3 3 6183 6184 6185 
1 2 0 6186 
2 2 0 6178 
2 2 0 6179 
2 2 0 6182 
3 4 6187 6188 6189 6190 
1 2 0 6191 
2 2 0 6182 
2 2 0 6186 
3 3 6192 6193 6194 
1 2 0 6195 
1 2 0 6196 
2 2 0 6195 
3 2 6197 6198 
1 2 0 6199 
1 2 0 6200 
2 2 0 6199 
3 2 6201 6202 
1 2 0 6203 
1 2 0 6204 
1 2 0 6205 
1 2 0 6206 
2 2 0 6205 
3 2 6207 6208 
1 2 0 6209 
2 2 0 6205 
2 2 0 6206 
3 3 6210 6211 6212 
1 2 0 6213 
2 2 0 6209 
3 2 6214 6215 
1 2 0 6216 
2 2 0 6213 
3 2 6217 6218 
1 2 0 6219 
2 2 0 6216 
3 2 6220 6221 
1 2 0 6222 
2 2 0 6216 
3 2 6223 6224 
1 2 0 6225 
1 2 0 6226 
2 2 0 6225 
3 2 6227 6228 
1 2 0 6229 
2 2 0 6225 
2 2 0 6226 
3 3 6230 6231 6232 
1 2 0 6233 
2 2 0 6229 
3 2 6234 6235 
1 2 0 6236 
2 2 0 6233 
3 2 6237 6238 
1 2 0 6239 
2 2 0 6233 
2 2 0 6236 
3 3 6240 6241 6242 
1 2 0 6243 
1 2 0 6244 
1 2 0 6245 
2 2 0 6244 
3 2 6246 6247 
1 2 0 6248 
1 2 0 6249 
1 2 0 6250 
1 2 0 6251 
2 2 0 6250 
3 2 6252 6253 
1 2 0 6254 
1 2 0 6255 
1 2 0 6256 
2 2 0 6255 
3 2 6257 6258 
1 2 0 6259 
1 2 0 6260 
2 2 0 6259 
3 2 6261 6262 
1 2 0 6263 
2 2 0 6259 
2 2 0 6260 
3 3 6264 6265 6266 
1 2 0 6267 
2 2 0 6263 
3 2 6268 6269 
1 2 0 6270 
2 2 0 6267 
3 2 6271 6272 
1 2 0 6273 
1 2 0 6274 
2 2 0 6273 
3 2 6275 6276 
1 2 0 6277 
2 2 0 6273 
3 2 6278 6279 
1 2 0 6280 
1 2 0 6281 
1 2 0 6282 
2 2 0 6281 
3 2 6283 6284 
1 2 0 6285 
2 2 0 6282 
3 2 6286 6287 
1 2 0 6288 
2 2 0 6285 
3 2 6289 6290 
1 2 0 6291 
1 2 0 6292 
1 2 0 6293 
2 2 0 6292 
3 2 6294 6295 
1 2 0 6296 
1 2 0 6297 
2 2 0 6296 
3 2 6298 6299 
1 2 0 6300 
1 2 0 6301 
2 2 0 6300 
3 2 6302 6303 
1 2 0 6304 
1 2 0 6305 
2 2 0 6304 
3 2 6306 6307 
1 2 0 6308 
2 2 0 6304 
2 2 0 6305 
3 3 6309 6310 6311 
1 2 0 6312 
1 2 0 6313 
1 2 0 6314 
2 2 0 6313 
3 2 6315 6316 
1 2 0 6317 
2 2 0 6314 
3 2 6318 6319 
1 2 0 6320 
2 2 0 6317 
3 2 6321 6322 
1 2 0 6323 
1 2 0 6324 
2 2 0 6323 
3 2 6325 6326 
1 2 0 6327 
2 2 0 6323 
3 2 6328 6329 
1 2 0 6330 
1 2 0 6331 
2 2 0 6330 
3 2 6332 6333 
1 2 0 6334 
1 2 0 6335 
1 2 0 6336 
2 2 0 6335 
3 2 6337 6338 
1 2 0 6339 
4 1 0 
4 2 0 6178 
4 2 0 6179 
4 2 0 6182 
4 2 0 6186 
4 2 0 6191 
4 2 0 6195 
4 2 0 6196 
4 2 0 6199 
4 2 0 6200 
4 2 0 6203 
4 2 0 6204 
4 2 0 6205 
4 2 0 6206 
4 2 0 6209 
4 2 0 6213 
4 2 0 6216 
4 2 0 6219 
4 2 0 6222 
4 2 0 6225 
4 2 0 6226 
4 2 0 6229 
4 2 0 6233 
4 2 0 6236 
4 2 0 6239 
4 2 0 6243 
4 2 0 6244 
4 2 0 6245 
4 2 0 6248 
4 2 0 6249 
4 2 0 6250 
4 2 0 6251 
4 2 0 6254 
4 2 0 6255 
4 2 0 6256 
4 2 0 6259 
4 2 0 6260 
4 2 0 6263 
4 2 0 6267 
4 2 0 6270 
4 2 0 6273 
4 2 0 6274 
4 2 0 6277 
4 2 0 6280 
4 2 0 6281 
4 2 0 6282 
4 2 0 6285 
4 2 0 6288 
4 2 0 6291 
4 2 0 6292 
4 2 0 6293 
4 2 0 6296 
4 2 0 6297 
4 2 0 6300 
4 2 0 6301 
4 2 0 6304 
4 2 0 6305 
4 2 0 6308 
4 2 0 6312 
4 2 0 6313 
4 2 0 6314 
4 2 0 6317 
4 2 0 6320 
4 2 0 6323 
4 2 0 6324 
4 2 0 6327 
4 2 0 6330 
4 2 0 6331 
4 2 0 6334 
4 2 0 6335 
4 2 0 6336 
4 2 0 6339 
4 2 0 6340 
1 1 0 
1 2 0 6414 
2 1 0 
3 2 6415 6416 
1 2 0 6417 
1 2 0 6418 
1 2 0 6419 
2 2 0 6418 
3 2 6420 6421 
1 2 0 6422 
1 2 0 6423 
2 2 0 6422 
3 2 6424 6425 
1 2 0 6426 
1 2 0 6427 
1 2 0 6428 
1 2 0 6429 
2 2 0 6428 
3 2 6430 6431 
1 2 0 6432 
1 2 0 6433 
2 2 0 6432 
3 2 6434 6435 
1 2 0 6436 
2 2 0 6433 
3 2 6437 6438 
1 2 0 6439 
2 2 0 6436 
3 2 6440 6441 
1 2 0 6442 
1 2 0 6443 
2 2 0 6442 
3 2 6444 6445 
1 2 0 6446 
2 2 0 6442 
2 2 0 6443 
3 3 6447 6448 6449 
1 2 0 6450 
2 2 0 6446 
3 2 6451 6452 
1 2 0 6453 
2 2 0 6450 
3 2 6454 6455 
1 2 0 6456 
1 2 0 6457 
2 2 0 6456 
3 2 6458 6459 
1 2 0 6460 
1 2 0 6461 
2 2 0 6460 
3 2 6462 6463 
1 2 0 6464 
2 2 0 6461 
3 2 6465 6466 
1 2 0 6467 
2 2 0 6464 
3 2 6468 6469 
1 2 0 6470 
1 2 0 6471 
1 2 0 6472 
2 2 0 6471 
3 2 6473 6474 
1 2 0 6475 
4 1 0 
4 2 0 6414 
4 2 0 6417 
4 2 0 6418 
4 2 0 6419 
4 2 0 6422 
4 2 0 6423 
4 2 0 6426 
4 2 0 6427 
4 2 0 6428 
4 2 0 6429 
4 2 0 6432 
4 2 0 6433 
4 2 0 6436 
4 2 0 6439 
4 2 0 6442 
4 2 0 6443 
4 2 0 6446 
4 2 0 6450 
4 2 0 6453 
4 2 0 6456 
4 2 0 6457 
4 2 0 6460 
4 2 0 6461 
4 2 0 6464 
4 2 0 6467 
4 2 0 6470 
4 2 0 6471 
4 2 0 6472 
4 2 0 6475 
4 2 0 6476 
17 2134 206 207 208 209 210 211 212 213 214 215 216 217 218 219 220 221 222 223 224 225 226 227 228 229 230 231 232 233 234 235 236 237 238 239 240 241 242 243 244 245 246 247 248 249 250 251 252 253 254 255 256 257 258 259 260 261 262 263 264 265 266 267 268 269 270 271 272 273 274 275 276 277 278 279 280 281 282 283 284 285 286 287 288 289 290 291 292 293 294 295 296 297 298 299 300 301 302 303 336 337 338 339 340 341 342 343 344 345 346 347 348 349 350 351 377 378 379 380 381 382 383 384 385 386 387 563 564 565 566 567 568 569 570 571 572 573 574 575 576 577 578 579 580 581 582 583 584 585 586 587 588 589 590 591 592 593 594 595 596 597 598 599 600 601 602 603 604 605 606 607 608 609 610 611 612 613 614 615 616 617 618 619 620 621 622 623 624 625 626 627 628 629 630 631 632 633 634 635 636 637 758 759 760 761 762 763 764 765 766 767 768 769 770 771 772 773 774 775 776 777 778 779 780 781 782 783 784 785 786 787 788 789 790 791 792 793 794 795 796 797 798 799 800 801 802 803 804 805 806 807 808 809 810 811 812 813 814 943 944 945 946 947 948 949 950 951 952 953 954 955 956 957 958 959 960 961 962 963 964 965 966 967 968 969 970 971 972 973 974 975 976 977 978 979 980 981 982 983 984 985 986 987 988 989 990 991 992 993 994 995 996 997 998 1014 1015 1016 1017 1018 1019 1020 1021 1022 1074 1075 1076 1077 1078 1079 1080 1081 1082 1083 1084 1085 1086 1087 1088 1089 1090 1091 1092 1093 1094 1095 1096 1097 1098 1162 1163 1164 1165 1166 1167 1168 1169 1170 1171 1172 1173 1174 1175 1176 1177 1178 1179 1180 1181 1182 1183 1184 1185 1186 1187 1188 1189 1190 1191 1242 1243 1244 1245 1246 1247 1248 1249 1250 1251 1252 1253 1254 1255 1256 1257 1258 1259 1260 1261 1262 1263 1264 1265 1474 1475 1476 1477 1478 1479 1480 1481 1482 1483 1484 1485 1486 1487 1488 1489 1490 1491 1492 1493 1494 1495 1496 1497 1498 1499 1500 1501 1502 1503 1504 1505 1506 1507 1508 1509 1510 1511 1512 1513 1514 1515 1516 1517 1518 1519 1520 1521 1522 1523 1524 1525 1526 1527 1528 1529 1530 1531 1532 1533 1534 1535 1536 1537 1538 1539 1540 1541 1542 1543 1544 1545 1546 1547 1548 1549 1550 1551 1552 1553 1554 1555 1556 1557 1558 1559 1560 1561 1562 1563 1564 1565 1566 1567 1628 1629 1630 1631 1632 1633 1634 1635 1636 1637 1638 1639 1640 1641 1642 1643 1644 1645 1646 1647 1648 1649 1650 1651 1652 1653 1654 1655 1656 1657 1658 1699 1700 1701 1702 1703 1704 1705 1706 1707 1708 1709 1710 1711 1712 1713 1714 1715 1716 1717 1718 1719 1772 1773 1774 1775 1776 1777 1778 1779 1780 1781 1782 1783 1784 1785 1786 1787 1788 1789 1790 1791 1792 1793 1794 1795 1796 1797 1798 1799 1800 1801 1802 1873 1874 1875 1876 1877 1878 1879 1880 1881 1882 1883 1884 1885 1886 1887 1888 1889 1890 1891 1892 1893 1894 1895 1896 1897 1898 1899 1900 1901 1902 1903 1904 1905 1906 1907 1908 1909 1984 1985 1986 1987 1988 1989 1990 1991 1992 1993 1994 1995 1996 1997 1998 1999 2000 2001 2002 2003 2004 2005 2006 2007 2008 2009 2010 2011 2012 2013 2014 2015 2016 2017 2018 2019 2020 2021 2022 2023 2024 2025 2079 2080 2081 2082 2083 2084 2085 2086 2087 2088 2089 2090 2091 2092 2093 2094 2095 2096 2097 2098 2099 2100 2101 2102 2103 2104 2105 2177 2178 2179 2180 2181 2182 2183 2184 2185 2186 2187 2188 2189 2190 2191 2192 2193 2194 2195 2196 2197 2198 2199 2200 2201 2202 2203 2204 2205 2206 2212 2213 2214 2215 2242 2243 2244 2245 2246 2247 2248 2249 2250 2251 2252 2253 2254 2255 2256 2281 2282 2283 2284 2285 2286 2287 2288 2289 2290 2291 2292 2298 2299 2300 2301 2328 2329 2330 2331 2332 2333 2334 2335 2336 2337 2338 2339 2340 2341 2342 2442 2443 2444 2445 2446 2447 2448 2449 2450 2451 2452 2453 2454 2455 2456 2457 2458 2459 2460 2461 2462 2463 2464 2465 2466 2467 2468 2469 2470 2471 2472 2473 2474 2475 2476 2477 2478 2479 2480 2481 2482 2483 2484 2485 2486 2487 2488 2489 2549 2550 2551 2552 2553 2554 2555 2556 2557 2558 2559 2560 2561 2562 2563 2564 2565 2566 2567 2568 2569 2570 2571 2572 2573 2574 2575 2576 2577 2578 2670 2671 2672 2673 2674 2675 2676 2677 2678 2679 2680 2681 2682 2683 2684 2685 2686 2687 2688 2689 2690 2691 2692 2693 2694 2695 2696 2697 2698 2699 2700 2701 2702 2703 2704 2705 2706 2707 2708 2709 2710 2711 2712 2713 2714 2715 2716 2717 2801 2802 2803 2804 2805 2806 2807 2808 2809 2810 2811 2812 2813 2814 2815 2816 2817 2818 2819 2820 2821 2822 2823 2824 2825 2826 2827 2828 2829 2830 2831 2832 2833 2834 2835 2836 2837 2838 2839 2840 2841 2842 2843 2877 2878 2879 2880 2881 2882 2883 2884 2885 2886 2887 2888 2889 2890 2891 2892 2893 2957 2958 2959 2960 2961 2962 2963 2964 2965 2966 2967 2968 2969 2970 2971 2972 2973 2974 2975 2976 2977 2978 2979 2980 2981 2982 2983 2984 2985 2986 2987 3012 3013 3014 3015 3016 3017 3018 3019 3020 3021 3022 3023 3024 3025 3026 3047 3048 3049 3050 3051 3052 3053 3054 3055 3056 3113 3114 3115 3116 3117 3118 3119 3120 3121 3122 3123 3124 3125 3126 3127 3128 3129 3130 3131 3132 3133 3134 3135 3136 3137 3138 3139 3140 3163 3164 3165 3166 3167 3168 3169 3170 3171 3172 3173 3174 3175 3243 3244 3245 3246 3247 3248 3249 3250 3251 3252 3253 3254 3255 3256 3257 3258 3259 3260 3261 3262 3263 3264 3265 3266 3267 3268 3269 3270 3271 3272 3273 3274 3275 3276 3277 3278 3380 3381 3382 3383 3384 3385 3386 3387 3388 3389 3390 3391 3392 3393 3394 3395 3396 3397 3398 3399 3400 3401 3402 3403 3404 3405 3406 3407 3408 3409 3410 3411 3412 3413 3414 3415 3416 3417 3418 3419 3420 3421 3422 3423 3424 3425 3426 3427 3428 3464 3465 3466 3467 3468 3469 3470 3471 3472 3473 3474 3475 3476 3477 3478 3479 3480 3481 3482 3595 3596 3597 3598 3599 3600 3601 3602 3603 3604 3605 3606 3607 3608 3609 3610 3611 3612 3613 3614 3615 3616 3617 3618 3619 3620 3621 3622 3623 3624 3625 3626 3627 3628 3629 3630 3631 3632 3633 3634 3635 3636 3637 3638 3639 3640 3641 3642 3643 3644 3645 3646 3647 3648 3649 3650 3651 3652 3653 3654 3655 3656 3688 3689 3690 3691 3692 3693 3694 3695 3696 3697 3698 3699 3700 3701 3760 3761 3762 3763 3764 3765 3766 3767 3768 3769 3770 3771 3772 3773 3774 3775 3776 3777 3778 3779 3780 3781 3782 3783 3784 3785 3808 3809 3810 3811 3812 3813 3814 3815 3816 3884 3885 3886 3887 3888 3889 3890 3891 3892 3893 3894 3895 3896 3897 3898 3899 3900 3901 3902 3903 3904 3905 3906 3907 3908 3909 3910 3911 3912 3913 3914 3915 3916 3917 3989 3990 3991 3992 3993 3994 3995 3996 3997 3998 3999 4000 4001 4002 4003 4004 4005 4006 4007 4008 4009 4010 4011 4012 4013 4014 4015 4016 4017 4018 4019 4020 4021 4022 4077 4078 4079 4080 4081 4082 4083 4084 4085 4086 4087 4088 4089 4090 4091 4092 4093 4094 4095 4096 4097 4098 4099 4100 4101 4102 4103 4104 4184 4185 4186 4187 4188 4189 4190 4191 4192 4193 4194 4195 4196 4197 4198 4199 4200 4201 4202 4203 4204 4205 4206 4207 4208 4209 4210 4211 4212 4213 4214 4215 4216 4217 4269 4270 4271 4272 4273 4274 4275 4276 4277 4278 4279 4280 4281 4282 4283 4284 4285 4286 4287 4288 4289 4290 4291 4345 4346 4347 4348 4349 4350 4351 4352 4353 4354 4355 4356 4357 4358 4359 4360 4361 4362 4363 4364 4365 4366 4367 4368 4369 4415 4416 4417 4418 4419 4420 4421 4422 4423 4424 4425 4426 4427 4428 4429 4430 4431 4432 4433 4434 4435 4490 4491 4492 4493 4494 4495 4496 4497 4498 4499 4500 4501 4502 4503 4504 4505 4506 4507 4508 4509 4510 4511 4512 4513 4536 4537 4538 4539 4540 4541 4542 4543 4544 4545 4546 4547 4548 4576 4577 4578 4579 4580 4581 4582 4583 4584 4585 4586 4587 4588 4664 4665 4666 4667 4668 4669 4670 4671 4672 4673 4674 4675 4676 4677 4678 4679 4680 4681 4682 4683 4684 4685 4686 4687 4688 4689 4690 4691 4692 4693 4694 4695 4696 4697 4698 4699 4700 4701 4702 4703 4704 4742 4743 4744 4745 4746 4747 4748 4749 4750 4751 4752 4753 4754 4755 4756 4757 4758 4759 4760 4761 4762 4763 4845 4846 4847 4848 4849 4850 4851 4852 4853 4854 4855 4856 4857 4858 4859 4860 4861 4862 4863 4864 4865 4866 4867 4868 4869 4870 4871 4872 4873 4874 4875 4876 4877 4878 4879 4880 4881 4882 4883 4884 4929 4930 4931 4932 4933 4934 4935 4936 4937 4938 4939 4940 4941 4942 4943 4944 4945 4946 4947 4948 4949 4950 5020 5021 5022 5023 5024 5025 5026 5027 5028 5029 5030 5031 5032 5033 5034 5035 5036 5037 5038 5039 5040 5041 5042 5043 5044 5045 5046 5047 5048 5049 5050 5051 5052 5053 5154 5155 5156 5157 5158 5159 5160 5161 5162 5163 5164 5165 5166 5167 5168 5169 5170 5171 5172 5173 5174 5175 5176 5177 5178 5179 5180 5181 5182 5183 5184 5185 5186 5187 5188 5189 5190 5191 5192 5193 5194 5235 5236 5237 5238 5239 5240 5241 5242 5243 5244 5245 5246 5247 5248 5249 5250 5251 5252 5306 5307 5308 5309 5310 5311 5312 5313 5314 5315 5316 5317 5318 5319 5320 5321 5322 5323 5324 5325 5326 5327 5328 5448 5449 5450 5451 5452 5453 5454 5455 5456 5457 5458 5459 5460 5461 5462 5463 5464 5465 5466 5467 5468 5469 5470 5471 5472 5473 5474 5475 5476 5477 5478 5479 5480 5481 5482 5483 5484 5485 5486 5487 5488 5489 5490 5491 5492 5493 5494 5495 5496 5497 5498 5499 5500 5501 5502 5503 5504 5505 5643 5644 5645 5646 5647 5648 5649 5650 5651 5652 5653 5654 5655 5656 5657 5658 5659 5660 5661 5662 5663 5664 5665 5666 5667 5668 5669 5670 5671 5672 5673 5674 5675 5676 5677 5678 5679 5680 5681 5682 5683 5684 5685 5686 5687 5688 5689 5690 5691 5692 5693 5694 5695 5696 5697 5698 5699 5700 5701 5702 5703 5704 5705 5706 5707 5708 5709 5710 5711 5898 5899 5900 5901 5902 5903 5904 5905 5906 5907 5908 5909 5910 5911 5912 5913 5914 5915 5916 5917 5918 5919 5920 5921 5922 5923 5924 5925 5926 5927 5928 5929 5930 5931 5932 5933 5934 5935 5936 5937 5938 5939 5940 5941 5942 5943 5944 5945 5946 5947 5948 5949 5950 5951 5952 5953 5954 5955 5956 5957 5958 5959 5960 5961 5962 5963 5964 5965 5966 5967 5968 5969 5970 5971 5972 5973 5974 5975 5976 5977 5978 5979 5980 6110 6111 6112 6113 6114 6115 6116 6117 6118 6119 6120 6121 6122 6123 6124 6125 6126 6127 6128 6129 6130 6131 6132 6133 6134 6135 6136 6137 6138 6139 6140 6141 6142 6143 6144 6145 6146 6147 6148 6149 6150 6151 6152 6153 6154 6155 6156 6157 6158 6159 6160 6161 6162 6163 6164 6165 6166 6167 6168 6169 6170 6171 6172 6173 6174 6175 6176 6177 6341 6342 6343 6344 6345 6346 6347 6348 6349 6350 6351 6352 6353 6354 6355 6356 6357 6358 6359 6360 6361 6362 6363 6364 6365 6366 6367 6368 6369 6370 6371 6372 6373 6374 6375 6376 6377 6378 6379 6380 6381 6382 6383 6384 6385 6386 6387 6388 6389 6390 6391 6392 6393 6394 6395 6396 6397 6398 6399 6400 6401 6402 6403 6404 6405 6406 6407 6408 6409 6410 6411 6412 6413 6477 6478 6479 6480 6481 6482 6483 6484 6485 6486 6487 6488 6489 6490 6491 6492 6493 6494 6495 6496 6497 6498 6499 6500 6501 6502 6503 6504 6505 6506 6507 
