6960
0 0 
1 1 0 
1 2 0 1 
1 2 0 2 
2 2 0 1 
3 2 3 4 
1 2 0 5 
2 2 0 2 
3 2 6 7 
1 2 0 8 
2 2 0 5 
3 2 9 10 
1 2 0 11 
2 2 0 8 
3 2 12 13 
1 2 0 14 
2 2 0 11 
3 2 15 16 
1 2 0 17 
1 2 0 18 
1 2 0 19 
2 2 0 18 
3 2 20 21 
1 2 0 22 
2 2 0 18 
2 2 0 19 
3 3 23 24 25 
1 2 0 26 
1 2 0 27 
1 2 0 28 
1 2 0 29 
2 2 0 28 
3 2 30 31 
1 2 0 32 
2 2 0 29 
3 2 33 34 
1 2 0 35 
2 2 0 32 
3 2 36 37 
1 2 0 38 
2 2 0 32 
2 2 0 35 
3 3 39 40 41 
1 2 0 42 
1 2 0 43 
2 2 0 42 
3 2 44 45 
1 2 0 46 
2 2 0 43 
3 2 47 48 
1 2 0 49 
2 2 0 46 
3 2 50 51 
1 2 0 52 
1 2 0 53 
2 2 0 52 
3 2 54 55 
1 2 0 56 
1 2 0 57 
1 2 0 58 
1 2 0 59 
1 2 0 60 
1 2 0 61 
2 2 0 60 
3 2 62 63 
1 2 0 64 
1 2 0 65 
2 2 0 64 
3 2 66 67 
1 2 0 68 
1 2 0 69 
1 2 0 70 
2 2 0 69 
3 2 71 72 
1 2 0 73 
2 2 0 70 
3 2 74 75 
1 2 0 76 
2 2 0 73 
3 2 77 78 
1 2 0 79 
1 2 0 80 
1 2 0 81 
1 2 0 82 
1 2 0 83 
2 2 0 82 
3 2 84 85 
1 2 0 86 
1 2 0 87 
1 2 0 88 
2 2 0 87 
3 2 89 90 
1 2 0 91 
1 2 0 92 
2 2 0 91 
3 2 93 94 
1 2 0 95 
2 2 0 92 
3 2 96 97 
1 2 0 98 
2 2 0 95 
3 2 99 100 
1 2 0 101 
2 2 0 98 
3 2 102 103 
1 2 0 104 
2 2 0 98 
3 2 105 106 
1 2 0 107 
1 2 0 108 
2 2 0 107 
3 2 109 110 
1 2 0 111 
2 2 0 107 
2 2 0 108 
3 3 112 113 114 
1 2 0 115 
1 2 0 116 
2 2 0 115 
3 2 117 118 
1 2 0 119 
4 1 0 
4 2 0 1 
4 2 0 2 
4 2 0 5 
4 2 0 8 
4 2 0 11 
4 2 0 14 
4 2 0 17 
4 2 0 18 
4 2 0 19 
4 2 0 22 
4 2 0 26 
4 2 0 27 
4 2 0 28 
4 2 0 29 
4 2 0 32 
4 2 0 35 
4 2 0 38 
4 2 0 42 
4 2 0 43 
4 2 0 46 
4 2 0 49 
4 2 0 52 
4 2 0 53 
4 2 0 56 
4 2 0 57 
4 2 0 58 
4 2 0 59 
4 2 0 60 
4 2 0 61 
4 2 0 64 
4 2 0 65 
4 2 0 68 
4 2 0 69 
4 2 0 70 
4 2 0 73 
4 2 0 76 
4 2 0 79 
4 2 0 80 
4 2 0 81 
4 2 0 82 
4 2 0 83 
4 2 0 86 
4 2 0 87 
4 2 0 88 
4 2 0 91 
4 2 0 92 
4 2 0 95 
4 2 0 98 
4 2 0 101 
4 2 0 104 
4 2 0 107 
4 2 0 108 
4 2 0 111 
4 2 0 115 
4 2 0 116 
4 2 0 119 
4 2 0 120 
1 1 0 
1 2 0 179 
2 1 0 
3 2 180 181 
1 2 0 182 
1 2 0 183 
2 1 0 
3 2 184 185 
1 2 0 186 
2 2 0 183 
3 2 187 188 
1 2 0 189 
1 2 0 190 
2 2 0 189 
3 2 191 192 
1 2 0 193 
2 2 0 190 
3 2 194 195 
1 2 0 196 
2 2 0 193 
3 2 197 198 
1 2 0 199 
1 2 0 200 
2 2 0 193 
2 2 0 199 
3 3 201 202 203 
1 2 0 204 
1 2 0 205 
1 2 0 206 
2 2 0 205 
3 2 207 208 
1 2 0 209 
1 2 0 210 
2 2 0 209 
3 2 211 212 
1 2 0 213 
1 2 0 214 
1 2 0 215 
2 2 0 214 
3 2 216 217 
1 2 0 218 
1 2 0 219 
2 2 0 218 
3 2 220 221 
1 2 0 222 
1 2 0 223 
1 2 0 224 
2 2 0 223 
3 2 225 226 
1 2 0 227 
4 1 0 
4 2 0 179 
4 2 0 182 
4 2 0 183 
4 2 0 186 
4 2 0 189 
4 2 0 190 
4 2 0 193 
4 2 0 196 
4 2 0 199 
4 2 0 200 
4 2 0 204 
4 2 0 205 
4 2 0 206 
4 2 0 209 
4 2 0 210 
4 2 0 213 
4 2 0 214 
4 2 0 215 
4 2 0 218 
4 2 0 219 
4 2 0 222 
4 2 0 223 
4 2 0 224 
4 2 0 227 
4 2 0 228 
1 1 0 
1 2 0 255 
1 2 0 256 
2 2 0 255 
3 2 257 258 
1 2 0 259 
1 2 0 260 
2 2 0 259 
3 2 261 262 
1 2 0 263 
2 2 0 259 
2 2 0 260 
3 3 264 265 266 
1 2 0 267 
2 2 0 263 
3 2 268 269 
1 2 0 270 
1 2 0 271 
2 2 0 270 
3 2 272 273 
1 2 0 274 
1 2 0 275 
2 2 0 270 
2 2 0 274 
3 3 276 277 278 
1 2 0 279 
2 2 0 275 
3 2 280 281 
1 2 0 282 
1 2 0 283 
1 2 0 284 
1 2 0 285 
2 2 0 284 
3 2 286 287 
1 2 0 288 
1 2 0 289 
2 2 0 288 
3 2 290 291 
1 2 0 292 
1 2 0 293 
1 2 0 294 
2 2 0 293 
3 2 295 296 
1 2 0 297 
2 2 0 293 
2 2 0 294 
3 3 298 299 300 
1 2 0 301 
1 2 0 302 
2 2 0 301 
3 2 303 304 
1 2 0 305 
1 2 0 306 
2 2 0 305 
3 2 307 308 
1 2 0 309 
1 2 0 310 
2 2 0 309 
3 2 311 312 
1 2 0 313 
2 2 0 309 
2 2 0 310 
3 3 314 315 316 
1 2 0 317 
2 2 0 313 
3 2 318 319 
1 2 0 320 
1 2 0 321 
1 2 0 322 
2 2 0 321 
3 2 323 324 
1 2 0 325 
1 2 0 326 
4 1 0 
4 2 0 255 
4 2 0 256 
4 2 0 259 
4 2 0 260 
4 2 0 263 
4 2 0 267 
4 2 0 270 
4 2 0 271 
4 2 0 274 
4 2 0 275 
4 2 0 279 
4 2 0 282 
4 2 0 283 
4 2 0 284 
4 2 0 285 
4 2 0 288 
4 2 0 289 
4 2 0 292 
4 2 0 293 
4 2 0 294 
4 2 0 297 
4 2 0 301 
4 2 0 302 
4 2 0 305 
4 2 0 306 
4 2 0 309 
4 2 0 310 
4 2 0 313 
4 2 0 317 
4 2 0 320 
4 2 0 321 
4 2 0 322 
4 2 0 325 
4 2 0 326 
4 2 0 327 
1 1 0 
1 2 0 364 
2 1 0 
3 2 365 366 
1 2 0 367 
2 2 0 364 
3 2 368 369 
1 2 0 370 
1 2 0 371 
2 2 0 370 
3 2 372 373 
1 2 0 374 
2 2 0 371 
3 2 375 376 
1 2 0 377 
2 2 0 374 
3 2 378 379 
1 2 0 380 
1 2 0 381 
2 2 0 380 
3 2 382 383 
1 2 0 384 
1 2 0 385 
1 2 0 386 
1 2 0 387 
2 2 0 386 
3 2 388 389 
1 2 0 390 
2 2 0 387 
3 2 391 392 
1 2 0 393 
1 2 0 394 
2 2 0 393 
3 2 395 396 
4 1 0 
4 2 0 364 
4 2 0 367 
4 2 0 370 
4 2 0 371 
4 2 0 374 
4 2 0 377 
4 2 0 380 
4 2 0 381 
4 2 0 384 
4 2 0 385 
4 2 0 386 
4 2 0 387 
4 2 0 390 
4 2 0 393 
4 2 0 394 
4 2 0 397 
1 1 0 
1 2 0 415 
2 1 0 
3 2 416 417 
1 2 0 418 
1 2 0 419 
2 2 0 418 
3 2 420 421 
4 1 0 
4 2 0 415 
4 2 0 418 
4 2 0 419 
4 2 0 422 
1 1 0 
1 2 0 428 
1 2 0 429 
2 2 0 428 
3 2 430 431 
1 2 0 432 
1 2 0 433 
2 2 0 432 
3 2 434 435 
1 2 0 436 
1 2 0 437 
1 2 0 438 
2 2 0 437 
3 2 439 440 
1 2 0 441 
2 2 0 438 
3 2 442 443 
1 2 0 444 
2 2 0 441 
3 2 445 446 
1 2 0 447 
2 2 0 441 
3 2 448 449 
1 2 0 450 
1 2 0 451 
2 2 0 450 
3 2 452 453 
1 2 0 454 
1 2 0 455 
2 2 0 454 
3 2 456 457 
1 2 0 458 
1 2 0 459 
2 2 0 458 
3 2 460 461 
1 2 0 462 
1 2 0 463 
1 2 0 464 
1 2 0 465 
1 2 0 466 
2 2 0 465 
3 2 467 468 
1 2 0 469 
2 2 0 465 
2 2 0 466 
3 3 470 471 472 
1 2 0 473 
2 2 0 469 
3 2 474 475 
1 2 0 476 
2 2 0 473 
3 2 477 478 
1 2 0 479 
1 2 0 480 
1 2 0 481 
2 2 0 480 
3 2 482 483 
1 2 0 484 
2 2 0 481 
3 2 485 486 
1 2 0 487 
1 2 0 488 
1 2 0 489 
2 2 0 488 
3 2 490 491 
1 2 0 492 
1 2 0 493 
1 2 0 494 
2 2 0 493 
3 2 495 496 
1 2 0 497 
2 2 0 494 
3 2 498 499 
1 2 0 500 
1 2 0 501 
2 2 0 500 
3 2 502 503 
1 2 0 504 
1 2 0 505 
2 2 0 504 
3 2 506 507 
1 2 0 508 
4 1 0 
4 2 0 428 
4 2 0 429 
4 2 0 432 
4 2 0 433 
4 2 0 436 
4 2 0 437 
4 2 0 438 
4 2 0 441 
4 2 0 444 
4 2 0 447 
4 2 0 450 
4 2 0 451 
4 2 0 454 
4 2 0 455 
4 2 0 458 
4 2 0 459 
4 2 0 462 
4 2 0 463 
4 2 0 464 
4 2 0 465 
4 2 0 466 
4 2 0 469 
4 2 0 473 
4 2 0 476 
4 2 0 479 
4 2 0 480 
4 2 0 481 
4 2 0 484 
4 2 0 487 
4 2 0 488 
4 2 0 489 
4 2 0 492 
4 2 0 493 
4 2 0 494 
4 2 0 497 
4 2 0 500 
4 2 0 501 
4 2 0 504 
4 2 0 505 
4 2 0 508 
4 2 0 509 
1 1 0 
1 2 0 552 
2 1 0 
3 2 553 554 
1 2 0 555 
1 2 0 556 
1 2 0 557 
1 2 0 558 
1 2 0 559 
2 2 0 558 
3 2 560 561 
1 2 0 562 
2 2 0 558 
2 2 0 559 
3 3 563 564 565 
1 2 0 566 
1 2 0 567 
2 2 0 566 
3 2 568 569 
1 2 0 570 
2 2 0 566 
3 2 571 572 
1 2 0 573 
1 2 0 574 
2 2 0 573 
3 2 575 576 
1 2 0 577 
2 2 0 573 
3 2 578 579 
1 2 0 580 
2 2 0 573 
3 2 581 582 
1 2 0 583 
2 2 0 580 
3 2 584 585 
1 2 0 586 
2 2 0 583 
3 2 587 588 
1 2 0 589 
2 2 0 583 
2 2 0 586 
3 3 590 591 592 
1 2 0 593 
2 2 0 589 
3 2 594 595 
1 2 0 596 
2 2 0 593 
3 2 597 598 
1 2 0 599 
4 1 0 
4 2 0 552 
4 2 0 555 
4 2 0 556 
4 2 0 557 
4 2 0 558 
4 2 0 559 
4 2 0 562 
4 2 0 566 
4 2 0 567 
4 2 0 570 
4 2 0 573 
4 2 0 574 
4 2 0 577 
4 2 0 580 
4 2 0 583 
4 2 0 586 
4 2 0 589 
4 2 0 593 
4 2 0 596 
4 2 0 599 
4 2 0 600 
1 1 0 
1 2 0 623 
1 2 0 624 
1 2 0 625 
1 2 0 626 
1 2 0 627 
1 2 0 628 
1 2 0 629 
2 2 0 628 
3 2 630 631 
1 2 0 632 
1 2 0 633 
1 2 0 634 
1 2 0 635 
1 2 0 636 
1 2 0 637 
1 2 0 638 
1 2 0 639 
2 2 0 638 
3 2 640 641 
1 2 0 642 
1 2 0 643 
1 2 0 644 
1 2 0 645 
1 2 0 646 
2 2 0 645 
3 2 647 648 
1 2 0 649 
1 2 0 650 
2 2 0 649 
3 2 651 652 
1 2 0 653 
1 2 0 654 
1 2 0 655 
2 2 0 654 
3 2 656 657 
1 2 0 658 
1 2 0 659 
2 2 0 658 
3 2 660 661 
1 2 0 662 
1 2 0 663 
2 2 0 662 
3 2 664 665 
1 2 0 666 
1 2 0 667 
1 2 0 668 
2 2 0 667 
3 2 669 670 
1 2 0 671 
2 2 0 668 
3 2 672 673 
1 2 0 674 
2 2 0 671 
3 2 675 676 
1 2 0 677 
1 2 0 678 
2 2 0 677 
3 2 679 680 
1 2 0 681 
4 1 0 
4 2 0 623 
4 2 0 624 
4 2 0 625 
4 2 0 626 
4 2 0 627 
4 2 0 628 
4 2 0 629 
4 2 0 632 
4 2 0 633 
4 2 0 634 
4 2 0 635 
4 2 0 636 
4 2 0 637 
4 2 0 638 
4 2 0 639 
4 2 0 642 
4 2 0 643 
4 2 0 644 
4 2 0 645 
4 2 0 646 
4 2 0 649 
4 2 0 650 
4 2 0 653 
4 2 0 654 
4 2 0 655 
4 2 0 658 
4 2 0 659 
4 2 0 662 
4 2 0 663 
4 2 0 666 
4 2 0 667 
4 2 0 668 
4 2 0 671 
4 2 0 674 
4 2 0 677 
4 2 0 678 
4 2 0 681 
4 2 0 682 
1 1 0 
1 2 0 722 
2 1 0 
3 2 723 724 
1 2 0 725 
1 2 0 726 
1 2 0 727 
2 2 0 726 
3 2 728 729 
1 2 0 730 
2 2 0 727 
3 2 731 732 
1 2 0 733 
1 2 0 734 
1 2 0 735 
1 2 0 736 
1 2 0 737 
1 2 0 738 
2 2 0 737 
3 2 739 740 
1 2 0 741 
2 2 0 738 
3 2 742 743 
1 2 0 744 
1 2 0 745 
1 2 0 746 
2 2 0 745 
3 2 747 748 
1 2 0 749 
1 2 0 750 
1 2 0 751 
2 2 0 750 
3 2 752 753 
1 2 0 754 
1 2 0 755 
1 2 0 756 
1 2 0 757 
1 2 0 758 
1 2 0 759 
4 1 0 
4 2 0 722 
4 2 0 725 
4 2 0 726 
4 2 0 727 
4 2 0 730 
4 2 0 733 
4 2 0 734 
4 2 0 735 
4 2 0 736 
4 2 0 737 
4 2 0 738 
4 2 0 741 
4 2 0 744 
4 2 0 745 
4 2 0 746 
4 2 0 749 
4 2 0 750 
4 2 0 751 
4 2 0 754 
4 2 0 755 
4 2 0 756 
4 2 0 757 
4 2 0 758 
4 2 0 759 
4 2 0 760 
1 1 0 
1 2 0 787 
2 1 0 
3 2 788 789 
1 2 0 790 
1 2 0 791 
1 2 0 792 
1 2 0 793 
2 2 0 792 
3 2 794 795 
1 2 0 796 
1 2 0 797 
2 2 0 796 
3 2 798 799 
1 2 0 800 
1 2 0 801 
1 2 0 802 
2 2 0 801 
3 2 803 804 
1 2 0 805 
1 2 0 806 
2 2 0 805 
3 2 807 808 
1 2 0 809 
1 2 0 810 
4 1 0 
4 2 0 787 
4 2 0 790 
4 2 0 791 
4 2 0 792 
4 2 0 793 
4 2 0 796 
4 2 0 797 
4 2 0 800 
4 2 0 801 
4 2 0 802 
4 2 0 805 
4 2 0 806 
4 2 0 809 
4 2 0 810 
4 2 0 811 
1 1 0 
1 2 0 828 
2 1 0 
3 2 829 830 
1 2 0 831 
1 2 0 832 
2 2 0 831 
3 2 833 834 
1 2 0 835 
1 2 0 836 
2 2 0 835 
3 2 837 838 
1 2 0 839 
1 2 0 840 
1 2 0 841 
2 2 0 840 
3 2 842 843 
1 2 0 844 
1 2 0 845 
1 2 0 846 
2 2 0 845 
3 2 847 848 
1 2 0 849 
2 2 0 846 
3 2 850 851 
1 2 0 852 
2 2 0 849 
3 2 853 854 
1 2 0 855 
2 2 0 852 
3 2 856 857 
1 2 0 858 
1 2 0 859 
1 2 0 860 
2 2 0 859 
3 2 861 862 
1 2 0 863 
1 2 0 864 
1 2 0 865 
2 2 0 864 
3 2 866 867 
1 2 0 868 
2 2 0 865 
3 2 869 870 
1 2 0 871 
1 2 0 872 
1 2 0 873 
1 2 0 874 
2 2 0 873 
3 2 875 876 
1 2 0 877 
1 2 0 878 
2 2 0 877 
3 2 879 880 
1 2 0 881 
4 1 0 
4 2 0 828 
4 2 0 831 
4 2 0 832 
4 2 0 835 
4 2 0 836 
4 2 0 839 
4 2 0 840 
4 2 0 841 
4 2 0 844 
4 2 0 845 
4 2 0 846 
4 2 0 849 
4 2 0 852 
4 2 0 855 
4 2 0 858 
4 2 0 859 
4 2 0 860 
4 2 0 863 
4 2 0 864 
4 2 0 865 
4 2 0 868 
4 2 0 871 
4 2 0 872 
4 2 0 873 
4 2 0 874 
4 2 0 877 
4 2 0 878 
4 2 0 881 
4 2 0 882 
1 1 0 
1 2 0 913 
2 1 0 
3 2 914 915 
1 2 0 916 
1 2 0 917 
1 2 0 918 
2 2 0 917 
3 2 919 920 
1 2 0 921 
2 2 0 918 
3 2 922 923 
1 2 0 924 
1 2 0 925 
1 2 0 926 
2 2 0 925 
3 2 927 928 
1 2 0 929 
1 2 0 930 
1 2 0 931 
1 2 0 932 
1 2 0 933 
1 2 0 934 
1 2 0 935 
2 2 0 934 
3 2 936 937 
1 2 0 938 
1 2 0 939 
2 2 0 938 
3 2 940 941 
1 2 0 942 
1 2 0 943 
2 2 0 942 
3 2 944 945 
1 2 0 946 
1 2 0 947 
2 2 0 946 
3 2 948 949 
1 2 0 950 
1 2 0 951 
2 2 0 950 
3 2 952 953 
1 2 0 954 
2 2 0 951 
3 2 955 956 
1 2 0 957 
2 2 0 954 
3 2 958 959 
1 2 0 960 
2 2 0 954 
2 2 0 957 
3 3 961 962 963 
1 2 0 964 
1 2 0 965 
1 2 0 966 
1 2 0 967 
1 2 0 968 
1 2 0 969 
1 2 0 970 
2 2 0 969 
3 2 971 972 
1 2 0 973 
1 2 0 974 
1 2 0 975 
1 2 0 976 
2 2 0 975 
3 2 977 978 
1 2 0 979 
1 2 0 980 
2 2 0 979 
3 2 981 982 
1 2 0 983 
2 2 0 979 
3 2 984 985 
1 2 0 986 
2 2 0 979 
2 2 0 983 
3 3 987 988 989 
1 2 0 990 
1 2 0 991 
1 2 0 992 
1 2 0 993 
1 2 0 994 
2 2 0 993 
3 2 995 996 
1 2 0 997 
1 2 0 998 
2 2 0 997 
3 2 999 1000 
1 2 0 1001 
1 2 0 1002 
2 2 0 1001 
3 2 1003 1004 
1 2 0 1005 
1 2 0 1006 
1 2 0 1007 
1 2 0 1008 
2 2 0 1007 
3 2 1009 1010 
1 2 0 1011 
2 2 0 1007 
3 2 1012 1013 
1 2 0 1014 
1 2 0 1015 
1 2 0 1016 
2 2 0 1015 
3 2 1017 1018 
1 2 0 1019 
2 2 0 1016 
3 2 1020 1021 
1 2 0 1022 
2 2 0 1019 
3 2 1023 1024 
1 2 0 1025 
4 1 0 
4 2 0 913 
4 2 0 916 
4 2 0 917 
4 2 0 918 
4 2 0 921 
4 2 0 924 
4 2 0 925 
4 2 0 926 
4 2 0 929 
4 2 0 930 
4 2 0 931 
4 2 0 932 
4 2 0 933 
4 2 0 934 
4 2 0 935 
4 2 0 938 
4 2 0 939 
4 2 0 942 
4 2 0 943 
4 2 0 946 
4 2 0 947 
4 2 0 950 
4 2 0 951 
4 2 0 954 
4 2 0 957 
4 2 0 960 
4 2 0 964 
4 2 0 965 
4 2 0 966 
4 2 0 967 
4 2 0 968 
4 2 0 969 
4 2 0 970 
4 2 0 973 
4 2 0 974 
4 2 0 975 
4 2 0 976 
4 2 0 979 
4 2 0 980 
4 2 0 983 
4 2 0 986 
4 2 0 990 
4 2 0 991 
4 2 0 992 
4 2 0 993 
4 2 0 994 
4 2 0 997 
4 2 0 998 
4 2 0 1001 
4 2 0 1002 
4 2 0 1005 
4 2 0 1006 
4 2 0 1007 
4 2 0 1008 
4 2 0 1011 
4 2 0 1014 
4 2 0 1015 
4 2 0 1016 
4 2 0 1019 
4 2 0 1022 
4 2 0 1025 
4 2 0 1026 
1 1 0 
1 2 0 1090 
1 2 0 1091 
1 2 0 1092 
2 2 0 1091 
3 2 1093 1094 
1 2 0 1095 
2 2 0 1091 
3 2 1096 1097 
1 2 0 1098 
2 2 0 1095 
3 2 1099 1100 
1 2 0 1101 
1 2 0 1102 
1 2 0 1103 
1 2 0 1104 
2 2 0 1103 
3 2 1105 1106 
1 2 0 1107 
1 2 0 1108 
2 2 0 1107 
3 2 1109 1110 
1 2 0 1111 
1 2 0 1112 
1 2 0 1113 
1 2 0 1114 
2 2 0 1113 
3 2 1115 1116 
1 2 0 1117 
1 2 0 1118 
2 2 0 1117 
3 2 1119 1120 
1 2 0 1121 
1 2 0 1122 
1 2 0 1123 
1 2 0 1124 
2 2 0 1123 
3 2 1125 1126 
1 2 0 1127 
1 2 0 1128 
2 2 0 1127 
3 2 1129 1130 
1 2 0 1131 
2 2 0 1128 
3 2 1132 1133 
1 2 0 1134 
4 1 0 
4 2 0 1090 
4 2 0 1091 
4 2 0 1092 
4 2 0 1095 
4 2 0 1098 
4 2 0 1101 
4 2 0 1102 
4 2 0 1103 
4 2 0 1104 
4 2 0 1107 
4 2 0 1108 
4 2 0 1111 
4 2 0 1112 
4 2 0 1113 
4 2 0 1114 
4 2 0 1117 
4 2 0 1118 
4 2 0 1121 
4 2 0 1122 
4 2 0 1123 
4 2 0 1124 
4 2 0 1127 
4 2 0 1128 
4 2 0 1131 
4 2 0 1134 
4 2 0 1135 
1 1 0 
1 2 0 1163 
1 2 0 1164 
1 2 0 1165 
1 2 0 1166 
2 2 0 1165 
3 2 1167 1168 
1 2 0 1169 
1 2 0 1170 
1 2 0 1171 
2 2 0 1170 
3 2 1172 1173 
1 2 0 1174 
1 2 0 1175 
2 2 0 1174 
3 2 1176 1177 
1 2 0 1178 
1 2 0 1179 
2 2 0 1174 
2 2 0 1178 
3 3 1180 1181 1182 
1 2 0 1183 
1 2 0 1184 
2 2 0 1183 
3 2 1185 1186 
1 2 0 1187 
1 2 0 1188 
1 2 0 1189 
2 2 0 1188 
3 2 1190 1191 
1 2 0 1192 
4 1 0 
4 2 0 1163 
4 2 0 1164 
4 2 0 1165 
4 2 0 1166 
4 2 0 1169 
4 2 0 1170 
4 2 0 1171 
4 2 0 1174 
4 2 0 1175 
4 2 0 1178 
4 2 0 1179 
4 2 0 1183 
4 2 0 1184 
4 2 0 1187 
4 2 0 1188 
4 2 0 1189 
4 2 0 1192 
4 2 0 1193 
1 1 0 
1 2 0 1213 
1 2 0 1214 
1 2 0 1215 
2 2 0 1214 
3 2 1216 1217 
1 2 0 1218 
1 2 0 1219 
2 2 0 1218 
3 2 1220 1221 
1 2 0 1222 
1 2 0 1223 
1 2 0 1224 
1 2 0 1225 
1 2 0 1226 
1 2 0 1227 
2 2 0 1226 
3 2 1228 1229 
1 2 0 1230 
1 2 0 1231 
2 2 0 1230 
3 2 1232 1233 
1 2 0 1234 
1 2 0 1235 
2 2 0 1234 
3 2 1236 1237 
1 2 0 1238 
1 2 0 1239 
2 2 0 1238 
3 2 1240 1241 
1 2 0 1242 
1 2 0 1243 
2 2 0 1242 
3 2 1244 1245 
1 2 0 1246 
1 2 0 1247 
2 2 0 1246 
3 2 1248 1249 
1 2 0 1250 
1 2 0 1251 
1 2 0 1252 
1 2 0 1253 
2 2 0 1252 
3 2 1254 1255 
1 2 0 1256 
1 2 0 1257 
2 2 0 1256 
3 2 1258 1259 
1 2 0 1260 
2 2 0 1257 
3 2 1261 1262 
1 2 0 1263 
2 2 0 1260 
3 2 1264 1265 
1 2 0 1266 
1 2 0 1267 
1 2 0 1268 
2 2 0 1267 
3 2 1269 1270 
1 2 0 1271 
1 2 0 1272 
2 2 0 1271 
3 2 1273 1274 
1 2 0 1275 
2 2 0 1271 
3 2 1276 1277 
1 2 0 1278 
1 2 0 1279 
1 2 0 1280 
2 2 0 1279 
3 2 1281 1282 
1 2 0 1283 
1 2 0 1284 
1 2 0 1285 
2 2 0 1284 
3 2 1286 1287 
1 2 0 1288 
1 2 0 1289 
1 2 0 1290 
2 2 0 1289 
3 2 1291 1292 
1 2 0 1293 
1 2 0 1294 
1 2 0 1295 
2 2 0 1294 
3 2 1296 1297 
1 2 0 1298 
1 2 0 1299 
1 2 0 1300 
2 2 0 1299 
3 2 1301 1302 
1 2 0 1303 
1 2 0 1304 
1 2 0 1305 
4 1 0 
4 2 0 1213 
4 2 0 1214 
4 2 0 1215 
4 2 0 1218 
4 2 0 1219 
4 2 0 1222 
4 2 0 1223 
4 2 0 1224 
4 2 0 1225 
4 2 0 1226 
4 2 0 1227 
4 2 0 1230 
4 2 0 1231 
4 2 0 1234 
4 2 0 1235 
4 2 0 1238 
4 2 0 1239 
4 2 0 1242 
4 2 0 1243 
4 2 0 1246 
4 2 0 1247 
4 2 0 1250 
4 2 0 1251 
4 2 0 1252 
4 2 0 1253 
4 2 0 1256 
4 2 0 1257 
4 2 0 1260 
4 2 0 1263 
4 2 0 1266 
4 2 0 1267 
4 2 0 1268 
4 2 0 1271 
4 2 0 1272 
4 2 0 1275 
4 2 0 1278 
4 2 0 1279 
4 2 0 1280 
4 2 0 1283 
4 2 0 1284 
4 2 0 1285 
4 2 0 1288 
4 2 0 1289 
4 2 0 1290 
4 2 0 1293 
4 2 0 1294 
4 2 0 1295 
4 2 0 1298 
4 2 0 1299 
4 2 0 1300 
4 2 0 1303 
4 2 0 1304 
4 2 0 1305 
4 2 0 1306 
1 1 0 
1 2 0 1362 
2 1 0 
3 2 1363 1364 
1 2 0 1365 
2 1 0 
2 2 0 1362 
3 3 1366 1367 1368 
1 2 0 1369 
2 2 0 1365 
3 2 1370 1371 
1 2 0 1372 
1 2 0 1373 
2 2 0 1372 
3 2 1374 1375 
1 2 0 1376 
1 2 0 1377 
2 2 0 1376 
3 2 1378 1379 
1 2 0 1380 
2 2 0 1377 
3 2 1381 1382 
1 2 0 1383 
1 2 0 1384 
1 2 0 1385 
1 2 0 1386 
2 2 0 1385 
3 2 1387 1388 
1 2 0 1389 
2 2 0 1386 
3 2 1390 1391 
1 2 0 1392 
2 2 0 1389 
3 2 1393 1394 
1 2 0 1395 
1 2 0 1396 
1 2 0 1397 
2 2 0 1396 
3 2 1398 1399 
1 2 0 1400 
2 2 0 1396 
2 2 0 1397 
3 3 1401 1402 1403 
1 2 0 1404 
1 2 0 1405 
1 2 0 1406 
1 2 0 1407 
2 2 0 1406 
3 2 1408 1409 
1 2 0 1410 
1 2 0 1411 
2 2 0 1410 
3 2 1412 1413 
1 2 0 1414 
2 2 0 1410 
2 2 0 1411 
3 3 1415 1416 1417 
1 2 0 1418 
1 2 0 1419 
1 2 0 1420 
2 2 0 1419 
3 2 1421 1422 
1 2 0 1423 
1 2 0 1424 
1 2 0 1425 
1 2 0 1426 
2 2 0 1425 
3 2 1427 1428 
1 2 0 1429 
2 2 0 1426 
3 2 1430 1431 
1 2 0 1432 
1 2 0 1433 
1 2 0 1434 
2 2 0 1433 
3 2 1435 1436 
1 2 0 1437 
2 2 0 1434 
3 2 1438 1439 
1 2 0 1440 
2 2 0 1437 
3 2 1441 1442 
1 2 0 1443 
2 2 0 1440 
3 2 1444 1445 
1 2 0 1446 
1 2 0 1447 
2 2 0 1440 
2 2 0 1446 
3 3 1448 1449 1450 
1 2 0 1451 
2 2 0 1447 
3 2 1452 1453 
1 2 0 1454 
2 2 0 1451 
3 2 1455 1456 
1 2 0 1457 
2 2 0 1454 
3 2 1458 1459 
1 2 0 1460 
2 2 0 1457 
3 2 1461 1462 
1 2 0 1463 
2 2 0 1460 
3 2 1464 1465 
1 2 0 1466 
1 2 0 1467 
1 2 0 1468 
2 2 0 1467 
3 2 1469 1470 
1 2 0 1471 
1 2 0 1472 
2 2 0 1467 
2 2 0 1471 
3 3 1473 1474 1475 
1 2 0 1476 
1 2 0 1477 
2 2 0 1476 
3 2 1478 1479 
1 2 0 1480 
4 1 0 
4 2 0 1362 
4 2 0 1365 
4 2 0 1369 
4 2 0 1372 
4 2 0 1373 
4 2 0 1376 
4 2 0 1377 
4 2 0 1380 
4 2 0 1383 
4 2 0 1384 
4 2 0 1385 
4 2 0 1386 
4 2 0 1389 
4 2 0 1392 
4 2 0 1395 
4 2 0 1396 
4 2 0 1397 
4 2 0 1400 
4 2 0 1404 
4 2 0 1405 
4 2 0 1406 
4 2 0 1407 
4 2 0 1410 
4 2 0 1411 
4 2 0 1414 
4 2 0 1418 
4 2 0 1419 
4 2 0 1420 
4 2 0 1423 
4 2 0 1424 
4 2 0 1425 
4 2 0 1426 
4 2 0 1429 
4 2 0 1432 
4 2 0 1433 
4 2 0 1434 
4 2 0 1437 
4 2 0 1440 
4 2 0 1443 
4 2 0 1446 
4 2 0 1447 
4 2 0 1451 
4 2 0 1454 
4 2 0 1457 
4 2 0 1460 
4 2 0 1463 
4 2 0 1466 
4 2 0 1467 
4 2 0 1468 
4 2 0 1471 
4 2 0 1472 
4 2 0 1476 
4 2 0 1477 
4 2 0 1480 
4 2 0 1481 
1 1 0 
1 2 0 1538 
1 2 0 1539 
1 2 0 1540 
1 2 0 1541 
1 2 0 1542 
2 2 0 1541 
3 2 1543 1544 
1 2 0 1545 
1 2 0 1546 
1 2 0 1547 
2 2 0 1546 
3 2 1548 1549 
1 2 0 1550 
2 2 0 1547 
3 2 1551 1552 
1 2 0 1553 
2 2 0 1550 
3 2 1554 1555 
1 2 0 1556 
1 2 0 1557 
1 2 0 1558 
1 2 0 1559 
2 2 0 1558 
3 2 1560 1561 
1 2 0 1562 
1 2 0 1563 
1 2 0 1564 
2 2 0 1563 
3 2 1565 1566 
1 2 0 1567 
1 2 0 1568 
1 2 0 1569 
1 2 0 1570 
1 2 0 1571 
2 2 0 1570 
3 2 1572 1573 
1 2 0 1574 
1 2 0 1575 
2 2 0 1574 
3 2 1576 1577 
1 2 0 1578 
1 2 0 1579 
2 2 0 1578 
3 2 1580 1581 
1 2 0 1582 
1 2 0 1583 
1 2 0 1584 
1 2 0 1585 
2 2 0 1584 
3 2 1586 1587 
1 2 0 1588 
1 2 0 1589 
1 2 0 1590 
2 2 0 1589 
3 2 1591 1592 
1 2 0 1593 
2 2 0 1589 
3 2 1594 1595 
1 2 0 1596 
2 2 0 1589 
2 2 0 1593 
3 3 1597 1598 1599 
1 2 0 1600 
1 2 0 1601 
1 2 0 1602 
1 2 0 1603 
2 2 0 1602 
3 2 1604 1605 
1 2 0 1606 
1 2 0 1607 
2 2 0 1606 
3 2 1608 1609 
1 2 0 1610 
1 2 0 1611 
1 2 0 1612 
2 2 0 1611 
3 2 1613 1614 
1 2 0 1615 
1 2 0 1616 
1 2 0 1617 
2 2 0 1616 
3 2 1618 1619 
1 2 0 1620 
1 2 0 1621 
1 2 0 1622 
2 2 0 1621 
3 2 1623 1624 
1 2 0 1625 
1 2 0 1626 
2 2 0 1625 
3 2 1627 1628 
1 2 0 1629 
1 2 0 1630 
1 2 0 1631 
2 2 0 1630 
3 2 1632 1633 
1 2 0 1634 
1 2 0 1635 
1 2 0 1636 
2 2 0 1635 
3 2 1637 1638 
1 2 0 1639 
1 2 0 1640 
1 2 0 1641 
2 2 0 1640 
3 2 1642 1643 
1 2 0 1644 
1 2 0 1645 
2 2 0 1644 
3 2 1646 1647 
1 2 0 1648 
1 2 0 1649 
1 2 0 1650 
2 2 0 1649 
3 2 1651 1652 
1 2 0 1653 
1 2 0 1654 
1 2 0 1655 
2 2 0 1654 
3 2 1656 1657 
1 2 0 1658 
2 2 0 1655 
3 2 1659 1660 
1 2 0 1661 
1 2 0 1662 
1 2 0 1663 
2 2 0 1662 
3 2 1664 1665 
1 2 0 1666 
2 2 0 1663 
3 2 1667 1668 
1 2 0 1669 
2 2 0 1663 
2 2 0 1666 
3 3 1670 1671 1672 
1 2 0 1673 
1 2 0 1674 
1 2 0 1675 
1 2 0 1676 
2 2 0 1675 
3 2 1677 1678 
1 2 0 1679 
1 2 0 1680 
2 2 0 1675 
2 2 0 1679 
3 3 1681 1682 1683 
1 2 0 1684 
1 2 0 1685 
2 2 0 1684 
3 2 1686 1687 
1 2 0 1688 
2 2 0 1684 
3 2 1689 1690 
1 2 0 1691 
2 2 0 1688 
3 2 1692 1693 
1 2 0 1694 
2 2 0 1691 
3 2 1695 1696 
1 2 0 1697 
1 2 0 1698 
2 2 0 1697 
3 2 1699 1700 
1 2 0 1701 
1 2 0 1702 
2 2 0 1701 
3 2 1703 1704 
1 2 0 1705 
4 1 0 
4 2 0 1538 
4 2 0 1539 
4 2 0 1540 
4 2 0 1541 
4 2 0 1542 
4 2 0 1545 
4 2 0 1546 
4 2 0 1547 
4 2 0 1550 
4 2 0 1553 
4 2 0 1556 
4 2 0 1557 
4 2 0 1558 
4 2 0 1559 
4 2 0 1562 
4 2 0 1563 
4 2 0 1564 
4 2 0 1567 
4 2 0 1568 
4 2 0 1569 
4 2 0 1570 
4 2 0 1571 
4 2 0 1574 
4 2 0 1575 
4 2 0 1578 
4 2 0 1579 
4 2 0 1582 
4 2 0 1583 
4 2 0 1584 
4 2 0 1585 
4 2 0 1588 
4 2 0 1589 
4 2 0 1590 
4 2 0 1593 
4 2 0 1596 
4 2 0 1600 
4 2 0 1601 
4 2 0 1602 
4 2 0 1603 
4 2 0 1606 
4 2 0 1607 
4 2 0 1610 
4 2 0 1611 
4 2 0 1612 
4 2 0 1615 
4 2 0 1616 
4 2 0 1617 
4 2 0 1620 
4 2 0 1621 
4 2 0 1622 
4 2 0 1625 
4 2 0 1626 
4 2 0 1629 
4 2 0 1630 
4 2 0 1631 
4 2 0 1634 
4 2 0 1635 
4 2 0 1636 
4 2 0 1639 
4 2 0 1640 
4 2 0 1641 
4 2 0 1644 
4 2 0 1645 
4 2 0 1648 
4 2 0 1649 
4 2 0 1650 
4 2 0 1653 
4 2 0 1654 
4 2 0 1655 
4 2 0 1658 
4 2 0 1661 
4 2 0 1662 
4 2 0 1663 
4 2 0 1666 
4 2 0 1669 
4 2 0 1673 
4 2 0 1674 
4 2 0 1675 
4 2 0 1676 
4 2 0 1679 
4 2 0 1680 
4 2 0 1684 
4 2 0 1685 
4 2 0 1688 
4 2 0 1691 
4 2 0 1694 
4 2 0 1697 
4 2 0 1698 
4 2 0 1701 
4 2 0 1702 
4 2 0 1705 
4 2 0 1706 
1 1 0 
1 2 0 1800 
2 1 0 
3 2 1801 1802 
1 2 0 1803 
2 2 0 1800 
3 2 1804 1805 
1 2 0 1806 
2 2 0 1803 
3 2 1807 1808 
1 2 0 1809 
1 2 0 1810 
1 2 0 1811 
1 2 0 1812 
2 2 0 1811 
3 2 1813 1814 
1 2 0 1815 
1 2 0 1816 
1 2 0 1817 
2 2 0 1816 
3 2 1818 1819 
1 2 0 1820 
1 2 0 1821 
1 2 0 1822 
2 2 0 1821 
3 2 1823 1824 
1 2 0 1825 
1 2 0 1826 
1 2 0 1827 
2 2 0 1826 
3 2 1828 1829 
1 2 0 1830 
1 2 0 1831 
1 2 0 1832 
1 2 0 1833 
2 2 0 1832 
3 2 1834 1835 
1 2 0 1836 
2 2 0 1833 
3 2 1837 1838 
1 2 0 1839 
2 2 0 1836 
3 2 1840 1841 
1 2 0 1842 
1 2 0 1843 
1 2 0 1844 
2 2 0 1843 
3 2 1845 1846 
1 2 0 1847 
1 2 0 1848 
1 2 0 1849 
2 2 0 1848 
3 2 1850 1851 
1 2 0 1852 
1 2 0 1853 
2 2 0 1852 
3 2 1854 1855 
1 2 0 1856 
2 2 0 1853 
3 2 1857 1858 
1 2 0 1859 
2 2 0 1856 
3 2 1860 1861 
1 2 0 1862 
1 2 0 1863 
1 2 0 1864 
2 2 0 1863 
3 2 1865 1866 
1 2 0 1867 
1 2 0 1868 
2 2 0 1867 
3 2 1869 1870 
1 2 0 1871 
1 2 0 1872 
1 2 0 1873 
1 2 0 1874 
2 2 0 1873 
3 2 1875 1876 
1 2 0 1877 
2 2 0 1874 
3 2 1878 1879 
1 2 0 1880 
1 2 0 1881 
1 2 0 1882 
2 2 0 1881 
3 2 1883 1884 
1 2 0 1885 
1 2 0 1886 
2 2 0 1885 
3 2 1887 1888 
1 2 0 1889 
1 2 0 1890 
2 2 0 1889 
3 2 1891 1892 
1 2 0 1893 
1 2 0 1894 
1 2 0 1895 
1 2 0 1896 
1 2 0 1897 
2 2 0 1896 
3 2 1898 1899 
1 2 0 1900 
4 1 0 
4 2 0 1800 
4 2 0 1803 
4 2 0 1806 
4 2 0 1809 
4 2 0 1810 
4 2 0 1811 
4 2 0 1812 
4 2 0 1815 
4 2 0 1816 
4 2 0 1817 
4 2 0 1820 
4 2 0 1821 
4 2 0 1822 
4 2 0 1825 
4 2 0 1826 
4 2 0 1827 
4 2 0 1830 
4 2 0 1831 
4 2 0 1832 
4 2 0 1833 
4 2 0 1836 
4 2 0 1839 
4 2 0 1842 
4 2 0 1843 
4 2 0 1844 
4 2 0 1847 
4 2 0 1848 
4 2 0 1849 
4 2 0 1852 
4 2 0 1853 
4 2 0 1856 
4 2 0 1859 
4 2 0 1862 
4 2 0 1863 
4 2 0 1864 
4 2 0 1867 
4 2 0 1868 
4 2 0 1871 
4 2 0 1872 
4 2 0 1873 
4 2 0 1874 
4 2 0 1877 
4 2 0 1880 
4 2 0 1881 
4 2 0 1882 
4 2 0 1885 
4 2 0 1886 
4 2 0 1889 
4 2 0 1890 
4 2 0 1893 
4 2 0 1894 
4 2 0 1895 
4 2 0 1896 
4 2 0 1897 
4 2 0 1900 
4 2 0 1901 
1 1 0 
1 2 0 1959 
1 2 0 1960 
2 2 0 1959 
3 2 1961 1962 
1 2 0 1963 
2 2 0 1959 
2 2 0 1960 
3 3 1964 1965 1966 
1 2 0 1967 
2 2 0 1959 
2 2 0 1963 
3 3 1968 1969 1970 
1 2 0 1971 
1 2 0 1972 
2 2 0 1971 
3 2 1973 1974 
1 2 0 1975 
1 2 0 1976 
2 2 0 1975 
3 2 1977 1978 
1 2 0 1979 
2 2 0 1976 
3 2 1980 1981 
1 2 0 1982 
2 2 0 1975 
2 2 0 1979 
3 3 1983 1984 1985 
1 2 0 1986 
1 2 0 1987 
1 2 0 1988 
2 2 0 1987 
3 2 1989 1990 
1 2 0 1991 
1 2 0 1992 
1 2 0 1993 
2 2 0 1992 
3 2 1994 1995 
1 2 0 1996 
2 2 0 1992 
2 2 0 1993 
3 3 1997 1998 1999 
1 2 0 2000 
2 2 0 1992 
2 2 0 1993 
2 2 0 1996 
3 4 2001 2002 2003 2004 
1 2 0 2005 
2 2 0 1996 
2 2 0 2000 
3 3 2006 2007 2008 
1 2 0 2009 
1 2 0 2010 
2 2 0 2009 
3 2 2011 2012 
1 2 0 2013 
2 2 0 2010 
3 2 2014 2015 
1 2 0 2016 
1 2 0 2017 
2 2 0 2016 
3 2 2018 2019 
1 2 0 2020 
2 2 0 2017 
3 2 2021 2022 
1 2 0 2023 
2 2 0 2020 
3 2 2024 2025 
1 2 0 2026 
2 2 0 2023 
3 2 2027 2028 
1 2 0 2029 
1 2 0 2030 
1 2 0 2031 
2 2 0 2030 
3 2 2032 2033 
1 2 0 2034 
1 2 0 2035 
2 2 0 2034 
3 2 2036 2037 
1 2 0 2038 
1 2 0 2039 
2 2 0 2038 
3 2 2040 2041 
1 2 0 2042 
2 2 0 2039 
3 2 2043 2044 
1 2 0 2045 
2 2 0 2042 
3 2 2046 2047 
1 2 0 2048 
2 2 0 2042 
2 2 0 2045 
3 3 2049 2050 2051 
1 2 0 2052 
2 2 0 2042 
2 2 0 2048 
3 3 2053 2054 2055 
1 2 0 2056 
1 2 0 2057 
2 2 0 2056 
3 2 2058 2059 
1 2 0 2060 
2 2 0 2057 
3 2 2061 2062 
1 2 0 2063 
2 2 0 2060 
3 2 2064 2065 
1 2 0 2066 
1 2 0 2067 
2 2 0 2066 
3 2 2068 2069 
1 2 0 2070 
1 2 0 2071 
2 2 0 2070 
3 2 2072 2073 
1 2 0 2074 
4 1 0 
4 2 0 1959 
4 2 0 1960 
4 2 0 1963 
4 2 0 1967 
4 2 0 1971 
4 2 0 1972 
4 2 0 1975 
4 2 0 1976 
4 2 0 1979 
4 2 0 1982 
4 2 0 1986 
4 2 0 1987 
4 2 0 1988 
4 2 0 1991 
4 2 0 1992 
4 2 0 1993 
4 2 0 1996 
4 2 0 2000 
4 2 0 2005 
4 2 0 2009 
4 2 0 2010 
4 2 0 2013 
4 2 0 2016 
4 2 0 2017 
4 2 0 2020 
4 2 0 2023 
4 2 0 2026 
4 2 0 2029 
4 2 0 2030 
4 2 0 2031 
4 2 0 2034 
4 2 0 2035 
4 2 0 2038 
4 2 0 2039 
4 2 0 2042 
4 2 0 2045 
4 2 0 2048 
4 2 0 2052 
4 2 0 2056 
4 2 0 2057 
4 2 0 2060 
4 2 0 2063 
4 2 0 2066 
4 2 0 2067 
4 2 0 2070 
4 2 0 2071 
4 2 0 2074 
4 2 0 2075 
1 1 0 
1 2 0 2125 
1 2 0 2126 
2 2 0 2125 
3 2 2127 2128 
1 2 0 2129 
2 2 0 2126 
3 2 2130 2131 
1 2 0 2132 
2 2 0 2129 
3 2 2133 2134 
1 2 0 2135 
1 2 0 2136 
2 2 0 2135 
3 2 2137 2138 
1 2 0 2139 
1 2 0 2140 
2 2 0 2139 
3 2 2141 2142 
1 2 0 2143 
1 2 0 2144 
1 2 0 2145 
1 2 0 2146 
2 2 0 2144 
2 2 0 2145 
3 3 2147 2148 2149 
1 2 0 2150 
2 2 0 2144 
2 2 0 2146 
3 3 2151 2152 2153 
1 2 0 2154 
2 2 0 2150 
3 2 2155 2156 
1 2 0 2157 
2 2 0 2154 
3 2 2158 2159 
1 2 0 2160 
4 1 0 
4 2 0 2125 
4 2 0 2126 
4 2 0 2129 
4 2 0 2132 
4 2 0 2135 
4 2 0 2136 
4 2 0 2139 
4 2 0 2140 
4 2 0 2143 
4 2 0 2144 
4 2 0 2145 
4 2 0 2146 
4 2 0 2150 
4 2 0 2154 
4 2 0 2157 
4 2 0 2160 
4 2 0 2161 
1 1 0 
1 2 0 2180 
2 1 0 
3 2 2181 2182 
1 2 0 2183 
2 1 0 
2 2 0 2180 
3 3 2184 2185 2186 
1 2 0 2187 
2 2 0 2183 
3 2 2188 2189 
1 2 0 2190 
2 2 0 2183 
2 2 0 2187 
3 3 2191 2192 2193 
1 2 0 2194 
1 2 0 2195 
2 2 0 2194 
3 2 2196 2197 
1 2 0 2198 
1 2 0 2199 
4 1 0 
4 2 0 2180 
4 2 0 2183 
4 2 0 2187 
4 2 0 2190 
4 2 0 2194 
4 2 0 2195 
4 2 0 2198 
4 2 0 2199 
4 2 0 2200 
1 1 0 
1 2 0 2211 
2 1 0 
3 2 2212 2213 
1 2 0 2214 
2 1 0 
3 2 2215 2216 
1 2 0 2217 
2 2 0 2214 
3 2 2218 2219 
1 2 0 2220 
1 2 0 2221 
2 2 0 2220 
3 2 2222 2223 
1 2 0 2224 
2 2 0 2220 
2 2 0 2221 
3 3 2225 2226 2227 
1 2 0 2228 
2 2 0 2220 
2 2 0 2221 
2 2 0 2224 
3 4 2229 2230 2231 2232 
1 2 0 2233 
2 2 0 2224 
2 2 0 2228 
3 3 2234 2235 2236 
1 2 0 2237 
1 2 0 2238 
2 2 0 2237 
3 2 2239 2240 
1 2 0 2241 
2 2 0 2238 
3 2 2242 2243 
1 2 0 2244 
2 2 0 2241 
3 2 2245 2246 
1 2 0 2247 
2 2 0 2244 
3 2 2248 2249 
1 2 0 2250 
1 2 0 2251 
2 2 0 2250 
3 2 2252 2253 
1 2 0 2254 
2 2 0 2251 
3 2 2255 2256 
1 2 0 2257 
1 2 0 2258 
2 2 0 2257 
3 2 2259 2260 
1 2 0 2261 
2 2 0 2258 
3 2 2262 2263 
1 2 0 2264 
2 2 0 2261 
3 2 2265 2266 
1 2 0 2267 
1 2 0 2268 
2 2 0 2267 
3 2 2269 2270 
1 2 0 2271 
2 2 0 2268 
3 2 2272 2273 
1 2 0 2274 
2 2 0 2271 
3 2 2275 2276 
1 2 0 2277 
1 2 0 2278 
1 2 0 2279 
2 2 0 2278 
3 2 2280 2281 
1 2 0 2282 
2 2 0 2279 
3 2 2283 2284 
1 2 0 2285 
2 2 0 2282 
3 2 2286 2287 
1 2 0 2288 
1 2 0 2289 
2 2 0 2288 
3 2 2290 2291 
1 2 0 2292 
2 2 0 2289 
3 2 2293 2294 
1 2 0 2295 
1 2 0 2296 
1 2 0 2297 
1 2 0 2298 
1 2 0 2299 
2 2 0 2298 
3 2 2300 2301 
1 2 0 2302 
2 2 0 2298 
2 2 0 2299 
3 3 2303 2304 2305 
1 2 0 2306 
2 2 0 2302 
3 2 2307 2308 
1 2 0 2309 
1 2 0 2310 
2 2 0 2309 
3 2 2311 2312 
1 2 0 2313 
1 2 0 2314 
2 2 0 2313 
3 2 2315 2316 
1 2 0 2317 
1 2 0 2318 
2 2 0 2317 
3 2 2319 2320 
1 2 0 2321 
4 1 0 
4 2 0 2211 
4 2 0 2214 
4 2 0 2217 
4 2 0 2220 
4 2 0 2221 
4 2 0 2224 
4 2 0 2228 
4 2 0 2233 
4 2 0 2237 
4 2 0 2238 
4 2 0 2241 
4 2 0 2244 
4 2 0 2247 
4 2 0 2250 
4 2 0 2251 
4 2 0 2254 
4 2 0 2257 
4 2 0 2258 
4 2 0 2261 
4 2 0 2264 
4 2 0 2267 
4 2 0 2268 
4 2 0 2271 
4 2 0 2274 
4 2 0 2277 
4 2 0 2278 
4 2 0 2279 
4 2 0 2282 
4 2 0 2285 
4 2 0 2288 
4 2 0 2289 
4 2 0 2292 
4 2 0 2295 
4 2 0 2296 
4 2 0 2297 
4 2 0 2298 
4 2 0 2299 
4 2 0 2302 
4 2 0 2306 
4 2 0 2309 
4 2 0 2310 
4 2 0 2313 
4 2 0 2314 
4 2 0 2317 
4 2 0 2318 
4 2 0 2321 
4 2 0 2322 
1 1 0 
1 2 0 2371 
2 1 0 
3 2 2372 2373 
1 2 0 2374 
1 2 0 2375 
1 2 0 2376 
1 2 0 2377 
1 2 0 2378 
2 2 0 2377 
3 2 2379 2380 
1 2 0 2381 
2 2 0 2377 
3 2 2382 2383 
1 2 0 2384 
2 2 0 2381 
3 2 2385 2386 
1 2 0 2387 
2 2 0 2384 
3 2 2388 2389 
1 2 0 2390 
2 2 0 2387 
3 2 2391 2392 
1 2 0 2393 
2 2 0 2390 
3 2 2394 2395 
1 2 0 2396 
2 2 0 2390 
3 2 2397 2398 
1 2 0 2399 
1 2 0 2400 
1 2 0 2401 
2 2 0 2400 
3 2 2402 2403 
1 2 0 2404 
2 2 0 2400 
2 2 0 2401 
3 3 2405 2406 2407 
1 2 0 2408 
2 2 0 2404 
3 2 2409 2410 
1 2 0 2411 
2 2 0 2408 
3 2 2412 2413 
1 2 0 2414 
1 2 0 2415 
1 2 0 2416 
1 2 0 2417 
2 2 0 2415 
3 2 2418 2419 
1 2 0 2420 
1 2 0 2421 
1 2 0 2422 
2 2 0 2421 
3 2 2423 2424 
1 2 0 2425 
1 2 0 2426 
2 2 0 2425 
3 2 2427 2428 
1 2 0 2429 
2 2 0 2425 
2 2 0 2426 
3 3 2430 2431 2432 
1 2 0 2433 
1 2 0 2434 
1 2 0 2435 
2 2 0 2433 
2 2 0 2434 
3 3 2436 2437 2438 
1 2 0 2439 
2 2 0 2433 
2 2 0 2434 
2 2 0 2435 
3 4 2440 2441 2442 2443 
1 2 0 2444 
1 2 0 2445 
2 2 0 2444 
3 2 2446 2447 
1 2 0 2448 
1 2 0 2449 
1 2 0 2450 
1 2 0 2451 
2 2 0 2450 
3 2 2452 2453 
1 2 0 2454 
1 2 0 2455 
2 2 0 2454 
3 2 2456 2457 
1 2 0 2458 
4 1 0 
4 2 0 2371 
4 2 0 2374 
4 2 0 2375 
4 2 0 2376 
4 2 0 2377 
4 2 0 2378 
4 2 0 2381 
4 2 0 2384 
4 2 0 2387 
4 2 0 2390 
4 2 0 2393 
4 2 0 2396 
4 2 0 2399 
4 2 0 2400 
4 2 0 2401 
4 2 0 2404 
4 2 0 2408 
4 2 0 2411 
4 2 0 2414 
4 2 0 2415 
4 2 0 2416 
4 2 0 2417 
4 2 0 2420 
4 2 0 2421 
4 2 0 2422 
4 2 0 2425 
4 2 0 2426 
4 2 0 2429 
4 2 0 2433 
4 2 0 2434 
4 2 0 2435 
4 2 0 2439 
4 2 0 2444 
4 2 0 2445 
4 2 0 2448 
4 2 0 2449 
4 2 0 2450 
4 2 0 2451 
4 2 0 2454 
4 2 0 2455 
4 2 0 2458 
4 2 0 2459 
1 1 0 
1 2 0 2503 
1 2 0 2504 
1 2 0 2505 
1 2 0 2506 
2 2 0 2505 
3 2 2507 2508 
1 2 0 2509 
2 2 0 2505 
3 2 2510 2511 
1 2 0 2512 
1 2 0 2513 
2 2 0 2512 
3 2 2514 2515 
1 2 0 2516 
2 2 0 2512 
2 2 0 2513 
3 3 2517 2518 2519 
1 2 0 2520 
2 2 0 2516 
3 2 2521 2522 
1 2 0 2523 
1 2 0 2524 
1 2 0 2525 
2 2 0 2524 
3 2 2526 2527 
1 2 0 2528 
1 2 0 2529 
2 2 0 2528 
3 2 2530 2531 
1 2 0 2532 
1 2 0 2533 
2 2 0 2532 
3 2 2534 2535 
1 2 0 2536 
1 2 0 2537 
1 2 0 2538 
2 2 0 2537 
3 2 2539 2540 
1 2 0 2541 
1 2 0 2542 
2 2 0 2541 
3 2 2543 2544 
1 2 0 2545 
4 1 0 
4 2 0 2503 
4 2 0 2504 
4 2 0 2505 
4 2 0 2506 
4 2 0 2509 
4 2 0 2512 
4 2 0 2513 
4 2 0 2516 
4 2 0 2520 
4 2 0 2523 
4 2 0 2524 
4 2 0 2525 
4 2 0 2528 
4 2 0 2529 
4 2 0 2532 
4 2 0 2533 
4 2 0 2536 
4 2 0 2537 
4 2 0 2538 
4 2 0 2541 
4 2 0 2542 
4 2 0 2545 
4 2 0 2546 
1 1 0 
1 2 0 2571 
1 2 0 2572 
1 2 0 2573 
4 1 0 
4 2 0 2571 
4 2 0 2572 
4 2 0 2573 
4 2 0 2574 
1 1 0 
1 2 0 2580 
2 1 0 
3 2 2581 2582 
1 2 0 2583 
2 1 0 
2 2 0 2580 
3 3 2584 2585 2586 
1 2 0 2587 
2 2 0 2583 
3 2 2588 2589 
1 2 0 2590 
1 2 0 2591 
2 2 0 2587 
2 2 0 2590 
3 3 2592 2593 2594 
1 2 0 2595 
1 2 0 2596 
1 2 0 2597 
1 2 0 2598 
2 2 0 2596 
2 2 0 2597 
3 3 2599 2600 2601 
1 2 0 2602 
1 2 0 2603 
1 2 0 2604 
2 2 0 2603 
3 2 2605 2606 
1 2 0 2607 
1 2 0 2608 
2 2 0 2607 
3 2 2609 2610 
1 2 0 2611 
1 2 0 2612 
1 2 0 2613 
2 2 0 2612 
3 2 2614 2615 
1 2 0 2616 
1 2 0 2617 
2 2 0 2616 
3 2 2618 2619 
1 2 0 2620 
2 2 0 2617 
3 2 2621 2622 
1 2 0 2623 
2 2 0 2620 
3 2 2624 2625 
1 2 0 2626 
1 2 0 2627 
2 2 0 2626 
3 2 2628 2629 
1 2 0 2630 
1 2 0 2631 
1 2 0 2632 
2 2 0 2631 
3 2 2633 2634 
1 2 0 2635 
1 2 0 2636 
2 2 0 2635 
3 2 2637 2638 
1 2 0 2639 
2 2 0 2636 
3 2 2640 2641 
1 2 0 2642 
2 2 0 2636 
2 2 0 2639 
3 3 2643 2644 2645 
1 2 0 2646 
1 2 0 2647 
1 2 0 2648 
2 2 0 2647 
3 2 2649 2650 
1 2 0 2651 
2 2 0 2648 
3 2 2652 2653 
1 2 0 2654 
2 2 0 2648 
2 2 0 2651 
3 3 2655 2656 2657 
1 2 0 2658 
1 2 0 2659 
2 2 0 2658 
3 2 2660 2661 
1 2 0 2662 
2 2 0 2659 
3 2 2663 2664 
1 2 0 2665 
2 2 0 2662 
3 2 2666 2667 
1 2 0 2668 
1 2 0 2669 
2 2 0 2668 
3 2 2670 2671 
1 2 0 2672 
1 2 0 2673 
1 2 0 2674 
2 2 0 2673 
3 2 2675 2676 
1 2 0 2677 
4 1 0 
4 2 0 2580 
4 2 0 2583 
4 2 0 2587 
4 2 0 2590 
4 2 0 2591 
4 2 0 2595 
4 2 0 2596 
4 2 0 2597 
4 2 0 2598 
4 2 0 2602 
4 2 0 2603 
4 2 0 2604 
4 2 0 2607 
4 2 0 2608 
4 2 0 2611 
4 2 0 2612 
4 2 0 2613 
4 2 0 2616 
4 2 0 2617 
4 2 0 2620 
4 2 0 2623 
4 2 0 2626 
4 2 0 2627 
4 2 0 2630 
4 2 0 2631 
4 2 0 2632 
4 2 0 2635 
4 2 0 2636 
4 2 0 2639 
4 2 0 2642 
4 2 0 2646 
4 2 0 2647 
4 2 0 2648 
4 2 0 2651 
4 2 0 2654 
4 2 0 2658 
4 2 0 2659 
4 2 0 2662 
4 2 0 2665 
4 2 0 2668 
4 2 0 2669 
4 2 0 2672 
4 2 0 2673 
4 2 0 2674 
4 2 0 2677 
4 2 0 2678 
1 1 0 
1 2 0 2726 
1 2 0 2727 
1 2 0 2728 
2 2 0 2727 
3 2 2729 2730 
1 2 0 2731 
2 2 0 2728 
3 2 2732 2733 
1 2 0 2734 
1 2 0 2735 
1 2 0 2736 
1 2 0 2737 
2 2 0 2736 
3 2 2738 2739 
1 2 0 2740 
1 2 0 2741 
1 2 0 2742 
1 2 0 2743 
2 2 0 2742 
3 2 2744 2745 
1 2 0 2746 
1 2 0 2747 
2 2 0 2746 
3 2 2748 2749 
1 2 0 2750 
1 2 0 2751 
2 2 0 2750 
3 2 2752 2753 
1 2 0 2754 
1 2 0 2755 
2 2 0 2754 
3 2 2756 2757 
1 2 0 2758 
2 2 0 2755 
3 2 2759 2760 
1 2 0 2761 
2 2 0 2755 
2 2 0 2758 
3 3 2762 2763 2764 
1 2 0 2765 
4 1 0 
4 2 0 2726 
4 2 0 2727 
4 2 0 2728 
4 2 0 2731 
4 2 0 2734 
4 2 0 2735 
4 2 0 2736 
4 2 0 2737 
4 2 0 2740 
4 2 0 2741 
4 2 0 2742 
4 2 0 2743 
4 2 0 2746 
4 2 0 2747 
4 2 0 2750 
4 2 0 2751 
4 2 0 2754 
4 2 0 2755 
4 2 0 2758 
4 2 0 2761 
4 2 0 2765 
4 2 0 2766 
1 1 0 
1 2 0 2790 
2 1 0 
3 2 2791 2792 
1 2 0 2793 
2 1 0 
2 2 0 2790 
3 3 2794 2795 2796 
1 2 0 2797 
1 2 0 2798 
2 2 0 2797 
3 2 2799 2800 
1 2 0 2801 
2 2 0 2798 
3 2 2802 2803 
1 2 0 2804 
4 1 0 
4 2 0 2790 
4 2 0 2793 
4 2 0 2797 
4 2 0 2798 
4 2 0 2801 
4 2 0 2804 
4 2 0 2805 
1 1 0 
1 2 0 2814 
2 1 0 
3 2 2815 2816 
1 2 0 2817 
2 2 0 2814 
3 2 2818 2819 
1 2 0 2820 
2 2 0 2817 
3 2 2821 2822 
1 2 0 2823 
1 2 0 2824 
1 2 0 2825 
2 2 0 2823 
2 2 0 2824 
3 3 2826 2827 2828 
1 2 0 2829 
1 2 0 2830 
2 2 0 2829 
3 2 2831 2832 
1 2 0 2833 
2 2 0 2830 
3 2 2834 2835 
1 2 0 2836 
1 2 0 2837 
2 2 0 2836 
3 2 2838 2839 
1 2 0 2840 
1 2 0 2841 
2 2 0 2840 
3 2 2842 2843 
1 2 0 2844 
2 2 0 2840 
2 2 0 2841 
3 3 2845 2846 2847 
1 2 0 2848 
2 2 0 2844 
3 2 2849 2850 
1 2 0 2851 
2 2 0 2848 
3 2 2852 2853 
1 2 0 2854 
1 2 0 2855 
2 2 0 2854 
3 2 2856 2857 
1 2 0 2858 
2 2 0 2854 
2 2 0 2855 
3 3 2859 2860 2861 
1 2 0 2862 
1 2 0 2863 
2 2 0 2862 
3 2 2864 2865 
1 2 0 2866 
1 2 0 2867 
2 2 0 2866 
3 2 2868 2869 
1 2 0 2870 
1 2 0 2871 
2 2 0 2870 
3 2 2872 2873 
1 2 0 2874 
4 1 0 
4 2 0 2814 
4 2 0 2817 
4 2 0 2820 
4 2 0 2823 
4 2 0 2824 
4 2 0 2825 
4 2 0 2829 
4 2 0 2830 
4 2 0 2833 
4 2 0 2836 
4 2 0 2837 
4 2 0 2840 
4 2 0 2841 
4 2 0 2844 
4 2 0 2848 
4 2 0 2851 
4 2 0 2854 
4 2 0 2855 
4 2 0 2858 
4 2 0 2862 
4 2 0 2863 
4 2 0 2866 
4 2 0 2867 
4 2 0 2870 
4 2 0 2871 
4 2 0 2874 
4 2 0 2875 
1 1 0 
1 2 0 2904 
2 1 0 
3 2 2905 2906 
1 2 0 2907 
2 1 0 
2 2 0 2904 
3 3 2908 2909 2910 
1 2 0 2911 
2 2 0 2907 
3 2 2912 2913 
1 2 0 2914 
2 2 0 2907 
2 2 0 2911 
3 3 2915 2916 2917 
1 2 0 2918 
1 2 0 2919 
1 2 0 2920 
2 2 0 2918 
2 2 0 2919 
3 3 2921 2922 2923 
1 2 0 2924 
4 1 0 
4 2 0 2904 
4 2 0 2907 
4 2 0 2911 
4 2 0 2914 
4 2 0 2918 
4 2 0 2919 
4 2 0 2920 
4 2 0 2924 
4 2 0 2925 
1 1 0 
1 2 0 2936 
1 2 0 2937 
2 2 0 2936 
3 2 2938 2939 
1 2 0 2940 
2 2 0 2937 
3 2 2941 2942 
1 2 0 2943 
2 2 0 2940 
3 2 2944 2945 
1 2 0 2946 
4 1 0 
4 2 0 2936 
4 2 0 2937 
4 2 0 2940 
4 2 0 2943 
4 2 0 2946 
4 2 0 2947 
1 1 0 
1 2 0 2955 
2 1 0 
3 2 2956 2957 
1 2 0 2958 
2 1 0 
3 2 2959 2960 
1 2 0 2961 
1 2 0 2962 
2 2 0 2961 
3 2 2963 2964 
4 1 0 
4 2 0 2955 
4 2 0 2958 
4 2 0 2961 
4 2 0 2962 
4 2 0 2965 
1 1 0 
1 2 0 2972 
1 2 0 2973 
4 1 0 
4 2 0 2972 
4 2 0 2973 
4 2 0 2974 
1 1 0 
1 2 0 2979 
2 1 0 
3 2 2980 2981 
1 2 0 2982 
2 1 0 
3 2 2983 2984 
1 2 0 2985 
1 2 0 2986 
1 2 0 2987 
2 2 0 2986 
3 2 2988 2989 
1 2 0 2990 
1 2 0 2991 
2 2 0 2990 
3 2 2992 2993 
1 2 0 2994 
2 2 0 2990 
2 2 0 2991 
3 3 2995 2996 2997 
1 2 0 2998 
2 2 0 2990 
2 2 0 2991 
2 2 0 2994 
3 4 2999 3000 3001 3002 
1 2 0 3003 
2 2 0 2991 
2 2 0 2994 
2 2 0 2998 
3 4 3004 3005 3006 3007 
1 2 0 3008 
1 2 0 3009 
1 2 0 3010 
2 2 0 3009 
3 2 3011 3012 
1 2 0 3013 
1 2 0 3014 
1 2 0 3015 
2 2 0 3013 
3 2 3016 3017 
1 2 0 3018 
2 2 0 3013 
2 2 0 3015 
3 3 3019 3020 3021 
1 2 0 3022 
1 2 0 3023 
1 2 0 3024 
2 2 0 3023 
3 2 3025 3026 
1 2 0 3027 
1 2 0 3028 
1 2 0 3029 
1 2 0 3030 
1 2 0 3031 
2 2 0 3030 
3 2 3032 3033 
1 2 0 3034 
2 2 0 3030 
3 2 3035 3036 
1 2 0 3037 
1 2 0 3038 
2 2 0 3037 
3 2 3039 3040 
1 2 0 3041 
1 2 0 3042 
1 2 0 3043 
1 2 0 3044 
1 2 0 3045 
2 2 0 3044 
3 2 3046 3047 
1 2 0 3048 
2 2 0 3045 
3 2 3049 3050 
1 2 0 3051 
1 2 0 3052 
1 2 0 3053 
1 2 0 3054 
1 2 0 3055 
1 2 0 3056 
1 2 0 3057 
1 2 0 3058 
1 2 0 3059 
1 2 0 3060 
1 2 0 3061 
1 2 0 3062 
1 2 0 3063 
2 2 0 3062 
3 2 3064 3065 
1 2 0 3066 
2 2 0 3062 
2 2 0 3063 
3 3 3067 3068 3069 
1 2 0 3070 
1 2 0 3071 
1 2 0 3072 
2 2 0 3071 
3 2 3073 3074 
1 2 0 3075 
1 2 0 3076 
1 2 0 3077 
1 2 0 3078 
1 2 0 3079 
2 2 0 3078 
3 2 3080 3081 
1 2 0 3082 
2 2 0 3079 
3 2 3083 3084 
1 2 0 3085 
1 2 0 3086 
2 2 0 3085 
3 2 3087 3088 
1 2 0 3089 
1 2 0 3090 
2 2 0 3089 
3 2 3091 3092 
1 2 0 3093 
1 2 0 3094 
2 2 0 3093 
3 2 3095 3096 
1 2 0 3097 
1 2 0 3098 
1 2 0 3099 
1 2 0 3100 
1 2 0 3101 
2 2 0 3100 
3 2 3102 3103 
1 2 0 3104 
1 2 0 3105 
2 2 0 3100 
2 2 0 3104 
3 3 3106 3107 3108 
1 2 0 3109 
1 2 0 3110 
1 2 0 3111 
2 2 0 3110 
3 2 3112 3113 
1 2 0 3114 
2 2 0 3110 
3 2 3115 3116 
1 2 0 3117 
1 2 0 3118 
2 2 0 3117 
3 2 3119 3120 
1 2 0 3121 
2 2 0 3117 
2 2 0 3118 
3 3 3122 3123 3124 
1 2 0 3125 
2 2 0 3121 
3 2 3126 3127 
1 2 0 3128 
1 2 0 3129 
1 2 0 3130 
1 2 0 3131 
2 2 0 3130 
3 2 3132 3133 
1 2 0 3134 
2 2 0 3130 
2 2 0 3131 
3 3 3135 3136 3137 
1 2 0 3138 
1 2 0 3139 
1 2 0 3140 
2 2 0 3139 
3 2 3141 3142 
1 2 0 3143 
1 2 0 3144 
1 2 0 3145 
1 2 0 3146 
1 2 0 3147 
1 2 0 3148 
1 2 0 3149 
1 2 0 3150 
1 2 0 3151 
4 1 0 
4 2 0 2979 
4 2 0 2982 
4 2 0 2985 
4 2 0 2986 
4 2 0 2987 
4 2 0 2990 
4 2 0 2991 
4 2 0 2994 
4 2 0 2998 
4 2 0 3003 
4 2 0 3008 
4 2 0 3009 
4 2 0 3010 
4 2 0 3013 
4 2 0 3014 
4 2 0 3015 
4 2 0 3018 
4 2 0 3022 
4 2 0 3023 
4 2 0 3024 
4 2 0 3027 
4 2 0 3028 
4 2 0 3029 
4 2 0 3030 
4 2 0 3031 
4 2 0 3034 
4 2 0 3037 
4 2 0 3038 
4 2 0 3041 
4 2 0 3042 
4 2 0 3043 
4 2 0 3044 
4 2 0 3045 
4 2 0 3048 
4 2 0 3051 
4 2 0 3052 
4 2 0 3053 
4 2 0 3054 
4 2 0 3055 
4 2 0 3056 
4 2 0 3057 
4 2 0 3058 
4 2 0 3059 
4 2 0 3060 
4 2 0 3061 
4 2 0 3062 
4 2 0 3063 
4 2 0 3066 
4 2 0 3070 
4 2 0 3071 
4 2 0 3072 
4 2 0 3075 
4 2 0 3076 
4 2 0 3077 
4 2 0 3078 
4 2 0 3079 
4 2 0 3082 
4 2 0 3085 
4 2 0 3086 
4 2 0 3089 
4 2 0 3090 
4 2 0 3093 
4 2 0 3094 
4 2 0 3097 
4 2 0 3098 
4 2 0 3099 
4 2 0 3100 
4 2 0 3101 
4 2 0 3104 
4 2 0 3105 
4 2 0 3109 
4 2 0 3110 
4 2 0 3111 
4 2 0 3114 
4 2 0 3117 
4 2 0 3118 
4 2 0 3121 
4 2 0 3125 
4 2 0 3128 
4 2 0 3129 
4 2 0 3130 
4 2 0 3131 
4 2 0 3134 
4 2 0 3138 
4 2 0 3139 
4 2 0 3140 
4 2 0 3143 
4 2 0 3144 
4 2 0 3145 
4 2 0 3146 
4 2 0 3147 
4 2 0 3148 
4 2 0 3149 
4 2 0 3150 
4 2 0 3151 
4 2 0 3152 
1 1 0 
1 2 0 3250 
2 1 0 
3 2 3251 3252 
1 2 0 3253 
1 2 0 3254 
1 2 0 3255 
1 2 0 3256 
1 2 0 3257 
2 2 0 3256 
3 2 3258 3259 
1 2 0 3260 
2 2 0 3256 
3 2 3261 3262 
1 2 0 3263 
1 2 0 3264 
2 2 0 3260 
3 2 3265 3266 
1 2 0 3267 
1 2 0 3268 
2 2 0 3267 
3 2 3269 3270 
1 2 0 3271 
1 2 0 3272 
2 2 0 3271 
3 2 3273 3274 
1 2 0 3275 
2 2 0 3272 
3 2 3276 3277 
1 2 0 3278 
2 2 0 3272 
2 2 0 3275 
3 3 3279 3280 3281 
1 2 0 3282 
1 2 0 3283 
2 2 0 3282 
3 2 3284 3285 
1 2 0 3286 
2 2 0 3283 
3 2 3287 3288 
1 2 0 3289 
2 2 0 3286 
3 2 3290 3291 
1 2 0 3292 
1 2 0 3293 
2 2 0 3292 
3 2 3294 3295 
1 2 0 3296 
1 2 0 3297 
1 2 0 3298 
2 2 0 3297 
3 2 3299 3300 
1 2 0 3301 
2 2 0 3298 
3 2 3302 3303 
1 2 0 3304 
2 2 0 3301 
3 2 3305 3306 
1 2 0 3307 
1 2 0 3308 
1 2 0 3309 
1 2 0 3310 
1 2 0 3311 
2 2 0 3310 
3 2 3312 3313 
1 2 0 3314 
1 2 0 3315 
2 2 0 3314 
3 2 3316 3317 
1 2 0 3318 
1 2 0 3319 
2 2 0 3318 
3 2 3320 3321 
1 2 0 3322 
1 2 0 3323 
2 2 0 3322 
3 2 3324 3325 
1 2 0 3326 
1 2 0 3327 
2 2 0 3326 
3 2 3328 3329 
1 2 0 3330 
1 2 0 3331 
1 2 0 3332 
2 2 0 3331 
3 2 3333 3334 
1 2 0 3335 
1 2 0 3336 
2 2 0 3335 
3 2 3337 3338 
1 2 0 3339 
1 2 0 3340 
1 2 0 3341 
1 2 0 3342 
1 2 0 3343 
1 2 0 3344 
1 2 0 3345 
1 2 0 3346 
1 2 0 3347 
2 2 0 3346 
3 2 3348 3349 
1 2 0 3350 
1 2 0 3351 
2 2 0 3346 
3 2 3352 3353 
1 2 0 3354 
1 2 0 3355 
4 1 0 
4 2 0 3250 
4 2 0 3253 
4 2 0 3254 
4 2 0 3255 
4 2 0 3256 
4 2 0 3257 
4 2 0 3260 
4 2 0 3263 
4 2 0 3264 
4 2 0 3267 
4 2 0 3268 
4 2 0 3271 
4 2 0 3272 
4 2 0 3275 
4 2 0 3278 
4 2 0 3282 
4 2 0 3283 
4 2 0 3286 
4 2 0 3289 
4 2 0 3292 
4 2 0 3293 
4 2 0 3296 
4 2 0 3297 
4 2 0 3298 
4 2 0 3301 
4 2 0 3304 
4 2 0 3307 
4 2 0 3308 
4 2 0 3309 
4 2 0 3310 
4 2 0 3311 
4 2 0 3314 
4 2 0 3315 
4 2 0 3318 
4 2 0 3319 
4 2 0 3322 
4 2 0 3323 
4 2 0 3326 
4 2 0 3327 
4 2 0 3330 
4 2 0 3331 
4 2 0 3332 
4 2 0 3335 
4 2 0 3336 
4 2 0 3339 
4 2 0 3340 
4 2 0 3341 
4 2 0 3342 
4 2 0 3343 
4 2 0 3344 
4 2 0 3345 
4 2 0 3346 
4 2 0 3347 
4 2 0 3350 
4 2 0 3351 
4 2 0 3354 
4 2 0 3355 
4 2 0 3356 
1 1 0 
1 2 0 3416 
2 1 0 
3 2 3417 3418 
1 2 0 3419 
2 1 0 
3 2 3420 3421 
1 2 0 3422 
1 2 0 3423 
1 2 0 3424 
2 2 0 3423 
3 2 3425 3426 
1 2 0 3427 
1 2 0 3428 
2 2 0 3427 
3 2 3429 3430 
1 2 0 3431 
1 2 0 3432 
2 2 0 3431 
3 2 3433 3434 
1 2 0 3435 
1 2 0 3436 
2 2 0 3435 
3 2 3437 3438 
1 2 0 3439 
1 2 0 3440 
2 2 0 3439 
3 2 3441 3442 
1 2 0 3443 
2 2 0 3440 
3 2 3444 3445 
1 2 0 3446 
1 2 0 3447 
1 2 0 3448 
2 2 0 3447 
3 2 3449 3450 
1 2 0 3451 
1 2 0 3452 
1 2 0 3453 
1 2 0 3454 
2 2 0 3453 
3 2 3455 3456 
1 2 0 3457 
1 2 0 3458 
1 2 0 3459 
2 2 0 3458 
3 2 3460 3461 
1 2 0 3462 
1 2 0 3463 
2 2 0 3462 
3 2 3464 3465 
1 2 0 3466 
1 2 0 3467 
1 2 0 3468 
1 2 0 3469 
1 2 0 3470 
2 2 0 3469 
3 2 3471 3472 
1 2 0 3473 
1 2 0 3474 
2 2 0 3473 
3 2 3475 3476 
1 2 0 3477 
1 2 0 3478 
1 2 0 3479 
1 2 0 3480 
1 2 0 3481 
1 2 0 3482 
1 2 0 3483 
2 2 0 3482 
3 2 3484 3485 
1 2 0 3486 
1 2 0 3487 
1 2 0 3488 
2 2 0 3487 
3 2 3489 3490 
1 2 0 3491 
1 2 0 3492 
2 2 0 3491 
3 2 3493 3494 
1 2 0 3495 
2 2 0 3492 
3 2 3496 3497 
1 2 0 3498 
2 2 0 3495 
3 2 3499 3500 
1 2 0 3501 
1 2 0 3502 
1 2 0 3503 
2 2 0 3502 
3 2 3504 3505 
1 2 0 3506 
1 2 0 3507 
2 2 0 3506 
3 2 3508 3509 
1 2 0 3510 
4 1 0 
4 2 0 3416 
4 2 0 3419 
4 2 0 3422 
4 2 0 3423 
4 2 0 3424 
4 2 0 3427 
4 2 0 3428 
4 2 0 3431 
4 2 0 3432 
4 2 0 3435 
4 2 0 3436 
4 2 0 3439 
4 2 0 3440 
4 2 0 3443 
4 2 0 3446 
4 2 0 3447 
4 2 0 3448 
4 2 0 3451 
4 2 0 3452 
4 2 0 3453 
4 2 0 3454 
4 2 0 3457 
4 2 0 3458 
4 2 0 3459 
4 2 0 3462 
4 2 0 3463 
4 2 0 3466 
4 2 0 3467 
4 2 0 3468 
4 2 0 3469 
4 2 0 3470 
4 2 0 3473 
4 2 0 3474 
4 2 0 3477 
4 2 0 3478 
4 2 0 3479 
4 2 0 3480 
4 2 0 3481 
4 2 0 3482 
4 2 0 3483 
4 2 0 3486 
4 2 0 3487 
4 2 0 3488 
4 2 0 3491 
4 2 0 3492 
4 2 0 3495 
4 2 0 3498 
4 2 0 3501 
4 2 0 3502 
4 2 0 3503 
4 2 0 3506 
4 2 0 3507 
4 2 0 3510 
4 2 0 3511 
1 1 0 
1 2 0 3567 
2 1 0 
3 2 3568 3569 
1 2 0 3570 
1 2 0 3571 
1 2 0 3572 
2 2 0 3571 
3 2 3573 3574 
1 2 0 3575 
1 2 0 3576 
2 2 0 3575 
3 2 3577 3578 
1 2 0 3579 
1 2 0 3580 
1 2 0 3581 
2 2 0 3580 
3 2 3582 3583 
1 2 0 3584 
1 2 0 3585 
2 2 0 3584 
3 2 3586 3587 
1 2 0 3588 
1 2 0 3589 
1 2 0 3590 
2 2 0 3589 
3 2 3591 3592 
1 2 0 3593 
2 2 0 3590 
3 2 3594 3595 
1 2 0 3596 
1 2 0 3597 
2 2 0 3596 
3 2 3598 3599 
1 2 0 3600 
1 2 0 3601 
2 2 0 3600 
3 2 3602 3603 
1 2 0 3604 
1 2 0 3605 
2 2 0 3604 
3 2 3606 3607 
1 2 0 3608 
1 2 0 3609 
2 2 0 3608 
3 2 3610 3611 
1 2 0 3612 
2 2 0 3609 
3 2 3613 3614 
1 2 0 3615 
1 2 0 3616 
2 2 0 3615 
3 2 3617 3618 
1 2 0 3619 
2 2 0 3615 
3 2 3620 3621 
1 2 0 3622 
2 2 0 3619 
3 2 3623 3624 
1 2 0 3625 
2 2 0 3622 
3 2 3626 3627 
1 2 0 3628 
1 2 0 3629 
2 2 0 3628 
3 2 3630 3631 
1 2 0 3632 
4 1 0 
4 2 0 3567 
4 2 0 3570 
4 2 0 3571 
4 2 0 3572 
4 2 0 3575 
4 2 0 3576 
4 2 0 3579 
4 2 0 3580 
4 2 0 3581 
4 2 0 3584 
4 2 0 3585 
4 2 0 3588 
4 2 0 3589 
4 2 0 3590 
4 2 0 3593 
4 2 0 3596 
4 2 0 3597 
4 2 0 3600 
4 2 0 3601 
4 2 0 3604 
4 2 0 3605 
4 2 0 3608 
4 2 0 3609 
4 2 0 3612 
4 2 0 3615 
4 2 0 3616 
4 2 0 3619 
4 2 0 3622 
4 2 0 3625 
4 2 0 3628 
4 2 0 3629 
4 2 0 3632 
4 2 0 3633 
1 1 0 
1 2 0 3668 
1 2 0 3669 
1 2 0 3670 
2 1 0 
2 2 0 3669 
3 3 3671 3672 3673 
1 2 0 3674 
1 2 0 3675 
1 2 0 3676 
2 2 0 3675 
3 2 3677 3678 
1 2 0 3679 
1 2 0 3680 
2 2 0 3679 
3 2 3681 3682 
1 2 0 3683 
1 2 0 3684 
2 2 0 3683 
3 2 3685 3686 
1 2 0 3687 
2 2 0 3684 
3 2 3688 3689 
1 2 0 3690 
2 2 0 3687 
3 2 3691 3692 
1 2 0 3693 
1 2 0 3694 
1 2 0 3695 
2 2 0 3694 
3 2 3696 3697 
1 2 0 3698 
1 2 0 3699 
1 2 0 3700 
2 2 0 3699 
3 2 3701 3702 
1 2 0 3703 
1 2 0 3704 
1 2 0 3705 
2 2 0 3704 
3 2 3706 3707 
1 2 0 3708 
1 2 0 3709 
2 2 0 3708 
3 2 3710 3711 
1 2 0 3712 
1 2 0 3713 
2 2 0 3712 
3 2 3714 3715 
1 2 0 3716 
2 2 0 3713 
3 2 3717 3718 
1 2 0 3719 
2 2 0 3716 
3 2 3720 3721 
1 2 0 3722 
1 2 0 3723 
1 2 0 3724 
1 2 0 3725 
2 2 0 3724 
3 2 3726 3727 
1 2 0 3728 
1 2 0 3729 
1 2 0 3730 
1 2 0 3731 
2 2 0 3730 
3 2 3732 3733 
1 2 0 3734 
4 1 0 
4 2 0 3668 
4 2 0 3669 
4 2 0 3670 
4 2 0 3674 
4 2 0 3675 
4 2 0 3676 
4 2 0 3679 
4 2 0 3680 
4 2 0 3683 
4 2 0 3684 
4 2 0 3687 
4 2 0 3690 
4 2 0 3693 
4 2 0 3694 
4 2 0 3695 
4 2 0 3698 
4 2 0 3699 
4 2 0 3700 
4 2 0 3703 
4 2 0 3704 
4 2 0 3705 
4 2 0 3708 
4 2 0 3709 
4 2 0 3712 
4 2 0 3713 
4 2 0 3716 
4 2 0 3719 
4 2 0 3722 
4 2 0 3723 
4 2 0 3724 
4 2 0 3725 
4 2 0 3728 
4 2 0 3729 
4 2 0 3730 
4 2 0 3731 
4 2 0 3734 
4 2 0 3735 
1 1 0 
1 2 0 3774 
2 1 0 
3 2 3775 3776 
1 2 0 3777 
2 2 0 3774 
3 2 3778 3779 
1 2 0 3780 
2 2 0 3777 
3 2 3781 3782 
1 2 0 3783 
1 2 0 3784 
1 2 0 3785 
1 2 0 3786 
1 2 0 3787 
1 2 0 3788 
1 2 0 3789 
2 2 0 3788 
3 2 3790 3791 
1 2 0 3792 
1 2 0 3793 
2 2 0 3792 
3 2 3794 3795 
1 2 0 3796 
1 2 0 3797 
1 2 0 3798 
1 2 0 3799 
2 2 0 3798 
3 2 3800 3801 
1 2 0 3802 
2 2 0 3799 
3 2 3803 3804 
1 2 0 3805 
1 2 0 3806 
4 1 0 
4 2 0 3774 
4 2 0 3777 
4 2 0 3780 
4 2 0 3783 
4 2 0 3784 
4 2 0 3785 
4 2 0 3786 
4 2 0 3787 
4 2 0 3788 
4 2 0 3789 
4 2 0 3792 
4 2 0 3793 
4 2 0 3796 
4 2 0 3797 
4 2 0 3798 
4 2 0 3799 
4 2 0 3802 
4 2 0 3805 
4 2 0 3806 
4 2 0 3807 
1 1 0 
1 2 0 3829 
2 1 0 
3 2 3830 3831 
1 2 0 3832 
2 1 0 
2 2 0 3829 
3 3 3833 3834 3835 
1 2 0 3836 
1 2 0 3837 
1 2 0 3838 
1 2 0 3839 
1 2 0 3840 
2 2 0 3839 
3 2 3841 3842 
1 2 0 3843 
1 2 0 3844 
2 2 0 3843 
3 2 3845 3846 
1 2 0 3847 
2 2 0 3843 
3 2 3848 3849 
1 2 0 3850 
1 2 0 3851 
1 2 0 3852 
2 2 0 3851 
3 2 3853 3854 
1 2 0 3855 
1 2 0 3856 
2 2 0 3855 
3 2 3857 3858 
1 2 0 3859 
2 2 0 3856 
3 2 3860 3861 
1 2 0 3862 
1 2 0 3863 
1 2 0 3864 
2 2 0 3863 
3 2 3865 3866 
1 2 0 3867 
1 2 0 3868 
1 2 0 3869 
2 2 0 3868 
3 2 3870 3871 
1 2 0 3872 
1 2 0 3873 
2 2 0 3872 
3 2 3874 3875 
1 2 0 3876 
1 2 0 3877 
2 2 0 3876 
3 2 3878 3879 
1 2 0 3880 
1 2 0 3881 
1 2 0 3882 
2 2 0 3881 
3 2 3883 3884 
1 2 0 3885 
1 2 0 3886 
2 2 0 3885 
3 2 3887 3888 
1 2 0 3889 
2 2 0 3886 
3 2 3890 3891 
1 2 0 3892 
1 2 0 3893 
2 2 0 3892 
3 2 3894 3895 
1 2 0 3896 
1 2 0 3897 
2 2 0 3896 
3 2 3898 3899 
1 2 0 3900 
1 2 0 3901 
2 2 0 3900 
3 2 3902 3903 
1 2 0 3904 
1 2 0 3905 
1 2 0 3906 
1 2 0 3907 
1 2 0 3908 
2 2 0 3907 
3 2 3909 3910 
1 2 0 3911 
1 2 0 3912 
1 2 0 3913 
2 2 0 3912 
3 2 3914 3915 
1 2 0 3916 
1 2 0 3917 
1 2 0 3918 
2 2 0 3917 
3 2 3919 3920 
1 2 0 3921 
1 2 0 3922 
2 2 0 3921 
3 2 3923 3924 
1 2 0 3925 
1 2 0 3926 
1 2 0 3927 
2 2 0 3926 
3 2 3928 3929 
1 2 0 3930 
1 2 0 3931 
2 2 0 3930 
3 2 3932 3933 
1 2 0 3934 
1 2 0 3935 
1 2 0 3936 
2 2 0 3935 
3 2 3937 3938 
1 2 0 3939 
1 2 0 3940 
1 2 0 3941 
2 2 0 3940 
3 2 3942 3943 
1 2 0 3944 
1 2 0 3945 
2 2 0 3944 
3 2 3946 3947 
1 2 0 3948 
1 2 0 3949 
2 2 0 3948 
3 2 3950 3951 
1 2 0 3952 
1 2 0 3953 
1 2 0 3954 
1 2 0 3955 
1 2 0 3956 
2 2 0 3955 
3 2 3957 3958 
1 2 0 3959 
4 1 0 
4 2 0 3829 
4 2 0 3832 
4 2 0 3836 
4 2 0 3837 
4 2 0 3838 
4 2 0 3839 
4 2 0 3840 
4 2 0 3843 
4 2 0 3844 
4 2 0 3847 
4 2 0 3850 
4 2 0 3851 
4 2 0 3852 
4 2 0 3855 
4 2 0 3856 
4 2 0 3859 
4 2 0 3862 
4 2 0 3863 
4 2 0 3864 
4 2 0 3867 
4 2 0 3868 
4 2 0 3869 
4 2 0 3872 
4 2 0 3873 
4 2 0 3876 
4 2 0 3877 
4 2 0 3880 
4 2 0 3881 
4 2 0 3882 
4 2 0 3885 
4 2 0 3886 
4 2 0 3889 
4 2 0 3892 
4 2 0 3893 
4 2 0 3896 
4 2 0 3897 
4 2 0 3900 
4 2 0 3901 
4 2 0 3904 
4 2 0 3905 
4 2 0 3906 
4 2 0 3907 
4 2 0 3908 
4 2 0 3911 
4 2 0 3912 
4 2 0 3913 
4 2 0 3916 
4 2 0 3917 
4 2 0 3918 
4 2 0 3921 
4 2 0 3922 
4 2 0 3925 
4 2 0 3926 
4 2 0 3927 
4 2 0 3930 
4 2 0 3931 
4 2 0 3934 
4 2 0 3935 
4 2 0 3936 
4 2 0 3939 
4 2 0 3940 
4 2 0 3941 
4 2 0 3944 
4 2 0 3945 
4 2 0 3948 
4 2 0 3949 
4 2 0 3952 
4 2 0 3953 
4 2 0 3954 
4 2 0 3955 
4 2 0 3956 
4 2 0 3959 
4 2 0 3960 
1 1 0 
1 2 0 4035 
1 2 0 4036 
2 2 0 4035 
3 2 4037 4038 
1 2 0 4039 
2 2 0 4036 
3 2 4040 4041 
1 2 0 4042 
2 2 0 4039 
3 2 4043 4044 
1 2 0 4045 
1 2 0 4046 
1 2 0 4047 
1 2 0 4048 
2 2 0 4047 
3 2 4049 4050 
1 2 0 4051 
1 2 0 4052 
1 2 0 4053 
2 2 0 4052 
3 2 4054 4055 
1 2 0 4056 
1 2 0 4057 
2 2 0 4056 
3 2 4058 4059 
1 2 0 4060 
1 2 0 4061 
2 2 0 4060 
3 2 4062 4063 
1 2 0 4064 
2 2 0 4060 
2 2 0 4061 
3 3 4065 4066 4067 
1 2 0 4068 
2 2 0 4060 
2 2 0 4061 
2 2 0 4064 
3 4 4069 4070 4071 4072 
1 2 0 4073 
2 2 0 4061 
2 2 0 4064 
2 2 0 4068 
3 4 4074 4075 4076 4077 
1 2 0 4078 
2 2 0 4073 
3 2 4079 4080 
1 2 0 4081 
1 2 0 4082 
1 2 0 4083 
1 2 0 4084 
2 2 0 4083 
3 2 4085 4086 
1 2 0 4087 
1 2 0 4088 
1 2 0 4089 
1 2 0 4090 
1 2 0 4091 
2 2 0 4090 
3 2 4092 4093 
1 2 0 4094 
1 2 0 4095 
2 2 0 4094 
3 2 4096 4097 
1 2 0 4098 
2 2 0 4094 
2 2 0 4095 
3 3 4099 4100 4101 
1 2 0 4102 
2 2 0 4098 
3 2 4103 4104 
1 2 0 4105 
1 2 0 4106 
1 2 0 4107 
2 2 0 4106 
3 2 4108 4109 
1 2 0 4110 
1 2 0 4111 
1 2 0 4112 
2 2 0 4111 
3 2 4113 4114 
1 2 0 4115 
2 2 0 4112 
3 2 4116 4117 
1 2 0 4118 
2 2 0 4115 
3 2 4119 4120 
1 2 0 4121 
1 2 0 4122 
1 2 0 4123 
1 2 0 4124 
1 2 0 4125 
1 2 0 4126 
1 2 0 4127 
1 2 0 4128 
2 2 0 4127 
3 2 4129 4130 
1 2 0 4131 
1 2 0 4132 
2 2 0 4131 
3 2 4133 4134 
1 2 0 4135 
1 2 0 4136 
1 2 0 4137 
2 2 0 4136 
3 2 4138 4139 
1 2 0 4140 
2 2 0 4137 
3 2 4141 4142 
1 2 0 4143 
1 2 0 4144 
2 2 0 4143 
3 2 4145 4146 
1 2 0 4147 
1 2 0 4148 
1 2 0 4149 
1 2 0 4150 
2 2 0 4149 
3 2 4151 4152 
1 2 0 4153 
1 2 0 4154 
1 2 0 4155 
2 2 0 4154 
3 2 4156 4157 
1 2 0 4158 
1 2 0 4159 
1 2 0 4160 
2 2 0 4159 
3 2 4161 4162 
1 2 0 4163 
1 2 0 4164 
1 2 0 4165 
1 2 0 4166 
2 2 0 4165 
3 2 4167 4168 
1 2 0 4169 
1 2 0 4170 
1 2 0 4171 
2 2 0 4170 
3 2 4172 4173 
1 2 0 4174 
2 2 0 4170 
2 2 0 4171 
3 3 4175 4176 4177 
1 2 0 4178 
2 2 0 4170 
2 2 0 4171 
2 2 0 4174 
3 4 4179 4180 4181 4182 
1 2 0 4183 
2 2 0 4174 
2 2 0 4178 
3 3 4184 4185 4186 
1 2 0 4187 
1 2 0 4188 
2 2 0 4187 
3 2 4189 4190 
1 2 0 4191 
1 2 0 4192 
1 2 0 4193 
2 2 0 4192 
3 2 4194 4195 
1 2 0 4196 
1 2 0 4197 
2 2 0 4196 
3 2 4198 4199 
1 2 0 4200 
2 2 0 4197 
3 2 4201 4202 
1 2 0 4203 
1 2 0 4204 
2 2 0 4203 
3 2 4205 4206 
1 2 0 4207 
2 2 0 4203 
3 2 4208 4209 
1 2 0 4210 
1 2 0 4211 
1 2 0 4212 
2 2 0 4211 
3 2 4213 4214 
1 2 0 4215 
4 1 0 
4 2 0 4035 
4 2 0 4036 
4 2 0 4039 
4 2 0 4042 
4 2 0 4045 
4 2 0 4046 
4 2 0 4047 
4 2 0 4048 
4 2 0 4051 
4 2 0 4052 
4 2 0 4053 
4 2 0 4056 
4 2 0 4057 
4 2 0 4060 
4 2 0 4061 
4 2 0 4064 
4 2 0 4068 
4 2 0 4073 
4 2 0 4078 
4 2 0 4081 
4 2 0 4082 
4 2 0 4083 
4 2 0 4084 
4 2 0 4087 
4 2 0 4088 
4 2 0 4089 
4 2 0 4090 
4 2 0 4091 
4 2 0 4094 
4 2 0 4095 
4 2 0 4098 
4 2 0 4102 
4 2 0 4105 
4 2 0 4106 
4 2 0 4107 
4 2 0 4110 
4 2 0 4111 
4 2 0 4112 
4 2 0 4115 
4 2 0 4118 
4 2 0 4121 
4 2 0 4122 
4 2 0 4123 
4 2 0 4124 
4 2 0 4125 
4 2 0 4126 
4 2 0 4127 
4 2 0 4128 
4 2 0 4131 
4 2 0 4132 
4 2 0 4135 
4 2 0 4136 
4 2 0 4137 
4 2 0 4140 
4 2 0 4143 
4 2 0 4144 
4 2 0 4147 
4 2 0 4148 
4 2 0 4149 
4 2 0 4150 
4 2 0 4153 
4 2 0 4154 
4 2 0 4155 
4 2 0 4158 
4 2 0 4159 
4 2 0 4160 
4 2 0 4163 
4 2 0 4164 
4 2 0 4165 
4 2 0 4166 
4 2 0 4169 
4 2 0 4170 
4 2 0 4171 
4 2 0 4174 
4 2 0 4178 
4 2 0 4183 
4 2 0 4187 
4 2 0 4188 
4 2 0 4191 
4 2 0 4192 
4 2 0 4193 
4 2 0 4196 
4 2 0 4197 
4 2 0 4200 
4 2 0 4203 
4 2 0 4204 
4 2 0 4207 
4 2 0 4210 
4 2 0 4211 
4 2 0 4212 
4 2 0 4215 
4 2 0 4216 
1 1 0 
1 2 0 4310 
2 1 0 
3 2 4311 4312 
1 2 0 4313 
1 2 0 4314 
1 2 0 4315 
1 2 0 4316 
2 2 0 4315 
3 2 4317 4318 
1 2 0 4319 
1 2 0 4320 
2 2 0 4319 
3 2 4321 4322 
1 2 0 4323 
4 1 0 
4 2 0 4310 
4 2 0 4313 
4 2 0 4314 
4 2 0 4315 
4 2 0 4316 
4 2 0 4319 
4 2 0 4320 
4 2 0 4323 
4 2 0 4324 
1 1 0 
1 2 0 4335 
1 2 0 4336 
1 2 0 4337 
1 2 0 4338 
1 2 0 4339 
1 2 0 4340 
2 2 0 4339 
3 2 4341 4342 
1 2 0 4343 
1 2 0 4344 
1 2 0 4345 
2 2 0 4344 
3 2 4346 4347 
1 2 0 4348 
1 2 0 4349 
1 2 0 4350 
2 2 0 4349 
3 2 4351 4352 
1 2 0 4353 
1 2 0 4354 
1 2 0 4355 
1 2 0 4356 
2 2 0 4355 
3 2 4357 4358 
1 2 0 4359 
4 1 0 
4 2 0 4335 
4 2 0 4336 
4 2 0 4337 
4 2 0 4338 
4 2 0 4339 
4 2 0 4340 
4 2 0 4343 
4 2 0 4344 
4 2 0 4345 
4 2 0 4348 
4 2 0 4349 
4 2 0 4350 
4 2 0 4353 
4 2 0 4354 
4 2 0 4355 
4 2 0 4356 
4 2 0 4359 
4 2 0 4360 
1 1 0 
1 2 0 4380 
1 2 0 4381 
1 2 0 4382 
1 2 0 4383 
2 2 0 4382 
3 2 4384 4385 
1 2 0 4386 
2 2 0 4383 
3 2 4387 4388 
1 2 0 4389 
1 2 0 4390 
1 2 0 4391 
2 2 0 4390 
3 2 4392 4393 
1 2 0 4394 
4 1 0 
4 2 0 4380 
4 2 0 4381 
4 2 0 4382 
4 2 0 4383 
4 2 0 4386 
4 2 0 4389 
4 2 0 4390 
4 2 0 4391 
4 2 0 4394 
4 2 0 4395 
1 1 0 
1 2 0 4407 
1 2 0 4408 
1 2 0 4409 
1 2 0 4410 
1 2 0 4411 
2 2 0 4410 
3 2 4412 4413 
1 2 0 4414 
1 2 0 4415 
1 2 0 4416 
2 2 0 4415 
3 2 4417 4418 
1 2 0 4419 
1 2 0 4420 
2 2 0 4419 
3 2 4421 4422 
1 2 0 4423 
1 2 0 4424 
2 2 0 4423 
3 2 4425 4426 
1 2 0 4427 
1 2 0 4428 
2 2 0 4427 
3 2 4429 4430 
1 2 0 4431 
1 2 0 4432 
1 2 0 4433 
1 2 0 4434 
1 2 0 4435 
2 2 0 4434 
3 2 4436 4437 
1 2 0 4438 
1 2 0 4439 
2 2 0 4438 
3 2 4440 4441 
1 2 0 4442 
1 2 0 4443 
1 2 0 4444 
2 2 0 4443 
3 2 4445 4446 
1 2 0 4447 
1 2 0 4448 
2 2 0 4447 
3 2 4449 4450 
1 2 0 4451 
4 1 0 
4 2 0 4407 
4 2 0 4408 
4 2 0 4409 
4 2 0 4410 
4 2 0 4411 
4 2 0 4414 
4 2 0 4415 
4 2 0 4416 
4 2 0 4419 
4 2 0 4420 
4 2 0 4423 
4 2 0 4424 
4 2 0 4427 
4 2 0 4428 
4 2 0 4431 
4 2 0 4432 
4 2 0 4433 
4 2 0 4434 
4 2 0 4435 
4 2 0 4438 
4 2 0 4439 
4 2 0 4442 
4 2 0 4443 
4 2 0 4444 
4 2 0 4447 
4 2 0 4448 
4 2 0 4451 
4 2 0 4452 
1 1 0 
1 2 0 4482 
2 1 0 
3 2 4483 4484 
1 2 0 4485 
2 2 0 4482 
3 2 4486 4487 
1 2 0 4488 
1 2 0 4489 
2 2 0 4488 
3 2 4490 4491 
1 2 0 4492 
1 2 0 4493 
1 2 0 4494 
2 2 0 4493 
3 2 4495 4496 
1 2 0 4497 
1 2 0 4498 
1 2 0 4499 
1 2 0 4500 
1 2 0 4501 
1 2 0 4502 
1 2 0 4503 
1 2 0 4504 
1 2 0 4505 
1 2 0 4506 
1 2 0 4507 
2 2 0 4506 
3 2 4508 4509 
1 2 0 4510 
1 2 0 4511 
2 2 0 4510 
3 2 4512 4513 
1 2 0 4514 
1 2 0 4515 
1 2 0 4516 
1 2 0 4517 
1 2 0 4518 
1 2 0 4519 
1 2 0 4520 
1 2 0 4521 
2 2 0 4520 
3 2 4522 4523 
1 2 0 4524 
1 2 0 4525 
1 2 0 4526 
1 2 0 4527 
1 2 0 4528 
2 2 0 4527 
3 2 4529 4530 
1 2 0 4531 
1 2 0 4532 
2 2 0 4531 
3 2 4533 4534 
1 2 0 4535 
1 2 0 4536 
1 2 0 4537 
1 2 0 4538 
1 2 0 4539 
2 2 0 4538 
3 2 4540 4541 
1 2 0 4542 
1 2 0 4543 
2 2 0 4542 
3 2 4544 4545 
1 2 0 4546 
1 2 0 4547 
1 2 0 4548 
1 2 0 4549 
1 2 0 4550 
1 2 0 4551 
1 2 0 4552 
1 2 0 4553 
2 2 0 4552 
3 2 4554 4555 
1 2 0 4556 
1 2 0 4557 
1 2 0 4558 
1 2 0 4559 
2 2 0 4558 
3 2 4560 4561 
1 2 0 4562 
1 2 0 4563 
2 2 0 4562 
3 2 4564 4565 
1 2 0 4566 
1 2 0 4567 
2 2 0 4566 
3 2 4568 4569 
1 2 0 4570 
2 2 0 4567 
3 2 4571 4572 
1 2 0 4573 
2 2 0 4570 
3 2 4574 4575 
1 2 0 4576 
1 2 0 4577 
1 2 0 4578 
1 2 0 4579 
1 2 0 4580 
2 2 0 4579 
3 2 4581 4582 
1 2 0 4583 
2 2 0 4580 
3 2 4584 4585 
1 2 0 4586 
1 2 0 4587 
1 2 0 4588 
1 2 0 4589 
1 2 0 4590 
1 2 0 4591 
1 2 0 4592 
2 2 0 4591 
3 2 4593 4594 
1 2 0 4595 
2 2 0 4592 
3 2 4596 4597 
1 2 0 4598 
2 2 0 4595 
3 2 4599 4600 
1 2 0 4601 
2 2 0 4598 
3 2 4602 4603 
1 2 0 4604 
4 1 0 
4 2 0 4482 
4 2 0 4485 
4 2 0 4488 
4 2 0 4489 
4 2 0 4492 
4 2 0 4493 
4 2 0 4494 
4 2 0 4497 
4 2 0 4498 
4 2 0 4499 
4 2 0 4500 
4 2 0 4501 
4 2 0 4502 
4 2 0 4503 
4 2 0 4504 
4 2 0 4505 
4 2 0 4506 
4 2 0 4507 
4 2 0 4510 
4 2 0 4511 
4 2 0 4514 
4 2 0 4515 
4 2 0 4516 
4 2 0 4517 
4 2 0 4518 
4 2 0 4519 
4 2 0 4520 
4 2 0 4521 
4 2 0 4524 
4 2 0 4525 
4 2 0 4526 
4 2 0 4527 
4 2 0 4528 
4 2 0 4531 
4 2 0 4532 
4 2 0 4535 
4 2 0 4536 
4 2 0 4537 
4 2 0 4538 
4 2 0 4539 
4 2 0 4542 
4 2 0 4543 
4 2 0 4546 
4 2 0 4547 
4 2 0 4548 
4 2 0 4549 
4 2 0 4550 
4 2 0 4551 
4 2 0 4552 
4 2 0 4553 
4 2 0 4556 
4 2 0 4557 
4 2 0 4558 
4 2 0 4559 
4 2 0 4562 
4 2 0 4563 
4 2 0 4566 
4 2 0 4567 
4 2 0 4570 
4 2 0 4573 
4 2 0 4576 
4 2 0 4577 
4 2 0 4578 
4 2 0 4579 
4 2 0 4580 
4 2 0 4583 
4 2 0 4586 
4 2 0 4587 
4 2 0 4588 
4 2 0 4589 
4 2 0 4590 
4 2 0 4591 
4 2 0 4592 
4 2 0 4595 
4 2 0 4598 
4 2 0 4601 
4 2 0 4604 
4 2 0 4605 
1 1 0 
1 2 0 4685 
2 1 0 
3 2 4686 4687 
1 2 0 4688 
1 2 0 4689 
1 2 0 4690 
2 2 0 4689 
3 2 4691 4692 
1 2 0 4693 
2 2 0 4690 
3 2 4694 4695 
1 2 0 4696 
2 2 0 4693 
3 2 4697 4698 
1 2 0 4699 
1 2 0 4700 
1 2 0 4701 
1 2 0 4702 
1 2 0 4703 
2 2 0 4702 
3 2 4704 4705 
1 2 0 4706 
1 2 0 4707 
1 2 0 4708 
1 2 0 4709 
2 2 0 4708 
3 2 4710 4711 
1 2 0 4712 
2 2 0 4708 
2 2 0 4709 
3 3 4713 4714 4715 
1 2 0 4716 
1 2 0 4717 
1 2 0 4718 
1 2 0 4719 
2 2 0 4718 
3 2 4720 4721 
1 2 0 4722 
2 2 0 4718 
2 2 0 4719 
3 3 4723 4724 4725 
1 2 0 4726 
1 2 0 4727 
1 2 0 4728 
2 2 0 4727 
3 2 4729 4730 
1 2 0 4731 
2 2 0 4728 
3 2 4732 4733 
1 2 0 4734 
1 2 0 4735 
4 1 0 
4 2 0 4685 
4 2 0 4688 
4 2 0 4689 
4 2 0 4690 
4 2 0 4693 
4 2 0 4696 
4 2 0 4699 
4 2 0 4700 
4 2 0 4701 
4 2 0 4702 
4 2 0 4703 
4 2 0 4706 
4 2 0 4707 
4 2 0 4708 
4 2 0 4709 
4 2 0 4712 
4 2 0 4716 
4 2 0 4717 
4 2 0 4718 
4 2 0 4719 
4 2 0 4722 
4 2 0 4726 
4 2 0 4727 
4 2 0 4728 
4 2 0 4731 
4 2 0 4734 
4 2 0 4735 
4 2 0 4736 
1 1 0 
1 2 0 4766 
1 2 0 4767 
1 2 0 4768 
1 2 0 4769 
1 2 0 4770 
1 2 0 4771 
2 2 0 4770 
3 2 4772 4773 
1 2 0 4774 
2 2 0 4770 
3 2 4775 4776 
1 2 0 4777 
1 2 0 4778 
1 2 0 4779 
2 2 0 4778 
3 2 4780 4781 
1 2 0 4782 
2 2 0 4779 
3 2 4783 4784 
1 2 0 4785 
1 2 0 4786 
1 2 0 4787 
2 2 0 4786 
3 2 4788 4789 
1 2 0 4790 
4 1 0 
4 2 0 4766 
4 2 0 4767 
4 2 0 4768 
4 2 0 4769 
4 2 0 4770 
4 2 0 4771 
4 2 0 4774 
4 2 0 4777 
4 2 0 4778 
4 2 0 4779 
4 2 0 4782 
4 2 0 4785 
4 2 0 4786 
4 2 0 4787 
4 2 0 4790 
4 2 0 4791 
1 1 0 
1 2 0 4809 
2 1 0 
3 2 4810 4811 
1 2 0 4812 
1 2 0 4813 
1 2 0 4814 
2 2 0 4813 
3 2 4815 4816 
1 2 0 4817 
1 2 0 4818 
1 2 0 4819 
2 2 0 4818 
3 2 4820 4821 
1 2 0 4822 
1 2 0 4823 
1 2 0 4824 
1 2 0 4825 
1 2 0 4826 
2 2 0 4825 
3 2 4827 4828 
1 2 0 4829 
1 2 0 4830 
1 2 0 4831 
2 2 0 4830 
3 2 4832 4833 
1 2 0 4834 
1 2 0 4835 
1 2 0 4836 
1 2 0 4837 
2 2 0 4836 
3 2 4838 4839 
1 2 0 4840 
1 2 0 4841 
1 2 0 4842 
1 2 0 4843 
2 2 0 4842 
3 2 4844 4845 
1 2 0 4846 
2 2 0 4843 
3 2 4847 4848 
1 2 0 4849 
1 2 0 4850 
1 2 0 4851 
1 2 0 4852 
4 1 0 
4 2 0 4809 
4 2 0 4812 
4 2 0 4813 
4 2 0 4814 
4 2 0 4817 
4 2 0 4818 
4 2 0 4819 
4 2 0 4822 
4 2 0 4823 
4 2 0 4824 
4 2 0 4825 
4 2 0 4826 
4 2 0 4829 
4 2 0 4830 
4 2 0 4831 
4 2 0 4834 
4 2 0 4835 
4 2 0 4836 
4 2 0 4837 
4 2 0 4840 
4 2 0 4841 
4 2 0 4842 
4 2 0 4843 
4 2 0 4846 
4 2 0 4849 
4 2 0 4850 
4 2 0 4851 
4 2 0 4852 
4 2 0 4853 
1 1 0 
1 2 0 4884 
2 1 0 
3 2 4885 4886 
1 2 0 4887 
1 2 0 4888 
2 2 0 4887 
3 2 4889 4890 
1 2 0 4891 
1 2 0 4892 
1 2 0 4893 
2 2 0 4892 
3 2 4894 4895 
1 2 0 4896 
1 2 0 4897 
2 2 0 4896 
3 2 4898 4899 
1 2 0 4900 
2 2 0 4897 
3 2 4901 4902 
1 2 0 4903 
1 2 0 4904 
1 2 0 4905 
2 2 0 4904 
3 2 4906 4907 
1 2 0 4908 
1 2 0 4909 
2 2 0 4908 
3 2 4910 4911 
1 2 0 4912 
1 2 0 4913 
4 1 0 
4 2 0 4884 
4 2 0 4887 
4 2 0 4888 
4 2 0 4891 
4 2 0 4892 
4 2 0 4893 
4 2 0 4896 
4 2 0 4897 
4 2 0 4900 
4 2 0 4903 
4 2 0 4904 
4 2 0 4905 
4 2 0 4908 
4 2 0 4909 
4 2 0 4912 
4 2 0 4913 
4 2 0 4914 
1 1 0 
1 2 0 4933 
2 1 0 
3 2 4934 4935 
1 2 0 4936 
1 2 0 4937 
2 2 0 4936 
3 2 4938 4939 
1 2 0 4940 
1 2 0 4941 
1 2 0 4942 
1 2 0 4943 
2 2 0 4942 
3 2 4944 4945 
1 2 0 4946 
1 2 0 4947 
2 2 0 4946 
3 2 4948 4949 
1 2 0 4950 
1 2 0 4951 
1 2 0 4952 
2 2 0 4951 
3 2 4953 4954 
1 2 0 4955 
1 2 0 4956 
1 2 0 4957 
2 2 0 4956 
3 2 4958 4959 
1 2 0 4960 
2 2 0 4957 
3 2 4961 4962 
1 2 0 4963 
1 2 0 4964 
1 2 0 4965 
2 2 0 4964 
3 2 4966 4967 
1 2 0 4968 
1 2 0 4969 
1 2 0 4970 
2 2 0 4969 
3 2 4971 4972 
1 2 0 4973 
1 2 0 4974 
2 2 0 4973 
3 2 4975 4976 
1 2 0 4977 
1 2 0 4978 
1 2 0 4979 
1 2 0 4980 
2 2 0 4979 
3 2 4981 4982 
1 2 0 4983 
1 2 0 4984 
2 2 0 4983 
3 2 4985 4986 
1 2 0 4987 
1 2 0 4988 
1 2 0 4989 
1 2 0 4990 
2 2 0 4989 
3 2 4991 4992 
1 2 0 4993 
2 2 0 4990 
3 2 4994 4995 
1 2 0 4996 
1 2 0 4997 
2 2 0 4996 
3 2 4998 4999 
1 2 0 5000 
1 2 0 5001 
1 2 0 5002 
2 2 0 5001 
3 2 5003 5004 
1 2 0 5005 
1 2 0 5006 
1 2 0 5007 
1 2 0 5008 
1 2 0 5009 
2 2 0 5008 
3 2 5010 5011 
1 2 0 5012 
1 2 0 5013 
2 2 0 5008 
2 2 0 5012 
3 3 5014 5015 5016 
1 2 0 5017 
1 2 0 5018 
1 2 0 5019 
2 2 0 5018 
3 2 5020 5021 
1 2 0 5022 
1 2 0 5023 
2 2 0 5022 
3 2 5024 5025 
1 2 0 5026 
2 2 0 5023 
3 2 5027 5028 
1 2 0 5029 
1 2 0 5030 
2 2 0 5029 
3 2 5031 5032 
1 2 0 5033 
1 2 0 5034 
1 2 0 5035 
1 2 0 5036 
2 2 0 5035 
3 2 5037 5038 
1 2 0 5039 
2 2 0 5036 
3 2 5040 5041 
1 2 0 5042 
1 2 0 5043 
1 2 0 5044 
2 2 0 5043 
3 2 5045 5046 
1 2 0 5047 
1 2 0 5048 
1 2 0 5049 
1 2 0 5050 
1 2 0 5051 
2 2 0 5050 
3 2 5052 5053 
1 2 0 5054 
1 2 0 5055 
1 2 0 5056 
2 2 0 5055 
3 2 5057 5058 
1 2 0 5059 
2 2 0 5056 
3 2 5060 5061 
1 2 0 5062 
2 2 0 5059 
3 2 5063 5064 
1 2 0 5065 
1 2 0 5066 
1 2 0 5067 
1 2 0 5068 
1 2 0 5069 
1 2 0 5070 
1 2 0 5071 
1 2 0 5072 
2 2 0 5071 
3 2 5073 5074 
1 2 0 5075 
1 2 0 5076 
1 2 0 5077 
1 2 0 5078 
2 2 0 5077 
3 2 5079 5080 
1 2 0 5081 
1 2 0 5082 
1 2 0 5083 
2 2 0 5082 
3 2 5084 5085 
1 2 0 5086 
1 2 0 5087 
1 2 0 5088 
1 2 0 5089 
2 2 0 5088 
3 2 5090 5091 
1 2 0 5092 
1 2 0 5093 
1 2 0 5094 
1 2 0 5095 
2 2 0 5094 
3 2 5096 5097 
1 2 0 5098 
1 2 0 5099 
1 2 0 5100 
1 2 0 5101 
2 2 0 5100 
3 2 5102 5103 
1 2 0 5104 
4 1 0 
4 2 0 4933 
4 2 0 4936 
4 2 0 4937 
4 2 0 4940 
4 2 0 4941 
4 2 0 4942 
4 2 0 4943 
4 2 0 4946 
4 2 0 4947 
4 2 0 4950 
4 2 0 4951 
4 2 0 4952 
4 2 0 4955 
4 2 0 4956 
4 2 0 4957 
4 2 0 4960 
4 2 0 4963 
4 2 0 4964 
4 2 0 4965 
4 2 0 4968 
4 2 0 4969 
4 2 0 4970 
4 2 0 4973 
4 2 0 4974 
4 2 0 4977 
4 2 0 4978 
4 2 0 4979 
4 2 0 4980 
4 2 0 4983 
4 2 0 4984 
4 2 0 4987 
4 2 0 4988 
4 2 0 4989 
4 2 0 4990 
4 2 0 4993 
4 2 0 4996 
4 2 0 4997 
4 2 0 5000 
4 2 0 5001 
4 2 0 5002 
4 2 0 5005 
4 2 0 5006 
4 2 0 5007 
4 2 0 5008 
4 2 0 5009 
4 2 0 5012 
4 2 0 5013 
4 2 0 5017 
4 2 0 5018 
4 2 0 5019 
4 2 0 5022 
4 2 0 5023 
4 2 0 5026 
4 2 0 5029 
4 2 0 5030 
4 2 0 5033 
4 2 0 5034 
4 2 0 5035 
4 2 0 5036 
4 2 0 5039 
4 2 0 5042 
4 2 0 5043 
4 2 0 5044 
4 2 0 5047 
4 2 0 5048 
4 2 0 5049 
4 2 0 5050 
4 2 0 5051 
4 2 0 5054 
4 2 0 5055 
4 2 0 5056 
4 2 0 5059 
4 2 0 5062 
4 2 0 5065 
4 2 0 5066 
4 2 0 5067 
4 2 0 5068 
4 2 0 5069 
4 2 0 5070 
4 2 0 5071 
4 2 0 5072 
4 2 0 5075 
4 2 0 5076 
4 2 0 5077 
4 2 0 5078 
4 2 0 5081 
4 2 0 5082 
4 2 0 5083 
4 2 0 5086 
4 2 0 5087 
4 2 0 5088 
4 2 0 5089 
4 2 0 5092 
4 2 0 5093 
4 2 0 5094 
4 2 0 5095 
4 2 0 5098 
4 2 0 5099 
4 2 0 5100 
4 2 0 5101 
4 2 0 5104 
4 2 0 5105 
1 1 0 
1 2 0 5209 
2 1 0 
3 2 5210 5211 
1 2 0 5212 
1 2 0 5213 
1 2 0 5214 
1 2 0 5215 
1 2 0 5216 
1 2 0 5217 
1 2 0 5218 
2 2 0 5217 
3 2 5219 5220 
1 2 0 5221 
2 2 0 5218 
3 2 5222 5223 
1 2 0 5224 
2 2 0 5217 
3 2 5225 5226 
1 2 0 5227 
1 2 0 5228 
1 2 0 5229 
1 2 0 5230 
2 2 0 5229 
3 2 5231 5232 
1 2 0 5233 
1 2 0 5234 
2 2 0 5233 
3 2 5235 5236 
1 2 0 5237 
1 2 0 5238 
1 2 0 5239 
4 1 0 
4 2 0 5209 
4 2 0 5212 
4 2 0 5213 
4 2 0 5214 
4 2 0 5215 
4 2 0 5216 
4 2 0 5217 
4 2 0 5218 
4 2 0 5221 
4 2 0 5224 
4 2 0 5227 
4 2 0 5228 
4 2 0 5229 
4 2 0 5230 
4 2 0 5233 
4 2 0 5234 
4 2 0 5237 
4 2 0 5238 
4 2 0 5239 
4 2 0 5240 
1 1 0 
1 2 0 5262 
2 1 0 
3 2 5263 5264 
1 2 0 5265 
1 2 0 5266 
2 2 0 5265 
3 2 5267 5268 
1 2 0 5269 
1 2 0 5270 
1 2 0 5271 
2 2 0 5270 
3 2 5272 5273 
1 2 0 5274 
1 2 0 5275 
2 2 0 5274 
3 2 5276 5277 
1 2 0 5278 
1 2 0 5279 
1 2 0 5280 
2 2 0 5279 
3 2 5281 5282 
1 2 0 5283 
1 2 0 5284 
1 2 0 5285 
1 2 0 5286 
2 2 0 5285 
3 2 5287 5288 
1 2 0 5289 
1 2 0 5290 
1 2 0 5291 
2 2 0 5290 
3 2 5292 5293 
1 2 0 5294 
4 1 0 
4 2 0 5262 
4 2 0 5265 
4 2 0 5266 
4 2 0 5269 
4 2 0 5270 
4 2 0 5271 
4 2 0 5274 
4 2 0 5275 
4 2 0 5278 
4 2 0 5279 
4 2 0 5280 
4 2 0 5283 
4 2 0 5284 
4 2 0 5285 
4 2 0 5286 
4 2 0 5289 
4 2 0 5290 
4 2 0 5291 
4 2 0 5294 
4 2 0 5295 
1 1 0 
1 2 0 5317 
2 1 0 
3 2 5318 5319 
1 2 0 5320 
1 2 0 5321 
1 2 0 5322 
2 2 0 5321 
3 2 5323 5324 
1 2 0 5325 
2 2 0 5321 
3 2 5326 5327 
1 2 0 5328 
2 2 0 5325 
3 2 5329 5330 
1 2 0 5331 
1 2 0 5332 
1 2 0 5333 
1 2 0 5334 
1 2 0 5335 
2 2 0 5334 
3 2 5336 5337 
1 2 0 5338 
1 2 0 5339 
2 2 0 5338 
3 2 5340 5341 
1 2 0 5342 
1 2 0 5343 
1 2 0 5344 
2 2 0 5343 
3 2 5345 5346 
1 2 0 5347 
1 2 0 5348 
1 2 0 5349 
1 2 0 5350 
1 2 0 5351 
1 2 0 5352 
1 2 0 5353 
1 2 0 5354 
1 2 0 5355 
2 2 0 5354 
3 2 5356 5357 
1 2 0 5358 
1 2 0 5359 
1 2 0 5360 
2 2 0 5359 
3 2 5361 5362 
1 2 0 5363 
4 1 0 
4 2 0 5317 
4 2 0 5320 
4 2 0 5321 
4 2 0 5322 
4 2 0 5325 
4 2 0 5328 
4 2 0 5331 
4 2 0 5332 
4 2 0 5333 
4 2 0 5334 
4 2 0 5335 
4 2 0 5338 
4 2 0 5339 
4 2 0 5342 
4 2 0 5343 
4 2 0 5344 
4 2 0 5347 
4 2 0 5348 
4 2 0 5349 
4 2 0 5350 
4 2 0 5351 
4 2 0 5352 
4 2 0 5353 
4 2 0 5354 
4 2 0 5355 
4 2 0 5358 
4 2 0 5359 
4 2 0 5360 
4 2 0 5363 
4 2 0 5364 
1 1 0 
1 2 0 5396 
2 1 0 
3 2 5397 5398 
1 2 0 5399 
1 2 0 5400 
2 2 0 5399 
3 2 5401 5402 
1 2 0 5403 
1 2 0 5404 
2 2 0 5403 
3 2 5405 5406 
1 2 0 5407 
1 2 0 5408 
2 2 0 5407 
3 2 5409 5410 
1 2 0 5411 
1 2 0 5412 
1 2 0 5413 
2 2 0 5412 
3 2 5414 5415 
1 2 0 5416 
2 2 0 5413 
3 2 5417 5418 
1 2 0 5419 
1 2 0 5420 
2 2 0 5419 
3 2 5421 5422 
1 2 0 5423 
2 2 0 5420 
3 2 5424 5425 
1 2 0 5426 
2 2 0 5423 
3 2 5427 5428 
1 2 0 5429 
1 2 0 5430 
2 2 0 5429 
3 2 5431 5432 
1 2 0 5433 
1 2 0 5434 
1 2 0 5435 
1 2 0 5436 
2 2 0 5435 
3 2 5437 5438 
1 2 0 5439 
1 2 0 5440 
2 2 0 5439 
3 2 5441 5442 
1 2 0 5443 
1 2 0 5444 
1 2 0 5445 
2 2 0 5444 
3 2 5446 5447 
1 2 0 5448 
1 2 0 5449 
1 2 0 5450 
2 2 0 5449 
3 2 5451 5452 
1 2 0 5453 
2 2 0 5449 
2 2 0 5450 
3 3 5454 5455 5456 
1 2 0 5457 
1 2 0 5458 
1 2 0 5459 
1 2 0 5460 
2 2 0 5459 
3 2 5461 5462 
1 2 0 5463 
1 2 0 5464 
1 2 0 5465 
2 2 0 5464 
3 2 5466 5467 
1 2 0 5468 
1 2 0 5469 
2 2 0 5468 
3 2 5470 5471 
1 2 0 5472 
1 2 0 5473 
4 1 0 
4 2 0 5396 
4 2 0 5399 
4 2 0 5400 
4 2 0 5403 
4 2 0 5404 
4 2 0 5407 
4 2 0 5408 
4 2 0 5411 
4 2 0 5412 
4 2 0 5413 
4 2 0 5416 
4 2 0 5419 
4 2 0 5420 
4 2 0 5423 
4 2 0 5426 
4 2 0 5429 
4 2 0 5430 
4 2 0 5433 
4 2 0 5434 
4 2 0 5435 
4 2 0 5436 
4 2 0 5439 
4 2 0 5440 
4 2 0 5443 
4 2 0 5444 
4 2 0 5445 
4 2 0 5448 
4 2 0 5449 
4 2 0 5450 
4 2 0 5453 
4 2 0 5457 
4 2 0 5458 
4 2 0 5459 
4 2 0 5460 
4 2 0 5463 
4 2 0 5464 
4 2 0 5465 
4 2 0 5468 
4 2 0 5469 
4 2 0 5472 
4 2 0 5473 
4 2 0 5474 
1 1 0 
1 2 0 5518 
2 1 0 
3 2 5519 5520 
1 2 0 5521 
1 2 0 5522 
2 2 0 5521 
3 2 5523 5524 
1 2 0 5525 
1 2 0 5526 
2 2 0 5525 
3 2 5527 5528 
1 2 0 5529 
1 2 0 5530 
1 2 0 5531 
2 2 0 5530 
3 2 5532 5533 
1 2 0 5534 
2 2 0 5531 
3 2 5535 5536 
1 2 0 5537 
1 2 0 5538 
1 2 0 5539 
2 2 0 5538 
3 2 5540 5541 
1 2 0 5542 
1 2 0 5543 
1 2 0 5544 
1 2 0 5545 
1 2 0 5546 
2 2 0 5545 
3 2 5547 5548 
1 2 0 5549 
1 2 0 5550 
1 2 0 5551 
2 2 0 5550 
3 2 5552 5553 
1 2 0 5554 
2 2 0 5551 
3 2 5555 5556 
1 2 0 5557 
2 2 0 5551 
3 2 5558 5559 
1 2 0 5560 
1 2 0 5561 
1 2 0 5562 
2 2 0 5561 
3 2 5563 5564 
1 2 0 5565 
1 2 0 5566 
1 2 0 5567 
2 2 0 5566 
3 2 5568 5569 
1 2 0 5570 
1 2 0 5571 
2 2 0 5570 
3 2 5572 5573 
1 2 0 5574 
1 2 0 5575 
1 2 0 5576 
1 2 0 5577 
2 2 0 5576 
3 2 5578 5579 
1 2 0 5580 
2 2 0 5577 
3 2 5581 5582 
1 2 0 5583 
1 2 0 5584 
2 2 0 5583 
3 2 5585 5586 
1 2 0 5587 
1 2 0 5588 
2 2 0 5587 
3 2 5589 5590 
1 2 0 5591 
4 1 0 
4 2 0 5518 
4 2 0 5521 
4 2 0 5522 
4 2 0 5525 
4 2 0 5526 
4 2 0 5529 
4 2 0 5530 
4 2 0 5531 
4 2 0 5534 
4 2 0 5537 
4 2 0 5538 
4 2 0 5539 
4 2 0 5542 
4 2 0 5543 
4 2 0 5544 
4 2 0 5545 
4 2 0 5546 
4 2 0 5549 
4 2 0 5550 
4 2 0 5551 
4 2 0 5554 
4 2 0 5557 
4 2 0 5560 
4 2 0 5561 
4 2 0 5562 
4 2 0 5565 
4 2 0 5566 
4 2 0 5567 
4 2 0 5570 
4 2 0 5571 
4 2 0 5574 
4 2 0 5575 
4 2 0 5576 
4 2 0 5577 
4 2 0 5580 
4 2 0 5583 
4 2 0 5584 
4 2 0 5587 
4 2 0 5588 
4 2 0 5591 
4 2 0 5592 
1 1 0 
1 2 0 5635 
2 1 0 
3 2 5636 5637 
1 2 0 5638 
2 2 0 5635 
3 2 5639 5640 
1 2 0 5641 
2 2 0 5638 
3 2 5642 5643 
1 2 0 5644 
1 2 0 5645 
1 2 0 5646 
1 2 0 5647 
1 2 0 5648 
2 2 0 5647 
3 2 5649 5650 
1 2 0 5651 
1 2 0 5652 
2 2 0 5651 
3 2 5653 5654 
1 2 0 5655 
1 2 0 5656 
1 2 0 5657 
2 2 0 5656 
3 2 5658 5659 
1 2 0 5660 
1 2 0 5661 
1 2 0 5662 
1 2 0 5663 
1 2 0 5664 
1 2 0 5665 
1 2 0 5666 
2 2 0 5665 
3 2 5667 5668 
1 2 0 5669 
1 2 0 5670 
1 2 0 5671 
2 2 0 5670 
3 2 5672 5673 
1 2 0 5674 
1 2 0 5675 
1 2 0 5676 
2 2 0 5675 
3 2 5677 5678 
1 2 0 5679 
2 2 0 5675 
2 2 0 5676 
3 3 5680 5681 5682 
1 2 0 5683 
1 2 0 5684 
1 2 0 5685 
1 2 0 5686 
1 2 0 5687 
1 2 0 5688 
1 2 0 5689 
2 2 0 5688 
3 2 5690 5691 
1 2 0 5692 
1 2 0 5693 
1 2 0 5694 
1 2 0 5695 
2 2 0 5694 
3 2 5696 5697 
1 2 0 5698 
2 2 0 5695 
3 2 5699 5700 
1 2 0 5701 
1 2 0 5702 
1 2 0 5703 
2 2 0 5702 
3 2 5704 5705 
1 2 0 5706 
1 2 0 5707 
1 2 0 5708 
1 2 0 5709 
1 2 0 5710 
1 2 0 5711 
1 2 0 5712 
1 2 0 5713 
1 2 0 5714 
1 2 0 5715 
1 2 0 5716 
2 2 0 5715 
3 2 5717 5718 
1 2 0 5719 
1 2 0 5720 
2 2 0 5719 
3 2 5721 5722 
1 2 0 5723 
1 2 0 5724 
1 2 0 5725 
1 2 0 5726 
1 2 0 5727 
1 2 0 5728 
1 2 0 5729 
1 2 0 5730 
1 2 0 5731 
1 2 0 5732 
1 2 0 5733 
1 2 0 5734 
1 2 0 5735 
1 2 0 5736 
2 2 0 5735 
3 2 5737 5738 
1 2 0 5739 
1 2 0 5740 
1 2 0 5741 
1 2 0 5742 
1 2 0 5743 
2 2 0 5742 
3 2 5744 5745 
1 2 0 5746 
1 2 0 5747 
1 2 0 5748 
2 2 0 5747 
3 2 5749 5750 
1 2 0 5751 
1 2 0 5752 
2 2 0 5751 
3 2 5753 5754 
1 2 0 5755 
1 2 0 5756 
2 2 0 5755 
3 2 5757 5758 
1 2 0 5759 
2 2 0 5755 
2 2 0 5756 
3 3 5760 5761 5762 
1 2 0 5763 
2 2 0 5755 
2 2 0 5759 
3 3 5764 5765 5766 
1 2 0 5767 
4 1 0 
4 2 0 5635 
4 2 0 5638 
4 2 0 5641 
4 2 0 5644 
4 2 0 5645 
4 2 0 5646 
4 2 0 5647 
4 2 0 5648 
4 2 0 5651 
4 2 0 5652 
4 2 0 5655 
4 2 0 5656 
4 2 0 5657 
4 2 0 5660 
4 2 0 5661 
4 2 0 5662 
4 2 0 5663 
4 2 0 5664 
4 2 0 5665 
4 2 0 5666 
4 2 0 5669 
4 2 0 5670 
4 2 0 5671 
4 2 0 5674 
4 2 0 5675 
4 2 0 5676 
4 2 0 5679 
4 2 0 5683 
4 2 0 5684 
4 2 0 5685 
4 2 0 5686 
4 2 0 5687 
4 2 0 5688 
4 2 0 5689 
4 2 0 5692 
4 2 0 5693 
4 2 0 5694 
4 2 0 5695 
4 2 0 5698 
4 2 0 5701 
4 2 0 5702 
4 2 0 5703 
4 2 0 5706 
4 2 0 5707 
4 2 0 5708 
4 2 0 5709 
4 2 0 5710 
4 2 0 5711 
4 2 0 5712 
4 2 0 5713 
4 2 0 5714 
4 2 0 5715 
4 2 0 5716 
4 2 0 5719 
4 2 0 5720 
4 2 0 5723 
4 2 0 5724 
4 2 0 5725 
4 2 0 5726 
4 2 0 5727 
4 2 0 5728 
4 2 0 5729 
4 2 0 5730 
4 2 0 5731 
4 2 0 5732 
4 2 0 5733 
4 2 0 5734 
4 2 0 5735 
4 2 0 5736 
4 2 0 5739 
4 2 0 5740 
4 2 0 5741 
4 2 0 5742 
4 2 0 5743 
4 2 0 5746 
4 2 0 5747 
4 2 0 5748 
4 2 0 5751 
4 2 0 5752 
4 2 0 5755 
4 2 0 5756 
4 2 0 5759 
4 2 0 5763 
4 2 0 5767 
4 2 0 5768 
1 1 0 
1 2 0 5855 
2 1 0 
3 2 5856 5857 
1 2 0 5858 
1 2 0 5859 
2 2 0 5858 
3 2 5860 5861 
1 2 0 5862 
1 2 0 5863 
1 2 0 5864 
1 2 0 5865 
1 2 0 5866 
2 2 0 5865 
3 2 5867 5868 
1 2 0 5869 
1 2 0 5870 
1 2 0 5871 
2 2 0 5870 
3 2 5872 5873 
1 2 0 5874 
1 2 0 5875 
1 2 0 5876 
1 2 0 5877 
2 2 0 5876 
3 2 5878 5879 
1 2 0 5880 
1 2 0 5881 
2 2 0 5880 
3 2 5882 5883 
1 2 0 5884 
1 2 0 5885 
1 2 0 5886 
2 2 0 5885 
3 2 5887 5888 
1 2 0 5889 
1 2 0 5890 
2 2 0 5889 
3 2 5891 5892 
1 2 0 5893 
1 2 0 5894 
2 2 0 5893 
3 2 5895 5896 
1 2 0 5897 
2 2 0 5893 
2 2 0 5894 
3 3 5898 5899 5900 
1 2 0 5901 
1 2 0 5902 
1 2 0 5903 
1 2 0 5904 
2 2 0 5902 
2 2 0 5903 
3 3 5905 5906 5907 
1 2 0 5908 
1 2 0 5909 
1 2 0 5910 
2 2 0 5909 
3 2 5911 5912 
1 2 0 5913 
1 2 0 5914 
2 2 0 5913 
3 2 5915 5916 
1 2 0 5917 
1 2 0 5918 
2 2 0 5917 
3 2 5919 5920 
1 2 0 5921 
2 2 0 5918 
3 2 5922 5923 
1 2 0 5924 
1 2 0 5925 
2 2 0 5924 
3 2 5926 5927 
1 2 0 5928 
4 1 0 
4 2 0 5855 
4 2 0 5858 
4 2 0 5859 
4 2 0 5862 
4 2 0 5863 
4 2 0 5864 
4 2 0 5865 
4 2 0 5866 
4 2 0 5869 
4 2 0 5870 
4 2 0 5871 
4 2 0 5874 
4 2 0 5875 
4 2 0 5876 
4 2 0 5877 
4 2 0 5880 
4 2 0 5881 
4 2 0 5884 
4 2 0 5885 
4 2 0 5886 
4 2 0 5889 
4 2 0 5890 
4 2 0 5893 
4 2 0 5894 
4 2 0 5897 
4 2 0 5901 
4 2 0 5902 
4 2 0 5903 
4 2 0 5904 
4 2 0 5908 
4 2 0 5909 
4 2 0 5910 
4 2 0 5913 
4 2 0 5914 
4 2 0 5917 
4 2 0 5918 
4 2 0 5921 
4 2 0 5924 
4 2 0 5925 
4 2 0 5928 
4 2 0 5929 
1 1 0 
1 2 0 5972 
1 2 0 5973 
1 2 0 5974 
1 2 0 5975 
2 2 0 5974 
3 2 5976 5977 
1 2 0 5978 
1 2 0 5979 
2 2 0 5978 
3 2 5980 5981 
1 2 0 5982 
1 2 0 5983 
2 2 0 5982 
3 2 5984 5985 
1 2 0 5986 
2 2 0 5982 
2 2 0 5983 
3 3 5987 5988 5989 
1 2 0 5990 
1 2 0 5991 
1 2 0 5992 
1 2 0 5993 
1 2 0 5994 
1 2 0 5995 
2 2 0 5994 
3 2 5996 5997 
1 2 0 5998 
2 2 0 5995 
3 2 5999 6000 
1 2 0 6001 
2 2 0 5998 
3 2 6002 6003 
1 2 0 6004 
1 2 0 6005 
1 2 0 6006 
2 2 0 6005 
3 2 6007 6008 
1 2 0 6009 
1 2 0 6010 
1 2 0 6011 
2 2 0 6010 
3 2 6012 6013 
1 2 0 6014 
1 2 0 6015 
2 2 0 6014 
3 2 6016 6017 
1 2 0 6018 
1 2 0 6019 
1 2 0 6020 
2 2 0 6019 
3 2 6021 6022 
1 2 0 6023 
1 2 0 6024 
2 2 0 6023 
3 2 6025 6026 
1 2 0 6027 
2 2 0 6024 
3 2 6028 6029 
1 2 0 6030 
1 2 0 6031 
1 2 0 6032 
1 2 0 6033 
2 2 0 6032 
3 2 6034 6035 
1 2 0 6036 
1 2 0 6037 
2 2 0 6036 
3 2 6038 6039 
1 2 0 6040 
2 2 0 6037 
3 2 6041 6042 
1 2 0 6043 
4 1 0 
4 2 0 5972 
4 2 0 5973 
4 2 0 5974 
4 2 0 5975 
4 2 0 5978 
4 2 0 5979 
4 2 0 5982 
4 2 0 5983 
4 2 0 5986 
4 2 0 5990 
4 2 0 5991 
4 2 0 5992 
4 2 0 5993 
4 2 0 5994 
4 2 0 5995 
4 2 0 5998 
4 2 0 6001 
4 2 0 6004 
4 2 0 6005 
4 2 0 6006 
4 2 0 6009 
4 2 0 6010 
4 2 0 6011 
4 2 0 6014 
4 2 0 6015 
4 2 0 6018 
4 2 0 6019 
4 2 0 6020 
4 2 0 6023 
4 2 0 6024 
4 2 0 6027 
4 2 0 6030 
4 2 0 6031 
4 2 0 6032 
4 2 0 6033 
4 2 0 6036 
4 2 0 6037 
4 2 0 6040 
4 2 0 6043 
4 2 0 6044 
1 1 0 
1 2 0 6086 
2 1 0 
3 2 6087 6088 
1 2 0 6089 
1 2 0 6090 
2 2 0 6089 
3 2 6091 6092 
1 2 0 6093 
1 2 0 6094 
2 2 0 6093 
3 2 6095 6096 
1 2 0 6097 
1 2 0 6098 
1 2 0 6099 
2 2 0 6098 
3 2 6100 6101 
1 2 0 6102 
1 2 0 6103 
1 2 0 6104 
2 2 0 6103 
3 2 6105 6106 
1 2 0 6107 
1 2 0 6108 
1 2 0 6109 
2 2 0 6108 
3 2 6110 6111 
1 2 0 6112 
2 2 0 6108 
3 2 6113 6114 
1 2 0 6115 
2 2 0 6112 
3 2 6116 6117 
1 2 0 6118 
1 2 0 6119 
2 2 0 6118 
3 2 6120 6121 
1 2 0 6122 
1 2 0 6123 
2 2 0 6122 
3 2 6124 6125 
1 2 0 6126 
1 2 0 6127 
1 2 0 6128 
1 2 0 6129 
1 2 0 6130 
1 2 0 6131 
1 2 0 6132 
2 2 0 6131 
3 2 6133 6134 
1 2 0 6135 
1 2 0 6136 
2 2 0 6135 
3 2 6137 6138 
1 2 0 6139 
1 2 0 6140 
1 2 0 6141 
1 2 0 6142 
1 2 0 6143 
1 2 0 6144 
1 2 0 6145 
2 2 0 6144 
3 2 6146 6147 
1 2 0 6148 
1 2 0 6149 
1 2 0 6150 
2 2 0 6149 
3 2 6151 6152 
1 2 0 6153 
1 2 0 6154 
1 2 0 6155 
2 2 0 6154 
3 2 6156 6157 
1 2 0 6158 
2 2 0 6154 
3 2 6159 6160 
1 2 0 6161 
1 2 0 6162 
1 2 0 6163 
1 2 0 6164 
2 2 0 6163 
3 2 6165 6166 
1 2 0 6167 
2 2 0 6164 
3 2 6168 6169 
1 2 0 6170 
2 2 0 6167 
3 2 6171 6172 
1 2 0 6173 
1 2 0 6174 
2 2 0 6173 
3 2 6175 6176 
1 2 0 6177 
1 2 0 6178 
2 2 0 6177 
3 2 6179 6180 
1 2 0 6181 
1 2 0 6182 
1 2 0 6183 
1 2 0 6184 
1 2 0 6185 
1 2 0 6186 
1 2 0 6187 
1 2 0 6188 
1 2 0 6189 
2 2 0 6188 
3 2 6190 6191 
1 2 0 6192 
1 2 0 6193 
2 2 0 6192 
3 2 6194 6195 
1 2 0 6196 
4 1 0 
4 2 0 6086 
4 2 0 6089 
4 2 0 6090 
4 2 0 6093 
4 2 0 6094 
4 2 0 6097 
4 2 0 6098 
4 2 0 6099 
4 2 0 6102 
4 2 0 6103 
4 2 0 6104 
4 2 0 6107 
4 2 0 6108 
4 2 0 6109 
4 2 0 6112 
4 2 0 6115 
4 2 0 6118 
4 2 0 6119 
4 2 0 6122 
4 2 0 6123 
4 2 0 6126 
4 2 0 6127 
4 2 0 6128 
4 2 0 6129 
4 2 0 6130 
4 2 0 6131 
4 2 0 6132 
4 2 0 6135 
4 2 0 6136 
4 2 0 6139 
4 2 0 6140 
4 2 0 6141 
4 2 0 6142 
4 2 0 6143 
4 2 0 6144 
4 2 0 6145 
4 2 0 6148 
4 2 0 6149 
4 2 0 6150 
4 2 0 6153 
4 2 0 6154 
4 2 0 6155 
4 2 0 6158 
4 2 0 6161 
4 2 0 6162 
4 2 0 6163 
4 2 0 6164 
4 2 0 6167 
4 2 0 6170 
4 2 0 6173 
4 2 0 6174 
4 2 0 6177 
4 2 0 6178 
4 2 0 6181 
4 2 0 6182 
4 2 0 6183 
4 2 0 6184 
4 2 0 6185 
4 2 0 6186 
4 2 0 6187 
4 2 0 6188 
4 2 0 6189 
4 2 0 6192 
4 2 0 6193 
4 2 0 6196 
4 2 0 6197 
1 1 0 
1 2 0 6265 
1 2 0 6266 
2 2 0 6265 
3 2 6267 6268 
1 2 0 6269 
1 2 0 6270 
2 2 0 6269 
3 2 6271 6272 
1 2 0 6273 
1 2 0 6274 
2 2 0 6269 
3 2 6275 6276 
1 2 0 6277 
1 2 0 6278 
1 2 0 6279 
1 2 0 6280 
2 2 0 6279 
3 2 6281 6282 
1 2 0 6283 
1 2 0 6284 
1 2 0 6285 
1 2 0 6286 
1 2 0 6287 
1 2 0 6288 
1 2 0 6289 
1 2 0 6290 
1 2 0 6291 
2 2 0 6290 
3 2 6292 6293 
1 2 0 6294 
1 2 0 6295 
1 2 0 6296 
1 2 0 6297 
1 2 0 6298 
1 2 0 6299 
1 2 0 6300 
2 2 0 6299 
3 2 6301 6302 
1 2 0 6303 
1 2 0 6304 
2 2 0 6303 
3 2 6305 6306 
1 2 0 6307 
1 2 0 6308 
1 2 0 6309 
1 2 0 6310 
2 2 0 6309 
3 2 6311 6312 
1 2 0 6313 
2 2 0 6310 
3 2 6314 6315 
1 2 0 6316 
2 2 0 6313 
3 2 6317 6318 
1 2 0 6319 
1 2 0 6320 
2 2 0 6319 
3 2 6321 6322 
1 2 0 6323 
2 2 0 6320 
3 2 6324 6325 
1 2 0 6326 
1 2 0 6327 
1 2 0 6328 
1 2 0 6329 
2 2 0 6328 
3 2 6330 6331 
1 2 0 6332 
1 2 0 6333 
1 2 0 6334 
1 2 0 6335 
1 2 0 6336 
2 2 0 6335 
3 2 6337 6338 
1 2 0 6339 
2 2 0 6336 
3 2 6340 6341 
1 2 0 6342 
2 2 0 6339 
3 2 6343 6344 
1 2 0 6345 
1 2 0 6346 
2 2 0 6345 
3 2 6347 6348 
1 2 0 6349 
1 2 0 6350 
1 2 0 6351 
2 2 0 6350 
3 2 6352 6353 
1 2 0 6354 
1 2 0 6355 
1 2 0 6356 
1 2 0 6357 
2 2 0 6356 
3 2 6358 6359 
1 2 0 6360 
1 2 0 6361 
2 2 0 6360 
3 2 6362 6363 
1 2 0 6364 
1 2 0 6365 
1 2 0 6366 
1 2 0 6367 
1 2 0 6368 
2 2 0 6367 
3 2 6369 6370 
1 2 0 6371 
1 2 0 6372 
1 2 0 6373 
2 2 0 6372 
3 2 6374 6375 
1 2 0 6376 
1 2 0 6377 
2 2 0 6376 
3 2 6378 6379 
1 2 0 6380 
1 2 0 6381 
1 2 0 6382 
2 2 0 6381 
3 2 6383 6384 
1 2 0 6385 
2 2 0 6381 
2 2 0 6382 
3 3 6386 6387 6388 
1 2 0 6389 
1 2 0 6390 
1 2 0 6391 
2 2 0 6390 
3 2 6392 6393 
1 2 0 6394 
2 2 0 6390 
2 2 0 6391 
3 3 6395 6396 6397 
1 2 0 6398 
1 2 0 6399 
1 2 0 6400 
2 2 0 6399 
3 2 6401 6402 
1 2 0 6403 
1 2 0 6404 
2 2 0 6403 
3 2 6405 6406 
1 2 0 6407 
2 2 0 6404 
3 2 6408 6409 
1 2 0 6410 
1 2 0 6411 
1 2 0 6412 
2 2 0 6411 
3 2 6413 6414 
1 2 0 6415 
1 2 0 6416 
2 2 0 6415 
3 2 6417 6418 
1 2 0 6419 
1 2 0 6420 
2 2 0 6415 
2 2 0 6419 
3 3 6421 6422 6423 
1 2 0 6424 
4 1 0 
4 2 0 6265 
4 2 0 6266 
4 2 0 6269 
4 2 0 6270 
4 2 0 6273 
4 2 0 6274 
4 2 0 6277 
4 2 0 6278 
4 2 0 6279 
4 2 0 6280 
4 2 0 6283 
4 2 0 6284 
4 2 0 6285 
4 2 0 6286 
4 2 0 6287 
4 2 0 6288 
4 2 0 6289 
4 2 0 6290 
4 2 0 6291 
4 2 0 6294 
4 2 0 6295 
4 2 0 6296 
4 2 0 6297 
4 2 0 6298 
4 2 0 6299 
4 2 0 6300 
4 2 0 6303 
4 2 0 6304 
4 2 0 6307 
4 2 0 6308 
4 2 0 6309 
4 2 0 6310 
4 2 0 6313 
4 2 0 6316 
4 2 0 6319 
4 2 0 6320 
4 2 0 6323 
4 2 0 6326 
4 2 0 6327 
4 2 0 6328 
4 2 0 6329 
4 2 0 6332 
4 2 0 6333 
4 2 0 6334 
4 2 0 6335 
4 2 0 6336 
4 2 0 6339 
4 2 0 6342 
4 2 0 6345 
4 2 0 6346 
4 2 0 6349 
4 2 0 6350 
4 2 0 6351 
4 2 0 6354 
4 2 0 6355 
4 2 0 6356 
4 2 0 6357 
4 2 0 6360 
4 2 0 6361 
4 2 0 6364 
4 2 0 6365 
4 2 0 6366 
4 2 0 6367 
4 2 0 6368 
4 2 0 6371 
4 2 0 6372 
4 2 0 6373 
4 2 0 6376 
4 2 0 6377 
4 2 0 6380 
4 2 0 6381 
4 2 0 6382 
4 2 0 6385 
4 2 0 6389 
4 2 0 6390 
4 2 0 6391 
4 2 0 6394 
4 2 0 6398 
4 2 0 6399 
4 2 0 6400 
4 2 0 6403 
4 2 0 6404 
4 2 0 6407 
4 2 0 6410 
4 2 0 6411 
4 2 0 6412 
4 2 0 6415 
4 2 0 6416 
4 2 0 6419 
4 2 0 6420 
4 2 0 6424 
4 2 0 6425 
1 1 0 
1 2 0 6519 
2 1 0 
3 2 6520 6521 
1 2 0 6522 
1 2 0 6523 
1 2 0 6524 
2 2 0 6522 
2 2 0 6523 
3 3 6525 6526 6527 
1 2 0 6528 
2 2 0 6524 
3 2 6529 6530 
1 2 0 6531 
2 2 0 6528 
3 2 6532 6533 
1 2 0 6534 
1 2 0 6535 
1 2 0 6536 
2 2 0 6535 
3 2 6537 6538 
1 2 0 6539 
1 2 0 6540 
1 2 0 6541 
2 2 0 6540 
3 2 6542 6543 
1 2 0 6544 
2 2 0 6540 
2 2 0 6541 
3 3 6545 6546 6547 
1 2 0 6548 
1 2 0 6549 
2 2 0 6548 
3 2 6550 6551 
1 2 0 6552 
2 2 0 6549 
3 2 6553 6554 
1 2 0 6555 
1 2 0 6556 
1 2 0 6557 
1 2 0 6558 
1 2 0 6559 
1 2 0 6560 
2 2 0 6559 
3 2 6561 6562 
1 2 0 6563 
1 2 0 6564 
2 2 0 6559 
2 2 0 6563 
3 3 6565 6566 6567 
1 2 0 6568 
4 1 0 
4 2 0 6519 
4 2 0 6522 
4 2 0 6523 
4 2 0 6524 
4 2 0 6528 
4 2 0 6531 
4 2 0 6534 
4 2 0 6535 
4 2 0 6536 
4 2 0 6539 
4 2 0 6540 
4 2 0 6541 
4 2 0 6544 
4 2 0 6548 
4 2 0 6549 
4 2 0 6552 
4 2 0 6555 
4 2 0 6556 
4 2 0 6557 
4 2 0 6558 
4 2 0 6559 
4 2 0 6560 
4 2 0 6563 
4 2 0 6564 
4 2 0 6568 
4 2 0 6569 
1 1 0 
1 2 0 6597 
1 2 0 6598 
1 2 0 6599 
1 2 0 6600 
1 2 0 6601 
1 2 0 6602 
2 2 0 6601 
3 2 6603 6604 
1 2 0 6605 
1 2 0 6606 
1 2 0 6607 
2 2 0 6606 
3 2 6608 6609 
1 2 0 6610 
1 2 0 6611 
1 2 0 6612 
2 2 0 6611 
3 2 6613 6614 
1 2 0 6615 
1 2 0 6616 
2 2 0 6615 
3 2 6617 6618 
1 2 0 6619 
1 2 0 6620 
1 2 0 6621 
1 2 0 6622 
1 2 0 6623 
2 2 0 6622 
3 2 6624 6625 
1 2 0 6626 
1 2 0 6627 
1 2 0 6628 
2 2 0 6627 
3 2 6629 6630 
1 2 0 6631 
2 2 0 6628 
3 2 6632 6633 
1 2 0 6634 
2 2 0 6631 
3 2 6635 6636 
1 2 0 6637 
1 2 0 6638 
2 2 0 6637 
3 2 6639 6640 
1 2 0 6641 
1 2 0 6642 
1 2 0 6643 
2 2 0 6642 
3 2 6644 6645 
1 2 0 6646 
1 2 0 6647 
2 2 0 6646 
3 2 6648 6649 
1 2 0 6650 
1 2 0 6651 
2 2 0 6650 
3 2 6652 6653 
1 2 0 6654 
1 2 0 6655 
1 2 0 6656 
1 2 0 6657 
1 2 0 6658 
1 2 0 6659 
2 2 0 6657 
2 2 0 6658 
3 3 6660 6661 6662 
1 2 0 6663 
1 2 0 6664 
1 2 0 6665 
2 2 0 6664 
3 2 6666 6667 
1 2 0 6668 
1 2 0 6669 
1 2 0 6670 
2 2 0 6669 
3 2 6671 6672 
1 2 0 6673 
1 2 0 6674 
2 2 0 6673 
3 2 6675 6676 
1 2 0 6677 
2 2 0 6673 
2 2 0 6674 
3 3 6678 6679 6680 
1 2 0 6681 
2 2 0 6673 
2 2 0 6674 
2 2 0 6677 
3 4 6682 6683 6684 6685 
1 2 0 6686 
2 2 0 6674 
2 2 0 6677 
2 2 0 6681 
3 4 6687 6688 6689 6690 
1 2 0 6691 
2 2 0 6681 
2 2 0 6686 
3 3 6692 6693 6694 
1 2 0 6695 
1 2 0 6696 
1 2 0 6697 
1 2 0 6698 
2 2 0 6697 
3 2 6699 6700 
1 2 0 6701 
2 2 0 6698 
3 2 6702 6703 
1 2 0 6704 
1 2 0 6705 
1 2 0 6706 
2 2 0 6705 
3 2 6707 6708 
1 2 0 6709 
1 2 0 6710 
2 2 0 6709 
3 2 6711 6712 
1 2 0 6713 
1 2 0 6714 
2 2 0 6713 
3 2 6715 6716 
1 2 0 6717 
1 2 0 6718 
2 2 0 6717 
3 2 6719 6720 
1 2 0 6721 
1 2 0 6722 
1 2 0 6723 
2 2 0 6722 
3 2 6724 6725 
1 2 0 6726 
1 2 0 6727 
1 2 0 6728 
2 2 0 6727 
3 2 6729 6730 
1 2 0 6731 
1 2 0 6732 
1 2 0 6733 
1 2 0 6734 
1 2 0 6735 
1 2 0 6736 
1 2 0 6737 
1 2 0 6738 
1 2 0 6739 
1 2 0 6740 
2 2 0 6739 
3 2 6741 6742 
1 2 0 6743 
1 2 0 6744 
2 2 0 6743 
3 2 6745 6746 
1 2 0 6747 
1 2 0 6748 
1 2 0 6749 
1 2 0 6750 
1 2 0 6751 
1 2 0 6752 
1 2 0 6753 
2 2 0 6752 
3 2 6754 6755 
1 2 0 6756 
1 2 0 6757 
1 2 0 6758 
2 2 0 6757 
3 2 6759 6760 
1 2 0 6761 
1 2 0 6762 
2 2 0 6761 
3 2 6763 6764 
1 2 0 6765 
1 2 0 6766 
1 2 0 6767 
1 2 0 6768 
2 2 0 6767 
3 2 6769 6770 
1 2 0 6771 
4 1 0 
4 2 0 6597 
4 2 0 6598 
4 2 0 6599 
4 2 0 6600 
4 2 0 6601 
4 2 0 6602 
4 2 0 6605 
4 2 0 6606 
4 2 0 6607 
4 2 0 6610 
4 2 0 6611 
4 2 0 6612 
4 2 0 6615 
4 2 0 6616 
4 2 0 6619 
4 2 0 6620 
4 2 0 6621 
4 2 0 6622 
4 2 0 6623 
4 2 0 6626 
4 2 0 6627 
4 2 0 6628 
4 2 0 6631 
4 2 0 6634 
4 2 0 6637 
4 2 0 6638 
4 2 0 6641 
4 2 0 6642 
4 2 0 6643 
4 2 0 6646 
4 2 0 6647 
4 2 0 6650 
4 2 0 6651 
4 2 0 6654 
4 2 0 6655 
4 2 0 6656 
4 2 0 6657 
4 2 0 6658 
4 2 0 6659 
4 2 0 6663 
4 2 0 6664 
4 2 0 6665 
4 2 0 6668 
4 2 0 6669 
4 2 0 6670 
4 2 0 6673 
4 2 0 6674 
4 2 0 6677 
4 2 0 6681 
4 2 0 6686 
4 2 0 6691 
4 2 0 6695 
4 2 0 6696 
4 2 0 6697 
4 2 0 6698 
4 2 0 6701 
4 2 0 6704 
4 2 0 6705 
4 2 0 6706 
4 2 0 6709 
4 2 0 6710 
4 2 0 6713 
4 2 0 6714 
4 2 0 6717 
4 2 0 6718 
4 2 0 6721 
4 2 0 6722 
4 2 0 6723 
4 2 0 6726 
4 2 0 6727 
4 2 0 6728 
4 2 0 6731 
4 2 0 6732 
4 2 0 6733 
4 2 0 6734 
4 2 0 6735 
4 2 0 6736 
4 2 0 6737 
4 2 0 6738 
4 2 0 6739 
4 2 0 6740 
4 2 0 6743 
4 2 0 6744 
4 2 0 6747 
4 2 0 6748 
4 2 0 6749 
4 2 0 6750 
4 2 0 6751 
4 2 0 6752 
4 2 0 6753 
4 2 0 6756 
4 2 0 6757 
4 2 0 6758 
4 2 0 6761 
4 2 0 6762 
4 2 0 6765 
4 2 0 6766 
4 2 0 6767 
4 2 0 6768 
4 2 0 6771 
4 2 0 6772 
1 1 0 
1 2 0 6875 
2 1 0 
3 2 6876 6877 
1 2 0 6878 
1 2 0 6879 
1 2 0 6880 
1 2 0 6881 
1 2 0 6882 
2 2 0 6881 
3 2 6883 6884 
1 2 0 6885 
2 2 0 6881 
2 2 0 6882 
3 3 6886 6887 6888 
1 2 0 6889 
1 2 0 6890 
2 2 0 6889 
3 2 6891 6892 
1 2 0 6893 
1 2 0 6894 
1 2 0 6895 
2 2 0 6894 
3 2 6896 6897 
1 2 0 6898 
1 2 0 6899 
2 2 0 6898 
3 2 6900 6901 
1 2 0 6902 
1 2 0 6903 
1 2 0 6904 
1 2 0 6905 
1 2 0 6906 
2 2 0 6905 
3 2 6907 6908 
1 2 0 6909 
1 2 0 6910 
2 2 0 6909 
3 2 6911 6912 
1 2 0 6913 
2 2 0 6910 
3 2 6914 6915 
1 2 0 6916 
2 2 0 6913 
3 2 6917 6918 
1 2 0 6919 
1 2 0 6920 
2 2 0 6919 
3 2 6921 6922 
1 2 0 6923 
1 2 0 6924 
2 2 0 6923 
3 2 6925 6926 
1 2 0 6927 
4 1 0 
4 2 0 6875 
4 2 0 6878 
4 2 0 6879 
4 2 0 6880 
4 2 0 6881 
4 2 0 6882 
4 2 0 6885 
4 2 0 6889 
4 2 0 6890 
4 2 0 6893 
4 2 0 6894 
4 2 0 6895 
4 2 0 6898 
4 2 0 6899 
4 2 0 6902 
4 2 0 6903 
4 2 0 6904 
4 2 0 6905 
4 2 0 6906 
4 2 0 6909 
4 2 0 6910 
4 2 0 6913 
4 2 0 6916 
4 2 0 6919 
4 2 0 6920 
4 2 0 6923 
4 2 0 6924 
4 2 0 6927 
4 2 0 6928 
8 2479 121 122 123 124 125 126 127 128 129 130 131 132 133 134 135 136 137 138 139 140 141 142 143 144 145 146 147 148 149 150 151 152 153 154 155 156 157 158 159 160 161 162 163 164 165 166 167 168 169 170 171 172 173 174 175 176 177 178 229 230 231 232 233 234 235 236 237 238 239 240 241 242 243 244 245 246 247 248 249 250 251 252 253 254 328 329 330 331 332 333 334 335 336 337 338 339 340 341 342 343 344 345 346 347 348 349 350 351 352 353 354 355 356 357 358 359 360 361 362 363 398 399 400 401 402 403 404 405 406 407 408 409 410 411 412 413 414 423 424 425 426 427 510 511 512 513 514 515 516 517 518 519 520 521 522 523 524 525 526 527 528 529 530 531 532 533 534 535 536 537 538 539 540 541 542 543 544 545 546 547 548 549 550 551 601 602 603 604 605 606 607 608 609 610 611 612 613 614 615 616 617 618 619 620 621 622 683 684 685 686 687 688 689 690 691 692 693 694 695 696 697 698 699 700 701 702 703 704 705 706 707 708 709 710 711 712 713 714 715 716 717 718 719 720 721 761 762 763 764 765 766 767 768 769 770 771 772 773 774 775 776 777 778 779 780 781 782 783 784 785 786 812 813 814 815 816 817 818 819 820 821 822 823 824 825 826 827 883 884 885 886 887 888 889 890 891 892 893 894 895 896 897 898 899 900 901 902 903 904 905 906 907 908 909 910 911 912 1027 1028 1029 1030 1031 1032 1033 1034 1035 1036 1037 1038 1039 1040 1041 1042 1043 1044 1045 1046 1047 1048 1049 1050 1051 1052 1053 1054 1055 1056 1057 1058 1059 1060 1061 1062 1063 1064 1065 1066 1067 1068 1069 1070 1071 1072 1073 1074 1075 1076 1077 1078 1079 1080 1081 1082 1083 1084 1085 1086 1087 1088 1089 1136 1137 1138 1139 1140 1141 1142 1143 1144 1145 1146 1147 1148 1149 1150 1151 1152 1153 1154 1155 1156 1157 1158 1159 1160 1161 1162 1194 1195 1196 1197 1198 1199 1200 1201 1202 1203 1204 1205 1206 1207 1208 1209 1210 1211 1212 1307 1308 1309 1310 1311 1312 1313 1314 1315 1316 1317 1318 1319 1320 1321 1322 1323 1324 1325 1326 1327 1328 1329 1330 1331 1332 1333 1334 1335 1336 1337 1338 1339 1340 1341 1342 1343 1344 1345 1346 1347 1348 1349 1350 1351 1352 1353 1354 1355 1356 1357 1358 1359 1360 1361 1482 1483 1484 1485 1486 1487 1488 1489 1490 1491 1492 1493 1494 1495 1496 1497 1498 1499 1500 1501 1502 1503 1504 1505 1506 1507 1508 1509 1510 1511 1512 1513 1514 1515 1516 1517 1518 1519 1520 1521 1522 1523 1524 1525 1526 1527 1528 1529 1530 1531 1532 1533 1534 1535 1536 1537 1707 1708 1709 1710 1711 1712 1713 1714 1715 1716 1717 1718 1719 1720 1721 1722 1723 1724 1725 1726 1727 1728 1729 1730 1731 1732 1733 1734 1735 1736 1737 1738 1739 1740 1741 1742 1743 1744 1745 1746 1747 1748 1749 1750 1751 1752 1753 1754 1755 1756 1757 1758 1759 1760 1761 1762 1763 1764 1765 1766 1767 1768 1769 1770 1771 1772 1773 1774 1775 1776 1777 1778 1779 1780 1781 1782 1783 1784 1785 1786 1787 1788 1789 1790 1791 1792 1793 1794 1795 1796 1797 1798 1799 1902 1903 1904 1905 1906 1907 1908 1909 1910 1911 1912 1913 1914 1915 1916 1917 1918 1919 1920 1921 1922 1923 1924 1925 1926 1927 1928 1929 1930 1931 1932 1933 1934 1935 1936 1937 1938 1939 1940 1941 1942 1943 1944 1945 1946 1947 1948 1949 1950 1951 1952 1953 1954 1955 1956 1957 1958 2076 2077 2078 2079 2080 2081 2082 2083 2084 2085 2086 2087 2088 2089 2090 2091 2092 2093 2094 2095 2096 2097 2098 2099 2100 2101 2102 2103 2104 2105 2106 2107 2108 2109 2110 2111 2112 2113 2114 2115 2116 2117 2118 2119 2120 2121 2122 2123 2124 2162 2163 2164 2165 2166 2167 2168 2169 2170 2171 2172 2173 2174 2175 2176 2177 2178 2179 2201 2202 2203 2204 2205 2206 2207 2208 2209 2210 2323 2324 2325 2326 2327 2328 2329 2330 2331 2332 2333 2334 2335 2336 2337 2338 2339 2340 2341 2342 2343 2344 2345 2346 2347 2348 2349 2350 2351 2352 2353 2354 2355 2356 2357 2358 2359 2360 2361 2362 2363 2364 2365 2366 2367 2368 2369 2370 2460 2461 2462 2463 2464 2465 2466 2467 2468 2469 2470 2471 2472 2473 2474 2475 2476 2477 2478 2479 2480 2481 2482 2483 2484 2485 2486 2487 2488 2489 2490 2491 2492 2493 2494 2495 2496 2497 2498 2499 2500 2501 2502 2547 2548 2549 2550 2551 2552 2553 2554 2555 2556 2557 2558 2559 2560 2561 2562 2563 2564 2565 2566 2567 2568 2569 2570 2575 2576 2577 2578 2579 2679 2680 2681 2682 2683 2684 2685 2686 2687 2688 2689 2690 2691 2692 2693 2694 2695 2696 2697 2698 2699 2700 2701 2702 2703 2704 2705 2706 2707 2708 2709 2710 2711 2712 2713 2714 2715 2716 2717 2718 2719 2720 2721 2722 2723 2724 2725 2767 2768 2769 2770 2771 2772 2773 2774 2775 2776 2777 2778 2779 2780 2781 2782 2783 2784 2785 2786 2787 2788 2789 2806 2807 2808 2809 2810 2811 2812 2813 2876 2877 2878 2879 2880 2881 2882 2883 2884 2885 2886 2887 2888 2889 2890 2891 2892 2893 2894 2895 2896 2897 2898 2899 2900 2901 2902 2903 2926 2927 2928 2929 2930 2931 2932 2933 2934 2935 2948 2949 2950 2951 2952 2953 2954 2966 2967 2968 2969 2970 2971 2975 2976 2977 2978 3153 3154 3155 3156 3157 3158 3159 3160 3161 3162 3163 3164 3165 3166 3167 3168 3169 3170 3171 3172 3173 3174 3175 3176 3177 3178 3179 3180 3181 3182 3183 3184 3185 3186 3187 3188 3189 3190 3191 3192 3193 3194 3195 3196 3197 3198 3199 3200 3201 3202 3203 3204 3205 3206 3207 3208 3209 3210 3211 3212 3213 3214 3215 3216 3217 3218 3219 3220 3221 3222 3223 3224 3225 3226 3227 3228 3229 3230 3231 3232 3233 3234 3235 3236 3237 3238 3239 3240 3241 3242 3243 3244 3245 3246 3247 3248 3249 3357 3358 3359 3360 3361 3362 3363 3364 3365 3366 3367 3368 3369 3370 3371 3372 3373 3374 3375 3376 3377 3378 3379 3380 3381 3382 3383 3384 3385 3386 3387 3388 3389 3390 3391 3392 3393 3394 3395 3396 3397 3398 3399 3400 3401 3402 3403 3404 3405 3406 3407 3408 3409 3410 3411 3412 3413 3414 3415 3512 3513 3514 3515 3516 3517 3518 3519 3520 3521 3522 3523 3524 3525 3526 3527 3528 3529 3530 3531 3532 3533 3534 3535 3536 3537 3538 3539 3540 3541 3542 3543 3544 3545 3546 3547 3548 3549 3550 3551 3552 3553 3554 3555 3556 3557 3558 3559 3560 3561 3562 3563 3564 3565 3566 3634 3635 3636 3637 3638 3639 3640 3641 3642 3643 3644 3645 3646 3647 3648 3649 3650 3651 3652 3653 3654 3655 3656 3657 3658 3659 3660 3661 3662 3663 3664 3665 3666 3667 3736 3737 3738 3739 3740 3741 3742 3743 3744 3745 3746 3747 3748 3749 3750 3751 3752 3753 3754 3755 3756 3757 3758 3759 3760 3761 3762 3763 3764 3765 3766 3767 3768 3769 3770 3771 3772 3773 3808 3809 3810 3811 3812 3813 3814 3815 3816 3817 3818 3819 3820 3821 3822 3823 3824 3825 3826 3827 3828 3961 3962 3963 3964 3965 3966 3967 3968 3969 3970 3971 3972 3973 3974 3975 3976 3977 3978 3979 3980 3981 3982 3983 3984 3985 3986 3987 3988 3989 3990 3991 3992 3993 3994 3995 3996 3997 3998 3999 4000 4001 4002 4003 4004 4005 4006 4007 4008 4009 4010 4011 4012 4013 4014 4015 4016 4017 4018 4019 4020 4021 4022 4023 4024 4025 4026 4027 4028 4029 4030 4031 4032 4033 4034 4217 4218 4219 4220 4221 4222 4223 4224 4225 4226 4227 4228 4229 4230 4231 4232 4233 4234 4235 4236 4237 4238 4239 4240 4241 4242 4243 4244 4245 4246 4247 4248 4249 4250 4251 4252 4253 4254 4255 4256 4257 4258 4259 4260 4261 4262 4263 4264 4265 4266 4267 4268 4269 4270 4271 4272 4273 4274 4275 4276 4277 4278 4279 4280 4281 4282 4283 4284 4285 4286 4287 4288 4289 4290 4291 4292 4293 4294 4295 4296 4297 4298 4299 4300 4301 4302 4303 4304 4305 4306 4307 4308 4309 4325 4326 4327 4328 4329 4330 4331 4332 4333 4334 4361 4362 4363 4364 4365 4366 4367 4368 4369 4370 4371 4372 4373 4374 4375 4376 4377 4378 4379 4396 4397 4398 4399 4400 4401 4402 4403 4404 4405 4406 4453 4454 4455 4456 4457 4458 4459 4460 4461 4462 4463 4464 4465 4466 4467 4468 4469 4470 4471 4472 4473 4474 4475 4476 4477 4478 4479 4480 4481 4606 4607 4608 4609 4610 4611 4612 4613 4614 4615 4616 4617 4618 4619 4620 4621 4622 4623 4624 4625 4626 4627 4628 4629 4630 4631 4632 4633 4634 4635 4636 4637 4638 4639 4640 4641 4642 4643 4644 4645 4646 4647 4648 4649 4650 4651 4652 4653 4654 4655 4656 4657 4658 4659 4660 4661 4662 4663 4664 4665 4666 4667 4668 4669 4670 4671 4672 4673 4674 4675 4676 4677 4678 4679 4680 4681 4682 4683 4684 4737 4738 4739 4740 4741 4742 4743 4744 4745 4746 4747 4748 4749 4750 4751 4752 4753 4754 4755 4756 4757 4758 4759 4760 4761 4762 4763 4764 4765 4792 4793 4794 4795 4796 4797 4798 4799 4800 4801 4802 4803 4804 4805 4806 4807 4808 4854 4855 4856 4857 4858 4859 4860 4861 4862 4863 4864 4865 4866 4867 4868 4869 4870 4871 4872 4873 4874 4875 4876 4877 4878 4879 4880 4881 4882 4883 4915 4916 4917 4918 4919 4920 4921 4922 4923 4924 4925 4926 4927 4928 4929 4930 4931 4932 5106 5107 5108 5109 5110 5111 5112 5113 5114 5115 5116 5117 5118 5119 5120 5121 5122 5123 5124 5125 5126 5127 5128 5129 5130 5131 5132 5133 5134 5135 5136 5137 5138 5139 5140 5141 5142 5143 5144 5145 5146 5147 5148 5149 5150 5151 5152 5153 5154 5155 5156 5157 5158 5159 5160 5161 5162 5163 5164 5165 5166 5167 5168 5169 5170 5171 5172 5173 5174 5175 5176 5177 5178 5179 5180 5181 5182 5183 5184 5185 5186 5187 5188 5189 5190 5191 5192 5193 5194 5195 5196 5197 5198 5199 5200 5201 5202 5203 5204 5205 5206 5207 5208 5241 5242 5243 5244 5245 5246 5247 5248 5249 5250 5251 5252 5253 5254 5255 5256 5257 5258 5259 5260 5261 5296 5297 5298 5299 5300 5301 5302 5303 5304 5305 5306 5307 5308 5309 5310 5311 5312 5313 5314 5315 5316 5365 5366 5367 5368 5369 5370 5371 5372 5373 5374 5375 5376 5377 5378 5379 5380 5381 5382 5383 5384 5385 5386 5387 5388 5389 5390 5391 5392 5393 5394 5395 5475 5476 5477 5478 5479 5480 5481 5482 5483 5484 5485 5486 5487 5488 5489 5490 5491 5492 5493 5494 5495 5496 5497 5498 5499 5500 5501 5502 5503 5504 5505 5506 5507 5508 5509 5510 5511 5512 5513 5514 5515 5516 5517 5593 5594 5595 5596 5597 5598 5599 5600 5601 5602 5603 5604 5605 5606 5607 5608 5609 5610 5611 5612 5613 5614 5615 5616 5617 5618 5619 5620 5621 5622 5623 5624 5625 5626 5627 5628 5629 5630 5631 5632 5633 5634 5769 5770 5771 5772 5773 5774 5775 5776 5777 5778 5779 5780 5781 5782 5783 5784 5785 5786 5787 5788 5789 5790 5791 5792 5793 5794 5795 5796 5797 5798 5799 5800 5801 5802 5803 5804 5805 5806 5807 5808 5809 5810 5811 5812 5813 5814 5815 5816 5817 5818 5819 5820 5821 5822 5823 5824 5825 5826 5827 5828 5829 5830 5831 5832 5833 5834 5835 5836 5837 5838 5839 5840 5841 5842 5843 5844 5845 5846 5847 5848 5849 5850 5851 5852 5853 5854 5930 5931 5932 5933 5934 5935 5936 5937 5938 5939 5940 5941 5942 5943 5944 5945 5946 5947 5948 5949 5950 5951 5952 5953 5954 5955 5956 5957 5958 5959 5960 5961 5962 5963 5964 5965 5966 5967 5968 5969 5970 5971 6045 6046 6047 6048 6049 6050 6051 6052 6053 6054 6055 6056 6057 6058 6059 6060 6061 6062 6063 6064 6065 6066 6067 6068 6069 6070 6071 6072 6073 6074 6075 6076 6077 6078 6079 6080 6081 6082 6083 6084 6085 6198 6199 6200 6201 6202 6203 6204 6205 6206 6207 6208 6209 6210 6211 6212 6213 6214 6215 6216 6217 6218 6219 6220 6221 6222 6223 6224 6225 6226 6227 6228 6229 6230 6231 6232 6233 6234 6235 6236 6237 6238 6239 6240 6241 6242 6243 6244 6245 6246 6247 6248 6249 6250 6251 6252 6253 6254 6255 6256 6257 6258 6259 6260 6261 6262 6263 6264 6426 6427 6428 6429 6430 6431 6432 6433 6434 6435 6436 6437 6438 6439 6440 6441 6442 6443 6444 6445 6446 6447 6448 6449 6450 6451 6452 6453 6454 6455 6456 6457 6458 6459 6460 6461 6462 6463 6464 6465 6466 6467 6468 6469 6470 6471 6472 6473 6474 6475 6476 6477 6478 6479 6480 6481 6482 6483 6484 6485 6486 6487 6488 6489 6490 6491 6492 6493 6494 6495 6496 6497 6498 6499 6500 6501 6502 6503 6504 6505 6506 6507 6508 6509 6510 6511 6512 6513 6514 6515 6516 6517 6518 6570 6571 6572 6573 6574 6575 6576 6577 6578 6579 6580 6581 6582 6583 6584 6585 6586 6587 6588 6589 6590 6591 6592 6593 6594 6595 6596 6773 6774 6775 6776 6777 6778 6779 6780 6781 6782 6783 6784 6785 6786 6787 6788 6789 6790 6791 6792 6793 6794 6795 6796 6797 6798 6799 6800 6801 6802 6803 6804 6805 6806 6807 6808 6809 6810 6811 6812 6813 6814 6815 6816 6817 6818 6819 6820 6821 6822 6823 6824 6825 6826 6827 6828 6829 6830 6831 6832 6833 6834 6835 6836 6837 6838 6839 6840 6841 6842 6843 6844 6845 6846 6847 6848 6849 6850 6851 6852 6853 6854 6855 6856 6857 6858 6859 6860 6861 6862 6863 6864 6865 6866 6867 6868 6869 6870 6871 6872 6873 6874 6929 6930 6931 6932 6933 6934 6935 6936 6937 6938 6939 6940 6941 6942 6943 6944 6945 6946 6947 6948 6949 6950 6951 6952 6953 6954 6955 6956 6957 6958 
