6934
0 0 
1 1 0 
1 2 0 1 
1 2 0 2 
2 2 0 1 
3 2 3 4 
1 2 0 5 
1 2 0 6 
2 2 0 5 
3 2 7 8 
1 2 0 9 
1 2 0 10 
1 2 0 11 
2 2 0 10 
3 2 12 13 
1 2 0 14 
2 2 0 11 
3 2 15 16 
1 2 0 17 
2 2 0 14 
3 2 18 19 
1 2 0 20 
2 2 0 14 
3 2 21 22 
1 2 0 23 
1 2 0 24 
2 2 0 23 
3 2 25 26 
1 2 0 27 
1 2 0 28 
2 2 0 27 
3 2 29 30 
1 2 0 31 
1 2 0 32 
2 2 0 31 
3 2 33 34 
1 2 0 35 
1 2 0 36 
1 2 0 37 
1 2 0 38 
1 2 0 39 
2 2 0 38 
3 2 40 41 
1 2 0 42 
2 2 0 38 
2 2 0 39 
3 3 43 44 45 
1 2 0 46 
2 2 0 42 
3 2 47 48 
1 2 0 49 
2 2 0 46 
3 2 50 51 
1 2 0 52 
1 2 0 53 
1 2 0 54 
2 2 0 53 
3 2 55 56 
1 2 0 57 
2 2 0 54 
3 2 58 59 
1 2 0 60 
1 2 0 61 
1 2 0 62 
2 2 0 61 
3 2 63 64 
1 2 0 65 
1 2 0 66 
1 2 0 67 
2 2 0 66 
3 2 68 69 
1 2 0 70 
2 2 0 67 
3 2 71 72 
1 2 0 73 
1 2 0 74 
2 2 0 73 
3 2 75 76 
1 2 0 77 
1 2 0 78 
2 2 0 77 
3 2 79 80 
1 2 0 81 
4 1 0 
4 2 0 1 
4 2 0 2 
4 2 0 5 
4 2 0 6 
4 2 0 9 
4 2 0 10 
4 2 0 11 
4 2 0 14 
4 2 0 17 
4 2 0 20 
4 2 0 23 
4 2 0 24 
4 2 0 27 
4 2 0 28 
4 2 0 31 
4 2 0 32 
4 2 0 35 
4 2 0 36 
4 2 0 37 
4 2 0 38 
4 2 0 39 
4 2 0 42 
4 2 0 46 
4 2 0 49 
4 2 0 52 
4 2 0 53 
4 2 0 54 
4 2 0 57 
4 2 0 60 
4 2 0 61 
4 2 0 62 
4 2 0 65 
4 2 0 66 
4 2 0 67 
4 2 0 70 
4 2 0 73 
4 2 0 74 
4 2 0 77 
4 2 0 78 
4 2 0 81 
4 2 0 82 
1 1 0 
1 2 0 125 
2 1 0 
3 2 126 127 
1 2 0 128 
1 2 0 129 
1 2 0 130 
1 2 0 131 
1 2 0 132 
2 2 0 131 
3 2 133 134 
1 2 0 135 
2 2 0 131 
2 2 0 132 
3 3 136 137 138 
1 2 0 139 
1 2 0 140 
2 2 0 139 
3 2 141 142 
1 2 0 143 
2 2 0 139 
3 2 144 145 
1 2 0 146 
1 2 0 147 
2 2 0 146 
3 2 148 149 
1 2 0 150 
2 2 0 146 
3 2 151 152 
1 2 0 153 
2 2 0 146 
3 2 154 155 
1 2 0 156 
2 2 0 153 
3 2 157 158 
1 2 0 159 
2 2 0 156 
3 2 160 161 
1 2 0 162 
2 2 0 156 
2 2 0 159 
3 3 163 164 165 
1 2 0 166 
2 2 0 162 
3 2 167 168 
1 2 0 169 
2 2 0 166 
3 2 170 171 
1 2 0 172 
4 1 0 
4 2 0 125 
4 2 0 128 
4 2 0 129 
4 2 0 130 
4 2 0 131 
4 2 0 132 
4 2 0 135 
4 2 0 139 
4 2 0 140 
4 2 0 143 
4 2 0 146 
4 2 0 147 
4 2 0 150 
4 2 0 153 
4 2 0 156 
4 2 0 159 
4 2 0 162 
4 2 0 166 
4 2 0 169 
4 2 0 172 
4 2 0 173 
1 1 0 
1 2 0 196 
1 2 0 197 
1 2 0 198 
1 2 0 199 
1 2 0 200 
1 2 0 201 
1 2 0 202 
2 2 0 201 
3 2 203 204 
1 2 0 205 
1 2 0 206 
1 2 0 207 
1 2 0 208 
1 2 0 209 
1 2 0 210 
1 2 0 211 
1 2 0 212 
2 2 0 211 
3 2 213 214 
1 2 0 215 
1 2 0 216 
1 2 0 217 
1 2 0 218 
1 2 0 219 
2 2 0 218 
3 2 220 221 
1 2 0 222 
1 2 0 223 
2 2 0 222 
3 2 224 225 
1 2 0 226 
1 2 0 227 
1 2 0 228 
2 2 0 227 
3 2 229 230 
1 2 0 231 
1 2 0 232 
2 2 0 231 
3 2 233 234 
1 2 0 235 
1 2 0 236 
2 2 0 235 
3 2 237 238 
1 2 0 239 
1 2 0 240 
1 2 0 241 
2 2 0 240 
3 2 242 243 
1 2 0 244 
2 2 0 241 
3 2 245 246 
1 2 0 247 
2 2 0 244 
3 2 248 249 
1 2 0 250 
1 2 0 251 
2 2 0 250 
3 2 252 253 
1 2 0 254 
4 1 0 
4 2 0 196 
4 2 0 197 
4 2 0 198 
4 2 0 199 
4 2 0 200 
4 2 0 201 
4 2 0 202 
4 2 0 205 
4 2 0 206 
4 2 0 207 
4 2 0 208 
4 2 0 209 
4 2 0 210 
4 2 0 211 
4 2 0 212 
4 2 0 215 
4 2 0 216 
4 2 0 217 
4 2 0 218 
4 2 0 219 
4 2 0 222 
4 2 0 223 
4 2 0 226 
4 2 0 227 
4 2 0 228 
4 2 0 231 
4 2 0 232 
4 2 0 235 
4 2 0 236 
4 2 0 239 
4 2 0 240 
4 2 0 241 
4 2 0 244 
4 2 0 247 
4 2 0 250 
4 2 0 251 
4 2 0 254 
4 2 0 255 
1 1 0 
1 2 0 295 
2 1 0 
3 2 296 297 
1 2 0 298 
1 2 0 299 
1 2 0 300 
2 2 0 299 
3 2 301 302 
1 2 0 303 
2 2 0 300 
3 2 304 305 
1 2 0 306 
1 2 0 307 
1 2 0 308 
1 2 0 309 
1 2 0 310 
1 2 0 311 
2 2 0 310 
3 2 312 313 
1 2 0 314 
2 2 0 311 
3 2 315 316 
1 2 0 317 
1 2 0 318 
1 2 0 319 
2 2 0 318 
3 2 320 321 
1 2 0 322 
1 2 0 323 
1 2 0 324 
2 2 0 323 
3 2 325 326 
1 2 0 327 
1 2 0 328 
1 2 0 329 
1 2 0 330 
1 2 0 331 
1 2 0 332 
4 1 0 
4 2 0 295 
4 2 0 298 
4 2 0 299 
4 2 0 300 
4 2 0 303 
4 2 0 306 
4 2 0 307 
4 2 0 308 
4 2 0 309 
4 2 0 310 
4 2 0 311 
4 2 0 314 
4 2 0 317 
4 2 0 318 
4 2 0 319 
4 2 0 322 
4 2 0 323 
4 2 0 324 
4 2 0 327 
4 2 0 328 
4 2 0 329 
4 2 0 330 
4 2 0 331 
4 2 0 332 
4 2 0 333 
1 1 0 
1 2 0 360 
2 1 0 
3 2 361 362 
1 2 0 363 
1 2 0 364 
1 2 0 365 
1 2 0 366 
2 2 0 365 
3 2 367 368 
1 2 0 369 
1 2 0 370 
2 2 0 369 
3 2 371 372 
1 2 0 373 
1 2 0 374 
1 2 0 375 
2 2 0 374 
3 2 376 377 
1 2 0 378 
1 2 0 379 
2 2 0 378 
3 2 380 381 
1 2 0 382 
1 2 0 383 
4 1 0 
4 2 0 360 
4 2 0 363 
4 2 0 364 
4 2 0 365 
4 2 0 366 
4 2 0 369 
4 2 0 370 
4 2 0 373 
4 2 0 374 
4 2 0 375 
4 2 0 378 
4 2 0 379 
4 2 0 382 
4 2 0 383 
4 2 0 384 
1 1 0 
1 2 0 401 
2 1 0 
3 2 402 403 
1 2 0 404 
1 2 0 405 
2 2 0 404 
3 2 406 407 
1 2 0 408 
1 2 0 409 
2 2 0 408 
3 2 410 411 
1 2 0 412 
1 2 0 413 
1 2 0 414 
2 2 0 413 
3 2 415 416 
1 2 0 417 
1 2 0 418 
1 2 0 419 
2 2 0 418 
3 2 420 421 
1 2 0 422 
2 2 0 419 
3 2 423 424 
1 2 0 425 
2 2 0 422 
3 2 426 427 
1 2 0 428 
2 2 0 425 
3 2 429 430 
1 2 0 431 
1 2 0 432 
1 2 0 433 
2 2 0 432 
3 2 434 435 
1 2 0 436 
1 2 0 437 
1 2 0 438 
2 2 0 437 
3 2 439 440 
1 2 0 441 
2 2 0 438 
3 2 442 443 
1 2 0 444 
1 2 0 445 
1 2 0 446 
1 2 0 447 
2 2 0 446 
3 2 448 449 
1 2 0 450 
1 2 0 451 
2 2 0 450 
3 2 452 453 
1 2 0 454 
4 1 0 
4 2 0 401 
4 2 0 404 
4 2 0 405 
4 2 0 408 
4 2 0 409 
4 2 0 412 
4 2 0 413 
4 2 0 414 
4 2 0 417 
4 2 0 418 
4 2 0 419 
4 2 0 422 
4 2 0 425 
4 2 0 428 
4 2 0 431 
4 2 0 432 
4 2 0 433 
4 2 0 436 
4 2 0 437 
4 2 0 438 
4 2 0 441 
4 2 0 444 
4 2 0 445 
4 2 0 446 
4 2 0 447 
4 2 0 450 
4 2 0 451 
4 2 0 454 
4 2 0 455 
1 1 0 
1 2 0 486 
2 1 0 
3 2 487 488 
1 2 0 489 
1 2 0 490 
1 2 0 491 
2 2 0 490 
3 2 492 493 
1 2 0 494 
2 2 0 491 
3 2 495 496 
1 2 0 497 
1 2 0 498 
1 2 0 499 
2 2 0 498 
3 2 500 501 
1 2 0 502 
1 2 0 503 
1 2 0 504 
1 2 0 505 
1 2 0 506 
1 2 0 507 
1 2 0 508 
2 2 0 507 
3 2 509 510 
1 2 0 511 
1 2 0 512 
2 2 0 511 
3 2 513 514 
1 2 0 515 
1 2 0 516 
2 2 0 515 
3 2 517 518 
1 2 0 519 
1 2 0 520 
2 2 0 519 
3 2 521 522 
1 2 0 523 
1 2 0 524 
2 2 0 523 
3 2 525 526 
1 2 0 527 
2 2 0 524 
3 2 528 529 
1 2 0 530 
2 2 0 527 
3 2 531 532 
1 2 0 533 
2 2 0 527 
2 2 0 530 
3 3 534 535 536 
1 2 0 537 
1 2 0 538 
1 2 0 539 
1 2 0 540 
1 2 0 541 
1 2 0 542 
1 2 0 543 
2 2 0 542 
3 2 544 545 
1 2 0 546 
1 2 0 547 
1 2 0 548 
1 2 0 549 
2 2 0 548 
3 2 550 551 
1 2 0 552 
1 2 0 553 
2 2 0 552 
3 2 554 555 
1 2 0 556 
2 2 0 552 
3 2 557 558 
1 2 0 559 
2 2 0 552 
2 2 0 556 
3 3 560 561 562 
1 2 0 563 
1 2 0 564 
1 2 0 565 
1 2 0 566 
1 2 0 567 
2 2 0 566 
3 2 568 569 
1 2 0 570 
1 2 0 571 
2 2 0 570 
3 2 572 573 
1 2 0 574 
1 2 0 575 
2 2 0 574 
3 2 576 577 
1 2 0 578 
1 2 0 579 
1 2 0 580 
1 2 0 581 
2 2 0 580 
3 2 582 583 
1 2 0 584 
2 2 0 580 
3 2 585 586 
1 2 0 587 
1 2 0 588 
1 2 0 589 
2 2 0 588 
3 2 590 591 
1 2 0 592 
2 2 0 589 
3 2 593 594 
1 2 0 595 
2 2 0 592 
3 2 596 597 
1 2 0 598 
4 1 0 
4 2 0 486 
4 2 0 489 
4 2 0 490 
4 2 0 491 
4 2 0 494 
4 2 0 497 
4 2 0 498 
4 2 0 499 
4 2 0 502 
4 2 0 503 
4 2 0 504 
4 2 0 505 
4 2 0 506 
4 2 0 507 
4 2 0 508 
4 2 0 511 
4 2 0 512 
4 2 0 515 
4 2 0 516 
4 2 0 519 
4 2 0 520 
4 2 0 523 
4 2 0 524 
4 2 0 527 
4 2 0 530 
4 2 0 533 
4 2 0 537 
4 2 0 538 
4 2 0 539 
4 2 0 540 
4 2 0 541 
4 2 0 542 
4 2 0 543 
4 2 0 546 
4 2 0 547 
4 2 0 548 
4 2 0 549 
4 2 0 552 
4 2 0 553 
4 2 0 556 
4 2 0 559 
4 2 0 563 
4 2 0 564 
4 2 0 565 
4 2 0 566 
4 2 0 567 
4 2 0 570 
4 2 0 571 
4 2 0 574 
4 2 0 575 
4 2 0 578 
4 2 0 579 
4 2 0 580 
4 2 0 581 
4 2 0 584 
4 2 0 587 
4 2 0 588 
4 2 0 589 
4 2 0 592 
4 2 0 595 
4 2 0 598 
4 2 0 599 
1 1 0 
1 2 0 663 
1 2 0 664 
1 2 0 665 
2 2 0 664 
3 2 666 667 
1 2 0 668 
2 2 0 664 
3 2 669 670 
1 2 0 671 
2 2 0 668 
3 2 672 673 
1 2 0 674 
1 2 0 675 
1 2 0 676 
1 2 0 677 
2 2 0 676 
3 2 678 679 
1 2 0 680 
1 2 0 681 
2 2 0 680 
3 2 682 683 
1 2 0 684 
1 2 0 685 
1 2 0 686 
1 2 0 687 
2 2 0 686 
3 2 688 689 
1 2 0 690 
1 2 0 691 
2 2 0 690 
3 2 692 693 
1 2 0 694 
1 2 0 695 
1 2 0 696 
1 2 0 697 
2 2 0 696 
3 2 698 699 
1 2 0 700 
1 2 0 701 
2 2 0 700 
3 2 702 703 
1 2 0 704 
2 2 0 701 
3 2 705 706 
1 2 0 707 
4 1 0 
4 2 0 663 
4 2 0 664 
4 2 0 665 
4 2 0 668 
4 2 0 671 
4 2 0 674 
4 2 0 675 
4 2 0 676 
4 2 0 677 
4 2 0 680 
4 2 0 681 
4 2 0 684 
4 2 0 685 
4 2 0 686 
4 2 0 687 
4 2 0 690 
4 2 0 691 
4 2 0 694 
4 2 0 695 
4 2 0 696 
4 2 0 697 
4 2 0 700 
4 2 0 701 
4 2 0 704 
4 2 0 707 
4 2 0 708 
1 1 0 
1 2 0 736 
1 2 0 737 
1 2 0 738 
1 2 0 739 
2 2 0 738 
3 2 740 741 
1 2 0 742 
1 2 0 743 
1 2 0 744 
2 2 0 743 
3 2 745 746 
1 2 0 747 
1 2 0 748 
2 2 0 747 
3 2 749 750 
1 2 0 751 
1 2 0 752 
2 2 0 747 
2 2 0 751 
3 3 753 754 755 
1 2 0 756 
1 2 0 757 
2 2 0 756 
3 2 758 759 
1 2 0 760 
1 2 0 761 
1 2 0 762 
2 2 0 761 
3 2 763 764 
1 2 0 765 
4 1 0 
4 2 0 736 
4 2 0 737 
4 2 0 738 
4 2 0 739 
4 2 0 742 
4 2 0 743 
4 2 0 744 
4 2 0 747 
4 2 0 748 
4 2 0 751 
4 2 0 752 
4 2 0 756 
4 2 0 757 
4 2 0 760 
4 2 0 761 
4 2 0 762 
4 2 0 765 
4 2 0 766 
1 1 0 
1 2 0 786 
1 2 0 787 
1 2 0 788 
2 2 0 787 
3 2 789 790 
1 2 0 791 
1 2 0 792 
2 2 0 791 
3 2 793 794 
1 2 0 795 
1 2 0 796 
1 2 0 797 
1 2 0 798 
1 2 0 799 
1 2 0 800 
2 2 0 799 
3 2 801 802 
1 2 0 803 
1 2 0 804 
2 2 0 803 
3 2 805 806 
1 2 0 807 
1 2 0 808 
2 2 0 807 
3 2 809 810 
1 2 0 811 
1 2 0 812 
2 2 0 811 
3 2 813 814 
1 2 0 815 
1 2 0 816 
2 2 0 815 
3 2 817 818 
1 2 0 819 
1 2 0 820 
2 2 0 819 
3 2 821 822 
1 2 0 823 
1 2 0 824 
1 2 0 825 
1 2 0 826 
2 2 0 825 
3 2 827 828 
1 2 0 829 
1 2 0 830 
2 2 0 829 
3 2 831 832 
1 2 0 833 
2 2 0 830 
3 2 834 835 
1 2 0 836 
2 2 0 833 
3 2 837 838 
1 2 0 839 
1 2 0 840 
1 2 0 841 
2 2 0 840 
3 2 842 843 
1 2 0 844 
1 2 0 845 
2 2 0 844 
3 2 846 847 
1 2 0 848 
2 2 0 844 
3 2 849 850 
1 2 0 851 
1 2 0 852 
1 2 0 853 
2 2 0 852 
3 2 854 855 
1 2 0 856 
1 2 0 857 
1 2 0 858 
2 2 0 857 
3 2 859 860 
1 2 0 861 
1 2 0 862 
1 2 0 863 
2 2 0 862 
3 2 864 865 
1 2 0 866 
1 2 0 867 
1 2 0 868 
2 2 0 867 
3 2 869 870 
1 2 0 871 
1 2 0 872 
1 2 0 873 
2 2 0 872 
3 2 874 875 
1 2 0 876 
1 2 0 877 
1 2 0 878 
4 1 0 
4 2 0 786 
4 2 0 787 
4 2 0 788 
4 2 0 791 
4 2 0 792 
4 2 0 795 
4 2 0 796 
4 2 0 797 
4 2 0 798 
4 2 0 799 
4 2 0 800 
4 2 0 803 
4 2 0 804 
4 2 0 807 
4 2 0 808 
4 2 0 811 
4 2 0 812 
4 2 0 815 
4 2 0 816 
4 2 0 819 
4 2 0 820 
4 2 0 823 
4 2 0 824 
4 2 0 825 
4 2 0 826 
4 2 0 829 
4 2 0 830 
4 2 0 833 
4 2 0 836 
4 2 0 839 
4 2 0 840 
4 2 0 841 
4 2 0 844 
4 2 0 845 
4 2 0 848 
4 2 0 851 
4 2 0 852 
4 2 0 853 
4 2 0 856 
4 2 0 857 
4 2 0 858 
4 2 0 861 
4 2 0 862 
4 2 0 863 
4 2 0 866 
4 2 0 867 
4 2 0 868 
4 2 0 871 
4 2 0 872 
4 2 0 873 
4 2 0 876 
4 2 0 877 
4 2 0 878 
4 2 0 879 
1 1 0 
1 2 0 935 
2 1 0 
3 2 936 937 
1 2 0 938 
2 1 0 
2 2 0 935 
3 3 939 940 941 
1 2 0 942 
2 2 0 938 
3 2 943 944 
1 2 0 945 
1 2 0 946 
2 2 0 945 
3 2 947 948 
1 2 0 949 
1 2 0 950 
2 2 0 949 
3 2 951 952 
1 2 0 953 
2 2 0 950 
3 2 954 955 
1 2 0 956 
1 2 0 957 
1 2 0 958 
1 2 0 959 
2 2 0 958 
3 2 960 961 
1 2 0 962 
2 2 0 959 
3 2 963 964 
1 2 0 965 
2 2 0 962 
3 2 966 967 
1 2 0 968 
1 2 0 969 
1 2 0 970 
2 2 0 969 
3 2 971 972 
1 2 0 973 
2 2 0 969 
2 2 0 970 
3 3 974 975 976 
1 2 0 977 
1 2 0 978 
1 2 0 979 
1 2 0 980 
2 2 0 979 
3 2 981 982 
1 2 0 983 
1 2 0 984 
2 2 0 983 
3 2 985 986 
1 2 0 987 
2 2 0 983 
2 2 0 984 
3 3 988 989 990 
1 2 0 991 
1 2 0 992 
1 2 0 993 
2 2 0 992 
3 2 994 995 
1 2 0 996 
1 2 0 997 
1 2 0 998 
1 2 0 999 
2 2 0 998 
3 2 1000 1001 
1 2 0 1002 
2 2 0 999 
3 2 1003 1004 
1 2 0 1005 
1 2 0 1006 
1 2 0 1007 
2 2 0 1006 
3 2 1008 1009 
1 2 0 1010 
2 2 0 1007 
3 2 1011 1012 
1 2 0 1013 
2 2 0 1010 
3 2 1014 1015 
1 2 0 1016 
2 2 0 1013 
3 2 1017 1018 
1 2 0 1019 
1 2 0 1020 
2 2 0 1013 
2 2 0 1019 
3 3 1021 1022 1023 
1 2 0 1024 
2 2 0 1020 
3 2 1025 1026 
1 2 0 1027 
2 2 0 1024 
3 2 1028 1029 
1 2 0 1030 
2 2 0 1027 
3 2 1031 1032 
1 2 0 1033 
2 2 0 1030 
3 2 1034 1035 
1 2 0 1036 
2 2 0 1033 
3 2 1037 1038 
1 2 0 1039 
1 2 0 1040 
1 2 0 1041 
2 2 0 1040 
3 2 1042 1043 
1 2 0 1044 
1 2 0 1045 
2 2 0 1040 
2 2 0 1044 
3 3 1046 1047 1048 
1 2 0 1049 
1 2 0 1050 
2 2 0 1049 
3 2 1051 1052 
1 2 0 1053 
4 1 0 
4 2 0 935 
4 2 0 938 
4 2 0 942 
4 2 0 945 
4 2 0 946 
4 2 0 949 
4 2 0 950 
4 2 0 953 
4 2 0 956 
4 2 0 957 
4 2 0 958 
4 2 0 959 
4 2 0 962 
4 2 0 965 
4 2 0 968 
4 2 0 969 
4 2 0 970 
4 2 0 973 
4 2 0 977 
4 2 0 978 
4 2 0 979 
4 2 0 980 
4 2 0 983 
4 2 0 984 
4 2 0 987 
4 2 0 991 
4 2 0 992 
4 2 0 993 
4 2 0 996 
4 2 0 997 
4 2 0 998 
4 2 0 999 
4 2 0 1002 
4 2 0 1005 
4 2 0 1006 
4 2 0 1007 
4 2 0 1010 
4 2 0 1013 
4 2 0 1016 
4 2 0 1019 
4 2 0 1020 
4 2 0 1024 
4 2 0 1027 
4 2 0 1030 
4 2 0 1033 
4 2 0 1036 
4 2 0 1039 
4 2 0 1040 
4 2 0 1041 
4 2 0 1044 
4 2 0 1045 
4 2 0 1049 
4 2 0 1050 
4 2 0 1053 
4 2 0 1054 
1 1 0 
1 2 0 1111 
1 2 0 1112 
1 2 0 1113 
1 2 0 1114 
1 2 0 1115 
2 2 0 1114 
3 2 1116 1117 
1 2 0 1118 
1 2 0 1119 
1 2 0 1120 
2 2 0 1119 
3 2 1121 1122 
1 2 0 1123 
2 2 0 1120 
3 2 1124 1125 
1 2 0 1126 
2 2 0 1123 
3 2 1127 1128 
1 2 0 1129 
1 2 0 1130 
1 2 0 1131 
1 2 0 1132 
2 2 0 1131 
3 2 1133 1134 
1 2 0 1135 
1 2 0 1136 
1 2 0 1137 
2 2 0 1136 
3 2 1138 1139 
1 2 0 1140 
1 2 0 1141 
1 2 0 1142 
1 2 0 1143 
1 2 0 1144 
2 2 0 1143 
3 2 1145 1146 
1 2 0 1147 
1 2 0 1148 
2 2 0 1147 
3 2 1149 1150 
1 2 0 1151 
1 2 0 1152 
2 2 0 1151 
3 2 1153 1154 
1 2 0 1155 
1 2 0 1156 
1 2 0 1157 
1 2 0 1158 
2 2 0 1157 
3 2 1159 1160 
1 2 0 1161 
1 2 0 1162 
1 2 0 1163 
2 2 0 1162 
3 2 1164 1165 
1 2 0 1166 
2 2 0 1162 
3 2 1167 1168 
1 2 0 1169 
2 2 0 1162 
2 2 0 1166 
3 3 1170 1171 1172 
1 2 0 1173 
1 2 0 1174 
1 2 0 1175 
1 2 0 1176 
2 2 0 1175 
3 2 1177 1178 
1 2 0 1179 
1 2 0 1180 
2 2 0 1179 
3 2 1181 1182 
1 2 0 1183 
1 2 0 1184 
1 2 0 1185 
2 2 0 1184 
3 2 1186 1187 
1 2 0 1188 
1 2 0 1189 
1 2 0 1190 
2 2 0 1189 
3 2 1191 1192 
1 2 0 1193 
1 2 0 1194 
1 2 0 1195 
2 2 0 1194 
3 2 1196 1197 
1 2 0 1198 
1 2 0 1199 
2 2 0 1198 
3 2 1200 1201 
1 2 0 1202 
1 2 0 1203 
1 2 0 1204 
2 2 0 1203 
3 2 1205 1206 
1 2 0 1207 
1 2 0 1208 
1 2 0 1209 
2 2 0 1208 
3 2 1210 1211 
1 2 0 1212 
1 2 0 1213 
1 2 0 1214 
2 2 0 1213 
3 2 1215 1216 
1 2 0 1217 
1 2 0 1218 
2 2 0 1217 
3 2 1219 1220 
1 2 0 1221 
1 2 0 1222 
1 2 0 1223 
2 2 0 1222 
3 2 1224 1225 
1 2 0 1226 
1 2 0 1227 
1 2 0 1228 
2 2 0 1227 
3 2 1229 1230 
1 2 0 1231 
2 2 0 1228 
3 2 1232 1233 
1 2 0 1234 
1 2 0 1235 
1 2 0 1236 
2 2 0 1235 
3 2 1237 1238 
1 2 0 1239 
2 2 0 1236 
3 2 1240 1241 
1 2 0 1242 
2 2 0 1236 
2 2 0 1239 
3 3 1243 1244 1245 
1 2 0 1246 
1 2 0 1247 
1 2 0 1248 
1 2 0 1249 
2 2 0 1248 
3 2 1250 1251 
1 2 0 1252 
1 2 0 1253 
2 2 0 1248 
2 2 0 1252 
3 3 1254 1255 1256 
1 2 0 1257 
1 2 0 1258 
2 2 0 1257 
3 2 1259 1260 
1 2 0 1261 
2 2 0 1257 
3 2 1262 1263 
1 2 0 1264 
2 2 0 1261 
3 2 1265 1266 
1 2 0 1267 
2 2 0 1264 
3 2 1268 1269 
1 2 0 1270 
1 2 0 1271 
2 2 0 1270 
3 2 1272 1273 
1 2 0 1274 
1 2 0 1275 
2 2 0 1274 
3 2 1276 1277 
1 2 0 1278 
4 1 0 
4 2 0 1111 
4 2 0 1112 
4 2 0 1113 
4 2 0 1114 
4 2 0 1115 
4 2 0 1118 
4 2 0 1119 
4 2 0 1120 
4 2 0 1123 
4 2 0 1126 
4 2 0 1129 
4 2 0 1130 
4 2 0 1131 
4 2 0 1132 
4 2 0 1135 
4 2 0 1136 
4 2 0 1137 
4 2 0 1140 
4 2 0 1141 
4 2 0 1142 
4 2 0 1143 
4 2 0 1144 
4 2 0 1147 
4 2 0 1148 
4 2 0 1151 
4 2 0 1152 
4 2 0 1155 
4 2 0 1156 
4 2 0 1157 
4 2 0 1158 
4 2 0 1161 
4 2 0 1162 
4 2 0 1163 
4 2 0 1166 
4 2 0 1169 
4 2 0 1173 
4 2 0 1174 
4 2 0 1175 
4 2 0 1176 
4 2 0 1179 
4 2 0 1180 
4 2 0 1183 
4 2 0 1184 
4 2 0 1185 
4 2 0 1188 
4 2 0 1189 
4 2 0 1190 
4 2 0 1193 
4 2 0 1194 
4 2 0 1195 
4 2 0 1198 
4 2 0 1199 
4 2 0 1202 
4 2 0 1203 
4 2 0 1204 
4 2 0 1207 
4 2 0 1208 
4 2 0 1209 
4 2 0 1212 
4 2 0 1213 
4 2 0 1214 
4 2 0 1217 
4 2 0 1218 
4 2 0 1221 
4 2 0 1222 
4 2 0 1223 
4 2 0 1226 
4 2 0 1227 
4 2 0 1228 
4 2 0 1231 
4 2 0 1234 
4 2 0 1235 
4 2 0 1236 
4 2 0 1239 
4 2 0 1242 
4 2 0 1246 
4 2 0 1247 
4 2 0 1248 
4 2 0 1249 
4 2 0 1252 
4 2 0 1253 
4 2 0 1257 
4 2 0 1258 
4 2 0 1261 
4 2 0 1264 
4 2 0 1267 
4 2 0 1270 
4 2 0 1271 
4 2 0 1274 
4 2 0 1275 
4 2 0 1278 
4 2 0 1279 
1 1 0 
1 2 0 1373 
2 1 0 
3 2 1374 1375 
1 2 0 1376 
2 2 0 1373 
3 2 1377 1378 
1 2 0 1379 
2 2 0 1376 
3 2 1380 1381 
1 2 0 1382 
1 2 0 1383 
1 2 0 1384 
1 2 0 1385 
2 2 0 1384 
3 2 1386 1387 
1 2 0 1388 
1 2 0 1389 
1 2 0 1390 
2 2 0 1389 
3 2 1391 1392 
1 2 0 1393 
1 2 0 1394 
1 2 0 1395 
2 2 0 1394 
3 2 1396 1397 
1 2 0 1398 
1 2 0 1399 
1 2 0 1400 
2 2 0 1399 
3 2 1401 1402 
1 2 0 1403 
1 2 0 1404 
1 2 0 1405 
1 2 0 1406 
2 2 0 1405 
3 2 1407 1408 
1 2 0 1409 
2 2 0 1406 
3 2 1410 1411 
1 2 0 1412 
2 2 0 1409 
3 2 1413 1414 
1 2 0 1415 
1 2 0 1416 
1 2 0 1417 
2 2 0 1416 
3 2 1418 1419 
1 2 0 1420 
1 2 0 1421 
1 2 0 1422 
2 2 0 1421 
3 2 1423 1424 
1 2 0 1425 
1 2 0 1426 
2 2 0 1425 
3 2 1427 1428 
1 2 0 1429 
2 2 0 1426 
3 2 1430 1431 
1 2 0 1432 
2 2 0 1429 
3 2 1433 1434 
1 2 0 1435 
1 2 0 1436 
1 2 0 1437 
2 2 0 1436 
3 2 1438 1439 
1 2 0 1440 
1 2 0 1441 
2 2 0 1440 
3 2 1442 1443 
1 2 0 1444 
1 2 0 1445 
1 2 0 1446 
1 2 0 1447 
2 2 0 1446 
3 2 1448 1449 
1 2 0 1450 
2 2 0 1447 
3 2 1451 1452 
1 2 0 1453 
1 2 0 1454 
1 2 0 1455 
2 2 0 1454 
3 2 1456 1457 
1 2 0 1458 
1 2 0 1459 
2 2 0 1458 
3 2 1460 1461 
1 2 0 1462 
1 2 0 1463 
2 2 0 1462 
3 2 1464 1465 
1 2 0 1466 
1 2 0 1467 
1 2 0 1468 
1 2 0 1469 
1 2 0 1470 
2 2 0 1469 
3 2 1471 1472 
1 2 0 1473 
4 1 0 
4 2 0 1373 
4 2 0 1376 
4 2 0 1379 
4 2 0 1382 
4 2 0 1383 
4 2 0 1384 
4 2 0 1385 
4 2 0 1388 
4 2 0 1389 
4 2 0 1390 
4 2 0 1393 
4 2 0 1394 
4 2 0 1395 
4 2 0 1398 
4 2 0 1399 
4 2 0 1400 
4 2 0 1403 
4 2 0 1404 
4 2 0 1405 
4 2 0 1406 
4 2 0 1409 
4 2 0 1412 
4 2 0 1415 
4 2 0 1416 
4 2 0 1417 
4 2 0 1420 
4 2 0 1421 
4 2 0 1422 
4 2 0 1425 
4 2 0 1426 
4 2 0 1429 
4 2 0 1432 
4 2 0 1435 
4 2 0 1436 
4 2 0 1437 
4 2 0 1440 
4 2 0 1441 
4 2 0 1444 
4 2 0 1445 
4 2 0 1446 
4 2 0 1447 
4 2 0 1450 
4 2 0 1453 
4 2 0 1454 
4 2 0 1455 
4 2 0 1458 
4 2 0 1459 
4 2 0 1462 
4 2 0 1463 
4 2 0 1466 
4 2 0 1467 
4 2 0 1468 
4 2 0 1469 
4 2 0 1470 
4 2 0 1473 
4 2 0 1474 
1 1 0 
1 2 0 1532 
1 2 0 1533 
2 2 0 1532 
3 2 1534 1535 
1 2 0 1536 
2 2 0 1532 
2 2 0 1533 
3 3 1537 1538 1539 
1 2 0 1540 
2 2 0 1532 
2 2 0 1536 
3 3 1541 1542 1543 
1 2 0 1544 
1 2 0 1545 
2 2 0 1544 
3 2 1546 1547 
1 2 0 1548 
1 2 0 1549 
2 2 0 1548 
3 2 1550 1551 
1 2 0 1552 
2 2 0 1549 
3 2 1553 1554 
1 2 0 1555 
2 2 0 1548 
2 2 0 1552 
3 3 1556 1557 1558 
1 2 0 1559 
1 2 0 1560 
1 2 0 1561 
2 2 0 1560 
3 2 1562 1563 
1 2 0 1564 
1 2 0 1565 
1 2 0 1566 
2 2 0 1565 
3 2 1567 1568 
1 2 0 1569 
2 2 0 1565 
2 2 0 1566 
3 3 1570 1571 1572 
1 2 0 1573 
2 2 0 1565 
2 2 0 1566 
2 2 0 1569 
3 4 1574 1575 1576 1577 
1 2 0 1578 
2 2 0 1569 
2 2 0 1573 
3 3 1579 1580 1581 
1 2 0 1582 
1 2 0 1583 
2 2 0 1582 
3 2 1584 1585 
1 2 0 1586 
2 2 0 1583 
3 2 1587 1588 
1 2 0 1589 
1 2 0 1590 
2 2 0 1589 
3 2 1591 1592 
1 2 0 1593 
2 2 0 1590 
3 2 1594 1595 
1 2 0 1596 
2 2 0 1593 
3 2 1597 1598 
1 2 0 1599 
2 2 0 1596 
3 2 1600 1601 
1 2 0 1602 
1 2 0 1603 
1 2 0 1604 
2 2 0 1603 
3 2 1605 1606 
1 2 0 1607 
1 2 0 1608 
2 2 0 1607 
3 2 1609 1610 
1 2 0 1611 
1 2 0 1612 
2 2 0 1611 
3 2 1613 1614 
1 2 0 1615 
2 2 0 1612 
3 2 1616 1617 
1 2 0 1618 
2 2 0 1615 
3 2 1619 1620 
1 2 0 1621 
2 2 0 1615 
2 2 0 1618 
3 3 1622 1623 1624 
1 2 0 1625 
2 2 0 1615 
2 2 0 1621 
3 3 1626 1627 1628 
1 2 0 1629 
1 2 0 1630 
2 2 0 1629 
3 2 1631 1632 
1 2 0 1633 
2 2 0 1630 
3 2 1634 1635 
1 2 0 1636 
2 2 0 1633 
3 2 1637 1638 
1 2 0 1639 
1 2 0 1640 
2 2 0 1639 
3 2 1641 1642 
1 2 0 1643 
1 2 0 1644 
2 2 0 1643 
3 2 1645 1646 
1 2 0 1647 
4 1 0 
4 2 0 1532 
4 2 0 1533 
4 2 0 1536 
4 2 0 1540 
4 2 0 1544 
4 2 0 1545 
4 2 0 1548 
4 2 0 1549 
4 2 0 1552 
4 2 0 1555 
4 2 0 1559 
4 2 0 1560 
4 2 0 1561 
4 2 0 1564 
4 2 0 1565 
4 2 0 1566 
4 2 0 1569 
4 2 0 1573 
4 2 0 1578 
4 2 0 1582 
4 2 0 1583 
4 2 0 1586 
4 2 0 1589 
4 2 0 1590 
4 2 0 1593 
4 2 0 1596 
4 2 0 1599 
4 2 0 1602 
4 2 0 1603 
4 2 0 1604 
4 2 0 1607 
4 2 0 1608 
4 2 0 1611 
4 2 0 1612 
4 2 0 1615 
4 2 0 1618 
4 2 0 1621 
4 2 0 1625 
4 2 0 1629 
4 2 0 1630 
4 2 0 1633 
4 2 0 1636 
4 2 0 1639 
4 2 0 1640 
4 2 0 1643 
4 2 0 1644 
4 2 0 1647 
4 2 0 1648 
1 1 0 
1 2 0 1698 
1 2 0 1699 
2 2 0 1698 
3 2 1700 1701 
1 2 0 1702 
2 2 0 1699 
3 2 1703 1704 
1 2 0 1705 
2 2 0 1702 
3 2 1706 1707 
1 2 0 1708 
1 2 0 1709 
2 2 0 1708 
3 2 1710 1711 
1 2 0 1712 
1 2 0 1713 
2 2 0 1712 
3 2 1714 1715 
1 2 0 1716 
1 2 0 1717 
1 2 0 1718 
1 2 0 1719 
2 2 0 1717 
2 2 0 1718 
3 3 1720 1721 1722 
1 2 0 1723 
2 2 0 1717 
2 2 0 1719 
3 3 1724 1725 1726 
1 2 0 1727 
2 2 0 1723 
3 2 1728 1729 
1 2 0 1730 
2 2 0 1727 
3 2 1731 1732 
1 2 0 1733 
4 1 0 
4 2 0 1698 
4 2 0 1699 
4 2 0 1702 
4 2 0 1705 
4 2 0 1708 
4 2 0 1709 
4 2 0 1712 
4 2 0 1713 
4 2 0 1716 
4 2 0 1717 
4 2 0 1718 
4 2 0 1719 
4 2 0 1723 
4 2 0 1727 
4 2 0 1730 
4 2 0 1733 
4 2 0 1734 
1 1 0 
1 2 0 1753 
2 1 0 
3 2 1754 1755 
1 2 0 1756 
2 1 0 
2 2 0 1753 
3 3 1757 1758 1759 
1 2 0 1760 
2 2 0 1756 
3 2 1761 1762 
1 2 0 1763 
2 2 0 1756 
2 2 0 1760 
3 3 1764 1765 1766 
1 2 0 1767 
1 2 0 1768 
2 2 0 1767 
3 2 1769 1770 
1 2 0 1771 
1 2 0 1772 
4 1 0 
4 2 0 1753 
4 2 0 1756 
4 2 0 1760 
4 2 0 1763 
4 2 0 1767 
4 2 0 1768 
4 2 0 1771 
4 2 0 1772 
4 2 0 1773 
1 1 0 
1 2 0 1784 
2 1 0 
3 2 1785 1786 
1 2 0 1787 
2 1 0 
3 2 1788 1789 
1 2 0 1790 
2 2 0 1787 
3 2 1791 1792 
1 2 0 1793 
1 2 0 1794 
2 2 0 1793 
3 2 1795 1796 
1 2 0 1797 
2 2 0 1793 
2 2 0 1794 
3 3 1798 1799 1800 
1 2 0 1801 
2 2 0 1793 
2 2 0 1794 
2 2 0 1797 
3 4 1802 1803 1804 1805 
1 2 0 1806 
2 2 0 1797 
2 2 0 1801 
3 3 1807 1808 1809 
1 2 0 1810 
1 2 0 1811 
2 2 0 1810 
3 2 1812 1813 
1 2 0 1814 
2 2 0 1811 
3 2 1815 1816 
1 2 0 1817 
2 2 0 1814 
3 2 1818 1819 
1 2 0 1820 
2 2 0 1817 
3 2 1821 1822 
1 2 0 1823 
1 2 0 1824 
2 2 0 1823 
3 2 1825 1826 
1 2 0 1827 
2 2 0 1824 
3 2 1828 1829 
1 2 0 1830 
1 2 0 1831 
2 2 0 1830 
3 2 1832 1833 
1 2 0 1834 
2 2 0 1831 
3 2 1835 1836 
1 2 0 1837 
2 2 0 1834 
3 2 1838 1839 
1 2 0 1840 
1 2 0 1841 
2 2 0 1840 
3 2 1842 1843 
1 2 0 1844 
2 2 0 1841 
3 2 1845 1846 
1 2 0 1847 
2 2 0 1844 
3 2 1848 1849 
1 2 0 1850 
1 2 0 1851 
1 2 0 1852 
2 2 0 1851 
3 2 1853 1854 
1 2 0 1855 
2 2 0 1852 
3 2 1856 1857 
1 2 0 1858 
2 2 0 1855 
3 2 1859 1860 
1 2 0 1861 
1 2 0 1862 
2 2 0 1861 
3 2 1863 1864 
1 2 0 1865 
2 2 0 1862 
3 2 1866 1867 
1 2 0 1868 
1 2 0 1869 
1 2 0 1870 
1 2 0 1871 
1 2 0 1872 
2 2 0 1871 
3 2 1873 1874 
1 2 0 1875 
2 2 0 1871 
2 2 0 1872 
3 3 1876 1877 1878 
1 2 0 1879 
2 2 0 1875 
3 2 1880 1881 
1 2 0 1882 
1 2 0 1883 
2 2 0 1882 
3 2 1884 1885 
1 2 0 1886 
1 2 0 1887 
2 2 0 1886 
3 2 1888 1889 
1 2 0 1890 
1 2 0 1891 
2 2 0 1890 
3 2 1892 1893 
1 2 0 1894 
4 1 0 
4 2 0 1784 
4 2 0 1787 
4 2 0 1790 
4 2 0 1793 
4 2 0 1794 
4 2 0 1797 
4 2 0 1801 
4 2 0 1806 
4 2 0 1810 
4 2 0 1811 
4 2 0 1814 
4 2 0 1817 
4 2 0 1820 
4 2 0 1823 
4 2 0 1824 
4 2 0 1827 
4 2 0 1830 
4 2 0 1831 
4 2 0 1834 
4 2 0 1837 
4 2 0 1840 
4 2 0 1841 
4 2 0 1844 
4 2 0 1847 
4 2 0 1850 
4 2 0 1851 
4 2 0 1852 
4 2 0 1855 
4 2 0 1858 
4 2 0 1861 
4 2 0 1862 
4 2 0 1865 
4 2 0 1868 
4 2 0 1869 
4 2 0 1870 
4 2 0 1871 
4 2 0 1872 
4 2 0 1875 
4 2 0 1879 
4 2 0 1882 
4 2 0 1883 
4 2 0 1886 
4 2 0 1887 
4 2 0 1890 
4 2 0 1891 
4 2 0 1894 
4 2 0 1895 
1 1 0 
1 2 0 1944 
2 1 0 
3 2 1945 1946 
1 2 0 1947 
1 2 0 1948 
1 2 0 1949 
1 2 0 1950 
1 2 0 1951 
2 2 0 1950 
3 2 1952 1953 
1 2 0 1954 
2 2 0 1950 
3 2 1955 1956 
1 2 0 1957 
2 2 0 1954 
3 2 1958 1959 
1 2 0 1960 
2 2 0 1957 
3 2 1961 1962 
1 2 0 1963 
2 2 0 1960 
3 2 1964 1965 
1 2 0 1966 
2 2 0 1963 
3 2 1967 1968 
1 2 0 1969 
2 2 0 1963 
3 2 1970 1971 
1 2 0 1972 
1 2 0 1973 
1 2 0 1974 
2 2 0 1973 
3 2 1975 1976 
1 2 0 1977 
2 2 0 1973 
2 2 0 1974 
3 3 1978 1979 1980 
1 2 0 1981 
2 2 0 1977 
3 2 1982 1983 
1 2 0 1984 
2 2 0 1981 
3 2 1985 1986 
1 2 0 1987 
1 2 0 1988 
1 2 0 1989 
1 2 0 1990 
2 2 0 1988 
3 2 1991 1992 
1 2 0 1993 
1 2 0 1994 
1 2 0 1995 
2 2 0 1994 
3 2 1996 1997 
1 2 0 1998 
1 2 0 1999 
2 2 0 1998 
3 2 2000 2001 
1 2 0 2002 
2 2 0 1998 
2 2 0 1999 
3 3 2003 2004 2005 
1 2 0 2006 
1 2 0 2007 
1 2 0 2008 
2 2 0 2006 
2 2 0 2007 
3 3 2009 2010 2011 
1 2 0 2012 
2 2 0 2006 
2 2 0 2007 
2 2 0 2008 
3 4 2013 2014 2015 2016 
1 2 0 2017 
1 2 0 2018 
2 2 0 2017 
3 2 2019 2020 
1 2 0 2021 
1 2 0 2022 
1 2 0 2023 
1 2 0 2024 
2 2 0 2023 
3 2 2025 2026 
1 2 0 2027 
1 2 0 2028 
2 2 0 2027 
3 2 2029 2030 
1 2 0 2031 
4 1 0 
4 2 0 1944 
4 2 0 1947 
4 2 0 1948 
4 2 0 1949 
4 2 0 1950 
4 2 0 1951 
4 2 0 1954 
4 2 0 1957 
4 2 0 1960 
4 2 0 1963 
4 2 0 1966 
4 2 0 1969 
4 2 0 1972 
4 2 0 1973 
4 2 0 1974 
4 2 0 1977 
4 2 0 1981 
4 2 0 1984 
4 2 0 1987 
4 2 0 1988 
4 2 0 1989 
4 2 0 1990 
4 2 0 1993 
4 2 0 1994 
4 2 0 1995 
4 2 0 1998 
4 2 0 1999 
4 2 0 2002 
4 2 0 2006 
4 2 0 2007 
4 2 0 2008 
4 2 0 2012 
4 2 0 2017 
4 2 0 2018 
4 2 0 2021 
4 2 0 2022 
4 2 0 2023 
4 2 0 2024 
4 2 0 2027 
4 2 0 2028 
4 2 0 2031 
4 2 0 2032 
1 1 0 
1 2 0 2076 
1 2 0 2077 
1 2 0 2078 
1 2 0 2079 
2 2 0 2078 
3 2 2080 2081 
1 2 0 2082 
2 2 0 2078 
3 2 2083 2084 
1 2 0 2085 
1 2 0 2086 
2 2 0 2085 
3 2 2087 2088 
1 2 0 2089 
2 2 0 2085 
2 2 0 2086 
3 3 2090 2091 2092 
1 2 0 2093 
2 2 0 2089 
3 2 2094 2095 
1 2 0 2096 
1 2 0 2097 
1 2 0 2098 
2 2 0 2097 
3 2 2099 2100 
1 2 0 2101 
1 2 0 2102 
2 2 0 2101 
3 2 2103 2104 
1 2 0 2105 
1 2 0 2106 
2 2 0 2105 
3 2 2107 2108 
1 2 0 2109 
1 2 0 2110 
1 2 0 2111 
2 2 0 2110 
3 2 2112 2113 
1 2 0 2114 
1 2 0 2115 
2 2 0 2114 
3 2 2116 2117 
1 2 0 2118 
4 1 0 
4 2 0 2076 
4 2 0 2077 
4 2 0 2078 
4 2 0 2079 
4 2 0 2082 
4 2 0 2085 
4 2 0 2086 
4 2 0 2089 
4 2 0 2093 
4 2 0 2096 
4 2 0 2097 
4 2 0 2098 
4 2 0 2101 
4 2 0 2102 
4 2 0 2105 
4 2 0 2106 
4 2 0 2109 
4 2 0 2110 
4 2 0 2111 
4 2 0 2114 
4 2 0 2115 
4 2 0 2118 
4 2 0 2119 
1 1 0 
1 2 0 2144 
1 2 0 2145 
1 2 0 2146 
4 1 0 
4 2 0 2144 
4 2 0 2145 
4 2 0 2146 
4 2 0 2147 
1 1 0 
1 2 0 2153 
2 1 0 
3 2 2154 2155 
1 2 0 2156 
2 1 0 
2 2 0 2153 
3 3 2157 2158 2159 
1 2 0 2160 
2 2 0 2156 
3 2 2161 2162 
1 2 0 2163 
1 2 0 2164 
2 2 0 2160 
2 2 0 2163 
3 3 2165 2166 2167 
1 2 0 2168 
1 2 0 2169 
1 2 0 2170 
1 2 0 2171 
2 2 0 2169 
2 2 0 2170 
3 3 2172 2173 2174 
1 2 0 2175 
1 2 0 2176 
1 2 0 2177 
2 2 0 2176 
3 2 2178 2179 
1 2 0 2180 
1 2 0 2181 
2 2 0 2180 
3 2 2182 2183 
1 2 0 2184 
1 2 0 2185 
1 2 0 2186 
2 2 0 2185 
3 2 2187 2188 
1 2 0 2189 
1 2 0 2190 
2 2 0 2189 
3 2 2191 2192 
1 2 0 2193 
2 2 0 2190 
3 2 2194 2195 
1 2 0 2196 
2 2 0 2193 
3 2 2197 2198 
1 2 0 2199 
1 2 0 2200 
2 2 0 2199 
3 2 2201 2202 
1 2 0 2203 
1 2 0 2204 
1 2 0 2205 
2 2 0 2204 
3 2 2206 2207 
1 2 0 2208 
1 2 0 2209 
2 2 0 2208 
3 2 2210 2211 
1 2 0 2212 
2 2 0 2209 
3 2 2213 2214 
1 2 0 2215 
2 2 0 2209 
2 2 0 2212 
3 3 2216 2217 2218 
1 2 0 2219 
1 2 0 2220 
1 2 0 2221 
2 2 0 2220 
3 2 2222 2223 
1 2 0 2224 
2 2 0 2221 
3 2 2225 2226 
1 2 0 2227 
2 2 0 2221 
2 2 0 2224 
3 3 2228 2229 2230 
1 2 0 2231 
1 2 0 2232 
2 2 0 2231 
3 2 2233 2234 
1 2 0 2235 
2 2 0 2232 
3 2 2236 2237 
1 2 0 2238 
2 2 0 2235 
3 2 2239 2240 
1 2 0 2241 
1 2 0 2242 
2 2 0 2241 
3 2 2243 2244 
1 2 0 2245 
1 2 0 2246 
1 2 0 2247 
2 2 0 2246 
3 2 2248 2249 
1 2 0 2250 
4 1 0 
4 2 0 2153 
4 2 0 2156 
4 2 0 2160 
4 2 0 2163 
4 2 0 2164 
4 2 0 2168 
4 2 0 2169 
4 2 0 2170 
4 2 0 2171 
4 2 0 2175 
4 2 0 2176 
4 2 0 2177 
4 2 0 2180 
4 2 0 2181 
4 2 0 2184 
4 2 0 2185 
4 2 0 2186 
4 2 0 2189 
4 2 0 2190 
4 2 0 2193 
4 2 0 2196 
4 2 0 2199 
4 2 0 2200 
4 2 0 2203 
4 2 0 2204 
4 2 0 2205 
4 2 0 2208 
4 2 0 2209 
4 2 0 2212 
4 2 0 2215 
4 2 0 2219 
4 2 0 2220 
4 2 0 2221 
4 2 0 2224 
4 2 0 2227 
4 2 0 2231 
4 2 0 2232 
4 2 0 2235 
4 2 0 2238 
4 2 0 2241 
4 2 0 2242 
4 2 0 2245 
4 2 0 2246 
4 2 0 2247 
4 2 0 2250 
4 2 0 2251 
1 1 0 
1 2 0 2299 
1 2 0 2300 
1 2 0 2301 
2 2 0 2300 
3 2 2302 2303 
1 2 0 2304 
2 2 0 2301 
3 2 2305 2306 
1 2 0 2307 
1 2 0 2308 
1 2 0 2309 
1 2 0 2310 
2 2 0 2309 
3 2 2311 2312 
1 2 0 2313 
1 2 0 2314 
1 2 0 2315 
1 2 0 2316 
2 2 0 2315 
3 2 2317 2318 
1 2 0 2319 
1 2 0 2320 
2 2 0 2319 
3 2 2321 2322 
1 2 0 2323 
1 2 0 2324 
2 2 0 2323 
3 2 2325 2326 
1 2 0 2327 
1 2 0 2328 
2 2 0 2327 
3 2 2329 2330 
1 2 0 2331 
2 2 0 2328 
3 2 2332 2333 
1 2 0 2334 
2 2 0 2328 
2 2 0 2331 
3 3 2335 2336 2337 
1 2 0 2338 
4 1 0 
4 2 0 2299 
4 2 0 2300 
4 2 0 2301 
4 2 0 2304 
4 2 0 2307 
4 2 0 2308 
4 2 0 2309 
4 2 0 2310 
4 2 0 2313 
4 2 0 2314 
4 2 0 2315 
4 2 0 2316 
4 2 0 2319 
4 2 0 2320 
4 2 0 2323 
4 2 0 2324 
4 2 0 2327 
4 2 0 2328 
4 2 0 2331 
4 2 0 2334 
4 2 0 2338 
4 2 0 2339 
1 1 0 
1 2 0 2363 
2 1 0 
3 2 2364 2365 
1 2 0 2366 
2 1 0 
2 2 0 2363 
3 3 2367 2368 2369 
1 2 0 2370 
1 2 0 2371 
2 2 0 2370 
3 2 2372 2373 
1 2 0 2374 
2 2 0 2371 
3 2 2375 2376 
1 2 0 2377 
4 1 0 
4 2 0 2363 
4 2 0 2366 
4 2 0 2370 
4 2 0 2371 
4 2 0 2374 
4 2 0 2377 
4 2 0 2378 
1 1 0 
1 2 0 2387 
2 1 0 
3 2 2388 2389 
1 2 0 2390 
2 2 0 2387 
3 2 2391 2392 
1 2 0 2393 
2 2 0 2390 
3 2 2394 2395 
1 2 0 2396 
1 2 0 2397 
1 2 0 2398 
2 2 0 2396 
2 2 0 2397 
3 3 2399 2400 2401 
1 2 0 2402 
1 2 0 2403 
2 2 0 2402 
3 2 2404 2405 
1 2 0 2406 
2 2 0 2403 
3 2 2407 2408 
1 2 0 2409 
1 2 0 2410 
2 2 0 2409 
3 2 2411 2412 
1 2 0 2413 
1 2 0 2414 
2 2 0 2413 
3 2 2415 2416 
1 2 0 2417 
2 2 0 2413 
2 2 0 2414 
3 3 2418 2419 2420 
1 2 0 2421 
2 2 0 2417 
3 2 2422 2423 
1 2 0 2424 
2 2 0 2421 
3 2 2425 2426 
1 2 0 2427 
1 2 0 2428 
2 2 0 2427 
3 2 2429 2430 
1 2 0 2431 
2 2 0 2427 
2 2 0 2428 
3 3 2432 2433 2434 
1 2 0 2435 
1 2 0 2436 
2 2 0 2435 
3 2 2437 2438 
1 2 0 2439 
1 2 0 2440 
2 2 0 2439 
3 2 2441 2442 
1 2 0 2443 
1 2 0 2444 
2 2 0 2443 
3 2 2445 2446 
1 2 0 2447 
4 1 0 
4 2 0 2387 
4 2 0 2390 
4 2 0 2393 
4 2 0 2396 
4 2 0 2397 
4 2 0 2398 
4 2 0 2402 
4 2 0 2403 
4 2 0 2406 
4 2 0 2409 
4 2 0 2410 
4 2 0 2413 
4 2 0 2414 
4 2 0 2417 
4 2 0 2421 
4 2 0 2424 
4 2 0 2427 
4 2 0 2428 
4 2 0 2431 
4 2 0 2435 
4 2 0 2436 
4 2 0 2439 
4 2 0 2440 
4 2 0 2443 
4 2 0 2444 
4 2 0 2447 
4 2 0 2448 
1 1 0 
1 2 0 2477 
2 1 0 
3 2 2478 2479 
1 2 0 2480 
2 1 0 
2 2 0 2477 
3 3 2481 2482 2483 
1 2 0 2484 
2 2 0 2480 
3 2 2485 2486 
1 2 0 2487 
2 2 0 2480 
2 2 0 2484 
3 3 2488 2489 2490 
1 2 0 2491 
1 2 0 2492 
1 2 0 2493 
2 2 0 2491 
2 2 0 2492 
3 3 2494 2495 2496 
1 2 0 2497 
4 1 0 
4 2 0 2477 
4 2 0 2480 
4 2 0 2484 
4 2 0 2487 
4 2 0 2491 
4 2 0 2492 
4 2 0 2493 
4 2 0 2497 
4 2 0 2498 
1 1 0 
1 2 0 2509 
1 2 0 2510 
2 2 0 2509 
3 2 2511 2512 
1 2 0 2513 
2 2 0 2510 
3 2 2514 2515 
1 2 0 2516 
2 2 0 2513 
3 2 2517 2518 
1 2 0 2519 
4 1 0 
4 2 0 2509 
4 2 0 2510 
4 2 0 2513 
4 2 0 2516 
4 2 0 2519 
4 2 0 2520 
1 1 0 
1 2 0 2528 
2 1 0 
3 2 2529 2530 
1 2 0 2531 
2 1 0 
3 2 2532 2533 
1 2 0 2534 
1 2 0 2535 
2 2 0 2534 
3 2 2536 2537 
4 1 0 
4 2 0 2528 
4 2 0 2531 
4 2 0 2534 
4 2 0 2535 
4 2 0 2538 
1 1 0 
1 2 0 2545 
1 2 0 2546 
4 1 0 
4 2 0 2545 
4 2 0 2546 
4 2 0 2547 
1 1 0 
1 2 0 2552 
2 1 0 
3 2 2553 2554 
1 2 0 2555 
2 1 0 
3 2 2556 2557 
1 2 0 2558 
1 2 0 2559 
1 2 0 2560 
2 2 0 2559 
3 2 2561 2562 
1 2 0 2563 
1 2 0 2564 
2 2 0 2563 
3 2 2565 2566 
1 2 0 2567 
2 2 0 2563 
2 2 0 2564 
3 3 2568 2569 2570 
1 2 0 2571 
2 2 0 2563 
2 2 0 2564 
2 2 0 2567 
3 4 2572 2573 2574 2575 
1 2 0 2576 
2 2 0 2564 
2 2 0 2567 
2 2 0 2571 
3 4 2577 2578 2579 2580 
1 2 0 2581 
1 2 0 2582 
1 2 0 2583 
2 2 0 2582 
3 2 2584 2585 
1 2 0 2586 
1 2 0 2587 
1 2 0 2588 
2 2 0 2586 
3 2 2589 2590 
1 2 0 2591 
2 2 0 2586 
2 2 0 2588 
3 3 2592 2593 2594 
1 2 0 2595 
1 2 0 2596 
1 2 0 2597 
2 2 0 2596 
3 2 2598 2599 
1 2 0 2600 
1 2 0 2601 
1 2 0 2602 
1 2 0 2603 
1 2 0 2604 
2 2 0 2603 
3 2 2605 2606 
1 2 0 2607 
2 2 0 2603 
3 2 2608 2609 
1 2 0 2610 
1 2 0 2611 
2 2 0 2610 
3 2 2612 2613 
1 2 0 2614 
1 2 0 2615 
1 2 0 2616 
1 2 0 2617 
1 2 0 2618 
2 2 0 2617 
3 2 2619 2620 
1 2 0 2621 
2 2 0 2618 
3 2 2622 2623 
1 2 0 2624 
1 2 0 2625 
1 2 0 2626 
1 2 0 2627 
1 2 0 2628 
1 2 0 2629 
1 2 0 2630 
1 2 0 2631 
1 2 0 2632 
1 2 0 2633 
1 2 0 2634 
1 2 0 2635 
1 2 0 2636 
2 2 0 2635 
3 2 2637 2638 
1 2 0 2639 
2 2 0 2635 
2 2 0 2636 
3 3 2640 2641 2642 
1 2 0 2643 
1 2 0 2644 
1 2 0 2645 
2 2 0 2644 
3 2 2646 2647 
1 2 0 2648 
1 2 0 2649 
1 2 0 2650 
1 2 0 2651 
1 2 0 2652 
2 2 0 2651 
3 2 2653 2654 
1 2 0 2655 
2 2 0 2652 
3 2 2656 2657 
1 2 0 2658 
1 2 0 2659 
2 2 0 2658 
3 2 2660 2661 
1 2 0 2662 
1 2 0 2663 
2 2 0 2662 
3 2 2664 2665 
1 2 0 2666 
1 2 0 2667 
2 2 0 2666 
3 2 2668 2669 
1 2 0 2670 
1 2 0 2671 
1 2 0 2672 
1 2 0 2673 
1 2 0 2674 
2 2 0 2673 
3 2 2675 2676 
1 2 0 2677 
1 2 0 2678 
2 2 0 2673 
2 2 0 2677 
3 3 2679 2680 2681 
1 2 0 2682 
1 2 0 2683 
1 2 0 2684 
2 2 0 2683 
3 2 2685 2686 
1 2 0 2687 
2 2 0 2683 
3 2 2688 2689 
1 2 0 2690 
1 2 0 2691 
2 2 0 2690 
3 2 2692 2693 
1 2 0 2694 
2 2 0 2690 
2 2 0 2691 
3 3 2695 2696 2697 
1 2 0 2698 
2 2 0 2694 
3 2 2699 2700 
1 2 0 2701 
1 2 0 2702 
1 2 0 2703 
1 2 0 2704 
2 2 0 2703 
3 2 2705 2706 
1 2 0 2707 
2 2 0 2703 
2 2 0 2704 
3 3 2708 2709 2710 
1 2 0 2711 
1 2 0 2712 
1 2 0 2713 
2 2 0 2712 
3 2 2714 2715 
1 2 0 2716 
1 2 0 2717 
1 2 0 2718 
1 2 0 2719 
1 2 0 2720 
1 2 0 2721 
1 2 0 2722 
1 2 0 2723 
1 2 0 2724 
4 1 0 
4 2 0 2552 
4 2 0 2555 
4 2 0 2558 
4 2 0 2559 
4 2 0 2560 
4 2 0 2563 
4 2 0 2564 
4 2 0 2567 
4 2 0 2571 
4 2 0 2576 
4 2 0 2581 
4 2 0 2582 
4 2 0 2583 
4 2 0 2586 
4 2 0 2587 
4 2 0 2588 
4 2 0 2591 
4 2 0 2595 
4 2 0 2596 
4 2 0 2597 
4 2 0 2600 
4 2 0 2601 
4 2 0 2602 
4 2 0 2603 
4 2 0 2604 
4 2 0 2607 
4 2 0 2610 
4 2 0 2611 
4 2 0 2614 
4 2 0 2615 
4 2 0 2616 
4 2 0 2617 
4 2 0 2618 
4 2 0 2621 
4 2 0 2624 
4 2 0 2625 
4 2 0 2626 
4 2 0 2627 
4 2 0 2628 
4 2 0 2629 
4 2 0 2630 
4 2 0 2631 
4 2 0 2632 
4 2 0 2633 
4 2 0 2634 
4 2 0 2635 
4 2 0 2636 
4 2 0 2639 
4 2 0 2643 
4 2 0 2644 
4 2 0 2645 
4 2 0 2648 
4 2 0 2649 
4 2 0 2650 
4 2 0 2651 
4 2 0 2652 
4 2 0 2655 
4 2 0 2658 
4 2 0 2659 
4 2 0 2662 
4 2 0 2663 
4 2 0 2666 
4 2 0 2667 
4 2 0 2670 
4 2 0 2671 
4 2 0 2672 
4 2 0 2673 
4 2 0 2674 
4 2 0 2677 
4 2 0 2678 
4 2 0 2682 
4 2 0 2683 
4 2 0 2684 
4 2 0 2687 
4 2 0 2690 
4 2 0 2691 
4 2 0 2694 
4 2 0 2698 
4 2 0 2701 
4 2 0 2702 
4 2 0 2703 
4 2 0 2704 
4 2 0 2707 
4 2 0 2711 
4 2 0 2712 
4 2 0 2713 
4 2 0 2716 
4 2 0 2717 
4 2 0 2718 
4 2 0 2719 
4 2 0 2720 
4 2 0 2721 
4 2 0 2722 
4 2 0 2723 
4 2 0 2724 
4 2 0 2725 
1 1 0 
1 2 0 2823 
2 1 0 
3 2 2824 2825 
1 2 0 2826 
1 2 0 2827 
1 2 0 2828 
1 2 0 2829 
1 2 0 2830 
2 2 0 2829 
3 2 2831 2832 
1 2 0 2833 
2 2 0 2829 
3 2 2834 2835 
1 2 0 2836 
1 2 0 2837 
2 2 0 2833 
3 2 2838 2839 
1 2 0 2840 
1 2 0 2841 
2 2 0 2840 
3 2 2842 2843 
1 2 0 2844 
1 2 0 2845 
2 2 0 2844 
3 2 2846 2847 
1 2 0 2848 
2 2 0 2845 
3 2 2849 2850 
1 2 0 2851 
2 2 0 2845 
2 2 0 2848 
3 3 2852 2853 2854 
1 2 0 2855 
1 2 0 2856 
2 2 0 2855 
3 2 2857 2858 
1 2 0 2859 
2 2 0 2856 
3 2 2860 2861 
1 2 0 2862 
2 2 0 2859 
3 2 2863 2864 
1 2 0 2865 
1 2 0 2866 
2 2 0 2865 
3 2 2867 2868 
1 2 0 2869 
1 2 0 2870 
1 2 0 2871 
2 2 0 2870 
3 2 2872 2873 
1 2 0 2874 
2 2 0 2871 
3 2 2875 2876 
1 2 0 2877 
2 2 0 2874 
3 2 2878 2879 
1 2 0 2880 
1 2 0 2881 
1 2 0 2882 
1 2 0 2883 
1 2 0 2884 
2 2 0 2883 
3 2 2885 2886 
1 2 0 2887 
1 2 0 2888 
2 2 0 2887 
3 2 2889 2890 
1 2 0 2891 
1 2 0 2892 
2 2 0 2891 
3 2 2893 2894 
1 2 0 2895 
1 2 0 2896 
2 2 0 2895 
3 2 2897 2898 
1 2 0 2899 
1 2 0 2900 
2 2 0 2899 
3 2 2901 2902 
1 2 0 2903 
1 2 0 2904 
1 2 0 2905 
2 2 0 2904 
3 2 2906 2907 
1 2 0 2908 
1 2 0 2909 
2 2 0 2908 
3 2 2910 2911 
1 2 0 2912 
1 2 0 2913 
1 2 0 2914 
1 2 0 2915 
1 2 0 2916 
1 2 0 2917 
1 2 0 2918 
1 2 0 2919 
1 2 0 2920 
2 2 0 2919 
3 2 2921 2922 
1 2 0 2923 
1 2 0 2924 
2 2 0 2919 
3 2 2925 2926 
1 2 0 2927 
1 2 0 2928 
4 1 0 
4 2 0 2823 
4 2 0 2826 
4 2 0 2827 
4 2 0 2828 
4 2 0 2829 
4 2 0 2830 
4 2 0 2833 
4 2 0 2836 
4 2 0 2837 
4 2 0 2840 
4 2 0 2841 
4 2 0 2844 
4 2 0 2845 
4 2 0 2848 
4 2 0 2851 
4 2 0 2855 
4 2 0 2856 
4 2 0 2859 
4 2 0 2862 
4 2 0 2865 
4 2 0 2866 
4 2 0 2869 
4 2 0 2870 
4 2 0 2871 
4 2 0 2874 
4 2 0 2877 
4 2 0 2880 
4 2 0 2881 
4 2 0 2882 
4 2 0 2883 
4 2 0 2884 
4 2 0 2887 
4 2 0 2888 
4 2 0 2891 
4 2 0 2892 
4 2 0 2895 
4 2 0 2896 
4 2 0 2899 
4 2 0 2900 
4 2 0 2903 
4 2 0 2904 
4 2 0 2905 
4 2 0 2908 
4 2 0 2909 
4 2 0 2912 
4 2 0 2913 
4 2 0 2914 
4 2 0 2915 
4 2 0 2916 
4 2 0 2917 
4 2 0 2918 
4 2 0 2919 
4 2 0 2920 
4 2 0 2923 
4 2 0 2924 
4 2 0 2927 
4 2 0 2928 
4 2 0 2929 
1 1 0 
1 2 0 2989 
2 1 0 
3 2 2990 2991 
1 2 0 2992 
2 1 0 
3 2 2993 2994 
1 2 0 2995 
1 2 0 2996 
1 2 0 2997 
2 2 0 2996 
3 2 2998 2999 
1 2 0 3000 
1 2 0 3001 
2 2 0 3000 
3 2 3002 3003 
1 2 0 3004 
1 2 0 3005 
2 2 0 3004 
3 2 3006 3007 
1 2 0 3008 
1 2 0 3009 
2 2 0 3008 
3 2 3010 3011 
1 2 0 3012 
1 2 0 3013 
2 2 0 3012 
3 2 3014 3015 
1 2 0 3016 
2 2 0 3013 
3 2 3017 3018 
1 2 0 3019 
1 2 0 3020 
1 2 0 3021 
2 2 0 3020 
3 2 3022 3023 
1 2 0 3024 
1 2 0 3025 
1 2 0 3026 
1 2 0 3027 
2 2 0 3026 
3 2 3028 3029 
1 2 0 3030 
1 2 0 3031 
1 2 0 3032 
2 2 0 3031 
3 2 3033 3034 
1 2 0 3035 
1 2 0 3036 
2 2 0 3035 
3 2 3037 3038 
1 2 0 3039 
1 2 0 3040 
1 2 0 3041 
1 2 0 3042 
1 2 0 3043 
2 2 0 3042 
3 2 3044 3045 
1 2 0 3046 
1 2 0 3047 
2 2 0 3046 
3 2 3048 3049 
1 2 0 3050 
1 2 0 3051 
1 2 0 3052 
1 2 0 3053 
1 2 0 3054 
1 2 0 3055 
1 2 0 3056 
2 2 0 3055 
3 2 3057 3058 
1 2 0 3059 
1 2 0 3060 
1 2 0 3061 
2 2 0 3060 
3 2 3062 3063 
1 2 0 3064 
1 2 0 3065 
2 2 0 3064 
3 2 3066 3067 
1 2 0 3068 
2 2 0 3065 
3 2 3069 3070 
1 2 0 3071 
2 2 0 3068 
3 2 3072 3073 
1 2 0 3074 
1 2 0 3075 
1 2 0 3076 
2 2 0 3075 
3 2 3077 3078 
1 2 0 3079 
1 2 0 3080 
2 2 0 3079 
3 2 3081 3082 
1 2 0 3083 
4 1 0 
4 2 0 2989 
4 2 0 2992 
4 2 0 2995 
4 2 0 2996 
4 2 0 2997 
4 2 0 3000 
4 2 0 3001 
4 2 0 3004 
4 2 0 3005 
4 2 0 3008 
4 2 0 3009 
4 2 0 3012 
4 2 0 3013 
4 2 0 3016 
4 2 0 3019 
4 2 0 3020 
4 2 0 3021 
4 2 0 3024 
4 2 0 3025 
4 2 0 3026 
4 2 0 3027 
4 2 0 3030 
4 2 0 3031 
4 2 0 3032 
4 2 0 3035 
4 2 0 3036 
4 2 0 3039 
4 2 0 3040 
4 2 0 3041 
4 2 0 3042 
4 2 0 3043 
4 2 0 3046 
4 2 0 3047 
4 2 0 3050 
4 2 0 3051 
4 2 0 3052 
4 2 0 3053 
4 2 0 3054 
4 2 0 3055 
4 2 0 3056 
4 2 0 3059 
4 2 0 3060 
4 2 0 3061 
4 2 0 3064 
4 2 0 3065 
4 2 0 3068 
4 2 0 3071 
4 2 0 3074 
4 2 0 3075 
4 2 0 3076 
4 2 0 3079 
4 2 0 3080 
4 2 0 3083 
4 2 0 3084 
1 1 0 
1 2 0 3140 
2 1 0 
3 2 3141 3142 
1 2 0 3143 
1 2 0 3144 
1 2 0 3145 
2 2 0 3144 
3 2 3146 3147 
1 2 0 3148 
1 2 0 3149 
2 2 0 3148 
3 2 3150 3151 
1 2 0 3152 
1 2 0 3153 
1 2 0 3154 
2 2 0 3153 
3 2 3155 3156 
1 2 0 3157 
1 2 0 3158 
2 2 0 3157 
3 2 3159 3160 
1 2 0 3161 
1 2 0 3162 
1 2 0 3163 
2 2 0 3162 
3 2 3164 3165 
1 2 0 3166 
2 2 0 3163 
3 2 3167 3168 
1 2 0 3169 
1 2 0 3170 
2 2 0 3169 
3 2 3171 3172 
1 2 0 3173 
1 2 0 3174 
2 2 0 3173 
3 2 3175 3176 
1 2 0 3177 
1 2 0 3178 
2 2 0 3177 
3 2 3179 3180 
1 2 0 3181 
1 2 0 3182 
2 2 0 3181 
3 2 3183 3184 
1 2 0 3185 
2 2 0 3182 
3 2 3186 3187 
1 2 0 3188 
1 2 0 3189 
2 2 0 3188 
3 2 3190 3191 
1 2 0 3192 
2 2 0 3188 
3 2 3193 3194 
1 2 0 3195 
2 2 0 3192 
3 2 3196 3197 
1 2 0 3198 
2 2 0 3195 
3 2 3199 3200 
1 2 0 3201 
1 2 0 3202 
2 2 0 3201 
3 2 3203 3204 
1 2 0 3205 
4 1 0 
4 2 0 3140 
4 2 0 3143 
4 2 0 3144 
4 2 0 3145 
4 2 0 3148 
4 2 0 3149 
4 2 0 3152 
4 2 0 3153 
4 2 0 3154 
4 2 0 3157 
4 2 0 3158 
4 2 0 3161 
4 2 0 3162 
4 2 0 3163 
4 2 0 3166 
4 2 0 3169 
4 2 0 3170 
4 2 0 3173 
4 2 0 3174 
4 2 0 3177 
4 2 0 3178 
4 2 0 3181 
4 2 0 3182 
4 2 0 3185 
4 2 0 3188 
4 2 0 3189 
4 2 0 3192 
4 2 0 3195 
4 2 0 3198 
4 2 0 3201 
4 2 0 3202 
4 2 0 3205 
4 2 0 3206 
1 1 0 
1 2 0 3241 
1 2 0 3242 
1 2 0 3243 
2 1 0 
2 2 0 3242 
3 3 3244 3245 3246 
1 2 0 3247 
1 2 0 3248 
1 2 0 3249 
2 2 0 3248 
3 2 3250 3251 
1 2 0 3252 
1 2 0 3253 
2 2 0 3252 
3 2 3254 3255 
1 2 0 3256 
1 2 0 3257 
2 2 0 3256 
3 2 3258 3259 
1 2 0 3260 
2 2 0 3257 
3 2 3261 3262 
1 2 0 3263 
2 2 0 3260 
3 2 3264 3265 
1 2 0 3266 
1 2 0 3267 
1 2 0 3268 
2 2 0 3267 
3 2 3269 3270 
1 2 0 3271 
1 2 0 3272 
1 2 0 3273 
2 2 0 3272 
3 2 3274 3275 
1 2 0 3276 
1 2 0 3277 
1 2 0 3278 
2 2 0 3277 
3 2 3279 3280 
1 2 0 3281 
1 2 0 3282 
2 2 0 3281 
3 2 3283 3284 
1 2 0 3285 
1 2 0 3286 
2 2 0 3285 
3 2 3287 3288 
1 2 0 3289 
2 2 0 3286 
3 2 3290 3291 
1 2 0 3292 
2 2 0 3289 
3 2 3293 3294 
1 2 0 3295 
1 2 0 3296 
1 2 0 3297 
1 2 0 3298 
2 2 0 3297 
3 2 3299 3300 
1 2 0 3301 
1 2 0 3302 
1 2 0 3303 
1 2 0 3304 
2 2 0 3303 
3 2 3305 3306 
1 2 0 3307 
4 1 0 
4 2 0 3241 
4 2 0 3242 
4 2 0 3243 
4 2 0 3247 
4 2 0 3248 
4 2 0 3249 
4 2 0 3252 
4 2 0 3253 
4 2 0 3256 
4 2 0 3257 
4 2 0 3260 
4 2 0 3263 
4 2 0 3266 
4 2 0 3267 
4 2 0 3268 
4 2 0 3271 
4 2 0 3272 
4 2 0 3273 
4 2 0 3276 
4 2 0 3277 
4 2 0 3278 
4 2 0 3281 
4 2 0 3282 
4 2 0 3285 
4 2 0 3286 
4 2 0 3289 
4 2 0 3292 
4 2 0 3295 
4 2 0 3296 
4 2 0 3297 
4 2 0 3298 
4 2 0 3301 
4 2 0 3302 
4 2 0 3303 
4 2 0 3304 
4 2 0 3307 
4 2 0 3308 
1 1 0 
1 2 0 3347 
2 1 0 
3 2 3348 3349 
1 2 0 3350 
2 2 0 3347 
3 2 3351 3352 
1 2 0 3353 
2 2 0 3350 
3 2 3354 3355 
1 2 0 3356 
1 2 0 3357 
1 2 0 3358 
1 2 0 3359 
1 2 0 3360 
1 2 0 3361 
1 2 0 3362 
2 2 0 3361 
3 2 3363 3364 
1 2 0 3365 
1 2 0 3366 
2 2 0 3365 
3 2 3367 3368 
1 2 0 3369 
1 2 0 3370 
1 2 0 3371 
1 2 0 3372 
2 2 0 3371 
3 2 3373 3374 
1 2 0 3375 
2 2 0 3372 
3 2 3376 3377 
1 2 0 3378 
1 2 0 3379 
4 1 0 
4 2 0 3347 
4 2 0 3350 
4 2 0 3353 
4 2 0 3356 
4 2 0 3357 
4 2 0 3358 
4 2 0 3359 
4 2 0 3360 
4 2 0 3361 
4 2 0 3362 
4 2 0 3365 
4 2 0 3366 
4 2 0 3369 
4 2 0 3370 
4 2 0 3371 
4 2 0 3372 
4 2 0 3375 
4 2 0 3378 
4 2 0 3379 
4 2 0 3380 
1 1 0 
1 2 0 3402 
2 1 0 
3 2 3403 3404 
1 2 0 3405 
2 1 0 
2 2 0 3402 
3 3 3406 3407 3408 
1 2 0 3409 
1 2 0 3410 
1 2 0 3411 
1 2 0 3412 
1 2 0 3413 
2 2 0 3412 
3 2 3414 3415 
1 2 0 3416 
1 2 0 3417 
2 2 0 3416 
3 2 3418 3419 
1 2 0 3420 
2 2 0 3416 
3 2 3421 3422 
1 2 0 3423 
1 2 0 3424 
1 2 0 3425 
2 2 0 3424 
3 2 3426 3427 
1 2 0 3428 
1 2 0 3429 
2 2 0 3428 
3 2 3430 3431 
1 2 0 3432 
2 2 0 3429 
3 2 3433 3434 
1 2 0 3435 
1 2 0 3436 
1 2 0 3437 
2 2 0 3436 
3 2 3438 3439 
1 2 0 3440 
1 2 0 3441 
1 2 0 3442 
2 2 0 3441 
3 2 3443 3444 
1 2 0 3445 
1 2 0 3446 
2 2 0 3445 
3 2 3447 3448 
1 2 0 3449 
1 2 0 3450 
2 2 0 3449 
3 2 3451 3452 
1 2 0 3453 
1 2 0 3454 
1 2 0 3455 
2 2 0 3454 
3 2 3456 3457 
1 2 0 3458 
1 2 0 3459 
2 2 0 3458 
3 2 3460 3461 
1 2 0 3462 
2 2 0 3459 
3 2 3463 3464 
1 2 0 3465 
1 2 0 3466 
2 2 0 3465 
3 2 3467 3468 
1 2 0 3469 
1 2 0 3470 
2 2 0 3469 
3 2 3471 3472 
1 2 0 3473 
1 2 0 3474 
2 2 0 3473 
3 2 3475 3476 
1 2 0 3477 
1 2 0 3478 
1 2 0 3479 
1 2 0 3480 
1 2 0 3481 
2 2 0 3480 
3 2 3482 3483 
1 2 0 3484 
1 2 0 3485 
1 2 0 3486 
2 2 0 3485 
3 2 3487 3488 
1 2 0 3489 
1 2 0 3490 
1 2 0 3491 
2 2 0 3490 
3 2 3492 3493 
1 2 0 3494 
1 2 0 3495 
2 2 0 3494 
3 2 3496 3497 
1 2 0 3498 
1 2 0 3499 
1 2 0 3500 
2 2 0 3499 
3 2 3501 3502 
1 2 0 3503 
1 2 0 3504 
2 2 0 3503 
3 2 3505 3506 
1 2 0 3507 
1 2 0 3508 
1 2 0 3509 
2 2 0 3508 
3 2 3510 3511 
1 2 0 3512 
1 2 0 3513 
1 2 0 3514 
2 2 0 3513 
3 2 3515 3516 
1 2 0 3517 
1 2 0 3518 
2 2 0 3517 
3 2 3519 3520 
1 2 0 3521 
1 2 0 3522 
2 2 0 3521 
3 2 3523 3524 
1 2 0 3525 
1 2 0 3526 
1 2 0 3527 
1 2 0 3528 
1 2 0 3529 
2 2 0 3528 
3 2 3530 3531 
1 2 0 3532 
4 1 0 
4 2 0 3402 
4 2 0 3405 
4 2 0 3409 
4 2 0 3410 
4 2 0 3411 
4 2 0 3412 
4 2 0 3413 
4 2 0 3416 
4 2 0 3417 
4 2 0 3420 
4 2 0 3423 
4 2 0 3424 
4 2 0 3425 
4 2 0 3428 
4 2 0 3429 
4 2 0 3432 
4 2 0 3435 
4 2 0 3436 
4 2 0 3437 
4 2 0 3440 
4 2 0 3441 
4 2 0 3442 
4 2 0 3445 
4 2 0 3446 
4 2 0 3449 
4 2 0 3450 
4 2 0 3453 
4 2 0 3454 
4 2 0 3455 
4 2 0 3458 
4 2 0 3459 
4 2 0 3462 
4 2 0 3465 
4 2 0 3466 
4 2 0 3469 
4 2 0 3470 
4 2 0 3473 
4 2 0 3474 
4 2 0 3477 
4 2 0 3478 
4 2 0 3479 
4 2 0 3480 
4 2 0 3481 
4 2 0 3484 
4 2 0 3485 
4 2 0 3486 
4 2 0 3489 
4 2 0 3490 
4 2 0 3491 
4 2 0 3494 
4 2 0 3495 
4 2 0 3498 
4 2 0 3499 
4 2 0 3500 
4 2 0 3503 
4 2 0 3504 
4 2 0 3507 
4 2 0 3508 
4 2 0 3509 
4 2 0 3512 
4 2 0 3513 
4 2 0 3514 
4 2 0 3517 
4 2 0 3518 
4 2 0 3521 
4 2 0 3522 
4 2 0 3525 
4 2 0 3526 
4 2 0 3527 
4 2 0 3528 
4 2 0 3529 
4 2 0 3532 
4 2 0 3533 
1 1 0 
1 2 0 3608 
1 2 0 3609 
2 2 0 3608 
3 2 3610 3611 
1 2 0 3612 
2 2 0 3609 
3 2 3613 3614 
1 2 0 3615 
2 2 0 3612 
3 2 3616 3617 
1 2 0 3618 
1 2 0 3619 
1 2 0 3620 
1 2 0 3621 
2 2 0 3620 
3 2 3622 3623 
1 2 0 3624 
1 2 0 3625 
1 2 0 3626 
2 2 0 3625 
3 2 3627 3628 
1 2 0 3629 
1 2 0 3630 
2 2 0 3629 
3 2 3631 3632 
1 2 0 3633 
1 2 0 3634 
2 2 0 3633 
3 2 3635 3636 
1 2 0 3637 
2 2 0 3633 
2 2 0 3634 
3 3 3638 3639 3640 
1 2 0 3641 
2 2 0 3633 
2 2 0 3634 
2 2 0 3637 
3 4 3642 3643 3644 3645 
1 2 0 3646 
2 2 0 3634 
2 2 0 3637 
2 2 0 3641 
3 4 3647 3648 3649 3650 
1 2 0 3651 
2 2 0 3646 
3 2 3652 3653 
1 2 0 3654 
1 2 0 3655 
1 2 0 3656 
1 2 0 3657 
2 2 0 3656 
3 2 3658 3659 
1 2 0 3660 
1 2 0 3661 
1 2 0 3662 
1 2 0 3663 
1 2 0 3664 
2 2 0 3663 
3 2 3665 3666 
1 2 0 3667 
1 2 0 3668 
2 2 0 3667 
3 2 3669 3670 
1 2 0 3671 
2 2 0 3667 
2 2 0 3668 
3 3 3672 3673 3674 
1 2 0 3675 
2 2 0 3671 
3 2 3676 3677 
1 2 0 3678 
1 2 0 3679 
1 2 0 3680 
2 2 0 3679 
3 2 3681 3682 
1 2 0 3683 
1 2 0 3684 
1 2 0 3685 
2 2 0 3684 
3 2 3686 3687 
1 2 0 3688 
2 2 0 3685 
3 2 3689 3690 
1 2 0 3691 
2 2 0 3688 
3 2 3692 3693 
1 2 0 3694 
1 2 0 3695 
1 2 0 3696 
1 2 0 3697 
1 2 0 3698 
1 2 0 3699 
1 2 0 3700 
1 2 0 3701 
2 2 0 3700 
3 2 3702 3703 
1 2 0 3704 
1 2 0 3705 
2 2 0 3704 
3 2 3706 3707 
1 2 0 3708 
1 2 0 3709 
1 2 0 3710 
2 2 0 3709 
3 2 3711 3712 
1 2 0 3713 
2 2 0 3710 
3 2 3714 3715 
1 2 0 3716 
1 2 0 3717 
2 2 0 3716 
3 2 3718 3719 
1 2 0 3720 
1 2 0 3721 
1 2 0 3722 
1 2 0 3723 
2 2 0 3722 
3 2 3724 3725 
1 2 0 3726 
1 2 0 3727 
1 2 0 3728 
2 2 0 3727 
3 2 3729 3730 
1 2 0 3731 
1 2 0 3732 
1 2 0 3733 
2 2 0 3732 
3 2 3734 3735 
1 2 0 3736 
1 2 0 3737 
1 2 0 3738 
1 2 0 3739 
2 2 0 3738 
3 2 3740 3741 
1 2 0 3742 
1 2 0 3743 
1 2 0 3744 
2 2 0 3743 
3 2 3745 3746 
1 2 0 3747 
2 2 0 3743 
2 2 0 3744 
3 3 3748 3749 3750 
1 2 0 3751 
2 2 0 3743 
2 2 0 3744 
2 2 0 3747 
3 4 3752 3753 3754 3755 
1 2 0 3756 
2 2 0 3747 
2 2 0 3751 
3 3 3757 3758 3759 
1 2 0 3760 
1 2 0 3761 
2 2 0 3760 
3 2 3762 3763 
1 2 0 3764 
1 2 0 3765 
1 2 0 3766 
2 2 0 3765 
3 2 3767 3768 
1 2 0 3769 
1 2 0 3770 
2 2 0 3769 
3 2 3771 3772 
1 2 0 3773 
2 2 0 3770 
3 2 3774 3775 
1 2 0 3776 
1 2 0 3777 
2 2 0 3776 
3 2 3778 3779 
1 2 0 3780 
2 2 0 3776 
3 2 3781 3782 
1 2 0 3783 
1 2 0 3784 
1 2 0 3785 
2 2 0 3784 
3 2 3786 3787 
1 2 0 3788 
4 1 0 
4 2 0 3608 
4 2 0 3609 
4 2 0 3612 
4 2 0 3615 
4 2 0 3618 
4 2 0 3619 
4 2 0 3620 
4 2 0 3621 
4 2 0 3624 
4 2 0 3625 
4 2 0 3626 
4 2 0 3629 
4 2 0 3630 
4 2 0 3633 
4 2 0 3634 
4 2 0 3637 
4 2 0 3641 
4 2 0 3646 
4 2 0 3651 
4 2 0 3654 
4 2 0 3655 
4 2 0 3656 
4 2 0 3657 
4 2 0 3660 
4 2 0 3661 
4 2 0 3662 
4 2 0 3663 
4 2 0 3664 
4 2 0 3667 
4 2 0 3668 
4 2 0 3671 
4 2 0 3675 
4 2 0 3678 
4 2 0 3679 
4 2 0 3680 
4 2 0 3683 
4 2 0 3684 
4 2 0 3685 
4 2 0 3688 
4 2 0 3691 
4 2 0 3694 
4 2 0 3695 
4 2 0 3696 
4 2 0 3697 
4 2 0 3698 
4 2 0 3699 
4 2 0 3700 
4 2 0 3701 
4 2 0 3704 
4 2 0 3705 
4 2 0 3708 
4 2 0 3709 
4 2 0 3710 
4 2 0 3713 
4 2 0 3716 
4 2 0 3717 
4 2 0 3720 
4 2 0 3721 
4 2 0 3722 
4 2 0 3723 
4 2 0 3726 
4 2 0 3727 
4 2 0 3728 
4 2 0 3731 
4 2 0 3732 
4 2 0 3733 
4 2 0 3736 
4 2 0 3737 
4 2 0 3738 
4 2 0 3739 
4 2 0 3742 
4 2 0 3743 
4 2 0 3744 
4 2 0 3747 
4 2 0 3751 
4 2 0 3756 
4 2 0 3760 
4 2 0 3761 
4 2 0 3764 
4 2 0 3765 
4 2 0 3766 
4 2 0 3769 
4 2 0 3770 
4 2 0 3773 
4 2 0 3776 
4 2 0 3777 
4 2 0 3780 
4 2 0 3783 
4 2 0 3784 
4 2 0 3785 
4 2 0 3788 
4 2 0 3789 
1 1 0 
1 2 0 3883 
2 1 0 
3 2 3884 3885 
1 2 0 3886 
1 2 0 3887 
1 2 0 3888 
1 2 0 3889 
2 2 0 3888 
3 2 3890 3891 
1 2 0 3892 
1 2 0 3893 
2 2 0 3892 
3 2 3894 3895 
1 2 0 3896 
4 1 0 
4 2 0 3883 
4 2 0 3886 
4 2 0 3887 
4 2 0 3888 
4 2 0 3889 
4 2 0 3892 
4 2 0 3893 
4 2 0 3896 
4 2 0 3897 
1 1 0 
1 2 0 3908 
1 2 0 3909 
1 2 0 3910 
1 2 0 3911 
1 2 0 3912 
1 2 0 3913 
2 2 0 3912 
3 2 3914 3915 
1 2 0 3916 
1 2 0 3917 
1 2 0 3918 
2 2 0 3917 
3 2 3919 3920 
1 2 0 3921 
1 2 0 3922 
1 2 0 3923 
2 2 0 3922 
3 2 3924 3925 
1 2 0 3926 
1 2 0 3927 
1 2 0 3928 
1 2 0 3929 
2 2 0 3928 
3 2 3930 3931 
1 2 0 3932 
4 1 0 
4 2 0 3908 
4 2 0 3909 
4 2 0 3910 
4 2 0 3911 
4 2 0 3912 
4 2 0 3913 
4 2 0 3916 
4 2 0 3917 
4 2 0 3918 
4 2 0 3921 
4 2 0 3922 
4 2 0 3923 
4 2 0 3926 
4 2 0 3927 
4 2 0 3928 
4 2 0 3929 
4 2 0 3932 
4 2 0 3933 
1 1 0 
1 2 0 3953 
1 2 0 3954 
1 2 0 3955 
1 2 0 3956 
2 2 0 3955 
3 2 3957 3958 
1 2 0 3959 
2 2 0 3956 
3 2 3960 3961 
1 2 0 3962 
1 2 0 3963 
1 2 0 3964 
2 2 0 3963 
3 2 3965 3966 
1 2 0 3967 
4 1 0 
4 2 0 3953 
4 2 0 3954 
4 2 0 3955 
4 2 0 3956 
4 2 0 3959 
4 2 0 3962 
4 2 0 3963 
4 2 0 3964 
4 2 0 3967 
4 2 0 3968 
1 1 0 
1 2 0 3980 
1 2 0 3981 
1 2 0 3982 
1 2 0 3983 
1 2 0 3984 
2 2 0 3983 
3 2 3985 3986 
1 2 0 3987 
1 2 0 3988 
1 2 0 3989 
2 2 0 3988 
3 2 3990 3991 
1 2 0 3992 
1 2 0 3993 
2 2 0 3992 
3 2 3994 3995 
1 2 0 3996 
1 2 0 3997 
2 2 0 3996 
3 2 3998 3999 
1 2 0 4000 
1 2 0 4001 
2 2 0 4000 
3 2 4002 4003 
1 2 0 4004 
1 2 0 4005 
1 2 0 4006 
1 2 0 4007 
1 2 0 4008 
2 2 0 4007 
3 2 4009 4010 
1 2 0 4011 
1 2 0 4012 
2 2 0 4011 
3 2 4013 4014 
1 2 0 4015 
1 2 0 4016 
1 2 0 4017 
2 2 0 4016 
3 2 4018 4019 
1 2 0 4020 
1 2 0 4021 
2 2 0 4020 
3 2 4022 4023 
1 2 0 4024 
4 1 0 
4 2 0 3980 
4 2 0 3981 
4 2 0 3982 
4 2 0 3983 
4 2 0 3984 
4 2 0 3987 
4 2 0 3988 
4 2 0 3989 
4 2 0 3992 
4 2 0 3993 
4 2 0 3996 
4 2 0 3997 
4 2 0 4000 
4 2 0 4001 
4 2 0 4004 
4 2 0 4005 
4 2 0 4006 
4 2 0 4007 
4 2 0 4008 
4 2 0 4011 
4 2 0 4012 
4 2 0 4015 
4 2 0 4016 
4 2 0 4017 
4 2 0 4020 
4 2 0 4021 
4 2 0 4024 
4 2 0 4025 
1 1 0 
1 2 0 4055 
2 1 0 
3 2 4056 4057 
1 2 0 4058 
2 2 0 4055 
3 2 4059 4060 
1 2 0 4061 
1 2 0 4062 
2 2 0 4061 
3 2 4063 4064 
1 2 0 4065 
1 2 0 4066 
1 2 0 4067 
2 2 0 4066 
3 2 4068 4069 
1 2 0 4070 
1 2 0 4071 
1 2 0 4072 
1 2 0 4073 
1 2 0 4074 
1 2 0 4075 
1 2 0 4076 
1 2 0 4077 
1 2 0 4078 
1 2 0 4079 
1 2 0 4080 
2 2 0 4079 
3 2 4081 4082 
1 2 0 4083 
1 2 0 4084 
2 2 0 4083 
3 2 4085 4086 
1 2 0 4087 
1 2 0 4088 
1 2 0 4089 
1 2 0 4090 
1 2 0 4091 
1 2 0 4092 
1 2 0 4093 
1 2 0 4094 
2 2 0 4093 
3 2 4095 4096 
1 2 0 4097 
1 2 0 4098 
1 2 0 4099 
1 2 0 4100 
1 2 0 4101 
2 2 0 4100 
3 2 4102 4103 
1 2 0 4104 
1 2 0 4105 
2 2 0 4104 
3 2 4106 4107 
1 2 0 4108 
1 2 0 4109 
1 2 0 4110 
1 2 0 4111 
1 2 0 4112 
2 2 0 4111 
3 2 4113 4114 
1 2 0 4115 
1 2 0 4116 
2 2 0 4115 
3 2 4117 4118 
1 2 0 4119 
1 2 0 4120 
1 2 0 4121 
1 2 0 4122 
1 2 0 4123 
1 2 0 4124 
1 2 0 4125 
1 2 0 4126 
2 2 0 4125 
3 2 4127 4128 
1 2 0 4129 
1 2 0 4130 
1 2 0 4131 
1 2 0 4132 
2 2 0 4131 
3 2 4133 4134 
1 2 0 4135 
1 2 0 4136 
2 2 0 4135 
3 2 4137 4138 
1 2 0 4139 
1 2 0 4140 
2 2 0 4139 
3 2 4141 4142 
1 2 0 4143 
2 2 0 4140 
3 2 4144 4145 
1 2 0 4146 
2 2 0 4143 
3 2 4147 4148 
1 2 0 4149 
1 2 0 4150 
1 2 0 4151 
1 2 0 4152 
1 2 0 4153 
2 2 0 4152 
3 2 4154 4155 
1 2 0 4156 
2 2 0 4153 
3 2 4157 4158 
1 2 0 4159 
1 2 0 4160 
1 2 0 4161 
1 2 0 4162 
1 2 0 4163 
1 2 0 4164 
1 2 0 4165 
2 2 0 4164 
3 2 4166 4167 
1 2 0 4168 
2 2 0 4165 
3 2 4169 4170 
1 2 0 4171 
2 2 0 4168 
3 2 4172 4173 
1 2 0 4174 
2 2 0 4171 
3 2 4175 4176 
1 2 0 4177 
4 1 0 
4 2 0 4055 
4 2 0 4058 
4 2 0 4061 
4 2 0 4062 
4 2 0 4065 
4 2 0 4066 
4 2 0 4067 
4 2 0 4070 
4 2 0 4071 
4 2 0 4072 
4 2 0 4073 
4 2 0 4074 
4 2 0 4075 
4 2 0 4076 
4 2 0 4077 
4 2 0 4078 
4 2 0 4079 
4 2 0 4080 
4 2 0 4083 
4 2 0 4084 
4 2 0 4087 
4 2 0 4088 
4 2 0 4089 
4 2 0 4090 
4 2 0 4091 
4 2 0 4092 
4 2 0 4093 
4 2 0 4094 
4 2 0 4097 
4 2 0 4098 
4 2 0 4099 
4 2 0 4100 
4 2 0 4101 
4 2 0 4104 
4 2 0 4105 
4 2 0 4108 
4 2 0 4109 
4 2 0 4110 
4 2 0 4111 
4 2 0 4112 
4 2 0 4115 
4 2 0 4116 
4 2 0 4119 
4 2 0 4120 
4 2 0 4121 
4 2 0 4122 
4 2 0 4123 
4 2 0 4124 
4 2 0 4125 
4 2 0 4126 
4 2 0 4129 
4 2 0 4130 
4 2 0 4131 
4 2 0 4132 
4 2 0 4135 
4 2 0 4136 
4 2 0 4139 
4 2 0 4140 
4 2 0 4143 
4 2 0 4146 
4 2 0 4149 
4 2 0 4150 
4 2 0 4151 
4 2 0 4152 
4 2 0 4153 
4 2 0 4156 
4 2 0 4159 
4 2 0 4160 
4 2 0 4161 
4 2 0 4162 
4 2 0 4163 
4 2 0 4164 
4 2 0 4165 
4 2 0 4168 
4 2 0 4171 
4 2 0 4174 
4 2 0 4177 
4 2 0 4178 
1 1 0 
1 2 0 4258 
2 1 0 
3 2 4259 4260 
1 2 0 4261 
1 2 0 4262 
1 2 0 4263 
2 2 0 4262 
3 2 4264 4265 
1 2 0 4266 
2 2 0 4263 
3 2 4267 4268 
1 2 0 4269 
2 2 0 4266 
3 2 4270 4271 
1 2 0 4272 
1 2 0 4273 
1 2 0 4274 
1 2 0 4275 
1 2 0 4276 
2 2 0 4275 
3 2 4277 4278 
1 2 0 4279 
1 2 0 4280 
1 2 0 4281 
1 2 0 4282 
2 2 0 4281 
3 2 4283 4284 
1 2 0 4285 
2 2 0 4281 
2 2 0 4282 
3 3 4286 4287 4288 
1 2 0 4289 
1 2 0 4290 
1 2 0 4291 
1 2 0 4292 
2 2 0 4291 
3 2 4293 4294 
1 2 0 4295 
2 2 0 4291 
2 2 0 4292 
3 3 4296 4297 4298 
1 2 0 4299 
1 2 0 4300 
1 2 0 4301 
2 2 0 4300 
3 2 4302 4303 
1 2 0 4304 
2 2 0 4301 
3 2 4305 4306 
1 2 0 4307 
1 2 0 4308 
4 1 0 
4 2 0 4258 
4 2 0 4261 
4 2 0 4262 
4 2 0 4263 
4 2 0 4266 
4 2 0 4269 
4 2 0 4272 
4 2 0 4273 
4 2 0 4274 
4 2 0 4275 
4 2 0 4276 
4 2 0 4279 
4 2 0 4280 
4 2 0 4281 
4 2 0 4282 
4 2 0 4285 
4 2 0 4289 
4 2 0 4290 
4 2 0 4291 
4 2 0 4292 
4 2 0 4295 
4 2 0 4299 
4 2 0 4300 
4 2 0 4301 
4 2 0 4304 
4 2 0 4307 
4 2 0 4308 
4 2 0 4309 
1 1 0 
1 2 0 4339 
1 2 0 4340 
1 2 0 4341 
1 2 0 4342 
1 2 0 4343 
1 2 0 4344 
2 2 0 4343 
3 2 4345 4346 
1 2 0 4347 
2 2 0 4343 
3 2 4348 4349 
1 2 0 4350 
1 2 0 4351 
1 2 0 4352 
2 2 0 4351 
3 2 4353 4354 
1 2 0 4355 
2 2 0 4352 
3 2 4356 4357 
1 2 0 4358 
1 2 0 4359 
1 2 0 4360 
2 2 0 4359 
3 2 4361 4362 
1 2 0 4363 
4 1 0 
4 2 0 4339 
4 2 0 4340 
4 2 0 4341 
4 2 0 4342 
4 2 0 4343 
4 2 0 4344 
4 2 0 4347 
4 2 0 4350 
4 2 0 4351 
4 2 0 4352 
4 2 0 4355 
4 2 0 4358 
4 2 0 4359 
4 2 0 4360 
4 2 0 4363 
4 2 0 4364 
1 1 0 
1 2 0 4382 
2 1 0 
3 2 4383 4384 
1 2 0 4385 
1 2 0 4386 
1 2 0 4387 
2 2 0 4386 
3 2 4388 4389 
1 2 0 4390 
1 2 0 4391 
1 2 0 4392 
2 2 0 4391 
3 2 4393 4394 
1 2 0 4395 
1 2 0 4396 
1 2 0 4397 
1 2 0 4398 
1 2 0 4399 
2 2 0 4398 
3 2 4400 4401 
1 2 0 4402 
1 2 0 4403 
1 2 0 4404 
2 2 0 4403 
3 2 4405 4406 
1 2 0 4407 
1 2 0 4408 
1 2 0 4409 
1 2 0 4410 
2 2 0 4409 
3 2 4411 4412 
1 2 0 4413 
1 2 0 4414 
1 2 0 4415 
1 2 0 4416 
2 2 0 4415 
3 2 4417 4418 
1 2 0 4419 
2 2 0 4416 
3 2 4420 4421 
1 2 0 4422 
1 2 0 4423 
1 2 0 4424 
1 2 0 4425 
4 1 0 
4 2 0 4382 
4 2 0 4385 
4 2 0 4386 
4 2 0 4387 
4 2 0 4390 
4 2 0 4391 
4 2 0 4392 
4 2 0 4395 
4 2 0 4396 
4 2 0 4397 
4 2 0 4398 
4 2 0 4399 
4 2 0 4402 
4 2 0 4403 
4 2 0 4404 
4 2 0 4407 
4 2 0 4408 
4 2 0 4409 
4 2 0 4410 
4 2 0 4413 
4 2 0 4414 
4 2 0 4415 
4 2 0 4416 
4 2 0 4419 
4 2 0 4422 
4 2 0 4423 
4 2 0 4424 
4 2 0 4425 
4 2 0 4426 
1 1 0 
1 2 0 4457 
2 1 0 
3 2 4458 4459 
1 2 0 4460 
1 2 0 4461 
2 2 0 4460 
3 2 4462 4463 
1 2 0 4464 
1 2 0 4465 
1 2 0 4466 
2 2 0 4465 
3 2 4467 4468 
1 2 0 4469 
1 2 0 4470 
2 2 0 4469 
3 2 4471 4472 
1 2 0 4473 
2 2 0 4470 
3 2 4474 4475 
1 2 0 4476 
1 2 0 4477 
1 2 0 4478 
2 2 0 4477 
3 2 4479 4480 
1 2 0 4481 
1 2 0 4482 
2 2 0 4481 
3 2 4483 4484 
1 2 0 4485 
1 2 0 4486 
4 1 0 
4 2 0 4457 
4 2 0 4460 
4 2 0 4461 
4 2 0 4464 
4 2 0 4465 
4 2 0 4466 
4 2 0 4469 
4 2 0 4470 
4 2 0 4473 
4 2 0 4476 
4 2 0 4477 
4 2 0 4478 
4 2 0 4481 
4 2 0 4482 
4 2 0 4485 
4 2 0 4486 
4 2 0 4487 
1 1 0 
1 2 0 4506 
2 1 0 
3 2 4507 4508 
1 2 0 4509 
1 2 0 4510 
2 2 0 4509 
3 2 4511 4512 
1 2 0 4513 
1 2 0 4514 
1 2 0 4515 
1 2 0 4516 
2 2 0 4515 
3 2 4517 4518 
1 2 0 4519 
1 2 0 4520 
2 2 0 4519 
3 2 4521 4522 
1 2 0 4523 
1 2 0 4524 
1 2 0 4525 
2 2 0 4524 
3 2 4526 4527 
1 2 0 4528 
1 2 0 4529 
1 2 0 4530 
2 2 0 4529 
3 2 4531 4532 
1 2 0 4533 
2 2 0 4530 
3 2 4534 4535 
1 2 0 4536 
1 2 0 4537 
1 2 0 4538 
2 2 0 4537 
3 2 4539 4540 
1 2 0 4541 
1 2 0 4542 
1 2 0 4543 
2 2 0 4542 
3 2 4544 4545 
1 2 0 4546 
1 2 0 4547 
2 2 0 4546 
3 2 4548 4549 
1 2 0 4550 
1 2 0 4551 
1 2 0 4552 
1 2 0 4553 
2 2 0 4552 
3 2 4554 4555 
1 2 0 4556 
1 2 0 4557 
2 2 0 4556 
3 2 4558 4559 
1 2 0 4560 
1 2 0 4561 
1 2 0 4562 
1 2 0 4563 
2 2 0 4562 
3 2 4564 4565 
1 2 0 4566 
2 2 0 4563 
3 2 4567 4568 
1 2 0 4569 
1 2 0 4570 
2 2 0 4569 
3 2 4571 4572 
1 2 0 4573 
1 2 0 4574 
1 2 0 4575 
2 2 0 4574 
3 2 4576 4577 
1 2 0 4578 
1 2 0 4579 
1 2 0 4580 
1 2 0 4581 
1 2 0 4582 
2 2 0 4581 
3 2 4583 4584 
1 2 0 4585 
1 2 0 4586 
2 2 0 4581 
2 2 0 4585 
3 3 4587 4588 4589 
1 2 0 4590 
1 2 0 4591 
1 2 0 4592 
2 2 0 4591 
3 2 4593 4594 
1 2 0 4595 
1 2 0 4596 
2 2 0 4595 
3 2 4597 4598 
1 2 0 4599 
2 2 0 4596 
3 2 4600 4601 
1 2 0 4602 
1 2 0 4603 
2 2 0 4602 
3 2 4604 4605 
1 2 0 4606 
1 2 0 4607 
1 2 0 4608 
1 2 0 4609 
2 2 0 4608 
3 2 4610 4611 
1 2 0 4612 
2 2 0 4609 
3 2 4613 4614 
1 2 0 4615 
1 2 0 4616 
1 2 0 4617 
2 2 0 4616 
3 2 4618 4619 
1 2 0 4620 
1 2 0 4621 
1 2 0 4622 
1 2 0 4623 
1 2 0 4624 
2 2 0 4623 
3 2 4625 4626 
1 2 0 4627 
1 2 0 4628 
1 2 0 4629 
2 2 0 4628 
3 2 4630 4631 
1 2 0 4632 
2 2 0 4629 
3 2 4633 4634 
1 2 0 4635 
2 2 0 4632 
3 2 4636 4637 
1 2 0 4638 
1 2 0 4639 
1 2 0 4640 
1 2 0 4641 
1 2 0 4642 
1 2 0 4643 
1 2 0 4644 
1 2 0 4645 
2 2 0 4644 
3 2 4646 4647 
1 2 0 4648 
1 2 0 4649 
1 2 0 4650 
1 2 0 4651 
2 2 0 4650 
3 2 4652 4653 
1 2 0 4654 
1 2 0 4655 
1 2 0 4656 
2 2 0 4655 
3 2 4657 4658 
1 2 0 4659 
1 2 0 4660 
1 2 0 4661 
1 2 0 4662 
2 2 0 4661 
3 2 4663 4664 
1 2 0 4665 
1 2 0 4666 
1 2 0 4667 
1 2 0 4668 
2 2 0 4667 
3 2 4669 4670 
1 2 0 4671 
1 2 0 4672 
1 2 0 4673 
1 2 0 4674 
2 2 0 4673 
3 2 4675 4676 
1 2 0 4677 
4 1 0 
4 2 0 4506 
4 2 0 4509 
4 2 0 4510 
4 2 0 4513 
4 2 0 4514 
4 2 0 4515 
4 2 0 4516 
4 2 0 4519 
4 2 0 4520 
4 2 0 4523 
4 2 0 4524 
4 2 0 4525 
4 2 0 4528 
4 2 0 4529 
4 2 0 4530 
4 2 0 4533 
4 2 0 4536 
4 2 0 4537 
4 2 0 4538 
4 2 0 4541 
4 2 0 4542 
4 2 0 4543 
4 2 0 4546 
4 2 0 4547 
4 2 0 4550 
4 2 0 4551 
4 2 0 4552 
4 2 0 4553 
4 2 0 4556 
4 2 0 4557 
4 2 0 4560 
4 2 0 4561 
4 2 0 4562 
4 2 0 4563 
4 2 0 4566 
4 2 0 4569 
4 2 0 4570 
4 2 0 4573 
4 2 0 4574 
4 2 0 4575 
4 2 0 4578 
4 2 0 4579 
4 2 0 4580 
4 2 0 4581 
4 2 0 4582 
4 2 0 4585 
4 2 0 4586 
4 2 0 4590 
4 2 0 4591 
4 2 0 4592 
4 2 0 4595 
4 2 0 4596 
4 2 0 4599 
4 2 0 4602 
4 2 0 4603 
4 2 0 4606 
4 2 0 4607 
4 2 0 4608 
4 2 0 4609 
4 2 0 4612 
4 2 0 4615 
4 2 0 4616 
4 2 0 4617 
4 2 0 4620 
4 2 0 4621 
4 2 0 4622 
4 2 0 4623 
4 2 0 4624 
4 2 0 4627 
4 2 0 4628 
4 2 0 4629 
4 2 0 4632 
4 2 0 4635 
4 2 0 4638 
4 2 0 4639 
4 2 0 4640 
4 2 0 4641 
4 2 0 4642 
4 2 0 4643 
4 2 0 4644 
4 2 0 4645 
4 2 0 4648 
4 2 0 4649 
4 2 0 4650 
4 2 0 4651 
4 2 0 4654 
4 2 0 4655 
4 2 0 4656 
4 2 0 4659 
4 2 0 4660 
4 2 0 4661 
4 2 0 4662 
4 2 0 4665 
4 2 0 4666 
4 2 0 4667 
4 2 0 4668 
4 2 0 4671 
4 2 0 4672 
4 2 0 4673 
4 2 0 4674 
4 2 0 4677 
4 2 0 4678 
1 1 0 
1 2 0 4782 
2 1 0 
3 2 4783 4784 
1 2 0 4785 
1 2 0 4786 
1 2 0 4787 
1 2 0 4788 
1 2 0 4789 
1 2 0 4790 
1 2 0 4791 
2 2 0 4790 
3 2 4792 4793 
1 2 0 4794 
2 2 0 4791 
3 2 4795 4796 
1 2 0 4797 
2 2 0 4790 
3 2 4798 4799 
1 2 0 4800 
1 2 0 4801 
1 2 0 4802 
1 2 0 4803 
2 2 0 4802 
3 2 4804 4805 
1 2 0 4806 
1 2 0 4807 
2 2 0 4806 
3 2 4808 4809 
1 2 0 4810 
1 2 0 4811 
1 2 0 4812 
4 1 0 
4 2 0 4782 
4 2 0 4785 
4 2 0 4786 
4 2 0 4787 
4 2 0 4788 
4 2 0 4789 
4 2 0 4790 
4 2 0 4791 
4 2 0 4794 
4 2 0 4797 
4 2 0 4800 
4 2 0 4801 
4 2 0 4802 
4 2 0 4803 
4 2 0 4806 
4 2 0 4807 
4 2 0 4810 
4 2 0 4811 
4 2 0 4812 
4 2 0 4813 
1 1 0 
1 2 0 4835 
2 1 0 
3 2 4836 4837 
1 2 0 4838 
1 2 0 4839 
2 2 0 4838 
3 2 4840 4841 
1 2 0 4842 
1 2 0 4843 
1 2 0 4844 
2 2 0 4843 
3 2 4845 4846 
1 2 0 4847 
1 2 0 4848 
2 2 0 4847 
3 2 4849 4850 
1 2 0 4851 
1 2 0 4852 
1 2 0 4853 
2 2 0 4852 
3 2 4854 4855 
1 2 0 4856 
1 2 0 4857 
1 2 0 4858 
1 2 0 4859 
2 2 0 4858 
3 2 4860 4861 
1 2 0 4862 
1 2 0 4863 
1 2 0 4864 
2 2 0 4863 
3 2 4865 4866 
1 2 0 4867 
4 1 0 
4 2 0 4835 
4 2 0 4838 
4 2 0 4839 
4 2 0 4842 
4 2 0 4843 
4 2 0 4844 
4 2 0 4847 
4 2 0 4848 
4 2 0 4851 
4 2 0 4852 
4 2 0 4853 
4 2 0 4856 
4 2 0 4857 
4 2 0 4858 
4 2 0 4859 
4 2 0 4862 
4 2 0 4863 
4 2 0 4864 
4 2 0 4867 
4 2 0 4868 
1 1 0 
1 2 0 4890 
2 1 0 
3 2 4891 4892 
1 2 0 4893 
1 2 0 4894 
1 2 0 4895 
2 2 0 4894 
3 2 4896 4897 
1 2 0 4898 
2 2 0 4894 
3 2 4899 4900 
1 2 0 4901 
2 2 0 4898 
3 2 4902 4903 
1 2 0 4904 
1 2 0 4905 
1 2 0 4906 
1 2 0 4907 
1 2 0 4908 
2 2 0 4907 
3 2 4909 4910 
1 2 0 4911 
1 2 0 4912 
2 2 0 4911 
3 2 4913 4914 
1 2 0 4915 
1 2 0 4916 
1 2 0 4917 
2 2 0 4916 
3 2 4918 4919 
1 2 0 4920 
1 2 0 4921 
1 2 0 4922 
1 2 0 4923 
1 2 0 4924 
1 2 0 4925 
1 2 0 4926 
1 2 0 4927 
1 2 0 4928 
2 2 0 4927 
3 2 4929 4930 
1 2 0 4931 
1 2 0 4932 
1 2 0 4933 
2 2 0 4932 
3 2 4934 4935 
1 2 0 4936 
4 1 0 
4 2 0 4890 
4 2 0 4893 
4 2 0 4894 
4 2 0 4895 
4 2 0 4898 
4 2 0 4901 
4 2 0 4904 
4 2 0 4905 
4 2 0 4906 
4 2 0 4907 
4 2 0 4908 
4 2 0 4911 
4 2 0 4912 
4 2 0 4915 
4 2 0 4916 
4 2 0 4917 
4 2 0 4920 
4 2 0 4921 
4 2 0 4922 
4 2 0 4923 
4 2 0 4924 
4 2 0 4925 
4 2 0 4926 
4 2 0 4927 
4 2 0 4928 
4 2 0 4931 
4 2 0 4932 
4 2 0 4933 
4 2 0 4936 
4 2 0 4937 
1 1 0 
1 2 0 4969 
2 1 0 
3 2 4970 4971 
1 2 0 4972 
1 2 0 4973 
2 2 0 4972 
3 2 4974 4975 
1 2 0 4976 
1 2 0 4977 
2 2 0 4976 
3 2 4978 4979 
1 2 0 4980 
1 2 0 4981 
2 2 0 4980 
3 2 4982 4983 
1 2 0 4984 
1 2 0 4985 
1 2 0 4986 
2 2 0 4985 
3 2 4987 4988 
1 2 0 4989 
2 2 0 4986 
3 2 4990 4991 
1 2 0 4992 
1 2 0 4993 
2 2 0 4992 
3 2 4994 4995 
1 2 0 4996 
2 2 0 4993 
3 2 4997 4998 
1 2 0 4999 
2 2 0 4996 
3 2 5000 5001 
1 2 0 5002 
1 2 0 5003 
2 2 0 5002 
3 2 5004 5005 
1 2 0 5006 
1 2 0 5007 
1 2 0 5008 
1 2 0 5009 
2 2 0 5008 
3 2 5010 5011 
1 2 0 5012 
1 2 0 5013 
2 2 0 5012 
3 2 5014 5015 
1 2 0 5016 
1 2 0 5017 
1 2 0 5018 
2 2 0 5017 
3 2 5019 5020 
1 2 0 5021 
1 2 0 5022 
1 2 0 5023 
2 2 0 5022 
3 2 5024 5025 
1 2 0 5026 
2 2 0 5022 
2 2 0 5023 
3 3 5027 5028 5029 
1 2 0 5030 
1 2 0 5031 
1 2 0 5032 
1 2 0 5033 
2 2 0 5032 
3 2 5034 5035 
1 2 0 5036 
1 2 0 5037 
1 2 0 5038 
2 2 0 5037 
3 2 5039 5040 
1 2 0 5041 
1 2 0 5042 
2 2 0 5041 
3 2 5043 5044 
1 2 0 5045 
1 2 0 5046 
4 1 0 
4 2 0 4969 
4 2 0 4972 
4 2 0 4973 
4 2 0 4976 
4 2 0 4977 
4 2 0 4980 
4 2 0 4981 
4 2 0 4984 
4 2 0 4985 
4 2 0 4986 
4 2 0 4989 
4 2 0 4992 
4 2 0 4993 
4 2 0 4996 
4 2 0 4999 
4 2 0 5002 
4 2 0 5003 
4 2 0 5006 
4 2 0 5007 
4 2 0 5008 
4 2 0 5009 
4 2 0 5012 
4 2 0 5013 
4 2 0 5016 
4 2 0 5017 
4 2 0 5018 
4 2 0 5021 
4 2 0 5022 
4 2 0 5023 
4 2 0 5026 
4 2 0 5030 
4 2 0 5031 
4 2 0 5032 
4 2 0 5033 
4 2 0 5036 
4 2 0 5037 
4 2 0 5038 
4 2 0 5041 
4 2 0 5042 
4 2 0 5045 
4 2 0 5046 
4 2 0 5047 
1 1 0 
1 2 0 5091 
2 1 0 
3 2 5092 5093 
1 2 0 5094 
1 2 0 5095 
2 2 0 5094 
3 2 5096 5097 
1 2 0 5098 
1 2 0 5099 
2 2 0 5098 
3 2 5100 5101 
1 2 0 5102 
1 2 0 5103 
1 2 0 5104 
2 2 0 5103 
3 2 5105 5106 
1 2 0 5107 
2 2 0 5104 
3 2 5108 5109 
1 2 0 5110 
1 2 0 5111 
1 2 0 5112 
2 2 0 5111 
3 2 5113 5114 
1 2 0 5115 
1 2 0 5116 
1 2 0 5117 
1 2 0 5118 
1 2 0 5119 
2 2 0 5118 
3 2 5120 5121 
1 2 0 5122 
1 2 0 5123 
1 2 0 5124 
2 2 0 5123 
3 2 5125 5126 
1 2 0 5127 
2 2 0 5124 
3 2 5128 5129 
1 2 0 5130 
2 2 0 5124 
3 2 5131 5132 
1 2 0 5133 
1 2 0 5134 
1 2 0 5135 
2 2 0 5134 
3 2 5136 5137 
1 2 0 5138 
1 2 0 5139 
1 2 0 5140 
2 2 0 5139 
3 2 5141 5142 
1 2 0 5143 
1 2 0 5144 
2 2 0 5143 
3 2 5145 5146 
1 2 0 5147 
1 2 0 5148 
1 2 0 5149 
1 2 0 5150 
2 2 0 5149 
3 2 5151 5152 
1 2 0 5153 
2 2 0 5150 
3 2 5154 5155 
1 2 0 5156 
1 2 0 5157 
2 2 0 5156 
3 2 5158 5159 
1 2 0 5160 
1 2 0 5161 
2 2 0 5160 
3 2 5162 5163 
1 2 0 5164 
4 1 0 
4 2 0 5091 
4 2 0 5094 
4 2 0 5095 
4 2 0 5098 
4 2 0 5099 
4 2 0 5102 
4 2 0 5103 
4 2 0 5104 
4 2 0 5107 
4 2 0 5110 
4 2 0 5111 
4 2 0 5112 
4 2 0 5115 
4 2 0 5116 
4 2 0 5117 
4 2 0 5118 
4 2 0 5119 
4 2 0 5122 
4 2 0 5123 
4 2 0 5124 
4 2 0 5127 
4 2 0 5130 
4 2 0 5133 
4 2 0 5134 
4 2 0 5135 
4 2 0 5138 
4 2 0 5139 
4 2 0 5140 
4 2 0 5143 
4 2 0 5144 
4 2 0 5147 
4 2 0 5148 
4 2 0 5149 
4 2 0 5150 
4 2 0 5153 
4 2 0 5156 
4 2 0 5157 
4 2 0 5160 
4 2 0 5161 
4 2 0 5164 
4 2 0 5165 
1 1 0 
1 2 0 5208 
2 1 0 
3 2 5209 5210 
1 2 0 5211 
2 2 0 5208 
3 2 5212 5213 
1 2 0 5214 
2 2 0 5211 
3 2 5215 5216 
1 2 0 5217 
1 2 0 5218 
1 2 0 5219 
1 2 0 5220 
1 2 0 5221 
2 2 0 5220 
3 2 5222 5223 
1 2 0 5224 
1 2 0 5225 
2 2 0 5224 
3 2 5226 5227 
1 2 0 5228 
1 2 0 5229 
1 2 0 5230 
2 2 0 5229 
3 2 5231 5232 
1 2 0 5233 
1 2 0 5234 
1 2 0 5235 
1 2 0 5236 
1 2 0 5237 
1 2 0 5238 
1 2 0 5239 
2 2 0 5238 
3 2 5240 5241 
1 2 0 5242 
1 2 0 5243 
1 2 0 5244 
2 2 0 5243 
3 2 5245 5246 
1 2 0 5247 
1 2 0 5248 
1 2 0 5249 
2 2 0 5248 
3 2 5250 5251 
1 2 0 5252 
2 2 0 5248 
2 2 0 5249 
3 3 5253 5254 5255 
1 2 0 5256 
1 2 0 5257 
1 2 0 5258 
1 2 0 5259 
1 2 0 5260 
1 2 0 5261 
1 2 0 5262 
2 2 0 5261 
3 2 5263 5264 
1 2 0 5265 
1 2 0 5266 
1 2 0 5267 
1 2 0 5268 
2 2 0 5267 
3 2 5269 5270 
1 2 0 5271 
2 2 0 5268 
3 2 5272 5273 
1 2 0 5274 
1 2 0 5275 
1 2 0 5276 
2 2 0 5275 
3 2 5277 5278 
1 2 0 5279 
1 2 0 5280 
1 2 0 5281 
1 2 0 5282 
1 2 0 5283 
1 2 0 5284 
1 2 0 5285 
1 2 0 5286 
1 2 0 5287 
1 2 0 5288 
1 2 0 5289 
2 2 0 5288 
3 2 5290 5291 
1 2 0 5292 
1 2 0 5293 
2 2 0 5292 
3 2 5294 5295 
1 2 0 5296 
1 2 0 5297 
1 2 0 5298 
1 2 0 5299 
1 2 0 5300 
1 2 0 5301 
1 2 0 5302 
1 2 0 5303 
1 2 0 5304 
1 2 0 5305 
1 2 0 5306 
1 2 0 5307 
1 2 0 5308 
1 2 0 5309 
2 2 0 5308 
3 2 5310 5311 
1 2 0 5312 
1 2 0 5313 
1 2 0 5314 
1 2 0 5315 
1 2 0 5316 
2 2 0 5315 
3 2 5317 5318 
1 2 0 5319 
1 2 0 5320 
1 2 0 5321 
2 2 0 5320 
3 2 5322 5323 
1 2 0 5324 
1 2 0 5325 
2 2 0 5324 
3 2 5326 5327 
1 2 0 5328 
1 2 0 5329 
2 2 0 5328 
3 2 5330 5331 
1 2 0 5332 
2 2 0 5328 
2 2 0 5329 
3 3 5333 5334 5335 
1 2 0 5336 
2 2 0 5328 
2 2 0 5332 
3 3 5337 5338 5339 
1 2 0 5340 
4 1 0 
4 2 0 5208 
4 2 0 5211 
4 2 0 5214 
4 2 0 5217 
4 2 0 5218 
4 2 0 5219 
4 2 0 5220 
4 2 0 5221 
4 2 0 5224 
4 2 0 5225 
4 2 0 5228 
4 2 0 5229 
4 2 0 5230 
4 2 0 5233 
4 2 0 5234 
4 2 0 5235 
4 2 0 5236 
4 2 0 5237 
4 2 0 5238 
4 2 0 5239 
4 2 0 5242 
4 2 0 5243 
4 2 0 5244 
4 2 0 5247 
4 2 0 5248 
4 2 0 5249 
4 2 0 5252 
4 2 0 5256 
4 2 0 5257 
4 2 0 5258 
4 2 0 5259 
4 2 0 5260 
4 2 0 5261 
4 2 0 5262 
4 2 0 5265 
4 2 0 5266 
4 2 0 5267 
4 2 0 5268 
4 2 0 5271 
4 2 0 5274 
4 2 0 5275 
4 2 0 5276 
4 2 0 5279 
4 2 0 5280 
4 2 0 5281 
4 2 0 5282 
4 2 0 5283 
4 2 0 5284 
4 2 0 5285 
4 2 0 5286 
4 2 0 5287 
4 2 0 5288 
4 2 0 5289 
4 2 0 5292 
4 2 0 5293 
4 2 0 5296 
4 2 0 5297 
4 2 0 5298 
4 2 0 5299 
4 2 0 5300 
4 2 0 5301 
4 2 0 5302 
4 2 0 5303 
4 2 0 5304 
4 2 0 5305 
4 2 0 5306 
4 2 0 5307 
4 2 0 5308 
4 2 0 5309 
4 2 0 5312 
4 2 0 5313 
4 2 0 5314 
4 2 0 5315 
4 2 0 5316 
4 2 0 5319 
4 2 0 5320 
4 2 0 5321 
4 2 0 5324 
4 2 0 5325 
4 2 0 5328 
4 2 0 5329 
4 2 0 5332 
4 2 0 5336 
4 2 0 5340 
4 2 0 5341 
1 1 0 
1 2 0 5428 
2 1 0 
3 2 5429 5430 
1 2 0 5431 
1 2 0 5432 
2 2 0 5431 
3 2 5433 5434 
1 2 0 5435 
1 2 0 5436 
1 2 0 5437 
1 2 0 5438 
1 2 0 5439 
2 2 0 5438 
3 2 5440 5441 
1 2 0 5442 
1 2 0 5443 
1 2 0 5444 
2 2 0 5443 
3 2 5445 5446 
1 2 0 5447 
1 2 0 5448 
1 2 0 5449 
1 2 0 5450 
2 2 0 5449 
3 2 5451 5452 
1 2 0 5453 
1 2 0 5454 
2 2 0 5453 
3 2 5455 5456 
1 2 0 5457 
1 2 0 5458 
1 2 0 5459 
2 2 0 5458 
3 2 5460 5461 
1 2 0 5462 
1 2 0 5463 
2 2 0 5462 
3 2 5464 5465 
1 2 0 5466 
1 2 0 5467 
2 2 0 5466 
3 2 5468 5469 
1 2 0 5470 
2 2 0 5466 
2 2 0 5467 
3 3 5471 5472 5473 
1 2 0 5474 
1 2 0 5475 
1 2 0 5476 
1 2 0 5477 
2 2 0 5475 
2 2 0 5476 
3 3 5478 5479 5480 
1 2 0 5481 
1 2 0 5482 
1 2 0 5483 
2 2 0 5482 
3 2 5484 5485 
1 2 0 5486 
1 2 0 5487 
2 2 0 5486 
3 2 5488 5489 
1 2 0 5490 
1 2 0 5491 
2 2 0 5490 
3 2 5492 5493 
1 2 0 5494 
2 2 0 5491 
3 2 5495 5496 
1 2 0 5497 
1 2 0 5498 
2 2 0 5497 
3 2 5499 5500 
1 2 0 5501 
4 1 0 
4 2 0 5428 
4 2 0 5431 
4 2 0 5432 
4 2 0 5435 
4 2 0 5436 
4 2 0 5437 
4 2 0 5438 
4 2 0 5439 
4 2 0 5442 
4 2 0 5443 
4 2 0 5444 
4 2 0 5447 
4 2 0 5448 
4 2 0 5449 
4 2 0 5450 
4 2 0 5453 
4 2 0 5454 
4 2 0 5457 
4 2 0 5458 
4 2 0 5459 
4 2 0 5462 
4 2 0 5463 
4 2 0 5466 
4 2 0 5467 
4 2 0 5470 
4 2 0 5474 
4 2 0 5475 
4 2 0 5476 
4 2 0 5477 
4 2 0 5481 
4 2 0 5482 
4 2 0 5483 
4 2 0 5486 
4 2 0 5487 
4 2 0 5490 
4 2 0 5491 
4 2 0 5494 
4 2 0 5497 
4 2 0 5498 
4 2 0 5501 
4 2 0 5502 
1 1 0 
1 2 0 5545 
1 2 0 5546 
1 2 0 5547 
1 2 0 5548 
2 2 0 5547 
3 2 5549 5550 
1 2 0 5551 
1 2 0 5552 
2 2 0 5551 
3 2 5553 5554 
1 2 0 5555 
1 2 0 5556 
2 2 0 5555 
3 2 5557 5558 
1 2 0 5559 
2 2 0 5555 
2 2 0 5556 
3 3 5560 5561 5562 
1 2 0 5563 
1 2 0 5564 
1 2 0 5565 
1 2 0 5566 
1 2 0 5567 
1 2 0 5568 
2 2 0 5567 
3 2 5569 5570 
1 2 0 5571 
2 2 0 5568 
3 2 5572 5573 
1 2 0 5574 
2 2 0 5571 
3 2 5575 5576 
1 2 0 5577 
1 2 0 5578 
1 2 0 5579 
2 2 0 5578 
3 2 5580 5581 
1 2 0 5582 
1 2 0 5583 
1 2 0 5584 
2 2 0 5583 
3 2 5585 5586 
1 2 0 5587 
1 2 0 5588 
2 2 0 5587 
3 2 5589 5590 
1 2 0 5591 
1 2 0 5592 
1 2 0 5593 
2 2 0 5592 
3 2 5594 5595 
1 2 0 5596 
1 2 0 5597 
2 2 0 5596 
3 2 5598 5599 
1 2 0 5600 
2 2 0 5597 
3 2 5601 5602 
1 2 0 5603 
1 2 0 5604 
1 2 0 5605 
1 2 0 5606 
2 2 0 5605 
3 2 5607 5608 
1 2 0 5609 
1 2 0 5610 
2 2 0 5609 
3 2 5611 5612 
1 2 0 5613 
2 2 0 5610 
3 2 5614 5615 
1 2 0 5616 
4 1 0 
4 2 0 5545 
4 2 0 5546 
4 2 0 5547 
4 2 0 5548 
4 2 0 5551 
4 2 0 5552 
4 2 0 5555 
4 2 0 5556 
4 2 0 5559 
4 2 0 5563 
4 2 0 5564 
4 2 0 5565 
4 2 0 5566 
4 2 0 5567 
4 2 0 5568 
4 2 0 5571 
4 2 0 5574 
4 2 0 5577 
4 2 0 5578 
4 2 0 5579 
4 2 0 5582 
4 2 0 5583 
4 2 0 5584 
4 2 0 5587 
4 2 0 5588 
4 2 0 5591 
4 2 0 5592 
4 2 0 5593 
4 2 0 5596 
4 2 0 5597 
4 2 0 5600 
4 2 0 5603 
4 2 0 5604 
4 2 0 5605 
4 2 0 5606 
4 2 0 5609 
4 2 0 5610 
4 2 0 5613 
4 2 0 5616 
4 2 0 5617 
1 1 0 
1 2 0 5659 
2 1 0 
3 2 5660 5661 
1 2 0 5662 
1 2 0 5663 
2 2 0 5662 
3 2 5664 5665 
1 2 0 5666 
1 2 0 5667 
2 2 0 5666 
3 2 5668 5669 
1 2 0 5670 
1 2 0 5671 
1 2 0 5672 
2 2 0 5671 
3 2 5673 5674 
1 2 0 5675 
1 2 0 5676 
1 2 0 5677 
2 2 0 5676 
3 2 5678 5679 
1 2 0 5680 
1 2 0 5681 
1 2 0 5682 
2 2 0 5681 
3 2 5683 5684 
1 2 0 5685 
2 2 0 5681 
3 2 5686 5687 
1 2 0 5688 
2 2 0 5685 
3 2 5689 5690 
1 2 0 5691 
1 2 0 5692 
2 2 0 5691 
3 2 5693 5694 
1 2 0 5695 
1 2 0 5696 
2 2 0 5695 
3 2 5697 5698 
1 2 0 5699 
1 2 0 5700 
1 2 0 5701 
1 2 0 5702 
1 2 0 5703 
1 2 0 5704 
1 2 0 5705 
2 2 0 5704 
3 2 5706 5707 
1 2 0 5708 
1 2 0 5709 
2 2 0 5708 
3 2 5710 5711 
1 2 0 5712 
1 2 0 5713 
1 2 0 5714 
1 2 0 5715 
1 2 0 5716 
1 2 0 5717 
1 2 0 5718 
2 2 0 5717 
3 2 5719 5720 
1 2 0 5721 
1 2 0 5722 
1 2 0 5723 
2 2 0 5722 
3 2 5724 5725 
1 2 0 5726 
1 2 0 5727 
1 2 0 5728 
2 2 0 5727 
3 2 5729 5730 
1 2 0 5731 
2 2 0 5727 
3 2 5732 5733 
1 2 0 5734 
1 2 0 5735 
1 2 0 5736 
1 2 0 5737 
2 2 0 5736 
3 2 5738 5739 
1 2 0 5740 
2 2 0 5737 
3 2 5741 5742 
1 2 0 5743 
2 2 0 5740 
3 2 5744 5745 
1 2 0 5746 
1 2 0 5747 
2 2 0 5746 
3 2 5748 5749 
1 2 0 5750 
1 2 0 5751 
2 2 0 5750 
3 2 5752 5753 
1 2 0 5754 
1 2 0 5755 
1 2 0 5756 
1 2 0 5757 
1 2 0 5758 
1 2 0 5759 
1 2 0 5760 
1 2 0 5761 
1 2 0 5762 
2 2 0 5761 
3 2 5763 5764 
1 2 0 5765 
1 2 0 5766 
2 2 0 5765 
3 2 5767 5768 
1 2 0 5769 
4 1 0 
4 2 0 5659 
4 2 0 5662 
4 2 0 5663 
4 2 0 5666 
4 2 0 5667 
4 2 0 5670 
4 2 0 5671 
4 2 0 5672 
4 2 0 5675 
4 2 0 5676 
4 2 0 5677 
4 2 0 5680 
4 2 0 5681 
4 2 0 5682 
4 2 0 5685 
4 2 0 5688 
4 2 0 5691 
4 2 0 5692 
4 2 0 5695 
4 2 0 5696 
4 2 0 5699 
4 2 0 5700 
4 2 0 5701 
4 2 0 5702 
4 2 0 5703 
4 2 0 5704 
4 2 0 5705 
4 2 0 5708 
4 2 0 5709 
4 2 0 5712 
4 2 0 5713 
4 2 0 5714 
4 2 0 5715 
4 2 0 5716 
4 2 0 5717 
4 2 0 5718 
4 2 0 5721 
4 2 0 5722 
4 2 0 5723 
4 2 0 5726 
4 2 0 5727 
4 2 0 5728 
4 2 0 5731 
4 2 0 5734 
4 2 0 5735 
4 2 0 5736 
4 2 0 5737 
4 2 0 5740 
4 2 0 5743 
4 2 0 5746 
4 2 0 5747 
4 2 0 5750 
4 2 0 5751 
4 2 0 5754 
4 2 0 5755 
4 2 0 5756 
4 2 0 5757 
4 2 0 5758 
4 2 0 5759 
4 2 0 5760 
4 2 0 5761 
4 2 0 5762 
4 2 0 5765 
4 2 0 5766 
4 2 0 5769 
4 2 0 5770 
1 1 0 
1 2 0 5838 
1 2 0 5839 
2 2 0 5838 
3 2 5840 5841 
1 2 0 5842 
1 2 0 5843 
2 2 0 5842 
3 2 5844 5845 
1 2 0 5846 
1 2 0 5847 
2 2 0 5842 
3 2 5848 5849 
1 2 0 5850 
1 2 0 5851 
1 2 0 5852 
1 2 0 5853 
2 2 0 5852 
3 2 5854 5855 
1 2 0 5856 
1 2 0 5857 
1 2 0 5858 
1 2 0 5859 
1 2 0 5860 
1 2 0 5861 
1 2 0 5862 
1 2 0 5863 
1 2 0 5864 
2 2 0 5863 
3 2 5865 5866 
1 2 0 5867 
1 2 0 5868 
1 2 0 5869 
1 2 0 5870 
1 2 0 5871 
1 2 0 5872 
1 2 0 5873 
2 2 0 5872 
3 2 5874 5875 
1 2 0 5876 
1 2 0 5877 
2 2 0 5876 
3 2 5878 5879 
1 2 0 5880 
1 2 0 5881 
1 2 0 5882 
1 2 0 5883 
2 2 0 5882 
3 2 5884 5885 
1 2 0 5886 
2 2 0 5883 
3 2 5887 5888 
1 2 0 5889 
2 2 0 5886 
3 2 5890 5891 
1 2 0 5892 
1 2 0 5893 
2 2 0 5892 
3 2 5894 5895 
1 2 0 5896 
2 2 0 5893 
3 2 5897 5898 
1 2 0 5899 
1 2 0 5900 
1 2 0 5901 
1 2 0 5902 
2 2 0 5901 
3 2 5903 5904 
1 2 0 5905 
1 2 0 5906 
1 2 0 5907 
1 2 0 5908 
1 2 0 5909 
2 2 0 5908 
3 2 5910 5911 
1 2 0 5912 
2 2 0 5909 
3 2 5913 5914 
1 2 0 5915 
2 2 0 5912 
3 2 5916 5917 
1 2 0 5918 
1 2 0 5919 
2 2 0 5918 
3 2 5920 5921 
1 2 0 5922 
1 2 0 5923 
1 2 0 5924 
2 2 0 5923 
3 2 5925 5926 
1 2 0 5927 
1 2 0 5928 
1 2 0 5929 
1 2 0 5930 
2 2 0 5929 
3 2 5931 5932 
1 2 0 5933 
1 2 0 5934 
2 2 0 5933 
3 2 5935 5936 
1 2 0 5937 
1 2 0 5938 
1 2 0 5939 
1 2 0 5940 
1 2 0 5941 
2 2 0 5940 
3 2 5942 5943 
1 2 0 5944 
1 2 0 5945 
1 2 0 5946 
2 2 0 5945 
3 2 5947 5948 
1 2 0 5949 
1 2 0 5950 
2 2 0 5949 
3 2 5951 5952 
1 2 0 5953 
1 2 0 5954 
1 2 0 5955 
2 2 0 5954 
3 2 5956 5957 
1 2 0 5958 
2 2 0 5954 
2 2 0 5955 
3 3 5959 5960 5961 
1 2 0 5962 
1 2 0 5963 
1 2 0 5964 
2 2 0 5963 
3 2 5965 5966 
1 2 0 5967 
2 2 0 5963 
2 2 0 5964 
3 3 5968 5969 5970 
1 2 0 5971 
1 2 0 5972 
1 2 0 5973 
2 2 0 5972 
3 2 5974 5975 
1 2 0 5976 
1 2 0 5977 
2 2 0 5976 
3 2 5978 5979 
1 2 0 5980 
2 2 0 5977 
3 2 5981 5982 
1 2 0 5983 
1 2 0 5984 
1 2 0 5985 
2 2 0 5984 
3 2 5986 5987 
1 2 0 5988 
1 2 0 5989 
2 2 0 5988 
3 2 5990 5991 
1 2 0 5992 
1 2 0 5993 
2 2 0 5988 
2 2 0 5992 
3 3 5994 5995 5996 
1 2 0 5997 
4 1 0 
4 2 0 5838 
4 2 0 5839 
4 2 0 5842 
4 2 0 5843 
4 2 0 5846 
4 2 0 5847 
4 2 0 5850 
4 2 0 5851 
4 2 0 5852 
4 2 0 5853 
4 2 0 5856 
4 2 0 5857 
4 2 0 5858 
4 2 0 5859 
4 2 0 5860 
4 2 0 5861 
4 2 0 5862 
4 2 0 5863 
4 2 0 5864 
4 2 0 5867 
4 2 0 5868 
4 2 0 5869 
4 2 0 5870 
4 2 0 5871 
4 2 0 5872 
4 2 0 5873 
4 2 0 5876 
4 2 0 5877 
4 2 0 5880 
4 2 0 5881 
4 2 0 5882 
4 2 0 5883 
4 2 0 5886 
4 2 0 5889 
4 2 0 5892 
4 2 0 5893 
4 2 0 5896 
4 2 0 5899 
4 2 0 5900 
4 2 0 5901 
4 2 0 5902 
4 2 0 5905 
4 2 0 5906 
4 2 0 5907 
4 2 0 5908 
4 2 0 5909 
4 2 0 5912 
4 2 0 5915 
4 2 0 5918 
4 2 0 5919 
4 2 0 5922 
4 2 0 5923 
4 2 0 5924 
4 2 0 5927 
4 2 0 5928 
4 2 0 5929 
4 2 0 5930 
4 2 0 5933 
4 2 0 5934 
4 2 0 5937 
4 2 0 5938 
4 2 0 5939 
4 2 0 5940 
4 2 0 5941 
4 2 0 5944 
4 2 0 5945 
4 2 0 5946 
4 2 0 5949 
4 2 0 5950 
4 2 0 5953 
4 2 0 5954 
4 2 0 5955 
4 2 0 5958 
4 2 0 5962 
4 2 0 5963 
4 2 0 5964 
4 2 0 5967 
4 2 0 5971 
4 2 0 5972 
4 2 0 5973 
4 2 0 5976 
4 2 0 5977 
4 2 0 5980 
4 2 0 5983 
4 2 0 5984 
4 2 0 5985 
4 2 0 5988 
4 2 0 5989 
4 2 0 5992 
4 2 0 5993 
4 2 0 5997 
4 2 0 5998 
1 1 0 
1 2 0 6092 
2 1 0 
3 2 6093 6094 
1 2 0 6095 
1 2 0 6096 
1 2 0 6097 
2 2 0 6095 
2 2 0 6096 
3 3 6098 6099 6100 
1 2 0 6101 
2 2 0 6097 
3 2 6102 6103 
1 2 0 6104 
2 2 0 6101 
3 2 6105 6106 
1 2 0 6107 
1 2 0 6108 
1 2 0 6109 
2 2 0 6108 
3 2 6110 6111 
1 2 0 6112 
1 2 0 6113 
1 2 0 6114 
2 2 0 6113 
3 2 6115 6116 
1 2 0 6117 
2 2 0 6113 
2 2 0 6114 
3 3 6118 6119 6120 
1 2 0 6121 
1 2 0 6122 
2 2 0 6121 
3 2 6123 6124 
1 2 0 6125 
2 2 0 6122 
3 2 6126 6127 
1 2 0 6128 
1 2 0 6129 
1 2 0 6130 
1 2 0 6131 
1 2 0 6132 
1 2 0 6133 
2 2 0 6132 
3 2 6134 6135 
1 2 0 6136 
1 2 0 6137 
2 2 0 6132 
2 2 0 6136 
3 3 6138 6139 6140 
1 2 0 6141 
4 1 0 
4 2 0 6092 
4 2 0 6095 
4 2 0 6096 
4 2 0 6097 
4 2 0 6101 
4 2 0 6104 
4 2 0 6107 
4 2 0 6108 
4 2 0 6109 
4 2 0 6112 
4 2 0 6113 
4 2 0 6114 
4 2 0 6117 
4 2 0 6121 
4 2 0 6122 
4 2 0 6125 
4 2 0 6128 
4 2 0 6129 
4 2 0 6130 
4 2 0 6131 
4 2 0 6132 
4 2 0 6133 
4 2 0 6136 
4 2 0 6137 
4 2 0 6141 
4 2 0 6142 
1 1 0 
1 2 0 6170 
1 2 0 6171 
1 2 0 6172 
1 2 0 6173 
1 2 0 6174 
1 2 0 6175 
2 2 0 6174 
3 2 6176 6177 
1 2 0 6178 
1 2 0 6179 
1 2 0 6180 
2 2 0 6179 
3 2 6181 6182 
1 2 0 6183 
1 2 0 6184 
1 2 0 6185 
2 2 0 6184 
3 2 6186 6187 
1 2 0 6188 
1 2 0 6189 
2 2 0 6188 
3 2 6190 6191 
1 2 0 6192 
1 2 0 6193 
1 2 0 6194 
1 2 0 6195 
1 2 0 6196 
2 2 0 6195 
3 2 6197 6198 
1 2 0 6199 
1 2 0 6200 
1 2 0 6201 
2 2 0 6200 
3 2 6202 6203 
1 2 0 6204 
2 2 0 6201 
3 2 6205 6206 
1 2 0 6207 
2 2 0 6204 
3 2 6208 6209 
1 2 0 6210 
1 2 0 6211 
2 2 0 6210 
3 2 6212 6213 
1 2 0 6214 
1 2 0 6215 
1 2 0 6216 
2 2 0 6215 
3 2 6217 6218 
1 2 0 6219 
1 2 0 6220 
2 2 0 6219 
3 2 6221 6222 
1 2 0 6223 
1 2 0 6224 
2 2 0 6223 
3 2 6225 6226 
1 2 0 6227 
1 2 0 6228 
1 2 0 6229 
1 2 0 6230 
1 2 0 6231 
1 2 0 6232 
2 2 0 6230 
2 2 0 6231 
3 3 6233 6234 6235 
1 2 0 6236 
1 2 0 6237 
1 2 0 6238 
2 2 0 6237 
3 2 6239 6240 
1 2 0 6241 
1 2 0 6242 
1 2 0 6243 
2 2 0 6242 
3 2 6244 6245 
1 2 0 6246 
1 2 0 6247 
2 2 0 6246 
3 2 6248 6249 
1 2 0 6250 
2 2 0 6246 
2 2 0 6247 
3 3 6251 6252 6253 
1 2 0 6254 
2 2 0 6246 
2 2 0 6247 
2 2 0 6250 
3 4 6255 6256 6257 6258 
1 2 0 6259 
2 2 0 6247 
2 2 0 6250 
2 2 0 6254 
3 4 6260 6261 6262 6263 
1 2 0 6264 
2 2 0 6254 
2 2 0 6259 
3 3 6265 6266 6267 
1 2 0 6268 
1 2 0 6269 
1 2 0 6270 
1 2 0 6271 
2 2 0 6270 
3 2 6272 6273 
1 2 0 6274 
2 2 0 6271 
3 2 6275 6276 
1 2 0 6277 
1 2 0 6278 
1 2 0 6279 
2 2 0 6278 
3 2 6280 6281 
1 2 0 6282 
1 2 0 6283 
2 2 0 6282 
3 2 6284 6285 
1 2 0 6286 
1 2 0 6287 
2 2 0 6286 
3 2 6288 6289 
1 2 0 6290 
1 2 0 6291 
2 2 0 6290 
3 2 6292 6293 
1 2 0 6294 
1 2 0 6295 
1 2 0 6296 
2 2 0 6295 
3 2 6297 6298 
1 2 0 6299 
1 2 0 6300 
1 2 0 6301 
2 2 0 6300 
3 2 6302 6303 
1 2 0 6304 
1 2 0 6305 
1 2 0 6306 
1 2 0 6307 
1 2 0 6308 
1 2 0 6309 
1 2 0 6310 
1 2 0 6311 
1 2 0 6312 
1 2 0 6313 
2 2 0 6312 
3 2 6314 6315 
1 2 0 6316 
1 2 0 6317 
2 2 0 6316 
3 2 6318 6319 
1 2 0 6320 
1 2 0 6321 
1 2 0 6322 
1 2 0 6323 
1 2 0 6324 
1 2 0 6325 
1 2 0 6326 
2 2 0 6325 
3 2 6327 6328 
1 2 0 6329 
1 2 0 6330 
1 2 0 6331 
2 2 0 6330 
3 2 6332 6333 
1 2 0 6334 
1 2 0 6335 
2 2 0 6334 
3 2 6336 6337 
1 2 0 6338 
1 2 0 6339 
1 2 0 6340 
1 2 0 6341 
2 2 0 6340 
3 2 6342 6343 
1 2 0 6344 
4 1 0 
4 2 0 6170 
4 2 0 6171 
4 2 0 6172 
4 2 0 6173 
4 2 0 6174 
4 2 0 6175 
4 2 0 6178 
4 2 0 6179 
4 2 0 6180 
4 2 0 6183 
4 2 0 6184 
4 2 0 6185 
4 2 0 6188 
4 2 0 6189 
4 2 0 6192 
4 2 0 6193 
4 2 0 6194 
4 2 0 6195 
4 2 0 6196 
4 2 0 6199 
4 2 0 6200 
4 2 0 6201 
4 2 0 6204 
4 2 0 6207 
4 2 0 6210 
4 2 0 6211 
4 2 0 6214 
4 2 0 6215 
4 2 0 6216 
4 2 0 6219 
4 2 0 6220 
4 2 0 6223 
4 2 0 6224 
4 2 0 6227 
4 2 0 6228 
4 2 0 6229 
4 2 0 6230 
4 2 0 6231 
4 2 0 6232 
4 2 0 6236 
4 2 0 6237 
4 2 0 6238 
4 2 0 6241 
4 2 0 6242 
4 2 0 6243 
4 2 0 6246 
4 2 0 6247 
4 2 0 6250 
4 2 0 6254 
4 2 0 6259 
4 2 0 6264 
4 2 0 6268 
4 2 0 6269 
4 2 0 6270 
4 2 0 6271 
4 2 0 6274 
4 2 0 6277 
4 2 0 6278 
4 2 0 6279 
4 2 0 6282 
4 2 0 6283 
4 2 0 6286 
4 2 0 6287 
4 2 0 6290 
4 2 0 6291 
4 2 0 6294 
4 2 0 6295 
4 2 0 6296 
4 2 0 6299 
4 2 0 6300 
4 2 0 6301 
4 2 0 6304 
4 2 0 6305 
4 2 0 6306 
4 2 0 6307 
4 2 0 6308 
4 2 0 6309 
4 2 0 6310 
4 2 0 6311 
4 2 0 6312 
4 2 0 6313 
4 2 0 6316 
4 2 0 6317 
4 2 0 6320 
4 2 0 6321 
4 2 0 6322 
4 2 0 6323 
4 2 0 6324 
4 2 0 6325 
4 2 0 6326 
4 2 0 6329 
4 2 0 6330 
4 2 0 6331 
4 2 0 6334 
4 2 0 6335 
4 2 0 6338 
4 2 0 6339 
4 2 0 6340 
4 2 0 6341 
4 2 0 6344 
4 2 0 6345 
1 1 0 
1 2 0 6448 
2 1 0 
3 2 6449 6450 
1 2 0 6451 
1 2 0 6452 
1 2 0 6453 
1 2 0 6454 
1 2 0 6455 
2 2 0 6454 
3 2 6456 6457 
1 2 0 6458 
2 2 0 6454 
2 2 0 6455 
3 3 6459 6460 6461 
1 2 0 6462 
1 2 0 6463 
2 2 0 6462 
3 2 6464 6465 
1 2 0 6466 
1 2 0 6467 
1 2 0 6468 
2 2 0 6467 
3 2 6469 6470 
1 2 0 6471 
1 2 0 6472 
2 2 0 6471 
3 2 6473 6474 
1 2 0 6475 
1 2 0 6476 
1 2 0 6477 
1 2 0 6478 
1 2 0 6479 
2 2 0 6478 
3 2 6480 6481 
1 2 0 6482 
1 2 0 6483 
2 2 0 6482 
3 2 6484 6485 
1 2 0 6486 
2 2 0 6483 
3 2 6487 6488 
1 2 0 6489 
2 2 0 6486 
3 2 6490 6491 
1 2 0 6492 
1 2 0 6493 
2 2 0 6492 
3 2 6494 6495 
1 2 0 6496 
1 2 0 6497 
2 2 0 6496 
3 2 6498 6499 
1 2 0 6500 
4 1 0 
4 2 0 6448 
4 2 0 6451 
4 2 0 6452 
4 2 0 6453 
4 2 0 6454 
4 2 0 6455 
4 2 0 6458 
4 2 0 6462 
4 2 0 6463 
4 2 0 6466 
4 2 0 6467 
4 2 0 6468 
4 2 0 6471 
4 2 0 6472 
4 2 0 6475 
4 2 0 6476 
4 2 0 6477 
4 2 0 6478 
4 2 0 6479 
4 2 0 6482 
4 2 0 6483 
4 2 0 6486 
4 2 0 6489 
4 2 0 6492 
4 2 0 6493 
4 2 0 6496 
4 2 0 6497 
4 2 0 6500 
4 2 0 6501 
1 1 0 
1 2 0 6532 
2 1 0 
3 2 6533 6534 
1 2 0 6535 
1 2 0 6536 
2 2 0 6535 
3 2 6537 6538 
1 2 0 6539 
1 2 0 6540 
1 2 0 6541 
2 2 0 6540 
3 2 6542 6543 
1 2 0 6544 
1 2 0 6545 
1 2 0 6546 
1 2 0 6547 
2 2 0 6546 
3 2 6548 6549 
1 2 0 6550 
2 2 0 6547 
3 2 6551 6552 
1 2 0 6553 
1 2 0 6554 
1 2 0 6555 
2 2 0 6554 
3 2 6556 6557 
1 2 0 6558 
1 2 0 6559 
2 2 0 6558 
3 2 6560 6561 
1 2 0 6562 
1 2 0 6563 
1 2 0 6564 
1 2 0 6565 
1 2 0 6566 
1 2 0 6567 
1 2 0 6568 
1 2 0 6569 
1 2 0 6570 
2 2 0 6569 
3 2 6571 6572 
1 2 0 6573 
2 2 0 6570 
3 2 6574 6575 
1 2 0 6576 
1 2 0 6577 
1 2 0 6578 
2 2 0 6577 
3 2 6579 6580 
1 2 0 6581 
1 2 0 6582 
1 2 0 6583 
2 2 0 6582 
3 2 6584 6585 
1 2 0 6586 
4 1 0 
4 2 0 6532 
4 2 0 6535 
4 2 0 6536 
4 2 0 6539 
4 2 0 6540 
4 2 0 6541 
4 2 0 6544 
4 2 0 6545 
4 2 0 6546 
4 2 0 6547 
4 2 0 6550 
4 2 0 6553 
4 2 0 6554 
4 2 0 6555 
4 2 0 6558 
4 2 0 6559 
4 2 0 6562 
4 2 0 6563 
4 2 0 6564 
4 2 0 6565 
4 2 0 6566 
4 2 0 6567 
4 2 0 6568 
4 2 0 6569 
4 2 0 6570 
4 2 0 6573 
4 2 0 6576 
4 2 0 6577 
4 2 0 6578 
4 2 0 6581 
4 2 0 6582 
4 2 0 6583 
4 2 0 6586 
4 2 0 6587 
1 1 0 
1 2 0 6623 
2 1 0 
3 2 6624 6625 
1 2 0 6626 
1 2 0 6627 
2 2 0 6626 
3 2 6628 6629 
1 2 0 6630 
1 2 0 6631 
2 2 0 6630 
3 2 6632 6633 
1 2 0 6634 
1 2 0 6635 
2 2 0 6634 
3 2 6636 6637 
1 2 0 6638 
1 2 0 6639 
2 2 0 6638 
3 2 6640 6641 
4 1 0 
4 2 0 6623 
4 2 0 6626 
4 2 0 6627 
4 2 0 6630 
4 2 0 6631 
4 2 0 6634 
4 2 0 6635 
4 2 0 6638 
4 2 0 6639 
4 2 0 6642 
1 1 0 
1 2 0 6654 
2 1 0 
3 2 6655 6656 
1 2 0 6657 
2 1 0 
2 2 0 6654 
3 3 6658 6659 6660 
1 2 0 6661 
1 2 0 6662 
2 2 0 6661 
3 2 6663 6664 
1 2 0 6665 
1 2 0 6666 
2 2 0 6665 
3 2 6667 6668 
1 2 0 6669 
1 2 0 6670 
2 2 0 6669 
3 2 6671 6672 
1 2 0 6673 
2 2 0 6669 
2 2 0 6670 
3 3 6674 6675 6676 
1 2 0 6677 
2 2 0 6669 
2 2 0 6670 
2 2 0 6673 
3 4 6678 6679 6680 6681 
1 2 0 6682 
1 2 0 6683 
1 2 0 6684 
1 2 0 6685 
2 2 0 6684 
3 2 6686 6687 
1 2 0 6688 
2 2 0 6684 
3 2 6689 6690 
1 2 0 6691 
1 2 0 6692 
1 2 0 6693 
2 2 0 6692 
3 2 6694 6695 
1 2 0 6696 
4 1 0 
4 2 0 6654 
4 2 0 6657 
4 2 0 6661 
4 2 0 6662 
4 2 0 6665 
4 2 0 6666 
4 2 0 6669 
4 2 0 6670 
4 2 0 6673 
4 2 0 6677 
4 2 0 6682 
4 2 0 6683 
4 2 0 6684 
4 2 0 6685 
4 2 0 6688 
4 2 0 6691 
4 2 0 6692 
4 2 0 6693 
4 2 0 6696 
4 2 0 6697 
1 1 0 
1 2 0 6719 
2 1 0 
3 2 6720 6721 
1 2 0 6722 
1 2 0 6723 
2 2 0 6722 
3 2 6724 6725 
1 2 0 6726 
1 2 0 6727 
2 2 0 6726 
3 2 6728 6729 
1 2 0 6730 
1 2 0 6731 
2 2 0 6730 
3 2 6732 6733 
1 2 0 6734 
2 2 0 6731 
3 2 6735 6736 
1 2 0 6737 
2 2 0 6734 
3 2 6738 6739 
1 2 0 6740 
1 2 0 6741 
1 2 0 6742 
2 2 0 6741 
3 2 6743 6744 
1 2 0 6745 
1 2 0 6746 
2 2 0 6745 
3 2 6747 6748 
1 2 0 6749 
1 2 0 6750 
2 2 0 6749 
3 2 6751 6752 
1 2 0 6753 
1 2 0 6754 
2 2 0 6753 
3 2 6755 6756 
1 2 0 6757 
1 2 0 6758 
1 2 0 6759 
1 2 0 6760 
2 2 0 6759 
3 2 6761 6762 
1 2 0 6763 
1 2 0 6764 
2 2 0 6763 
3 2 6765 6766 
1 2 0 6767 
1 2 0 6768 
1 2 0 6769 
1 2 0 6770 
2 2 0 6769 
3 2 6771 6772 
1 2 0 6773 
1 2 0 6774 
2 2 0 6773 
3 2 6775 6776 
1 2 0 6777 
1 2 0 6778 
2 2 0 6777 
3 2 6779 6780 
1 2 0 6781 
1 2 0 6782 
2 2 0 6781 
3 2 6783 6784 
1 2 0 6785 
4 1 0 
4 2 0 6719 
4 2 0 6722 
4 2 0 6723 
4 2 0 6726 
4 2 0 6727 
4 2 0 6730 
4 2 0 6731 
4 2 0 6734 
4 2 0 6737 
4 2 0 6740 
4 2 0 6741 
4 2 0 6742 
4 2 0 6745 
4 2 0 6746 
4 2 0 6749 
4 2 0 6750 
4 2 0 6753 
4 2 0 6754 
4 2 0 6757 
4 2 0 6758 
4 2 0 6759 
4 2 0 6760 
4 2 0 6763 
4 2 0 6764 
4 2 0 6767 
4 2 0 6768 
4 2 0 6769 
4 2 0 6770 
4 2 0 6773 
4 2 0 6774 
4 2 0 6777 
4 2 0 6778 
4 2 0 6781 
4 2 0 6782 
4 2 0 6785 
4 2 0 6786 
1 1 0 
1 2 0 6824 
1 2 0 6825 
2 2 0 6824 
3 2 6826 6827 
1 2 0 6828 
1 2 0 6829 
1 2 0 6830 
2 2 0 6829 
3 2 6831 6832 
1 2 0 6833 
2 2 0 6830 
3 2 6834 6835 
1 2 0 6836 
1 2 0 6837 
2 2 0 6836 
3 2 6838 6839 
1 2 0 6840 
2 2 0 6837 
3 2 6841 6842 
1 2 0 6843 
2 2 0 6840 
3 2 6844 6845 
1 2 0 6846 
1 2 0 6847 
1 2 0 6848 
2 2 0 6847 
3 2 6849 6850 
1 2 0 6851 
1 2 0 6852 
2 2 0 6851 
3 2 6853 6854 
1 2 0 6855 
1 2 0 6856 
2 2 0 6855 
3 2 6857 6858 
1 2 0 6859 
1 2 0 6860 
1 2 0 6861 
2 2 0 6860 
3 2 6862 6863 
1 2 0 6864 
1 2 0 6865 
2 2 0 6864 
3 2 6866 6867 
1 2 0 6868 
2 2 0 6865 
3 2 6869 6870 
1 2 0 6871 
1 2 0 6872 
1 2 0 6873 
2 2 0 6872 
3 2 6874 6875 
1 2 0 6876 
2 2 0 6873 
3 2 6877 6878 
1 2 0 6879 
2 2 0 6872 
2 2 0 6876 
3 3 6880 6881 6882 
1 2 0 6883 
1 2 0 6884 
2 2 0 6876 
2 2 0 6883 
3 3 6885 6886 6887 
1 2 0 6888 
2 2 0 6876 
2 2 0 6883 
2 2 0 6884 
3 4 6889 6890 6891 6892 
1 2 0 6893 
2 2 0 6888 
3 2 6894 6895 
1 2 0 6896 
4 1 0 
4 2 0 6824 
4 2 0 6825 
4 2 0 6828 
4 2 0 6829 
4 2 0 6830 
4 2 0 6833 
4 2 0 6836 
4 2 0 6837 
4 2 0 6840 
4 2 0 6843 
4 2 0 6846 
4 2 0 6847 
4 2 0 6848 
4 2 0 6851 
4 2 0 6852 
4 2 0 6855 
4 2 0 6856 
4 2 0 6859 
4 2 0 6860 
4 2 0 6861 
4 2 0 6864 
4 2 0 6865 
4 2 0 6868 
4 2 0 6871 
4 2 0 6872 
4 2 0 6873 
4 2 0 6876 
4 2 0 6879 
4 2 0 6883 
4 2 0 6884 
4 2 0 6888 
4 2 0 6893 
4 2 0 6896 
4 2 0 6897 
26 2476 83 84 85 86 87 88 89 90 91 92 93 94 95 96 97 98 99 100 101 102 103 104 105 106 107 108 109 110 111 112 113 114 115 116 117 118 119 120 121 122 123 124 174 175 176 177 178 179 180 181 182 183 184 185 186 187 188 189 190 191 192 193 194 195 256 257 258 259 260 261 262 263 264 265 266 267 268 269 270 271 272 273 274 275 276 277 278 279 280 281 282 283 284 285 286 287 288 289 290 291 292 293 294 334 335 336 337 338 339 340 341 342 343 344 345 346 347 348 349 350 351 352 353 354 355 356 357 358 359 385 386 387 388 389 390 391 392 393 394 395 396 397 398 399 400 456 457 458 459 460 461 462 463 464 465 466 467 468 469 470 471 472 473 474 475 476 477 478 479 480 481 482 483 484 485 600 601 602 603 604 605 606 607 608 609 610 611 612 613 614 615 616 617 618 619 620 621 622 623 624 625 626 627 628 629 630 631 632 633 634 635 636 637 638 639 640 641 642 643 644 645 646 647 648 649 650 651 652 653 654 655 656 657 658 659 660 661 662 709 710 711 712 713 714 715 716 717 718 719 720 721 722 723 724 725 726 727 728 729 730 731 732 733 734 735 767 768 769 770 771 772 773 774 775 776 777 778 779 780 781 782 783 784 785 880 881 882 883 884 885 886 887 888 889 890 891 892 893 894 895 896 897 898 899 900 901 902 903 904 905 906 907 908 909 910 911 912 913 914 915 916 917 918 919 920 921 922 923 924 925 926 927 928 929 930 931 932 933 934 1055 1056 1057 1058 1059 1060 1061 1062 1063 1064 1065 1066 1067 1068 1069 1070 1071 1072 1073 1074 1075 1076 1077 1078 1079 1080 1081 1082 1083 1084 1085 1086 1087 1088 1089 1090 1091 1092 1093 1094 1095 1096 1097 1098 1099 1100 1101 1102 1103 1104 1105 1106 1107 1108 1109 1110 1280 1281 1282 1283 1284 1285 1286 1287 1288 1289 1290 1291 1292 1293 1294 1295 1296 1297 1298 1299 1300 1301 1302 1303 1304 1305 1306 1307 1308 1309 1310 1311 1312 1313 1314 1315 1316 1317 1318 1319 1320 1321 1322 1323 1324 1325 1326 1327 1328 1329 1330 1331 1332 1333 1334 1335 1336 1337 1338 1339 1340 1341 1342 1343 1344 1345 1346 1347 1348 1349 1350 1351 1352 1353 1354 1355 1356 1357 1358 1359 1360 1361 1362 1363 1364 1365 1366 1367 1368 1369 1370 1371 1372 1475 1476 1477 1478 1479 1480 1481 1482 1483 1484 1485 1486 1487 1488 1489 1490 1491 1492 1493 1494 1495 1496 1497 1498 1499 1500 1501 1502 1503 1504 1505 1506 1507 1508 1509 1510 1511 1512 1513 1514 1515 1516 1517 1518 1519 1520 1521 1522 1523 1524 1525 1526 1527 1528 1529 1530 1531 1649 1650 1651 1652 1653 1654 1655 1656 1657 1658 1659 1660 1661 1662 1663 1664 1665 1666 1667 1668 1669 1670 1671 1672 1673 1674 1675 1676 1677 1678 1679 1680 1681 1682 1683 1684 1685 1686 1687 1688 1689 1690 1691 1692 1693 1694 1695 1696 1697 1735 1736 1737 1738 1739 1740 1741 1742 1743 1744 1745 1746 1747 1748 1749 1750 1751 1752 1774 1775 1776 1777 1778 1779 1780 1781 1782 1783 1896 1897 1898 1899 1900 1901 1902 1903 1904 1905 1906 1907 1908 1909 1910 1911 1912 1913 1914 1915 1916 1917 1918 1919 1920 1921 1922 1923 1924 1925 1926 1927 1928 1929 1930 1931 1932 1933 1934 1935 1936 1937 1938 1939 1940 1941 1942 1943 2033 2034 2035 2036 2037 2038 2039 2040 2041 2042 2043 2044 2045 2046 2047 2048 2049 2050 2051 2052 2053 2054 2055 2056 2057 2058 2059 2060 2061 2062 2063 2064 2065 2066 2067 2068 2069 2070 2071 2072 2073 2074 2075 2120 2121 2122 2123 2124 2125 2126 2127 2128 2129 2130 2131 2132 2133 2134 2135 2136 2137 2138 2139 2140 2141 2142 2143 2148 2149 2150 2151 2152 2252 2253 2254 2255 2256 2257 2258 2259 2260 2261 2262 2263 2264 2265 2266 2267 2268 2269 2270 2271 2272 2273 2274 2275 2276 2277 2278 2279 2280 2281 2282 2283 2284 2285 2286 2287 2288 2289 2290 2291 2292 2293 2294 2295 2296 2297 2298 2340 2341 2342 2343 2344 2345 2346 2347 2348 2349 2350 2351 2352 2353 2354 2355 2356 2357 2358 2359 2360 2361 2362 2379 2380 2381 2382 2383 2384 2385 2386 2449 2450 2451 2452 2453 2454 2455 2456 2457 2458 2459 2460 2461 2462 2463 2464 2465 2466 2467 2468 2469 2470 2471 2472 2473 2474 2475 2476 2499 2500 2501 2502 2503 2504 2505 2506 2507 2508 2521 2522 2523 2524 2525 2526 2527 2539 2540 2541 2542 2543 2544 2548 2549 2550 2551 2726 2727 2728 2729 2730 2731 2732 2733 2734 2735 2736 2737 2738 2739 2740 2741 2742 2743 2744 2745 2746 2747 2748 2749 2750 2751 2752 2753 2754 2755 2756 2757 2758 2759 2760 2761 2762 2763 2764 2765 2766 2767 2768 2769 2770 2771 2772 2773 2774 2775 2776 2777 2778 2779 2780 2781 2782 2783 2784 2785 2786 2787 2788 2789 2790 2791 2792 2793 2794 2795 2796 2797 2798 2799 2800 2801 2802 2803 2804 2805 2806 2807 2808 2809 2810 2811 2812 2813 2814 2815 2816 2817 2818 2819 2820 2821 2822 2930 2931 2932 2933 2934 2935 2936 2937 2938 2939 2940 2941 2942 2943 2944 2945 2946 2947 2948 2949 2950 2951 2952 2953 2954 2955 2956 2957 2958 2959 2960 2961 2962 2963 2964 2965 2966 2967 2968 2969 2970 2971 2972 2973 2974 2975 2976 2977 2978 2979 2980 2981 2982 2983 2984 2985 2986 2987 2988 3085 3086 3087 3088 3089 3090 3091 3092 3093 3094 3095 3096 3097 3098 3099 3100 3101 3102 3103 3104 3105 3106 3107 3108 3109 3110 3111 3112 3113 3114 3115 3116 3117 3118 3119 3120 3121 3122 3123 3124 3125 3126 3127 3128 3129 3130 3131 3132 3133 3134 3135 3136 3137 3138 3139 3207 3208 3209 3210 3211 3212 3213 3214 3215 3216 3217 3218 3219 3220 3221 3222 3223 3224 3225 3226 3227 3228 3229 3230 3231 3232 3233 3234 3235 3236 3237 3238 3239 3240 3309 3310 3311 3312 3313 3314 3315 3316 3317 3318 3319 3320 3321 3322 3323 3324 3325 3326 3327 3328 3329 3330 3331 3332 3333 3334 3335 3336 3337 3338 3339 3340 3341 3342 3343 3344 3345 3346 3381 3382 3383 3384 3385 3386 3387 3388 3389 3390 3391 3392 3393 3394 3395 3396 3397 3398 3399 3400 3401 3534 3535 3536 3537 3538 3539 3540 3541 3542 3543 3544 3545 3546 3547 3548 3549 3550 3551 3552 3553 3554 3555 3556 3557 3558 3559 3560 3561 3562 3563 3564 3565 3566 3567 3568 3569 3570 3571 3572 3573 3574 3575 3576 3577 3578 3579 3580 3581 3582 3583 3584 3585 3586 3587 3588 3589 3590 3591 3592 3593 3594 3595 3596 3597 3598 3599 3600 3601 3602 3603 3604 3605 3606 3607 3790 3791 3792 3793 3794 3795 3796 3797 3798 3799 3800 3801 3802 3803 3804 3805 3806 3807 3808 3809 3810 3811 3812 3813 3814 3815 3816 3817 3818 3819 3820 3821 3822 3823 3824 3825 3826 3827 3828 3829 3830 3831 3832 3833 3834 3835 3836 3837 3838 3839 3840 3841 3842 3843 3844 3845 3846 3847 3848 3849 3850 3851 3852 3853 3854 3855 3856 3857 3858 3859 3860 3861 3862 3863 3864 3865 3866 3867 3868 3869 3870 3871 3872 3873 3874 3875 3876 3877 3878 3879 3880 3881 3882 3898 3899 3900 3901 3902 3903 3904 3905 3906 3907 3934 3935 3936 3937 3938 3939 3940 3941 3942 3943 3944 3945 3946 3947 3948 3949 3950 3951 3952 3969 3970 3971 3972 3973 3974 3975 3976 3977 3978 3979 4026 4027 4028 4029 4030 4031 4032 4033 4034 4035 4036 4037 4038 4039 4040 4041 4042 4043 4044 4045 4046 4047 4048 4049 4050 4051 4052 4053 4054 4179 4180 4181 4182 4183 4184 4185 4186 4187 4188 4189 4190 4191 4192 4193 4194 4195 4196 4197 4198 4199 4200 4201 4202 4203 4204 4205 4206 4207 4208 4209 4210 4211 4212 4213 4214 4215 4216 4217 4218 4219 4220 4221 4222 4223 4224 4225 4226 4227 4228 4229 4230 4231 4232 4233 4234 4235 4236 4237 4238 4239 4240 4241 4242 4243 4244 4245 4246 4247 4248 4249 4250 4251 4252 4253 4254 4255 4256 4257 4310 4311 4312 4313 4314 4315 4316 4317 4318 4319 4320 4321 4322 4323 4324 4325 4326 4327 4328 4329 4330 4331 4332 4333 4334 4335 4336 4337 4338 4365 4366 4367 4368 4369 4370 4371 4372 4373 4374 4375 4376 4377 4378 4379 4380 4381 4427 4428 4429 4430 4431 4432 4433 4434 4435 4436 4437 4438 4439 4440 4441 4442 4443 4444 4445 4446 4447 4448 4449 4450 4451 4452 4453 4454 4455 4456 4488 4489 4490 4491 4492 4493 4494 4495 4496 4497 4498 4499 4500 4501 4502 4503 4504 4505 4679 4680 4681 4682 4683 4684 4685 4686 4687 4688 4689 4690 4691 4692 4693 4694 4695 4696 4697 4698 4699 4700 4701 4702 4703 4704 4705 4706 4707 4708 4709 4710 4711 4712 4713 4714 4715 4716 4717 4718 4719 4720 4721 4722 4723 4724 4725 4726 4727 4728 4729 4730 4731 4732 4733 4734 4735 4736 4737 4738 4739 4740 4741 4742 4743 4744 4745 4746 4747 4748 4749 4750 4751 4752 4753 4754 4755 4756 4757 4758 4759 4760 4761 4762 4763 4764 4765 4766 4767 4768 4769 4770 4771 4772 4773 4774 4775 4776 4777 4778 4779 4780 4781 4814 4815 4816 4817 4818 4819 4820 4821 4822 4823 4824 4825 4826 4827 4828 4829 4830 4831 4832 4833 4834 4869 4870 4871 4872 4873 4874 4875 4876 4877 4878 4879 4880 4881 4882 4883 4884 4885 4886 4887 4888 4889 4938 4939 4940 4941 4942 4943 4944 4945 4946 4947 4948 4949 4950 4951 4952 4953 4954 4955 4956 4957 4958 4959 4960 4961 4962 4963 4964 4965 4966 4967 4968 5048 5049 5050 5051 5052 5053 5054 5055 5056 5057 5058 5059 5060 5061 5062 5063 5064 5065 5066 5067 5068 5069 5070 5071 5072 5073 5074 5075 5076 5077 5078 5079 5080 5081 5082 5083 5084 5085 5086 5087 5088 5089 5090 5166 5167 5168 5169 5170 5171 5172 5173 5174 5175 5176 5177 5178 5179 5180 5181 5182 5183 5184 5185 5186 5187 5188 5189 5190 5191 5192 5193 5194 5195 5196 5197 5198 5199 5200 5201 5202 5203 5204 5205 5206 5207 5342 5343 5344 5345 5346 5347 5348 5349 5350 5351 5352 5353 5354 5355 5356 5357 5358 5359 5360 5361 5362 5363 5364 5365 5366 5367 5368 5369 5370 5371 5372 5373 5374 5375 5376 5377 5378 5379 5380 5381 5382 5383 5384 5385 5386 5387 5388 5389 5390 5391 5392 5393 5394 5395 5396 5397 5398 5399 5400 5401 5402 5403 5404 5405 5406 5407 5408 5409 5410 5411 5412 5413 5414 5415 5416 5417 5418 5419 5420 5421 5422 5423 5424 5425 5426 5427 5503 5504 5505 5506 5507 5508 5509 5510 5511 5512 5513 5514 5515 5516 5517 5518 5519 5520 5521 5522 5523 5524 5525 5526 5527 5528 5529 5530 5531 5532 5533 5534 5535 5536 5537 5538 5539 5540 5541 5542 5543 5544 5618 5619 5620 5621 5622 5623 5624 5625 5626 5627 5628 5629 5630 5631 5632 5633 5634 5635 5636 5637 5638 5639 5640 5641 5642 5643 5644 5645 5646 5647 5648 5649 5650 5651 5652 5653 5654 5655 5656 5657 5658 5771 5772 5773 5774 5775 5776 5777 5778 5779 5780 5781 5782 5783 5784 5785 5786 5787 5788 5789 5790 5791 5792 5793 5794 5795 5796 5797 5798 5799 5800 5801 5802 5803 5804 5805 5806 5807 5808 5809 5810 5811 5812 5813 5814 5815 5816 5817 5818 5819 5820 5821 5822 5823 5824 5825 5826 5827 5828 5829 5830 5831 5832 5833 5834 5835 5836 5837 5999 6000 6001 6002 6003 6004 6005 6006 6007 6008 6009 6010 6011 6012 6013 6014 6015 6016 6017 6018 6019 6020 6021 6022 6023 6024 6025 6026 6027 6028 6029 6030 6031 6032 6033 6034 6035 6036 6037 6038 6039 6040 6041 6042 6043 6044 6045 6046 6047 6048 6049 6050 6051 6052 6053 6054 6055 6056 6057 6058 6059 6060 6061 6062 6063 6064 6065 6066 6067 6068 6069 6070 6071 6072 6073 6074 6075 6076 6077 6078 6079 6080 6081 6082 6083 6084 6085 6086 6087 6088 6089 6090 6091 6143 6144 6145 6146 6147 6148 6149 6150 6151 6152 6153 6154 6155 6156 6157 6158 6159 6160 6161 6162 6163 6164 6165 6166 6167 6168 6169 6346 6347 6348 6349 6350 6351 6352 6353 6354 6355 6356 6357 6358 6359 6360 6361 6362 6363 6364 6365 6366 6367 6368 6369 6370 6371 6372 6373 6374 6375 6376 6377 6378 6379 6380 6381 6382 6383 6384 6385 6386 6387 6388 6389 6390 6391 6392 6393 6394 6395 6396 6397 6398 6399 6400 6401 6402 6403 6404 6405 6406 6407 6408 6409 6410 6411 6412 6413 6414 6415 6416 6417 6418 6419 6420 6421 6422 6423 6424 6425 6426 6427 6428 6429 6430 6431 6432 6433 6434 6435 6436 6437 6438 6439 6440 6441 6442 6443 6444 6445 6446 6447 6502 6503 6504 6505 6506 6507 6508 6509 6510 6511 6512 6513 6514 6515 6516 6517 6518 6519 6520 6521 6522 6523 6524 6525 6526 6527 6528 6529 6530 6531 6588 6589 6590 6591 6592 6593 6594 6595 6596 6597 6598 6599 6600 6601 6602 6603 6604 6605 6606 6607 6608 6609 6610 6611 6612 6613 6614 6615 6616 6617 6618 6619 6620 6621 6622 6643 6644 6645 6646 6647 6648 6649 6650 6651 6652 6653 6698 6699 6700 6701 6702 6703 6704 6705 6706 6707 6708 6709 6710 6711 6712 6713 6714 6715 6716 6717 6718 6787 6788 6789 6790 6791 6792 6793 6794 6795 6796 6797 6798 6799 6800 6801 6802 6803 6804 6805 6806 6807 6808 6809 6810 6811 6812 6813 6814 6815 6816 6817 6818 6819 6820 6821 6822 6823 6898 6899 6900 6901 6902 6903 6904 6905 6906 6907 6908 6909 6910 6911 6912 6913 6914 6915 6916 6917 6918 6919 6920 6921 6922 6923 6924 6925 6926 6927 6928 6929 6930 6931 6932 
