6279
0 0 
1 1 0 
1 2 0 1 
2 1 0 
3 2 2 3 
1 2 0 4 
2 2 0 1 
3 2 5 6 
1 2 0 7 
2 2 0 1 
2 2 0 4 
3 3 8 9 10 
1 2 0 11 
1 2 0 12 
2 2 0 11 
3 2 13 14 
1 2 0 15 
1 2 0 16 
2 2 0 15 
3 2 17 18 
1 2 0 19 
1 2 0 20 
2 2 0 19 
3 2 21 22 
1 2 0 23 
1 2 0 24 
1 2 0 25 
2 2 0 24 
3 2 26 27 
1 2 0 28 
2 2 0 25 
3 2 29 30 
1 2 0 31 
2 2 0 24 
2 2 0 28 
3 3 32 33 34 
1 2 0 35 
2 2 0 31 
3 2 36 37 
1 2 0 38 
2 2 0 35 
3 2 39 40 
1 2 0 41 
2 2 0 38 
3 2 42 43 
1 2 0 44 
2 2 0 41 
3 2 45 46 
1 2 0 47 
2 2 0 41 
3 2 48 49 
1 2 0 50 
1 2 0 51 
2 2 0 50 
3 2 52 53 
1 2 0 54 
1 2 0 55 
1 2 0 56 
2 2 0 55 
3 2 57 58 
1 2 0 59 
1 2 0 60 
2 2 0 59 
3 2 61 62 
1 2 0 63 
2 2 0 59 
2 2 0 60 
3 3 64 65 66 
1 2 0 67 
1 2 0 68 
2 2 0 67 
3 2 69 70 
1 2 0 71 
1 2 0 72 
1 2 0 73 
2 2 0 72 
3 2 74 75 
1 2 0 76 
1 2 0 77 
2 2 0 72 
2 2 0 76 
3 3 78 79 80 
1 2 0 81 
2 2 0 77 
3 2 82 83 
1 2 0 84 
2 2 0 81 
3 2 85 86 
1 2 0 87 
2 2 0 84 
3 2 88 89 
1 2 0 90 
2 2 0 87 
3 2 91 92 
1 2 0 93 
1 2 0 94 
2 2 0 93 
3 2 95 96 
1 2 0 97 
1 2 0 98 
1 2 0 99 
2 2 0 98 
3 2 100 101 
1 2 0 102 
2 2 0 98 
2 2 0 99 
3 3 103 104 105 
1 2 0 106 
1 2 0 107 
1 2 0 108 
2 2 0 107 
3 2 109 110 
1 2 0 111 
2 2 0 108 
3 2 112 113 
1 2 0 114 
2 2 0 111 
3 2 115 116 
1 2 0 117 
2 2 0 114 
3 2 118 119 
1 2 0 120 
2 2 0 117 
3 2 121 122 
1 2 0 123 
1 2 0 124 
2 2 0 123 
3 2 125 126 
1 2 0 127 
4 1 0 
4 2 0 1 
4 2 0 4 
4 2 0 7 
4 2 0 11 
4 2 0 12 
4 2 0 15 
4 2 0 16 
4 2 0 19 
4 2 0 20 
4 2 0 23 
4 2 0 24 
4 2 0 25 
4 2 0 28 
4 2 0 31 
4 2 0 35 
4 2 0 38 
4 2 0 41 
4 2 0 44 
4 2 0 47 
4 2 0 50 
4 2 0 51 
4 2 0 54 
4 2 0 55 
4 2 0 56 
4 2 0 59 
4 2 0 60 
4 2 0 63 
4 2 0 67 
4 2 0 68 
4 2 0 71 
4 2 0 72 
4 2 0 73 
4 2 0 76 
4 2 0 77 
4 2 0 81 
4 2 0 84 
4 2 0 87 
4 2 0 90 
4 2 0 93 
4 2 0 94 
4 2 0 97 
4 2 0 98 
4 2 0 99 
4 2 0 102 
4 2 0 106 
4 2 0 107 
4 2 0 108 
4 2 0 111 
4 2 0 114 
4 2 0 117 
4 2 0 120 
4 2 0 123 
4 2 0 124 
4 2 0 127 
4 2 0 128 
1 1 0 
1 2 0 185 
1 2 0 186 
1 2 0 187 
2 2 0 185 
2 2 0 186 
3 3 188 189 190 
1 2 0 191 
1 2 0 192 
2 2 0 191 
3 2 193 194 
1 2 0 195 
1 2 0 196 
2 2 0 195 
3 2 197 198 
4 1 0 
4 2 0 185 
4 2 0 186 
4 2 0 187 
4 2 0 191 
4 2 0 192 
4 2 0 195 
4 2 0 196 
4 2 0 199 
1 1 0 
1 2 0 209 
2 1 0 
3 2 210 211 
1 2 0 212 
2 1 0 
2 2 0 209 
3 3 213 214 215 
1 2 0 216 
1 2 0 217 
1 2 0 218 
2 2 0 217 
3 2 219 220 
1 2 0 221 
2 2 0 216 
2 2 0 217 
2 2 0 218 
3 4 222 223 224 225 
1 2 0 226 
1 2 0 227 
2 2 0 226 
3 2 228 229 
1 2 0 230 
1 2 0 231 
2 2 0 230 
3 2 232 233 
1 2 0 234 
2 2 0 231 
3 2 235 236 
1 2 0 237 
1 2 0 238 
1 2 0 239 
1 2 0 240 
2 2 0 239 
3 2 241 242 
1 2 0 243 
1 2 0 244 
1 2 0 245 
2 2 0 243 
2 2 0 244 
3 3 246 247 248 
1 2 0 249 
1 2 0 250 
1 2 0 251 
2 2 0 250 
3 2 252 253 
1 2 0 254 
2 2 0 250 
2 2 0 251 
3 3 255 256 257 
1 2 0 258 
4 1 0 
4 2 0 209 
4 2 0 212 
4 2 0 216 
4 2 0 217 
4 2 0 218 
4 2 0 221 
4 2 0 226 
4 2 0 227 
4 2 0 230 
4 2 0 231 
4 2 0 234 
4 2 0 237 
4 2 0 238 
4 2 0 239 
4 2 0 240 
4 2 0 243 
4 2 0 244 
4 2 0 245 
4 2 0 249 
4 2 0 250 
4 2 0 251 
4 2 0 254 
4 2 0 258 
4 2 0 259 
1 1 0 
1 2 0 285 
2 1 0 
3 2 286 287 
1 2 0 288 
1 2 0 289 
1 2 0 290 
2 2 0 289 
3 2 291 292 
1 2 0 293 
2 2 0 289 
3 2 294 295 
1 2 0 296 
2 2 0 289 
2 2 0 293 
3 3 297 298 299 
1 2 0 300 
1 2 0 301 
1 2 0 302 
2 2 0 301 
3 2 303 304 
1 2 0 305 
2 2 0 302 
3 2 306 307 
1 2 0 308 
2 2 0 305 
3 2 309 310 
1 2 0 311 
2 2 0 308 
3 2 312 313 
1 2 0 314 
1 2 0 315 
2 2 0 314 
3 2 316 317 
1 2 0 318 
2 2 0 314 
2 2 0 315 
3 3 319 320 321 
1 2 0 322 
2 2 0 318 
3 2 323 324 
1 2 0 325 
2 2 0 322 
3 2 326 327 
1 2 0 328 
1 2 0 329 
1 2 0 330 
2 2 0 329 
3 2 331 332 
1 2 0 333 
1 2 0 334 
2 2 0 333 
3 2 335 336 
1 2 0 337 
1 2 0 338 
1 2 0 339 
2 2 0 338 
3 2 340 341 
1 2 0 342 
1 2 0 343 
2 2 0 342 
3 2 344 345 
1 2 0 346 
4 1 0 
4 2 0 285 
4 2 0 288 
4 2 0 289 
4 2 0 290 
4 2 0 293 
4 2 0 296 
4 2 0 300 
4 2 0 301 
4 2 0 302 
4 2 0 305 
4 2 0 308 
4 2 0 311 
4 2 0 314 
4 2 0 315 
4 2 0 318 
4 2 0 322 
4 2 0 325 
4 2 0 328 
4 2 0 329 
4 2 0 330 
4 2 0 333 
4 2 0 334 
4 2 0 337 
4 2 0 338 
4 2 0 339 
4 2 0 342 
4 2 0 343 
4 2 0 346 
4 2 0 347 
1 1 0 
1 2 0 378 
2 1 0 
3 2 379 380 
1 2 0 381 
1 2 0 382 
2 2 0 381 
3 2 383 384 
1 2 0 385 
1 2 0 386 
1 2 0 387 
2 2 0 386 
3 2 388 389 
1 2 0 390 
2 2 0 386 
3 2 391 392 
1 2 0 393 
2 2 0 386 
2 2 0 390 
3 3 394 395 396 
1 2 0 397 
1 2 0 398 
2 2 0 397 
3 2 399 400 
1 2 0 401 
1 2 0 402 
2 2 0 401 
3 2 403 404 
1 2 0 405 
2 2 0 402 
3 2 406 407 
1 2 0 408 
2 2 0 401 
2 2 0 402 
2 2 0 405 
3 4 409 410 411 412 
1 2 0 413 
1 2 0 414 
2 2 0 413 
3 2 415 416 
1 2 0 417 
1 2 0 418 
1 2 0 419 
2 2 0 418 
3 2 420 421 
1 2 0 422 
1 2 0 423 
2 2 0 422 
3 2 424 425 
1 2 0 426 
4 1 0 
4 2 0 378 
4 2 0 381 
4 2 0 382 
4 2 0 385 
4 2 0 386 
4 2 0 387 
4 2 0 390 
4 2 0 393 
4 2 0 397 
4 2 0 398 
4 2 0 401 
4 2 0 402 
4 2 0 405 
4 2 0 408 
4 2 0 413 
4 2 0 414 
4 2 0 417 
4 2 0 418 
4 2 0 419 
4 2 0 422 
4 2 0 423 
4 2 0 426 
4 2 0 427 
1 1 0 
1 2 0 452 
1 2 0 453 
2 2 0 452 
3 2 454 455 
1 2 0 456 
1 2 0 457 
2 2 0 456 
3 2 458 459 
1 2 0 460 
1 2 0 461 
1 2 0 462 
1 2 0 463 
2 2 0 462 
3 2 464 465 
1 2 0 466 
2 2 0 463 
3 2 467 468 
1 2 0 469 
2 2 0 466 
3 2 470 471 
1 2 0 472 
2 2 0 469 
3 2 473 474 
1 2 0 475 
2 2 0 469 
3 2 476 477 
1 2 0 478 
2 2 0 469 
2 2 0 475 
3 3 479 480 481 
1 2 0 482 
1 2 0 483 
2 2 0 478 
2 2 0 482 
3 3 484 485 486 
1 2 0 487 
1 2 0 488 
2 2 0 487 
3 2 489 490 
1 2 0 491 
1 2 0 492 
2 2 0 491 
3 2 493 494 
1 2 0 495 
1 2 0 496 
2 2 0 495 
3 2 497 498 
1 2 0 499 
1 2 0 500 
1 2 0 501 
2 2 0 500 
3 2 502 503 
1 2 0 504 
2 2 0 501 
3 2 505 506 
1 2 0 507 
1 2 0 508 
1 2 0 509 
2 2 0 507 
2 2 0 508 
3 3 510 511 512 
1 2 0 513 
1 2 0 514 
1 2 0 515 
2 2 0 514 
3 2 516 517 
1 2 0 518 
1 2 0 519 
1 2 0 520 
2 2 0 518 
2 2 0 519 
3 3 521 522 523 
1 2 0 524 
1 2 0 525 
2 2 0 524 
3 2 526 527 
1 2 0 528 
1 2 0 529 
1 2 0 530 
2 2 0 529 
3 2 531 532 
1 2 0 533 
2 2 0 530 
3 2 534 535 
1 2 0 536 
2 2 0 533 
3 2 537 538 
1 2 0 539 
2 2 0 536 
3 2 540 541 
1 2 0 542 
2 2 0 536 
3 2 543 544 
1 2 0 545 
2 2 0 536 
2 2 0 542 
3 3 546 547 548 
1 2 0 549 
1 2 0 550 
2 2 0 549 
3 2 551 552 
1 2 0 553 
2 2 0 550 
3 2 554 555 
1 2 0 556 
2 2 0 553 
3 2 557 558 
1 2 0 559 
1 2 0 560 
2 2 0 559 
3 2 561 562 
1 2 0 563 
1 2 0 564 
1 2 0 565 
1 2 0 566 
1 2 0 567 
1 2 0 568 
2 2 0 567 
3 2 569 570 
1 2 0 571 
2 2 0 567 
2 2 0 568 
3 3 572 573 574 
1 2 0 575 
2 2 0 571 
3 2 576 577 
1 2 0 578 
2 2 0 575 
3 2 579 580 
1 2 0 581 
2 2 0 578 
3 2 582 583 
1 2 0 584 
2 2 0 581 
3 2 585 586 
1 2 0 587 
1 2 0 588 
1 2 0 589 
2 2 0 588 
3 2 590 591 
1 2 0 592 
1 2 0 593 
1 2 0 594 
2 2 0 593 
3 2 595 596 
1 2 0 597 
2 2 0 594 
3 2 598 599 
1 2 0 600 
1 2 0 601 
2 2 0 600 
3 2 602 603 
1 2 0 604 
1 2 0 605 
2 2 0 604 
3 2 606 607 
1 2 0 608 
2 2 0 604 
3 2 609 610 
1 2 0 611 
1 2 0 612 
1 2 0 613 
2 2 0 612 
3 2 614 615 
1 2 0 616 
2 2 0 613 
3 2 617 618 
1 2 0 619 
2 2 0 616 
3 2 620 621 
1 2 0 622 
2 2 0 616 
2 2 0 619 
3 3 623 624 625 
1 2 0 626 
1 2 0 627 
1 2 0 628 
2 2 0 627 
3 2 629 630 
1 2 0 631 
2 2 0 627 
3 2 632 633 
1 2 0 634 
2 2 0 627 
2 2 0 631 
3 3 635 636 637 
1 2 0 638 
1 2 0 639 
2 2 0 638 
3 2 640 641 
1 2 0 642 
2 2 0 638 
2 2 0 639 
3 3 643 644 645 
1 2 0 646 
2 2 0 642 
3 2 647 648 
1 2 0 649 
2 2 0 646 
3 2 650 651 
1 2 0 652 
2 2 0 649 
3 2 653 654 
1 2 0 655 
2 2 0 652 
3 2 656 657 
1 2 0 658 
4 1 0 
4 2 0 452 
4 2 0 453 
4 2 0 456 
4 2 0 457 
4 2 0 460 
4 2 0 461 
4 2 0 462 
4 2 0 463 
4 2 0 466 
4 2 0 469 
4 2 0 472 
4 2 0 475 
4 2 0 478 
4 2 0 482 
4 2 0 483 
4 2 0 487 
4 2 0 488 
4 2 0 491 
4 2 0 492 
4 2 0 495 
4 2 0 496 
4 2 0 499 
4 2 0 500 
4 2 0 501 
4 2 0 504 
4 2 0 507 
4 2 0 508 
4 2 0 509 
4 2 0 513 
4 2 0 514 
4 2 0 515 
4 2 0 518 
4 2 0 519 
4 2 0 520 
4 2 0 524 
4 2 0 525 
4 2 0 528 
4 2 0 529 
4 2 0 530 
4 2 0 533 
4 2 0 536 
4 2 0 539 
4 2 0 542 
4 2 0 545 
4 2 0 549 
4 2 0 550 
4 2 0 553 
4 2 0 556 
4 2 0 559 
4 2 0 560 
4 2 0 563 
4 2 0 564 
4 2 0 565 
4 2 0 566 
4 2 0 567 
4 2 0 568 
4 2 0 571 
4 2 0 575 
4 2 0 578 
4 2 0 581 
4 2 0 584 
4 2 0 587 
4 2 0 588 
4 2 0 589 
4 2 0 592 
4 2 0 593 
4 2 0 594 
4 2 0 597 
4 2 0 600 
4 2 0 601 
4 2 0 604 
4 2 0 605 
4 2 0 608 
4 2 0 611 
4 2 0 612 
4 2 0 613 
4 2 0 616 
4 2 0 619 
4 2 0 622 
4 2 0 626 
4 2 0 627 
4 2 0 628 
4 2 0 631 
4 2 0 634 
4 2 0 638 
4 2 0 639 
4 2 0 642 
4 2 0 646 
4 2 0 649 
4 2 0 652 
4 2 0 655 
4 2 0 658 
4 2 0 659 
1 1 0 
1 2 0 754 
2 1 0 
3 2 755 756 
1 2 0 757 
1 2 0 758 
2 2 0 757 
3 2 759 760 
1 2 0 761 
1 2 0 762 
2 2 0 761 
3 2 763 764 
1 2 0 765 
1 2 0 766 
1 2 0 767 
1 2 0 768 
2 2 0 767 
3 2 769 770 
1 2 0 771 
2 2 0 768 
3 2 772 773 
1 2 0 774 
2 2 0 767 
2 2 0 768 
2 2 0 771 
3 4 775 776 777 778 
1 2 0 779 
1 2 0 780 
2 2 0 779 
3 2 781 782 
1 2 0 783 
1 2 0 784 
1 2 0 785 
2 2 0 784 
3 2 786 787 
1 2 0 788 
1 2 0 789 
2 2 0 788 
3 2 790 791 
1 2 0 792 
2 2 0 789 
3 2 793 794 
1 2 0 795 
2 2 0 792 
3 2 796 797 
1 2 0 798 
1 2 0 799 
2 2 0 798 
3 2 800 801 
1 2 0 802 
1 2 0 803 
1 2 0 804 
2 2 0 803 
3 2 805 806 
1 2 0 807 
1 2 0 808 
1 2 0 809 
2 2 0 808 
3 2 810 811 
1 2 0 812 
4 1 0 
4 2 0 754 
4 2 0 757 
4 2 0 758 
4 2 0 761 
4 2 0 762 
4 2 0 765 
4 2 0 766 
4 2 0 767 
4 2 0 768 
4 2 0 771 
4 2 0 774 
4 2 0 779 
4 2 0 780 
4 2 0 783 
4 2 0 784 
4 2 0 785 
4 2 0 788 
4 2 0 789 
4 2 0 792 
4 2 0 795 
4 2 0 798 
4 2 0 799 
4 2 0 802 
4 2 0 803 
4 2 0 804 
4 2 0 807 
4 2 0 808 
4 2 0 809 
4 2 0 812 
4 2 0 813 
1 1 0 
1 2 0 845 
2 1 0 
3 2 846 847 
1 2 0 848 
2 2 0 845 
3 2 849 850 
1 2 0 851 
2 1 0 
2 2 0 845 
2 2 0 848 
3 4 852 853 854 855 
1 2 0 856 
1 2 0 857 
2 2 0 856 
3 2 858 859 
1 2 0 860 
1 2 0 861 
2 2 0 860 
3 2 862 863 
1 2 0 864 
1 2 0 865 
1 2 0 866 
1 2 0 867 
2 2 0 866 
3 2 868 869 
1 2 0 870 
1 2 0 871 
2 2 0 870 
3 2 872 873 
1 2 0 874 
1 2 0 875 
1 2 0 876 
2 2 0 875 
3 2 877 878 
1 2 0 879 
1 2 0 880 
2 2 0 879 
3 2 881 882 
1 2 0 883 
4 1 0 
4 2 0 845 
4 2 0 848 
4 2 0 851 
4 2 0 856 
4 2 0 857 
4 2 0 860 
4 2 0 861 
4 2 0 864 
4 2 0 865 
4 2 0 866 
4 2 0 867 
4 2 0 870 
4 2 0 871 
4 2 0 874 
4 2 0 875 
4 2 0 876 
4 2 0 879 
4 2 0 880 
4 2 0 883 
4 2 0 884 
1 1 0 
1 2 0 906 
1 2 0 907 
2 2 0 906 
3 2 908 909 
1 2 0 910 
1 2 0 911 
1 2 0 912 
2 2 0 911 
3 2 913 914 
1 2 0 915 
1 2 0 916 
2 2 0 915 
3 2 917 918 
1 2 0 919 
1 2 0 920 
1 2 0 921 
1 2 0 922 
1 2 0 923 
2 2 0 922 
3 2 924 925 
1 2 0 926 
1 2 0 927 
1 2 0 928 
2 2 0 927 
3 2 929 930 
1 2 0 931 
2 2 0 928 
3 2 932 933 
1 2 0 934 
2 2 0 931 
3 2 935 936 
1 2 0 937 
1 2 0 938 
2 2 0 937 
3 2 939 940 
1 2 0 941 
1 2 0 942 
1 2 0 943 
2 2 0 942 
3 2 944 945 
1 2 0 946 
1 2 0 947 
1 2 0 948 
2 2 0 947 
3 2 949 950 
1 2 0 951 
1 2 0 952 
1 2 0 953 
2 2 0 952 
3 2 954 955 
1 2 0 956 
4 1 0 
4 2 0 906 
4 2 0 907 
4 2 0 910 
4 2 0 911 
4 2 0 912 
4 2 0 915 
4 2 0 916 
4 2 0 919 
4 2 0 920 
4 2 0 921 
4 2 0 922 
4 2 0 923 
4 2 0 926 
4 2 0 927 
4 2 0 928 
4 2 0 931 
4 2 0 934 
4 2 0 937 
4 2 0 938 
4 2 0 941 
4 2 0 942 
4 2 0 943 
4 2 0 946 
4 2 0 947 
4 2 0 948 
4 2 0 951 
4 2 0 952 
4 2 0 953 
4 2 0 956 
4 2 0 957 
1 1 0 
1 2 0 989 
1 2 0 990 
2 2 0 989 
3 2 991 992 
1 2 0 993 
1 2 0 994 
1 2 0 995 
2 2 0 994 
3 2 996 997 
1 2 0 998 
2 2 0 995 
3 2 999 1000 
1 2 0 1001 
2 2 0 998 
3 2 1002 1003 
1 2 0 1004 
1 2 0 1005 
2 2 0 1004 
3 2 1006 1007 
1 2 0 1008 
1 2 0 1009 
1 2 0 1010 
2 2 0 1009 
3 2 1011 1012 
1 2 0 1013 
1 2 0 1014 
2 2 0 1013 
3 2 1015 1016 
1 2 0 1017 
1 2 0 1018 
2 2 0 1017 
3 2 1019 1020 
1 2 0 1021 
1 2 0 1022 
1 2 0 1023 
1 2 0 1024 
1 2 0 1025 
2 2 0 1024 
3 2 1026 1027 
1 2 0 1028 
1 2 0 1029 
2 2 0 1028 
3 2 1030 1031 
1 2 0 1032 
1 2 0 1033 
2 2 0 1032 
3 2 1034 1035 
1 2 0 1036 
2 2 0 1033 
3 2 1037 1038 
1 2 0 1039 
2 2 0 1036 
3 2 1040 1041 
1 2 0 1042 
2 2 0 1039 
3 2 1043 1044 
1 2 0 1045 
1 2 0 1046 
2 2 0 1045 
3 2 1047 1048 
1 2 0 1049 
2 2 0 1046 
3 2 1050 1051 
1 2 0 1052 
1 2 0 1053 
2 2 0 1052 
3 2 1054 1055 
1 2 0 1056 
1 2 0 1057 
4 1 0 
4 2 0 989 
4 2 0 990 
4 2 0 993 
4 2 0 994 
4 2 0 995 
4 2 0 998 
4 2 0 1001 
4 2 0 1004 
4 2 0 1005 
4 2 0 1008 
4 2 0 1009 
4 2 0 1010 
4 2 0 1013 
4 2 0 1014 
4 2 0 1017 
4 2 0 1018 
4 2 0 1021 
4 2 0 1022 
4 2 0 1023 
4 2 0 1024 
4 2 0 1025 
4 2 0 1028 
4 2 0 1029 
4 2 0 1032 
4 2 0 1033 
4 2 0 1036 
4 2 0 1039 
4 2 0 1042 
4 2 0 1045 
4 2 0 1046 
4 2 0 1049 
4 2 0 1052 
4 2 0 1053 
4 2 0 1056 
4 2 0 1057 
4 2 0 1058 
1 1 0 
1 2 0 1096 
2 1 0 
3 2 1097 1098 
1 2 0 1099 
1 2 0 1100 
2 2 0 1099 
3 2 1101 1102 
1 2 0 1103 
2 2 0 1100 
3 2 1104 1105 
1 2 0 1106 
1 2 0 1107 
1 2 0 1108 
1 2 0 1109 
1 2 0 1110 
2 2 0 1109 
3 2 1111 1112 
1 2 0 1113 
1 2 0 1114 
2 2 0 1113 
3 2 1115 1116 
1 2 0 1117 
1 2 0 1118 
1 2 0 1119 
2 2 0 1118 
3 2 1120 1121 
1 2 0 1122 
2 2 0 1119 
3 2 1123 1124 
1 2 0 1125 
1 2 0 1126 
1 2 0 1127 
2 2 0 1126 
3 2 1128 1129 
1 2 0 1130 
1 2 0 1131 
1 2 0 1132 
2 2 0 1131 
3 2 1133 1134 
1 2 0 1135 
1 2 0 1136 
1 2 0 1137 
1 2 0 1138 
1 2 0 1139 
1 2 0 1140 
1 2 0 1141 
2 2 0 1140 
3 2 1142 1143 
1 2 0 1144 
2 2 0 1141 
3 2 1145 1146 
1 2 0 1147 
2 2 0 1141 
2 2 0 1144 
3 3 1148 1149 1150 
1 2 0 1151 
1 2 0 1152 
2 2 0 1151 
3 2 1153 1154 
1 2 0 1155 
1 2 0 1156 
2 2 0 1155 
3 2 1157 1158 
1 2 0 1159 
1 2 0 1160 
1 2 0 1161 
2 2 0 1160 
3 2 1162 1163 
1 2 0 1164 
1 2 0 1165 
2 2 0 1164 
3 2 1166 1167 
1 2 0 1168 
4 1 0 
4 2 0 1096 
4 2 0 1099 
4 2 0 1100 
4 2 0 1103 
4 2 0 1106 
4 2 0 1107 
4 2 0 1108 
4 2 0 1109 
4 2 0 1110 
4 2 0 1113 
4 2 0 1114 
4 2 0 1117 
4 2 0 1118 
4 2 0 1119 
4 2 0 1122 
4 2 0 1125 
4 2 0 1126 
4 2 0 1127 
4 2 0 1130 
4 2 0 1131 
4 2 0 1132 
4 2 0 1135 
4 2 0 1136 
4 2 0 1137 
4 2 0 1138 
4 2 0 1139 
4 2 0 1140 
4 2 0 1141 
4 2 0 1144 
4 2 0 1147 
4 2 0 1151 
4 2 0 1152 
4 2 0 1155 
4 2 0 1156 
4 2 0 1159 
4 2 0 1160 
4 2 0 1161 
4 2 0 1164 
4 2 0 1165 
4 2 0 1168 
4 2 0 1169 
1 1 0 
1 2 0 1212 
1 2 0 1213 
2 2 0 1212 
3 2 1214 1215 
1 2 0 1216 
1 2 0 1217 
2 2 0 1216 
3 2 1218 1219 
1 2 0 1220 
1 2 0 1221 
2 2 0 1220 
3 2 1222 1223 
1 2 0 1224 
1 2 0 1225 
2 2 0 1224 
3 2 1226 1227 
1 2 0 1228 
1 2 0 1229 
2 2 0 1228 
3 2 1230 1231 
1 2 0 1232 
1 2 0 1233 
1 2 0 1234 
2 2 0 1233 
3 2 1235 1236 
1 2 0 1237 
1 2 0 1238 
1 2 0 1239 
2 2 0 1238 
3 2 1240 1241 
1 2 0 1242 
2 2 0 1238 
2 2 0 1239 
3 3 1243 1244 1245 
1 2 0 1246 
2 2 0 1242 
3 2 1247 1248 
1 2 0 1249 
2 2 0 1246 
3 2 1250 1251 
1 2 0 1252 
2 2 0 1249 
3 2 1253 1254 
1 2 0 1255 
1 2 0 1256 
2 2 0 1255 
3 2 1257 1258 
1 2 0 1259 
1 2 0 1260 
2 2 0 1259 
3 2 1261 1262 
1 2 0 1263 
4 1 0 
4 2 0 1212 
4 2 0 1213 
4 2 0 1216 
4 2 0 1217 
4 2 0 1220 
4 2 0 1221 
4 2 0 1224 
4 2 0 1225 
4 2 0 1228 
4 2 0 1229 
4 2 0 1232 
4 2 0 1233 
4 2 0 1234 
4 2 0 1237 
4 2 0 1238 
4 2 0 1239 
4 2 0 1242 
4 2 0 1246 
4 2 0 1249 
4 2 0 1252 
4 2 0 1255 
4 2 0 1256 
4 2 0 1259 
4 2 0 1260 
4 2 0 1263 
4 2 0 1264 
1 1 0 
1 2 0 1292 
2 1 0 
3 2 1293 1294 
1 2 0 1295 
1 2 0 1296 
2 2 0 1295 
3 2 1297 1298 
1 2 0 1299 
1 2 0 1300 
2 2 0 1299 
3 2 1301 1302 
1 2 0 1303 
2 2 0 1299 
3 2 1304 1305 
1 2 0 1306 
2 2 0 1299 
2 2 0 1303 
3 3 1307 1308 1309 
1 2 0 1310 
1 2 0 1311 
2 2 0 1310 
3 2 1312 1313 
1 2 0 1314 
1 2 0 1315 
2 2 0 1314 
3 2 1316 1317 
1 2 0 1318 
1 2 0 1319 
2 2 0 1318 
3 2 1320 1321 
1 2 0 1322 
1 2 0 1323 
2 2 0 1322 
3 2 1324 1325 
1 2 0 1326 
2 2 0 1322 
2 2 0 1323 
3 3 1327 1328 1329 
1 2 0 1330 
2 2 0 1326 
3 2 1331 1332 
1 2 0 1333 
2 2 0 1330 
3 2 1334 1335 
1 2 0 1336 
2 2 0 1333 
3 2 1337 1338 
1 2 0 1339 
2 2 0 1336 
3 2 1340 1341 
1 2 0 1342 
2 2 0 1336 
3 2 1343 1344 
1 2 0 1345 
2 2 0 1336 
2 2 0 1342 
3 3 1346 1347 1348 
1 2 0 1349 
2 2 0 1336 
2 2 0 1345 
3 3 1350 1351 1352 
1 2 0 1353 
2 2 0 1349 
3 2 1354 1355 
1 2 0 1356 
1 2 0 1357 
1 2 0 1358 
2 2 0 1357 
3 2 1359 1360 
1 2 0 1361 
4 1 0 
4 2 0 1292 
4 2 0 1295 
4 2 0 1296 
4 2 0 1299 
4 2 0 1300 
4 2 0 1303 
4 2 0 1306 
4 2 0 1310 
4 2 0 1311 
4 2 0 1314 
4 2 0 1315 
4 2 0 1318 
4 2 0 1319 
4 2 0 1322 
4 2 0 1323 
4 2 0 1326 
4 2 0 1330 
4 2 0 1333 
4 2 0 1336 
4 2 0 1339 
4 2 0 1342 
4 2 0 1345 
4 2 0 1349 
4 2 0 1353 
4 2 0 1356 
4 2 0 1357 
4 2 0 1358 
4 2 0 1361 
4 2 0 1362 
1 1 0 
1 2 0 1393 
2 1 0 
3 2 1394 1395 
1 2 0 1396 
4 1 0 
4 2 0 1393 
4 2 0 1396 
4 2 0 1397 
1 1 0 
1 2 0 1402 
2 1 0 
3 2 1403 1404 
1 2 0 1405 
2 2 0 1402 
3 2 1406 1407 
1 2 0 1408 
2 2 0 1405 
3 2 1409 1410 
1 2 0 1411 
1 2 0 1412 
2 2 0 1411 
3 2 1413 1414 
1 2 0 1415 
1 2 0 1416 
2 2 0 1415 
3 2 1417 1418 
1 2 0 1419 
2 2 0 1416 
3 2 1420 1421 
1 2 0 1422 
1 2 0 1423 
1 2 0 1424 
1 2 0 1425 
1 2 0 1426 
4 1 0 
4 2 0 1402 
4 2 0 1405 
4 2 0 1408 
4 2 0 1411 
4 2 0 1412 
4 2 0 1415 
4 2 0 1416 
4 2 0 1419 
4 2 0 1422 
4 2 0 1423 
4 2 0 1424 
4 2 0 1425 
4 2 0 1426 
4 2 0 1427 
1 1 0 
1 2 0 1443 
2 1 0 
3 2 1444 1445 
1 2 0 1446 
2 1 0 
2 2 0 1443 
3 3 1447 1448 1449 
1 2 0 1450 
1 2 0 1451 
2 2 0 1450 
3 2 1452 1453 
1 2 0 1454 
1 2 0 1455 
2 2 0 1454 
3 2 1456 1457 
1 2 0 1458 
1 2 0 1459 
2 2 0 1458 
3 2 1460 1461 
1 2 0 1462 
2 2 0 1459 
3 2 1463 1464 
1 2 0 1465 
4 1 0 
4 2 0 1443 
4 2 0 1446 
4 2 0 1450 
4 2 0 1451 
4 2 0 1454 
4 2 0 1455 
4 2 0 1458 
4 2 0 1459 
4 2 0 1462 
4 2 0 1465 
4 2 0 1466 
1 1 0 
1 2 0 1479 
2 1 0 
3 2 1480 1481 
1 2 0 1482 
4 1 0 
4 2 0 1479 
4 2 0 1482 
4 2 0 1483 
1 1 0 
1 2 0 1488 
2 1 0 
3 2 1489 1490 
1 2 0 1491 
2 2 0 1488 
3 2 1492 1493 
1 2 0 1494 
2 2 0 1491 
3 2 1495 1496 
1 2 0 1497 
1 2 0 1498 
2 2 0 1497 
3 2 1499 1500 
1 2 0 1501 
1 2 0 1502 
2 2 0 1501 
3 2 1503 1504 
1 2 0 1505 
2 2 0 1502 
3 2 1506 1507 
1 2 0 1508 
1 2 0 1509 
1 2 0 1510 
1 2 0 1511 
1 2 0 1512 
4 1 0 
4 2 0 1488 
4 2 0 1491 
4 2 0 1494 
4 2 0 1497 
4 2 0 1498 
4 2 0 1501 
4 2 0 1502 
4 2 0 1505 
4 2 0 1508 
4 2 0 1509 
4 2 0 1510 
4 2 0 1511 
4 2 0 1512 
4 2 0 1513 
1 1 0 
1 2 0 1529 
2 1 0 
3 2 1530 1531 
1 2 0 1532 
2 2 0 1529 
3 2 1533 1534 
1 2 0 1535 
2 2 0 1532 
3 2 1536 1537 
1 2 0 1538 
1 2 0 1539 
2 2 0 1538 
3 2 1540 1541 
1 2 0 1542 
2 2 0 1538 
2 2 0 1539 
3 3 1543 1544 1545 
1 2 0 1546 
1 2 0 1547 
2 2 0 1546 
3 2 1548 1549 
1 2 0 1550 
2 2 0 1547 
3 2 1551 1552 
1 2 0 1553 
2 2 0 1550 
3 2 1554 1555 
1 2 0 1556 
1 2 0 1557 
2 2 0 1556 
3 2 1558 1559 
1 2 0 1560 
1 2 0 1561 
2 2 0 1560 
3 2 1562 1563 
1 2 0 1564 
1 2 0 1565 
1 2 0 1566 
2 2 0 1565 
3 2 1567 1568 
1 2 0 1569 
1 2 0 1570 
1 2 0 1571 
2 2 0 1570 
3 2 1572 1573 
1 2 0 1574 
2 2 0 1571 
3 2 1575 1576 
1 2 0 1577 
2 2 0 1574 
3 2 1578 1579 
1 2 0 1580 
2 2 0 1577 
3 2 1581 1582 
1 2 0 1583 
2 2 0 1577 
2 2 0 1580 
3 3 1584 1585 1586 
1 2 0 1587 
1 2 0 1588 
2 2 0 1587 
3 2 1589 1590 
1 2 0 1591 
1 2 0 1592 
2 2 0 1591 
3 2 1593 1594 
1 2 0 1595 
1 2 0 1596 
1 2 0 1597 
2 2 0 1596 
3 2 1598 1599 
1 2 0 1600 
1 2 0 1601 
2 2 0 1600 
3 2 1602 1603 
1 2 0 1604 
1 2 0 1605 
1 2 0 1606 
2 2 0 1605 
3 2 1607 1608 
1 2 0 1609 
2 2 0 1606 
3 2 1610 1611 
1 2 0 1612 
2 2 0 1609 
3 2 1613 1614 
1 2 0 1615 
1 2 0 1616 
2 2 0 1615 
3 2 1617 1618 
1 2 0 1619 
1 2 0 1620 
1 2 0 1621 
1 2 0 1622 
2 2 0 1620 
3 2 1623 1624 
1 2 0 1625 
1 2 0 1626 
4 1 0 
4 2 0 1529 
4 2 0 1532 
4 2 0 1535 
4 2 0 1538 
4 2 0 1539 
4 2 0 1542 
4 2 0 1546 
4 2 0 1547 
4 2 0 1550 
4 2 0 1553 
4 2 0 1556 
4 2 0 1557 
4 2 0 1560 
4 2 0 1561 
4 2 0 1564 
4 2 0 1565 
4 2 0 1566 
4 2 0 1569 
4 2 0 1570 
4 2 0 1571 
4 2 0 1574 
4 2 0 1577 
4 2 0 1580 
4 2 0 1583 
4 2 0 1587 
4 2 0 1588 
4 2 0 1591 
4 2 0 1592 
4 2 0 1595 
4 2 0 1596 
4 2 0 1597 
4 2 0 1600 
4 2 0 1601 
4 2 0 1604 
4 2 0 1605 
4 2 0 1606 
4 2 0 1609 
4 2 0 1612 
4 2 0 1615 
4 2 0 1616 
4 2 0 1619 
4 2 0 1620 
4 2 0 1621 
4 2 0 1622 
4 2 0 1625 
4 2 0 1626 
4 2 0 1627 
1 1 0 
1 2 0 1676 
2 1 0 
3 2 1677 1678 
1 2 0 1679 
1 2 0 1680 
1 2 0 1681 
1 2 0 1682 
2 2 0 1681 
3 2 1683 1684 
1 2 0 1685 
2 2 0 1682 
3 2 1686 1687 
1 2 0 1688 
2 2 0 1685 
3 2 1689 1690 
1 2 0 1691 
1 2 0 1692 
2 2 0 1691 
3 2 1693 1694 
1 2 0 1695 
2 2 0 1692 
3 2 1696 1697 
1 2 0 1698 
2 2 0 1692 
2 2 0 1695 
3 3 1699 1700 1701 
1 2 0 1702 
1 2 0 1703 
1 2 0 1704 
1 2 0 1705 
2 2 0 1704 
3 2 1706 1707 
1 2 0 1708 
2 2 0 1705 
3 2 1709 1710 
1 2 0 1711 
1 2 0 1712 
1 2 0 1713 
2 2 0 1712 
3 2 1714 1715 
1 2 0 1716 
2 2 0 1713 
3 2 1717 1718 
1 2 0 1719 
2 2 0 1713 
2 2 0 1716 
3 3 1720 1721 1722 
1 2 0 1723 
1 2 0 1724 
1 2 0 1725 
2 2 0 1724 
3 2 1726 1727 
1 2 0 1728 
1 2 0 1729 
2 2 0 1728 
3 2 1730 1731 
1 2 0 1732 
1 2 0 1733 
4 1 0 
4 2 0 1676 
4 2 0 1679 
4 2 0 1680 
4 2 0 1681 
4 2 0 1682 
4 2 0 1685 
4 2 0 1688 
4 2 0 1691 
4 2 0 1692 
4 2 0 1695 
4 2 0 1698 
4 2 0 1702 
4 2 0 1703 
4 2 0 1704 
4 2 0 1705 
4 2 0 1708 
4 2 0 1711 
4 2 0 1712 
4 2 0 1713 
4 2 0 1716 
4 2 0 1719 
4 2 0 1723 
4 2 0 1724 
4 2 0 1725 
4 2 0 1728 
4 2 0 1729 
4 2 0 1732 
4 2 0 1733 
4 2 0 1734 
1 1 0 
1 2 0 1765 
1 2 0 1766 
1 2 0 1767 
1 2 0 1768 
2 2 0 1767 
3 2 1769 1770 
1 2 0 1771 
1 2 0 1772 
1 2 0 1773 
2 2 0 1772 
3 2 1774 1775 
1 2 0 1776 
2 2 0 1773 
3 2 1777 1778 
1 2 0 1779 
2 2 0 1776 
3 2 1780 1781 
1 2 0 1782 
1 2 0 1783 
2 2 0 1782 
3 2 1784 1785 
1 2 0 1786 
1 2 0 1787 
2 2 0 1786 
3 2 1788 1789 
1 2 0 1790 
2 2 0 1787 
3 2 1791 1792 
1 2 0 1793 
1 2 0 1794 
2 2 0 1793 
3 2 1795 1796 
1 2 0 1797 
1 2 0 1798 
2 2 0 1797 
3 2 1799 1800 
1 2 0 1801 
1 2 0 1802 
1 2 0 1803 
2 2 0 1802 
3 2 1804 1805 
1 2 0 1806 
1 2 0 1807 
2 2 0 1806 
3 2 1808 1809 
1 2 0 1810 
2 2 0 1806 
3 2 1811 1812 
1 2 0 1813 
2 2 0 1810 
3 2 1814 1815 
1 2 0 1816 
1 2 0 1817 
1 2 0 1818 
1 2 0 1819 
2 2 0 1818 
3 2 1820 1821 
1 2 0 1822 
2 2 0 1819 
3 2 1823 1824 
1 2 0 1825 
1 2 0 1826 
2 2 0 1825 
3 2 1827 1828 
1 2 0 1829 
1 2 0 1830 
1 2 0 1831 
2 2 0 1830 
3 2 1832 1833 
1 2 0 1834 
1 2 0 1835 
2 2 0 1834 
3 2 1836 1837 
1 2 0 1838 
1 2 0 1839 
1 2 0 1840 
1 2 0 1841 
1 2 0 1842 
2 2 0 1841 
3 2 1843 1844 
1 2 0 1845 
2 2 0 1842 
3 2 1846 1847 
1 2 0 1848 
2 2 0 1845 
3 2 1849 1850 
1 2 0 1851 
2 2 0 1848 
3 2 1852 1853 
1 2 0 1854 
4 1 0 
4 2 0 1765 
4 2 0 1766 
4 2 0 1767 
4 2 0 1768 
4 2 0 1771 
4 2 0 1772 
4 2 0 1773 
4 2 0 1776 
4 2 0 1779 
4 2 0 1782 
4 2 0 1783 
4 2 0 1786 
4 2 0 1787 
4 2 0 1790 
4 2 0 1793 
4 2 0 1794 
4 2 0 1797 
4 2 0 1798 
4 2 0 1801 
4 2 0 1802 
4 2 0 1803 
4 2 0 1806 
4 2 0 1807 
4 2 0 1810 
4 2 0 1813 
4 2 0 1816 
4 2 0 1817 
4 2 0 1818 
4 2 0 1819 
4 2 0 1822 
4 2 0 1825 
4 2 0 1826 
4 2 0 1829 
4 2 0 1830 
4 2 0 1831 
4 2 0 1834 
4 2 0 1835 
4 2 0 1838 
4 2 0 1839 
4 2 0 1840 
4 2 0 1841 
4 2 0 1842 
4 2 0 1845 
4 2 0 1848 
4 2 0 1851 
4 2 0 1854 
4 2 0 1855 
1 1 0 
1 2 0 1904 
2 1 0 
3 2 1905 1906 
1 2 0 1907 
2 2 0 1904 
3 2 1908 1909 
1 2 0 1910 
2 2 0 1907 
3 2 1911 1912 
1 2 0 1913 
2 2 0 1910 
3 2 1914 1915 
1 2 0 1916 
1 2 0 1917 
1 2 0 1918 
2 2 0 1917 
3 2 1919 1920 
1 2 0 1921 
2 2 0 1917 
2 2 0 1918 
3 3 1922 1923 1924 
1 2 0 1925 
2 2 0 1921 
3 2 1926 1927 
1 2 0 1928 
2 2 0 1925 
3 2 1929 1930 
1 2 0 1931 
2 2 0 1928 
3 2 1932 1933 
1 2 0 1934 
1 2 0 1935 
1 2 0 1936 
1 2 0 1937 
2 2 0 1936 
3 2 1938 1939 
1 2 0 1940 
1 2 0 1941 
1 2 0 1942 
1 2 0 1943 
2 2 0 1942 
3 2 1944 1945 
1 2 0 1946 
1 2 0 1947 
1 2 0 1948 
2 2 0 1947 
3 2 1949 1950 
1 2 0 1951 
1 2 0 1952 
2 2 0 1951 
3 2 1953 1954 
1 2 0 1955 
1 2 0 1956 
2 2 0 1955 
3 2 1957 1958 
1 2 0 1959 
1 2 0 1960 
2 2 0 1959 
3 2 1961 1962 
1 2 0 1963 
1 2 0 1964 
1 2 0 1965 
2 2 0 1964 
3 2 1966 1967 
1 2 0 1968 
1 2 0 1969 
2 2 0 1968 
3 2 1970 1971 
1 2 0 1972 
1 2 0 1973 
1 2 0 1974 
2 2 0 1973 
3 2 1975 1976 
1 2 0 1977 
2 2 0 1974 
3 2 1978 1979 
1 2 0 1980 
1 2 0 1981 
2 2 0 1980 
3 2 1982 1983 
1 2 0 1984 
1 2 0 1985 
4 1 0 
4 2 0 1904 
4 2 0 1907 
4 2 0 1910 
4 2 0 1913 
4 2 0 1916 
4 2 0 1917 
4 2 0 1918 
4 2 0 1921 
4 2 0 1925 
4 2 0 1928 
4 2 0 1931 
4 2 0 1934 
4 2 0 1935 
4 2 0 1936 
4 2 0 1937 
4 2 0 1940 
4 2 0 1941 
4 2 0 1942 
4 2 0 1943 
4 2 0 1946 
4 2 0 1947 
4 2 0 1948 
4 2 0 1951 
4 2 0 1952 
4 2 0 1955 
4 2 0 1956 
4 2 0 1959 
4 2 0 1960 
4 2 0 1963 
4 2 0 1964 
4 2 0 1965 
4 2 0 1968 
4 2 0 1969 
4 2 0 1972 
4 2 0 1973 
4 2 0 1974 
4 2 0 1977 
4 2 0 1980 
4 2 0 1981 
4 2 0 1984 
4 2 0 1985 
4 2 0 1986 
1 1 0 
1 2 0 2030 
2 1 0 
3 2 2031 2032 
1 2 0 2033 
1 2 0 2034 
2 2 0 2033 
3 2 2035 2036 
1 2 0 2037 
1 2 0 2038 
2 2 0 2037 
3 2 2039 2040 
1 2 0 2041 
1 2 0 2042 
1 2 0 2043 
2 2 0 2042 
3 2 2044 2045 
1 2 0 2046 
2 2 0 2042 
2 2 0 2043 
3 3 2047 2048 2049 
1 2 0 2050 
1 2 0 2051 
1 2 0 2052 
2 2 0 2051 
3 2 2053 2054 
1 2 0 2055 
2 2 0 2052 
3 2 2056 2057 
1 2 0 2058 
2 2 0 2055 
3 2 2059 2060 
1 2 0 2061 
4 1 0 
4 2 0 2030 
4 2 0 2033 
4 2 0 2034 
4 2 0 2037 
4 2 0 2038 
4 2 0 2041 
4 2 0 2042 
4 2 0 2043 
4 2 0 2046 
4 2 0 2050 
4 2 0 2051 
4 2 0 2052 
4 2 0 2055 
4 2 0 2058 
4 2 0 2061 
4 2 0 2062 
1 1 0 
1 2 0 2080 
2 1 0 
3 2 2081 2082 
1 2 0 2083 
2 2 0 2080 
3 2 2084 2085 
1 2 0 2086 
2 2 0 2083 
3 2 2087 2088 
1 2 0 2089 
1 2 0 2090 
1 2 0 2091 
1 2 0 2092 
1 2 0 2093 
2 2 0 2092 
3 2 2094 2095 
1 2 0 2096 
1 2 0 2097 
1 2 0 2098 
2 2 0 2097 
3 2 2099 2100 
1 2 0 2101 
2 2 0 2097 
2 2 0 2098 
3 3 2102 2103 2104 
1 2 0 2105 
2 2 0 2101 
3 2 2106 2107 
1 2 0 2108 
1 2 0 2109 
2 2 0 2108 
3 2 2110 2111 
1 2 0 2112 
1 2 0 2113 
2 2 0 2112 
3 2 2114 2115 
1 2 0 2116 
1 2 0 2117 
1 2 0 2118 
2 2 0 2117 
3 2 2119 2120 
1 2 0 2121 
2 2 0 2118 
3 2 2122 2123 
1 2 0 2124 
2 2 0 2121 
3 2 2125 2126 
1 2 0 2127 
1 2 0 2128 
1 2 0 2129 
2 2 0 2128 
3 2 2130 2131 
1 2 0 2132 
2 2 0 2129 
3 2 2133 2134 
1 2 0 2135 
2 2 0 2132 
3 2 2136 2137 
1 2 0 2138 
2 2 0 2135 
3 2 2139 2140 
1 2 0 2141 
4 1 0 
4 2 0 2080 
4 2 0 2083 
4 2 0 2086 
4 2 0 2089 
4 2 0 2090 
4 2 0 2091 
4 2 0 2092 
4 2 0 2093 
4 2 0 2096 
4 2 0 2097 
4 2 0 2098 
4 2 0 2101 
4 2 0 2105 
4 2 0 2108 
4 2 0 2109 
4 2 0 2112 
4 2 0 2113 
4 2 0 2116 
4 2 0 2117 
4 2 0 2118 
4 2 0 2121 
4 2 0 2124 
4 2 0 2127 
4 2 0 2128 
4 2 0 2129 
4 2 0 2132 
4 2 0 2135 
4 2 0 2138 
4 2 0 2141 
4 2 0 2142 
1 1 0 
1 2 0 2174 
2 1 0 
3 2 2175 2176 
1 2 0 2177 
2 2 0 2174 
3 2 2178 2179 
1 2 0 2180 
1 2 0 2181 
1 2 0 2182 
1 2 0 2183 
1 2 0 2184 
2 2 0 2183 
3 2 2185 2186 
1 2 0 2187 
1 2 0 2188 
2 2 0 2187 
3 2 2189 2190 
1 2 0 2191 
1 2 0 2192 
1 2 0 2193 
2 2 0 2192 
3 2 2194 2195 
1 2 0 2196 
4 1 0 
4 2 0 2174 
4 2 0 2177 
4 2 0 2180 
4 2 0 2181 
4 2 0 2182 
4 2 0 2183 
4 2 0 2184 
4 2 0 2187 
4 2 0 2188 
4 2 0 2191 
4 2 0 2192 
4 2 0 2193 
4 2 0 2196 
4 2 0 2197 
1 1 0 
1 2 0 2213 
2 1 0 
3 2 2214 2215 
1 2 0 2216 
2 1 0 
2 2 0 2213 
3 3 2217 2218 2219 
1 2 0 2220 
1 2 0 2221 
1 2 0 2222 
2 2 0 2221 
3 2 2223 2224 
1 2 0 2225 
2 2 0 2222 
3 2 2226 2227 
1 2 0 2228 
2 2 0 2225 
3 2 2229 2230 
1 2 0 2231 
4 1 0 
4 2 0 2213 
4 2 0 2216 
4 2 0 2220 
4 2 0 2221 
4 2 0 2222 
4 2 0 2225 
4 2 0 2228 
4 2 0 2231 
4 2 0 2232 
1 1 0 
1 2 0 2243 
2 1 0 
3 2 2244 2245 
1 2 0 2246 
1 2 0 2247 
2 2 0 2246 
3 2 2248 2249 
1 2 0 2250 
2 2 0 2247 
3 2 2251 2252 
1 2 0 2253 
2 2 0 2250 
3 2 2254 2255 
1 2 0 2256 
2 2 0 2253 
3 2 2257 2258 
1 2 0 2259 
1 2 0 2260 
2 2 0 2259 
3 2 2261 2262 
1 2 0 2263 
2 2 0 2259 
2 2 0 2260 
3 3 2264 2265 2266 
1 2 0 2267 
2 2 0 2263 
3 2 2268 2269 
1 2 0 2270 
1 2 0 2271 
2 2 0 2270 
3 2 2272 2273 
1 2 0 2274 
1 2 0 2275 
2 2 0 2274 
3 2 2276 2277 
1 2 0 2278 
1 2 0 2279 
1 2 0 2280 
2 2 0 2279 
3 2 2281 2282 
1 2 0 2283 
2 2 0 2280 
3 2 2284 2285 
1 2 0 2286 
2 2 0 2283 
3 2 2287 2288 
1 2 0 2289 
1 2 0 2290 
1 2 0 2291 
1 2 0 2292 
1 2 0 2293 
1 2 0 2294 
2 2 0 2293 
3 2 2295 2296 
1 2 0 2297 
4 1 0 
4 2 0 2243 
4 2 0 2246 
4 2 0 2247 
4 2 0 2250 
4 2 0 2253 
4 2 0 2256 
4 2 0 2259 
4 2 0 2260 
4 2 0 2263 
4 2 0 2267 
4 2 0 2270 
4 2 0 2271 
4 2 0 2274 
4 2 0 2275 
4 2 0 2278 
4 2 0 2279 
4 2 0 2280 
4 2 0 2283 
4 2 0 2286 
4 2 0 2289 
4 2 0 2290 
4 2 0 2291 
4 2 0 2292 
4 2 0 2293 
4 2 0 2294 
4 2 0 2297 
4 2 0 2298 
1 1 0 
1 2 0 2327 
2 1 0 
3 2 2328 2329 
1 2 0 2330 
1 2 0 2331 
2 2 0 2330 
3 2 2332 2333 
1 2 0 2334 
1 2 0 2335 
2 2 0 2334 
3 2 2336 2337 
1 2 0 2338 
1 2 0 2339 
2 2 0 2338 
3 2 2340 2341 
1 2 0 2342 
1 2 0 2343 
1 2 0 2344 
2 2 0 2343 
3 2 2345 2346 
1 2 0 2347 
4 1 0 
4 2 0 2327 
4 2 0 2330 
4 2 0 2331 
4 2 0 2334 
4 2 0 2335 
4 2 0 2338 
4 2 0 2339 
4 2 0 2342 
4 2 0 2343 
4 2 0 2344 
4 2 0 2347 
4 2 0 2348 
1 1 0 
1 2 0 2362 
2 1 0 
3 2 2363 2364 
1 2 0 2365 
1 2 0 2366 
2 2 0 2365 
3 2 2367 2368 
1 2 0 2369 
2 2 0 2366 
3 2 2370 2371 
1 2 0 2372 
1 2 0 2373 
2 2 0 2372 
3 2 2374 2375 
1 2 0 2376 
1 2 0 2377 
2 2 0 2376 
3 2 2378 2379 
1 2 0 2380 
1 2 0 2381 
2 2 0 2380 
3 2 2382 2383 
1 2 0 2384 
1 2 0 2385 
1 2 0 2386 
2 2 0 2385 
3 2 2387 2388 
1 2 0 2389 
1 2 0 2390 
1 2 0 2391 
2 2 0 2390 
3 2 2392 2393 
1 2 0 2394 
1 2 0 2395 
1 2 0 2396 
2 2 0 2395 
3 2 2397 2398 
1 2 0 2399 
1 2 0 2400 
2 2 0 2399 
3 2 2401 2402 
1 2 0 2403 
1 2 0 2404 
1 2 0 2405 
2 2 0 2404 
3 2 2406 2407 
1 2 0 2408 
1 2 0 2409 
2 2 0 2408 
3 2 2410 2411 
1 2 0 2412 
2 2 0 2409 
3 2 2413 2414 
1 2 0 2415 
2 2 0 2412 
3 2 2416 2417 
1 2 0 2418 
1 2 0 2419 
1 2 0 2420 
2 2 0 2419 
3 2 2421 2422 
1 2 0 2423 
1 2 0 2424 
2 2 0 2423 
3 2 2425 2426 
1 2 0 2427 
4 1 0 
4 2 0 2362 
4 2 0 2365 
4 2 0 2366 
4 2 0 2369 
4 2 0 2372 
4 2 0 2373 
4 2 0 2376 
4 2 0 2377 
4 2 0 2380 
4 2 0 2381 
4 2 0 2384 
4 2 0 2385 
4 2 0 2386 
4 2 0 2389 
4 2 0 2390 
4 2 0 2391 
4 2 0 2394 
4 2 0 2395 
4 2 0 2396 
4 2 0 2399 
4 2 0 2400 
4 2 0 2403 
4 2 0 2404 
4 2 0 2405 
4 2 0 2408 
4 2 0 2409 
4 2 0 2412 
4 2 0 2415 
4 2 0 2418 
4 2 0 2419 
4 2 0 2420 
4 2 0 2423 
4 2 0 2424 
4 2 0 2427 
4 2 0 2428 
1 1 0 
1 2 0 2465 
2 1 0 
3 2 2466 2467 
1 2 0 2468 
2 1 0 
2 2 0 2465 
3 3 2469 2470 2471 
1 2 0 2472 
2 2 0 2468 
3 2 2473 2474 
1 2 0 2475 
1 2 0 2476 
1 2 0 2477 
2 2 0 2476 
3 2 2478 2479 
1 2 0 2480 
2 2 0 2477 
3 2 2481 2482 
1 2 0 2483 
1 2 0 2484 
2 2 0 2483 
3 2 2485 2486 
1 2 0 2487 
2 2 0 2483 
3 2 2488 2489 
1 2 0 2490 
1 2 0 2491 
2 2 0 2490 
3 2 2492 2493 
1 2 0 2494 
1 2 0 2495 
1 2 0 2496 
2 2 0 2495 
3 2 2497 2498 
1 2 0 2499 
1 2 0 2500 
2 2 0 2499 
3 2 2501 2502 
1 2 0 2503 
1 2 0 2504 
1 2 0 2505 
2 2 0 2504 
3 2 2506 2507 
1 2 0 2508 
1 2 0 2509 
2 2 0 2508 
3 2 2510 2511 
1 2 0 2512 
2 2 0 2509 
3 2 2513 2514 
1 2 0 2515 
2 2 0 2512 
3 2 2516 2517 
1 2 0 2518 
1 2 0 2519 
2 2 0 2518 
3 2 2520 2521 
1 2 0 2522 
2 2 0 2519 
3 2 2523 2524 
1 2 0 2525 
2 2 0 2522 
3 2 2526 2527 
1 2 0 2528 
1 2 0 2529 
2 2 0 2528 
3 2 2530 2531 
1 2 0 2532 
1 2 0 2533 
1 2 0 2534 
1 2 0 2535 
2 2 0 2534 
3 2 2536 2537 
1 2 0 2538 
2 2 0 2535 
3 2 2539 2540 
1 2 0 2541 
2 2 0 2538 
3 2 2542 2543 
1 2 0 2544 
1 2 0 2545 
1 2 0 2546 
2 2 0 2545 
3 2 2547 2548 
1 2 0 2549 
1 2 0 2550 
2 2 0 2549 
3 2 2551 2552 
1 2 0 2553 
1 2 0 2554 
1 2 0 2555 
2 2 0 2554 
3 2 2556 2557 
1 2 0 2558 
2 2 0 2555 
3 2 2559 2560 
1 2 0 2561 
2 2 0 2558 
3 2 2562 2563 
1 2 0 2564 
4 1 0 
4 2 0 2465 
4 2 0 2468 
4 2 0 2472 
4 2 0 2475 
4 2 0 2476 
4 2 0 2477 
4 2 0 2480 
4 2 0 2483 
4 2 0 2484 
4 2 0 2487 
4 2 0 2490 
4 2 0 2491 
4 2 0 2494 
4 2 0 2495 
4 2 0 2496 
4 2 0 2499 
4 2 0 2500 
4 2 0 2503 
4 2 0 2504 
4 2 0 2505 
4 2 0 2508 
4 2 0 2509 
4 2 0 2512 
4 2 0 2515 
4 2 0 2518 
4 2 0 2519 
4 2 0 2522 
4 2 0 2525 
4 2 0 2528 
4 2 0 2529 
4 2 0 2532 
4 2 0 2533 
4 2 0 2534 
4 2 0 2535 
4 2 0 2538 
4 2 0 2541 
4 2 0 2544 
4 2 0 2545 
4 2 0 2546 
4 2 0 2549 
4 2 0 2550 
4 2 0 2553 
4 2 0 2554 
4 2 0 2555 
4 2 0 2558 
4 2 0 2561 
4 2 0 2564 
4 2 0 2565 
1 1 0 
1 2 0 2615 
2 1 0 
3 2 2616 2617 
1 2 0 2618 
1 2 0 2619 
1 2 0 2620 
1 2 0 2621 
2 2 0 2620 
3 2 2622 2623 
1 2 0 2624 
2 2 0 2621 
3 2 2625 2626 
1 2 0 2627 
1 2 0 2628 
1 2 0 2629 
2 2 0 2628 
3 2 2630 2631 
1 2 0 2632 
1 2 0 2633 
2 2 0 2632 
3 2 2634 2635 
1 2 0 2636 
2 2 0 2633 
3 2 2637 2638 
1 2 0 2639 
2 2 0 2636 
3 2 2640 2641 
1 2 0 2642 
1 2 0 2643 
1 2 0 2644 
2 2 0 2642 
2 2 0 2643 
3 3 2645 2646 2647 
1 2 0 2648 
4 1 0 
4 2 0 2615 
4 2 0 2618 
4 2 0 2619 
4 2 0 2620 
4 2 0 2621 
4 2 0 2624 
4 2 0 2627 
4 2 0 2628 
4 2 0 2629 
4 2 0 2632 
4 2 0 2633 
4 2 0 2636 
4 2 0 2639 
4 2 0 2642 
4 2 0 2643 
4 2 0 2644 
4 2 0 2648 
4 2 0 2649 
1 1 0 
1 2 0 2669 
1 2 0 2670 
1 2 0 2671 
1 2 0 2672 
1 2 0 2673 
2 2 0 2672 
3 2 2674 2675 
1 2 0 2676 
1 2 0 2677 
1 2 0 2678 
2 2 0 2677 
3 2 2679 2680 
1 2 0 2681 
1 2 0 2682 
1 2 0 2683 
2 2 0 2682 
3 2 2684 2685 
1 2 0 2686 
1 2 0 2687 
2 2 0 2686 
3 2 2688 2689 
1 2 0 2690 
1 2 0 2691 
2 2 0 2690 
3 2 2692 2693 
1 2 0 2694 
1 2 0 2695 
2 2 0 2694 
3 2 2696 2697 
1 2 0 2698 
1 2 0 2699 
2 2 0 2698 
3 2 2700 2701 
1 2 0 2702 
1 2 0 2703 
1 2 0 2704 
1 2 0 2705 
1 2 0 2706 
1 2 0 2707 
2 2 0 2706 
3 2 2708 2709 
1 2 0 2710 
1 2 0 2711 
2 2 0 2710 
3 2 2712 2713 
1 2 0 2714 
1 2 0 2715 
1 2 0 2716 
2 2 0 2715 
3 2 2717 2718 
1 2 0 2719 
1 2 0 2720 
2 2 0 2719 
3 2 2721 2722 
1 2 0 2723 
1 2 0 2724 
2 2 0 2723 
3 2 2725 2726 
1 2 0 2727 
1 2 0 2728 
2 2 0 2727 
3 2 2729 2730 
1 2 0 2731 
1 2 0 2732 
2 2 0 2731 
3 2 2733 2734 
1 2 0 2735 
1 2 0 2736 
2 2 0 2735 
3 2 2737 2738 
1 2 0 2739 
1 2 0 2740 
1 2 0 2741 
2 2 0 2740 
3 2 2742 2743 
1 2 0 2744 
1 2 0 2745 
1 2 0 2746 
1 2 0 2747 
2 2 0 2746 
3 2 2748 2749 
1 2 0 2750 
1 2 0 2751 
1 2 0 2752 
2 2 0 2751 
3 2 2753 2754 
1 2 0 2755 
1 2 0 2756 
2 2 0 2755 
3 2 2757 2758 
1 2 0 2759 
2 2 0 2756 
3 2 2760 2761 
1 2 0 2762 
1 2 0 2763 
2 2 0 2762 
3 2 2764 2765 
1 2 0 2766 
2 2 0 2762 
2 2 0 2763 
3 3 2767 2768 2769 
1 2 0 2770 
2 2 0 2766 
3 2 2771 2772 
1 2 0 2773 
2 2 0 2770 
3 2 2774 2775 
1 2 0 2776 
2 2 0 2773 
3 2 2777 2778 
1 2 0 2779 
4 1 0 
4 2 0 2669 
4 2 0 2670 
4 2 0 2671 
4 2 0 2672 
4 2 0 2673 
4 2 0 2676 
4 2 0 2677 
4 2 0 2678 
4 2 0 2681 
4 2 0 2682 
4 2 0 2683 
4 2 0 2686 
4 2 0 2687 
4 2 0 2690 
4 2 0 2691 
4 2 0 2694 
4 2 0 2695 
4 2 0 2698 
4 2 0 2699 
4 2 0 2702 
4 2 0 2703 
4 2 0 2704 
4 2 0 2705 
4 2 0 2706 
4 2 0 2707 
4 2 0 2710 
4 2 0 2711 
4 2 0 2714 
4 2 0 2715 
4 2 0 2716 
4 2 0 2719 
4 2 0 2720 
4 2 0 2723 
4 2 0 2724 
4 2 0 2727 
4 2 0 2728 
4 2 0 2731 
4 2 0 2732 
4 2 0 2735 
4 2 0 2736 
4 2 0 2739 
4 2 0 2740 
4 2 0 2741 
4 2 0 2744 
4 2 0 2745 
4 2 0 2746 
4 2 0 2747 
4 2 0 2750 
4 2 0 2751 
4 2 0 2752 
4 2 0 2755 
4 2 0 2756 
4 2 0 2759 
4 2 0 2762 
4 2 0 2763 
4 2 0 2766 
4 2 0 2770 
4 2 0 2773 
4 2 0 2776 
4 2 0 2779 
4 2 0 2780 
1 1 0 
1 2 0 2843 
2 1 0 
3 2 2844 2845 
1 2 0 2846 
1 2 0 2847 
2 2 0 2846 
3 2 2848 2849 
1 2 0 2850 
2 2 0 2846 
2 2 0 2847 
3 3 2851 2852 2853 
1 2 0 2854 
2 2 0 2850 
3 2 2855 2856 
1 2 0 2857 
2 2 0 2854 
3 2 2858 2859 
1 2 0 2860 
1 2 0 2861 
2 2 0 2860 
3 2 2862 2863 
1 2 0 2864 
1 2 0 2865 
2 2 0 2864 
3 2 2866 2867 
1 2 0 2868 
1 2 0 2869 
2 2 0 2864 
2 2 0 2865 
3 3 2870 2871 2872 
4 1 0 
4 2 0 2843 
4 2 0 2846 
4 2 0 2847 
4 2 0 2850 
4 2 0 2854 
4 2 0 2857 
4 2 0 2860 
4 2 0 2861 
4 2 0 2864 
4 2 0 2865 
4 2 0 2868 
4 2 0 2869 
4 2 0 2873 
1 1 0 
1 2 0 2888 
2 1 0 
3 2 2889 2890 
1 2 0 2891 
2 1 0 
2 2 0 2888 
3 3 2892 2893 2894 
1 2 0 2895 
2 2 0 2891 
3 2 2896 2897 
1 2 0 2898 
2 2 0 2895 
3 2 2899 2900 
1 2 0 2901 
1 2 0 2902 
2 2 0 2901 
3 2 2903 2904 
1 2 0 2905 
1 2 0 2906 
2 2 0 2905 
3 2 2907 2908 
1 2 0 2909 
1 2 0 2910 
2 2 0 2909 
3 2 2911 2912 
1 2 0 2913 
1 2 0 2914 
1 2 0 2915 
2 2 0 2914 
3 2 2916 2917 
1 2 0 2918 
1 2 0 2919 
2 2 0 2918 
3 2 2920 2921 
1 2 0 2922 
2 2 0 2918 
2 2 0 2919 
3 3 2923 2924 2925 
1 2 0 2926 
2 2 0 2922 
3 2 2927 2928 
1 2 0 2929 
2 2 0 2926 
3 2 2930 2931 
1 2 0 2932 
1 2 0 2933 
2 2 0 2932 
3 2 2934 2935 
1 2 0 2936 
1 2 0 2937 
2 2 0 2936 
3 2 2938 2939 
1 2 0 2940 
1 2 0 2941 
2 2 0 2936 
2 2 0 2937 
3 3 2942 2943 2944 
4 1 0 
4 2 0 2888 
4 2 0 2891 
4 2 0 2895 
4 2 0 2898 
4 2 0 2901 
4 2 0 2902 
4 2 0 2905 
4 2 0 2906 
4 2 0 2909 
4 2 0 2910 
4 2 0 2913 
4 2 0 2914 
4 2 0 2915 
4 2 0 2918 
4 2 0 2919 
4 2 0 2922 
4 2 0 2926 
4 2 0 2929 
4 2 0 2932 
4 2 0 2933 
4 2 0 2936 
4 2 0 2937 
4 2 0 2940 
4 2 0 2941 
4 2 0 2945 
1 1 0 
1 2 0 2972 
2 1 0 
3 2 2973 2974 
1 2 0 2975 
2 1 0 
2 2 0 2972 
3 3 2976 2977 2978 
1 2 0 2979 
2 2 0 2975 
3 2 2980 2981 
1 2 0 2982 
2 2 0 2975 
2 2 0 2979 
3 3 2983 2984 2985 
1 2 0 2986 
1 2 0 2987 
2 2 0 2986 
3 2 2988 2989 
1 2 0 2990 
2 2 0 2986 
3 2 2991 2992 
4 1 0 
4 2 0 2972 
4 2 0 2975 
4 2 0 2979 
4 2 0 2982 
4 2 0 2986 
4 2 0 2987 
4 2 0 2990 
4 2 0 2993 
1 1 0 
1 2 0 3003 
2 1 0 
3 2 3004 3005 
1 2 0 3006 
1 2 0 3007 
2 2 0 3006 
3 2 3008 3009 
1 2 0 3010 
2 2 0 3006 
2 2 0 3007 
3 3 3011 3012 3013 
1 2 0 3014 
2 2 0 3010 
3 2 3015 3016 
1 2 0 3017 
2 2 0 3014 
3 2 3018 3019 
1 2 0 3020 
1 2 0 3021 
2 2 0 3020 
3 2 3022 3023 
1 2 0 3024 
2 2 0 3021 
3 2 3025 3026 
1 2 0 3027 
2 2 0 3024 
3 2 3028 3029 
1 2 0 3030 
1 2 0 3031 
1 2 0 3032 
2 2 0 3031 
3 2 3033 3034 
1 2 0 3035 
1 2 0 3036 
1 2 0 3037 
2 2 0 3036 
3 2 3038 3039 
1 2 0 3040 
1 2 0 3041 
1 2 0 3042 
2 2 0 3041 
3 2 3043 3044 
1 2 0 3045 
1 2 0 3046 
1 2 0 3047 
1 2 0 3048 
2 2 0 3047 
3 2 3049 3050 
1 2 0 3051 
1 2 0 3052 
1 2 0 3053 
2 2 0 3052 
3 2 3054 3055 
1 2 0 3056 
1 2 0 3057 
2 2 0 3056 
3 2 3058 3059 
1 2 0 3060 
2 2 0 3057 
3 2 3061 3062 
1 2 0 3063 
1 2 0 3064 
2 2 0 3057 
2 2 0 3060 
3 3 3065 3066 3067 
1 2 0 3068 
4 1 0 
4 2 0 3003 
4 2 0 3006 
4 2 0 3007 
4 2 0 3010 
4 2 0 3014 
4 2 0 3017 
4 2 0 3020 
4 2 0 3021 
4 2 0 3024 
4 2 0 3027 
4 2 0 3030 
4 2 0 3031 
4 2 0 3032 
4 2 0 3035 
4 2 0 3036 
4 2 0 3037 
4 2 0 3040 
4 2 0 3041 
4 2 0 3042 
4 2 0 3045 
4 2 0 3046 
4 2 0 3047 
4 2 0 3048 
4 2 0 3051 
4 2 0 3052 
4 2 0 3053 
4 2 0 3056 
4 2 0 3057 
4 2 0 3060 
4 2 0 3063 
4 2 0 3064 
4 2 0 3068 
4 2 0 3069 
1 1 0 
1 2 0 3104 
2 1 0 
3 2 3105 3106 
1 2 0 3107 
1 2 0 3108 
1 2 0 3109 
2 2 0 3108 
3 2 3110 3111 
1 2 0 3112 
2 2 0 3109 
3 2 3113 3114 
1 2 0 3115 
2 2 0 3112 
3 2 3116 3117 
1 2 0 3118 
2 2 0 3115 
3 2 3119 3120 
1 2 0 3121 
2 2 0 3115 
2 2 0 3118 
3 3 3122 3123 3124 
1 2 0 3125 
2 2 0 3115 
2 2 0 3118 
3 3 3126 3127 3128 
1 2 0 3129 
1 2 0 3130 
2 2 0 3129 
3 2 3131 3132 
1 2 0 3133 
1 2 0 3134 
2 2 0 3133 
3 2 3135 3136 
1 2 0 3137 
2 2 0 3133 
2 2 0 3134 
3 3 3138 3139 3140 
1 2 0 3141 
2 2 0 3137 
3 2 3142 3143 
1 2 0 3144 
2 2 0 3141 
3 2 3145 3146 
1 2 0 3147 
2 2 0 3141 
2 2 0 3144 
3 3 3148 3149 3150 
1 2 0 3151 
1 2 0 3152 
1 2 0 3153 
2 2 0 3152 
3 2 3154 3155 
1 2 0 3156 
1 2 0 3157 
1 2 0 3158 
1 2 0 3159 
1 2 0 3160 
1 2 0 3161 
1 2 0 3162 
2 2 0 3161 
3 2 3163 3164 
1 2 0 3165 
2 2 0 3162 
3 2 3166 3167 
1 2 0 3168 
1 2 0 3169 
1 2 0 3170 
2 2 0 3169 
3 2 3171 3172 
1 2 0 3173 
4 1 0 
4 2 0 3104 
4 2 0 3107 
4 2 0 3108 
4 2 0 3109 
4 2 0 3112 
4 2 0 3115 
4 2 0 3118 
4 2 0 3121 
4 2 0 3125 
4 2 0 3129 
4 2 0 3130 
4 2 0 3133 
4 2 0 3134 
4 2 0 3137 
4 2 0 3141 
4 2 0 3144 
4 2 0 3147 
4 2 0 3151 
4 2 0 3152 
4 2 0 3153 
4 2 0 3156 
4 2 0 3157 
4 2 0 3158 
4 2 0 3159 
4 2 0 3160 
4 2 0 3161 
4 2 0 3162 
4 2 0 3165 
4 2 0 3168 
4 2 0 3169 
4 2 0 3170 
4 2 0 3173 
4 2 0 3174 
1 1 0 
1 2 0 3209 
2 1 0 
3 2 3210 3211 
1 2 0 3212 
2 1 0 
2 2 0 3209 
3 3 3213 3214 3215 
1 2 0 3216 
2 2 0 3212 
3 2 3217 3218 
1 2 0 3219 
2 2 0 3216 
3 2 3220 3221 
1 2 0 3222 
1 2 0 3223 
2 2 0 3222 
3 2 3224 3225 
1 2 0 3226 
1 2 0 3227 
2 2 0 3226 
3 2 3228 3229 
1 2 0 3230 
1 2 0 3231 
1 2 0 3232 
1 2 0 3233 
2 2 0 3232 
3 2 3234 3235 
1 2 0 3236 
1 2 0 3237 
1 2 0 3238 
1 2 0 3239 
1 2 0 3240 
2 2 0 3239 
3 2 3241 3242 
1 2 0 3243 
2 2 0 3240 
3 2 3244 3245 
1 2 0 3246 
2 2 0 3243 
3 2 3247 3248 
1 2 0 3249 
2 2 0 3246 
3 2 3250 3251 
1 2 0 3252 
1 2 0 3253 
1 2 0 3254 
2 2 0 3253 
3 2 3255 3256 
1 2 0 3257 
1 2 0 3258 
2 2 0 3257 
3 2 3259 3260 
1 2 0 3261 
4 1 0 
4 2 0 3209 
4 2 0 3212 
4 2 0 3216 
4 2 0 3219 
4 2 0 3222 
4 2 0 3223 
4 2 0 3226 
4 2 0 3227 
4 2 0 3230 
4 2 0 3231 
4 2 0 3232 
4 2 0 3233 
4 2 0 3236 
4 2 0 3237 
4 2 0 3238 
4 2 0 3239 
4 2 0 3240 
4 2 0 3243 
4 2 0 3246 
4 2 0 3249 
4 2 0 3252 
4 2 0 3253 
4 2 0 3254 
4 2 0 3257 
4 2 0 3258 
4 2 0 3261 
4 2 0 3262 
1 1 0 
1 2 0 3291 
2 1 0 
3 2 3292 3293 
1 2 0 3294 
2 1 0 
2 2 0 3291 
3 3 3295 3296 3297 
1 2 0 3298 
2 2 0 3294 
3 2 3299 3300 
1 2 0 3301 
2 2 0 3298 
3 2 3302 3303 
1 2 0 3304 
2 2 0 3301 
3 2 3305 3306 
1 2 0 3307 
2 2 0 3301 
3 2 3308 3309 
1 2 0 3310 
2 2 0 3307 
3 2 3311 3312 
1 2 0 3313 
2 2 0 3310 
3 2 3314 3315 
1 2 0 3316 
1 2 0 3317 
2 2 0 3316 
3 2 3318 3319 
1 2 0 3320 
1 2 0 3321 
1 2 0 3322 
2 2 0 3321 
3 2 3323 3324 
1 2 0 3325 
2 2 0 3322 
3 2 3326 3327 
1 2 0 3328 
2 2 0 3325 
3 2 3329 3330 
1 2 0 3331 
1 2 0 3332 
2 2 0 3331 
3 2 3333 3334 
1 2 0 3335 
2 2 0 3332 
3 2 3336 3337 
1 2 0 3338 
2 2 0 3335 
3 2 3339 3340 
1 2 0 3341 
1 2 0 3342 
2 2 0 3341 
3 2 3343 3344 
1 2 0 3345 
2 2 0 3342 
3 2 3346 3347 
1 2 0 3348 
2 2 0 3342 
2 2 0 3345 
3 3 3349 3350 3351 
1 2 0 3352 
1 2 0 3353 
1 2 0 3354 
2 2 0 3353 
3 2 3355 3356 
1 2 0 3357 
1 2 0 3358 
1 2 0 3359 
2 2 0 3358 
3 2 3360 3361 
1 2 0 3362 
2 2 0 3359 
3 2 3363 3364 
1 2 0 3365 
2 2 0 3362 
3 2 3366 3367 
1 2 0 3368 
4 1 0 
4 2 0 3291 
4 2 0 3294 
4 2 0 3298 
4 2 0 3301 
4 2 0 3304 
4 2 0 3307 
4 2 0 3310 
4 2 0 3313 
4 2 0 3316 
4 2 0 3317 
4 2 0 3320 
4 2 0 3321 
4 2 0 3322 
4 2 0 3325 
4 2 0 3328 
4 2 0 3331 
4 2 0 3332 
4 2 0 3335 
4 2 0 3338 
4 2 0 3341 
4 2 0 3342 
4 2 0 3345 
4 2 0 3348 
4 2 0 3352 
4 2 0 3353 
4 2 0 3354 
4 2 0 3357 
4 2 0 3358 
4 2 0 3359 
4 2 0 3362 
4 2 0 3365 
4 2 0 3368 
4 2 0 3369 
1 1 0 
1 2 0 3404 
2 1 0 
3 2 3405 3406 
1 2 0 3407 
1 2 0 3408 
2 2 0 3407 
3 2 3409 3410 
1 2 0 3411 
1 2 0 3412 
2 2 0 3411 
3 2 3413 3414 
1 2 0 3415 
1 2 0 3416 
2 2 0 3415 
3 2 3417 3418 
1 2 0 3419 
2 2 0 3415 
3 2 3420 3421 
1 2 0 3422 
2 2 0 3419 
3 2 3423 3424 
1 2 0 3425 
2 2 0 3422 
3 2 3426 3427 
1 2 0 3428 
2 2 0 3425 
3 2 3429 3430 
1 2 0 3431 
2 2 0 3428 
3 2 3432 3433 
1 2 0 3434 
1 2 0 3435 
1 2 0 3436 
2 2 0 3435 
3 2 3437 3438 
1 2 0 3439 
1 2 0 3440 
2 2 0 3439 
3 2 3441 3442 
1 2 0 3443 
2 2 0 3440 
3 2 3444 3445 
1 2 0 3446 
2 2 0 3443 
3 2 3447 3448 
1 2 0 3449 
2 2 0 3443 
2 2 0 3446 
3 3 3450 3451 3452 
1 2 0 3453 
4 1 0 
4 2 0 3404 
4 2 0 3407 
4 2 0 3408 
4 2 0 3411 
4 2 0 3412 
4 2 0 3415 
4 2 0 3416 
4 2 0 3419 
4 2 0 3422 
4 2 0 3425 
4 2 0 3428 
4 2 0 3431 
4 2 0 3434 
4 2 0 3435 
4 2 0 3436 
4 2 0 3439 
4 2 0 3440 
4 2 0 3443 
4 2 0 3446 
4 2 0 3449 
4 2 0 3453 
4 2 0 3454 
1 1 0 
1 2 0 3478 
2 1 0 
3 2 3479 3480 
1 2 0 3481 
1 2 0 3482 
2 2 0 3481 
3 2 3483 3484 
1 2 0 3485 
2 2 0 3481 
2 2 0 3482 
3 3 3486 3487 3488 
1 2 0 3489 
2 2 0 3485 
3 2 3490 3491 
1 2 0 3492 
2 2 0 3485 
2 2 0 3489 
3 3 3493 3494 3495 
1 2 0 3496 
1 2 0 3497 
1 2 0 3498 
1 2 0 3499 
2 2 0 3498 
3 2 3500 3501 
1 2 0 3502 
1 2 0 3503 
1 2 0 3504 
2 2 0 3503 
3 2 3505 3506 
1 2 0 3507 
2 2 0 3503 
2 2 0 3504 
3 3 3508 3509 3510 
1 2 0 3511 
2 2 0 3507 
3 2 3512 3513 
1 2 0 3514 
2 2 0 3511 
3 2 3515 3516 
1 2 0 3517 
1 2 0 3518 
2 2 0 3517 
3 2 3519 3520 
1 2 0 3521 
1 2 0 3522 
2 2 0 3521 
3 2 3523 3524 
1 2 0 3525 
1 2 0 3526 
2 2 0 3525 
3 2 3527 3528 
1 2 0 3529 
4 1 0 
4 2 0 3478 
4 2 0 3481 
4 2 0 3482 
4 2 0 3485 
4 2 0 3489 
4 2 0 3492 
4 2 0 3496 
4 2 0 3497 
4 2 0 3498 
4 2 0 3499 
4 2 0 3502 
4 2 0 3503 
4 2 0 3504 
4 2 0 3507 
4 2 0 3511 
4 2 0 3514 
4 2 0 3517 
4 2 0 3518 
4 2 0 3521 
4 2 0 3522 
4 2 0 3525 
4 2 0 3526 
4 2 0 3529 
4 2 0 3530 
1 1 0 
1 2 0 3556 
2 1 0 
3 2 3557 3558 
1 2 0 3559 
1 2 0 3560 
1 2 0 3561 
1 2 0 3562 
1 2 0 3563 
2 2 0 3562 
3 2 3564 3565 
1 2 0 3566 
2 2 0 3563 
3 2 3567 3568 
1 2 0 3569 
2 2 0 3566 
3 2 3570 3571 
1 2 0 3572 
2 2 0 3569 
3 2 3573 3574 
1 2 0 3575 
1 2 0 3576 
2 2 0 3575 
3 2 3577 3578 
1 2 0 3579 
1 2 0 3580 
2 2 0 3579 
3 2 3581 3582 
1 2 0 3583 
2 2 0 3579 
2 2 0 3580 
3 3 3584 3585 3586 
1 2 0 3587 
2 2 0 3583 
3 2 3588 3589 
1 2 0 3590 
2 2 0 3587 
3 2 3591 3592 
1 2 0 3593 
2 2 0 3590 
3 2 3594 3595 
1 2 0 3596 
2 2 0 3593 
3 2 3597 3598 
1 2 0 3599 
4 1 0 
4 2 0 3556 
4 2 0 3559 
4 2 0 3560 
4 2 0 3561 
4 2 0 3562 
4 2 0 3563 
4 2 0 3566 
4 2 0 3569 
4 2 0 3572 
4 2 0 3575 
4 2 0 3576 
4 2 0 3579 
4 2 0 3580 
4 2 0 3583 
4 2 0 3587 
4 2 0 3590 
4 2 0 3593 
4 2 0 3596 
4 2 0 3599 
4 2 0 3600 
1 1 0 
1 2 0 3622 
2 1 0 
3 2 3623 3624 
1 2 0 3625 
2 1 0 
2 2 0 3622 
3 3 3626 3627 3628 
1 2 0 3629 
1 2 0 3630 
1 2 0 3631 
2 2 0 3630 
3 2 3632 3633 
1 2 0 3634 
2 2 0 3630 
2 2 0 3631 
3 3 3635 3636 3637 
1 2 0 3638 
2 2 0 3634 
3 2 3639 3640 
1 2 0 3641 
2 2 0 3638 
3 2 3642 3643 
1 2 0 3644 
1 2 0 3645 
2 2 0 3644 
3 2 3646 3647 
1 2 0 3648 
2 2 0 3645 
3 2 3649 3650 
1 2 0 3651 
1 2 0 3652 
2 2 0 3651 
3 2 3653 3654 
1 2 0 3655 
2 2 0 3652 
3 2 3656 3657 
1 2 0 3658 
2 2 0 3651 
2 2 0 3655 
3 3 3659 3660 3661 
1 2 0 3662 
1 2 0 3663 
2 2 0 3662 
3 2 3664 3665 
1 2 0 3666 
1 2 0 3667 
2 2 0 3666 
3 2 3668 3669 
1 2 0 3670 
1 2 0 3671 
2 2 0 3670 
3 2 3672 3673 
1 2 0 3674 
4 1 0 
4 2 0 3622 
4 2 0 3625 
4 2 0 3629 
4 2 0 3630 
4 2 0 3631 
4 2 0 3634 
4 2 0 3638 
4 2 0 3641 
4 2 0 3644 
4 2 0 3645 
4 2 0 3648 
4 2 0 3651 
4 2 0 3652 
4 2 0 3655 
4 2 0 3658 
4 2 0 3662 
4 2 0 3663 
4 2 0 3666 
4 2 0 3667 
4 2 0 3670 
4 2 0 3671 
4 2 0 3674 
4 2 0 3675 
1 1 0 
1 2 0 3700 
2 1 0 
3 2 3701 3702 
1 2 0 3703 
1 2 0 3704 
2 2 0 3703 
3 2 3705 3706 
1 2 0 3707 
1 2 0 3708 
2 2 0 3707 
3 2 3709 3710 
1 2 0 3711 
1 2 0 3712 
1 2 0 3713 
2 2 0 3712 
3 2 3714 3715 
1 2 0 3716 
1 2 0 3717 
2 2 0 3716 
3 2 3718 3719 
1 2 0 3720 
4 1 0 
4 2 0 3700 
4 2 0 3703 
4 2 0 3704 
4 2 0 3707 
4 2 0 3708 
4 2 0 3711 
4 2 0 3712 
4 2 0 3713 
4 2 0 3716 
4 2 0 3717 
4 2 0 3720 
4 2 0 3721 
1 1 0 
1 2 0 3735 
2 1 0 
3 2 3736 3737 
1 2 0 3738 
2 1 0 
2 2 0 3735 
3 3 3739 3740 3741 
1 2 0 3742 
2 2 0 3738 
3 2 3743 3744 
1 2 0 3745 
2 2 0 3742 
3 2 3746 3747 
1 2 0 3748 
1 2 0 3749 
2 2 0 3748 
3 2 3750 3751 
1 2 0 3752 
1 2 0 3753 
2 2 0 3752 
3 2 3754 3755 
1 2 0 3756 
1 2 0 3757 
2 2 0 3756 
3 2 3758 3759 
1 2 0 3760 
4 1 0 
4 2 0 3735 
4 2 0 3738 
4 2 0 3742 
4 2 0 3745 
4 2 0 3748 
4 2 0 3749 
4 2 0 3752 
4 2 0 3753 
4 2 0 3756 
4 2 0 3757 
4 2 0 3760 
4 2 0 3761 
1 1 0 
1 2 0 3775 
2 1 0 
3 2 3776 3777 
1 2 0 3778 
1 2 0 3779 
2 2 0 3778 
3 2 3780 3781 
1 2 0 3782 
1 2 0 3783 
2 2 0 3782 
3 2 3784 3785 
1 2 0 3786 
1 2 0 3787 
1 2 0 3788 
2 2 0 3787 
3 2 3789 3790 
1 2 0 3791 
1 2 0 3792 
1 2 0 3793 
2 2 0 3792 
3 2 3794 3795 
1 2 0 3796 
1 2 0 3797 
2 2 0 3796 
3 2 3798 3799 
1 2 0 3800 
2 2 0 3797 
3 2 3801 3802 
1 2 0 3803 
2 2 0 3800 
3 2 3804 3805 
1 2 0 3806 
1 2 0 3807 
1 2 0 3808 
1 2 0 3809 
2 2 0 3808 
3 2 3810 3811 
1 2 0 3812 
1 2 0 3813 
1 2 0 3814 
2 2 0 3813 
3 2 3815 3816 
1 2 0 3817 
1 2 0 3818 
1 2 0 3819 
1 2 0 3820 
1 2 0 3821 
1 2 0 3822 
1 2 0 3823 
2 2 0 3822 
3 2 3824 3825 
1 2 0 3826 
1 2 0 3827 
2 2 0 3826 
3 2 3828 3829 
1 2 0 3830 
1 2 0 3831 
2 2 0 3830 
3 2 3832 3833 
1 2 0 3834 
2 2 0 3830 
2 2 0 3831 
3 3 3835 3836 3837 
1 2 0 3838 
2 2 0 3834 
3 2 3839 3840 
1 2 0 3841 
2 2 0 3838 
3 2 3842 3843 
1 2 0 3844 
1 2 0 3845 
2 2 0 3844 
3 2 3846 3847 
1 2 0 3848 
4 1 0 
4 2 0 3775 
4 2 0 3778 
4 2 0 3779 
4 2 0 3782 
4 2 0 3783 
4 2 0 3786 
4 2 0 3787 
4 2 0 3788 
4 2 0 3791 
4 2 0 3792 
4 2 0 3793 
4 2 0 3796 
4 2 0 3797 
4 2 0 3800 
4 2 0 3803 
4 2 0 3806 
4 2 0 3807 
4 2 0 3808 
4 2 0 3809 
4 2 0 3812 
4 2 0 3813 
4 2 0 3814 
4 2 0 3817 
4 2 0 3818 
4 2 0 3819 
4 2 0 3820 
4 2 0 3821 
4 2 0 3822 
4 2 0 3823 
4 2 0 3826 
4 2 0 3827 
4 2 0 3830 
4 2 0 3831 
4 2 0 3834 
4 2 0 3838 
4 2 0 3841 
4 2 0 3844 
4 2 0 3845 
4 2 0 3848 
4 2 0 3849 
1 1 0 
1 2 0 3891 
2 1 0 
3 2 3892 3893 
1 2 0 3894 
1 2 0 3895 
2 2 0 3894 
3 2 3896 3897 
1 2 0 3898 
1 2 0 3899 
1 2 0 3900 
1 2 0 3901 
1 2 0 3902 
1 2 0 3903 
2 2 0 3902 
3 2 3904 3905 
1 2 0 3906 
1 2 0 3907 
2 2 0 3906 
3 2 3908 3909 
1 2 0 3910 
1 2 0 3911 
1 2 0 3912 
2 2 0 3911 
3 2 3913 3914 
1 2 0 3915 
1 2 0 3916 
2 2 0 3915 
3 2 3917 3918 
1 2 0 3919 
2 2 0 3916 
3 2 3920 3921 
1 2 0 3922 
1 2 0 3923 
2 2 0 3922 
3 2 3924 3925 
1 2 0 3926 
4 1 0 
4 2 0 3891 
4 2 0 3894 
4 2 0 3895 
4 2 0 3898 
4 2 0 3899 
4 2 0 3900 
4 2 0 3901 
4 2 0 3902 
4 2 0 3903 
4 2 0 3906 
4 2 0 3907 
4 2 0 3910 
4 2 0 3911 
4 2 0 3912 
4 2 0 3915 
4 2 0 3916 
4 2 0 3919 
4 2 0 3922 
4 2 0 3923 
4 2 0 3926 
4 2 0 3927 
1 1 0 
1 2 0 3950 
2 1 0 
3 2 3951 3952 
1 2 0 3953 
2 2 0 3950 
3 2 3954 3955 
1 2 0 3956 
1 2 0 3957 
2 2 0 3956 
3 2 3958 3959 
1 2 0 3960 
1 2 0 3961 
1 2 0 3962 
2 2 0 3961 
3 2 3963 3964 
1 2 0 3965 
1 2 0 3966 
2 2 0 3965 
3 2 3967 3968 
1 2 0 3969 
1 2 0 3970 
2 2 0 3969 
3 2 3971 3972 
1 2 0 3973 
2 2 0 3969 
2 2 0 3970 
3 3 3974 3975 3976 
1 2 0 3977 
2 2 0 3973 
3 2 3978 3979 
1 2 0 3980 
1 2 0 3981 
1 2 0 3982 
2 2 0 3981 
3 2 3983 3984 
1 2 0 3985 
1 2 0 3986 
2 2 0 3985 
3 2 3987 3988 
1 2 0 3989 
1 2 0 3990 
1 2 0 3991 
2 2 0 3990 
3 2 3992 3993 
1 2 0 3994 
2 2 0 3990 
2 2 0 3991 
3 3 3995 3996 3997 
1 2 0 3998 
2 2 0 3994 
3 2 3999 4000 
1 2 0 4001 
2 2 0 3994 
2 2 0 3998 
3 3 4002 4003 4004 
1 2 0 4005 
1 2 0 4006 
1 2 0 4007 
2 2 0 4006 
3 2 4008 4009 
1 2 0 4010 
1 2 0 4011 
2 2 0 4010 
3 2 4012 4013 
1 2 0 4014 
2 2 0 4010 
2 2 0 4011 
3 3 4015 4016 4017 
1 2 0 4018 
1 2 0 4019 
1 2 0 4020 
1 2 0 4021 
2 2 0 4020 
3 2 4022 4023 
1 2 0 4024 
1 2 0 4025 
1 2 0 4026 
2 2 0 4025 
3 2 4027 4028 
1 2 0 4029 
4 1 0 
4 2 0 3950 
4 2 0 3953 
4 2 0 3956 
4 2 0 3957 
4 2 0 3960 
4 2 0 3961 
4 2 0 3962 
4 2 0 3965 
4 2 0 3966 
4 2 0 3969 
4 2 0 3970 
4 2 0 3973 
4 2 0 3977 
4 2 0 3980 
4 2 0 3981 
4 2 0 3982 
4 2 0 3985 
4 2 0 3986 
4 2 0 3989 
4 2 0 3990 
4 2 0 3991 
4 2 0 3994 
4 2 0 3998 
4 2 0 4001 
4 2 0 4005 
4 2 0 4006 
4 2 0 4007 
4 2 0 4010 
4 2 0 4011 
4 2 0 4014 
4 2 0 4018 
4 2 0 4019 
4 2 0 4020 
4 2 0 4021 
4 2 0 4024 
4 2 0 4025 
4 2 0 4026 
4 2 0 4029 
4 2 0 4030 
1 1 0 
1 2 0 4071 
2 1 0 
3 2 4072 4073 
1 2 0 4074 
2 1 0 
2 2 0 4071 
3 3 4075 4076 4077 
1 2 0 4078 
2 2 0 4074 
3 2 4079 4080 
1 2 0 4081 
2 2 0 4078 
3 2 4082 4083 
1 2 0 4084 
1 2 0 4085 
2 2 0 4084 
3 2 4086 4087 
1 2 0 4088 
1 2 0 4089 
1 2 0 4090 
1 2 0 4091 
1 2 0 4092 
2 2 0 4091 
3 2 4093 4094 
1 2 0 4095 
1 2 0 4096 
2 2 0 4095 
3 2 4097 4098 
1 2 0 4099 
2 2 0 4096 
3 2 4100 4101 
1 2 0 4102 
1 2 0 4103 
1 2 0 4104 
2 2 0 4103 
3 2 4105 4106 
1 2 0 4107 
2 2 0 4104 
3 2 4108 4109 
1 2 0 4110 
2 2 0 4107 
3 2 4111 4112 
1 2 0 4113 
4 1 0 
4 2 0 4071 
4 2 0 4074 
4 2 0 4078 
4 2 0 4081 
4 2 0 4084 
4 2 0 4085 
4 2 0 4088 
4 2 0 4089 
4 2 0 4090 
4 2 0 4091 
4 2 0 4092 
4 2 0 4095 
4 2 0 4096 
4 2 0 4099 
4 2 0 4102 
4 2 0 4103 
4 2 0 4104 
4 2 0 4107 
4 2 0 4110 
4 2 0 4113 
4 2 0 4114 
1 1 0 
1 2 0 4137 
2 1 0 
3 2 4138 4139 
1 2 0 4140 
2 1 0 
2 2 0 4137 
3 3 4141 4142 4143 
1 2 0 4144 
2 2 0 4140 
3 2 4145 4146 
1 2 0 4147 
2 2 0 4144 
3 2 4148 4149 
1 2 0 4150 
2 2 0 4144 
3 2 4151 4152 
1 2 0 4153 
2 2 0 4150 
3 2 4154 4155 
1 2 0 4156 
1 2 0 4157 
1 2 0 4158 
2 2 0 4157 
3 2 4159 4160 
1 2 0 4161 
1 2 0 4162 
1 2 0 4163 
2 2 0 4162 
3 2 4164 4165 
1 2 0 4166 
1 2 0 4167 
1 2 0 4168 
1 2 0 4169 
2 2 0 4168 
3 2 4170 4171 
1 2 0 4172 
2 2 0 4168 
2 2 0 4169 
3 3 4173 4174 4175 
1 2 0 4176 
2 2 0 4172 
3 2 4177 4178 
1 2 0 4179 
2 2 0 4176 
3 2 4180 4181 
1 2 0 4182 
1 2 0 4183 
2 2 0 4182 
3 2 4184 4185 
1 2 0 4186 
1 2 0 4187 
1 2 0 4188 
2 2 0 4187 
3 2 4189 4190 
1 2 0 4191 
1 2 0 4192 
2 2 0 4191 
3 2 4193 4194 
1 2 0 4195 
1 2 0 4196 
1 2 0 4197 
2 2 0 4196 
3 2 4198 4199 
1 2 0 4200 
1 2 0 4201 
2 2 0 4200 
3 2 4202 4203 
1 2 0 4204 
4 1 0 
4 2 0 4137 
4 2 0 4140 
4 2 0 4144 
4 2 0 4147 
4 2 0 4150 
4 2 0 4153 
4 2 0 4156 
4 2 0 4157 
4 2 0 4158 
4 2 0 4161 
4 2 0 4162 
4 2 0 4163 
4 2 0 4166 
4 2 0 4167 
4 2 0 4168 
4 2 0 4169 
4 2 0 4172 
4 2 0 4176 
4 2 0 4179 
4 2 0 4182 
4 2 0 4183 
4 2 0 4186 
4 2 0 4187 
4 2 0 4188 
4 2 0 4191 
4 2 0 4192 
4 2 0 4195 
4 2 0 4196 
4 2 0 4197 
4 2 0 4200 
4 2 0 4201 
4 2 0 4204 
4 2 0 4205 
1 1 0 
1 2 0 4240 
2 1 0 
3 2 4241 4242 
1 2 0 4243 
1 2 0 4244 
2 2 0 4243 
3 2 4245 4246 
1 2 0 4247 
2 2 0 4243 
2 2 0 4244 
3 3 4248 4249 4250 
1 2 0 4251 
2 2 0 4247 
3 2 4252 4253 
1 2 0 4254 
2 2 0 4251 
3 2 4255 4256 
1 2 0 4257 
1 2 0 4258 
2 2 0 4257 
3 2 4259 4260 
1 2 0 4261 
1 2 0 4262 
1 2 0 4263 
2 2 0 4262 
3 2 4264 4265 
1 2 0 4266 
2 2 0 4262 
2 2 0 4263 
3 3 4267 4268 4269 
1 2 0 4270 
2 2 0 4262 
2 2 0 4263 
2 2 0 4266 
3 4 4271 4272 4273 4274 
1 2 0 4275 
2 2 0 4266 
2 2 0 4270 
3 3 4276 4277 4278 
1 2 0 4279 
1 2 0 4280 
2 2 0 4279 
3 2 4281 4282 
1 2 0 4283 
1 2 0 4284 
1 2 0 4285 
2 2 0 4284 
3 2 4286 4287 
1 2 0 4288 
1 2 0 4289 
2 2 0 4288 
3 2 4290 4291 
1 2 0 4292 
2 2 0 4288 
2 2 0 4289 
3 3 4293 4294 4295 
1 2 0 4296 
2 2 0 4292 
3 2 4297 4298 
1 2 0 4299 
2 2 0 4296 
3 2 4300 4301 
1 2 0 4302 
1 2 0 4303 
2 2 0 4302 
3 2 4304 4305 
1 2 0 4306 
1 2 0 4307 
1 2 0 4308 
1 2 0 4309 
2 2 0 4308 
3 2 4310 4311 
1 2 0 4312 
2 2 0 4308 
2 2 0 4309 
3 3 4313 4314 4315 
1 2 0 4316 
2 2 0 4308 
2 2 0 4309 
2 2 0 4312 
3 4 4317 4318 4319 4320 
1 2 0 4321 
2 2 0 4312 
2 2 0 4316 
3 3 4322 4323 4324 
1 2 0 4325 
1 2 0 4326 
2 2 0 4325 
3 2 4327 4328 
1 2 0 4329 
2 2 0 4326 
3 2 4330 4331 
1 2 0 4332 
2 2 0 4329 
3 2 4333 4334 
1 2 0 4335 
2 2 0 4332 
3 2 4336 4337 
1 2 0 4338 
4 1 0 
4 2 0 4240 
4 2 0 4243 
4 2 0 4244 
4 2 0 4247 
4 2 0 4251 
4 2 0 4254 
4 2 0 4257 
4 2 0 4258 
4 2 0 4261 
4 2 0 4262 
4 2 0 4263 
4 2 0 4266 
4 2 0 4270 
4 2 0 4275 
4 2 0 4279 
4 2 0 4280 
4 2 0 4283 
4 2 0 4284 
4 2 0 4285 
4 2 0 4288 
4 2 0 4289 
4 2 0 4292 
4 2 0 4296 
4 2 0 4299 
4 2 0 4302 
4 2 0 4303 
4 2 0 4306 
4 2 0 4307 
4 2 0 4308 
4 2 0 4309 
4 2 0 4312 
4 2 0 4316 
4 2 0 4321 
4 2 0 4325 
4 2 0 4326 
4 2 0 4329 
4 2 0 4332 
4 2 0 4335 
4 2 0 4338 
4 2 0 4339 
1 1 0 
1 2 0 4381 
2 1 0 
3 2 4382 4383 
1 2 0 4384 
1 2 0 4385 
1 2 0 4386 
2 2 0 4385 
3 2 4387 4388 
1 2 0 4389 
2 2 0 4386 
3 2 4390 4391 
1 2 0 4392 
2 2 0 4389 
3 2 4393 4394 
1 2 0 4395 
1 2 0 4396 
2 2 0 4395 
3 2 4397 4398 
1 2 0 4399 
1 2 0 4400 
2 2 0 4399 
3 2 4401 4402 
1 2 0 4403 
2 2 0 4399 
2 2 0 4400 
3 3 4404 4405 4406 
1 2 0 4407 
2 2 0 4403 
3 2 4408 4409 
1 2 0 4410 
2 2 0 4407 
3 2 4411 4412 
1 2 0 4413 
2 2 0 4407 
3 2 4414 4415 
1 2 0 4416 
2 2 0 4413 
3 2 4417 4418 
1 2 0 4419 
4 1 0 
4 2 0 4381 
4 2 0 4384 
4 2 0 4385 
4 2 0 4386 
4 2 0 4389 
4 2 0 4392 
4 2 0 4395 
4 2 0 4396 
4 2 0 4399 
4 2 0 4400 
4 2 0 4403 
4 2 0 4407 
4 2 0 4410 
4 2 0 4413 
4 2 0 4416 
4 2 0 4419 
4 2 0 4420 
1 1 0 
1 2 0 4439 
2 1 0 
3 2 4440 4441 
1 2 0 4442 
1 2 0 4443 
2 2 0 4442 
3 2 4444 4445 
1 2 0 4446 
2 2 0 4442 
2 2 0 4443 
3 3 4447 4448 4449 
1 2 0 4450 
1 2 0 4451 
1 2 0 4452 
2 2 0 4451 
3 2 4453 4454 
1 2 0 4455 
2 2 0 4452 
3 2 4456 4457 
1 2 0 4458 
2 2 0 4455 
3 2 4459 4460 
1 2 0 4461 
1 2 0 4462 
2 2 0 4461 
3 2 4463 4464 
1 2 0 4465 
1 2 0 4466 
1 2 0 4467 
1 2 0 4468 
2 2 0 4467 
3 2 4469 4470 
1 2 0 4471 
2 2 0 4467 
2 2 0 4468 
3 3 4472 4473 4474 
1 2 0 4475 
2 2 0 4467 
2 2 0 4468 
2 2 0 4471 
3 4 4476 4477 4478 4479 
1 2 0 4480 
2 2 0 4471 
2 2 0 4475 
3 3 4481 4482 4483 
1 2 0 4484 
2 2 0 4480 
3 2 4485 4486 
1 2 0 4487 
2 2 0 4484 
3 2 4488 4489 
1 2 0 4490 
4 1 0 
4 2 0 4439 
4 2 0 4442 
4 2 0 4443 
4 2 0 4446 
4 2 0 4450 
4 2 0 4451 
4 2 0 4452 
4 2 0 4455 
4 2 0 4458 
4 2 0 4461 
4 2 0 4462 
4 2 0 4465 
4 2 0 4466 
4 2 0 4467 
4 2 0 4468 
4 2 0 4471 
4 2 0 4475 
4 2 0 4480 
4 2 0 4484 
4 2 0 4487 
4 2 0 4490 
4 2 0 4491 
1 1 0 
1 2 0 4515 
1 2 0 4516 
1 2 0 4517 
2 2 0 4516 
3 2 4518 4519 
1 2 0 4520 
1 2 0 4521 
1 2 0 4522 
2 2 0 4521 
3 2 4523 4524 
1 2 0 4525 
1 2 0 4526 
1 2 0 4527 
2 2 0 4526 
3 2 4528 4529 
1 2 0 4530 
1 2 0 4531 
1 2 0 4532 
2 2 0 4531 
3 2 4533 4534 
1 2 0 4535 
1 2 0 4536 
2 2 0 4535 
3 2 4537 4538 
1 2 0 4539 
2 2 0 4536 
3 2 4540 4541 
1 2 0 4542 
2 2 0 4536 
2 2 0 4539 
3 3 4543 4544 4545 
1 2 0 4546 
2 2 0 4542 
3 2 4547 4548 
1 2 0 4549 
1 2 0 4550 
2 2 0 4549 
3 2 4551 4552 
1 2 0 4553 
1 2 0 4554 
1 2 0 4555 
2 2 0 4554 
3 2 4556 4557 
1 2 0 4558 
2 2 0 4554 
2 2 0 4555 
3 3 4559 4560 4561 
1 2 0 4562 
2 2 0 4558 
3 2 4563 4564 
1 2 0 4565 
2 2 0 4562 
3 2 4566 4567 
1 2 0 4568 
1 2 0 4569 
2 2 0 4568 
3 2 4570 4571 
1 2 0 4572 
2 2 0 4569 
3 2 4573 4574 
1 2 0 4575 
2 2 0 4572 
3 2 4576 4577 
1 2 0 4578 
1 2 0 4579 
1 2 0 4580 
2 2 0 4579 
3 2 4581 4582 
1 2 0 4583 
2 2 0 4579 
2 2 0 4580 
3 3 4584 4585 4586 
1 2 0 4587 
2 2 0 4583 
3 2 4588 4589 
1 2 0 4590 
2 2 0 4587 
3 2 4591 4592 
1 2 0 4593 
1 2 0 4594 
2 2 0 4593 
3 2 4595 4596 
1 2 0 4597 
1 2 0 4598 
1 2 0 4599 
2 2 0 4598 
3 2 4600 4601 
1 2 0 4602 
2 2 0 4599 
3 2 4603 4604 
1 2 0 4605 
2 2 0 4602 
3 2 4606 4607 
1 2 0 4608 
1 2 0 4609 
2 2 0 4608 
3 2 4610 4611 
1 2 0 4612 
1 2 0 4613 
2 2 0 4612 
3 2 4614 4615 
1 2 0 4616 
1 2 0 4617 
1 2 0 4618 
2 2 0 4617 
3 2 4619 4620 
1 2 0 4621 
1 2 0 4622 
2 2 0 4618 
2 2 0 4621 
3 3 4623 4624 4625 
1 2 0 4626 
1 2 0 4627 
1 2 0 4628 
1 2 0 4629 
2 2 0 4628 
3 2 4630 4631 
1 2 0 4632 
4 1 0 
4 2 0 4515 
4 2 0 4516 
4 2 0 4517 
4 2 0 4520 
4 2 0 4521 
4 2 0 4522 
4 2 0 4525 
4 2 0 4526 
4 2 0 4527 
4 2 0 4530 
4 2 0 4531 
4 2 0 4532 
4 2 0 4535 
4 2 0 4536 
4 2 0 4539 
4 2 0 4542 
4 2 0 4546 
4 2 0 4549 
4 2 0 4550 
4 2 0 4553 
4 2 0 4554 
4 2 0 4555 
4 2 0 4558 
4 2 0 4562 
4 2 0 4565 
4 2 0 4568 
4 2 0 4569 
4 2 0 4572 
4 2 0 4575 
4 2 0 4578 
4 2 0 4579 
4 2 0 4580 
4 2 0 4583 
4 2 0 4587 
4 2 0 4590 
4 2 0 4593 
4 2 0 4594 
4 2 0 4597 
4 2 0 4598 
4 2 0 4599 
4 2 0 4602 
4 2 0 4605 
4 2 0 4608 
4 2 0 4609 
4 2 0 4612 
4 2 0 4613 
4 2 0 4616 
4 2 0 4617 
4 2 0 4618 
4 2 0 4621 
4 2 0 4622 
4 2 0 4626 
4 2 0 4627 
4 2 0 4628 
4 2 0 4629 
4 2 0 4632 
4 2 0 4633 
1 1 0 
1 2 0 4692 
2 1 0 
3 2 4693 4694 
1 2 0 4695 
1 2 0 4696 
1 2 0 4697 
2 2 0 4696 
3 2 4698 4699 
1 2 0 4700 
1 2 0 4701 
1 2 0 4702 
2 2 0 4701 
3 2 4703 4704 
1 2 0 4705 
1 2 0 4706 
1 2 0 4707 
1 2 0 4708 
2 2 0 4707 
3 2 4709 4710 
1 2 0 4711 
1 2 0 4712 
2 2 0 4711 
3 2 4713 4714 
1 2 0 4715 
2 2 0 4711 
2 2 0 4712 
3 3 4716 4717 4718 
1 2 0 4719 
2 2 0 4715 
3 2 4720 4721 
1 2 0 4722 
2 2 0 4719 
3 2 4723 4724 
1 2 0 4725 
2 2 0 4719 
2 2 0 4722 
3 3 4726 4727 4728 
1 2 0 4729 
1 2 0 4730 
1 2 0 4731 
2 2 0 4730 
3 2 4732 4733 
1 2 0 4734 
1 2 0 4735 
2 2 0 4734 
3 2 4736 4737 
1 2 0 4738 
2 2 0 4734 
2 2 0 4735 
3 3 4739 4740 4741 
1 2 0 4742 
1 2 0 4743 
1 2 0 4744 
1 2 0 4745 
2 2 0 4744 
3 2 4746 4747 
1 2 0 4748 
1 2 0 4749 
2 2 0 4748 
3 2 4750 4751 
1 2 0 4752 
2 2 0 4748 
2 2 0 4749 
3 3 4753 4754 4755 
1 2 0 4756 
1 2 0 4757 
1 2 0 4758 
1 2 0 4759 
2 2 0 4758 
3 2 4760 4761 
1 2 0 4762 
1 2 0 4763 
2 2 0 4762 
3 2 4764 4765 
1 2 0 4766 
1 2 0 4767 
2 2 0 4766 
3 2 4768 4769 
1 2 0 4770 
2 2 0 4766 
2 2 0 4767 
3 3 4771 4772 4773 
1 2 0 4774 
1 2 0 4775 
2 2 0 4774 
3 2 4776 4777 
1 2 0 4778 
1 2 0 4779 
1 2 0 4780 
2 2 0 4779 
3 2 4781 4782 
1 2 0 4783 
1 2 0 4784 
1 2 0 4785 
2 2 0 4784 
3 2 4786 4787 
1 2 0 4788 
1 2 0 4789 
1 2 0 4790 
1 2 0 4791 
2 2 0 4790 
3 2 4792 4793 
1 2 0 4794 
1 2 0 4795 
1 2 0 4796 
2 2 0 4795 
3 2 4797 4798 
1 2 0 4799 
2 2 0 4795 
2 2 0 4796 
3 3 4800 4801 4802 
1 2 0 4803 
1 2 0 4804 
1 2 0 4805 
1 2 0 4806 
2 2 0 4805 
3 2 4807 4808 
1 2 0 4809 
2 2 0 4805 
2 2 0 4806 
3 3 4810 4811 4812 
1 2 0 4813 
2 2 0 4809 
3 2 4814 4815 
1 2 0 4816 
2 2 0 4813 
3 2 4817 4818 
1 2 0 4819 
1 2 0 4820 
2 2 0 4819 
3 2 4821 4822 
1 2 0 4823 
1 2 0 4824 
2 2 0 4823 
3 2 4825 4826 
1 2 0 4827 
4 1 0 
4 2 0 4692 
4 2 0 4695 
4 2 0 4696 
4 2 0 4697 
4 2 0 4700 
4 2 0 4701 
4 2 0 4702 
4 2 0 4705 
4 2 0 4706 
4 2 0 4707 
4 2 0 4708 
4 2 0 4711 
4 2 0 4712 
4 2 0 4715 
4 2 0 4719 
4 2 0 4722 
4 2 0 4725 
4 2 0 4729 
4 2 0 4730 
4 2 0 4731 
4 2 0 4734 
4 2 0 4735 
4 2 0 4738 
4 2 0 4742 
4 2 0 4743 
4 2 0 4744 
4 2 0 4745 
4 2 0 4748 
4 2 0 4749 
4 2 0 4752 
4 2 0 4756 
4 2 0 4757 
4 2 0 4758 
4 2 0 4759 
4 2 0 4762 
4 2 0 4763 
4 2 0 4766 
4 2 0 4767 
4 2 0 4770 
4 2 0 4774 
4 2 0 4775 
4 2 0 4778 
4 2 0 4779 
4 2 0 4780 
4 2 0 4783 
4 2 0 4784 
4 2 0 4785 
4 2 0 4788 
4 2 0 4789 
4 2 0 4790 
4 2 0 4791 
4 2 0 4794 
4 2 0 4795 
4 2 0 4796 
4 2 0 4799 
4 2 0 4803 
4 2 0 4804 
4 2 0 4805 
4 2 0 4806 
4 2 0 4809 
4 2 0 4813 
4 2 0 4816 
4 2 0 4819 
4 2 0 4820 
4 2 0 4823 
4 2 0 4824 
4 2 0 4827 
4 2 0 4828 
1 1 0 
1 2 0 4898 
1 2 0 4899 
2 2 0 4898 
3 2 4900 4901 
1 2 0 4902 
2 2 0 4898 
2 2 0 4899 
3 3 4903 4904 4905 
1 2 0 4906 
2 2 0 4898 
2 2 0 4899 
2 2 0 4902 
3 4 4907 4908 4909 4910 
1 2 0 4911 
2 2 0 4902 
2 2 0 4906 
3 3 4912 4913 4914 
1 2 0 4915 
1 2 0 4916 
1 2 0 4917 
1 2 0 4918 
2 2 0 4917 
3 2 4919 4920 
1 2 0 4921 
1 2 0 4922 
2 2 0 4921 
3 2 4923 4924 
1 2 0 4925 
2 2 0 4921 
2 2 0 4922 
3 3 4926 4927 4928 
1 2 0 4929 
2 2 0 4925 
3 2 4930 4931 
1 2 0 4932 
2 2 0 4929 
3 2 4933 4934 
1 2 0 4935 
1 2 0 4936 
2 2 0 4935 
3 2 4937 4938 
1 2 0 4939 
1 2 0 4940 
2 2 0 4939 
3 2 4941 4942 
1 2 0 4943 
1 2 0 4944 
2 2 0 4943 
3 2 4945 4946 
1 2 0 4947 
2 2 0 4944 
3 2 4948 4949 
1 2 0 4950 
2 2 0 4947 
3 2 4951 4952 
1 2 0 4953 
1 2 0 4954 
2 2 0 4953 
3 2 4955 4956 
1 2 0 4957 
2 2 0 4953 
2 2 0 4954 
3 3 4958 4959 4960 
1 2 0 4961 
1 2 0 4962 
2 2 0 4961 
3 2 4963 4964 
1 2 0 4965 
2 2 0 4961 
2 2 0 4962 
3 3 4966 4967 4968 
1 2 0 4969 
1 2 0 4970 
1 2 0 4971 
1 2 0 4972 
1 2 0 4973 
2 2 0 4972 
3 2 4974 4975 
1 2 0 4976 
1 2 0 4977 
2 2 0 4976 
3 2 4978 4979 
1 2 0 4980 
2 2 0 4976 
2 2 0 4977 
3 3 4981 4982 4983 
1 2 0 4984 
2 2 0 4980 
3 2 4985 4986 
1 2 0 4987 
2 2 0 4984 
3 2 4988 4989 
1 2 0 4990 
2 2 0 4984 
3 2 4991 4992 
1 2 0 4993 
2 2 0 4990 
3 2 4994 4995 
1 2 0 4996 
1 2 0 4997 
1 2 0 4998 
2 2 0 4997 
3 2 4999 5000 
1 2 0 5001 
1 2 0 5002 
1 2 0 5003 
1 2 0 5004 
2 2 0 5003 
3 2 5005 5006 
1 2 0 5007 
1 2 0 5008 
2 2 0 5007 
3 2 5009 5010 
1 2 0 5011 
2 2 0 5008 
3 2 5012 5013 
1 2 0 5014 
1 2 0 5015 
2 2 0 5014 
3 2 5016 5017 
1 2 0 5018 
1 2 0 5019 
1 2 0 5020 
2 2 0 5019 
3 2 5021 5022 
1 2 0 5023 
2 2 0 5019 
2 2 0 5020 
3 3 5024 5025 5026 
1 2 0 5027 
2 2 0 5023 
3 2 5028 5029 
1 2 0 5030 
2 2 0 5027 
3 2 5031 5032 
1 2 0 5033 
2 2 0 5027 
3 2 5034 5035 
1 2 0 5036 
2 2 0 5033 
3 2 5037 5038 
1 2 0 5039 
1 2 0 5040 
2 2 0 5039 
3 2 5041 5042 
1 2 0 5043 
1 2 0 5044 
1 2 0 5045 
2 2 0 5044 
3 2 5046 5047 
1 2 0 5048 
1 2 0 5049 
1 2 0 5050 
1 2 0 5051 
2 2 0 5050 
3 2 5052 5053 
1 2 0 5054 
1 2 0 5055 
2 2 0 5054 
3 2 5056 5057 
1 2 0 5058 
2 2 0 5054 
2 2 0 5055 
3 3 5059 5060 5061 
1 2 0 5062 
1 2 0 5063 
2 2 0 5062 
3 2 5064 5065 
1 2 0 5066 
2 2 0 5062 
2 2 0 5063 
3 3 5067 5068 5069 
1 2 0 5070 
1 2 0 5071 
1 2 0 5072 
2 2 0 5071 
3 2 5073 5074 
1 2 0 5075 
2 2 0 5071 
2 2 0 5072 
3 3 5076 5077 5078 
1 2 0 5079 
2 2 0 5075 
3 2 5080 5081 
1 2 0 5082 
4 1 0 
4 2 0 4898 
4 2 0 4899 
4 2 0 4902 
4 2 0 4906 
4 2 0 4911 
4 2 0 4915 
4 2 0 4916 
4 2 0 4917 
4 2 0 4918 
4 2 0 4921 
4 2 0 4922 
4 2 0 4925 
4 2 0 4929 
4 2 0 4932 
4 2 0 4935 
4 2 0 4936 
4 2 0 4939 
4 2 0 4940 
4 2 0 4943 
4 2 0 4944 
4 2 0 4947 
4 2 0 4950 
4 2 0 4953 
4 2 0 4954 
4 2 0 4957 
4 2 0 4961 
4 2 0 4962 
4 2 0 4965 
4 2 0 4969 
4 2 0 4970 
4 2 0 4971 
4 2 0 4972 
4 2 0 4973 
4 2 0 4976 
4 2 0 4977 
4 2 0 4980 
4 2 0 4984 
4 2 0 4987 
4 2 0 4990 
4 2 0 4993 
4 2 0 4996 
4 2 0 4997 
4 2 0 4998 
4 2 0 5001 
4 2 0 5002 
4 2 0 5003 
4 2 0 5004 
4 2 0 5007 
4 2 0 5008 
4 2 0 5011 
4 2 0 5014 
4 2 0 5015 
4 2 0 5018 
4 2 0 5019 
4 2 0 5020 
4 2 0 5023 
4 2 0 5027 
4 2 0 5030 
4 2 0 5033 
4 2 0 5036 
4 2 0 5039 
4 2 0 5040 
4 2 0 5043 
4 2 0 5044 
4 2 0 5045 
4 2 0 5048 
4 2 0 5049 
4 2 0 5050 
4 2 0 5051 
4 2 0 5054 
4 2 0 5055 
4 2 0 5058 
4 2 0 5062 
4 2 0 5063 
4 2 0 5066 
4 2 0 5070 
4 2 0 5071 
4 2 0 5072 
4 2 0 5075 
4 2 0 5079 
4 2 0 5082 
4 2 0 5083 
1 1 0 
1 2 0 5167 
1 2 0 5168 
2 2 0 5167 
3 2 5169 5170 
1 2 0 5171 
1 2 0 5172 
1 2 0 5173 
2 2 0 5172 
3 2 5174 5175 
1 2 0 5176 
1 2 0 5177 
1 2 0 5178 
1 2 0 5179 
2 2 0 5178 
3 2 5180 5181 
1 2 0 5182 
1 2 0 5183 
2 2 0 5182 
3 2 5184 5185 
1 2 0 5186 
2 2 0 5182 
2 2 0 5183 
3 3 5187 5188 5189 
1 2 0 5190 
1 2 0 5191 
2 2 0 5190 
3 2 5192 5193 
1 2 0 5194 
1 2 0 5195 
1 2 0 5196 
2 2 0 5195 
3 2 5197 5198 
1 2 0 5199 
1 2 0 5200 
1 2 0 5201 
2 2 0 5200 
3 2 5202 5203 
1 2 0 5204 
2 2 0 5201 
3 2 5205 5206 
1 2 0 5207 
2 2 0 5204 
3 2 5208 5209 
1 2 0 5210 
1 2 0 5211 
1 2 0 5212 
2 2 0 5211 
3 2 5213 5214 
1 2 0 5215 
1 2 0 5216 
2 2 0 5215 
3 2 5217 5218 
1 2 0 5219 
1 2 0 5220 
1 2 0 5221 
2 2 0 5220 
3 2 5222 5223 
1 2 0 5224 
1 2 0 5225 
1 2 0 5226 
2 2 0 5225 
3 2 5227 5228 
1 2 0 5229 
1 2 0 5230 
1 2 0 5231 
1 2 0 5232 
1 2 0 5233 
1 2 0 5234 
2 2 0 5233 
3 2 5235 5236 
1 2 0 5237 
2 2 0 5234 
3 2 5238 5239 
1 2 0 5240 
1 2 0 5241 
2 2 0 5240 
3 2 5242 5243 
1 2 0 5244 
1 2 0 5245 
2 2 0 5244 
3 2 5246 5247 
1 2 0 5248 
2 2 0 5244 
2 2 0 5245 
3 3 5249 5250 5251 
1 2 0 5252 
1 2 0 5253 
1 2 0 5254 
2 2 0 5253 
3 2 5255 5256 
1 2 0 5257 
1 2 0 5258 
1 2 0 5259 
1 2 0 5260 
2 2 0 5259 
3 2 5261 5262 
1 2 0 5263 
1 2 0 5264 
2 2 0 5263 
3 2 5265 5266 
1 2 0 5267 
2 2 0 5263 
2 2 0 5264 
3 3 5268 5269 5270 
1 2 0 5271 
2 2 0 5267 
3 2 5272 5273 
1 2 0 5274 
2 2 0 5267 
2 2 0 5271 
3 3 5275 5276 5277 
1 2 0 5278 
1 2 0 5279 
1 2 0 5280 
2 2 0 5279 
3 2 5281 5282 
1 2 0 5283 
2 2 0 5280 
3 2 5284 5285 
1 2 0 5286 
2 2 0 5283 
3 2 5287 5288 
1 2 0 5289 
1 2 0 5290 
1 2 0 5291 
2 2 0 5290 
3 2 5292 5293 
1 2 0 5294 
4 1 0 
4 2 0 5167 
4 2 0 5168 
4 2 0 5171 
4 2 0 5172 
4 2 0 5173 
4 2 0 5176 
4 2 0 5177 
4 2 0 5178 
4 2 0 5179 
4 2 0 5182 
4 2 0 5183 
4 2 0 5186 
4 2 0 5190 
4 2 0 5191 
4 2 0 5194 
4 2 0 5195 
4 2 0 5196 
4 2 0 5199 
4 2 0 5200 
4 2 0 5201 
4 2 0 5204 
4 2 0 5207 
4 2 0 5210 
4 2 0 5211 
4 2 0 5212 
4 2 0 5215 
4 2 0 5216 
4 2 0 5219 
4 2 0 5220 
4 2 0 5221 
4 2 0 5224 
4 2 0 5225 
4 2 0 5226 
4 2 0 5229 
4 2 0 5230 
4 2 0 5231 
4 2 0 5232 
4 2 0 5233 
4 2 0 5234 
4 2 0 5237 
4 2 0 5240 
4 2 0 5241 
4 2 0 5244 
4 2 0 5245 
4 2 0 5248 
4 2 0 5252 
4 2 0 5253 
4 2 0 5254 
4 2 0 5257 
4 2 0 5258 
4 2 0 5259 
4 2 0 5260 
4 2 0 5263 
4 2 0 5264 
4 2 0 5267 
4 2 0 5271 
4 2 0 5274 
4 2 0 5278 
4 2 0 5279 
4 2 0 5280 
4 2 0 5283 
4 2 0 5286 
4 2 0 5289 
4 2 0 5290 
4 2 0 5291 
4 2 0 5294 
4 2 0 5295 
1 1 0 
1 2 0 5364 
1 2 0 5365 
2 2 0 5364 
3 2 5366 5367 
1 2 0 5368 
2 2 0 5364 
2 2 0 5365 
3 3 5369 5370 5371 
1 2 0 5372 
2 2 0 5364 
2 2 0 5365 
2 2 0 5368 
3 4 5373 5374 5375 5376 
1 2 0 5377 
2 2 0 5368 
2 2 0 5372 
3 3 5378 5379 5380 
1 2 0 5381 
1 2 0 5382 
2 2 0 5381 
3 2 5383 5384 
1 2 0 5385 
1 2 0 5386 
2 2 0 5385 
3 2 5387 5388 
1 2 0 5389 
1 2 0 5390 
1 2 0 5391 
1 2 0 5392 
2 2 0 5391 
3 2 5393 5394 
1 2 0 5395 
2 2 0 5391 
2 2 0 5392 
3 3 5396 5397 5398 
1 2 0 5399 
2 2 0 5395 
3 2 5400 5401 
1 2 0 5402 
2 2 0 5399 
3 2 5403 5404 
1 2 0 5405 
2 2 0 5402 
3 2 5406 5407 
1 2 0 5408 
2 2 0 5402 
3 2 5409 5410 
1 2 0 5411 
1 2 0 5412 
2 2 0 5411 
3 2 5413 5414 
1 2 0 5415 
2 2 0 5411 
2 2 0 5412 
3 3 5416 5417 5418 
1 2 0 5419 
2 2 0 5415 
3 2 5420 5421 
1 2 0 5422 
2 2 0 5419 
3 2 5423 5424 
1 2 0 5425 
2 2 0 5419 
2 2 0 5422 
3 3 5426 5427 5428 
1 2 0 5429 
1 2 0 5430 
1 2 0 5431 
2 2 0 5430 
3 2 5432 5433 
1 2 0 5434 
1 2 0 5435 
1 2 0 5436 
1 2 0 5437 
2 2 0 5436 
3 2 5438 5439 
1 2 0 5440 
1 2 0 5441 
1 2 0 5442 
2 2 0 5441 
3 2 5443 5444 
1 2 0 5445 
1 2 0 5446 
2 2 0 5445 
3 2 5447 5448 
1 2 0 5449 
2 2 0 5445 
2 2 0 5446 
3 3 5450 5451 5452 
1 2 0 5453 
2 2 0 5449 
3 2 5454 5455 
1 2 0 5456 
2 2 0 5453 
3 2 5457 5458 
1 2 0 5459 
1 2 0 5460 
2 2 0 5459 
3 2 5461 5462 
1 2 0 5463 
2 2 0 5459 
3 2 5464 5465 
1 2 0 5466 
1 2 0 5467 
1 2 0 5468 
2 2 0 5467 
3 2 5469 5470 
1 2 0 5471 
2 2 0 5468 
3 2 5472 5473 
1 2 0 5474 
2 2 0 5471 
3 2 5475 5476 
1 2 0 5477 
1 2 0 5478 
1 2 0 5479 
2 2 0 5478 
3 2 5480 5481 
1 2 0 5482 
1 2 0 5483 
2 2 0 5482 
3 2 5484 5485 
1 2 0 5486 
1 2 0 5487 
2 2 0 5486 
3 2 5488 5489 
1 2 0 5490 
1 2 0 5491 
2 2 0 5490 
3 2 5492 5493 
1 2 0 5494 
2 2 0 5490 
2 2 0 5491 
3 3 5495 5496 5497 
1 2 0 5498 
1 2 0 5499 
1 2 0 5500 
2 2 0 5499 
3 2 5501 5502 
1 2 0 5503 
2 2 0 5500 
3 2 5504 5505 
1 2 0 5506 
2 2 0 5503 
3 2 5507 5508 
1 2 0 5509 
1 2 0 5510 
2 2 0 5509 
3 2 5511 5512 
1 2 0 5513 
2 2 0 5509 
3 2 5514 5515 
1 2 0 5516 
1 2 0 5517 
2 2 0 5516 
3 2 5518 5519 
1 2 0 5520 
1 2 0 5521 
1 2 0 5522 
2 2 0 5521 
3 2 5523 5524 
1 2 0 5525 
4 1 0 
4 2 0 5364 
4 2 0 5365 
4 2 0 5368 
4 2 0 5372 
4 2 0 5377 
4 2 0 5381 
4 2 0 5382 
4 2 0 5385 
4 2 0 5386 
4 2 0 5389 
4 2 0 5390 
4 2 0 5391 
4 2 0 5392 
4 2 0 5395 
4 2 0 5399 
4 2 0 5402 
4 2 0 5405 
4 2 0 5408 
4 2 0 5411 
4 2 0 5412 
4 2 0 5415 
4 2 0 5419 
4 2 0 5422 
4 2 0 5425 
4 2 0 5429 
4 2 0 5430 
4 2 0 5431 
4 2 0 5434 
4 2 0 5435 
4 2 0 5436 
4 2 0 5437 
4 2 0 5440 
4 2 0 5441 
4 2 0 5442 
4 2 0 5445 
4 2 0 5446 
4 2 0 5449 
4 2 0 5453 
4 2 0 5456 
4 2 0 5459 
4 2 0 5460 
4 2 0 5463 
4 2 0 5466 
4 2 0 5467 
4 2 0 5468 
4 2 0 5471 
4 2 0 5474 
4 2 0 5477 
4 2 0 5478 
4 2 0 5479 
4 2 0 5482 
4 2 0 5483 
4 2 0 5486 
4 2 0 5487 
4 2 0 5490 
4 2 0 5491 
4 2 0 5494 
4 2 0 5498 
4 2 0 5499 
4 2 0 5500 
4 2 0 5503 
4 2 0 5506 
4 2 0 5509 
4 2 0 5510 
4 2 0 5513 
4 2 0 5516 
4 2 0 5517 
4 2 0 5520 
4 2 0 5521 
4 2 0 5522 
4 2 0 5525 
4 2 0 5526 
1 1 0 
1 2 0 5600 
2 1 0 
3 2 5601 5602 
1 2 0 5603 
1 2 0 5604 
1 2 0 5605 
2 2 0 5604 
3 2 5606 5607 
1 2 0 5608 
1 2 0 5609 
2 2 0 5608 
3 2 5610 5611 
1 2 0 5612 
1 2 0 5613 
1 2 0 5614 
1 2 0 5615 
2 2 0 5614 
3 2 5616 5617 
1 2 0 5618 
1 2 0 5619 
2 2 0 5618 
3 2 5620 5621 
1 2 0 5622 
2 2 0 5619 
3 2 5623 5624 
1 2 0 5625 
2 2 0 5622 
3 2 5626 5627 
1 2 0 5628 
1 2 0 5629 
2 2 0 5628 
3 2 5630 5631 
1 2 0 5632 
2 2 0 5628 
2 2 0 5629 
3 3 5633 5634 5635 
1 2 0 5636 
2 2 0 5632 
3 2 5637 5638 
1 2 0 5639 
2 2 0 5636 
3 2 5640 5641 
1 2 0 5642 
1 2 0 5643 
2 2 0 5642 
3 2 5644 5645 
1 2 0 5646 
1 2 0 5647 
2 2 0 5646 
3 2 5648 5649 
1 2 0 5650 
2 2 0 5647 
3 2 5651 5652 
1 2 0 5653 
2 2 0 5650 
3 2 5654 5655 
1 2 0 5656 
1 2 0 5657 
1 2 0 5658 
2 2 0 5657 
3 2 5659 5660 
1 2 0 5661 
4 1 0 
4 2 0 5600 
4 2 0 5603 
4 2 0 5604 
4 2 0 5605 
4 2 0 5608 
4 2 0 5609 
4 2 0 5612 
4 2 0 5613 
4 2 0 5614 
4 2 0 5615 
4 2 0 5618 
4 2 0 5619 
4 2 0 5622 
4 2 0 5625 
4 2 0 5628 
4 2 0 5629 
4 2 0 5632 
4 2 0 5636 
4 2 0 5639 
4 2 0 5642 
4 2 0 5643 
4 2 0 5646 
4 2 0 5647 
4 2 0 5650 
4 2 0 5653 
4 2 0 5656 
4 2 0 5657 
4 2 0 5658 
4 2 0 5661 
4 2 0 5662 
1 1 0 
1 2 0 5694 
2 1 0 
3 2 5695 5696 
1 2 0 5697 
1 2 0 5698 
1 2 0 5699 
2 2 0 5698 
3 2 5700 5701 
1 2 0 5702 
2 2 0 5699 
3 2 5703 5704 
1 2 0 5705 
2 2 0 5702 
3 2 5706 5707 
1 2 0 5708 
2 2 0 5702 
2 2 0 5705 
3 3 5709 5710 5711 
1 2 0 5712 
1 2 0 5713 
1 2 0 5714 
2 2 0 5713 
3 2 5715 5716 
1 2 0 5717 
2 2 0 5714 
3 2 5718 5719 
1 2 0 5720 
2 2 0 5717 
3 2 5721 5722 
1 2 0 5723 
1 2 0 5724 
1 2 0 5725 
1 2 0 5726 
1 2 0 5727 
2 2 0 5726 
3 2 5728 5729 
1 2 0 5730 
1 2 0 5731 
2 2 0 5730 
3 2 5732 5733 
1 2 0 5734 
1 2 0 5735 
2 2 0 5734 
3 2 5736 5737 
1 2 0 5738 
2 2 0 5735 
3 2 5739 5740 
1 2 0 5741 
2 2 0 5738 
3 2 5742 5743 
1 2 0 5744 
2 2 0 5738 
2 2 0 5741 
3 3 5745 5746 5747 
1 2 0 5748 
1 2 0 5749 
2 2 0 5748 
3 2 5750 5751 
1 2 0 5752 
2 2 0 5749 
3 2 5753 5754 
1 2 0 5755 
1 2 0 5756 
2 2 0 5755 
3 2 5757 5758 
1 2 0 5759 
1 2 0 5760 
2 2 0 5759 
3 2 5761 5762 
1 2 0 5763 
2 2 0 5759 
2 2 0 5760 
3 3 5764 5765 5766 
1 2 0 5767 
2 2 0 5763 
3 2 5768 5769 
1 2 0 5770 
2 2 0 5763 
2 2 0 5767 
3 3 5771 5772 5773 
1 2 0 5774 
1 2 0 5775 
1 2 0 5776 
2 2 0 5775 
3 2 5777 5778 
1 2 0 5779 
2 2 0 5776 
3 2 5780 5781 
1 2 0 5782 
2 2 0 5779 
3 2 5783 5784 
1 2 0 5785 
1 2 0 5786 
2 2 0 5785 
3 2 5787 5788 
1 2 0 5789 
2 2 0 5785 
2 2 0 5786 
3 3 5790 5791 5792 
1 2 0 5793 
1 2 0 5794 
1 2 0 5795 
2 2 0 5794 
3 2 5796 5797 
1 2 0 5798 
1 2 0 5799 
2 2 0 5798 
3 2 5800 5801 
1 2 0 5802 
1 2 0 5803 
1 2 0 5804 
1 2 0 5805 
2 2 0 5804 
3 2 5806 5807 
1 2 0 5808 
1 2 0 5809 
1 2 0 5810 
2 2 0 5809 
3 2 5811 5812 
1 2 0 5813 
2 2 0 5809 
2 2 0 5810 
3 3 5814 5815 5816 
1 2 0 5817 
2 2 0 5813 
3 2 5818 5819 
1 2 0 5820 
2 2 0 5817 
3 2 5821 5822 
1 2 0 5823 
2 2 0 5820 
3 2 5824 5825 
1 2 0 5826 
2 2 0 5823 
3 2 5827 5828 
1 2 0 5829 
2 2 0 5826 
3 2 5830 5831 
1 2 0 5832 
2 2 0 5829 
3 2 5833 5834 
1 2 0 5835 
1 2 0 5836 
1 2 0 5837 
2 2 0 5836 
3 2 5838 5839 
1 2 0 5840 
1 2 0 5841 
1 2 0 5842 
2 2 0 5841 
3 2 5843 5844 
1 2 0 5845 
1 2 0 5846 
2 2 0 5845 
3 2 5847 5848 
1 2 0 5849 
2 2 0 5845 
2 2 0 5846 
3 3 5850 5851 5852 
1 2 0 5853 
2 2 0 5849 
3 2 5854 5855 
1 2 0 5856 
2 2 0 5853 
3 2 5857 5858 
1 2 0 5859 
1 2 0 5860 
2 2 0 5859 
3 2 5861 5862 
1 2 0 5863 
1 2 0 5864 
1 2 0 5865 
2 2 0 5864 
3 2 5866 5867 
1 2 0 5868 
1 2 0 5869 
2 2 0 5868 
3 2 5870 5871 
1 2 0 5872 
1 2 0 5873 
2 2 0 5872 
3 2 5874 5875 
1 2 0 5876 
1 2 0 5877 
1 2 0 5878 
2 2 0 5877 
3 2 5879 5880 
1 2 0 5881 
4 1 0 
4 2 0 5694 
4 2 0 5697 
4 2 0 5698 
4 2 0 5699 
4 2 0 5702 
4 2 0 5705 
4 2 0 5708 
4 2 0 5712 
4 2 0 5713 
4 2 0 5714 
4 2 0 5717 
4 2 0 5720 
4 2 0 5723 
4 2 0 5724 
4 2 0 5725 
4 2 0 5726 
4 2 0 5727 
4 2 0 5730 
4 2 0 5731 
4 2 0 5734 
4 2 0 5735 
4 2 0 5738 
4 2 0 5741 
4 2 0 5744 
4 2 0 5748 
4 2 0 5749 
4 2 0 5752 
4 2 0 5755 
4 2 0 5756 
4 2 0 5759 
4 2 0 5760 
4 2 0 5763 
4 2 0 5767 
4 2 0 5770 
4 2 0 5774 
4 2 0 5775 
4 2 0 5776 
4 2 0 5779 
4 2 0 5782 
4 2 0 5785 
4 2 0 5786 
4 2 0 5789 
4 2 0 5793 
4 2 0 5794 
4 2 0 5795 
4 2 0 5798 
4 2 0 5799 
4 2 0 5802 
4 2 0 5803 
4 2 0 5804 
4 2 0 5805 
4 2 0 5808 
4 2 0 5809 
4 2 0 5810 
4 2 0 5813 
4 2 0 5817 
4 2 0 5820 
4 2 0 5823 
4 2 0 5826 
4 2 0 5829 
4 2 0 5832 
4 2 0 5835 
4 2 0 5836 
4 2 0 5837 
4 2 0 5840 
4 2 0 5841 
4 2 0 5842 
4 2 0 5845 
4 2 0 5846 
4 2 0 5849 
4 2 0 5853 
4 2 0 5856 
4 2 0 5859 
4 2 0 5860 
4 2 0 5863 
4 2 0 5864 
4 2 0 5865 
4 2 0 5868 
4 2 0 5869 
4 2 0 5872 
4 2 0 5873 
4 2 0 5876 
4 2 0 5877 
4 2 0 5878 
4 2 0 5881 
4 2 0 5882 
1 1 0 
1 2 0 5970 
2 1 0 
3 2 5971 5972 
1 2 0 5973 
1 2 0 5974 
1 2 0 5975 
2 2 0 5974 
3 2 5976 5977 
1 2 0 5978 
1 2 0 5979 
2 2 0 5978 
3 2 5980 5981 
1 2 0 5982 
2 2 0 5978 
2 2 0 5979 
3 3 5983 5984 5985 
1 2 0 5986 
2 2 0 5982 
3 2 5987 5988 
1 2 0 5989 
2 2 0 5986 
3 2 5990 5991 
1 2 0 5992 
1 2 0 5993 
2 2 0 5992 
3 2 5994 5995 
1 2 0 5996 
1 2 0 5997 
1 2 0 5998 
2 2 0 5997 
3 2 5999 6000 
1 2 0 6001 
1 2 0 6002 
1 2 0 6003 
1 2 0 6004 
2 2 0 6003 
3 2 6005 6006 
1 2 0 6007 
1 2 0 6008 
1 2 0 6009 
2 2 0 6008 
3 2 6010 6011 
1 2 0 6012 
2 2 0 6008 
2 2 0 6009 
3 3 6013 6014 6015 
1 2 0 6016 
1 2 0 6017 
1 2 0 6018 
1 2 0 6019 
1 2 0 6020 
1 2 0 6021 
1 2 0 6022 
1 2 0 6023 
2 2 0 6022 
3 2 6024 6025 
1 2 0 6026 
1 2 0 6027 
2 2 0 6026 
3 2 6028 6029 
1 2 0 6030 
1 2 0 6031 
2 2 0 6030 
3 2 6032 6033 
1 2 0 6034 
1 2 0 6035 
2 2 0 6034 
3 2 6036 6037 
1 2 0 6038 
1 2 0 6039 
2 2 0 6038 
3 2 6040 6041 
1 2 0 6042 
1 2 0 6043 
1 2 0 6044 
1 2 0 6045 
1 2 0 6046 
2 2 0 6045 
3 2 6047 6048 
1 2 0 6049 
4 1 0 
4 2 0 5970 
4 2 0 5973 
4 2 0 5974 
4 2 0 5975 
4 2 0 5978 
4 2 0 5979 
4 2 0 5982 
4 2 0 5986 
4 2 0 5989 
4 2 0 5992 
4 2 0 5993 
4 2 0 5996 
4 2 0 5997 
4 2 0 5998 
4 2 0 6001 
4 2 0 6002 
4 2 0 6003 
4 2 0 6004 
4 2 0 6007 
4 2 0 6008 
4 2 0 6009 
4 2 0 6012 
4 2 0 6016 
4 2 0 6017 
4 2 0 6018 
4 2 0 6019 
4 2 0 6020 
4 2 0 6021 
4 2 0 6022 
4 2 0 6023 
4 2 0 6026 
4 2 0 6027 
4 2 0 6030 
4 2 0 6031 
4 2 0 6034 
4 2 0 6035 
4 2 0 6038 
4 2 0 6039 
4 2 0 6042 
4 2 0 6043 
4 2 0 6044 
4 2 0 6045 
4 2 0 6046 
4 2 0 6049 
4 2 0 6050 
1 1 0 
1 2 0 6097 
2 1 0 
3 2 6098 6099 
1 2 0 6100 
1 2 0 6101 
1 2 0 6102 
2 2 0 6101 
3 2 6103 6104 
1 2 0 6105 
2 2 0 6102 
3 2 6106 6107 
1 2 0 6108 
2 2 0 6105 
3 2 6109 6110 
1 2 0 6111 
2 2 0 6105 
2 2 0 6108 
3 3 6112 6113 6114 
1 2 0 6115 
1 2 0 6116 
2 2 0 6115 
3 2 6117 6118 
1 2 0 6119 
1 2 0 6120 
1 2 0 6121 
1 2 0 6122 
2 2 0 6121 
3 2 6123 6124 
1 2 0 6125 
2 2 0 6121 
2 2 0 6122 
3 3 6126 6127 6128 
1 2 0 6129 
1 2 0 6130 
1 2 0 6131 
1 2 0 6132 
2 2 0 6131 
3 2 6133 6134 
1 2 0 6135 
1 2 0 6136 
1 2 0 6137 
1 2 0 6138 
1 2 0 6139 
2 2 0 6138 
3 2 6140 6141 
1 2 0 6142 
1 2 0 6143 
1 2 0 6144 
2 2 0 6143 
3 2 6145 6146 
1 2 0 6147 
1 2 0 6148 
1 2 0 6149 
2 2 0 6148 
3 2 6150 6151 
1 2 0 6152 
1 2 0 6153 
2 2 0 6152 
3 2 6154 6155 
1 2 0 6156 
1 2 0 6157 
1 2 0 6158 
2 2 0 6157 
3 2 6159 6160 
1 2 0 6161 
1 2 0 6162 
4 1 0 
4 2 0 6097 
4 2 0 6100 
4 2 0 6101 
4 2 0 6102 
4 2 0 6105 
4 2 0 6108 
4 2 0 6111 
4 2 0 6115 
4 2 0 6116 
4 2 0 6119 
4 2 0 6120 
4 2 0 6121 
4 2 0 6122 
4 2 0 6125 
4 2 0 6129 
4 2 0 6130 
4 2 0 6131 
4 2 0 6132 
4 2 0 6135 
4 2 0 6136 
4 2 0 6137 
4 2 0 6138 
4 2 0 6139 
4 2 0 6142 
4 2 0 6143 
4 2 0 6144 
4 2 0 6147 
4 2 0 6148 
4 2 0 6149 
4 2 0 6152 
4 2 0 6153 
4 2 0 6156 
4 2 0 6157 
4 2 0 6158 
4 2 0 6161 
4 2 0 6162 
4 2 0 6163 
1 1 0 
1 2 0 6202 
2 1 0 
3 2 6203 6204 
1 2 0 6205 
2 2 0 6202 
3 2 6206 6207 
1 2 0 6208 
2 2 0 6205 
3 2 6209 6210 
1 2 0 6211 
1 2 0 6212 
2 2 0 6211 
3 2 6213 6214 
1 2 0 6215 
2 2 0 6211 
2 2 0 6212 
3 3 6216 6217 6218 
1 2 0 6219 
2 2 0 6215 
3 2 6220 6221 
1 2 0 6222 
2 2 0 6219 
3 2 6223 6224 
1 2 0 6225 
1 2 0 6226 
2 2 0 6225 
3 2 6227 6228 
1 2 0 6229 
4 1 0 
4 2 0 6202 
4 2 0 6205 
4 2 0 6208 
4 2 0 6211 
4 2 0 6212 
4 2 0 6215 
4 2 0 6219 
4 2 0 6222 
4 2 0 6225 
4 2 0 6226 
4 2 0 6229 
4 2 0 6230 
1 1 0 
1 2 0 6244 
2 1 0 
3 2 6245 6246 
1 2 0 6247 
2 1 0 
2 2 0 6244 
3 3 6248 6249 6250 
1 2 0 6251 
2 2 0 6247 
3 2 6252 6253 
1 2 0 6254 
2 2 0 6251 
3 2 6255 6256 
1 2 0 6257 
1 2 0 6258 
2 2 0 6257 
3 2 6259 6260 
1 2 0 6261 
1 2 0 6262 
2 2 0 6261 
3 2 6263 6264 
1 2 0 6265 
4 1 0 
4 2 0 6244 
4 2 0 6247 
4 2 0 6251 
4 2 0 6254 
4 2 0 6257 
4 2 0 6258 
4 2 0 6261 
4 2 0 6262 
4 2 0 6265 
4 2 0 6266 
35 2072 129 130 131 132 133 134 135 136 137 138 139 140 141 142 143 144 145 146 147 148 149 150 151 152 153 154 155 156 157 158 159 160 161 162 163 164 165 166 167 168 169 170 171 172 173 174 175 176 177 178 179 180 181 182 183 184 200 201 202 203 204 205 206 207 208 260 261 262 263 264 265 266 267 268 269 270 271 272 273 274 275 276 277 278 279 280 281 282 283 284 348 349 350 351 352 353 354 355 356 357 358 359 360 361 362 363 364 365 366 367 368 369 370 371 372 373 374 375 376 377 428 429 430 431 432 433 434 435 436 437 438 439 440 441 442 443 444 445 446 447 448 449 450 451 660 661 662 663 664 665 666 667 668 669 670 671 672 673 674 675 676 677 678 679 680 681 682 683 684 685 686 687 688 689 690 691 692 693 694 695 696 697 698 699 700 701 702 703 704 705 706 707 708 709 710 711 712 713 714 715 716 717 718 719 720 721 722 723 724 725 726 727 728 729 730 731 732 733 734 735 736 737 738 739 740 741 742 743 744 745 746 747 748 749 750 751 752 753 814 815 816 817 818 819 820 821 822 823 824 825 826 827 828 829 830 831 832 833 834 835 836 837 838 839 840 841 842 843 844 885 886 887 888 889 890 891 892 893 894 895 896 897 898 899 900 901 902 903 904 905 958 959 960 961 962 963 964 965 966 967 968 969 970 971 972 973 974 975 976 977 978 979 980 981 982 983 984 985 986 987 988 1059 1060 1061 1062 1063 1064 1065 1066 1067 1068 1069 1070 1071 1072 1073 1074 1075 1076 1077 1078 1079 1080 1081 1082 1083 1084 1085 1086 1087 1088 1089 1090 1091 1092 1093 1094 1095 1170 1171 1172 1173 1174 1175 1176 1177 1178 1179 1180 1181 1182 1183 1184 1185 1186 1187 1188 1189 1190 1191 1192 1193 1194 1195 1196 1197 1198 1199 1200 1201 1202 1203 1204 1205 1206 1207 1208 1209 1210 1211 1265 1266 1267 1268 1269 1270 1271 1272 1273 1274 1275 1276 1277 1278 1279 1280 1281 1282 1283 1284 1285 1286 1287 1288 1289 1290 1291 1363 1364 1365 1366 1367 1368 1369 1370 1371 1372 1373 1374 1375 1376 1377 1378 1379 1380 1381 1382 1383 1384 1385 1386 1387 1388 1389 1390 1391 1392 1398 1399 1400 1401 1428 1429 1430 1431 1432 1433 1434 1435 1436 1437 1438 1439 1440 1441 1442 1467 1468 1469 1470 1471 1472 1473 1474 1475 1476 1477 1478 1484 1485 1486 1487 1514 1515 1516 1517 1518 1519 1520 1521 1522 1523 1524 1525 1526 1527 1528 1628 1629 1630 1631 1632 1633 1634 1635 1636 1637 1638 1639 1640 1641 1642 1643 1644 1645 1646 1647 1648 1649 1650 1651 1652 1653 1654 1655 1656 1657 1658 1659 1660 1661 1662 1663 1664 1665 1666 1667 1668 1669 1670 1671 1672 1673 1674 1675 1735 1736 1737 1738 1739 1740 1741 1742 1743 1744 1745 1746 1747 1748 1749 1750 1751 1752 1753 1754 1755 1756 1757 1758 1759 1760 1761 1762 1763 1764 1856 1857 1858 1859 1860 1861 1862 1863 1864 1865 1866 1867 1868 1869 1870 1871 1872 1873 1874 1875 1876 1877 1878 1879 1880 1881 1882 1883 1884 1885 1886 1887 1888 1889 1890 1891 1892 1893 1894 1895 1896 1897 1898 1899 1900 1901 1902 1903 1987 1988 1989 1990 1991 1992 1993 1994 1995 1996 1997 1998 1999 2000 2001 2002 2003 2004 2005 2006 2007 2008 2009 2010 2011 2012 2013 2014 2015 2016 2017 2018 2019 2020 2021 2022 2023 2024 2025 2026 2027 2028 2029 2063 2064 2065 2066 2067 2068 2069 2070 2071 2072 2073 2074 2075 2076 2077 2078 2079 2143 2144 2145 2146 2147 2148 2149 2150 2151 2152 2153 2154 2155 2156 2157 2158 2159 2160 2161 2162 2163 2164 2165 2166 2167 2168 2169 2170 2171 2172 2173 2198 2199 2200 2201 2202 2203 2204 2205 2206 2207 2208 2209 2210 2211 2212 2233 2234 2235 2236 2237 2238 2239 2240 2241 2242 2299 2300 2301 2302 2303 2304 2305 2306 2307 2308 2309 2310 2311 2312 2313 2314 2315 2316 2317 2318 2319 2320 2321 2322 2323 2324 2325 2326 2349 2350 2351 2352 2353 2354 2355 2356 2357 2358 2359 2360 2361 2429 2430 2431 2432 2433 2434 2435 2436 2437 2438 2439 2440 2441 2442 2443 2444 2445 2446 2447 2448 2449 2450 2451 2452 2453 2454 2455 2456 2457 2458 2459 2460 2461 2462 2463 2464 2566 2567 2568 2569 2570 2571 2572 2573 2574 2575 2576 2577 2578 2579 2580 2581 2582 2583 2584 2585 2586 2587 2588 2589 2590 2591 2592 2593 2594 2595 2596 2597 2598 2599 2600 2601 2602 2603 2604 2605 2606 2607 2608 2609 2610 2611 2612 2613 2614 2650 2651 2652 2653 2654 2655 2656 2657 2658 2659 2660 2661 2662 2663 2664 2665 2666 2667 2668 2781 2782 2783 2784 2785 2786 2787 2788 2789 2790 2791 2792 2793 2794 2795 2796 2797 2798 2799 2800 2801 2802 2803 2804 2805 2806 2807 2808 2809 2810 2811 2812 2813 2814 2815 2816 2817 2818 2819 2820 2821 2822 2823 2824 2825 2826 2827 2828 2829 2830 2831 2832 2833 2834 2835 2836 2837 2838 2839 2840 2841 2842 2874 2875 2876 2877 2878 2879 2880 2881 2882 2883 2884 2885 2886 2887 2946 2947 2948 2949 2950 2951 2952 2953 2954 2955 2956 2957 2958 2959 2960 2961 2962 2963 2964 2965 2966 2967 2968 2969 2970 2971 2994 2995 2996 2997 2998 2999 3000 3001 3002 3070 3071 3072 3073 3074 3075 3076 3077 3078 3079 3080 3081 3082 3083 3084 3085 3086 3087 3088 3089 3090 3091 3092 3093 3094 3095 3096 3097 3098 3099 3100 3101 3102 3103 3175 3176 3177 3178 3179 3180 3181 3182 3183 3184 3185 3186 3187 3188 3189 3190 3191 3192 3193 3194 3195 3196 3197 3198 3199 3200 3201 3202 3203 3204 3205 3206 3207 3208 3263 3264 3265 3266 3267 3268 3269 3270 3271 3272 3273 3274 3275 3276 3277 3278 3279 3280 3281 3282 3283 3284 3285 3286 3287 3288 3289 3290 3370 3371 3372 3373 3374 3375 3376 3377 3378 3379 3380 3381 3382 3383 3384 3385 3386 3387 3388 3389 3390 3391 3392 3393 3394 3395 3396 3397 3398 3399 3400 3401 3402 3403 3455 3456 3457 3458 3459 3460 3461 3462 3463 3464 3465 3466 3467 3468 3469 3470 3471 3472 3473 3474 3475 3476 3477 3531 3532 3533 3534 3535 3536 3537 3538 3539 3540 3541 3542 3543 3544 3545 3546 3547 3548 3549 3550 3551 3552 3553 3554 3555 3601 3602 3603 3604 3605 3606 3607 3608 3609 3610 3611 3612 3613 3614 3615 3616 3617 3618 3619 3620 3621 3676 3677 3678 3679 3680 3681 3682 3683 3684 3685 3686 3687 3688 3689 3690 3691 3692 3693 3694 3695 3696 3697 3698 3699 3722 3723 3724 3725 3726 3727 3728 3729 3730 3731 3732 3733 3734 3762 3763 3764 3765 3766 3767 3768 3769 3770 3771 3772 3773 3774 3850 3851 3852 3853 3854 3855 3856 3857 3858 3859 3860 3861 3862 3863 3864 3865 3866 3867 3868 3869 3870 3871 3872 3873 3874 3875 3876 3877 3878 3879 3880 3881 3882 3883 3884 3885 3886 3887 3888 3889 3890 3928 3929 3930 3931 3932 3933 3934 3935 3936 3937 3938 3939 3940 3941 3942 3943 3944 3945 3946 3947 3948 3949 4031 4032 4033 4034 4035 4036 4037 4038 4039 4040 4041 4042 4043 4044 4045 4046 4047 4048 4049 4050 4051 4052 4053 4054 4055 4056 4057 4058 4059 4060 4061 4062 4063 4064 4065 4066 4067 4068 4069 4070 4115 4116 4117 4118 4119 4120 4121 4122 4123 4124 4125 4126 4127 4128 4129 4130 4131 4132 4133 4134 4135 4136 4206 4207 4208 4209 4210 4211 4212 4213 4214 4215 4216 4217 4218 4219 4220 4221 4222 4223 4224 4225 4226 4227 4228 4229 4230 4231 4232 4233 4234 4235 4236 4237 4238 4239 4340 4341 4342 4343 4344 4345 4346 4347 4348 4349 4350 4351 4352 4353 4354 4355 4356 4357 4358 4359 4360 4361 4362 4363 4364 4365 4366 4367 4368 4369 4370 4371 4372 4373 4374 4375 4376 4377 4378 4379 4380 4421 4422 4423 4424 4425 4426 4427 4428 4429 4430 4431 4432 4433 4434 4435 4436 4437 4438 4492 4493 4494 4495 4496 4497 4498 4499 4500 4501 4502 4503 4504 4505 4506 4507 4508 4509 4510 4511 4512 4513 4514 4634 4635 4636 4637 4638 4639 4640 4641 4642 4643 4644 4645 4646 4647 4648 4649 4650 4651 4652 4653 4654 4655 4656 4657 4658 4659 4660 4661 4662 4663 4664 4665 4666 4667 4668 4669 4670 4671 4672 4673 4674 4675 4676 4677 4678 4679 4680 4681 4682 4683 4684 4685 4686 4687 4688 4689 4690 4691 4829 4830 4831 4832 4833 4834 4835 4836 4837 4838 4839 4840 4841 4842 4843 4844 4845 4846 4847 4848 4849 4850 4851 4852 4853 4854 4855 4856 4857 4858 4859 4860 4861 4862 4863 4864 4865 4866 4867 4868 4869 4870 4871 4872 4873 4874 4875 4876 4877 4878 4879 4880 4881 4882 4883 4884 4885 4886 4887 4888 4889 4890 4891 4892 4893 4894 4895 4896 4897 5084 5085 5086 5087 5088 5089 5090 5091 5092 5093 5094 5095 5096 5097 5098 5099 5100 5101 5102 5103 5104 5105 5106 5107 5108 5109 5110 5111 5112 5113 5114 5115 5116 5117 5118 5119 5120 5121 5122 5123 5124 5125 5126 5127 5128 5129 5130 5131 5132 5133 5134 5135 5136 5137 5138 5139 5140 5141 5142 5143 5144 5145 5146 5147 5148 5149 5150 5151 5152 5153 5154 5155 5156 5157 5158 5159 5160 5161 5162 5163 5164 5165 5166 5296 5297 5298 5299 5300 5301 5302 5303 5304 5305 5306 5307 5308 5309 5310 5311 5312 5313 5314 5315 5316 5317 5318 5319 5320 5321 5322 5323 5324 5325 5326 5327 5328 5329 5330 5331 5332 5333 5334 5335 5336 5337 5338 5339 5340 5341 5342 5343 5344 5345 5346 5347 5348 5349 5350 5351 5352 5353 5354 5355 5356 5357 5358 5359 5360 5361 5362 5363 5527 5528 5529 5530 5531 5532 5533 5534 5535 5536 5537 5538 5539 5540 5541 5542 5543 5544 5545 5546 5547 5548 5549 5550 5551 5552 5553 5554 5555 5556 5557 5558 5559 5560 5561 5562 5563 5564 5565 5566 5567 5568 5569 5570 5571 5572 5573 5574 5575 5576 5577 5578 5579 5580 5581 5582 5583 5584 5585 5586 5587 5588 5589 5590 5591 5592 5593 5594 5595 5596 5597 5598 5599 5663 5664 5665 5666 5667 5668 5669 5670 5671 5672 5673 5674 5675 5676 5677 5678 5679 5680 5681 5682 5683 5684 5685 5686 5687 5688 5689 5690 5691 5692 5693 5883 5884 5885 5886 5887 5888 5889 5890 5891 5892 5893 5894 5895 5896 5897 5898 5899 5900 5901 5902 5903 5904 5905 5906 5907 5908 5909 5910 5911 5912 5913 5914 5915 5916 5917 5918 5919 5920 5921 5922 5923 5924 5925 5926 5927 5928 5929 5930 5931 5932 5933 5934 5935 5936 5937 5938 5939 5940 5941 5942 5943 5944 5945 5946 5947 5948 5949 5950 5951 5952 5953 5954 5955 5956 5957 5958 5959 5960 5961 5962 5963 5964 5965 5966 5967 5968 5969 6051 6052 6053 6054 6055 6056 6057 6058 6059 6060 6061 6062 6063 6064 6065 6066 6067 6068 6069 6070 6071 6072 6073 6074 6075 6076 6077 6078 6079 6080 6081 6082 6083 6084 6085 6086 6087 6088 6089 6090 6091 6092 6093 6094 6095 6096 6164 6165 6166 6167 6168 6169 6170 6171 6172 6173 6174 6175 6176 6177 6178 6179 6180 6181 6182 6183 6184 6185 6186 6187 6188 6189 6190 6191 6192 6193 6194 6195 6196 6197 6198 6199 6200 6201 6231 6232 6233 6234 6235 6236 6237 6238 6239 6240 6241 6242 6243 6267 6268 6269 6270 6271 6272 6273 6274 6275 6276 6277 
