6649
0 0 
1 1 0 
1 2 0 1 
2 1 0 
3 2 2 3 
1 2 0 4 
1 2 0 5 
2 2 0 4 
3 2 6 7 
1 2 0 8 
2 2 0 5 
3 2 9 10 
1 2 0 11 
1 2 0 12 
1 2 0 13 
1 2 0 14 
1 2 0 15 
2 2 0 14 
3 2 16 17 
1 2 0 18 
1 2 0 19 
2 2 0 18 
3 2 20 21 
1 2 0 22 
1 2 0 23 
1 2 0 24 
2 2 0 23 
3 2 25 26 
1 2 0 27 
2 2 0 24 
3 2 28 29 
1 2 0 30 
1 2 0 31 
1 2 0 32 
2 2 0 31 
3 2 33 34 
1 2 0 35 
1 2 0 36 
1 2 0 37 
2 2 0 36 
3 2 38 39 
1 2 0 40 
1 2 0 41 
1 2 0 42 
1 2 0 43 
1 2 0 44 
1 2 0 45 
1 2 0 46 
2 2 0 45 
3 2 47 48 
1 2 0 49 
2 2 0 46 
3 2 50 51 
1 2 0 52 
2 2 0 46 
2 2 0 49 
3 3 53 54 55 
1 2 0 56 
1 2 0 57 
2 2 0 56 
3 2 58 59 
1 2 0 60 
1 2 0 61 
2 2 0 60 
3 2 62 63 
1 2 0 64 
1 2 0 65 
1 2 0 66 
2 2 0 65 
3 2 67 68 
1 2 0 69 
1 2 0 70 
2 2 0 69 
3 2 71 72 
1 2 0 73 
4 1 0 
4 2 0 1 
4 2 0 4 
4 2 0 5 
4 2 0 8 
4 2 0 11 
4 2 0 12 
4 2 0 13 
4 2 0 14 
4 2 0 15 
4 2 0 18 
4 2 0 19 
4 2 0 22 
4 2 0 23 
4 2 0 24 
4 2 0 27 
4 2 0 30 
4 2 0 31 
4 2 0 32 
4 2 0 35 
4 2 0 36 
4 2 0 37 
4 2 0 40 
4 2 0 41 
4 2 0 42 
4 2 0 43 
4 2 0 44 
4 2 0 45 
4 2 0 46 
4 2 0 49 
4 2 0 52 
4 2 0 56 
4 2 0 57 
4 2 0 60 
4 2 0 61 
4 2 0 64 
4 2 0 65 
4 2 0 66 
4 2 0 69 
4 2 0 70 
4 2 0 73 
4 2 0 74 
1 1 0 
1 2 0 117 
1 2 0 118 
2 2 0 117 
3 2 119 120 
1 2 0 121 
1 2 0 122 
2 2 0 121 
3 2 123 124 
1 2 0 125 
1 2 0 126 
2 2 0 125 
3 2 127 128 
1 2 0 129 
1 2 0 130 
2 2 0 129 
3 2 131 132 
1 2 0 133 
1 2 0 134 
2 2 0 133 
3 2 135 136 
1 2 0 137 
1 2 0 138 
1 2 0 139 
2 2 0 138 
3 2 140 141 
1 2 0 142 
1 2 0 143 
1 2 0 144 
2 2 0 143 
3 2 145 146 
1 2 0 147 
2 2 0 143 
2 2 0 144 
3 3 148 149 150 
1 2 0 151 
2 2 0 147 
3 2 152 153 
1 2 0 154 
2 2 0 151 
3 2 155 156 
1 2 0 157 
2 2 0 154 
3 2 158 159 
1 2 0 160 
1 2 0 161 
2 2 0 160 
3 2 162 163 
1 2 0 164 
1 2 0 165 
2 2 0 164 
3 2 166 167 
1 2 0 168 
4 1 0 
4 2 0 117 
4 2 0 118 
4 2 0 121 
4 2 0 122 
4 2 0 125 
4 2 0 126 
4 2 0 129 
4 2 0 130 
4 2 0 133 
4 2 0 134 
4 2 0 137 
4 2 0 138 
4 2 0 139 
4 2 0 142 
4 2 0 143 
4 2 0 144 
4 2 0 147 
4 2 0 151 
4 2 0 154 
4 2 0 157 
4 2 0 160 
4 2 0 161 
4 2 0 164 
4 2 0 165 
4 2 0 168 
4 2 0 169 
1 1 0 
1 2 0 197 
2 1 0 
3 2 198 199 
1 2 0 200 
1 2 0 201 
2 2 0 200 
3 2 202 203 
1 2 0 204 
1 2 0 205 
2 2 0 204 
3 2 206 207 
1 2 0 208 
2 2 0 204 
3 2 209 210 
1 2 0 211 
2 2 0 204 
2 2 0 208 
3 3 212 213 214 
1 2 0 215 
1 2 0 216 
2 2 0 215 
3 2 217 218 
1 2 0 219 
1 2 0 220 
2 2 0 219 
3 2 221 222 
1 2 0 223 
1 2 0 224 
2 2 0 223 
3 2 225 226 
1 2 0 227 
1 2 0 228 
2 2 0 227 
3 2 229 230 
1 2 0 231 
2 2 0 227 
2 2 0 228 
3 3 232 233 234 
1 2 0 235 
2 2 0 231 
3 2 236 237 
1 2 0 238 
2 2 0 235 
3 2 239 240 
1 2 0 241 
2 2 0 238 
3 2 242 243 
1 2 0 244 
2 2 0 241 
3 2 245 246 
1 2 0 247 
2 2 0 241 
3 2 248 249 
1 2 0 250 
2 2 0 241 
2 2 0 247 
3 3 251 252 253 
1 2 0 254 
2 2 0 241 
2 2 0 250 
3 3 255 256 257 
1 2 0 258 
2 2 0 254 
3 2 259 260 
1 2 0 261 
1 2 0 262 
1 2 0 263 
2 2 0 262 
3 2 264 265 
1 2 0 266 
4 1 0 
4 2 0 197 
4 2 0 200 
4 2 0 201 
4 2 0 204 
4 2 0 205 
4 2 0 208 
4 2 0 211 
4 2 0 215 
4 2 0 216 
4 2 0 219 
4 2 0 220 
4 2 0 223 
4 2 0 224 
4 2 0 227 
4 2 0 228 
4 2 0 231 
4 2 0 235 
4 2 0 238 
4 2 0 241 
4 2 0 244 
4 2 0 247 
4 2 0 250 
4 2 0 254 
4 2 0 258 
4 2 0 261 
4 2 0 262 
4 2 0 263 
4 2 0 266 
4 2 0 267 
1 1 0 
1 2 0 298 
2 1 0 
3 2 299 300 
1 2 0 301 
4 1 0 
4 2 0 298 
4 2 0 301 
4 2 0 302 
1 1 0 
1 2 0 307 
2 1 0 
3 2 308 309 
1 2 0 310 
2 2 0 307 
3 2 311 312 
1 2 0 313 
2 2 0 310 
3 2 314 315 
1 2 0 316 
1 2 0 317 
2 2 0 316 
3 2 318 319 
1 2 0 320 
1 2 0 321 
2 2 0 320 
3 2 322 323 
1 2 0 324 
2 2 0 321 
3 2 325 326 
1 2 0 327 
1 2 0 328 
1 2 0 329 
1 2 0 330 
1 2 0 331 
4 1 0 
4 2 0 307 
4 2 0 310 
4 2 0 313 
4 2 0 316 
4 2 0 317 
4 2 0 320 
4 2 0 321 
4 2 0 324 
4 2 0 327 
4 2 0 328 
4 2 0 329 
4 2 0 330 
4 2 0 331 
4 2 0 332 
1 1 0 
1 2 0 348 
2 1 0 
3 2 349 350 
1 2 0 351 
2 1 0 
2 2 0 348 
3 3 352 353 354 
1 2 0 355 
1 2 0 356 
2 2 0 355 
3 2 357 358 
1 2 0 359 
1 2 0 360 
2 2 0 359 
3 2 361 362 
1 2 0 363 
1 2 0 364 
2 2 0 363 
3 2 365 366 
1 2 0 367 
2 2 0 364 
3 2 368 369 
1 2 0 370 
4 1 0 
4 2 0 348 
4 2 0 351 
4 2 0 355 
4 2 0 356 
4 2 0 359 
4 2 0 360 
4 2 0 363 
4 2 0 364 
4 2 0 367 
4 2 0 370 
4 2 0 371 
1 1 0 
1 2 0 384 
2 1 0 
3 2 385 386 
1 2 0 387 
4 1 0 
4 2 0 384 
4 2 0 387 
4 2 0 388 
1 1 0 
1 2 0 393 
2 1 0 
3 2 394 395 
1 2 0 396 
2 2 0 393 
3 2 397 398 
1 2 0 399 
2 2 0 396 
3 2 400 401 
1 2 0 402 
1 2 0 403 
2 2 0 402 
3 2 404 405 
1 2 0 406 
1 2 0 407 
2 2 0 406 
3 2 408 409 
1 2 0 410 
2 2 0 407 
3 2 411 412 
1 2 0 413 
1 2 0 414 
1 2 0 415 
1 2 0 416 
1 2 0 417 
4 1 0 
4 2 0 393 
4 2 0 396 
4 2 0 399 
4 2 0 402 
4 2 0 403 
4 2 0 406 
4 2 0 407 
4 2 0 410 
4 2 0 413 
4 2 0 414 
4 2 0 415 
4 2 0 416 
4 2 0 417 
4 2 0 418 
1 1 0 
1 2 0 434 
2 1 0 
3 2 435 436 
1 2 0 437 
2 2 0 434 
3 2 438 439 
1 2 0 440 
2 2 0 437 
3 2 441 442 
1 2 0 443 
1 2 0 444 
2 2 0 443 
3 2 445 446 
1 2 0 447 
2 2 0 443 
2 2 0 444 
3 3 448 449 450 
1 2 0 451 
1 2 0 452 
2 2 0 451 
3 2 453 454 
1 2 0 455 
2 2 0 452 
3 2 456 457 
1 2 0 458 
2 2 0 455 
3 2 459 460 
1 2 0 461 
1 2 0 462 
2 2 0 461 
3 2 463 464 
1 2 0 465 
1 2 0 466 
2 2 0 465 
3 2 467 468 
1 2 0 469 
1 2 0 470 
1 2 0 471 
2 2 0 470 
3 2 472 473 
1 2 0 474 
1 2 0 475 
1 2 0 476 
2 2 0 475 
3 2 477 478 
1 2 0 479 
2 2 0 476 
3 2 480 481 
1 2 0 482 
2 2 0 479 
3 2 483 484 
1 2 0 485 
2 2 0 482 
3 2 486 487 
1 2 0 488 
2 2 0 482 
2 2 0 485 
3 3 489 490 491 
1 2 0 492 
1 2 0 493 
2 2 0 492 
3 2 494 495 
1 2 0 496 
1 2 0 497 
2 2 0 496 
3 2 498 499 
1 2 0 500 
1 2 0 501 
1 2 0 502 
2 2 0 501 
3 2 503 504 
1 2 0 505 
1 2 0 506 
2 2 0 505 
3 2 507 508 
1 2 0 509 
1 2 0 510 
1 2 0 511 
2 2 0 510 
3 2 512 513 
1 2 0 514 
2 2 0 511 
3 2 515 516 
1 2 0 517 
2 2 0 514 
3 2 518 519 
1 2 0 520 
1 2 0 521 
2 2 0 520 
3 2 522 523 
1 2 0 524 
1 2 0 525 
1 2 0 526 
1 2 0 527 
2 2 0 525 
3 2 528 529 
1 2 0 530 
1 2 0 531 
4 1 0 
4 2 0 434 
4 2 0 437 
4 2 0 440 
4 2 0 443 
4 2 0 444 
4 2 0 447 
4 2 0 451 
4 2 0 452 
4 2 0 455 
4 2 0 458 
4 2 0 461 
4 2 0 462 
4 2 0 465 
4 2 0 466 
4 2 0 469 
4 2 0 470 
4 2 0 471 
4 2 0 474 
4 2 0 475 
4 2 0 476 
4 2 0 479 
4 2 0 482 
4 2 0 485 
4 2 0 488 
4 2 0 492 
4 2 0 493 
4 2 0 496 
4 2 0 497 
4 2 0 500 
4 2 0 501 
4 2 0 502 
4 2 0 505 
4 2 0 506 
4 2 0 509 
4 2 0 510 
4 2 0 511 
4 2 0 514 
4 2 0 517 
4 2 0 520 
4 2 0 521 
4 2 0 524 
4 2 0 525 
4 2 0 526 
4 2 0 527 
4 2 0 530 
4 2 0 531 
4 2 0 532 
1 1 0 
1 2 0 581 
2 1 0 
3 2 582 583 
1 2 0 584 
1 2 0 585 
1 2 0 586 
1 2 0 587 
2 2 0 586 
3 2 588 589 
1 2 0 590 
2 2 0 587 
3 2 591 592 
1 2 0 593 
2 2 0 590 
3 2 594 595 
1 2 0 596 
1 2 0 597 
2 2 0 596 
3 2 598 599 
1 2 0 600 
2 2 0 597 
3 2 601 602 
1 2 0 603 
2 2 0 597 
2 2 0 600 
3 3 604 605 606 
1 2 0 607 
1 2 0 608 
1 2 0 609 
1 2 0 610 
2 2 0 609 
3 2 611 612 
1 2 0 613 
2 2 0 610 
3 2 614 615 
1 2 0 616 
1 2 0 617 
1 2 0 618 
2 2 0 617 
3 2 619 620 
1 2 0 621 
2 2 0 618 
3 2 622 623 
1 2 0 624 
2 2 0 618 
2 2 0 621 
3 3 625 626 627 
1 2 0 628 
1 2 0 629 
1 2 0 630 
2 2 0 629 
3 2 631 632 
1 2 0 633 
1 2 0 634 
2 2 0 633 
3 2 635 636 
1 2 0 637 
1 2 0 638 
4 1 0 
4 2 0 581 
4 2 0 584 
4 2 0 585 
4 2 0 586 
4 2 0 587 
4 2 0 590 
4 2 0 593 
4 2 0 596 
4 2 0 597 
4 2 0 600 
4 2 0 603 
4 2 0 607 
4 2 0 608 
4 2 0 609 
4 2 0 610 
4 2 0 613 
4 2 0 616 
4 2 0 617 
4 2 0 618 
4 2 0 621 
4 2 0 624 
4 2 0 628 
4 2 0 629 
4 2 0 630 
4 2 0 633 
4 2 0 634 
4 2 0 637 
4 2 0 638 
4 2 0 639 
1 1 0 
1 2 0 670 
1 2 0 671 
1 2 0 672 
1 2 0 673 
2 2 0 672 
3 2 674 675 
1 2 0 676 
1 2 0 677 
1 2 0 678 
2 2 0 677 
3 2 679 680 
1 2 0 681 
2 2 0 678 
3 2 682 683 
1 2 0 684 
2 2 0 681 
3 2 685 686 
1 2 0 687 
1 2 0 688 
2 2 0 687 
3 2 689 690 
1 2 0 691 
1 2 0 692 
2 2 0 691 
3 2 693 694 
1 2 0 695 
2 2 0 692 
3 2 696 697 
1 2 0 698 
1 2 0 699 
2 2 0 698 
3 2 700 701 
1 2 0 702 
1 2 0 703 
2 2 0 702 
3 2 704 705 
1 2 0 706 
1 2 0 707 
1 2 0 708 
2 2 0 707 
3 2 709 710 
1 2 0 711 
1 2 0 712 
2 2 0 711 
3 2 713 714 
1 2 0 715 
2 2 0 711 
3 2 716 717 
1 2 0 718 
2 2 0 715 
3 2 719 720 
1 2 0 721 
1 2 0 722 
1 2 0 723 
1 2 0 724 
2 2 0 723 
3 2 725 726 
1 2 0 727 
2 2 0 724 
3 2 728 729 
1 2 0 730 
1 2 0 731 
2 2 0 730 
3 2 732 733 
1 2 0 734 
1 2 0 735 
1 2 0 736 
2 2 0 735 
3 2 737 738 
1 2 0 739 
1 2 0 740 
2 2 0 739 
3 2 741 742 
1 2 0 743 
1 2 0 744 
1 2 0 745 
1 2 0 746 
1 2 0 747 
2 2 0 746 
3 2 748 749 
1 2 0 750 
2 2 0 747 
3 2 751 752 
1 2 0 753 
2 2 0 750 
3 2 754 755 
1 2 0 756 
2 2 0 753 
3 2 757 758 
1 2 0 759 
4 1 0 
4 2 0 670 
4 2 0 671 
4 2 0 672 
4 2 0 673 
4 2 0 676 
4 2 0 677 
4 2 0 678 
4 2 0 681 
4 2 0 684 
4 2 0 687 
4 2 0 688 
4 2 0 691 
4 2 0 692 
4 2 0 695 
4 2 0 698 
4 2 0 699 
4 2 0 702 
4 2 0 703 
4 2 0 706 
4 2 0 707 
4 2 0 708 
4 2 0 711 
4 2 0 712 
4 2 0 715 
4 2 0 718 
4 2 0 721 
4 2 0 722 
4 2 0 723 
4 2 0 724 
4 2 0 727 
4 2 0 730 
4 2 0 731 
4 2 0 734 
4 2 0 735 
4 2 0 736 
4 2 0 739 
4 2 0 740 
4 2 0 743 
4 2 0 744 
4 2 0 745 
4 2 0 746 
4 2 0 747 
4 2 0 750 
4 2 0 753 
4 2 0 756 
4 2 0 759 
4 2 0 760 
1 1 0 
1 2 0 809 
2 1 0 
3 2 810 811 
1 2 0 812 
2 2 0 809 
3 2 813 814 
1 2 0 815 
2 2 0 812 
3 2 816 817 
1 2 0 818 
2 2 0 815 
3 2 819 820 
1 2 0 821 
1 2 0 822 
1 2 0 823 
2 2 0 822 
3 2 824 825 
1 2 0 826 
2 2 0 822 
2 2 0 823 
3 3 827 828 829 
1 2 0 830 
2 2 0 826 
3 2 831 832 
1 2 0 833 
2 2 0 830 
3 2 834 835 
1 2 0 836 
2 2 0 833 
3 2 837 838 
1 2 0 839 
1 2 0 840 
1 2 0 841 
1 2 0 842 
2 2 0 841 
3 2 843 844 
1 2 0 845 
1 2 0 846 
1 2 0 847 
1 2 0 848 
2 2 0 847 
3 2 849 850 
1 2 0 851 
1 2 0 852 
1 2 0 853 
2 2 0 852 
3 2 854 855 
1 2 0 856 
1 2 0 857 
2 2 0 856 
3 2 858 859 
1 2 0 860 
1 2 0 861 
2 2 0 860 
3 2 862 863 
1 2 0 864 
1 2 0 865 
2 2 0 864 
3 2 866 867 
1 2 0 868 
1 2 0 869 
1 2 0 870 
2 2 0 869 
3 2 871 872 
1 2 0 873 
1 2 0 874 
2 2 0 873 
3 2 875 876 
1 2 0 877 
1 2 0 878 
1 2 0 879 
2 2 0 878 
3 2 880 881 
1 2 0 882 
2 2 0 879 
3 2 883 884 
1 2 0 885 
1 2 0 886 
2 2 0 885 
3 2 887 888 
1 2 0 889 
1 2 0 890 
4 1 0 
4 2 0 809 
4 2 0 812 
4 2 0 815 
4 2 0 818 
4 2 0 821 
4 2 0 822 
4 2 0 823 
4 2 0 826 
4 2 0 830 
4 2 0 833 
4 2 0 836 
4 2 0 839 
4 2 0 840 
4 2 0 841 
4 2 0 842 
4 2 0 845 
4 2 0 846 
4 2 0 847 
4 2 0 848 
4 2 0 851 
4 2 0 852 
4 2 0 853 
4 2 0 856 
4 2 0 857 
4 2 0 860 
4 2 0 861 
4 2 0 864 
4 2 0 865 
4 2 0 868 
4 2 0 869 
4 2 0 870 
4 2 0 873 
4 2 0 874 
4 2 0 877 
4 2 0 878 
4 2 0 879 
4 2 0 882 
4 2 0 885 
4 2 0 886 
4 2 0 889 
4 2 0 890 
4 2 0 891 
1 1 0 
1 2 0 935 
2 1 0 
3 2 936 937 
1 2 0 938 
1 2 0 939 
2 2 0 938 
3 2 940 941 
1 2 0 942 
1 2 0 943 
2 2 0 942 
3 2 944 945 
1 2 0 946 
1 2 0 947 
1 2 0 948 
2 2 0 947 
3 2 949 950 
1 2 0 951 
2 2 0 947 
2 2 0 948 
3 3 952 953 954 
1 2 0 955 
1 2 0 956 
1 2 0 957 
2 2 0 956 
3 2 958 959 
1 2 0 960 
2 2 0 957 
3 2 961 962 
1 2 0 963 
2 2 0 960 
3 2 964 965 
1 2 0 966 
4 1 0 
4 2 0 935 
4 2 0 938 
4 2 0 939 
4 2 0 942 
4 2 0 943 
4 2 0 946 
4 2 0 947 
4 2 0 948 
4 2 0 951 
4 2 0 955 
4 2 0 956 
4 2 0 957 
4 2 0 960 
4 2 0 963 
4 2 0 966 
4 2 0 967 
1 1 0 
1 2 0 985 
2 1 0 
3 2 986 987 
1 2 0 988 
2 2 0 985 
3 2 989 990 
1 2 0 991 
2 2 0 988 
3 2 992 993 
1 2 0 994 
1 2 0 995 
1 2 0 996 
1 2 0 997 
1 2 0 998 
2 2 0 997 
3 2 999 1000 
1 2 0 1001 
1 2 0 1002 
1 2 0 1003 
2 2 0 1002 
3 2 1004 1005 
1 2 0 1006 
2 2 0 1002 
2 2 0 1003 
3 3 1007 1008 1009 
1 2 0 1010 
2 2 0 1006 
3 2 1011 1012 
1 2 0 1013 
1 2 0 1014 
2 2 0 1013 
3 2 1015 1016 
1 2 0 1017 
1 2 0 1018 
2 2 0 1017 
3 2 1019 1020 
1 2 0 1021 
1 2 0 1022 
1 2 0 1023 
2 2 0 1022 
3 2 1024 1025 
1 2 0 1026 
2 2 0 1023 
3 2 1027 1028 
1 2 0 1029 
2 2 0 1026 
3 2 1030 1031 
1 2 0 1032 
1 2 0 1033 
1 2 0 1034 
2 2 0 1033 
3 2 1035 1036 
1 2 0 1037 
2 2 0 1034 
3 2 1038 1039 
1 2 0 1040 
2 2 0 1037 
3 2 1041 1042 
1 2 0 1043 
2 2 0 1040 
3 2 1044 1045 
1 2 0 1046 
4 1 0 
4 2 0 985 
4 2 0 988 
4 2 0 991 
4 2 0 994 
4 2 0 995 
4 2 0 996 
4 2 0 997 
4 2 0 998 
4 2 0 1001 
4 2 0 1002 
4 2 0 1003 
4 2 0 1006 
4 2 0 1010 
4 2 0 1013 
4 2 0 1014 
4 2 0 1017 
4 2 0 1018 
4 2 0 1021 
4 2 0 1022 
4 2 0 1023 
4 2 0 1026 
4 2 0 1029 
4 2 0 1032 
4 2 0 1033 
4 2 0 1034 
4 2 0 1037 
4 2 0 1040 
4 2 0 1043 
4 2 0 1046 
4 2 0 1047 
1 1 0 
1 2 0 1079 
2 1 0 
3 2 1080 1081 
1 2 0 1082 
2 2 0 1079 
3 2 1083 1084 
1 2 0 1085 
1 2 0 1086 
1 2 0 1087 
1 2 0 1088 
1 2 0 1089 
2 2 0 1088 
3 2 1090 1091 
1 2 0 1092 
1 2 0 1093 
2 2 0 1092 
3 2 1094 1095 
1 2 0 1096 
1 2 0 1097 
1 2 0 1098 
2 2 0 1097 
3 2 1099 1100 
1 2 0 1101 
4 1 0 
4 2 0 1079 
4 2 0 1082 
4 2 0 1085 
4 2 0 1086 
4 2 0 1087 
4 2 0 1088 
4 2 0 1089 
4 2 0 1092 
4 2 0 1093 
4 2 0 1096 
4 2 0 1097 
4 2 0 1098 
4 2 0 1101 
4 2 0 1102 
1 1 0 
1 2 0 1118 
2 1 0 
3 2 1119 1120 
1 2 0 1121 
2 1 0 
2 2 0 1118 
3 3 1122 1123 1124 
1 2 0 1125 
1 2 0 1126 
1 2 0 1127 
2 2 0 1126 
3 2 1128 1129 
1 2 0 1130 
2 2 0 1127 
3 2 1131 1132 
1 2 0 1133 
2 2 0 1130 
3 2 1134 1135 
1 2 0 1136 
4 1 0 
4 2 0 1118 
4 2 0 1121 
4 2 0 1125 
4 2 0 1126 
4 2 0 1127 
4 2 0 1130 
4 2 0 1133 
4 2 0 1136 
4 2 0 1137 
1 1 0 
1 2 0 1148 
2 1 0 
3 2 1149 1150 
1 2 0 1151 
1 2 0 1152 
2 2 0 1151 
3 2 1153 1154 
1 2 0 1155 
2 2 0 1152 
3 2 1156 1157 
1 2 0 1158 
2 2 0 1155 
3 2 1159 1160 
1 2 0 1161 
2 2 0 1158 
3 2 1162 1163 
1 2 0 1164 
1 2 0 1165 
2 2 0 1164 
3 2 1166 1167 
1 2 0 1168 
2 2 0 1164 
2 2 0 1165 
3 3 1169 1170 1171 
1 2 0 1172 
2 2 0 1168 
3 2 1173 1174 
1 2 0 1175 
1 2 0 1176 
2 2 0 1175 
3 2 1177 1178 
1 2 0 1179 
1 2 0 1180 
2 2 0 1179 
3 2 1181 1182 
1 2 0 1183 
1 2 0 1184 
1 2 0 1185 
2 2 0 1184 
3 2 1186 1187 
1 2 0 1188 
2 2 0 1185 
3 2 1189 1190 
1 2 0 1191 
2 2 0 1188 
3 2 1192 1193 
1 2 0 1194 
1 2 0 1195 
1 2 0 1196 
1 2 0 1197 
1 2 0 1198 
1 2 0 1199 
2 2 0 1198 
3 2 1200 1201 
1 2 0 1202 
4 1 0 
4 2 0 1148 
4 2 0 1151 
4 2 0 1152 
4 2 0 1155 
4 2 0 1158 
4 2 0 1161 
4 2 0 1164 
4 2 0 1165 
4 2 0 1168 
4 2 0 1172 
4 2 0 1175 
4 2 0 1176 
4 2 0 1179 
4 2 0 1180 
4 2 0 1183 
4 2 0 1184 
4 2 0 1185 
4 2 0 1188 
4 2 0 1191 
4 2 0 1194 
4 2 0 1195 
4 2 0 1196 
4 2 0 1197 
4 2 0 1198 
4 2 0 1199 
4 2 0 1202 
4 2 0 1203 
1 1 0 
1 2 0 1232 
2 1 0 
3 2 1233 1234 
1 2 0 1235 
1 2 0 1236 
2 2 0 1235 
3 2 1237 1238 
1 2 0 1239 
1 2 0 1240 
2 2 0 1239 
3 2 1241 1242 
1 2 0 1243 
1 2 0 1244 
2 2 0 1243 
3 2 1245 1246 
1 2 0 1247 
1 2 0 1248 
1 2 0 1249 
2 2 0 1248 
3 2 1250 1251 
1 2 0 1252 
4 1 0 
4 2 0 1232 
4 2 0 1235 
4 2 0 1236 
4 2 0 1239 
4 2 0 1240 
4 2 0 1243 
4 2 0 1244 
4 2 0 1247 
4 2 0 1248 
4 2 0 1249 
4 2 0 1252 
4 2 0 1253 
1 1 0 
1 2 0 1267 
2 1 0 
3 2 1268 1269 
1 2 0 1270 
1 2 0 1271 
2 2 0 1270 
3 2 1272 1273 
1 2 0 1274 
2 2 0 1271 
3 2 1275 1276 
1 2 0 1277 
1 2 0 1278 
2 2 0 1277 
3 2 1279 1280 
1 2 0 1281 
1 2 0 1282 
2 2 0 1281 
3 2 1283 1284 
1 2 0 1285 
1 2 0 1286 
2 2 0 1285 
3 2 1287 1288 
1 2 0 1289 
1 2 0 1290 
1 2 0 1291 
2 2 0 1290 
3 2 1292 1293 
1 2 0 1294 
1 2 0 1295 
1 2 0 1296 
2 2 0 1295 
3 2 1297 1298 
1 2 0 1299 
1 2 0 1300 
1 2 0 1301 
2 2 0 1300 
3 2 1302 1303 
1 2 0 1304 
1 2 0 1305 
2 2 0 1304 
3 2 1306 1307 
1 2 0 1308 
1 2 0 1309 
1 2 0 1310 
2 2 0 1309 
3 2 1311 1312 
1 2 0 1313 
1 2 0 1314 
2 2 0 1313 
3 2 1315 1316 
1 2 0 1317 
2 2 0 1314 
3 2 1318 1319 
1 2 0 1320 
2 2 0 1317 
3 2 1321 1322 
1 2 0 1323 
1 2 0 1324 
1 2 0 1325 
2 2 0 1324 
3 2 1326 1327 
1 2 0 1328 
1 2 0 1329 
2 2 0 1328 
3 2 1330 1331 
1 2 0 1332 
4 1 0 
4 2 0 1267 
4 2 0 1270 
4 2 0 1271 
4 2 0 1274 
4 2 0 1277 
4 2 0 1278 
4 2 0 1281 
4 2 0 1282 
4 2 0 1285 
4 2 0 1286 
4 2 0 1289 
4 2 0 1290 
4 2 0 1291 
4 2 0 1294 
4 2 0 1295 
4 2 0 1296 
4 2 0 1299 
4 2 0 1300 
4 2 0 1301 
4 2 0 1304 
4 2 0 1305 
4 2 0 1308 
4 2 0 1309 
4 2 0 1310 
4 2 0 1313 
4 2 0 1314 
4 2 0 1317 
4 2 0 1320 
4 2 0 1323 
4 2 0 1324 
4 2 0 1325 
4 2 0 1328 
4 2 0 1329 
4 2 0 1332 
4 2 0 1333 
1 1 0 
1 2 0 1370 
2 1 0 
3 2 1371 1372 
1 2 0 1373 
2 1 0 
2 2 0 1370 
3 3 1374 1375 1376 
1 2 0 1377 
2 2 0 1373 
3 2 1378 1379 
1 2 0 1380 
1 2 0 1381 
1 2 0 1382 
2 2 0 1381 
3 2 1383 1384 
1 2 0 1385 
2 2 0 1382 
3 2 1386 1387 
1 2 0 1388 
1 2 0 1389 
2 2 0 1388 
3 2 1390 1391 
1 2 0 1392 
2 2 0 1388 
3 2 1393 1394 
1 2 0 1395 
1 2 0 1396 
2 2 0 1395 
3 2 1397 1398 
1 2 0 1399 
1 2 0 1400 
1 2 0 1401 
2 2 0 1400 
3 2 1402 1403 
1 2 0 1404 
1 2 0 1405 
2 2 0 1404 
3 2 1406 1407 
1 2 0 1408 
1 2 0 1409 
1 2 0 1410 
2 2 0 1409 
3 2 1411 1412 
1 2 0 1413 
1 2 0 1414 
2 2 0 1413 
3 2 1415 1416 
1 2 0 1417 
2 2 0 1414 
3 2 1418 1419 
1 2 0 1420 
2 2 0 1417 
3 2 1421 1422 
1 2 0 1423 
1 2 0 1424 
2 2 0 1423 
3 2 1425 1426 
1 2 0 1427 
2 2 0 1424 
3 2 1428 1429 
1 2 0 1430 
2 2 0 1427 
3 2 1431 1432 
1 2 0 1433 
1 2 0 1434 
2 2 0 1433 
3 2 1435 1436 
1 2 0 1437 
1 2 0 1438 
1 2 0 1439 
1 2 0 1440 
2 2 0 1439 
3 2 1441 1442 
1 2 0 1443 
2 2 0 1440 
3 2 1444 1445 
1 2 0 1446 
2 2 0 1443 
3 2 1447 1448 
1 2 0 1449 
1 2 0 1450 
1 2 0 1451 
2 2 0 1450 
3 2 1452 1453 
1 2 0 1454 
1 2 0 1455 
2 2 0 1454 
3 2 1456 1457 
1 2 0 1458 
1 2 0 1459 
1 2 0 1460 
2 2 0 1459 
3 2 1461 1462 
1 2 0 1463 
2 2 0 1460 
3 2 1464 1465 
1 2 0 1466 
2 2 0 1463 
3 2 1467 1468 
1 2 0 1469 
4 1 0 
4 2 0 1370 
4 2 0 1373 
4 2 0 1377 
4 2 0 1380 
4 2 0 1381 
4 2 0 1382 
4 2 0 1385 
4 2 0 1388 
4 2 0 1389 
4 2 0 1392 
4 2 0 1395 
4 2 0 1396 
4 2 0 1399 
4 2 0 1400 
4 2 0 1401 
4 2 0 1404 
4 2 0 1405 
4 2 0 1408 
4 2 0 1409 
4 2 0 1410 
4 2 0 1413 
4 2 0 1414 
4 2 0 1417 
4 2 0 1420 
4 2 0 1423 
4 2 0 1424 
4 2 0 1427 
4 2 0 1430 
4 2 0 1433 
4 2 0 1434 
4 2 0 1437 
4 2 0 1438 
4 2 0 1439 
4 2 0 1440 
4 2 0 1443 
4 2 0 1446 
4 2 0 1449 
4 2 0 1450 
4 2 0 1451 
4 2 0 1454 
4 2 0 1455 
4 2 0 1458 
4 2 0 1459 
4 2 0 1460 
4 2 0 1463 
4 2 0 1466 
4 2 0 1469 
4 2 0 1470 
1 1 0 
1 2 0 1520 
2 1 0 
3 2 1521 1522 
1 2 0 1523 
1 2 0 1524 
1 2 0 1525 
1 2 0 1526 
2 2 0 1525 
3 2 1527 1528 
1 2 0 1529 
2 2 0 1526 
3 2 1530 1531 
1 2 0 1532 
1 2 0 1533 
1 2 0 1534 
2 2 0 1533 
3 2 1535 1536 
1 2 0 1537 
1 2 0 1538 
2 2 0 1537 
3 2 1539 1540 
1 2 0 1541 
2 2 0 1538 
3 2 1542 1543 
1 2 0 1544 
2 2 0 1541 
3 2 1545 1546 
1 2 0 1547 
1 2 0 1548 
1 2 0 1549 
2 2 0 1547 
2 2 0 1548 
3 3 1550 1551 1552 
1 2 0 1553 
4 1 0 
4 2 0 1520 
4 2 0 1523 
4 2 0 1524 
4 2 0 1525 
4 2 0 1526 
4 2 0 1529 
4 2 0 1532 
4 2 0 1533 
4 2 0 1534 
4 2 0 1537 
4 2 0 1538 
4 2 0 1541 
4 2 0 1544 
4 2 0 1547 
4 2 0 1548 
4 2 0 1549 
4 2 0 1553 
4 2 0 1554 
1 1 0 
1 2 0 1574 
1 2 0 1575 
1 2 0 1576 
1 2 0 1577 
1 2 0 1578 
2 2 0 1577 
3 2 1579 1580 
1 2 0 1581 
1 2 0 1582 
1 2 0 1583 
2 2 0 1582 
3 2 1584 1585 
1 2 0 1586 
1 2 0 1587 
1 2 0 1588 
2 2 0 1587 
3 2 1589 1590 
1 2 0 1591 
1 2 0 1592 
2 2 0 1591 
3 2 1593 1594 
1 2 0 1595 
1 2 0 1596 
2 2 0 1595 
3 2 1597 1598 
1 2 0 1599 
1 2 0 1600 
2 2 0 1599 
3 2 1601 1602 
1 2 0 1603 
1 2 0 1604 
2 2 0 1603 
3 2 1605 1606 
1 2 0 1607 
1 2 0 1608 
1 2 0 1609 
1 2 0 1610 
1 2 0 1611 
1 2 0 1612 
2 2 0 1611 
3 2 1613 1614 
1 2 0 1615 
1 2 0 1616 
2 2 0 1615 
3 2 1617 1618 
1 2 0 1619 
1 2 0 1620 
1 2 0 1621 
2 2 0 1620 
3 2 1622 1623 
1 2 0 1624 
1 2 0 1625 
2 2 0 1624 
3 2 1626 1627 
1 2 0 1628 
1 2 0 1629 
2 2 0 1628 
3 2 1630 1631 
1 2 0 1632 
1 2 0 1633 
2 2 0 1632 
3 2 1634 1635 
1 2 0 1636 
1 2 0 1637 
2 2 0 1636 
3 2 1638 1639 
1 2 0 1640 
1 2 0 1641 
2 2 0 1640 
3 2 1642 1643 
1 2 0 1644 
1 2 0 1645 
1 2 0 1646 
2 2 0 1645 
3 2 1647 1648 
1 2 0 1649 
1 2 0 1650 
1 2 0 1651 
1 2 0 1652 
2 2 0 1651 
3 2 1653 1654 
1 2 0 1655 
1 2 0 1656 
1 2 0 1657 
2 2 0 1656 
3 2 1658 1659 
1 2 0 1660 
1 2 0 1661 
2 2 0 1660 
3 2 1662 1663 
1 2 0 1664 
2 2 0 1661 
3 2 1665 1666 
1 2 0 1667 
1 2 0 1668 
2 2 0 1667 
3 2 1669 1670 
1 2 0 1671 
2 2 0 1667 
2 2 0 1668 
3 3 1672 1673 1674 
1 2 0 1675 
2 2 0 1671 
3 2 1676 1677 
1 2 0 1678 
2 2 0 1675 
3 2 1679 1680 
1 2 0 1681 
2 2 0 1678 
3 2 1682 1683 
1 2 0 1684 
4 1 0 
4 2 0 1574 
4 2 0 1575 
4 2 0 1576 
4 2 0 1577 
4 2 0 1578 
4 2 0 1581 
4 2 0 1582 
4 2 0 1583 
4 2 0 1586 
4 2 0 1587 
4 2 0 1588 
4 2 0 1591 
4 2 0 1592 
4 2 0 1595 
4 2 0 1596 
4 2 0 1599 
4 2 0 1600 
4 2 0 1603 
4 2 0 1604 
4 2 0 1607 
4 2 0 1608 
4 2 0 1609 
4 2 0 1610 
4 2 0 1611 
4 2 0 1612 
4 2 0 1615 
4 2 0 1616 
4 2 0 1619 
4 2 0 1620 
4 2 0 1621 
4 2 0 1624 
4 2 0 1625 
4 2 0 1628 
4 2 0 1629 
4 2 0 1632 
4 2 0 1633 
4 2 0 1636 
4 2 0 1637 
4 2 0 1640 
4 2 0 1641 
4 2 0 1644 
4 2 0 1645 
4 2 0 1646 
4 2 0 1649 
4 2 0 1650 
4 2 0 1651 
4 2 0 1652 
4 2 0 1655 
4 2 0 1656 
4 2 0 1657 
4 2 0 1660 
4 2 0 1661 
4 2 0 1664 
4 2 0 1667 
4 2 0 1668 
4 2 0 1671 
4 2 0 1675 
4 2 0 1678 
4 2 0 1681 
4 2 0 1684 
4 2 0 1685 
1 1 0 
1 2 0 1748 
2 1 0 
3 2 1749 1750 
1 2 0 1751 
1 2 0 1752 
2 2 0 1751 
3 2 1753 1754 
1 2 0 1755 
2 2 0 1751 
2 2 0 1752 
3 3 1756 1757 1758 
1 2 0 1759 
2 2 0 1755 
3 2 1760 1761 
1 2 0 1762 
2 2 0 1759 
3 2 1763 1764 
1 2 0 1765 
1 2 0 1766 
2 2 0 1765 
3 2 1767 1768 
1 2 0 1769 
1 2 0 1770 
2 2 0 1769 
3 2 1771 1772 
1 2 0 1773 
1 2 0 1774 
2 2 0 1769 
2 2 0 1770 
3 3 1775 1776 1777 
4 1 0 
4 2 0 1748 
4 2 0 1751 
4 2 0 1752 
4 2 0 1755 
4 2 0 1759 
4 2 0 1762 
4 2 0 1765 
4 2 0 1766 
4 2 0 1769 
4 2 0 1770 
4 2 0 1773 
4 2 0 1774 
4 2 0 1778 
1 1 0 
1 2 0 1793 
2 1 0 
3 2 1794 1795 
1 2 0 1796 
2 1 0 
2 2 0 1793 
3 3 1797 1798 1799 
1 2 0 1800 
2 2 0 1796 
3 2 1801 1802 
1 2 0 1803 
2 2 0 1800 
3 2 1804 1805 
1 2 0 1806 
1 2 0 1807 
2 2 0 1806 
3 2 1808 1809 
1 2 0 1810 
1 2 0 1811 
2 2 0 1810 
3 2 1812 1813 
1 2 0 1814 
1 2 0 1815 
2 2 0 1814 
3 2 1816 1817 
1 2 0 1818 
1 2 0 1819 
1 2 0 1820 
2 2 0 1819 
3 2 1821 1822 
1 2 0 1823 
1 2 0 1824 
2 2 0 1823 
3 2 1825 1826 
1 2 0 1827 
2 2 0 1823 
2 2 0 1824 
3 3 1828 1829 1830 
1 2 0 1831 
2 2 0 1827 
3 2 1832 1833 
1 2 0 1834 
2 2 0 1831 
3 2 1835 1836 
1 2 0 1837 
1 2 0 1838 
2 2 0 1837 
3 2 1839 1840 
1 2 0 1841 
1 2 0 1842 
2 2 0 1841 
3 2 1843 1844 
1 2 0 1845 
1 2 0 1846 
2 2 0 1841 
2 2 0 1842 
3 3 1847 1848 1849 
4 1 0 
4 2 0 1793 
4 2 0 1796 
4 2 0 1800 
4 2 0 1803 
4 2 0 1806 
4 2 0 1807 
4 2 0 1810 
4 2 0 1811 
4 2 0 1814 
4 2 0 1815 
4 2 0 1818 
4 2 0 1819 
4 2 0 1820 
4 2 0 1823 
4 2 0 1824 
4 2 0 1827 
4 2 0 1831 
4 2 0 1834 
4 2 0 1837 
4 2 0 1838 
4 2 0 1841 
4 2 0 1842 
4 2 0 1845 
4 2 0 1846 
4 2 0 1850 
1 1 0 
1 2 0 1877 
2 1 0 
3 2 1878 1879 
1 2 0 1880 
2 1 0 
2 2 0 1877 
3 3 1881 1882 1883 
1 2 0 1884 
2 2 0 1880 
3 2 1885 1886 
1 2 0 1887 
2 2 0 1880 
2 2 0 1884 
3 3 1888 1889 1890 
1 2 0 1891 
1 2 0 1892 
2 2 0 1891 
3 2 1893 1894 
1 2 0 1895 
2 2 0 1891 
3 2 1896 1897 
4 1 0 
4 2 0 1877 
4 2 0 1880 
4 2 0 1884 
4 2 0 1887 
4 2 0 1891 
4 2 0 1892 
4 2 0 1895 
4 2 0 1898 
1 1 0 
1 2 0 1908 
2 1 0 
3 2 1909 1910 
1 2 0 1911 
1 2 0 1912 
2 2 0 1911 
3 2 1913 1914 
1 2 0 1915 
2 2 0 1911 
2 2 0 1912 
3 3 1916 1917 1918 
1 2 0 1919 
2 2 0 1915 
3 2 1920 1921 
1 2 0 1922 
2 2 0 1919 
3 2 1923 1924 
1 2 0 1925 
1 2 0 1926 
2 2 0 1925 
3 2 1927 1928 
1 2 0 1929 
2 2 0 1926 
3 2 1930 1931 
1 2 0 1932 
2 2 0 1929 
3 2 1933 1934 
1 2 0 1935 
1 2 0 1936 
1 2 0 1937 
2 2 0 1936 
3 2 1938 1939 
1 2 0 1940 
1 2 0 1941 
1 2 0 1942 
2 2 0 1941 
3 2 1943 1944 
1 2 0 1945 
1 2 0 1946 
1 2 0 1947 
2 2 0 1946 
3 2 1948 1949 
1 2 0 1950 
1 2 0 1951 
1 2 0 1952 
1 2 0 1953 
2 2 0 1952 
3 2 1954 1955 
1 2 0 1956 
1 2 0 1957 
1 2 0 1958 
2 2 0 1957 
3 2 1959 1960 
1 2 0 1961 
1 2 0 1962 
2 2 0 1961 
3 2 1963 1964 
1 2 0 1965 
2 2 0 1962 
3 2 1966 1967 
1 2 0 1968 
1 2 0 1969 
2 2 0 1962 
2 2 0 1965 
3 3 1970 1971 1972 
1 2 0 1973 
4 1 0 
4 2 0 1908 
4 2 0 1911 
4 2 0 1912 
4 2 0 1915 
4 2 0 1919 
4 2 0 1922 
4 2 0 1925 
4 2 0 1926 
4 2 0 1929 
4 2 0 1932 
4 2 0 1935 
4 2 0 1936 
4 2 0 1937 
4 2 0 1940 
4 2 0 1941 
4 2 0 1942 
4 2 0 1945 
4 2 0 1946 
4 2 0 1947 
4 2 0 1950 
4 2 0 1951 
4 2 0 1952 
4 2 0 1953 
4 2 0 1956 
4 2 0 1957 
4 2 0 1958 
4 2 0 1961 
4 2 0 1962 
4 2 0 1965 
4 2 0 1968 
4 2 0 1969 
4 2 0 1973 
4 2 0 1974 
1 1 0 
1 2 0 2009 
2 1 0 
3 2 2010 2011 
1 2 0 2012 
1 2 0 2013 
1 2 0 2014 
2 2 0 2013 
3 2 2015 2016 
1 2 0 2017 
2 2 0 2014 
3 2 2018 2019 
1 2 0 2020 
2 2 0 2017 
3 2 2021 2022 
1 2 0 2023 
2 2 0 2020 
3 2 2024 2025 
1 2 0 2026 
2 2 0 2020 
2 2 0 2023 
3 3 2027 2028 2029 
1 2 0 2030 
2 2 0 2020 
2 2 0 2023 
3 3 2031 2032 2033 
1 2 0 2034 
1 2 0 2035 
2 2 0 2034 
3 2 2036 2037 
1 2 0 2038 
1 2 0 2039 
2 2 0 2038 
3 2 2040 2041 
1 2 0 2042 
2 2 0 2038 
2 2 0 2039 
3 3 2043 2044 2045 
1 2 0 2046 
2 2 0 2042 
3 2 2047 2048 
1 2 0 2049 
2 2 0 2046 
3 2 2050 2051 
1 2 0 2052 
2 2 0 2046 
2 2 0 2049 
3 3 2053 2054 2055 
1 2 0 2056 
1 2 0 2057 
1 2 0 2058 
2 2 0 2057 
3 2 2059 2060 
1 2 0 2061 
1 2 0 2062 
1 2 0 2063 
1 2 0 2064 
1 2 0 2065 
1 2 0 2066 
1 2 0 2067 
2 2 0 2066 
3 2 2068 2069 
1 2 0 2070 
2 2 0 2067 
3 2 2071 2072 
1 2 0 2073 
1 2 0 2074 
1 2 0 2075 
2 2 0 2074 
3 2 2076 2077 
1 2 0 2078 
4 1 0 
4 2 0 2009 
4 2 0 2012 
4 2 0 2013 
4 2 0 2014 
4 2 0 2017 
4 2 0 2020 
4 2 0 2023 
4 2 0 2026 
4 2 0 2030 
4 2 0 2034 
4 2 0 2035 
4 2 0 2038 
4 2 0 2039 
4 2 0 2042 
4 2 0 2046 
4 2 0 2049 
4 2 0 2052 
4 2 0 2056 
4 2 0 2057 
4 2 0 2058 
4 2 0 2061 
4 2 0 2062 
4 2 0 2063 
4 2 0 2064 
4 2 0 2065 
4 2 0 2066 
4 2 0 2067 
4 2 0 2070 
4 2 0 2073 
4 2 0 2074 
4 2 0 2075 
4 2 0 2078 
4 2 0 2079 
1 1 0 
1 2 0 2114 
2 1 0 
3 2 2115 2116 
1 2 0 2117 
2 1 0 
2 2 0 2114 
3 3 2118 2119 2120 
1 2 0 2121 
2 2 0 2117 
3 2 2122 2123 
1 2 0 2124 
2 2 0 2121 
3 2 2125 2126 
1 2 0 2127 
1 2 0 2128 
2 2 0 2127 
3 2 2129 2130 
1 2 0 2131 
1 2 0 2132 
2 2 0 2131 
3 2 2133 2134 
1 2 0 2135 
1 2 0 2136 
1 2 0 2137 
1 2 0 2138 
2 2 0 2137 
3 2 2139 2140 
1 2 0 2141 
1 2 0 2142 
1 2 0 2143 
1 2 0 2144 
1 2 0 2145 
2 2 0 2144 
3 2 2146 2147 
1 2 0 2148 
2 2 0 2145 
3 2 2149 2150 
1 2 0 2151 
2 2 0 2148 
3 2 2152 2153 
1 2 0 2154 
2 2 0 2151 
3 2 2155 2156 
1 2 0 2157 
1 2 0 2158 
1 2 0 2159 
2 2 0 2158 
3 2 2160 2161 
1 2 0 2162 
1 2 0 2163 
2 2 0 2162 
3 2 2164 2165 
1 2 0 2166 
4 1 0 
4 2 0 2114 
4 2 0 2117 
4 2 0 2121 
4 2 0 2124 
4 2 0 2127 
4 2 0 2128 
4 2 0 2131 
4 2 0 2132 
4 2 0 2135 
4 2 0 2136 
4 2 0 2137 
4 2 0 2138 
4 2 0 2141 
4 2 0 2142 
4 2 0 2143 
4 2 0 2144 
4 2 0 2145 
4 2 0 2148 
4 2 0 2151 
4 2 0 2154 
4 2 0 2157 
4 2 0 2158 
4 2 0 2159 
4 2 0 2162 
4 2 0 2163 
4 2 0 2166 
4 2 0 2167 
1 1 0 
1 2 0 2196 
2 1 0 
3 2 2197 2198 
1 2 0 2199 
2 1 0 
2 2 0 2196 
3 3 2200 2201 2202 
1 2 0 2203 
2 2 0 2199 
3 2 2204 2205 
1 2 0 2206 
2 2 0 2203 
3 2 2207 2208 
1 2 0 2209 
2 2 0 2206 
3 2 2210 2211 
1 2 0 2212 
2 2 0 2206 
3 2 2213 2214 
1 2 0 2215 
2 2 0 2212 
3 2 2216 2217 
1 2 0 2218 
2 2 0 2215 
3 2 2219 2220 
1 2 0 2221 
1 2 0 2222 
2 2 0 2221 
3 2 2223 2224 
1 2 0 2225 
1 2 0 2226 
1 2 0 2227 
2 2 0 2226 
3 2 2228 2229 
1 2 0 2230 
2 2 0 2227 
3 2 2231 2232 
1 2 0 2233 
2 2 0 2230 
3 2 2234 2235 
1 2 0 2236 
1 2 0 2237 
2 2 0 2236 
3 2 2238 2239 
1 2 0 2240 
2 2 0 2237 
3 2 2241 2242 
1 2 0 2243 
2 2 0 2240 
3 2 2244 2245 
1 2 0 2246 
1 2 0 2247 
2 2 0 2246 
3 2 2248 2249 
1 2 0 2250 
2 2 0 2247 
3 2 2251 2252 
1 2 0 2253 
2 2 0 2247 
2 2 0 2250 
3 3 2254 2255 2256 
1 2 0 2257 
1 2 0 2258 
1 2 0 2259 
2 2 0 2258 
3 2 2260 2261 
1 2 0 2262 
1 2 0 2263 
1 2 0 2264 
2 2 0 2263 
3 2 2265 2266 
1 2 0 2267 
2 2 0 2264 
3 2 2268 2269 
1 2 0 2270 
2 2 0 2267 
3 2 2271 2272 
1 2 0 2273 
4 1 0 
4 2 0 2196 
4 2 0 2199 
4 2 0 2203 
4 2 0 2206 
4 2 0 2209 
4 2 0 2212 
4 2 0 2215 
4 2 0 2218 
4 2 0 2221 
4 2 0 2222 
4 2 0 2225 
4 2 0 2226 
4 2 0 2227 
4 2 0 2230 
4 2 0 2233 
4 2 0 2236 
4 2 0 2237 
4 2 0 2240 
4 2 0 2243 
4 2 0 2246 
4 2 0 2247 
4 2 0 2250 
4 2 0 2253 
4 2 0 2257 
4 2 0 2258 
4 2 0 2259 
4 2 0 2262 
4 2 0 2263 
4 2 0 2264 
4 2 0 2267 
4 2 0 2270 
4 2 0 2273 
4 2 0 2274 
1 1 0 
1 2 0 2309 
2 1 0 
3 2 2310 2311 
1 2 0 2312 
1 2 0 2313 
2 2 0 2312 
3 2 2314 2315 
1 2 0 2316 
1 2 0 2317 
2 2 0 2316 
3 2 2318 2319 
1 2 0 2320 
1 2 0 2321 
2 2 0 2320 
3 2 2322 2323 
1 2 0 2324 
2 2 0 2320 
3 2 2325 2326 
1 2 0 2327 
2 2 0 2324 
3 2 2328 2329 
1 2 0 2330 
2 2 0 2327 
3 2 2331 2332 
1 2 0 2333 
2 2 0 2330 
3 2 2334 2335 
1 2 0 2336 
2 2 0 2333 
3 2 2337 2338 
1 2 0 2339 
1 2 0 2340 
1 2 0 2341 
2 2 0 2340 
3 2 2342 2343 
1 2 0 2344 
1 2 0 2345 
2 2 0 2344 
3 2 2346 2347 
1 2 0 2348 
2 2 0 2345 
3 2 2349 2350 
1 2 0 2351 
2 2 0 2348 
3 2 2352 2353 
1 2 0 2354 
2 2 0 2348 
2 2 0 2351 
3 3 2355 2356 2357 
1 2 0 2358 
4 1 0 
4 2 0 2309 
4 2 0 2312 
4 2 0 2313 
4 2 0 2316 
4 2 0 2317 
4 2 0 2320 
4 2 0 2321 
4 2 0 2324 
4 2 0 2327 
4 2 0 2330 
4 2 0 2333 
4 2 0 2336 
4 2 0 2339 
4 2 0 2340 
4 2 0 2341 
4 2 0 2344 
4 2 0 2345 
4 2 0 2348 
4 2 0 2351 
4 2 0 2354 
4 2 0 2358 
4 2 0 2359 
1 1 0 
1 2 0 2383 
2 1 0 
3 2 2384 2385 
1 2 0 2386 
1 2 0 2387 
2 2 0 2386 
3 2 2388 2389 
1 2 0 2390 
2 2 0 2386 
2 2 0 2387 
3 3 2391 2392 2393 
1 2 0 2394 
2 2 0 2390 
3 2 2395 2396 
1 2 0 2397 
2 2 0 2390 
2 2 0 2394 
3 3 2398 2399 2400 
1 2 0 2401 
1 2 0 2402 
1 2 0 2403 
1 2 0 2404 
2 2 0 2403 
3 2 2405 2406 
1 2 0 2407 
1 2 0 2408 
1 2 0 2409 
2 2 0 2408 
3 2 2410 2411 
1 2 0 2412 
2 2 0 2408 
2 2 0 2409 
3 3 2413 2414 2415 
1 2 0 2416 
2 2 0 2412 
3 2 2417 2418 
1 2 0 2419 
2 2 0 2416 
3 2 2420 2421 
1 2 0 2422 
1 2 0 2423 
2 2 0 2422 
3 2 2424 2425 
1 2 0 2426 
1 2 0 2427 
2 2 0 2426 
3 2 2428 2429 
1 2 0 2430 
1 2 0 2431 
2 2 0 2430 
3 2 2432 2433 
1 2 0 2434 
4 1 0 
4 2 0 2383 
4 2 0 2386 
4 2 0 2387 
4 2 0 2390 
4 2 0 2394 
4 2 0 2397 
4 2 0 2401 
4 2 0 2402 
4 2 0 2403 
4 2 0 2404 
4 2 0 2407 
4 2 0 2408 
4 2 0 2409 
4 2 0 2412 
4 2 0 2416 
4 2 0 2419 
4 2 0 2422 
4 2 0 2423 
4 2 0 2426 
4 2 0 2427 
4 2 0 2430 
4 2 0 2431 
4 2 0 2434 
4 2 0 2435 
1 1 0 
1 2 0 2461 
2 1 0 
3 2 2462 2463 
1 2 0 2464 
1 2 0 2465 
1 2 0 2466 
1 2 0 2467 
1 2 0 2468 
2 2 0 2467 
3 2 2469 2470 
1 2 0 2471 
2 2 0 2468 
3 2 2472 2473 
1 2 0 2474 
2 2 0 2471 
3 2 2475 2476 
1 2 0 2477 
2 2 0 2474 
3 2 2478 2479 
1 2 0 2480 
1 2 0 2481 
2 2 0 2480 
3 2 2482 2483 
1 2 0 2484 
1 2 0 2485 
2 2 0 2484 
3 2 2486 2487 
1 2 0 2488 
2 2 0 2484 
2 2 0 2485 
3 3 2489 2490 2491 
1 2 0 2492 
2 2 0 2488 
3 2 2493 2494 
1 2 0 2495 
2 2 0 2492 
3 2 2496 2497 
1 2 0 2498 
2 2 0 2495 
3 2 2499 2500 
1 2 0 2501 
2 2 0 2498 
3 2 2502 2503 
1 2 0 2504 
4 1 0 
4 2 0 2461 
4 2 0 2464 
4 2 0 2465 
4 2 0 2466 
4 2 0 2467 
4 2 0 2468 
4 2 0 2471 
4 2 0 2474 
4 2 0 2477 
4 2 0 2480 
4 2 0 2481 
4 2 0 2484 
4 2 0 2485 
4 2 0 2488 
4 2 0 2492 
4 2 0 2495 
4 2 0 2498 
4 2 0 2501 
4 2 0 2504 
4 2 0 2505 
1 1 0 
1 2 0 2527 
2 1 0 
3 2 2528 2529 
1 2 0 2530 
2 1 0 
2 2 0 2527 
3 3 2531 2532 2533 
1 2 0 2534 
1 2 0 2535 
1 2 0 2536 
2 2 0 2535 
3 2 2537 2538 
1 2 0 2539 
2 2 0 2535 
2 2 0 2536 
3 3 2540 2541 2542 
1 2 0 2543 
2 2 0 2539 
3 2 2544 2545 
1 2 0 2546 
2 2 0 2543 
3 2 2547 2548 
1 2 0 2549 
1 2 0 2550 
2 2 0 2549 
3 2 2551 2552 
1 2 0 2553 
2 2 0 2550 
3 2 2554 2555 
1 2 0 2556 
1 2 0 2557 
2 2 0 2556 
3 2 2558 2559 
1 2 0 2560 
2 2 0 2557 
3 2 2561 2562 
1 2 0 2563 
2 2 0 2556 
2 2 0 2560 
3 3 2564 2565 2566 
1 2 0 2567 
1 2 0 2568 
2 2 0 2567 
3 2 2569 2570 
1 2 0 2571 
1 2 0 2572 
2 2 0 2571 
3 2 2573 2574 
1 2 0 2575 
1 2 0 2576 
2 2 0 2575 
3 2 2577 2578 
1 2 0 2579 
4 1 0 
4 2 0 2527 
4 2 0 2530 
4 2 0 2534 
4 2 0 2535 
4 2 0 2536 
4 2 0 2539 
4 2 0 2543 
4 2 0 2546 
4 2 0 2549 
4 2 0 2550 
4 2 0 2553 
4 2 0 2556 
4 2 0 2557 
4 2 0 2560 
4 2 0 2563 
4 2 0 2567 
4 2 0 2568 
4 2 0 2571 
4 2 0 2572 
4 2 0 2575 
4 2 0 2576 
4 2 0 2579 
4 2 0 2580 
1 1 0 
1 2 0 2605 
2 1 0 
3 2 2606 2607 
1 2 0 2608 
1 2 0 2609 
2 2 0 2608 
3 2 2610 2611 
1 2 0 2612 
1 2 0 2613 
2 2 0 2612 
3 2 2614 2615 
1 2 0 2616 
1 2 0 2617 
1 2 0 2618 
2 2 0 2617 
3 2 2619 2620 
1 2 0 2621 
1 2 0 2622 
2 2 0 2621 
3 2 2623 2624 
1 2 0 2625 
4 1 0 
4 2 0 2605 
4 2 0 2608 
4 2 0 2609 
4 2 0 2612 
4 2 0 2613 
4 2 0 2616 
4 2 0 2617 
4 2 0 2618 
4 2 0 2621 
4 2 0 2622 
4 2 0 2625 
4 2 0 2626 
1 1 0 
1 2 0 2640 
2 1 0 
3 2 2641 2642 
1 2 0 2643 
2 1 0 
2 2 0 2640 
3 3 2644 2645 2646 
1 2 0 2647 
2 2 0 2643 
3 2 2648 2649 
1 2 0 2650 
2 2 0 2647 
3 2 2651 2652 
1 2 0 2653 
1 2 0 2654 
2 2 0 2653 
3 2 2655 2656 
1 2 0 2657 
1 2 0 2658 
2 2 0 2657 
3 2 2659 2660 
1 2 0 2661 
1 2 0 2662 
2 2 0 2661 
3 2 2663 2664 
1 2 0 2665 
4 1 0 
4 2 0 2640 
4 2 0 2643 
4 2 0 2647 
4 2 0 2650 
4 2 0 2653 
4 2 0 2654 
4 2 0 2657 
4 2 0 2658 
4 2 0 2661 
4 2 0 2662 
4 2 0 2665 
4 2 0 2666 
1 1 0 
1 2 0 2680 
2 1 0 
3 2 2681 2682 
1 2 0 2683 
1 2 0 2684 
2 2 0 2683 
3 2 2685 2686 
1 2 0 2687 
1 2 0 2688 
2 2 0 2687 
3 2 2689 2690 
1 2 0 2691 
1 2 0 2692 
1 2 0 2693 
2 2 0 2692 
3 2 2694 2695 
1 2 0 2696 
1 2 0 2697 
1 2 0 2698 
2 2 0 2697 
3 2 2699 2700 
1 2 0 2701 
1 2 0 2702 
2 2 0 2701 
3 2 2703 2704 
1 2 0 2705 
2 2 0 2702 
3 2 2706 2707 
1 2 0 2708 
2 2 0 2705 
3 2 2709 2710 
1 2 0 2711 
1 2 0 2712 
1 2 0 2713 
1 2 0 2714 
2 2 0 2713 
3 2 2715 2716 
1 2 0 2717 
1 2 0 2718 
1 2 0 2719 
2 2 0 2718 
3 2 2720 2721 
1 2 0 2722 
1 2 0 2723 
1 2 0 2724 
1 2 0 2725 
1 2 0 2726 
1 2 0 2727 
1 2 0 2728 
2 2 0 2727 
3 2 2729 2730 
1 2 0 2731 
1 2 0 2732 
2 2 0 2731 
3 2 2733 2734 
1 2 0 2735 
1 2 0 2736 
2 2 0 2735 
3 2 2737 2738 
1 2 0 2739 
2 2 0 2735 
2 2 0 2736 
3 3 2740 2741 2742 
1 2 0 2743 
2 2 0 2739 
3 2 2744 2745 
1 2 0 2746 
2 2 0 2743 
3 2 2747 2748 
1 2 0 2749 
1 2 0 2750 
2 2 0 2749 
3 2 2751 2752 
1 2 0 2753 
4 1 0 
4 2 0 2680 
4 2 0 2683 
4 2 0 2684 
4 2 0 2687 
4 2 0 2688 
4 2 0 2691 
4 2 0 2692 
4 2 0 2693 
4 2 0 2696 
4 2 0 2697 
4 2 0 2698 
4 2 0 2701 
4 2 0 2702 
4 2 0 2705 
4 2 0 2708 
4 2 0 2711 
4 2 0 2712 
4 2 0 2713 
4 2 0 2714 
4 2 0 2717 
4 2 0 2718 
4 2 0 2719 
4 2 0 2722 
4 2 0 2723 
4 2 0 2724 
4 2 0 2725 
4 2 0 2726 
4 2 0 2727 
4 2 0 2728 
4 2 0 2731 
4 2 0 2732 
4 2 0 2735 
4 2 0 2736 
4 2 0 2739 
4 2 0 2743 
4 2 0 2746 
4 2 0 2749 
4 2 0 2750 
4 2 0 2753 
4 2 0 2754 
1 1 0 
1 2 0 2796 
2 1 0 
3 2 2797 2798 
1 2 0 2799 
1 2 0 2800 
2 2 0 2799 
3 2 2801 2802 
1 2 0 2803 
1 2 0 2804 
1 2 0 2805 
1 2 0 2806 
1 2 0 2807 
1 2 0 2808 
2 2 0 2807 
3 2 2809 2810 
1 2 0 2811 
1 2 0 2812 
2 2 0 2811 
3 2 2813 2814 
1 2 0 2815 
1 2 0 2816 
1 2 0 2817 
2 2 0 2816 
3 2 2818 2819 
1 2 0 2820 
1 2 0 2821 
2 2 0 2820 
3 2 2822 2823 
1 2 0 2824 
2 2 0 2821 
3 2 2825 2826 
1 2 0 2827 
1 2 0 2828 
2 2 0 2827 
3 2 2829 2830 
1 2 0 2831 
4 1 0 
4 2 0 2796 
4 2 0 2799 
4 2 0 2800 
4 2 0 2803 
4 2 0 2804 
4 2 0 2805 
4 2 0 2806 
4 2 0 2807 
4 2 0 2808 
4 2 0 2811 
4 2 0 2812 
4 2 0 2815 
4 2 0 2816 
4 2 0 2817 
4 2 0 2820 
4 2 0 2821 
4 2 0 2824 
4 2 0 2827 
4 2 0 2828 
4 2 0 2831 
4 2 0 2832 
1 1 0 
1 2 0 2855 
2 1 0 
3 2 2856 2857 
1 2 0 2858 
2 2 0 2855 
3 2 2859 2860 
1 2 0 2861 
1 2 0 2862 
2 2 0 2861 
3 2 2863 2864 
1 2 0 2865 
1 2 0 2866 
1 2 0 2867 
2 2 0 2866 
3 2 2868 2869 
1 2 0 2870 
1 2 0 2871 
2 2 0 2870 
3 2 2872 2873 
1 2 0 2874 
1 2 0 2875 
2 2 0 2874 
3 2 2876 2877 
1 2 0 2878 
2 2 0 2874 
2 2 0 2875 
3 3 2879 2880 2881 
1 2 0 2882 
2 2 0 2878 
3 2 2883 2884 
1 2 0 2885 
1 2 0 2886 
1 2 0 2887 
2 2 0 2886 
3 2 2888 2889 
1 2 0 2890 
1 2 0 2891 
2 2 0 2890 
3 2 2892 2893 
1 2 0 2894 
1 2 0 2895 
1 2 0 2896 
2 2 0 2895 
3 2 2897 2898 
1 2 0 2899 
2 2 0 2895 
2 2 0 2896 
3 3 2900 2901 2902 
1 2 0 2903 
2 2 0 2899 
3 2 2904 2905 
1 2 0 2906 
2 2 0 2899 
2 2 0 2903 
3 3 2907 2908 2909 
1 2 0 2910 
1 2 0 2911 
1 2 0 2912 
2 2 0 2911 
3 2 2913 2914 
1 2 0 2915 
1 2 0 2916 
2 2 0 2915 
3 2 2917 2918 
1 2 0 2919 
2 2 0 2915 
2 2 0 2916 
3 3 2920 2921 2922 
1 2 0 2923 
1 2 0 2924 
1 2 0 2925 
1 2 0 2926 
2 2 0 2925 
3 2 2927 2928 
1 2 0 2929 
1 2 0 2930 
1 2 0 2931 
2 2 0 2930 
3 2 2932 2933 
1 2 0 2934 
4 1 0 
4 2 0 2855 
4 2 0 2858 
4 2 0 2861 
4 2 0 2862 
4 2 0 2865 
4 2 0 2866 
4 2 0 2867 
4 2 0 2870 
4 2 0 2871 
4 2 0 2874 
4 2 0 2875 
4 2 0 2878 
4 2 0 2882 
4 2 0 2885 
4 2 0 2886 
4 2 0 2887 
4 2 0 2890 
4 2 0 2891 
4 2 0 2894 
4 2 0 2895 
4 2 0 2896 
4 2 0 2899 
4 2 0 2903 
4 2 0 2906 
4 2 0 2910 
4 2 0 2911 
4 2 0 2912 
4 2 0 2915 
4 2 0 2916 
4 2 0 2919 
4 2 0 2923 
4 2 0 2924 
4 2 0 2925 
4 2 0 2926 
4 2 0 2929 
4 2 0 2930 
4 2 0 2931 
4 2 0 2934 
4 2 0 2935 
1 1 0 
1 2 0 2976 
2 1 0 
3 2 2977 2978 
1 2 0 2979 
2 1 0 
2 2 0 2976 
3 3 2980 2981 2982 
1 2 0 2983 
2 2 0 2979 
3 2 2984 2985 
1 2 0 2986 
2 2 0 2983 
3 2 2987 2988 
1 2 0 2989 
1 2 0 2990 
2 2 0 2989 
3 2 2991 2992 
1 2 0 2993 
1 2 0 2994 
1 2 0 2995 
1 2 0 2996 
1 2 0 2997 
2 2 0 2996 
3 2 2998 2999 
1 2 0 3000 
1 2 0 3001 
2 2 0 3000 
3 2 3002 3003 
1 2 0 3004 
2 2 0 3001 
3 2 3005 3006 
1 2 0 3007 
1 2 0 3008 
1 2 0 3009 
2 2 0 3008 
3 2 3010 3011 
1 2 0 3012 
2 2 0 3009 
3 2 3013 3014 
1 2 0 3015 
2 2 0 3012 
3 2 3016 3017 
1 2 0 3018 
4 1 0 
4 2 0 2976 
4 2 0 2979 
4 2 0 2983 
4 2 0 2986 
4 2 0 2989 
4 2 0 2990 
4 2 0 2993 
4 2 0 2994 
4 2 0 2995 
4 2 0 2996 
4 2 0 2997 
4 2 0 3000 
4 2 0 3001 
4 2 0 3004 
4 2 0 3007 
4 2 0 3008 
4 2 0 3009 
4 2 0 3012 
4 2 0 3015 
4 2 0 3018 
4 2 0 3019 
1 1 0 
1 2 0 3042 
2 1 0 
3 2 3043 3044 
1 2 0 3045 
2 1 0 
2 2 0 3042 
3 3 3046 3047 3048 
1 2 0 3049 
2 2 0 3045 
3 2 3050 3051 
1 2 0 3052 
2 2 0 3049 
3 2 3053 3054 
1 2 0 3055 
2 2 0 3049 
3 2 3056 3057 
1 2 0 3058 
2 2 0 3055 
3 2 3059 3060 
1 2 0 3061 
1 2 0 3062 
1 2 0 3063 
2 2 0 3062 
3 2 3064 3065 
1 2 0 3066 
1 2 0 3067 
1 2 0 3068 
2 2 0 3067 
3 2 3069 3070 
1 2 0 3071 
1 2 0 3072 
1 2 0 3073 
1 2 0 3074 
2 2 0 3073 
3 2 3075 3076 
1 2 0 3077 
2 2 0 3073 
2 2 0 3074 
3 3 3078 3079 3080 
1 2 0 3081 
2 2 0 3077 
3 2 3082 3083 
1 2 0 3084 
2 2 0 3081 
3 2 3085 3086 
1 2 0 3087 
1 2 0 3088 
2 2 0 3087 
3 2 3089 3090 
1 2 0 3091 
1 2 0 3092 
1 2 0 3093 
2 2 0 3092 
3 2 3094 3095 
1 2 0 3096 
1 2 0 3097 
2 2 0 3096 
3 2 3098 3099 
1 2 0 3100 
1 2 0 3101 
1 2 0 3102 
2 2 0 3101 
3 2 3103 3104 
1 2 0 3105 
1 2 0 3106 
2 2 0 3105 
3 2 3107 3108 
1 2 0 3109 
4 1 0 
4 2 0 3042 
4 2 0 3045 
4 2 0 3049 
4 2 0 3052 
4 2 0 3055 
4 2 0 3058 
4 2 0 3061 
4 2 0 3062 
4 2 0 3063 
4 2 0 3066 
4 2 0 3067 
4 2 0 3068 
4 2 0 3071 
4 2 0 3072 
4 2 0 3073 
4 2 0 3074 
4 2 0 3077 
4 2 0 3081 
4 2 0 3084 
4 2 0 3087 
4 2 0 3088 
4 2 0 3091 
4 2 0 3092 
4 2 0 3093 
4 2 0 3096 
4 2 0 3097 
4 2 0 3100 
4 2 0 3101 
4 2 0 3102 
4 2 0 3105 
4 2 0 3106 
4 2 0 3109 
4 2 0 3110 
1 1 0 
1 2 0 3145 
2 1 0 
3 2 3146 3147 
1 2 0 3148 
1 2 0 3149 
2 2 0 3148 
3 2 3150 3151 
1 2 0 3152 
2 2 0 3148 
2 2 0 3149 
3 3 3153 3154 3155 
1 2 0 3156 
2 2 0 3152 
3 2 3157 3158 
1 2 0 3159 
2 2 0 3156 
3 2 3160 3161 
1 2 0 3162 
1 2 0 3163 
2 2 0 3162 
3 2 3164 3165 
1 2 0 3166 
1 2 0 3167 
1 2 0 3168 
2 2 0 3167 
3 2 3169 3170 
1 2 0 3171 
2 2 0 3167 
2 2 0 3168 
3 3 3172 3173 3174 
1 2 0 3175 
2 2 0 3167 
2 2 0 3168 
2 2 0 3171 
3 4 3176 3177 3178 3179 
1 2 0 3180 
2 2 0 3171 
2 2 0 3175 
3 3 3181 3182 3183 
1 2 0 3184 
1 2 0 3185 
2 2 0 3184 
3 2 3186 3187 
1 2 0 3188 
1 2 0 3189 
1 2 0 3190 
2 2 0 3189 
3 2 3191 3192 
1 2 0 3193 
1 2 0 3194 
2 2 0 3193 
3 2 3195 3196 
1 2 0 3197 
2 2 0 3193 
2 2 0 3194 
3 3 3198 3199 3200 
1 2 0 3201 
2 2 0 3197 
3 2 3202 3203 
1 2 0 3204 
2 2 0 3201 
3 2 3205 3206 
1 2 0 3207 
1 2 0 3208 
2 2 0 3207 
3 2 3209 3210 
1 2 0 3211 
1 2 0 3212 
1 2 0 3213 
1 2 0 3214 
2 2 0 3213 
3 2 3215 3216 
1 2 0 3217 
2 2 0 3213 
2 2 0 3214 
3 3 3218 3219 3220 
1 2 0 3221 
2 2 0 3213 
2 2 0 3214 
2 2 0 3217 
3 4 3222 3223 3224 3225 
1 2 0 3226 
2 2 0 3217 
2 2 0 3221 
3 3 3227 3228 3229 
1 2 0 3230 
1 2 0 3231 
2 2 0 3230 
3 2 3232 3233 
1 2 0 3234 
2 2 0 3231 
3 2 3235 3236 
1 2 0 3237 
2 2 0 3234 
3 2 3238 3239 
1 2 0 3240 
2 2 0 3237 
3 2 3241 3242 
1 2 0 3243 
4 1 0 
4 2 0 3145 
4 2 0 3148 
4 2 0 3149 
4 2 0 3152 
4 2 0 3156 
4 2 0 3159 
4 2 0 3162 
4 2 0 3163 
4 2 0 3166 
4 2 0 3167 
4 2 0 3168 
4 2 0 3171 
4 2 0 3175 
4 2 0 3180 
4 2 0 3184 
4 2 0 3185 
4 2 0 3188 
4 2 0 3189 
4 2 0 3190 
4 2 0 3193 
4 2 0 3194 
4 2 0 3197 
4 2 0 3201 
4 2 0 3204 
4 2 0 3207 
4 2 0 3208 
4 2 0 3211 
4 2 0 3212 
4 2 0 3213 
4 2 0 3214 
4 2 0 3217 
4 2 0 3221 
4 2 0 3226 
4 2 0 3230 
4 2 0 3231 
4 2 0 3234 
4 2 0 3237 
4 2 0 3240 
4 2 0 3243 
4 2 0 3244 
1 1 0 
1 2 0 3286 
2 1 0 
3 2 3287 3288 
1 2 0 3289 
1 2 0 3290 
1 2 0 3291 
2 2 0 3290 
3 2 3292 3293 
1 2 0 3294 
2 2 0 3291 
3 2 3295 3296 
1 2 0 3297 
2 2 0 3294 
3 2 3298 3299 
1 2 0 3300 
1 2 0 3301 
2 2 0 3300 
3 2 3302 3303 
1 2 0 3304 
1 2 0 3305 
2 2 0 3304 
3 2 3306 3307 
1 2 0 3308 
2 2 0 3304 
2 2 0 3305 
3 3 3309 3310 3311 
1 2 0 3312 
2 2 0 3308 
3 2 3313 3314 
1 2 0 3315 
2 2 0 3312 
3 2 3316 3317 
1 2 0 3318 
2 2 0 3312 
3 2 3319 3320 
1 2 0 3321 
2 2 0 3318 
3 2 3322 3323 
1 2 0 3324 
4 1 0 
4 2 0 3286 
4 2 0 3289 
4 2 0 3290 
4 2 0 3291 
4 2 0 3294 
4 2 0 3297 
4 2 0 3300 
4 2 0 3301 
4 2 0 3304 
4 2 0 3305 
4 2 0 3308 
4 2 0 3312 
4 2 0 3315 
4 2 0 3318 
4 2 0 3321 
4 2 0 3324 
4 2 0 3325 
1 1 0 
1 2 0 3344 
2 1 0 
3 2 3345 3346 
1 2 0 3347 
1 2 0 3348 
2 2 0 3347 
3 2 3349 3350 
1 2 0 3351 
2 2 0 3347 
2 2 0 3348 
3 3 3352 3353 3354 
1 2 0 3355 
1 2 0 3356 
1 2 0 3357 
2 2 0 3356 
3 2 3358 3359 
1 2 0 3360 
2 2 0 3357 
3 2 3361 3362 
1 2 0 3363 
2 2 0 3360 
3 2 3364 3365 
1 2 0 3366 
1 2 0 3367 
2 2 0 3366 
3 2 3368 3369 
1 2 0 3370 
1 2 0 3371 
1 2 0 3372 
1 2 0 3373 
2 2 0 3372 
3 2 3374 3375 
1 2 0 3376 
2 2 0 3372 
2 2 0 3373 
3 3 3377 3378 3379 
1 2 0 3380 
2 2 0 3372 
2 2 0 3373 
2 2 0 3376 
3 4 3381 3382 3383 3384 
1 2 0 3385 
2 2 0 3376 
2 2 0 3380 
3 3 3386 3387 3388 
1 2 0 3389 
2 2 0 3385 
3 2 3390 3391 
1 2 0 3392 
2 2 0 3389 
3 2 3393 3394 
1 2 0 3395 
4 1 0 
4 2 0 3344 
4 2 0 3347 
4 2 0 3348 
4 2 0 3351 
4 2 0 3355 
4 2 0 3356 
4 2 0 3357 
4 2 0 3360 
4 2 0 3363 
4 2 0 3366 
4 2 0 3367 
4 2 0 3370 
4 2 0 3371 
4 2 0 3372 
4 2 0 3373 
4 2 0 3376 
4 2 0 3380 
4 2 0 3385 
4 2 0 3389 
4 2 0 3392 
4 2 0 3395 
4 2 0 3396 
1 1 0 
1 2 0 3420 
1 2 0 3421 
1 2 0 3422 
2 2 0 3421 
3 2 3423 3424 
1 2 0 3425 
1 2 0 3426 
1 2 0 3427 
2 2 0 3426 
3 2 3428 3429 
1 2 0 3430 
1 2 0 3431 
1 2 0 3432 
2 2 0 3431 
3 2 3433 3434 
1 2 0 3435 
1 2 0 3436 
1 2 0 3437 
2 2 0 3436 
3 2 3438 3439 
1 2 0 3440 
1 2 0 3441 
2 2 0 3440 
3 2 3442 3443 
1 2 0 3444 
2 2 0 3441 
3 2 3445 3446 
1 2 0 3447 
2 2 0 3441 
2 2 0 3444 
3 3 3448 3449 3450 
1 2 0 3451 
2 2 0 3447 
3 2 3452 3453 
1 2 0 3454 
1 2 0 3455 
2 2 0 3454 
3 2 3456 3457 
1 2 0 3458 
1 2 0 3459 
1 2 0 3460 
2 2 0 3459 
3 2 3461 3462 
1 2 0 3463 
2 2 0 3459 
2 2 0 3460 
3 3 3464 3465 3466 
1 2 0 3467 
2 2 0 3463 
3 2 3468 3469 
1 2 0 3470 
2 2 0 3467 
3 2 3471 3472 
1 2 0 3473 
1 2 0 3474 
2 2 0 3473 
3 2 3475 3476 
1 2 0 3477 
2 2 0 3474 
3 2 3478 3479 
1 2 0 3480 
2 2 0 3477 
3 2 3481 3482 
1 2 0 3483 
1 2 0 3484 
1 2 0 3485 
2 2 0 3484 
3 2 3486 3487 
1 2 0 3488 
2 2 0 3484 
2 2 0 3485 
3 3 3489 3490 3491 
1 2 0 3492 
2 2 0 3488 
3 2 3493 3494 
1 2 0 3495 
2 2 0 3492 
3 2 3496 3497 
1 2 0 3498 
1 2 0 3499 
2 2 0 3498 
3 2 3500 3501 
1 2 0 3502 
1 2 0 3503 
1 2 0 3504 
2 2 0 3503 
3 2 3505 3506 
1 2 0 3507 
2 2 0 3504 
3 2 3508 3509 
1 2 0 3510 
2 2 0 3507 
3 2 3511 3512 
1 2 0 3513 
1 2 0 3514 
2 2 0 3513 
3 2 3515 3516 
1 2 0 3517 
1 2 0 3518 
2 2 0 3517 
3 2 3519 3520 
1 2 0 3521 
1 2 0 3522 
1 2 0 3523 
2 2 0 3522 
3 2 3524 3525 
1 2 0 3526 
1 2 0 3527 
2 2 0 3523 
2 2 0 3526 
3 3 3528 3529 3530 
1 2 0 3531 
1 2 0 3532 
1 2 0 3533 
1 2 0 3534 
2 2 0 3533 
3 2 3535 3536 
1 2 0 3537 
4 1 0 
4 2 0 3420 
4 2 0 3421 
4 2 0 3422 
4 2 0 3425 
4 2 0 3426 
4 2 0 3427 
4 2 0 3430 
4 2 0 3431 
4 2 0 3432 
4 2 0 3435 
4 2 0 3436 
4 2 0 3437 
4 2 0 3440 
4 2 0 3441 
4 2 0 3444 
4 2 0 3447 
4 2 0 3451 
4 2 0 3454 
4 2 0 3455 
4 2 0 3458 
4 2 0 3459 
4 2 0 3460 
4 2 0 3463 
4 2 0 3467 
4 2 0 3470 
4 2 0 3473 
4 2 0 3474 
4 2 0 3477 
4 2 0 3480 
4 2 0 3483 
4 2 0 3484 
4 2 0 3485 
4 2 0 3488 
4 2 0 3492 
4 2 0 3495 
4 2 0 3498 
4 2 0 3499 
4 2 0 3502 
4 2 0 3503 
4 2 0 3504 
4 2 0 3507 
4 2 0 3510 
4 2 0 3513 
4 2 0 3514 
4 2 0 3517 
4 2 0 3518 
4 2 0 3521 
4 2 0 3522 
4 2 0 3523 
4 2 0 3526 
4 2 0 3527 
4 2 0 3531 
4 2 0 3532 
4 2 0 3533 
4 2 0 3534 
4 2 0 3537 
4 2 0 3538 
1 1 0 
1 2 0 3597 
2 1 0 
3 2 3598 3599 
1 2 0 3600 
1 2 0 3601 
1 2 0 3602 
2 2 0 3601 
3 2 3603 3604 
1 2 0 3605 
1 2 0 3606 
1 2 0 3607 
2 2 0 3606 
3 2 3608 3609 
1 2 0 3610 
1 2 0 3611 
1 2 0 3612 
1 2 0 3613 
2 2 0 3612 
3 2 3614 3615 
1 2 0 3616 
1 2 0 3617 
2 2 0 3616 
3 2 3618 3619 
1 2 0 3620 
2 2 0 3616 
2 2 0 3617 
3 3 3621 3622 3623 
1 2 0 3624 
2 2 0 3620 
3 2 3625 3626 
1 2 0 3627 
2 2 0 3624 
3 2 3628 3629 
1 2 0 3630 
2 2 0 3624 
2 2 0 3627 
3 3 3631 3632 3633 
1 2 0 3634 
1 2 0 3635 
1 2 0 3636 
2 2 0 3635 
3 2 3637 3638 
1 2 0 3639 
1 2 0 3640 
2 2 0 3639 
3 2 3641 3642 
1 2 0 3643 
2 2 0 3639 
2 2 0 3640 
3 3 3644 3645 3646 
1 2 0 3647 
1 2 0 3648 
1 2 0 3649 
1 2 0 3650 
2 2 0 3649 
3 2 3651 3652 
1 2 0 3653 
1 2 0 3654 
2 2 0 3653 
3 2 3655 3656 
1 2 0 3657 
2 2 0 3653 
2 2 0 3654 
3 3 3658 3659 3660 
1 2 0 3661 
1 2 0 3662 
1 2 0 3663 
1 2 0 3664 
2 2 0 3663 
3 2 3665 3666 
1 2 0 3667 
1 2 0 3668 
2 2 0 3667 
3 2 3669 3670 
1 2 0 3671 
1 2 0 3672 
2 2 0 3671 
3 2 3673 3674 
1 2 0 3675 
2 2 0 3671 
2 2 0 3672 
3 3 3676 3677 3678 
1 2 0 3679 
1 2 0 3680 
2 2 0 3679 
3 2 3681 3682 
1 2 0 3683 
1 2 0 3684 
1 2 0 3685 
2 2 0 3684 
3 2 3686 3687 
1 2 0 3688 
1 2 0 3689 
1 2 0 3690 
2 2 0 3689 
3 2 3691 3692 
1 2 0 3693 
1 2 0 3694 
1 2 0 3695 
1 2 0 3696 
2 2 0 3695 
3 2 3697 3698 
1 2 0 3699 
1 2 0 3700 
1 2 0 3701 
2 2 0 3700 
3 2 3702 3703 
1 2 0 3704 
2 2 0 3700 
2 2 0 3701 
3 3 3705 3706 3707 
1 2 0 3708 
1 2 0 3709 
1 2 0 3710 
1 2 0 3711 
2 2 0 3710 
3 2 3712 3713 
1 2 0 3714 
2 2 0 3710 
2 2 0 3711 
3 3 3715 3716 3717 
1 2 0 3718 
2 2 0 3714 
3 2 3719 3720 
1 2 0 3721 
2 2 0 3718 
3 2 3722 3723 
1 2 0 3724 
1 2 0 3725 
2 2 0 3724 
3 2 3726 3727 
1 2 0 3728 
1 2 0 3729 
2 2 0 3728 
3 2 3730 3731 
1 2 0 3732 
4 1 0 
4 2 0 3597 
4 2 0 3600 
4 2 0 3601 
4 2 0 3602 
4 2 0 3605 
4 2 0 3606 
4 2 0 3607 
4 2 0 3610 
4 2 0 3611 
4 2 0 3612 
4 2 0 3613 
4 2 0 3616 
4 2 0 3617 
4 2 0 3620 
4 2 0 3624 
4 2 0 3627 
4 2 0 3630 
4 2 0 3634 
4 2 0 3635 
4 2 0 3636 
4 2 0 3639 
4 2 0 3640 
4 2 0 3643 
4 2 0 3647 
4 2 0 3648 
4 2 0 3649 
4 2 0 3650 
4 2 0 3653 
4 2 0 3654 
4 2 0 3657 
4 2 0 3661 
4 2 0 3662 
4 2 0 3663 
4 2 0 3664 
4 2 0 3667 
4 2 0 3668 
4 2 0 3671 
4 2 0 3672 
4 2 0 3675 
4 2 0 3679 
4 2 0 3680 
4 2 0 3683 
4 2 0 3684 
4 2 0 3685 
4 2 0 3688 
4 2 0 3689 
4 2 0 3690 
4 2 0 3693 
4 2 0 3694 
4 2 0 3695 
4 2 0 3696 
4 2 0 3699 
4 2 0 3700 
4 2 0 3701 
4 2 0 3704 
4 2 0 3708 
4 2 0 3709 
4 2 0 3710 
4 2 0 3711 
4 2 0 3714 
4 2 0 3718 
4 2 0 3721 
4 2 0 3724 
4 2 0 3725 
4 2 0 3728 
4 2 0 3729 
4 2 0 3732 
4 2 0 3733 
1 1 0 
1 2 0 3803 
1 2 0 3804 
2 2 0 3803 
3 2 3805 3806 
1 2 0 3807 
2 2 0 3803 
2 2 0 3804 
3 3 3808 3809 3810 
1 2 0 3811 
2 2 0 3803 
2 2 0 3804 
2 2 0 3807 
3 4 3812 3813 3814 3815 
1 2 0 3816 
2 2 0 3807 
2 2 0 3811 
3 3 3817 3818 3819 
1 2 0 3820 
1 2 0 3821 
1 2 0 3822 
1 2 0 3823 
2 2 0 3822 
3 2 3824 3825 
1 2 0 3826 
1 2 0 3827 
2 2 0 3826 
3 2 3828 3829 
1 2 0 3830 
2 2 0 3826 
2 2 0 3827 
3 3 3831 3832 3833 
1 2 0 3834 
2 2 0 3830 
3 2 3835 3836 
1 2 0 3837 
2 2 0 3834 
3 2 3838 3839 
1 2 0 3840 
1 2 0 3841 
2 2 0 3840 
3 2 3842 3843 
1 2 0 3844 
1 2 0 3845 
2 2 0 3844 
3 2 3846 3847 
1 2 0 3848 
1 2 0 3849 
2 2 0 3848 
3 2 3850 3851 
1 2 0 3852 
2 2 0 3849 
3 2 3853 3854 
1 2 0 3855 
2 2 0 3852 
3 2 3856 3857 
1 2 0 3858 
1 2 0 3859 
2 2 0 3858 
3 2 3860 3861 
1 2 0 3862 
2 2 0 3858 
2 2 0 3859 
3 3 3863 3864 3865 
1 2 0 3866 
1 2 0 3867 
2 2 0 3866 
3 2 3868 3869 
1 2 0 3870 
2 2 0 3866 
2 2 0 3867 
3 3 3871 3872 3873 
1 2 0 3874 
1 2 0 3875 
1 2 0 3876 
1 2 0 3877 
1 2 0 3878 
2 2 0 3877 
3 2 3879 3880 
1 2 0 3881 
1 2 0 3882 
2 2 0 3881 
3 2 3883 3884 
1 2 0 3885 
2 2 0 3881 
2 2 0 3882 
3 3 3886 3887 3888 
1 2 0 3889 
2 2 0 3885 
3 2 3890 3891 
1 2 0 3892 
2 2 0 3889 
3 2 3893 3894 
1 2 0 3895 
2 2 0 3889 
3 2 3896 3897 
1 2 0 3898 
2 2 0 3895 
3 2 3899 3900 
1 2 0 3901 
1 2 0 3902 
1 2 0 3903 
2 2 0 3902 
3 2 3904 3905 
1 2 0 3906 
1 2 0 3907 
1 2 0 3908 
1 2 0 3909 
2 2 0 3908 
3 2 3910 3911 
1 2 0 3912 
1 2 0 3913 
2 2 0 3912 
3 2 3914 3915 
1 2 0 3916 
2 2 0 3913 
3 2 3917 3918 
1 2 0 3919 
1 2 0 3920 
2 2 0 3919 
3 2 3921 3922 
1 2 0 3923 
1 2 0 3924 
1 2 0 3925 
2 2 0 3924 
3 2 3926 3927 
1 2 0 3928 
2 2 0 3924 
2 2 0 3925 
3 3 3929 3930 3931 
1 2 0 3932 
2 2 0 3928 
3 2 3933 3934 
1 2 0 3935 
2 2 0 3932 
3 2 3936 3937 
1 2 0 3938 
2 2 0 3932 
3 2 3939 3940 
1 2 0 3941 
2 2 0 3938 
3 2 3942 3943 
1 2 0 3944 
1 2 0 3945 
2 2 0 3944 
3 2 3946 3947 
1 2 0 3948 
1 2 0 3949 
1 2 0 3950 
2 2 0 3949 
3 2 3951 3952 
1 2 0 3953 
1 2 0 3954 
1 2 0 3955 
1 2 0 3956 
2 2 0 3955 
3 2 3957 3958 
1 2 0 3959 
1 2 0 3960 
2 2 0 3959 
3 2 3961 3962 
1 2 0 3963 
2 2 0 3959 
2 2 0 3960 
3 3 3964 3965 3966 
1 2 0 3967 
1 2 0 3968 
2 2 0 3967 
3 2 3969 3970 
1 2 0 3971 
2 2 0 3967 
2 2 0 3968 
3 3 3972 3973 3974 
1 2 0 3975 
1 2 0 3976 
1 2 0 3977 
2 2 0 3976 
3 2 3978 3979 
1 2 0 3980 
2 2 0 3976 
2 2 0 3977 
3 3 3981 3982 3983 
1 2 0 3984 
2 2 0 3980 
3 2 3985 3986 
1 2 0 3987 
4 1 0 
4 2 0 3803 
4 2 0 3804 
4 2 0 3807 
4 2 0 3811 
4 2 0 3816 
4 2 0 3820 
4 2 0 3821 
4 2 0 3822 
4 2 0 3823 
4 2 0 3826 
4 2 0 3827 
4 2 0 3830 
4 2 0 3834 
4 2 0 3837 
4 2 0 3840 
4 2 0 3841 
4 2 0 3844 
4 2 0 3845 
4 2 0 3848 
4 2 0 3849 
4 2 0 3852 
4 2 0 3855 
4 2 0 3858 
4 2 0 3859 
4 2 0 3862 
4 2 0 3866 
4 2 0 3867 
4 2 0 3870 
4 2 0 3874 
4 2 0 3875 
4 2 0 3876 
4 2 0 3877 
4 2 0 3878 
4 2 0 3881 
4 2 0 3882 
4 2 0 3885 
4 2 0 3889 
4 2 0 3892 
4 2 0 3895 
4 2 0 3898 
4 2 0 3901 
4 2 0 3902 
4 2 0 3903 
4 2 0 3906 
4 2 0 3907 
4 2 0 3908 
4 2 0 3909 
4 2 0 3912 
4 2 0 3913 
4 2 0 3916 
4 2 0 3919 
4 2 0 3920 
4 2 0 3923 
4 2 0 3924 
4 2 0 3925 
4 2 0 3928 
4 2 0 3932 
4 2 0 3935 
4 2 0 3938 
4 2 0 3941 
4 2 0 3944 
4 2 0 3945 
4 2 0 3948 
4 2 0 3949 
4 2 0 3950 
4 2 0 3953 
4 2 0 3954 
4 2 0 3955 
4 2 0 3956 
4 2 0 3959 
4 2 0 3960 
4 2 0 3963 
4 2 0 3967 
4 2 0 3968 
4 2 0 3971 
4 2 0 3975 
4 2 0 3976 
4 2 0 3977 
4 2 0 3980 
4 2 0 3984 
4 2 0 3987 
4 2 0 3988 
1 1 0 
1 2 0 4072 
1 2 0 4073 
2 2 0 4072 
3 2 4074 4075 
1 2 0 4076 
1 2 0 4077 
1 2 0 4078 
2 2 0 4077 
3 2 4079 4080 
1 2 0 4081 
1 2 0 4082 
1 2 0 4083 
1 2 0 4084 
2 2 0 4083 
3 2 4085 4086 
1 2 0 4087 
1 2 0 4088 
2 2 0 4087 
3 2 4089 4090 
1 2 0 4091 
2 2 0 4087 
2 2 0 4088 
3 3 4092 4093 4094 
1 2 0 4095 
1 2 0 4096 
2 2 0 4095 
3 2 4097 4098 
1 2 0 4099 
1 2 0 4100 
1 2 0 4101 
2 2 0 4100 
3 2 4102 4103 
1 2 0 4104 
1 2 0 4105 
1 2 0 4106 
2 2 0 4105 
3 2 4107 4108 
1 2 0 4109 
2 2 0 4106 
3 2 4110 4111 
1 2 0 4112 
2 2 0 4109 
3 2 4113 4114 
1 2 0 4115 
1 2 0 4116 
1 2 0 4117 
2 2 0 4116 
3 2 4118 4119 
1 2 0 4120 
1 2 0 4121 
2 2 0 4120 
3 2 4122 4123 
1 2 0 4124 
1 2 0 4125 
1 2 0 4126 
2 2 0 4125 
3 2 4127 4128 
1 2 0 4129 
1 2 0 4130 
1 2 0 4131 
2 2 0 4130 
3 2 4132 4133 
1 2 0 4134 
1 2 0 4135 
1 2 0 4136 
1 2 0 4137 
1 2 0 4138 
1 2 0 4139 
2 2 0 4138 
3 2 4140 4141 
1 2 0 4142 
2 2 0 4139 
3 2 4143 4144 
1 2 0 4145 
1 2 0 4146 
2 2 0 4145 
3 2 4147 4148 
1 2 0 4149 
1 2 0 4150 
2 2 0 4149 
3 2 4151 4152 
1 2 0 4153 
2 2 0 4149 
2 2 0 4150 
3 3 4154 4155 4156 
1 2 0 4157 
1 2 0 4158 
1 2 0 4159 
2 2 0 4158 
3 2 4160 4161 
1 2 0 4162 
1 2 0 4163 
1 2 0 4164 
1 2 0 4165 
2 2 0 4164 
3 2 4166 4167 
1 2 0 4168 
1 2 0 4169 
2 2 0 4168 
3 2 4170 4171 
1 2 0 4172 
2 2 0 4168 
2 2 0 4169 
3 3 4173 4174 4175 
1 2 0 4176 
2 2 0 4172 
3 2 4177 4178 
1 2 0 4179 
2 2 0 4172 
2 2 0 4176 
3 3 4180 4181 4182 
1 2 0 4183 
1 2 0 4184 
1 2 0 4185 
2 2 0 4184 
3 2 4186 4187 
1 2 0 4188 
2 2 0 4185 
3 2 4189 4190 
1 2 0 4191 
2 2 0 4188 
3 2 4192 4193 
1 2 0 4194 
1 2 0 4195 
1 2 0 4196 
2 2 0 4195 
3 2 4197 4198 
1 2 0 4199 
4 1 0 
4 2 0 4072 
4 2 0 4073 
4 2 0 4076 
4 2 0 4077 
4 2 0 4078 
4 2 0 4081 
4 2 0 4082 
4 2 0 4083 
4 2 0 4084 
4 2 0 4087 
4 2 0 4088 
4 2 0 4091 
4 2 0 4095 
4 2 0 4096 
4 2 0 4099 
4 2 0 4100 
4 2 0 4101 
4 2 0 4104 
4 2 0 4105 
4 2 0 4106 
4 2 0 4109 
4 2 0 4112 
4 2 0 4115 
4 2 0 4116 
4 2 0 4117 
4 2 0 4120 
4 2 0 4121 
4 2 0 4124 
4 2 0 4125 
4 2 0 4126 
4 2 0 4129 
4 2 0 4130 
4 2 0 4131 
4 2 0 4134 
4 2 0 4135 
4 2 0 4136 
4 2 0 4137 
4 2 0 4138 
4 2 0 4139 
4 2 0 4142 
4 2 0 4145 
4 2 0 4146 
4 2 0 4149 
4 2 0 4150 
4 2 0 4153 
4 2 0 4157 
4 2 0 4158 
4 2 0 4159 
4 2 0 4162 
4 2 0 4163 
4 2 0 4164 
4 2 0 4165 
4 2 0 4168 
4 2 0 4169 
4 2 0 4172 
4 2 0 4176 
4 2 0 4179 
4 2 0 4183 
4 2 0 4184 
4 2 0 4185 
4 2 0 4188 
4 2 0 4191 
4 2 0 4194 
4 2 0 4195 
4 2 0 4196 
4 2 0 4199 
4 2 0 4200 
1 1 0 
1 2 0 4269 
1 2 0 4270 
2 2 0 4269 
3 2 4271 4272 
1 2 0 4273 
2 2 0 4269 
2 2 0 4270 
3 3 4274 4275 4276 
1 2 0 4277 
2 2 0 4269 
2 2 0 4270 
2 2 0 4273 
3 4 4278 4279 4280 4281 
1 2 0 4282 
2 2 0 4273 
2 2 0 4277 
3 3 4283 4284 4285 
1 2 0 4286 
1 2 0 4287 
2 2 0 4286 
3 2 4288 4289 
1 2 0 4290 
1 2 0 4291 
2 2 0 4290 
3 2 4292 4293 
1 2 0 4294 
1 2 0 4295 
1 2 0 4296 
1 2 0 4297 
2 2 0 4296 
3 2 4298 4299 
1 2 0 4300 
2 2 0 4296 
2 2 0 4297 
3 3 4301 4302 4303 
1 2 0 4304 
2 2 0 4300 
3 2 4305 4306 
1 2 0 4307 
2 2 0 4304 
3 2 4308 4309 
1 2 0 4310 
2 2 0 4307 
3 2 4311 4312 
1 2 0 4313 
2 2 0 4307 
3 2 4314 4315 
1 2 0 4316 
1 2 0 4317 
2 2 0 4316 
3 2 4318 4319 
1 2 0 4320 
2 2 0 4316 
2 2 0 4317 
3 3 4321 4322 4323 
1 2 0 4324 
2 2 0 4320 
3 2 4325 4326 
1 2 0 4327 
2 2 0 4324 
3 2 4328 4329 
1 2 0 4330 
2 2 0 4324 
2 2 0 4327 
3 3 4331 4332 4333 
1 2 0 4334 
1 2 0 4335 
1 2 0 4336 
2 2 0 4335 
3 2 4337 4338 
1 2 0 4339 
1 2 0 4340 
1 2 0 4341 
1 2 0 4342 
2 2 0 4341 
3 2 4343 4344 
1 2 0 4345 
1 2 0 4346 
1 2 0 4347 
2 2 0 4346 
3 2 4348 4349 
1 2 0 4350 
1 2 0 4351 
2 2 0 4350 
3 2 4352 4353 
1 2 0 4354 
2 2 0 4350 
2 2 0 4351 
3 3 4355 4356 4357 
1 2 0 4358 
2 2 0 4354 
3 2 4359 4360 
1 2 0 4361 
2 2 0 4358 
3 2 4362 4363 
1 2 0 4364 
1 2 0 4365 
2 2 0 4364 
3 2 4366 4367 
1 2 0 4368 
2 2 0 4364 
3 2 4369 4370 
1 2 0 4371 
1 2 0 4372 
1 2 0 4373 
2 2 0 4372 
3 2 4374 4375 
1 2 0 4376 
2 2 0 4373 
3 2 4377 4378 
1 2 0 4379 
2 2 0 4376 
3 2 4380 4381 
1 2 0 4382 
1 2 0 4383 
1 2 0 4384 
2 2 0 4383 
3 2 4385 4386 
1 2 0 4387 
1 2 0 4388 
2 2 0 4387 
3 2 4389 4390 
1 2 0 4391 
1 2 0 4392 
2 2 0 4391 
3 2 4393 4394 
1 2 0 4395 
1 2 0 4396 
2 2 0 4395 
3 2 4397 4398 
1 2 0 4399 
2 2 0 4395 
2 2 0 4396 
3 3 4400 4401 4402 
1 2 0 4403 
1 2 0 4404 
1 2 0 4405 
2 2 0 4404 
3 2 4406 4407 
1 2 0 4408 
2 2 0 4405 
3 2 4409 4410 
1 2 0 4411 
2 2 0 4408 
3 2 4412 4413 
1 2 0 4414 
1 2 0 4415 
2 2 0 4414 
3 2 4416 4417 
1 2 0 4418 
2 2 0 4414 
3 2 4419 4420 
1 2 0 4421 
1 2 0 4422 
2 2 0 4421 
3 2 4423 4424 
1 2 0 4425 
1 2 0 4426 
1 2 0 4427 
2 2 0 4426 
3 2 4428 4429 
1 2 0 4430 
4 1 0 
4 2 0 4269 
4 2 0 4270 
4 2 0 4273 
4 2 0 4277 
4 2 0 4282 
4 2 0 4286 
4 2 0 4287 
4 2 0 4290 
4 2 0 4291 
4 2 0 4294 
4 2 0 4295 
4 2 0 4296 
4 2 0 4297 
4 2 0 4300 
4 2 0 4304 
4 2 0 4307 
4 2 0 4310 
4 2 0 4313 
4 2 0 4316 
4 2 0 4317 
4 2 0 4320 
4 2 0 4324 
4 2 0 4327 
4 2 0 4330 
4 2 0 4334 
4 2 0 4335 
4 2 0 4336 
4 2 0 4339 
4 2 0 4340 
4 2 0 4341 
4 2 0 4342 
4 2 0 4345 
4 2 0 4346 
4 2 0 4347 
4 2 0 4350 
4 2 0 4351 
4 2 0 4354 
4 2 0 4358 
4 2 0 4361 
4 2 0 4364 
4 2 0 4365 
4 2 0 4368 
4 2 0 4371 
4 2 0 4372 
4 2 0 4373 
4 2 0 4376 
4 2 0 4379 
4 2 0 4382 
4 2 0 4383 
4 2 0 4384 
4 2 0 4387 
4 2 0 4388 
4 2 0 4391 
4 2 0 4392 
4 2 0 4395 
4 2 0 4396 
4 2 0 4399 
4 2 0 4403 
4 2 0 4404 
4 2 0 4405 
4 2 0 4408 
4 2 0 4411 
4 2 0 4414 
4 2 0 4415 
4 2 0 4418 
4 2 0 4421 
4 2 0 4422 
4 2 0 4425 
4 2 0 4426 
4 2 0 4427 
4 2 0 4430 
4 2 0 4431 
1 1 0 
1 2 0 4505 
2 1 0 
3 2 4506 4507 
1 2 0 4508 
1 2 0 4509 
1 2 0 4510 
2 2 0 4509 
3 2 4511 4512 
1 2 0 4513 
1 2 0 4514 
2 2 0 4513 
3 2 4515 4516 
1 2 0 4517 
1 2 0 4518 
1 2 0 4519 
1 2 0 4520 
2 2 0 4519 
3 2 4521 4522 
1 2 0 4523 
1 2 0 4524 
2 2 0 4523 
3 2 4525 4526 
1 2 0 4527 
2 2 0 4524 
3 2 4528 4529 
1 2 0 4530 
2 2 0 4527 
3 2 4531 4532 
1 2 0 4533 
1 2 0 4534 
2 2 0 4533 
3 2 4535 4536 
1 2 0 4537 
2 2 0 4533 
2 2 0 4534 
3 3 4538 4539 4540 
1 2 0 4541 
2 2 0 4537 
3 2 4542 4543 
1 2 0 4544 
2 2 0 4541 
3 2 4545 4546 
1 2 0 4547 
1 2 0 4548 
2 2 0 4547 
3 2 4549 4550 
1 2 0 4551 
1 2 0 4552 
2 2 0 4551 
3 2 4553 4554 
1 2 0 4555 
2 2 0 4552 
3 2 4556 4557 
1 2 0 4558 
2 2 0 4555 
3 2 4559 4560 
1 2 0 4561 
1 2 0 4562 
1 2 0 4563 
2 2 0 4562 
3 2 4564 4565 
1 2 0 4566 
4 1 0 
4 2 0 4505 
4 2 0 4508 
4 2 0 4509 
4 2 0 4510 
4 2 0 4513 
4 2 0 4514 
4 2 0 4517 
4 2 0 4518 
4 2 0 4519 
4 2 0 4520 
4 2 0 4523 
4 2 0 4524 
4 2 0 4527 
4 2 0 4530 
4 2 0 4533 
4 2 0 4534 
4 2 0 4537 
4 2 0 4541 
4 2 0 4544 
4 2 0 4547 
4 2 0 4548 
4 2 0 4551 
4 2 0 4552 
4 2 0 4555 
4 2 0 4558 
4 2 0 4561 
4 2 0 4562 
4 2 0 4563 
4 2 0 4566 
4 2 0 4567 
1 1 0 
1 2 0 4599 
2 1 0 
3 2 4600 4601 
1 2 0 4602 
1 2 0 4603 
1 2 0 4604 
2 2 0 4603 
3 2 4605 4606 
1 2 0 4607 
2 2 0 4604 
3 2 4608 4609 
1 2 0 4610 
2 2 0 4607 
3 2 4611 4612 
1 2 0 4613 
2 2 0 4607 
2 2 0 4610 
3 3 4614 4615 4616 
1 2 0 4617 
1 2 0 4618 
1 2 0 4619 
2 2 0 4618 
3 2 4620 4621 
1 2 0 4622 
2 2 0 4619 
3 2 4623 4624 
1 2 0 4625 
2 2 0 4622 
3 2 4626 4627 
1 2 0 4628 
1 2 0 4629 
1 2 0 4630 
1 2 0 4631 
1 2 0 4632 
2 2 0 4631 
3 2 4633 4634 
1 2 0 4635 
1 2 0 4636 
2 2 0 4635 
3 2 4637 4638 
1 2 0 4639 
1 2 0 4640 
2 2 0 4639 
3 2 4641 4642 
1 2 0 4643 
2 2 0 4640 
3 2 4644 4645 
1 2 0 4646 
2 2 0 4643 
3 2 4647 4648 
1 2 0 4649 
2 2 0 4643 
2 2 0 4646 
3 3 4650 4651 4652 
1 2 0 4653 
1 2 0 4654 
2 2 0 4653 
3 2 4655 4656 
1 2 0 4657 
2 2 0 4654 
3 2 4658 4659 
1 2 0 4660 
1 2 0 4661 
2 2 0 4660 
3 2 4662 4663 
1 2 0 4664 
1 2 0 4665 
2 2 0 4664 
3 2 4666 4667 
1 2 0 4668 
2 2 0 4664 
2 2 0 4665 
3 3 4669 4670 4671 
1 2 0 4672 
2 2 0 4668 
3 2 4673 4674 
1 2 0 4675 
2 2 0 4668 
2 2 0 4672 
3 3 4676 4677 4678 
1 2 0 4679 
1 2 0 4680 
1 2 0 4681 
2 2 0 4680 
3 2 4682 4683 
1 2 0 4684 
2 2 0 4681 
3 2 4685 4686 
1 2 0 4687 
2 2 0 4684 
3 2 4688 4689 
1 2 0 4690 
1 2 0 4691 
2 2 0 4690 
3 2 4692 4693 
1 2 0 4694 
2 2 0 4690 
2 2 0 4691 
3 3 4695 4696 4697 
1 2 0 4698 
1 2 0 4699 
1 2 0 4700 
2 2 0 4699 
3 2 4701 4702 
1 2 0 4703 
1 2 0 4704 
2 2 0 4703 
3 2 4705 4706 
1 2 0 4707 
1 2 0 4708 
1 2 0 4709 
1 2 0 4710 
2 2 0 4709 
3 2 4711 4712 
1 2 0 4713 
1 2 0 4714 
1 2 0 4715 
2 2 0 4714 
3 2 4716 4717 
1 2 0 4718 
2 2 0 4714 
2 2 0 4715 
3 3 4719 4720 4721 
1 2 0 4722 
2 2 0 4718 
3 2 4723 4724 
1 2 0 4725 
2 2 0 4722 
3 2 4726 4727 
1 2 0 4728 
2 2 0 4725 
3 2 4729 4730 
1 2 0 4731 
2 2 0 4728 
3 2 4732 4733 
1 2 0 4734 
2 2 0 4731 
3 2 4735 4736 
1 2 0 4737 
2 2 0 4734 
3 2 4738 4739 
1 2 0 4740 
1 2 0 4741 
1 2 0 4742 
2 2 0 4741 
3 2 4743 4744 
1 2 0 4745 
1 2 0 4746 
1 2 0 4747 
2 2 0 4746 
3 2 4748 4749 
1 2 0 4750 
1 2 0 4751 
2 2 0 4750 
3 2 4752 4753 
1 2 0 4754 
2 2 0 4750 
2 2 0 4751 
3 3 4755 4756 4757 
1 2 0 4758 
2 2 0 4754 
3 2 4759 4760 
1 2 0 4761 
2 2 0 4758 
3 2 4762 4763 
1 2 0 4764 
1 2 0 4765 
2 2 0 4764 
3 2 4766 4767 
1 2 0 4768 
1 2 0 4769 
1 2 0 4770 
2 2 0 4769 
3 2 4771 4772 
1 2 0 4773 
1 2 0 4774 
2 2 0 4773 
3 2 4775 4776 
1 2 0 4777 
1 2 0 4778 
2 2 0 4777 
3 2 4779 4780 
1 2 0 4781 
1 2 0 4782 
1 2 0 4783 
2 2 0 4782 
3 2 4784 4785 
1 2 0 4786 
4 1 0 
4 2 0 4599 
4 2 0 4602 
4 2 0 4603 
4 2 0 4604 
4 2 0 4607 
4 2 0 4610 
4 2 0 4613 
4 2 0 4617 
4 2 0 4618 
4 2 0 4619 
4 2 0 4622 
4 2 0 4625 
4 2 0 4628 
4 2 0 4629 
4 2 0 4630 
4 2 0 4631 
4 2 0 4632 
4 2 0 4635 
4 2 0 4636 
4 2 0 4639 
4 2 0 4640 
4 2 0 4643 
4 2 0 4646 
4 2 0 4649 
4 2 0 4653 
4 2 0 4654 
4 2 0 4657 
4 2 0 4660 
4 2 0 4661 
4 2 0 4664 
4 2 0 4665 
4 2 0 4668 
4 2 0 4672 
4 2 0 4675 
4 2 0 4679 
4 2 0 4680 
4 2 0 4681 
4 2 0 4684 
4 2 0 4687 
4 2 0 4690 
4 2 0 4691 
4 2 0 4694 
4 2 0 4698 
4 2 0 4699 
4 2 0 4700 
4 2 0 4703 
4 2 0 4704 
4 2 0 4707 
4 2 0 4708 
4 2 0 4709 
4 2 0 4710 
4 2 0 4713 
4 2 0 4714 
4 2 0 4715 
4 2 0 4718 
4 2 0 4722 
4 2 0 4725 
4 2 0 4728 
4 2 0 4731 
4 2 0 4734 
4 2 0 4737 
4 2 0 4740 
4 2 0 4741 
4 2 0 4742 
4 2 0 4745 
4 2 0 4746 
4 2 0 4747 
4 2 0 4750 
4 2 0 4751 
4 2 0 4754 
4 2 0 4758 
4 2 0 4761 
4 2 0 4764 
4 2 0 4765 
4 2 0 4768 
4 2 0 4769 
4 2 0 4770 
4 2 0 4773 
4 2 0 4774 
4 2 0 4777 
4 2 0 4778 
4 2 0 4781 
4 2 0 4782 
4 2 0 4783 
4 2 0 4786 
4 2 0 4787 
1 1 0 
1 2 0 4875 
2 1 0 
3 2 4876 4877 
1 2 0 4878 
1 2 0 4879 
1 2 0 4880 
2 2 0 4879 
3 2 4881 4882 
1 2 0 4883 
1 2 0 4884 
2 2 0 4883 
3 2 4885 4886 
1 2 0 4887 
2 2 0 4883 
2 2 0 4884 
3 3 4888 4889 4890 
1 2 0 4891 
2 2 0 4887 
3 2 4892 4893 
1 2 0 4894 
2 2 0 4891 
3 2 4895 4896 
1 2 0 4897 
1 2 0 4898 
2 2 0 4897 
3 2 4899 4900 
1 2 0 4901 
1 2 0 4902 
1 2 0 4903 
2 2 0 4902 
3 2 4904 4905 
1 2 0 4906 
1 2 0 4907 
1 2 0 4908 
1 2 0 4909 
2 2 0 4908 
3 2 4910 4911 
1 2 0 4912 
1 2 0 4913 
1 2 0 4914 
2 2 0 4913 
3 2 4915 4916 
1 2 0 4917 
2 2 0 4913 
2 2 0 4914 
3 3 4918 4919 4920 
1 2 0 4921 
1 2 0 4922 
1 2 0 4923 
1 2 0 4924 
1 2 0 4925 
1 2 0 4926 
1 2 0 4927 
1 2 0 4928 
2 2 0 4927 
3 2 4929 4930 
1 2 0 4931 
1 2 0 4932 
2 2 0 4931 
3 2 4933 4934 
1 2 0 4935 
1 2 0 4936 
2 2 0 4935 
3 2 4937 4938 
1 2 0 4939 
1 2 0 4940 
2 2 0 4939 
3 2 4941 4942 
1 2 0 4943 
1 2 0 4944 
2 2 0 4943 
3 2 4945 4946 
1 2 0 4947 
1 2 0 4948 
1 2 0 4949 
1 2 0 4950 
1 2 0 4951 
2 2 0 4950 
3 2 4952 4953 
1 2 0 4954 
4 1 0 
4 2 0 4875 
4 2 0 4878 
4 2 0 4879 
4 2 0 4880 
4 2 0 4883 
4 2 0 4884 
4 2 0 4887 
4 2 0 4891 
4 2 0 4894 
4 2 0 4897 
4 2 0 4898 
4 2 0 4901 
4 2 0 4902 
4 2 0 4903 
4 2 0 4906 
4 2 0 4907 
4 2 0 4908 
4 2 0 4909 
4 2 0 4912 
4 2 0 4913 
4 2 0 4914 
4 2 0 4917 
4 2 0 4921 
4 2 0 4922 
4 2 0 4923 
4 2 0 4924 
4 2 0 4925 
4 2 0 4926 
4 2 0 4927 
4 2 0 4928 
4 2 0 4931 
4 2 0 4932 
4 2 0 4935 
4 2 0 4936 
4 2 0 4939 
4 2 0 4940 
4 2 0 4943 
4 2 0 4944 
4 2 0 4947 
4 2 0 4948 
4 2 0 4949 
4 2 0 4950 
4 2 0 4951 
4 2 0 4954 
4 2 0 4955 
1 1 0 
1 2 0 5002 
2 1 0 
3 2 5003 5004 
1 2 0 5005 
1 2 0 5006 
1 2 0 5007 
2 2 0 5006 
3 2 5008 5009 
1 2 0 5010 
2 2 0 5007 
3 2 5011 5012 
1 2 0 5013 
2 2 0 5010 
3 2 5014 5015 
1 2 0 5016 
2 2 0 5010 
2 2 0 5013 
3 3 5017 5018 5019 
1 2 0 5020 
1 2 0 5021 
2 2 0 5020 
3 2 5022 5023 
1 2 0 5024 
1 2 0 5025 
1 2 0 5026 
1 2 0 5027 
2 2 0 5026 
3 2 5028 5029 
1 2 0 5030 
2 2 0 5026 
2 2 0 5027 
3 3 5031 5032 5033 
1 2 0 5034 
1 2 0 5035 
1 2 0 5036 
1 2 0 5037 
2 2 0 5036 
3 2 5038 5039 
1 2 0 5040 
1 2 0 5041 
1 2 0 5042 
1 2 0 5043 
1 2 0 5044 
2 2 0 5043 
3 2 5045 5046 
1 2 0 5047 
1 2 0 5048 
1 2 0 5049 
2 2 0 5048 
3 2 5050 5051 
1 2 0 5052 
1 2 0 5053 
1 2 0 5054 
2 2 0 5053 
3 2 5055 5056 
1 2 0 5057 
1 2 0 5058 
2 2 0 5057 
3 2 5059 5060 
1 2 0 5061 
1 2 0 5062 
1 2 0 5063 
2 2 0 5062 
3 2 5064 5065 
1 2 0 5066 
1 2 0 5067 
4 1 0 
4 2 0 5002 
4 2 0 5005 
4 2 0 5006 
4 2 0 5007 
4 2 0 5010 
4 2 0 5013 
4 2 0 5016 
4 2 0 5020 
4 2 0 5021 
4 2 0 5024 
4 2 0 5025 
4 2 0 5026 
4 2 0 5027 
4 2 0 5030 
4 2 0 5034 
4 2 0 5035 
4 2 0 5036 
4 2 0 5037 
4 2 0 5040 
4 2 0 5041 
4 2 0 5042 
4 2 0 5043 
4 2 0 5044 
4 2 0 5047 
4 2 0 5048 
4 2 0 5049 
4 2 0 5052 
4 2 0 5053 
4 2 0 5054 
4 2 0 5057 
4 2 0 5058 
4 2 0 5061 
4 2 0 5062 
4 2 0 5063 
4 2 0 5066 
4 2 0 5067 
4 2 0 5068 
1 1 0 
1 2 0 5107 
2 1 0 
3 2 5108 5109 
1 2 0 5110 
2 2 0 5107 
3 2 5111 5112 
1 2 0 5113 
2 2 0 5110 
3 2 5114 5115 
1 2 0 5116 
1 2 0 5117 
2 2 0 5116 
3 2 5118 5119 
1 2 0 5120 
2 2 0 5116 
2 2 0 5117 
3 3 5121 5122 5123 
1 2 0 5124 
2 2 0 5120 
3 2 5125 5126 
1 2 0 5127 
2 2 0 5124 
3 2 5128 5129 
1 2 0 5130 
1 2 0 5131 
2 2 0 5130 
3 2 5132 5133 
1 2 0 5134 
4 1 0 
4 2 0 5107 
4 2 0 5110 
4 2 0 5113 
4 2 0 5116 
4 2 0 5117 
4 2 0 5120 
4 2 0 5124 
4 2 0 5127 
4 2 0 5130 
4 2 0 5131 
4 2 0 5134 
4 2 0 5135 
1 1 0 
1 2 0 5149 
2 1 0 
3 2 5150 5151 
1 2 0 5152 
2 1 0 
2 2 0 5149 
3 3 5153 5154 5155 
1 2 0 5156 
2 2 0 5152 
3 2 5157 5158 
1 2 0 5159 
2 2 0 5156 
3 2 5160 5161 
1 2 0 5162 
1 2 0 5163 
2 2 0 5162 
3 2 5164 5165 
1 2 0 5166 
1 2 0 5167 
2 2 0 5166 
3 2 5168 5169 
1 2 0 5170 
4 1 0 
4 2 0 5149 
4 2 0 5152 
4 2 0 5156 
4 2 0 5159 
4 2 0 5162 
4 2 0 5163 
4 2 0 5166 
4 2 0 5167 
4 2 0 5170 
4 2 0 5171 
1 1 0 
1 2 0 5183 
1 2 0 5184 
2 2 0 5183 
3 2 5185 5186 
1 2 0 5187 
2 2 0 5184 
3 2 5188 5189 
1 2 0 5190 
2 2 0 5187 
3 2 5191 5192 
1 2 0 5193 
1 2 0 5194 
1 2 0 5195 
2 2 0 5194 
3 2 5196 5197 
1 2 0 5198 
2 2 0 5195 
3 2 5199 5200 
1 2 0 5201 
2 2 0 5198 
3 2 5202 5203 
1 2 0 5204 
1 2 0 5205 
2 2 0 5204 
3 2 5206 5207 
1 2 0 5208 
2 2 0 5204 
2 2 0 5205 
3 3 5209 5210 5211 
1 2 0 5212 
1 2 0 5213 
2 2 0 5212 
3 2 5214 5215 
1 2 0 5216 
1 2 0 5217 
2 2 0 5216 
3 2 5218 5219 
1 2 0 5220 
2 2 0 5217 
3 2 5221 5222 
1 2 0 5223 
2 2 0 5220 
3 2 5224 5225 
1 2 0 5226 
2 2 0 5223 
3 2 5227 5228 
1 2 0 5229 
1 2 0 5230 
2 2 0 5229 
3 2 5231 5232 
1 2 0 5233 
1 2 0 5234 
1 2 0 5235 
1 2 0 5236 
1 2 0 5237 
2 2 0 5236 
3 2 5238 5239 
1 2 0 5240 
2 2 0 5236 
2 2 0 5237 
3 3 5241 5242 5243 
1 2 0 5244 
2 2 0 5240 
3 2 5245 5246 
1 2 0 5247 
2 2 0 5240 
2 2 0 5244 
3 3 5248 5249 5250 
1 2 0 5251 
2 2 0 5247 
3 2 5252 5253 
1 2 0 5254 
2 2 0 5251 
3 2 5255 5256 
1 2 0 5257 
1 2 0 5258 
2 2 0 5257 
3 2 5259 5260 
1 2 0 5261 
1 2 0 5262 
1 2 0 5263 
1 2 0 5264 
1 2 0 5265 
1 2 0 5266 
1 2 0 5267 
1 2 0 5268 
2 2 0 5267 
3 2 5269 5270 
1 2 0 5271 
2 2 0 5268 
3 2 5272 5273 
1 2 0 5274 
2 2 0 5271 
3 2 5275 5276 
1 2 0 5277 
1 2 0 5278 
2 2 0 5277 
3 2 5279 5280 
1 2 0 5281 
2 2 0 5278 
3 2 5282 5283 
1 2 0 5284 
2 2 0 5277 
2 2 0 5278 
2 2 0 5281 
3 4 5285 5286 5287 5288 
1 2 0 5289 
1 2 0 5290 
2 2 0 5289 
3 2 5291 5292 
1 2 0 5293 
1 2 0 5294 
2 2 0 5293 
3 2 5295 5296 
1 2 0 5297 
1 2 0 5298 
1 2 0 5299 
2 2 0 5298 
3 2 5300 5301 
1 2 0 5302 
1 2 0 5303 
1 2 0 5304 
2 2 0 5303 
3 2 5305 5306 
1 2 0 5307 
2 2 0 5303 
2 2 0 5304 
3 3 5308 5309 5310 
1 2 0 5311 
2 2 0 5304 
3 2 5312 5313 
1 2 0 5314 
2 2 0 5311 
3 2 5315 5316 
1 2 0 5317 
1 2 0 5318 
2 2 0 5317 
3 2 5319 5320 
1 2 0 5321 
1 2 0 5322 
1 2 0 5323 
2 2 0 5322 
3 2 5324 5325 
1 2 0 5326 
1 2 0 5327 
2 2 0 5326 
3 2 5328 5329 
1 2 0 5330 
1 2 0 5331 
2 2 0 5330 
3 2 5332 5333 
1 2 0 5334 
2 2 0 5331 
3 2 5335 5336 
1 2 0 5337 
4 1 0 
4 2 0 5183 
4 2 0 5184 
4 2 0 5187 
4 2 0 5190 
4 2 0 5193 
4 2 0 5194 
4 2 0 5195 
4 2 0 5198 
4 2 0 5201 
4 2 0 5204 
4 2 0 5205 
4 2 0 5208 
4 2 0 5212 
4 2 0 5213 
4 2 0 5216 
4 2 0 5217 
4 2 0 5220 
4 2 0 5223 
4 2 0 5226 
4 2 0 5229 
4 2 0 5230 
4 2 0 5233 
4 2 0 5234 
4 2 0 5235 
4 2 0 5236 
4 2 0 5237 
4 2 0 5240 
4 2 0 5244 
4 2 0 5247 
4 2 0 5251 
4 2 0 5254 
4 2 0 5257 
4 2 0 5258 
4 2 0 5261 
4 2 0 5262 
4 2 0 5263 
4 2 0 5264 
4 2 0 5265 
4 2 0 5266 
4 2 0 5267 
4 2 0 5268 
4 2 0 5271 
4 2 0 5274 
4 2 0 5277 
4 2 0 5278 
4 2 0 5281 
4 2 0 5284 
4 2 0 5289 
4 2 0 5290 
4 2 0 5293 
4 2 0 5294 
4 2 0 5297 
4 2 0 5298 
4 2 0 5299 
4 2 0 5302 
4 2 0 5303 
4 2 0 5304 
4 2 0 5307 
4 2 0 5311 
4 2 0 5314 
4 2 0 5317 
4 2 0 5318 
4 2 0 5321 
4 2 0 5322 
4 2 0 5323 
4 2 0 5326 
4 2 0 5327 
4 2 0 5330 
4 2 0 5331 
4 2 0 5334 
4 2 0 5337 
4 2 0 5338 
1 1 0 
1 2 0 5412 
2 1 0 
3 2 5413 5414 
1 2 0 5415 
1 2 0 5416 
2 2 0 5415 
3 2 5417 5418 
1 2 0 5419 
2 2 0 5416 
3 2 5420 5421 
1 2 0 5422 
2 2 0 5416 
3 2 5423 5424 
1 2 0 5425 
2 2 0 5422 
3 2 5426 5427 
1 2 0 5428 
1 2 0 5429 
2 2 0 5428 
3 2 5430 5431 
1 2 0 5432 
1 2 0 5433 
2 2 0 5432 
3 2 5434 5435 
1 2 0 5436 
1 2 0 5437 
1 2 0 5438 
2 2 0 5437 
3 2 5439 5440 
1 2 0 5441 
2 2 0 5438 
3 2 5442 5443 
1 2 0 5444 
2 2 0 5441 
3 2 5445 5446 
1 2 0 5447 
2 2 0 5444 
3 2 5448 5449 
1 2 0 5450 
2 2 0 5447 
3 2 5451 5452 
1 2 0 5453 
2 2 0 5450 
3 2 5454 5455 
1 2 0 5456 
2 2 0 5447 
2 2 0 5450 
2 2 0 5453 
3 4 5457 5458 5459 5460 
1 2 0 5461 
1 2 0 5462 
1 2 0 5463 
1 2 0 5464 
2 2 0 5463 
3 2 5465 5466 
1 2 0 5467 
2 2 0 5464 
3 2 5468 5469 
1 2 0 5470 
2 2 0 5467 
3 2 5471 5472 
1 2 0 5473 
1 2 0 5474 
2 2 0 5473 
3 2 5475 5476 
1 2 0 5477 
1 2 0 5478 
1 2 0 5479 
2 2 0 5478 
3 2 5480 5481 
1 2 0 5482 
1 2 0 5483 
1 2 0 5484 
1 2 0 5485 
2 2 0 5484 
3 2 5486 5487 
1 2 0 5488 
2 2 0 5484 
2 2 0 5485 
3 3 5489 5490 5491 
1 2 0 5492 
2 2 0 5488 
3 2 5493 5494 
1 2 0 5495 
1 2 0 5496 
2 2 0 5495 
3 2 5497 5498 
1 2 0 5499 
1 2 0 5500 
1 2 0 5501 
1 2 0 5502 
1 2 0 5503 
2 2 0 5502 
3 2 5504 5505 
1 2 0 5506 
1 2 0 5507 
2 2 0 5506 
3 2 5508 5509 
1 2 0 5510 
2 2 0 5507 
3 2 5511 5512 
1 2 0 5513 
1 2 0 5514 
2 2 0 5513 
3 2 5515 5516 
1 2 0 5517 
1 2 0 5518 
1 2 0 5519 
1 2 0 5520 
1 2 0 5521 
2 2 0 5520 
3 2 5522 5523 
1 2 0 5524 
1 2 0 5525 
1 2 0 5526 
2 2 0 5524 
2 2 0 5525 
3 3 5527 5528 5529 
1 2 0 5530 
1 2 0 5531 
2 2 0 5530 
3 2 5532 5533 
1 2 0 5534 
1 2 0 5535 
1 2 0 5536 
2 2 0 5535 
3 2 5537 5538 
1 2 0 5539 
1 2 0 5540 
1 2 0 5541 
1 2 0 5542 
1 2 0 5543 
2 2 0 5542 
3 2 5544 5545 
1 2 0 5546 
1 2 0 5547 
2 2 0 5546 
3 2 5548 5549 
1 2 0 5550 
2 2 0 5547 
3 2 5551 5552 
1 2 0 5553 
2 2 0 5550 
3 2 5554 5555 
1 2 0 5556 
2 2 0 5553 
3 2 5557 5558 
1 2 0 5559 
2 2 0 5556 
3 2 5560 5561 
1 2 0 5562 
2 2 0 5556 
3 2 5563 5564 
1 2 0 5565 
1 2 0 5566 
2 2 0 5565 
3 2 5567 5568 
1 2 0 5569 
1 2 0 5570 
1 2 0 5571 
2 2 0 5570 
3 2 5572 5573 
1 2 0 5574 
2 2 0 5571 
3 2 5575 5576 
1 2 0 5577 
2 2 0 5574 
3 2 5578 5579 
1 2 0 5580 
1 2 0 5581 
1 2 0 5582 
2 2 0 5581 
3 2 5583 5584 
1 2 0 5585 
1 2 0 5586 
2 2 0 5585 
3 2 5587 5588 
1 2 0 5589 
2 2 0 5586 
3 2 5590 5591 
1 2 0 5592 
4 1 0 
4 2 0 5412 
4 2 0 5415 
4 2 0 5416 
4 2 0 5419 
4 2 0 5422 
4 2 0 5425 
4 2 0 5428 
4 2 0 5429 
4 2 0 5432 
4 2 0 5433 
4 2 0 5436 
4 2 0 5437 
4 2 0 5438 
4 2 0 5441 
4 2 0 5444 
4 2 0 5447 
4 2 0 5450 
4 2 0 5453 
4 2 0 5456 
4 2 0 5461 
4 2 0 5462 
4 2 0 5463 
4 2 0 5464 
4 2 0 5467 
4 2 0 5470 
4 2 0 5473 
4 2 0 5474 
4 2 0 5477 
4 2 0 5478 
4 2 0 5479 
4 2 0 5482 
4 2 0 5483 
4 2 0 5484 
4 2 0 5485 
4 2 0 5488 
4 2 0 5492 
4 2 0 5495 
4 2 0 5496 
4 2 0 5499 
4 2 0 5500 
4 2 0 5501 
4 2 0 5502 
4 2 0 5503 
4 2 0 5506 
4 2 0 5507 
4 2 0 5510 
4 2 0 5513 
4 2 0 5514 
4 2 0 5517 
4 2 0 5518 
4 2 0 5519 
4 2 0 5520 
4 2 0 5521 
4 2 0 5524 
4 2 0 5525 
4 2 0 5526 
4 2 0 5530 
4 2 0 5531 
4 2 0 5534 
4 2 0 5535 
4 2 0 5536 
4 2 0 5539 
4 2 0 5540 
4 2 0 5541 
4 2 0 5542 
4 2 0 5543 
4 2 0 5546 
4 2 0 5547 
4 2 0 5550 
4 2 0 5553 
4 2 0 5556 
4 2 0 5559 
4 2 0 5562 
4 2 0 5565 
4 2 0 5566 
4 2 0 5569 
4 2 0 5570 
4 2 0 5571 
4 2 0 5574 
4 2 0 5577 
4 2 0 5580 
4 2 0 5581 
4 2 0 5582 
4 2 0 5585 
4 2 0 5586 
4 2 0 5589 
4 2 0 5592 
4 2 0 5593 
1 1 0 
1 2 0 5683 
2 1 0 
3 2 5684 5685 
1 2 0 5686 
1 2 0 5687 
2 2 0 5686 
3 2 5688 5689 
1 2 0 5690 
1 2 0 5691 
1 2 0 5692 
2 2 0 5691 
3 2 5693 5694 
1 2 0 5695 
2 2 0 5691 
2 2 0 5692 
3 3 5696 5697 5698 
1 2 0 5699 
1 2 0 5700 
2 2 0 5699 
3 2 5701 5702 
1 2 0 5703 
2 2 0 5700 
3 2 5704 5705 
1 2 0 5706 
1 2 0 5707 
1 2 0 5708 
2 2 0 5707 
3 2 5709 5710 
1 2 0 5711 
2 2 0 5707 
2 2 0 5708 
3 3 5712 5713 5714 
1 2 0 5715 
2 2 0 5711 
3 2 5716 5717 
1 2 0 5718 
2 2 0 5715 
3 2 5719 5720 
1 2 0 5721 
1 2 0 5722 
2 2 0 5721 
3 2 5723 5724 
1 2 0 5725 
1 2 0 5726 
1 2 0 5727 
1 2 0 5728 
1 2 0 5729 
1 2 0 5730 
1 2 0 5731 
1 2 0 5732 
1 2 0 5733 
1 2 0 5734 
1 2 0 5735 
1 2 0 5736 
2 2 0 5735 
3 2 5737 5738 
1 2 0 5739 
1 2 0 5740 
2 2 0 5739 
3 2 5741 5742 
1 2 0 5743 
1 2 0 5744 
1 2 0 5745 
2 2 0 5744 
3 2 5746 5747 
1 2 0 5748 
1 2 0 5749 
2 2 0 5748 
3 2 5750 5751 
1 2 0 5752 
2 2 0 5749 
3 2 5753 5754 
1 2 0 5755 
4 1 0 
4 2 0 5683 
4 2 0 5686 
4 2 0 5687 
4 2 0 5690 
4 2 0 5691 
4 2 0 5692 
4 2 0 5695 
4 2 0 5699 
4 2 0 5700 
4 2 0 5703 
4 2 0 5706 
4 2 0 5707 
4 2 0 5708 
4 2 0 5711 
4 2 0 5715 
4 2 0 5718 
4 2 0 5721 
4 2 0 5722 
4 2 0 5725 
4 2 0 5726 
4 2 0 5727 
4 2 0 5728 
4 2 0 5729 
4 2 0 5730 
4 2 0 5731 
4 2 0 5732 
4 2 0 5733 
4 2 0 5734 
4 2 0 5735 
4 2 0 5736 
4 2 0 5739 
4 2 0 5740 
4 2 0 5743 
4 2 0 5744 
4 2 0 5745 
4 2 0 5748 
4 2 0 5749 
4 2 0 5752 
4 2 0 5755 
4 2 0 5756 
1 1 0 
1 2 0 5798 
1 2 0 5799 
2 2 0 5798 
3 2 5800 5801 
1 2 0 5802 
1 2 0 5803 
1 2 0 5804 
1 2 0 5805 
2 2 0 5804 
3 2 5806 5807 
1 2 0 5808 
1 2 0 5809 
2 2 0 5808 
3 2 5810 5811 
1 2 0 5812 
1 2 0 5813 
1 2 0 5814 
2 2 0 5813 
3 2 5815 5816 
1 2 0 5817 
2 2 0 5814 
3 2 5818 5819 
1 2 0 5820 
2 2 0 5817 
3 2 5821 5822 
1 2 0 5823 
2 2 0 5820 
3 2 5824 5825 
1 2 0 5826 
1 2 0 5827 
1 2 0 5828 
2 2 0 5827 
3 2 5829 5830 
1 2 0 5831 
4 1 0 
4 2 0 5798 
4 2 0 5799 
4 2 0 5802 
4 2 0 5803 
4 2 0 5804 
4 2 0 5805 
4 2 0 5808 
4 2 0 5809 
4 2 0 5812 
4 2 0 5813 
4 2 0 5814 
4 2 0 5817 
4 2 0 5820 
4 2 0 5823 
4 2 0 5826 
4 2 0 5827 
4 2 0 5828 
4 2 0 5831 
4 2 0 5832 
1 1 0 
1 2 0 5853 
1 2 0 5854 
2 2 0 5853 
3 2 5855 5856 
1 2 0 5857 
1 2 0 5858 
2 2 0 5857 
3 2 5859 5860 
1 2 0 5861 
2 2 0 5858 
3 2 5862 5863 
1 2 0 5864 
1 2 0 5865 
1 2 0 5866 
2 2 0 5865 
3 2 5867 5868 
1 2 0 5869 
1 2 0 5870 
2 2 0 5869 
3 2 5871 5872 
1 2 0 5873 
1 2 0 5874 
1 2 0 5875 
2 2 0 5874 
3 2 5876 5877 
1 2 0 5878 
2 2 0 5874 
3 2 5879 5880 
1 2 0 5881 
1 2 0 5882 
1 2 0 5883 
2 2 0 5882 
3 2 5884 5885 
1 2 0 5886 
2 2 0 5882 
3 2 5887 5888 
1 2 0 5889 
1 2 0 5890 
2 2 0 5889 
3 2 5891 5892 
1 2 0 5893 
2 2 0 5890 
3 2 5894 5895 
1 2 0 5896 
1 2 0 5897 
2 2 0 5896 
3 2 5898 5899 
1 2 0 5900 
2 2 0 5897 
3 2 5901 5902 
1 2 0 5903 
2 2 0 5900 
3 2 5904 5905 
1 2 0 5906 
2 2 0 5903 
3 2 5907 5908 
1 2 0 5909 
1 2 0 5910 
1 2 0 5911 
1 2 0 5912 
2 2 0 5911 
3 2 5913 5914 
1 2 0 5915 
1 2 0 5916 
1 2 0 5917 
2 2 0 5916 
3 2 5918 5919 
1 2 0 5920 
1 2 0 5921 
1 2 0 5922 
1 2 0 5923 
2 2 0 5922 
3 2 5924 5925 
1 2 0 5926 
2 2 0 5922 
3 2 5927 5928 
1 2 0 5929 
1 2 0 5930 
2 2 0 5929 
3 2 5931 5932 
1 2 0 5933 
2 2 0 5930 
3 2 5934 5935 
1 2 0 5936 
2 2 0 5933 
3 2 5937 5938 
1 2 0 5939 
1 2 0 5940 
1 2 0 5941 
1 2 0 5942 
1 2 0 5943 
1 2 0 5944 
1 2 0 5945 
1 2 0 5946 
2 2 0 5944 
2 2 0 5945 
3 3 5947 5948 5949 
1 2 0 5950 
1 2 0 5951 
1 2 0 5952 
2 2 0 5951 
3 2 5953 5954 
1 2 0 5955 
1 2 0 5956 
2 2 0 5955 
3 2 5957 5958 
1 2 0 5959 
2 2 0 5956 
3 2 5960 5961 
1 2 0 5962 
4 1 0 
4 2 0 5853 
4 2 0 5854 
4 2 0 5857 
4 2 0 5858 
4 2 0 5861 
4 2 0 5864 
4 2 0 5865 
4 2 0 5866 
4 2 0 5869 
4 2 0 5870 
4 2 0 5873 
4 2 0 5874 
4 2 0 5875 
4 2 0 5878 
4 2 0 5881 
4 2 0 5882 
4 2 0 5883 
4 2 0 5886 
4 2 0 5889 
4 2 0 5890 
4 2 0 5893 
4 2 0 5896 
4 2 0 5897 
4 2 0 5900 
4 2 0 5903 
4 2 0 5906 
4 2 0 5909 
4 2 0 5910 
4 2 0 5911 
4 2 0 5912 
4 2 0 5915 
4 2 0 5916 
4 2 0 5917 
4 2 0 5920 
4 2 0 5921 
4 2 0 5922 
4 2 0 5923 
4 2 0 5926 
4 2 0 5929 
4 2 0 5930 
4 2 0 5933 
4 2 0 5936 
4 2 0 5939 
4 2 0 5940 
4 2 0 5941 
4 2 0 5942 
4 2 0 5943 
4 2 0 5944 
4 2 0 5945 
4 2 0 5946 
4 2 0 5950 
4 2 0 5951 
4 2 0 5952 
4 2 0 5955 
4 2 0 5956 
4 2 0 5959 
4 2 0 5962 
4 2 0 5963 
1 1 0 
1 2 0 6023 
2 1 0 
3 2 6024 6025 
1 2 0 6026 
1 2 0 6027 
2 2 0 6026 
3 2 6028 6029 
1 2 0 6030 
1 2 0 6031 
1 2 0 6032 
2 2 0 6031 
3 2 6033 6034 
1 2 0 6035 
1 2 0 6036 
1 2 0 6037 
2 2 0 6036 
3 2 6038 6039 
1 2 0 6040 
1 2 0 6041 
2 2 0 6040 
3 2 6042 6043 
1 2 0 6044 
1 2 0 6045 
1 2 0 6046 
2 2 0 6045 
3 2 6047 6048 
1 2 0 6049 
1 2 0 6050 
2 2 0 6049 
3 2 6051 6052 
1 2 0 6053 
1 2 0 6054 
1 2 0 6055 
2 2 0 6054 
3 2 6056 6057 
1 2 0 6058 
1 2 0 6059 
1 2 0 6060 
1 2 0 6061 
1 2 0 6062 
2 2 0 6061 
3 2 6063 6064 
1 2 0 6065 
2 2 0 6061 
2 2 0 6062 
3 3 6066 6067 6068 
1 2 0 6069 
2 2 0 6061 
2 2 0 6065 
3 3 6070 6071 6072 
1 2 0 6073 
2 2 0 6061 
2 2 0 6062 
2 2 0 6065 
3 4 6074 6075 6076 6077 
1 2 0 6078 
1 2 0 6079 
1 2 0 6080 
2 2 0 6079 
3 2 6081 6082 
1 2 0 6083 
2 2 0 6079 
2 2 0 6080 
3 3 6084 6085 6086 
1 2 0 6087 
2 2 0 6079 
2 2 0 6080 
2 2 0 6083 
3 4 6088 6089 6090 6091 
1 2 0 6092 
2 2 0 6083 
2 2 0 6087 
3 3 6093 6094 6095 
1 2 0 6096 
1 2 0 6097 
2 2 0 6096 
3 2 6098 6099 
1 2 0 6100 
1 2 0 6101 
1 2 0 6102 
2 2 0 6101 
3 2 6103 6104 
1 2 0 6105 
2 2 0 6101 
2 2 0 6102 
3 3 6106 6107 6108 
1 2 0 6109 
1 2 0 6110 
1 2 0 6111 
2 2 0 6110 
3 2 6112 6113 
1 2 0 6114 
2 2 0 6110 
2 2 0 6111 
3 3 6115 6116 6117 
1 2 0 6118 
2 2 0 6110 
2 2 0 6114 
3 3 6119 6120 6121 
1 2 0 6122 
1 2 0 6123 
1 2 0 6124 
2 2 0 6123 
3 2 6125 6126 
1 2 0 6127 
1 2 0 6128 
2 2 0 6127 
3 2 6129 6130 
1 2 0 6131 
1 2 0 6132 
1 2 0 6133 
2 2 0 6132 
3 2 6134 6135 
1 2 0 6136 
2 2 0 6132 
3 2 6137 6138 
1 2 0 6139 
2 2 0 6136 
3 2 6140 6141 
1 2 0 6142 
2 2 0 6139 
3 2 6143 6144 
1 2 0 6145 
1 2 0 6146 
2 2 0 6145 
3 2 6147 6148 
1 2 0 6149 
2 2 0 6146 
3 2 6150 6151 
1 2 0 6152 
4 1 0 
4 2 0 6023 
4 2 0 6026 
4 2 0 6027 
4 2 0 6030 
4 2 0 6031 
4 2 0 6032 
4 2 0 6035 
4 2 0 6036 
4 2 0 6037 
4 2 0 6040 
4 2 0 6041 
4 2 0 6044 
4 2 0 6045 
4 2 0 6046 
4 2 0 6049 
4 2 0 6050 
4 2 0 6053 
4 2 0 6054 
4 2 0 6055 
4 2 0 6058 
4 2 0 6059 
4 2 0 6060 
4 2 0 6061 
4 2 0 6062 
4 2 0 6065 
4 2 0 6069 
4 2 0 6073 
4 2 0 6078 
4 2 0 6079 
4 2 0 6080 
4 2 0 6083 
4 2 0 6087 
4 2 0 6092 
4 2 0 6096 
4 2 0 6097 
4 2 0 6100 
4 2 0 6101 
4 2 0 6102 
4 2 0 6105 
4 2 0 6109 
4 2 0 6110 
4 2 0 6111 
4 2 0 6114 
4 2 0 6118 
4 2 0 6122 
4 2 0 6123 
4 2 0 6124 
4 2 0 6127 
4 2 0 6128 
4 2 0 6131 
4 2 0 6132 
4 2 0 6133 
4 2 0 6136 
4 2 0 6139 
4 2 0 6142 
4 2 0 6145 
4 2 0 6146 
4 2 0 6149 
4 2 0 6152 
4 2 0 6153 
1 1 0 
1 2 0 6215 
1 2 0 6216 
1 2 0 6217 
2 2 0 6216 
3 2 6218 6219 
1 2 0 6220 
1 2 0 6221 
2 2 0 6220 
3 2 6222 6223 
1 2 0 6224 
1 2 0 6225 
1 2 0 6226 
2 2 0 6225 
3 2 6227 6228 
1 2 0 6229 
2 2 0 6226 
3 2 6230 6231 
1 2 0 6232 
2 2 0 6229 
3 2 6233 6234 
1 2 0 6235 
2 2 0 6232 
3 2 6236 6237 
1 2 0 6238 
2 2 0 6235 
3 2 6239 6240 
1 2 0 6241 
2 2 0 6235 
3 2 6242 6243 
1 2 0 6244 
1 2 0 6245 
1 2 0 6246 
2 2 0 6245 
3 2 6247 6248 
1 2 0 6249 
1 2 0 6250 
2 2 0 6249 
3 2 6251 6252 
1 2 0 6253 
2 2 0 6250 
3 2 6254 6255 
1 2 0 6256 
1 2 0 6257 
2 2 0 6256 
3 2 6258 6259 
1 2 0 6260 
2 2 0 6257 
3 2 6261 6262 
1 2 0 6263 
2 2 0 6260 
3 2 6264 6265 
1 2 0 6266 
2 2 0 6263 
3 2 6267 6268 
1 2 0 6269 
1 2 0 6270 
1 2 0 6271 
1 2 0 6272 
1 2 0 6273 
1 2 0 6274 
1 2 0 6275 
1 2 0 6276 
1 2 0 6277 
1 2 0 6278 
1 2 0 6279 
1 2 0 6280 
1 2 0 6281 
1 2 0 6282 
1 2 0 6283 
1 2 0 6284 
2 2 0 6283 
3 2 6285 6286 
1 2 0 6287 
1 2 0 6288 
2 2 0 6287 
3 2 6289 6290 
1 2 0 6291 
1 2 0 6292 
1 2 0 6293 
2 2 0 6292 
3 2 6294 6295 
1 2 0 6296 
1 2 0 6297 
2 2 0 6296 
3 2 6298 6299 
1 2 0 6300 
2 2 0 6297 
3 2 6301 6302 
1 2 0 6303 
4 1 0 
4 2 0 6215 
4 2 0 6216 
4 2 0 6217 
4 2 0 6220 
4 2 0 6221 
4 2 0 6224 
4 2 0 6225 
4 2 0 6226 
4 2 0 6229 
4 2 0 6232 
4 2 0 6235 
4 2 0 6238 
4 2 0 6241 
4 2 0 6244 
4 2 0 6245 
4 2 0 6246 
4 2 0 6249 
4 2 0 6250 
4 2 0 6253 
4 2 0 6256 
4 2 0 6257 
4 2 0 6260 
4 2 0 6263 
4 2 0 6266 
4 2 0 6269 
4 2 0 6270 
4 2 0 6271 
4 2 0 6272 
4 2 0 6273 
4 2 0 6274 
4 2 0 6275 
4 2 0 6276 
4 2 0 6277 
4 2 0 6278 
4 2 0 6279 
4 2 0 6280 
4 2 0 6281 
4 2 0 6282 
4 2 0 6283 
4 2 0 6284 
4 2 0 6287 
4 2 0 6288 
4 2 0 6291 
4 2 0 6292 
4 2 0 6293 
4 2 0 6296 
4 2 0 6297 
4 2 0 6300 
4 2 0 6303 
4 2 0 6304 
1 1 0 
1 2 0 6356 
2 1 0 
3 2 6357 6358 
1 2 0 6359 
2 1 0 
2 2 0 6356 
3 3 6360 6361 6362 
1 2 0 6363 
2 2 0 6359 
3 2 6364 6365 
1 2 0 6366 
1 2 0 6367 
2 2 0 6366 
3 2 6368 6369 
1 2 0 6370 
1 2 0 6371 
2 2 0 6370 
3 2 6372 6373 
1 2 0 6374 
2 2 0 6370 
3 2 6375 6376 
1 2 0 6377 
2 2 0 6374 
3 2 6378 6379 
1 2 0 6380 
2 2 0 6377 
3 2 6381 6382 
1 2 0 6383 
1 2 0 6384 
2 2 0 6383 
3 2 6385 6386 
1 2 0 6387 
2 2 0 6383 
2 2 0 6384 
3 3 6388 6389 6390 
4 1 0 
4 2 0 6356 
4 2 0 6359 
4 2 0 6363 
4 2 0 6366 
4 2 0 6367 
4 2 0 6370 
4 2 0 6371 
4 2 0 6374 
4 2 0 6377 
4 2 0 6380 
4 2 0 6383 
4 2 0 6384 
4 2 0 6387 
4 2 0 6391 
1 1 0 
1 2 0 6407 
2 1 0 
3 2 6408 6409 
1 2 0 6410 
2 1 0 
2 2 0 6407 
3 3 6411 6412 6413 
1 2 0 6414 
2 2 0 6410 
3 2 6415 6416 
1 2 0 6417 
1 2 0 6418 
2 2 0 6410 
2 2 0 6414 
2 2 0 6417 
3 4 6419 6420 6421 6422 
1 2 0 6423 
1 2 0 6424 
2 2 0 6423 
3 2 6425 6426 
1 2 0 6427 
1 2 0 6428 
2 2 0 6427 
3 2 6429 6430 
1 2 0 6431 
2 2 0 6428 
3 2 6432 6433 
1 2 0 6434 
1 2 0 6435 
1 2 0 6436 
1 2 0 6437 
2 2 0 6436 
3 2 6438 6439 
1 2 0 6440 
1 2 0 6441 
1 2 0 6442 
2 2 0 6440 
3 2 6443 6444 
1 2 0 6445 
1 2 0 6446 
2 2 0 6445 
3 2 6447 6448 
1 2 0 6449 
2 2 0 6445 
2 2 0 6446 
3 3 6450 6451 6452 
4 1 0 
4 2 0 6407 
4 2 0 6410 
4 2 0 6414 
4 2 0 6417 
4 2 0 6418 
4 2 0 6423 
4 2 0 6424 
4 2 0 6427 
4 2 0 6428 
4 2 0 6431 
4 2 0 6434 
4 2 0 6435 
4 2 0 6436 
4 2 0 6437 
4 2 0 6440 
4 2 0 6441 
4 2 0 6442 
4 2 0 6445 
4 2 0 6446 
4 2 0 6449 
4 2 0 6453 
1 1 0 
1 2 0 6476 
2 1 0 
3 2 6477 6478 
1 2 0 6479 
1 2 0 6480 
1 2 0 6481 
2 2 0 6480 
3 2 6482 6483 
1 2 0 6484 
1 2 0 6485 
2 2 0 6484 
3 2 6486 6487 
1 2 0 6488 
1 2 0 6489 
2 2 0 6488 
3 2 6490 6491 
1 2 0 6492 
2 2 0 6488 
2 2 0 6489 
3 3 6493 6494 6495 
1 2 0 6496 
1 2 0 6497 
2 2 0 6496 
3 2 6498 6499 
1 2 0 6500 
1 2 0 6501 
1 2 0 6502 
2 2 0 6501 
3 2 6503 6504 
1 2 0 6505 
1 2 0 6506 
2 2 0 6505 
3 2 6507 6508 
1 2 0 6509 
1 2 0 6510 
2 2 0 6509 
3 2 6511 6512 
1 2 0 6513 
1 2 0 6514 
2 2 0 6513 
3 2 6515 6516 
1 2 0 6517 
1 2 0 6518 
2 2 0 6517 
3 2 6519 6520 
1 2 0 6521 
1 2 0 6522 
2 2 0 6521 
3 2 6523 6524 
1 2 0 6525 
2 2 0 6521 
3 2 6526 6527 
1 2 0 6528 
1 2 0 6529 
1 2 0 6530 
2 2 0 6529 
3 2 6531 6532 
1 2 0 6533 
2 2 0 6529 
2 2 0 6530 
3 3 6534 6535 6536 
1 2 0 6537 
1 2 0 6538 
2 2 0 6537 
3 2 6539 6540 
1 2 0 6541 
2 2 0 6538 
3 2 6542 6543 
1 2 0 6544 
1 2 0 6545 
1 2 0 6546 
2 2 0 6545 
3 2 6547 6548 
1 2 0 6549 
1 2 0 6550 
1 2 0 6551 
2 2 0 6550 
3 2 6552 6553 
1 2 0 6554 
1 2 0 6555 
2 2 0 6554 
3 2 6556 6557 
1 2 0 6558 
2 2 0 6555 
3 2 6559 6560 
1 2 0 6561 
2 2 0 6554 
2 2 0 6558 
3 3 6562 6563 6564 
1 2 0 6565 
1 2 0 6566 
1 2 0 6567 
2 2 0 6566 
3 2 6568 6569 
1 2 0 6570 
2 2 0 6566 
2 2 0 6567 
3 3 6571 6572 6573 
1 2 0 6574 
2 2 0 6570 
3 2 6575 6576 
1 2 0 6577 
1 2 0 6578 
2 2 0 6577 
3 2 6579 6580 
1 2 0 6581 
2 2 0 6577 
2 2 0 6578 
3 3 6582 6583 6584 
1 2 0 6585 
2 2 0 6581 
3 2 6586 6587 
1 2 0 6588 
1 2 0 6589 
1 2 0 6590 
4 1 0 
4 2 0 6476 
4 2 0 6479 
4 2 0 6480 
4 2 0 6481 
4 2 0 6484 
4 2 0 6485 
4 2 0 6488 
4 2 0 6489 
4 2 0 6492 
4 2 0 6496 
4 2 0 6497 
4 2 0 6500 
4 2 0 6501 
4 2 0 6502 
4 2 0 6505 
4 2 0 6506 
4 2 0 6509 
4 2 0 6510 
4 2 0 6513 
4 2 0 6514 
4 2 0 6517 
4 2 0 6518 
4 2 0 6521 
4 2 0 6522 
4 2 0 6525 
4 2 0 6528 
4 2 0 6529 
4 2 0 6530 
4 2 0 6533 
4 2 0 6537 
4 2 0 6538 
4 2 0 6541 
4 2 0 6544 
4 2 0 6545 
4 2 0 6546 
4 2 0 6549 
4 2 0 6550 
4 2 0 6551 
4 2 0 6554 
4 2 0 6555 
4 2 0 6558 
4 2 0 6561 
4 2 0 6565 
4 2 0 6566 
4 2 0 6567 
4 2 0 6570 
4 2 0 6574 
4 2 0 6577 
4 2 0 6578 
4 2 0 6581 
4 2 0 6585 
4 2 0 6588 
4 2 0 6589 
4 2 0 6590 
4 2 0 6591 
71 2201 75 76 77 78 79 80 81 82 83 84 85 86 87 88 89 90 91 92 93 94 95 96 97 98 99 100 101 102 103 104 105 106 107 108 109 110 111 112 113 114 115 116 170 171 172 173 174 175 176 177 178 179 180 181 182 183 184 185 186 187 188 189 190 191 192 193 194 195 196 268 269 270 271 272 273 274 275 276 277 278 279 280 281 282 283 284 285 286 287 288 289 290 291 292 293 294 295 296 297 303 304 305 306 333 334 335 336 337 338 339 340 341 342 343 344 345 346 347 372 373 374 375 376 377 378 379 380 381 382 383 389 390 391 392 419 420 421 422 423 424 425 426 427 428 429 430 431 432 433 533 534 535 536 537 538 539 540 541 542 543 544 545 546 547 548 549 550 551 552 553 554 555 556 557 558 559 560 561 562 563 564 565 566 567 568 569 570 571 572 573 574 575 576 577 578 579 580 640 641 642 643 644 645 646 647 648 649 650 651 652 653 654 655 656 657 658 659 660 661 662 663 664 665 666 667 668 669 761 762 763 764 765 766 767 768 769 770 771 772 773 774 775 776 777 778 779 780 781 782 783 784 785 786 787 788 789 790 791 792 793 794 795 796 797 798 799 800 801 802 803 804 805 806 807 808 892 893 894 895 896 897 898 899 900 901 902 903 904 905 906 907 908 909 910 911 912 913 914 915 916 917 918 919 920 921 922 923 924 925 926 927 928 929 930 931 932 933 934 968 969 970 971 972 973 974 975 976 977 978 979 980 981 982 983 984 1048 1049 1050 1051 1052 1053 1054 1055 1056 1057 1058 1059 1060 1061 1062 1063 1064 1065 1066 1067 1068 1069 1070 1071 1072 1073 1074 1075 1076 1077 1078 1103 1104 1105 1106 1107 1108 1109 1110 1111 1112 1113 1114 1115 1116 1117 1138 1139 1140 1141 1142 1143 1144 1145 1146 1147 1204 1205 1206 1207 1208 1209 1210 1211 1212 1213 1214 1215 1216 1217 1218 1219 1220 1221 1222 1223 1224 1225 1226 1227 1228 1229 1230 1231 1254 1255 1256 1257 1258 1259 1260 1261 1262 1263 1264 1265 1266 1334 1335 1336 1337 1338 1339 1340 1341 1342 1343 1344 1345 1346 1347 1348 1349 1350 1351 1352 1353 1354 1355 1356 1357 1358 1359 1360 1361 1362 1363 1364 1365 1366 1367 1368 1369 1471 1472 1473 1474 1475 1476 1477 1478 1479 1480 1481 1482 1483 1484 1485 1486 1487 1488 1489 1490 1491 1492 1493 1494 1495 1496 1497 1498 1499 1500 1501 1502 1503 1504 1505 1506 1507 1508 1509 1510 1511 1512 1513 1514 1515 1516 1517 1518 1519 1555 1556 1557 1558 1559 1560 1561 1562 1563 1564 1565 1566 1567 1568 1569 1570 1571 1572 1573 1686 1687 1688 1689 1690 1691 1692 1693 1694 1695 1696 1697 1698 1699 1700 1701 1702 1703 1704 1705 1706 1707 1708 1709 1710 1711 1712 1713 1714 1715 1716 1717 1718 1719 1720 1721 1722 1723 1724 1725 1726 1727 1728 1729 1730 1731 1732 1733 1734 1735 1736 1737 1738 1739 1740 1741 1742 1743 1744 1745 1746 1747 1779 1780 1781 1782 1783 1784 1785 1786 1787 1788 1789 1790 1791 1792 1851 1852 1853 1854 1855 1856 1857 1858 1859 1860 1861 1862 1863 1864 1865 1866 1867 1868 1869 1870 1871 1872 1873 1874 1875 1876 1899 1900 1901 1902 1903 1904 1905 1906 1907 1975 1976 1977 1978 1979 1980 1981 1982 1983 1984 1985 1986 1987 1988 1989 1990 1991 1992 1993 1994 1995 1996 1997 1998 1999 2000 2001 2002 2003 2004 2005 2006 2007 2008 2080 2081 2082 2083 2084 2085 2086 2087 2088 2089 2090 2091 2092 2093 2094 2095 2096 2097 2098 2099 2100 2101 2102 2103 2104 2105 2106 2107 2108 2109 2110 2111 2112 2113 2168 2169 2170 2171 2172 2173 2174 2175 2176 2177 2178 2179 2180 2181 2182 2183 2184 2185 2186 2187 2188 2189 2190 2191 2192 2193 2194 2195 2275 2276 2277 2278 2279 2280 2281 2282 2283 2284 2285 2286 2287 2288 2289 2290 2291 2292 2293 2294 2295 2296 2297 2298 2299 2300 2301 2302 2303 2304 2305 2306 2307 2308 2360 2361 2362 2363 2364 2365 2366 2367 2368 2369 2370 2371 2372 2373 2374 2375 2376 2377 2378 2379 2380 2381 2382 2436 2437 2438 2439 2440 2441 2442 2443 2444 2445 2446 2447 2448 2449 2450 2451 2452 2453 2454 2455 2456 2457 2458 2459 2460 2506 2507 2508 2509 2510 2511 2512 2513 2514 2515 2516 2517 2518 2519 2520 2521 2522 2523 2524 2525 2526 2581 2582 2583 2584 2585 2586 2587 2588 2589 2590 2591 2592 2593 2594 2595 2596 2597 2598 2599 2600 2601 2602 2603 2604 2627 2628 2629 2630 2631 2632 2633 2634 2635 2636 2637 2638 2639 2667 2668 2669 2670 2671 2672 2673 2674 2675 2676 2677 2678 2679 2755 2756 2757 2758 2759 2760 2761 2762 2763 2764 2765 2766 2767 2768 2769 2770 2771 2772 2773 2774 2775 2776 2777 2778 2779 2780 2781 2782 2783 2784 2785 2786 2787 2788 2789 2790 2791 2792 2793 2794 2795 2833 2834 2835 2836 2837 2838 2839 2840 2841 2842 2843 2844 2845 2846 2847 2848 2849 2850 2851 2852 2853 2854 2936 2937 2938 2939 2940 2941 2942 2943 2944 2945 2946 2947 2948 2949 2950 2951 2952 2953 2954 2955 2956 2957 2958 2959 2960 2961 2962 2963 2964 2965 2966 2967 2968 2969 2970 2971 2972 2973 2974 2975 3020 3021 3022 3023 3024 3025 3026 3027 3028 3029 3030 3031 3032 3033 3034 3035 3036 3037 3038 3039 3040 3041 3111 3112 3113 3114 3115 3116 3117 3118 3119 3120 3121 3122 3123 3124 3125 3126 3127 3128 3129 3130 3131 3132 3133 3134 3135 3136 3137 3138 3139 3140 3141 3142 3143 3144 3245 3246 3247 3248 3249 3250 3251 3252 3253 3254 3255 3256 3257 3258 3259 3260 3261 3262 3263 3264 3265 3266 3267 3268 3269 3270 3271 3272 3273 3274 3275 3276 3277 3278 3279 3280 3281 3282 3283 3284 3285 3326 3327 3328 3329 3330 3331 3332 3333 3334 3335 3336 3337 3338 3339 3340 3341 3342 3343 3397 3398 3399 3400 3401 3402 3403 3404 3405 3406 3407 3408 3409 3410 3411 3412 3413 3414 3415 3416 3417 3418 3419 3539 3540 3541 3542 3543 3544 3545 3546 3547 3548 3549 3550 3551 3552 3553 3554 3555 3556 3557 3558 3559 3560 3561 3562 3563 3564 3565 3566 3567 3568 3569 3570 3571 3572 3573 3574 3575 3576 3577 3578 3579 3580 3581 3582 3583 3584 3585 3586 3587 3588 3589 3590 3591 3592 3593 3594 3595 3596 3734 3735 3736 3737 3738 3739 3740 3741 3742 3743 3744 3745 3746 3747 3748 3749 3750 3751 3752 3753 3754 3755 3756 3757 3758 3759 3760 3761 3762 3763 3764 3765 3766 3767 3768 3769 3770 3771 3772 3773 3774 3775 3776 3777 3778 3779 3780 3781 3782 3783 3784 3785 3786 3787 3788 3789 3790 3791 3792 3793 3794 3795 3796 3797 3798 3799 3800 3801 3802 3989 3990 3991 3992 3993 3994 3995 3996 3997 3998 3999 4000 4001 4002 4003 4004 4005 4006 4007 4008 4009 4010 4011 4012 4013 4014 4015 4016 4017 4018 4019 4020 4021 4022 4023 4024 4025 4026 4027 4028 4029 4030 4031 4032 4033 4034 4035 4036 4037 4038 4039 4040 4041 4042 4043 4044 4045 4046 4047 4048 4049 4050 4051 4052 4053 4054 4055 4056 4057 4058 4059 4060 4061 4062 4063 4064 4065 4066 4067 4068 4069 4070 4071 4201 4202 4203 4204 4205 4206 4207 4208 4209 4210 4211 4212 4213 4214 4215 4216 4217 4218 4219 4220 4221 4222 4223 4224 4225 4226 4227 4228 4229 4230 4231 4232 4233 4234 4235 4236 4237 4238 4239 4240 4241 4242 4243 4244 4245 4246 4247 4248 4249 4250 4251 4252 4253 4254 4255 4256 4257 4258 4259 4260 4261 4262 4263 4264 4265 4266 4267 4268 4432 4433 4434 4435 4436 4437 4438 4439 4440 4441 4442 4443 4444 4445 4446 4447 4448 4449 4450 4451 4452 4453 4454 4455 4456 4457 4458 4459 4460 4461 4462 4463 4464 4465 4466 4467 4468 4469 4470 4471 4472 4473 4474 4475 4476 4477 4478 4479 4480 4481 4482 4483 4484 4485 4486 4487 4488 4489 4490 4491 4492 4493 4494 4495 4496 4497 4498 4499 4500 4501 4502 4503 4504 4568 4569 4570 4571 4572 4573 4574 4575 4576 4577 4578 4579 4580 4581 4582 4583 4584 4585 4586 4587 4588 4589 4590 4591 4592 4593 4594 4595 4596 4597 4598 4788 4789 4790 4791 4792 4793 4794 4795 4796 4797 4798 4799 4800 4801 4802 4803 4804 4805 4806 4807 4808 4809 4810 4811 4812 4813 4814 4815 4816 4817 4818 4819 4820 4821 4822 4823 4824 4825 4826 4827 4828 4829 4830 4831 4832 4833 4834 4835 4836 4837 4838 4839 4840 4841 4842 4843 4844 4845 4846 4847 4848 4849 4850 4851 4852 4853 4854 4855 4856 4857 4858 4859 4860 4861 4862 4863 4864 4865 4866 4867 4868 4869 4870 4871 4872 4873 4874 4956 4957 4958 4959 4960 4961 4962 4963 4964 4965 4966 4967 4968 4969 4970 4971 4972 4973 4974 4975 4976 4977 4978 4979 4980 4981 4982 4983 4984 4985 4986 4987 4988 4989 4990 4991 4992 4993 4994 4995 4996 4997 4998 4999 5000 5001 5069 5070 5071 5072 5073 5074 5075 5076 5077 5078 5079 5080 5081 5082 5083 5084 5085 5086 5087 5088 5089 5090 5091 5092 5093 5094 5095 5096 5097 5098 5099 5100 5101 5102 5103 5104 5105 5106 5136 5137 5138 5139 5140 5141 5142 5143 5144 5145 5146 5147 5148 5172 5173 5174 5175 5176 5177 5178 5179 5180 5181 5182 5339 5340 5341 5342 5343 5344 5345 5346 5347 5348 5349 5350 5351 5352 5353 5354 5355 5356 5357 5358 5359 5360 5361 5362 5363 5364 5365 5366 5367 5368 5369 5370 5371 5372 5373 5374 5375 5376 5377 5378 5379 5380 5381 5382 5383 5384 5385 5386 5387 5388 5389 5390 5391 5392 5393 5394 5395 5396 5397 5398 5399 5400 5401 5402 5403 5404 5405 5406 5407 5408 5409 5410 5411 5594 5595 5596 5597 5598 5599 5600 5601 5602 5603 5604 5605 5606 5607 5608 5609 5610 5611 5612 5613 5614 5615 5616 5617 5618 5619 5620 5621 5622 5623 5624 5625 5626 5627 5628 5629 5630 5631 5632 5633 5634 5635 5636 5637 5638 5639 5640 5641 5642 5643 5644 5645 5646 5647 5648 5649 5650 5651 5652 5653 5654 5655 5656 5657 5658 5659 5660 5661 5662 5663 5664 5665 5666 5667 5668 5669 5670 5671 5672 5673 5674 5675 5676 5677 5678 5679 5680 5681 5682 5757 5758 5759 5760 5761 5762 5763 5764 5765 5766 5767 5768 5769 5770 5771 5772 5773 5774 5775 5776 5777 5778 5779 5780 5781 5782 5783 5784 5785 5786 5787 5788 5789 5790 5791 5792 5793 5794 5795 5796 5797 5833 5834 5835 5836 5837 5838 5839 5840 5841 5842 5843 5844 5845 5846 5847 5848 5849 5850 5851 5852 5964 5965 5966 5967 5968 5969 5970 5971 5972 5973 5974 5975 5976 5977 5978 5979 5980 5981 5982 5983 5984 5985 5986 5987 5988 5989 5990 5991 5992 5993 5994 5995 5996 5997 5998 5999 6000 6001 6002 6003 6004 6005 6006 6007 6008 6009 6010 6011 6012 6013 6014 6015 6016 6017 6018 6019 6020 6021 6022 6154 6155 6156 6157 6158 6159 6160 6161 6162 6163 6164 6165 6166 6167 6168 6169 6170 6171 6172 6173 6174 6175 6176 6177 6178 6179 6180 6181 6182 6183 6184 6185 6186 6187 6188 6189 6190 6191 6192 6193 6194 6195 6196 6197 6198 6199 6200 6201 6202 6203 6204 6205 6206 6207 6208 6209 6210 6211 6212 6213 6214 6305 6306 6307 6308 6309 6310 6311 6312 6313 6314 6315 6316 6317 6318 6319 6320 6321 6322 6323 6324 6325 6326 6327 6328 6329 6330 6331 6332 6333 6334 6335 6336 6337 6338 6339 6340 6341 6342 6343 6344 6345 6346 6347 6348 6349 6350 6351 6352 6353 6354 6355 6392 6393 6394 6395 6396 6397 6398 6399 6400 6401 6402 6403 6404 6405 6406 6454 6455 6456 6457 6458 6459 6460 6461 6462 6463 6464 6465 6466 6467 6468 6469 6470 6471 6472 6473 6474 6475 6592 6593 6594 6595 6596 6597 6598 6599 6600 6601 6602 6603 6604 6605 6606 6607 6608 6609 6610 6611 6612 6613 6614 6615 6616 6617 6618 6619 6620 6621 6622 6623 6624 6625 6626 6627 6628 6629 6630 6631 6632 6633 6634 6635 6636 6637 6638 6639 6640 6641 6642 6643 6644 6645 6646 6647 
