7125
0 0 
1 1 0 
1 2 0 1 
2 1 0 
3 2 2 3 
1 2 0 4 
2 1 0 
2 2 0 1 
3 3 5 6 7 
1 2 0 8 
2 2 0 4 
3 2 9 10 
1 2 0 11 
2 2 0 4 
2 2 0 8 
3 3 12 13 14 
1 2 0 15 
1 2 0 16 
2 2 0 15 
3 2 17 18 
1 2 0 19 
1 2 0 20 
4 1 0 
4 2 0 1 
4 2 0 4 
4 2 0 8 
4 2 0 11 
4 2 0 15 
4 2 0 16 
4 2 0 19 
4 2 0 20 
4 2 0 21 
1 1 0 
1 2 0 32 
2 1 0 
3 2 33 34 
1 2 0 35 
2 1 0 
3 2 36 37 
1 2 0 38 
2 2 0 35 
3 2 39 40 
1 2 0 41 
1 2 0 42 
2 2 0 41 
3 2 43 44 
1 2 0 45 
2 2 0 41 
2 2 0 42 
3 3 46 47 48 
1 2 0 49 
2 2 0 41 
2 2 0 42 
2 2 0 45 
3 4 50 51 52 53 
1 2 0 54 
2 2 0 45 
2 2 0 49 
3 3 55 56 57 
1 2 0 58 
1 2 0 59 
2 2 0 58 
3 2 60 61 
1 2 0 62 
2 2 0 59 
3 2 63 64 
1 2 0 65 
2 2 0 62 
3 2 66 67 
1 2 0 68 
2 2 0 65 
3 2 69 70 
1 2 0 71 
1 2 0 72 
2 2 0 71 
3 2 73 74 
1 2 0 75 
2 2 0 72 
3 2 76 77 
1 2 0 78 
1 2 0 79 
2 2 0 78 
3 2 80 81 
1 2 0 82 
2 2 0 79 
3 2 83 84 
1 2 0 85 
2 2 0 82 
3 2 86 87 
1 2 0 88 
1 2 0 89 
2 2 0 88 
3 2 90 91 
1 2 0 92 
2 2 0 89 
3 2 93 94 
1 2 0 95 
2 2 0 92 
3 2 96 97 
1 2 0 98 
1 2 0 99 
1 2 0 100 
2 2 0 99 
3 2 101 102 
1 2 0 103 
2 2 0 100 
3 2 104 105 
1 2 0 106 
2 2 0 103 
3 2 107 108 
1 2 0 109 
1 2 0 110 
2 2 0 109 
3 2 111 112 
1 2 0 113 
2 2 0 110 
3 2 114 115 
1 2 0 116 
1 2 0 117 
1 2 0 118 
1 2 0 119 
1 2 0 120 
2 2 0 119 
3 2 121 122 
1 2 0 123 
2 2 0 119 
2 2 0 120 
3 3 124 125 126 
1 2 0 127 
2 2 0 123 
3 2 128 129 
1 2 0 130 
1 2 0 131 
2 2 0 130 
3 2 132 133 
1 2 0 134 
1 2 0 135 
2 2 0 134 
3 2 136 137 
1 2 0 138 
1 2 0 139 
2 2 0 138 
3 2 140 141 
1 2 0 142 
4 1 0 
4 2 0 32 
4 2 0 35 
4 2 0 38 
4 2 0 41 
4 2 0 42 
4 2 0 45 
4 2 0 49 
4 2 0 54 
4 2 0 58 
4 2 0 59 
4 2 0 62 
4 2 0 65 
4 2 0 68 
4 2 0 71 
4 2 0 72 
4 2 0 75 
4 2 0 78 
4 2 0 79 
4 2 0 82 
4 2 0 85 
4 2 0 88 
4 2 0 89 
4 2 0 92 
4 2 0 95 
4 2 0 98 
4 2 0 99 
4 2 0 100 
4 2 0 103 
4 2 0 106 
4 2 0 109 
4 2 0 110 
4 2 0 113 
4 2 0 116 
4 2 0 117 
4 2 0 118 
4 2 0 119 
4 2 0 120 
4 2 0 123 
4 2 0 127 
4 2 0 130 
4 2 0 131 
4 2 0 134 
4 2 0 135 
4 2 0 138 
4 2 0 139 
4 2 0 142 
4 2 0 143 
1 1 0 
1 2 0 192 
2 1 0 
3 2 193 194 
1 2 0 195 
1 2 0 196 
1 2 0 197 
1 2 0 198 
1 2 0 199 
2 2 0 198 
3 2 200 201 
1 2 0 202 
2 2 0 198 
3 2 203 204 
1 2 0 205 
2 2 0 202 
3 2 206 207 
1 2 0 208 
2 2 0 205 
3 2 209 210 
1 2 0 211 
2 2 0 208 
3 2 212 213 
1 2 0 214 
2 2 0 211 
3 2 215 216 
1 2 0 217 
2 2 0 211 
3 2 218 219 
1 2 0 220 
1 2 0 221 
1 2 0 222 
2 2 0 221 
3 2 223 224 
1 2 0 225 
2 2 0 221 
2 2 0 222 
3 3 226 227 228 
1 2 0 229 
2 2 0 225 
3 2 230 231 
1 2 0 232 
2 2 0 229 
3 2 233 234 
1 2 0 235 
1 2 0 236 
1 2 0 237 
1 2 0 238 
2 2 0 236 
3 2 239 240 
1 2 0 241 
1 2 0 242 
1 2 0 243 
2 2 0 242 
3 2 244 245 
1 2 0 246 
1 2 0 247 
2 2 0 246 
3 2 248 249 
1 2 0 250 
2 2 0 246 
2 2 0 247 
3 3 251 252 253 
1 2 0 254 
1 2 0 255 
1 2 0 256 
2 2 0 254 
2 2 0 255 
3 3 257 258 259 
1 2 0 260 
2 2 0 254 
2 2 0 255 
2 2 0 256 
3 4 261 262 263 264 
1 2 0 265 
1 2 0 266 
2 2 0 265 
3 2 267 268 
1 2 0 269 
1 2 0 270 
1 2 0 271 
1 2 0 272 
2 2 0 271 
3 2 273 274 
1 2 0 275 
1 2 0 276 
2 2 0 275 
3 2 277 278 
1 2 0 279 
4 1 0 
4 2 0 192 
4 2 0 195 
4 2 0 196 
4 2 0 197 
4 2 0 198 
4 2 0 199 
4 2 0 202 
4 2 0 205 
4 2 0 208 
4 2 0 211 
4 2 0 214 
4 2 0 217 
4 2 0 220 
4 2 0 221 
4 2 0 222 
4 2 0 225 
4 2 0 229 
4 2 0 232 
4 2 0 235 
4 2 0 236 
4 2 0 237 
4 2 0 238 
4 2 0 241 
4 2 0 242 
4 2 0 243 
4 2 0 246 
4 2 0 247 
4 2 0 250 
4 2 0 254 
4 2 0 255 
4 2 0 256 
4 2 0 260 
4 2 0 265 
4 2 0 266 
4 2 0 269 
4 2 0 270 
4 2 0 271 
4 2 0 272 
4 2 0 275 
4 2 0 276 
4 2 0 279 
4 2 0 280 
1 1 0 
1 2 0 324 
1 2 0 325 
1 2 0 326 
1 2 0 327 
2 2 0 326 
3 2 328 329 
1 2 0 330 
2 2 0 326 
3 2 331 332 
1 2 0 333 
1 2 0 334 
2 2 0 333 
3 2 335 336 
1 2 0 337 
2 2 0 333 
2 2 0 334 
3 3 338 339 340 
1 2 0 341 
2 2 0 337 
3 2 342 343 
1 2 0 344 
1 2 0 345 
1 2 0 346 
2 2 0 345 
3 2 347 348 
1 2 0 349 
1 2 0 350 
2 2 0 349 
3 2 351 352 
1 2 0 353 
1 2 0 354 
2 2 0 353 
3 2 355 356 
1 2 0 357 
1 2 0 358 
1 2 0 359 
2 2 0 358 
3 2 360 361 
1 2 0 362 
1 2 0 363 
2 2 0 362 
3 2 364 365 
1 2 0 366 
4 1 0 
4 2 0 324 
4 2 0 325 
4 2 0 326 
4 2 0 327 
4 2 0 330 
4 2 0 333 
4 2 0 334 
4 2 0 337 
4 2 0 341 
4 2 0 344 
4 2 0 345 
4 2 0 346 
4 2 0 349 
4 2 0 350 
4 2 0 353 
4 2 0 354 
4 2 0 357 
4 2 0 358 
4 2 0 359 
4 2 0 362 
4 2 0 363 
4 2 0 366 
4 2 0 367 
1 1 0 
1 2 0 392 
1 2 0 393 
1 2 0 394 
4 1 0 
4 2 0 392 
4 2 0 393 
4 2 0 394 
4 2 0 395 
1 1 0 
1 2 0 401 
2 1 0 
3 2 402 403 
1 2 0 404 
2 1 0 
2 2 0 401 
3 3 405 406 407 
1 2 0 408 
2 2 0 404 
3 2 409 410 
1 2 0 411 
1 2 0 412 
2 2 0 408 
2 2 0 411 
3 3 413 414 415 
1 2 0 416 
1 2 0 417 
1 2 0 418 
1 2 0 419 
2 2 0 417 
2 2 0 418 
3 3 420 421 422 
1 2 0 423 
1 2 0 424 
1 2 0 425 
2 2 0 424 
3 2 426 427 
1 2 0 428 
1 2 0 429 
2 2 0 428 
3 2 430 431 
1 2 0 432 
1 2 0 433 
1 2 0 434 
2 2 0 433 
3 2 435 436 
1 2 0 437 
1 2 0 438 
2 2 0 437 
3 2 439 440 
1 2 0 441 
2 2 0 438 
3 2 442 443 
1 2 0 444 
2 2 0 441 
3 2 445 446 
1 2 0 447 
1 2 0 448 
2 2 0 447 
3 2 449 450 
1 2 0 451 
1 2 0 452 
1 2 0 453 
2 2 0 452 
3 2 454 455 
1 2 0 456 
1 2 0 457 
2 2 0 456 
3 2 458 459 
1 2 0 460 
2 2 0 457 
3 2 461 462 
1 2 0 463 
2 2 0 457 
2 2 0 460 
3 3 464 465 466 
1 2 0 467 
1 2 0 468 
1 2 0 469 
2 2 0 468 
3 2 470 471 
1 2 0 472 
2 2 0 469 
3 2 473 474 
1 2 0 475 
2 2 0 469 
2 2 0 472 
3 3 476 477 478 
1 2 0 479 
1 2 0 480 
2 2 0 479 
3 2 481 482 
1 2 0 483 
2 2 0 480 
3 2 484 485 
1 2 0 486 
2 2 0 483 
3 2 487 488 
1 2 0 489 
1 2 0 490 
2 2 0 489 
3 2 491 492 
1 2 0 493 
1 2 0 494 
1 2 0 495 
2 2 0 494 
3 2 496 497 
1 2 0 498 
4 1 0 
4 2 0 401 
4 2 0 404 
4 2 0 408 
4 2 0 411 
4 2 0 412 
4 2 0 416 
4 2 0 417 
4 2 0 418 
4 2 0 419 
4 2 0 423 
4 2 0 424 
4 2 0 425 
4 2 0 428 
4 2 0 429 
4 2 0 432 
4 2 0 433 
4 2 0 434 
4 2 0 437 
4 2 0 438 
4 2 0 441 
4 2 0 444 
4 2 0 447 
4 2 0 448 
4 2 0 451 
4 2 0 452 
4 2 0 453 
4 2 0 456 
4 2 0 457 
4 2 0 460 
4 2 0 463 
4 2 0 467 
4 2 0 468 
4 2 0 469 
4 2 0 472 
4 2 0 475 
4 2 0 479 
4 2 0 480 
4 2 0 483 
4 2 0 486 
4 2 0 489 
4 2 0 490 
4 2 0 493 
4 2 0 494 
4 2 0 495 
4 2 0 498 
4 2 0 499 
1 1 0 
1 2 0 547 
1 2 0 548 
1 2 0 549 
2 2 0 548 
3 2 550 551 
1 2 0 552 
2 2 0 549 
3 2 553 554 
1 2 0 555 
1 2 0 556 
1 2 0 557 
1 2 0 558 
2 2 0 557 
3 2 559 560 
1 2 0 561 
1 2 0 562 
1 2 0 563 
1 2 0 564 
2 2 0 563 
3 2 565 566 
1 2 0 567 
1 2 0 568 
2 2 0 567 
3 2 569 570 
1 2 0 571 
1 2 0 572 
2 2 0 571 
3 2 573 574 
1 2 0 575 
1 2 0 576 
2 2 0 575 
3 2 577 578 
1 2 0 579 
2 2 0 576 
3 2 580 581 
1 2 0 582 
2 2 0 576 
2 2 0 579 
3 3 583 584 585 
1 2 0 586 
4 1 0 
4 2 0 547 
4 2 0 548 
4 2 0 549 
4 2 0 552 
4 2 0 555 
4 2 0 556 
4 2 0 557 
4 2 0 558 
4 2 0 561 
4 2 0 562 
4 2 0 563 
4 2 0 564 
4 2 0 567 
4 2 0 568 
4 2 0 571 
4 2 0 572 
4 2 0 575 
4 2 0 576 
4 2 0 579 
4 2 0 582 
4 2 0 586 
4 2 0 587 
1 1 0 
1 2 0 611 
2 1 0 
3 2 612 613 
1 2 0 614 
2 1 0 
2 2 0 611 
3 3 615 616 617 
1 2 0 618 
1 2 0 619 
2 2 0 618 
3 2 620 621 
1 2 0 622 
2 2 0 619 
3 2 623 624 
1 2 0 625 
4 1 0 
4 2 0 611 
4 2 0 614 
4 2 0 618 
4 2 0 619 
4 2 0 622 
4 2 0 625 
4 2 0 626 
1 1 0 
1 2 0 635 
2 1 0 
3 2 636 637 
1 2 0 638 
2 2 0 635 
3 2 639 640 
1 2 0 641 
2 2 0 638 
3 2 642 643 
1 2 0 644 
1 2 0 645 
1 2 0 646 
2 2 0 644 
2 2 0 645 
3 3 647 648 649 
1 2 0 650 
1 2 0 651 
2 2 0 650 
3 2 652 653 
1 2 0 654 
2 2 0 651 
3 2 655 656 
1 2 0 657 
1 2 0 658 
2 2 0 657 
3 2 659 660 
1 2 0 661 
1 2 0 662 
2 2 0 661 
3 2 663 664 
1 2 0 665 
2 2 0 661 
2 2 0 662 
3 3 666 667 668 
1 2 0 669 
2 2 0 665 
3 2 670 671 
1 2 0 672 
2 2 0 669 
3 2 673 674 
1 2 0 675 
1 2 0 676 
2 2 0 675 
3 2 677 678 
1 2 0 679 
2 2 0 675 
2 2 0 676 
3 3 680 681 682 
1 2 0 683 
1 2 0 684 
2 2 0 683 
3 2 685 686 
1 2 0 687 
1 2 0 688 
2 2 0 687 
3 2 689 690 
1 2 0 691 
1 2 0 692 
2 2 0 691 
3 2 693 694 
1 2 0 695 
4 1 0 
4 2 0 635 
4 2 0 638 
4 2 0 641 
4 2 0 644 
4 2 0 645 
4 2 0 646 
4 2 0 650 
4 2 0 651 
4 2 0 654 
4 2 0 657 
4 2 0 658 
4 2 0 661 
4 2 0 662 
4 2 0 665 
4 2 0 669 
4 2 0 672 
4 2 0 675 
4 2 0 676 
4 2 0 679 
4 2 0 683 
4 2 0 684 
4 2 0 687 
4 2 0 688 
4 2 0 691 
4 2 0 692 
4 2 0 695 
4 2 0 696 
1 1 0 
1 2 0 725 
2 1 0 
3 2 726 727 
1 2 0 728 
2 1 0 
2 2 0 725 
3 3 729 730 731 
1 2 0 732 
2 2 0 728 
3 2 733 734 
1 2 0 735 
2 2 0 728 
2 2 0 732 
3 3 736 737 738 
1 2 0 739 
1 2 0 740 
1 2 0 741 
2 2 0 739 
2 2 0 740 
3 3 742 743 744 
1 2 0 745 
4 1 0 
4 2 0 725 
4 2 0 728 
4 2 0 732 
4 2 0 735 
4 2 0 739 
4 2 0 740 
4 2 0 741 
4 2 0 745 
4 2 0 746 
1 1 0 
1 2 0 757 
1 2 0 758 
2 2 0 757 
3 2 759 760 
1 2 0 761 
2 2 0 758 
3 2 762 763 
1 2 0 764 
2 2 0 761 
3 2 765 766 
1 2 0 767 
4 1 0 
4 2 0 757 
4 2 0 758 
4 2 0 761 
4 2 0 764 
4 2 0 767 
4 2 0 768 
1 1 0 
1 2 0 776 
2 1 0 
3 2 777 778 
1 2 0 779 
2 1 0 
3 2 780 781 
1 2 0 782 
1 2 0 783 
2 2 0 782 
3 2 784 785 
4 1 0 
4 2 0 776 
4 2 0 779 
4 2 0 782 
4 2 0 783 
4 2 0 786 
1 1 0 
1 2 0 793 
1 2 0 794 
4 1 0 
4 2 0 793 
4 2 0 794 
4 2 0 795 
1 1 0 
1 2 0 800 
2 1 0 
3 2 801 802 
1 2 0 803 
2 1 0 
3 2 804 805 
1 2 0 806 
1 2 0 807 
1 2 0 808 
2 2 0 807 
3 2 809 810 
1 2 0 811 
1 2 0 812 
2 2 0 811 
3 2 813 814 
1 2 0 815 
2 2 0 811 
2 2 0 812 
3 3 816 817 818 
1 2 0 819 
2 2 0 811 
2 2 0 812 
2 2 0 815 
3 4 820 821 822 823 
1 2 0 824 
2 2 0 812 
2 2 0 815 
2 2 0 819 
3 4 825 826 827 828 
1 2 0 829 
1 2 0 830 
1 2 0 831 
2 2 0 830 
3 2 832 833 
1 2 0 834 
1 2 0 835 
1 2 0 836 
2 2 0 834 
3 2 837 838 
1 2 0 839 
2 2 0 834 
2 2 0 836 
3 3 840 841 842 
1 2 0 843 
1 2 0 844 
1 2 0 845 
2 2 0 844 
3 2 846 847 
1 2 0 848 
1 2 0 849 
1 2 0 850 
1 2 0 851 
1 2 0 852 
2 2 0 851 
3 2 853 854 
1 2 0 855 
2 2 0 851 
3 2 856 857 
1 2 0 858 
1 2 0 859 
2 2 0 858 
3 2 860 861 
1 2 0 862 
1 2 0 863 
1 2 0 864 
1 2 0 865 
1 2 0 866 
2 2 0 865 
3 2 867 868 
1 2 0 869 
2 2 0 866 
3 2 870 871 
1 2 0 872 
1 2 0 873 
1 2 0 874 
1 2 0 875 
1 2 0 876 
1 2 0 877 
1 2 0 878 
1 2 0 879 
1 2 0 880 
1 2 0 881 
1 2 0 882 
1 2 0 883 
1 2 0 884 
2 2 0 883 
3 2 885 886 
1 2 0 887 
2 2 0 883 
2 2 0 884 
3 3 888 889 890 
1 2 0 891 
1 2 0 892 
1 2 0 893 
2 2 0 892 
3 2 894 895 
1 2 0 896 
1 2 0 897 
1 2 0 898 
1 2 0 899 
1 2 0 900 
2 2 0 899 
3 2 901 902 
1 2 0 903 
2 2 0 900 
3 2 904 905 
1 2 0 906 
1 2 0 907 
2 2 0 906 
3 2 908 909 
1 2 0 910 
1 2 0 911 
2 2 0 910 
3 2 912 913 
1 2 0 914 
1 2 0 915 
2 2 0 914 
3 2 916 917 
1 2 0 918 
1 2 0 919 
1 2 0 920 
1 2 0 921 
1 2 0 922 
2 2 0 921 
3 2 923 924 
1 2 0 925 
1 2 0 926 
2 2 0 921 
2 2 0 925 
3 3 927 928 929 
1 2 0 930 
1 2 0 931 
1 2 0 932 
2 2 0 931 
3 2 933 934 
1 2 0 935 
2 2 0 931 
3 2 936 937 
1 2 0 938 
1 2 0 939 
2 2 0 938 
3 2 940 941 
1 2 0 942 
2 2 0 938 
2 2 0 939 
3 3 943 944 945 
1 2 0 946 
2 2 0 942 
3 2 947 948 
1 2 0 949 
1 2 0 950 
1 2 0 951 
1 2 0 952 
2 2 0 951 
3 2 953 954 
1 2 0 955 
2 2 0 951 
2 2 0 952 
3 3 956 957 958 
1 2 0 959 
1 2 0 960 
1 2 0 961 
2 2 0 960 
3 2 962 963 
1 2 0 964 
1 2 0 965 
1 2 0 966 
1 2 0 967 
1 2 0 968 
1 2 0 969 
1 2 0 970 
1 2 0 971 
1 2 0 972 
4 1 0 
4 2 0 800 
4 2 0 803 
4 2 0 806 
4 2 0 807 
4 2 0 808 
4 2 0 811 
4 2 0 812 
4 2 0 815 
4 2 0 819 
4 2 0 824 
4 2 0 829 
4 2 0 830 
4 2 0 831 
4 2 0 834 
4 2 0 835 
4 2 0 836 
4 2 0 839 
4 2 0 843 
4 2 0 844 
4 2 0 845 
4 2 0 848 
4 2 0 849 
4 2 0 850 
4 2 0 851 
4 2 0 852 
4 2 0 855 
4 2 0 858 
4 2 0 859 
4 2 0 862 
4 2 0 863 
4 2 0 864 
4 2 0 865 
4 2 0 866 
4 2 0 869 
4 2 0 872 
4 2 0 873 
4 2 0 874 
4 2 0 875 
4 2 0 876 
4 2 0 877 
4 2 0 878 
4 2 0 879 
4 2 0 880 
4 2 0 881 
4 2 0 882 
4 2 0 883 
4 2 0 884 
4 2 0 887 
4 2 0 891 
4 2 0 892 
4 2 0 893 
4 2 0 896 
4 2 0 897 
4 2 0 898 
4 2 0 899 
4 2 0 900 
4 2 0 903 
4 2 0 906 
4 2 0 907 
4 2 0 910 
4 2 0 911 
4 2 0 914 
4 2 0 915 
4 2 0 918 
4 2 0 919 
4 2 0 920 
4 2 0 921 
4 2 0 922 
4 2 0 925 
4 2 0 926 
4 2 0 930 
4 2 0 931 
4 2 0 932 
4 2 0 935 
4 2 0 938 
4 2 0 939 
4 2 0 942 
4 2 0 946 
4 2 0 949 
4 2 0 950 
4 2 0 951 
4 2 0 952 
4 2 0 955 
4 2 0 959 
4 2 0 960 
4 2 0 961 
4 2 0 964 
4 2 0 965 
4 2 0 966 
4 2 0 967 
4 2 0 968 
4 2 0 969 
4 2 0 970 
4 2 0 971 
4 2 0 972 
4 2 0 973 
1 1 0 
1 2 0 1071 
2 1 0 
3 2 1072 1073 
1 2 0 1074 
1 2 0 1075 
1 2 0 1076 
1 2 0 1077 
1 2 0 1078 
2 2 0 1077 
3 2 1079 1080 
1 2 0 1081 
2 2 0 1077 
3 2 1082 1083 
1 2 0 1084 
1 2 0 1085 
2 2 0 1081 
3 2 1086 1087 
1 2 0 1088 
1 2 0 1089 
2 2 0 1088 
3 2 1090 1091 
1 2 0 1092 
1 2 0 1093 
2 2 0 1092 
3 2 1094 1095 
1 2 0 1096 
2 2 0 1093 
3 2 1097 1098 
1 2 0 1099 
2 2 0 1093 
2 2 0 1096 
3 3 1100 1101 1102 
1 2 0 1103 
1 2 0 1104 
2 2 0 1103 
3 2 1105 1106 
1 2 0 1107 
2 2 0 1104 
3 2 1108 1109 
1 2 0 1110 
2 2 0 1107 
3 2 1111 1112 
1 2 0 1113 
1 2 0 1114 
2 2 0 1113 
3 2 1115 1116 
1 2 0 1117 
1 2 0 1118 
1 2 0 1119 
2 2 0 1118 
3 2 1120 1121 
1 2 0 1122 
2 2 0 1119 
3 2 1123 1124 
1 2 0 1125 
2 2 0 1122 
3 2 1126 1127 
1 2 0 1128 
1 2 0 1129 
1 2 0 1130 
1 2 0 1131 
1 2 0 1132 
2 2 0 1131 
3 2 1133 1134 
1 2 0 1135 
1 2 0 1136 
2 2 0 1135 
3 2 1137 1138 
1 2 0 1139 
1 2 0 1140 
2 2 0 1139 
3 2 1141 1142 
1 2 0 1143 
1 2 0 1144 
2 2 0 1143 
3 2 1145 1146 
1 2 0 1147 
1 2 0 1148 
2 2 0 1147 
3 2 1149 1150 
1 2 0 1151 
1 2 0 1152 
1 2 0 1153 
2 2 0 1152 
3 2 1154 1155 
1 2 0 1156 
1 2 0 1157 
2 2 0 1156 
3 2 1158 1159 
1 2 0 1160 
1 2 0 1161 
1 2 0 1162 
1 2 0 1163 
1 2 0 1164 
1 2 0 1165 
1 2 0 1166 
1 2 0 1167 
1 2 0 1168 
2 2 0 1167 
3 2 1169 1170 
1 2 0 1171 
1 2 0 1172 
2 2 0 1167 
3 2 1173 1174 
1 2 0 1175 
1 2 0 1176 
4 1 0 
4 2 0 1071 
4 2 0 1074 
4 2 0 1075 
4 2 0 1076 
4 2 0 1077 
4 2 0 1078 
4 2 0 1081 
4 2 0 1084 
4 2 0 1085 
4 2 0 1088 
4 2 0 1089 
4 2 0 1092 
4 2 0 1093 
4 2 0 1096 
4 2 0 1099 
4 2 0 1103 
4 2 0 1104 
4 2 0 1107 
4 2 0 1110 
4 2 0 1113 
4 2 0 1114 
4 2 0 1117 
4 2 0 1118 
4 2 0 1119 
4 2 0 1122 
4 2 0 1125 
4 2 0 1128 
4 2 0 1129 
4 2 0 1130 
4 2 0 1131 
4 2 0 1132 
4 2 0 1135 
4 2 0 1136 
4 2 0 1139 
4 2 0 1140 
4 2 0 1143 
4 2 0 1144 
4 2 0 1147 
4 2 0 1148 
4 2 0 1151 
4 2 0 1152 
4 2 0 1153 
4 2 0 1156 
4 2 0 1157 
4 2 0 1160 
4 2 0 1161 
4 2 0 1162 
4 2 0 1163 
4 2 0 1164 
4 2 0 1165 
4 2 0 1166 
4 2 0 1167 
4 2 0 1168 
4 2 0 1171 
4 2 0 1172 
4 2 0 1175 
4 2 0 1176 
4 2 0 1177 
1 1 0 
1 2 0 1237 
2 1 0 
3 2 1238 1239 
1 2 0 1240 
2 1 0 
3 2 1241 1242 
1 2 0 1243 
1 2 0 1244 
1 2 0 1245 
2 2 0 1244 
3 2 1246 1247 
1 2 0 1248 
1 2 0 1249 
2 2 0 1248 
3 2 1250 1251 
1 2 0 1252 
1 2 0 1253 
2 2 0 1252 
3 2 1254 1255 
1 2 0 1256 
1 2 0 1257 
2 2 0 1256 
3 2 1258 1259 
1 2 0 1260 
1 2 0 1261 
2 2 0 1260 
3 2 1262 1263 
1 2 0 1264 
2 2 0 1261 
3 2 1265 1266 
1 2 0 1267 
1 2 0 1268 
1 2 0 1269 
2 2 0 1268 
3 2 1270 1271 
1 2 0 1272 
1 2 0 1273 
1 2 0 1274 
1 2 0 1275 
2 2 0 1274 
3 2 1276 1277 
1 2 0 1278 
1 2 0 1279 
1 2 0 1280 
2 2 0 1279 
3 2 1281 1282 
1 2 0 1283 
1 2 0 1284 
2 2 0 1283 
3 2 1285 1286 
1 2 0 1287 
1 2 0 1288 
1 2 0 1289 
1 2 0 1290 
1 2 0 1291 
2 2 0 1290 
3 2 1292 1293 
1 2 0 1294 
1 2 0 1295 
2 2 0 1294 
3 2 1296 1297 
1 2 0 1298 
1 2 0 1299 
1 2 0 1300 
1 2 0 1301 
1 2 0 1302 
1 2 0 1303 
1 2 0 1304 
2 2 0 1303 
3 2 1305 1306 
1 2 0 1307 
1 2 0 1308 
1 2 0 1309 
2 2 0 1308 
3 2 1310 1311 
1 2 0 1312 
1 2 0 1313 
2 2 0 1312 
3 2 1314 1315 
1 2 0 1316 
2 2 0 1313 
3 2 1317 1318 
1 2 0 1319 
2 2 0 1316 
3 2 1320 1321 
1 2 0 1322 
1 2 0 1323 
1 2 0 1324 
2 2 0 1323 
3 2 1325 1326 
1 2 0 1327 
1 2 0 1328 
2 2 0 1327 
3 2 1329 1330 
1 2 0 1331 
4 1 0 
4 2 0 1237 
4 2 0 1240 
4 2 0 1243 
4 2 0 1244 
4 2 0 1245 
4 2 0 1248 
4 2 0 1249 
4 2 0 1252 
4 2 0 1253 
4 2 0 1256 
4 2 0 1257 
4 2 0 1260 
4 2 0 1261 
4 2 0 1264 
4 2 0 1267 
4 2 0 1268 
4 2 0 1269 
4 2 0 1272 
4 2 0 1273 
4 2 0 1274 
4 2 0 1275 
4 2 0 1278 
4 2 0 1279 
4 2 0 1280 
4 2 0 1283 
4 2 0 1284 
4 2 0 1287 
4 2 0 1288 
4 2 0 1289 
4 2 0 1290 
4 2 0 1291 
4 2 0 1294 
4 2 0 1295 
4 2 0 1298 
4 2 0 1299 
4 2 0 1300 
4 2 0 1301 
4 2 0 1302 
4 2 0 1303 
4 2 0 1304 
4 2 0 1307 
4 2 0 1308 
4 2 0 1309 
4 2 0 1312 
4 2 0 1313 
4 2 0 1316 
4 2 0 1319 
4 2 0 1322 
4 2 0 1323 
4 2 0 1324 
4 2 0 1327 
4 2 0 1328 
4 2 0 1331 
4 2 0 1332 
1 1 0 
1 2 0 1388 
2 1 0 
3 2 1389 1390 
1 2 0 1391 
1 2 0 1392 
1 2 0 1393 
2 2 0 1392 
3 2 1394 1395 
1 2 0 1396 
1 2 0 1397 
2 2 0 1396 
3 2 1398 1399 
1 2 0 1400 
1 2 0 1401 
1 2 0 1402 
2 2 0 1401 
3 2 1403 1404 
1 2 0 1405 
1 2 0 1406 
2 2 0 1405 
3 2 1407 1408 
1 2 0 1409 
1 2 0 1410 
1 2 0 1411 
2 2 0 1410 
3 2 1412 1413 
1 2 0 1414 
2 2 0 1411 
3 2 1415 1416 
1 2 0 1417 
1 2 0 1418 
2 2 0 1417 
3 2 1419 1420 
1 2 0 1421 
1 2 0 1422 
2 2 0 1421 
3 2 1423 1424 
1 2 0 1425 
1 2 0 1426 
2 2 0 1425 
3 2 1427 1428 
1 2 0 1429 
1 2 0 1430 
2 2 0 1429 
3 2 1431 1432 
1 2 0 1433 
2 2 0 1430 
3 2 1434 1435 
1 2 0 1436 
1 2 0 1437 
2 2 0 1436 
3 2 1438 1439 
1 2 0 1440 
2 2 0 1436 
3 2 1441 1442 
1 2 0 1443 
2 2 0 1440 
3 2 1444 1445 
1 2 0 1446 
2 2 0 1443 
3 2 1447 1448 
1 2 0 1449 
1 2 0 1450 
2 2 0 1449 
3 2 1451 1452 
1 2 0 1453 
4 1 0 
4 2 0 1388 
4 2 0 1391 
4 2 0 1392 
4 2 0 1393 
4 2 0 1396 
4 2 0 1397 
4 2 0 1400 
4 2 0 1401 
4 2 0 1402 
4 2 0 1405 
4 2 0 1406 
4 2 0 1409 
4 2 0 1410 
4 2 0 1411 
4 2 0 1414 
4 2 0 1417 
4 2 0 1418 
4 2 0 1421 
4 2 0 1422 
4 2 0 1425 
4 2 0 1426 
4 2 0 1429 
4 2 0 1430 
4 2 0 1433 
4 2 0 1436 
4 2 0 1437 
4 2 0 1440 
4 2 0 1443 
4 2 0 1446 
4 2 0 1449 
4 2 0 1450 
4 2 0 1453 
4 2 0 1454 
1 1 0 
1 2 0 1489 
1 2 0 1490 
1 2 0 1491 
2 1 0 
2 2 0 1490 
3 3 1492 1493 1494 
1 2 0 1495 
1 2 0 1496 
1 2 0 1497 
2 2 0 1496 
3 2 1498 1499 
1 2 0 1500 
1 2 0 1501 
2 2 0 1500 
3 2 1502 1503 
1 2 0 1504 
1 2 0 1505 
2 2 0 1504 
3 2 1506 1507 
1 2 0 1508 
2 2 0 1505 
3 2 1509 1510 
1 2 0 1511 
2 2 0 1508 
3 2 1512 1513 
1 2 0 1514 
1 2 0 1515 
1 2 0 1516 
2 2 0 1515 
3 2 1517 1518 
1 2 0 1519 
1 2 0 1520 
1 2 0 1521 
2 2 0 1520 
3 2 1522 1523 
1 2 0 1524 
1 2 0 1525 
1 2 0 1526 
2 2 0 1525 
3 2 1527 1528 
1 2 0 1529 
1 2 0 1530 
2 2 0 1529 
3 2 1531 1532 
1 2 0 1533 
1 2 0 1534 
2 2 0 1533 
3 2 1535 1536 
1 2 0 1537 
2 2 0 1534 
3 2 1538 1539 
1 2 0 1540 
2 2 0 1537 
3 2 1541 1542 
1 2 0 1543 
1 2 0 1544 
1 2 0 1545 
1 2 0 1546 
2 2 0 1545 
3 2 1547 1548 
1 2 0 1549 
1 2 0 1550 
1 2 0 1551 
1 2 0 1552 
2 2 0 1551 
3 2 1553 1554 
1 2 0 1555 
4 1 0 
4 2 0 1489 
4 2 0 1490 
4 2 0 1491 
4 2 0 1495 
4 2 0 1496 
4 2 0 1497 
4 2 0 1500 
4 2 0 1501 
4 2 0 1504 
4 2 0 1505 
4 2 0 1508 
4 2 0 1511 
4 2 0 1514 
4 2 0 1515 
4 2 0 1516 
4 2 0 1519 
4 2 0 1520 
4 2 0 1521 
4 2 0 1524 
4 2 0 1525 
4 2 0 1526 
4 2 0 1529 
4 2 0 1530 
4 2 0 1533 
4 2 0 1534 
4 2 0 1537 
4 2 0 1540 
4 2 0 1543 
4 2 0 1544 
4 2 0 1545 
4 2 0 1546 
4 2 0 1549 
4 2 0 1550 
4 2 0 1551 
4 2 0 1552 
4 2 0 1555 
4 2 0 1556 
1 1 0 
1 2 0 1595 
2 1 0 
3 2 1596 1597 
1 2 0 1598 
2 2 0 1595 
3 2 1599 1600 
1 2 0 1601 
2 2 0 1598 
3 2 1602 1603 
1 2 0 1604 
1 2 0 1605 
1 2 0 1606 
1 2 0 1607 
1 2 0 1608 
1 2 0 1609 
1 2 0 1610 
2 2 0 1609 
3 2 1611 1612 
1 2 0 1613 
1 2 0 1614 
2 2 0 1613 
3 2 1615 1616 
1 2 0 1617 
1 2 0 1618 
1 2 0 1619 
1 2 0 1620 
2 2 0 1619 
3 2 1621 1622 
1 2 0 1623 
2 2 0 1620 
3 2 1624 1625 
1 2 0 1626 
1 2 0 1627 
4 1 0 
4 2 0 1595 
4 2 0 1598 
4 2 0 1601 
4 2 0 1604 
4 2 0 1605 
4 2 0 1606 
4 2 0 1607 
4 2 0 1608 
4 2 0 1609 
4 2 0 1610 
4 2 0 1613 
4 2 0 1614 
4 2 0 1617 
4 2 0 1618 
4 2 0 1619 
4 2 0 1620 
4 2 0 1623 
4 2 0 1626 
4 2 0 1627 
4 2 0 1628 
1 1 0 
1 2 0 1650 
2 1 0 
3 2 1651 1652 
1 2 0 1653 
2 1 0 
2 2 0 1650 
3 3 1654 1655 1656 
1 2 0 1657 
1 2 0 1658 
1 2 0 1659 
1 2 0 1660 
1 2 0 1661 
2 2 0 1660 
3 2 1662 1663 
1 2 0 1664 
1 2 0 1665 
2 2 0 1664 
3 2 1666 1667 
1 2 0 1668 
2 2 0 1664 
3 2 1669 1670 
1 2 0 1671 
1 2 0 1672 
1 2 0 1673 
2 2 0 1672 
3 2 1674 1675 
1 2 0 1676 
1 2 0 1677 
2 2 0 1676 
3 2 1678 1679 
1 2 0 1680 
2 2 0 1677 
3 2 1681 1682 
1 2 0 1683 
1 2 0 1684 
1 2 0 1685 
2 2 0 1684 
3 2 1686 1687 
1 2 0 1688 
1 2 0 1689 
1 2 0 1690 
2 2 0 1689 
3 2 1691 1692 
1 2 0 1693 
1 2 0 1694 
2 2 0 1693 
3 2 1695 1696 
1 2 0 1697 
1 2 0 1698 
2 2 0 1697 
3 2 1699 1700 
1 2 0 1701 
1 2 0 1702 
1 2 0 1703 
2 2 0 1702 
3 2 1704 1705 
1 2 0 1706 
1 2 0 1707 
2 2 0 1706 
3 2 1708 1709 
1 2 0 1710 
2 2 0 1707 
3 2 1711 1712 
1 2 0 1713 
1 2 0 1714 
2 2 0 1713 
3 2 1715 1716 
1 2 0 1717 
1 2 0 1718 
2 2 0 1717 
3 2 1719 1720 
1 2 0 1721 
1 2 0 1722 
2 2 0 1721 
3 2 1723 1724 
1 2 0 1725 
1 2 0 1726 
1 2 0 1727 
1 2 0 1728 
1 2 0 1729 
2 2 0 1728 
3 2 1730 1731 
1 2 0 1732 
1 2 0 1733 
1 2 0 1734 
2 2 0 1733 
3 2 1735 1736 
1 2 0 1737 
1 2 0 1738 
1 2 0 1739 
2 2 0 1738 
3 2 1740 1741 
1 2 0 1742 
1 2 0 1743 
2 2 0 1742 
3 2 1744 1745 
1 2 0 1746 
1 2 0 1747 
1 2 0 1748 
2 2 0 1747 
3 2 1749 1750 
1 2 0 1751 
1 2 0 1752 
2 2 0 1751 
3 2 1753 1754 
1 2 0 1755 
1 2 0 1756 
1 2 0 1757 
2 2 0 1756 
3 2 1758 1759 
1 2 0 1760 
1 2 0 1761 
1 2 0 1762 
2 2 0 1761 
3 2 1763 1764 
1 2 0 1765 
1 2 0 1766 
2 2 0 1765 
3 2 1767 1768 
1 2 0 1769 
1 2 0 1770 
2 2 0 1769 
3 2 1771 1772 
1 2 0 1773 
1 2 0 1774 
1 2 0 1775 
1 2 0 1776 
1 2 0 1777 
2 2 0 1776 
3 2 1778 1779 
1 2 0 1780 
4 1 0 
4 2 0 1650 
4 2 0 1653 
4 2 0 1657 
4 2 0 1658 
4 2 0 1659 
4 2 0 1660 
4 2 0 1661 
4 2 0 1664 
4 2 0 1665 
4 2 0 1668 
4 2 0 1671 
4 2 0 1672 
4 2 0 1673 
4 2 0 1676 
4 2 0 1677 
4 2 0 1680 
4 2 0 1683 
4 2 0 1684 
4 2 0 1685 
4 2 0 1688 
4 2 0 1689 
4 2 0 1690 
4 2 0 1693 
4 2 0 1694 
4 2 0 1697 
4 2 0 1698 
4 2 0 1701 
4 2 0 1702 
4 2 0 1703 
4 2 0 1706 
4 2 0 1707 
4 2 0 1710 
4 2 0 1713 
4 2 0 1714 
4 2 0 1717 
4 2 0 1718 
4 2 0 1721 
4 2 0 1722 
4 2 0 1725 
4 2 0 1726 
4 2 0 1727 
4 2 0 1728 
4 2 0 1729 
4 2 0 1732 
4 2 0 1733 
4 2 0 1734 
4 2 0 1737 
4 2 0 1738 
4 2 0 1739 
4 2 0 1742 
4 2 0 1743 
4 2 0 1746 
4 2 0 1747 
4 2 0 1748 
4 2 0 1751 
4 2 0 1752 
4 2 0 1755 
4 2 0 1756 
4 2 0 1757 
4 2 0 1760 
4 2 0 1761 
4 2 0 1762 
4 2 0 1765 
4 2 0 1766 
4 2 0 1769 
4 2 0 1770 
4 2 0 1773 
4 2 0 1774 
4 2 0 1775 
4 2 0 1776 
4 2 0 1777 
4 2 0 1780 
4 2 0 1781 
1 1 0 
1 2 0 1856 
1 2 0 1857 
2 2 0 1856 
3 2 1858 1859 
1 2 0 1860 
2 2 0 1857 
3 2 1861 1862 
1 2 0 1863 
2 2 0 1860 
3 2 1864 1865 
1 2 0 1866 
1 2 0 1867 
1 2 0 1868 
1 2 0 1869 
2 2 0 1868 
3 2 1870 1871 
1 2 0 1872 
1 2 0 1873 
1 2 0 1874 
2 2 0 1873 
3 2 1875 1876 
1 2 0 1877 
1 2 0 1878 
2 2 0 1877 
3 2 1879 1880 
1 2 0 1881 
1 2 0 1882 
2 2 0 1881 
3 2 1883 1884 
1 2 0 1885 
2 2 0 1881 
2 2 0 1882 
3 3 1886 1887 1888 
1 2 0 1889 
2 2 0 1881 
2 2 0 1882 
2 2 0 1885 
3 4 1890 1891 1892 1893 
1 2 0 1894 
2 2 0 1882 
2 2 0 1885 
2 2 0 1889 
3 4 1895 1896 1897 1898 
1 2 0 1899 
2 2 0 1894 
3 2 1900 1901 
1 2 0 1902 
1 2 0 1903 
1 2 0 1904 
1 2 0 1905 
2 2 0 1904 
3 2 1906 1907 
1 2 0 1908 
1 2 0 1909 
1 2 0 1910 
1 2 0 1911 
1 2 0 1912 
2 2 0 1911 
3 2 1913 1914 
1 2 0 1915 
1 2 0 1916 
2 2 0 1915 
3 2 1917 1918 
1 2 0 1919 
2 2 0 1915 
2 2 0 1916 
3 3 1920 1921 1922 
1 2 0 1923 
2 2 0 1919 
3 2 1924 1925 
1 2 0 1926 
1 2 0 1927 
1 2 0 1928 
2 2 0 1927 
3 2 1929 1930 
1 2 0 1931 
1 2 0 1932 
1 2 0 1933 
2 2 0 1932 
3 2 1934 1935 
1 2 0 1936 
2 2 0 1933 
3 2 1937 1938 
1 2 0 1939 
2 2 0 1936 
3 2 1940 1941 
1 2 0 1942 
1 2 0 1943 
1 2 0 1944 
1 2 0 1945 
1 2 0 1946 
1 2 0 1947 
1 2 0 1948 
1 2 0 1949 
2 2 0 1948 
3 2 1950 1951 
1 2 0 1952 
1 2 0 1953 
2 2 0 1952 
3 2 1954 1955 
1 2 0 1956 
1 2 0 1957 
1 2 0 1958 
2 2 0 1957 
3 2 1959 1960 
1 2 0 1961 
2 2 0 1958 
3 2 1962 1963 
1 2 0 1964 
1 2 0 1965 
2 2 0 1964 
3 2 1966 1967 
1 2 0 1968 
1 2 0 1969 
1 2 0 1970 
1 2 0 1971 
2 2 0 1970 
3 2 1972 1973 
1 2 0 1974 
1 2 0 1975 
1 2 0 1976 
2 2 0 1975 
3 2 1977 1978 
1 2 0 1979 
1 2 0 1980 
1 2 0 1981 
2 2 0 1980 
3 2 1982 1983 
1 2 0 1984 
1 2 0 1985 
1 2 0 1986 
1 2 0 1987 
2 2 0 1986 
3 2 1988 1989 
1 2 0 1990 
1 2 0 1991 
1 2 0 1992 
2 2 0 1991 
3 2 1993 1994 
1 2 0 1995 
2 2 0 1991 
2 2 0 1992 
3 3 1996 1997 1998 
1 2 0 1999 
2 2 0 1991 
2 2 0 1992 
2 2 0 1995 
3 4 2000 2001 2002 2003 
1 2 0 2004 
2 2 0 1995 
2 2 0 1999 
3 3 2005 2006 2007 
1 2 0 2008 
1 2 0 2009 
2 2 0 2008 
3 2 2010 2011 
1 2 0 2012 
1 2 0 2013 
1 2 0 2014 
2 2 0 2013 
3 2 2015 2016 
1 2 0 2017 
1 2 0 2018 
2 2 0 2017 
3 2 2019 2020 
1 2 0 2021 
2 2 0 2018 
3 2 2022 2023 
1 2 0 2024 
1 2 0 2025 
2 2 0 2024 
3 2 2026 2027 
1 2 0 2028 
2 2 0 2024 
3 2 2029 2030 
1 2 0 2031 
1 2 0 2032 
1 2 0 2033 
2 2 0 2032 
3 2 2034 2035 
1 2 0 2036 
4 1 0 
4 2 0 1856 
4 2 0 1857 
4 2 0 1860 
4 2 0 1863 
4 2 0 1866 
4 2 0 1867 
4 2 0 1868 
4 2 0 1869 
4 2 0 1872 
4 2 0 1873 
4 2 0 1874 
4 2 0 1877 
4 2 0 1878 
4 2 0 1881 
4 2 0 1882 
4 2 0 1885 
4 2 0 1889 
4 2 0 1894 
4 2 0 1899 
4 2 0 1902 
4 2 0 1903 
4 2 0 1904 
4 2 0 1905 
4 2 0 1908 
4 2 0 1909 
4 2 0 1910 
4 2 0 1911 
4 2 0 1912 
4 2 0 1915 
4 2 0 1916 
4 2 0 1919 
4 2 0 1923 
4 2 0 1926 
4 2 0 1927 
4 2 0 1928 
4 2 0 1931 
4 2 0 1932 
4 2 0 1933 
4 2 0 1936 
4 2 0 1939 
4 2 0 1942 
4 2 0 1943 
4 2 0 1944 
4 2 0 1945 
4 2 0 1946 
4 2 0 1947 
4 2 0 1948 
4 2 0 1949 
4 2 0 1952 
4 2 0 1953 
4 2 0 1956 
4 2 0 1957 
4 2 0 1958 
4 2 0 1961 
4 2 0 1964 
4 2 0 1965 
4 2 0 1968 
4 2 0 1969 
4 2 0 1970 
4 2 0 1971 
4 2 0 1974 
4 2 0 1975 
4 2 0 1976 
4 2 0 1979 
4 2 0 1980 
4 2 0 1981 
4 2 0 1984 
4 2 0 1985 
4 2 0 1986 
4 2 0 1987 
4 2 0 1990 
4 2 0 1991 
4 2 0 1992 
4 2 0 1995 
4 2 0 1999 
4 2 0 2004 
4 2 0 2008 
4 2 0 2009 
4 2 0 2012 
4 2 0 2013 
4 2 0 2014 
4 2 0 2017 
4 2 0 2018 
4 2 0 2021 
4 2 0 2024 
4 2 0 2025 
4 2 0 2028 
4 2 0 2031 
4 2 0 2032 
4 2 0 2033 
4 2 0 2036 
4 2 0 2037 
1 1 0 
1 2 0 2131 
2 1 0 
3 2 2132 2133 
1 2 0 2134 
1 2 0 2135 
1 2 0 2136 
1 2 0 2137 
2 2 0 2136 
3 2 2138 2139 
1 2 0 2140 
1 2 0 2141 
2 2 0 2140 
3 2 2142 2143 
1 2 0 2144 
4 1 0 
4 2 0 2131 
4 2 0 2134 
4 2 0 2135 
4 2 0 2136 
4 2 0 2137 
4 2 0 2140 
4 2 0 2141 
4 2 0 2144 
4 2 0 2145 
1 1 0 
1 2 0 2156 
1 2 0 2157 
1 2 0 2158 
1 2 0 2159 
1 2 0 2160 
1 2 0 2161 
2 2 0 2160 
3 2 2162 2163 
1 2 0 2164 
1 2 0 2165 
1 2 0 2166 
2 2 0 2165 
3 2 2167 2168 
1 2 0 2169 
1 2 0 2170 
1 2 0 2171 
2 2 0 2170 
3 2 2172 2173 
1 2 0 2174 
1 2 0 2175 
1 2 0 2176 
1 2 0 2177 
2 2 0 2176 
3 2 2178 2179 
1 2 0 2180 
4 1 0 
4 2 0 2156 
4 2 0 2157 
4 2 0 2158 
4 2 0 2159 
4 2 0 2160 
4 2 0 2161 
4 2 0 2164 
4 2 0 2165 
4 2 0 2166 
4 2 0 2169 
4 2 0 2170 
4 2 0 2171 
4 2 0 2174 
4 2 0 2175 
4 2 0 2176 
4 2 0 2177 
4 2 0 2180 
4 2 0 2181 
1 1 0 
1 2 0 2201 
1 2 0 2202 
1 2 0 2203 
1 2 0 2204 
2 2 0 2203 
3 2 2205 2206 
1 2 0 2207 
2 2 0 2204 
3 2 2208 2209 
1 2 0 2210 
1 2 0 2211 
1 2 0 2212 
2 2 0 2211 
3 2 2213 2214 
1 2 0 2215 
4 1 0 
4 2 0 2201 
4 2 0 2202 
4 2 0 2203 
4 2 0 2204 
4 2 0 2207 
4 2 0 2210 
4 2 0 2211 
4 2 0 2212 
4 2 0 2215 
4 2 0 2216 
1 1 0 
1 2 0 2228 
1 2 0 2229 
1 2 0 2230 
1 2 0 2231 
1 2 0 2232 
2 2 0 2231 
3 2 2233 2234 
1 2 0 2235 
1 2 0 2236 
1 2 0 2237 
2 2 0 2236 
3 2 2238 2239 
1 2 0 2240 
1 2 0 2241 
2 2 0 2240 
3 2 2242 2243 
1 2 0 2244 
1 2 0 2245 
2 2 0 2244 
3 2 2246 2247 
1 2 0 2248 
1 2 0 2249 
2 2 0 2248 
3 2 2250 2251 
1 2 0 2252 
1 2 0 2253 
1 2 0 2254 
1 2 0 2255 
1 2 0 2256 
2 2 0 2255 
3 2 2257 2258 
1 2 0 2259 
1 2 0 2260 
2 2 0 2259 
3 2 2261 2262 
1 2 0 2263 
1 2 0 2264 
1 2 0 2265 
2 2 0 2264 
3 2 2266 2267 
1 2 0 2268 
1 2 0 2269 
2 2 0 2268 
3 2 2270 2271 
1 2 0 2272 
4 1 0 
4 2 0 2228 
4 2 0 2229 
4 2 0 2230 
4 2 0 2231 
4 2 0 2232 
4 2 0 2235 
4 2 0 2236 
4 2 0 2237 
4 2 0 2240 
4 2 0 2241 
4 2 0 2244 
4 2 0 2245 
4 2 0 2248 
4 2 0 2249 
4 2 0 2252 
4 2 0 2253 
4 2 0 2254 
4 2 0 2255 
4 2 0 2256 
4 2 0 2259 
4 2 0 2260 
4 2 0 2263 
4 2 0 2264 
4 2 0 2265 
4 2 0 2268 
4 2 0 2269 
4 2 0 2272 
4 2 0 2273 
1 1 0 
1 2 0 2303 
2 1 0 
3 2 2304 2305 
1 2 0 2306 
2 2 0 2303 
3 2 2307 2308 
1 2 0 2309 
1 2 0 2310 
2 2 0 2309 
3 2 2311 2312 
1 2 0 2313 
1 2 0 2314 
1 2 0 2315 
2 2 0 2314 
3 2 2316 2317 
1 2 0 2318 
1 2 0 2319 
1 2 0 2320 
1 2 0 2321 
1 2 0 2322 
1 2 0 2323 
1 2 0 2324 
1 2 0 2325 
1 2 0 2326 
1 2 0 2327 
1 2 0 2328 
2 2 0 2327 
3 2 2329 2330 
1 2 0 2331 
1 2 0 2332 
2 2 0 2331 
3 2 2333 2334 
1 2 0 2335 
1 2 0 2336 
1 2 0 2337 
1 2 0 2338 
1 2 0 2339 
1 2 0 2340 
1 2 0 2341 
1 2 0 2342 
2 2 0 2341 
3 2 2343 2344 
1 2 0 2345 
1 2 0 2346 
1 2 0 2347 
1 2 0 2348 
1 2 0 2349 
2 2 0 2348 
3 2 2350 2351 
1 2 0 2352 
1 2 0 2353 
2 2 0 2352 
3 2 2354 2355 
1 2 0 2356 
1 2 0 2357 
1 2 0 2358 
1 2 0 2359 
1 2 0 2360 
2 2 0 2359 
3 2 2361 2362 
1 2 0 2363 
1 2 0 2364 
2 2 0 2363 
3 2 2365 2366 
1 2 0 2367 
1 2 0 2368 
1 2 0 2369 
1 2 0 2370 
1 2 0 2371 
1 2 0 2372 
1 2 0 2373 
1 2 0 2374 
2 2 0 2373 
3 2 2375 2376 
1 2 0 2377 
1 2 0 2378 
1 2 0 2379 
1 2 0 2380 
2 2 0 2379 
3 2 2381 2382 
1 2 0 2383 
1 2 0 2384 
2 2 0 2383 
3 2 2385 2386 
1 2 0 2387 
1 2 0 2388 
2 2 0 2387 
3 2 2389 2390 
1 2 0 2391 
2 2 0 2388 
3 2 2392 2393 
1 2 0 2394 
2 2 0 2391 
3 2 2395 2396 
1 2 0 2397 
1 2 0 2398 
1 2 0 2399 
1 2 0 2400 
1 2 0 2401 
2 2 0 2400 
3 2 2402 2403 
1 2 0 2404 
2 2 0 2401 
3 2 2405 2406 
1 2 0 2407 
1 2 0 2408 
1 2 0 2409 
1 2 0 2410 
1 2 0 2411 
1 2 0 2412 
1 2 0 2413 
2 2 0 2412 
3 2 2414 2415 
1 2 0 2416 
2 2 0 2413 
3 2 2417 2418 
1 2 0 2419 
2 2 0 2416 
3 2 2420 2421 
1 2 0 2422 
2 2 0 2419 
3 2 2423 2424 
1 2 0 2425 
4 1 0 
4 2 0 2303 
4 2 0 2306 
4 2 0 2309 
4 2 0 2310 
4 2 0 2313 
4 2 0 2314 
4 2 0 2315 
4 2 0 2318 
4 2 0 2319 
4 2 0 2320 
4 2 0 2321 
4 2 0 2322 
4 2 0 2323 
4 2 0 2324 
4 2 0 2325 
4 2 0 2326 
4 2 0 2327 
4 2 0 2328 
4 2 0 2331 
4 2 0 2332 
4 2 0 2335 
4 2 0 2336 
4 2 0 2337 
4 2 0 2338 
4 2 0 2339 
4 2 0 2340 
4 2 0 2341 
4 2 0 2342 
4 2 0 2345 
4 2 0 2346 
4 2 0 2347 
4 2 0 2348 
4 2 0 2349 
4 2 0 2352 
4 2 0 2353 
4 2 0 2356 
4 2 0 2357 
4 2 0 2358 
4 2 0 2359 
4 2 0 2360 
4 2 0 2363 
4 2 0 2364 
4 2 0 2367 
4 2 0 2368 
4 2 0 2369 
4 2 0 2370 
4 2 0 2371 
4 2 0 2372 
4 2 0 2373 
4 2 0 2374 
4 2 0 2377 
4 2 0 2378 
4 2 0 2379 
4 2 0 2380 
4 2 0 2383 
4 2 0 2384 
4 2 0 2387 
4 2 0 2388 
4 2 0 2391 
4 2 0 2394 
4 2 0 2397 
4 2 0 2398 
4 2 0 2399 
4 2 0 2400 
4 2 0 2401 
4 2 0 2404 
4 2 0 2407 
4 2 0 2408 
4 2 0 2409 
4 2 0 2410 
4 2 0 2411 
4 2 0 2412 
4 2 0 2413 
4 2 0 2416 
4 2 0 2419 
4 2 0 2422 
4 2 0 2425 
4 2 0 2426 
1 1 0 
1 2 0 2506 
2 1 0 
3 2 2507 2508 
1 2 0 2509 
1 2 0 2510 
1 2 0 2511 
2 2 0 2510 
3 2 2512 2513 
1 2 0 2514 
2 2 0 2511 
3 2 2515 2516 
1 2 0 2517 
2 2 0 2514 
3 2 2518 2519 
1 2 0 2520 
1 2 0 2521 
1 2 0 2522 
1 2 0 2523 
1 2 0 2524 
2 2 0 2523 
3 2 2525 2526 
1 2 0 2527 
1 2 0 2528 
1 2 0 2529 
1 2 0 2530 
2 2 0 2529 
3 2 2531 2532 
1 2 0 2533 
2 2 0 2529 
2 2 0 2530 
3 3 2534 2535 2536 
1 2 0 2537 
1 2 0 2538 
1 2 0 2539 
1 2 0 2540 
2 2 0 2539 
3 2 2541 2542 
1 2 0 2543 
2 2 0 2539 
2 2 0 2540 
3 3 2544 2545 2546 
1 2 0 2547 
1 2 0 2548 
1 2 0 2549 
2 2 0 2548 
3 2 2550 2551 
1 2 0 2552 
2 2 0 2549 
3 2 2553 2554 
1 2 0 2555 
1 2 0 2556 
4 1 0 
4 2 0 2506 
4 2 0 2509 
4 2 0 2510 
4 2 0 2511 
4 2 0 2514 
4 2 0 2517 
4 2 0 2520 
4 2 0 2521 
4 2 0 2522 
4 2 0 2523 
4 2 0 2524 
4 2 0 2527 
4 2 0 2528 
4 2 0 2529 
4 2 0 2530 
4 2 0 2533 
4 2 0 2537 
4 2 0 2538 
4 2 0 2539 
4 2 0 2540 
4 2 0 2543 
4 2 0 2547 
4 2 0 2548 
4 2 0 2549 
4 2 0 2552 
4 2 0 2555 
4 2 0 2556 
4 2 0 2557 
1 1 0 
1 2 0 2587 
1 2 0 2588 
1 2 0 2589 
1 2 0 2590 
1 2 0 2591 
1 2 0 2592 
2 2 0 2591 
3 2 2593 2594 
1 2 0 2595 
2 2 0 2591 
3 2 2596 2597 
1 2 0 2598 
1 2 0 2599 
1 2 0 2600 
2 2 0 2599 
3 2 2601 2602 
1 2 0 2603 
2 2 0 2600 
3 2 2604 2605 
1 2 0 2606 
1 2 0 2607 
1 2 0 2608 
2 2 0 2607 
3 2 2609 2610 
1 2 0 2611 
4 1 0 
4 2 0 2587 
4 2 0 2588 
4 2 0 2589 
4 2 0 2590 
4 2 0 2591 
4 2 0 2592 
4 2 0 2595 
4 2 0 2598 
4 2 0 2599 
4 2 0 2600 
4 2 0 2603 
4 2 0 2606 
4 2 0 2607 
4 2 0 2608 
4 2 0 2611 
4 2 0 2612 
1 1 0 
1 2 0 2630 
2 1 0 
3 2 2631 2632 
1 2 0 2633 
1 2 0 2634 
1 2 0 2635 
2 2 0 2634 
3 2 2636 2637 
1 2 0 2638 
1 2 0 2639 
1 2 0 2640 
2 2 0 2639 
3 2 2641 2642 
1 2 0 2643 
1 2 0 2644 
1 2 0 2645 
1 2 0 2646 
1 2 0 2647 
2 2 0 2646 
3 2 2648 2649 
1 2 0 2650 
1 2 0 2651 
1 2 0 2652 
2 2 0 2651 
3 2 2653 2654 
1 2 0 2655 
1 2 0 2656 
1 2 0 2657 
1 2 0 2658 
2 2 0 2657 
3 2 2659 2660 
1 2 0 2661 
1 2 0 2662 
1 2 0 2663 
1 2 0 2664 
2 2 0 2663 
3 2 2665 2666 
1 2 0 2667 
2 2 0 2664 
3 2 2668 2669 
1 2 0 2670 
1 2 0 2671 
1 2 0 2672 
1 2 0 2673 
4 1 0 
4 2 0 2630 
4 2 0 2633 
4 2 0 2634 
4 2 0 2635 
4 2 0 2638 
4 2 0 2639 
4 2 0 2640 
4 2 0 2643 
4 2 0 2644 
4 2 0 2645 
4 2 0 2646 
4 2 0 2647 
4 2 0 2650 
4 2 0 2651 
4 2 0 2652 
4 2 0 2655 
4 2 0 2656 
4 2 0 2657 
4 2 0 2658 
4 2 0 2661 
4 2 0 2662 
4 2 0 2663 
4 2 0 2664 
4 2 0 2667 
4 2 0 2670 
4 2 0 2671 
4 2 0 2672 
4 2 0 2673 
4 2 0 2674 
1 1 0 
1 2 0 2705 
2 1 0 
3 2 2706 2707 
1 2 0 2708 
1 2 0 2709 
2 2 0 2708 
3 2 2710 2711 
1 2 0 2712 
1 2 0 2713 
1 2 0 2714 
2 2 0 2713 
3 2 2715 2716 
1 2 0 2717 
1 2 0 2718 
2 2 0 2717 
3 2 2719 2720 
1 2 0 2721 
2 2 0 2718 
3 2 2722 2723 
1 2 0 2724 
1 2 0 2725 
1 2 0 2726 
2 2 0 2725 
3 2 2727 2728 
1 2 0 2729 
1 2 0 2730 
2 2 0 2729 
3 2 2731 2732 
1 2 0 2733 
1 2 0 2734 
4 1 0 
4 2 0 2705 
4 2 0 2708 
4 2 0 2709 
4 2 0 2712 
4 2 0 2713 
4 2 0 2714 
4 2 0 2717 
4 2 0 2718 
4 2 0 2721 
4 2 0 2724 
4 2 0 2725 
4 2 0 2726 
4 2 0 2729 
4 2 0 2730 
4 2 0 2733 
4 2 0 2734 
4 2 0 2735 
1 1 0 
1 2 0 2754 
2 1 0 
3 2 2755 2756 
1 2 0 2757 
1 2 0 2758 
2 2 0 2757 
3 2 2759 2760 
1 2 0 2761 
1 2 0 2762 
1 2 0 2763 
1 2 0 2764 
2 2 0 2763 
3 2 2765 2766 
1 2 0 2767 
1 2 0 2768 
2 2 0 2767 
3 2 2769 2770 
1 2 0 2771 
1 2 0 2772 
1 2 0 2773 
2 2 0 2772 
3 2 2774 2775 
1 2 0 2776 
1 2 0 2777 
1 2 0 2778 
2 2 0 2777 
3 2 2779 2780 
1 2 0 2781 
2 2 0 2778 
3 2 2782 2783 
1 2 0 2784 
1 2 0 2785 
1 2 0 2786 
2 2 0 2785 
3 2 2787 2788 
1 2 0 2789 
1 2 0 2790 
1 2 0 2791 
2 2 0 2790 
3 2 2792 2793 
1 2 0 2794 
1 2 0 2795 
2 2 0 2794 
3 2 2796 2797 
1 2 0 2798 
1 2 0 2799 
1 2 0 2800 
1 2 0 2801 
2 2 0 2800 
3 2 2802 2803 
1 2 0 2804 
1 2 0 2805 
2 2 0 2804 
3 2 2806 2807 
1 2 0 2808 
1 2 0 2809 
1 2 0 2810 
1 2 0 2811 
2 2 0 2810 
3 2 2812 2813 
1 2 0 2814 
2 2 0 2811 
3 2 2815 2816 
1 2 0 2817 
1 2 0 2818 
2 2 0 2817 
3 2 2819 2820 
1 2 0 2821 
1 2 0 2822 
1 2 0 2823 
2 2 0 2822 
3 2 2824 2825 
1 2 0 2826 
1 2 0 2827 
1 2 0 2828 
1 2 0 2829 
1 2 0 2830 
2 2 0 2829 
3 2 2831 2832 
1 2 0 2833 
1 2 0 2834 
2 2 0 2829 
2 2 0 2833 
3 3 2835 2836 2837 
1 2 0 2838 
1 2 0 2839 
1 2 0 2840 
2 2 0 2839 
3 2 2841 2842 
1 2 0 2843 
1 2 0 2844 
2 2 0 2843 
3 2 2845 2846 
1 2 0 2847 
2 2 0 2844 
3 2 2848 2849 
1 2 0 2850 
1 2 0 2851 
2 2 0 2850 
3 2 2852 2853 
1 2 0 2854 
1 2 0 2855 
1 2 0 2856 
1 2 0 2857 
2 2 0 2856 
3 2 2858 2859 
1 2 0 2860 
2 2 0 2857 
3 2 2861 2862 
1 2 0 2863 
1 2 0 2864 
1 2 0 2865 
2 2 0 2864 
3 2 2866 2867 
1 2 0 2868 
1 2 0 2869 
1 2 0 2870 
1 2 0 2871 
1 2 0 2872 
2 2 0 2871 
3 2 2873 2874 
1 2 0 2875 
1 2 0 2876 
1 2 0 2877 
2 2 0 2876 
3 2 2878 2879 
1 2 0 2880 
2 2 0 2877 
3 2 2881 2882 
1 2 0 2883 
2 2 0 2880 
3 2 2884 2885 
1 2 0 2886 
1 2 0 2887 
1 2 0 2888 
1 2 0 2889 
1 2 0 2890 
1 2 0 2891 
1 2 0 2892 
1 2 0 2893 
2 2 0 2892 
3 2 2894 2895 
1 2 0 2896 
1 2 0 2897 
1 2 0 2898 
1 2 0 2899 
2 2 0 2898 
3 2 2900 2901 
1 2 0 2902 
1 2 0 2903 
1 2 0 2904 
2 2 0 2903 
3 2 2905 2906 
1 2 0 2907 
1 2 0 2908 
1 2 0 2909 
1 2 0 2910 
2 2 0 2909 
3 2 2911 2912 
1 2 0 2913 
1 2 0 2914 
1 2 0 2915 
1 2 0 2916 
2 2 0 2915 
3 2 2917 2918 
1 2 0 2919 
1 2 0 2920 
1 2 0 2921 
1 2 0 2922 
2 2 0 2921 
3 2 2923 2924 
1 2 0 2925 
4 1 0 
4 2 0 2754 
4 2 0 2757 
4 2 0 2758 
4 2 0 2761 
4 2 0 2762 
4 2 0 2763 
4 2 0 2764 
4 2 0 2767 
4 2 0 2768 
4 2 0 2771 
4 2 0 2772 
4 2 0 2773 
4 2 0 2776 
4 2 0 2777 
4 2 0 2778 
4 2 0 2781 
4 2 0 2784 
4 2 0 2785 
4 2 0 2786 
4 2 0 2789 
4 2 0 2790 
4 2 0 2791 
4 2 0 2794 
4 2 0 2795 
4 2 0 2798 
4 2 0 2799 
4 2 0 2800 
4 2 0 2801 
4 2 0 2804 
4 2 0 2805 
4 2 0 2808 
4 2 0 2809 
4 2 0 2810 
4 2 0 2811 
4 2 0 2814 
4 2 0 2817 
4 2 0 2818 
4 2 0 2821 
4 2 0 2822 
4 2 0 2823 
4 2 0 2826 
4 2 0 2827 
4 2 0 2828 
4 2 0 2829 
4 2 0 2830 
4 2 0 2833 
4 2 0 2834 
4 2 0 2838 
4 2 0 2839 
4 2 0 2840 
4 2 0 2843 
4 2 0 2844 
4 2 0 2847 
4 2 0 2850 
4 2 0 2851 
4 2 0 2854 
4 2 0 2855 
4 2 0 2856 
4 2 0 2857 
4 2 0 2860 
4 2 0 2863 
4 2 0 2864 
4 2 0 2865 
4 2 0 2868 
4 2 0 2869 
4 2 0 2870 
4 2 0 2871 
4 2 0 2872 
4 2 0 2875 
4 2 0 2876 
4 2 0 2877 
4 2 0 2880 
4 2 0 2883 
4 2 0 2886 
4 2 0 2887 
4 2 0 2888 
4 2 0 2889 
4 2 0 2890 
4 2 0 2891 
4 2 0 2892 
4 2 0 2893 
4 2 0 2896 
4 2 0 2897 
4 2 0 2898 
4 2 0 2899 
4 2 0 2902 
4 2 0 2903 
4 2 0 2904 
4 2 0 2907 
4 2 0 2908 
4 2 0 2909 
4 2 0 2910 
4 2 0 2913 
4 2 0 2914 
4 2 0 2915 
4 2 0 2916 
4 2 0 2919 
4 2 0 2920 
4 2 0 2921 
4 2 0 2922 
4 2 0 2925 
4 2 0 2926 
1 1 0 
1 2 0 3030 
2 1 0 
3 2 3031 3032 
1 2 0 3033 
1 2 0 3034 
1 2 0 3035 
1 2 0 3036 
1 2 0 3037 
1 2 0 3038 
1 2 0 3039 
2 2 0 3038 
3 2 3040 3041 
1 2 0 3042 
2 2 0 3039 
3 2 3043 3044 
1 2 0 3045 
2 2 0 3038 
3 2 3046 3047 
1 2 0 3048 
1 2 0 3049 
1 2 0 3050 
1 2 0 3051 
2 2 0 3050 
3 2 3052 3053 
1 2 0 3054 
1 2 0 3055 
2 2 0 3054 
3 2 3056 3057 
1 2 0 3058 
1 2 0 3059 
1 2 0 3060 
4 1 0 
4 2 0 3030 
4 2 0 3033 
4 2 0 3034 
4 2 0 3035 
4 2 0 3036 
4 2 0 3037 
4 2 0 3038 
4 2 0 3039 
4 2 0 3042 
4 2 0 3045 
4 2 0 3048 
4 2 0 3049 
4 2 0 3050 
4 2 0 3051 
4 2 0 3054 
4 2 0 3055 
4 2 0 3058 
4 2 0 3059 
4 2 0 3060 
4 2 0 3061 
1 1 0 
1 2 0 3083 
2 1 0 
3 2 3084 3085 
1 2 0 3086 
1 2 0 3087 
2 2 0 3086 
3 2 3088 3089 
1 2 0 3090 
1 2 0 3091 
1 2 0 3092 
2 2 0 3091 
3 2 3093 3094 
1 2 0 3095 
1 2 0 3096 
2 2 0 3095 
3 2 3097 3098 
1 2 0 3099 
1 2 0 3100 
1 2 0 3101 
2 2 0 3100 
3 2 3102 3103 
1 2 0 3104 
1 2 0 3105 
1 2 0 3106 
1 2 0 3107 
2 2 0 3106 
3 2 3108 3109 
1 2 0 3110 
1 2 0 3111 
1 2 0 3112 
2 2 0 3111 
3 2 3113 3114 
1 2 0 3115 
4 1 0 
4 2 0 3083 
4 2 0 3086 
4 2 0 3087 
4 2 0 3090 
4 2 0 3091 
4 2 0 3092 
4 2 0 3095 
4 2 0 3096 
4 2 0 3099 
4 2 0 3100 
4 2 0 3101 
4 2 0 3104 
4 2 0 3105 
4 2 0 3106 
4 2 0 3107 
4 2 0 3110 
4 2 0 3111 
4 2 0 3112 
4 2 0 3115 
4 2 0 3116 
1 1 0 
1 2 0 3138 
2 1 0 
3 2 3139 3140 
1 2 0 3141 
1 2 0 3142 
1 2 0 3143 
2 2 0 3142 
3 2 3144 3145 
1 2 0 3146 
2 2 0 3142 
3 2 3147 3148 
1 2 0 3149 
2 2 0 3146 
3 2 3150 3151 
1 2 0 3152 
1 2 0 3153 
1 2 0 3154 
1 2 0 3155 
1 2 0 3156 
2 2 0 3155 
3 2 3157 3158 
1 2 0 3159 
1 2 0 3160 
2 2 0 3159 
3 2 3161 3162 
1 2 0 3163 
1 2 0 3164 
1 2 0 3165 
2 2 0 3164 
3 2 3166 3167 
1 2 0 3168 
1 2 0 3169 
1 2 0 3170 
1 2 0 3171 
1 2 0 3172 
1 2 0 3173 
1 2 0 3174 
1 2 0 3175 
1 2 0 3176 
2 2 0 3175 
3 2 3177 3178 
1 2 0 3179 
1 2 0 3180 
1 2 0 3181 
2 2 0 3180 
3 2 3182 3183 
1 2 0 3184 
4 1 0 
4 2 0 3138 
4 2 0 3141 
4 2 0 3142 
4 2 0 3143 
4 2 0 3146 
4 2 0 3149 
4 2 0 3152 
4 2 0 3153 
4 2 0 3154 
4 2 0 3155 
4 2 0 3156 
4 2 0 3159 
4 2 0 3160 
4 2 0 3163 
4 2 0 3164 
4 2 0 3165 
4 2 0 3168 
4 2 0 3169 
4 2 0 3170 
4 2 0 3171 
4 2 0 3172 
4 2 0 3173 
4 2 0 3174 
4 2 0 3175 
4 2 0 3176 
4 2 0 3179 
4 2 0 3180 
4 2 0 3181 
4 2 0 3184 
4 2 0 3185 
1 1 0 
1 2 0 3217 
2 1 0 
3 2 3218 3219 
1 2 0 3220 
1 2 0 3221 
2 2 0 3220 
3 2 3222 3223 
1 2 0 3224 
1 2 0 3225 
2 2 0 3224 
3 2 3226 3227 
1 2 0 3228 
1 2 0 3229 
2 2 0 3228 
3 2 3230 3231 
1 2 0 3232 
1 2 0 3233 
1 2 0 3234 
2 2 0 3233 
3 2 3235 3236 
1 2 0 3237 
2 2 0 3234 
3 2 3238 3239 
1 2 0 3240 
1 2 0 3241 
2 2 0 3240 
3 2 3242 3243 
1 2 0 3244 
2 2 0 3241 
3 2 3245 3246 
1 2 0 3247 
2 2 0 3244 
3 2 3248 3249 
1 2 0 3250 
1 2 0 3251 
2 2 0 3250 
3 2 3252 3253 
1 2 0 3254 
1 2 0 3255 
1 2 0 3256 
1 2 0 3257 
2 2 0 3256 
3 2 3258 3259 
1 2 0 3260 
1 2 0 3261 
2 2 0 3260 
3 2 3262 3263 
1 2 0 3264 
1 2 0 3265 
1 2 0 3266 
2 2 0 3265 
3 2 3267 3268 
1 2 0 3269 
1 2 0 3270 
1 2 0 3271 
2 2 0 3270 
3 2 3272 3273 
1 2 0 3274 
2 2 0 3270 
2 2 0 3271 
3 3 3275 3276 3277 
1 2 0 3278 
1 2 0 3279 
1 2 0 3280 
1 2 0 3281 
2 2 0 3280 
3 2 3282 3283 
1 2 0 3284 
1 2 0 3285 
1 2 0 3286 
2 2 0 3285 
3 2 3287 3288 
1 2 0 3289 
1 2 0 3290 
2 2 0 3289 
3 2 3291 3292 
1 2 0 3293 
1 2 0 3294 
4 1 0 
4 2 0 3217 
4 2 0 3220 
4 2 0 3221 
4 2 0 3224 
4 2 0 3225 
4 2 0 3228 
4 2 0 3229 
4 2 0 3232 
4 2 0 3233 
4 2 0 3234 
4 2 0 3237 
4 2 0 3240 
4 2 0 3241 
4 2 0 3244 
4 2 0 3247 
4 2 0 3250 
4 2 0 3251 
4 2 0 3254 
4 2 0 3255 
4 2 0 3256 
4 2 0 3257 
4 2 0 3260 
4 2 0 3261 
4 2 0 3264 
4 2 0 3265 
4 2 0 3266 
4 2 0 3269 
4 2 0 3270 
4 2 0 3271 
4 2 0 3274 
4 2 0 3278 
4 2 0 3279 
4 2 0 3280 
4 2 0 3281 
4 2 0 3284 
4 2 0 3285 
4 2 0 3286 
4 2 0 3289 
4 2 0 3290 
4 2 0 3293 
4 2 0 3294 
4 2 0 3295 
1 1 0 
1 2 0 3339 
2 1 0 
3 2 3340 3341 
1 2 0 3342 
1 2 0 3343 
2 2 0 3342 
3 2 3344 3345 
1 2 0 3346 
1 2 0 3347 
2 2 0 3346 
3 2 3348 3349 
1 2 0 3350 
1 2 0 3351 
1 2 0 3352 
2 2 0 3351 
3 2 3353 3354 
1 2 0 3355 
2 2 0 3352 
3 2 3356 3357 
1 2 0 3358 
1 2 0 3359 
1 2 0 3360 
2 2 0 3359 
3 2 3361 3362 
1 2 0 3363 
1 2 0 3364 
1 2 0 3365 
1 2 0 3366 
1 2 0 3367 
2 2 0 3366 
3 2 3368 3369 
1 2 0 3370 
1 2 0 3371 
1 2 0 3372 
2 2 0 3371 
3 2 3373 3374 
1 2 0 3375 
2 2 0 3372 
3 2 3376 3377 
1 2 0 3378 
2 2 0 3372 
3 2 3379 3380 
1 2 0 3381 
1 2 0 3382 
1 2 0 3383 
2 2 0 3382 
3 2 3384 3385 
1 2 0 3386 
1 2 0 3387 
1 2 0 3388 
2 2 0 3387 
3 2 3389 3390 
1 2 0 3391 
1 2 0 3392 
2 2 0 3391 
3 2 3393 3394 
1 2 0 3395 
1 2 0 3396 
1 2 0 3397 
1 2 0 3398 
2 2 0 3397 
3 2 3399 3400 
1 2 0 3401 
2 2 0 3398 
3 2 3402 3403 
1 2 0 3404 
1 2 0 3405 
2 2 0 3404 
3 2 3406 3407 
1 2 0 3408 
1 2 0 3409 
2 2 0 3408 
3 2 3410 3411 
1 2 0 3412 
4 1 0 
4 2 0 3339 
4 2 0 3342 
4 2 0 3343 
4 2 0 3346 
4 2 0 3347 
4 2 0 3350 
4 2 0 3351 
4 2 0 3352 
4 2 0 3355 
4 2 0 3358 
4 2 0 3359 
4 2 0 3360 
4 2 0 3363 
4 2 0 3364 
4 2 0 3365 
4 2 0 3366 
4 2 0 3367 
4 2 0 3370 
4 2 0 3371 
4 2 0 3372 
4 2 0 3375 
4 2 0 3378 
4 2 0 3381 
4 2 0 3382 
4 2 0 3383 
4 2 0 3386 
4 2 0 3387 
4 2 0 3388 
4 2 0 3391 
4 2 0 3392 
4 2 0 3395 
4 2 0 3396 
4 2 0 3397 
4 2 0 3398 
4 2 0 3401 
4 2 0 3404 
4 2 0 3405 
4 2 0 3408 
4 2 0 3409 
4 2 0 3412 
4 2 0 3413 
1 1 0 
1 2 0 3456 
2 1 0 
3 2 3457 3458 
1 2 0 3459 
2 2 0 3456 
3 2 3460 3461 
1 2 0 3462 
2 2 0 3459 
3 2 3463 3464 
1 2 0 3465 
1 2 0 3466 
1 2 0 3467 
1 2 0 3468 
1 2 0 3469 
2 2 0 3468 
3 2 3470 3471 
1 2 0 3472 
1 2 0 3473 
2 2 0 3472 
3 2 3474 3475 
1 2 0 3476 
1 2 0 3477 
1 2 0 3478 
2 2 0 3477 
3 2 3479 3480 
1 2 0 3481 
1 2 0 3482 
1 2 0 3483 
1 2 0 3484 
1 2 0 3485 
1 2 0 3486 
1 2 0 3487 
2 2 0 3486 
3 2 3488 3489 
1 2 0 3490 
1 2 0 3491 
1 2 0 3492 
2 2 0 3491 
3 2 3493 3494 
1 2 0 3495 
1 2 0 3496 
1 2 0 3497 
2 2 0 3496 
3 2 3498 3499 
1 2 0 3500 
2 2 0 3496 
2 2 0 3497 
3 3 3501 3502 3503 
1 2 0 3504 
1 2 0 3505 
1 2 0 3506 
1 2 0 3507 
1 2 0 3508 
1 2 0 3509 
1 2 0 3510 
2 2 0 3509 
3 2 3511 3512 
1 2 0 3513 
1 2 0 3514 
1 2 0 3515 
1 2 0 3516 
2 2 0 3515 
3 2 3517 3518 
1 2 0 3519 
2 2 0 3516 
3 2 3520 3521 
1 2 0 3522 
1 2 0 3523 
1 2 0 3524 
2 2 0 3523 
3 2 3525 3526 
1 2 0 3527 
1 2 0 3528 
1 2 0 3529 
1 2 0 3530 
1 2 0 3531 
1 2 0 3532 
1 2 0 3533 
1 2 0 3534 
1 2 0 3535 
1 2 0 3536 
1 2 0 3537 
2 2 0 3536 
3 2 3538 3539 
1 2 0 3540 
1 2 0 3541 
2 2 0 3540 
3 2 3542 3543 
1 2 0 3544 
1 2 0 3545 
1 2 0 3546 
1 2 0 3547 
1 2 0 3548 
1 2 0 3549 
1 2 0 3550 
1 2 0 3551 
1 2 0 3552 
1 2 0 3553 
1 2 0 3554 
1 2 0 3555 
1 2 0 3556 
1 2 0 3557 
2 2 0 3556 
3 2 3558 3559 
1 2 0 3560 
1 2 0 3561 
1 2 0 3562 
1 2 0 3563 
1 2 0 3564 
2 2 0 3563 
3 2 3565 3566 
1 2 0 3567 
1 2 0 3568 
1 2 0 3569 
2 2 0 3568 
3 2 3570 3571 
1 2 0 3572 
1 2 0 3573 
2 2 0 3572 
3 2 3574 3575 
1 2 0 3576 
1 2 0 3577 
2 2 0 3576 
3 2 3578 3579 
1 2 0 3580 
2 2 0 3576 
2 2 0 3577 
3 3 3581 3582 3583 
1 2 0 3584 
2 2 0 3576 
2 2 0 3580 
3 3 3585 3586 3587 
1 2 0 3588 
4 1 0 
4 2 0 3456 
4 2 0 3459 
4 2 0 3462 
4 2 0 3465 
4 2 0 3466 
4 2 0 3467 
4 2 0 3468 
4 2 0 3469 
4 2 0 3472 
4 2 0 3473 
4 2 0 3476 
4 2 0 3477 
4 2 0 3478 
4 2 0 3481 
4 2 0 3482 
4 2 0 3483 
4 2 0 3484 
4 2 0 3485 
4 2 0 3486 
4 2 0 3487 
4 2 0 3490 
4 2 0 3491 
4 2 0 3492 
4 2 0 3495 
4 2 0 3496 
4 2 0 3497 
4 2 0 3500 
4 2 0 3504 
4 2 0 3505 
4 2 0 3506 
4 2 0 3507 
4 2 0 3508 
4 2 0 3509 
4 2 0 3510 
4 2 0 3513 
4 2 0 3514 
4 2 0 3515 
4 2 0 3516 
4 2 0 3519 
4 2 0 3522 
4 2 0 3523 
4 2 0 3524 
4 2 0 3527 
4 2 0 3528 
4 2 0 3529 
4 2 0 3530 
4 2 0 3531 
4 2 0 3532 
4 2 0 3533 
4 2 0 3534 
4 2 0 3535 
4 2 0 3536 
4 2 0 3537 
4 2 0 3540 
4 2 0 3541 
4 2 0 3544 
4 2 0 3545 
4 2 0 3546 
4 2 0 3547 
4 2 0 3548 
4 2 0 3549 
4 2 0 3550 
4 2 0 3551 
4 2 0 3552 
4 2 0 3553 
4 2 0 3554 
4 2 0 3555 
4 2 0 3556 
4 2 0 3557 
4 2 0 3560 
4 2 0 3561 
4 2 0 3562 
4 2 0 3563 
4 2 0 3564 
4 2 0 3567 
4 2 0 3568 
4 2 0 3569 
4 2 0 3572 
4 2 0 3573 
4 2 0 3576 
4 2 0 3577 
4 2 0 3580 
4 2 0 3584 
4 2 0 3588 
4 2 0 3589 
1 1 0 
1 2 0 3676 
2 1 0 
3 2 3677 3678 
1 2 0 3679 
1 2 0 3680 
2 2 0 3679 
3 2 3681 3682 
1 2 0 3683 
1 2 0 3684 
1 2 0 3685 
1 2 0 3686 
1 2 0 3687 
2 2 0 3686 
3 2 3688 3689 
1 2 0 3690 
1 2 0 3691 
1 2 0 3692 
2 2 0 3691 
3 2 3693 3694 
1 2 0 3695 
1 2 0 3696 
1 2 0 3697 
1 2 0 3698 
2 2 0 3697 
3 2 3699 3700 
1 2 0 3701 
1 2 0 3702 
2 2 0 3701 
3 2 3703 3704 
1 2 0 3705 
1 2 0 3706 
1 2 0 3707 
2 2 0 3706 
3 2 3708 3709 
1 2 0 3710 
1 2 0 3711 
2 2 0 3710 
3 2 3712 3713 
1 2 0 3714 
1 2 0 3715 
2 2 0 3714 
3 2 3716 3717 
1 2 0 3718 
2 2 0 3714 
2 2 0 3715 
3 3 3719 3720 3721 
1 2 0 3722 
1 2 0 3723 
1 2 0 3724 
1 2 0 3725 
2 2 0 3723 
2 2 0 3724 
3 3 3726 3727 3728 
1 2 0 3729 
1 2 0 3730 
1 2 0 3731 
2 2 0 3730 
3 2 3732 3733 
1 2 0 3734 
1 2 0 3735 
2 2 0 3734 
3 2 3736 3737 
1 2 0 3738 
1 2 0 3739 
2 2 0 3738 
3 2 3740 3741 
1 2 0 3742 
2 2 0 3739 
3 2 3743 3744 
1 2 0 3745 
1 2 0 3746 
2 2 0 3745 
3 2 3747 3748 
1 2 0 3749 
4 1 0 
4 2 0 3676 
4 2 0 3679 
4 2 0 3680 
4 2 0 3683 
4 2 0 3684 
4 2 0 3685 
4 2 0 3686 
4 2 0 3687 
4 2 0 3690 
4 2 0 3691 
4 2 0 3692 
4 2 0 3695 
4 2 0 3696 
4 2 0 3697 
4 2 0 3698 
4 2 0 3701 
4 2 0 3702 
4 2 0 3705 
4 2 0 3706 
4 2 0 3707 
4 2 0 3710 
4 2 0 3711 
4 2 0 3714 
4 2 0 3715 
4 2 0 3718 
4 2 0 3722 
4 2 0 3723 
4 2 0 3724 
4 2 0 3725 
4 2 0 3729 
4 2 0 3730 
4 2 0 3731 
4 2 0 3734 
4 2 0 3735 
4 2 0 3738 
4 2 0 3739 
4 2 0 3742 
4 2 0 3745 
4 2 0 3746 
4 2 0 3749 
4 2 0 3750 
1 1 0 
1 2 0 3793 
1 2 0 3794 
1 2 0 3795 
1 2 0 3796 
2 2 0 3795 
3 2 3797 3798 
1 2 0 3799 
1 2 0 3800 
2 2 0 3799 
3 2 3801 3802 
1 2 0 3803 
1 2 0 3804 
2 2 0 3803 
3 2 3805 3806 
1 2 0 3807 
2 2 0 3803 
2 2 0 3804 
3 3 3808 3809 3810 
1 2 0 3811 
1 2 0 3812 
1 2 0 3813 
1 2 0 3814 
1 2 0 3815 
1 2 0 3816 
2 2 0 3815 
3 2 3817 3818 
1 2 0 3819 
2 2 0 3816 
3 2 3820 3821 
1 2 0 3822 
2 2 0 3819 
3 2 3823 3824 
1 2 0 3825 
1 2 0 3826 
1 2 0 3827 
2 2 0 3826 
3 2 3828 3829 
1 2 0 3830 
1 2 0 3831 
1 2 0 3832 
2 2 0 3831 
3 2 3833 3834 
1 2 0 3835 
1 2 0 3836 
2 2 0 3835 
3 2 3837 3838 
1 2 0 3839 
1 2 0 3840 
1 2 0 3841 
2 2 0 3840 
3 2 3842 3843 
1 2 0 3844 
1 2 0 3845 
2 2 0 3844 
3 2 3846 3847 
1 2 0 3848 
2 2 0 3845 
3 2 3849 3850 
1 2 0 3851 
1 2 0 3852 
1 2 0 3853 
1 2 0 3854 
2 2 0 3853 
3 2 3855 3856 
1 2 0 3857 
1 2 0 3858 
2 2 0 3857 
3 2 3859 3860 
1 2 0 3861 
2 2 0 3858 
3 2 3862 3863 
1 2 0 3864 
4 1 0 
4 2 0 3793 
4 2 0 3794 
4 2 0 3795 
4 2 0 3796 
4 2 0 3799 
4 2 0 3800 
4 2 0 3803 
4 2 0 3804 
4 2 0 3807 
4 2 0 3811 
4 2 0 3812 
4 2 0 3813 
4 2 0 3814 
4 2 0 3815 
4 2 0 3816 
4 2 0 3819 
4 2 0 3822 
4 2 0 3825 
4 2 0 3826 
4 2 0 3827 
4 2 0 3830 
4 2 0 3831 
4 2 0 3832 
4 2 0 3835 
4 2 0 3836 
4 2 0 3839 
4 2 0 3840 
4 2 0 3841 
4 2 0 3844 
4 2 0 3845 
4 2 0 3848 
4 2 0 3851 
4 2 0 3852 
4 2 0 3853 
4 2 0 3854 
4 2 0 3857 
4 2 0 3858 
4 2 0 3861 
4 2 0 3864 
4 2 0 3865 
1 1 0 
1 2 0 3907 
2 1 0 
3 2 3908 3909 
1 2 0 3910 
1 2 0 3911 
2 2 0 3910 
3 2 3912 3913 
1 2 0 3914 
1 2 0 3915 
2 2 0 3914 
3 2 3916 3917 
1 2 0 3918 
1 2 0 3919 
1 2 0 3920 
2 2 0 3919 
3 2 3921 3922 
1 2 0 3923 
1 2 0 3924 
1 2 0 3925 
2 2 0 3924 
3 2 3926 3927 
1 2 0 3928 
1 2 0 3929 
1 2 0 3930 
2 2 0 3929 
3 2 3931 3932 
1 2 0 3933 
2 2 0 3929 
3 2 3934 3935 
1 2 0 3936 
2 2 0 3933 
3 2 3937 3938 
1 2 0 3939 
1 2 0 3940 
2 2 0 3939 
3 2 3941 3942 
1 2 0 3943 
1 2 0 3944 
2 2 0 3943 
3 2 3945 3946 
1 2 0 3947 
1 2 0 3948 
1 2 0 3949 
1 2 0 3950 
1 2 0 3951 
1 2 0 3952 
1 2 0 3953 
2 2 0 3952 
3 2 3954 3955 
1 2 0 3956 
1 2 0 3957 
2 2 0 3956 
3 2 3958 3959 
1 2 0 3960 
1 2 0 3961 
1 2 0 3962 
1 2 0 3963 
1 2 0 3964 
1 2 0 3965 
1 2 0 3966 
2 2 0 3965 
3 2 3967 3968 
1 2 0 3969 
1 2 0 3970 
1 2 0 3971 
2 2 0 3970 
3 2 3972 3973 
1 2 0 3974 
1 2 0 3975 
1 2 0 3976 
2 2 0 3975 
3 2 3977 3978 
1 2 0 3979 
2 2 0 3975 
3 2 3980 3981 
1 2 0 3982 
1 2 0 3983 
1 2 0 3984 
1 2 0 3985 
2 2 0 3984 
3 2 3986 3987 
1 2 0 3988 
2 2 0 3985 
3 2 3989 3990 
1 2 0 3991 
2 2 0 3988 
3 2 3992 3993 
1 2 0 3994 
1 2 0 3995 
2 2 0 3994 
3 2 3996 3997 
1 2 0 3998 
1 2 0 3999 
2 2 0 3998 
3 2 4000 4001 
1 2 0 4002 
1 2 0 4003 
1 2 0 4004 
1 2 0 4005 
1 2 0 4006 
1 2 0 4007 
1 2 0 4008 
1 2 0 4009 
1 2 0 4010 
2 2 0 4009 
3 2 4011 4012 
1 2 0 4013 
1 2 0 4014 
2 2 0 4013 
3 2 4015 4016 
1 2 0 4017 
4 1 0 
4 2 0 3907 
4 2 0 3910 
4 2 0 3911 
4 2 0 3914 
4 2 0 3915 
4 2 0 3918 
4 2 0 3919 
4 2 0 3920 
4 2 0 3923 
4 2 0 3924 
4 2 0 3925 
4 2 0 3928 
4 2 0 3929 
4 2 0 3930 
4 2 0 3933 
4 2 0 3936 
4 2 0 3939 
4 2 0 3940 
4 2 0 3943 
4 2 0 3944 
4 2 0 3947 
4 2 0 3948 
4 2 0 3949 
4 2 0 3950 
4 2 0 3951 
4 2 0 3952 
4 2 0 3953 
4 2 0 3956 
4 2 0 3957 
4 2 0 3960 
4 2 0 3961 
4 2 0 3962 
4 2 0 3963 
4 2 0 3964 
4 2 0 3965 
4 2 0 3966 
4 2 0 3969 
4 2 0 3970 
4 2 0 3971 
4 2 0 3974 
4 2 0 3975 
4 2 0 3976 
4 2 0 3979 
4 2 0 3982 
4 2 0 3983 
4 2 0 3984 
4 2 0 3985 
4 2 0 3988 
4 2 0 3991 
4 2 0 3994 
4 2 0 3995 
4 2 0 3998 
4 2 0 3999 
4 2 0 4002 
4 2 0 4003 
4 2 0 4004 
4 2 0 4005 
4 2 0 4006 
4 2 0 4007 
4 2 0 4008 
4 2 0 4009 
4 2 0 4010 
4 2 0 4013 
4 2 0 4014 
4 2 0 4017 
4 2 0 4018 
1 1 0 
1 2 0 4086 
1 2 0 4087 
2 2 0 4086 
3 2 4088 4089 
1 2 0 4090 
1 2 0 4091 
2 2 0 4090 
3 2 4092 4093 
1 2 0 4094 
1 2 0 4095 
2 2 0 4090 
3 2 4096 4097 
1 2 0 4098 
1 2 0 4099 
1 2 0 4100 
1 2 0 4101 
2 2 0 4100 
3 2 4102 4103 
1 2 0 4104 
1 2 0 4105 
1 2 0 4106 
1 2 0 4107 
1 2 0 4108 
1 2 0 4109 
1 2 0 4110 
1 2 0 4111 
1 2 0 4112 
2 2 0 4111 
3 2 4113 4114 
1 2 0 4115 
1 2 0 4116 
1 2 0 4117 
1 2 0 4118 
1 2 0 4119 
1 2 0 4120 
1 2 0 4121 
2 2 0 4120 
3 2 4122 4123 
1 2 0 4124 
1 2 0 4125 
2 2 0 4124 
3 2 4126 4127 
1 2 0 4128 
1 2 0 4129 
1 2 0 4130 
1 2 0 4131 
2 2 0 4130 
3 2 4132 4133 
1 2 0 4134 
2 2 0 4131 
3 2 4135 4136 
1 2 0 4137 
2 2 0 4134 
3 2 4138 4139 
1 2 0 4140 
1 2 0 4141 
2 2 0 4140 
3 2 4142 4143 
1 2 0 4144 
2 2 0 4141 
3 2 4145 4146 
1 2 0 4147 
1 2 0 4148 
1 2 0 4149 
1 2 0 4150 
2 2 0 4149 
3 2 4151 4152 
1 2 0 4153 
1 2 0 4154 
1 2 0 4155 
1 2 0 4156 
1 2 0 4157 
2 2 0 4156 
3 2 4158 4159 
1 2 0 4160 
2 2 0 4157 
3 2 4161 4162 
1 2 0 4163 
2 2 0 4160 
3 2 4164 4165 
1 2 0 4166 
1 2 0 4167 
2 2 0 4166 
3 2 4168 4169 
1 2 0 4170 
1 2 0 4171 
1 2 0 4172 
2 2 0 4171 
3 2 4173 4174 
1 2 0 4175 
1 2 0 4176 
1 2 0 4177 
1 2 0 4178 
2 2 0 4177 
3 2 4179 4180 
1 2 0 4181 
1 2 0 4182 
2 2 0 4181 
3 2 4183 4184 
1 2 0 4185 
1 2 0 4186 
1 2 0 4187 
1 2 0 4188 
1 2 0 4189 
2 2 0 4188 
3 2 4190 4191 
1 2 0 4192 
1 2 0 4193 
1 2 0 4194 
2 2 0 4193 
3 2 4195 4196 
1 2 0 4197 
1 2 0 4198 
2 2 0 4197 
3 2 4199 4200 
1 2 0 4201 
1 2 0 4202 
1 2 0 4203 
2 2 0 4202 
3 2 4204 4205 
1 2 0 4206 
2 2 0 4202 
2 2 0 4203 
3 3 4207 4208 4209 
1 2 0 4210 
1 2 0 4211 
1 2 0 4212 
2 2 0 4211 
3 2 4213 4214 
1 2 0 4215 
2 2 0 4211 
2 2 0 4212 
3 3 4216 4217 4218 
1 2 0 4219 
1 2 0 4220 
1 2 0 4221 
2 2 0 4220 
3 2 4222 4223 
1 2 0 4224 
1 2 0 4225 
2 2 0 4224 
3 2 4226 4227 
1 2 0 4228 
2 2 0 4225 
3 2 4229 4230 
1 2 0 4231 
1 2 0 4232 
1 2 0 4233 
2 2 0 4232 
3 2 4234 4235 
1 2 0 4236 
1 2 0 4237 
2 2 0 4236 
3 2 4238 4239 
1 2 0 4240 
1 2 0 4241 
2 2 0 4236 
2 2 0 4240 
3 3 4242 4243 4244 
1 2 0 4245 
4 1 0 
4 2 0 4086 
4 2 0 4087 
4 2 0 4090 
4 2 0 4091 
4 2 0 4094 
4 2 0 4095 
4 2 0 4098 
4 2 0 4099 
4 2 0 4100 
4 2 0 4101 
4 2 0 4104 
4 2 0 4105 
4 2 0 4106 
4 2 0 4107 
4 2 0 4108 
4 2 0 4109 
4 2 0 4110 
4 2 0 4111 
4 2 0 4112 
4 2 0 4115 
4 2 0 4116 
4 2 0 4117 
4 2 0 4118 
4 2 0 4119 
4 2 0 4120 
4 2 0 4121 
4 2 0 4124 
4 2 0 4125 
4 2 0 4128 
4 2 0 4129 
4 2 0 4130 
4 2 0 4131 
4 2 0 4134 
4 2 0 4137 
4 2 0 4140 
4 2 0 4141 
4 2 0 4144 
4 2 0 4147 
4 2 0 4148 
4 2 0 4149 
4 2 0 4150 
4 2 0 4153 
4 2 0 4154 
4 2 0 4155 
4 2 0 4156 
4 2 0 4157 
4 2 0 4160 
4 2 0 4163 
4 2 0 4166 
4 2 0 4167 
4 2 0 4170 
4 2 0 4171 
4 2 0 4172 
4 2 0 4175 
4 2 0 4176 
4 2 0 4177 
4 2 0 4178 
4 2 0 4181 
4 2 0 4182 
4 2 0 4185 
4 2 0 4186 
4 2 0 4187 
4 2 0 4188 
4 2 0 4189 
4 2 0 4192 
4 2 0 4193 
4 2 0 4194 
4 2 0 4197 
4 2 0 4198 
4 2 0 4201 
4 2 0 4202 
4 2 0 4203 
4 2 0 4206 
4 2 0 4210 
4 2 0 4211 
4 2 0 4212 
4 2 0 4215 
4 2 0 4219 
4 2 0 4220 
4 2 0 4221 
4 2 0 4224 
4 2 0 4225 
4 2 0 4228 
4 2 0 4231 
4 2 0 4232 
4 2 0 4233 
4 2 0 4236 
4 2 0 4237 
4 2 0 4240 
4 2 0 4241 
4 2 0 4245 
4 2 0 4246 
1 1 0 
1 2 0 4340 
2 1 0 
3 2 4341 4342 
1 2 0 4343 
1 2 0 4344 
1 2 0 4345 
2 2 0 4343 
2 2 0 4344 
3 3 4346 4347 4348 
1 2 0 4349 
2 2 0 4345 
3 2 4350 4351 
1 2 0 4352 
2 2 0 4349 
3 2 4353 4354 
1 2 0 4355 
1 2 0 4356 
1 2 0 4357 
2 2 0 4356 
3 2 4358 4359 
1 2 0 4360 
1 2 0 4361 
1 2 0 4362 
2 2 0 4361 
3 2 4363 4364 
1 2 0 4365 
2 2 0 4361 
2 2 0 4362 
3 3 4366 4367 4368 
1 2 0 4369 
1 2 0 4370 
2 2 0 4369 
3 2 4371 4372 
1 2 0 4373 
2 2 0 4370 
3 2 4374 4375 
1 2 0 4376 
1 2 0 4377 
1 2 0 4378 
1 2 0 4379 
1 2 0 4380 
1 2 0 4381 
2 2 0 4380 
3 2 4382 4383 
1 2 0 4384 
1 2 0 4385 
2 2 0 4380 
2 2 0 4384 
3 3 4386 4387 4388 
1 2 0 4389 
4 1 0 
4 2 0 4340 
4 2 0 4343 
4 2 0 4344 
4 2 0 4345 
4 2 0 4349 
4 2 0 4352 
4 2 0 4355 
4 2 0 4356 
4 2 0 4357 
4 2 0 4360 
4 2 0 4361 
4 2 0 4362 
4 2 0 4365 
4 2 0 4369 
4 2 0 4370 
4 2 0 4373 
4 2 0 4376 
4 2 0 4377 
4 2 0 4378 
4 2 0 4379 
4 2 0 4380 
4 2 0 4381 
4 2 0 4384 
4 2 0 4385 
4 2 0 4389 
4 2 0 4390 
1 1 0 
1 2 0 4418 
1 2 0 4419 
1 2 0 4420 
1 2 0 4421 
1 2 0 4422 
1 2 0 4423 
2 2 0 4422 
3 2 4424 4425 
1 2 0 4426 
1 2 0 4427 
1 2 0 4428 
2 2 0 4427 
3 2 4429 4430 
1 2 0 4431 
1 2 0 4432 
1 2 0 4433 
2 2 0 4432 
3 2 4434 4435 
1 2 0 4436 
1 2 0 4437 
2 2 0 4436 
3 2 4438 4439 
1 2 0 4440 
1 2 0 4441 
1 2 0 4442 
1 2 0 4443 
1 2 0 4444 
2 2 0 4443 
3 2 4445 4446 
1 2 0 4447 
1 2 0 4448 
1 2 0 4449 
2 2 0 4448 
3 2 4450 4451 
1 2 0 4452 
2 2 0 4449 
3 2 4453 4454 
1 2 0 4455 
2 2 0 4452 
3 2 4456 4457 
1 2 0 4458 
1 2 0 4459 
2 2 0 4458 
3 2 4460 4461 
1 2 0 4462 
1 2 0 4463 
1 2 0 4464 
2 2 0 4463 
3 2 4465 4466 
1 2 0 4467 
1 2 0 4468 
2 2 0 4467 
3 2 4469 4470 
1 2 0 4471 
1 2 0 4472 
2 2 0 4471 
3 2 4473 4474 
1 2 0 4475 
1 2 0 4476 
1 2 0 4477 
1 2 0 4478 
1 2 0 4479 
1 2 0 4480 
2 2 0 4478 
2 2 0 4479 
3 3 4481 4482 4483 
1 2 0 4484 
1 2 0 4485 
1 2 0 4486 
2 2 0 4485 
3 2 4487 4488 
1 2 0 4489 
1 2 0 4490 
1 2 0 4491 
2 2 0 4490 
3 2 4492 4493 
1 2 0 4494 
1 2 0 4495 
2 2 0 4494 
3 2 4496 4497 
1 2 0 4498 
2 2 0 4494 
2 2 0 4495 
3 3 4499 4500 4501 
1 2 0 4502 
2 2 0 4494 
2 2 0 4495 
2 2 0 4498 
3 4 4503 4504 4505 4506 
1 2 0 4507 
2 2 0 4495 
2 2 0 4498 
2 2 0 4502 
3 4 4508 4509 4510 4511 
1 2 0 4512 
2 2 0 4502 
2 2 0 4507 
3 3 4513 4514 4515 
1 2 0 4516 
1 2 0 4517 
1 2 0 4518 
1 2 0 4519 
2 2 0 4518 
3 2 4520 4521 
1 2 0 4522 
2 2 0 4519 
3 2 4523 4524 
1 2 0 4525 
1 2 0 4526 
1 2 0 4527 
2 2 0 4526 
3 2 4528 4529 
1 2 0 4530 
1 2 0 4531 
2 2 0 4530 
3 2 4532 4533 
1 2 0 4534 
1 2 0 4535 
2 2 0 4534 
3 2 4536 4537 
1 2 0 4538 
1 2 0 4539 
2 2 0 4538 
3 2 4540 4541 
1 2 0 4542 
1 2 0 4543 
1 2 0 4544 
2 2 0 4543 
3 2 4545 4546 
1 2 0 4547 
1 2 0 4548 
1 2 0 4549 
2 2 0 4548 
3 2 4550 4551 
1 2 0 4552 
1 2 0 4553 
1 2 0 4554 
1 2 0 4555 
1 2 0 4556 
1 2 0 4557 
1 2 0 4558 
1 2 0 4559 
1 2 0 4560 
1 2 0 4561 
2 2 0 4560 
3 2 4562 4563 
1 2 0 4564 
1 2 0 4565 
2 2 0 4564 
3 2 4566 4567 
1 2 0 4568 
1 2 0 4569 
1 2 0 4570 
1 2 0 4571 
1 2 0 4572 
1 2 0 4573 
1 2 0 4574 
2 2 0 4573 
3 2 4575 4576 
1 2 0 4577 
1 2 0 4578 
1 2 0 4579 
2 2 0 4578 
3 2 4580 4581 
1 2 0 4582 
1 2 0 4583 
2 2 0 4582 
3 2 4584 4585 
1 2 0 4586 
1 2 0 4587 
1 2 0 4588 
1 2 0 4589 
2 2 0 4588 
3 2 4590 4591 
1 2 0 4592 
4 1 0 
4 2 0 4418 
4 2 0 4419 
4 2 0 4420 
4 2 0 4421 
4 2 0 4422 
4 2 0 4423 
4 2 0 4426 
4 2 0 4427 
4 2 0 4428 
4 2 0 4431 
4 2 0 4432 
4 2 0 4433 
4 2 0 4436 
4 2 0 4437 
4 2 0 4440 
4 2 0 4441 
4 2 0 4442 
4 2 0 4443 
4 2 0 4444 
4 2 0 4447 
4 2 0 4448 
4 2 0 4449 
4 2 0 4452 
4 2 0 4455 
4 2 0 4458 
4 2 0 4459 
4 2 0 4462 
4 2 0 4463 
4 2 0 4464 
4 2 0 4467 
4 2 0 4468 
4 2 0 4471 
4 2 0 4472 
4 2 0 4475 
4 2 0 4476 
4 2 0 4477 
4 2 0 4478 
4 2 0 4479 
4 2 0 4480 
4 2 0 4484 
4 2 0 4485 
4 2 0 4486 
4 2 0 4489 
4 2 0 4490 
4 2 0 4491 
4 2 0 4494 
4 2 0 4495 
4 2 0 4498 
4 2 0 4502 
4 2 0 4507 
4 2 0 4512 
4 2 0 4516 
4 2 0 4517 
4 2 0 4518 
4 2 0 4519 
4 2 0 4522 
4 2 0 4525 
4 2 0 4526 
4 2 0 4527 
4 2 0 4530 
4 2 0 4531 
4 2 0 4534 
4 2 0 4535 
4 2 0 4538 
4 2 0 4539 
4 2 0 4542 
4 2 0 4543 
4 2 0 4544 
4 2 0 4547 
4 2 0 4548 
4 2 0 4549 
4 2 0 4552 
4 2 0 4553 
4 2 0 4554 
4 2 0 4555 
4 2 0 4556 
4 2 0 4557 
4 2 0 4558 
4 2 0 4559 
4 2 0 4560 
4 2 0 4561 
4 2 0 4564 
4 2 0 4565 
4 2 0 4568 
4 2 0 4569 
4 2 0 4570 
4 2 0 4571 
4 2 0 4572 
4 2 0 4573 
4 2 0 4574 
4 2 0 4577 
4 2 0 4578 
4 2 0 4579 
4 2 0 4582 
4 2 0 4583 
4 2 0 4586 
4 2 0 4587 
4 2 0 4588 
4 2 0 4589 
4 2 0 4592 
4 2 0 4593 
1 1 0 
1 2 0 4696 
2 1 0 
3 2 4697 4698 
1 2 0 4699 
1 2 0 4700 
1 2 0 4701 
1 2 0 4702 
1 2 0 4703 
2 2 0 4702 
3 2 4704 4705 
1 2 0 4706 
2 2 0 4702 
2 2 0 4703 
3 3 4707 4708 4709 
1 2 0 4710 
1 2 0 4711 
2 2 0 4710 
3 2 4712 4713 
1 2 0 4714 
1 2 0 4715 
1 2 0 4716 
2 2 0 4715 
3 2 4717 4718 
1 2 0 4719 
1 2 0 4720 
2 2 0 4719 
3 2 4721 4722 
1 2 0 4723 
1 2 0 4724 
1 2 0 4725 
1 2 0 4726 
1 2 0 4727 
2 2 0 4726 
3 2 4728 4729 
1 2 0 4730 
1 2 0 4731 
2 2 0 4730 
3 2 4732 4733 
1 2 0 4734 
2 2 0 4731 
3 2 4735 4736 
1 2 0 4737 
2 2 0 4734 
3 2 4738 4739 
1 2 0 4740 
1 2 0 4741 
2 2 0 4740 
3 2 4742 4743 
1 2 0 4744 
1 2 0 4745 
2 2 0 4744 
3 2 4746 4747 
1 2 0 4748 
4 1 0 
4 2 0 4696 
4 2 0 4699 
4 2 0 4700 
4 2 0 4701 
4 2 0 4702 
4 2 0 4703 
4 2 0 4706 
4 2 0 4710 
4 2 0 4711 
4 2 0 4714 
4 2 0 4715 
4 2 0 4716 
4 2 0 4719 
4 2 0 4720 
4 2 0 4723 
4 2 0 4724 
4 2 0 4725 
4 2 0 4726 
4 2 0 4727 
4 2 0 4730 
4 2 0 4731 
4 2 0 4734 
4 2 0 4737 
4 2 0 4740 
4 2 0 4741 
4 2 0 4744 
4 2 0 4745 
4 2 0 4748 
4 2 0 4749 
1 1 0 
1 2 0 4780 
2 1 0 
3 2 4781 4782 
1 2 0 4783 
1 2 0 4784 
2 2 0 4783 
3 2 4785 4786 
1 2 0 4787 
1 2 0 4788 
1 2 0 4789 
2 2 0 4788 
3 2 4790 4791 
1 2 0 4792 
1 2 0 4793 
1 2 0 4794 
1 2 0 4795 
2 2 0 4794 
3 2 4796 4797 
1 2 0 4798 
2 2 0 4795 
3 2 4799 4800 
1 2 0 4801 
1 2 0 4802 
1 2 0 4803 
2 2 0 4802 
3 2 4804 4805 
1 2 0 4806 
1 2 0 4807 
2 2 0 4806 
3 2 4808 4809 
1 2 0 4810 
1 2 0 4811 
1 2 0 4812 
1 2 0 4813 
1 2 0 4814 
1 2 0 4815 
1 2 0 4816 
1 2 0 4817 
1 2 0 4818 
2 2 0 4817 
3 2 4819 4820 
1 2 0 4821 
2 2 0 4818 
3 2 4822 4823 
1 2 0 4824 
1 2 0 4825 
1 2 0 4826 
2 2 0 4825 
3 2 4827 4828 
1 2 0 4829 
1 2 0 4830 
1 2 0 4831 
2 2 0 4830 
3 2 4832 4833 
1 2 0 4834 
4 1 0 
4 2 0 4780 
4 2 0 4783 
4 2 0 4784 
4 2 0 4787 
4 2 0 4788 
4 2 0 4789 
4 2 0 4792 
4 2 0 4793 
4 2 0 4794 
4 2 0 4795 
4 2 0 4798 
4 2 0 4801 
4 2 0 4802 
4 2 0 4803 
4 2 0 4806 
4 2 0 4807 
4 2 0 4810 
4 2 0 4811 
4 2 0 4812 
4 2 0 4813 
4 2 0 4814 
4 2 0 4815 
4 2 0 4816 
4 2 0 4817 
4 2 0 4818 
4 2 0 4821 
4 2 0 4824 
4 2 0 4825 
4 2 0 4826 
4 2 0 4829 
4 2 0 4830 
4 2 0 4831 
4 2 0 4834 
4 2 0 4835 
1 1 0 
1 2 0 4871 
2 1 0 
3 2 4872 4873 
1 2 0 4874 
1 2 0 4875 
2 2 0 4874 
3 2 4876 4877 
1 2 0 4878 
1 2 0 4879 
2 2 0 4878 
3 2 4880 4881 
1 2 0 4882 
1 2 0 4883 
2 2 0 4882 
3 2 4884 4885 
1 2 0 4886 
1 2 0 4887 
2 2 0 4886 
3 2 4888 4889 
4 1 0 
4 2 0 4871 
4 2 0 4874 
4 2 0 4875 
4 2 0 4878 
4 2 0 4879 
4 2 0 4882 
4 2 0 4883 
4 2 0 4886 
4 2 0 4887 
4 2 0 4890 
1 1 0 
1 2 0 4902 
2 1 0 
3 2 4903 4904 
1 2 0 4905 
2 1 0 
2 2 0 4902 
3 3 4906 4907 4908 
1 2 0 4909 
1 2 0 4910 
2 2 0 4909 
3 2 4911 4912 
1 2 0 4913 
1 2 0 4914 
2 2 0 4913 
3 2 4915 4916 
1 2 0 4917 
1 2 0 4918 
2 2 0 4917 
3 2 4919 4920 
1 2 0 4921 
2 2 0 4917 
2 2 0 4918 
3 3 4922 4923 4924 
1 2 0 4925 
2 2 0 4917 
2 2 0 4918 
2 2 0 4921 
3 4 4926 4927 4928 4929 
1 2 0 4930 
1 2 0 4931 
1 2 0 4932 
1 2 0 4933 
2 2 0 4932 
3 2 4934 4935 
1 2 0 4936 
2 2 0 4932 
3 2 4937 4938 
1 2 0 4939 
1 2 0 4940 
1 2 0 4941 
2 2 0 4940 
3 2 4942 4943 
1 2 0 4944 
4 1 0 
4 2 0 4902 
4 2 0 4905 
4 2 0 4909 
4 2 0 4910 
4 2 0 4913 
4 2 0 4914 
4 2 0 4917 
4 2 0 4918 
4 2 0 4921 
4 2 0 4925 
4 2 0 4930 
4 2 0 4931 
4 2 0 4932 
4 2 0 4933 
4 2 0 4936 
4 2 0 4939 
4 2 0 4940 
4 2 0 4941 
4 2 0 4944 
4 2 0 4945 
1 1 0 
1 2 0 4967 
2 1 0 
3 2 4968 4969 
1 2 0 4970 
1 2 0 4971 
2 2 0 4970 
3 2 4972 4973 
1 2 0 4974 
1 2 0 4975 
2 2 0 4974 
3 2 4976 4977 
1 2 0 4978 
1 2 0 4979 
2 2 0 4978 
3 2 4980 4981 
1 2 0 4982 
2 2 0 4979 
3 2 4983 4984 
1 2 0 4985 
2 2 0 4982 
3 2 4986 4987 
1 2 0 4988 
1 2 0 4989 
1 2 0 4990 
2 2 0 4989 
3 2 4991 4992 
1 2 0 4993 
1 2 0 4994 
2 2 0 4993 
3 2 4995 4996 
1 2 0 4997 
1 2 0 4998 
2 2 0 4997 
3 2 4999 5000 
1 2 0 5001 
1 2 0 5002 
2 2 0 5001 
3 2 5003 5004 
1 2 0 5005 
1 2 0 5006 
1 2 0 5007 
1 2 0 5008 
2 2 0 5007 
3 2 5009 5010 
1 2 0 5011 
1 2 0 5012 
2 2 0 5011 
3 2 5013 5014 
1 2 0 5015 
1 2 0 5016 
1 2 0 5017 
1 2 0 5018 
2 2 0 5017 
3 2 5019 5020 
1 2 0 5021 
1 2 0 5022 
2 2 0 5021 
3 2 5023 5024 
1 2 0 5025 
1 2 0 5026 
2 2 0 5025 
3 2 5027 5028 
1 2 0 5029 
1 2 0 5030 
2 2 0 5029 
3 2 5031 5032 
1 2 0 5033 
4 1 0 
4 2 0 4967 
4 2 0 4970 
4 2 0 4971 
4 2 0 4974 
4 2 0 4975 
4 2 0 4978 
4 2 0 4979 
4 2 0 4982 
4 2 0 4985 
4 2 0 4988 
4 2 0 4989 
4 2 0 4990 
4 2 0 4993 
4 2 0 4994 
4 2 0 4997 
4 2 0 4998 
4 2 0 5001 
4 2 0 5002 
4 2 0 5005 
4 2 0 5006 
4 2 0 5007 
4 2 0 5008 
4 2 0 5011 
4 2 0 5012 
4 2 0 5015 
4 2 0 5016 
4 2 0 5017 
4 2 0 5018 
4 2 0 5021 
4 2 0 5022 
4 2 0 5025 
4 2 0 5026 
4 2 0 5029 
4 2 0 5030 
4 2 0 5033 
4 2 0 5034 
1 1 0 
1 2 0 5072 
1 2 0 5073 
2 2 0 5072 
3 2 5074 5075 
1 2 0 5076 
1 2 0 5077 
1 2 0 5078 
2 2 0 5077 
3 2 5079 5080 
1 2 0 5081 
2 2 0 5078 
3 2 5082 5083 
1 2 0 5084 
1 2 0 5085 
2 2 0 5084 
3 2 5086 5087 
1 2 0 5088 
2 2 0 5085 
3 2 5089 5090 
1 2 0 5091 
2 2 0 5088 
3 2 5092 5093 
1 2 0 5094 
1 2 0 5095 
1 2 0 5096 
2 2 0 5095 
3 2 5097 5098 
1 2 0 5099 
1 2 0 5100 
2 2 0 5099 
3 2 5101 5102 
1 2 0 5103 
1 2 0 5104 
2 2 0 5103 
3 2 5105 5106 
1 2 0 5107 
1 2 0 5108 
1 2 0 5109 
2 2 0 5108 
3 2 5110 5111 
1 2 0 5112 
1 2 0 5113 
2 2 0 5112 
3 2 5114 5115 
1 2 0 5116 
2 2 0 5113 
3 2 5117 5118 
1 2 0 5119 
1 2 0 5120 
1 2 0 5121 
2 2 0 5120 
3 2 5122 5123 
1 2 0 5124 
2 2 0 5121 
3 2 5125 5126 
1 2 0 5127 
2 2 0 5120 
2 2 0 5124 
3 3 5128 5129 5130 
1 2 0 5131 
1 2 0 5132 
2 2 0 5124 
2 2 0 5131 
3 3 5133 5134 5135 
1 2 0 5136 
2 2 0 5124 
2 2 0 5131 
2 2 0 5132 
3 4 5137 5138 5139 5140 
1 2 0 5141 
2 2 0 5136 
3 2 5142 5143 
1 2 0 5144 
4 1 0 
4 2 0 5072 
4 2 0 5073 
4 2 0 5076 
4 2 0 5077 
4 2 0 5078 
4 2 0 5081 
4 2 0 5084 
4 2 0 5085 
4 2 0 5088 
4 2 0 5091 
4 2 0 5094 
4 2 0 5095 
4 2 0 5096 
4 2 0 5099 
4 2 0 5100 
4 2 0 5103 
4 2 0 5104 
4 2 0 5107 
4 2 0 5108 
4 2 0 5109 
4 2 0 5112 
4 2 0 5113 
4 2 0 5116 
4 2 0 5119 
4 2 0 5120 
4 2 0 5121 
4 2 0 5124 
4 2 0 5127 
4 2 0 5131 
4 2 0 5132 
4 2 0 5136 
4 2 0 5141 
4 2 0 5144 
4 2 0 5145 
1 1 0 
1 2 0 5181 
2 1 0 
3 2 5182 5183 
1 2 0 5184 
1 2 0 5185 
2 2 0 5184 
3 2 5186 5187 
1 2 0 5188 
1 2 0 5189 
2 2 0 5188 
3 2 5190 5191 
1 2 0 5192 
1 2 0 5193 
2 2 0 5188 
2 2 0 5192 
3 3 5194 5195 5196 
1 2 0 5197 
2 2 0 5192 
3 2 5198 5199 
1 2 0 5200 
2 2 0 5192 
2 2 0 5197 
3 3 5201 5202 5203 
1 2 0 5204 
1 2 0 5205 
2 2 0 5197 
2 2 0 5204 
3 3 5206 5207 5208 
1 2 0 5209 
2 2 0 5197 
2 2 0 5204 
2 2 0 5205 
3 4 5210 5211 5212 5213 
1 2 0 5214 
1 2 0 5215 
1 2 0 5216 
1 2 0 5217 
2 2 0 5216 
3 2 5218 5219 
1 2 0 5220 
1 2 0 5221 
2 2 0 5220 
3 2 5222 5223 
1 2 0 5224 
1 2 0 5225 
2 2 0 5224 
3 2 5226 5227 
1 2 0 5228 
1 2 0 5229 
2 2 0 5228 
3 2 5230 5231 
1 2 0 5232 
1 2 0 5233 
2 2 0 5232 
3 2 5234 5235 
1 2 0 5236 
2 2 0 5232 
2 2 0 5233 
3 3 5237 5238 5239 
1 2 0 5240 
1 2 0 5241 
2 2 0 5240 
3 2 5242 5243 
1 2 0 5244 
2 2 0 5241 
3 2 5245 5246 
1 2 0 5247 
2 2 0 5241 
2 2 0 5244 
3 3 5248 5249 5250 
1 2 0 5251 
2 2 0 5241 
2 2 0 5247 
3 3 5252 5253 5254 
1 2 0 5255 
2 2 0 5251 
3 2 5256 5257 
1 2 0 5258 
1 2 0 5259 
1 2 0 5260 
2 2 0 5259 
3 2 5261 5262 
1 2 0 5263 
2 2 0 5260 
3 2 5264 5265 
1 2 0 5266 
1 2 0 5267 
2 2 0 5266 
3 2 5268 5269 
1 2 0 5270 
1 2 0 5271 
1 2 0 5272 
1 2 0 5273 
2 2 0 5272 
3 2 5274 5275 
1 2 0 5276 
1 2 0 5277 
2 2 0 5276 
3 2 5278 5279 
1 2 0 5280 
1 2 0 5281 
1 2 0 5282 
2 2 0 5281 
3 2 5283 5284 
1 2 0 5285 
4 1 0 
4 2 0 5181 
4 2 0 5184 
4 2 0 5185 
4 2 0 5188 
4 2 0 5189 
4 2 0 5192 
4 2 0 5193 
4 2 0 5197 
4 2 0 5200 
4 2 0 5204 
4 2 0 5205 
4 2 0 5209 
4 2 0 5214 
4 2 0 5215 
4 2 0 5216 
4 2 0 5217 
4 2 0 5220 
4 2 0 5221 
4 2 0 5224 
4 2 0 5225 
4 2 0 5228 
4 2 0 5229 
4 2 0 5232 
4 2 0 5233 
4 2 0 5236 
4 2 0 5240 
4 2 0 5241 
4 2 0 5244 
4 2 0 5247 
4 2 0 5251 
4 2 0 5255 
4 2 0 5258 
4 2 0 5259 
4 2 0 5260 
4 2 0 5263 
4 2 0 5266 
4 2 0 5267 
4 2 0 5270 
4 2 0 5271 
4 2 0 5272 
4 2 0 5273 
4 2 0 5276 
4 2 0 5277 
4 2 0 5280 
4 2 0 5281 
4 2 0 5282 
4 2 0 5285 
4 2 0 5286 
1 1 0 
1 2 0 5336 
2 1 0 
3 2 5337 5338 
1 2 0 5339 
1 2 0 5340 
1 2 0 5341 
1 2 0 5342 
1 2 0 5343 
2 2 0 5342 
3 2 5344 5345 
1 2 0 5346 
2 2 0 5342 
2 2 0 5343 
3 3 5347 5348 5349 
1 2 0 5350 
1 2 0 5351 
2 2 0 5350 
3 2 5352 5353 
1 2 0 5354 
1 2 0 5355 
2 2 0 5354 
3 2 5356 5357 
1 2 0 5358 
1 2 0 5359 
1 2 0 5360 
2 2 0 5359 
3 2 5361 5362 
1 2 0 5363 
1 2 0 5364 
1 2 0 5365 
2 2 0 5364 
3 2 5366 5367 
1 2 0 5368 
1 2 0 5369 
2 2 0 5368 
3 2 5370 5371 
1 2 0 5372 
1 2 0 5373 
2 2 0 5372 
3 2 5374 5375 
1 2 0 5376 
1 2 0 5377 
1 2 0 5378 
1 2 0 5379 
1 2 0 5380 
2 2 0 5377 
3 2 5381 5382 
1 2 0 5383 
1 2 0 5384 
2 2 0 5383 
3 2 5385 5386 
1 2 0 5387 
2 2 0 5384 
3 2 5388 5389 
1 2 0 5390 
2 2 0 5387 
3 2 5391 5392 
1 2 0 5393 
1 2 0 5394 
1 2 0 5395 
2 2 0 5394 
3 2 5396 5397 
1 2 0 5398 
1 2 0 5399 
1 2 0 5400 
2 2 0 5399 
3 2 5401 5402 
1 2 0 5403 
1 2 0 5404 
2 2 0 5403 
3 2 5405 5406 
1 2 0 5407 
1 2 0 5408 
2 2 0 5407 
3 2 5409 5410 
1 2 0 5411 
4 1 0 
4 2 0 5336 
4 2 0 5339 
4 2 0 5340 
4 2 0 5341 
4 2 0 5342 
4 2 0 5343 
4 2 0 5346 
4 2 0 5350 
4 2 0 5351 
4 2 0 5354 
4 2 0 5355 
4 2 0 5358 
4 2 0 5359 
4 2 0 5360 
4 2 0 5363 
4 2 0 5364 
4 2 0 5365 
4 2 0 5368 
4 2 0 5369 
4 2 0 5372 
4 2 0 5373 
4 2 0 5376 
4 2 0 5377 
4 2 0 5378 
4 2 0 5379 
4 2 0 5380 
4 2 0 5383 
4 2 0 5384 
4 2 0 5387 
4 2 0 5390 
4 2 0 5393 
4 2 0 5394 
4 2 0 5395 
4 2 0 5398 
4 2 0 5399 
4 2 0 5400 
4 2 0 5403 
4 2 0 5404 
4 2 0 5407 
4 2 0 5408 
4 2 0 5411 
4 2 0 5412 
1 1 0 
1 2 0 5456 
2 1 0 
3 2 5457 5458 
1 2 0 5459 
1 2 0 5460 
2 2 0 5456 
2 2 0 5459 
3 3 5461 5462 5463 
1 2 0 5464 
1 2 0 5465 
1 2 0 5466 
2 2 0 5465 
3 2 5467 5468 
1 2 0 5469 
1 2 0 5470 
2 2 0 5469 
3 2 5471 5472 
1 2 0 5473 
1 2 0 5474 
1 2 0 5475 
1 2 0 5476 
2 2 0 5475 
3 2 5477 5478 
1 2 0 5479 
1 2 0 5480 
2 2 0 5475 
2 2 0 5479 
3 3 5481 5482 5483 
1 2 0 5484 
1 2 0 5485 
2 2 0 5479 
2 2 0 5484 
3 3 5486 5487 5488 
1 2 0 5489 
2 2 0 5479 
2 2 0 5484 
2 2 0 5485 
3 4 5490 5491 5492 5493 
1 2 0 5494 
2 2 0 5489 
3 2 5495 5496 
1 2 0 5497 
4 1 0 
4 2 0 5456 
4 2 0 5459 
4 2 0 5460 
4 2 0 5464 
4 2 0 5465 
4 2 0 5466 
4 2 0 5469 
4 2 0 5470 
4 2 0 5473 
4 2 0 5474 
4 2 0 5475 
4 2 0 5476 
4 2 0 5479 
4 2 0 5480 
4 2 0 5484 
4 2 0 5485 
4 2 0 5489 
4 2 0 5494 
4 2 0 5497 
4 2 0 5498 
1 1 0 
1 2 0 5520 
2 1 0 
3 2 5521 5522 
1 2 0 5523 
1 2 0 5524 
2 2 0 5523 
3 2 5525 5526 
1 2 0 5527 
1 2 0 5528 
2 2 0 5527 
3 2 5529 5530 
1 2 0 5531 
1 2 0 5532 
2 2 0 5527 
2 2 0 5531 
3 3 5533 5534 5535 
1 2 0 5536 
1 2 0 5537 
2 2 0 5531 
2 2 0 5536 
3 3 5538 5539 5540 
1 2 0 5541 
1 2 0 5542 
2 2 0 5536 
2 2 0 5537 
2 2 0 5541 
3 4 5543 5544 5545 5546 
1 2 0 5547 
2 2 0 5536 
2 2 0 5541 
2 2 0 5542 
3 4 5548 5549 5550 5551 
1 2 0 5552 
2 2 0 5547 
3 2 5553 5554 
1 2 0 5555 
1 2 0 5556 
1 2 0 5557 
2 2 0 5556 
3 2 5558 5559 
1 2 0 5560 
2 2 0 5557 
3 2 5561 5562 
1 2 0 5563 
1 2 0 5564 
2 2 0 5563 
3 2 5565 5566 
1 2 0 5567 
2 2 0 5563 
2 2 0 5564 
3 3 5568 5569 5570 
1 2 0 5571 
2 2 0 5567 
3 2 5572 5573 
1 2 0 5574 
1 2 0 5575 
2 2 0 5574 
3 2 5576 5577 
1 2 0 5578 
2 2 0 5575 
3 2 5579 5580 
1 2 0 5581 
2 2 0 5578 
3 2 5582 5583 
1 2 0 5584 
2 2 0 5578 
3 2 5585 5586 
1 2 0 5587 
2 2 0 5578 
3 2 5588 5589 
1 2 0 5590 
2 2 0 5587 
3 2 5591 5592 
1 2 0 5593 
2 2 0 5578 
2 2 0 5587 
3 3 5594 5595 5596 
1 2 0 5597 
2 2 0 5593 
3 2 5598 5599 
1 2 0 5600 
2 2 0 5597 
3 2 5601 5602 
1 2 0 5603 
2 2 0 5600 
3 2 5604 5605 
1 2 0 5606 
2 2 0 5603 
3 2 5607 5608 
1 2 0 5609 
2 2 0 5603 
3 2 5610 5611 
1 2 0 5612 
2 2 0 5603 
3 2 5613 5614 
1 2 0 5615 
2 2 0 5603 
2 2 0 5609 
2 2 0 5612 
3 4 5616 5617 5618 5619 
1 2 0 5620 
2 2 0 5612 
2 2 0 5615 
3 3 5621 5622 5623 
1 2 0 5624 
2 2 0 5603 
2 2 0 5612 
2 2 0 5615 
3 4 5625 5626 5627 5628 
1 2 0 5629 
2 2 0 5612 
2 2 0 5615 
2 2 0 5620 
2 2 0 5624 
3 5 5630 5631 5632 5633 5634 
1 2 0 5635 
4 1 0 
4 2 0 5520 
4 2 0 5523 
4 2 0 5524 
4 2 0 5527 
4 2 0 5528 
4 2 0 5531 
4 2 0 5532 
4 2 0 5536 
4 2 0 5537 
4 2 0 5541 
4 2 0 5542 
4 2 0 5547 
4 2 0 5552 
4 2 0 5555 
4 2 0 5556 
4 2 0 5557 
4 2 0 5560 
4 2 0 5563 
4 2 0 5564 
4 2 0 5567 
4 2 0 5571 
4 2 0 5574 
4 2 0 5575 
4 2 0 5578 
4 2 0 5581 
4 2 0 5584 
4 2 0 5587 
4 2 0 5590 
4 2 0 5593 
4 2 0 5597 
4 2 0 5600 
4 2 0 5603 
4 2 0 5606 
4 2 0 5609 
4 2 0 5612 
4 2 0 5615 
4 2 0 5620 
4 2 0 5624 
4 2 0 5629 
4 2 0 5635 
4 2 0 5636 
1 1 0 
1 2 0 5679 
2 1 0 
3 2 5680 5681 
1 2 0 5682 
1 2 0 5683 
2 2 0 5679 
2 2 0 5682 
3 3 5684 5685 5686 
1 2 0 5687 
1 2 0 5688 
1 2 0 5689 
2 2 0 5688 
3 2 5690 5691 
1 2 0 5692 
1 2 0 5693 
1 2 0 5694 
1 2 0 5695 
1 2 0 5696 
2 2 0 5695 
3 2 5697 5698 
1 2 0 5699 
1 2 0 5700 
2 2 0 5699 
3 2 5701 5702 
1 2 0 5703 
1 2 0 5704 
2 2 0 5703 
3 2 5705 5706 
1 2 0 5707 
2 2 0 5704 
3 2 5708 5709 
1 2 0 5710 
1 2 0 5711 
1 2 0 5712 
2 2 0 5711 
3 2 5713 5714 
1 2 0 5715 
1 2 0 5716 
2 2 0 5715 
3 2 5717 5718 
1 2 0 5719 
1 2 0 5720 
2 2 0 5719 
3 2 5721 5722 
1 2 0 5723 
1 2 0 5724 
1 2 0 5725 
2 2 0 5724 
3 2 5726 5727 
1 2 0 5728 
2 2 0 5725 
3 2 5729 5730 
1 2 0 5731 
2 2 0 5728 
3 2 5732 5733 
1 2 0 5734 
1 2 0 5735 
1 2 0 5736 
2 2 0 5735 
3 2 5737 5738 
1 2 0 5739 
2 2 0 5735 
3 2 5740 5741 
1 2 0 5742 
2 2 0 5735 
3 2 5743 5744 
1 2 0 5745 
2 2 0 5735 
2 2 0 5742 
3 3 5746 5747 5748 
1 2 0 5749 
2 2 0 5735 
2 2 0 5742 
2 2 0 5745 
3 4 5750 5751 5752 5753 
1 2 0 5754 
2 2 0 5742 
2 2 0 5745 
2 2 0 5749 
3 4 5755 5756 5757 5758 
1 2 0 5759 
2 2 0 5735 
2 2 0 5742 
2 2 0 5745 
2 2 0 5749 
3 5 5760 5761 5762 5763 5764 
1 2 0 5765 
2 2 0 5759 
3 2 5766 5767 
1 2 0 5768 
2 2 0 5765 
3 2 5769 5770 
1 2 0 5771 
2 2 0 5768 
3 2 5772 5773 
1 2 0 5774 
2 2 0 5771 
3 2 5775 5776 
1 2 0 5777 
2 2 0 5771 
3 2 5778 5779 
1 2 0 5780 
2 2 0 5771 
3 2 5781 5782 
1 2 0 5783 
2 2 0 5771 
2 2 0 5780 
3 3 5784 5785 5786 
1 2 0 5787 
2 2 0 5771 
2 2 0 5780 
2 2 0 5783 
3 4 5788 5789 5790 5791 
1 2 0 5792 
2 2 0 5783 
2 2 0 5787 
3 3 5793 5794 5795 
1 2 0 5796 
2 2 0 5771 
2 2 0 5783 
2 2 0 5787 
3 4 5797 5798 5799 5800 
1 2 0 5801 
2 2 0 5787 
3 2 5802 5803 
1 2 0 5804 
1 2 0 5805 
1 2 0 5806 
2 2 0 5805 
3 2 5807 5808 
1 2 0 5809 
2 2 0 5806 
3 2 5810 5811 
1 2 0 5812 
2 2 0 5809 
3 2 5813 5814 
1 2 0 5815 
2 2 0 5812 
3 2 5816 5817 
1 2 0 5818 
2 2 0 5815 
3 2 5819 5820 
1 2 0 5821 
2 2 0 5818 
3 2 5822 5823 
1 2 0 5824 
1 2 0 5825 
2 2 0 5824 
3 2 5826 5827 
1 2 0 5828 
1 2 0 5829 
2 2 0 5828 
3 2 5830 5831 
1 2 0 5832 
1 2 0 5833 
1 2 0 5834 
2 2 0 5833 
3 2 5835 5836 
1 2 0 5837 
1 2 0 5838 
2 2 0 5837 
3 2 5839 5840 
1 2 0 5841 
2 2 0 5838 
3 2 5842 5843 
1 2 0 5844 
2 2 0 5841 
3 2 5845 5846 
1 2 0 5847 
1 2 0 5848 
2 2 0 5847 
3 2 5849 5850 
1 2 0 5851 
1 2 0 5852 
1 2 0 5853 
1 2 0 5854 
1 2 0 5855 
2 2 0 5854 
3 2 5856 5857 
1 2 0 5858 
2 2 0 5855 
3 2 5859 5860 
1 2 0 5861 
2 2 0 5858 
3 2 5862 5863 
1 2 0 5864 
2 2 0 5861 
3 2 5865 5866 
1 2 0 5867 
1 2 0 5868 
1 2 0 5869 
2 2 0 5868 
3 2 5870 5871 
1 2 0 5872 
1 2 0 5873 
2 2 0 5872 
3 2 5874 5875 
1 2 0 5876 
1 2 0 5877 
2 2 0 5876 
3 2 5878 5879 
1 2 0 5880 
1 2 0 5881 
2 2 0 5876 
2 2 0 5877 
2 2 0 5880 
3 4 5882 5883 5884 5885 
1 2 0 5886 
2 2 0 5876 
2 2 0 5880 
2 2 0 5881 
3 4 5887 5888 5889 5890 
1 2 0 5891 
1 2 0 5892 
1 2 0 5893 
1 2 0 5894 
1 2 0 5895 
1 2 0 5896 
1 2 0 5897 
1 2 0 5898 
1 2 0 5899 
2 2 0 5898 
3 2 5900 5901 
1 2 0 5902 
2 2 0 5899 
3 2 5903 5904 
1 2 0 5905 
2 2 0 5902 
3 2 5906 5907 
1 2 0 5908 
2 2 0 5902 
3 2 5909 5910 
1 2 0 5911 
2 2 0 5902 
3 2 5912 5913 
1 2 0 5914 
2 2 0 5902 
2 2 0 5911 
3 3 5915 5916 5917 
1 2 0 5918 
2 2 0 5902 
2 2 0 5911 
3 3 5919 5920 5921 
1 2 0 5922 
2 2 0 5902 
2 2 0 5911 
2 2 0 5918 
3 4 5923 5924 5925 5926 
1 2 0 5927 
4 1 0 
4 2 0 5679 
4 2 0 5682 
4 2 0 5683 
4 2 0 5687 
4 2 0 5688 
4 2 0 5689 
4 2 0 5692 
4 2 0 5693 
4 2 0 5694 
4 2 0 5695 
4 2 0 5696 
4 2 0 5699 
4 2 0 5700 
4 2 0 5703 
4 2 0 5704 
4 2 0 5707 
4 2 0 5710 
4 2 0 5711 
4 2 0 5712 
4 2 0 5715 
4 2 0 5716 
4 2 0 5719 
4 2 0 5720 
4 2 0 5723 
4 2 0 5724 
4 2 0 5725 
4 2 0 5728 
4 2 0 5731 
4 2 0 5734 
4 2 0 5735 
4 2 0 5736 
4 2 0 5739 
4 2 0 5742 
4 2 0 5745 
4 2 0 5749 
4 2 0 5754 
4 2 0 5759 
4 2 0 5765 
4 2 0 5768 
4 2 0 5771 
4 2 0 5774 
4 2 0 5777 
4 2 0 5780 
4 2 0 5783 
4 2 0 5787 
4 2 0 5792 
4 2 0 5796 
4 2 0 5801 
4 2 0 5804 
4 2 0 5805 
4 2 0 5806 
4 2 0 5809 
4 2 0 5812 
4 2 0 5815 
4 2 0 5818 
4 2 0 5821 
4 2 0 5824 
4 2 0 5825 
4 2 0 5828 
4 2 0 5829 
4 2 0 5832 
4 2 0 5833 
4 2 0 5834 
4 2 0 5837 
4 2 0 5838 
4 2 0 5841 
4 2 0 5844 
4 2 0 5847 
4 2 0 5848 
4 2 0 5851 
4 2 0 5852 
4 2 0 5853 
4 2 0 5854 
4 2 0 5855 
4 2 0 5858 
4 2 0 5861 
4 2 0 5864 
4 2 0 5867 
4 2 0 5868 
4 2 0 5869 
4 2 0 5872 
4 2 0 5873 
4 2 0 5876 
4 2 0 5877 
4 2 0 5880 
4 2 0 5881 
4 2 0 5886 
4 2 0 5891 
4 2 0 5892 
4 2 0 5893 
4 2 0 5894 
4 2 0 5895 
4 2 0 5896 
4 2 0 5897 
4 2 0 5898 
4 2 0 5899 
4 2 0 5902 
4 2 0 5905 
4 2 0 5908 
4 2 0 5911 
4 2 0 5914 
4 2 0 5918 
4 2 0 5922 
4 2 0 5927 
4 2 0 5928 
1 1 0 
1 2 0 6035 
2 1 0 
3 2 6036 6037 
1 2 0 6038 
1 2 0 6039 
1 2 0 6040 
2 2 0 6039 
3 2 6041 6042 
1 2 0 6043 
1 2 0 6044 
2 2 0 6043 
3 2 6045 6046 
1 2 0 6047 
1 2 0 6048 
2 2 0 6047 
3 2 6049 6050 
1 2 0 6051 
1 2 0 6052 
2 2 0 6051 
3 2 6053 6054 
1 2 0 6055 
1 2 0 6056 
2 2 0 6055 
3 2 6057 6058 
1 2 0 6059 
1 2 0 6060 
1 2 0 6061 
2 2 0 6060 
3 2 6062 6063 
1 2 0 6064 
1 2 0 6065 
2 2 0 6064 
3 2 6066 6067 
1 2 0 6068 
1 2 0 6069 
1 2 0 6070 
4 1 0 
4 2 0 6035 
4 2 0 6038 
4 2 0 6039 
4 2 0 6040 
4 2 0 6043 
4 2 0 6044 
4 2 0 6047 
4 2 0 6048 
4 2 0 6051 
4 2 0 6052 
4 2 0 6055 
4 2 0 6056 
4 2 0 6059 
4 2 0 6060 
4 2 0 6061 
4 2 0 6064 
4 2 0 6065 
4 2 0 6068 
4 2 0 6069 
4 2 0 6070 
4 2 0 6071 
1 1 0 
1 2 0 6094 
2 1 0 
3 2 6095 6096 
1 2 0 6097 
2 2 0 6094 
3 2 6098 6099 
1 2 0 6100 
1 2 0 6101 
2 2 0 6100 
3 2 6102 6103 
1 2 0 6104 
2 2 0 6101 
3 2 6105 6106 
1 2 0 6107 
2 2 0 6104 
3 2 6108 6109 
1 2 0 6110 
1 2 0 6111 
1 2 0 6112 
1 2 0 6113 
2 2 0 6112 
3 2 6114 6115 
1 2 0 6116 
2 2 0 6112 
2 2 0 6113 
3 3 6117 6118 6119 
1 2 0 6120 
1 2 0 6121 
2 2 0 6120 
3 2 6122 6123 
1 2 0 6124 
1 2 0 6125 
2 2 0 6124 
3 2 6126 6127 
1 2 0 6128 
1 2 0 6129 
2 2 0 6128 
3 2 6130 6131 
1 2 0 6132 
1 2 0 6133 
2 2 0 6132 
3 2 6134 6135 
1 2 0 6136 
2 2 0 6133 
3 2 6137 6138 
1 2 0 6139 
2 2 0 6136 
3 2 6140 6141 
1 2 0 6142 
2 2 0 6139 
3 2 6143 6144 
1 2 0 6145 
2 2 0 6139 
2 2 0 6142 
3 3 6146 6147 6148 
1 2 0 6149 
2 2 0 6139 
2 2 0 6142 
3 3 6150 6151 6152 
1 2 0 6153 
2 2 0 6142 
2 2 0 6149 
3 3 6154 6155 6156 
1 2 0 6157 
2 2 0 6153 
3 2 6158 6159 
1 2 0 6160 
1 2 0 6161 
1 2 0 6162 
1 2 0 6163 
2 2 0 6162 
3 2 6164 6165 
1 2 0 6166 
2 2 0 6162 
2 2 0 6163 
3 3 6167 6168 6169 
1 2 0 6170 
2 2 0 6166 
3 2 6171 6172 
1 2 0 6173 
1 2 0 6174 
2 2 0 6173 
3 2 6175 6176 
1 2 0 6177 
2 2 0 6174 
3 2 6178 6179 
1 2 0 6180 
2 2 0 6177 
3 2 6181 6182 
1 2 0 6183 
2 2 0 6177 
3 2 6184 6185 
1 2 0 6186 
2 2 0 6177 
3 2 6187 6188 
1 2 0 6189 
2 2 0 6177 
2 2 0 6186 
3 3 6190 6191 6192 
1 2 0 6193 
2 2 0 6177 
2 2 0 6186 
2 2 0 6189 
3 4 6194 6195 6196 6197 
1 2 0 6198 
2 2 0 6189 
2 2 0 6193 
3 3 6199 6200 6201 
1 2 0 6202 
2 2 0 6177 
2 2 0 6186 
2 2 0 6189 
2 2 0 6193 
3 5 6203 6204 6205 6206 6207 
1 2 0 6208 
2 2 0 6186 
2 2 0 6193 
2 2 0 6202 
3 4 6209 6210 6211 6212 
1 2 0 6213 
4 1 0 
4 2 0 6094 
4 2 0 6097 
4 2 0 6100 
4 2 0 6101 
4 2 0 6104 
4 2 0 6107 
4 2 0 6110 
4 2 0 6111 
4 2 0 6112 
4 2 0 6113 
4 2 0 6116 
4 2 0 6120 
4 2 0 6121 
4 2 0 6124 
4 2 0 6125 
4 2 0 6128 
4 2 0 6129 
4 2 0 6132 
4 2 0 6133 
4 2 0 6136 
4 2 0 6139 
4 2 0 6142 
4 2 0 6145 
4 2 0 6149 
4 2 0 6153 
4 2 0 6157 
4 2 0 6160 
4 2 0 6161 
4 2 0 6162 
4 2 0 6163 
4 2 0 6166 
4 2 0 6170 
4 2 0 6173 
4 2 0 6174 
4 2 0 6177 
4 2 0 6180 
4 2 0 6183 
4 2 0 6186 
4 2 0 6189 
4 2 0 6193 
4 2 0 6198 
4 2 0 6202 
4 2 0 6208 
4 2 0 6213 
4 2 0 6214 
1 1 0 
1 2 0 6261 
2 1 0 
3 2 6262 6263 
1 2 0 6264 
2 1 0 
2 2 0 6261 
3 3 6265 6266 6267 
1 2 0 6268 
1 2 0 6269 
2 2 0 6268 
3 2 6270 6271 
1 2 0 6272 
1 2 0 6273 
2 2 0 6272 
3 2 6274 6275 
1 2 0 6276 
1 2 0 6277 
2 2 0 6276 
3 2 6278 6279 
1 2 0 6280 
1 2 0 6281 
2 2 0 6280 
3 2 6282 6283 
1 2 0 6284 
1 2 0 6285 
1 2 0 6286 
1 2 0 6287 
1 2 0 6288 
2 2 0 6287 
3 2 6289 6290 
1 2 0 6291 
1 2 0 6292 
2 2 0 6291 
3 2 6293 6294 
1 2 0 6295 
1 2 0 6296 
2 2 0 6295 
3 2 6297 6298 
1 2 0 6299 
1 2 0 6300 
2 2 0 6299 
3 2 6301 6302 
1 2 0 6303 
1 2 0 6304 
2 2 0 6303 
3 2 6305 6306 
1 2 0 6307 
1 2 0 6308 
2 2 0 6307 
3 2 6309 6310 
1 2 0 6311 
1 2 0 6312 
2 2 0 6311 
3 2 6313 6314 
1 2 0 6315 
4 1 0 
4 2 0 6261 
4 2 0 6264 
4 2 0 6268 
4 2 0 6269 
4 2 0 6272 
4 2 0 6273 
4 2 0 6276 
4 2 0 6277 
4 2 0 6280 
4 2 0 6281 
4 2 0 6284 
4 2 0 6285 
4 2 0 6286 
4 2 0 6287 
4 2 0 6288 
4 2 0 6291 
4 2 0 6292 
4 2 0 6295 
4 2 0 6296 
4 2 0 6299 
4 2 0 6300 
4 2 0 6303 
4 2 0 6304 
4 2 0 6307 
4 2 0 6308 
4 2 0 6311 
4 2 0 6312 
4 2 0 6315 
4 2 0 6316 
1 1 0 
1 2 0 6347 
2 1 0 
3 2 6348 6349 
1 2 0 6350 
1 2 0 6351 
2 2 0 6350 
3 2 6352 6353 
1 2 0 6354 
2 2 0 6351 
3 2 6355 6356 
1 2 0 6357 
2 2 0 6354 
3 2 6358 6359 
1 2 0 6360 
1 2 0 6361 
1 2 0 6362 
2 2 0 6361 
3 2 6363 6364 
1 2 0 6365 
2 2 0 6361 
2 2 0 6362 
3 3 6366 6367 6368 
1 2 0 6369 
1 2 0 6370 
2 2 0 6369 
3 2 6371 6372 
1 2 0 6373 
1 2 0 6374 
2 2 0 6373 
3 2 6375 6376 
1 2 0 6377 
1 2 0 6378 
2 2 0 6377 
3 2 6379 6380 
1 2 0 6381 
2 2 0 6377 
3 2 6382 6383 
1 2 0 6384 
2 2 0 6381 
3 2 6385 6386 
1 2 0 6387 
1 2 0 6388 
1 2 0 6389 
2 2 0 6388 
3 2 6390 6391 
1 2 0 6392 
1 2 0 6393 
2 2 0 6388 
2 2 0 6392 
3 3 6394 6395 6396 
1 2 0 6397 
2 2 0 6388 
2 2 0 6392 
2 2 0 6393 
3 4 6398 6399 6400 6401 
1 2 0 6402 
1 2 0 6403 
1 2 0 6404 
1 2 0 6405 
1 2 0 6406 
2 2 0 6405 
3 2 6407 6408 
1 2 0 6409 
1 2 0 6410 
1 2 0 6411 
1 2 0 6412 
2 2 0 6411 
3 2 6413 6414 
1 2 0 6415 
2 2 0 6412 
3 2 6416 6417 
1 2 0 6418 
1 2 0 6419 
1 2 0 6420 
2 2 0 6419 
3 2 6421 6422 
1 2 0 6423 
4 1 0 
4 2 0 6347 
4 2 0 6350 
4 2 0 6351 
4 2 0 6354 
4 2 0 6357 
4 2 0 6360 
4 2 0 6361 
4 2 0 6362 
4 2 0 6365 
4 2 0 6369 
4 2 0 6370 
4 2 0 6373 
4 2 0 6374 
4 2 0 6377 
4 2 0 6378 
4 2 0 6381 
4 2 0 6384 
4 2 0 6387 
4 2 0 6388 
4 2 0 6389 
4 2 0 6392 
4 2 0 6393 
4 2 0 6397 
4 2 0 6402 
4 2 0 6403 
4 2 0 6404 
4 2 0 6405 
4 2 0 6406 
4 2 0 6409 
4 2 0 6410 
4 2 0 6411 
4 2 0 6412 
4 2 0 6415 
4 2 0 6418 
4 2 0 6419 
4 2 0 6420 
4 2 0 6423 
4 2 0 6424 
1 1 0 
1 2 0 6464 
2 1 0 
3 2 6465 6466 
1 2 0 6467 
1 2 0 6468 
2 2 0 6467 
3 2 6469 6470 
1 2 0 6471 
1 2 0 6472 
2 2 0 6471 
3 2 6473 6474 
1 2 0 6475 
1 2 0 6476 
2 2 0 6475 
3 2 6477 6478 
1 2 0 6479 
1 2 0 6480 
2 2 0 6479 
3 2 6481 6482 
1 2 0 6483 
1 2 0 6484 
1 2 0 6485 
2 2 0 6484 
3 2 6486 6487 
1 2 0 6488 
1 2 0 6489 
2 2 0 6488 
3 2 6490 6491 
1 2 0 6492 
1 2 0 6493 
2 2 0 6492 
3 2 6494 6495 
1 2 0 6496 
1 2 0 6497 
2 2 0 6496 
3 2 6498 6499 
1 2 0 6500 
4 1 0 
4 2 0 6464 
4 2 0 6467 
4 2 0 6468 
4 2 0 6471 
4 2 0 6472 
4 2 0 6475 
4 2 0 6476 
4 2 0 6479 
4 2 0 6480 
4 2 0 6483 
4 2 0 6484 
4 2 0 6485 
4 2 0 6488 
4 2 0 6489 
4 2 0 6492 
4 2 0 6493 
4 2 0 6496 
4 2 0 6497 
4 2 0 6500 
4 2 0 6501 
1 1 0 
1 2 0 6523 
2 1 0 
3 2 6524 6525 
1 2 0 6526 
1 2 0 6527 
2 2 0 6526 
3 2 6528 6529 
1 2 0 6530 
2 2 0 6527 
3 2 6531 6532 
1 2 0 6533 
2 2 0 6530 
3 2 6534 6535 
1 2 0 6536 
1 2 0 6537 
1 2 0 6538 
2 2 0 6537 
3 2 6539 6540 
1 2 0 6541 
1 2 0 6542 
2 2 0 6541 
3 2 6543 6544 
1 2 0 6545 
1 2 0 6546 
2 2 0 6542 
2 2 0 6545 
3 3 6547 6548 6549 
1 2 0 6550 
1 2 0 6551 
1 2 0 6552 
2 2 0 6551 
3 2 6553 6554 
1 2 0 6555 
2 2 0 6551 
3 2 6556 6557 
1 2 0 6558 
1 2 0 6559 
1 2 0 6560 
2 2 0 6559 
3 2 6561 6562 
1 2 0 6563 
2 2 0 6560 
3 2 6564 6565 
1 2 0 6566 
2 2 0 6563 
3 2 6567 6568 
1 2 0 6569 
2 2 0 6563 
2 2 0 6566 
3 3 6570 6571 6572 
1 2 0 6573 
1 2 0 6574 
2 2 0 6573 
3 2 6575 6576 
1 2 0 6577 
1 2 0 6578 
2 2 0 6577 
3 2 6579 6580 
1 2 0 6581 
2 2 0 6578 
3 2 6582 6583 
1 2 0 6584 
1 2 0 6585 
2 2 0 6584 
3 2 6586 6587 
1 2 0 6588 
2 2 0 6584 
3 2 6589 6590 
1 2 0 6591 
2 2 0 6584 
2 2 0 6588 
3 3 6592 6593 6594 
1 2 0 6595 
2 2 0 6588 
2 2 0 6591 
3 3 6596 6597 6598 
1 2 0 6599 
2 2 0 6595 
3 2 6600 6601 
1 2 0 6602 
1 2 0 6603 
1 2 0 6604 
1 2 0 6605 
1 2 0 6606 
1 2 0 6607 
1 2 0 6608 
1 2 0 6609 
2 2 0 6608 
3 2 6610 6611 
1 2 0 6612 
2 2 0 6609 
3 2 6613 6614 
1 2 0 6615 
2 2 0 6612 
3 2 6616 6617 
1 2 0 6618 
2 2 0 6612 
3 2 6619 6620 
1 2 0 6621 
2 2 0 6612 
3 2 6622 6623 
1 2 0 6624 
2 2 0 6612 
2 2 0 6621 
3 3 6625 6626 6627 
1 2 0 6628 
2 2 0 6612 
2 2 0 6621 
2 2 0 6624 
3 4 6629 6630 6631 6632 
1 2 0 6633 
2 2 0 6621 
2 2 0 6624 
2 2 0 6628 
3 4 6634 6635 6636 6637 
1 2 0 6638 
2 2 0 6612 
2 2 0 6621 
2 2 0 6624 
2 2 0 6628 
3 5 6639 6640 6641 6642 6643 
1 2 0 6644 
2 2 0 6628 
3 2 6645 6646 
1 2 0 6647 
4 1 0 
4 2 0 6523 
4 2 0 6526 
4 2 0 6527 
4 2 0 6530 
4 2 0 6533 
4 2 0 6536 
4 2 0 6537 
4 2 0 6538 
4 2 0 6541 
4 2 0 6542 
4 2 0 6545 
4 2 0 6546 
4 2 0 6550 
4 2 0 6551 
4 2 0 6552 
4 2 0 6555 
4 2 0 6558 
4 2 0 6559 
4 2 0 6560 
4 2 0 6563 
4 2 0 6566 
4 2 0 6569 
4 2 0 6573 
4 2 0 6574 
4 2 0 6577 
4 2 0 6578 
4 2 0 6581 
4 2 0 6584 
4 2 0 6585 
4 2 0 6588 
4 2 0 6591 
4 2 0 6595 
4 2 0 6599 
4 2 0 6602 
4 2 0 6603 
4 2 0 6604 
4 2 0 6605 
4 2 0 6606 
4 2 0 6607 
4 2 0 6608 
4 2 0 6609 
4 2 0 6612 
4 2 0 6615 
4 2 0 6618 
4 2 0 6621 
4 2 0 6624 
4 2 0 6628 
4 2 0 6633 
4 2 0 6638 
4 2 0 6644 
4 2 0 6647 
4 2 0 6648 
1 1 0 
1 2 0 6702 
2 1 0 
3 2 6703 6704 
1 2 0 6705 
2 1 0 
3 2 6706 6707 
1 2 0 6708 
1 2 0 6709 
2 2 0 6708 
3 2 6710 6711 
1 2 0 6712 
2 2 0 6709 
3 2 6713 6714 
1 2 0 6715 
2 2 0 6712 
3 2 6716 6717 
1 2 0 6718 
1 2 0 6719 
2 2 0 6718 
3 2 6720 6721 
1 2 0 6722 
2 2 0 6719 
3 2 6723 6724 
1 2 0 6725 
2 2 0 6722 
3 2 6726 6727 
1 2 0 6728 
1 2 0 6729 
2 2 0 6728 
3 2 6730 6731 
1 2 0 6732 
1 2 0 6733 
2 2 0 6732 
3 2 6734 6735 
4 1 0 
4 2 0 6702 
4 2 0 6705 
4 2 0 6708 
4 2 0 6709 
4 2 0 6712 
4 2 0 6715 
4 2 0 6718 
4 2 0 6719 
4 2 0 6722 
4 2 0 6725 
4 2 0 6728 
4 2 0 6729 
4 2 0 6732 
4 2 0 6733 
4 2 0 6736 
1 1 0 
1 2 0 6753 
2 1 0 
3 2 6754 6755 
1 2 0 6756 
2 1 0 
2 2 0 6753 
3 3 6757 6758 6759 
1 2 0 6760 
2 2 0 6756 
3 2 6761 6762 
1 2 0 6763 
2 2 0 6760 
3 2 6764 6765 
1 2 0 6766 
2 2 0 6760 
2 2 0 6763 
3 3 6767 6768 6769 
1 2 0 6770 
1 2 0 6771 
2 2 0 6770 
3 2 6772 6773 
1 2 0 6774 
1 2 0 6775 
2 2 0 6774 
3 2 6776 6777 
1 2 0 6778 
2 2 0 6775 
3 2 6779 6780 
1 2 0 6781 
1 2 0 6782 
1 2 0 6783 
1 2 0 6784 
2 2 0 6783 
3 2 6785 6786 
1 2 0 6787 
1 2 0 6788 
1 2 0 6789 
2 2 0 6787 
2 2 0 6788 
3 3 6790 6791 6792 
1 2 0 6793 
4 1 0 
4 2 0 6753 
4 2 0 6756 
4 2 0 6760 
4 2 0 6763 
4 2 0 6766 
4 2 0 6770 
4 2 0 6771 
4 2 0 6774 
4 2 0 6775 
4 2 0 6778 
4 2 0 6781 
4 2 0 6782 
4 2 0 6783 
4 2 0 6784 
4 2 0 6787 
4 2 0 6788 
4 2 0 6789 
4 2 0 6793 
4 2 0 6794 
1 1 0 
1 2 0 6815 
2 1 0 
3 2 6816 6817 
1 2 0 6818 
2 1 0 
3 2 6819 6820 
1 2 0 6821 
1 2 0 6822 
2 2 0 6821 
3 2 6823 6824 
1 2 0 6825 
2 2 0 6822 
3 2 6826 6827 
1 2 0 6828 
2 2 0 6825 
3 2 6829 6830 
1 2 0 6831 
1 2 0 6832 
2 2 0 6831 
3 2 6833 6834 
1 2 0 6835 
2 2 0 6831 
2 2 0 6832 
3 3 6836 6837 6838 
1 2 0 6839 
1 2 0 6840 
2 2 0 6839 
3 2 6841 6842 
1 2 0 6843 
1 2 0 6844 
2 2 0 6843 
3 2 6845 6846 
1 2 0 6847 
2 2 0 6844 
3 2 6848 6849 
1 2 0 6850 
2 2 0 6847 
3 2 6851 6852 
1 2 0 6853 
2 2 0 6850 
3 2 6854 6855 
1 2 0 6856 
1 2 0 6857 
1 2 0 6858 
2 2 0 6857 
3 2 6859 6860 
1 2 0 6861 
2 2 0 6857 
3 2 6862 6863 
1 2 0 6864 
1 2 0 6865 
2 2 0 6864 
3 2 6866 6867 
1 2 0 6868 
2 2 0 6865 
3 2 6869 6870 
1 2 0 6871 
2 2 0 6868 
3 2 6872 6873 
1 2 0 6874 
1 2 0 6875 
2 2 0 6874 
3 2 6876 6877 
1 2 0 6878 
1 2 0 6879 
2 2 0 6878 
3 2 6880 6881 
1 2 0 6882 
1 2 0 6883 
1 2 0 6884 
1 2 0 6885 
1 2 0 6886 
2 2 0 6885 
3 2 6887 6888 
1 2 0 6889 
2 2 0 6886 
3 2 6890 6891 
1 2 0 6892 
2 2 0 6889 
3 2 6893 6894 
1 2 0 6895 
2 2 0 6892 
3 2 6896 6897 
1 2 0 6898 
2 2 0 6895 
3 2 6899 6900 
1 2 0 6901 
4 1 0 
4 2 0 6815 
4 2 0 6818 
4 2 0 6821 
4 2 0 6822 
4 2 0 6825 
4 2 0 6828 
4 2 0 6831 
4 2 0 6832 
4 2 0 6835 
4 2 0 6839 
4 2 0 6840 
4 2 0 6843 
4 2 0 6844 
4 2 0 6847 
4 2 0 6850 
4 2 0 6853 
4 2 0 6856 
4 2 0 6857 
4 2 0 6858 
4 2 0 6861 
4 2 0 6864 
4 2 0 6865 
4 2 0 6868 
4 2 0 6871 
4 2 0 6874 
4 2 0 6875 
4 2 0 6878 
4 2 0 6879 
4 2 0 6882 
4 2 0 6883 
4 2 0 6884 
4 2 0 6885 
4 2 0 6886 
4 2 0 6889 
4 2 0 6892 
4 2 0 6895 
4 2 0 6898 
4 2 0 6901 
4 2 0 6902 
1 1 0 
1 2 0 6943 
2 1 0 
3 2 6944 6945 
1 2 0 6946 
2 1 0 
2 2 0 6943 
3 3 6947 6948 6949 
1 2 0 6950 
2 2 0 6946 
3 2 6951 6952 
1 2 0 6953 
2 2 0 6950 
3 2 6954 6955 
1 2 0 6956 
2 2 0 6953 
3 2 6957 6958 
1 2 0 6959 
2 2 0 6956 
3 2 6960 6961 
1 2 0 6962 
1 2 0 6963 
1 2 0 6964 
2 2 0 6963 
3 2 6965 6966 
1 2 0 6967 
2 2 0 6963 
3 2 6968 6969 
1 2 0 6970 
1 2 0 6971 
2 2 0 6970 
3 2 6972 6973 
1 2 0 6974 
1 2 0 6975 
2 2 0 6974 
3 2 6976 6977 
1 2 0 6978 
2 2 0 6975 
3 2 6979 6980 
1 2 0 6981 
1 2 0 6982 
1 2 0 6983 
2 2 0 6982 
3 2 6984 6985 
1 2 0 6986 
2 2 0 6982 
3 2 6987 6988 
1 2 0 6989 
1 2 0 6990 
1 2 0 6991 
2 2 0 6990 
3 2 6992 6993 
1 2 0 6994 
1 2 0 6995 
1 2 0 6996 
2 2 0 6995 
3 2 6997 6998 
1 2 0 6999 
1 2 0 7000 
2 2 0 6999 
3 2 7001 7002 
1 2 0 7003 
1 2 0 7004 
1 2 0 7005 
1 2 0 7006 
2 2 0 7005 
3 2 7007 7008 
1 2 0 7009 
1 2 0 7010 
2 2 0 7009 
3 2 7011 7012 
1 2 0 7013 
1 2 0 7014 
1 2 0 7015 
2 2 0 7014 
3 2 7016 7017 
1 2 0 7018 
1 2 0 7019 
1 2 0 7020 
2 2 0 7019 
3 2 7021 7022 
1 2 0 7023 
1 2 0 7024 
2 2 0 7023 
3 2 7025 7026 
1 2 0 7027 
2 2 0 7023 
3 2 7028 7029 
1 2 0 7030 
1 2 0 7031 
1 2 0 7032 
2 2 0 7031 
3 2 7033 7034 
1 2 0 7035 
2 2 0 7031 
2 2 0 7032 
3 3 7036 7037 7038 
1 2 0 7039 
1 2 0 7040 
2 2 0 7039 
3 2 7041 7042 
1 2 0 7043 
1 2 0 7044 
2 2 0 7043 
3 2 7045 7046 
1 2 0 7047 
1 2 0 7048 
1 2 0 7049 
2 2 0 7048 
3 2 7050 7051 
1 2 0 7052 
1 2 0 7053 
2 2 0 7052 
3 2 7054 7055 
1 2 0 7056 
2 2 0 7053 
3 2 7057 7058 
1 2 0 7059 
2 2 0 7056 
3 2 7060 7061 
1 2 0 7062 
4 1 0 
4 2 0 6943 
4 2 0 6946 
4 2 0 6950 
4 2 0 6953 
4 2 0 6956 
4 2 0 6959 
4 2 0 6962 
4 2 0 6963 
4 2 0 6964 
4 2 0 6967 
4 2 0 6970 
4 2 0 6971 
4 2 0 6974 
4 2 0 6975 
4 2 0 6978 
4 2 0 6981 
4 2 0 6982 
4 2 0 6983 
4 2 0 6986 
4 2 0 6989 
4 2 0 6990 
4 2 0 6991 
4 2 0 6994 
4 2 0 6995 
4 2 0 6996 
4 2 0 6999 
4 2 0 7000 
4 2 0 7003 
4 2 0 7004 
4 2 0 7005 
4 2 0 7006 
4 2 0 7009 
4 2 0 7010 
4 2 0 7013 
4 2 0 7014 
4 2 0 7015 
4 2 0 7018 
4 2 0 7019 
4 2 0 7020 
4 2 0 7023 
4 2 0 7024 
4 2 0 7027 
4 2 0 7030 
4 2 0 7031 
4 2 0 7032 
4 2 0 7035 
4 2 0 7039 
4 2 0 7040 
4 2 0 7043 
4 2 0 7044 
4 2 0 7047 
4 2 0 7048 
4 2 0 7049 
4 2 0 7052 
4 2 0 7053 
4 2 0 7056 
4 2 0 7059 
4 2 0 7062 
4 2 0 7063 
79 2472 22 23 24 25 26 27 28 29 30 31 144 145 146 147 148 149 150 151 152 153 154 155 156 157 158 159 160 161 162 163 164 165 166 167 168 169 170 171 172 173 174 175 176 177 178 179 180 181 182 183 184 185 186 187 188 189 190 191 281 282 283 284 285 286 287 288 289 290 291 292 293 294 295 296 297 298 299 300 301 302 303 304 305 306 307 308 309 310 311 312 313 314 315 316 317 318 319 320 321 322 323 368 369 370 371 372 373 374 375 376 377 378 379 380 381 382 383 384 385 386 387 388 389 390 391 396 397 398 399 400 500 501 502 503 504 505 506 507 508 509 510 511 512 513 514 515 516 517 518 519 520 521 522 523 524 525 526 527 528 529 530 531 532 533 534 535 536 537 538 539 540 541 542 543 544 545 546 588 589 590 591 592 593 594 595 596 597 598 599 600 601 602 603 604 605 606 607 608 609 610 627 628 629 630 631 632 633 634 697 698 699 700 701 702 703 704 705 706 707 708 709 710 711 712 713 714 715 716 717 718 719 720 721 722 723 724 747 748 749 750 751 752 753 754 755 756 769 770 771 772 773 774 775 787 788 789 790 791 792 796 797 798 799 974 975 976 977 978 979 980 981 982 983 984 985 986 987 988 989 990 991 992 993 994 995 996 997 998 999 1000 1001 1002 1003 1004 1005 1006 1007 1008 1009 1010 1011 1012 1013 1014 1015 1016 1017 1018 1019 1020 1021 1022 1023 1024 1025 1026 1027 1028 1029 1030 1031 1032 1033 1034 1035 1036 1037 1038 1039 1040 1041 1042 1043 1044 1045 1046 1047 1048 1049 1050 1051 1052 1053 1054 1055 1056 1057 1058 1059 1060 1061 1062 1063 1064 1065 1066 1067 1068 1069 1070 1178 1179 1180 1181 1182 1183 1184 1185 1186 1187 1188 1189 1190 1191 1192 1193 1194 1195 1196 1197 1198 1199 1200 1201 1202 1203 1204 1205 1206 1207 1208 1209 1210 1211 1212 1213 1214 1215 1216 1217 1218 1219 1220 1221 1222 1223 1224 1225 1226 1227 1228 1229 1230 1231 1232 1233 1234 1235 1236 1333 1334 1335 1336 1337 1338 1339 1340 1341 1342 1343 1344 1345 1346 1347 1348 1349 1350 1351 1352 1353 1354 1355 1356 1357 1358 1359 1360 1361 1362 1363 1364 1365 1366 1367 1368 1369 1370 1371 1372 1373 1374 1375 1376 1377 1378 1379 1380 1381 1382 1383 1384 1385 1386 1387 1455 1456 1457 1458 1459 1460 1461 1462 1463 1464 1465 1466 1467 1468 1469 1470 1471 1472 1473 1474 1475 1476 1477 1478 1479 1480 1481 1482 1483 1484 1485 1486 1487 1488 1557 1558 1559 1560 1561 1562 1563 1564 1565 1566 1567 1568 1569 1570 1571 1572 1573 1574 1575 1576 1577 1578 1579 1580 1581 1582 1583 1584 1585 1586 1587 1588 1589 1590 1591 1592 1593 1594 1629 1630 1631 1632 1633 1634 1635 1636 1637 1638 1639 1640 1641 1642 1643 1644 1645 1646 1647 1648 1649 1782 1783 1784 1785 1786 1787 1788 1789 1790 1791 1792 1793 1794 1795 1796 1797 1798 1799 1800 1801 1802 1803 1804 1805 1806 1807 1808 1809 1810 1811 1812 1813 1814 1815 1816 1817 1818 1819 1820 1821 1822 1823 1824 1825 1826 1827 1828 1829 1830 1831 1832 1833 1834 1835 1836 1837 1838 1839 1840 1841 1842 1843 1844 1845 1846 1847 1848 1849 1850 1851 1852 1853 1854 1855 2038 2039 2040 2041 2042 2043 2044 2045 2046 2047 2048 2049 2050 2051 2052 2053 2054 2055 2056 2057 2058 2059 2060 2061 2062 2063 2064 2065 2066 2067 2068 2069 2070 2071 2072 2073 2074 2075 2076 2077 2078 2079 2080 2081 2082 2083 2084 2085 2086 2087 2088 2089 2090 2091 2092 2093 2094 2095 2096 2097 2098 2099 2100 2101 2102 2103 2104 2105 2106 2107 2108 2109 2110 2111 2112 2113 2114 2115 2116 2117 2118 2119 2120 2121 2122 2123 2124 2125 2126 2127 2128 2129 2130 2146 2147 2148 2149 2150 2151 2152 2153 2154 2155 2182 2183 2184 2185 2186 2187 2188 2189 2190 2191 2192 2193 2194 2195 2196 2197 2198 2199 2200 2217 2218 2219 2220 2221 2222 2223 2224 2225 2226 2227 2274 2275 2276 2277 2278 2279 2280 2281 2282 2283 2284 2285 2286 2287 2288 2289 2290 2291 2292 2293 2294 2295 2296 2297 2298 2299 2300 2301 2302 2427 2428 2429 2430 2431 2432 2433 2434 2435 2436 2437 2438 2439 2440 2441 2442 2443 2444 2445 2446 2447 2448 2449 2450 2451 2452 2453 2454 2455 2456 2457 2458 2459 2460 2461 2462 2463 2464 2465 2466 2467 2468 2469 2470 2471 2472 2473 2474 2475 2476 2477 2478 2479 2480 2481 2482 2483 2484 2485 2486 2487 2488 2489 2490 2491 2492 2493 2494 2495 2496 2497 2498 2499 2500 2501 2502 2503 2504 2505 2558 2559 2560 2561 2562 2563 2564 2565 2566 2567 2568 2569 2570 2571 2572 2573 2574 2575 2576 2577 2578 2579 2580 2581 2582 2583 2584 2585 2586 2613 2614 2615 2616 2617 2618 2619 2620 2621 2622 2623 2624 2625 2626 2627 2628 2629 2675 2676 2677 2678 2679 2680 2681 2682 2683 2684 2685 2686 2687 2688 2689 2690 2691 2692 2693 2694 2695 2696 2697 2698 2699 2700 2701 2702 2703 2704 2736 2737 2738 2739 2740 2741 2742 2743 2744 2745 2746 2747 2748 2749 2750 2751 2752 2753 2927 2928 2929 2930 2931 2932 2933 2934 2935 2936 2937 2938 2939 2940 2941 2942 2943 2944 2945 2946 2947 2948 2949 2950 2951 2952 2953 2954 2955 2956 2957 2958 2959 2960 2961 2962 2963 2964 2965 2966 2967 2968 2969 2970 2971 2972 2973 2974 2975 2976 2977 2978 2979 2980 2981 2982 2983 2984 2985 2986 2987 2988 2989 2990 2991 2992 2993 2994 2995 2996 2997 2998 2999 3000 3001 3002 3003 3004 3005 3006 3007 3008 3009 3010 3011 3012 3013 3014 3015 3016 3017 3018 3019 3020 3021 3022 3023 3024 3025 3026 3027 3028 3029 3062 3063 3064 3065 3066 3067 3068 3069 3070 3071 3072 3073 3074 3075 3076 3077 3078 3079 3080 3081 3082 3117 3118 3119 3120 3121 3122 3123 3124 3125 3126 3127 3128 3129 3130 3131 3132 3133 3134 3135 3136 3137 3186 3187 3188 3189 3190 3191 3192 3193 3194 3195 3196 3197 3198 3199 3200 3201 3202 3203 3204 3205 3206 3207 3208 3209 3210 3211 3212 3213 3214 3215 3216 3296 3297 3298 3299 3300 3301 3302 3303 3304 3305 3306 3307 3308 3309 3310 3311 3312 3313 3314 3315 3316 3317 3318 3319 3320 3321 3322 3323 3324 3325 3326 3327 3328 3329 3330 3331 3332 3333 3334 3335 3336 3337 3338 3414 3415 3416 3417 3418 3419 3420 3421 3422 3423 3424 3425 3426 3427 3428 3429 3430 3431 3432 3433 3434 3435 3436 3437 3438 3439 3440 3441 3442 3443 3444 3445 3446 3447 3448 3449 3450 3451 3452 3453 3454 3455 3590 3591 3592 3593 3594 3595 3596 3597 3598 3599 3600 3601 3602 3603 3604 3605 3606 3607 3608 3609 3610 3611 3612 3613 3614 3615 3616 3617 3618 3619 3620 3621 3622 3623 3624 3625 3626 3627 3628 3629 3630 3631 3632 3633 3634 3635 3636 3637 3638 3639 3640 3641 3642 3643 3644 3645 3646 3647 3648 3649 3650 3651 3652 3653 3654 3655 3656 3657 3658 3659 3660 3661 3662 3663 3664 3665 3666 3667 3668 3669 3670 3671 3672 3673 3674 3675 3751 3752 3753 3754 3755 3756 3757 3758 3759 3760 3761 3762 3763 3764 3765 3766 3767 3768 3769 3770 3771 3772 3773 3774 3775 3776 3777 3778 3779 3780 3781 3782 3783 3784 3785 3786 3787 3788 3789 3790 3791 3792 3866 3867 3868 3869 3870 3871 3872 3873 3874 3875 3876 3877 3878 3879 3880 3881 3882 3883 3884 3885 3886 3887 3888 3889 3890 3891 3892 3893 3894 3895 3896 3897 3898 3899 3900 3901 3902 3903 3904 3905 3906 4019 4020 4021 4022 4023 4024 4025 4026 4027 4028 4029 4030 4031 4032 4033 4034 4035 4036 4037 4038 4039 4040 4041 4042 4043 4044 4045 4046 4047 4048 4049 4050 4051 4052 4053 4054 4055 4056 4057 4058 4059 4060 4061 4062 4063 4064 4065 4066 4067 4068 4069 4070 4071 4072 4073 4074 4075 4076 4077 4078 4079 4080 4081 4082 4083 4084 4085 4247 4248 4249 4250 4251 4252 4253 4254 4255 4256 4257 4258 4259 4260 4261 4262 4263 4264 4265 4266 4267 4268 4269 4270 4271 4272 4273 4274 4275 4276 4277 4278 4279 4280 4281 4282 4283 4284 4285 4286 4287 4288 4289 4290 4291 4292 4293 4294 4295 4296 4297 4298 4299 4300 4301 4302 4303 4304 4305 4306 4307 4308 4309 4310 4311 4312 4313 4314 4315 4316 4317 4318 4319 4320 4321 4322 4323 4324 4325 4326 4327 4328 4329 4330 4331 4332 4333 4334 4335 4336 4337 4338 4339 4391 4392 4393 4394 4395 4396 4397 4398 4399 4400 4401 4402 4403 4404 4405 4406 4407 4408 4409 4410 4411 4412 4413 4414 4415 4416 4417 4594 4595 4596 4597 4598 4599 4600 4601 4602 4603 4604 4605 4606 4607 4608 4609 4610 4611 4612 4613 4614 4615 4616 4617 4618 4619 4620 4621 4622 4623 4624 4625 4626 4627 4628 4629 4630 4631 4632 4633 4634 4635 4636 4637 4638 4639 4640 4641 4642 4643 4644 4645 4646 4647 4648 4649 4650 4651 4652 4653 4654 4655 4656 4657 4658 4659 4660 4661 4662 4663 4664 4665 4666 4667 4668 4669 4670 4671 4672 4673 4674 4675 4676 4677 4678 4679 4680 4681 4682 4683 4684 4685 4686 4687 4688 4689 4690 4691 4692 4693 4694 4695 4750 4751 4752 4753 4754 4755 4756 4757 4758 4759 4760 4761 4762 4763 4764 4765 4766 4767 4768 4769 4770 4771 4772 4773 4774 4775 4776 4777 4778 4779 4836 4837 4838 4839 4840 4841 4842 4843 4844 4845 4846 4847 4848 4849 4850 4851 4852 4853 4854 4855 4856 4857 4858 4859 4860 4861 4862 4863 4864 4865 4866 4867 4868 4869 4870 4891 4892 4893 4894 4895 4896 4897 4898 4899 4900 4901 4946 4947 4948 4949 4950 4951 4952 4953 4954 4955 4956 4957 4958 4959 4960 4961 4962 4963 4964 4965 4966 5035 5036 5037 5038 5039 5040 5041 5042 5043 5044 5045 5046 5047 5048 5049 5050 5051 5052 5053 5054 5055 5056 5057 5058 5059 5060 5061 5062 5063 5064 5065 5066 5067 5068 5069 5070 5071 5146 5147 5148 5149 5150 5151 5152 5153 5154 5155 5156 5157 5158 5159 5160 5161 5162 5163 5164 5165 5166 5167 5168 5169 5170 5171 5172 5173 5174 5175 5176 5177 5178 5179 5180 5287 5288 5289 5290 5291 5292 5293 5294 5295 5296 5297 5298 5299 5300 5301 5302 5303 5304 5305 5306 5307 5308 5309 5310 5311 5312 5313 5314 5315 5316 5317 5318 5319 5320 5321 5322 5323 5324 5325 5326 5327 5328 5329 5330 5331 5332 5333 5334 5335 5413 5414 5415 5416 5417 5418 5419 5420 5421 5422 5423 5424 5425 5426 5427 5428 5429 5430 5431 5432 5433 5434 5435 5436 5437 5438 5439 5440 5441 5442 5443 5444 5445 5446 5447 5448 5449 5450 5451 5452 5453 5454 5455 5499 5500 5501 5502 5503 5504 5505 5506 5507 5508 5509 5510 5511 5512 5513 5514 5515 5516 5517 5518 5519 5637 5638 5639 5640 5641 5642 5643 5644 5645 5646 5647 5648 5649 5650 5651 5652 5653 5654 5655 5656 5657 5658 5659 5660 5661 5662 5663 5664 5665 5666 5667 5668 5669 5670 5671 5672 5673 5674 5675 5676 5677 5678 5929 5930 5931 5932 5933 5934 5935 5936 5937 5938 5939 5940 5941 5942 5943 5944 5945 5946 5947 5948 5949 5950 5951 5952 5953 5954 5955 5956 5957 5958 5959 5960 5961 5962 5963 5964 5965 5966 5967 5968 5969 5970 5971 5972 5973 5974 5975 5976 5977 5978 5979 5980 5981 5982 5983 5984 5985 5986 5987 5988 5989 5990 5991 5992 5993 5994 5995 5996 5997 5998 5999 6000 6001 6002 6003 6004 6005 6006 6007 6008 6009 6010 6011 6012 6013 6014 6015 6016 6017 6018 6019 6020 6021 6022 6023 6024 6025 6026 6027 6028 6029 6030 6031 6032 6033 6034 6072 6073 6074 6075 6076 6077 6078 6079 6080 6081 6082 6083 6084 6085 6086 6087 6088 6089 6090 6091 6092 6093 6215 6216 6217 6218 6219 6220 6221 6222 6223 6224 6225 6226 6227 6228 6229 6230 6231 6232 6233 6234 6235 6236 6237 6238 6239 6240 6241 6242 6243 6244 6245 6246 6247 6248 6249 6250 6251 6252 6253 6254 6255 6256 6257 6258 6259 6260 6317 6318 6319 6320 6321 6322 6323 6324 6325 6326 6327 6328 6329 6330 6331 6332 6333 6334 6335 6336 6337 6338 6339 6340 6341 6342 6343 6344 6345 6346 6425 6426 6427 6428 6429 6430 6431 6432 6433 6434 6435 6436 6437 6438 6439 6440 6441 6442 6443 6444 6445 6446 6447 6448 6449 6450 6451 6452 6453 6454 6455 6456 6457 6458 6459 6460 6461 6462 6463 6502 6503 6504 6505 6506 6507 6508 6509 6510 6511 6512 6513 6514 6515 6516 6517 6518 6519 6520 6521 6522 6649 6650 6651 6652 6653 6654 6655 6656 6657 6658 6659 6660 6661 6662 6663 6664 6665 6666 6667 6668 6669 6670 6671 6672 6673 6674 6675 6676 6677 6678 6679 6680 6681 6682 6683 6684 6685 6686 6687 6688 6689 6690 6691 6692 6693 6694 6695 6696 6697 6698 6699 6700 6701 6737 6738 6739 6740 6741 6742 6743 6744 6745 6746 6747 6748 6749 6750 6751 6752 6795 6796 6797 6798 6799 6800 6801 6802 6803 6804 6805 6806 6807 6808 6809 6810 6811 6812 6813 6814 6903 6904 6905 6906 6907 6908 6909 6910 6911 6912 6913 6914 6915 6916 6917 6918 6919 6920 6921 6922 6923 6924 6925 6926 6927 6928 6929 6930 6931 6932 6933 6934 6935 6936 6937 6938 6939 6940 6941 6942 7064 7065 7066 7067 7068 7069 7070 7071 7072 7073 7074 7075 7076 7077 7078 7079 7080 7081 7082 7083 7084 7085 7086 7087 7088 7089 7090 7091 7092 7093 7094 7095 7096 7097 7098 7099 7100 7101 7102 7103 7104 7105 7106 7107 7108 7109 7110 7111 7112 7113 7114 7115 7116 7117 7118 7119 7120 7121 7122 7123 
