6910
0 0 
1 1 0 
1 2 0 1 
2 1 0 
3 2 2 3 
1 2 0 4 
1 2 0 5 
2 2 0 4 
3 2 6 7 
1 2 0 8 
1 2 0 9 
1 2 0 10 
2 2 0 9 
3 2 11 12 
1 2 0 13 
2 2 0 10 
3 2 14 15 
1 2 0 16 
2 2 0 13 
3 2 17 18 
1 2 0 19 
1 2 0 20 
2 2 0 19 
3 2 21 22 
1 2 0 23 
2 2 0 19 
2 2 0 20 
3 3 24 25 26 
1 2 0 27 
2 2 0 23 
3 2 28 29 
1 2 0 30 
2 2 0 27 
3 2 31 32 
1 2 0 33 
2 2 0 27 
2 2 0 30 
3 3 34 35 36 
1 2 0 37 
2 2 0 33 
3 2 38 39 
1 2 0 40 
2 2 0 37 
3 2 41 42 
1 2 0 43 
2 2 0 40 
3 2 44 45 
1 2 0 46 
2 2 0 43 
3 2 47 48 
1 2 0 49 
2 2 0 43 
2 2 0 46 
3 3 50 51 52 
1 2 0 53 
1 2 0 54 
1 2 0 55 
2 2 0 54 
3 2 56 57 
1 2 0 58 
1 2 0 59 
2 2 0 58 
3 2 60 61 
1 2 0 62 
1 2 0 63 
2 2 0 62 
3 2 64 65 
1 2 0 66 
1 2 0 67 
1 2 0 68 
2 2 0 67 
3 2 69 70 
1 2 0 71 
1 2 0 72 
2 2 0 71 
3 2 73 74 
1 2 0 75 
2 2 0 71 
2 2 0 72 
3 3 76 77 78 
1 2 0 79 
1 2 0 80 
1 2 0 81 
2 2 0 80 
3 2 82 83 
1 2 0 84 
1 2 0 85 
1 2 0 86 
2 2 0 85 
3 2 87 88 
1 2 0 89 
1 2 0 90 
1 2 0 91 
1 2 0 92 
2 2 0 91 
3 2 93 94 
1 2 0 95 
2 2 0 92 
3 2 96 97 
1 2 0 98 
2 2 0 95 
3 2 99 100 
1 2 0 101 
1 2 0 102 
1 2 0 103 
2 2 0 102 
3 2 104 105 
1 2 0 106 
2 2 0 102 
2 2 0 103 
3 3 107 108 109 
1 2 0 110 
2 2 0 106 
3 2 111 112 
1 2 0 113 
1 2 0 114 
2 2 0 113 
3 2 115 116 
1 2 0 117 
4 1 0 
4 2 0 1 
4 2 0 4 
4 2 0 5 
4 2 0 8 
4 2 0 9 
4 2 0 10 
4 2 0 13 
4 2 0 16 
4 2 0 19 
4 2 0 20 
4 2 0 23 
4 2 0 27 
4 2 0 30 
4 2 0 33 
4 2 0 37 
4 2 0 40 
4 2 0 43 
4 2 0 46 
4 2 0 49 
4 2 0 53 
4 2 0 54 
4 2 0 55 
4 2 0 58 
4 2 0 59 
4 2 0 62 
4 2 0 63 
4 2 0 66 
4 2 0 67 
4 2 0 68 
4 2 0 71 
4 2 0 72 
4 2 0 75 
4 2 0 79 
4 2 0 80 
4 2 0 81 
4 2 0 84 
4 2 0 85 
4 2 0 86 
4 2 0 89 
4 2 0 90 
4 2 0 91 
4 2 0 92 
4 2 0 95 
4 2 0 98 
4 2 0 101 
4 2 0 102 
4 2 0 103 
4 2 0 106 
4 2 0 110 
4 2 0 113 
4 2 0 114 
4 2 0 117 
4 2 0 118 
1 1 0 
1 2 0 173 
1 2 0 174 
1 2 0 175 
2 2 0 174 
3 2 176 177 
1 2 0 178 
1 2 0 179 
2 2 0 178 
3 2 180 181 
1 2 0 182 
2 2 0 178 
2 2 0 179 
3 3 183 184 185 
1 2 0 186 
1 2 0 187 
2 2 0 186 
3 2 188 189 
1 2 0 190 
1 2 0 191 
1 2 0 192 
2 2 0 191 
3 2 193 194 
1 2 0 195 
2 2 0 192 
3 2 196 197 
1 2 0 198 
2 2 0 195 
3 2 199 200 
1 2 0 201 
2 2 0 198 
3 2 202 203 
1 2 0 204 
2 2 0 201 
3 2 205 206 
1 2 0 207 
1 2 0 208 
1 2 0 209 
1 2 0 210 
1 2 0 211 
1 2 0 212 
2 2 0 211 
3 2 213 214 
1 2 0 215 
1 2 0 216 
2 2 0 215 
3 2 217 218 
1 2 0 219 
4 1 0 
4 2 0 173 
4 2 0 174 
4 2 0 175 
4 2 0 178 
4 2 0 179 
4 2 0 182 
4 2 0 186 
4 2 0 187 
4 2 0 190 
4 2 0 191 
4 2 0 192 
4 2 0 195 
4 2 0 198 
4 2 0 201 
4 2 0 204 
4 2 0 207 
4 2 0 208 
4 2 0 209 
4 2 0 210 
4 2 0 211 
4 2 0 212 
4 2 0 215 
4 2 0 216 
4 2 0 219 
4 2 0 220 
1 1 0 
1 2 0 247 
1 2 0 248 
2 2 0 247 
3 2 249 250 
1 2 0 251 
1 2 0 252 
2 2 0 251 
3 2 253 254 
1 2 0 255 
1 2 0 256 
2 2 0 255 
3 2 257 258 
1 2 0 259 
1 2 0 260 
2 2 0 259 
3 2 261 262 
1 2 0 263 
2 2 0 260 
3 2 264 265 
1 2 0 266 
2 2 0 263 
3 2 267 268 
1 2 0 269 
1 2 0 270 
2 2 0 269 
3 2 271 272 
1 2 0 273 
1 2 0 274 
2 2 0 273 
3 2 275 276 
1 2 0 277 
1 2 0 278 
1 2 0 279 
2 2 0 278 
3 2 280 281 
1 2 0 282 
1 2 0 283 
1 2 0 284 
2 2 0 283 
3 2 285 286 
1 2 0 287 
4 1 0 
4 2 0 247 
4 2 0 248 
4 2 0 251 
4 2 0 252 
4 2 0 255 
4 2 0 256 
4 2 0 259 
4 2 0 260 
4 2 0 263 
4 2 0 266 
4 2 0 269 
4 2 0 270 
4 2 0 273 
4 2 0 274 
4 2 0 277 
4 2 0 278 
4 2 0 279 
4 2 0 282 
4 2 0 283 
4 2 0 284 
4 2 0 287 
4 2 0 288 
1 1 0 
1 2 0 312 
2 1 0 
3 2 313 314 
1 2 0 315 
2 2 0 312 
3 2 316 317 
1 2 0 318 
2 2 0 315 
3 2 319 320 
1 2 0 321 
1 2 0 322 
2 2 0 321 
3 2 323 324 
1 2 0 325 
1 2 0 326 
2 2 0 325 
3 2 327 328 
1 2 0 329 
1 2 0 330 
1 2 0 331 
2 2 0 330 
3 2 332 333 
1 2 0 334 
1 2 0 335 
1 2 0 336 
2 2 0 334 
3 2 337 338 
1 2 0 339 
1 2 0 340 
2 2 0 339 
3 2 341 342 
1 2 0 343 
4 1 0 
4 2 0 312 
4 2 0 315 
4 2 0 318 
4 2 0 321 
4 2 0 322 
4 2 0 325 
4 2 0 326 
4 2 0 329 
4 2 0 330 
4 2 0 331 
4 2 0 334 
4 2 0 335 
4 2 0 336 
4 2 0 339 
4 2 0 340 
4 2 0 343 
4 2 0 344 
1 1 0 
1 2 0 363 
2 1 0 
3 2 364 365 
1 2 0 366 
1 2 0 367 
2 2 0 366 
3 2 368 369 
1 2 0 370 
2 2 0 366 
2 2 0 367 
3 3 371 372 373 
1 2 0 374 
1 2 0 375 
1 2 0 376 
2 2 0 375 
3 2 377 378 
1 2 0 379 
2 2 0 375 
2 2 0 376 
3 3 380 381 382 
1 2 0 383 
1 2 0 384 
2 2 0 383 
3 2 385 386 
1 2 0 387 
1 2 0 388 
2 2 0 387 
3 2 389 390 
1 2 0 391 
1 2 0 392 
2 2 0 391 
3 2 393 394 
1 2 0 395 
1 2 0 396 
2 2 0 395 
3 2 397 398 
1 2 0 399 
1 2 0 400 
2 2 0 399 
3 2 401 402 
1 2 0 403 
1 2 0 404 
2 2 0 403 
3 2 405 406 
1 2 0 407 
1 2 0 408 
1 2 0 409 
2 2 0 408 
3 2 410 411 
1 2 0 412 
2 2 0 409 
3 2 413 414 
1 2 0 415 
2 2 0 412 
3 2 416 417 
1 2 0 418 
2 2 0 412 
2 2 0 415 
3 3 419 420 421 
1 2 0 422 
1 2 0 423 
2 2 0 422 
3 2 424 425 
1 2 0 426 
2 2 0 423 
3 2 427 428 
1 2 0 429 
2 2 0 426 
3 2 430 431 
1 2 0 432 
1 2 0 433 
2 2 0 432 
3 2 434 435 
1 2 0 436 
2 2 0 432 
2 2 0 433 
3 3 437 438 439 
1 2 0 440 
1 2 0 441 
2 2 0 440 
3 2 442 443 
1 2 0 444 
1 2 0 445 
1 2 0 446 
2 2 0 445 
3 2 447 448 
1 2 0 449 
1 2 0 450 
2 2 0 449 
3 2 451 452 
1 2 0 453 
1 2 0 454 
1 2 0 455 
1 2 0 456 
1 2 0 457 
1 2 0 458 
1 2 0 459 
1 2 0 460 
2 2 0 459 
3 2 461 462 
1 2 0 463 
2 2 0 460 
3 2 464 465 
1 2 0 466 
2 2 0 463 
3 2 467 468 
1 2 0 469 
2 2 0 466 
3 2 470 471 
1 2 0 472 
2 2 0 469 
3 2 473 474 
1 2 0 475 
2 2 0 469 
3 2 476 477 
1 2 0 478 
1 2 0 479 
1 2 0 480 
2 2 0 479 
3 2 481 482 
1 2 0 483 
1 2 0 484 
1 2 0 485 
2 2 0 484 
3 2 486 487 
1 2 0 488 
2 2 0 485 
3 2 489 490 
1 2 0 491 
1 2 0 492 
1 2 0 493 
2 2 0 492 
3 2 494 495 
1 2 0 496 
2 2 0 493 
3 2 497 498 
1 2 0 499 
2 2 0 496 
3 2 500 501 
1 2 0 502 
2 2 0 499 
3 2 503 504 
1 2 0 505 
1 2 0 506 
2 2 0 505 
3 2 507 508 
1 2 0 509 
1 2 0 510 
1 2 0 511 
1 2 0 512 
2 2 0 511 
3 2 513 514 
1 2 0 515 
1 2 0 516 
1 2 0 517 
2 2 0 516 
3 2 518 519 
1 2 0 520 
1 2 0 521 
2 2 0 520 
3 2 522 523 
1 2 0 524 
1 2 0 525 
2 2 0 524 
3 2 526 527 
1 2 0 528 
1 2 0 529 
1 2 0 530 
1 2 0 531 
2 2 0 530 
3 2 532 533 
1 2 0 534 
1 2 0 535 
2 2 0 534 
3 2 536 537 
1 2 0 538 
2 2 0 534 
3 2 539 540 
1 2 0 541 
2 2 0 538 
3 2 542 543 
1 2 0 544 
1 2 0 545 
1 2 0 546 
2 2 0 545 
3 2 547 548 
1 2 0 549 
1 2 0 550 
1 2 0 551 
1 2 0 552 
2 2 0 551 
3 2 553 554 
1 2 0 555 
1 2 0 556 
1 2 0 557 
2 2 0 556 
3 2 558 559 
1 2 0 560 
2 2 0 557 
3 2 561 562 
1 2 0 563 
2 2 0 560 
3 2 564 565 
1 2 0 566 
1 2 0 567 
1 2 0 568 
2 2 0 567 
3 2 569 570 
1 2 0 571 
1 2 0 572 
1 2 0 573 
2 2 0 572 
3 2 574 575 
1 2 0 576 
1 2 0 577 
1 2 0 578 
1 2 0 579 
2 2 0 578 
3 2 580 581 
1 2 0 582 
1 2 0 583 
2 2 0 582 
3 2 584 585 
1 2 0 586 
2 2 0 583 
3 2 587 588 
1 2 0 589 
2 2 0 586 
3 2 590 591 
1 2 0 592 
2 2 0 589 
3 2 593 594 
1 2 0 595 
1 2 0 596 
2 2 0 595 
3 2 597 598 
1 2 0 599 
2 2 0 596 
3 2 600 601 
1 2 0 602 
2 2 0 599 
3 2 603 604 
1 2 0 605 
1 2 0 606 
1 2 0 607 
2 2 0 606 
3 2 608 609 
1 2 0 610 
1 2 0 611 
2 2 0 610 
3 2 612 613 
1 2 0 614 
1 2 0 615 
2 2 0 614 
3 2 616 617 
1 2 0 618 
4 1 0 
4 2 0 363 
4 2 0 366 
4 2 0 367 
4 2 0 370 
4 2 0 374 
4 2 0 375 
4 2 0 376 
4 2 0 379 
4 2 0 383 
4 2 0 384 
4 2 0 387 
4 2 0 388 
4 2 0 391 
4 2 0 392 
4 2 0 395 
4 2 0 396 
4 2 0 399 
4 2 0 400 
4 2 0 403 
4 2 0 404 
4 2 0 407 
4 2 0 408 
4 2 0 409 
4 2 0 412 
4 2 0 415 
4 2 0 418 
4 2 0 422 
4 2 0 423 
4 2 0 426 
4 2 0 429 
4 2 0 432 
4 2 0 433 
4 2 0 436 
4 2 0 440 
4 2 0 441 
4 2 0 444 
4 2 0 445 
4 2 0 446 
4 2 0 449 
4 2 0 450 
4 2 0 453 
4 2 0 454 
4 2 0 455 
4 2 0 456 
4 2 0 457 
4 2 0 458 
4 2 0 459 
4 2 0 460 
4 2 0 463 
4 2 0 466 
4 2 0 469 
4 2 0 472 
4 2 0 475 
4 2 0 478 
4 2 0 479 
4 2 0 480 
4 2 0 483 
4 2 0 484 
4 2 0 485 
4 2 0 488 
4 2 0 491 
4 2 0 492 
4 2 0 493 
4 2 0 496 
4 2 0 499 
4 2 0 502 
4 2 0 505 
4 2 0 506 
4 2 0 509 
4 2 0 510 
4 2 0 511 
4 2 0 512 
4 2 0 515 
4 2 0 516 
4 2 0 517 
4 2 0 520 
4 2 0 521 
4 2 0 524 
4 2 0 525 
4 2 0 528 
4 2 0 529 
4 2 0 530 
4 2 0 531 
4 2 0 534 
4 2 0 535 
4 2 0 538 
4 2 0 541 
4 2 0 544 
4 2 0 545 
4 2 0 546 
4 2 0 549 
4 2 0 550 
4 2 0 551 
4 2 0 552 
4 2 0 555 
4 2 0 556 
4 2 0 557 
4 2 0 560 
4 2 0 563 
4 2 0 566 
4 2 0 567 
4 2 0 568 
4 2 0 571 
4 2 0 572 
4 2 0 573 
4 2 0 576 
4 2 0 577 
4 2 0 578 
4 2 0 579 
4 2 0 582 
4 2 0 583 
4 2 0 586 
4 2 0 589 
4 2 0 592 
4 2 0 595 
4 2 0 596 
4 2 0 599 
4 2 0 602 
4 2 0 605 
4 2 0 606 
4 2 0 607 
4 2 0 610 
4 2 0 611 
4 2 0 614 
4 2 0 615 
4 2 0 618 
4 2 0 619 
1 1 0 
1 2 0 748 
2 1 0 
3 2 749 750 
1 2 0 751 
1 2 0 752 
2 2 0 751 
3 2 753 754 
1 2 0 755 
1 2 0 756 
2 2 0 755 
3 2 757 758 
1 2 0 759 
1 2 0 760 
1 2 0 761 
1 2 0 762 
2 2 0 761 
3 2 763 764 
1 2 0 765 
1 2 0 766 
2 2 0 765 
3 2 767 768 
1 2 0 769 
1 2 0 770 
2 2 0 769 
3 2 771 772 
1 2 0 773 
2 2 0 770 
3 2 774 775 
1 2 0 776 
2 2 0 773 
3 2 777 778 
1 2 0 779 
2 2 0 773 
2 2 0 776 
3 3 780 781 782 
1 2 0 783 
2 2 0 779 
3 2 784 785 
1 2 0 786 
2 2 0 783 
3 2 787 788 
1 2 0 789 
1 2 0 790 
1 2 0 791 
2 2 0 790 
3 2 792 793 
1 2 0 794 
1 2 0 795 
2 2 0 794 
3 2 796 797 
1 2 0 798 
1 2 0 799 
1 2 0 800 
2 2 0 799 
3 2 801 802 
1 2 0 803 
2 2 0 800 
3 2 804 805 
1 2 0 806 
1 2 0 807 
1 2 0 808 
2 2 0 807 
3 2 809 810 
1 2 0 811 
2 2 0 808 
3 2 812 813 
1 2 0 814 
1 2 0 815 
1 2 0 816 
1 2 0 817 
1 2 0 818 
2 2 0 817 
3 2 819 820 
1 2 0 821 
4 1 0 
4 2 0 748 
4 2 0 751 
4 2 0 752 
4 2 0 755 
4 2 0 756 
4 2 0 759 
4 2 0 760 
4 2 0 761 
4 2 0 762 
4 2 0 765 
4 2 0 766 
4 2 0 769 
4 2 0 770 
4 2 0 773 
4 2 0 776 
4 2 0 779 
4 2 0 783 
4 2 0 786 
4 2 0 789 
4 2 0 790 
4 2 0 791 
4 2 0 794 
4 2 0 795 
4 2 0 798 
4 2 0 799 
4 2 0 800 
4 2 0 803 
4 2 0 806 
4 2 0 807 
4 2 0 808 
4 2 0 811 
4 2 0 814 
4 2 0 815 
4 2 0 816 
4 2 0 817 
4 2 0 818 
4 2 0 821 
4 2 0 822 
1 1 0 
1 2 0 862 
1 2 0 863 
1 2 0 864 
2 2 0 863 
3 2 865 866 
1 2 0 867 
1 2 0 868 
1 2 0 869 
2 2 0 868 
3 2 870 871 
1 2 0 872 
1 2 0 873 
1 2 0 874 
2 2 0 873 
3 2 875 876 
1 2 0 877 
2 2 0 873 
2 2 0 874 
3 3 878 879 880 
1 2 0 881 
1 2 0 882 
1 2 0 883 
2 2 0 882 
3 2 884 885 
1 2 0 886 
1 2 0 887 
2 2 0 886 
3 2 888 889 
1 2 0 890 
1 2 0 891 
2 2 0 890 
3 2 892 893 
1 2 0 894 
1 2 0 895 
1 2 0 896 
2 2 0 895 
3 2 897 898 
1 2 0 899 
1 2 0 900 
1 2 0 901 
2 2 0 900 
3 2 902 903 
1 2 0 904 
1 2 0 905 
1 2 0 906 
2 2 0 905 
3 2 907 908 
1 2 0 909 
1 2 0 910 
1 2 0 911 
1 2 0 912 
1 2 0 913 
2 2 0 912 
3 2 914 915 
1 2 0 916 
1 2 0 917 
2 2 0 916 
3 2 918 919 
1 2 0 920 
1 2 0 921 
1 2 0 922 
2 2 0 921 
3 2 923 924 
1 2 0 925 
1 2 0 926 
2 2 0 925 
3 2 927 928 
1 2 0 929 
1 2 0 930 
2 2 0 929 
3 2 931 932 
1 2 0 933 
4 1 0 
4 2 0 862 
4 2 0 863 
4 2 0 864 
4 2 0 867 
4 2 0 868 
4 2 0 869 
4 2 0 872 
4 2 0 873 
4 2 0 874 
4 2 0 877 
4 2 0 881 
4 2 0 882 
4 2 0 883 
4 2 0 886 
4 2 0 887 
4 2 0 890 
4 2 0 891 
4 2 0 894 
4 2 0 895 
4 2 0 896 
4 2 0 899 
4 2 0 900 
4 2 0 901 
4 2 0 904 
4 2 0 905 
4 2 0 906 
4 2 0 909 
4 2 0 910 
4 2 0 911 
4 2 0 912 
4 2 0 913 
4 2 0 916 
4 2 0 917 
4 2 0 920 
4 2 0 921 
4 2 0 922 
4 2 0 925 
4 2 0 926 
4 2 0 929 
4 2 0 930 
4 2 0 933 
4 2 0 934 
1 1 0 
1 2 0 978 
2 1 0 
3 2 979 980 
1 2 0 981 
1 2 0 982 
1 2 0 983 
2 2 0 982 
3 2 984 985 
1 2 0 986 
1 2 0 987 
2 2 0 986 
3 2 988 989 
1 2 0 990 
1 2 0 991 
2 2 0 990 
3 2 992 993 
1 2 0 994 
1 2 0 995 
1 2 0 996 
2 2 0 995 
3 2 997 998 
1 2 0 999 
2 2 0 996 
3 2 1000 1001 
1 2 0 1002 
2 2 0 999 
3 2 1003 1004 
1 2 0 1005 
1 2 0 1006 
1 2 0 1007 
2 2 0 1006 
3 2 1008 1009 
1 2 0 1010 
2 2 0 1006 
2 2 0 1007 
3 3 1011 1012 1013 
1 2 0 1014 
1 2 0 1015 
1 2 0 1016 
1 2 0 1017 
2 2 0 1016 
3 2 1018 1019 
1 2 0 1020 
1 2 0 1021 
2 2 0 1020 
3 2 1022 1023 
1 2 0 1024 
2 2 0 1021 
3 2 1025 1026 
1 2 0 1027 
2 2 0 1024 
3 2 1028 1029 
1 2 0 1030 
1 2 0 1031 
2 2 0 1030 
3 2 1032 1033 
1 2 0 1034 
1 2 0 1035 
1 2 0 1036 
2 2 0 1035 
3 2 1037 1038 
1 2 0 1039 
1 2 0 1040 
2 2 0 1039 
3 2 1041 1042 
1 2 0 1043 
1 2 0 1044 
1 2 0 1045 
1 2 0 1046 
2 2 0 1045 
3 2 1047 1048 
1 2 0 1049 
1 2 0 1050 
1 2 0 1051 
2 2 0 1050 
3 2 1052 1053 
1 2 0 1054 
2 2 0 1051 
3 2 1055 1056 
1 2 0 1057 
1 2 0 1058 
1 2 0 1059 
1 2 0 1060 
2 2 0 1059 
3 2 1061 1062 
1 2 0 1063 
2 2 0 1060 
3 2 1064 1065 
1 2 0 1066 
2 2 0 1063 
3 2 1067 1068 
1 2 0 1069 
1 2 0 1070 
2 2 0 1069 
3 2 1071 1072 
1 2 0 1073 
1 2 0 1074 
2 2 0 1073 
3 2 1075 1076 
1 2 0 1077 
1 2 0 1078 
2 2 0 1077 
3 2 1079 1080 
1 2 0 1081 
1 2 0 1082 
2 2 0 1081 
3 2 1083 1084 
1 2 0 1085 
4 1 0 
4 2 0 978 
4 2 0 981 
4 2 0 982 
4 2 0 983 
4 2 0 986 
4 2 0 987 
4 2 0 990 
4 2 0 991 
4 2 0 994 
4 2 0 995 
4 2 0 996 
4 2 0 999 
4 2 0 1002 
4 2 0 1005 
4 2 0 1006 
4 2 0 1007 
4 2 0 1010 
4 2 0 1014 
4 2 0 1015 
4 2 0 1016 
4 2 0 1017 
4 2 0 1020 
4 2 0 1021 
4 2 0 1024 
4 2 0 1027 
4 2 0 1030 
4 2 0 1031 
4 2 0 1034 
4 2 0 1035 
4 2 0 1036 
4 2 0 1039 
4 2 0 1040 
4 2 0 1043 
4 2 0 1044 
4 2 0 1045 
4 2 0 1046 
4 2 0 1049 
4 2 0 1050 
4 2 0 1051 
4 2 0 1054 
4 2 0 1057 
4 2 0 1058 
4 2 0 1059 
4 2 0 1060 
4 2 0 1063 
4 2 0 1066 
4 2 0 1069 
4 2 0 1070 
4 2 0 1073 
4 2 0 1074 
4 2 0 1077 
4 2 0 1078 
4 2 0 1081 
4 2 0 1082 
4 2 0 1085 
4 2 0 1086 
1 1 0 
1 2 0 1144 
2 1 0 
3 2 1145 1146 
1 2 0 1147 
1 2 0 1148 
2 2 0 1147 
3 2 1149 1150 
1 2 0 1151 
1 2 0 1152 
2 2 0 1151 
3 2 1153 1154 
1 2 0 1155 
1 2 0 1156 
1 2 0 1157 
2 2 0 1156 
3 2 1158 1159 
1 2 0 1160 
1 2 0 1161 
2 2 0 1160 
3 2 1162 1163 
1 2 0 1164 
1 2 0 1165 
2 2 0 1164 
3 2 1166 1167 
1 2 0 1168 
1 2 0 1169 
2 2 0 1168 
3 2 1170 1171 
1 2 0 1172 
1 2 0 1173 
2 2 0 1172 
3 2 1174 1175 
1 2 0 1176 
1 2 0 1177 
2 2 0 1176 
3 2 1178 1179 
1 2 0 1180 
1 2 0 1181 
2 2 0 1180 
3 2 1182 1183 
1 2 0 1184 
1 2 0 1185 
1 2 0 1186 
1 2 0 1187 
1 2 0 1188 
1 2 0 1189 
2 2 0 1188 
3 2 1190 1191 
1 2 0 1192 
1 2 0 1193 
1 2 0 1194 
1 2 0 1195 
1 2 0 1196 
2 2 0 1195 
3 2 1197 1198 
1 2 0 1199 
1 2 0 1200 
1 2 0 1201 
2 2 0 1200 
3 2 1202 1203 
1 2 0 1204 
1 2 0 1205 
2 2 0 1204 
3 2 1206 1207 
1 2 0 1208 
2 2 0 1204 
2 2 0 1205 
3 3 1209 1210 1211 
1 2 0 1212 
1 2 0 1213 
2 2 0 1212 
3 2 1214 1215 
1 2 0 1216 
1 2 0 1217 
1 2 0 1218 
1 2 0 1219 
2 2 0 1218 
3 2 1220 1221 
1 2 0 1222 
1 2 0 1223 
2 2 0 1222 
3 2 1224 1225 
1 2 0 1226 
1 2 0 1227 
2 2 0 1226 
3 2 1228 1229 
1 2 0 1230 
4 1 0 
4 2 0 1144 
4 2 0 1147 
4 2 0 1148 
4 2 0 1151 
4 2 0 1152 
4 2 0 1155 
4 2 0 1156 
4 2 0 1157 
4 2 0 1160 
4 2 0 1161 
4 2 0 1164 
4 2 0 1165 
4 2 0 1168 
4 2 0 1169 
4 2 0 1172 
4 2 0 1173 
4 2 0 1176 
4 2 0 1177 
4 2 0 1180 
4 2 0 1181 
4 2 0 1184 
4 2 0 1185 
4 2 0 1186 
4 2 0 1187 
4 2 0 1188 
4 2 0 1189 
4 2 0 1192 
4 2 0 1193 
4 2 0 1194 
4 2 0 1195 
4 2 0 1196 
4 2 0 1199 
4 2 0 1200 
4 2 0 1201 
4 2 0 1204 
4 2 0 1205 
4 2 0 1208 
4 2 0 1212 
4 2 0 1213 
4 2 0 1216 
4 2 0 1217 
4 2 0 1218 
4 2 0 1219 
4 2 0 1222 
4 2 0 1223 
4 2 0 1226 
4 2 0 1227 
4 2 0 1230 
4 2 0 1231 
1 1 0 
1 2 0 1282 
2 1 0 
3 2 1283 1284 
1 2 0 1285 
1 2 0 1286 
2 2 0 1285 
3 2 1287 1288 
1 2 0 1289 
1 2 0 1290 
2 2 0 1289 
3 2 1291 1292 
1 2 0 1293 
1 2 0 1294 
2 2 0 1293 
3 2 1295 1296 
1 2 0 1297 
1 2 0 1298 
2 2 0 1297 
3 2 1299 1300 
1 2 0 1301 
1 2 0 1302 
2 2 0 1301 
3 2 1303 1304 
1 2 0 1305 
1 2 0 1306 
1 2 0 1307 
2 2 0 1306 
3 2 1308 1309 
1 2 0 1310 
1 2 0 1311 
1 2 0 1312 
2 2 0 1311 
3 2 1313 1314 
1 2 0 1315 
2 2 0 1312 
3 2 1316 1317 
1 2 0 1318 
2 2 0 1315 
3 2 1319 1320 
1 2 0 1321 
1 2 0 1322 
1 2 0 1323 
2 2 0 1322 
3 2 1324 1325 
1 2 0 1326 
2 2 0 1323 
3 2 1327 1328 
1 2 0 1329 
1 2 0 1330 
2 2 0 1329 
3 2 1331 1332 
1 2 0 1333 
2 2 0 1330 
3 2 1334 1335 
1 2 0 1336 
2 2 0 1333 
3 2 1337 1338 
1 2 0 1339 
1 2 0 1340 
1 2 0 1341 
2 2 0 1340 
3 2 1342 1343 
1 2 0 1344 
1 2 0 1345 
2 2 0 1344 
3 2 1346 1347 
1 2 0 1348 
4 1 0 
4 2 0 1282 
4 2 0 1285 
4 2 0 1286 
4 2 0 1289 
4 2 0 1290 
4 2 0 1293 
4 2 0 1294 
4 2 0 1297 
4 2 0 1298 
4 2 0 1301 
4 2 0 1302 
4 2 0 1305 
4 2 0 1306 
4 2 0 1307 
4 2 0 1310 
4 2 0 1311 
4 2 0 1312 
4 2 0 1315 
4 2 0 1318 
4 2 0 1321 
4 2 0 1322 
4 2 0 1323 
4 2 0 1326 
4 2 0 1329 
4 2 0 1330 
4 2 0 1333 
4 2 0 1336 
4 2 0 1339 
4 2 0 1340 
4 2 0 1341 
4 2 0 1344 
4 2 0 1345 
4 2 0 1348 
4 2 0 1349 
1 1 0 
1 2 0 1385 
2 1 0 
3 2 1386 1387 
1 2 0 1388 
1 2 0 1389 
2 2 0 1388 
3 2 1390 1391 
1 2 0 1392 
1 2 0 1393 
2 2 0 1392 
3 2 1394 1395 
1 2 0 1396 
1 2 0 1397 
2 2 0 1396 
3 2 1398 1399 
4 1 0 
4 2 0 1385 
4 2 0 1388 
4 2 0 1389 
4 2 0 1392 
4 2 0 1393 
4 2 0 1396 
4 2 0 1397 
4 2 0 1400 
1 1 0 
1 2 0 1410 
2 1 0 
3 2 1411 1412 
1 2 0 1413 
2 1 0 
2 2 0 1410 
3 3 1414 1415 1416 
1 2 0 1417 
2 2 0 1413 
3 2 1418 1419 
1 2 0 1420 
2 2 0 1417 
3 2 1421 1422 
1 2 0 1423 
1 2 0 1424 
2 2 0 1423 
3 2 1425 1426 
1 2 0 1427 
1 2 0 1428 
2 2 0 1427 
3 2 1429 1430 
1 2 0 1431 
4 1 0 
4 2 0 1410 
4 2 0 1413 
4 2 0 1417 
4 2 0 1420 
4 2 0 1423 
4 2 0 1424 
4 2 0 1427 
4 2 0 1428 
4 2 0 1431 
4 2 0 1432 
1 1 0 
1 2 0 1444 
2 1 0 
3 2 1445 1446 
1 2 0 1447 
2 1 0 
2 2 0 1444 
3 3 1448 1449 1450 
1 2 0 1451 
2 2 0 1447 
3 2 1452 1453 
1 2 0 1454 
1 2 0 1455 
2 2 0 1454 
3 2 1456 1457 
1 2 0 1458 
2 2 0 1454 
2 2 0 1455 
3 3 1459 1460 1461 
1 2 0 1462 
2 2 0 1458 
3 2 1463 1464 
1 2 0 1465 
2 2 0 1462 
3 2 1466 1467 
1 2 0 1468 
2 2 0 1462 
2 2 0 1465 
3 3 1469 1470 1471 
1 2 0 1472 
2 2 0 1468 
3 2 1473 1474 
1 2 0 1475 
2 2 0 1472 
3 2 1476 1477 
1 2 0 1478 
1 2 0 1479 
2 2 0 1478 
3 2 1480 1481 
1 2 0 1482 
1 2 0 1483 
2 2 0 1482 
3 2 1484 1485 
1 2 0 1486 
1 2 0 1487 
1 2 0 1488 
2 2 0 1487 
3 2 1489 1490 
1 2 0 1491 
2 2 0 1488 
3 2 1492 1493 
1 2 0 1494 
2 2 0 1491 
3 2 1495 1496 
1 2 0 1497 
2 2 0 1491 
2 2 0 1494 
3 3 1498 1499 1500 
1 2 0 1501 
2 2 0 1497 
3 2 1502 1503 
1 2 0 1504 
2 2 0 1501 
3 2 1505 1506 
1 2 0 1507 
1 2 0 1508 
1 2 0 1509 
2 2 0 1508 
3 2 1510 1511 
1 2 0 1512 
2 2 0 1509 
3 2 1513 1514 
1 2 0 1515 
2 2 0 1512 
3 2 1516 1517 
1 2 0 1518 
1 2 0 1519 
1 2 0 1520 
1 2 0 1521 
1 2 0 1522 
1 2 0 1523 
2 2 0 1522 
3 2 1524 1525 
1 2 0 1526 
2 2 0 1522 
2 2 0 1523 
3 3 1527 1528 1529 
1 2 0 1530 
2 2 0 1526 
3 2 1531 1532 
1 2 0 1533 
1 2 0 1534 
1 2 0 1535 
2 2 0 1534 
3 2 1536 1537 
1 2 0 1538 
2 2 0 1535 
3 2 1539 1540 
1 2 0 1541 
2 2 0 1538 
3 2 1542 1543 
1 2 0 1544 
1 2 0 1545 
2 2 0 1544 
3 2 1546 1547 
1 2 0 1548 
2 2 0 1545 
3 2 1549 1550 
1 2 0 1551 
2 2 0 1548 
3 2 1552 1553 
1 2 0 1554 
2 2 0 1551 
3 2 1555 1556 
1 2 0 1557 
2 2 0 1554 
3 2 1558 1559 
1 2 0 1560 
2 2 0 1554 
2 2 0 1557 
3 3 1561 1562 1563 
1 2 0 1564 
2 2 0 1554 
2 2 0 1560 
3 3 1565 1566 1567 
1 2 0 1568 
2 2 0 1564 
3 2 1569 1570 
1 2 0 1571 
2 2 0 1564 
2 2 0 1568 
3 3 1572 1573 1574 
1 2 0 1575 
4 1 0 
4 2 0 1444 
4 2 0 1447 
4 2 0 1451 
4 2 0 1454 
4 2 0 1455 
4 2 0 1458 
4 2 0 1462 
4 2 0 1465 
4 2 0 1468 
4 2 0 1472 
4 2 0 1475 
4 2 0 1478 
4 2 0 1479 
4 2 0 1482 
4 2 0 1483 
4 2 0 1486 
4 2 0 1487 
4 2 0 1488 
4 2 0 1491 
4 2 0 1494 
4 2 0 1497 
4 2 0 1501 
4 2 0 1504 
4 2 0 1507 
4 2 0 1508 
4 2 0 1509 
4 2 0 1512 
4 2 0 1515 
4 2 0 1518 
4 2 0 1519 
4 2 0 1520 
4 2 0 1521 
4 2 0 1522 
4 2 0 1523 
4 2 0 1526 
4 2 0 1530 
4 2 0 1533 
4 2 0 1534 
4 2 0 1535 
4 2 0 1538 
4 2 0 1541 
4 2 0 1544 
4 2 0 1545 
4 2 0 1548 
4 2 0 1551 
4 2 0 1554 
4 2 0 1557 
4 2 0 1560 
4 2 0 1564 
4 2 0 1568 
4 2 0 1571 
4 2 0 1575 
4 2 0 1576 
1 1 0 
1 2 0 1631 
2 1 0 
3 2 1632 1633 
1 2 0 1634 
2 2 0 1631 
3 2 1635 1636 
1 2 0 1637 
2 2 0 1634 
3 2 1638 1639 
1 2 0 1640 
2 2 0 1634 
2 2 0 1637 
3 3 1641 1642 1643 
1 2 0 1644 
2 2 0 1640 
3 2 1645 1646 
1 2 0 1647 
1 2 0 1648 
2 2 0 1647 
3 2 1649 1650 
1 2 0 1651 
2 2 0 1647 
2 2 0 1648 
3 3 1652 1653 1654 
1 2 0 1655 
1 2 0 1656 
2 2 0 1655 
3 2 1657 1658 
1 2 0 1659 
2 2 0 1656 
3 2 1660 1661 
1 2 0 1662 
2 2 0 1656 
2 2 0 1659 
3 3 1663 1664 1665 
1 2 0 1666 
2 2 0 1662 
3 2 1667 1668 
1 2 0 1669 
1 2 0 1670 
2 2 0 1669 
3 2 1671 1672 
1 2 0 1673 
2 2 0 1670 
3 2 1674 1675 
1 2 0 1676 
1 2 0 1677 
2 2 0 1676 
3 2 1678 1679 
1 2 0 1680 
4 1 0 
4 2 0 1631 
4 2 0 1634 
4 2 0 1637 
4 2 0 1640 
4 2 0 1644 
4 2 0 1647 
4 2 0 1648 
4 2 0 1651 
4 2 0 1655 
4 2 0 1656 
4 2 0 1659 
4 2 0 1662 
4 2 0 1666 
4 2 0 1669 
4 2 0 1670 
4 2 0 1673 
4 2 0 1676 
4 2 0 1677 
4 2 0 1680 
4 2 0 1681 
1 1 0 
1 2 0 1703 
1 2 0 1704 
1 2 0 1705 
1 2 0 1706 
2 2 0 1705 
3 2 1707 1708 
1 2 0 1709 
1 2 0 1710 
1 2 0 1711 
2 2 0 1710 
3 2 1712 1713 
1 2 0 1714 
2 2 0 1711 
3 2 1715 1716 
1 2 0 1717 
1 2 0 1718 
2 2 0 1717 
3 2 1719 1720 
1 2 0 1721 
2 2 0 1718 
3 2 1722 1723 
1 2 0 1724 
2 2 0 1721 
3 2 1725 1726 
1 2 0 1727 
1 2 0 1728 
1 2 0 1729 
2 2 0 1728 
3 2 1730 1731 
1 2 0 1732 
2 2 0 1729 
3 2 1733 1734 
1 2 0 1735 
1 2 0 1736 
1 2 0 1737 
2 2 0 1736 
3 2 1738 1739 
1 2 0 1740 
1 2 0 1741 
1 2 0 1742 
2 2 0 1741 
3 2 1743 1744 
1 2 0 1745 
2 2 0 1742 
3 2 1746 1747 
1 2 0 1748 
2 2 0 1745 
3 2 1749 1750 
1 2 0 1751 
4 1 0 
4 2 0 1703 
4 2 0 1704 
4 2 0 1705 
4 2 0 1706 
4 2 0 1709 
4 2 0 1710 
4 2 0 1711 
4 2 0 1714 
4 2 0 1717 
4 2 0 1718 
4 2 0 1721 
4 2 0 1724 
4 2 0 1727 
4 2 0 1728 
4 2 0 1729 
4 2 0 1732 
4 2 0 1735 
4 2 0 1736 
4 2 0 1737 
4 2 0 1740 
4 2 0 1741 
4 2 0 1742 
4 2 0 1745 
4 2 0 1748 
4 2 0 1751 
4 2 0 1752 
1 1 0 
1 2 0 1780 
1 2 0 1781 
1 2 0 1782 
2 2 0 1781 
3 2 1783 1784 
1 2 0 1785 
1 2 0 1786 
2 2 0 1785 
3 2 1787 1788 
1 2 0 1789 
1 2 0 1790 
1 2 0 1791 
2 2 0 1790 
3 2 1792 1793 
1 2 0 1794 
1 2 0 1795 
2 2 0 1794 
3 2 1796 1797 
1 2 0 1798 
2 2 0 1794 
2 2 0 1795 
3 3 1799 1800 1801 
1 2 0 1802 
1 2 0 1803 
2 2 0 1802 
3 2 1804 1805 
1 2 0 1806 
1 2 0 1807 
1 2 0 1808 
1 2 0 1809 
2 2 0 1808 
3 2 1810 1811 
1 2 0 1812 
2 2 0 1809 
3 2 1813 1814 
1 2 0 1815 
2 2 0 1812 
3 2 1816 1817 
1 2 0 1818 
1 2 0 1819 
1 2 0 1820 
2 2 0 1819 
3 2 1821 1822 
1 2 0 1823 
1 2 0 1824 
2 2 0 1823 
3 2 1825 1826 
1 2 0 1827 
2 2 0 1824 
3 2 1828 1829 
1 2 0 1830 
4 1 0 
4 2 0 1780 
4 2 0 1781 
4 2 0 1782 
4 2 0 1785 
4 2 0 1786 
4 2 0 1789 
4 2 0 1790 
4 2 0 1791 
4 2 0 1794 
4 2 0 1795 
4 2 0 1798 
4 2 0 1802 
4 2 0 1803 
4 2 0 1806 
4 2 0 1807 
4 2 0 1808 
4 2 0 1809 
4 2 0 1812 
4 2 0 1815 
4 2 0 1818 
4 2 0 1819 
4 2 0 1820 
4 2 0 1823 
4 2 0 1824 
4 2 0 1827 
4 2 0 1830 
4 2 0 1831 
1 1 0 
1 2 0 1860 
1 2 0 1861 
2 2 0 1860 
3 2 1862 1863 
1 2 0 1864 
2 2 0 1861 
3 2 1865 1866 
1 2 0 1867 
1 2 0 1868 
1 2 0 1869 
2 2 0 1868 
3 2 1870 1871 
1 2 0 1872 
2 2 0 1869 
3 2 1873 1874 
1 2 0 1875 
2 2 0 1872 
3 2 1876 1877 
1 2 0 1878 
1 2 0 1879 
1 2 0 1880 
1 2 0 1881 
2 2 0 1880 
3 2 1882 1883 
1 2 0 1884 
1 2 0 1885 
1 2 0 1886 
1 2 0 1887 
1 2 0 1888 
2 2 0 1887 
3 2 1889 1890 
1 2 0 1891 
2 2 0 1888 
3 2 1892 1893 
1 2 0 1894 
2 2 0 1891 
3 2 1895 1896 
1 2 0 1897 
1 2 0 1898 
2 2 0 1897 
3 2 1899 1900 
1 2 0 1901 
1 2 0 1902 
2 2 0 1901 
3 2 1903 1904 
1 2 0 1905 
1 2 0 1906 
1 2 0 1907 
2 2 0 1906 
3 2 1908 1909 
1 2 0 1910 
1 2 0 1911 
2 2 0 1910 
3 2 1912 1913 
1 2 0 1914 
2 2 0 1911 
3 2 1915 1916 
1 2 0 1917 
2 2 0 1914 
3 2 1918 1919 
1 2 0 1920 
1 2 0 1921 
1 2 0 1922 
1 2 0 1923 
1 2 0 1924 
1 2 0 1925 
2 2 0 1924 
3 2 1926 1927 
1 2 0 1928 
1 2 0 1929 
1 2 0 1930 
2 2 0 1929 
3 2 1931 1932 
1 2 0 1933 
1 2 0 1934 
1 2 0 1935 
2 2 0 1934 
3 2 1936 1937 
1 2 0 1938 
1 2 0 1939 
1 2 0 1940 
2 2 0 1939 
3 2 1941 1942 
1 2 0 1943 
1 2 0 1944 
1 2 0 1945 
1 2 0 1946 
1 2 0 1947 
2 2 0 1946 
3 2 1948 1949 
1 2 0 1950 
1 2 0 1951 
1 2 0 1952 
2 2 0 1951 
3 2 1953 1954 
1 2 0 1955 
1 2 0 1956 
2 2 0 1955 
3 2 1957 1958 
1 2 0 1959 
1 2 0 1960 
1 2 0 1961 
2 2 0 1960 
3 2 1962 1963 
1 2 0 1964 
1 2 0 1965 
2 2 0 1964 
3 2 1966 1967 
1 2 0 1968 
4 1 0 
4 2 0 1860 
4 2 0 1861 
4 2 0 1864 
4 2 0 1867 
4 2 0 1868 
4 2 0 1869 
4 2 0 1872 
4 2 0 1875 
4 2 0 1878 
4 2 0 1879 
4 2 0 1880 
4 2 0 1881 
4 2 0 1884 
4 2 0 1885 
4 2 0 1886 
4 2 0 1887 
4 2 0 1888 
4 2 0 1891 
4 2 0 1894 
4 2 0 1897 
4 2 0 1898 
4 2 0 1901 
4 2 0 1902 
4 2 0 1905 
4 2 0 1906 
4 2 0 1907 
4 2 0 1910 
4 2 0 1911 
4 2 0 1914 
4 2 0 1917 
4 2 0 1920 
4 2 0 1921 
4 2 0 1922 
4 2 0 1923 
4 2 0 1924 
4 2 0 1925 
4 2 0 1928 
4 2 0 1929 
4 2 0 1930 
4 2 0 1933 
4 2 0 1934 
4 2 0 1935 
4 2 0 1938 
4 2 0 1939 
4 2 0 1940 
4 2 0 1943 
4 2 0 1944 
4 2 0 1945 
4 2 0 1946 
4 2 0 1947 
4 2 0 1950 
4 2 0 1951 
4 2 0 1952 
4 2 0 1955 
4 2 0 1956 
4 2 0 1959 
4 2 0 1960 
4 2 0 1961 
4 2 0 1964 
4 2 0 1965 
4 2 0 1968 
4 2 0 1969 
1 1 0 
1 2 0 2033 
2 1 0 
3 2 2034 2035 
1 2 0 2036 
2 2 0 2033 
3 2 2037 2038 
1 2 0 2039 
2 2 0 2036 
3 2 2040 2041 
1 2 0 2042 
2 2 0 2039 
3 2 2043 2044 
1 2 0 2045 
1 2 0 2046 
1 2 0 2047 
2 2 0 2046 
3 2 2048 2049 
1 2 0 2050 
1 2 0 2051 
2 2 0 2050 
3 2 2052 2053 
1 2 0 2054 
4 1 0 
4 2 0 2033 
4 2 0 2036 
4 2 0 2039 
4 2 0 2042 
4 2 0 2045 
4 2 0 2046 
4 2 0 2047 
4 2 0 2050 
4 2 0 2051 
4 2 0 2054 
4 2 0 2055 
1 1 0 
1 2 0 2068 
2 1 0 
3 2 2069 2070 
1 2 0 2071 
1 2 0 2072 
1 2 0 2073 
1 2 0 2074 
2 2 0 2073 
3 2 2075 2076 
1 2 0 2077 
2 2 0 2073 
2 2 0 2074 
3 3 2078 2079 2080 
1 2 0 2081 
1 2 0 2082 
2 2 0 2081 
3 2 2083 2084 
1 2 0 2085 
1 2 0 2086 
1 2 0 2087 
2 2 0 2086 
3 2 2088 2089 
1 2 0 2090 
1 2 0 2091 
1 2 0 2092 
2 2 0 2091 
3 2 2093 2094 
1 2 0 2095 
1 2 0 2096 
1 2 0 2097 
2 2 0 2096 
3 2 2098 2099 
1 2 0 2100 
2 2 0 2097 
3 2 2101 2102 
1 2 0 2103 
2 2 0 2100 
3 2 2104 2105 
1 2 0 2106 
4 1 0 
4 2 0 2068 
4 2 0 2071 
4 2 0 2072 
4 2 0 2073 
4 2 0 2074 
4 2 0 2077 
4 2 0 2081 
4 2 0 2082 
4 2 0 2085 
4 2 0 2086 
4 2 0 2087 
4 2 0 2090 
4 2 0 2091 
4 2 0 2092 
4 2 0 2095 
4 2 0 2096 
4 2 0 2097 
4 2 0 2100 
4 2 0 2103 
4 2 0 2106 
4 2 0 2107 
1 1 0 
1 2 0 2130 
1 2 0 2131 
1 2 0 2132 
1 2 0 2133 
2 2 0 2132 
3 2 2134 2135 
1 2 0 2136 
1 2 0 2137 
2 2 0 2136 
3 2 2138 2139 
1 2 0 2140 
1 2 0 2141 
1 2 0 2142 
2 2 0 2141 
3 2 2143 2144 
1 2 0 2145 
1 2 0 2146 
2 2 0 2145 
3 2 2147 2148 
1 2 0 2149 
1 2 0 2150 
1 2 0 2151 
1 2 0 2152 
2 2 0 2151 
3 2 2153 2154 
1 2 0 2155 
2 2 0 2152 
3 2 2156 2157 
1 2 0 2158 
1 2 0 2159 
2 2 0 2158 
3 2 2160 2161 
1 2 0 2162 
1 2 0 2163 
2 2 0 2162 
3 2 2164 2165 
1 2 0 2166 
2 2 0 2163 
3 2 2167 2168 
1 2 0 2169 
2 2 0 2166 
3 2 2170 2171 
1 2 0 2172 
1 2 0 2173 
2 2 0 2172 
3 2 2174 2175 
1 2 0 2176 
1 2 0 2177 
2 2 0 2176 
3 2 2178 2179 
1 2 0 2180 
1 2 0 2181 
1 2 0 2182 
2 2 0 2181 
3 2 2183 2184 
1 2 0 2185 
1 2 0 2186 
2 2 0 2185 
3 2 2187 2188 
1 2 0 2189 
2 2 0 2185 
2 2 0 2186 
3 3 2190 2191 2192 
1 2 0 2193 
2 2 0 2185 
2 2 0 2189 
3 3 2194 2195 2196 
1 2 0 2197 
1 2 0 2198 
1 2 0 2199 
2 2 0 2198 
3 2 2200 2201 
1 2 0 2202 
2 2 0 2199 
3 2 2203 2204 
1 2 0 2205 
2 2 0 2202 
3 2 2206 2207 
1 2 0 2208 
2 2 0 2205 
3 2 2209 2210 
1 2 0 2211 
2 2 0 2208 
3 2 2212 2213 
1 2 0 2214 
4 1 0 
4 2 0 2130 
4 2 0 2131 
4 2 0 2132 
4 2 0 2133 
4 2 0 2136 
4 2 0 2137 
4 2 0 2140 
4 2 0 2141 
4 2 0 2142 
4 2 0 2145 
4 2 0 2146 
4 2 0 2149 
4 2 0 2150 
4 2 0 2151 
4 2 0 2152 
4 2 0 2155 
4 2 0 2158 
4 2 0 2159 
4 2 0 2162 
4 2 0 2163 
4 2 0 2166 
4 2 0 2169 
4 2 0 2172 
4 2 0 2173 
4 2 0 2176 
4 2 0 2177 
4 2 0 2180 
4 2 0 2181 
4 2 0 2182 
4 2 0 2185 
4 2 0 2186 
4 2 0 2189 
4 2 0 2193 
4 2 0 2197 
4 2 0 2198 
4 2 0 2199 
4 2 0 2202 
4 2 0 2205 
4 2 0 2208 
4 2 0 2211 
4 2 0 2214 
4 2 0 2215 
1 1 0 
1 2 0 2259 
1 2 0 2260 
1 2 0 2261 
1 2 0 2262 
2 2 0 2261 
3 2 2263 2264 
1 2 0 2265 
1 2 0 2266 
1 2 0 2267 
2 2 0 2266 
3 2 2268 2269 
1 2 0 2270 
1 2 0 2271 
1 2 0 2272 
2 2 0 2271 
3 2 2273 2274 
1 2 0 2275 
1 2 0 2276 
1 2 0 2277 
1 2 0 2278 
2 2 0 2277 
3 2 2279 2280 
1 2 0 2281 
1 2 0 2282 
1 2 0 2283 
1 2 0 2284 
2 2 0 2283 
3 2 2285 2286 
1 2 0 2287 
1 2 0 2288 
2 2 0 2287 
3 2 2289 2290 
1 2 0 2291 
4 1 0 
4 2 0 2259 
4 2 0 2260 
4 2 0 2261 
4 2 0 2262 
4 2 0 2265 
4 2 0 2266 
4 2 0 2267 
4 2 0 2270 
4 2 0 2271 
4 2 0 2272 
4 2 0 2275 
4 2 0 2276 
4 2 0 2277 
4 2 0 2278 
4 2 0 2281 
4 2 0 2282 
4 2 0 2283 
4 2 0 2284 
4 2 0 2287 
4 2 0 2288 
4 2 0 2291 
4 2 0 2292 
1 1 0 
1 2 0 2316 
2 1 0 
3 2 2317 2318 
1 2 0 2319 
2 2 0 2316 
3 2 2320 2321 
1 2 0 2322 
2 2 0 2319 
3 2 2323 2324 
1 2 0 2325 
1 2 0 2326 
1 2 0 2327 
1 2 0 2328 
1 2 0 2329 
2 2 0 2328 
3 2 2330 2331 
1 2 0 2332 
1 2 0 2333 
1 2 0 2334 
2 2 0 2333 
3 2 2335 2336 
1 2 0 2337 
1 2 0 2338 
2 2 0 2337 
3 2 2339 2340 
1 2 0 2341 
1 2 0 2342 
1 2 0 2343 
2 2 0 2342 
3 2 2344 2345 
1 2 0 2346 
2 2 0 2343 
3 2 2347 2348 
1 2 0 2349 
1 2 0 2350 
2 2 0 2349 
3 2 2351 2352 
1 2 0 2353 
1 2 0 2354 
2 2 0 2353 
3 2 2355 2356 
1 2 0 2357 
1 2 0 2358 
1 2 0 2359 
1 2 0 2360 
2 2 0 2359 
3 2 2361 2362 
1 2 0 2363 
1 2 0 2364 
2 2 0 2363 
3 2 2365 2366 
1 2 0 2367 
1 2 0 2368 
1 2 0 2369 
1 2 0 2370 
2 2 0 2369 
3 2 2371 2372 
1 2 0 2373 
1 2 0 2374 
1 2 0 2375 
2 2 0 2374 
3 2 2376 2377 
1 2 0 2378 
2 2 0 2375 
3 2 2379 2380 
1 2 0 2381 
1 2 0 2382 
2 2 0 2381 
3 2 2383 2384 
1 2 0 2385 
2 2 0 2382 
3 2 2386 2387 
1 2 0 2388 
2 2 0 2385 
3 2 2389 2390 
1 2 0 2391 
4 1 0 
4 2 0 2316 
4 2 0 2319 
4 2 0 2322 
4 2 0 2325 
4 2 0 2326 
4 2 0 2327 
4 2 0 2328 
4 2 0 2329 
4 2 0 2332 
4 2 0 2333 
4 2 0 2334 
4 2 0 2337 
4 2 0 2338 
4 2 0 2341 
4 2 0 2342 
4 2 0 2343 
4 2 0 2346 
4 2 0 2349 
4 2 0 2350 
4 2 0 2353 
4 2 0 2354 
4 2 0 2357 
4 2 0 2358 
4 2 0 2359 
4 2 0 2360 
4 2 0 2363 
4 2 0 2364 
4 2 0 2367 
4 2 0 2368 
4 2 0 2369 
4 2 0 2370 
4 2 0 2373 
4 2 0 2374 
4 2 0 2375 
4 2 0 2378 
4 2 0 2381 
4 2 0 2382 
4 2 0 2385 
4 2 0 2388 
4 2 0 2391 
4 2 0 2392 
1 1 0 
1 2 0 2435 
2 1 0 
3 2 2436 2437 
1 2 0 2438 
2 2 0 2435 
3 2 2439 2440 
1 2 0 2441 
1 2 0 2442 
1 2 0 2443 
2 2 0 2442 
3 2 2444 2445 
1 2 0 2446 
1 2 0 2447 
2 2 0 2446 
3 2 2448 2449 
1 2 0 2450 
4 1 0 
4 2 0 2435 
4 2 0 2438 
4 2 0 2441 
4 2 0 2442 
4 2 0 2443 
4 2 0 2446 
4 2 0 2447 
4 2 0 2450 
4 2 0 2451 
1 1 0 
1 2 0 2462 
2 1 0 
3 2 2463 2464 
4 1 0 
4 2 0 2462 
4 2 0 2465 
1 1 0 
1 2 0 2469 
2 1 0 
3 2 2470 2471 
1 2 0 2472 
1 2 0 2473 
2 2 0 2472 
3 2 2474 2475 
1 2 0 2476 
1 2 0 2477 
1 2 0 2478 
2 2 0 2477 
3 2 2479 2480 
1 2 0 2481 
1 2 0 2482 
2 2 0 2481 
3 2 2483 2484 
1 2 0 2485 
1 2 0 2486 
2 2 0 2485 
3 2 2487 2488 
1 2 0 2489 
1 2 0 2490 
1 2 0 2491 
2 2 0 2490 
3 2 2492 2493 
1 2 0 2494 
1 2 0 2495 
1 2 0 2496 
2 2 0 2495 
3 2 2497 2498 
1 2 0 2499 
1 2 0 2500 
1 2 0 2501 
1 2 0 2502 
1 2 0 2503 
1 2 0 2504 
1 2 0 2505 
1 2 0 2506 
2 2 0 2505 
3 2 2507 2508 
1 2 0 2509 
2 2 0 2505 
2 2 0 2506 
3 3 2510 2511 2512 
1 2 0 2513 
2 2 0 2509 
3 2 2514 2515 
1 2 0 2516 
2 2 0 2513 
3 2 2517 2518 
1 2 0 2519 
2 2 0 2516 
3 2 2520 2521 
1 2 0 2522 
2 2 0 2519 
3 2 2523 2524 
1 2 0 2525 
2 2 0 2522 
3 2 2526 2527 
1 2 0 2528 
2 2 0 2522 
2 2 0 2525 
3 3 2529 2530 2531 
1 2 0 2532 
1 2 0 2533 
1 2 0 2534 
2 2 0 2533 
3 2 2535 2536 
1 2 0 2537 
2 2 0 2534 
3 2 2538 2539 
1 2 0 2540 
2 2 0 2537 
3 2 2541 2542 
1 2 0 2543 
1 2 0 2544 
2 2 0 2543 
3 2 2545 2546 
1 2 0 2547 
1 2 0 2548 
1 2 0 2549 
2 2 0 2548 
3 2 2550 2551 
1 2 0 2552 
1 2 0 2553 
2 2 0 2552 
3 2 2554 2555 
1 2 0 2556 
1 2 0 2557 
2 2 0 2556 
3 2 2558 2559 
1 2 0 2560 
2 2 0 2556 
2 2 0 2557 
3 3 2561 2562 2563 
1 2 0 2564 
1 2 0 2565 
2 2 0 2564 
3 2 2566 2567 
1 2 0 2568 
2 2 0 2564 
2 2 0 2565 
3 3 2569 2570 2571 
1 2 0 2572 
1 2 0 2573 
1 2 0 2574 
2 2 0 2573 
3 2 2575 2576 
1 2 0 2577 
1 2 0 2578 
1 2 0 2579 
1 2 0 2580 
2 2 0 2579 
3 2 2581 2582 
1 2 0 2583 
2 2 0 2580 
3 2 2584 2585 
1 2 0 2586 
2 2 0 2583 
3 2 2587 2588 
1 2 0 2589 
2 2 0 2583 
2 2 0 2586 
3 3 2590 2591 2592 
1 2 0 2593 
1 2 0 2594 
2 2 0 2593 
3 2 2595 2596 
1 2 0 2597 
1 2 0 2598 
1 2 0 2599 
4 1 0 
4 2 0 2469 
4 2 0 2472 
4 2 0 2473 
4 2 0 2476 
4 2 0 2477 
4 2 0 2478 
4 2 0 2481 
4 2 0 2482 
4 2 0 2485 
4 2 0 2486 
4 2 0 2489 
4 2 0 2490 
4 2 0 2491 
4 2 0 2494 
4 2 0 2495 
4 2 0 2496 
4 2 0 2499 
4 2 0 2500 
4 2 0 2501 
4 2 0 2502 
4 2 0 2503 
4 2 0 2504 
4 2 0 2505 
4 2 0 2506 
4 2 0 2509 
4 2 0 2513 
4 2 0 2516 
4 2 0 2519 
4 2 0 2522 
4 2 0 2525 
4 2 0 2528 
4 2 0 2532 
4 2 0 2533 
4 2 0 2534 
4 2 0 2537 
4 2 0 2540 
4 2 0 2543 
4 2 0 2544 
4 2 0 2547 
4 2 0 2548 
4 2 0 2549 
4 2 0 2552 
4 2 0 2553 
4 2 0 2556 
4 2 0 2557 
4 2 0 2560 
4 2 0 2564 
4 2 0 2565 
4 2 0 2568 
4 2 0 2572 
4 2 0 2573 
4 2 0 2574 
4 2 0 2577 
4 2 0 2578 
4 2 0 2579 
4 2 0 2580 
4 2 0 2583 
4 2 0 2586 
4 2 0 2589 
4 2 0 2593 
4 2 0 2594 
4 2 0 2597 
4 2 0 2598 
4 2 0 2599 
4 2 0 2600 
1 1 0 
1 2 0 2667 
2 1 0 
3 2 2668 2669 
1 2 0 2670 
2 2 0 2667 
3 2 2671 2672 
1 2 0 2673 
2 2 0 2670 
3 2 2674 2675 
1 2 0 2676 
1 2 0 2677 
2 2 0 2676 
3 2 2678 2679 
1 2 0 2680 
1 2 0 2681 
2 2 0 2680 
3 2 2682 2683 
1 2 0 2684 
2 2 0 2681 
3 2 2685 2686 
1 2 0 2687 
2 2 0 2684 
3 2 2688 2689 
1 2 0 2690 
2 2 0 2684 
2 2 0 2687 
3 3 2691 2692 2693 
1 2 0 2694 
1 2 0 2695 
1 2 0 2696 
2 2 0 2695 
3 2 2697 2698 
1 2 0 2699 
1 2 0 2700 
2 2 0 2699 
3 2 2701 2702 
1 2 0 2703 
1 2 0 2704 
1 2 0 2705 
2 2 0 2704 
3 2 2706 2707 
1 2 0 2708 
2 2 0 2704 
2 2 0 2705 
3 3 2709 2710 2711 
1 2 0 2712 
2 2 0 2704 
2 2 0 2705 
2 2 0 2708 
3 4 2713 2714 2715 2716 
1 2 0 2717 
2 2 0 2705 
2 2 0 2708 
2 2 0 2712 
3 4 2718 2719 2720 2721 
1 2 0 2722 
1 2 0 2723 
1 2 0 2724 
1 2 0 2725 
1 2 0 2726 
2 2 0 2725 
3 2 2727 2728 
1 2 0 2729 
1 2 0 2730 
1 2 0 2731 
2 2 0 2730 
3 2 2732 2733 
1 2 0 2734 
1 2 0 2735 
1 2 0 2736 
2 2 0 2735 
3 2 2737 2738 
1 2 0 2739 
1 2 0 2740 
1 2 0 2741 
1 2 0 2742 
2 2 0 2741 
3 2 2743 2744 
1 2 0 2745 
1 2 0 2746 
1 2 0 2747 
1 2 0 2748 
2 2 0 2747 
3 2 2749 2750 
1 2 0 2751 
2 2 0 2748 
3 2 2752 2753 
1 2 0 2754 
1 2 0 2755 
1 2 0 2756 
1 2 0 2757 
1 2 0 2758 
1 2 0 2759 
2 2 0 2758 
3 2 2760 2761 
1 2 0 2762 
1 2 0 2763 
1 2 0 2764 
2 2 0 2763 
3 2 2765 2766 
1 2 0 2767 
1 2 0 2768 
2 2 0 2767 
3 2 2769 2770 
1 2 0 2771 
1 2 0 2772 
4 1 0 
4 2 0 2667 
4 2 0 2670 
4 2 0 2673 
4 2 0 2676 
4 2 0 2677 
4 2 0 2680 
4 2 0 2681 
4 2 0 2684 
4 2 0 2687 
4 2 0 2690 
4 2 0 2694 
4 2 0 2695 
4 2 0 2696 
4 2 0 2699 
4 2 0 2700 
4 2 0 2703 
4 2 0 2704 
4 2 0 2705 
4 2 0 2708 
4 2 0 2712 
4 2 0 2717 
4 2 0 2722 
4 2 0 2723 
4 2 0 2724 
4 2 0 2725 
4 2 0 2726 
4 2 0 2729 
4 2 0 2730 
4 2 0 2731 
4 2 0 2734 
4 2 0 2735 
4 2 0 2736 
4 2 0 2739 
4 2 0 2740 
4 2 0 2741 
4 2 0 2742 
4 2 0 2745 
4 2 0 2746 
4 2 0 2747 
4 2 0 2748 
4 2 0 2751 
4 2 0 2754 
4 2 0 2755 
4 2 0 2756 
4 2 0 2757 
4 2 0 2758 
4 2 0 2759 
4 2 0 2762 
4 2 0 2763 
4 2 0 2764 
4 2 0 2767 
4 2 0 2768 
4 2 0 2771 
4 2 0 2772 
4 2 0 2773 
1 1 0 
1 2 0 2830 
2 1 0 
3 2 2831 2832 
1 2 0 2833 
1 2 0 2834 
2 2 0 2833 
3 2 2835 2836 
1 2 0 2837 
2 2 0 2833 
2 2 0 2834 
3 3 2838 2839 2840 
1 2 0 2841 
1 2 0 2842 
1 2 0 2843 
2 2 0 2842 
3 2 2844 2845 
1 2 0 2846 
2 2 0 2843 
3 2 2847 2848 
1 2 0 2849 
2 2 0 2846 
3 2 2850 2851 
1 2 0 2852 
1 2 0 2853 
1 2 0 2854 
2 2 0 2853 
3 2 2855 2856 
1 2 0 2857 
1 2 0 2858 
2 2 0 2857 
3 2 2859 2860 
1 2 0 2861 
2 2 0 2857 
2 2 0 2858 
3 3 2862 2863 2864 
1 2 0 2865 
2 2 0 2861 
3 2 2866 2867 
1 2 0 2868 
2 2 0 2861 
2 2 0 2865 
3 3 2869 2870 2871 
1 2 0 2872 
1 2 0 2873 
2 2 0 2865 
2 2 0 2872 
3 3 2874 2875 2876 
1 2 0 2877 
1 2 0 2878 
1 2 0 2879 
2 2 0 2878 
3 2 2880 2881 
1 2 0 2882 
1 2 0 2883 
1 2 0 2884 
2 2 0 2883 
3 2 2885 2886 
1 2 0 2887 
1 2 0 2888 
2 2 0 2887 
3 2 2889 2890 
1 2 0 2891 
2 2 0 2888 
3 2 2892 2893 
1 2 0 2894 
4 1 0 
4 2 0 2830 
4 2 0 2833 
4 2 0 2834 
4 2 0 2837 
4 2 0 2841 
4 2 0 2842 
4 2 0 2843 
4 2 0 2846 
4 2 0 2849 
4 2 0 2852 
4 2 0 2853 
4 2 0 2854 
4 2 0 2857 
4 2 0 2858 
4 2 0 2861 
4 2 0 2865 
4 2 0 2868 
4 2 0 2872 
4 2 0 2873 
4 2 0 2877 
4 2 0 2878 
4 2 0 2879 
4 2 0 2882 
4 2 0 2883 
4 2 0 2884 
4 2 0 2887 
4 2 0 2888 
4 2 0 2891 
4 2 0 2894 
4 2 0 2895 
1 1 0 
1 2 0 2927 
1 2 0 2928 
2 2 0 2927 
3 2 2929 2930 
1 2 0 2931 
1 2 0 2932 
1 2 0 2933 
1 2 0 2934 
1 2 0 2935 
1 2 0 2936 
1 2 0 2937 
2 2 0 2936 
3 2 2938 2939 
1 2 0 2940 
1 2 0 2941 
1 2 0 2942 
2 2 0 2941 
3 2 2943 2944 
1 2 0 2945 
1 2 0 2946 
1 2 0 2947 
2 2 0 2946 
3 2 2948 2949 
1 2 0 2950 
1 2 0 2951 
2 2 0 2950 
3 2 2952 2953 
1 2 0 2954 
1 2 0 2955 
1 2 0 2956 
1 2 0 2957 
1 2 0 2958 
2 2 0 2957 
3 2 2959 2960 
1 2 0 2961 
1 2 0 2962 
1 2 0 2963 
2 2 0 2962 
3 2 2964 2965 
1 2 0 2966 
1 2 0 2967 
1 2 0 2968 
1 2 0 2969 
2 2 0 2968 
3 2 2970 2971 
1 2 0 2972 
4 1 0 
4 2 0 2927 
4 2 0 2928 
4 2 0 2931 
4 2 0 2932 
4 2 0 2933 
4 2 0 2934 
4 2 0 2935 
4 2 0 2936 
4 2 0 2937 
4 2 0 2940 
4 2 0 2941 
4 2 0 2942 
4 2 0 2945 
4 2 0 2946 
4 2 0 2947 
4 2 0 2950 
4 2 0 2951 
4 2 0 2954 
4 2 0 2955 
4 2 0 2956 
4 2 0 2957 
4 2 0 2958 
4 2 0 2961 
4 2 0 2962 
4 2 0 2963 
4 2 0 2966 
4 2 0 2967 
4 2 0 2968 
4 2 0 2969 
4 2 0 2972 
4 2 0 2973 
1 1 0 
1 2 0 3006 
2 1 0 
3 2 3007 3008 
1 2 0 3009 
2 1 0 
2 2 0 3006 
3 3 3010 3011 3012 
1 2 0 3013 
2 2 0 3009 
3 2 3014 3015 
1 2 0 3016 
2 2 0 3013 
3 2 3017 3018 
1 2 0 3019 
2 2 0 3013 
2 2 0 3016 
3 3 3020 3021 3022 
1 2 0 3023 
1 2 0 3024 
2 2 0 3023 
3 2 3025 3026 
1 2 0 3027 
2 2 0 3024 
3 2 3028 3029 
1 2 0 3030 
2 2 0 3027 
3 2 3031 3032 
1 2 0 3033 
1 2 0 3034 
1 2 0 3035 
1 2 0 3036 
2 2 0 3035 
3 2 3037 3038 
1 2 0 3039 
1 2 0 3040 
1 2 0 3041 
2 2 0 3040 
3 2 3042 3043 
1 2 0 3044 
2 2 0 3041 
3 2 3045 3046 
1 2 0 3047 
1 2 0 3048 
1 2 0 3049 
2 2 0 3048 
3 2 3050 3051 
1 2 0 3052 
1 2 0 3053 
2 2 0 3052 
3 2 3054 3055 
1 2 0 3056 
1 2 0 3057 
2 2 0 3056 
3 2 3058 3059 
1 2 0 3060 
4 1 0 
4 2 0 3006 
4 2 0 3009 
4 2 0 3013 
4 2 0 3016 
4 2 0 3019 
4 2 0 3023 
4 2 0 3024 
4 2 0 3027 
4 2 0 3030 
4 2 0 3033 
4 2 0 3034 
4 2 0 3035 
4 2 0 3036 
4 2 0 3039 
4 2 0 3040 
4 2 0 3041 
4 2 0 3044 
4 2 0 3047 
4 2 0 3048 
4 2 0 3049 
4 2 0 3052 
4 2 0 3053 
4 2 0 3056 
4 2 0 3057 
4 2 0 3060 
4 2 0 3061 
1 1 0 
1 2 0 3089 
2 1 0 
3 2 3090 3091 
1 2 0 3092 
2 1 0 
3 2 3093 3094 
1 2 0 3095 
1 2 0 3096 
1 2 0 3097 
2 2 0 3096 
3 2 3098 3099 
1 2 0 3100 
2 2 0 3096 
2 2 0 3097 
3 3 3101 3102 3103 
1 2 0 3104 
1 2 0 3105 
2 2 0 3104 
3 2 3106 3107 
1 2 0 3108 
2 2 0 3105 
3 2 3109 3110 
1 2 0 3111 
1 2 0 3112 
2 2 0 3111 
3 2 3113 3114 
1 2 0 3115 
2 2 0 3112 
3 2 3116 3117 
1 2 0 3118 
1 2 0 3119 
1 2 0 3120 
2 2 0 3119 
3 2 3121 3122 
1 2 0 3123 
4 1 0 
4 2 0 3089 
4 2 0 3092 
4 2 0 3095 
4 2 0 3096 
4 2 0 3097 
4 2 0 3100 
4 2 0 3104 
4 2 0 3105 
4 2 0 3108 
4 2 0 3111 
4 2 0 3112 
4 2 0 3115 
4 2 0 3118 
4 2 0 3119 
4 2 0 3120 
4 2 0 3123 
4 2 0 3124 
1 1 0 
1 2 0 3143 
2 1 0 
3 2 3144 3145 
1 2 0 3146 
1 2 0 3147 
1 2 0 3148 
2 2 0 3147 
3 2 3149 3150 
1 2 0 3151 
2 2 0 3148 
3 2 3152 3153 
1 2 0 3154 
1 2 0 3155 
2 2 0 3154 
3 2 3156 3157 
1 2 0 3158 
2 2 0 3155 
3 2 3159 3160 
1 2 0 3161 
2 2 0 3158 
3 2 3162 3163 
1 2 0 3164 
1 2 0 3165 
1 2 0 3166 
2 2 0 3165 
3 2 3167 3168 
1 2 0 3169 
2 2 0 3166 
3 2 3170 3171 
1 2 0 3172 
1 2 0 3173 
1 2 0 3174 
1 2 0 3175 
2 2 0 3174 
3 2 3176 3177 
1 2 0 3178 
1 2 0 3179 
2 2 0 3178 
3 2 3180 3181 
1 2 0 3182 
1 2 0 3183 
2 2 0 3182 
3 2 3184 3185 
1 2 0 3186 
2 2 0 3183 
3 2 3187 3188 
1 2 0 3189 
2 2 0 3186 
3 2 3190 3191 
1 2 0 3192 
1 2 0 3193 
2 2 0 3192 
3 2 3194 3195 
1 2 0 3196 
1 2 0 3197 
1 2 0 3198 
2 2 0 3197 
3 2 3199 3200 
1 2 0 3201 
1 2 0 3202 
2 2 0 3197 
3 2 3203 3204 
1 2 0 3205 
1 2 0 3206 
1 2 0 3207 
2 2 0 3206 
3 2 3208 3209 
1 2 0 3210 
1 2 0 3211 
1 2 0 3212 
2 2 0 3210 
2 2 0 3211 
3 3 3213 3214 3215 
1 2 0 3216 
2 2 0 3212 
3 2 3217 3218 
1 2 0 3219 
2 2 0 3216 
3 2 3220 3221 
1 2 0 3222 
1 2 0 3223 
2 2 0 3222 
3 2 3224 3225 
1 2 0 3226 
1 2 0 3227 
1 2 0 3228 
1 2 0 3229 
2 2 0 3228 
3 2 3230 3231 
1 2 0 3232 
1 2 0 3233 
1 2 0 3234 
2 2 0 3233 
3 2 3235 3236 
1 2 0 3237 
2 2 0 3234 
3 2 3238 3239 
1 2 0 3240 
2 2 0 3237 
3 2 3241 3242 
1 2 0 3243 
1 2 0 3244 
2 2 0 3243 
3 2 3245 3246 
1 2 0 3247 
2 2 0 3243 
2 2 0 3244 
3 3 3248 3249 3250 
1 2 0 3251 
2 2 0 3243 
2 2 0 3244 
2 2 0 3247 
3 4 3252 3253 3254 3255 
1 2 0 3256 
1 2 0 3257 
2 2 0 3256 
3 2 3258 3259 
1 2 0 3260 
1 2 0 3261 
1 2 0 3262 
2 2 0 3261 
3 2 3263 3264 
1 2 0 3265 
1 2 0 3266 
1 2 0 3267 
1 2 0 3268 
2 2 0 3267 
3 2 3269 3270 
1 2 0 3271 
1 2 0 3272 
1 2 0 3273 
2 2 0 3272 
3 2 3274 3275 
1 2 0 3276 
2 2 0 3273 
3 2 3277 3278 
1 2 0 3279 
2 2 0 3276 
3 2 3280 3281 
1 2 0 3282 
4 1 0 
4 2 0 3143 
4 2 0 3146 
4 2 0 3147 
4 2 0 3148 
4 2 0 3151 
4 2 0 3154 
4 2 0 3155 
4 2 0 3158 
4 2 0 3161 
4 2 0 3164 
4 2 0 3165 
4 2 0 3166 
4 2 0 3169 
4 2 0 3172 
4 2 0 3173 
4 2 0 3174 
4 2 0 3175 
4 2 0 3178 
4 2 0 3179 
4 2 0 3182 
4 2 0 3183 
4 2 0 3186 
4 2 0 3189 
4 2 0 3192 
4 2 0 3193 
4 2 0 3196 
4 2 0 3197 
4 2 0 3198 
4 2 0 3201 
4 2 0 3202 
4 2 0 3205 
4 2 0 3206 
4 2 0 3207 
4 2 0 3210 
4 2 0 3211 
4 2 0 3212 
4 2 0 3216 
4 2 0 3219 
4 2 0 3222 
4 2 0 3223 
4 2 0 3226 
4 2 0 3227 
4 2 0 3228 
4 2 0 3229 
4 2 0 3232 
4 2 0 3233 
4 2 0 3234 
4 2 0 3237 
4 2 0 3240 
4 2 0 3243 
4 2 0 3244 
4 2 0 3247 
4 2 0 3251 
4 2 0 3256 
4 2 0 3257 
4 2 0 3260 
4 2 0 3261 
4 2 0 3262 
4 2 0 3265 
4 2 0 3266 
4 2 0 3267 
4 2 0 3268 
4 2 0 3271 
4 2 0 3272 
4 2 0 3273 
4 2 0 3276 
4 2 0 3279 
4 2 0 3282 
4 2 0 3283 
1 1 0 
1 2 0 3354 
1 2 0 3355 
2 2 0 3354 
3 2 3356 3357 
1 2 0 3358 
1 2 0 3359 
2 2 0 3358 
3 2 3360 3361 
1 2 0 3362 
1 2 0 3363 
2 2 0 3362 
3 2 3364 3365 
1 2 0 3366 
1 2 0 3367 
1 2 0 3368 
1 2 0 3369 
1 2 0 3370 
2 2 0 3369 
3 2 3371 3372 
1 2 0 3373 
1 2 0 3374 
1 2 0 3375 
1 2 0 3376 
2 2 0 3375 
3 2 3377 3378 
1 2 0 3379 
1 2 0 3380 
1 2 0 3381 
2 2 0 3380 
3 2 3382 3383 
1 2 0 3384 
2 2 0 3381 
3 2 3385 3386 
1 2 0 3387 
1 2 0 3388 
1 2 0 3389 
2 2 0 3388 
3 2 3390 3391 
1 2 0 3392 
2 2 0 3389 
3 2 3393 3394 
1 2 0 3395 
1 2 0 3396 
2 2 0 3395 
3 2 3397 3398 
1 2 0 3399 
2 2 0 3395 
2 2 0 3396 
3 3 3400 3401 3402 
1 2 0 3403 
1 2 0 3404 
2 2 0 3403 
3 2 3405 3406 
1 2 0 3407 
1 2 0 3408 
2 2 0 3407 
3 2 3409 3410 
1 2 0 3411 
4 1 0 
4 2 0 3354 
4 2 0 3355 
4 2 0 3358 
4 2 0 3359 
4 2 0 3362 
4 2 0 3363 
4 2 0 3366 
4 2 0 3367 
4 2 0 3368 
4 2 0 3369 
4 2 0 3370 
4 2 0 3373 
4 2 0 3374 
4 2 0 3375 
4 2 0 3376 
4 2 0 3379 
4 2 0 3380 
4 2 0 3381 
4 2 0 3384 
4 2 0 3387 
4 2 0 3388 
4 2 0 3389 
4 2 0 3392 
4 2 0 3395 
4 2 0 3396 
4 2 0 3399 
4 2 0 3403 
4 2 0 3404 
4 2 0 3407 
4 2 0 3408 
4 2 0 3411 
4 2 0 3412 
1 1 0 
1 2 0 3446 
1 2 0 3447 
1 2 0 3448 
1 2 0 3449 
1 2 0 3450 
2 2 0 3449 
3 2 3451 3452 
1 2 0 3453 
1 2 0 3454 
1 2 0 3455 
2 2 0 3454 
3 2 3456 3457 
1 2 0 3458 
2 2 0 3454 
2 2 0 3455 
3 3 3459 3460 3461 
1 2 0 3462 
1 2 0 3463 
2 2 0 3462 
3 2 3464 3465 
1 2 0 3466 
1 2 0 3467 
2 2 0 3466 
3 2 3468 3469 
1 2 0 3470 
1 2 0 3471 
1 2 0 3472 
2 2 0 3471 
3 2 3473 3474 
1 2 0 3475 
1 2 0 3476 
2 2 0 3475 
3 2 3477 3478 
1 2 0 3479 
2 2 0 3476 
3 2 3480 3481 
1 2 0 3482 
2 2 0 3479 
3 2 3483 3484 
1 2 0 3485 
1 2 0 3486 
1 2 0 3487 
2 2 0 3486 
3 2 3488 3489 
1 2 0 3490 
1 2 0 3491 
1 2 0 3492 
2 2 0 3491 
3 2 3493 3494 
1 2 0 3495 
1 2 0 3496 
2 2 0 3495 
3 2 3497 3498 
1 2 0 3499 
1 2 0 3500 
2 2 0 3499 
3 2 3501 3502 
1 2 0 3503 
1 2 0 3504 
1 2 0 3505 
2 2 0 3504 
3 2 3506 3507 
1 2 0 3508 
1 2 0 3509 
1 2 0 3510 
1 2 0 3511 
1 2 0 3512 
2 2 0 3511 
3 2 3513 3514 
1 2 0 3515 
1 2 0 3516 
2 2 0 3515 
3 2 3517 3518 
1 2 0 3519 
1 2 0 3520 
1 2 0 3521 
2 2 0 3520 
3 2 3522 3523 
1 2 0 3524 
1 2 0 3525 
1 2 0 3526 
2 2 0 3525 
3 2 3527 3528 
1 2 0 3529 
1 2 0 3530 
1 2 0 3531 
2 2 0 3530 
3 2 3532 3533 
1 2 0 3534 
1 2 0 3535 
1 2 0 3536 
1 2 0 3537 
2 2 0 3536 
3 2 3538 3539 
1 2 0 3540 
1 2 0 3541 
1 2 0 3542 
1 2 0 3543 
1 2 0 3544 
1 2 0 3545 
1 2 0 3546 
1 2 0 3547 
2 2 0 3546 
3 2 3548 3549 
1 2 0 3550 
2 2 0 3546 
2 2 0 3547 
3 3 3551 3552 3553 
1 2 0 3554 
4 1 0 
4 2 0 3446 
4 2 0 3447 
4 2 0 3448 
4 2 0 3449 
4 2 0 3450 
4 2 0 3453 
4 2 0 3454 
4 2 0 3455 
4 2 0 3458 
4 2 0 3462 
4 2 0 3463 
4 2 0 3466 
4 2 0 3467 
4 2 0 3470 
4 2 0 3471 
4 2 0 3472 
4 2 0 3475 
4 2 0 3476 
4 2 0 3479 
4 2 0 3482 
4 2 0 3485 
4 2 0 3486 
4 2 0 3487 
4 2 0 3490 
4 2 0 3491 
4 2 0 3492 
4 2 0 3495 
4 2 0 3496 
4 2 0 3499 
4 2 0 3500 
4 2 0 3503 
4 2 0 3504 
4 2 0 3505 
4 2 0 3508 
4 2 0 3509 
4 2 0 3510 
4 2 0 3511 
4 2 0 3512 
4 2 0 3515 
4 2 0 3516 
4 2 0 3519 
4 2 0 3520 
4 2 0 3521 
4 2 0 3524 
4 2 0 3525 
4 2 0 3526 
4 2 0 3529 
4 2 0 3530 
4 2 0 3531 
4 2 0 3534 
4 2 0 3535 
4 2 0 3536 
4 2 0 3537 
4 2 0 3540 
4 2 0 3541 
4 2 0 3542 
4 2 0 3543 
4 2 0 3544 
4 2 0 3545 
4 2 0 3546 
4 2 0 3547 
4 2 0 3550 
4 2 0 3554 
4 2 0 3555 
1 1 0 
1 2 0 3621 
2 1 0 
3 2 3622 3623 
1 2 0 3624 
1 2 0 3625 
1 2 0 3626 
1 2 0 3627 
2 2 0 3626 
3 2 3628 3629 
1 2 0 3630 
2 2 0 3626 
3 2 3631 3632 
1 2 0 3633 
2 2 0 3630 
3 2 3634 3635 
1 2 0 3636 
2 2 0 3633 
3 2 3637 3638 
1 2 0 3639 
2 2 0 3636 
3 2 3640 3641 
1 2 0 3642 
1 2 0 3643 
2 2 0 3642 
3 2 3644 3645 
1 2 0 3646 
1 2 0 3647 
2 2 0 3642 
2 2 0 3646 
3 3 3648 3649 3650 
1 2 0 3651 
1 2 0 3652 
1 2 0 3653 
2 2 0 3652 
3 2 3654 3655 
1 2 0 3656 
1 2 0 3657 
1 2 0 3658 
2 2 0 3657 
3 2 3659 3660 
1 2 0 3661 
1 2 0 3662 
2 2 0 3661 
3 2 3663 3664 
1 2 0 3665 
1 2 0 3666 
2 2 0 3665 
3 2 3667 3668 
1 2 0 3669 
1 2 0 3670 
1 2 0 3671 
1 2 0 3672 
1 2 0 3673 
2 2 0 3672 
3 2 3674 3675 
1 2 0 3676 
2 2 0 3673 
3 2 3677 3678 
1 2 0 3679 
2 2 0 3676 
3 2 3680 3681 
1 2 0 3682 
2 2 0 3679 
3 2 3683 3684 
1 2 0 3685 
1 2 0 3686 
1 2 0 3687 
2 2 0 3686 
3 2 3688 3689 
1 2 0 3690 
2 2 0 3687 
3 2 3691 3692 
1 2 0 3693 
2 2 0 3687 
2 2 0 3690 
3 3 3694 3695 3696 
1 2 0 3697 
4 1 0 
4 2 0 3621 
4 2 0 3624 
4 2 0 3625 
4 2 0 3626 
4 2 0 3627 
4 2 0 3630 
4 2 0 3633 
4 2 0 3636 
4 2 0 3639 
4 2 0 3642 
4 2 0 3643 
4 2 0 3646 
4 2 0 3647 
4 2 0 3651 
4 2 0 3652 
4 2 0 3653 
4 2 0 3656 
4 2 0 3657 
4 2 0 3658 
4 2 0 3661 
4 2 0 3662 
4 2 0 3665 
4 2 0 3666 
4 2 0 3669 
4 2 0 3670 
4 2 0 3671 
4 2 0 3672 
4 2 0 3673 
4 2 0 3676 
4 2 0 3679 
4 2 0 3682 
4 2 0 3685 
4 2 0 3686 
4 2 0 3687 
4 2 0 3690 
4 2 0 3693 
4 2 0 3697 
4 2 0 3698 
1 1 0 
1 2 0 3738 
2 1 0 
3 2 3739 3740 
1 2 0 3741 
2 2 0 3738 
3 2 3742 3743 
1 2 0 3744 
2 2 0 3741 
3 2 3745 3746 
1 2 0 3747 
2 2 0 3741 
2 2 0 3744 
3 3 3748 3749 3750 
1 2 0 3751 
2 2 0 3747 
3 2 3752 3753 
1 2 0 3754 
2 2 0 3751 
3 2 3755 3756 
1 2 0 3757 
1 2 0 3758 
2 2 0 3757 
3 2 3759 3760 
1 2 0 3761 
1 2 0 3762 
2 2 0 3761 
3 2 3763 3764 
1 2 0 3765 
1 2 0 3766 
1 2 0 3767 
1 2 0 3768 
1 2 0 3769 
1 2 0 3770 
1 2 0 3771 
1 2 0 3772 
1 2 0 3773 
2 2 0 3772 
3 2 3774 3775 
1 2 0 3776 
1 2 0 3777 
2 2 0 3776 
3 2 3778 3779 
1 2 0 3780 
1 2 0 3781 
2 2 0 3780 
3 2 3782 3783 
1 2 0 3784 
1 2 0 3785 
2 2 0 3784 
3 2 3786 3787 
1 2 0 3788 
2 2 0 3785 
3 2 3789 3790 
1 2 0 3791 
2 2 0 3788 
3 2 3792 3793 
1 2 0 3794 
2 2 0 3791 
3 2 3795 3796 
1 2 0 3797 
2 2 0 3794 
3 2 3798 3799 
1 2 0 3800 
4 1 0 
4 2 0 3738 
4 2 0 3741 
4 2 0 3744 
4 2 0 3747 
4 2 0 3751 
4 2 0 3754 
4 2 0 3757 
4 2 0 3758 
4 2 0 3761 
4 2 0 3762 
4 2 0 3765 
4 2 0 3766 
4 2 0 3767 
4 2 0 3768 
4 2 0 3769 
4 2 0 3770 
4 2 0 3771 
4 2 0 3772 
4 2 0 3773 
4 2 0 3776 
4 2 0 3777 
4 2 0 3780 
4 2 0 3781 
4 2 0 3784 
4 2 0 3785 
4 2 0 3788 
4 2 0 3791 
4 2 0 3794 
4 2 0 3797 
4 2 0 3800 
4 2 0 3801 
1 1 0 
1 2 0 3834 
2 1 0 
3 2 3835 3836 
1 2 0 3837 
1 2 0 3838 
1 2 0 3839 
2 2 0 3838 
3 2 3840 3841 
1 2 0 3842 
1 2 0 3843 
2 2 0 3842 
3 2 3844 3845 
1 2 0 3846 
1 2 0 3847 
1 2 0 3848 
1 2 0 3849 
2 2 0 3848 
3 2 3850 3851 
1 2 0 3852 
2 2 0 3849 
3 2 3853 3854 
1 2 0 3855 
1 2 0 3856 
1 2 0 3857 
1 2 0 3858 
1 2 0 3859 
2 2 0 3858 
3 2 3860 3861 
1 2 0 3862 
2 2 0 3858 
2 2 0 3859 
3 3 3863 3864 3865 
1 2 0 3866 
2 2 0 3858 
2 2 0 3859 
2 2 0 3862 
3 4 3867 3868 3869 3870 
1 2 0 3871 
1 2 0 3872 
1 2 0 3873 
1 2 0 3874 
1 2 0 3875 
2 2 0 3874 
3 2 3876 3877 
1 2 0 3878 
2 2 0 3875 
3 2 3879 3880 
1 2 0 3881 
1 2 0 3882 
2 2 0 3881 
3 2 3883 3884 
1 2 0 3885 
1 2 0 3886 
1 2 0 3887 
1 2 0 3888 
1 2 0 3889 
2 2 0 3888 
3 2 3890 3891 
1 2 0 3892 
2 2 0 3889 
3 2 3893 3894 
1 2 0 3895 
2 2 0 3892 
3 2 3896 3897 
1 2 0 3898 
1 2 0 3899 
2 2 0 3898 
3 2 3900 3901 
1 2 0 3902 
1 2 0 3903 
2 2 0 3902 
3 2 3904 3905 
1 2 0 3906 
2 2 0 3902 
2 2 0 3903 
3 3 3907 3908 3909 
1 2 0 3910 
1 2 0 3911 
2 2 0 3910 
3 2 3912 3913 
1 2 0 3914 
1 2 0 3915 
1 2 0 3916 
2 2 0 3915 
3 2 3917 3918 
1 2 0 3919 
2 2 0 3915 
2 2 0 3916 
3 3 3920 3921 3922 
1 2 0 3923 
1 2 0 3924 
2 2 0 3923 
3 2 3925 3926 
1 2 0 3927 
1 2 0 3928 
2 2 0 3927 
3 2 3929 3930 
1 2 0 3931 
1 2 0 3932 
1 2 0 3933 
2 2 0 3932 
3 2 3934 3935 
1 2 0 3936 
1 2 0 3937 
2 2 0 3936 
3 2 3938 3939 
1 2 0 3940 
1 2 0 3941 
2 2 0 3940 
3 2 3942 3943 
1 2 0 3944 
1 2 0 3945 
1 2 0 3946 
2 2 0 3945 
3 2 3947 3948 
1 2 0 3949 
1 2 0 3950 
2 2 0 3949 
3 2 3951 3952 
1 2 0 3953 
1 2 0 3954 
1 2 0 3955 
1 2 0 3956 
1 2 0 3957 
2 2 0 3956 
3 2 3958 3959 
1 2 0 3960 
2 2 0 3957 
3 2 3961 3962 
1 2 0 3963 
2 2 0 3960 
3 2 3964 3965 
1 2 0 3966 
4 1 0 
4 2 0 3834 
4 2 0 3837 
4 2 0 3838 
4 2 0 3839 
4 2 0 3842 
4 2 0 3843 
4 2 0 3846 
4 2 0 3847 
4 2 0 3848 
4 2 0 3849 
4 2 0 3852 
4 2 0 3855 
4 2 0 3856 
4 2 0 3857 
4 2 0 3858 
4 2 0 3859 
4 2 0 3862 
4 2 0 3866 
4 2 0 3871 
4 2 0 3872 
4 2 0 3873 
4 2 0 3874 
4 2 0 3875 
4 2 0 3878 
4 2 0 3881 
4 2 0 3882 
4 2 0 3885 
4 2 0 3886 
4 2 0 3887 
4 2 0 3888 
4 2 0 3889 
4 2 0 3892 
4 2 0 3895 
4 2 0 3898 
4 2 0 3899 
4 2 0 3902 
4 2 0 3903 
4 2 0 3906 
4 2 0 3910 
4 2 0 3911 
4 2 0 3914 
4 2 0 3915 
4 2 0 3916 
4 2 0 3919 
4 2 0 3923 
4 2 0 3924 
4 2 0 3927 
4 2 0 3928 
4 2 0 3931 
4 2 0 3932 
4 2 0 3933 
4 2 0 3936 
4 2 0 3937 
4 2 0 3940 
4 2 0 3941 
4 2 0 3944 
4 2 0 3945 
4 2 0 3946 
4 2 0 3949 
4 2 0 3950 
4 2 0 3953 
4 2 0 3954 
4 2 0 3955 
4 2 0 3956 
4 2 0 3957 
4 2 0 3960 
4 2 0 3963 
4 2 0 3966 
4 2 0 3967 
1 1 0 
1 2 0 4038 
2 1 0 
3 2 4039 4040 
1 2 0 4041 
2 1 0 
3 2 4042 4043 
1 2 0 4044 
1 2 0 4045 
2 2 0 4044 
3 2 4046 4047 
1 2 0 4048 
1 2 0 4049 
1 2 0 4050 
1 2 0 4051 
2 2 0 4050 
3 2 4052 4053 
1 2 0 4054 
2 2 0 4051 
3 2 4055 4056 
1 2 0 4057 
1 2 0 4058 
1 2 0 4059 
4 1 0 
4 2 0 4038 
4 2 0 4041 
4 2 0 4044 
4 2 0 4045 
4 2 0 4048 
4 2 0 4049 
4 2 0 4050 
4 2 0 4051 
4 2 0 4054 
4 2 0 4057 
4 2 0 4058 
4 2 0 4059 
4 2 0 4060 
1 1 0 
1 2 0 4075 
2 1 0 
3 2 4076 4077 
1 2 0 4078 
2 2 0 4075 
3 2 4079 4080 
1 2 0 4081 
1 2 0 4082 
1 2 0 4083 
1 2 0 4084 
2 2 0 4083 
3 2 4085 4086 
1 2 0 4087 
2 2 0 4083 
2 2 0 4084 
3 3 4088 4089 4090 
1 2 0 4091 
2 2 0 4083 
2 2 0 4084 
2 2 0 4087 
3 4 4092 4093 4094 4095 
1 2 0 4096 
1 2 0 4097 
1 2 0 4098 
1 2 0 4099 
1 2 0 4100 
1 2 0 4101 
1 2 0 4102 
2 2 0 4101 
3 2 4103 4104 
1 2 0 4105 
1 2 0 4106 
1 2 0 4107 
1 2 0 4108 
1 2 0 4109 
2 2 0 4108 
3 2 4110 4111 
1 2 0 4112 
1 2 0 4113 
1 2 0 4114 
2 2 0 4113 
3 2 4115 4116 
1 2 0 4117 
2 2 0 4113 
2 2 0 4114 
3 3 4118 4119 4120 
1 2 0 4121 
1 2 0 4122 
4 1 0 
4 2 0 4075 
4 2 0 4078 
4 2 0 4081 
4 2 0 4082 
4 2 0 4083 
4 2 0 4084 
4 2 0 4087 
4 2 0 4091 
4 2 0 4096 
4 2 0 4097 
4 2 0 4098 
4 2 0 4099 
4 2 0 4100 
4 2 0 4101 
4 2 0 4102 
4 2 0 4105 
4 2 0 4106 
4 2 0 4107 
4 2 0 4108 
4 2 0 4109 
4 2 0 4112 
4 2 0 4113 
4 2 0 4114 
4 2 0 4117 
4 2 0 4121 
4 2 0 4122 
4 2 0 4123 
1 1 0 
1 2 0 4152 
1 2 0 4153 
1 2 0 4154 
2 2 0 4153 
3 2 4155 4156 
1 2 0 4157 
1 2 0 4158 
2 2 0 4157 
3 2 4159 4160 
1 2 0 4161 
1 2 0 4162 
1 2 0 4163 
1 2 0 4164 
1 2 0 4165 
2 2 0 4164 
3 2 4166 4167 
1 2 0 4168 
1 2 0 4169 
2 2 0 4168 
3 2 4170 4171 
1 2 0 4172 
1 2 0 4173 
2 2 0 4172 
3 2 4174 4175 
1 2 0 4176 
1 2 0 4177 
1 2 0 4178 
2 2 0 4177 
3 2 4179 4180 
1 2 0 4181 
1 2 0 4182 
1 2 0 4183 
1 2 0 4184 
1 2 0 4185 
1 2 0 4186 
2 2 0 4185 
3 2 4187 4188 
1 2 0 4189 
1 2 0 4190 
2 2 0 4185 
2 2 0 4186 
2 2 0 4189 
3 4 4191 4192 4193 4194 
1 2 0 4195 
1 2 0 4196 
1 2 0 4197 
2 2 0 4196 
3 2 4198 4199 
1 2 0 4200 
1 2 0 4201 
1 2 0 4202 
2 2 0 4201 
3 2 4203 4204 
1 2 0 4205 
1 2 0 4206 
2 2 0 4205 
3 2 4207 4208 
1 2 0 4209 
1 2 0 4210 
2 2 0 4209 
3 2 4211 4212 
1 2 0 4213 
2 2 0 4210 
3 2 4214 4215 
1 2 0 4216 
2 2 0 4213 
3 2 4217 4218 
1 2 0 4219 
1 2 0 4220 
2 2 0 4219 
3 2 4221 4222 
1 2 0 4223 
1 2 0 4224 
2 2 0 4223 
3 2 4225 4226 
1 2 0 4227 
1 2 0 4228 
2 2 0 4227 
3 2 4229 4230 
1 2 0 4231 
1 2 0 4232 
2 2 0 4231 
3 2 4233 4234 
1 2 0 4235 
2 2 0 4232 
3 2 4236 4237 
1 2 0 4238 
2 2 0 4235 
3 2 4239 4240 
1 2 0 4241 
1 2 0 4242 
2 2 0 4241 
3 2 4243 4244 
1 2 0 4245 
1 2 0 4246 
2 2 0 4241 
2 2 0 4245 
3 3 4247 4248 4249 
1 2 0 4250 
2 2 0 4246 
3 2 4251 4252 
1 2 0 4253 
2 2 0 4250 
3 2 4254 4255 
1 2 0 4256 
2 2 0 4253 
3 2 4257 4258 
1 2 0 4259 
1 2 0 4260 
1 2 0 4261 
1 2 0 4262 
2 2 0 4261 
3 2 4263 4264 
1 2 0 4265 
1 2 0 4266 
4 1 0 
4 2 0 4152 
4 2 0 4153 
4 2 0 4154 
4 2 0 4157 
4 2 0 4158 
4 2 0 4161 
4 2 0 4162 
4 2 0 4163 
4 2 0 4164 
4 2 0 4165 
4 2 0 4168 
4 2 0 4169 
4 2 0 4172 
4 2 0 4173 
4 2 0 4176 
4 2 0 4177 
4 2 0 4178 
4 2 0 4181 
4 2 0 4182 
4 2 0 4183 
4 2 0 4184 
4 2 0 4185 
4 2 0 4186 
4 2 0 4189 
4 2 0 4190 
4 2 0 4195 
4 2 0 4196 
4 2 0 4197 
4 2 0 4200 
4 2 0 4201 
4 2 0 4202 
4 2 0 4205 
4 2 0 4206 
4 2 0 4209 
4 2 0 4210 
4 2 0 4213 
4 2 0 4216 
4 2 0 4219 
4 2 0 4220 
4 2 0 4223 
4 2 0 4224 
4 2 0 4227 
4 2 0 4228 
4 2 0 4231 
4 2 0 4232 
4 2 0 4235 
4 2 0 4238 
4 2 0 4241 
4 2 0 4242 
4 2 0 4245 
4 2 0 4246 
4 2 0 4250 
4 2 0 4253 
4 2 0 4256 
4 2 0 4259 
4 2 0 4260 
4 2 0 4261 
4 2 0 4262 
4 2 0 4265 
4 2 0 4266 
4 2 0 4267 
1 1 0 
1 2 0 4330 
1 2 0 4331 
2 2 0 4330 
3 2 4332 4333 
1 2 0 4334 
2 2 0 4331 
3 2 4335 4336 
1 2 0 4337 
2 2 0 4334 
3 2 4338 4339 
1 2 0 4340 
2 2 0 4337 
3 2 4341 4342 
1 2 0 4343 
2 2 0 4340 
3 2 4344 4345 
1 2 0 4346 
1 2 0 4347 
1 2 0 4348 
2 2 0 4347 
3 2 4349 4350 
1 2 0 4351 
2 2 0 4347 
2 2 0 4348 
3 3 4352 4353 4354 
1 2 0 4355 
1 2 0 4356 
1 2 0 4357 
1 2 0 4358 
2 2 0 4357 
3 2 4359 4360 
1 2 0 4361 
2 2 0 4358 
3 2 4362 4363 
1 2 0 4364 
2 2 0 4361 
3 2 4365 4366 
1 2 0 4367 
2 2 0 4361 
2 2 0 4364 
3 3 4368 4369 4370 
1 2 0 4371 
1 2 0 4372 
2 2 0 4371 
3 2 4373 4374 
1 2 0 4375 
2 2 0 4372 
3 2 4376 4377 
1 2 0 4378 
2 2 0 4375 
3 2 4379 4380 
1 2 0 4381 
1 2 0 4382 
2 2 0 4381 
3 2 4383 4384 
1 2 0 4385 
1 2 0 4386 
1 2 0 4387 
1 2 0 4388 
1 2 0 4389 
1 2 0 4390 
2 2 0 4389 
3 2 4391 4392 
1 2 0 4393 
1 2 0 4394 
2 2 0 4393 
3 2 4395 4396 
1 2 0 4397 
1 2 0 4398 
1 2 0 4399 
2 2 0 4398 
3 2 4400 4401 
1 2 0 4402 
2 2 0 4399 
3 2 4403 4404 
1 2 0 4405 
2 2 0 4402 
3 2 4406 4407 
1 2 0 4408 
1 2 0 4409 
1 2 0 4410 
1 2 0 4411 
1 2 0 4412 
2 2 0 4411 
3 2 4413 4414 
1 2 0 4415 
1 2 0 4416 
1 2 0 4417 
2 2 0 4416 
3 2 4418 4419 
1 2 0 4420 
1 2 0 4421 
2 2 0 4420 
3 2 4422 4423 
1 2 0 4424 
2 2 0 4421 
3 2 4425 4426 
1 2 0 4427 
2 2 0 4424 
3 2 4428 4429 
1 2 0 4430 
2 2 0 4427 
3 2 4431 4432 
1 2 0 4433 
2 2 0 4427 
3 2 4434 4435 
1 2 0 4436 
1 2 0 4437 
2 2 0 4436 
3 2 4438 4439 
1 2 0 4440 
2 2 0 4436 
2 2 0 4437 
3 3 4441 4442 4443 
1 2 0 4444 
1 2 0 4445 
2 2 0 4444 
3 2 4446 4447 
1 2 0 4448 
4 1 0 
4 2 0 4330 
4 2 0 4331 
4 2 0 4334 
4 2 0 4337 
4 2 0 4340 
4 2 0 4343 
4 2 0 4346 
4 2 0 4347 
4 2 0 4348 
4 2 0 4351 
4 2 0 4355 
4 2 0 4356 
4 2 0 4357 
4 2 0 4358 
4 2 0 4361 
4 2 0 4364 
4 2 0 4367 
4 2 0 4371 
4 2 0 4372 
4 2 0 4375 
4 2 0 4378 
4 2 0 4381 
4 2 0 4382 
4 2 0 4385 
4 2 0 4386 
4 2 0 4387 
4 2 0 4388 
4 2 0 4389 
4 2 0 4390 
4 2 0 4393 
4 2 0 4394 
4 2 0 4397 
4 2 0 4398 
4 2 0 4399 
4 2 0 4402 
4 2 0 4405 
4 2 0 4408 
4 2 0 4409 
4 2 0 4410 
4 2 0 4411 
4 2 0 4412 
4 2 0 4415 
4 2 0 4416 
4 2 0 4417 
4 2 0 4420 
4 2 0 4421 
4 2 0 4424 
4 2 0 4427 
4 2 0 4430 
4 2 0 4433 
4 2 0 4436 
4 2 0 4437 
4 2 0 4440 
4 2 0 4444 
4 2 0 4445 
4 2 0 4448 
4 2 0 4449 
1 1 0 
1 2 0 4508 
2 1 0 
3 2 4509 4510 
1 2 0 4511 
1 2 0 4512 
2 1 0 
3 2 4513 4514 
1 2 0 4515 
2 2 0 4512 
3 2 4516 4517 
1 2 0 4518 
1 2 0 4519 
2 2 0 4518 
3 2 4520 4521 
1 2 0 4522 
2 2 0 4519 
3 2 4523 4524 
1 2 0 4525 
2 2 0 4522 
3 2 4526 4527 
1 2 0 4528 
1 2 0 4529 
2 2 0 4522 
2 2 0 4528 
3 3 4530 4531 4532 
1 2 0 4533 
1 2 0 4534 
1 2 0 4535 
2 2 0 4534 
3 2 4536 4537 
1 2 0 4538 
1 2 0 4539 
2 2 0 4538 
3 2 4540 4541 
1 2 0 4542 
1 2 0 4543 
1 2 0 4544 
2 2 0 4543 
3 2 4545 4546 
1 2 0 4547 
1 2 0 4548 
2 2 0 4547 
3 2 4549 4550 
1 2 0 4551 
1 2 0 4552 
1 2 0 4553 
2 2 0 4552 
3 2 4554 4555 
1 2 0 4556 
4 1 0 
4 2 0 4508 
4 2 0 4511 
4 2 0 4512 
4 2 0 4515 
4 2 0 4518 
4 2 0 4519 
4 2 0 4522 
4 2 0 4525 
4 2 0 4528 
4 2 0 4529 
4 2 0 4533 
4 2 0 4534 
4 2 0 4535 
4 2 0 4538 
4 2 0 4539 
4 2 0 4542 
4 2 0 4543 
4 2 0 4544 
4 2 0 4547 
4 2 0 4548 
4 2 0 4551 
4 2 0 4552 
4 2 0 4553 
4 2 0 4556 
4 2 0 4557 
1 1 0 
1 2 0 4584 
1 2 0 4585 
2 2 0 4584 
3 2 4586 4587 
1 2 0 4588 
1 2 0 4589 
2 2 0 4588 
3 2 4590 4591 
1 2 0 4592 
2 2 0 4588 
2 2 0 4589 
3 3 4593 4594 4595 
1 2 0 4596 
2 2 0 4592 
3 2 4597 4598 
1 2 0 4599 
1 2 0 4600 
2 2 0 4599 
3 2 4601 4602 
1 2 0 4603 
1 2 0 4604 
2 2 0 4599 
2 2 0 4603 
3 3 4605 4606 4607 
1 2 0 4608 
2 2 0 4604 
3 2 4609 4610 
1 2 0 4611 
1 2 0 4612 
1 2 0 4613 
1 2 0 4614 
2 2 0 4613 
3 2 4615 4616 
1 2 0 4617 
1 2 0 4618 
2 2 0 4617 
3 2 4619 4620 
1 2 0 4621 
1 2 0 4622 
1 2 0 4623 
2 2 0 4622 
3 2 4624 4625 
1 2 0 4626 
2 2 0 4622 
2 2 0 4623 
3 3 4627 4628 4629 
1 2 0 4630 
1 2 0 4631 
2 2 0 4630 
3 2 4632 4633 
1 2 0 4634 
1 2 0 4635 
2 2 0 4634 
3 2 4636 4637 
1 2 0 4638 
1 2 0 4639 
2 2 0 4638 
3 2 4640 4641 
1 2 0 4642 
2 2 0 4638 
2 2 0 4639 
3 3 4643 4644 4645 
1 2 0 4646 
2 2 0 4642 
3 2 4647 4648 
1 2 0 4649 
1 2 0 4650 
1 2 0 4651 
2 2 0 4650 
3 2 4652 4653 
1 2 0 4654 
1 2 0 4655 
4 1 0 
4 2 0 4584 
4 2 0 4585 
4 2 0 4588 
4 2 0 4589 
4 2 0 4592 
4 2 0 4596 
4 2 0 4599 
4 2 0 4600 
4 2 0 4603 
4 2 0 4604 
4 2 0 4608 
4 2 0 4611 
4 2 0 4612 
4 2 0 4613 
4 2 0 4614 
4 2 0 4617 
4 2 0 4618 
4 2 0 4621 
4 2 0 4622 
4 2 0 4623 
4 2 0 4626 
4 2 0 4630 
4 2 0 4631 
4 2 0 4634 
4 2 0 4635 
4 2 0 4638 
4 2 0 4639 
4 2 0 4642 
4 2 0 4646 
4 2 0 4649 
4 2 0 4650 
4 2 0 4651 
4 2 0 4654 
4 2 0 4655 
4 2 0 4656 
1 1 0 
1 2 0 4693 
2 1 0 
3 2 4694 4695 
1 2 0 4696 
2 2 0 4693 
3 2 4697 4698 
1 2 0 4699 
1 2 0 4700 
2 2 0 4699 
3 2 4701 4702 
1 2 0 4703 
2 2 0 4700 
3 2 4704 4705 
1 2 0 4706 
2 2 0 4703 
3 2 4707 4708 
1 2 0 4709 
1 2 0 4710 
2 2 0 4709 
3 2 4711 4712 
1 2 0 4713 
1 2 0 4714 
1 2 0 4715 
1 2 0 4716 
2 2 0 4715 
3 2 4717 4718 
1 2 0 4719 
2 2 0 4716 
3 2 4720 4721 
1 2 0 4722 
1 2 0 4723 
2 2 0 4722 
3 2 4724 4725 
4 1 0 
4 2 0 4693 
4 2 0 4696 
4 2 0 4699 
4 2 0 4700 
4 2 0 4703 
4 2 0 4706 
4 2 0 4709 
4 2 0 4710 
4 2 0 4713 
4 2 0 4714 
4 2 0 4715 
4 2 0 4716 
4 2 0 4719 
4 2 0 4722 
4 2 0 4723 
4 2 0 4726 
1 1 0 
1 2 0 4744 
2 1 0 
3 2 4745 4746 
1 2 0 4747 
1 2 0 4748 
2 2 0 4747 
3 2 4749 4750 
4 1 0 
4 2 0 4744 
4 2 0 4747 
4 2 0 4748 
4 2 0 4751 
1 1 0 
1 2 0 4757 
1 2 0 4758 
2 2 0 4757 
3 2 4759 4760 
1 2 0 4761 
1 2 0 4762 
2 2 0 4761 
3 2 4763 4764 
1 2 0 4765 
1 2 0 4766 
1 2 0 4767 
2 2 0 4766 
3 2 4768 4769 
1 2 0 4770 
2 2 0 4767 
3 2 4771 4772 
1 2 0 4773 
2 2 0 4770 
3 2 4774 4775 
1 2 0 4776 
2 2 0 4770 
3 2 4777 4778 
1 2 0 4779 
1 2 0 4780 
2 2 0 4779 
3 2 4781 4782 
1 2 0 4783 
1 2 0 4784 
2 2 0 4783 
3 2 4785 4786 
1 2 0 4787 
1 2 0 4788 
2 2 0 4787 
3 2 4789 4790 
1 2 0 4791 
1 2 0 4792 
1 2 0 4793 
1 2 0 4794 
1 2 0 4795 
2 2 0 4794 
3 2 4796 4797 
1 2 0 4798 
2 2 0 4794 
2 2 0 4795 
3 3 4799 4800 4801 
1 2 0 4802 
2 2 0 4798 
3 2 4803 4804 
1 2 0 4805 
2 2 0 4802 
3 2 4806 4807 
1 2 0 4808 
1 2 0 4809 
1 2 0 4810 
2 2 0 4809 
3 2 4811 4812 
1 2 0 4813 
2 2 0 4810 
3 2 4814 4815 
1 2 0 4816 
1 2 0 4817 
1 2 0 4818 
2 2 0 4817 
3 2 4819 4820 
1 2 0 4821 
1 2 0 4822 
1 2 0 4823 
2 2 0 4822 
3 2 4824 4825 
1 2 0 4826 
2 2 0 4823 
3 2 4827 4828 
1 2 0 4829 
1 2 0 4830 
2 2 0 4829 
3 2 4831 4832 
1 2 0 4833 
1 2 0 4834 
2 2 0 4833 
3 2 4835 4836 
1 2 0 4837 
4 1 0 
4 2 0 4757 
4 2 0 4758 
4 2 0 4761 
4 2 0 4762 
4 2 0 4765 
4 2 0 4766 
4 2 0 4767 
4 2 0 4770 
4 2 0 4773 
4 2 0 4776 
4 2 0 4779 
4 2 0 4780 
4 2 0 4783 
4 2 0 4784 
4 2 0 4787 
4 2 0 4788 
4 2 0 4791 
4 2 0 4792 
4 2 0 4793 
4 2 0 4794 
4 2 0 4795 
4 2 0 4798 
4 2 0 4802 
4 2 0 4805 
4 2 0 4808 
4 2 0 4809 
4 2 0 4810 
4 2 0 4813 
4 2 0 4816 
4 2 0 4817 
4 2 0 4818 
4 2 0 4821 
4 2 0 4822 
4 2 0 4823 
4 2 0 4826 
4 2 0 4829 
4 2 0 4830 
4 2 0 4833 
4 2 0 4834 
4 2 0 4837 
4 2 0 4838 
1 1 0 
1 2 0 4881 
2 1 0 
3 2 4882 4883 
1 2 0 4884 
1 2 0 4885 
1 2 0 4886 
1 2 0 4887 
1 2 0 4888 
2 2 0 4887 
3 2 4889 4890 
1 2 0 4891 
2 2 0 4887 
2 2 0 4888 
3 3 4892 4893 4894 
1 2 0 4895 
1 2 0 4896 
2 2 0 4895 
3 2 4897 4898 
1 2 0 4899 
2 2 0 4895 
3 2 4900 4901 
1 2 0 4902 
1 2 0 4903 
2 2 0 4902 
3 2 4904 4905 
1 2 0 4906 
2 2 0 4902 
3 2 4907 4908 
1 2 0 4909 
2 2 0 4902 
3 2 4910 4911 
1 2 0 4912 
2 2 0 4909 
3 2 4913 4914 
1 2 0 4915 
2 2 0 4912 
3 2 4916 4917 
1 2 0 4918 
2 2 0 4912 
2 2 0 4915 
3 3 4919 4920 4921 
1 2 0 4922 
2 2 0 4918 
3 2 4923 4924 
1 2 0 4925 
2 2 0 4922 
3 2 4926 4927 
1 2 0 4928 
4 1 0 
4 2 0 4881 
4 2 0 4884 
4 2 0 4885 
4 2 0 4886 
4 2 0 4887 
4 2 0 4888 
4 2 0 4891 
4 2 0 4895 
4 2 0 4896 
4 2 0 4899 
4 2 0 4902 
4 2 0 4903 
4 2 0 4906 
4 2 0 4909 
4 2 0 4912 
4 2 0 4915 
4 2 0 4918 
4 2 0 4922 
4 2 0 4925 
4 2 0 4928 
4 2 0 4929 
1 1 0 
1 2 0 4952 
1 2 0 4953 
1 2 0 4954 
1 2 0 4955 
1 2 0 4956 
1 2 0 4957 
1 2 0 4958 
2 2 0 4957 
3 2 4959 4960 
1 2 0 4961 
1 2 0 4962 
1 2 0 4963 
1 2 0 4964 
1 2 0 4965 
1 2 0 4966 
1 2 0 4967 
1 2 0 4968 
2 2 0 4967 
3 2 4969 4970 
1 2 0 4971 
1 2 0 4972 
1 2 0 4973 
1 2 0 4974 
1 2 0 4975 
2 2 0 4974 
3 2 4976 4977 
1 2 0 4978 
1 2 0 4979 
2 2 0 4978 
3 2 4980 4981 
1 2 0 4982 
1 2 0 4983 
1 2 0 4984 
2 2 0 4983 
3 2 4985 4986 
1 2 0 4987 
1 2 0 4988 
2 2 0 4987 
3 2 4989 4990 
1 2 0 4991 
1 2 0 4992 
2 2 0 4991 
3 2 4993 4994 
1 2 0 4995 
1 2 0 4996 
1 2 0 4997 
2 2 0 4996 
3 2 4998 4999 
1 2 0 5000 
2 2 0 4997 
3 2 5001 5002 
1 2 0 5003 
2 2 0 5000 
3 2 5004 5005 
1 2 0 5006 
1 2 0 5007 
2 2 0 5006 
3 2 5008 5009 
1 2 0 5010 
4 1 0 
4 2 0 4952 
4 2 0 4953 
4 2 0 4954 
4 2 0 4955 
4 2 0 4956 
4 2 0 4957 
4 2 0 4958 
4 2 0 4961 
4 2 0 4962 
4 2 0 4963 
4 2 0 4964 
4 2 0 4965 
4 2 0 4966 
4 2 0 4967 
4 2 0 4968 
4 2 0 4971 
4 2 0 4972 
4 2 0 4973 
4 2 0 4974 
4 2 0 4975 
4 2 0 4978 
4 2 0 4979 
4 2 0 4982 
4 2 0 4983 
4 2 0 4984 
4 2 0 4987 
4 2 0 4988 
4 2 0 4991 
4 2 0 4992 
4 2 0 4995 
4 2 0 4996 
4 2 0 4997 
4 2 0 5000 
4 2 0 5003 
4 2 0 5006 
4 2 0 5007 
4 2 0 5010 
4 2 0 5011 
1 1 0 
1 2 0 5051 
2 1 0 
3 2 5052 5053 
1 2 0 5054 
1 2 0 5055 
1 2 0 5056 
2 2 0 5055 
3 2 5057 5058 
1 2 0 5059 
2 2 0 5056 
3 2 5060 5061 
1 2 0 5062 
1 2 0 5063 
1 2 0 5064 
1 2 0 5065 
1 2 0 5066 
1 2 0 5067 
2 2 0 5066 
3 2 5068 5069 
1 2 0 5070 
2 2 0 5067 
3 2 5071 5072 
1 2 0 5073 
1 2 0 5074 
1 2 0 5075 
2 2 0 5074 
3 2 5076 5077 
1 2 0 5078 
1 2 0 5079 
1 2 0 5080 
2 2 0 5079 
3 2 5081 5082 
1 2 0 5083 
1 2 0 5084 
1 2 0 5085 
1 2 0 5086 
1 2 0 5087 
1 2 0 5088 
4 1 0 
4 2 0 5051 
4 2 0 5054 
4 2 0 5055 
4 2 0 5056 
4 2 0 5059 
4 2 0 5062 
4 2 0 5063 
4 2 0 5064 
4 2 0 5065 
4 2 0 5066 
4 2 0 5067 
4 2 0 5070 
4 2 0 5073 
4 2 0 5074 
4 2 0 5075 
4 2 0 5078 
4 2 0 5079 
4 2 0 5080 
4 2 0 5083 
4 2 0 5084 
4 2 0 5085 
4 2 0 5086 
4 2 0 5087 
4 2 0 5088 
4 2 0 5089 
1 1 0 
1 2 0 5116 
2 1 0 
3 2 5117 5118 
1 2 0 5119 
1 2 0 5120 
1 2 0 5121 
1 2 0 5122 
2 2 0 5121 
3 2 5123 5124 
1 2 0 5125 
1 2 0 5126 
2 2 0 5125 
3 2 5127 5128 
1 2 0 5129 
1 2 0 5130 
1 2 0 5131 
2 2 0 5130 
3 2 5132 5133 
1 2 0 5134 
1 2 0 5135 
2 2 0 5134 
3 2 5136 5137 
1 2 0 5138 
1 2 0 5139 
4 1 0 
4 2 0 5116 
4 2 0 5119 
4 2 0 5120 
4 2 0 5121 
4 2 0 5122 
4 2 0 5125 
4 2 0 5126 
4 2 0 5129 
4 2 0 5130 
4 2 0 5131 
4 2 0 5134 
4 2 0 5135 
4 2 0 5138 
4 2 0 5139 
4 2 0 5140 
1 1 0 
1 2 0 5157 
2 1 0 
3 2 5158 5159 
1 2 0 5160 
1 2 0 5161 
2 2 0 5160 
3 2 5162 5163 
1 2 0 5164 
1 2 0 5165 
2 2 0 5164 
3 2 5166 5167 
1 2 0 5168 
1 2 0 5169 
1 2 0 5170 
2 2 0 5169 
3 2 5171 5172 
1 2 0 5173 
1 2 0 5174 
1 2 0 5175 
2 2 0 5174 
3 2 5176 5177 
1 2 0 5178 
2 2 0 5175 
3 2 5179 5180 
1 2 0 5181 
2 2 0 5178 
3 2 5182 5183 
1 2 0 5184 
2 2 0 5181 
3 2 5185 5186 
1 2 0 5187 
1 2 0 5188 
1 2 0 5189 
2 2 0 5188 
3 2 5190 5191 
1 2 0 5192 
1 2 0 5193 
1 2 0 5194 
2 2 0 5193 
3 2 5195 5196 
1 2 0 5197 
2 2 0 5194 
3 2 5198 5199 
1 2 0 5200 
1 2 0 5201 
1 2 0 5202 
1 2 0 5203 
2 2 0 5202 
3 2 5204 5205 
1 2 0 5206 
1 2 0 5207 
2 2 0 5206 
3 2 5208 5209 
1 2 0 5210 
4 1 0 
4 2 0 5157 
4 2 0 5160 
4 2 0 5161 
4 2 0 5164 
4 2 0 5165 
4 2 0 5168 
4 2 0 5169 
4 2 0 5170 
4 2 0 5173 
4 2 0 5174 
4 2 0 5175 
4 2 0 5178 
4 2 0 5181 
4 2 0 5184 
4 2 0 5187 
4 2 0 5188 
4 2 0 5189 
4 2 0 5192 
4 2 0 5193 
4 2 0 5194 
4 2 0 5197 
4 2 0 5200 
4 2 0 5201 
4 2 0 5202 
4 2 0 5203 
4 2 0 5206 
4 2 0 5207 
4 2 0 5210 
4 2 0 5211 
1 1 0 
1 2 0 5242 
2 1 0 
3 2 5243 5244 
1 2 0 5245 
1 2 0 5246 
1 2 0 5247 
2 2 0 5246 
3 2 5248 5249 
1 2 0 5250 
2 2 0 5247 
3 2 5251 5252 
1 2 0 5253 
1 2 0 5254 
1 2 0 5255 
2 2 0 5254 
3 2 5256 5257 
1 2 0 5258 
1 2 0 5259 
1 2 0 5260 
1 2 0 5261 
1 2 0 5262 
1 2 0 5263 
1 2 0 5264 
2 2 0 5263 
3 2 5265 5266 
1 2 0 5267 
1 2 0 5268 
2 2 0 5267 
3 2 5269 5270 
1 2 0 5271 
1 2 0 5272 
2 2 0 5271 
3 2 5273 5274 
1 2 0 5275 
1 2 0 5276 
2 2 0 5275 
3 2 5277 5278 
1 2 0 5279 
1 2 0 5280 
2 2 0 5279 
3 2 5281 5282 
1 2 0 5283 
2 2 0 5280 
3 2 5284 5285 
1 2 0 5286 
2 2 0 5283 
3 2 5287 5288 
1 2 0 5289 
2 2 0 5283 
2 2 0 5286 
3 3 5290 5291 5292 
1 2 0 5293 
1 2 0 5294 
1 2 0 5295 
1 2 0 5296 
1 2 0 5297 
1 2 0 5298 
1 2 0 5299 
2 2 0 5298 
3 2 5300 5301 
1 2 0 5302 
1 2 0 5303 
1 2 0 5304 
1 2 0 5305 
2 2 0 5304 
3 2 5306 5307 
1 2 0 5308 
1 2 0 5309 
2 2 0 5308 
3 2 5310 5311 
1 2 0 5312 
2 2 0 5308 
3 2 5313 5314 
1 2 0 5315 
2 2 0 5308 
2 2 0 5312 
3 3 5316 5317 5318 
1 2 0 5319 
1 2 0 5320 
1 2 0 5321 
1 2 0 5322 
1 2 0 5323 
2 2 0 5322 
3 2 5324 5325 
1 2 0 5326 
1 2 0 5327 
2 2 0 5326 
3 2 5328 5329 
1 2 0 5330 
1 2 0 5331 
2 2 0 5330 
3 2 5332 5333 
1 2 0 5334 
1 2 0 5335 
1 2 0 5336 
1 2 0 5337 
2 2 0 5336 
3 2 5338 5339 
1 2 0 5340 
2 2 0 5336 
3 2 5341 5342 
1 2 0 5343 
1 2 0 5344 
1 2 0 5345 
2 2 0 5344 
3 2 5346 5347 
1 2 0 5348 
2 2 0 5345 
3 2 5349 5350 
1 2 0 5351 
2 2 0 5348 
3 2 5352 5353 
1 2 0 5354 
4 1 0 
4 2 0 5242 
4 2 0 5245 
4 2 0 5246 
4 2 0 5247 
4 2 0 5250 
4 2 0 5253 
4 2 0 5254 
4 2 0 5255 
4 2 0 5258 
4 2 0 5259 
4 2 0 5260 
4 2 0 5261 
4 2 0 5262 
4 2 0 5263 
4 2 0 5264 
4 2 0 5267 
4 2 0 5268 
4 2 0 5271 
4 2 0 5272 
4 2 0 5275 
4 2 0 5276 
4 2 0 5279 
4 2 0 5280 
4 2 0 5283 
4 2 0 5286 
4 2 0 5289 
4 2 0 5293 
4 2 0 5294 
4 2 0 5295 
4 2 0 5296 
4 2 0 5297 
4 2 0 5298 
4 2 0 5299 
4 2 0 5302 
4 2 0 5303 
4 2 0 5304 
4 2 0 5305 
4 2 0 5308 
4 2 0 5309 
4 2 0 5312 
4 2 0 5315 
4 2 0 5319 
4 2 0 5320 
4 2 0 5321 
4 2 0 5322 
4 2 0 5323 
4 2 0 5326 
4 2 0 5327 
4 2 0 5330 
4 2 0 5331 
4 2 0 5334 
4 2 0 5335 
4 2 0 5336 
4 2 0 5337 
4 2 0 5340 
4 2 0 5343 
4 2 0 5344 
4 2 0 5345 
4 2 0 5348 
4 2 0 5351 
4 2 0 5354 
4 2 0 5355 
1 1 0 
1 2 0 5419 
1 2 0 5420 
1 2 0 5421 
2 2 0 5420 
3 2 5422 5423 
1 2 0 5424 
2 2 0 5420 
3 2 5425 5426 
1 2 0 5427 
2 2 0 5424 
3 2 5428 5429 
1 2 0 5430 
1 2 0 5431 
1 2 0 5432 
1 2 0 5433 
2 2 0 5432 
3 2 5434 5435 
1 2 0 5436 
1 2 0 5437 
2 2 0 5436 
3 2 5438 5439 
1 2 0 5440 
1 2 0 5441 
1 2 0 5442 
1 2 0 5443 
2 2 0 5442 
3 2 5444 5445 
1 2 0 5446 
1 2 0 5447 
2 2 0 5446 
3 2 5448 5449 
1 2 0 5450 
1 2 0 5451 
1 2 0 5452 
1 2 0 5453 
2 2 0 5452 
3 2 5454 5455 
1 2 0 5456 
1 2 0 5457 
2 2 0 5456 
3 2 5458 5459 
1 2 0 5460 
2 2 0 5457 
3 2 5461 5462 
1 2 0 5463 
4 1 0 
4 2 0 5419 
4 2 0 5420 
4 2 0 5421 
4 2 0 5424 
4 2 0 5427 
4 2 0 5430 
4 2 0 5431 
4 2 0 5432 
4 2 0 5433 
4 2 0 5436 
4 2 0 5437 
4 2 0 5440 
4 2 0 5441 
4 2 0 5442 
4 2 0 5443 
4 2 0 5446 
4 2 0 5447 
4 2 0 5450 
4 2 0 5451 
4 2 0 5452 
4 2 0 5453 
4 2 0 5456 
4 2 0 5457 
4 2 0 5460 
4 2 0 5463 
4 2 0 5464 
1 1 0 
1 2 0 5492 
1 2 0 5493 
1 2 0 5494 
1 2 0 5495 
2 2 0 5494 
3 2 5496 5497 
1 2 0 5498 
1 2 0 5499 
1 2 0 5500 
2 2 0 5499 
3 2 5501 5502 
1 2 0 5503 
1 2 0 5504 
2 2 0 5503 
3 2 5505 5506 
1 2 0 5507 
1 2 0 5508 
2 2 0 5503 
2 2 0 5507 
3 3 5509 5510 5511 
1 2 0 5512 
1 2 0 5513 
2 2 0 5512 
3 2 5514 5515 
1 2 0 5516 
1 2 0 5517 
1 2 0 5518 
2 2 0 5517 
3 2 5519 5520 
1 2 0 5521 
4 1 0 
4 2 0 5492 
4 2 0 5493 
4 2 0 5494 
4 2 0 5495 
4 2 0 5498 
4 2 0 5499 
4 2 0 5500 
4 2 0 5503 
4 2 0 5504 
4 2 0 5507 
4 2 0 5508 
4 2 0 5512 
4 2 0 5513 
4 2 0 5516 
4 2 0 5517 
4 2 0 5518 
4 2 0 5521 
4 2 0 5522 
1 1 0 
1 2 0 5542 
1 2 0 5543 
1 2 0 5544 
2 2 0 5543 
3 2 5545 5546 
1 2 0 5547 
1 2 0 5548 
2 2 0 5547 
3 2 5549 5550 
1 2 0 5551 
1 2 0 5552 
1 2 0 5553 
1 2 0 5554 
1 2 0 5555 
1 2 0 5556 
2 2 0 5555 
3 2 5557 5558 
1 2 0 5559 
1 2 0 5560 
2 2 0 5559 
3 2 5561 5562 
1 2 0 5563 
1 2 0 5564 
2 2 0 5563 
3 2 5565 5566 
1 2 0 5567 
1 2 0 5568 
2 2 0 5567 
3 2 5569 5570 
1 2 0 5571 
1 2 0 5572 
2 2 0 5571 
3 2 5573 5574 
1 2 0 5575 
1 2 0 5576 
2 2 0 5575 
3 2 5577 5578 
1 2 0 5579 
1 2 0 5580 
1 2 0 5581 
1 2 0 5582 
2 2 0 5581 
3 2 5583 5584 
1 2 0 5585 
1 2 0 5586 
2 2 0 5585 
3 2 5587 5588 
1 2 0 5589 
2 2 0 5586 
3 2 5590 5591 
1 2 0 5592 
2 2 0 5589 
3 2 5593 5594 
1 2 0 5595 
1 2 0 5596 
1 2 0 5597 
2 2 0 5596 
3 2 5598 5599 
1 2 0 5600 
1 2 0 5601 
2 2 0 5600 
3 2 5602 5603 
1 2 0 5604 
2 2 0 5600 
3 2 5605 5606 
1 2 0 5607 
1 2 0 5608 
1 2 0 5609 
2 2 0 5608 
3 2 5610 5611 
1 2 0 5612 
1 2 0 5613 
1 2 0 5614 
2 2 0 5613 
3 2 5615 5616 
1 2 0 5617 
1 2 0 5618 
1 2 0 5619 
2 2 0 5618 
3 2 5620 5621 
1 2 0 5622 
1 2 0 5623 
1 2 0 5624 
2 2 0 5623 
3 2 5625 5626 
1 2 0 5627 
1 2 0 5628 
1 2 0 5629 
2 2 0 5628 
3 2 5630 5631 
1 2 0 5632 
1 2 0 5633 
1 2 0 5634 
4 1 0 
4 2 0 5542 
4 2 0 5543 
4 2 0 5544 
4 2 0 5547 
4 2 0 5548 
4 2 0 5551 
4 2 0 5552 
4 2 0 5553 
4 2 0 5554 
4 2 0 5555 
4 2 0 5556 
4 2 0 5559 
4 2 0 5560 
4 2 0 5563 
4 2 0 5564 
4 2 0 5567 
4 2 0 5568 
4 2 0 5571 
4 2 0 5572 
4 2 0 5575 
4 2 0 5576 
4 2 0 5579 
4 2 0 5580 
4 2 0 5581 
4 2 0 5582 
4 2 0 5585 
4 2 0 5586 
4 2 0 5589 
4 2 0 5592 
4 2 0 5595 
4 2 0 5596 
4 2 0 5597 
4 2 0 5600 
4 2 0 5601 
4 2 0 5604 
4 2 0 5607 
4 2 0 5608 
4 2 0 5609 
4 2 0 5612 
4 2 0 5613 
4 2 0 5614 
4 2 0 5617 
4 2 0 5618 
4 2 0 5619 
4 2 0 5622 
4 2 0 5623 
4 2 0 5624 
4 2 0 5627 
4 2 0 5628 
4 2 0 5629 
4 2 0 5632 
4 2 0 5633 
4 2 0 5634 
4 2 0 5635 
1 1 0 
1 2 0 5691 
2 1 0 
3 2 5692 5693 
1 2 0 5694 
2 1 0 
2 2 0 5691 
3 3 5695 5696 5697 
1 2 0 5698 
2 2 0 5694 
3 2 5699 5700 
1 2 0 5701 
1 2 0 5702 
2 2 0 5701 
3 2 5703 5704 
1 2 0 5705 
1 2 0 5706 
2 2 0 5705 
3 2 5707 5708 
1 2 0 5709 
2 2 0 5706 
3 2 5710 5711 
1 2 0 5712 
1 2 0 5713 
1 2 0 5714 
1 2 0 5715 
2 2 0 5714 
3 2 5716 5717 
1 2 0 5718 
2 2 0 5715 
3 2 5719 5720 
1 2 0 5721 
2 2 0 5718 
3 2 5722 5723 
1 2 0 5724 
1 2 0 5725 
1 2 0 5726 
2 2 0 5725 
3 2 5727 5728 
1 2 0 5729 
2 2 0 5725 
2 2 0 5726 
3 3 5730 5731 5732 
1 2 0 5733 
1 2 0 5734 
1 2 0 5735 
1 2 0 5736 
2 2 0 5735 
3 2 5737 5738 
1 2 0 5739 
1 2 0 5740 
2 2 0 5739 
3 2 5741 5742 
1 2 0 5743 
2 2 0 5739 
2 2 0 5740 
3 3 5744 5745 5746 
1 2 0 5747 
1 2 0 5748 
1 2 0 5749 
2 2 0 5748 
3 2 5750 5751 
1 2 0 5752 
1 2 0 5753 
1 2 0 5754 
1 2 0 5755 
2 2 0 5754 
3 2 5756 5757 
1 2 0 5758 
2 2 0 5755 
3 2 5759 5760 
1 2 0 5761 
1 2 0 5762 
1 2 0 5763 
2 2 0 5762 
3 2 5764 5765 
1 2 0 5766 
2 2 0 5763 
3 2 5767 5768 
1 2 0 5769 
2 2 0 5766 
3 2 5770 5771 
1 2 0 5772 
2 2 0 5769 
3 2 5773 5774 
1 2 0 5775 
1 2 0 5776 
2 2 0 5769 
2 2 0 5775 
3 3 5777 5778 5779 
1 2 0 5780 
2 2 0 5776 
3 2 5781 5782 
1 2 0 5783 
2 2 0 5780 
3 2 5784 5785 
1 2 0 5786 
2 2 0 5783 
3 2 5787 5788 
1 2 0 5789 
2 2 0 5786 
3 2 5790 5791 
1 2 0 5792 
2 2 0 5789 
3 2 5793 5794 
1 2 0 5795 
1 2 0 5796 
1 2 0 5797 
2 2 0 5796 
3 2 5798 5799 
1 2 0 5800 
1 2 0 5801 
2 2 0 5796 
2 2 0 5800 
3 3 5802 5803 5804 
1 2 0 5805 
1 2 0 5806 
2 2 0 5805 
3 2 5807 5808 
1 2 0 5809 
4 1 0 
4 2 0 5691 
4 2 0 5694 
4 2 0 5698 
4 2 0 5701 
4 2 0 5702 
4 2 0 5705 
4 2 0 5706 
4 2 0 5709 
4 2 0 5712 
4 2 0 5713 
4 2 0 5714 
4 2 0 5715 
4 2 0 5718 
4 2 0 5721 
4 2 0 5724 
4 2 0 5725 
4 2 0 5726 
4 2 0 5729 
4 2 0 5733 
4 2 0 5734 
4 2 0 5735 
4 2 0 5736 
4 2 0 5739 
4 2 0 5740 
4 2 0 5743 
4 2 0 5747 
4 2 0 5748 
4 2 0 5749 
4 2 0 5752 
4 2 0 5753 
4 2 0 5754 
4 2 0 5755 
4 2 0 5758 
4 2 0 5761 
4 2 0 5762 
4 2 0 5763 
4 2 0 5766 
4 2 0 5769 
4 2 0 5772 
4 2 0 5775 
4 2 0 5776 
4 2 0 5780 
4 2 0 5783 
4 2 0 5786 
4 2 0 5789 
4 2 0 5792 
4 2 0 5795 
4 2 0 5796 
4 2 0 5797 
4 2 0 5800 
4 2 0 5801 
4 2 0 5805 
4 2 0 5806 
4 2 0 5809 
4 2 0 5810 
1 1 0 
1 2 0 5867 
1 2 0 5868 
1 2 0 5869 
1 2 0 5870 
1 2 0 5871 
2 2 0 5870 
3 2 5872 5873 
1 2 0 5874 
1 2 0 5875 
1 2 0 5876 
2 2 0 5875 
3 2 5877 5878 
1 2 0 5879 
2 2 0 5876 
3 2 5880 5881 
1 2 0 5882 
2 2 0 5879 
3 2 5883 5884 
1 2 0 5885 
1 2 0 5886 
1 2 0 5887 
1 2 0 5888 
2 2 0 5887 
3 2 5889 5890 
1 2 0 5891 
1 2 0 5892 
1 2 0 5893 
2 2 0 5892 
3 2 5894 5895 
1 2 0 5896 
1 2 0 5897 
1 2 0 5898 
1 2 0 5899 
1 2 0 5900 
2 2 0 5899 
3 2 5901 5902 
1 2 0 5903 
1 2 0 5904 
2 2 0 5903 
3 2 5905 5906 
1 2 0 5907 
1 2 0 5908 
2 2 0 5907 
3 2 5909 5910 
1 2 0 5911 
1 2 0 5912 
1 2 0 5913 
1 2 0 5914 
2 2 0 5913 
3 2 5915 5916 
1 2 0 5917 
1 2 0 5918 
1 2 0 5919 
2 2 0 5918 
3 2 5920 5921 
1 2 0 5922 
2 2 0 5918 
3 2 5923 5924 
1 2 0 5925 
2 2 0 5918 
2 2 0 5922 
3 3 5926 5927 5928 
1 2 0 5929 
1 2 0 5930 
1 2 0 5931 
1 2 0 5932 
2 2 0 5931 
3 2 5933 5934 
1 2 0 5935 
1 2 0 5936 
2 2 0 5935 
3 2 5937 5938 
1 2 0 5939 
1 2 0 5940 
1 2 0 5941 
2 2 0 5940 
3 2 5942 5943 
1 2 0 5944 
1 2 0 5945 
1 2 0 5946 
2 2 0 5945 
3 2 5947 5948 
1 2 0 5949 
1 2 0 5950 
1 2 0 5951 
2 2 0 5950 
3 2 5952 5953 
1 2 0 5954 
1 2 0 5955 
2 2 0 5954 
3 2 5956 5957 
1 2 0 5958 
1 2 0 5959 
1 2 0 5960 
2 2 0 5959 
3 2 5961 5962 
1 2 0 5963 
1 2 0 5964 
1 2 0 5965 
2 2 0 5964 
3 2 5966 5967 
1 2 0 5968 
1 2 0 5969 
1 2 0 5970 
2 2 0 5969 
3 2 5971 5972 
1 2 0 5973 
1 2 0 5974 
2 2 0 5973 
3 2 5975 5976 
1 2 0 5977 
1 2 0 5978 
1 2 0 5979 
2 2 0 5978 
3 2 5980 5981 
1 2 0 5982 
1 2 0 5983 
1 2 0 5984 
2 2 0 5983 
3 2 5985 5986 
1 2 0 5987 
2 2 0 5984 
3 2 5988 5989 
1 2 0 5990 
1 2 0 5991 
1 2 0 5992 
2 2 0 5991 
3 2 5993 5994 
1 2 0 5995 
2 2 0 5992 
3 2 5996 5997 
1 2 0 5998 
2 2 0 5992 
2 2 0 5995 
3 3 5999 6000 6001 
1 2 0 6002 
1 2 0 6003 
1 2 0 6004 
1 2 0 6005 
2 2 0 6004 
3 2 6006 6007 
1 2 0 6008 
1 2 0 6009 
2 2 0 6004 
2 2 0 6008 
3 3 6010 6011 6012 
1 2 0 6013 
1 2 0 6014 
2 2 0 6013 
3 2 6015 6016 
1 2 0 6017 
2 2 0 6013 
3 2 6018 6019 
1 2 0 6020 
2 2 0 6017 
3 2 6021 6022 
1 2 0 6023 
2 2 0 6020 
3 2 6024 6025 
1 2 0 6026 
1 2 0 6027 
2 2 0 6026 
3 2 6028 6029 
1 2 0 6030 
1 2 0 6031 
2 2 0 6030 
3 2 6032 6033 
1 2 0 6034 
4 1 0 
4 2 0 5867 
4 2 0 5868 
4 2 0 5869 
4 2 0 5870 
4 2 0 5871 
4 2 0 5874 
4 2 0 5875 
4 2 0 5876 
4 2 0 5879 
4 2 0 5882 
4 2 0 5885 
4 2 0 5886 
4 2 0 5887 
4 2 0 5888 
4 2 0 5891 
4 2 0 5892 
4 2 0 5893 
4 2 0 5896 
4 2 0 5897 
4 2 0 5898 
4 2 0 5899 
4 2 0 5900 
4 2 0 5903 
4 2 0 5904 
4 2 0 5907 
4 2 0 5908 
4 2 0 5911 
4 2 0 5912 
4 2 0 5913 
4 2 0 5914 
4 2 0 5917 
4 2 0 5918 
4 2 0 5919 
4 2 0 5922 
4 2 0 5925 
4 2 0 5929 
4 2 0 5930 
4 2 0 5931 
4 2 0 5932 
4 2 0 5935 
4 2 0 5936 
4 2 0 5939 
4 2 0 5940 
4 2 0 5941 
4 2 0 5944 
4 2 0 5945 
4 2 0 5946 
4 2 0 5949 
4 2 0 5950 
4 2 0 5951 
4 2 0 5954 
4 2 0 5955 
4 2 0 5958 
4 2 0 5959 
4 2 0 5960 
4 2 0 5963 
4 2 0 5964 
4 2 0 5965 
4 2 0 5968 
4 2 0 5969 
4 2 0 5970 
4 2 0 5973 
4 2 0 5974 
4 2 0 5977 
4 2 0 5978 
4 2 0 5979 
4 2 0 5982 
4 2 0 5983 
4 2 0 5984 
4 2 0 5987 
4 2 0 5990 
4 2 0 5991 
4 2 0 5992 
4 2 0 5995 
4 2 0 5998 
4 2 0 6002 
4 2 0 6003 
4 2 0 6004 
4 2 0 6005 
4 2 0 6008 
4 2 0 6009 
4 2 0 6013 
4 2 0 6014 
4 2 0 6017 
4 2 0 6020 
4 2 0 6023 
4 2 0 6026 
4 2 0 6027 
4 2 0 6030 
4 2 0 6031 
4 2 0 6034 
4 2 0 6035 
1 1 0 
1 2 0 6129 
2 1 0 
3 2 6130 6131 
1 2 0 6132 
2 2 0 6129 
3 2 6133 6134 
1 2 0 6135 
2 2 0 6132 
3 2 6136 6137 
1 2 0 6138 
1 2 0 6139 
1 2 0 6140 
1 2 0 6141 
2 2 0 6140 
3 2 6142 6143 
1 2 0 6144 
1 2 0 6145 
1 2 0 6146 
2 2 0 6145 
3 2 6147 6148 
1 2 0 6149 
1 2 0 6150 
1 2 0 6151 
2 2 0 6150 
3 2 6152 6153 
1 2 0 6154 
1 2 0 6155 
1 2 0 6156 
2 2 0 6155 
3 2 6157 6158 
1 2 0 6159 
1 2 0 6160 
1 2 0 6161 
1 2 0 6162 
2 2 0 6161 
3 2 6163 6164 
1 2 0 6165 
2 2 0 6162 
3 2 6166 6167 
1 2 0 6168 
2 2 0 6165 
3 2 6169 6170 
1 2 0 6171 
1 2 0 6172 
1 2 0 6173 
2 2 0 6172 
3 2 6174 6175 
1 2 0 6176 
1 2 0 6177 
1 2 0 6178 
2 2 0 6177 
3 2 6179 6180 
1 2 0 6181 
1 2 0 6182 
2 2 0 6181 
3 2 6183 6184 
1 2 0 6185 
2 2 0 6182 
3 2 6186 6187 
1 2 0 6188 
2 2 0 6185 
3 2 6189 6190 
1 2 0 6191 
1 2 0 6192 
1 2 0 6193 
2 2 0 6192 
3 2 6194 6195 
1 2 0 6196 
1 2 0 6197 
2 2 0 6196 
3 2 6198 6199 
1 2 0 6200 
1 2 0 6201 
1 2 0 6202 
1 2 0 6203 
2 2 0 6202 
3 2 6204 6205 
1 2 0 6206 
2 2 0 6203 
3 2 6207 6208 
1 2 0 6209 
1 2 0 6210 
1 2 0 6211 
2 2 0 6210 
3 2 6212 6213 
1 2 0 6214 
1 2 0 6215 
2 2 0 6214 
3 2 6216 6217 
1 2 0 6218 
1 2 0 6219 
2 2 0 6218 
3 2 6220 6221 
1 2 0 6222 
1 2 0 6223 
1 2 0 6224 
1 2 0 6225 
1 2 0 6226 
2 2 0 6225 
3 2 6227 6228 
1 2 0 6229 
4 1 0 
4 2 0 6129 
4 2 0 6132 
4 2 0 6135 
4 2 0 6138 
4 2 0 6139 
4 2 0 6140 
4 2 0 6141 
4 2 0 6144 
4 2 0 6145 
4 2 0 6146 
4 2 0 6149 
4 2 0 6150 
4 2 0 6151 
4 2 0 6154 
4 2 0 6155 
4 2 0 6156 
4 2 0 6159 
4 2 0 6160 
4 2 0 6161 
4 2 0 6162 
4 2 0 6165 
4 2 0 6168 
4 2 0 6171 
4 2 0 6172 
4 2 0 6173 
4 2 0 6176 
4 2 0 6177 
4 2 0 6178 
4 2 0 6181 
4 2 0 6182 
4 2 0 6185 
4 2 0 6188 
4 2 0 6191 
4 2 0 6192 
4 2 0 6193 
4 2 0 6196 
4 2 0 6197 
4 2 0 6200 
4 2 0 6201 
4 2 0 6202 
4 2 0 6203 
4 2 0 6206 
4 2 0 6209 
4 2 0 6210 
4 2 0 6211 
4 2 0 6214 
4 2 0 6215 
4 2 0 6218 
4 2 0 6219 
4 2 0 6222 
4 2 0 6223 
4 2 0 6224 
4 2 0 6225 
4 2 0 6226 
4 2 0 6229 
4 2 0 6230 
1 1 0 
1 2 0 6288 
1 2 0 6289 
2 2 0 6288 
3 2 6290 6291 
1 2 0 6292 
2 2 0 6288 
2 2 0 6289 
3 3 6293 6294 6295 
1 2 0 6296 
2 2 0 6288 
2 2 0 6292 
3 3 6297 6298 6299 
1 2 0 6300 
1 2 0 6301 
2 2 0 6300 
3 2 6302 6303 
1 2 0 6304 
1 2 0 6305 
2 2 0 6304 
3 2 6306 6307 
1 2 0 6308 
2 2 0 6305 
3 2 6309 6310 
1 2 0 6311 
2 2 0 6304 
2 2 0 6308 
3 3 6312 6313 6314 
1 2 0 6315 
1 2 0 6316 
1 2 0 6317 
2 2 0 6316 
3 2 6318 6319 
1 2 0 6320 
1 2 0 6321 
1 2 0 6322 
2 2 0 6321 
3 2 6323 6324 
1 2 0 6325 
2 2 0 6321 
2 2 0 6322 
3 3 6326 6327 6328 
1 2 0 6329 
2 2 0 6321 
2 2 0 6322 
2 2 0 6325 
3 4 6330 6331 6332 6333 
1 2 0 6334 
2 2 0 6325 
2 2 0 6329 
3 3 6335 6336 6337 
1 2 0 6338 
1 2 0 6339 
2 2 0 6338 
3 2 6340 6341 
1 2 0 6342 
2 2 0 6339 
3 2 6343 6344 
1 2 0 6345 
1 2 0 6346 
2 2 0 6345 
3 2 6347 6348 
1 2 0 6349 
2 2 0 6346 
3 2 6350 6351 
1 2 0 6352 
2 2 0 6349 
3 2 6353 6354 
1 2 0 6355 
2 2 0 6352 
3 2 6356 6357 
1 2 0 6358 
1 2 0 6359 
1 2 0 6360 
2 2 0 6359 
3 2 6361 6362 
1 2 0 6363 
1 2 0 6364 
2 2 0 6363 
3 2 6365 6366 
1 2 0 6367 
1 2 0 6368 
2 2 0 6367 
3 2 6369 6370 
1 2 0 6371 
2 2 0 6368 
3 2 6372 6373 
1 2 0 6374 
2 2 0 6371 
3 2 6375 6376 
1 2 0 6377 
2 2 0 6371 
2 2 0 6374 
3 3 6378 6379 6380 
1 2 0 6381 
2 2 0 6371 
2 2 0 6377 
3 3 6382 6383 6384 
1 2 0 6385 
1 2 0 6386 
2 2 0 6385 
3 2 6387 6388 
1 2 0 6389 
2 2 0 6386 
3 2 6390 6391 
1 2 0 6392 
2 2 0 6389 
3 2 6393 6394 
1 2 0 6395 
1 2 0 6396 
2 2 0 6395 
3 2 6397 6398 
1 2 0 6399 
1 2 0 6400 
2 2 0 6399 
3 2 6401 6402 
1 2 0 6403 
4 1 0 
4 2 0 6288 
4 2 0 6289 
4 2 0 6292 
4 2 0 6296 
4 2 0 6300 
4 2 0 6301 
4 2 0 6304 
4 2 0 6305 
4 2 0 6308 
4 2 0 6311 
4 2 0 6315 
4 2 0 6316 
4 2 0 6317 
4 2 0 6320 
4 2 0 6321 
4 2 0 6322 
4 2 0 6325 
4 2 0 6329 
4 2 0 6334 
4 2 0 6338 
4 2 0 6339 
4 2 0 6342 
4 2 0 6345 
4 2 0 6346 
4 2 0 6349 
4 2 0 6352 
4 2 0 6355 
4 2 0 6358 
4 2 0 6359 
4 2 0 6360 
4 2 0 6363 
4 2 0 6364 
4 2 0 6367 
4 2 0 6368 
4 2 0 6371 
4 2 0 6374 
4 2 0 6377 
4 2 0 6381 
4 2 0 6385 
4 2 0 6386 
4 2 0 6389 
4 2 0 6392 
4 2 0 6395 
4 2 0 6396 
4 2 0 6399 
4 2 0 6400 
4 2 0 6403 
4 2 0 6404 
1 1 0 
1 2 0 6454 
1 2 0 6455 
2 2 0 6454 
3 2 6456 6457 
1 2 0 6458 
2 2 0 6455 
3 2 6459 6460 
1 2 0 6461 
2 2 0 6458 
3 2 6462 6463 
1 2 0 6464 
1 2 0 6465 
2 2 0 6464 
3 2 6466 6467 
1 2 0 6468 
1 2 0 6469 
2 2 0 6468 
3 2 6470 6471 
1 2 0 6472 
1 2 0 6473 
1 2 0 6474 
1 2 0 6475 
2 2 0 6473 
2 2 0 6474 
3 3 6476 6477 6478 
1 2 0 6479 
2 2 0 6473 
2 2 0 6475 
3 3 6480 6481 6482 
1 2 0 6483 
2 2 0 6479 
3 2 6484 6485 
1 2 0 6486 
2 2 0 6483 
3 2 6487 6488 
1 2 0 6489 
4 1 0 
4 2 0 6454 
4 2 0 6455 
4 2 0 6458 
4 2 0 6461 
4 2 0 6464 
4 2 0 6465 
4 2 0 6468 
4 2 0 6469 
4 2 0 6472 
4 2 0 6473 
4 2 0 6474 
4 2 0 6475 
4 2 0 6479 
4 2 0 6483 
4 2 0 6486 
4 2 0 6489 
4 2 0 6490 
1 1 0 
1 2 0 6509 
2 1 0 
3 2 6510 6511 
1 2 0 6512 
2 1 0 
2 2 0 6509 
3 3 6513 6514 6515 
1 2 0 6516 
2 2 0 6512 
3 2 6517 6518 
1 2 0 6519 
2 2 0 6512 
2 2 0 6516 
3 3 6520 6521 6522 
1 2 0 6523 
1 2 0 6524 
2 2 0 6523 
3 2 6525 6526 
1 2 0 6527 
1 2 0 6528 
4 1 0 
4 2 0 6509 
4 2 0 6512 
4 2 0 6516 
4 2 0 6519 
4 2 0 6523 
4 2 0 6524 
4 2 0 6527 
4 2 0 6528 
4 2 0 6529 
1 1 0 
1 2 0 6540 
2 1 0 
3 2 6541 6542 
1 2 0 6543 
2 1 0 
3 2 6544 6545 
1 2 0 6546 
2 2 0 6543 
3 2 6547 6548 
1 2 0 6549 
1 2 0 6550 
2 2 0 6549 
3 2 6551 6552 
1 2 0 6553 
2 2 0 6549 
2 2 0 6550 
3 3 6554 6555 6556 
1 2 0 6557 
2 2 0 6549 
2 2 0 6550 
2 2 0 6553 
3 4 6558 6559 6560 6561 
1 2 0 6562 
2 2 0 6553 
2 2 0 6557 
3 3 6563 6564 6565 
1 2 0 6566 
1 2 0 6567 
2 2 0 6566 
3 2 6568 6569 
1 2 0 6570 
2 2 0 6567 
3 2 6571 6572 
1 2 0 6573 
2 2 0 6570 
3 2 6574 6575 
1 2 0 6576 
2 2 0 6573 
3 2 6577 6578 
1 2 0 6579 
1 2 0 6580 
2 2 0 6579 
3 2 6581 6582 
1 2 0 6583 
2 2 0 6580 
3 2 6584 6585 
1 2 0 6586 
1 2 0 6587 
2 2 0 6586 
3 2 6588 6589 
1 2 0 6590 
2 2 0 6587 
3 2 6591 6592 
1 2 0 6593 
2 2 0 6590 
3 2 6594 6595 
1 2 0 6596 
1 2 0 6597 
2 2 0 6596 
3 2 6598 6599 
1 2 0 6600 
2 2 0 6597 
3 2 6601 6602 
1 2 0 6603 
2 2 0 6600 
3 2 6604 6605 
1 2 0 6606 
1 2 0 6607 
1 2 0 6608 
2 2 0 6607 
3 2 6609 6610 
1 2 0 6611 
2 2 0 6608 
3 2 6612 6613 
1 2 0 6614 
2 2 0 6611 
3 2 6615 6616 
1 2 0 6617 
1 2 0 6618 
2 2 0 6617 
3 2 6619 6620 
1 2 0 6621 
2 2 0 6618 
3 2 6622 6623 
1 2 0 6624 
1 2 0 6625 
1 2 0 6626 
1 2 0 6627 
1 2 0 6628 
2 2 0 6627 
3 2 6629 6630 
1 2 0 6631 
2 2 0 6627 
2 2 0 6628 
3 3 6632 6633 6634 
1 2 0 6635 
2 2 0 6631 
3 2 6636 6637 
1 2 0 6638 
1 2 0 6639 
2 2 0 6638 
3 2 6640 6641 
1 2 0 6642 
1 2 0 6643 
2 2 0 6642 
3 2 6644 6645 
1 2 0 6646 
1 2 0 6647 
2 2 0 6646 
3 2 6648 6649 
1 2 0 6650 
4 1 0 
4 2 0 6540 
4 2 0 6543 
4 2 0 6546 
4 2 0 6549 
4 2 0 6550 
4 2 0 6553 
4 2 0 6557 
4 2 0 6562 
4 2 0 6566 
4 2 0 6567 
4 2 0 6570 
4 2 0 6573 
4 2 0 6576 
4 2 0 6579 
4 2 0 6580 
4 2 0 6583 
4 2 0 6586 
4 2 0 6587 
4 2 0 6590 
4 2 0 6593 
4 2 0 6596 
4 2 0 6597 
4 2 0 6600 
4 2 0 6603 
4 2 0 6606 
4 2 0 6607 
4 2 0 6608 
4 2 0 6611 
4 2 0 6614 
4 2 0 6617 
4 2 0 6618 
4 2 0 6621 
4 2 0 6624 
4 2 0 6625 
4 2 0 6626 
4 2 0 6627 
4 2 0 6628 
4 2 0 6631 
4 2 0 6635 
4 2 0 6638 
4 2 0 6639 
4 2 0 6642 
4 2 0 6643 
4 2 0 6646 
4 2 0 6647 
4 2 0 6650 
4 2 0 6651 
1 1 0 
1 2 0 6700 
2 1 0 
3 2 6701 6702 
1 2 0 6703 
1 2 0 6704 
1 2 0 6705 
1 2 0 6706 
1 2 0 6707 
2 2 0 6706 
3 2 6708 6709 
1 2 0 6710 
2 2 0 6706 
3 2 6711 6712 
1 2 0 6713 
2 2 0 6710 
3 2 6714 6715 
1 2 0 6716 
2 2 0 6713 
3 2 6717 6718 
1 2 0 6719 
2 2 0 6716 
3 2 6720 6721 
1 2 0 6722 
2 2 0 6719 
3 2 6723 6724 
1 2 0 6725 
2 2 0 6719 
3 2 6726 6727 
1 2 0 6728 
1 2 0 6729 
1 2 0 6730 
2 2 0 6729 
3 2 6731 6732 
1 2 0 6733 
2 2 0 6729 
2 2 0 6730 
3 3 6734 6735 6736 
1 2 0 6737 
2 2 0 6733 
3 2 6738 6739 
1 2 0 6740 
2 2 0 6737 
3 2 6741 6742 
1 2 0 6743 
1 2 0 6744 
1 2 0 6745 
1 2 0 6746 
2 2 0 6744 
3 2 6747 6748 
1 2 0 6749 
1 2 0 6750 
1 2 0 6751 
2 2 0 6750 
3 2 6752 6753 
1 2 0 6754 
1 2 0 6755 
2 2 0 6754 
3 2 6756 6757 
1 2 0 6758 
2 2 0 6754 
2 2 0 6755 
3 3 6759 6760 6761 
1 2 0 6762 
1 2 0 6763 
1 2 0 6764 
2 2 0 6762 
2 2 0 6763 
3 3 6765 6766 6767 
1 2 0 6768 
2 2 0 6762 
2 2 0 6763 
2 2 0 6764 
3 4 6769 6770 6771 6772 
1 2 0 6773 
1 2 0 6774 
2 2 0 6773 
3 2 6775 6776 
1 2 0 6777 
1 2 0 6778 
1 2 0 6779 
1 2 0 6780 
2 2 0 6779 
3 2 6781 6782 
1 2 0 6783 
1 2 0 6784 
2 2 0 6783 
3 2 6785 6786 
1 2 0 6787 
4 1 0 
4 2 0 6700 
4 2 0 6703 
4 2 0 6704 
4 2 0 6705 
4 2 0 6706 
4 2 0 6707 
4 2 0 6710 
4 2 0 6713 
4 2 0 6716 
4 2 0 6719 
4 2 0 6722 
4 2 0 6725 
4 2 0 6728 
4 2 0 6729 
4 2 0 6730 
4 2 0 6733 
4 2 0 6737 
4 2 0 6740 
4 2 0 6743 
4 2 0 6744 
4 2 0 6745 
4 2 0 6746 
4 2 0 6749 
4 2 0 6750 
4 2 0 6751 
4 2 0 6754 
4 2 0 6755 
4 2 0 6758 
4 2 0 6762 
4 2 0 6763 
4 2 0 6764 
4 2 0 6768 
4 2 0 6773 
4 2 0 6774 
4 2 0 6777 
4 2 0 6778 
4 2 0 6779 
4 2 0 6780 
4 2 0 6783 
4 2 0 6784 
4 2 0 6787 
4 2 0 6788 
1 1 0 
1 2 0 6832 
1 2 0 6833 
1 2 0 6834 
1 2 0 6835 
2 2 0 6834 
3 2 6836 6837 
1 2 0 6838 
2 2 0 6834 
3 2 6839 6840 
1 2 0 6841 
1 2 0 6842 
2 2 0 6841 
3 2 6843 6844 
1 2 0 6845 
2 2 0 6841 
2 2 0 6842 
3 3 6846 6847 6848 
1 2 0 6849 
2 2 0 6845 
3 2 6850 6851 
1 2 0 6852 
1 2 0 6853 
1 2 0 6854 
2 2 0 6853 
3 2 6855 6856 
1 2 0 6857 
1 2 0 6858 
2 2 0 6857 
3 2 6859 6860 
1 2 0 6861 
1 2 0 6862 
2 2 0 6861 
3 2 6863 6864 
1 2 0 6865 
1 2 0 6866 
1 2 0 6867 
2 2 0 6866 
3 2 6868 6869 
1 2 0 6870 
1 2 0 6871 
2 2 0 6870 
3 2 6872 6873 
1 2 0 6874 
4 1 0 
4 2 0 6832 
4 2 0 6833 
4 2 0 6834 
4 2 0 6835 
4 2 0 6838 
4 2 0 6841 
4 2 0 6842 
4 2 0 6845 
4 2 0 6849 
4 2 0 6852 
4 2 0 6853 
4 2 0 6854 
4 2 0 6857 
4 2 0 6858 
4 2 0 6861 
4 2 0 6862 
4 2 0 6865 
4 2 0 6866 
4 2 0 6867 
4 2 0 6870 
4 2 0 6871 
4 2 0 6874 
4 2 0 6875 
1 1 0 
1 2 0 6900 
1 2 0 6901 
1 2 0 6902 
4 1 0 
4 2 0 6900 
4 2 0 6901 
4 2 0 6902 
4 2 0 6903 
95 2368 119 120 121 122 123 124 125 126 127 128 129 130 131 132 133 134 135 136 137 138 139 140 141 142 143 144 145 146 147 148 149 150 151 152 153 154 155 156 157 158 159 160 161 162 163 164 165 166 167 168 169 170 171 172 221 222 223 224 225 226 227 228 229 230 231 232 233 234 235 236 237 238 239 240 241 242 243 244 245 246 289 290 291 292 293 294 295 296 297 298 299 300 301 302 303 304 305 306 307 308 309 310 311 345 346 347 348 349 350 351 352 353 354 355 356 357 358 359 360 361 362 620 621 622 623 624 625 626 627 628 629 630 631 632 633 634 635 636 637 638 639 640 641 642 643 644 645 646 647 648 649 650 651 652 653 654 655 656 657 658 659 660 661 662 663 664 665 666 667 668 669 670 671 672 673 674 675 676 677 678 679 680 681 682 683 684 685 686 687 688 689 690 691 692 693 694 695 696 697 698 699 700 701 702 703 704 705 706 707 708 709 710 711 712 713 714 715 716 717 718 719 720 721 722 723 724 725 726 727 728 729 730 731 732 733 734 735 736 737 738 739 740 741 742 743 744 745 746 747 823 824 825 826 827 828 829 830 831 832 833 834 835 836 837 838 839 840 841 842 843 844 845 846 847 848 849 850 851 852 853 854 855 856 857 858 859 860 861 935 936 937 938 939 940 941 942 943 944 945 946 947 948 949 950 951 952 953 954 955 956 957 958 959 960 961 962 963 964 965 966 967 968 969 970 971 972 973 974 975 976 977 1087 1088 1089 1090 1091 1092 1093 1094 1095 1096 1097 1098 1099 1100 1101 1102 1103 1104 1105 1106 1107 1108 1109 1110 1111 1112 1113 1114 1115 1116 1117 1118 1119 1120 1121 1122 1123 1124 1125 1126 1127 1128 1129 1130 1131 1132 1133 1134 1135 1136 1137 1138 1139 1140 1141 1142 1143 1232 1233 1234 1235 1236 1237 1238 1239 1240 1241 1242 1243 1244 1245 1246 1247 1248 1249 1250 1251 1252 1253 1254 1255 1256 1257 1258 1259 1260 1261 1262 1263 1264 1265 1266 1267 1268 1269 1270 1271 1272 1273 1274 1275 1276 1277 1278 1279 1280 1281 1350 1351 1352 1353 1354 1355 1356 1357 1358 1359 1360 1361 1362 1363 1364 1365 1366 1367 1368 1369 1370 1371 1372 1373 1374 1375 1376 1377 1378 1379 1380 1381 1382 1383 1384 1401 1402 1403 1404 1405 1406 1407 1408 1409 1433 1434 1435 1436 1437 1438 1439 1440 1441 1442 1443 1577 1578 1579 1580 1581 1582 1583 1584 1585 1586 1587 1588 1589 1590 1591 1592 1593 1594 1595 1596 1597 1598 1599 1600 1601 1602 1603 1604 1605 1606 1607 1608 1609 1610 1611 1612 1613 1614 1615 1616 1617 1618 1619 1620 1621 1622 1623 1624 1625 1626 1627 1628 1629 1630 1682 1683 1684 1685 1686 1687 1688 1689 1690 1691 1692 1693 1694 1695 1696 1697 1698 1699 1700 1701 1702 1753 1754 1755 1756 1757 1758 1759 1760 1761 1762 1763 1764 1765 1766 1767 1768 1769 1770 1771 1772 1773 1774 1775 1776 1777 1778 1779 1832 1833 1834 1835 1836 1837 1838 1839 1840 1841 1842 1843 1844 1845 1846 1847 1848 1849 1850 1851 1852 1853 1854 1855 1856 1857 1858 1859 1970 1971 1972 1973 1974 1975 1976 1977 1978 1979 1980 1981 1982 1983 1984 1985 1986 1987 1988 1989 1990 1991 1992 1993 1994 1995 1996 1997 1998 1999 2000 2001 2002 2003 2004 2005 2006 2007 2008 2009 2010 2011 2012 2013 2014 2015 2016 2017 2018 2019 2020 2021 2022 2023 2024 2025 2026 2027 2028 2029 2030 2031 2032 2056 2057 2058 2059 2060 2061 2062 2063 2064 2065 2066 2067 2108 2109 2110 2111 2112 2113 2114 2115 2116 2117 2118 2119 2120 2121 2122 2123 2124 2125 2126 2127 2128 2129 2216 2217 2218 2219 2220 2221 2222 2223 2224 2225 2226 2227 2228 2229 2230 2231 2232 2233 2234 2235 2236 2237 2238 2239 2240 2241 2242 2243 2244 2245 2246 2247 2248 2249 2250 2251 2252 2253 2254 2255 2256 2257 2258 2293 2294 2295 2296 2297 2298 2299 2300 2301 2302 2303 2304 2305 2306 2307 2308 2309 2310 2311 2312 2313 2314 2315 2393 2394 2395 2396 2397 2398 2399 2400 2401 2402 2403 2404 2405 2406 2407 2408 2409 2410 2411 2412 2413 2414 2415 2416 2417 2418 2419 2420 2421 2422 2423 2424 2425 2426 2427 2428 2429 2430 2431 2432 2433 2434 2452 2453 2454 2455 2456 2457 2458 2459 2460 2461 2466 2467 2468 2601 2602 2603 2604 2605 2606 2607 2608 2609 2610 2611 2612 2613 2614 2615 2616 2617 2618 2619 2620 2621 2622 2623 2624 2625 2626 2627 2628 2629 2630 2631 2632 2633 2634 2635 2636 2637 2638 2639 2640 2641 2642 2643 2644 2645 2646 2647 2648 2649 2650 2651 2652 2653 2654 2655 2656 2657 2658 2659 2660 2661 2662 2663 2664 2665 2666 2774 2775 2776 2777 2778 2779 2780 2781 2782 2783 2784 2785 2786 2787 2788 2789 2790 2791 2792 2793 2794 2795 2796 2797 2798 2799 2800 2801 2802 2803 2804 2805 2806 2807 2808 2809 2810 2811 2812 2813 2814 2815 2816 2817 2818 2819 2820 2821 2822 2823 2824 2825 2826 2827 2828 2829 2896 2897 2898 2899 2900 2901 2902 2903 2904 2905 2906 2907 2908 2909 2910 2911 2912 2913 2914 2915 2916 2917 2918 2919 2920 2921 2922 2923 2924 2925 2926 2974 2975 2976 2977 2978 2979 2980 2981 2982 2983 2984 2985 2986 2987 2988 2989 2990 2991 2992 2993 2994 2995 2996 2997 2998 2999 3000 3001 3002 3003 3004 3005 3062 3063 3064 3065 3066 3067 3068 3069 3070 3071 3072 3073 3074 3075 3076 3077 3078 3079 3080 3081 3082 3083 3084 3085 3086 3087 3088 3125 3126 3127 3128 3129 3130 3131 3132 3133 3134 3135 3136 3137 3138 3139 3140 3141 3142 3284 3285 3286 3287 3288 3289 3290 3291 3292 3293 3294 3295 3296 3297 3298 3299 3300 3301 3302 3303 3304 3305 3306 3307 3308 3309 3310 3311 3312 3313 3314 3315 3316 3317 3318 3319 3320 3321 3322 3323 3324 3325 3326 3327 3328 3329 3330 3331 3332 3333 3334 3335 3336 3337 3338 3339 3340 3341 3342 3343 3344 3345 3346 3347 3348 3349 3350 3351 3352 3353 3413 3414 3415 3416 3417 3418 3419 3420 3421 3422 3423 3424 3425 3426 3427 3428 3429 3430 3431 3432 3433 3434 3435 3436 3437 3438 3439 3440 3441 3442 3443 3444 3445 3556 3557 3558 3559 3560 3561 3562 3563 3564 3565 3566 3567 3568 3569 3570 3571 3572 3573 3574 3575 3576 3577 3578 3579 3580 3581 3582 3583 3584 3585 3586 3587 3588 3589 3590 3591 3592 3593 3594 3595 3596 3597 3598 3599 3600 3601 3602 3603 3604 3605 3606 3607 3608 3609 3610 3611 3612 3613 3614 3615 3616 3617 3618 3619 3620 3699 3700 3701 3702 3703 3704 3705 3706 3707 3708 3709 3710 3711 3712 3713 3714 3715 3716 3717 3718 3719 3720 3721 3722 3723 3724 3725 3726 3727 3728 3729 3730 3731 3732 3733 3734 3735 3736 3737 3802 3803 3804 3805 3806 3807 3808 3809 3810 3811 3812 3813 3814 3815 3816 3817 3818 3819 3820 3821 3822 3823 3824 3825 3826 3827 3828 3829 3830 3831 3832 3833 3968 3969 3970 3971 3972 3973 3974 3975 3976 3977 3978 3979 3980 3981 3982 3983 3984 3985 3986 3987 3988 3989 3990 3991 3992 3993 3994 3995 3996 3997 3998 3999 4000 4001 4002 4003 4004 4005 4006 4007 4008 4009 4010 4011 4012 4013 4014 4015 4016 4017 4018 4019 4020 4021 4022 4023 4024 4025 4026 4027 4028 4029 4030 4031 4032 4033 4034 4035 4036 4037 4061 4062 4063 4064 4065 4066 4067 4068 4069 4070 4071 4072 4073 4074 4124 4125 4126 4127 4128 4129 4130 4131 4132 4133 4134 4135 4136 4137 4138 4139 4140 4141 4142 4143 4144 4145 4146 4147 4148 4149 4150 4151 4268 4269 4270 4271 4272 4273 4274 4275 4276 4277 4278 4279 4280 4281 4282 4283 4284 4285 4286 4287 4288 4289 4290 4291 4292 4293 4294 4295 4296 4297 4298 4299 4300 4301 4302 4303 4304 4305 4306 4307 4308 4309 4310 4311 4312 4313 4314 4315 4316 4317 4318 4319 4320 4321 4322 4323 4324 4325 4326 4327 4328 4329 4450 4451 4452 4453 4454 4455 4456 4457 4458 4459 4460 4461 4462 4463 4464 4465 4466 4467 4468 4469 4470 4471 4472 4473 4474 4475 4476 4477 4478 4479 4480 4481 4482 4483 4484 4485 4486 4487 4488 4489 4490 4491 4492 4493 4494 4495 4496 4497 4498 4499 4500 4501 4502 4503 4504 4505 4506 4507 4558 4559 4560 4561 4562 4563 4564 4565 4566 4567 4568 4569 4570 4571 4572 4573 4574 4575 4576 4577 4578 4579 4580 4581 4582 4583 4657 4658 4659 4660 4661 4662 4663 4664 4665 4666 4667 4668 4669 4670 4671 4672 4673 4674 4675 4676 4677 4678 4679 4680 4681 4682 4683 4684 4685 4686 4687 4688 4689 4690 4691 4692 4727 4728 4729 4730 4731 4732 4733 4734 4735 4736 4737 4738 4739 4740 4741 4742 4743 4752 4753 4754 4755 4756 4839 4840 4841 4842 4843 4844 4845 4846 4847 4848 4849 4850 4851 4852 4853 4854 4855 4856 4857 4858 4859 4860 4861 4862 4863 4864 4865 4866 4867 4868 4869 4870 4871 4872 4873 4874 4875 4876 4877 4878 4879 4880 4930 4931 4932 4933 4934 4935 4936 4937 4938 4939 4940 4941 4942 4943 4944 4945 4946 4947 4948 4949 4950 4951 5012 5013 5014 5015 5016 5017 5018 5019 5020 5021 5022 5023 5024 5025 5026 5027 5028 5029 5030 5031 5032 5033 5034 5035 5036 5037 5038 5039 5040 5041 5042 5043 5044 5045 5046 5047 5048 5049 5050 5090 5091 5092 5093 5094 5095 5096 5097 5098 5099 5100 5101 5102 5103 5104 5105 5106 5107 5108 5109 5110 5111 5112 5113 5114 5115 5141 5142 5143 5144 5145 5146 5147 5148 5149 5150 5151 5152 5153 5154 5155 5156 5212 5213 5214 5215 5216 5217 5218 5219 5220 5221 5222 5223 5224 5225 5226 5227 5228 5229 5230 5231 5232 5233 5234 5235 5236 5237 5238 5239 5240 5241 5356 5357 5358 5359 5360 5361 5362 5363 5364 5365 5366 5367 5368 5369 5370 5371 5372 5373 5374 5375 5376 5377 5378 5379 5380 5381 5382 5383 5384 5385 5386 5387 5388 5389 5390 5391 5392 5393 5394 5395 5396 5397 5398 5399 5400 5401 5402 5403 5404 5405 5406 5407 5408 5409 5410 5411 5412 5413 5414 5415 5416 5417 5418 5465 5466 5467 5468 5469 5470 5471 5472 5473 5474 5475 5476 5477 5478 5479 5480 5481 5482 5483 5484 5485 5486 5487 5488 5489 5490 5491 5523 5524 5525 5526 5527 5528 5529 5530 5531 5532 5533 5534 5535 5536 5537 5538 5539 5540 5541 5636 5637 5638 5639 5640 5641 5642 5643 5644 5645 5646 5647 5648 5649 5650 5651 5652 5653 5654 5655 5656 5657 5658 5659 5660 5661 5662 5663 5664 5665 5666 5667 5668 5669 5670 5671 5672 5673 5674 5675 5676 5677 5678 5679 5680 5681 5682 5683 5684 5685 5686 5687 5688 5689 5690 5811 5812 5813 5814 5815 5816 5817 5818 5819 5820 5821 5822 5823 5824 5825 5826 5827 5828 5829 5830 5831 5832 5833 5834 5835 5836 5837 5838 5839 5840 5841 5842 5843 5844 5845 5846 5847 5848 5849 5850 5851 5852 5853 5854 5855 5856 5857 5858 5859 5860 5861 5862 5863 5864 5865 5866 6036 6037 6038 6039 6040 6041 6042 6043 6044 6045 6046 6047 6048 6049 6050 6051 6052 6053 6054 6055 6056 6057 6058 6059 6060 6061 6062 6063 6064 6065 6066 6067 6068 6069 6070 6071 6072 6073 6074 6075 6076 6077 6078 6079 6080 6081 6082 6083 6084 6085 6086 6087 6088 6089 6090 6091 6092 6093 6094 6095 6096 6097 6098 6099 6100 6101 6102 6103 6104 6105 6106 6107 6108 6109 6110 6111 6112 6113 6114 6115 6116 6117 6118 6119 6120 6121 6122 6123 6124 6125 6126 6127 6128 6231 6232 6233 6234 6235 6236 6237 6238 6239 6240 6241 6242 6243 6244 6245 6246 6247 6248 6249 6250 6251 6252 6253 6254 6255 6256 6257 6258 6259 6260 6261 6262 6263 6264 6265 6266 6267 6268 6269 6270 6271 6272 6273 6274 6275 6276 6277 6278 6279 6280 6281 6282 6283 6284 6285 6286 6287 6405 6406 6407 6408 6409 6410 6411 6412 6413 6414 6415 6416 6417 6418 6419 6420 6421 6422 6423 6424 6425 6426 6427 6428 6429 6430 6431 6432 6433 6434 6435 6436 6437 6438 6439 6440 6441 6442 6443 6444 6445 6446 6447 6448 6449 6450 6451 6452 6453 6491 6492 6493 6494 6495 6496 6497 6498 6499 6500 6501 6502 6503 6504 6505 6506 6507 6508 6530 6531 6532 6533 6534 6535 6536 6537 6538 6539 6652 6653 6654 6655 6656 6657 6658 6659 6660 6661 6662 6663 6664 6665 6666 6667 6668 6669 6670 6671 6672 6673 6674 6675 6676 6677 6678 6679 6680 6681 6682 6683 6684 6685 6686 6687 6688 6689 6690 6691 6692 6693 6694 6695 6696 6697 6698 6699 6789 6790 6791 6792 6793 6794 6795 6796 6797 6798 6799 6800 6801 6802 6803 6804 6805 6806 6807 6808 6809 6810 6811 6812 6813 6814 6815 6816 6817 6818 6819 6820 6821 6822 6823 6824 6825 6826 6827 6828 6829 6830 6831 6876 6877 6878 6879 6880 6881 6882 6883 6884 6885 6886 6887 6888 6889 6890 6891 6892 6893 6894 6895 6896 6897 6898 6899 6904 6905 6906 6907 6908 
