7105
0 0 
1 1 0 
1 2 0 1 
2 1 0 
3 2 2 3 
1 2 0 4 
1 2 0 5 
2 2 0 4 
3 2 6 7 
1 2 0 8 
2 2 0 4 
3 2 9 10 
1 2 0 11 
2 2 0 8 
3 2 12 13 
1 2 0 14 
1 2 0 15 
2 2 0 14 
3 2 16 17 
1 2 0 18 
1 2 0 19 
2 2 0 18 
3 2 20 21 
1 2 0 22 
1 2 0 23 
1 2 0 24 
1 2 0 25 
1 2 0 26 
2 2 0 24 
2 2 0 25 
3 3 27 28 29 
1 2 0 30 
2 2 0 26 
3 2 31 32 
1 2 0 33 
1 2 0 34 
2 2 0 33 
3 2 35 36 
1 2 0 37 
1 2 0 38 
2 2 0 37 
3 2 39 40 
1 2 0 41 
1 2 0 42 
1 2 0 43 
1 2 0 44 
1 2 0 45 
1 2 0 46 
2 2 0 45 
3 2 47 48 
1 2 0 49 
2 2 0 46 
3 2 50 51 
1 2 0 52 
2 2 0 49 
3 2 53 54 
1 2 0 55 
2 2 0 52 
3 2 56 57 
1 2 0 58 
2 2 0 52 
2 2 0 55 
3 3 59 60 61 
1 2 0 62 
1 2 0 63 
2 2 0 62 
3 2 64 65 
1 2 0 66 
2 2 0 63 
3 2 67 68 
1 2 0 69 
1 2 0 70 
2 2 0 69 
3 2 71 72 
1 2 0 73 
1 2 0 74 
1 2 0 75 
2 2 0 74 
3 2 76 77 
1 2 0 78 
1 2 0 79 
2 2 0 78 
3 2 80 81 
1 2 0 82 
1 2 0 83 
1 2 0 84 
2 2 0 83 
3 2 85 86 
1 2 0 87 
4 1 0 
4 2 0 1 
4 2 0 4 
4 2 0 5 
4 2 0 8 
4 2 0 11 
4 2 0 14 
4 2 0 15 
4 2 0 18 
4 2 0 19 
4 2 0 22 
4 2 0 23 
4 2 0 24 
4 2 0 25 
4 2 0 26 
4 2 0 30 
4 2 0 33 
4 2 0 34 
4 2 0 37 
4 2 0 38 
4 2 0 41 
4 2 0 42 
4 2 0 43 
4 2 0 44 
4 2 0 45 
4 2 0 46 
4 2 0 49 
4 2 0 52 
4 2 0 55 
4 2 0 58 
4 2 0 62 
4 2 0 63 
4 2 0 66 
4 2 0 69 
4 2 0 70 
4 2 0 73 
4 2 0 74 
4 2 0 75 
4 2 0 78 
4 2 0 79 
4 2 0 82 
4 2 0 83 
4 2 0 84 
4 2 0 87 
4 2 0 88 
1 1 0 
1 2 0 134 
1 2 0 135 
2 2 0 134 
3 2 136 137 
1 2 0 138 
2 2 0 135 
3 2 139 140 
1 2 0 141 
2 2 0 138 
3 2 142 143 
1 2 0 144 
2 2 0 141 
3 2 145 146 
1 2 0 147 
1 2 0 148 
2 2 0 147 
3 2 149 150 
1 2 0 151 
1 2 0 152 
2 2 0 151 
3 2 153 154 
1 2 0 155 
1 2 0 156 
2 2 0 155 
3 2 157 158 
1 2 0 159 
1 2 0 160 
2 2 0 159 
3 2 161 162 
1 2 0 163 
1 2 0 164 
2 2 0 163 
3 2 165 166 
1 2 0 167 
1 2 0 168 
2 2 0 167 
3 2 169 170 
1 2 0 171 
1 2 0 172 
1 2 0 173 
1 2 0 174 
2 2 0 173 
3 2 175 176 
1 2 0 177 
1 2 0 178 
2 2 0 177 
3 2 179 180 
1 2 0 181 
1 2 0 182 
2 2 0 181 
3 2 183 184 
1 2 0 185 
2 2 0 181 
3 2 186 187 
1 2 0 188 
1 2 0 189 
1 2 0 190 
2 2 0 189 
3 2 191 192 
1 2 0 193 
1 2 0 194 
2 2 0 193 
3 2 195 196 
1 2 0 197 
1 2 0 198 
2 2 0 197 
3 2 199 200 
1 2 0 201 
2 2 0 197 
3 2 202 203 
1 2 0 204 
1 2 0 205 
2 2 0 204 
3 2 206 207 
1 2 0 208 
2 2 0 205 
3 2 209 210 
1 2 0 211 
2 2 0 208 
3 2 212 213 
1 2 0 214 
2 2 0 211 
3 2 215 216 
1 2 0 217 
1 2 0 218 
2 2 0 217 
3 2 219 220 
1 2 0 221 
1 2 0 222 
2 2 0 221 
3 2 223 224 
1 2 0 225 
2 2 0 222 
3 2 226 227 
1 2 0 228 
1 2 0 229 
2 2 0 228 
3 2 230 231 
1 2 0 232 
4 1 0 
4 2 0 134 
4 2 0 135 
4 2 0 138 
4 2 0 141 
4 2 0 144 
4 2 0 147 
4 2 0 148 
4 2 0 151 
4 2 0 152 
4 2 0 155 
4 2 0 156 
4 2 0 159 
4 2 0 160 
4 2 0 163 
4 2 0 164 
4 2 0 167 
4 2 0 168 
4 2 0 171 
4 2 0 172 
4 2 0 173 
4 2 0 174 
4 2 0 177 
4 2 0 178 
4 2 0 181 
4 2 0 182 
4 2 0 185 
4 2 0 188 
4 2 0 189 
4 2 0 190 
4 2 0 193 
4 2 0 194 
4 2 0 197 
4 2 0 198 
4 2 0 201 
4 2 0 204 
4 2 0 205 
4 2 0 208 
4 2 0 211 
4 2 0 214 
4 2 0 217 
4 2 0 218 
4 2 0 221 
4 2 0 222 
4 2 0 225 
4 2 0 228 
4 2 0 229 
4 2 0 232 
4 2 0 233 
1 1 0 
1 2 0 283 
2 1 0 
3 2 284 285 
1 2 0 286 
1 2 0 287 
2 2 0 286 
3 2 288 289 
1 2 0 290 
2 2 0 286 
3 2 291 292 
1 2 0 293 
2 2 0 290 
3 2 294 295 
1 2 0 296 
1 2 0 297 
2 2 0 296 
3 2 298 299 
1 2 0 300 
2 2 0 296 
2 2 0 297 
3 3 301 302 303 
1 2 0 304 
2 2 0 300 
3 2 305 306 
1 2 0 307 
2 2 0 304 
3 2 308 309 
1 2 0 310 
1 2 0 311 
1 2 0 312 
2 2 0 311 
3 2 313 314 
1 2 0 315 
2 2 0 312 
3 2 316 317 
1 2 0 318 
2 2 0 315 
3 2 319 320 
1 2 0 321 
1 2 0 322 
1 2 0 323 
2 2 0 322 
3 2 324 325 
1 2 0 326 
2 2 0 323 
3 2 327 328 
1 2 0 329 
1 2 0 330 
1 2 0 331 
2 2 0 330 
3 2 332 333 
1 2 0 334 
2 2 0 331 
3 2 335 336 
1 2 0 337 
2 2 0 334 
3 2 338 339 
1 2 0 340 
2 2 0 337 
3 2 341 342 
1 2 0 343 
1 2 0 344 
1 2 0 345 
2 2 0 344 
3 2 346 347 
1 2 0 348 
1 2 0 349 
1 2 0 350 
2 2 0 349 
3 2 351 352 
1 2 0 353 
1 2 0 354 
2 2 0 353 
3 2 355 356 
1 2 0 357 
4 1 0 
4 2 0 283 
4 2 0 286 
4 2 0 287 
4 2 0 290 
4 2 0 293 
4 2 0 296 
4 2 0 297 
4 2 0 300 
4 2 0 304 
4 2 0 307 
4 2 0 310 
4 2 0 311 
4 2 0 312 
4 2 0 315 
4 2 0 318 
4 2 0 321 
4 2 0 322 
4 2 0 323 
4 2 0 326 
4 2 0 329 
4 2 0 330 
4 2 0 331 
4 2 0 334 
4 2 0 337 
4 2 0 340 
4 2 0 343 
4 2 0 344 
4 2 0 345 
4 2 0 348 
4 2 0 349 
4 2 0 350 
4 2 0 353 
4 2 0 354 
4 2 0 357 
4 2 0 358 
1 1 0 
1 2 0 395 
1 2 0 396 
2 2 0 395 
3 2 397 398 
1 2 0 399 
1 2 0 400 
2 2 0 399 
3 2 401 402 
1 2 0 403 
1 2 0 404 
1 2 0 405 
1 2 0 406 
2 2 0 405 
3 2 407 408 
1 2 0 409 
1 2 0 410 
2 2 0 409 
3 2 411 412 
1 2 0 413 
1 2 0 414 
1 2 0 415 
1 2 0 416 
1 2 0 417 
2 2 0 416 
3 2 418 419 
1 2 0 420 
1 2 0 421 
1 2 0 422 
2 2 0 421 
3 2 423 424 
1 2 0 425 
1 2 0 426 
2 2 0 425 
3 2 427 428 
1 2 0 429 
1 2 0 430 
2 2 0 429 
3 2 431 432 
1 2 0 433 
1 2 0 434 
1 2 0 435 
2 2 0 434 
3 2 436 437 
1 2 0 438 
2 2 0 435 
3 2 439 440 
1 2 0 441 
2 2 0 438 
3 2 442 443 
1 2 0 444 
2 2 0 438 
2 2 0 441 
3 3 445 446 447 
1 2 0 448 
2 2 0 444 
3 2 449 450 
1 2 0 451 
2 2 0 448 
3 2 452 453 
1 2 0 454 
2 2 0 451 
3 2 455 456 
1 2 0 457 
1 2 0 458 
1 2 0 459 
2 2 0 458 
3 2 460 461 
1 2 0 462 
1 2 0 463 
1 2 0 464 
2 2 0 463 
3 2 465 466 
1 2 0 467 
4 1 0 
4 2 0 395 
4 2 0 396 
4 2 0 399 
4 2 0 400 
4 2 0 403 
4 2 0 404 
4 2 0 405 
4 2 0 406 
4 2 0 409 
4 2 0 410 
4 2 0 413 
4 2 0 414 
4 2 0 415 
4 2 0 416 
4 2 0 417 
4 2 0 420 
4 2 0 421 
4 2 0 422 
4 2 0 425 
4 2 0 426 
4 2 0 429 
4 2 0 430 
4 2 0 433 
4 2 0 434 
4 2 0 435 
4 2 0 438 
4 2 0 441 
4 2 0 444 
4 2 0 448 
4 2 0 451 
4 2 0 454 
4 2 0 457 
4 2 0 458 
4 2 0 459 
4 2 0 462 
4 2 0 463 
4 2 0 464 
4 2 0 467 
4 2 0 468 
1 1 0 
1 2 0 509 
2 1 0 
3 2 510 511 
1 2 0 512 
2 1 0 
2 2 0 509 
3 3 513 514 515 
1 2 0 516 
1 2 0 517 
2 2 0 516 
3 2 518 519 
1 2 0 520 
1 2 0 521 
2 2 0 520 
3 2 522 523 
1 2 0 524 
1 2 0 525 
2 2 0 524 
3 2 526 527 
1 2 0 528 
2 2 0 524 
3 2 529 530 
1 2 0 531 
1 2 0 532 
2 2 0 531 
3 2 533 534 
4 1 0 
4 2 0 509 
4 2 0 512 
4 2 0 516 
4 2 0 517 
4 2 0 520 
4 2 0 521 
4 2 0 524 
4 2 0 525 
4 2 0 528 
4 2 0 531 
4 2 0 532 
4 2 0 535 
1 1 0 
1 2 0 549 
2 1 0 
3 2 550 551 
1 2 0 552 
2 1 0 
2 2 0 549 
3 3 553 554 555 
1 2 0 556 
2 2 0 552 
3 2 557 558 
1 2 0 559 
2 2 0 556 
3 2 560 561 
1 2 0 562 
1 2 0 563 
2 2 0 562 
3 2 564 565 
1 2 0 566 
1 2 0 567 
2 2 0 566 
3 2 568 569 
1 2 0 570 
2 2 0 567 
3 2 571 572 
1 2 0 573 
4 1 0 
4 2 0 549 
4 2 0 552 
4 2 0 556 
4 2 0 559 
4 2 0 562 
4 2 0 563 
4 2 0 566 
4 2 0 567 
4 2 0 570 
4 2 0 573 
4 2 0 574 
1 1 0 
1 2 0 587 
2 1 0 
3 2 588 589 
1 2 0 590 
2 1 0 
2 2 0 587 
3 3 591 592 593 
1 2 0 594 
2 2 0 590 
3 2 595 596 
1 2 0 597 
2 2 0 594 
3 2 598 599 
1 2 0 600 
2 2 0 597 
3 2 601 602 
1 2 0 603 
2 2 0 597 
3 2 604 605 
1 2 0 606 
2 2 0 603 
3 2 607 608 
1 2 0 609 
2 2 0 606 
3 2 610 611 
1 2 0 612 
1 2 0 613 
2 2 0 612 
3 2 614 615 
1 2 0 616 
2 2 0 612 
2 2 0 613 
3 3 617 618 619 
1 2 0 620 
2 2 0 616 
3 2 621 622 
1 2 0 623 
1 2 0 624 
2 2 0 623 
3 2 625 626 
1 2 0 627 
2 2 0 623 
2 2 0 624 
3 3 628 629 630 
1 2 0 631 
1 2 0 632 
2 2 0 631 
3 2 633 634 
1 2 0 635 
1 2 0 636 
2 2 0 635 
3 2 637 638 
1 2 0 639 
1 2 0 640 
2 2 0 639 
3 2 641 642 
1 2 0 643 
2 2 0 640 
3 2 644 645 
1 2 0 646 
1 2 0 647 
2 2 0 646 
3 2 648 649 
1 2 0 650 
1 2 0 651 
2 2 0 650 
3 2 652 653 
1 2 0 654 
2 2 0 651 
3 2 655 656 
1 2 0 657 
1 2 0 658 
2 2 0 657 
3 2 659 660 
1 2 0 661 
2 2 0 658 
3 2 662 663 
1 2 0 664 
2 2 0 661 
3 2 665 666 
1 2 0 667 
1 2 0 668 
1 2 0 669 
1 2 0 670 
2 2 0 669 
3 2 671 672 
1 2 0 673 
2 2 0 669 
3 2 674 675 
1 2 0 676 
1 2 0 677 
2 2 0 676 
3 2 678 679 
1 2 0 680 
4 1 0 
4 2 0 587 
4 2 0 590 
4 2 0 594 
4 2 0 597 
4 2 0 600 
4 2 0 603 
4 2 0 606 
4 2 0 609 
4 2 0 612 
4 2 0 613 
4 2 0 616 
4 2 0 620 
4 2 0 623 
4 2 0 624 
4 2 0 627 
4 2 0 631 
4 2 0 632 
4 2 0 635 
4 2 0 636 
4 2 0 639 
4 2 0 640 
4 2 0 643 
4 2 0 646 
4 2 0 647 
4 2 0 650 
4 2 0 651 
4 2 0 654 
4 2 0 657 
4 2 0 658 
4 2 0 661 
4 2 0 664 
4 2 0 667 
4 2 0 668 
4 2 0 669 
4 2 0 670 
4 2 0 673 
4 2 0 676 
4 2 0 677 
4 2 0 680 
4 2 0 681 
1 1 0 
1 2 0 723 
2 1 0 
3 2 724 725 
1 2 0 726 
2 2 0 723 
3 2 727 728 
1 2 0 729 
2 2 0 726 
3 2 730 731 
1 2 0 732 
2 2 0 729 
3 2 733 734 
1 2 0 735 
2 2 0 732 
3 2 736 737 
1 2 0 738 
4 1 0 
4 2 0 723 
4 2 0 726 
4 2 0 729 
4 2 0 732 
4 2 0 735 
4 2 0 738 
4 2 0 739 
1 1 0 
1 2 0 748 
2 1 0 
3 2 749 750 
1 2 0 751 
1 2 0 752 
2 2 0 751 
3 2 753 754 
1 2 0 755 
1 2 0 756 
1 2 0 757 
1 2 0 758 
2 2 0 757 
3 2 759 760 
1 2 0 761 
2 2 0 757 
3 2 762 763 
1 2 0 764 
2 2 0 761 
3 2 765 766 
1 2 0 767 
2 2 0 764 
3 2 768 769 
1 2 0 770 
1 2 0 771 
2 2 0 770 
3 2 772 773 
1 2 0 774 
1 2 0 775 
2 2 0 774 
3 2 776 777 
1 2 0 778 
1 2 0 779 
1 2 0 780 
1 2 0 781 
2 2 0 780 
3 2 782 783 
1 2 0 784 
1 2 0 785 
2 2 0 784 
3 2 786 787 
1 2 0 788 
1 2 0 789 
1 2 0 790 
2 2 0 789 
3 2 791 792 
1 2 0 793 
4 1 0 
4 2 0 748 
4 2 0 751 
4 2 0 752 
4 2 0 755 
4 2 0 756 
4 2 0 757 
4 2 0 758 
4 2 0 761 
4 2 0 764 
4 2 0 767 
4 2 0 770 
4 2 0 771 
4 2 0 774 
4 2 0 775 
4 2 0 778 
4 2 0 779 
4 2 0 780 
4 2 0 781 
4 2 0 784 
4 2 0 785 
4 2 0 788 
4 2 0 789 
4 2 0 790 
4 2 0 793 
4 2 0 794 
1 1 0 
1 2 0 821 
2 1 0 
3 2 822 823 
1 2 0 824 
2 1 0 
3 2 825 826 
1 2 0 827 
2 2 0 824 
3 2 828 829 
1 2 0 830 
2 2 0 827 
3 2 831 832 
1 2 0 833 
2 2 0 830 
3 2 834 835 
1 2 0 836 
1 2 0 837 
1 2 0 838 
1 2 0 839 
2 2 0 838 
3 2 840 841 
1 2 0 842 
1 2 0 843 
2 2 0 842 
3 2 844 845 
1 2 0 846 
1 2 0 847 
2 2 0 846 
3 2 848 849 
1 2 0 850 
1 2 0 851 
2 2 0 850 
3 2 852 853 
1 2 0 854 
2 2 0 851 
3 2 855 856 
1 2 0 857 
1 2 0 858 
2 2 0 857 
3 2 859 860 
1 2 0 861 
1 2 0 862 
1 2 0 863 
2 2 0 862 
3 2 864 865 
1 2 0 866 
2 2 0 862 
2 2 0 863 
3 3 867 868 869 
1 2 0 870 
4 1 0 
4 2 0 821 
4 2 0 824 
4 2 0 827 
4 2 0 830 
4 2 0 833 
4 2 0 836 
4 2 0 837 
4 2 0 838 
4 2 0 839 
4 2 0 842 
4 2 0 843 
4 2 0 846 
4 2 0 847 
4 2 0 850 
4 2 0 851 
4 2 0 854 
4 2 0 857 
4 2 0 858 
4 2 0 861 
4 2 0 862 
4 2 0 863 
4 2 0 866 
4 2 0 870 
4 2 0 871 
1 1 0 
1 2 0 897 
1 2 0 898 
1 2 0 899 
2 2 0 898 
3 2 900 901 
1 2 0 902 
2 2 0 899 
3 2 903 904 
1 2 0 905 
2 2 0 902 
3 2 906 907 
1 2 0 908 
1 2 0 909 
2 2 0 908 
3 2 910 911 
1 2 0 912 
1 2 0 913 
2 2 0 912 
3 2 914 915 
1 2 0 916 
1 2 0 917 
1 2 0 918 
1 2 0 919 
2 2 0 918 
3 2 920 921 
1 2 0 922 
1 2 0 923 
1 2 0 924 
1 2 0 925 
2 2 0 923 
2 2 0 924 
3 3 926 927 928 
1 2 0 929 
2 2 0 925 
3 2 930 931 
1 2 0 932 
2 2 0 929 
3 2 933 934 
1 2 0 935 
1 2 0 936 
1 2 0 937 
2 2 0 936 
3 2 938 939 
1 2 0 940 
2 2 0 936 
2 2 0 937 
3 3 941 942 943 
1 2 0 944 
1 2 0 945 
2 2 0 944 
3 2 946 947 
1 2 0 948 
1 2 0 949 
2 2 0 948 
3 2 950 951 
1 2 0 952 
2 2 0 949 
3 2 953 954 
1 2 0 955 
2 2 0 952 
3 2 956 957 
1 2 0 958 
1 2 0 959 
1 2 0 960 
1 2 0 961 
2 2 0 960 
3 2 962 963 
1 2 0 964 
2 2 0 961 
3 2 965 966 
1 2 0 967 
1 2 0 968 
1 2 0 969 
2 2 0 968 
3 2 970 971 
1 2 0 972 
1 2 0 973 
1 2 0 974 
2 2 0 973 
3 2 975 976 
1 2 0 977 
1 2 0 978 
1 2 0 979 
1 2 0 980 
2 2 0 979 
3 2 981 982 
1 2 0 983 
2 2 0 980 
3 2 984 985 
1 2 0 986 
1 2 0 987 
1 2 0 988 
2 2 0 987 
3 2 989 990 
1 2 0 991 
2 2 0 988 
3 2 992 993 
1 2 0 994 
4 1 0 
4 2 0 897 
4 2 0 898 
4 2 0 899 
4 2 0 902 
4 2 0 905 
4 2 0 908 
4 2 0 909 
4 2 0 912 
4 2 0 913 
4 2 0 916 
4 2 0 917 
4 2 0 918 
4 2 0 919 
4 2 0 922 
4 2 0 923 
4 2 0 924 
4 2 0 925 
4 2 0 929 
4 2 0 932 
4 2 0 935 
4 2 0 936 
4 2 0 937 
4 2 0 940 
4 2 0 944 
4 2 0 945 
4 2 0 948 
4 2 0 949 
4 2 0 952 
4 2 0 955 
4 2 0 958 
4 2 0 959 
4 2 0 960 
4 2 0 961 
4 2 0 964 
4 2 0 967 
4 2 0 968 
4 2 0 969 
4 2 0 972 
4 2 0 973 
4 2 0 974 
4 2 0 977 
4 2 0 978 
4 2 0 979 
4 2 0 980 
4 2 0 983 
4 2 0 986 
4 2 0 987 
4 2 0 988 
4 2 0 991 
4 2 0 994 
4 2 0 995 
1 1 0 
1 2 0 1048 
2 1 0 
3 2 1049 1050 
1 2 0 1051 
2 2 0 1048 
3 2 1052 1053 
1 2 0 1054 
1 2 0 1055 
1 2 0 1056 
2 2 0 1055 
3 2 1057 1058 
1 2 0 1059 
2 2 0 1055 
3 2 1060 1061 
1 2 0 1062 
2 2 0 1059 
3 2 1063 1064 
1 2 0 1065 
2 2 0 1062 
3 2 1066 1067 
1 2 0 1068 
1 2 0 1069 
2 2 0 1068 
3 2 1070 1071 
1 2 0 1072 
1 2 0 1073 
2 2 0 1072 
3 2 1074 1075 
1 2 0 1076 
1 2 0 1077 
1 2 0 1078 
2 2 0 1077 
3 2 1079 1080 
1 2 0 1081 
2 2 0 1078 
3 2 1082 1083 
1 2 0 1084 
1 2 0 1085 
1 2 0 1086 
1 2 0 1087 
2 2 0 1086 
3 2 1088 1089 
1 2 0 1090 
1 2 0 1091 
1 2 0 1092 
2 2 0 1091 
3 2 1093 1094 
1 2 0 1095 
1 2 0 1096 
1 2 0 1097 
2 2 0 1096 
3 2 1098 1099 
1 2 0 1100 
2 2 0 1097 
3 2 1101 1102 
1 2 0 1103 
2 2 0 1100 
3 2 1104 1105 
1 2 0 1106 
2 2 0 1103 
3 2 1107 1108 
1 2 0 1109 
1 2 0 1110 
1 2 0 1111 
2 2 0 1110 
3 2 1112 1113 
1 2 0 1114 
1 2 0 1115 
2 2 0 1114 
3 2 1116 1117 
1 2 0 1118 
4 1 0 
4 2 0 1048 
4 2 0 1051 
4 2 0 1054 
4 2 0 1055 
4 2 0 1056 
4 2 0 1059 
4 2 0 1062 
4 2 0 1065 
4 2 0 1068 
4 2 0 1069 
4 2 0 1072 
4 2 0 1073 
4 2 0 1076 
4 2 0 1077 
4 2 0 1078 
4 2 0 1081 
4 2 0 1084 
4 2 0 1085 
4 2 0 1086 
4 2 0 1087 
4 2 0 1090 
4 2 0 1091 
4 2 0 1092 
4 2 0 1095 
4 2 0 1096 
4 2 0 1097 
4 2 0 1100 
4 2 0 1103 
4 2 0 1106 
4 2 0 1109 
4 2 0 1110 
4 2 0 1111 
4 2 0 1114 
4 2 0 1115 
4 2 0 1118 
4 2 0 1119 
1 1 0 
1 2 0 1157 
2 1 0 
3 2 1158 1159 
1 2 0 1160 
1 2 0 1161 
2 2 0 1160 
3 2 1162 1163 
1 2 0 1164 
1 2 0 1165 
1 2 0 1166 
1 2 0 1167 
1 2 0 1168 
1 2 0 1169 
2 2 0 1168 
3 2 1170 1171 
1 2 0 1172 
1 2 0 1173 
1 2 0 1174 
2 2 0 1173 
3 2 1175 1176 
1 2 0 1177 
1 2 0 1178 
2 2 0 1177 
3 2 1179 1180 
1 2 0 1181 
2 2 0 1178 
3 2 1182 1183 
1 2 0 1184 
1 2 0 1185 
1 2 0 1186 
2 2 0 1185 
3 2 1187 1188 
1 2 0 1189 
2 2 0 1185 
3 2 1190 1191 
1 2 0 1192 
2 2 0 1189 
3 2 1193 1194 
1 2 0 1195 
2 2 0 1192 
3 2 1196 1197 
1 2 0 1198 
2 2 0 1192 
2 2 0 1195 
3 3 1199 1200 1201 
1 2 0 1202 
2 2 0 1198 
3 2 1203 1204 
1 2 0 1205 
2 2 0 1198 
2 2 0 1202 
3 3 1206 1207 1208 
1 2 0 1209 
1 2 0 1210 
2 2 0 1209 
3 2 1211 1212 
1 2 0 1213 
1 2 0 1214 
1 2 0 1215 
1 2 0 1216 
2 2 0 1215 
3 2 1217 1218 
1 2 0 1219 
2 2 0 1216 
3 2 1220 1221 
1 2 0 1222 
1 2 0 1223 
2 2 0 1222 
3 2 1224 1225 
1 2 0 1226 
2 2 0 1223 
3 2 1227 1228 
1 2 0 1229 
1 2 0 1230 
2 2 0 1229 
3 2 1231 1232 
1 2 0 1233 
1 2 0 1234 
2 2 0 1233 
3 2 1235 1236 
1 2 0 1237 
2 2 0 1233 
2 2 0 1234 
3 3 1238 1239 1240 
1 2 0 1241 
1 2 0 1242 
2 2 0 1241 
3 2 1243 1244 
1 2 0 1245 
1 2 0 1246 
1 2 0 1247 
2 2 0 1246 
3 2 1248 1249 
1 2 0 1250 
4 1 0 
4 2 0 1157 
4 2 0 1160 
4 2 0 1161 
4 2 0 1164 
4 2 0 1165 
4 2 0 1166 
4 2 0 1167 
4 2 0 1168 
4 2 0 1169 
4 2 0 1172 
4 2 0 1173 
4 2 0 1174 
4 2 0 1177 
4 2 0 1178 
4 2 0 1181 
4 2 0 1184 
4 2 0 1185 
4 2 0 1186 
4 2 0 1189 
4 2 0 1192 
4 2 0 1195 
4 2 0 1198 
4 2 0 1202 
4 2 0 1205 
4 2 0 1209 
4 2 0 1210 
4 2 0 1213 
4 2 0 1214 
4 2 0 1215 
4 2 0 1216 
4 2 0 1219 
4 2 0 1222 
4 2 0 1223 
4 2 0 1226 
4 2 0 1229 
4 2 0 1230 
4 2 0 1233 
4 2 0 1234 
4 2 0 1237 
4 2 0 1241 
4 2 0 1242 
4 2 0 1245 
4 2 0 1246 
4 2 0 1247 
4 2 0 1250 
4 2 0 1251 
1 1 0 
1 2 0 1299 
2 1 0 
3 2 1300 1301 
1 2 0 1302 
2 2 0 1299 
3 2 1303 1304 
1 2 0 1305 
2 2 0 1302 
3 2 1306 1307 
1 2 0 1308 
2 2 0 1302 
3 2 1309 1310 
1 2 0 1311 
2 2 0 1308 
3 2 1312 1313 
1 2 0 1314 
2 2 0 1311 
3 2 1315 1316 
1 2 0 1317 
1 2 0 1318 
1 2 0 1319 
2 2 0 1318 
3 2 1320 1321 
1 2 0 1322 
2 2 0 1319 
3 2 1323 1324 
1 2 0 1325 
2 2 0 1322 
3 2 1326 1327 
1 2 0 1328 
1 2 0 1329 
2 2 0 1328 
3 2 1330 1331 
1 2 0 1332 
1 2 0 1333 
1 2 0 1334 
2 2 0 1333 
3 2 1335 1336 
1 2 0 1337 
4 1 0 
4 2 0 1299 
4 2 0 1302 
4 2 0 1305 
4 2 0 1308 
4 2 0 1311 
4 2 0 1314 
4 2 0 1317 
4 2 0 1318 
4 2 0 1319 
4 2 0 1322 
4 2 0 1325 
4 2 0 1328 
4 2 0 1329 
4 2 0 1332 
4 2 0 1333 
4 2 0 1334 
4 2 0 1337 
4 2 0 1338 
1 1 0 
1 2 0 1358 
2 1 0 
3 2 1359 1360 
1 2 0 1361 
1 2 0 1362 
2 2 0 1361 
3 2 1363 1364 
1 2 0 1365 
2 2 0 1362 
3 2 1366 1367 
1 2 0 1368 
2 2 0 1365 
3 2 1369 1370 
1 2 0 1371 
2 2 0 1368 
3 2 1372 1373 
1 2 0 1374 
2 2 0 1371 
3 2 1375 1376 
1 2 0 1377 
1 2 0 1378 
2 2 0 1377 
3 2 1379 1380 
4 1 0 
4 2 0 1358 
4 2 0 1361 
4 2 0 1362 
4 2 0 1365 
4 2 0 1368 
4 2 0 1371 
4 2 0 1374 
4 2 0 1377 
4 2 0 1378 
4 2 0 1381 
1 1 0 
1 2 0 1393 
2 1 0 
3 2 1394 1395 
1 2 0 1396 
2 1 0 
2 2 0 1393 
3 3 1397 1398 1399 
1 2 0 1400 
1 2 0 1401 
2 2 0 1400 
3 2 1402 1403 
1 2 0 1404 
1 2 0 1405 
2 2 0 1404 
3 2 1406 1407 
1 2 0 1408 
1 2 0 1409 
2 2 0 1408 
3 2 1410 1411 
1 2 0 1412 
1 2 0 1413 
1 2 0 1414 
1 2 0 1415 
2 2 0 1414 
3 2 1416 1417 
1 2 0 1418 
1 2 0 1419 
2 2 0 1418 
3 2 1420 1421 
1 2 0 1422 
2 2 0 1418 
3 2 1423 1424 
1 2 0 1425 
1 2 0 1426 
1 2 0 1427 
2 2 0 1426 
3 2 1428 1429 
1 2 0 1430 
2 2 0 1426 
3 2 1431 1432 
1 2 0 1433 
4 1 0 
4 2 0 1393 
4 2 0 1396 
4 2 0 1400 
4 2 0 1401 
4 2 0 1404 
4 2 0 1405 
4 2 0 1408 
4 2 0 1409 
4 2 0 1412 
4 2 0 1413 
4 2 0 1414 
4 2 0 1415 
4 2 0 1418 
4 2 0 1419 
4 2 0 1422 
4 2 0 1425 
4 2 0 1426 
4 2 0 1427 
4 2 0 1430 
4 2 0 1433 
4 2 0 1434 
1 1 0 
1 2 0 1457 
2 1 0 
3 2 1458 1459 
1 2 0 1460 
2 1 0 
2 2 0 1457 
3 3 1461 1462 1463 
1 2 0 1464 
2 2 0 1457 
2 2 0 1460 
3 3 1465 1466 1467 
1 2 0 1468 
2 2 0 1464 
3 2 1469 1470 
1 2 0 1471 
2 2 0 1468 
3 2 1472 1473 
1 2 0 1474 
2 2 0 1471 
3 2 1475 1476 
1 2 0 1477 
2 2 0 1471 
2 2 0 1474 
3 3 1478 1479 1480 
1 2 0 1481 
1 2 0 1482 
1 2 0 1483 
2 2 0 1482 
3 2 1484 1485 
1 2 0 1486 
1 2 0 1487 
2 2 0 1486 
3 2 1488 1489 
1 2 0 1490 
1 2 0 1491 
1 2 0 1492 
2 2 0 1491 
3 2 1493 1494 
1 2 0 1495 
2 2 0 1491 
2 2 0 1492 
3 3 1496 1497 1498 
1 2 0 1499 
1 2 0 1500 
2 2 0 1499 
3 2 1501 1502 
1 2 0 1503 
2 2 0 1500 
3 2 1504 1505 
1 2 0 1506 
2 2 0 1503 
3 2 1507 1508 
1 2 0 1509 
1 2 0 1510 
2 2 0 1509 
3 2 1511 1512 
1 2 0 1513 
2 2 0 1509 
2 2 0 1510 
3 3 1514 1515 1516 
1 2 0 1517 
2 2 0 1513 
3 2 1518 1519 
1 2 0 1520 
1 2 0 1521 
1 2 0 1522 
1 2 0 1523 
1 2 0 1524 
2 2 0 1523 
3 2 1525 1526 
1 2 0 1527 
1 2 0 1528 
1 2 0 1529 
2 2 0 1528 
3 2 1530 1531 
1 2 0 1532 
2 2 0 1529 
3 2 1533 1534 
1 2 0 1535 
2 2 0 1532 
3 2 1536 1537 
1 2 0 1538 
1 2 0 1539 
2 2 0 1538 
3 2 1540 1541 
1 2 0 1542 
1 2 0 1543 
2 2 0 1542 
3 2 1544 1545 
1 2 0 1546 
1 2 0 1547 
1 2 0 1548 
2 2 0 1547 
3 2 1549 1550 
1 2 0 1551 
1 2 0 1552 
2 2 0 1551 
3 2 1553 1554 
1 2 0 1555 
1 2 0 1556 
1 2 0 1557 
2 2 0 1556 
3 2 1558 1559 
1 2 0 1560 
1 2 0 1561 
1 2 0 1562 
1 2 0 1563 
1 2 0 1564 
1 2 0 1565 
1 2 0 1566 
2 2 0 1565 
3 2 1567 1568 
1 2 0 1569 
2 2 0 1565 
3 2 1570 1571 
1 2 0 1572 
1 2 0 1573 
1 2 0 1574 
2 2 0 1573 
3 2 1575 1576 
1 2 0 1577 
2 2 0 1574 
3 2 1578 1579 
1 2 0 1580 
2 2 0 1577 
3 2 1581 1582 
1 2 0 1583 
2 2 0 1580 
3 2 1584 1585 
1 2 0 1586 
2 2 0 1583 
3 2 1587 1588 
1 2 0 1589 
1 2 0 1590 
2 2 0 1589 
3 2 1591 1592 
1 2 0 1593 
1 2 0 1594 
1 2 0 1595 
2 2 0 1594 
3 2 1596 1597 
1 2 0 1598 
1 2 0 1599 
2 2 0 1594 
2 2 0 1598 
3 3 1600 1601 1602 
1 2 0 1603 
4 1 0 
4 2 0 1457 
4 2 0 1460 
4 2 0 1464 
4 2 0 1468 
4 2 0 1471 
4 2 0 1474 
4 2 0 1477 
4 2 0 1481 
4 2 0 1482 
4 2 0 1483 
4 2 0 1486 
4 2 0 1487 
4 2 0 1490 
4 2 0 1491 
4 2 0 1492 
4 2 0 1495 
4 2 0 1499 
4 2 0 1500 
4 2 0 1503 
4 2 0 1506 
4 2 0 1509 
4 2 0 1510 
4 2 0 1513 
4 2 0 1517 
4 2 0 1520 
4 2 0 1521 
4 2 0 1522 
4 2 0 1523 
4 2 0 1524 
4 2 0 1527 
4 2 0 1528 
4 2 0 1529 
4 2 0 1532 
4 2 0 1535 
4 2 0 1538 
4 2 0 1539 
4 2 0 1542 
4 2 0 1543 
4 2 0 1546 
4 2 0 1547 
4 2 0 1548 
4 2 0 1551 
4 2 0 1552 
4 2 0 1555 
4 2 0 1556 
4 2 0 1557 
4 2 0 1560 
4 2 0 1561 
4 2 0 1562 
4 2 0 1563 
4 2 0 1564 
4 2 0 1565 
4 2 0 1566 
4 2 0 1569 
4 2 0 1572 
4 2 0 1573 
4 2 0 1574 
4 2 0 1577 
4 2 0 1580 
4 2 0 1583 
4 2 0 1586 
4 2 0 1589 
4 2 0 1590 
4 2 0 1593 
4 2 0 1594 
4 2 0 1595 
4 2 0 1598 
4 2 0 1599 
4 2 0 1603 
4 2 0 1604 
1 1 0 
1 2 0 1676 
1 2 0 1677 
2 2 0 1676 
3 2 1678 1679 
1 2 0 1680 
1 2 0 1681 
1 2 0 1682 
2 2 0 1681 
3 2 1683 1684 
1 2 0 1685 
2 2 0 1682 
3 2 1686 1687 
1 2 0 1688 
1 2 0 1689 
2 2 0 1688 
3 2 1690 1691 
1 2 0 1692 
2 2 0 1689 
3 2 1693 1694 
1 2 0 1695 
1 2 0 1696 
1 2 0 1697 
2 2 0 1696 
3 2 1698 1699 
1 2 0 1700 
2 2 0 1696 
2 2 0 1697 
3 3 1701 1702 1703 
1 2 0 1704 
2 2 0 1700 
3 2 1705 1706 
1 2 0 1707 
1 2 0 1708 
2 2 0 1707 
3 2 1709 1710 
1 2 0 1711 
1 2 0 1712 
2 2 0 1711 
3 2 1713 1714 
1 2 0 1715 
1 2 0 1716 
2 2 0 1715 
3 2 1717 1718 
1 2 0 1719 
1 2 0 1720 
2 2 0 1716 
2 2 0 1719 
3 3 1721 1722 1723 
1 2 0 1724 
1 2 0 1725 
2 2 0 1724 
3 2 1726 1727 
1 2 0 1728 
1 2 0 1729 
2 2 0 1724 
2 2 0 1728 
3 3 1730 1731 1732 
1 2 0 1733 
2 2 0 1724 
2 2 0 1728 
2 2 0 1729 
3 4 1734 1735 1736 1737 
1 2 0 1738 
1 2 0 1739 
1 2 0 1740 
1 2 0 1741 
2 2 0 1740 
3 2 1742 1743 
1 2 0 1744 
1 2 0 1745 
2 2 0 1744 
3 2 1746 1747 
1 2 0 1748 
2 2 0 1744 
2 2 0 1745 
3 3 1749 1750 1751 
1 2 0 1752 
1 2 0 1753 
2 2 0 1752 
3 2 1754 1755 
1 2 0 1756 
2 2 0 1752 
2 2 0 1753 
3 3 1757 1758 1759 
1 2 0 1760 
2 2 0 1756 
3 2 1761 1762 
1 2 0 1763 
2 2 0 1760 
3 2 1764 1765 
1 2 0 1766 
1 2 0 1767 
1 2 0 1768 
2 2 0 1767 
3 2 1769 1770 
1 2 0 1771 
2 2 0 1768 
3 2 1772 1773 
1 2 0 1774 
2 2 0 1771 
3 2 1775 1776 
1 2 0 1777 
1 2 0 1778 
2 2 0 1777 
3 2 1779 1780 
1 2 0 1781 
2 2 0 1778 
3 2 1782 1783 
1 2 0 1784 
2 2 0 1778 
3 2 1785 1786 
1 2 0 1787 
2 2 0 1778 
3 2 1788 1789 
1 2 0 1790 
2 2 0 1778 
2 2 0 1787 
3 3 1791 1792 1793 
1 2 0 1794 
2 2 0 1778 
2 2 0 1787 
2 2 0 1790 
3 4 1795 1796 1797 1798 
1 2 0 1799 
2 2 0 1790 
2 2 0 1794 
3 3 1800 1801 1802 
1 2 0 1803 
2 2 0 1778 
2 2 0 1787 
2 2 0 1790 
2 2 0 1794 
3 5 1804 1805 1806 1807 1808 
1 2 0 1809 
4 1 0 
4 2 0 1676 
4 2 0 1677 
4 2 0 1680 
4 2 0 1681 
4 2 0 1682 
4 2 0 1685 
4 2 0 1688 
4 2 0 1689 
4 2 0 1692 
4 2 0 1695 
4 2 0 1696 
4 2 0 1697 
4 2 0 1700 
4 2 0 1704 
4 2 0 1707 
4 2 0 1708 
4 2 0 1711 
4 2 0 1712 
4 2 0 1715 
4 2 0 1716 
4 2 0 1719 
4 2 0 1720 
4 2 0 1724 
4 2 0 1725 
4 2 0 1728 
4 2 0 1729 
4 2 0 1733 
4 2 0 1738 
4 2 0 1739 
4 2 0 1740 
4 2 0 1741 
4 2 0 1744 
4 2 0 1745 
4 2 0 1748 
4 2 0 1752 
4 2 0 1753 
4 2 0 1756 
4 2 0 1760 
4 2 0 1763 
4 2 0 1766 
4 2 0 1767 
4 2 0 1768 
4 2 0 1771 
4 2 0 1774 
4 2 0 1777 
4 2 0 1778 
4 2 0 1781 
4 2 0 1784 
4 2 0 1787 
4 2 0 1790 
4 2 0 1794 
4 2 0 1799 
4 2 0 1803 
4 2 0 1809 
4 2 0 1810 
1 1 0 
1 2 0 1867 
2 1 0 
3 2 1868 1869 
1 2 0 1870 
1 2 0 1871 
2 2 0 1867 
2 2 0 1870 
3 3 1872 1873 1874 
1 2 0 1875 
2 2 0 1870 
3 2 1876 1877 
1 2 0 1878 
1 2 0 1879 
2 2 0 1878 
3 2 1880 1881 
1 2 0 1882 
2 2 0 1879 
3 2 1883 1884 
1 2 0 1885 
1 2 0 1886 
2 2 0 1885 
3 2 1887 1888 
1 2 0 1889 
2 2 0 1885 
2 2 0 1886 
3 3 1890 1891 1892 
1 2 0 1893 
1 2 0 1894 
2 2 0 1893 
3 2 1895 1896 
1 2 0 1897 
2 2 0 1894 
3 2 1898 1899 
1 2 0 1900 
2 2 0 1897 
3 2 1901 1902 
1 2 0 1903 
1 2 0 1904 
2 2 0 1903 
3 2 1905 1906 
1 2 0 1907 
2 2 0 1904 
3 2 1908 1909 
1 2 0 1910 
1 2 0 1911 
2 2 0 1910 
3 2 1912 1913 
1 2 0 1914 
1 2 0 1915 
2 2 0 1911 
2 2 0 1914 
3 3 1916 1917 1918 
1 2 0 1919 
1 2 0 1920 
1 2 0 1921 
2 2 0 1920 
3 2 1922 1923 
1 2 0 1924 
1 2 0 1925 
1 2 0 1926 
1 2 0 1927 
2 2 0 1926 
3 2 1928 1929 
1 2 0 1930 
2 2 0 1927 
3 2 1931 1932 
1 2 0 1933 
4 1 0 
4 2 0 1867 
4 2 0 1870 
4 2 0 1871 
4 2 0 1875 
4 2 0 1878 
4 2 0 1879 
4 2 0 1882 
4 2 0 1885 
4 2 0 1886 
4 2 0 1889 
4 2 0 1893 
4 2 0 1894 
4 2 0 1897 
4 2 0 1900 
4 2 0 1903 
4 2 0 1904 
4 2 0 1907 
4 2 0 1910 
4 2 0 1911 
4 2 0 1914 
4 2 0 1915 
4 2 0 1919 
4 2 0 1920 
4 2 0 1921 
4 2 0 1924 
4 2 0 1925 
4 2 0 1926 
4 2 0 1927 
4 2 0 1930 
4 2 0 1933 
4 2 0 1934 
1 1 0 
1 2 0 1967 
1 2 0 1968 
1 2 0 1969 
2 2 0 1968 
3 2 1970 1971 
1 2 0 1972 
2 2 0 1968 
2 2 0 1969 
3 3 1973 1974 1975 
1 2 0 1976 
1 2 0 1977 
2 2 0 1976 
3 2 1978 1979 
1 2 0 1980 
1 2 0 1981 
1 2 0 1982 
2 2 0 1981 
3 2 1983 1984 
1 2 0 1985 
1 2 0 1986 
1 2 0 1987 
1 2 0 1988 
1 2 0 1989 
2 2 0 1988 
3 2 1990 1991 
1 2 0 1992 
1 2 0 1993 
2 2 0 1989 
2 2 0 1992 
3 3 1994 1995 1996 
1 2 0 1997 
1 2 0 1998 
1 2 0 1999 
2 2 0 1998 
3 2 2000 2001 
1 2 0 2002 
1 2 0 2003 
2 2 0 2002 
3 2 2004 2005 
1 2 0 2006 
4 1 0 
4 2 0 1967 
4 2 0 1968 
4 2 0 1969 
4 2 0 1972 
4 2 0 1976 
4 2 0 1977 
4 2 0 1980 
4 2 0 1981 
4 2 0 1982 
4 2 0 1985 
4 2 0 1986 
4 2 0 1987 
4 2 0 1988 
4 2 0 1989 
4 2 0 1992 
4 2 0 1993 
4 2 0 1997 
4 2 0 1998 
4 2 0 1999 
4 2 0 2002 
4 2 0 2003 
4 2 0 2006 
4 2 0 2007 
1 1 0 
1 2 0 2032 
1 2 0 2033 
1 2 0 2034 
2 2 0 2033 
3 2 2035 2036 
1 2 0 2037 
1 2 0 2038 
1 2 0 2039 
2 2 0 2038 
3 2 2040 2041 
1 2 0 2042 
1 2 0 2043 
2 2 0 2039 
2 2 0 2042 
3 3 2044 2045 2046 
1 2 0 2047 
1 2 0 2048 
1 2 0 2049 
1 2 0 2050 
2 2 0 2049 
3 2 2051 2052 
1 2 0 2053 
1 2 0 2054 
2 2 0 2053 
3 2 2055 2056 
1 2 0 2057 
1 2 0 2058 
2 2 0 2057 
3 2 2059 2060 
1 2 0 2061 
4 1 0 
4 2 0 2032 
4 2 0 2033 
4 2 0 2034 
4 2 0 2037 
4 2 0 2038 
4 2 0 2039 
4 2 0 2042 
4 2 0 2043 
4 2 0 2047 
4 2 0 2048 
4 2 0 2049 
4 2 0 2050 
4 2 0 2053 
4 2 0 2054 
4 2 0 2057 
4 2 0 2058 
4 2 0 2061 
4 2 0 2062 
1 1 0 
1 2 0 2082 
2 1 0 
3 2 2083 2084 
1 2 0 2085 
2 1 0 
2 2 0 2082 
3 3 2086 2087 2088 
1 2 0 2089 
1 2 0 2090 
1 2 0 2091 
1 2 0 2092 
2 2 0 2091 
3 2 2093 2094 
1 2 0 2095 
2 2 0 2092 
3 2 2096 2097 
1 2 0 2098 
2 2 0 2095 
3 2 2099 2100 
1 2 0 2101 
2 2 0 2095 
2 2 0 2098 
3 3 2102 2103 2104 
1 2 0 2105 
1 2 0 2106 
1 2 0 2107 
2 2 0 2106 
3 2 2108 2109 
1 2 0 2110 
1 2 0 2111 
2 2 0 2110 
3 2 2112 2113 
1 2 0 2114 
2 2 0 2111 
3 2 2115 2116 
1 2 0 2117 
1 2 0 2118 
2 2 0 2117 
3 2 2119 2120 
1 2 0 2121 
1 2 0 2122 
2 2 0 2121 
3 2 2123 2124 
1 2 0 2125 
1 2 0 2126 
1 2 0 2127 
1 2 0 2128 
2 2 0 2127 
3 2 2129 2130 
1 2 0 2131 
1 2 0 2132 
2 2 0 2127 
2 2 0 2131 
3 3 2133 2134 2135 
1 2 0 2136 
1 2 0 2137 
1 2 0 2138 
2 2 0 2137 
3 2 2139 2140 
1 2 0 2141 
1 2 0 2142 
1 2 0 2143 
1 2 0 2144 
1 2 0 2145 
2 2 0 2144 
3 2 2146 2147 
1 2 0 2148 
1 2 0 2149 
2 2 0 2148 
3 2 2150 2151 
1 2 0 2152 
4 1 0 
4 2 0 2082 
4 2 0 2085 
4 2 0 2089 
4 2 0 2090 
4 2 0 2091 
4 2 0 2092 
4 2 0 2095 
4 2 0 2098 
4 2 0 2101 
4 2 0 2105 
4 2 0 2106 
4 2 0 2107 
4 2 0 2110 
4 2 0 2111 
4 2 0 2114 
4 2 0 2117 
4 2 0 2118 
4 2 0 2121 
4 2 0 2122 
4 2 0 2125 
4 2 0 2126 
4 2 0 2127 
4 2 0 2128 
4 2 0 2131 
4 2 0 2132 
4 2 0 2136 
4 2 0 2137 
4 2 0 2138 
4 2 0 2141 
4 2 0 2142 
4 2 0 2143 
4 2 0 2144 
4 2 0 2145 
4 2 0 2148 
4 2 0 2149 
4 2 0 2152 
4 2 0 2153 
1 1 0 
1 2 0 2192 
2 1 0 
3 2 2193 2194 
1 2 0 2195 
1 2 0 2196 
1 2 0 2197 
2 2 0 2196 
3 2 2198 2199 
1 2 0 2200 
1 2 0 2201 
2 2 0 2200 
3 2 2202 2203 
1 2 0 2204 
1 2 0 2205 
1 2 0 2206 
2 2 0 2205 
3 2 2207 2208 
1 2 0 2209 
1 2 0 2210 
2 2 0 2209 
3 2 2211 2212 
1 2 0 2213 
1 2 0 2214 
1 2 0 2215 
1 2 0 2216 
2 2 0 2215 
3 2 2217 2218 
1 2 0 2219 
1 2 0 2220 
1 2 0 2221 
2 2 0 2220 
3 2 2222 2223 
1 2 0 2224 
2 2 0 2220 
2 2 0 2221 
3 3 2225 2226 2227 
1 2 0 2228 
1 2 0 2229 
1 2 0 2230 
2 2 0 2229 
3 2 2231 2232 
1 2 0 2233 
1 2 0 2234 
2 2 0 2233 
3 2 2235 2236 
1 2 0 2237 
2 2 0 2234 
3 2 2238 2239 
1 2 0 2240 
2 2 0 2237 
3 2 2241 2242 
1 2 0 2243 
1 2 0 2244 
1 2 0 2245 
1 2 0 2246 
2 2 0 2245 
3 2 2247 2248 
1 2 0 2249 
1 2 0 2250 
2 2 0 2249 
3 2 2251 2252 
1 2 0 2253 
2 2 0 2250 
3 2 2254 2255 
1 2 0 2256 
1 2 0 2257 
1 2 0 2258 
2 2 0 2257 
3 2 2259 2260 
1 2 0 2261 
2 2 0 2257 
2 2 0 2258 
3 3 2262 2263 2264 
1 2 0 2265 
4 1 0 
4 2 0 2192 
4 2 0 2195 
4 2 0 2196 
4 2 0 2197 
4 2 0 2200 
4 2 0 2201 
4 2 0 2204 
4 2 0 2205 
4 2 0 2206 
4 2 0 2209 
4 2 0 2210 
4 2 0 2213 
4 2 0 2214 
4 2 0 2215 
4 2 0 2216 
4 2 0 2219 
4 2 0 2220 
4 2 0 2221 
4 2 0 2224 
4 2 0 2228 
4 2 0 2229 
4 2 0 2230 
4 2 0 2233 
4 2 0 2234 
4 2 0 2237 
4 2 0 2240 
4 2 0 2243 
4 2 0 2244 
4 2 0 2245 
4 2 0 2246 
4 2 0 2249 
4 2 0 2250 
4 2 0 2253 
4 2 0 2256 
4 2 0 2257 
4 2 0 2258 
4 2 0 2261 
4 2 0 2265 
4 2 0 2266 
1 1 0 
1 2 0 2307 
1 2 0 2308 
2 2 0 2307 
3 2 2309 2310 
1 2 0 2311 
1 2 0 2312 
2 2 0 2311 
3 2 2313 2314 
1 2 0 2315 
1 2 0 2316 
2 2 0 2315 
3 2 2317 2318 
1 2 0 2319 
1 2 0 2320 
1 2 0 2321 
1 2 0 2322 
2 2 0 2321 
3 2 2323 2324 
1 2 0 2325 
1 2 0 2326 
2 2 0 2325 
3 2 2327 2328 
1 2 0 2329 
2 2 0 2326 
3 2 2330 2331 
1 2 0 2332 
2 2 0 2329 
3 2 2333 2334 
1 2 0 2335 
2 2 0 2332 
3 2 2336 2337 
1 2 0 2338 
2 2 0 2335 
3 2 2339 2340 
1 2 0 2341 
2 2 0 2338 
3 2 2342 2343 
1 2 0 2344 
1 2 0 2345 
2 2 0 2344 
3 2 2346 2347 
1 2 0 2348 
4 1 0 
4 2 0 2307 
4 2 0 2308 
4 2 0 2311 
4 2 0 2312 
4 2 0 2315 
4 2 0 2316 
4 2 0 2319 
4 2 0 2320 
4 2 0 2321 
4 2 0 2322 
4 2 0 2325 
4 2 0 2326 
4 2 0 2329 
4 2 0 2332 
4 2 0 2335 
4 2 0 2338 
4 2 0 2341 
4 2 0 2344 
4 2 0 2345 
4 2 0 2348 
4 2 0 2349 
1 1 0 
1 2 0 2372 
2 1 0 
3 2 2373 2374 
1 2 0 2375 
2 2 0 2372 
3 2 2376 2377 
1 2 0 2378 
1 2 0 2379 
2 2 0 2378 
3 2 2380 2381 
1 2 0 2382 
1 2 0 2383 
1 2 0 2384 
1 2 0 2385 
2 2 0 2384 
3 2 2386 2387 
1 2 0 2388 
2 2 0 2384 
2 2 0 2385 
3 3 2389 2390 2391 
1 2 0 2392 
2 2 0 2388 
3 2 2393 2394 
1 2 0 2395 
2 2 0 2392 
3 2 2396 2397 
1 2 0 2398 
1 2 0 2399 
1 2 0 2400 
2 2 0 2399 
3 2 2401 2402 
1 2 0 2403 
1 2 0 2404 
2 2 0 2403 
3 2 2405 2406 
1 2 0 2407 
1 2 0 2408 
2 2 0 2407 
3 2 2409 2410 
1 2 0 2411 
1 2 0 2412 
2 2 0 2411 
3 2 2413 2414 
1 2 0 2415 
2 2 0 2412 
3 2 2416 2417 
1 2 0 2418 
2 2 0 2415 
3 2 2419 2420 
1 2 0 2421 
1 2 0 2422 
2 2 0 2421 
3 2 2423 2424 
1 2 0 2425 
1 2 0 2426 
1 2 0 2427 
2 2 0 2426 
3 2 2428 2429 
1 2 0 2430 
1 2 0 2431 
2 2 0 2430 
3 2 2432 2433 
1 2 0 2434 
1 2 0 2435 
1 2 0 2436 
2 2 0 2435 
3 2 2437 2438 
1 2 0 2439 
2 2 0 2436 
3 2 2440 2441 
1 2 0 2442 
2 2 0 2439 
3 2 2443 2444 
1 2 0 2445 
1 2 0 2446 
2 2 0 2445 
3 2 2447 2448 
1 2 0 2449 
2 2 0 2445 
3 2 2450 2451 
1 2 0 2452 
1 2 0 2453 
2 2 0 2452 
3 2 2454 2455 
1 2 0 2456 
1 2 0 2457 
1 2 0 2458 
2 2 0 2457 
3 2 2459 2460 
1 2 0 2461 
2 2 0 2457 
2 2 0 2458 
3 3 2462 2463 2464 
1 2 0 2465 
1 2 0 2466 
2 2 0 2465 
3 2 2467 2468 
1 2 0 2469 
1 2 0 2470 
1 2 0 2471 
2 2 0 2470 
3 2 2472 2473 
1 2 0 2474 
2 2 0 2470 
3 2 2475 2476 
1 2 0 2477 
2 2 0 2474 
3 2 2478 2479 
1 2 0 2480 
1 2 0 2481 
2 2 0 2480 
3 2 2482 2483 
1 2 0 2484 
2 2 0 2480 
2 2 0 2481 
3 3 2485 2486 2487 
1 2 0 2488 
1 2 0 2489 
2 2 0 2488 
3 2 2490 2491 
1 2 0 2492 
1 2 0 2493 
2 2 0 2492 
3 2 2494 2495 
1 2 0 2496 
1 2 0 2497 
2 2 0 2496 
3 2 2498 2499 
1 2 0 2500 
1 2 0 2501 
1 2 0 2502 
2 2 0 2501 
3 2 2503 2504 
1 2 0 2505 
1 2 0 2506 
2 2 0 2505 
3 2 2507 2508 
1 2 0 2509 
2 2 0 2506 
3 2 2510 2511 
1 2 0 2512 
2 2 0 2509 
3 2 2513 2514 
1 2 0 2515 
1 2 0 2516 
2 2 0 2515 
3 2 2517 2518 
1 2 0 2519 
1 2 0 2520 
2 2 0 2519 
3 2 2521 2522 
1 2 0 2523 
1 2 0 2524 
1 2 0 2525 
1 2 0 2526 
2 2 0 2525 
3 2 2527 2528 
1 2 0 2529 
2 2 0 2525 
3 2 2530 2531 
1 2 0 2532 
2 2 0 2529 
3 2 2533 2534 
1 2 0 2535 
1 2 0 2536 
2 2 0 2535 
3 2 2537 2538 
1 2 0 2539 
2 2 0 2536 
3 2 2540 2541 
1 2 0 2542 
2 2 0 2539 
3 2 2543 2544 
1 2 0 2545 
2 2 0 2542 
3 2 2546 2547 
1 2 0 2548 
2 2 0 2545 
3 2 2549 2550 
1 2 0 2551 
2 2 0 2548 
3 2 2552 2553 
1 2 0 2554 
1 2 0 2555 
2 2 0 2554 
3 2 2556 2557 
1 2 0 2558 
2 2 0 2555 
3 2 2559 2560 
1 2 0 2561 
2 2 0 2558 
3 2 2562 2563 
1 2 0 2564 
1 2 0 2565 
2 2 0 2564 
3 2 2566 2567 
1 2 0 2568 
2 2 0 2565 
3 2 2569 2570 
1 2 0 2571 
2 2 0 2568 
3 2 2572 2573 
1 2 0 2574 
2 2 0 2568 
3 2 2575 2576 
1 2 0 2577 
2 2 0 2574 
3 2 2578 2579 
1 2 0 2580 
4 1 0 
4 2 0 2372 
4 2 0 2375 
4 2 0 2378 
4 2 0 2379 
4 2 0 2382 
4 2 0 2383 
4 2 0 2384 
4 2 0 2385 
4 2 0 2388 
4 2 0 2392 
4 2 0 2395 
4 2 0 2398 
4 2 0 2399 
4 2 0 2400 
4 2 0 2403 
4 2 0 2404 
4 2 0 2407 
4 2 0 2408 
4 2 0 2411 
4 2 0 2412 
4 2 0 2415 
4 2 0 2418 
4 2 0 2421 
4 2 0 2422 
4 2 0 2425 
4 2 0 2426 
4 2 0 2427 
4 2 0 2430 
4 2 0 2431 
4 2 0 2434 
4 2 0 2435 
4 2 0 2436 
4 2 0 2439 
4 2 0 2442 
4 2 0 2445 
4 2 0 2446 
4 2 0 2449 
4 2 0 2452 
4 2 0 2453 
4 2 0 2456 
4 2 0 2457 
4 2 0 2458 
4 2 0 2461 
4 2 0 2465 
4 2 0 2466 
4 2 0 2469 
4 2 0 2470 
4 2 0 2471 
4 2 0 2474 
4 2 0 2477 
4 2 0 2480 
4 2 0 2481 
4 2 0 2484 
4 2 0 2488 
4 2 0 2489 
4 2 0 2492 
4 2 0 2493 
4 2 0 2496 
4 2 0 2497 
4 2 0 2500 
4 2 0 2501 
4 2 0 2502 
4 2 0 2505 
4 2 0 2506 
4 2 0 2509 
4 2 0 2512 
4 2 0 2515 
4 2 0 2516 
4 2 0 2519 
4 2 0 2520 
4 2 0 2523 
4 2 0 2524 
4 2 0 2525 
4 2 0 2526 
4 2 0 2529 
4 2 0 2532 
4 2 0 2535 
4 2 0 2536 
4 2 0 2539 
4 2 0 2542 
4 2 0 2545 
4 2 0 2548 
4 2 0 2551 
4 2 0 2554 
4 2 0 2555 
4 2 0 2558 
4 2 0 2561 
4 2 0 2564 
4 2 0 2565 
4 2 0 2568 
4 2 0 2571 
4 2 0 2574 
4 2 0 2577 
4 2 0 2580 
4 2 0 2581 
1 1 0 
1 2 0 2678 
2 1 0 
3 2 2679 2680 
1 2 0 2681 
2 1 0 
2 2 0 2678 
3 3 2682 2683 2684 
1 2 0 2685 
1 2 0 2686 
1 2 0 2687 
1 2 0 2688 
2 2 0 2687 
3 2 2689 2690 
1 2 0 2691 
1 2 0 2692 
1 2 0 2693 
1 2 0 2694 
2 2 0 2693 
3 2 2695 2696 
1 2 0 2697 
1 2 0 2698 
2 2 0 2697 
3 2 2699 2700 
1 2 0 2701 
1 2 0 2702 
1 2 0 2703 
2 2 0 2702 
3 2 2704 2705 
1 2 0 2706 
1 2 0 2707 
2 2 0 2706 
3 2 2708 2709 
1 2 0 2710 
1 2 0 2711 
1 2 0 2712 
1 2 0 2713 
1 2 0 2714 
2 2 0 2713 
3 2 2715 2716 
1 2 0 2717 
1 2 0 2718 
2 2 0 2717 
3 2 2719 2720 
1 2 0 2721 
1 2 0 2722 
1 2 0 2723 
2 2 0 2722 
3 2 2724 2725 
1 2 0 2726 
2 2 0 2722 
2 2 0 2723 
3 3 2727 2728 2729 
1 2 0 2730 
1 2 0 2731 
1 2 0 2732 
2 2 0 2731 
3 2 2733 2734 
1 2 0 2735 
1 2 0 2736 
1 2 0 2737 
2 2 0 2736 
3 2 2738 2739 
1 2 0 2740 
2 2 0 2736 
2 2 0 2737 
3 3 2741 2742 2743 
1 2 0 2744 
1 2 0 2745 
2 2 0 2744 
3 2 2746 2747 
1 2 0 2748 
1 2 0 2749 
2 2 0 2748 
3 2 2750 2751 
1 2 0 2752 
1 2 0 2753 
2 2 0 2752 
3 2 2754 2755 
1 2 0 2756 
1 2 0 2757 
2 2 0 2756 
3 2 2758 2759 
1 2 0 2760 
1 2 0 2761 
2 2 0 2760 
3 2 2762 2763 
1 2 0 2764 
1 2 0 2765 
1 2 0 2766 
1 2 0 2767 
2 2 0 2766 
3 2 2768 2769 
1 2 0 2770 
1 2 0 2771 
1 2 0 2772 
2 2 0 2771 
3 2 2773 2774 
1 2 0 2775 
1 2 0 2776 
2 2 0 2775 
3 2 2777 2778 
1 2 0 2779 
1 2 0 2780 
2 2 0 2779 
3 2 2781 2782 
1 2 0 2783 
1 2 0 2784 
1 2 0 2785 
2 2 0 2784 
3 2 2786 2787 
1 2 0 2788 
1 2 0 2789 
2 2 0 2785 
2 2 0 2788 
3 3 2790 2791 2792 
1 2 0 2793 
1 2 0 2794 
1 2 0 2795 
2 2 0 2794 
3 2 2796 2797 
1 2 0 2798 
1 2 0 2799 
1 2 0 2800 
2 2 0 2799 
3 2 2801 2802 
1 2 0 2803 
1 2 0 2804 
2 2 0 2803 
3 2 2805 2806 
1 2 0 2807 
1 2 0 2808 
1 2 0 2809 
2 2 0 2808 
3 2 2810 2811 
1 2 0 2812 
2 2 0 2809 
3 2 2813 2814 
1 2 0 2815 
1 2 0 2816 
2 2 0 2815 
3 2 2817 2818 
1 2 0 2819 
1 2 0 2820 
2 2 0 2819 
3 2 2821 2822 
1 2 0 2823 
1 2 0 2824 
1 2 0 2825 
1 2 0 2826 
2 2 0 2825 
3 2 2827 2828 
1 2 0 2829 
1 2 0 2830 
2 2 0 2826 
2 2 0 2829 
3 3 2831 2832 2833 
1 2 0 2834 
1 2 0 2835 
2 2 0 2834 
3 2 2836 2837 
1 2 0 2838 
2 2 0 2835 
3 2 2839 2840 
1 2 0 2841 
2 2 0 2838 
3 2 2842 2843 
1 2 0 2844 
1 2 0 2845 
2 2 0 2844 
3 2 2846 2847 
1 2 0 2848 
1 2 0 2849 
2 2 0 2848 
3 2 2850 2851 
1 2 0 2852 
2 2 0 2849 
3 2 2853 2854 
1 2 0 2855 
1 2 0 2856 
2 2 0 2855 
3 2 2857 2858 
1 2 0 2859 
4 1 0 
4 2 0 2678 
4 2 0 2681 
4 2 0 2685 
4 2 0 2686 
4 2 0 2687 
4 2 0 2688 
4 2 0 2691 
4 2 0 2692 
4 2 0 2693 
4 2 0 2694 
4 2 0 2697 
4 2 0 2698 
4 2 0 2701 
4 2 0 2702 
4 2 0 2703 
4 2 0 2706 
4 2 0 2707 
4 2 0 2710 
4 2 0 2711 
4 2 0 2712 
4 2 0 2713 
4 2 0 2714 
4 2 0 2717 
4 2 0 2718 
4 2 0 2721 
4 2 0 2722 
4 2 0 2723 
4 2 0 2726 
4 2 0 2730 
4 2 0 2731 
4 2 0 2732 
4 2 0 2735 
4 2 0 2736 
4 2 0 2737 
4 2 0 2740 
4 2 0 2744 
4 2 0 2745 
4 2 0 2748 
4 2 0 2749 
4 2 0 2752 
4 2 0 2753 
4 2 0 2756 
4 2 0 2757 
4 2 0 2760 
4 2 0 2761 
4 2 0 2764 
4 2 0 2765 
4 2 0 2766 
4 2 0 2767 
4 2 0 2770 
4 2 0 2771 
4 2 0 2772 
4 2 0 2775 
4 2 0 2776 
4 2 0 2779 
4 2 0 2780 
4 2 0 2783 
4 2 0 2784 
4 2 0 2785 
4 2 0 2788 
4 2 0 2789 
4 2 0 2793 
4 2 0 2794 
4 2 0 2795 
4 2 0 2798 
4 2 0 2799 
4 2 0 2800 
4 2 0 2803 
4 2 0 2804 
4 2 0 2807 
4 2 0 2808 
4 2 0 2809 
4 2 0 2812 
4 2 0 2815 
4 2 0 2816 
4 2 0 2819 
4 2 0 2820 
4 2 0 2823 
4 2 0 2824 
4 2 0 2825 
4 2 0 2826 
4 2 0 2829 
4 2 0 2830 
4 2 0 2834 
4 2 0 2835 
4 2 0 2838 
4 2 0 2841 
4 2 0 2844 
4 2 0 2845 
4 2 0 2848 
4 2 0 2849 
4 2 0 2852 
4 2 0 2855 
4 2 0 2856 
4 2 0 2859 
4 2 0 2860 
1 1 0 
1 2 0 2958 
1 2 0 2959 
1 2 0 2960 
2 2 0 2959 
3 2 2961 2962 
1 2 0 2963 
2 2 0 2960 
3 2 2964 2965 
1 2 0 2966 
2 2 0 2963 
3 2 2967 2968 
1 2 0 2969 
1 2 0 2970 
1 2 0 2971 
1 2 0 2972 
2 2 0 2971 
3 2 2973 2974 
4 1 0 
4 2 0 2958 
4 2 0 2959 
4 2 0 2960 
4 2 0 2963 
4 2 0 2966 
4 2 0 2969 
4 2 0 2970 
4 2 0 2971 
4 2 0 2972 
4 2 0 2975 
1 1 0 
1 2 0 2987 
2 1 0 
3 2 2988 2989 
1 2 0 2990 
2 1 0 
2 2 0 2987 
3 3 2991 2992 2993 
1 2 0 2994 
1 2 0 2995 
1 2 0 2996 
2 2 0 2994 
2 2 0 2995 
3 3 2997 2998 2999 
1 2 0 3000 
1 2 0 3001 
2 2 0 3000 
3 2 3002 3003 
1 2 0 3004 
1 2 0 3005 
2 2 0 3004 
3 2 3006 3007 
1 2 0 3008 
2 2 0 3005 
3 2 3009 3010 
1 2 0 3011 
4 1 0 
4 2 0 2987 
4 2 0 2990 
4 2 0 2994 
4 2 0 2995 
4 2 0 2996 
4 2 0 3000 
4 2 0 3001 
4 2 0 3004 
4 2 0 3005 
4 2 0 3008 
4 2 0 3011 
4 2 0 3012 
1 1 0 
1 2 0 3026 
2 1 0 
3 2 3027 3028 
1 2 0 3029 
2 2 0 3026 
3 2 3030 3031 
1 2 0 3032 
2 2 0 3029 
3 2 3033 3034 
1 2 0 3035 
1 2 0 3036 
1 2 0 3037 
2 2 0 3036 
3 2 3038 3039 
1 2 0 3040 
2 2 0 3036 
2 2 0 3037 
3 3 3041 3042 3043 
1 2 0 3044 
2 2 0 3036 
2 2 0 3040 
3 3 3045 3046 3047 
1 2 0 3048 
1 2 0 3049 
2 2 0 3044 
2 2 0 3048 
3 3 3050 3051 3052 
1 2 0 3053 
2 2 0 3049 
3 2 3054 3055 
1 2 0 3056 
2 2 0 3053 
3 2 3057 3058 
1 2 0 3059 
1 2 0 3060 
2 2 0 3056 
2 2 0 3059 
3 3 3061 3062 3063 
1 2 0 3064 
1 2 0 3065 
1 2 0 3066 
1 2 0 3067 
1 2 0 3068 
2 2 0 3067 
3 2 3069 3070 
1 2 0 3071 
1 2 0 3072 
1 2 0 3073 
2 2 0 3072 
3 2 3074 3075 
1 2 0 3076 
2 2 0 3073 
3 2 3077 3078 
1 2 0 3079 
1 2 0 3080 
1 2 0 3081 
2 2 0 3080 
3 2 3082 3083 
1 2 0 3084 
2 2 0 3081 
3 2 3085 3086 
1 2 0 3087 
2 2 0 3084 
3 2 3088 3089 
1 2 0 3090 
1 2 0 3091 
1 2 0 3092 
1 2 0 3093 
2 2 0 3092 
3 2 3094 3095 
1 2 0 3096 
1 2 0 3097 
2 2 0 3096 
3 2 3098 3099 
1 2 0 3100 
1 2 0 3101 
2 2 0 3100 
3 2 3102 3103 
1 2 0 3104 
1 2 0 3105 
2 2 0 3104 
3 2 3106 3107 
1 2 0 3108 
1 2 0 3109 
2 2 0 3108 
3 2 3110 3111 
1 2 0 3112 
4 1 0 
4 2 0 3026 
4 2 0 3029 
4 2 0 3032 
4 2 0 3035 
4 2 0 3036 
4 2 0 3037 
4 2 0 3040 
4 2 0 3044 
4 2 0 3048 
4 2 0 3049 
4 2 0 3053 
4 2 0 3056 
4 2 0 3059 
4 2 0 3060 
4 2 0 3064 
4 2 0 3065 
4 2 0 3066 
4 2 0 3067 
4 2 0 3068 
4 2 0 3071 
4 2 0 3072 
4 2 0 3073 
4 2 0 3076 
4 2 0 3079 
4 2 0 3080 
4 2 0 3081 
4 2 0 3084 
4 2 0 3087 
4 2 0 3090 
4 2 0 3091 
4 2 0 3092 
4 2 0 3093 
4 2 0 3096 
4 2 0 3097 
4 2 0 3100 
4 2 0 3101 
4 2 0 3104 
4 2 0 3105 
4 2 0 3108 
4 2 0 3109 
4 2 0 3112 
4 2 0 3113 
1 1 0 
1 2 0 3157 
2 1 0 
3 2 3158 3159 
1 2 0 3160 
1 2 0 3161 
2 2 0 3160 
3 2 3162 3163 
1 2 0 3164 
1 2 0 3165 
1 2 0 3166 
1 2 0 3167 
1 2 0 3168 
2 2 0 3167 
3 2 3169 3170 
1 2 0 3171 
1 2 0 3172 
1 2 0 3173 
2 2 0 3172 
3 2 3174 3175 
1 2 0 3176 
1 2 0 3177 
2 2 0 3176 
3 2 3178 3179 
1 2 0 3180 
1 2 0 3181 
2 2 0 3180 
3 2 3182 3183 
1 2 0 3184 
1 2 0 3185 
1 2 0 3186 
2 2 0 3185 
3 2 3187 3188 
1 2 0 3189 
2 2 0 3186 
3 2 3190 3191 
1 2 0 3192 
2 2 0 3189 
3 2 3193 3194 
1 2 0 3195 
1 2 0 3196 
1 2 0 3197 
2 2 0 3196 
3 2 3198 3199 
1 2 0 3200 
2 2 0 3196 
2 2 0 3197 
3 3 3201 3202 3203 
1 2 0 3204 
2 2 0 3200 
3 2 3205 3206 
1 2 0 3207 
1 2 0 3208 
1 2 0 3209 
2 2 0 3208 
3 2 3210 3211 
1 2 0 3212 
1 2 0 3213 
2 2 0 3212 
3 2 3214 3215 
1 2 0 3216 
1 2 0 3217 
2 2 0 3216 
3 2 3218 3219 
1 2 0 3220 
4 1 0 
4 2 0 3157 
4 2 0 3160 
4 2 0 3161 
4 2 0 3164 
4 2 0 3165 
4 2 0 3166 
4 2 0 3167 
4 2 0 3168 
4 2 0 3171 
4 2 0 3172 
4 2 0 3173 
4 2 0 3176 
4 2 0 3177 
4 2 0 3180 
4 2 0 3181 
4 2 0 3184 
4 2 0 3185 
4 2 0 3186 
4 2 0 3189 
4 2 0 3192 
4 2 0 3195 
4 2 0 3196 
4 2 0 3197 
4 2 0 3200 
4 2 0 3204 
4 2 0 3207 
4 2 0 3208 
4 2 0 3209 
4 2 0 3212 
4 2 0 3213 
4 2 0 3216 
4 2 0 3217 
4 2 0 3220 
4 2 0 3221 
1 1 0 
1 2 0 3257 
2 1 0 
3 2 3258 3259 
1 2 0 3260 
1 2 0 3261 
1 2 0 3262 
1 2 0 3263 
1 2 0 3264 
2 2 0 3263 
3 2 3265 3266 
1 2 0 3267 
2 2 0 3264 
3 2 3268 3269 
1 2 0 3270 
2 2 0 3267 
3 2 3271 3272 
1 2 0 3273 
1 2 0 3274 
1 2 0 3275 
2 2 0 3274 
3 2 3276 3277 
1 2 0 3278 
2 2 0 3274 
2 2 0 3275 
3 3 3279 3280 3281 
1 2 0 3282 
2 2 0 3274 
2 2 0 3278 
3 3 3283 3284 3285 
1 2 0 3286 
1 2 0 3287 
2 2 0 3282 
2 2 0 3286 
3 3 3288 3289 3290 
1 2 0 3291 
1 2 0 3292 
2 2 0 3291 
3 2 3293 3294 
1 2 0 3295 
2 2 0 3291 
2 2 0 3292 
3 3 3296 3297 3298 
1 2 0 3299 
2 2 0 3291 
2 2 0 3292 
2 2 0 3295 
3 4 3300 3301 3302 3303 
1 2 0 3304 
2 2 0 3295 
2 2 0 3299 
3 3 3305 3306 3307 
1 2 0 3308 
2 2 0 3304 
3 2 3309 3310 
1 2 0 3311 
2 2 0 3308 
3 2 3312 3313 
1 2 0 3314 
1 2 0 3315 
2 2 0 3314 
3 2 3316 3317 
1 2 0 3318 
1 2 0 3319 
2 2 0 3318 
3 2 3320 3321 
1 2 0 3322 
1 2 0 3323 
2 2 0 3322 
3 2 3324 3325 
1 2 0 3326 
2 2 0 3323 
3 2 3327 3328 
1 2 0 3329 
2 2 0 3326 
3 2 3330 3331 
1 2 0 3332 
1 2 0 3333 
1 2 0 3334 
2 2 0 3333 
3 2 3335 3336 
1 2 0 3337 
2 2 0 3333 
2 2 0 3334 
3 3 3338 3339 3340 
1 2 0 3341 
1 2 0 3342 
2 2 0 3341 
3 2 3343 3344 
1 2 0 3345 
4 1 0 
4 2 0 3257 
4 2 0 3260 
4 2 0 3261 
4 2 0 3262 
4 2 0 3263 
4 2 0 3264 
4 2 0 3267 
4 2 0 3270 
4 2 0 3273 
4 2 0 3274 
4 2 0 3275 
4 2 0 3278 
4 2 0 3282 
4 2 0 3286 
4 2 0 3287 
4 2 0 3291 
4 2 0 3292 
4 2 0 3295 
4 2 0 3299 
4 2 0 3304 
4 2 0 3308 
4 2 0 3311 
4 2 0 3314 
4 2 0 3315 
4 2 0 3318 
4 2 0 3319 
4 2 0 3322 
4 2 0 3323 
4 2 0 3326 
4 2 0 3329 
4 2 0 3332 
4 2 0 3333 
4 2 0 3334 
4 2 0 3337 
4 2 0 3341 
4 2 0 3342 
4 2 0 3345 
4 2 0 3346 
1 1 0 
1 2 0 3386 
2 1 0 
3 2 3387 3388 
1 2 0 3389 
2 2 0 3386 
3 2 3390 3391 
1 2 0 3392 
2 2 0 3386 
2 2 0 3389 
3 3 3393 3394 3395 
1 2 0 3396 
2 2 0 3386 
2 2 0 3389 
2 2 0 3392 
3 4 3397 3398 3399 3400 
1 2 0 3401 
2 2 0 3396 
3 2 3402 3403 
1 2 0 3404 
2 2 0 3401 
3 2 3405 3406 
1 2 0 3407 
2 2 0 3404 
3 2 3408 3409 
1 2 0 3410 
2 2 0 3407 
3 2 3411 3412 
1 2 0 3413 
1 2 0 3414 
1 2 0 3415 
2 2 0 3413 
3 2 3416 3417 
1 2 0 3418 
1 2 0 3419 
1 2 0 3420 
2 2 0 3419 
3 2 3421 3422 
1 2 0 3423 
1 2 0 3424 
1 2 0 3425 
2 2 0 3424 
3 2 3426 3427 
1 2 0 3428 
2 2 0 3425 
3 2 3429 3430 
1 2 0 3431 
2 2 0 3428 
3 2 3432 3433 
1 2 0 3434 
2 2 0 3428 
2 2 0 3431 
3 3 3435 3436 3437 
1 2 0 3438 
1 2 0 3439 
1 2 0 3440 
1 2 0 3441 
2 2 0 3440 
3 2 3442 3443 
1 2 0 3444 
2 2 0 3440 
2 2 0 3441 
3 3 3445 3446 3447 
1 2 0 3448 
2 2 0 3440 
2 2 0 3444 
3 3 3449 3450 3451 
1 2 0 3452 
2 2 0 3448 
3 2 3453 3454 
1 2 0 3455 
2 2 0 3452 
3 2 3456 3457 
1 2 0 3458 
1 2 0 3459 
2 2 0 3458 
3 2 3460 3461 
1 2 0 3462 
2 2 0 3458 
2 2 0 3459 
3 3 3463 3464 3465 
1 2 0 3466 
1 2 0 3467 
2 2 0 3466 
3 2 3468 3469 
1 2 0 3470 
2 2 0 3466 
3 2 3471 3472 
1 2 0 3473 
1 2 0 3474 
2 2 0 3473 
3 2 3475 3476 
1 2 0 3477 
2 2 0 3473 
2 2 0 3474 
3 3 3478 3479 3480 
1 2 0 3481 
1 2 0 3482 
1 2 0 3483 
2 2 0 3481 
2 2 0 3482 
3 3 3484 3485 3486 
1 2 0 3487 
2 2 0 3483 
3 2 3488 3489 
1 2 0 3490 
1 2 0 3491 
2 2 0 3490 
3 2 3492 3493 
1 2 0 3494 
1 2 0 3495 
1 2 0 3496 
2 2 0 3495 
3 2 3497 3498 
1 2 0 3499 
2 2 0 3495 
2 2 0 3496 
3 3 3500 3501 3502 
1 2 0 3503 
2 2 0 3495 
2 2 0 3499 
3 3 3504 3505 3506 
1 2 0 3507 
1 2 0 3508 
2 2 0 3507 
3 2 3509 3510 
1 2 0 3511 
2 2 0 3507 
2 2 0 3508 
3 3 3512 3513 3514 
1 2 0 3515 
2 2 0 3511 
3 2 3516 3517 
1 2 0 3518 
2 2 0 3515 
3 2 3519 3520 
1 2 0 3521 
1 2 0 3522 
1 2 0 3523 
2 2 0 3522 
3 2 3524 3525 
1 2 0 3526 
4 1 0 
4 2 0 3386 
4 2 0 3389 
4 2 0 3392 
4 2 0 3396 
4 2 0 3401 
4 2 0 3404 
4 2 0 3407 
4 2 0 3410 
4 2 0 3413 
4 2 0 3414 
4 2 0 3415 
4 2 0 3418 
4 2 0 3419 
4 2 0 3420 
4 2 0 3423 
4 2 0 3424 
4 2 0 3425 
4 2 0 3428 
4 2 0 3431 
4 2 0 3434 
4 2 0 3438 
4 2 0 3439 
4 2 0 3440 
4 2 0 3441 
4 2 0 3444 
4 2 0 3448 
4 2 0 3452 
4 2 0 3455 
4 2 0 3458 
4 2 0 3459 
4 2 0 3462 
4 2 0 3466 
4 2 0 3467 
4 2 0 3470 
4 2 0 3473 
4 2 0 3474 
4 2 0 3477 
4 2 0 3481 
4 2 0 3482 
4 2 0 3483 
4 2 0 3487 
4 2 0 3490 
4 2 0 3491 
4 2 0 3494 
4 2 0 3495 
4 2 0 3496 
4 2 0 3499 
4 2 0 3503 
4 2 0 3507 
4 2 0 3508 
4 2 0 3511 
4 2 0 3515 
4 2 0 3518 
4 2 0 3521 
4 2 0 3522 
4 2 0 3523 
4 2 0 3526 
4 2 0 3527 
1 1 0 
1 2 0 3587 
2 1 0 
3 2 3588 3589 
1 2 0 3590 
1 2 0 3591 
2 2 0 3590 
3 2 3592 3593 
1 2 0 3594 
1 2 0 3595 
1 2 0 3596 
1 2 0 3597 
2 2 0 3596 
3 2 3598 3599 
1 2 0 3600 
2 2 0 3597 
3 2 3601 3602 
1 2 0 3603 
2 2 0 3600 
3 2 3604 3605 
1 2 0 3606 
1 2 0 3607 
1 2 0 3608 
2 2 0 3607 
3 2 3609 3610 
1 2 0 3611 
2 2 0 3607 
2 2 0 3608 
3 3 3612 3613 3614 
1 2 0 3615 
2 2 0 3611 
3 2 3616 3617 
1 2 0 3618 
4 1 0 
4 2 0 3587 
4 2 0 3590 
4 2 0 3591 
4 2 0 3594 
4 2 0 3595 
4 2 0 3596 
4 2 0 3597 
4 2 0 3600 
4 2 0 3603 
4 2 0 3606 
4 2 0 3607 
4 2 0 3608 
4 2 0 3611 
4 2 0 3615 
4 2 0 3618 
4 2 0 3619 
1 1 0 
1 2 0 3637 
1 2 0 3638 
1 2 0 3639 
2 2 0 3638 
3 2 3640 3641 
1 2 0 3642 
1 2 0 3643 
1 2 0 3644 
2 2 0 3643 
3 2 3645 3646 
1 2 0 3647 
1 2 0 3648 
1 2 0 3649 
1 2 0 3650 
1 2 0 3651 
2 2 0 3650 
3 2 3652 3653 
1 2 0 3654 
2 2 0 3651 
3 2 3655 3656 
1 2 0 3657 
2 2 0 3654 
3 2 3658 3659 
1 2 0 3660 
1 2 0 3661 
2 2 0 3660 
3 2 3662 3663 
1 2 0 3664 
2 2 0 3660 
2 2 0 3661 
3 3 3665 3666 3667 
1 2 0 3668 
2 2 0 3660 
2 2 0 3661 
2 2 0 3664 
3 4 3669 3670 3671 3672 
1 2 0 3673 
2 2 0 3661 
2 2 0 3664 
2 2 0 3668 
3 4 3674 3675 3676 3677 
1 2 0 3678 
1 2 0 3679 
2 2 0 3678 
3 2 3680 3681 
1 2 0 3682 
1 2 0 3683 
1 2 0 3684 
2 2 0 3683 
3 2 3685 3686 
1 2 0 3687 
1 2 0 3688 
2 2 0 3687 
3 2 3689 3690 
1 2 0 3691 
1 2 0 3692 
2 2 0 3691 
3 2 3693 3694 
1 2 0 3695 
1 2 0 3696 
1 2 0 3697 
2 2 0 3696 
3 2 3698 3699 
1 2 0 3700 
1 2 0 3701 
2 2 0 3700 
3 2 3702 3703 
1 2 0 3704 
2 2 0 3701 
3 2 3705 3706 
1 2 0 3707 
2 2 0 3704 
3 2 3708 3709 
1 2 0 3710 
1 2 0 3711 
2 2 0 3710 
3 2 3712 3713 
1 2 0 3714 
1 2 0 3715 
1 2 0 3716 
2 2 0 3715 
3 2 3717 3718 
1 2 0 3719 
1 2 0 3720 
1 2 0 3721 
2 2 0 3720 
3 2 3722 3723 
1 2 0 3724 
1 2 0 3725 
2 2 0 3724 
3 2 3726 3727 
1 2 0 3728 
1 2 0 3729 
1 2 0 3730 
2 2 0 3729 
3 2 3731 3732 
1 2 0 3733 
4 1 0 
4 2 0 3637 
4 2 0 3638 
4 2 0 3639 
4 2 0 3642 
4 2 0 3643 
4 2 0 3644 
4 2 0 3647 
4 2 0 3648 
4 2 0 3649 
4 2 0 3650 
4 2 0 3651 
4 2 0 3654 
4 2 0 3657 
4 2 0 3660 
4 2 0 3661 
4 2 0 3664 
4 2 0 3668 
4 2 0 3673 
4 2 0 3678 
4 2 0 3679 
4 2 0 3682 
4 2 0 3683 
4 2 0 3684 
4 2 0 3687 
4 2 0 3688 
4 2 0 3691 
4 2 0 3692 
4 2 0 3695 
4 2 0 3696 
4 2 0 3697 
4 2 0 3700 
4 2 0 3701 
4 2 0 3704 
4 2 0 3707 
4 2 0 3710 
4 2 0 3711 
4 2 0 3714 
4 2 0 3715 
4 2 0 3716 
4 2 0 3719 
4 2 0 3720 
4 2 0 3721 
4 2 0 3724 
4 2 0 3725 
4 2 0 3728 
4 2 0 3729 
4 2 0 3730 
4 2 0 3733 
4 2 0 3734 
1 1 0 
1 2 0 3785 
1 2 0 3786 
2 1 0 
3 2 3787 3788 
1 2 0 3789 
1 2 0 3790 
2 2 0 3789 
3 2 3791 3792 
1 2 0 3793 
2 2 0 3790 
3 2 3794 3795 
1 2 0 3796 
2 2 0 3793 
3 2 3797 3798 
1 2 0 3799 
2 2 0 3793 
3 2 3800 3801 
1 2 0 3802 
2 2 0 3799 
3 2 3803 3804 
1 2 0 3805 
1 2 0 3806 
1 2 0 3807 
2 2 0 3806 
3 2 3808 3809 
1 2 0 3810 
2 2 0 3806 
3 2 3811 3812 
1 2 0 3813 
1 2 0 3814 
2 2 0 3813 
3 2 3815 3816 
4 1 0 
4 2 0 3785 
4 2 0 3786 
4 2 0 3789 
4 2 0 3790 
4 2 0 3793 
4 2 0 3796 
4 2 0 3799 
4 2 0 3802 
4 2 0 3805 
4 2 0 3806 
4 2 0 3807 
4 2 0 3810 
4 2 0 3813 
4 2 0 3814 
4 2 0 3817 
1 1 0 
1 2 0 3834 
2 1 0 
3 2 3835 3836 
1 2 0 3837 
2 1 0 
2 2 0 3834 
3 3 3838 3839 3840 
1 2 0 3841 
2 2 0 3837 
3 2 3842 3843 
1 2 0 3844 
2 2 0 3841 
3 2 3845 3846 
1 2 0 3847 
1 2 0 3848 
2 2 0 3847 
3 2 3849 3850 
1 2 0 3851 
1 2 0 3852 
2 2 0 3851 
3 2 3853 3854 
1 2 0 3855 
2 2 0 3851 
2 2 0 3852 
3 3 3856 3857 3858 
1 2 0 3859 
2 2 0 3851 
2 2 0 3852 
2 2 0 3855 
3 4 3860 3861 3862 3863 
1 2 0 3864 
4 1 0 
4 2 0 3834 
4 2 0 3837 
4 2 0 3841 
4 2 0 3844 
4 2 0 3847 
4 2 0 3848 
4 2 0 3851 
4 2 0 3852 
4 2 0 3855 
4 2 0 3859 
4 2 0 3864 
4 2 0 3865 
1 1 0 
1 2 0 3879 
2 1 0 
3 2 3880 3881 
1 2 0 3882 
2 1 0 
2 2 0 3879 
3 3 3883 3884 3885 
1 2 0 3886 
1 2 0 3887 
2 2 0 3886 
3 2 3888 3889 
1 2 0 3890 
2 2 0 3886 
2 2 0 3887 
3 3 3891 3892 3893 
1 2 0 3894 
1 2 0 3895 
2 2 0 3894 
3 2 3896 3897 
1 2 0 3898 
2 2 0 3895 
3 2 3899 3900 
1 2 0 3901 
1 2 0 3902 
1 2 0 3903 
2 2 0 3901 
3 2 3904 3905 
1 2 0 3906 
1 2 0 3907 
2 2 0 3906 
3 2 3908 3909 
1 2 0 3910 
2 2 0 3906 
2 2 0 3907 
3 3 3911 3912 3913 
1 2 0 3914 
2 2 0 3907 
2 2 0 3910 
3 3 3915 3916 3917 
1 2 0 3918 
1 2 0 3919 
1 2 0 3920 
2 2 0 3919 
3 2 3921 3922 
1 2 0 3923 
1 2 0 3924 
2 2 0 3923 
3 2 3925 3926 
1 2 0 3927 
2 2 0 3924 
3 2 3928 3929 
1 2 0 3930 
2 2 0 3927 
3 2 3931 3932 
1 2 0 3933 
1 2 0 3934 
1 2 0 3935 
2 2 0 3934 
3 2 3936 3937 
1 2 0 3938 
2 2 0 3935 
3 2 3939 3940 
1 2 0 3941 
1 2 0 3942 
2 2 0 3941 
3 2 3943 3944 
1 2 0 3945 
1 2 0 3946 
2 2 0 3945 
3 2 3947 3948 
1 2 0 3949 
1 2 0 3950 
1 2 0 3951 
2 2 0 3950 
3 2 3952 3953 
1 2 0 3954 
1 2 0 3955 
1 2 0 3956 
2 2 0 3955 
3 2 3957 3958 
1 2 0 3959 
2 2 0 3955 
3 2 3960 3961 
1 2 0 3962 
1 2 0 3963 
2 2 0 3962 
3 2 3964 3965 
1 2 0 3966 
1 2 0 3967 
2 2 0 3966 
3 2 3968 3969 
1 2 0 3970 
2 2 0 3966 
3 2 3971 3972 
1 2 0 3973 
1 2 0 3974 
2 2 0 3973 
3 2 3975 3976 
1 2 0 3977 
2 2 0 3973 
2 2 0 3974 
3 3 3978 3979 3980 
1 2 0 3981 
2 2 0 3977 
3 2 3982 3983 
1 2 0 3984 
2 2 0 3981 
3 2 3985 3986 
1 2 0 3987 
1 2 0 3988 
1 2 0 3989 
2 2 0 3988 
3 2 3990 3991 
1 2 0 3992 
2 2 0 3988 
2 2 0 3989 
3 3 3993 3994 3995 
1 2 0 3996 
1 2 0 3997 
1 2 0 3998 
2 2 0 3997 
3 2 3999 4000 
1 2 0 4001 
2 2 0 3998 
3 2 4002 4003 
1 2 0 4004 
4 1 0 
4 2 0 3879 
4 2 0 3882 
4 2 0 3886 
4 2 0 3887 
4 2 0 3890 
4 2 0 3894 
4 2 0 3895 
4 2 0 3898 
4 2 0 3901 
4 2 0 3902 
4 2 0 3903 
4 2 0 3906 
4 2 0 3907 
4 2 0 3910 
4 2 0 3914 
4 2 0 3918 
4 2 0 3919 
4 2 0 3920 
4 2 0 3923 
4 2 0 3924 
4 2 0 3927 
4 2 0 3930 
4 2 0 3933 
4 2 0 3934 
4 2 0 3935 
4 2 0 3938 
4 2 0 3941 
4 2 0 3942 
4 2 0 3945 
4 2 0 3946 
4 2 0 3949 
4 2 0 3950 
4 2 0 3951 
4 2 0 3954 
4 2 0 3955 
4 2 0 3956 
4 2 0 3959 
4 2 0 3962 
4 2 0 3963 
4 2 0 3966 
4 2 0 3967 
4 2 0 3970 
4 2 0 3973 
4 2 0 3974 
4 2 0 3977 
4 2 0 3981 
4 2 0 3984 
4 2 0 3987 
4 2 0 3988 
4 2 0 3989 
4 2 0 3992 
4 2 0 3996 
4 2 0 3997 
4 2 0 3998 
4 2 0 4001 
4 2 0 4004 
4 2 0 4005 
1 1 0 
1 2 0 4064 
1 2 0 4065 
2 1 0 
3 2 4066 4067 
1 2 0 4068 
1 2 0 4069 
2 2 0 4068 
3 2 4070 4071 
1 2 0 4072 
2 2 0 4069 
3 2 4073 4074 
1 2 0 4075 
1 2 0 4076 
2 2 0 4075 
3 2 4077 4078 
1 2 0 4079 
1 2 0 4080 
1 2 0 4081 
1 2 0 4082 
2 2 0 4081 
3 2 4083 4084 
1 2 0 4085 
2 2 0 4082 
3 2 4086 4087 
1 2 0 4088 
1 2 0 4089 
2 2 0 4088 
3 2 4090 4091 
1 2 0 4092 
1 2 0 4093 
1 2 0 4094 
2 2 0 4093 
3 2 4095 4096 
1 2 0 4097 
2 2 0 4094 
3 2 4098 4099 
1 2 0 4100 
2 2 0 4097 
3 2 4101 4102 
1 2 0 4103 
2 2 0 4100 
3 2 4104 4105 
1 2 0 4106 
1 2 0 4107 
1 2 0 4108 
2 2 0 4107 
3 2 4109 4110 
1 2 0 4111 
2 2 0 4108 
3 2 4112 4113 
1 2 0 4114 
1 2 0 4115 
1 2 0 4116 
1 2 0 4117 
2 2 0 4116 
3 2 4118 4119 
1 2 0 4120 
1 2 0 4121 
2 2 0 4120 
3 2 4122 4123 
1 2 0 4124 
2 2 0 4121 
3 2 4125 4126 
1 2 0 4127 
2 2 0 4124 
3 2 4128 4129 
1 2 0 4130 
2 2 0 4127 
3 2 4131 4132 
1 2 0 4133 
1 2 0 4134 
1 2 0 4135 
1 2 0 4136 
2 2 0 4135 
3 2 4137 4138 
1 2 0 4139 
2 2 0 4136 
3 2 4140 4141 
1 2 0 4142 
1 2 0 4143 
2 2 0 4142 
3 2 4144 4145 
1 2 0 4146 
1 2 0 4147 
2 2 0 4146 
3 2 4148 4149 
1 2 0 4150 
1 2 0 4151 
1 2 0 4152 
1 2 0 4153 
2 2 0 4152 
3 2 4154 4155 
1 2 0 4156 
1 2 0 4157 
1 2 0 4158 
1 2 0 4159 
1 2 0 4160 
2 2 0 4159 
3 2 4161 4162 
1 2 0 4163 
2 2 0 4160 
3 2 4164 4165 
1 2 0 4166 
2 2 0 4163 
3 2 4167 4168 
1 2 0 4169 
1 2 0 4170 
1 2 0 4171 
2 2 0 4170 
3 2 4172 4173 
1 2 0 4174 
2 2 0 4171 
3 2 4175 4176 
1 2 0 4177 
1 2 0 4178 
1 2 0 4179 
2 2 0 4178 
3 2 4180 4181 
1 2 0 4182 
2 2 0 4179 
3 2 4183 4184 
1 2 0 4185 
1 2 0 4186 
4 1 0 
4 2 0 4064 
4 2 0 4065 
4 2 0 4068 
4 2 0 4069 
4 2 0 4072 
4 2 0 4075 
4 2 0 4076 
4 2 0 4079 
4 2 0 4080 
4 2 0 4081 
4 2 0 4082 
4 2 0 4085 
4 2 0 4088 
4 2 0 4089 
4 2 0 4092 
4 2 0 4093 
4 2 0 4094 
4 2 0 4097 
4 2 0 4100 
4 2 0 4103 
4 2 0 4106 
4 2 0 4107 
4 2 0 4108 
4 2 0 4111 
4 2 0 4114 
4 2 0 4115 
4 2 0 4116 
4 2 0 4117 
4 2 0 4120 
4 2 0 4121 
4 2 0 4124 
4 2 0 4127 
4 2 0 4130 
4 2 0 4133 
4 2 0 4134 
4 2 0 4135 
4 2 0 4136 
4 2 0 4139 
4 2 0 4142 
4 2 0 4143 
4 2 0 4146 
4 2 0 4147 
4 2 0 4150 
4 2 0 4151 
4 2 0 4152 
4 2 0 4153 
4 2 0 4156 
4 2 0 4157 
4 2 0 4158 
4 2 0 4159 
4 2 0 4160 
4 2 0 4163 
4 2 0 4166 
4 2 0 4169 
4 2 0 4170 
4 2 0 4171 
4 2 0 4174 
4 2 0 4177 
4 2 0 4178 
4 2 0 4179 
4 2 0 4182 
4 2 0 4185 
4 2 0 4186 
4 2 0 4187 
1 1 0 
1 2 0 4253 
1 2 0 4254 
2 2 0 4253 
3 2 4255 4256 
1 2 0 4257 
1 2 0 4258 
1 2 0 4259 
2 2 0 4258 
3 2 4260 4261 
1 2 0 4262 
2 2 0 4259 
3 2 4263 4264 
1 2 0 4265 
2 2 0 4262 
3 2 4266 4267 
1 2 0 4268 
1 2 0 4269 
2 2 0 4268 
3 2 4270 4271 
1 2 0 4272 
1 2 0 4273 
2 2 0 4272 
3 2 4274 4275 
1 2 0 4276 
1 2 0 4277 
2 2 0 4276 
3 2 4278 4279 
1 2 0 4280 
2 2 0 4277 
3 2 4281 4282 
1 2 0 4283 
1 2 0 4284 
1 2 0 4285 
2 2 0 4284 
3 2 4286 4287 
1 2 0 4288 
1 2 0 4289 
1 2 0 4290 
2 2 0 4289 
3 2 4291 4292 
1 2 0 4293 
1 2 0 4294 
1 2 0 4295 
2 2 0 4294 
3 2 4296 4297 
1 2 0 4298 
2 2 0 4295 
3 2 4299 4300 
1 2 0 4301 
1 2 0 4302 
2 2 0 4301 
3 2 4303 4304 
1 2 0 4305 
2 2 0 4302 
3 2 4306 4307 
1 2 0 4308 
2 2 0 4305 
3 2 4309 4310 
1 2 0 4311 
1 2 0 4312 
2 2 0 4311 
3 2 4313 4314 
1 2 0 4315 
2 2 0 4312 
3 2 4316 4317 
1 2 0 4318 
1 2 0 4319 
1 2 0 4320 
2 2 0 4319 
3 2 4321 4322 
1 2 0 4323 
1 2 0 4324 
1 2 0 4325 
2 2 0 4324 
3 2 4326 4327 
1 2 0 4328 
1 2 0 4329 
1 2 0 4330 
2 2 0 4329 
3 2 4331 4332 
1 2 0 4333 
2 2 0 4330 
3 2 4334 4335 
1 2 0 4336 
2 2 0 4333 
3 2 4337 4338 
1 2 0 4339 
2 2 0 4336 
3 2 4340 4341 
1 2 0 4342 
1 2 0 4343 
2 2 0 4342 
3 2 4344 4345 
1 2 0 4346 
1 2 0 4347 
4 1 0 
4 2 0 4253 
4 2 0 4254 
4 2 0 4257 
4 2 0 4258 
4 2 0 4259 
4 2 0 4262 
4 2 0 4265 
4 2 0 4268 
4 2 0 4269 
4 2 0 4272 
4 2 0 4273 
4 2 0 4276 
4 2 0 4277 
4 2 0 4280 
4 2 0 4283 
4 2 0 4284 
4 2 0 4285 
4 2 0 4288 
4 2 0 4289 
4 2 0 4290 
4 2 0 4293 
4 2 0 4294 
4 2 0 4295 
4 2 0 4298 
4 2 0 4301 
4 2 0 4302 
4 2 0 4305 
4 2 0 4308 
4 2 0 4311 
4 2 0 4312 
4 2 0 4315 
4 2 0 4318 
4 2 0 4319 
4 2 0 4320 
4 2 0 4323 
4 2 0 4324 
4 2 0 4325 
4 2 0 4328 
4 2 0 4329 
4 2 0 4330 
4 2 0 4333 
4 2 0 4336 
4 2 0 4339 
4 2 0 4342 
4 2 0 4343 
4 2 0 4346 
4 2 0 4347 
4 2 0 4348 
1 1 0 
1 2 0 4398 
2 1 0 
3 2 4399 4400 
1 2 0 4401 
1 2 0 4402 
1 2 0 4403 
1 2 0 4404 
2 2 0 4403 
3 2 4405 4406 
1 2 0 4407 
1 2 0 4408 
1 2 0 4409 
2 2 0 4408 
3 2 4410 4411 
1 2 0 4412 
1 2 0 4413 
2 2 0 4412 
3 2 4414 4415 
1 2 0 4416 
1 2 0 4417 
1 2 0 4418 
2 2 0 4417 
3 2 4419 4420 
1 2 0 4421 
1 2 0 4422 
2 2 0 4421 
3 2 4423 4424 
1 2 0 4425 
2 2 0 4422 
3 2 4426 4427 
1 2 0 4428 
2 2 0 4425 
3 2 4429 4430 
1 2 0 4431 
1 2 0 4432 
2 2 0 4431 
3 2 4433 4434 
1 2 0 4435 
1 2 0 4436 
1 2 0 4437 
2 2 0 4436 
3 2 4438 4439 
1 2 0 4440 
2 2 0 4436 
2 2 0 4437 
3 3 4441 4442 4443 
1 2 0 4444 
1 2 0 4445 
1 2 0 4446 
2 2 0 4445 
3 2 4447 4448 
1 2 0 4449 
1 2 0 4450 
2 2 0 4449 
3 2 4451 4452 
1 2 0 4453 
1 2 0 4454 
2 2 0 4453 
3 2 4455 4456 
1 2 0 4457 
1 2 0 4458 
1 2 0 4459 
2 2 0 4458 
3 2 4460 4461 
1 2 0 4462 
4 1 0 
4 2 0 4398 
4 2 0 4401 
4 2 0 4402 
4 2 0 4403 
4 2 0 4404 
4 2 0 4407 
4 2 0 4408 
4 2 0 4409 
4 2 0 4412 
4 2 0 4413 
4 2 0 4416 
4 2 0 4417 
4 2 0 4418 
4 2 0 4421 
4 2 0 4422 
4 2 0 4425 
4 2 0 4428 
4 2 0 4431 
4 2 0 4432 
4 2 0 4435 
4 2 0 4436 
4 2 0 4437 
4 2 0 4440 
4 2 0 4444 
4 2 0 4445 
4 2 0 4446 
4 2 0 4449 
4 2 0 4450 
4 2 0 4453 
4 2 0 4454 
4 2 0 4457 
4 2 0 4458 
4 2 0 4459 
4 2 0 4462 
4 2 0 4463 
1 1 0 
1 2 0 4500 
2 1 0 
3 2 4501 4502 
1 2 0 4503 
1 2 0 4504 
2 2 0 4503 
3 2 4505 4506 
1 2 0 4507 
1 2 0 4508 
1 2 0 4509 
2 2 0 4508 
3 2 4510 4511 
1 2 0 4512 
2 2 0 4509 
3 2 4513 4514 
1 2 0 4515 
1 2 0 4516 
2 2 0 4515 
3 2 4517 4518 
1 2 0 4519 
1 2 0 4520 
2 2 0 4519 
3 2 4521 4522 
1 2 0 4523 
1 2 0 4524 
2 2 0 4523 
3 2 4525 4526 
1 2 0 4527 
2 2 0 4523 
2 2 0 4524 
3 3 4528 4529 4530 
1 2 0 4531 
1 2 0 4532 
2 2 0 4531 
3 2 4533 4534 
1 2 0 4535 
2 2 0 4532 
3 2 4536 4537 
1 2 0 4538 
1 2 0 4539 
2 2 0 4538 
3 2 4540 4541 
1 2 0 4542 
1 2 0 4543 
1 2 0 4544 
2 2 0 4543 
3 2 4545 4546 
1 2 0 4547 
2 2 0 4544 
3 2 4548 4549 
1 2 0 4550 
2 2 0 4544 
3 2 4551 4552 
1 2 0 4553 
2 2 0 4550 
3 2 4554 4555 
1 2 0 4556 
2 2 0 4553 
3 2 4557 4558 
1 2 0 4559 
2 2 0 4556 
3 2 4560 4561 
1 2 0 4562 
1 2 0 4563 
2 2 0 4562 
3 2 4564 4565 
1 2 0 4566 
1 2 0 4567 
1 2 0 4568 
2 2 0 4567 
3 2 4569 4570 
1 2 0 4571 
1 2 0 4572 
2 2 0 4571 
3 2 4573 4574 
1 2 0 4575 
1 2 0 4576 
2 2 0 4575 
3 2 4577 4578 
1 2 0 4579 
2 2 0 4575 
2 2 0 4576 
3 3 4580 4581 4582 
1 2 0 4583 
1 2 0 4584 
2 2 0 4583 
3 2 4585 4586 
1 2 0 4587 
1 2 0 4588 
2 2 0 4587 
3 2 4589 4590 
1 2 0 4591 
1 2 0 4592 
1 2 0 4593 
2 2 0 4592 
3 2 4594 4595 
1 2 0 4596 
1 2 0 4597 
2 2 0 4596 
3 2 4598 4599 
1 2 0 4600 
4 1 0 
4 2 0 4500 
4 2 0 4503 
4 2 0 4504 
4 2 0 4507 
4 2 0 4508 
4 2 0 4509 
4 2 0 4512 
4 2 0 4515 
4 2 0 4516 
4 2 0 4519 
4 2 0 4520 
4 2 0 4523 
4 2 0 4524 
4 2 0 4527 
4 2 0 4531 
4 2 0 4532 
4 2 0 4535 
4 2 0 4538 
4 2 0 4539 
4 2 0 4542 
4 2 0 4543 
4 2 0 4544 
4 2 0 4547 
4 2 0 4550 
4 2 0 4553 
4 2 0 4556 
4 2 0 4559 
4 2 0 4562 
4 2 0 4563 
4 2 0 4566 
4 2 0 4567 
4 2 0 4568 
4 2 0 4571 
4 2 0 4572 
4 2 0 4575 
4 2 0 4576 
4 2 0 4579 
4 2 0 4583 
4 2 0 4584 
4 2 0 4587 
4 2 0 4588 
4 2 0 4591 
4 2 0 4592 
4 2 0 4593 
4 2 0 4596 
4 2 0 4597 
4 2 0 4600 
4 2 0 4601 
1 1 0 
1 2 0 4651 
2 1 0 
3 2 4652 4653 
1 2 0 4654 
2 1 0 
2 2 0 4651 
3 3 4655 4656 4657 
1 2 0 4658 
2 2 0 4654 
3 2 4659 4660 
1 2 0 4661 
1 2 0 4662 
2 2 0 4661 
3 2 4663 4664 
1 2 0 4665 
2 2 0 4662 
3 2 4666 4667 
1 2 0 4668 
2 2 0 4665 
3 2 4669 4670 
1 2 0 4671 
2 2 0 4665 
3 2 4672 4673 
1 2 0 4674 
1 2 0 4675 
2 2 0 4674 
3 2 4676 4677 
1 2 0 4678 
1 2 0 4679 
1 2 0 4680 
2 2 0 4679 
3 2 4681 4682 
1 2 0 4683 
4 1 0 
4 2 0 4651 
4 2 0 4654 
4 2 0 4658 
4 2 0 4661 
4 2 0 4662 
4 2 0 4665 
4 2 0 4668 
4 2 0 4671 
4 2 0 4674 
4 2 0 4675 
4 2 0 4678 
4 2 0 4679 
4 2 0 4680 
4 2 0 4683 
4 2 0 4684 
1 1 0 
1 2 0 4701 
2 1 0 
3 2 4702 4703 
1 2 0 4704 
1 2 0 4705 
2 2 0 4704 
3 2 4706 4707 
1 2 0 4708 
2 2 0 4705 
3 2 4709 4710 
1 2 0 4711 
1 2 0 4712 
2 2 0 4711 
3 2 4713 4714 
1 2 0 4715 
2 2 0 4711 
2 2 0 4712 
3 3 4716 4717 4718 
1 2 0 4719 
2 2 0 4715 
3 2 4720 4721 
1 2 0 4722 
1 2 0 4723 
2 2 0 4722 
3 2 4724 4725 
1 2 0 4726 
2 2 0 4722 
2 2 0 4723 
3 3 4727 4728 4729 
1 2 0 4730 
1 2 0 4731 
2 2 0 4730 
3 2 4732 4733 
1 2 0 4734 
2 2 0 4730 
2 2 0 4731 
3 3 4735 4736 4737 
1 2 0 4738 
1 2 0 4739 
2 2 0 4738 
3 2 4740 4741 
1 2 0 4742 
1 2 0 4743 
1 2 0 4744 
2 2 0 4743 
3 2 4745 4746 
1 2 0 4747 
1 2 0 4748 
1 2 0 4749 
1 2 0 4750 
2 2 0 4749 
3 2 4751 4752 
1 2 0 4753 
2 2 0 4750 
3 2 4754 4755 
1 2 0 4756 
2 2 0 4753 
3 2 4757 4758 
1 2 0 4759 
1 2 0 4760 
2 2 0 4759 
3 2 4761 4762 
1 2 0 4763 
4 1 0 
4 2 0 4701 
4 2 0 4704 
4 2 0 4705 
4 2 0 4708 
4 2 0 4711 
4 2 0 4712 
4 2 0 4715 
4 2 0 4719 
4 2 0 4722 
4 2 0 4723 
4 2 0 4726 
4 2 0 4730 
4 2 0 4731 
4 2 0 4734 
4 2 0 4738 
4 2 0 4739 
4 2 0 4742 
4 2 0 4743 
4 2 0 4744 
4 2 0 4747 
4 2 0 4748 
4 2 0 4749 
4 2 0 4750 
4 2 0 4753 
4 2 0 4756 
4 2 0 4759 
4 2 0 4760 
4 2 0 4763 
4 2 0 4764 
1 1 0 
1 2 0 4795 
1 2 0 4796 
2 2 0 4795 
3 2 4797 4798 
1 2 0 4799 
1 2 0 4800 
2 2 0 4799 
3 2 4801 4802 
1 2 0 4803 
2 2 0 4799 
3 2 4804 4805 
1 2 0 4806 
1 2 0 4807 
2 2 0 4806 
3 2 4808 4809 
1 2 0 4810 
2 2 0 4807 
3 2 4811 4812 
1 2 0 4813 
1 2 0 4814 
1 2 0 4815 
1 2 0 4816 
2 2 0 4814 
3 2 4817 4818 
1 2 0 4819 
1 2 0 4820 
2 2 0 4819 
3 2 4821 4822 
1 2 0 4823 
2 2 0 4820 
3 2 4824 4825 
1 2 0 4826 
2 2 0 4823 
3 2 4827 4828 
1 2 0 4829 
1 2 0 4830 
2 2 0 4829 
3 2 4831 4832 
1 2 0 4833 
2 2 0 4829 
2 2 0 4830 
3 3 4834 4835 4836 
1 2 0 4837 
2 2 0 4833 
3 2 4838 4839 
1 2 0 4840 
2 2 0 4837 
3 2 4841 4842 
1 2 0 4843 
1 2 0 4844 
1 2 0 4845 
2 2 0 4844 
3 2 4846 4847 
1 2 0 4848 
2 2 0 4845 
3 2 4849 4850 
1 2 0 4851 
2 2 0 4845 
2 2 0 4848 
3 3 4852 4853 4854 
1 2 0 4855 
1 2 0 4856 
2 2 0 4855 
3 2 4857 4858 
1 2 0 4859 
1 2 0 4860 
2 2 0 4859 
3 2 4861 4862 
1 2 0 4863 
1 2 0 4864 
2 2 0 4863 
3 2 4865 4866 
1 2 0 4867 
4 1 0 
4 2 0 4795 
4 2 0 4796 
4 2 0 4799 
4 2 0 4800 
4 2 0 4803 
4 2 0 4806 
4 2 0 4807 
4 2 0 4810 
4 2 0 4813 
4 2 0 4814 
4 2 0 4815 
4 2 0 4816 
4 2 0 4819 
4 2 0 4820 
4 2 0 4823 
4 2 0 4826 
4 2 0 4829 
4 2 0 4830 
4 2 0 4833 
4 2 0 4837 
4 2 0 4840 
4 2 0 4843 
4 2 0 4844 
4 2 0 4845 
4 2 0 4848 
4 2 0 4851 
4 2 0 4855 
4 2 0 4856 
4 2 0 4859 
4 2 0 4860 
4 2 0 4863 
4 2 0 4864 
4 2 0 4867 
4 2 0 4868 
1 1 0 
1 2 0 4904 
1 2 0 4905 
1 2 0 4906 
1 2 0 4907 
2 2 0 4906 
3 2 4908 4909 
1 2 0 4910 
1 2 0 4911 
2 2 0 4910 
3 2 4912 4913 
1 2 0 4914 
1 2 0 4915 
1 2 0 4916 
1 2 0 4917 
1 2 0 4918 
1 2 0 4919 
1 2 0 4920 
1 2 0 4921 
2 2 0 4920 
3 2 4922 4923 
1 2 0 4924 
2 2 0 4921 
3 2 4925 4926 
1 2 0 4927 
2 2 0 4924 
3 2 4928 4929 
1 2 0 4930 
2 2 0 4927 
3 2 4931 4932 
1 2 0 4933 
1 2 0 4934 
2 2 0 4933 
3 2 4935 4936 
1 2 0 4937 
2 2 0 4934 
3 2 4938 4939 
1 2 0 4940 
2 2 0 4937 
3 2 4941 4942 
1 2 0 4943 
1 2 0 4944 
2 2 0 4943 
3 2 4945 4946 
1 2 0 4947 
1 2 0 4948 
2 2 0 4947 
3 2 4949 4950 
1 2 0 4951 
4 1 0 
4 2 0 4904 
4 2 0 4905 
4 2 0 4906 
4 2 0 4907 
4 2 0 4910 
4 2 0 4911 
4 2 0 4914 
4 2 0 4915 
4 2 0 4916 
4 2 0 4917 
4 2 0 4918 
4 2 0 4919 
4 2 0 4920 
4 2 0 4921 
4 2 0 4924 
4 2 0 4927 
4 2 0 4930 
4 2 0 4933 
4 2 0 4934 
4 2 0 4937 
4 2 0 4940 
4 2 0 4943 
4 2 0 4944 
4 2 0 4947 
4 2 0 4948 
4 2 0 4951 
4 2 0 4952 
1 1 0 
1 2 0 4981 
2 1 0 
3 2 4982 4983 
1 2 0 4984 
2 1 0 
3 2 4985 4986 
1 2 0 4987 
1 2 0 4988 
1 2 0 4989 
2 2 0 4988 
3 2 4990 4991 
1 2 0 4992 
2 2 0 4989 
3 2 4993 4994 
1 2 0 4995 
2 2 0 4992 
3 2 4996 4997 
1 2 0 4998 
1 2 0 4999 
2 2 0 4998 
3 2 5000 5001 
1 2 0 5002 
2 2 0 4999 
3 2 5003 5004 
1 2 0 5005 
2 2 0 5002 
3 2 5006 5007 
1 2 0 5008 
2 2 0 5005 
3 2 5009 5010 
1 2 0 5011 
2 2 0 5008 
3 2 5012 5013 
1 2 0 5014 
2 2 0 5011 
3 2 5015 5016 
1 2 0 5017 
1 2 0 5018 
2 2 0 5017 
3 2 5019 5020 
1 2 0 5021 
1 2 0 5022 
1 2 0 5023 
2 2 0 5022 
3 2 5024 5025 
1 2 0 5026 
1 2 0 5027 
2 2 0 5026 
3 2 5028 5029 
1 2 0 5030 
1 2 0 5031 
1 2 0 5032 
2 2 0 5031 
3 2 5033 5034 
1 2 0 5035 
2 2 0 5032 
3 2 5036 5037 
1 2 0 5038 
2 2 0 5035 
3 2 5039 5040 
1 2 0 5041 
2 2 0 5038 
3 2 5042 5043 
1 2 0 5044 
2 2 0 5041 
3 2 5045 5046 
1 2 0 5047 
1 2 0 5048 
2 2 0 5047 
3 2 5049 5050 
1 2 0 5051 
4 1 0 
4 2 0 4981 
4 2 0 4984 
4 2 0 4987 
4 2 0 4988 
4 2 0 4989 
4 2 0 4992 
4 2 0 4995 
4 2 0 4998 
4 2 0 4999 
4 2 0 5002 
4 2 0 5005 
4 2 0 5008 
4 2 0 5011 
4 2 0 5014 
4 2 0 5017 
4 2 0 5018 
4 2 0 5021 
4 2 0 5022 
4 2 0 5023 
4 2 0 5026 
4 2 0 5027 
4 2 0 5030 
4 2 0 5031 
4 2 0 5032 
4 2 0 5035 
4 2 0 5038 
4 2 0 5041 
4 2 0 5044 
4 2 0 5047 
4 2 0 5048 
4 2 0 5051 
4 2 0 5052 
1 1 0 
1 2 0 5086 
2 1 0 
3 2 5087 5088 
1 2 0 5089 
1 2 0 5090 
1 2 0 5091 
2 2 0 5090 
3 2 5092 5093 
1 2 0 5094 
2 2 0 5091 
3 2 5095 5096 
1 2 0 5097 
1 2 0 5098 
2 2 0 5097 
3 2 5099 5100 
1 2 0 5101 
2 2 0 5097 
3 2 5102 5103 
1 2 0 5104 
1 2 0 5105 
2 2 0 5104 
3 2 5106 5107 
1 2 0 5108 
1 2 0 5109 
1 2 0 5110 
2 2 0 5109 
3 2 5111 5112 
1 2 0 5113 
2 2 0 5110 
3 2 5114 5115 
1 2 0 5116 
2 2 0 5113 
3 2 5117 5118 
1 2 0 5119 
4 1 0 
4 2 0 5086 
4 2 0 5089 
4 2 0 5090 
4 2 0 5091 
4 2 0 5094 
4 2 0 5097 
4 2 0 5098 
4 2 0 5101 
4 2 0 5104 
4 2 0 5105 
4 2 0 5108 
4 2 0 5109 
4 2 0 5110 
4 2 0 5113 
4 2 0 5116 
4 2 0 5119 
4 2 0 5120 
1 1 0 
1 2 0 5139 
1 2 0 5140 
2 2 0 5139 
3 2 5141 5142 
1 2 0 5143 
1 2 0 5144 
2 2 0 5143 
3 2 5145 5146 
1 2 0 5147 
1 2 0 5148 
1 2 0 5149 
1 2 0 5150 
1 2 0 5151 
2 2 0 5150 
3 2 5152 5153 
1 2 0 5154 
1 2 0 5155 
2 2 0 5154 
3 2 5156 5157 
1 2 0 5158 
2 2 0 5155 
3 2 5159 5160 
1 2 0 5161 
2 2 0 5158 
3 2 5162 5163 
1 2 0 5164 
1 2 0 5165 
1 2 0 5166 
2 2 0 5165 
3 2 5167 5168 
1 2 0 5169 
2 2 0 5166 
3 2 5170 5171 
1 2 0 5172 
2 2 0 5169 
3 2 5173 5174 
1 2 0 5175 
2 2 0 5169 
2 2 0 5172 
3 3 5176 5177 5178 
1 2 0 5179 
1 2 0 5180 
2 2 0 5179 
3 2 5181 5182 
1 2 0 5183 
2 2 0 5180 
3 2 5184 5185 
1 2 0 5186 
1 2 0 5187 
2 2 0 5186 
3 2 5188 5189 
1 2 0 5190 
4 1 0 
4 2 0 5139 
4 2 0 5140 
4 2 0 5143 
4 2 0 5144 
4 2 0 5147 
4 2 0 5148 
4 2 0 5149 
4 2 0 5150 
4 2 0 5151 
4 2 0 5154 
4 2 0 5155 
4 2 0 5158 
4 2 0 5161 
4 2 0 5164 
4 2 0 5165 
4 2 0 5166 
4 2 0 5169 
4 2 0 5172 
4 2 0 5175 
4 2 0 5179 
4 2 0 5180 
4 2 0 5183 
4 2 0 5186 
4 2 0 5187 
4 2 0 5190 
4 2 0 5191 
1 1 0 
1 2 0 5219 
1 2 0 5220 
2 1 0 
3 2 5221 5222 
1 2 0 5223 
1 2 0 5224 
1 2 0 5225 
2 2 0 5224 
3 2 5226 5227 
1 2 0 5228 
2 2 0 5224 
3 2 5229 5230 
1 2 0 5231 
1 2 0 5232 
1 2 0 5233 
2 2 0 5232 
3 2 5234 5235 
1 2 0 5236 
1 2 0 5237 
2 2 0 5236 
3 2 5238 5239 
1 2 0 5240 
1 2 0 5241 
2 2 0 5240 
3 2 5242 5243 
1 2 0 5244 
2 2 0 5241 
3 2 5245 5246 
1 2 0 5247 
1 2 0 5248 
2 2 0 5247 
3 2 5249 5250 
1 2 0 5251 
1 2 0 5252 
1 2 0 5253 
2 2 0 5252 
3 2 5254 5255 
1 2 0 5256 
2 2 0 5253 
3 2 5257 5258 
1 2 0 5259 
2 2 0 5256 
3 2 5260 5261 
1 2 0 5262 
2 2 0 5256 
3 2 5263 5264 
1 2 0 5265 
2 2 0 5262 
3 2 5266 5267 
1 2 0 5268 
1 2 0 5269 
1 2 0 5270 
1 2 0 5271 
2 2 0 5270 
3 2 5272 5273 
1 2 0 5274 
2 2 0 5270 
3 2 5275 5276 
1 2 0 5277 
1 2 0 5278 
2 2 0 5277 
3 2 5279 5280 
1 2 0 5281 
1 2 0 5282 
2 2 0 5281 
3 2 5283 5284 
1 2 0 5285 
1 2 0 5286 
1 2 0 5287 
2 2 0 5286 
3 2 5288 5289 
1 2 0 5290 
2 2 0 5287 
3 2 5291 5292 
1 2 0 5293 
1 2 0 5294 
1 2 0 5295 
2 2 0 5294 
3 2 5296 5297 
1 2 0 5298 
1 2 0 5299 
2 2 0 5298 
3 2 5300 5301 
1 2 0 5302 
1 2 0 5303 
2 2 0 5302 
3 2 5304 5305 
1 2 0 5306 
4 1 0 
4 2 0 5219 
4 2 0 5220 
4 2 0 5223 
4 2 0 5224 
4 2 0 5225 
4 2 0 5228 
4 2 0 5231 
4 2 0 5232 
4 2 0 5233 
4 2 0 5236 
4 2 0 5237 
4 2 0 5240 
4 2 0 5241 
4 2 0 5244 
4 2 0 5247 
4 2 0 5248 
4 2 0 5251 
4 2 0 5252 
4 2 0 5253 
4 2 0 5256 
4 2 0 5259 
4 2 0 5262 
4 2 0 5265 
4 2 0 5268 
4 2 0 5269 
4 2 0 5270 
4 2 0 5271 
4 2 0 5274 
4 2 0 5277 
4 2 0 5278 
4 2 0 5281 
4 2 0 5282 
4 2 0 5285 
4 2 0 5286 
4 2 0 5287 
4 2 0 5290 
4 2 0 5293 
4 2 0 5294 
4 2 0 5295 
4 2 0 5298 
4 2 0 5299 
4 2 0 5302 
4 2 0 5303 
4 2 0 5306 
4 2 0 5307 
1 1 0 
1 2 0 5354 
1 2 0 5355 
1 2 0 5356 
1 2 0 5357 
2 2 0 5356 
3 2 5358 5359 
1 2 0 5360 
1 2 0 5361 
1 2 0 5362 
1 2 0 5363 
1 2 0 5364 
2 2 0 5363 
3 2 5365 5366 
1 2 0 5367 
1 2 0 5368 
2 2 0 5367 
3 2 5369 5370 
1 2 0 5371 
1 2 0 5372 
1 2 0 5373 
2 2 0 5372 
3 2 5374 5375 
1 2 0 5376 
1 2 0 5377 
1 2 0 5378 
2 2 0 5377 
3 2 5379 5380 
1 2 0 5381 
1 2 0 5382 
2 2 0 5381 
3 2 5383 5384 
1 2 0 5385 
1 2 0 5386 
1 2 0 5387 
2 2 0 5386 
3 2 5388 5389 
1 2 0 5390 
1 2 0 5391 
2 2 0 5390 
3 2 5392 5393 
1 2 0 5394 
4 1 0 
4 2 0 5354 
4 2 0 5355 
4 2 0 5356 
4 2 0 5357 
4 2 0 5360 
4 2 0 5361 
4 2 0 5362 
4 2 0 5363 
4 2 0 5364 
4 2 0 5367 
4 2 0 5368 
4 2 0 5371 
4 2 0 5372 
4 2 0 5373 
4 2 0 5376 
4 2 0 5377 
4 2 0 5378 
4 2 0 5381 
4 2 0 5382 
4 2 0 5385 
4 2 0 5386 
4 2 0 5387 
4 2 0 5390 
4 2 0 5391 
4 2 0 5394 
4 2 0 5395 
1 1 0 
1 2 0 5423 
1 2 0 5424 
1 2 0 5425 
1 2 0 5426 
1 2 0 5427 
1 2 0 5428 
2 2 0 5427 
3 2 5429 5430 
1 2 0 5431 
2 2 0 5428 
3 2 5432 5433 
1 2 0 5434 
2 2 0 5431 
3 2 5435 5436 
1 2 0 5437 
1 2 0 5438 
2 2 0 5437 
3 2 5439 5440 
1 2 0 5441 
1 2 0 5442 
2 2 0 5441 
3 2 5443 5444 
1 2 0 5445 
1 2 0 5446 
1 2 0 5447 
1 2 0 5448 
1 2 0 5449 
2 2 0 5448 
3 2 5450 5451 
1 2 0 5452 
2 2 0 5448 
2 2 0 5449 
3 3 5453 5454 5455 
1 2 0 5456 
1 2 0 5457 
2 2 0 5456 
3 2 5458 5459 
1 2 0 5460 
1 2 0 5461 
2 2 0 5460 
3 2 5462 5463 
1 2 0 5464 
1 2 0 5465 
2 2 0 5464 
3 2 5466 5467 
1 2 0 5468 
1 2 0 5469 
2 2 0 5468 
3 2 5470 5471 
1 2 0 5472 
1 2 0 5473 
2 2 0 5472 
3 2 5474 5475 
1 2 0 5476 
1 2 0 5477 
1 2 0 5478 
2 2 0 5477 
3 2 5479 5480 
1 2 0 5481 
1 2 0 5482 
1 2 0 5483 
2 2 0 5482 
3 2 5484 5485 
1 2 0 5486 
4 1 0 
4 2 0 5423 
4 2 0 5424 
4 2 0 5425 
4 2 0 5426 
4 2 0 5427 
4 2 0 5428 
4 2 0 5431 
4 2 0 5434 
4 2 0 5437 
4 2 0 5438 
4 2 0 5441 
4 2 0 5442 
4 2 0 5445 
4 2 0 5446 
4 2 0 5447 
4 2 0 5448 
4 2 0 5449 
4 2 0 5452 
4 2 0 5456 
4 2 0 5457 
4 2 0 5460 
4 2 0 5461 
4 2 0 5464 
4 2 0 5465 
4 2 0 5468 
4 2 0 5469 
4 2 0 5472 
4 2 0 5473 
4 2 0 5476 
4 2 0 5477 
4 2 0 5478 
4 2 0 5481 
4 2 0 5482 
4 2 0 5483 
4 2 0 5486 
4 2 0 5487 
1 1 0 
1 2 0 5525 
1 2 0 5526 
1 2 0 5527 
1 2 0 5528 
2 2 0 5527 
3 2 5529 5530 
1 2 0 5531 
2 2 0 5528 
3 2 5532 5533 
1 2 0 5534 
2 2 0 5531 
3 2 5535 5536 
1 2 0 5537 
1 2 0 5538 
2 2 0 5537 
3 2 5539 5540 
1 2 0 5541 
1 2 0 5542 
1 2 0 5543 
2 2 0 5542 
3 2 5544 5545 
1 2 0 5546 
1 2 0 5547 
2 2 0 5546 
3 2 5548 5549 
1 2 0 5550 
2 2 0 5546 
3 2 5551 5552 
1 2 0 5553 
1 2 0 5554 
2 2 0 5553 
3 2 5555 5556 
1 2 0 5557 
1 2 0 5558 
1 2 0 5559 
2 2 0 5558 
3 2 5560 5561 
1 2 0 5562 
2 2 0 5559 
3 2 5563 5564 
1 2 0 5565 
2 2 0 5562 
3 2 5566 5567 
1 2 0 5568 
2 2 0 5565 
3 2 5569 5570 
1 2 0 5571 
2 2 0 5568 
3 2 5572 5573 
1 2 0 5574 
1 2 0 5575 
2 2 0 5574 
3 2 5576 5577 
1 2 0 5578 
2 2 0 5575 
3 2 5579 5580 
1 2 0 5581 
1 2 0 5582 
2 2 0 5581 
3 2 5583 5584 
1 2 0 5585 
1 2 0 5586 
2 2 0 5585 
3 2 5587 5588 
1 2 0 5589 
2 2 0 5586 
3 2 5590 5591 
1 2 0 5592 
2 2 0 5586 
2 2 0 5589 
3 3 5593 5594 5595 
1 2 0 5596 
1 2 0 5597 
1 2 0 5598 
2 2 0 5597 
3 2 5599 5600 
1 2 0 5601 
2 2 0 5598 
3 2 5602 5603 
1 2 0 5604 
2 2 0 5601 
3 2 5605 5606 
1 2 0 5607 
1 2 0 5608 
2 2 0 5607 
3 2 5609 5610 
1 2 0 5611 
4 1 0 
4 2 0 5525 
4 2 0 5526 
4 2 0 5527 
4 2 0 5528 
4 2 0 5531 
4 2 0 5534 
4 2 0 5537 
4 2 0 5538 
4 2 0 5541 
4 2 0 5542 
4 2 0 5543 
4 2 0 5546 
4 2 0 5547 
4 2 0 5550 
4 2 0 5553 
4 2 0 5554 
4 2 0 5557 
4 2 0 5558 
4 2 0 5559 
4 2 0 5562 
4 2 0 5565 
4 2 0 5568 
4 2 0 5571 
4 2 0 5574 
4 2 0 5575 
4 2 0 5578 
4 2 0 5581 
4 2 0 5582 
4 2 0 5585 
4 2 0 5586 
4 2 0 5589 
4 2 0 5592 
4 2 0 5596 
4 2 0 5597 
4 2 0 5598 
4 2 0 5601 
4 2 0 5604 
4 2 0 5607 
4 2 0 5608 
4 2 0 5611 
4 2 0 5612 
1 1 0 
1 2 0 5655 
2 1 0 
3 2 5656 5657 
1 2 0 5658 
2 2 0 5655 
3 2 5659 5660 
1 2 0 5661 
1 2 0 5662 
2 2 0 5661 
3 2 5663 5664 
1 2 0 5665 
1 2 0 5666 
1 2 0 5667 
2 2 0 5666 
3 2 5668 5669 
1 2 0 5670 
2 2 0 5666 
3 2 5671 5672 
1 2 0 5673 
1 2 0 5674 
2 2 0 5673 
3 2 5675 5676 
1 2 0 5677 
2 2 0 5674 
3 2 5678 5679 
1 2 0 5680 
2 2 0 5677 
3 2 5681 5682 
1 2 0 5683 
2 2 0 5680 
3 2 5684 5685 
1 2 0 5686 
2 2 0 5683 
3 2 5687 5688 
1 2 0 5689 
2 2 0 5686 
3 2 5690 5691 
1 2 0 5692 
1 2 0 5693 
2 2 0 5692 
3 2 5694 5695 
1 2 0 5696 
1 2 0 5697 
2 2 0 5696 
3 2 5698 5699 
1 2 0 5700 
1 2 0 5701 
1 2 0 5702 
2 2 0 5701 
3 2 5703 5704 
1 2 0 5705 
2 2 0 5702 
3 2 5706 5707 
1 2 0 5708 
2 2 0 5705 
3 2 5709 5710 
1 2 0 5711 
1 2 0 5712 
1 2 0 5713 
2 2 0 5712 
3 2 5714 5715 
1 2 0 5716 
1 2 0 5717 
1 2 0 5718 
1 2 0 5719 
1 2 0 5720 
2 2 0 5719 
3 2 5721 5722 
1 2 0 5723 
1 2 0 5724 
1 2 0 5725 
2 2 0 5724 
3 2 5726 5727 
1 2 0 5728 
4 1 0 
4 2 0 5655 
4 2 0 5658 
4 2 0 5661 
4 2 0 5662 
4 2 0 5665 
4 2 0 5666 
4 2 0 5667 
4 2 0 5670 
4 2 0 5673 
4 2 0 5674 
4 2 0 5677 
4 2 0 5680 
4 2 0 5683 
4 2 0 5686 
4 2 0 5689 
4 2 0 5692 
4 2 0 5693 
4 2 0 5696 
4 2 0 5697 
4 2 0 5700 
4 2 0 5701 
4 2 0 5702 
4 2 0 5705 
4 2 0 5708 
4 2 0 5711 
4 2 0 5712 
4 2 0 5713 
4 2 0 5716 
4 2 0 5717 
4 2 0 5718 
4 2 0 5719 
4 2 0 5720 
4 2 0 5723 
4 2 0 5724 
4 2 0 5725 
4 2 0 5728 
4 2 0 5729 
1 1 0 
1 2 0 5768 
1 2 0 5769 
1 2 0 5770 
1 2 0 5771 
2 2 0 5770 
3 2 5772 5773 
1 2 0 5774 
2 2 0 5771 
3 2 5775 5776 
1 2 0 5777 
2 2 0 5770 
2 2 0 5774 
3 3 5778 5779 5780 
1 2 0 5781 
2 2 0 5777 
3 2 5782 5783 
1 2 0 5784 
2 2 0 5781 
3 2 5785 5786 
1 2 0 5787 
2 2 0 5784 
3 2 5788 5789 
1 2 0 5790 
1 2 0 5791 
2 2 0 5790 
3 2 5792 5793 
1 2 0 5794 
1 2 0 5795 
1 2 0 5796 
1 2 0 5797 
2 2 0 5796 
3 2 5798 5799 
1 2 0 5800 
2 2 0 5796 
2 2 0 5797 
3 3 5801 5802 5803 
1 2 0 5804 
1 2 0 5805 
1 2 0 5806 
2 2 0 5805 
3 2 5807 5808 
1 2 0 5809 
2 2 0 5806 
3 2 5810 5811 
1 2 0 5812 
2 2 0 5809 
3 2 5813 5814 
1 2 0 5815 
1 2 0 5816 
1 2 0 5817 
1 2 0 5818 
1 2 0 5819 
2 2 0 5818 
3 2 5820 5821 
1 2 0 5822 
2 2 0 5818 
2 2 0 5819 
3 3 5823 5824 5825 
1 2 0 5826 
2 2 0 5822 
3 2 5827 5828 
1 2 0 5829 
2 2 0 5826 
3 2 5830 5831 
1 2 0 5832 
1 2 0 5833 
2 2 0 5832 
3 2 5834 5835 
1 2 0 5836 
1 2 0 5837 
1 2 0 5838 
1 2 0 5839 
2 2 0 5838 
3 2 5840 5841 
1 2 0 5842 
2 2 0 5839 
3 2 5843 5844 
1 2 0 5845 
2 2 0 5842 
3 2 5846 5847 
1 2 0 5848 
4 1 0 
4 2 0 5768 
4 2 0 5769 
4 2 0 5770 
4 2 0 5771 
4 2 0 5774 
4 2 0 5777 
4 2 0 5781 
4 2 0 5784 
4 2 0 5787 
4 2 0 5790 
4 2 0 5791 
4 2 0 5794 
4 2 0 5795 
4 2 0 5796 
4 2 0 5797 
4 2 0 5800 
4 2 0 5804 
4 2 0 5805 
4 2 0 5806 
4 2 0 5809 
4 2 0 5812 
4 2 0 5815 
4 2 0 5816 
4 2 0 5817 
4 2 0 5818 
4 2 0 5819 
4 2 0 5822 
4 2 0 5826 
4 2 0 5829 
4 2 0 5832 
4 2 0 5833 
4 2 0 5836 
4 2 0 5837 
4 2 0 5838 
4 2 0 5839 
4 2 0 5842 
4 2 0 5845 
4 2 0 5848 
4 2 0 5849 
1 1 0 
1 2 0 5890 
2 1 0 
3 2 5891 5892 
1 2 0 5893 
2 1 0 
3 2 5894 5895 
1 2 0 5896 
1 2 0 5897 
2 2 0 5896 
3 2 5898 5899 
1 2 0 5900 
1 2 0 5901 
2 2 0 5900 
3 2 5902 5903 
1 2 0 5904 
1 2 0 5905 
2 2 0 5904 
3 2 5906 5907 
1 2 0 5908 
1 2 0 5909 
1 2 0 5910 
2 2 0 5909 
3 2 5911 5912 
1 2 0 5913 
1 2 0 5914 
2 2 0 5913 
3 2 5915 5916 
1 2 0 5917 
1 2 0 5918 
2 2 0 5917 
3 2 5919 5920 
1 2 0 5921 
2 2 0 5918 
3 2 5922 5923 
1 2 0 5924 
1 2 0 5925 
2 2 0 5924 
3 2 5926 5927 
1 2 0 5928 
2 2 0 5924 
2 2 0 5925 
3 3 5929 5930 5931 
1 2 0 5932 
2 2 0 5928 
3 2 5933 5934 
1 2 0 5935 
2 2 0 5932 
3 2 5936 5937 
1 2 0 5938 
1 2 0 5939 
1 2 0 5940 
2 2 0 5939 
3 2 5941 5942 
1 2 0 5943 
1 2 0 5944 
1 2 0 5945 
2 2 0 5944 
3 2 5946 5947 
1 2 0 5948 
2 2 0 5944 
2 2 0 5945 
3 3 5949 5950 5951 
1 2 0 5952 
1 2 0 5953 
1 2 0 5954 
2 2 0 5953 
3 2 5955 5956 
1 2 0 5957 
2 2 0 5954 
3 2 5958 5959 
1 2 0 5960 
2 2 0 5957 
3 2 5961 5962 
1 2 0 5963 
1 2 0 5964 
2 2 0 5963 
3 2 5965 5966 
1 2 0 5967 
1 2 0 5968 
2 2 0 5967 
3 2 5969 5970 
1 2 0 5971 
1 2 0 5972 
1 2 0 5973 
2 2 0 5972 
3 2 5974 5975 
1 2 0 5976 
2 2 0 5973 
3 2 5977 5978 
1 2 0 5979 
1 2 0 5980 
1 2 0 5981 
1 2 0 5982 
1 2 0 5983 
2 2 0 5982 
3 2 5984 5985 
1 2 0 5986 
1 2 0 5987 
2 2 0 5986 
3 2 5988 5989 
1 2 0 5990 
4 1 0 
4 2 0 5890 
4 2 0 5893 
4 2 0 5896 
4 2 0 5897 
4 2 0 5900 
4 2 0 5901 
4 2 0 5904 
4 2 0 5905 
4 2 0 5908 
4 2 0 5909 
4 2 0 5910 
4 2 0 5913 
4 2 0 5914 
4 2 0 5917 
4 2 0 5918 
4 2 0 5921 
4 2 0 5924 
4 2 0 5925 
4 2 0 5928 
4 2 0 5932 
4 2 0 5935 
4 2 0 5938 
4 2 0 5939 
4 2 0 5940 
4 2 0 5943 
4 2 0 5944 
4 2 0 5945 
4 2 0 5948 
4 2 0 5952 
4 2 0 5953 
4 2 0 5954 
4 2 0 5957 
4 2 0 5960 
4 2 0 5963 
4 2 0 5964 
4 2 0 5967 
4 2 0 5968 
4 2 0 5971 
4 2 0 5972 
4 2 0 5973 
4 2 0 5976 
4 2 0 5979 
4 2 0 5980 
4 2 0 5981 
4 2 0 5982 
4 2 0 5983 
4 2 0 5986 
4 2 0 5987 
4 2 0 5990 
4 2 0 5991 
1 1 0 
1 2 0 6043 
2 1 0 
3 2 6044 6045 
1 2 0 6046 
2 1 0 
3 2 6047 6048 
1 2 0 6049 
1 2 0 6050 
2 2 0 6049 
3 2 6051 6052 
1 2 0 6053 
1 2 0 6054 
2 2 0 6053 
3 2 6055 6056 
1 2 0 6057 
1 2 0 6058 
2 2 0 6057 
3 2 6059 6060 
1 2 0 6061 
2 2 0 6058 
3 2 6062 6063 
1 2 0 6064 
2 2 0 6061 
3 2 6065 6066 
1 2 0 6067 
1 2 0 6068 
1 2 0 6069 
2 2 0 6068 
3 2 6070 6071 
1 2 0 6072 
1 2 0 6073 
2 2 0 6072 
3 2 6074 6075 
1 2 0 6076 
2 2 0 6072 
2 2 0 6073 
3 3 6077 6078 6079 
1 2 0 6080 
1 2 0 6081 
2 2 0 6080 
3 2 6082 6083 
1 2 0 6084 
1 2 0 6085 
2 2 0 6084 
3 2 6086 6087 
1 2 0 6088 
2 2 0 6084 
2 2 0 6085 
3 3 6089 6090 6091 
1 2 0 6092 
2 2 0 6088 
3 2 6093 6094 
1 2 0 6095 
2 2 0 6092 
3 2 6096 6097 
1 2 0 6098 
1 2 0 6099 
1 2 0 6100 
1 2 0 6101 
2 2 0 6100 
3 2 6102 6103 
1 2 0 6104 
1 2 0 6105 
1 2 0 6106 
1 2 0 6107 
2 2 0 6106 
3 2 6108 6109 
1 2 0 6110 
1 2 0 6111 
1 2 0 6112 
2 2 0 6111 
3 2 6113 6114 
1 2 0 6115 
2 2 0 6111 
3 2 6116 6117 
1 2 0 6118 
2 2 0 6115 
3 2 6119 6120 
1 2 0 6121 
2 2 0 6115 
3 2 6122 6123 
1 2 0 6124 
2 2 0 6121 
3 2 6125 6126 
1 2 0 6127 
1 2 0 6128 
2 2 0 6127 
3 2 6129 6130 
1 2 0 6131 
2 2 0 6128 
3 2 6132 6133 
1 2 0 6134 
1 2 0 6135 
2 2 0 6134 
3 2 6136 6137 
1 2 0 6138 
1 2 0 6139 
1 2 0 6140 
2 2 0 6139 
3 2 6141 6142 
1 2 0 6143 
4 1 0 
4 2 0 6043 
4 2 0 6046 
4 2 0 6049 
4 2 0 6050 
4 2 0 6053 
4 2 0 6054 
4 2 0 6057 
4 2 0 6058 
4 2 0 6061 
4 2 0 6064 
4 2 0 6067 
4 2 0 6068 
4 2 0 6069 
4 2 0 6072 
4 2 0 6073 
4 2 0 6076 
4 2 0 6080 
4 2 0 6081 
4 2 0 6084 
4 2 0 6085 
4 2 0 6088 
4 2 0 6092 
4 2 0 6095 
4 2 0 6098 
4 2 0 6099 
4 2 0 6100 
4 2 0 6101 
4 2 0 6104 
4 2 0 6105 
4 2 0 6106 
4 2 0 6107 
4 2 0 6110 
4 2 0 6111 
4 2 0 6112 
4 2 0 6115 
4 2 0 6118 
4 2 0 6121 
4 2 0 6124 
4 2 0 6127 
4 2 0 6128 
4 2 0 6131 
4 2 0 6134 
4 2 0 6135 
4 2 0 6138 
4 2 0 6139 
4 2 0 6140 
4 2 0 6143 
4 2 0 6144 
1 1 0 
1 2 0 6194 
2 1 0 
3 2 6195 6196 
1 2 0 6197 
1 2 0 6198 
2 2 0 6197 
3 2 6199 6200 
1 2 0 6201 
1 2 0 6202 
1 2 0 6203 
2 2 0 6202 
3 2 6204 6205 
1 2 0 6206 
2 2 0 6203 
3 2 6207 6208 
1 2 0 6209 
2 2 0 6206 
3 2 6210 6211 
1 2 0 6212 
2 2 0 6209 
3 2 6213 6214 
1 2 0 6215 
1 2 0 6216 
2 2 0 6215 
3 2 6217 6218 
1 2 0 6219 
2 2 0 6215 
3 2 6220 6221 
1 2 0 6222 
1 2 0 6223 
2 2 0 6222 
3 2 6224 6225 
1 2 0 6226 
1 2 0 6227 
1 2 0 6228 
2 2 0 6227 
3 2 6229 6230 
1 2 0 6231 
1 2 0 6232 
2 2 0 6231 
3 2 6233 6234 
1 2 0 6235 
1 2 0 6236 
2 2 0 6235 
3 2 6237 6238 
1 2 0 6239 
2 2 0 6236 
3 2 6240 6241 
1 2 0 6242 
2 2 0 6239 
3 2 6243 6244 
1 2 0 6245 
1 2 0 6246 
1 2 0 6247 
2 2 0 6246 
3 2 6248 6249 
1 2 0 6250 
1 2 0 6251 
1 2 0 6252 
2 2 0 6251 
3 2 6253 6254 
1 2 0 6255 
1 2 0 6256 
1 2 0 6257 
2 2 0 6256 
3 2 6258 6259 
1 2 0 6260 
2 2 0 6257 
3 2 6261 6262 
1 2 0 6263 
2 2 0 6260 
3 2 6264 6265 
1 2 0 6266 
2 2 0 6263 
3 2 6267 6268 
1 2 0 6269 
1 2 0 6270 
2 2 0 6269 
3 2 6271 6272 
1 2 0 6273 
1 2 0 6274 
1 2 0 6275 
2 2 0 6274 
3 2 6276 6277 
1 2 0 6278 
1 2 0 6279 
2 2 0 6278 
3 2 6280 6281 
1 2 0 6282 
1 2 0 6283 
1 2 0 6284 
2 2 0 6283 
3 2 6285 6286 
1 2 0 6287 
2 2 0 6283 
2 2 0 6284 
3 3 6288 6289 6290 
1 2 0 6291 
2 2 0 6287 
3 2 6292 6293 
1 2 0 6294 
2 2 0 6291 
3 2 6295 6296 
1 2 0 6297 
2 2 0 6294 
3 2 6298 6299 
1 2 0 6300 
1 2 0 6301 
2 2 0 6300 
3 2 6302 6303 
1 2 0 6304 
2 2 0 6300 
2 2 0 6301 
3 3 6305 6306 6307 
1 2 0 6308 
1 2 0 6309 
4 1 0 
4 2 0 6194 
4 2 0 6197 
4 2 0 6198 
4 2 0 6201 
4 2 0 6202 
4 2 0 6203 
4 2 0 6206 
4 2 0 6209 
4 2 0 6212 
4 2 0 6215 
4 2 0 6216 
4 2 0 6219 
4 2 0 6222 
4 2 0 6223 
4 2 0 6226 
4 2 0 6227 
4 2 0 6228 
4 2 0 6231 
4 2 0 6232 
4 2 0 6235 
4 2 0 6236 
4 2 0 6239 
4 2 0 6242 
4 2 0 6245 
4 2 0 6246 
4 2 0 6247 
4 2 0 6250 
4 2 0 6251 
4 2 0 6252 
4 2 0 6255 
4 2 0 6256 
4 2 0 6257 
4 2 0 6260 
4 2 0 6263 
4 2 0 6266 
4 2 0 6269 
4 2 0 6270 
4 2 0 6273 
4 2 0 6274 
4 2 0 6275 
4 2 0 6278 
4 2 0 6279 
4 2 0 6282 
4 2 0 6283 
4 2 0 6284 
4 2 0 6287 
4 2 0 6291 
4 2 0 6294 
4 2 0 6297 
4 2 0 6300 
4 2 0 6301 
4 2 0 6304 
4 2 0 6308 
4 2 0 6309 
4 2 0 6310 
1 1 0 
1 2 0 6367 
2 1 0 
3 2 6368 6369 
1 2 0 6370 
2 1 0 
2 2 0 6367 
3 3 6371 6372 6373 
1 2 0 6374 
1 2 0 6375 
2 2 0 6374 
3 2 6376 6377 
1 2 0 6378 
2 2 0 6374 
2 2 0 6375 
3 3 6379 6380 6381 
1 2 0 6382 
2 2 0 6378 
3 2 6383 6384 
1 2 0 6385 
2 2 0 6382 
3 2 6386 6387 
1 2 0 6388 
2 2 0 6382 
3 2 6389 6390 
1 2 0 6391 
1 2 0 6392 
2 2 0 6391 
3 2 6393 6394 
1 2 0 6395 
2 2 0 6391 
2 2 0 6392 
3 3 6396 6397 6398 
1 2 0 6399 
2 2 0 6391 
2 2 0 6392 
2 2 0 6395 
3 4 6400 6401 6402 6403 
1 2 0 6404 
1 2 0 6405 
1 2 0 6406 
2 2 0 6405 
3 2 6407 6408 
1 2 0 6409 
1 2 0 6410 
2 2 0 6409 
3 2 6411 6412 
1 2 0 6413 
2 2 0 6410 
3 2 6414 6415 
1 2 0 6416 
2 2 0 6413 
3 2 6417 6418 
1 2 0 6419 
1 2 0 6420 
2 2 0 6419 
3 2 6421 6422 
1 2 0 6423 
1 2 0 6424 
1 2 0 6425 
2 2 0 6424 
3 2 6426 6427 
1 2 0 6428 
2 2 0 6424 
2 2 0 6425 
3 3 6429 6430 6431 
1 2 0 6432 
2 2 0 6428 
3 2 6433 6434 
1 2 0 6435 
1 2 0 6436 
1 2 0 6437 
2 2 0 6436 
3 2 6438 6439 
1 2 0 6440 
1 2 0 6441 
1 2 0 6442 
2 2 0 6441 
3 2 6443 6444 
1 2 0 6445 
2 2 0 6441 
2 2 0 6442 
3 3 6446 6447 6448 
1 2 0 6449 
1 2 0 6450 
2 2 0 6449 
3 2 6451 6452 
1 2 0 6453 
1 2 0 6454 
2 2 0 6453 
3 2 6455 6456 
1 2 0 6457 
2 2 0 6454 
3 2 6458 6459 
1 2 0 6460 
2 2 0 6457 
3 2 6461 6462 
1 2 0 6463 
1 2 0 6464 
1 2 0 6465 
2 2 0 6464 
3 2 6466 6467 
1 2 0 6468 
1 2 0 6469 
2 2 0 6468 
3 2 6470 6471 
1 2 0 6472 
1 2 0 6473 
1 2 0 6474 
2 2 0 6473 
3 2 6475 6476 
1 2 0 6477 
1 2 0 6478 
1 2 0 6479 
2 2 0 6478 
3 2 6480 6481 
1 2 0 6482 
1 2 0 6483 
2 2 0 6482 
3 2 6484 6485 
1 2 0 6486 
1 2 0 6487 
2 2 0 6486 
3 2 6488 6489 
1 2 0 6490 
2 2 0 6487 
3 2 6491 6492 
1 2 0 6493 
1 2 0 6494 
2 2 0 6493 
3 2 6495 6496 
1 2 0 6497 
1 2 0 6498 
2 2 0 6497 
3 2 6499 6500 
1 2 0 6501 
2 2 0 6498 
3 2 6502 6503 
1 2 0 6504 
1 2 0 6505 
1 2 0 6506 
2 2 0 6505 
3 2 6507 6508 
1 2 0 6509 
1 2 0 6510 
1 2 0 6511 
2 2 0 6510 
3 2 6512 6513 
1 2 0 6514 
1 2 0 6515 
1 2 0 6516 
2 2 0 6515 
3 2 6517 6518 
1 2 0 6519 
4 1 0 
4 2 0 6367 
4 2 0 6370 
4 2 0 6374 
4 2 0 6375 
4 2 0 6378 
4 2 0 6382 
4 2 0 6385 
4 2 0 6388 
4 2 0 6391 
4 2 0 6392 
4 2 0 6395 
4 2 0 6399 
4 2 0 6404 
4 2 0 6405 
4 2 0 6406 
4 2 0 6409 
4 2 0 6410 
4 2 0 6413 
4 2 0 6416 
4 2 0 6419 
4 2 0 6420 
4 2 0 6423 
4 2 0 6424 
4 2 0 6425 
4 2 0 6428 
4 2 0 6432 
4 2 0 6435 
4 2 0 6436 
4 2 0 6437 
4 2 0 6440 
4 2 0 6441 
4 2 0 6442 
4 2 0 6445 
4 2 0 6449 
4 2 0 6450 
4 2 0 6453 
4 2 0 6454 
4 2 0 6457 
4 2 0 6460 
4 2 0 6463 
4 2 0 6464 
4 2 0 6465 
4 2 0 6468 
4 2 0 6469 
4 2 0 6472 
4 2 0 6473 
4 2 0 6474 
4 2 0 6477 
4 2 0 6478 
4 2 0 6479 
4 2 0 6482 
4 2 0 6483 
4 2 0 6486 
4 2 0 6487 
4 2 0 6490 
4 2 0 6493 
4 2 0 6494 
4 2 0 6497 
4 2 0 6498 
4 2 0 6501 
4 2 0 6504 
4 2 0 6505 
4 2 0 6506 
4 2 0 6509 
4 2 0 6510 
4 2 0 6511 
4 2 0 6514 
4 2 0 6515 
4 2 0 6516 
4 2 0 6519 
4 2 0 6520 
1 1 0 
1 2 0 6593 
2 1 0 
3 2 6594 6595 
1 2 0 6596 
2 2 0 6593 
3 2 6597 6598 
1 2 0 6599 
1 2 0 6600 
2 2 0 6599 
3 2 6601 6602 
1 2 0 6603 
2 2 0 6600 
3 2 6604 6605 
1 2 0 6606 
1 2 0 6607 
1 2 0 6608 
2 2 0 6607 
3 2 6609 6610 
1 2 0 6611 
2 2 0 6607 
2 2 0 6608 
3 3 6612 6613 6614 
1 2 0 6615 
2 2 0 6611 
3 2 6616 6617 
1 2 0 6618 
2 2 0 6615 
3 2 6619 6620 
1 2 0 6621 
2 2 0 6615 
2 2 0 6618 
3 3 6622 6623 6624 
1 2 0 6625 
1 2 0 6626 
2 2 0 6625 
3 2 6627 6628 
1 2 0 6629 
1 2 0 6630 
2 2 0 6629 
3 2 6631 6632 
1 2 0 6633 
2 2 0 6629 
2 2 0 6630 
3 3 6634 6635 6636 
1 2 0 6637 
2 2 0 6629 
2 2 0 6630 
2 2 0 6633 
3 4 6638 6639 6640 6641 
1 2 0 6642 
2 2 0 6637 
3 2 6643 6644 
1 2 0 6645 
1 2 0 6646 
2 2 0 6645 
3 2 6647 6648 
1 2 0 6649 
2 2 0 6646 
3 2 6650 6651 
1 2 0 6652 
1 2 0 6653 
1 2 0 6654 
2 2 0 6653 
3 2 6655 6656 
1 2 0 6657 
1 2 0 6658 
1 2 0 6659 
2 2 0 6658 
3 2 6660 6661 
1 2 0 6662 
2 2 0 6659 
3 2 6663 6664 
1 2 0 6665 
2 2 0 6659 
2 2 0 6662 
3 3 6666 6667 6668 
1 2 0 6669 
1 2 0 6670 
1 2 0 6671 
2 2 0 6670 
3 2 6672 6673 
1 2 0 6674 
1 2 0 6675 
2 2 0 6674 
3 2 6676 6677 
1 2 0 6678 
1 2 0 6679 
4 1 0 
4 2 0 6593 
4 2 0 6596 
4 2 0 6599 
4 2 0 6600 
4 2 0 6603 
4 2 0 6606 
4 2 0 6607 
4 2 0 6608 
4 2 0 6611 
4 2 0 6615 
4 2 0 6618 
4 2 0 6621 
4 2 0 6625 
4 2 0 6626 
4 2 0 6629 
4 2 0 6630 
4 2 0 6633 
4 2 0 6637 
4 2 0 6642 
4 2 0 6645 
4 2 0 6646 
4 2 0 6649 
4 2 0 6652 
4 2 0 6653 
4 2 0 6654 
4 2 0 6657 
4 2 0 6658 
4 2 0 6659 
4 2 0 6662 
4 2 0 6665 
4 2 0 6669 
4 2 0 6670 
4 2 0 6671 
4 2 0 6674 
4 2 0 6675 
4 2 0 6678 
4 2 0 6679 
4 2 0 6680 
1 1 0 
1 2 0 6720 
2 1 0 
3 2 6721 6722 
1 2 0 6723 
1 2 0 6724 
1 2 0 6725 
1 2 0 6726 
1 2 0 6727 
2 2 0 6726 
3 2 6728 6729 
1 2 0 6730 
2 2 0 6727 
3 2 6731 6732 
1 2 0 6733 
2 2 0 6730 
3 2 6734 6735 
1 2 0 6736 
4 1 0 
4 2 0 6720 
4 2 0 6723 
4 2 0 6724 
4 2 0 6725 
4 2 0 6726 
4 2 0 6727 
4 2 0 6730 
4 2 0 6733 
4 2 0 6736 
4 2 0 6737 
1 1 0 
1 2 0 6749 
2 1 0 
3 2 6750 6751 
1 2 0 6752 
1 2 0 6753 
2 2 0 6752 
3 2 6754 6755 
1 2 0 6756 
1 2 0 6757 
2 2 0 6756 
3 2 6758 6759 
1 2 0 6760 
2 2 0 6757 
3 2 6761 6762 
1 2 0 6763 
2 2 0 6757 
3 2 6764 6765 
1 2 0 6766 
2 2 0 6763 
3 2 6767 6768 
1 2 0 6769 
1 2 0 6770 
1 2 0 6771 
2 2 0 6770 
3 2 6772 6773 
1 2 0 6774 
2 2 0 6771 
3 2 6775 6776 
1 2 0 6777 
2 2 0 6774 
3 2 6778 6779 
1 2 0 6780 
1 2 0 6781 
2 2 0 6780 
3 2 6782 6783 
1 2 0 6784 
1 2 0 6785 
2 2 0 6784 
3 2 6786 6787 
1 2 0 6788 
2 2 0 6785 
3 2 6789 6790 
1 2 0 6791 
2 2 0 6788 
3 2 6792 6793 
1 2 0 6794 
1 2 0 6795 
2 2 0 6794 
3 2 6796 6797 
1 2 0 6798 
1 2 0 6799 
2 2 0 6798 
3 2 6800 6801 
4 1 0 
4 2 0 6749 
4 2 0 6752 
4 2 0 6753 
4 2 0 6756 
4 2 0 6757 
4 2 0 6760 
4 2 0 6763 
4 2 0 6766 
4 2 0 6769 
4 2 0 6770 
4 2 0 6771 
4 2 0 6774 
4 2 0 6777 
4 2 0 6780 
4 2 0 6781 
4 2 0 6784 
4 2 0 6785 
4 2 0 6788 
4 2 0 6791 
4 2 0 6794 
4 2 0 6795 
4 2 0 6798 
4 2 0 6799 
4 2 0 6802 
1 1 0 
1 2 0 6828 
2 1 0 
3 2 6829 6830 
1 2 0 6831 
2 1 0 
2 2 0 6828 
3 3 6832 6833 6834 
1 2 0 6835 
2 2 0 6831 
3 2 6836 6837 
1 2 0 6838 
2 2 0 6835 
3 2 6839 6840 
1 2 0 6841 
1 2 0 6842 
2 2 0 6841 
3 2 6843 6844 
1 2 0 6845 
1 2 0 6846 
2 2 0 6845 
3 2 6847 6848 
1 2 0 6849 
2 2 0 6845 
2 2 0 6846 
3 3 6850 6851 6852 
1 2 0 6853 
2 2 0 6845 
2 2 0 6846 
2 2 0 6849 
3 4 6854 6855 6856 6857 
1 2 0 6858 
4 1 0 
4 2 0 6828 
4 2 0 6831 
4 2 0 6835 
4 2 0 6838 
4 2 0 6841 
4 2 0 6842 
4 2 0 6845 
4 2 0 6846 
4 2 0 6849 
4 2 0 6853 
4 2 0 6858 
4 2 0 6859 
1 1 0 
1 2 0 6873 
2 1 0 
3 2 6874 6875 
1 2 0 6876 
1 2 0 6877 
2 2 0 6876 
3 2 6878 6879 
1 2 0 6880 
1 2 0 6881 
1 2 0 6882 
2 2 0 6881 
3 2 6883 6884 
1 2 0 6885 
2 2 0 6882 
3 2 6886 6887 
1 2 0 6888 
2 2 0 6885 
3 2 6889 6890 
1 2 0 6891 
2 2 0 6885 
3 2 6892 6893 
1 2 0 6894 
2 2 0 6891 
3 2 6895 6896 
1 2 0 6897 
1 2 0 6898 
1 2 0 6899 
2 2 0 6898 
3 2 6900 6901 
1 2 0 6902 
2 2 0 6899 
3 2 6903 6904 
1 2 0 6905 
2 2 0 6902 
3 2 6906 6907 
1 2 0 6908 
2 2 0 6905 
3 2 6909 6910 
1 2 0 6911 
2 2 0 6908 
3 2 6912 6913 
1 2 0 6914 
1 2 0 6915 
2 2 0 6914 
3 2 6916 6917 
1 2 0 6918 
1 2 0 6919 
2 2 0 6918 
3 2 6920 6921 
1 2 0 6922 
4 1 0 
4 2 0 6873 
4 2 0 6876 
4 2 0 6877 
4 2 0 6880 
4 2 0 6881 
4 2 0 6882 
4 2 0 6885 
4 2 0 6888 
4 2 0 6891 
4 2 0 6894 
4 2 0 6897 
4 2 0 6898 
4 2 0 6899 
4 2 0 6902 
4 2 0 6905 
4 2 0 6908 
4 2 0 6911 
4 2 0 6914 
4 2 0 6915 
4 2 0 6918 
4 2 0 6919 
4 2 0 6922 
4 2 0 6923 
1 1 0 
1 2 0 6948 
1 2 0 6949 
2 2 0 6948 
3 2 6950 6951 
1 2 0 6952 
1 2 0 6953 
1 2 0 6954 
2 2 0 6953 
3 2 6955 6956 
1 2 0 6957 
2 2 0 6954 
3 2 6958 6959 
1 2 0 6960 
2 2 0 6957 
3 2 6961 6962 
1 2 0 6963 
1 2 0 6964 
2 2 0 6963 
3 2 6965 6966 
1 2 0 6967 
2 2 0 6964 
3 2 6968 6969 
1 2 0 6970 
1 2 0 6971 
2 2 0 6970 
3 2 6972 6973 
1 2 0 6974 
1 2 0 6975 
1 2 0 6976 
2 2 0 6975 
3 2 6977 6978 
1 2 0 6979 
1 2 0 6980 
2 2 0 6979 
3 2 6981 6982 
1 2 0 6983 
1 2 0 6984 
2 2 0 6983 
3 2 6985 6986 
1 2 0 6987 
1 2 0 6988 
2 2 0 6987 
3 2 6989 6990 
1 2 0 6991 
1 2 0 6992 
2 2 0 6991 
3 2 6993 6994 
1 2 0 6995 
1 2 0 6996 
1 2 0 6997 
2 2 0 6996 
3 2 6998 6999 
1 2 0 7000 
1 2 0 7001 
2 2 0 7000 
3 2 7002 7003 
1 2 0 7004 
1 2 0 7005 
1 2 0 7006 
2 2 0 7005 
3 2 7007 7008 
1 2 0 7009 
2 2 0 7006 
3 2 7010 7011 
1 2 0 7012 
2 2 0 7009 
3 2 7013 7014 
1 2 0 7015 
1 2 0 7016 
1 2 0 7017 
2 2 0 7016 
3 2 7018 7019 
1 2 0 7020 
2 2 0 7017 
3 2 7021 7022 
1 2 0 7023 
1 2 0 7024 
2 2 0 7023 
3 2 7025 7026 
1 2 0 7027 
1 2 0 7028 
1 2 0 7029 
1 2 0 7030 
1 2 0 7031 
2 2 0 7030 
3 2 7032 7033 
1 2 0 7034 
1 2 0 7035 
2 2 0 7030 
2 2 0 7034 
3 3 7036 7037 7038 
1 2 0 7039 
1 2 0 7040 
1 2 0 7041 
1 2 0 7042 
1 2 0 7043 
2 2 0 7042 
3 2 7044 7045 
1 2 0 7046 
1 2 0 7047 
4 1 0 
4 2 0 6948 
4 2 0 6949 
4 2 0 6952 
4 2 0 6953 
4 2 0 6954 
4 2 0 6957 
4 2 0 6960 
4 2 0 6963 
4 2 0 6964 
4 2 0 6967 
4 2 0 6970 
4 2 0 6971 
4 2 0 6974 
4 2 0 6975 
4 2 0 6976 
4 2 0 6979 
4 2 0 6980 
4 2 0 6983 
4 2 0 6984 
4 2 0 6987 
4 2 0 6988 
4 2 0 6991 
4 2 0 6992 
4 2 0 6995 
4 2 0 6996 
4 2 0 6997 
4 2 0 7000 
4 2 0 7001 
4 2 0 7004 
4 2 0 7005 
4 2 0 7006 
4 2 0 7009 
4 2 0 7012 
4 2 0 7015 
4 2 0 7016 
4 2 0 7017 
4 2 0 7020 
4 2 0 7023 
4 2 0 7024 
4 2 0 7027 
4 2 0 7028 
4 2 0 7029 
4 2 0 7030 
4 2 0 7031 
4 2 0 7034 
4 2 0 7035 
4 2 0 7039 
4 2 0 7040 
4 2 0 7041 
4 2 0 7042 
4 2 0 7043 
4 2 0 7046 
4 2 0 7047 
4 2 0 7048 
102 2343 89 90 91 92 93 94 95 96 97 98 99 100 101 102 103 104 105 106 107 108 109 110 111 112 113 114 115 116 117 118 119 120 121 122 123 124 125 126 127 128 129 130 131 132 133 234 235 236 237 238 239 240 241 242 243 244 245 246 247 248 249 250 251 252 253 254 255 256 257 258 259 260 261 262 263 264 265 266 267 268 269 270 271 272 273 274 275 276 277 278 279 280 281 282 359 360 361 362 363 364 365 366 367 368 369 370 371 372 373 374 375 376 377 378 379 380 381 382 383 384 385 386 387 388 389 390 391 392 393 394 469 470 471 472 473 474 475 476 477 478 479 480 481 482 483 484 485 486 487 488 489 490 491 492 493 494 495 496 497 498 499 500 501 502 503 504 505 506 507 508 536 537 538 539 540 541 542 543 544 545 546 547 548 575 576 577 578 579 580 581 582 583 584 585 586 682 683 684 685 686 687 688 689 690 691 692 693 694 695 696 697 698 699 700 701 702 703 704 705 706 707 708 709 710 711 712 713 714 715 716 717 718 719 720 721 722 740 741 742 743 744 745 746 747 795 796 797 798 799 800 801 802 803 804 805 806 807 808 809 810 811 812 813 814 815 816 817 818 819 820 872 873 874 875 876 877 878 879 880 881 882 883 884 885 886 887 888 889 890 891 892 893 894 895 896 996 997 998 999 1000 1001 1002 1003 1004 1005 1006 1007 1008 1009 1010 1011 1012 1013 1014 1015 1016 1017 1018 1019 1020 1021 1022 1023 1024 1025 1026 1027 1028 1029 1030 1031 1032 1033 1034 1035 1036 1037 1038 1039 1040 1041 1042 1043 1044 1045 1046 1047 1120 1121 1122 1123 1124 1125 1126 1127 1128 1129 1130 1131 1132 1133 1134 1135 1136 1137 1138 1139 1140 1141 1142 1143 1144 1145 1146 1147 1148 1149 1150 1151 1152 1153 1154 1155 1156 1252 1253 1254 1255 1256 1257 1258 1259 1260 1261 1262 1263 1264 1265 1266 1267 1268 1269 1270 1271 1272 1273 1274 1275 1276 1277 1278 1279 1280 1281 1282 1283 1284 1285 1286 1287 1288 1289 1290 1291 1292 1293 1294 1295 1296 1297 1298 1339 1340 1341 1342 1343 1344 1345 1346 1347 1348 1349 1350 1351 1352 1353 1354 1355 1356 1357 1382 1383 1384 1385 1386 1387 1388 1389 1390 1391 1392 1435 1436 1437 1438 1439 1440 1441 1442 1443 1444 1445 1446 1447 1448 1449 1450 1451 1452 1453 1454 1455 1456 1605 1606 1607 1608 1609 1610 1611 1612 1613 1614 1615 1616 1617 1618 1619 1620 1621 1622 1623 1624 1625 1626 1627 1628 1629 1630 1631 1632 1633 1634 1635 1636 1637 1638 1639 1640 1641 1642 1643 1644 1645 1646 1647 1648 1649 1650 1651 1652 1653 1654 1655 1656 1657 1658 1659 1660 1661 1662 1663 1664 1665 1666 1667 1668 1669 1670 1671 1672 1673 1674 1675 1811 1812 1813 1814 1815 1816 1817 1818 1819 1820 1821 1822 1823 1824 1825 1826 1827 1828 1829 1830 1831 1832 1833 1834 1835 1836 1837 1838 1839 1840 1841 1842 1843 1844 1845 1846 1847 1848 1849 1850 1851 1852 1853 1854 1855 1856 1857 1858 1859 1860 1861 1862 1863 1864 1865 1866 1935 1936 1937 1938 1939 1940 1941 1942 1943 1944 1945 1946 1947 1948 1949 1950 1951 1952 1953 1954 1955 1956 1957 1958 1959 1960 1961 1962 1963 1964 1965 1966 2008 2009 2010 2011 2012 2013 2014 2015 2016 2017 2018 2019 2020 2021 2022 2023 2024 2025 2026 2027 2028 2029 2030 2031 2063 2064 2065 2066 2067 2068 2069 2070 2071 2072 2073 2074 2075 2076 2077 2078 2079 2080 2081 2154 2155 2156 2157 2158 2159 2160 2161 2162 2163 2164 2165 2166 2167 2168 2169 2170 2171 2172 2173 2174 2175 2176 2177 2178 2179 2180 2181 2182 2183 2184 2185 2186 2187 2188 2189 2190 2191 2267 2268 2269 2270 2271 2272 2273 2274 2275 2276 2277 2278 2279 2280 2281 2282 2283 2284 2285 2286 2287 2288 2289 2290 2291 2292 2293 2294 2295 2296 2297 2298 2299 2300 2301 2302 2303 2304 2305 2306 2350 2351 2352 2353 2354 2355 2356 2357 2358 2359 2360 2361 2362 2363 2364 2365 2366 2367 2368 2369 2370 2371 2582 2583 2584 2585 2586 2587 2588 2589 2590 2591 2592 2593 2594 2595 2596 2597 2598 2599 2600 2601 2602 2603 2604 2605 2606 2607 2608 2609 2610 2611 2612 2613 2614 2615 2616 2617 2618 2619 2620 2621 2622 2623 2624 2625 2626 2627 2628 2629 2630 2631 2632 2633 2634 2635 2636 2637 2638 2639 2640 2641 2642 2643 2644 2645 2646 2647 2648 2649 2650 2651 2652 2653 2654 2655 2656 2657 2658 2659 2660 2661 2662 2663 2664 2665 2666 2667 2668 2669 2670 2671 2672 2673 2674 2675 2676 2677 2861 2862 2863 2864 2865 2866 2867 2868 2869 2870 2871 2872 2873 2874 2875 2876 2877 2878 2879 2880 2881 2882 2883 2884 2885 2886 2887 2888 2889 2890 2891 2892 2893 2894 2895 2896 2897 2898 2899 2900 2901 2902 2903 2904 2905 2906 2907 2908 2909 2910 2911 2912 2913 2914 2915 2916 2917 2918 2919 2920 2921 2922 2923 2924 2925 2926 2927 2928 2929 2930 2931 2932 2933 2934 2935 2936 2937 2938 2939 2940 2941 2942 2943 2944 2945 2946 2947 2948 2949 2950 2951 2952 2953 2954 2955 2956 2957 2976 2977 2978 2979 2980 2981 2982 2983 2984 2985 2986 3013 3014 3015 3016 3017 3018 3019 3020 3021 3022 3023 3024 3025 3114 3115 3116 3117 3118 3119 3120 3121 3122 3123 3124 3125 3126 3127 3128 3129 3130 3131 3132 3133 3134 3135 3136 3137 3138 3139 3140 3141 3142 3143 3144 3145 3146 3147 3148 3149 3150 3151 3152 3153 3154 3155 3156 3222 3223 3224 3225 3226 3227 3228 3229 3230 3231 3232 3233 3234 3235 3236 3237 3238 3239 3240 3241 3242 3243 3244 3245 3246 3247 3248 3249 3250 3251 3252 3253 3254 3255 3256 3347 3348 3349 3350 3351 3352 3353 3354 3355 3356 3357 3358 3359 3360 3361 3362 3363 3364 3365 3366 3367 3368 3369 3370 3371 3372 3373 3374 3375 3376 3377 3378 3379 3380 3381 3382 3383 3384 3385 3528 3529 3530 3531 3532 3533 3534 3535 3536 3537 3538 3539 3540 3541 3542 3543 3544 3545 3546 3547 3548 3549 3550 3551 3552 3553 3554 3555 3556 3557 3558 3559 3560 3561 3562 3563 3564 3565 3566 3567 3568 3569 3570 3571 3572 3573 3574 3575 3576 3577 3578 3579 3580 3581 3582 3583 3584 3585 3586 3620 3621 3622 3623 3624 3625 3626 3627 3628 3629 3630 3631 3632 3633 3634 3635 3636 3735 3736 3737 3738 3739 3740 3741 3742 3743 3744 3745 3746 3747 3748 3749 3750 3751 3752 3753 3754 3755 3756 3757 3758 3759 3760 3761 3762 3763 3764 3765 3766 3767 3768 3769 3770 3771 3772 3773 3774 3775 3776 3777 3778 3779 3780 3781 3782 3783 3784 3818 3819 3820 3821 3822 3823 3824 3825 3826 3827 3828 3829 3830 3831 3832 3833 3866 3867 3868 3869 3870 3871 3872 3873 3874 3875 3876 3877 3878 4006 4007 4008 4009 4010 4011 4012 4013 4014 4015 4016 4017 4018 4019 4020 4021 4022 4023 4024 4025 4026 4027 4028 4029 4030 4031 4032 4033 4034 4035 4036 4037 4038 4039 4040 4041 4042 4043 4044 4045 4046 4047 4048 4049 4050 4051 4052 4053 4054 4055 4056 4057 4058 4059 4060 4061 4062 4063 4188 4189 4190 4191 4192 4193 4194 4195 4196 4197 4198 4199 4200 4201 4202 4203 4204 4205 4206 4207 4208 4209 4210 4211 4212 4213 4214 4215 4216 4217 4218 4219 4220 4221 4222 4223 4224 4225 4226 4227 4228 4229 4230 4231 4232 4233 4234 4235 4236 4237 4238 4239 4240 4241 4242 4243 4244 4245 4246 4247 4248 4249 4250 4251 4252 4349 4350 4351 4352 4353 4354 4355 4356 4357 4358 4359 4360 4361 4362 4363 4364 4365 4366 4367 4368 4369 4370 4371 4372 4373 4374 4375 4376 4377 4378 4379 4380 4381 4382 4383 4384 4385 4386 4387 4388 4389 4390 4391 4392 4393 4394 4395 4396 4397 4464 4465 4466 4467 4468 4469 4470 4471 4472 4473 4474 4475 4476 4477 4478 4479 4480 4481 4482 4483 4484 4485 4486 4487 4488 4489 4490 4491 4492 4493 4494 4495 4496 4497 4498 4499 4602 4603 4604 4605 4606 4607 4608 4609 4610 4611 4612 4613 4614 4615 4616 4617 4618 4619 4620 4621 4622 4623 4624 4625 4626 4627 4628 4629 4630 4631 4632 4633 4634 4635 4636 4637 4638 4639 4640 4641 4642 4643 4644 4645 4646 4647 4648 4649 4650 4685 4686 4687 4688 4689 4690 4691 4692 4693 4694 4695 4696 4697 4698 4699 4700 4765 4766 4767 4768 4769 4770 4771 4772 4773 4774 4775 4776 4777 4778 4779 4780 4781 4782 4783 4784 4785 4786 4787 4788 4789 4790 4791 4792 4793 4794 4869 4870 4871 4872 4873 4874 4875 4876 4877 4878 4879 4880 4881 4882 4883 4884 4885 4886 4887 4888 4889 4890 4891 4892 4893 4894 4895 4896 4897 4898 4899 4900 4901 4902 4903 4953 4954 4955 4956 4957 4958 4959 4960 4961 4962 4963 4964 4965 4966 4967 4968 4969 4970 4971 4972 4973 4974 4975 4976 4977 4978 4979 4980 5053 5054 5055 5056 5057 5058 5059 5060 5061 5062 5063 5064 5065 5066 5067 5068 5069 5070 5071 5072 5073 5074 5075 5076 5077 5078 5079 5080 5081 5082 5083 5084 5085 5121 5122 5123 5124 5125 5126 5127 5128 5129 5130 5131 5132 5133 5134 5135 5136 5137 5138 5192 5193 5194 5195 5196 5197 5198 5199 5200 5201 5202 5203 5204 5205 5206 5207 5208 5209 5210 5211 5212 5213 5214 5215 5216 5217 5218 5308 5309 5310 5311 5312 5313 5314 5315 5316 5317 5318 5319 5320 5321 5322 5323 5324 5325 5326 5327 5328 5329 5330 5331 5332 5333 5334 5335 5336 5337 5338 5339 5340 5341 5342 5343 5344 5345 5346 5347 5348 5349 5350 5351 5352 5353 5396 5397 5398 5399 5400 5401 5402 5403 5404 5405 5406 5407 5408 5409 5410 5411 5412 5413 5414 5415 5416 5417 5418 5419 5420 5421 5422 5488 5489 5490 5491 5492 5493 5494 5495 5496 5497 5498 5499 5500 5501 5502 5503 5504 5505 5506 5507 5508 5509 5510 5511 5512 5513 5514 5515 5516 5517 5518 5519 5520 5521 5522 5523 5524 5613 5614 5615 5616 5617 5618 5619 5620 5621 5622 5623 5624 5625 5626 5627 5628 5629 5630 5631 5632 5633 5634 5635 5636 5637 5638 5639 5640 5641 5642 5643 5644 5645 5646 5647 5648 5649 5650 5651 5652 5653 5654 5730 5731 5732 5733 5734 5735 5736 5737 5738 5739 5740 5741 5742 5743 5744 5745 5746 5747 5748 5749 5750 5751 5752 5753 5754 5755 5756 5757 5758 5759 5760 5761 5762 5763 5764 5765 5766 5767 5850 5851 5852 5853 5854 5855 5856 5857 5858 5859 5860 5861 5862 5863 5864 5865 5866 5867 5868 5869 5870 5871 5872 5873 5874 5875 5876 5877 5878 5879 5880 5881 5882 5883 5884 5885 5886 5887 5888 5889 5992 5993 5994 5995 5996 5997 5998 5999 6000 6001 6002 6003 6004 6005 6006 6007 6008 6009 6010 6011 6012 6013 6014 6015 6016 6017 6018 6019 6020 6021 6022 6023 6024 6025 6026 6027 6028 6029 6030 6031 6032 6033 6034 6035 6036 6037 6038 6039 6040 6041 6042 6145 6146 6147 6148 6149 6150 6151 6152 6153 6154 6155 6156 6157 6158 6159 6160 6161 6162 6163 6164 6165 6166 6167 6168 6169 6170 6171 6172 6173 6174 6175 6176 6177 6178 6179 6180 6181 6182 6183 6184 6185 6186 6187 6188 6189 6190 6191 6192 6193 6311 6312 6313 6314 6315 6316 6317 6318 6319 6320 6321 6322 6323 6324 6325 6326 6327 6328 6329 6330 6331 6332 6333 6334 6335 6336 6337 6338 6339 6340 6341 6342 6343 6344 6345 6346 6347 6348 6349 6350 6351 6352 6353 6354 6355 6356 6357 6358 6359 6360 6361 6362 6363 6364 6365 6366 6521 6522 6523 6524 6525 6526 6527 6528 6529 6530 6531 6532 6533 6534 6535 6536 6537 6538 6539 6540 6541 6542 6543 6544 6545 6546 6547 6548 6549 6550 6551 6552 6553 6554 6555 6556 6557 6558 6559 6560 6561 6562 6563 6564 6565 6566 6567 6568 6569 6570 6571 6572 6573 6574 6575 6576 6577 6578 6579 6580 6581 6582 6583 6584 6585 6586 6587 6588 6589 6590 6591 6592 6681 6682 6683 6684 6685 6686 6687 6688 6689 6690 6691 6692 6693 6694 6695 6696 6697 6698 6699 6700 6701 6702 6703 6704 6705 6706 6707 6708 6709 6710 6711 6712 6713 6714 6715 6716 6717 6718 6719 6738 6739 6740 6741 6742 6743 6744 6745 6746 6747 6748 6803 6804 6805 6806 6807 6808 6809 6810 6811 6812 6813 6814 6815 6816 6817 6818 6819 6820 6821 6822 6823 6824 6825 6826 6827 6860 6861 6862 6863 6864 6865 6866 6867 6868 6869 6870 6871 6872 6924 6925 6926 6927 6928 6929 6930 6931 6932 6933 6934 6935 6936 6937 6938 6939 6940 6941 6942 6943 6944 6945 6946 6947 7049 7050 7051 7052 7053 7054 7055 7056 7057 7058 7059 7060 7061 7062 7063 7064 7065 7066 7067 7068 7069 7070 7071 7072 7073 7074 7075 7076 7077 7078 7079 7080 7081 7082 7083 7084 7085 7086 7087 7088 7089 7090 7091 7092 7093 7094 7095 7096 7097 7098 7099 7100 7101 7102 7103 
