4862
0 0 
1 0 
1 0 
1 0 
1 0 
1 0 
1 0 
1 0 
2 3 6 7 0 
2 3 5 8 0 
1 0 
1 0 
2 3 10 11 0 
2 3 9 12 0 
2 3 4 13 0 
2 3 3 14 0 
1 0 
1 0 
1 0 
2 3 17 18 0 
1 0 
2 3 19 20 0 
1 0 
1 0 
1 0 
1 0 
2 3 24 25 0 
1 0 
2 3 26 27 0 
1 0 
1 0 
2 3 29 30 0 
2 3 28 31 0 
2 3 23 32 0 
2 3 22 33 0 
2 3 21 34 0 
2 3 16 35 0 
2 3 15 36 0 
2 3 2 37 0 
1 0 
2 3 38 39 0 
2 3 1 40 0 
3 2 0 41 
3 2 0 1 
3 2 0 40 
3 2 0 38 
3 2 0 2 
3 2 0 37 
3 2 0 15 
3 2 0 3 
3 2 0 14 
3 2 0 4 
3 2 0 13 
3 2 0 9 
3 2 0 5 
3 2 0 8 
3 2 0 6 
3 2 0 7 
3 2 0 12 
3 2 0 10 
3 2 0 11 
3 2 0 36 
3 2 0 16 
3 2 0 35 
3 2 0 21 
3 2 0 19 
3 2 0 17 
3 2 0 18 
3 2 0 20 
3 2 0 34 
3 2 0 22 
3 2 0 33 
3 2 0 23 
3 2 0 32 
3 2 0 28 
3 2 0 26 
3 2 0 24 
3 2 0 25 
3 2 0 27 
3 2 0 31 
3 2 0 29 
3 2 0 30 
3 2 0 39 
1 0 
1 0 
1 0 
1 0 
2 3 85 86 0 
2 3 84 87 0 
2 3 83 88 0 
1 0 
2 3 89 90 0 
1 0 
1 0 
1 0 
1 0 
1 0 
1 0 
1 0 
2 3 97 98 0 
1 0 
2 3 99 100 0 
2 3 96 101 0 
1 0 
1 0 
2 3 103 104 0 
2 3 102 105 0 
2 3 95 106 0 
2 3 94 107 0 
2 3 93 108 0 
2 3 92 109 0 
2 3 91 110 0 
1 0 
2 3 111 112 0 
3 2 0 113 
3 2 0 111 
3 2 0 91 
3 2 0 89 
3 2 0 83 
3 2 0 88 
3 2 0 84 
3 2 0 87 
3 2 0 85 
3 2 0 86 
3 2 0 90 
3 2 0 110 
3 2 0 92 
3 2 0 109 
3 2 0 93 
3 2 0 108 
3 2 0 94 
3 2 0 107 
3 2 0 95 
3 2 0 106 
3 2 0 102 
3 2 0 96 
3 2 0 101 
3 2 0 99 
3 2 0 97 
3 2 0 98 
3 2 0 100 
3 2 0 105 
3 2 0 103 
3 2 0 104 
3 2 0 112 
1 0 
1 0 
1 0 
2 3 146 147 0 
1 0 
1 0 
2 3 149 150 0 
2 3 148 151 0 
2 3 145 152 0 
1 0 
1 0 
1 0 
2 3 155 156 0 
1 0 
1 0 
1 0 
1 0 
1 0 
2 3 161 162 0 
2 3 160 163 0 
2 3 159 164 0 
2 3 158 165 0 
2 3 157 166 0 
2 3 154 167 0 
2 3 153 168 0 
1 0 
1 0 
2 3 170 171 0 
1 0 
2 3 172 173 0 
2 3 169 174 0 
3 2 0 175 
3 2 0 169 
3 2 0 153 
3 2 0 145 
3 2 0 152 
3 2 0 148 
3 2 0 146 
3 2 0 147 
3 2 0 151 
3 2 0 149 
3 2 0 150 
3 2 0 168 
3 2 0 154 
3 2 0 167 
3 2 0 157 
3 2 0 155 
3 2 0 156 
3 2 0 166 
3 2 0 158 
3 2 0 165 
3 2 0 159 
3 2 0 164 
3 2 0 160 
3 2 0 163 
3 2 0 161 
3 2 0 162 
3 2 0 174 
3 2 0 172 
3 2 0 170 
3 2 0 171 
3 2 0 173 
1 0 
1 0 
2 3 207 208 0 
1 0 
1 0 
1 0 
1 0 
2 3 212 213 0 
2 3 211 214 0 
2 3 210 215 0 
2 3 209 216 0 
1 0 
2 3 217 218 0 
1 0 
2 3 219 220 0 
1 0 
1 0 
1 0 
1 0 
1 0 
2 3 225 226 0 
1 0 
2 3 227 228 0 
1 0 
2 3 229 230 0 
1 0 
1 0 
1 0 
1 0 
2 3 234 235 0 
2 3 233 236 0 
2 3 232 237 0 
2 3 231 238 0 
2 3 224 239 0 
2 3 223 240 0 
2 3 222 241 0 
2 3 221 242 0 
1 0 
2 3 243 244 0 
3 2 0 245 
3 2 0 243 
3 2 0 221 
3 2 0 219 
3 2 0 217 
3 2 0 209 
3 2 0 207 
3 2 0 208 
3 2 0 216 
3 2 0 210 
3 2 0 215 
3 2 0 211 
3 2 0 214 
3 2 0 212 
3 2 0 213 
3 2 0 218 
3 2 0 220 
3 2 0 242 
3 2 0 222 
3 2 0 241 
3 2 0 223 
3 2 0 240 
3 2 0 224 
3 2 0 239 
3 2 0 231 
3 2 0 229 
3 2 0 227 
3 2 0 225 
3 2 0 226 
3 2 0 228 
3 2 0 230 
3 2 0 238 
3 2 0 232 
3 2 0 237 
3 2 0 233 
3 2 0 236 
3 2 0 234 
3 2 0 235 
3 2 0 244 
1 0 
1 0 
1 0 
2 3 286 287 0 
2 3 285 288 0 
1 0 
2 3 289 290 0 
1 0 
1 0 
1 0 
1 0 
1 0 
2 3 295 296 0 
2 3 294 297 0 
2 3 293 298 0 
2 3 292 299 0 
2 3 291 300 0 
1 0 
2 3 301 302 0 
1 0 
1 0 
1 0 
1 0 
2 3 306 307 0 
1 0 
1 0 
1 0 
1 0 
2 3 311 312 0 
1 0 
2 3 313 314 0 
1 0 
2 3 315 316 0 
2 3 310 317 0 
2 3 309 318 0 
2 3 308 319 0 
2 3 305 320 0 
1 0 
2 3 321 322 0 
2 3 304 323 0 
2 3 303 324 0 
3 2 0 325 
3 2 0 303 
3 2 0 301 
3 2 0 291 
3 2 0 289 
3 2 0 285 
3 2 0 288 
3 2 0 286 
3 2 0 287 
3 2 0 290 
3 2 0 300 
3 2 0 292 
3 2 0 299 
3 2 0 293 
3 2 0 298 
3 2 0 294 
3 2 0 297 
3 2 0 295 
3 2 0 296 
3 2 0 302 
3 2 0 324 
3 2 0 304 
3 2 0 323 
3 2 0 321 
3 2 0 305 
3 2 0 320 
3 2 0 308 
3 2 0 306 
3 2 0 307 
3 2 0 319 
3 2 0 309 
3 2 0 318 
3 2 0 310 
3 2 0 317 
3 2 0 315 
3 2 0 313 
3 2 0 311 
3 2 0 312 
3 2 0 314 
3 2 0 316 
3 2 0 322 
1 0 
1 0 
1 0 
2 3 368 369 0 
1 0 
2 3 370 371 0 
2 3 367 372 0 
1 0 
2 3 373 374 0 
3 2 0 375 
3 2 0 373 
3 2 0 367 
3 2 0 372 
3 2 0 370 
3 2 0 368 
3 2 0 369 
3 2 0 371 
3 2 0 374 
1 0 
1 0 
1 0 
1 0 
1 0 
1 0 
2 3 389 390 0 
2 3 388 391 0 
2 3 387 392 0 
2 3 386 393 0 
2 3 385 394 0 
1 0 
1 0 
1 0 
1 0 
1 0 
2 3 399 400 0 
1 0 
2 3 401 402 0 
1 0 
1 0 
1 0 
1 0 
1 0 
1 0 
2 3 408 409 0 
2 3 407 410 0 
2 3 406 411 0 
2 3 405 412 0 
2 3 404 413 0 
2 3 403 414 0 
2 3 398 415 0 
1 0 
1 0 
1 0 
1 0 
2 3 419 420 0 
2 3 418 421 0 
1 0 
2 3 422 423 0 
1 0 
1 0 
1 0 
1 0 
2 3 427 428 0 
2 3 426 429 0 
2 3 425 430 0 
2 3 424 431 0 
2 3 417 432 0 
2 3 416 433 0 
1 0 
2 3 434 435 0 
2 3 397 436 0 
2 3 396 437 0 
2 3 395 438 0 
3 2 0 439 
3 2 0 395 
3 2 0 385 
3 2 0 394 
3 2 0 386 
3 2 0 393 
3 2 0 387 
3 2 0 392 
3 2 0 388 
3 2 0 391 
3 2 0 389 
3 2 0 390 
3 2 0 438 
3 2 0 396 
3 2 0 437 
3 2 0 397 
3 2 0 436 
3 2 0 434 
3 2 0 416 
3 2 0 398 
3 2 0 415 
3 2 0 403 
3 2 0 401 
3 2 0 399 
3 2 0 400 
3 2 0 402 
3 2 0 414 
3 2 0 404 
3 2 0 413 
3 2 0 405 
3 2 0 412 
3 2 0 406 
3 2 0 411 
3 2 0 407 
3 2 0 410 
3 2 0 408 
3 2 0 409 
3 2 0 433 
3 2 0 417 
3 2 0 432 
3 2 0 424 
3 2 0 422 
3 2 0 418 
3 2 0 421 
3 2 0 419 
3 2 0 420 
3 2 0 423 
3 2 0 431 
3 2 0 425 
3 2 0 430 
3 2 0 426 
3 2 0 429 
3 2 0 427 
3 2 0 428 
3 2 0 435 
1 0 
1 0 
1 0 
1 0 
1 0 
1 0 
2 3 499 500 0 
2 3 498 501 0 
2 3 497 502 0 
2 3 496 503 0 
2 3 495 504 0 
1 0 
2 3 505 506 0 
1 0 
1 0 
1 0 
1 0 
1 0 
1 0 
2 3 512 513 0 
1 0 
1 0 
1 0 
2 3 516 517 0 
1 0 
1 0 
1 0 
1 0 
2 3 521 522 0 
2 3 520 523 0 
2 3 519 524 0 
2 3 518 525 0 
2 3 515 526 0 
2 3 514 527 0 
2 3 511 528 0 
2 3 510 529 0 
2 3 509 530 0 
2 3 508 531 0 
1 0 
1 0 
1 0 
1 0 
1 0 
2 3 536 537 0 
1 0 
1 0 
2 3 539 540 0 
2 3 538 541 0 
2 3 535 542 0 
2 3 534 543 0 
2 3 533 544 0 
2 3 532 545 0 
2 3 507 546 0 
1 0 
2 3 547 548 0 
3 2 0 549 
3 2 0 547 
3 2 0 507 
3 2 0 505 
3 2 0 495 
3 2 0 504 
3 2 0 496 
3 2 0 503 
3 2 0 497 
3 2 0 502 
3 2 0 498 
3 2 0 501 
3 2 0 499 
3 2 0 500 
3 2 0 506 
3 2 0 546 
3 2 0 532 
3 2 0 508 
3 2 0 531 
3 2 0 509 
3 2 0 530 
3 2 0 510 
3 2 0 529 
3 2 0 511 
3 2 0 528 
3 2 0 514 
3 2 0 512 
3 2 0 513 
3 2 0 527 
3 2 0 515 
3 2 0 526 
3 2 0 518 
3 2 0 516 
3 2 0 517 
3 2 0 525 
3 2 0 519 
3 2 0 524 
3 2 0 520 
3 2 0 523 
3 2 0 521 
3 2 0 522 
3 2 0 545 
3 2 0 533 
3 2 0 544 
3 2 0 534 
3 2 0 543 
3 2 0 535 
3 2 0 542 
3 2 0 538 
3 2 0 536 
3 2 0 537 
3 2 0 541 
3 2 0 539 
3 2 0 540 
3 2 0 548 
1 0 
1 0 
2 3 605 606 0 
1 0 
1 0 
1 0 
2 3 609 610 0 
1 0 
1 0 
1 0 
1 0 
1 0 
1 0 
2 3 616 617 0 
2 3 615 618 0 
2 3 614 619 0 
2 3 613 620 0 
1 0 
1 0 
1 0 
2 3 623 624 0 
2 3 622 625 0 
2 3 621 626 0 
2 3 612 627 0 
2 3 611 628 0 
2 3 608 629 0 
1 0 
2 3 630 631 0 
2 3 607 632 0 
3 2 0 633 
3 2 0 607 
3 2 0 605 
3 2 0 606 
3 2 0 632 
3 2 0 630 
3 2 0 608 
3 2 0 629 
3 2 0 611 
3 2 0 609 
3 2 0 610 
3 2 0 628 
3 2 0 612 
3 2 0 627 
3 2 0 621 
3 2 0 613 
3 2 0 620 
3 2 0 614 
3 2 0 619 
3 2 0 615 
3 2 0 618 
3 2 0 616 
3 2 0 617 
3 2 0 626 
3 2 0 622 
3 2 0 625 
3 2 0 623 
3 2 0 624 
3 2 0 631 
1 0 
1 0 
1 0 
2 3 664 665 0 
2 3 663 666 0 
1 0 
1 0 
1 0 
2 3 669 670 0 
2 3 668 671 0 
2 3 667 672 0 
1 0 
1 0 
1 0 
2 3 675 676 0 
1 0 
2 3 677 678 0 
1 0 
1 0 
1 0 
2 3 681 682 0 
2 3 680 683 0 
2 3 679 684 0 
2 3 674 685 0 
2 3 673 686 0 
1 0 
1 0 
1 0 
1 0 
2 3 690 691 0 
2 3 689 692 0 
2 3 688 693 0 
2 3 687 694 0 
1 0 
2 3 695 696 0 
3 2 0 697 
3 2 0 695 
3 2 0 687 
3 2 0 673 
3 2 0 667 
3 2 0 663 
3 2 0 666 
3 2 0 664 
3 2 0 665 
3 2 0 672 
3 2 0 668 
3 2 0 671 
3 2 0 669 
3 2 0 670 
3 2 0 686 
3 2 0 674 
3 2 0 685 
3 2 0 679 
3 2 0 677 
3 2 0 675 
3 2 0 676 
3 2 0 678 
3 2 0 684 
3 2 0 680 
3 2 0 683 
3 2 0 681 
3 2 0 682 
3 2 0 694 
3 2 0 688 
3 2 0 693 
3 2 0 689 
3 2 0 692 
3 2 0 690 
3 2 0 691 
3 2 0 696 
1 0 
1 0 
2 3 733 734 0 
1 0 
1 0 
1 0 
2 3 737 738 0 
2 3 736 739 0 
2 3 735 740 0 
1 0 
1 0 
1 0 
2 3 743 744 0 
1 0 
1 0 
2 3 746 747 0 
1 0 
2 3 748 749 0 
2 3 745 750 0 
2 3 742 751 0 
2 3 741 752 0 
1 0 
2 3 753 754 0 
1 0 
2 3 755 756 0 
1 0 
1 0 
1 0 
1 0 
2 3 760 761 0 
2 3 759 762 0 
2 3 758 763 0 
1 0 
1 0 
1 0 
2 3 766 767 0 
1 0 
1 0 
1 0 
1 0 
2 3 771 772 0 
2 3 770 773 0 
2 3 769 774 0 
2 3 768 775 0 
2 3 765 776 0 
2 3 764 777 0 
1 0 
2 3 778 779 0 
2 3 757 780 0 
3 2 0 781 
3 2 0 757 
3 2 0 755 
3 2 0 753 
3 2 0 741 
3 2 0 735 
3 2 0 733 
3 2 0 734 
3 2 0 740 
3 2 0 736 
3 2 0 739 
3 2 0 737 
3 2 0 738 
3 2 0 752 
3 2 0 742 
3 2 0 751 
3 2 0 745 
3 2 0 743 
3 2 0 744 
3 2 0 750 
3 2 0 748 
3 2 0 746 
3 2 0 747 
3 2 0 749 
3 2 0 754 
3 2 0 756 
3 2 0 780 
3 2 0 778 
3 2 0 764 
3 2 0 758 
3 2 0 763 
3 2 0 759 
3 2 0 762 
3 2 0 760 
3 2 0 761 
3 2 0 777 
3 2 0 765 
3 2 0 776 
3 2 0 768 
3 2 0 766 
3 2 0 767 
3 2 0 775 
3 2 0 769 
3 2 0 774 
3 2 0 770 
3 2 0 773 
3 2 0 771 
3 2 0 772 
3 2 0 779 
1 0 
1 0 
1 0 
1 0 
2 3 833 834 0 
1 0 
2 3 835 836 0 
1 0 
2 3 837 838 0 
1 0 
1 0 
1 0 
2 3 841 842 0 
2 3 840 843 0 
2 3 839 844 0 
2 3 832 845 0 
1 0 
2 3 846 847 0 
2 3 831 848 0 
3 2 0 849 
3 2 0 831 
3 2 0 848 
3 2 0 846 
3 2 0 832 
3 2 0 845 
3 2 0 839 
3 2 0 837 
3 2 0 835 
3 2 0 833 
3 2 0 834 
3 2 0 836 
3 2 0 838 
3 2 0 844 
3 2 0 840 
3 2 0 843 
3 2 0 841 
3 2 0 842 
3 2 0 847 
1 0 
1 0 
2 3 869 870 0 
1 0 
1 0 
1 0 
1 0 
1 0 
2 3 875 876 0 
1 0 
1 0 
1 0 
2 3 879 880 0 
1 0 
1 0 
2 3 882 883 0 
2 3 881 884 0 
1 0 
1 0 
1 0 
2 3 887 888 0 
2 3 886 889 0 
2 3 885 890 0 
2 3 878 891 0 
2 3 877 892 0 
2 3 874 893 0 
2 3 873 894 0 
2 3 872 895 0 
1 0 
2 3 896 897 0 
2 3 871 898 0 
3 2 0 899 
3 2 0 871 
3 2 0 869 
3 2 0 870 
3 2 0 898 
3 2 0 896 
3 2 0 872 
3 2 0 895 
3 2 0 873 
3 2 0 894 
3 2 0 874 
3 2 0 893 
3 2 0 877 
3 2 0 875 
3 2 0 876 
3 2 0 892 
3 2 0 878 
3 2 0 891 
3 2 0 885 
3 2 0 881 
3 2 0 879 
3 2 0 880 
3 2 0 884 
3 2 0 882 
3 2 0 883 
3 2 0 890 
3 2 0 886 
3 2 0 889 
3 2 0 887 
3 2 0 888 
3 2 0 897 
1 0 
1 0 
1 0 
1 0 
1 0 
1 0 
1 0 
2 3 936 937 0 
2 3 935 938 0 
1 0 
1 0 
1 0 
1 0 
1 0 
2 3 943 944 0 
2 3 942 945 0 
2 3 941 946 0 
2 3 940 947 0 
1 0 
2 3 948 949 0 
1 0 
1 0 
1 0 
2 3 952 953 0 
1 0 
1 0 
2 3 955 956 0 
1 0 
1 0 
1 0 
1 0 
1 0 
2 3 961 962 0 
2 3 960 963 0 
2 3 959 964 0 
2 3 958 965 0 
2 3 957 966 0 
2 3 954 967 0 
2 3 951 968 0 
2 3 950 969 0 
2 3 939 970 0 
2 3 934 971 0 
2 3 933 972 0 
2 3 932 973 0 
1 0 
2 3 974 975 0 
2 3 931 976 0 
3 2 0 977 
3 2 0 931 
3 2 0 976 
3 2 0 974 
3 2 0 932 
3 2 0 973 
3 2 0 933 
3 2 0 972 
3 2 0 934 
3 2 0 971 
3 2 0 939 
3 2 0 935 
3 2 0 938 
3 2 0 936 
3 2 0 937 
3 2 0 970 
3 2 0 950 
3 2 0 948 
3 2 0 940 
3 2 0 947 
3 2 0 941 
3 2 0 946 
3 2 0 942 
3 2 0 945 
3 2 0 943 
3 2 0 944 
3 2 0 949 
3 2 0 969 
3 2 0 951 
3 2 0 968 
3 2 0 954 
3 2 0 952 
3 2 0 953 
3 2 0 967 
3 2 0 957 
3 2 0 955 
3 2 0 956 
3 2 0 966 
3 2 0 958 
3 2 0 965 
3 2 0 959 
3 2 0 964 
3 2 0 960 
3 2 0 963 
3 2 0 961 
3 2 0 962 
3 2 0 975 
1 0 
1 0 
1 0 
2 3 1026 1027 0 
2 3 1025 1028 0 
1 0 
2 3 1029 1030 0 
1 0 
1 0 
2 3 1032 1033 0 
1 0 
2 3 1034 1035 0 
1 0 
1 0 
2 3 1037 1038 0 
1 0 
1 0 
2 3 1040 1041 0 
1 0 
1 0 
1 0 
2 3 1044 1045 0 
1 0 
1 0 
1 0 
1 0 
2 3 1049 1050 0 
1 0 
1 0 
1 0 
2 3 1053 1054 0 
1 0 
1 0 
2 3 1056 1057 0 
2 3 1055 1058 0 
2 3 1052 1059 0 
2 3 1051 1060 0 
2 3 1048 1061 0 
2 3 1047 1062 0 
2 3 1046 1063 0 
2 3 1043 1064 0 
2 3 1042 1065 0 
2 3 1039 1066 0 
2 3 1036 1067 0 
2 3 1031 1068 0 
1 0 
2 3 1069 1070 0 
3 2 0 1071 
3 2 0 1069 
3 2 0 1031 
3 2 0 1029 
3 2 0 1025 
3 2 0 1028 
3 2 0 1026 
3 2 0 1027 
3 2 0 1030 
3 2 0 1068 
3 2 0 1036 
3 2 0 1034 
3 2 0 1032 
3 2 0 1033 
3 2 0 1035 
3 2 0 1067 
3 2 0 1039 
3 2 0 1037 
3 2 0 1038 
3 2 0 1066 
3 2 0 1042 
3 2 0 1040 
3 2 0 1041 
3 2 0 1065 
3 2 0 1043 
3 2 0 1064 
3 2 0 1046 
3 2 0 1044 
3 2 0 1045 
3 2 0 1063 
3 2 0 1047 
3 2 0 1062 
3 2 0 1048 
3 2 0 1061 
3 2 0 1051 
3 2 0 1049 
3 2 0 1050 
3 2 0 1060 
3 2 0 1052 
3 2 0 1059 
3 2 0 1055 
3 2 0 1053 
3 2 0 1054 
3 2 0 1058 
3 2 0 1056 
3 2 0 1057 
3 2 0 1070 
1 0 
1 0 
1 0 
1 0 
1 0 
1 0 
2 3 1123 1124 0 
2 3 1122 1125 0 
2 3 1121 1126 0 
2 3 1120 1127 0 
2 3 1119 1128 0 
1 0 
1 0 
1 0 
1 0 
1 0 
1 0 
2 3 1134 1135 0 
1 0 
1 0 
1 0 
2 3 1138 1139 0 
2 3 1137 1140 0 
2 3 1136 1141 0 
2 3 1133 1142 0 
2 3 1132 1143 0 
2 3 1131 1144 0 
1 0 
2 3 1145 1146 0 
2 3 1130 1147 0 
2 3 1129 1148 0 
1 0 
2 3 1149 1150 0 
1 0 
1 0 
1 0 
1 0 
1 0 
1 0 
1 0 
1 0 
1 0 
2 3 1159 1160 0 
2 3 1158 1161 0 
1 0 
1 0 
1 0 
2 3 1164 1165 0 
2 3 1163 1166 0 
2 3 1162 1167 0 
1 0 
1 0 
2 3 1169 1170 0 
2 3 1168 1171 0 
2 3 1157 1172 0 
2 3 1156 1173 0 
2 3 1155 1174 0 
2 3 1154 1175 0 
2 3 1153 1176 0 
2 3 1152 1177 0 
2 3 1151 1178 0 
1 0 
2 3 1179 1180 0 
3 2 0 1181 
3 2 0 1179 
3 2 0 1151 
3 2 0 1149 
3 2 0 1129 
3 2 0 1119 
3 2 0 1128 
3 2 0 1120 
3 2 0 1127 
3 2 0 1121 
3 2 0 1126 
3 2 0 1122 
3 2 0 1125 
3 2 0 1123 
3 2 0 1124 
3 2 0 1148 
3 2 0 1130 
3 2 0 1147 
3 2 0 1145 
3 2 0 1131 
3 2 0 1144 
3 2 0 1132 
3 2 0 1143 
3 2 0 1133 
3 2 0 1142 
3 2 0 1136 
3 2 0 1134 
3 2 0 1135 
3 2 0 1141 
3 2 0 1137 
3 2 0 1140 
3 2 0 1138 
3 2 0 1139 
3 2 0 1146 
3 2 0 1150 
3 2 0 1178 
3 2 0 1152 
3 2 0 1177 
3 2 0 1153 
3 2 0 1176 
3 2 0 1154 
3 2 0 1175 
3 2 0 1155 
3 2 0 1174 
3 2 0 1156 
3 2 0 1173 
3 2 0 1157 
3 2 0 1172 
3 2 0 1168 
3 2 0 1162 
3 2 0 1158 
3 2 0 1161 
3 2 0 1159 
3 2 0 1160 
3 2 0 1167 
3 2 0 1163 
3 2 0 1166 
3 2 0 1164 
3 2 0 1165 
3 2 0 1171 
3 2 0 1169 
3 2 0 1170 
3 2 0 1180 
1 0 
1 0 
1 0 
2 3 1246 1247 0 
1 0 
2 3 1248 1249 0 
1 0 
2 3 1250 1251 0 
2 3 1245 1252 0 
1 0 
1 0 
1 0 
1 0 
2 3 1256 1257 0 
2 3 1255 1258 0 
1 0 
2 3 1259 1260 0 
1 0 
1 0 
1 0 
1 0 
1 0 
1 0 
1 0 
2 3 1267 1268 0 
1 0 
2 3 1269 1270 0 
2 3 1266 1271 0 
2 3 1265 1272 0 
2 3 1264 1273 0 
2 3 1263 1274 0 
2 3 1262 1275 0 
2 3 1261 1276 0 
2 3 1254 1277 0 
1 0 
2 3 1278 1279 0 
2 3 1253 1280 0 
3 2 0 1281 
3 2 0 1253 
3 2 0 1245 
3 2 0 1252 
3 2 0 1250 
3 2 0 1248 
3 2 0 1246 
3 2 0 1247 
3 2 0 1249 
3 2 0 1251 
3 2 0 1280 
3 2 0 1278 
3 2 0 1254 
3 2 0 1277 
3 2 0 1261 
3 2 0 1259 
3 2 0 1255 
3 2 0 1258 
3 2 0 1256 
3 2 0 1257 
3 2 0 1260 
3 2 0 1276 
3 2 0 1262 
3 2 0 1275 
3 2 0 1263 
3 2 0 1274 
3 2 0 1264 
3 2 0 1273 
3 2 0 1265 
3 2 0 1272 
3 2 0 1266 
3 2 0 1271 
3 2 0 1269 
3 2 0 1267 
3 2 0 1268 
3 2 0 1270 
3 2 0 1279 
1 0 
1 0 
1 0 
1 0 
2 3 1321 1322 0 
2 3 1320 1323 0 
1 0 
1 0 
1 0 
1 0 
1 0 
1 0 
2 3 1329 1330 0 
2 3 1328 1331 0 
2 3 1327 1332 0 
2 3 1326 1333 0 
2 3 1325 1334 0 
2 3 1324 1335 0 
1 0 
2 3 1336 1337 0 
2 3 1319 1338 0 
3 2 0 1339 
3 2 0 1319 
3 2 0 1338 
3 2 0 1336 
3 2 0 1324 
3 2 0 1320 
3 2 0 1323 
3 2 0 1321 
3 2 0 1322 
3 2 0 1335 
3 2 0 1325 
3 2 0 1334 
3 2 0 1326 
3 2 0 1333 
3 2 0 1327 
3 2 0 1332 
3 2 0 1328 
3 2 0 1331 
3 2 0 1329 
3 2 0 1330 
3 2 0 1337 
1 0 
1 0 
1 0 
1 0 
2 3 1363 1364 0 
2 3 1362 1365 0 
2 3 1361 1366 0 
1 0 
2 3 1367 1368 0 
1 0 
1 0 
1 0 
2 3 1371 1372 0 
2 3 1370 1373 0 
1 0 
1 0 
1 0 
1 0 
2 3 1377 1378 0 
2 3 1376 1379 0 
2 3 1375 1380 0 
2 3 1374 1381 0 
2 3 1369 1382 0 
1 0 
2 3 1383 1384 0 
3 2 0 1385 
3 2 0 1383 
3 2 0 1369 
3 2 0 1367 
3 2 0 1361 
3 2 0 1366 
3 2 0 1362 
3 2 0 1365 
3 2 0 1363 
3 2 0 1364 
3 2 0 1368 
3 2 0 1382 
3 2 0 1374 
3 2 0 1370 
3 2 0 1373 
3 2 0 1371 
3 2 0 1372 
3 2 0 1381 
3 2 0 1375 
3 2 0 1380 
3 2 0 1376 
3 2 0 1379 
3 2 0 1377 
3 2 0 1378 
3 2 0 1384 
1 0 
1 0 
1 0 
1 0 
1 0 
2 3 1414 1415 0 
1 0 
2 3 1416 1417 0 
2 3 1413 1418 0 
2 3 1412 1419 0 
2 3 1411 1420 0 
1 0 
1 0 
1 0 
2 3 1423 1424 0 
2 3 1422 1425 0 
2 3 1421 1426 0 
1 0 
1 0 
2 3 1428 1429 0 
2 3 1427 1430 0 
1 0 
2 3 1431 1432 0 
3 2 0 1433 
3 2 0 1431 
3 2 0 1427 
3 2 0 1421 
3 2 0 1411 
3 2 0 1420 
3 2 0 1412 
3 2 0 1419 
3 2 0 1413 
3 2 0 1418 
3 2 0 1416 
3 2 0 1414 
3 2 0 1415 
3 2 0 1417 
3 2 0 1426 
3 2 0 1422 
3 2 0 1425 
3 2 0 1423 
3 2 0 1424 
3 2 0 1430 
3 2 0 1428 
3 2 0 1429 
3 2 0 1432 
1 0 
1 0 
1 0 
2 3 1458 1459 0 
2 3 1457 1460 0 
1 0 
1 0 
1 0 
1 0 
2 3 1464 1465 0 
2 3 1463 1466 0 
1 0 
2 3 1467 1468 0 
2 3 1462 1469 0 
1 0 
1 0 
1 0 
1 0 
2 3 1473 1474 0 
2 3 1472 1475 0 
2 3 1471 1476 0 
2 3 1470 1477 0 
1 0 
2 3 1478 1479 0 
1 0 
2 3 1480 1481 0 
1 0 
1 0 
1 0 
1 0 
1 0 
1 0 
1 0 
1 0 
2 3 1489 1490 0 
2 3 1488 1491 0 
2 3 1487 1492 0 
2 3 1486 1493 0 
1 0 
2 3 1494 1495 0 
1 0 
2 3 1496 1497 0 
1 0 
1 0 
1 0 
1 0 
1 0 
2 3 1502 1503 0 
2 3 1501 1504 0 
2 3 1500 1505 0 
2 3 1499 1506 0 
1 0 
1 0 
1 0 
2 3 1509 1510 0 
1 0 
1 0 
1 0 
1 0 
1 0 
2 3 1515 1516 0 
2 3 1514 1517 0 
2 3 1513 1518 0 
2 3 1512 1519 0 
2 3 1511 1520 0 
2 3 1508 1521 0 
2 3 1507 1522 0 
2 3 1498 1523 0 
2 3 1485 1524 0 
2 3 1484 1525 0 
2 3 1483 1526 0 
2 3 1482 1527 0 
1 0 
2 3 1528 1529 0 
2 3 1461 1530 0 
3 2 0 1531 
3 2 0 1461 
3 2 0 1457 
3 2 0 1460 
3 2 0 1458 
3 2 0 1459 
3 2 0 1530 
3 2 0 1528 
3 2 0 1482 
3 2 0 1480 
3 2 0 1478 
3 2 0 1470 
3 2 0 1462 
3 2 0 1469 
3 2 0 1467 
3 2 0 1463 
3 2 0 1466 
3 2 0 1464 
3 2 0 1465 
3 2 0 1468 
3 2 0 1477 
3 2 0 1471 
3 2 0 1476 
3 2 0 1472 
3 2 0 1475 
3 2 0 1473 
3 2 0 1474 
3 2 0 1479 
3 2 0 1481 
3 2 0 1527 
3 2 0 1483 
3 2 0 1526 
3 2 0 1484 
3 2 0 1525 
3 2 0 1485 
3 2 0 1524 
3 2 0 1498 
3 2 0 1496 
3 2 0 1494 
3 2 0 1486 
3 2 0 1493 
3 2 0 1487 
3 2 0 1492 
3 2 0 1488 
3 2 0 1491 
3 2 0 1489 
3 2 0 1490 
3 2 0 1495 
3 2 0 1497 
3 2 0 1523 
3 2 0 1507 
3 2 0 1499 
3 2 0 1506 
3 2 0 1500 
3 2 0 1505 
3 2 0 1501 
3 2 0 1504 
3 2 0 1502 
3 2 0 1503 
3 2 0 1522 
3 2 0 1508 
3 2 0 1521 
3 2 0 1511 
3 2 0 1509 
3 2 0 1510 
3 2 0 1520 
3 2 0 1512 
3 2 0 1519 
3 2 0 1513 
3 2 0 1518 
3 2 0 1514 
3 2 0 1517 
3 2 0 1515 
3 2 0 1516 
3 2 0 1529 
1 0 
1 0 
1 0 
2 3 1608 1609 0 
1 0 
1 0 
1 0 
1 0 
2 3 1613 1614 0 
2 3 1612 1615 0 
2 3 1611 1616 0 
2 3 1610 1617 0 
1 0 
2 3 1618 1619 0 
2 3 1607 1620 0 
3 2 0 1621 
3 2 0 1607 
3 2 0 1620 
3 2 0 1618 
3 2 0 1610 
3 2 0 1608 
3 2 0 1609 
3 2 0 1617 
3 2 0 1611 
3 2 0 1616 
3 2 0 1612 
3 2 0 1615 
3 2 0 1613 
3 2 0 1614 
3 2 0 1619 
1 0 
1 0 
1 0 
2 3 1638 1639 0 
1 0 
2 3 1640 1641 0 
2 3 1637 1642 0 
1 0 
2 3 1643 1644 0 
1 0 
1 0 
2 3 1646 1647 0 
2 3 1645 1648 0 
3 2 0 1649 
3 2 0 1645 
3 2 0 1643 
3 2 0 1637 
3 2 0 1642 
3 2 0 1640 
3 2 0 1638 
3 2 0 1639 
3 2 0 1641 
3 2 0 1644 
3 2 0 1648 
3 2 0 1646 
3 2 0 1647 
1 0 
1 0 
1 0 
2 3 1664 1665 0 
1 0 
1 0 
1 0 
1 0 
2 3 1669 1670 0 
1 0 
2 3 1671 1672 0 
2 3 1668 1673 0 
2 3 1667 1674 0 
2 3 1666 1675 0 
2 3 1663 1676 0 
1 0 
1 0 
1 0 
1 0 
1 0 
1 0 
1 0 
2 3 1683 1684 0 
2 3 1682 1685 0 
2 3 1681 1686 0 
1 0 
1 0 
1 0 
2 3 1689 1690 0 
2 3 1688 1691 0 
2 3 1687 1692 0 
2 3 1680 1693 0 
2 3 1679 1694 0 
2 3 1678 1695 0 
2 3 1677 1696 0 
1 0 
2 3 1697 1698 0 
3 2 0 1699 
3 2 0 1697 
3 2 0 1677 
3 2 0 1663 
3 2 0 1676 
3 2 0 1666 
3 2 0 1664 
3 2 0 1665 
3 2 0 1675 
3 2 0 1667 
3 2 0 1674 
3 2 0 1668 
3 2 0 1673 
3 2 0 1671 
3 2 0 1669 
3 2 0 1670 
3 2 0 1672 
3 2 0 1696 
3 2 0 1678 
3 2 0 1695 
3 2 0 1679 
3 2 0 1694 
3 2 0 1680 
3 2 0 1693 
3 2 0 1687 
3 2 0 1681 
3 2 0 1686 
3 2 0 1682 
3 2 0 1685 
3 2 0 1683 
3 2 0 1684 
3 2 0 1692 
3 2 0 1688 
3 2 0 1691 
3 2 0 1689 
3 2 0 1690 
3 2 0 1698 
1 0 
1 0 
1 0 
1 0 
1 0 
1 0 
1 0 
2 3 1742 1743 0 
2 3 1741 1744 0 
2 3 1740 1745 0 
2 3 1739 1746 0 
2 3 1738 1747 0 
2 3 1737 1748 0 
1 0 
1 0 
1 0 
2 3 1751 1752 0 
1 0 
2 3 1753 1754 0 
1 0 
2 3 1755 1756 0 
1 0 
1 0 
2 3 1758 1759 0 
2 3 1757 1760 0 
2 3 1750 1761 0 
2 3 1749 1762 0 
1 0 
2 3 1763 1764 0 
3 2 0 1765 
3 2 0 1763 
3 2 0 1749 
3 2 0 1737 
3 2 0 1748 
3 2 0 1738 
3 2 0 1747 
3 2 0 1739 
3 2 0 1746 
3 2 0 1740 
3 2 0 1745 
3 2 0 1741 
3 2 0 1744 
3 2 0 1742 
3 2 0 1743 
3 2 0 1762 
3 2 0 1750 
3 2 0 1761 
3 2 0 1757 
3 2 0 1755 
3 2 0 1753 
3 2 0 1751 
3 2 0 1752 
3 2 0 1754 
3 2 0 1756 
3 2 0 1760 
3 2 0 1758 
3 2 0 1759 
3 2 0 1764 
1 0 
1 0 
1 0 
1 0 
1 0 
1 0 
2 3 1799 1800 0 
1 0 
1 0 
1 0 
2 3 1803 1804 0 
2 3 1802 1805 0 
2 3 1801 1806 0 
2 3 1798 1807 0 
2 3 1797 1808 0 
2 3 1796 1809 0 
2 3 1795 1810 0 
1 0 
1 0 
1 0 
2 3 1813 1814 0 
2 3 1812 1815 0 
2 3 1811 1816 0 
3 2 0 1817 
3 2 0 1811 
3 2 0 1795 
3 2 0 1810 
3 2 0 1796 
3 2 0 1809 
3 2 0 1797 
3 2 0 1808 
3 2 0 1798 
3 2 0 1807 
3 2 0 1801 
3 2 0 1799 
3 2 0 1800 
3 2 0 1806 
3 2 0 1802 
3 2 0 1805 
3 2 0 1803 
3 2 0 1804 
3 2 0 1816 
3 2 0 1812 
3 2 0 1815 
3 2 0 1813 
3 2 0 1814 
1 0 
1 0 
1 0 
1 0 
1 0 
2 3 1844 1845 0 
2 3 1843 1846 0 
2 3 1842 1847 0 
2 3 1841 1848 0 
1 0 
1 0 
1 0 
1 0 
1 0 
1 0 
2 3 1854 1855 0 
2 3 1853 1856 0 
2 3 1852 1857 0 
2 3 1851 1858 0 
1 0 
1 0 
1 0 
1 0 
2 3 1862 1863 0 
2 3 1861 1864 0 
1 0 
2 3 1865 1866 0 
2 3 1860 1867 0 
2 3 1859 1868 0 
2 3 1850 1869 0 
2 3 1849 1870 0 
3 2 0 1871 
3 2 0 1849 
3 2 0 1841 
3 2 0 1848 
3 2 0 1842 
3 2 0 1847 
3 2 0 1843 
3 2 0 1846 
3 2 0 1844 
3 2 0 1845 
3 2 0 1870 
3 2 0 1850 
3 2 0 1869 
3 2 0 1859 
3 2 0 1851 
3 2 0 1858 
3 2 0 1852 
3 2 0 1857 
3 2 0 1853 
3 2 0 1856 
3 2 0 1854 
3 2 0 1855 
3 2 0 1868 
3 2 0 1860 
3 2 0 1867 
3 2 0 1865 
3 2 0 1861 
3 2 0 1864 
3 2 0 1862 
3 2 0 1863 
3 2 0 1866 
1 0 
1 0 
2 3 1903 1904 0 
1 0 
2 3 1905 1906 0 
1 0 
1 0 
2 3 1908 1909 0 
2 3 1907 1910 0 
1 0 
1 0 
1 0 
1 0 
2 3 1914 1915 0 
2 3 1913 1916 0 
1 0 
1 0 
2 3 1918 1919 0 
2 3 1917 1920 0 
2 3 1912 1921 0 
1 0 
2 3 1922 1923 0 
1 0 
1 0 
1 0 
2 3 1926 1927 0 
1 0 
2 3 1928 1929 0 
1 0 
1 0 
1 0 
1 0 
2 3 1933 1934 0 
1 0 
1 0 
1 0 
1 0 
2 3 1938 1939 0 
2 3 1937 1940 0 
2 3 1936 1941 0 
2 3 1935 1942 0 
2 3 1932 1943 0 
2 3 1931 1944 0 
2 3 1930 1945 0 
2 3 1925 1946 0 
2 3 1924 1947 0 
1 0 
2 3 1948 1949 0 
2 3 1911 1950 0 
3 2 0 1951 
3 2 0 1911 
3 2 0 1907 
3 2 0 1905 
3 2 0 1903 
3 2 0 1904 
3 2 0 1906 
3 2 0 1910 
3 2 0 1908 
3 2 0 1909 
3 2 0 1950 
3 2 0 1948 
3 2 0 1924 
3 2 0 1922 
3 2 0 1912 
3 2 0 1921 
3 2 0 1917 
3 2 0 1913 
3 2 0 1916 
3 2 0 1914 
3 2 0 1915 
3 2 0 1920 
3 2 0 1918 
3 2 0 1919 
3 2 0 1923 
3 2 0 1947 
3 2 0 1925 
3 2 0 1946 
3 2 0 1930 
3 2 0 1928 
3 2 0 1926 
3 2 0 1927 
3 2 0 1929 
3 2 0 1945 
3 2 0 1931 
3 2 0 1944 
3 2 0 1932 
3 2 0 1943 
3 2 0 1935 
3 2 0 1933 
3 2 0 1934 
3 2 0 1942 
3 2 0 1936 
3 2 0 1941 
3 2 0 1937 
3 2 0 1940 
3 2 0 1938 
3 2 0 1939 
3 2 0 1949 
1 0 
1 0 
2 3 2001 2002 0 
1 0 
2 3 2003 2004 0 
1 0 
2 3 2005 2006 0 
1 0 
1 0 
2 3 2008 2009 0 
2 3 2007 2010 0 
1 0 
1 0 
1 0 
1 0 
2 3 2014 2015 0 
2 3 2013 2016 0 
2 3 2012 2017 0 
1 0 
1 0 
1 0 
2 3 2020 2021 0 
1 0 
2 3 2022 2023 0 
2 3 2019 2024 0 
1 0 
2 3 2025 2026 0 
1 0 
1 0 
1 0 
1 0 
1 0 
2 3 2031 2032 0 
2 3 2030 2033 0 
1 0 
2 3 2034 2035 0 
2 3 2029 2036 0 
1 0 
1 0 
1 0 
1 0 
1 0 
2 3 2041 2042 0 
1 0 
2 3 2043 2044 0 
2 3 2040 2045 0 
1 0 
1 0 
2 3 2047 2048 0 
2 3 2046 2049 0 
2 3 2039 2050 0 
2 3 2038 2051 0 
2 3 2037 2052 0 
2 3 2028 2053 0 
2 3 2027 2054 0 
2 3 2018 2055 0 
2 3 2011 2056 0 
3 2 0 2057 
3 2 0 2011 
3 2 0 2007 
3 2 0 2005 
3 2 0 2003 
3 2 0 2001 
3 2 0 2002 
3 2 0 2004 
3 2 0 2006 
3 2 0 2010 
3 2 0 2008 
3 2 0 2009 
3 2 0 2056 
3 2 0 2018 
3 2 0 2012 
3 2 0 2017 
3 2 0 2013 
3 2 0 2016 
3 2 0 2014 
3 2 0 2015 
3 2 0 2055 
3 2 0 2027 
3 2 0 2025 
3 2 0 2019 
3 2 0 2024 
3 2 0 2022 
3 2 0 2020 
3 2 0 2021 
3 2 0 2023 
3 2 0 2026 
3 2 0 2054 
3 2 0 2028 
3 2 0 2053 
3 2 0 2037 
3 2 0 2029 
3 2 0 2036 
3 2 0 2034 
3 2 0 2030 
3 2 0 2033 
3 2 0 2031 
3 2 0 2032 
3 2 0 2035 
3 2 0 2052 
3 2 0 2038 
3 2 0 2051 
3 2 0 2039 
3 2 0 2050 
3 2 0 2046 
3 2 0 2040 
3 2 0 2045 
3 2 0 2043 
3 2 0 2041 
3 2 0 2042 
3 2 0 2044 
3 2 0 2049 
3 2 0 2047 
3 2 0 2048 
1 0 
1 0 
2 3 2115 2116 0 
1 0 
1 0 
1 0 
2 3 2119 2120 0 
1 0 
2 3 2121 2122 0 
1 0 
1 0 
1 0 
2 3 2125 2126 0 
2 3 2124 2127 0 
2 3 2123 2128 0 
1 0 
2 3 2129 2130 0 
1 0 
2 3 2131 2132 0 
1 0 
1 0 
2 3 2134 2135 0 
2 3 2133 2136 0 
2 3 2118 2137 0 
1 0 
1 0 
1 0 
2 3 2140 2141 0 
2 3 2139 2142 0 
2 3 2138 2143 0 
1 0 
2 3 2144 2145 0 
2 3 2117 2146 0 
3 2 0 2147 
3 2 0 2117 
3 2 0 2115 
3 2 0 2116 
3 2 0 2146 
3 2 0 2144 
3 2 0 2138 
3 2 0 2118 
3 2 0 2137 
3 2 0 2133 
3 2 0 2131 
3 2 0 2129 
3 2 0 2123 
3 2 0 2121 
3 2 0 2119 
3 2 0 2120 
3 2 0 2122 
3 2 0 2128 
3 2 0 2124 
3 2 0 2127 
3 2 0 2125 
3 2 0 2126 
3 2 0 2130 
3 2 0 2132 
3 2 0 2136 
3 2 0 2134 
3 2 0 2135 
3 2 0 2143 
3 2 0 2139 
3 2 0 2142 
3 2 0 2140 
3 2 0 2141 
3 2 0 2145 
1 0 
1 0 
1 0 
1 0 
2 3 2183 2184 0 
1 0 
1 0 
1 0 
1 0 
1 0 
2 3 2189 2190 0 
1 0 
1 0 
1 0 
1 0 
1 0 
2 3 2195 2196 0 
2 3 2194 2197 0 
2 3 2193 2198 0 
2 3 2192 2199 0 
2 3 2191 2200 0 
2 3 2188 2201 0 
1 0 
2 3 2202 2203 0 
2 3 2187 2204 0 
2 3 2186 2205 0 
2 3 2185 2206 0 
2 3 2182 2207 0 
2 3 2181 2208 0 
3 2 0 2209 
3 2 0 2181 
3 2 0 2208 
3 2 0 2182 
3 2 0 2207 
3 2 0 2185 
3 2 0 2183 
3 2 0 2184 
3 2 0 2206 
3 2 0 2186 
3 2 0 2205 
3 2 0 2187 
3 2 0 2204 
3 2 0 2202 
3 2 0 2188 
3 2 0 2201 
3 2 0 2191 
3 2 0 2189 
3 2 0 2190 
3 2 0 2200 
3 2 0 2192 
3 2 0 2199 
3 2 0 2193 
3 2 0 2198 
3 2 0 2194 
3 2 0 2197 
3 2 0 2195 
3 2 0 2196 
3 2 0 2203 
1 0 
1 0 
1 0 
1 0 
2 3 2241 2242 0 
1 0 
1 0 
1 0 
2 3 2245 2246 0 
2 3 2244 2247 0 
2 3 2243 2248 0 
2 3 2240 2249 0 
1 0 
2 3 2250 2251 0 
1 0 
2 3 2252 2253 0 
2 3 2239 2254 0 
3 2 0 2255 
3 2 0 2239 
3 2 0 2254 
3 2 0 2252 
3 2 0 2250 
3 2 0 2240 
3 2 0 2249 
3 2 0 2243 
3 2 0 2241 
3 2 0 2242 
3 2 0 2248 
3 2 0 2244 
3 2 0 2247 
3 2 0 2245 
3 2 0 2246 
3 2 0 2251 
3 2 0 2253 
1 0 
1 0 
1 0 
1 0 
1 0 
2 3 2276 2277 0 
1 0 
2 3 2278 2279 0 
2 3 2275 2280 0 
2 3 2274 2281 0 
2 3 2273 2282 0 
1 0 
1 0 
1 0 
1 0 
2 3 2286 2287 0 
2 3 2285 2288 0 
2 3 2284 2289 0 
2 3 2283 2290 0 
1 0 
2 3 2291 2292 0 
1 0 
1 0 
2 3 2294 2295 0 
1 0 
1 0 
1 0 
1 0 
1 0 
1 0 
1 0 
1 0 
2 3 2303 2304 0 
2 3 2302 2305 0 
2 3 2301 2306 0 
1 0 
2 3 2307 2308 0 
1 0 
1 0 
2 3 2310 2311 0 
2 3 2309 2312 0 
2 3 2300 2313 0 
2 3 2299 2314 0 
2 3 2298 2315 0 
2 3 2297 2316 0 
2 3 2296 2317 0 
2 3 2293 2318 0 
1 0 
2 3 2319 2320 0 
3 2 0 2321 
3 2 0 2319 
3 2 0 2293 
3 2 0 2291 
3 2 0 2283 
3 2 0 2273 
3 2 0 2282 
3 2 0 2274 
3 2 0 2281 
3 2 0 2275 
3 2 0 2280 
3 2 0 2278 
3 2 0 2276 
3 2 0 2277 
3 2 0 2279 
3 2 0 2290 
3 2 0 2284 
3 2 0 2289 
3 2 0 2285 
3 2 0 2288 
3 2 0 2286 
3 2 0 2287 
3 2 0 2292 
3 2 0 2318 
3 2 0 2296 
3 2 0 2294 
3 2 0 2295 
3 2 0 2317 
3 2 0 2297 
3 2 0 2316 
3 2 0 2298 
3 2 0 2315 
3 2 0 2299 
3 2 0 2314 
3 2 0 2300 
3 2 0 2313 
3 2 0 2309 
3 2 0 2307 
3 2 0 2301 
3 2 0 2306 
3 2 0 2302 
3 2 0 2305 
3 2 0 2303 
3 2 0 2304 
3 2 0 2308 
3 2 0 2312 
3 2 0 2310 
3 2 0 2311 
3 2 0 2320 
1 0 
1 0 
2 3 2371 2372 0 
1 0 
2 3 2373 2374 0 
1 0 
1 0 
1 0 
1 0 
1 0 
1 0 
2 3 2380 2381 0 
2 3 2379 2382 0 
1 0 
1 0 
1 0 
2 3 2385 2386 0 
2 3 2384 2387 0 
2 3 2383 2388 0 
2 3 2378 2389 0 
1 0 
2 3 2390 2391 0 
1 0 
1 0 
1 0 
1 0 
2 3 2395 2396 0 
1 0 
1 0 
1 0 
1 0 
2 3 2400 2401 0 
2 3 2399 2402 0 
2 3 2398 2403 0 
2 3 2397 2404 0 
2 3 2394 2405 0 
2 3 2393 2406 0 
2 3 2392 2407 0 
2 3 2377 2408 0 
2 3 2376 2409 0 
1 0 
2 3 2410 2411 0 
2 3 2375 2412 0 
3 2 0 2413 
3 2 0 2375 
3 2 0 2373 
3 2 0 2371 
3 2 0 2372 
3 2 0 2374 
3 2 0 2412 
3 2 0 2410 
3 2 0 2376 
3 2 0 2409 
3 2 0 2377 
3 2 0 2408 
3 2 0 2392 
3 2 0 2390 
3 2 0 2378 
3 2 0 2389 
3 2 0 2383 
3 2 0 2379 
3 2 0 2382 
3 2 0 2380 
3 2 0 2381 
3 2 0 2388 
3 2 0 2384 
3 2 0 2387 
3 2 0 2385 
3 2 0 2386 
3 2 0 2391 
3 2 0 2407 
3 2 0 2393 
3 2 0 2406 
3 2 0 2394 
3 2 0 2405 
3 2 0 2397 
3 2 0 2395 
3 2 0 2396 
3 2 0 2404 
3 2 0 2398 
3 2 0 2403 
3 2 0 2399 
3 2 0 2402 
3 2 0 2400 
3 2 0 2401 
3 2 0 2411 
1 0 
1 0 
1 0 
1 0 
1 0 
1 0 
2 3 2461 2462 0 
2 3 2460 2463 0 
1 0 
1 0 
1 0 
1 0 
2 3 2467 2468 0 
2 3 2466 2469 0 
2 3 2465 2470 0 
2 3 2464 2471 0 
2 3 2459 2472 0 
2 3 2458 2473 0 
2 3 2457 2474 0 
1 0 
2 3 2475 2476 0 
3 2 0 2477 
3 2 0 2475 
3 2 0 2457 
3 2 0 2474 
3 2 0 2458 
3 2 0 2473 
3 2 0 2459 
3 2 0 2472 
3 2 0 2464 
3 2 0 2460 
3 2 0 2463 
3 2 0 2461 
3 2 0 2462 
3 2 0 2471 
3 2 0 2465 
3 2 0 2470 
3 2 0 2466 
3 2 0 2469 
3 2 0 2467 
3 2 0 2468 
3 2 0 2476 
1 0 
1 0 
2 3 2499 2500 0 
1 0 
1 0 
2 3 2502 2503 0 
2 3 2501 2504 0 
1 0 
2 3 2505 2506 0 
1 0 
1 0 
1 0 
1 0 
1 0 
1 0 
1 0 
1 0 
1 0 
1 0 
2 3 2516 2517 0 
2 3 2515 2518 0 
1 0 
1 0 
1 0 
1 0 
2 3 2522 2523 0 
1 0 
1 0 
2 3 2525 2526 0 
2 3 2524 2527 0 
2 3 2521 2528 0 
2 3 2520 2529 0 
2 3 2519 2530 0 
2 3 2514 2531 0 
2 3 2513 2532 0 
2 3 2512 2533 0 
2 3 2511 2534 0 
2 3 2510 2535 0 
2 3 2509 2536 0 
2 3 2508 2537 0 
2 3 2507 2538 0 
1 0 
2 3 2539 2540 0 
3 2 0 2541 
3 2 0 2539 
3 2 0 2507 
3 2 0 2505 
3 2 0 2501 
3 2 0 2499 
3 2 0 2500 
3 2 0 2504 
3 2 0 2502 
3 2 0 2503 
3 2 0 2506 
3 2 0 2538 
3 2 0 2508 
3 2 0 2537 
3 2 0 2509 
3 2 0 2536 
3 2 0 2510 
3 2 0 2535 
3 2 0 2511 
3 2 0 2534 
3 2 0 2512 
3 2 0 2533 
3 2 0 2513 
3 2 0 2532 
3 2 0 2514 
3 2 0 2531 
3 2 0 2519 
3 2 0 2515 
3 2 0 2518 
3 2 0 2516 
3 2 0 2517 
3 2 0 2530 
3 2 0 2520 
3 2 0 2529 
3 2 0 2521 
3 2 0 2528 
3 2 0 2524 
3 2 0 2522 
3 2 0 2523 
3 2 0 2527 
3 2 0 2525 
3 2 0 2526 
3 2 0 2540 
1 0 
1 0 
2 3 2585 2586 0 
1 0 
2 3 2587 2588 0 
1 0 
1 0 
2 3 2590 2591 0 
1 0 
2 3 2592 2593 0 
1 0 
2 3 2594 2595 0 
1 0 
1 0 
1 0 
1 0 
1 0 
2 3 2600 2601 0 
2 3 2599 2602 0 
2 3 2598 2603 0 
2 3 2597 2604 0 
2 3 2596 2605 0 
1 0 
2 3 2606 2607 0 
2 3 2589 2608 0 
3 2 0 2609 
3 2 0 2589 
3 2 0 2587 
3 2 0 2585 
3 2 0 2586 
3 2 0 2588 
3 2 0 2608 
3 2 0 2606 
3 2 0 2596 
3 2 0 2594 
3 2 0 2592 
3 2 0 2590 
3 2 0 2591 
3 2 0 2593 
3 2 0 2595 
3 2 0 2605 
3 2 0 2597 
3 2 0 2604 
3 2 0 2598 
3 2 0 2603 
3 2 0 2599 
3 2 0 2602 
3 2 0 2600 
3 2 0 2601 
3 2 0 2607 
1 0 
1 0 
1 0 
2 3 2636 2637 0 
2 3 2635 2638 0 
1 0 
1 0 
1 0 
1 0 
1 0 
2 3 2643 2644 0 
1 0 
2 3 2645 2646 0 
2 3 2642 2647 0 
2 3 2641 2648 0 
2 3 2640 2649 0 
2 3 2639 2650 0 
1 0 
2 3 2651 2652 0 
1 0 
1 0 
1 0 
2 3 2655 2656 0 
2 3 2654 2657 0 
1 0 
2 3 2658 2659 0 
1 0 
1 0 
1 0 
2 3 2662 2663 0 
1 0 
1 0 
2 3 2665 2666 0 
1 0 
1 0 
2 3 2668 2669 0 
2 3 2667 2670 0 
2 3 2664 2671 0 
2 3 2661 2672 0 
2 3 2660 2673 0 
1 0 
2 3 2674 2675 0 
1 0 
2 3 2676 2677 0 
1 0 
1 0 
1 0 
1 0 
1 0 
2 3 2682 2683 0 
2 3 2681 2684 0 
2 3 2680 2685 0 
2 3 2679 2686 0 
2 3 2678 2687 0 
2 3 2653 2688 0 
1 0 
2 3 2689 2690 0 
3 2 0 2691 
3 2 0 2689 
3 2 0 2653 
3 2 0 2651 
3 2 0 2639 
3 2 0 2635 
3 2 0 2638 
3 2 0 2636 
3 2 0 2637 
3 2 0 2650 
3 2 0 2640 
3 2 0 2649 
3 2 0 2641 
3 2 0 2648 
3 2 0 2642 
3 2 0 2647 
3 2 0 2645 
3 2 0 2643 
3 2 0 2644 
3 2 0 2646 
3 2 0 2652 
3 2 0 2688 
3 2 0 2678 
3 2 0 2676 
3 2 0 2674 
3 2 0 2660 
3 2 0 2658 
3 2 0 2654 
3 2 0 2657 
3 2 0 2655 
3 2 0 2656 
3 2 0 2659 
3 2 0 2673 
3 2 0 2661 
3 2 0 2672 
3 2 0 2664 
3 2 0 2662 
3 2 0 2663 
3 2 0 2671 
3 2 0 2667 
3 2 0 2665 
3 2 0 2666 
3 2 0 2670 
3 2 0 2668 
3 2 0 2669 
3 2 0 2675 
3 2 0 2677 
3 2 0 2687 
3 2 0 2679 
3 2 0 2686 
3 2 0 2680 
3 2 0 2685 
3 2 0 2681 
3 2 0 2684 
3 2 0 2682 
3 2 0 2683 
3 2 0 2690 
1 0 
1 0 
1 0 
1 0 
1 0 
1 0 
1 0 
1 0 
1 0 
2 3 2756 2757 0 
2 3 2755 2758 0 
2 3 2754 2759 0 
2 3 2753 2760 0 
2 3 2752 2761 0 
2 3 2751 2762 0 
2 3 2750 2763 0 
2 3 2749 2764 0 
1 0 
1 0 
1 0 
1 0 
1 0 
2 3 2769 2770 0 
2 3 2768 2771 0 
1 0 
1 0 
1 0 
1 0 
1 0 
2 3 2776 2777 0 
1 0 
1 0 
1 0 
1 0 
2 3 2781 2782 0 
2 3 2780 2783 0 
1 0 
1 0 
1 0 
2 3 2786 2787 0 
2 3 2785 2788 0 
2 3 2784 2789 0 
2 3 2779 2790 0 
2 3 2778 2791 0 
2 3 2775 2792 0 
2 3 2774 2793 0 
2 3 2773 2794 0 
2 3 2772 2795 0 
1 0 
2 3 2796 2797 0 
2 3 2767 2798 0 
2 3 2766 2799 0 
2 3 2765 2800 0 
3 2 0 2801 
3 2 0 2765 
3 2 0 2749 
3 2 0 2764 
3 2 0 2750 
3 2 0 2763 
3 2 0 2751 
3 2 0 2762 
3 2 0 2752 
3 2 0 2761 
3 2 0 2753 
3 2 0 2760 
3 2 0 2754 
3 2 0 2759 
3 2 0 2755 
3 2 0 2758 
3 2 0 2756 
3 2 0 2757 
3 2 0 2800 
3 2 0 2766 
3 2 0 2799 
3 2 0 2767 
3 2 0 2798 
3 2 0 2796 
3 2 0 2772 
3 2 0 2768 
3 2 0 2771 
3 2 0 2769 
3 2 0 2770 
3 2 0 2795 
3 2 0 2773 
3 2 0 2794 
3 2 0 2774 
3 2 0 2793 
3 2 0 2775 
3 2 0 2792 
3 2 0 2778 
3 2 0 2776 
3 2 0 2777 
3 2 0 2791 
3 2 0 2779 
3 2 0 2790 
3 2 0 2784 
3 2 0 2780 
3 2 0 2783 
3 2 0 2781 
3 2 0 2782 
3 2 0 2789 
3 2 0 2785 
3 2 0 2788 
3 2 0 2786 
3 2 0 2787 
3 2 0 2797 
1 0 
1 0 
1 0 
1 0 
1 0 
1 0 
1 0 
2 3 2860 2861 0 
1 0 
1 0 
1 0 
1 0 
2 3 2865 2866 0 
1 0 
1 0 
1 0 
1 0 
1 0 
1 0 
2 3 2872 2873 0 
1 0 
2 3 2874 2875 0 
2 3 2871 2876 0 
2 3 2870 2877 0 
2 3 2869 2878 0 
2 3 2868 2879 0 
2 3 2867 2880 0 
2 3 2864 2881 0 
1 0 
2 3 2882 2883 0 
1 0 
2 3 2884 2885 0 
1 0 
1 0 
1 0 
1 0 
2 3 2889 2890 0 
1 0 
1 0 
2 3 2892 2893 0 
2 3 2891 2894 0 
2 3 2888 2895 0 
2 3 2887 2896 0 
2 3 2886 2897 0 
2 3 2863 2898 0 
2 3 2862 2899 0 
2 3 2859 2900 0 
2 3 2858 2901 0 
2 3 2857 2902 0 
2 3 2856 2903 0 
1 0 
2 3 2904 2905 0 
2 3 2855 2906 0 
3 2 0 2907 
3 2 0 2855 
3 2 0 2906 
3 2 0 2904 
3 2 0 2856 
3 2 0 2903 
3 2 0 2857 
3 2 0 2902 
3 2 0 2858 
3 2 0 2901 
3 2 0 2859 
3 2 0 2900 
3 2 0 2862 
3 2 0 2860 
3 2 0 2861 
3 2 0 2899 
3 2 0 2863 
3 2 0 2898 
3 2 0 2886 
3 2 0 2884 
3 2 0 2882 
3 2 0 2864 
3 2 0 2881 
3 2 0 2867 
3 2 0 2865 
3 2 0 2866 
3 2 0 2880 
3 2 0 2868 
3 2 0 2879 
3 2 0 2869 
3 2 0 2878 
3 2 0 2870 
3 2 0 2877 
3 2 0 2871 
3 2 0 2876 
3 2 0 2874 
3 2 0 2872 
3 2 0 2873 
3 2 0 2875 
3 2 0 2883 
3 2 0 2885 
3 2 0 2897 
3 2 0 2887 
3 2 0 2896 
3 2 0 2888 
3 2 0 2895 
3 2 0 2891 
3 2 0 2889 
3 2 0 2890 
3 2 0 2894 
3 2 0 2892 
3 2 0 2893 
3 2 0 2905 
1 0 
1 0 
1 0 
1 0 
1 0 
2 3 2964 2965 0 
1 0 
1 0 
1 0 
2 3 2968 2969 0 
2 3 2967 2970 0 
2 3 2966 2971 0 
2 3 2963 2972 0 
2 3 2962 2973 0 
1 0 
1 0 
1 0 
1 0 
2 3 2977 2978 0 
1 0 
2 3 2979 2980 0 
1 0 
2 3 2981 2982 0 
2 3 2976 2983 0 
2 3 2975 2984 0 
2 3 2974 2985 0 
2 3 2961 2986 0 
3 2 0 2987 
3 2 0 2961 
3 2 0 2986 
3 2 0 2974 
3 2 0 2962 
3 2 0 2973 
3 2 0 2963 
3 2 0 2972 
3 2 0 2966 
3 2 0 2964 
3 2 0 2965 
3 2 0 2971 
3 2 0 2967 
3 2 0 2970 
3 2 0 2968 
3 2 0 2969 
3 2 0 2985 
3 2 0 2975 
3 2 0 2984 
3 2 0 2976 
3 2 0 2983 
3 2 0 2981 
3 2 0 2979 
3 2 0 2977 
3 2 0 2978 
3 2 0 2980 
3 2 0 2982 
1 0 
1 0 
2 3 3015 3016 0 
1 0 
2 3 3017 3018 0 
1 0 
1 0 
1 0 
1 0 
1 0 
2 3 3023 3024 0 
2 3 3022 3025 0 
1 0 
2 3 3026 3027 0 
2 3 3021 3028 0 
2 3 3020 3029 0 
2 3 3019 3030 0 
1 0 
1 0 
1 0 
2 3 3033 3034 0 
1 0 
1 0 
1 0 
1 0 
1 0 
2 3 3039 3040 0 
2 3 3038 3041 0 
2 3 3037 3042 0 
2 3 3036 3043 0 
1 0 
1 0 
1 0 
1 0 
1 0 
1 0 
1 0 
2 3 3050 3051 0 
2 3 3049 3052 0 
2 3 3048 3053 0 
2 3 3047 3054 0 
2 3 3046 3055 0 
1 0 
1 0 
1 0 
1 0 
2 3 3059 3060 0 
1 0 
1 0 
2 3 3062 3063 0 
1 0 
2 3 3064 3065 0 
1 0 
1 0 
1 0 
1 0 
1 0 
1 0 
1 0 
2 3 3072 3073 0 
1 0 
1 0 
1 0 
2 3 3076 3077 0 
2 3 3075 3078 0 
2 3 3074 3079 0 
2 3 3071 3080 0 
2 3 3070 3081 0 
2 3 3069 3082 0 
2 3 3068 3083 0 
2 3 3067 3084 0 
2 3 3066 3085 0 
2 3 3061 3086 0 
2 3 3058 3087 0 
2 3 3057 3088 0 
2 3 3056 3089 0 
2 3 3045 3090 0 
2 3 3044 3091 0 
1 0 
2 3 3092 3093 0 
2 3 3035 3094 0 
2 3 3032 3095 0 
2 3 3031 3096 0 
3 2 0 3097 
3 2 0 3031 
3 2 0 3019 
3 2 0 3017 
3 2 0 3015 
3 2 0 3016 
3 2 0 3018 
3 2 0 3030 
3 2 0 3020 
3 2 0 3029 
3 2 0 3021 
3 2 0 3028 
3 2 0 3026 
3 2 0 3022 
3 2 0 3025 
3 2 0 3023 
3 2 0 3024 
3 2 0 3027 
3 2 0 3096 
3 2 0 3032 
3 2 0 3095 
3 2 0 3035 
3 2 0 3033 
3 2 0 3034 
3 2 0 3094 
3 2 0 3092 
3 2 0 3044 
3 2 0 3036 
3 2 0 3043 
3 2 0 3037 
3 2 0 3042 
3 2 0 3038 
3 2 0 3041 
3 2 0 3039 
3 2 0 3040 
3 2 0 3091 
3 2 0 3045 
3 2 0 3090 
3 2 0 3056 
3 2 0 3046 
3 2 0 3055 
3 2 0 3047 
3 2 0 3054 
3 2 0 3048 
3 2 0 3053 
3 2 0 3049 
3 2 0 3052 
3 2 0 3050 
3 2 0 3051 
3 2 0 3089 
3 2 0 3057 
3 2 0 3088 
3 2 0 3058 
3 2 0 3087 
3 2 0 3061 
3 2 0 3059 
3 2 0 3060 
3 2 0 3086 
3 2 0 3066 
3 2 0 3064 
3 2 0 3062 
3 2 0 3063 
3 2 0 3065 
3 2 0 3085 
3 2 0 3067 
3 2 0 3084 
3 2 0 3068 
3 2 0 3083 
3 2 0 3069 
3 2 0 3082 
3 2 0 3070 
3 2 0 3081 
3 2 0 3071 
3 2 0 3080 
3 2 0 3074 
3 2 0 3072 
3 2 0 3073 
3 2 0 3079 
3 2 0 3075 
3 2 0 3078 
3 2 0 3076 
3 2 0 3077 
3 2 0 3093 
1 0 
1 0 
1 0 
1 0 
2 3 3183 3184 0 
1 0 
1 0 
1 0 
1 0 
2 3 3188 3189 0 
2 3 3187 3190 0 
1 0 
1 0 
1 0 
1 0 
1 0 
1 0 
2 3 3196 3197 0 
2 3 3195 3198 0 
2 3 3194 3199 0 
1 0 
1 0 
1 0 
1 0 
2 3 3203 3204 0 
2 3 3202 3205 0 
1 0 
1 0 
1 0 
1 0 
1 0 
1 0 
2 3 3211 3212 0 
1 0 
1 0 
2 3 3214 3215 0 
2 3 3213 3216 0 
2 3 3210 3217 0 
2 3 3209 3218 0 
2 3 3208 3219 0 
2 3 3207 3220 0 
2 3 3206 3221 0 
2 3 3201 3222 0 
2 3 3200 3223 0 
2 3 3193 3224 0 
2 3 3192 3225 0 
2 3 3191 3226 0 
2 3 3186 3227 0 
2 3 3185 3228 0 
2 3 3182 3229 0 
1 0 
2 3 3230 3231 0 
2 3 3181 3232 0 
3 2 0 3233 
3 2 0 3181 
3 2 0 3232 
3 2 0 3230 
3 2 0 3182 
3 2 0 3229 
3 2 0 3185 
3 2 0 3183 
3 2 0 3184 
3 2 0 3228 
3 2 0 3186 
3 2 0 3227 
3 2 0 3191 
3 2 0 3187 
3 2 0 3190 
3 2 0 3188 
3 2 0 3189 
3 2 0 3226 
3 2 0 3192 
3 2 0 3225 
3 2 0 3193 
3 2 0 3224 
3 2 0 3200 
3 2 0 3194 
3 2 0 3199 
3 2 0 3195 
3 2 0 3198 
3 2 0 3196 
3 2 0 3197 
3 2 0 3223 
3 2 0 3201 
3 2 0 3222 
3 2 0 3206 
3 2 0 3202 
3 2 0 3205 
3 2 0 3203 
3 2 0 3204 
3 2 0 3221 
3 2 0 3207 
3 2 0 3220 
3 2 0 3208 
3 2 0 3219 
3 2 0 3209 
3 2 0 3218 
3 2 0 3210 
3 2 0 3217 
3 2 0 3213 
3 2 0 3211 
3 2 0 3212 
3 2 0 3216 
3 2 0 3214 
3 2 0 3215 
3 2 0 3231 
1 0 
1 0 
1 0 
1 0 
2 3 3289 3290 0 
1 0 
1 0 
1 0 
2 3 3293 3294 0 
1 0 
2 3 3295 3296 0 
2 3 3292 3297 0 
2 3 3291 3298 0 
2 3 3288 3299 0 
1 0 
1 0 
1 0 
1 0 
1 0 
2 3 3304 3305 0 
1 0 
1 0 
2 3 3307 3308 0 
2 3 3306 3309 0 
1 0 
1 0 
1 0 
2 3 3312 3313 0 
2 3 3311 3314 0 
2 3 3310 3315 0 
1 0 
1 0 
1 0 
1 0 
2 3 3319 3320 0 
2 3 3318 3321 0 
2 3 3317 3322 0 
2 3 3316 3323 0 
2 3 3303 3324 0 
2 3 3302 3325 0 
2 3 3301 3326 0 
2 3 3300 3327 0 
1 0 
2 3 3328 3329 0 
2 3 3287 3330 0 
3 2 0 3331 
3 2 0 3287 
3 2 0 3330 
3 2 0 3328 
3 2 0 3300 
3 2 0 3288 
3 2 0 3299 
3 2 0 3291 
3 2 0 3289 
3 2 0 3290 
3 2 0 3298 
3 2 0 3292 
3 2 0 3297 
3 2 0 3295 
3 2 0 3293 
3 2 0 3294 
3 2 0 3296 
3 2 0 3327 
3 2 0 3301 
3 2 0 3326 
3 2 0 3302 
3 2 0 3325 
3 2 0 3303 
3 2 0 3324 
3 2 0 3316 
3 2 0 3310 
3 2 0 3306 
3 2 0 3304 
3 2 0 3305 
3 2 0 3309 
3 2 0 3307 
3 2 0 3308 
3 2 0 3315 
3 2 0 3311 
3 2 0 3314 
3 2 0 3312 
3 2 0 3313 
3 2 0 3323 
3 2 0 3317 
3 2 0 3322 
3 2 0 3318 
3 2 0 3321 
3 2 0 3319 
3 2 0 3320 
3 2 0 3329 
1 0 
1 0 
1 0 
1 0 
1 0 
2 3 3380 3381 0 
1 0 
2 3 3382 3383 0 
1 0 
1 0 
2 3 3385 3386 0 
1 0 
1 0 
1 0 
2 3 3389 3390 0 
2 3 3388 3391 0 
2 3 3387 3392 0 
2 3 3384 3393 0 
2 3 3379 3394 0 
2 3 3378 3395 0 
2 3 3377 3396 0 
1 0 
2 3 3397 3398 0 
1 0 
2 3 3399 3400 0 
1 0 
1 0 
1 0 
2 3 3403 3404 0 
1 0 
1 0 
1 0 
2 3 3407 3408 0 
2 3 3406 3409 0 
2 3 3405 3410 0 
1 0 
2 3 3411 3412 0 
2 3 3402 3413 0 
2 3 3401 3414 0 
1 0 
2 3 3415 3416 0 
3 2 0 3417 
3 2 0 3415 
3 2 0 3401 
3 2 0 3399 
3 2 0 3397 
3 2 0 3377 
3 2 0 3396 
3 2 0 3378 
3 2 0 3395 
3 2 0 3379 
3 2 0 3394 
3 2 0 3384 
3 2 0 3382 
3 2 0 3380 
3 2 0 3381 
3 2 0 3383 
3 2 0 3393 
3 2 0 3387 
3 2 0 3385 
3 2 0 3386 
3 2 0 3392 
3 2 0 3388 
3 2 0 3391 
3 2 0 3389 
3 2 0 3390 
3 2 0 3398 
3 2 0 3400 
3 2 0 3414 
3 2 0 3402 
3 2 0 3413 
3 2 0 3411 
3 2 0 3405 
3 2 0 3403 
3 2 0 3404 
3 2 0 3410 
3 2 0 3406 
3 2 0 3409 
3 2 0 3407 
3 2 0 3408 
3 2 0 3412 
3 2 0 3416 
1 0 
1 0 
2 3 3459 3460 0 
1 0 
1 0 
1 0 
1 0 
2 3 3464 3465 0 
1 0 
2 3 3466 3467 0 
1 0 
2 3 3468 3469 0 
2 3 3463 3470 0 
2 3 3462 3471 0 
1 0 
2 3 3472 3473 0 
2 3 3461 3474 0 
3 2 0 3475 
3 2 0 3461 
3 2 0 3459 
3 2 0 3460 
3 2 0 3474 
3 2 0 3472 
3 2 0 3462 
3 2 0 3471 
3 2 0 3463 
3 2 0 3470 
3 2 0 3468 
3 2 0 3466 
3 2 0 3464 
3 2 0 3465 
3 2 0 3467 
3 2 0 3469 
3 2 0 3473 
1 0 
1 0 
2 3 3493 3494 0 
1 0 
1 0 
1 0 
1 0 
1 0 
1 0 
2 3 3500 3501 0 
2 3 3499 3502 0 
2 3 3498 3503 0 
2 3 3497 3504 0 
2 3 3496 3505 0 
2 3 3495 3506 0 
1 0 
2 3 3507 3508 0 
1 0 
2 3 3509 3510 0 
1 0 
1 0 
2 3 3512 3513 0 
1 0 
1 0 
1 0 
1 0 
1 0 
2 3 3518 3519 0 
1 0 
2 3 3520 3521 0 
2 3 3517 3522 0 
2 3 3516 3523 0 
2 3 3515 3524 0 
2 3 3514 3525 0 
1 0 
1 0 
1 0 
1 0 
1 0 
2 3 3530 3531 0 
2 3 3529 3532 0 
2 3 3528 3533 0 
2 3 3527 3534 0 
2 3 3526 3535 0 
2 3 3511 3536 0 
1 0 
2 3 3537 3538 0 
3 2 0 3539 
3 2 0 3537 
3 2 0 3511 
3 2 0 3509 
3 2 0 3507 
3 2 0 3495 
3 2 0 3493 
3 2 0 3494 
3 2 0 3506 
3 2 0 3496 
3 2 0 3505 
3 2 0 3497 
3 2 0 3504 
3 2 0 3498 
3 2 0 3503 
3 2 0 3499 
3 2 0 3502 
3 2 0 3500 
3 2 0 3501 
3 2 0 3508 
3 2 0 3510 
3 2 0 3536 
3 2 0 3526 
3 2 0 3514 
3 2 0 3512 
3 2 0 3513 
3 2 0 3525 
3 2 0 3515 
3 2 0 3524 
3 2 0 3516 
3 2 0 3523 
3 2 0 3517 
3 2 0 3522 
3 2 0 3520 
3 2 0 3518 
3 2 0 3519 
3 2 0 3521 
3 2 0 3535 
3 2 0 3527 
3 2 0 3534 
3 2 0 3528 
3 2 0 3533 
3 2 0 3529 
3 2 0 3532 
3 2 0 3530 
3 2 0 3531 
3 2 0 3538 
1 0 
1 0 
2 3 3587 3588 0 
1 0 
1 0 
1 0 
2 3 3591 3592 0 
1 0 
1 0 
2 3 3594 3595 0 
2 3 3593 3596 0 
2 3 3590 3597 0 
1 0 
2 3 3598 3599 0 
2 3 3589 3600 0 
3 2 0 3601 
3 2 0 3589 
3 2 0 3587 
3 2 0 3588 
3 2 0 3600 
3 2 0 3598 
3 2 0 3590 
3 2 0 3597 
3 2 0 3593 
3 2 0 3591 
3 2 0 3592 
3 2 0 3596 
3 2 0 3594 
3 2 0 3595 
3 2 0 3599 
1 0 
1 0 
2 3 3617 3618 0 
1 0 
1 0 
2 3 3620 3621 0 
2 3 3619 3622 0 
1 0 
2 3 3623 3624 0 
1 0 
1 0 
2 3 3626 3627 0 
1 0 
1 0 
2 3 3629 3630 0 
2 3 3628 3631 0 
2 3 3625 3632 0 
1 0 
2 3 3633 3634 0 
3 2 0 3635 
3 2 0 3633 
3 2 0 3625 
3 2 0 3623 
3 2 0 3619 
3 2 0 3617 
3 2 0 3618 
3 2 0 3622 
3 2 0 3620 
3 2 0 3621 
3 2 0 3624 
3 2 0 3632 
3 2 0 3628 
3 2 0 3626 
3 2 0 3627 
3 2 0 3631 
3 2 0 3629 
3 2 0 3630 
3 2 0 3634 
1 0 
1 0 
2 3 3655 3656 0 
1 0 
1 0 
1 0 
1 0 
2 3 3660 3661 0 
2 3 3659 3662 0 
2 3 3658 3663 0 
2 3 3657 3664 0 
1 0 
1 0 
1 0 
1 0 
1 0 
2 3 3669 3670 0 
1 0 
1 0 
2 3 3672 3673 0 
2 3 3671 3674 0 
2 3 3668 3675 0 
2 3 3667 3676 0 
2 3 3666 3677 0 
2 3 3665 3678 0 
3 2 0 3679 
3 2 0 3665 
3 2 0 3657 
3 2 0 3655 
3 2 0 3656 
3 2 0 3664 
3 2 0 3658 
3 2 0 3663 
3 2 0 3659 
3 2 0 3662 
3 2 0 3660 
3 2 0 3661 
3 2 0 3678 
3 2 0 3666 
3 2 0 3677 
3 2 0 3667 
3 2 0 3676 
3 2 0 3668 
3 2 0 3675 
3 2 0 3671 
3 2 0 3669 
3 2 0 3670 
3 2 0 3674 
3 2 0 3672 
3 2 0 3673 
1 0 
1 0 
1 0 
1 0 
2 3 3707 3708 0 
2 3 3706 3709 0 
2 3 3705 3710 0 
1 0 
1 0 
1 0 
2 3 3713 3714 0 
2 3 3712 3715 0 
2 3 3711 3716 0 
1 0 
2 3 3717 3718 0 
1 0 
1 0 
2 3 3720 3721 0 
1 0 
1 0 
1 0 
2 3 3724 3725 0 
2 3 3723 3726 0 
2 3 3722 3727 0 
2 3 3719 3728 0 
1 0 
2 3 3729 3730 0 
3 2 0 3731 
3 2 0 3729 
3 2 0 3719 
3 2 0 3717 
3 2 0 3711 
3 2 0 3705 
3 2 0 3710 
3 2 0 3706 
3 2 0 3709 
3 2 0 3707 
3 2 0 3708 
3 2 0 3716 
3 2 0 3712 
3 2 0 3715 
3 2 0 3713 
3 2 0 3714 
3 2 0 3718 
3 2 0 3728 
3 2 0 3722 
3 2 0 3720 
3 2 0 3721 
3 2 0 3727 
3 2 0 3723 
3 2 0 3726 
3 2 0 3724 
3 2 0 3725 
3 2 0 3730 
1 0 
1 0 
1 0 
1 0 
1 0 
1 0 
1 0 
2 3 3764 3765 0 
2 3 3763 3766 0 
1 0 
1 0 
1 0 
1 0 
1 0 
1 0 
2 3 3772 3773 0 
2 3 3771 3774 0 
2 3 3770 3775 0 
2 3 3769 3776 0 
2 3 3768 3777 0 
2 3 3767 3778 0 
1 0 
1 0 
1 0 
2 3 3781 3782 0 
2 3 3780 3783 0 
2 3 3779 3784 0 
2 3 3762 3785 0 
2 3 3761 3786 0 
2 3 3760 3787 0 
1 0 
2 3 3788 3789 0 
2 3 3759 3790 0 
3 2 0 3791 
3 2 0 3759 
3 2 0 3790 
3 2 0 3788 
3 2 0 3760 
3 2 0 3787 
3 2 0 3761 
3 2 0 3786 
3 2 0 3762 
3 2 0 3785 
3 2 0 3779 
3 2 0 3767 
3 2 0 3763 
3 2 0 3766 
3 2 0 3764 
3 2 0 3765 
3 2 0 3778 
3 2 0 3768 
3 2 0 3777 
3 2 0 3769 
3 2 0 3776 
3 2 0 3770 
3 2 0 3775 
3 2 0 3771 
3 2 0 3774 
3 2 0 3772 
3 2 0 3773 
3 2 0 3784 
3 2 0 3780 
3 2 0 3783 
3 2 0 3781 
3 2 0 3782 
3 2 0 3789 
1 0 
1 0 
1 0 
1 0 
2 3 3827 3828 0 
1 0 
1 0 
1 0 
1 0 
1 0 
2 3 3833 3834 0 
1 0 
1 0 
1 0 
1 0 
2 3 3838 3839 0 
1 0 
1 0 
1 0 
2 3 3842 3843 0 
2 3 3841 3844 0 
1 0 
1 0 
2 3 3846 3847 0 
2 3 3845 3848 0 
2 3 3840 3849 0 
2 3 3837 3850 0 
2 3 3836 3851 0 
2 3 3835 3852 0 
2 3 3832 3853 0 
2 3 3831 3854 0 
2 3 3830 3855 0 
2 3 3829 3856 0 
1 0 
2 3 3857 3858 0 
1 0 
1 0 
1 0 
2 3 3861 3862 0 
2 3 3860 3863 0 
2 3 3859 3864 0 
2 3 3826 3865 0 
2 3 3825 3866 0 
1 0 
2 3 3867 3868 0 
1 0 
2 3 3869 3870 0 
1 0 
2 3 3871 3872 0 
1 0 
1 0 
1 0 
1 0 
2 3 3876 3877 0 
2 3 3875 3878 0 
2 3 3874 3879 0 
2 3 3873 3880 0 
1 0 
2 3 3881 3882 0 
3 2 0 3883 
3 2 0 3881 
3 2 0 3873 
3 2 0 3871 
3 2 0 3869 
3 2 0 3867 
3 2 0 3825 
3 2 0 3866 
3 2 0 3826 
3 2 0 3865 
3 2 0 3859 
3 2 0 3857 
3 2 0 3829 
3 2 0 3827 
3 2 0 3828 
3 2 0 3856 
3 2 0 3830 
3 2 0 3855 
3 2 0 3831 
3 2 0 3854 
3 2 0 3832 
3 2 0 3853 
3 2 0 3835 
3 2 0 3833 
3 2 0 3834 
3 2 0 3852 
3 2 0 3836 
3 2 0 3851 
3 2 0 3837 
3 2 0 3850 
3 2 0 3840 
3 2 0 3838 
3 2 0 3839 
3 2 0 3849 
3 2 0 3845 
3 2 0 3841 
3 2 0 3844 
3 2 0 3842 
3 2 0 3843 
3 2 0 3848 
3 2 0 3846 
3 2 0 3847 
3 2 0 3858 
3 2 0 3864 
3 2 0 3860 
3 2 0 3863 
3 2 0 3861 
3 2 0 3862 
3 2 0 3868 
3 2 0 3870 
3 2 0 3872 
3 2 0 3880 
3 2 0 3874 
3 2 0 3879 
3 2 0 3875 
3 2 0 3878 
3 2 0 3876 
3 2 0 3877 
3 2 0 3882 
1 0 
1 0 
2 3 3943 3944 0 
1 0 
2 3 3945 3946 0 
1 0 
1 0 
2 3 3948 3949 0 
2 3 3947 3950 0 
1 0 
2 3 3951 3952 0 
3 2 0 3953 
3 2 0 3951 
3 2 0 3947 
3 2 0 3945 
3 2 0 3943 
3 2 0 3944 
3 2 0 3946 
3 2 0 3950 
3 2 0 3948 
3 2 0 3949 
3 2 0 3952 
1 0 
1 0 
1 0 
2 3 3966 3967 0 
1 0 
1 0 
1 0 
1 0 
1 0 
2 3 3972 3973 0 
2 3 3971 3974 0 
2 3 3970 3975 0 
2 3 3969 3976 0 
2 3 3968 3977 0 
1 0 
2 3 3978 3979 0 
1 0 
1 0 
1 0 
2 3 3982 3983 0 
2 3 3981 3984 0 
1 0 
1 0 
1 0 
1 0 
2 3 3988 3989 0 
2 3 3987 3990 0 
2 3 3986 3991 0 
2 3 3985 3992 0 
2 3 3980 3993 0 
2 3 3965 3994 0 
1 0 
2 3 3995 3996 0 
3 2 0 3997 
3 2 0 3995 
3 2 0 3965 
3 2 0 3994 
3 2 0 3980 
3 2 0 3978 
3 2 0 3968 
3 2 0 3966 
3 2 0 3967 
3 2 0 3977 
3 2 0 3969 
3 2 0 3976 
3 2 0 3970 
3 2 0 3975 
3 2 0 3971 
3 2 0 3974 
3 2 0 3972 
3 2 0 3973 
3 2 0 3979 
3 2 0 3993 
3 2 0 3985 
3 2 0 3981 
3 2 0 3984 
3 2 0 3982 
3 2 0 3983 
3 2 0 3992 
3 2 0 3986 
3 2 0 3991 
3 2 0 3987 
3 2 0 3990 
3 2 0 3988 
3 2 0 3989 
3 2 0 3996 
1 0 
1 0 
1 0 
1 0 
1 0 
1 0 
2 3 4035 4036 0 
2 3 4034 4037 0 
2 3 4033 4038 0 
1 0 
2 3 4039 4040 0 
1 0 
2 3 4041 4042 0 
1 0 
1 0 
1 0 
2 3 4045 4046 0 
2 3 4044 4047 0 
1 0 
1 0 
1 0 
1 0 
1 0 
2 3 4052 4053 0 
1 0 
1 0 
1 0 
1 0 
2 3 4057 4058 0 
2 3 4056 4059 0 
2 3 4055 4060 0 
2 3 4054 4061 0 
1 0 
1 0 
1 0 
1 0 
2 3 4065 4066 0 
2 3 4064 4067 0 
2 3 4063 4068 0 
2 3 4062 4069 0 
2 3 4051 4070 0 
2 3 4050 4071 0 
2 3 4049 4072 0 
2 3 4048 4073 0 
2 3 4043 4074 0 
2 3 4032 4075 0 
1 0 
2 3 4076 4077 0 
2 3 4031 4078 0 
3 2 0 4079 
3 2 0 4031 
3 2 0 4078 
3 2 0 4076 
3 2 0 4032 
3 2 0 4075 
3 2 0 4043 
3 2 0 4041 
3 2 0 4039 
3 2 0 4033 
3 2 0 4038 
3 2 0 4034 
3 2 0 4037 
3 2 0 4035 
3 2 0 4036 
3 2 0 4040 
3 2 0 4042 
3 2 0 4074 
3 2 0 4048 
3 2 0 4044 
3 2 0 4047 
3 2 0 4045 
3 2 0 4046 
3 2 0 4073 
3 2 0 4049 
3 2 0 4072 
3 2 0 4050 
3 2 0 4071 
3 2 0 4051 
3 2 0 4070 
3 2 0 4062 
3 2 0 4054 
3 2 0 4052 
3 2 0 4053 
3 2 0 4061 
3 2 0 4055 
3 2 0 4060 
3 2 0 4056 
3 2 0 4059 
3 2 0 4057 
3 2 0 4058 
3 2 0 4069 
3 2 0 4063 
3 2 0 4068 
3 2 0 4064 
3 2 0 4067 
3 2 0 4065 
3 2 0 4066 
3 2 0 4077 
1 0 
1 0 
2 3 4129 4130 0 
1 0 
1 0 
1 0 
1 0 
2 3 4134 4135 0 
2 3 4133 4136 0 
1 0 
1 0 
1 0 
1 0 
2 3 4140 4141 0 
1 0 
2 3 4142 4143 0 
2 3 4139 4144 0 
1 0 
2 3 4145 4146 0 
2 3 4138 4147 0 
2 3 4137 4148 0 
2 3 4132 4149 0 
2 3 4131 4150 0 
3 2 0 4151 
3 2 0 4131 
3 2 0 4129 
3 2 0 4130 
3 2 0 4150 
3 2 0 4132 
3 2 0 4149 
3 2 0 4137 
3 2 0 4133 
3 2 0 4136 
3 2 0 4134 
3 2 0 4135 
3 2 0 4148 
3 2 0 4138 
3 2 0 4147 
3 2 0 4145 
3 2 0 4139 
3 2 0 4144 
3 2 0 4142 
3 2 0 4140 
3 2 0 4141 
3 2 0 4143 
3 2 0 4146 
1 0 
1 0 
1 0 
2 3 4176 4177 0 
2 3 4175 4178 0 
1 0 
1 0 
2 3 4180 4181 0 
1 0 
1 0 
1 0 
1 0 
1 0 
1 0 
1 0 
1 0 
1 0 
2 3 4190 4191 0 
2 3 4189 4192 0 
2 3 4188 4193 0 
2 3 4187 4194 0 
2 3 4186 4195 0 
2 3 4185 4196 0 
2 3 4184 4197 0 
2 3 4183 4198 0 
2 3 4182 4199 0 
1 0 
2 3 4200 4201 0 
2 3 4179 4202 0 
3 2 0 4203 
3 2 0 4179 
3 2 0 4175 
3 2 0 4178 
3 2 0 4176 
3 2 0 4177 
3 2 0 4202 
3 2 0 4200 
3 2 0 4182 
3 2 0 4180 
3 2 0 4181 
3 2 0 4199 
3 2 0 4183 
3 2 0 4198 
3 2 0 4184 
3 2 0 4197 
3 2 0 4185 
3 2 0 4196 
3 2 0 4186 
3 2 0 4195 
3 2 0 4187 
3 2 0 4194 
3 2 0 4188 
3 2 0 4193 
3 2 0 4189 
3 2 0 4192 
3 2 0 4190 
3 2 0 4191 
3 2 0 4201 
1 0 
1 0 
1 0 
1 0 
1 0 
2 3 4236 4237 0 
2 3 4235 4238 0 
2 3 4234 4239 0 
2 3 4233 4240 0 
1 0 
1 0 
1 0 
1 0 
1 0 
1 0 
1 0 
1 0 
2 3 4248 4249 0 
2 3 4247 4250 0 
2 3 4246 4251 0 
2 3 4245 4252 0 
2 3 4244 4253 0 
1 0 
2 3 4254 4255 0 
2 3 4243 4256 0 
2 3 4242 4257 0 
2 3 4241 4258 0 
3 2 0 4259 
3 2 0 4241 
3 2 0 4233 
3 2 0 4240 
3 2 0 4234 
3 2 0 4239 
3 2 0 4235 
3 2 0 4238 
3 2 0 4236 
3 2 0 4237 
3 2 0 4258 
3 2 0 4242 
3 2 0 4257 
3 2 0 4243 
3 2 0 4256 
3 2 0 4254 
3 2 0 4244 
3 2 0 4253 
3 2 0 4245 
3 2 0 4252 
3 2 0 4246 
3 2 0 4251 
3 2 0 4247 
3 2 0 4250 
3 2 0 4248 
3 2 0 4249 
3 2 0 4255 
1 0 
1 0 
1 0 
1 0 
1 0 
2 3 4290 4291 0 
1 0 
1 0 
1 0 
2 3 4294 4295 0 
2 3 4293 4296 0 
2 3 4292 4297 0 
2 3 4289 4298 0 
2 3 4288 4299 0 
2 3 4287 4300 0 
1 0 
2 3 4301 4302 0 
1 0 
2 3 4303 4304 0 
1 0 
1 0 
1 0 
1 0 
1 0 
1 0 
2 3 4310 4311 0 
1 0 
1 0 
1 0 
2 3 4314 4315 0 
2 3 4313 4316 0 
2 3 4312 4317 0 
1 0 
1 0 
1 0 
1 0 
1 0 
2 3 4322 4323 0 
2 3 4321 4324 0 
2 3 4320 4325 0 
2 3 4319 4326 0 
2 3 4318 4327 0 
2 3 4309 4328 0 
2 3 4308 4329 0 
2 3 4307 4330 0 
1 0 
1 0 
1 0 
2 3 4333 4334 0 
1 0 
1 0 
1 0 
1 0 
1 0 
1 0 
2 3 4340 4341 0 
2 3 4339 4342 0 
2 3 4338 4343 0 
2 3 4337 4344 0 
2 3 4336 4345 0 
2 3 4335 4346 0 
2 3 4332 4347 0 
2 3 4331 4348 0 
2 3 4306 4349 0 
2 3 4305 4350 0 
1 0 
2 3 4351 4352 0 
3 2 0 4353 
3 2 0 4351 
3 2 0 4305 
3 2 0 4303 
3 2 0 4301 
3 2 0 4287 
3 2 0 4300 
3 2 0 4288 
3 2 0 4299 
3 2 0 4289 
3 2 0 4298 
3 2 0 4292 
3 2 0 4290 
3 2 0 4291 
3 2 0 4297 
3 2 0 4293 
3 2 0 4296 
3 2 0 4294 
3 2 0 4295 
3 2 0 4302 
3 2 0 4304 
3 2 0 4350 
3 2 0 4306 
3 2 0 4349 
3 2 0 4331 
3 2 0 4307 
3 2 0 4330 
3 2 0 4308 
3 2 0 4329 
3 2 0 4309 
3 2 0 4328 
3 2 0 4318 
3 2 0 4312 
3 2 0 4310 
3 2 0 4311 
3 2 0 4317 
3 2 0 4313 
3 2 0 4316 
3 2 0 4314 
3 2 0 4315 
3 2 0 4327 
3 2 0 4319 
3 2 0 4326 
3 2 0 4320 
3 2 0 4325 
3 2 0 4321 
3 2 0 4324 
3 2 0 4322 
3 2 0 4323 
3 2 0 4348 
3 2 0 4332 
3 2 0 4347 
3 2 0 4335 
3 2 0 4333 
3 2 0 4334 
3 2 0 4346 
3 2 0 4336 
3 2 0 4345 
3 2 0 4337 
3 2 0 4344 
3 2 0 4338 
3 2 0 4343 
3 2 0 4339 
3 2 0 4342 
3 2 0 4340 
3 2 0 4341 
3 2 0 4352 
1 0 
1 0 
1 0 
1 0 
2 3 4423 4424 0 
2 3 4422 4425 0 
1 0 
1 0 
2 3 4427 4428 0 
2 3 4426 4429 0 
1 0 
1 0 
1 0 
2 3 4432 4433 0 
2 3 4431 4434 0 
2 3 4430 4435 0 
1 0 
2 3 4436 4437 0 
2 3 4421 4438 0 
3 2 0 4439 
3 2 0 4421 
3 2 0 4438 
3 2 0 4436 
3 2 0 4430 
3 2 0 4426 
3 2 0 4422 
3 2 0 4425 
3 2 0 4423 
3 2 0 4424 
3 2 0 4429 
3 2 0 4427 
3 2 0 4428 
3 2 0 4435 
3 2 0 4431 
3 2 0 4434 
3 2 0 4432 
3 2 0 4433 
3 2 0 4437 
1 0 
1 0 
2 3 4459 4460 0 
1 0 
1 0 
1 0 
1 0 
1 0 
1 0 
2 3 4466 4467 0 
2 3 4465 4468 0 
2 3 4464 4469 0 
2 3 4463 4470 0 
1 0 
2 3 4471 4472 0 
1 0 
1 0 
2 3 4474 4475 0 
1 0 
1 0 
1 0 
2 3 4478 4479 0 
1 0 
1 0 
2 3 4481 4482 0 
2 3 4480 4483 0 
1 0 
2 3 4484 4485 0 
1 0 
2 3 4486 4487 0 
1 0 
1 0 
1 0 
1 0 
1 0 
1 0 
2 3 4493 4494 0 
2 3 4492 4495 0 
1 0 
1 0 
1 0 
2 3 4498 4499 0 
2 3 4497 4500 0 
2 3 4496 4501 0 
2 3 4491 4502 0 
2 3 4490 4503 0 
2 3 4489 4504 0 
2 3 4488 4505 0 
2 3 4477 4506 0 
2 3 4476 4507 0 
2 3 4473 4508 0 
1 0 
2 3 4509 4510 0 
2 3 4462 4511 0 
2 3 4461 4512 0 
1 0 
1 0 
1 0 
2 3 4515 4516 0 
1 0 
2 3 4517 4518 0 
1 0 
1 0 
2 3 4520 4521 0 
2 3 4519 4522 0 
1 0 
2 3 4523 4524 0 
2 3 4514 4525 0 
2 3 4513 4526 0 
3 2 0 4527 
3 2 0 4513 
3 2 0 4461 
3 2 0 4459 
3 2 0 4460 
3 2 0 4512 
3 2 0 4462 
3 2 0 4511 
3 2 0 4509 
3 2 0 4473 
3 2 0 4471 
3 2 0 4463 
3 2 0 4470 
3 2 0 4464 
3 2 0 4469 
3 2 0 4465 
3 2 0 4468 
3 2 0 4466 
3 2 0 4467 
3 2 0 4472 
3 2 0 4508 
3 2 0 4476 
3 2 0 4474 
3 2 0 4475 
3 2 0 4507 
3 2 0 4477 
3 2 0 4506 
3 2 0 4488 
3 2 0 4486 
3 2 0 4484 
3 2 0 4480 
3 2 0 4478 
3 2 0 4479 
3 2 0 4483 
3 2 0 4481 
3 2 0 4482 
3 2 0 4485 
3 2 0 4487 
3 2 0 4505 
3 2 0 4489 
3 2 0 4504 
3 2 0 4490 
3 2 0 4503 
3 2 0 4491 
3 2 0 4502 
3 2 0 4496 
3 2 0 4492 
3 2 0 4495 
3 2 0 4493 
3 2 0 4494 
3 2 0 4501 
3 2 0 4497 
3 2 0 4500 
3 2 0 4498 
3 2 0 4499 
3 2 0 4510 
3 2 0 4526 
3 2 0 4514 
3 2 0 4525 
3 2 0 4523 
3 2 0 4519 
3 2 0 4517 
3 2 0 4515 
3 2 0 4516 
3 2 0 4518 
3 2 0 4522 
3 2 0 4520 
3 2 0 4521 
3 2 0 4524 
1 0 
1 0 
1 0 
1 0 
1 0 
1 0 
1 0 
1 0 
2 3 4603 4604 0 
2 3 4602 4605 0 
1 0 
2 3 4606 4607 0 
1 0 
1 0 
1 0 
2 3 4610 4611 0 
2 3 4609 4612 0 
2 3 4608 4613 0 
2 3 4601 4614 0 
2 3 4600 4615 0 
2 3 4599 4616 0 
2 3 4598 4617 0 
2 3 4597 4618 0 
1 0 
1 0 
1 0 
2 3 4621 4622 0 
1 0 
1 0 
1 0 
2 3 4625 4626 0 
1 0 
1 0 
1 0 
1 0 
2 3 4630 4631 0 
2 3 4629 4632 0 
2 3 4628 4633 0 
2 3 4627 4634 0 
2 3 4624 4635 0 
1 0 
2 3 4636 4637 0 
2 3 4623 4638 0 
2 3 4620 4639 0 
2 3 4619 4640 0 
3 2 0 4641 
3 2 0 4619 
3 2 0 4597 
3 2 0 4618 
3 2 0 4598 
3 2 0 4617 
3 2 0 4599 
3 2 0 4616 
3 2 0 4600 
3 2 0 4615 
3 2 0 4601 
3 2 0 4614 
3 2 0 4608 
3 2 0 4606 
3 2 0 4602 
3 2 0 4605 
3 2 0 4603 
3 2 0 4604 
3 2 0 4607 
3 2 0 4613 
3 2 0 4609 
3 2 0 4612 
3 2 0 4610 
3 2 0 4611 
3 2 0 4640 
3 2 0 4620 
3 2 0 4639 
3 2 0 4623 
3 2 0 4621 
3 2 0 4622 
3 2 0 4638 
3 2 0 4636 
3 2 0 4624 
3 2 0 4635 
3 2 0 4627 
3 2 0 4625 
3 2 0 4626 
3 2 0 4634 
3 2 0 4628 
3 2 0 4633 
3 2 0 4629 
3 2 0 4632 
3 2 0 4630 
3 2 0 4631 
3 2 0 4637 
1 0 
1 0 
1 0 
2 3 4688 4689 0 
1 0 
1 0 
2 3 4691 4692 0 
2 3 4690 4693 0 
1 0 
2 3 4694 4695 0 
1 0 
1 0 
2 3 4697 4698 0 
1 0 
2 3 4699 4700 0 
2 3 4696 4701 0 
1 0 
1 0 
1 0 
1 0 
1 0 
1 0 
1 0 
2 3 4708 4709 0 
1 0 
2 3 4710 4711 0 
2 3 4707 4712 0 
2 3 4706 4713 0 
2 3 4705 4714 0 
2 3 4704 4715 0 
2 3 4703 4716 0 
2 3 4702 4717 0 
2 3 4687 4718 0 
1 0 
1 0 
1 0 
2 3 4721 4722 0 
1 0 
1 0 
1 0 
1 0 
1 0 
1 0 
2 3 4728 4729 0 
2 3 4727 4730 0 
1 0 
1 0 
1 0 
1 0 
1 0 
1 0 
2 3 4736 4737 0 
2 3 4735 4738 0 
2 3 4734 4739 0 
1 0 
2 3 4740 4741 0 
1 0 
1 0 
1 0 
1 0 
1 0 
1 0 
1 0 
1 0 
1 0 
1 0 
2 3 4751 4752 0 
2 3 4750 4753 0 
2 3 4749 4754 0 
2 3 4748 4755 0 
2 3 4747 4756 0 
2 3 4746 4757 0 
2 3 4745 4758 0 
2 3 4744 4759 0 
2 3 4743 4760 0 
2 3 4742 4761 0 
2 3 4733 4762 0 
2 3 4732 4763 0 
2 3 4731 4764 0 
2 3 4726 4765 0 
2 3 4725 4766 0 
2 3 4724 4767 0 
1 0 
2 3 4768 4769 0 
2 3 4723 4770 0 
2 3 4720 4771 0 
2 3 4719 4772 0 
3 2 0 4773 
3 2 0 4719 
3 2 0 4687 
3 2 0 4718 
3 2 0 4702 
3 2 0 4696 
3 2 0 4694 
3 2 0 4690 
3 2 0 4688 
3 2 0 4689 
3 2 0 4693 
3 2 0 4691 
3 2 0 4692 
3 2 0 4695 
3 2 0 4701 
3 2 0 4699 
3 2 0 4697 
3 2 0 4698 
3 2 0 4700 
3 2 0 4717 
3 2 0 4703 
3 2 0 4716 
3 2 0 4704 
3 2 0 4715 
3 2 0 4705 
3 2 0 4714 
3 2 0 4706 
3 2 0 4713 
3 2 0 4707 
3 2 0 4712 
3 2 0 4710 
3 2 0 4708 
3 2 0 4709 
3 2 0 4711 
3 2 0 4772 
3 2 0 4720 
3 2 0 4771 
3 2 0 4723 
3 2 0 4721 
3 2 0 4722 
3 2 0 4770 
3 2 0 4768 
3 2 0 4724 
3 2 0 4767 
3 2 0 4725 
3 2 0 4766 
3 2 0 4726 
3 2 0 4765 
3 2 0 4731 
3 2 0 4727 
3 2 0 4730 
3 2 0 4728 
3 2 0 4729 
3 2 0 4764 
3 2 0 4732 
3 2 0 4763 
3 2 0 4733 
3 2 0 4762 
3 2 0 4742 
3 2 0 4740 
3 2 0 4734 
3 2 0 4739 
3 2 0 4735 
3 2 0 4738 
3 2 0 4736 
3 2 0 4737 
3 2 0 4741 
3 2 0 4761 
3 2 0 4743 
3 2 0 4760 
3 2 0 4744 
3 2 0 4759 
3 2 0 4745 
3 2 0 4758 
3 2 0 4746 
3 2 0 4757 
3 2 0 4747 
3 2 0 4756 
3 2 0 4748 
3 2 0 4755 
3 2 0 4749 
3 2 0 4754 
3 2 0 4750 
3 2 0 4753 
3 2 0 4751 
3 2 0 4752 
3 2 0 4769 
16 2430 42 43 44 45 46 47 48 49 50 51 52 53 54 55 56 57 58 59 60 61 62 63 64 65 66 67 68 69 70 71 72 73 74 75 76 77 78 79 80 81 82 114 115 116 117 118 119 120 121 122 123 124 125 126 127 128 129 130 131 132 133 134 135 136 137 138 139 140 141 142 143 144 176 177 178 179 180 181 182 183 184 185 186 187 188 189 190 191 192 193 194 195 196 197 198 199 200 201 202 203 204 205 206 246 247 248 249 250 251 252 253 254 255 256 257 258 259 260 261 262 263 264 265 266 267 268 269 270 271 272 273 274 275 276 277 278 279 280 281 282 283 284 326 327 328 329 330 331 332 333 334 335 336 337 338 339 340 341 342 343 344 345 346 347 348 349 350 351 352 353 354 355 356 357 358 359 360 361 362 363 364 365 366 376 377 378 379 380 381 382 383 384 440 441 442 443 444 445 446 447 448 449 450 451 452 453 454 455 456 457 458 459 460 461 462 463 464 465 466 467 468 469 470 471 472 473 474 475 476 477 478 479 480 481 482 483 484 485 486 487 488 489 490 491 492 493 494 550 551 552 553 554 555 556 557 558 559 560 561 562 563 564 565 566 567 568 569 570 571 572 573 574 575 576 577 578 579 580 581 582 583 584 585 586 587 588 589 590 591 592 593 594 595 596 597 598 599 600 601 602 603 604 634 635 636 637 638 639 640 641 642 643 644 645 646 647 648 649 650 651 652 653 654 655 656 657 658 659 660 661 662 698 699 700 701 702 703 704 705 706 707 708 709 710 711 712 713 714 715 716 717 718 719 720 721 722 723 724 725 726 727 728 729 730 731 732 782 783 784 785 786 787 788 789 790 791 792 793 794 795 796 797 798 799 800 801 802 803 804 805 806 807 808 809 810 811 812 813 814 815 816 817 818 819 820 821 822 823 824 825 826 827 828 829 830 850 851 852 853 854 855 856 857 858 859 860 861 862 863 864 865 866 867 868 900 901 902 903 904 905 906 907 908 909 910 911 912 913 914 915 916 917 918 919 920 921 922 923 924 925 926 927 928 929 930 978 979 980 981 982 983 984 985 986 987 988 989 990 991 992 993 994 995 996 997 998 999 1000 1001 1002 1003 1004 1005 1006 1007 1008 1009 1010 1011 1012 1013 1014 1015 1016 1017 1018 1019 1020 1021 1022 1023 1024 1072 1073 1074 1075 1076 1077 1078 1079 1080 1081 1082 1083 1084 1085 1086 1087 1088 1089 1090 1091 1092 1093 1094 1095 1096 1097 1098 1099 1100 1101 1102 1103 1104 1105 1106 1107 1108 1109 1110 1111 1112 1113 1114 1115 1116 1117 1118 1182 1183 1184 1185 1186 1187 1188 1189 1190 1191 1192 1193 1194 1195 1196 1197 1198 1199 1200 1201 1202 1203 1204 1205 1206 1207 1208 1209 1210 1211 1212 1213 1214 1215 1216 1217 1218 1219 1220 1221 1222 1223 1224 1225 1226 1227 1228 1229 1230 1231 1232 1233 1234 1235 1236 1237 1238 1239 1240 1241 1242 1243 1244 1282 1283 1284 1285 1286 1287 1288 1289 1290 1291 1292 1293 1294 1295 1296 1297 1298 1299 1300 1301 1302 1303 1304 1305 1306 1307 1308 1309 1310 1311 1312 1313 1314 1315 1316 1317 1318 1340 1341 1342 1343 1344 1345 1346 1347 1348 1349 1350 1351 1352 1353 1354 1355 1356 1357 1358 1359 1360 1386 1387 1388 1389 1390 1391 1392 1393 1394 1395 1396 1397 1398 1399 1400 1401 1402 1403 1404 1405 1406 1407 1408 1409 1410 1434 1435 1436 1437 1438 1439 1440 1441 1442 1443 1444 1445 1446 1447 1448 1449 1450 1451 1452 1453 1454 1455 1456 1532 1533 1534 1535 1536 1537 1538 1539 1540 1541 1542 1543 1544 1545 1546 1547 1548 1549 1550 1551 1552 1553 1554 1555 1556 1557 1558 1559 1560 1561 1562 1563 1564 1565 1566 1567 1568 1569 1570 1571 1572 1573 1574 1575 1576 1577 1578 1579 1580 1581 1582 1583 1584 1585 1586 1587 1588 1589 1590 1591 1592 1593 1594 1595 1596 1597 1598 1599 1600 1601 1602 1603 1604 1605 1606 1622 1623 1624 1625 1626 1627 1628 1629 1630 1631 1632 1633 1634 1635 1636 1650 1651 1652 1653 1654 1655 1656 1657 1658 1659 1660 1661 1662 1700 1701 1702 1703 1704 1705 1706 1707 1708 1709 1710 1711 1712 1713 1714 1715 1716 1717 1718 1719 1720 1721 1722 1723 1724 1725 1726 1727 1728 1729 1730 1731 1732 1733 1734 1735 1736 1766 1767 1768 1769 1770 1771 1772 1773 1774 1775 1776 1777 1778 1779 1780 1781 1782 1783 1784 1785 1786 1787 1788 1789 1790 1791 1792 1793 1794 1818 1819 1820 1821 1822 1823 1824 1825 1826 1827 1828 1829 1830 1831 1832 1833 1834 1835 1836 1837 1838 1839 1840 1872 1873 1874 1875 1876 1877 1878 1879 1880 1881 1882 1883 1884 1885 1886 1887 1888 1889 1890 1891 1892 1893 1894 1895 1896 1897 1898 1899 1900 1901 1902 1952 1953 1954 1955 1956 1957 1958 1959 1960 1961 1962 1963 1964 1965 1966 1967 1968 1969 1970 1971 1972 1973 1974 1975 1976 1977 1978 1979 1980 1981 1982 1983 1984 1985 1986 1987 1988 1989 1990 1991 1992 1993 1994 1995 1996 1997 1998 1999 2000 2058 2059 2060 2061 2062 2063 2064 2065 2066 2067 2068 2069 2070 2071 2072 2073 2074 2075 2076 2077 2078 2079 2080 2081 2082 2083 2084 2085 2086 2087 2088 2089 2090 2091 2092 2093 2094 2095 2096 2097 2098 2099 2100 2101 2102 2103 2104 2105 2106 2107 2108 2109 2110 2111 2112 2113 2114 2148 2149 2150 2151 2152 2153 2154 2155 2156 2157 2158 2159 2160 2161 2162 2163 2164 2165 2166 2167 2168 2169 2170 2171 2172 2173 2174 2175 2176 2177 2178 2179 2180 2210 2211 2212 2213 2214 2215 2216 2217 2218 2219 2220 2221 2222 2223 2224 2225 2226 2227 2228 2229 2230 2231 2232 2233 2234 2235 2236 2237 2238 2256 2257 2258 2259 2260 2261 2262 2263 2264 2265 2266 2267 2268 2269 2270 2271 2272 2322 2323 2324 2325 2326 2327 2328 2329 2330 2331 2332 2333 2334 2335 2336 2337 2338 2339 2340 2341 2342 2343 2344 2345 2346 2347 2348 2349 2350 2351 2352 2353 2354 2355 2356 2357 2358 2359 2360 2361 2362 2363 2364 2365 2366 2367 2368 2369 2370 2414 2415 2416 2417 2418 2419 2420 2421 2422 2423 2424 2425 2426 2427 2428 2429 2430 2431 2432 2433 2434 2435 2436 2437 2438 2439 2440 2441 2442 2443 2444 2445 2446 2447 2448 2449 2450 2451 2452 2453 2454 2455 2456 2478 2479 2480 2481 2482 2483 2484 2485 2486 2487 2488 2489 2490 2491 2492 2493 2494 2495 2496 2497 2498 2542 2543 2544 2545 2546 2547 2548 2549 2550 2551 2552 2553 2554 2555 2556 2557 2558 2559 2560 2561 2562 2563 2564 2565 2566 2567 2568 2569 2570 2571 2572 2573 2574 2575 2576 2577 2578 2579 2580 2581 2582 2583 2584 2610 2611 2612 2613 2614 2615 2616 2617 2618 2619 2620 2621 2622 2623 2624 2625 2626 2627 2628 2629 2630 2631 2632 2633 2634 2692 2693 2694 2695 2696 2697 2698 2699 2700 2701 2702 2703 2704 2705 2706 2707 2708 2709 2710 2711 2712 2713 2714 2715 2716 2717 2718 2719 2720 2721 2722 2723 2724 2725 2726 2727 2728 2729 2730 2731 2732 2733 2734 2735 2736 2737 2738 2739 2740 2741 2742 2743 2744 2745 2746 2747 2748 2802 2803 2804 2805 2806 2807 2808 2809 2810 2811 2812 2813 2814 2815 2816 2817 2818 2819 2820 2821 2822 2823 2824 2825 2826 2827 2828 2829 2830 2831 2832 2833 2834 2835 2836 2837 2838 2839 2840 2841 2842 2843 2844 2845 2846 2847 2848 2849 2850 2851 2852 2853 2854 2908 2909 2910 2911 2912 2913 2914 2915 2916 2917 2918 2919 2920 2921 2922 2923 2924 2925 2926 2927 2928 2929 2930 2931 2932 2933 2934 2935 2936 2937 2938 2939 2940 2941 2942 2943 2944 2945 2946 2947 2948 2949 2950 2951 2952 2953 2954 2955 2956 2957 2958 2959 2960 2988 2989 2990 2991 2992 2993 2994 2995 2996 2997 2998 2999 3000 3001 3002 3003 3004 3005 3006 3007 3008 3009 3010 3011 3012 3013 3014 3098 3099 3100 3101 3102 3103 3104 3105 3106 3107 3108 3109 3110 3111 3112 3113 3114 3115 3116 3117 3118 3119 3120 3121 3122 3123 3124 3125 3126 3127 3128 3129 3130 3131 3132 3133 3134 3135 3136 3137 3138 3139 3140 3141 3142 3143 3144 3145 3146 3147 3148 3149 3150 3151 3152 3153 3154 3155 3156 3157 3158 3159 3160 3161 3162 3163 3164 3165 3166 3167 3168 3169 3170 3171 3172 3173 3174 3175 3176 3177 3178 3179 3180 3234 3235 3236 3237 3238 3239 3240 3241 3242 3243 3244 3245 3246 3247 3248 3249 3250 3251 3252 3253 3254 3255 3256 3257 3258 3259 3260 3261 3262 3263 3264 3265 3266 3267 3268 3269 3270 3271 3272 3273 3274 3275 3276 3277 3278 3279 3280 3281 3282 3283 3284 3285 3286 3332 3333 3334 3335 3336 3337 3338 3339 3340 3341 3342 3343 3344 3345 3346 3347 3348 3349 3350 3351 3352 3353 3354 3355 3356 3357 3358 3359 3360 3361 3362 3363 3364 3365 3366 3367 3368 3369 3370 3371 3372 3373 3374 3375 3376 3418 3419 3420 3421 3422 3423 3424 3425 3426 3427 3428 3429 3430 3431 3432 3433 3434 3435 3436 3437 3438 3439 3440 3441 3442 3443 3444 3445 3446 3447 3448 3449 3450 3451 3452 3453 3454 3455 3456 3457 3458 3476 3477 3478 3479 3480 3481 3482 3483 3484 3485 3486 3487 3488 3489 3490 3491 3492 3540 3541 3542 3543 3544 3545 3546 3547 3548 3549 3550 3551 3552 3553 3554 3555 3556 3557 3558 3559 3560 3561 3562 3563 3564 3565 3566 3567 3568 3569 3570 3571 3572 3573 3574 3575 3576 3577 3578 3579 3580 3581 3582 3583 3584 3585 3586 3602 3603 3604 3605 3606 3607 3608 3609 3610 3611 3612 3613 3614 3615 3616 3636 3637 3638 3639 3640 3641 3642 3643 3644 3645 3646 3647 3648 3649 3650 3651 3652 3653 3654 3680 3681 3682 3683 3684 3685 3686 3687 3688 3689 3690 3691 3692 3693 3694 3695 3696 3697 3698 3699 3700 3701 3702 3703 3704 3732 3733 3734 3735 3736 3737 3738 3739 3740 3741 3742 3743 3744 3745 3746 3747 3748 3749 3750 3751 3752 3753 3754 3755 3756 3757 3758 3792 3793 3794 3795 3796 3797 3798 3799 3800 3801 3802 3803 3804 3805 3806 3807 3808 3809 3810 3811 3812 3813 3814 3815 3816 3817 3818 3819 3820 3821 3822 3823 3824 3884 3885 3886 3887 3888 3889 3890 3891 3892 3893 3894 3895 3896 3897 3898 3899 3900 3901 3902 3903 3904 3905 3906 3907 3908 3909 3910 3911 3912 3913 3914 3915 3916 3917 3918 3919 3920 3921 3922 3923 3924 3925 3926 3927 3928 3929 3930 3931 3932 3933 3934 3935 3936 3937 3938 3939 3940 3941 3942 3954 3955 3956 3957 3958 3959 3960 3961 3962 3963 3964 3998 3999 4000 4001 4002 4003 4004 4005 4006 4007 4008 4009 4010 4011 4012 4013 4014 4015 4016 4017 4018 4019 4020 4021 4022 4023 4024 4025 4026 4027 4028 4029 4030 4080 4081 4082 4083 4084 4085 4086 4087 4088 4089 4090 4091 4092 4093 4094 4095 4096 4097 4098 4099 4100 4101 4102 4103 4104 4105 4106 4107 4108 4109 4110 4111 4112 4113 4114 4115 4116 4117 4118 4119 4120 4121 4122 4123 4124 4125 4126 4127 4128 4152 4153 4154 4155 4156 4157 4158 4159 4160 4161 4162 4163 4164 4165 4166 4167 4168 4169 4170 4171 4172 4173 4174 4204 4205 4206 4207 4208 4209 4210 4211 4212 4213 4214 4215 4216 4217 4218 4219 4220 4221 4222 4223 4224 4225 4226 4227 4228 4229 4230 4231 4232 4260 4261 4262 4263 4264 4265 4266 4267 4268 4269 4270 4271 4272 4273 4274 4275 4276 4277 4278 4279 4280 4281 4282 4283 4284 4285 4286 4354 4355 4356 4357 4358 4359 4360 4361 4362 4363 4364 4365 4366 4367 4368 4369 4370 4371 4372 4373 4374 4375 4376 4377 4378 4379 4380 4381 4382 4383 4384 4385 4386 4387 4388 4389 4390 4391 4392 4393 4394 4395 4396 4397 4398 4399 4400 4401 4402 4403 4404 4405 4406 4407 4408 4409 4410 4411 4412 4413 4414 4415 4416 4417 4418 4419 4420 4440 4441 4442 4443 4444 4445 4446 4447 4448 4449 4450 4451 4452 4453 4454 4455 4456 4457 4458 4528 4529 4530 4531 4532 4533 4534 4535 4536 4537 4538 4539 4540 4541 4542 4543 4544 4545 4546 4547 4548 4549 4550 4551 4552 4553 4554 4555 4556 4557 4558 4559 4560 4561 4562 4563 4564 4565 4566 4567 4568 4569 4570 4571 4572 4573 4574 4575 4576 4577 4578 4579 4580 4581 4582 4583 4584 4585 4586 4587 4588 4589 4590 4591 4592 4593 4594 4595 4596 4642 4643 4644 4645 4646 4647 4648 4649 4650 4651 4652 4653 4654 4655 4656 4657 4658 4659 4660 4661 4662 4663 4664 4665 4666 4667 4668 4669 4670 4671 4672 4673 4674 4675 4676 4677 4678 4679 4680 4681 4682 4683 4684 4685 4686 4774 4775 4776 4777 4778 4779 4780 4781 4782 4783 4784 4785 4786 4787 4788 4789 4790 4791 4792 4793 4794 4795 4796 4797 4798 4799 4800 4801 4802 4803 4804 4805 4806 4807 4808 4809 4810 4811 4812 4813 4814 4815 4816 4817 4818 4819 4820 4821 4822 4823 4824 4825 4826 4827 4828 4829 4830 4831 4832 4833 4834 4835 4836 4837 4838 4839 4840 4841 4842 4843 4844 4845 4846 4847 4848 4849 4850 4851 4852 4853 4854 4855 4856 4857 4858 4859 4860 
