5394
0 0 
1 0 
1 0 
1 0 
1 0 
2 3 3 4 0 
2 3 2 5 0 
1 0 
1 0 
2 3 7 8 0 
2 3 6 9 0 
1 0 
2 3 10 11 0 
1 0 
1 0 
1 0 
2 3 14 15 0 
2 3 13 16 0 
2 3 12 17 0 
2 3 1 18 0 
1 0 
2 3 19 20 0 
1 0 
1 0 
1 0 
1 0 
1 0 
1 0 
2 3 26 27 0 
2 3 25 28 0 
2 3 24 29 0 
1 0 
1 0 
1 0 
1 0 
2 3 33 34 0 
1 0 
1 0 
1 0 
1 0 
1 0 
2 3 39 40 0 
2 3 38 41 0 
2 3 37 42 0 
2 3 36 43 0 
2 3 35 44 0 
2 3 32 45 0 
2 3 31 46 0 
2 3 30 47 0 
2 3 23 48 0 
2 3 22 49 0 
2 3 21 50 0 
1 0 
2 3 51 52 0 
3 2 0 53 
3 2 0 51 
3 2 0 21 
3 2 0 19 
3 2 0 1 
3 2 0 18 
3 2 0 12 
3 2 0 10 
3 2 0 6 
3 2 0 2 
3 2 0 5 
3 2 0 3 
3 2 0 4 
3 2 0 9 
3 2 0 7 
3 2 0 8 
3 2 0 11 
3 2 0 17 
3 2 0 13 
3 2 0 16 
3 2 0 14 
3 2 0 15 
3 2 0 20 
3 2 0 50 
3 2 0 22 
3 2 0 49 
3 2 0 23 
3 2 0 48 
3 2 0 30 
3 2 0 24 
3 2 0 29 
3 2 0 25 
3 2 0 28 
3 2 0 26 
3 2 0 27 
3 2 0 47 
3 2 0 31 
3 2 0 46 
3 2 0 32 
3 2 0 45 
3 2 0 35 
3 2 0 33 
3 2 0 34 
3 2 0 44 
3 2 0 36 
3 2 0 43 
3 2 0 37 
3 2 0 42 
3 2 0 38 
3 2 0 41 
3 2 0 39 
3 2 0 40 
3 2 0 52 
1 0 
1 0 
1 0 
1 0 
2 3 109 110 0 
2 3 108 111 0 
1 0 
1 0 
1 0 
2 3 114 115 0 
2 3 113 116 0 
2 3 112 117 0 
1 0 
1 0 
1 0 
2 3 120 121 0 
1 0 
2 3 122 123 0 
1 0 
2 3 124 125 0 
1 0 
2 3 126 127 0 
1 0 
2 3 128 129 0 
1 0 
1 0 
2 3 131 132 0 
2 3 130 133 0 
2 3 119 134 0 
2 3 118 135 0 
2 3 107 136 0 
1 0 
1 0 
1 0 
1 0 
1 0 
2 3 141 142 0 
2 3 140 143 0 
2 3 139 144 0 
1 0 
1 0 
1 0 
1 0 
2 3 148 149 0 
2 3 147 150 0 
2 3 146 151 0 
1 0 
1 0 
2 3 153 154 0 
2 3 152 155 0 
1 0 
2 3 156 157 0 
2 3 145 158 0 
2 3 138 159 0 
2 3 137 160 0 
3 2 0 161 
3 2 0 137 
3 2 0 107 
3 2 0 136 
3 2 0 118 
3 2 0 112 
3 2 0 108 
3 2 0 111 
3 2 0 109 
3 2 0 110 
3 2 0 117 
3 2 0 113 
3 2 0 116 
3 2 0 114 
3 2 0 115 
3 2 0 135 
3 2 0 119 
3 2 0 134 
3 2 0 130 
3 2 0 128 
3 2 0 126 
3 2 0 124 
3 2 0 122 
3 2 0 120 
3 2 0 121 
3 2 0 123 
3 2 0 125 
3 2 0 127 
3 2 0 129 
3 2 0 133 
3 2 0 131 
3 2 0 132 
3 2 0 160 
3 2 0 138 
3 2 0 159 
3 2 0 145 
3 2 0 139 
3 2 0 144 
3 2 0 140 
3 2 0 143 
3 2 0 141 
3 2 0 142 
3 2 0 158 
3 2 0 156 
3 2 0 152 
3 2 0 146 
3 2 0 151 
3 2 0 147 
3 2 0 150 
3 2 0 148 
3 2 0 149 
3 2 0 155 
3 2 0 153 
3 2 0 154 
3 2 0 157 
1 0 
1 0 
2 3 217 218 0 
1 0 
2 3 219 220 0 
1 0 
2 3 221 222 0 
1 0 
1 0 
2 3 224 225 0 
1 0 
1 0 
2 3 227 228 0 
2 3 226 229 0 
2 3 223 230 0 
1 0 
2 3 231 232 0 
3 2 0 233 
3 2 0 231 
3 2 0 223 
3 2 0 221 
3 2 0 219 
3 2 0 217 
3 2 0 218 
3 2 0 220 
3 2 0 222 
3 2 0 230 
3 2 0 226 
3 2 0 224 
3 2 0 225 
3 2 0 229 
3 2 0 227 
3 2 0 228 
3 2 0 232 
1 0 
1 0 
2 3 251 252 0 
1 0 
1 0 
1 0 
1 0 
2 3 256 257 0 
2 3 255 258 0 
2 3 254 259 0 
2 3 253 260 0 
1 0 
2 3 261 262 0 
1 0 
2 3 263 264 0 
1 0 
1 0 
1 0 
1 0 
1 0 
2 3 269 270 0 
2 3 268 271 0 
2 3 267 272 0 
2 3 266 273 0 
2 3 265 274 0 
1 0 
2 3 275 276 0 
3 2 0 277 
3 2 0 275 
3 2 0 265 
3 2 0 263 
3 2 0 261 
3 2 0 253 
3 2 0 251 
3 2 0 252 
3 2 0 260 
3 2 0 254 
3 2 0 259 
3 2 0 255 
3 2 0 258 
3 2 0 256 
3 2 0 257 
3 2 0 262 
3 2 0 264 
3 2 0 274 
3 2 0 266 
3 2 0 273 
3 2 0 267 
3 2 0 272 
3 2 0 268 
3 2 0 271 
3 2 0 269 
3 2 0 270 
3 2 0 276 
1 0 
1 0 
1 0 
1 0 
1 0 
1 0 
1 0 
2 3 310 311 0 
1 0 
1 0 
2 3 313 314 0 
2 3 312 315 0 
2 3 309 316 0 
1 0 
1 0 
1 0 
2 3 319 320 0 
2 3 318 321 0 
2 3 317 322 0 
2 3 308 323 0 
2 3 307 324 0 
2 3 306 325 0 
2 3 305 326 0 
1 0 
1 0 
1 0 
1 0 
2 3 330 331 0 
1 0 
1 0 
1 0 
1 0 
1 0 
2 3 336 337 0 
2 3 335 338 0 
2 3 334 339 0 
1 0 
1 0 
2 3 341 342 0 
1 0 
2 3 343 344 0 
2 3 340 345 0 
2 3 333 346 0 
2 3 332 347 0 
1 0 
2 3 348 349 0 
2 3 329 350 0 
2 3 328 351 0 
2 3 327 352 0 
3 2 0 353 
3 2 0 327 
3 2 0 305 
3 2 0 326 
3 2 0 306 
3 2 0 325 
3 2 0 307 
3 2 0 324 
3 2 0 308 
3 2 0 323 
3 2 0 317 
3 2 0 309 
3 2 0 316 
3 2 0 312 
3 2 0 310 
3 2 0 311 
3 2 0 315 
3 2 0 313 
3 2 0 314 
3 2 0 322 
3 2 0 318 
3 2 0 321 
3 2 0 319 
3 2 0 320 
3 2 0 352 
3 2 0 328 
3 2 0 351 
3 2 0 329 
3 2 0 350 
3 2 0 348 
3 2 0 332 
3 2 0 330 
3 2 0 331 
3 2 0 347 
3 2 0 333 
3 2 0 346 
3 2 0 340 
3 2 0 334 
3 2 0 339 
3 2 0 335 
3 2 0 338 
3 2 0 336 
3 2 0 337 
3 2 0 345 
3 2 0 343 
3 2 0 341 
3 2 0 342 
3 2 0 344 
3 2 0 349 
1 0 
1 0 
2 3 403 404 0 
1 0 
2 3 405 406 0 
1 0 
1 0 
2 3 408 409 0 
2 3 407 410 0 
1 0 
2 3 411 412 0 
3 2 0 413 
3 2 0 411 
3 2 0 407 
3 2 0 405 
3 2 0 403 
3 2 0 404 
3 2 0 406 
3 2 0 410 
3 2 0 408 
3 2 0 409 
3 2 0 412 
1 0 
1 0 
1 0 
2 3 426 427 0 
1 0 
2 3 428 429 0 
1 0 
2 3 430 431 0 
2 3 425 432 0 
1 0 
1 0 
2 3 434 435 0 
2 3 433 436 0 
1 0 
1 0 
1 0 
2 3 439 440 0 
1 0 
1 0 
2 3 442 443 0 
2 3 441 444 0 
1 0 
2 3 445 446 0 
1 0 
2 3 447 448 0 
1 0 
1 0 
2 3 450 451 0 
1 0 
1 0 
1 0 
1 0 
2 3 455 456 0 
2 3 454 457 0 
1 0 
2 3 458 459 0 
2 3 453 460 0 
2 3 452 461 0 
2 3 449 462 0 
2 3 438 463 0 
1 0 
1 0 
1 0 
1 0 
1 0 
1 0 
2 3 469 470 0 
2 3 468 471 0 
2 3 467 472 0 
2 3 466 473 0 
2 3 465 474 0 
2 3 464 475 0 
2 3 437 476 0 
1 0 
2 3 477 478 0 
3 2 0 479 
3 2 0 477 
3 2 0 437 
3 2 0 433 
3 2 0 425 
3 2 0 432 
3 2 0 430 
3 2 0 428 
3 2 0 426 
3 2 0 427 
3 2 0 429 
3 2 0 431 
3 2 0 436 
3 2 0 434 
3 2 0 435 
3 2 0 476 
3 2 0 464 
3 2 0 438 
3 2 0 463 
3 2 0 449 
3 2 0 447 
3 2 0 445 
3 2 0 441 
3 2 0 439 
3 2 0 440 
3 2 0 444 
3 2 0 442 
3 2 0 443 
3 2 0 446 
3 2 0 448 
3 2 0 462 
3 2 0 452 
3 2 0 450 
3 2 0 451 
3 2 0 461 
3 2 0 453 
3 2 0 460 
3 2 0 458 
3 2 0 454 
3 2 0 457 
3 2 0 455 
3 2 0 456 
3 2 0 459 
3 2 0 475 
3 2 0 465 
3 2 0 474 
3 2 0 466 
3 2 0 473 
3 2 0 467 
3 2 0 472 
3 2 0 468 
3 2 0 471 
3 2 0 469 
3 2 0 470 
3 2 0 478 
1 0 
1 0 
1 0 
2 3 536 537 0 
1 0 
2 3 538 539 0 
1 0 
1 0 
2 3 541 542 0 
1 0 
1 0 
1 0 
1 0 
1 0 
1 0 
1 0 
2 3 549 550 0 
1 0 
2 3 551 552 0 
2 3 548 553 0 
2 3 547 554 0 
2 3 546 555 0 
2 3 545 556 0 
2 3 544 557 0 
2 3 543 558 0 
2 3 540 559 0 
1 0 
2 3 560 561 0 
2 3 535 562 0 
3 2 0 563 
3 2 0 535 
3 2 0 562 
3 2 0 560 
3 2 0 540 
3 2 0 538 
3 2 0 536 
3 2 0 537 
3 2 0 539 
3 2 0 559 
3 2 0 543 
3 2 0 541 
3 2 0 542 
3 2 0 558 
3 2 0 544 
3 2 0 557 
3 2 0 545 
3 2 0 556 
3 2 0 546 
3 2 0 555 
3 2 0 547 
3 2 0 554 
3 2 0 548 
3 2 0 553 
3 2 0 551 
3 2 0 549 
3 2 0 550 
3 2 0 552 
3 2 0 561 
1 0 
1 0 
1 0 
2 3 594 595 0 
1 0 
2 3 596 597 0 
1 0 
2 3 598 599 0 
1 0 
1 0 
1 0 
1 0 
2 3 603 604 0 
2 3 602 605 0 
2 3 601 606 0 
2 3 600 607 0 
2 3 593 608 0 
1 0 
2 3 609 610 0 
1 0 
2 3 611 612 0 
1 0 
1 0 
1 0 
1 0 
2 3 616 617 0 
2 3 615 618 0 
1 0 
1 0 
2 3 620 621 0 
2 3 619 622 0 
2 3 614 623 0 
1 0 
1 0 
1 0 
1 0 
2 3 627 628 0 
2 3 626 629 0 
1 0 
2 3 630 631 0 
2 3 625 632 0 
2 3 624 633 0 
2 3 613 634 0 
1 0 
2 3 635 636 0 
3 2 0 637 
3 2 0 635 
3 2 0 613 
3 2 0 611 
3 2 0 609 
3 2 0 593 
3 2 0 608 
3 2 0 600 
3 2 0 598 
3 2 0 596 
3 2 0 594 
3 2 0 595 
3 2 0 597 
3 2 0 599 
3 2 0 607 
3 2 0 601 
3 2 0 606 
3 2 0 602 
3 2 0 605 
3 2 0 603 
3 2 0 604 
3 2 0 610 
3 2 0 612 
3 2 0 634 
3 2 0 624 
3 2 0 614 
3 2 0 623 
3 2 0 619 
3 2 0 615 
3 2 0 618 
3 2 0 616 
3 2 0 617 
3 2 0 622 
3 2 0 620 
3 2 0 621 
3 2 0 633 
3 2 0 625 
3 2 0 632 
3 2 0 630 
3 2 0 626 
3 2 0 629 
3 2 0 627 
3 2 0 628 
3 2 0 631 
3 2 0 636 
1 0 
1 0 
1 0 
1 0 
1 0 
2 3 686 687 0 
1 0 
2 3 688 689 0 
1 0 
1 0 
2 3 691 692 0 
2 3 690 693 0 
1 0 
2 3 694 695 0 
1 0 
1 0 
1 0 
2 3 698 699 0 
2 3 697 700 0 
2 3 696 701 0 
2 3 685 702 0 
2 3 684 703 0 
2 3 683 704 0 
1 0 
2 3 705 706 0 
3 2 0 707 
3 2 0 705 
3 2 0 683 
3 2 0 704 
3 2 0 684 
3 2 0 703 
3 2 0 685 
3 2 0 702 
3 2 0 696 
3 2 0 694 
3 2 0 690 
3 2 0 688 
3 2 0 686 
3 2 0 687 
3 2 0 689 
3 2 0 693 
3 2 0 691 
3 2 0 692 
3 2 0 695 
3 2 0 701 
3 2 0 697 
3 2 0 700 
3 2 0 698 
3 2 0 699 
3 2 0 706 
1 0 
1 0 
1 0 
1 0 
1 0 
2 3 736 737 0 
2 3 735 738 0 
1 0 
1 0 
2 3 740 741 0 
2 3 739 742 0 
2 3 734 743 0 
2 3 733 744 0 
1 0 
1 0 
1 0 
1 0 
2 3 748 749 0 
2 3 747 750 0 
1 0 
2 3 751 752 0 
1 0 
2 3 753 754 0 
2 3 746 755 0 
2 3 745 756 0 
3 2 0 757 
3 2 0 745 
3 2 0 733 
3 2 0 744 
3 2 0 734 
3 2 0 743 
3 2 0 739 
3 2 0 735 
3 2 0 738 
3 2 0 736 
3 2 0 737 
3 2 0 742 
3 2 0 740 
3 2 0 741 
3 2 0 756 
3 2 0 746 
3 2 0 755 
3 2 0 753 
3 2 0 751 
3 2 0 747 
3 2 0 750 
3 2 0 748 
3 2 0 749 
3 2 0 752 
3 2 0 754 
1 0 
1 0 
1 0 
1 0 
1 0 
1 0 
2 3 787 788 0 
2 3 786 789 0 
1 0 
1 0 
1 0 
1 0 
1 0 
2 3 794 795 0 
2 3 793 796 0 
2 3 792 797 0 
2 3 791 798 0 
2 3 790 799 0 
1 0 
2 3 800 801 0 
1 0 
1 0 
2 3 803 804 0 
1 0 
1 0 
1 0 
1 0 
2 3 808 809 0 
2 3 807 810 0 
2 3 806 811 0 
2 3 805 812 0 
2 3 802 813 0 
2 3 785 814 0 
2 3 784 815 0 
1 0 
2 3 816 817 0 
2 3 783 818 0 
3 2 0 819 
3 2 0 783 
3 2 0 818 
3 2 0 816 
3 2 0 784 
3 2 0 815 
3 2 0 785 
3 2 0 814 
3 2 0 802 
3 2 0 800 
3 2 0 790 
3 2 0 786 
3 2 0 789 
3 2 0 787 
3 2 0 788 
3 2 0 799 
3 2 0 791 
3 2 0 798 
3 2 0 792 
3 2 0 797 
3 2 0 793 
3 2 0 796 
3 2 0 794 
3 2 0 795 
3 2 0 801 
3 2 0 813 
3 2 0 805 
3 2 0 803 
3 2 0 804 
3 2 0 812 
3 2 0 806 
3 2 0 811 
3 2 0 807 
3 2 0 810 
3 2 0 808 
3 2 0 809 
3 2 0 817 
1 0 
1 0 
1 0 
1 0 
1 0 
2 3 860 861 0 
1 0 
2 3 862 863 0 
1 0 
2 3 864 865 0 
1 0 
1 0 
1 0 
1 0 
2 3 869 870 0 
1 0 
1 0 
1 0 
2 3 873 874 0 
1 0 
1 0 
1 0 
2 3 877 878 0 
2 3 876 879 0 
2 3 875 880 0 
2 3 872 881 0 
2 3 871 882 0 
2 3 868 883 0 
2 3 867 884 0 
2 3 866 885 0 
2 3 859 886 0 
1 0 
2 3 887 888 0 
2 3 858 889 0 
2 3 857 890 0 
3 2 0 891 
3 2 0 857 
3 2 0 890 
3 2 0 858 
3 2 0 889 
3 2 0 887 
3 2 0 859 
3 2 0 886 
3 2 0 866 
3 2 0 864 
3 2 0 862 
3 2 0 860 
3 2 0 861 
3 2 0 863 
3 2 0 865 
3 2 0 885 
3 2 0 867 
3 2 0 884 
3 2 0 868 
3 2 0 883 
3 2 0 871 
3 2 0 869 
3 2 0 870 
3 2 0 882 
3 2 0 872 
3 2 0 881 
3 2 0 875 
3 2 0 873 
3 2 0 874 
3 2 0 880 
3 2 0 876 
3 2 0 879 
3 2 0 877 
3 2 0 878 
3 2 0 888 
1 0 
1 0 
1 0 
1 0 
1 0 
1 0 
1 0 
1 0 
1 0 
2 3 934 935 0 
2 3 933 936 0 
1 0 
1 0 
2 3 938 939 0 
2 3 937 940 0 
1 0 
1 0 
1 0 
2 3 943 944 0 
2 3 942 945 0 
2 3 941 946 0 
2 3 932 947 0 
2 3 931 948 0 
2 3 930 949 0 
2 3 929 950 0 
2 3 928 951 0 
1 0 
2 3 952 953 0 
2 3 927 954 0 
3 2 0 955 
3 2 0 927 
3 2 0 954 
3 2 0 952 
3 2 0 928 
3 2 0 951 
3 2 0 929 
3 2 0 950 
3 2 0 930 
3 2 0 949 
3 2 0 931 
3 2 0 948 
3 2 0 932 
3 2 0 947 
3 2 0 941 
3 2 0 937 
3 2 0 933 
3 2 0 936 
3 2 0 934 
3 2 0 935 
3 2 0 940 
3 2 0 938 
3 2 0 939 
3 2 0 946 
3 2 0 942 
3 2 0 945 
3 2 0 943 
3 2 0 944 
3 2 0 953 
1 0 
1 0 
1 0 
1 0 
1 0 
2 3 988 989 0 
2 3 987 990 0 
2 3 986 991 0 
1 0 
2 3 992 993 0 
1 0 
1 0 
1 0 
2 3 996 997 0 
1 0 
1 0 
1 0 
1 0 
1 0 
2 3 1002 1003 0 
1 0 
2 3 1004 1005 0 
2 3 1001 1006 0 
2 3 1000 1007 0 
2 3 999 1008 0 
2 3 998 1009 0 
2 3 995 1010 0 
1 0 
1 0 
1 0 
1 0 
2 3 1014 1015 0 
1 0 
2 3 1016 1017 0 
2 3 1013 1018 0 
1 0 
1 0 
1 0 
2 3 1021 1022 0 
2 3 1020 1023 0 
2 3 1019 1024 0 
2 3 1012 1025 0 
2 3 1011 1026 0 
2 3 994 1027 0 
1 0 
2 3 1028 1029 0 
2 3 985 1030 0 
3 2 0 1031 
3 2 0 985 
3 2 0 1030 
3 2 0 1028 
3 2 0 994 
3 2 0 992 
3 2 0 986 
3 2 0 991 
3 2 0 987 
3 2 0 990 
3 2 0 988 
3 2 0 989 
3 2 0 993 
3 2 0 1027 
3 2 0 1011 
3 2 0 995 
3 2 0 1010 
3 2 0 998 
3 2 0 996 
3 2 0 997 
3 2 0 1009 
3 2 0 999 
3 2 0 1008 
3 2 0 1000 
3 2 0 1007 
3 2 0 1001 
3 2 0 1006 
3 2 0 1004 
3 2 0 1002 
3 2 0 1003 
3 2 0 1005 
3 2 0 1026 
3 2 0 1012 
3 2 0 1025 
3 2 0 1019 
3 2 0 1013 
3 2 0 1018 
3 2 0 1016 
3 2 0 1014 
3 2 0 1015 
3 2 0 1017 
3 2 0 1024 
3 2 0 1020 
3 2 0 1023 
3 2 0 1021 
3 2 0 1022 
3 2 0 1029 
1 0 
1 0 
2 3 1079 1080 0 
1 0 
1 0 
2 3 1082 1083 0 
1 0 
1 0 
1 0 
2 3 1086 1087 0 
2 3 1085 1088 0 
2 3 1084 1089 0 
2 3 1081 1090 0 
1 0 
1 0 
1 0 
1 0 
2 3 1094 1095 0 
1 0 
2 3 1096 1097 0 
1 0 
1 0 
2 3 1099 1100 0 
1 0 
2 3 1101 1102 0 
2 3 1098 1103 0 
1 0 
2 3 1104 1105 0 
1 0 
1 0 
2 3 1107 1108 0 
2 3 1106 1109 0 
2 3 1093 1110 0 
1 0 
1 0 
1 0 
1 0 
1 0 
1 0 
1 0 
1 0 
1 0 
1 0 
1 0 
1 0 
2 3 1122 1123 0 
2 3 1121 1124 0 
2 3 1120 1125 0 
1 0 
1 0 
1 0 
1 0 
2 3 1129 1130 0 
2 3 1128 1131 0 
2 3 1127 1132 0 
2 3 1126 1133 0 
2 3 1119 1134 0 
2 3 1118 1135 0 
2 3 1117 1136 0 
2 3 1116 1137 0 
2 3 1115 1138 0 
2 3 1114 1139 0 
2 3 1113 1140 0 
2 3 1112 1141 0 
2 3 1111 1142 0 
1 0 
2 3 1143 1144 0 
2 3 1092 1145 0 
2 3 1091 1146 0 
3 2 0 1147 
3 2 0 1091 
3 2 0 1081 
3 2 0 1079 
3 2 0 1080 
3 2 0 1090 
3 2 0 1084 
3 2 0 1082 
3 2 0 1083 
3 2 0 1089 
3 2 0 1085 
3 2 0 1088 
3 2 0 1086 
3 2 0 1087 
3 2 0 1146 
3 2 0 1092 
3 2 0 1145 
3 2 0 1143 
3 2 0 1111 
3 2 0 1093 
3 2 0 1110 
3 2 0 1106 
3 2 0 1104 
3 2 0 1098 
3 2 0 1096 
3 2 0 1094 
3 2 0 1095 
3 2 0 1097 
3 2 0 1103 
3 2 0 1101 
3 2 0 1099 
3 2 0 1100 
3 2 0 1102 
3 2 0 1105 
3 2 0 1109 
3 2 0 1107 
3 2 0 1108 
3 2 0 1142 
3 2 0 1112 
3 2 0 1141 
3 2 0 1113 
3 2 0 1140 
3 2 0 1114 
3 2 0 1139 
3 2 0 1115 
3 2 0 1138 
3 2 0 1116 
3 2 0 1137 
3 2 0 1117 
3 2 0 1136 
3 2 0 1118 
3 2 0 1135 
3 2 0 1119 
3 2 0 1134 
3 2 0 1126 
3 2 0 1120 
3 2 0 1125 
3 2 0 1121 
3 2 0 1124 
3 2 0 1122 
3 2 0 1123 
3 2 0 1133 
3 2 0 1127 
3 2 0 1132 
3 2 0 1128 
3 2 0 1131 
3 2 0 1129 
3 2 0 1130 
3 2 0 1144 
1 0 
1 0 
1 0 
1 0 
2 3 1219 1220 0 
2 3 1218 1221 0 
2 3 1217 1222 0 
1 0 
2 3 1223 1224 0 
1 0 
1 0 
1 0 
1 0 
1 0 
1 0 
2 3 1230 1231 0 
2 3 1229 1232 0 
2 3 1228 1233 0 
2 3 1227 1234 0 
2 3 1226 1235 0 
2 3 1225 1236 0 
1 0 
2 3 1237 1238 0 
3 2 0 1239 
3 2 0 1237 
3 2 0 1225 
3 2 0 1223 
3 2 0 1217 
3 2 0 1222 
3 2 0 1218 
3 2 0 1221 
3 2 0 1219 
3 2 0 1220 
3 2 0 1224 
3 2 0 1236 
3 2 0 1226 
3 2 0 1235 
3 2 0 1227 
3 2 0 1234 
3 2 0 1228 
3 2 0 1233 
3 2 0 1229 
3 2 0 1232 
3 2 0 1230 
3 2 0 1231 
3 2 0 1238 
1 0 
1 0 
2 3 1263 1264 0 
1 0 
1 0 
1 0 
1 0 
2 3 1268 1269 0 
1 0 
2 3 1270 1271 0 
1 0 
1 0 
1 0 
1 0 
1 0 
2 3 1276 1277 0 
2 3 1275 1278 0 
2 3 1274 1279 0 
2 3 1273 1280 0 
2 3 1272 1281 0 
2 3 1267 1282 0 
2 3 1266 1283 0 
1 0 
2 3 1284 1285 0 
2 3 1265 1286 0 
3 2 0 1287 
3 2 0 1265 
3 2 0 1263 
3 2 0 1264 
3 2 0 1286 
3 2 0 1284 
3 2 0 1266 
3 2 0 1283 
3 2 0 1267 
3 2 0 1282 
3 2 0 1272 
3 2 0 1270 
3 2 0 1268 
3 2 0 1269 
3 2 0 1271 
3 2 0 1281 
3 2 0 1273 
3 2 0 1280 
3 2 0 1274 
3 2 0 1279 
3 2 0 1275 
3 2 0 1278 
3 2 0 1276 
3 2 0 1277 
3 2 0 1285 
1 0 
1 0 
1 0 
1 0 
1 0 
1 0 
1 0 
1 0 
1 0 
2 3 1320 1321 0 
2 3 1319 1322 0 
2 3 1318 1323 0 
2 3 1317 1324 0 
2 3 1316 1325 0 
2 3 1315 1326 0 
2 3 1314 1327 0 
2 3 1313 1328 0 
1 0 
1 0 
1 0 
1 0 
1 0 
1 0 
1 0 
1 0 
1 0 
1 0 
2 3 1338 1339 0 
2 3 1337 1340 0 
1 0 
2 3 1341 1342 0 
1 0 
1 0 
2 3 1344 1345 0 
2 3 1343 1346 0 
1 0 
2 3 1347 1348 0 
2 3 1336 1349 0 
2 3 1335 1350 0 
2 3 1334 1351 0 
2 3 1333 1352 0 
2 3 1332 1353 0 
1 0 
2 3 1354 1355 0 
2 3 1331 1356 0 
2 3 1330 1357 0 
2 3 1329 1358 0 
3 2 0 1359 
3 2 0 1329 
3 2 0 1313 
3 2 0 1328 
3 2 0 1314 
3 2 0 1327 
3 2 0 1315 
3 2 0 1326 
3 2 0 1316 
3 2 0 1325 
3 2 0 1317 
3 2 0 1324 
3 2 0 1318 
3 2 0 1323 
3 2 0 1319 
3 2 0 1322 
3 2 0 1320 
3 2 0 1321 
3 2 0 1358 
3 2 0 1330 
3 2 0 1357 
3 2 0 1331 
3 2 0 1356 
3 2 0 1354 
3 2 0 1332 
3 2 0 1353 
3 2 0 1333 
3 2 0 1352 
3 2 0 1334 
3 2 0 1351 
3 2 0 1335 
3 2 0 1350 
3 2 0 1336 
3 2 0 1349 
3 2 0 1347 
3 2 0 1343 
3 2 0 1341 
3 2 0 1337 
3 2 0 1340 
3 2 0 1338 
3 2 0 1339 
3 2 0 1342 
3 2 0 1346 
3 2 0 1344 
3 2 0 1345 
3 2 0 1348 
3 2 0 1355 
1 0 
1 0 
1 0 
2 3 1408 1409 0 
2 3 1407 1410 0 
1 0 
1 0 
1 0 
2 3 1413 1414 0 
1 0 
2 3 1415 1416 0 
1 0 
2 3 1417 1418 0 
1 0 
2 3 1419 1420 0 
1 0 
1 0 
1 0 
1 0 
1 0 
1 0 
1 0 
1 0 
2 3 1428 1429 0 
2 3 1427 1430 0 
2 3 1426 1431 0 
1 0 
2 3 1432 1433 0 
1 0 
1 0 
1 0 
2 3 1436 1437 0 
1 0 
2 3 1438 1439 0 
1 0 
2 3 1440 1441 0 
2 3 1435 1442 0 
2 3 1434 1443 0 
1 0 
2 3 1444 1445 0 
2 3 1425 1446 0 
2 3 1424 1447 0 
2 3 1423 1448 0 
2 3 1422 1449 0 
2 3 1421 1450 0 
2 3 1412 1451 0 
1 0 
2 3 1452 1453 0 
2 3 1411 1454 0 
3 2 0 1455 
3 2 0 1411 
3 2 0 1407 
3 2 0 1410 
3 2 0 1408 
3 2 0 1409 
3 2 0 1454 
3 2 0 1452 
3 2 0 1412 
3 2 0 1451 
3 2 0 1421 
3 2 0 1419 
3 2 0 1417 
3 2 0 1415 
3 2 0 1413 
3 2 0 1414 
3 2 0 1416 
3 2 0 1418 
3 2 0 1420 
3 2 0 1450 
3 2 0 1422 
3 2 0 1449 
3 2 0 1423 
3 2 0 1448 
3 2 0 1424 
3 2 0 1447 
3 2 0 1425 
3 2 0 1446 
3 2 0 1444 
3 2 0 1434 
3 2 0 1432 
3 2 0 1426 
3 2 0 1431 
3 2 0 1427 
3 2 0 1430 
3 2 0 1428 
3 2 0 1429 
3 2 0 1433 
3 2 0 1443 
3 2 0 1435 
3 2 0 1442 
3 2 0 1440 
3 2 0 1438 
3 2 0 1436 
3 2 0 1437 
3 2 0 1439 
3 2 0 1441 
3 2 0 1445 
3 2 0 1453 
1 0 
1 0 
1 0 
1 0 
1 0 
1 0 
2 3 1509 1510 0 
2 3 1508 1511 0 
2 3 1507 1512 0 
1 0 
2 3 1513 1514 0 
1 0 
1 0 
2 3 1516 1517 0 
1 0 
2 3 1518 1519 0 
2 3 1515 1520 0 
2 3 1506 1521 0 
1 0 
1 0 
1 0 
1 0 
1 0 
2 3 1526 1527 0 
1 0 
1 0 
2 3 1529 1530 0 
2 3 1528 1531 0 
2 3 1525 1532 0 
2 3 1524 1533 0 
2 3 1523 1534 0 
2 3 1522 1535 0 
1 0 
2 3 1536 1537 0 
2 3 1505 1538 0 
3 2 0 1539 
3 2 0 1505 
3 2 0 1538 
3 2 0 1536 
3 2 0 1522 
3 2 0 1506 
3 2 0 1521 
3 2 0 1515 
3 2 0 1513 
3 2 0 1507 
3 2 0 1512 
3 2 0 1508 
3 2 0 1511 
3 2 0 1509 
3 2 0 1510 
3 2 0 1514 
3 2 0 1520 
3 2 0 1518 
3 2 0 1516 
3 2 0 1517 
3 2 0 1519 
3 2 0 1535 
3 2 0 1523 
3 2 0 1534 
3 2 0 1524 
3 2 0 1533 
3 2 0 1525 
3 2 0 1532 
3 2 0 1528 
3 2 0 1526 
3 2 0 1527 
3 2 0 1531 
3 2 0 1529 
3 2 0 1530 
3 2 0 1537 
1 0 
1 0 
1 0 
2 3 1576 1577 0 
2 3 1575 1578 0 
1 0 
1 0 
1 0 
2 3 1581 1582 0 
2 3 1580 1583 0 
1 0 
1 0 
1 0 
1 0 
2 3 1587 1588 0 
2 3 1586 1589 0 
1 0 
1 0 
2 3 1591 1592 0 
2 3 1590 1593 0 
2 3 1585 1594 0 
2 3 1584 1595 0 
2 3 1579 1596 0 
1 0 
2 3 1597 1598 0 
1 0 
2 3 1599 1600 0 
1 0 
1 0 
1 0 
2 3 1603 1604 0 
2 3 1602 1605 0 
1 0 
2 3 1606 1607 0 
1 0 
2 3 1608 1609 0 
1 0 
1 0 
2 3 1611 1612 0 
2 3 1610 1613 0 
1 0 
2 3 1614 1615 0 
1 0 
1 0 
1 0 
2 3 1618 1619 0 
1 0 
2 3 1620 1621 0 
1 0 
1 0 
1 0 
1 0 
1 0 
1 0 
2 3 1627 1628 0 
2 3 1626 1629 0 
2 3 1625 1630 0 
2 3 1624 1631 0 
2 3 1623 1632 0 
2 3 1622 1633 0 
2 3 1617 1634 0 
2 3 1616 1635 0 
2 3 1601 1636 0 
1 0 
2 3 1637 1638 0 
3 2 0 1639 
3 2 0 1637 
3 2 0 1601 
3 2 0 1599 
3 2 0 1597 
3 2 0 1579 
3 2 0 1575 
3 2 0 1578 
3 2 0 1576 
3 2 0 1577 
3 2 0 1596 
3 2 0 1584 
3 2 0 1580 
3 2 0 1583 
3 2 0 1581 
3 2 0 1582 
3 2 0 1595 
3 2 0 1585 
3 2 0 1594 
3 2 0 1590 
3 2 0 1586 
3 2 0 1589 
3 2 0 1587 
3 2 0 1588 
3 2 0 1593 
3 2 0 1591 
3 2 0 1592 
3 2 0 1598 
3 2 0 1600 
3 2 0 1636 
3 2 0 1616 
3 2 0 1614 
3 2 0 1610 
3 2 0 1608 
3 2 0 1606 
3 2 0 1602 
3 2 0 1605 
3 2 0 1603 
3 2 0 1604 
3 2 0 1607 
3 2 0 1609 
3 2 0 1613 
3 2 0 1611 
3 2 0 1612 
3 2 0 1615 
3 2 0 1635 
3 2 0 1617 
3 2 0 1634 
3 2 0 1622 
3 2 0 1620 
3 2 0 1618 
3 2 0 1619 
3 2 0 1621 
3 2 0 1633 
3 2 0 1623 
3 2 0 1632 
3 2 0 1624 
3 2 0 1631 
3 2 0 1625 
3 2 0 1630 
3 2 0 1626 
3 2 0 1629 
3 2 0 1627 
3 2 0 1628 
3 2 0 1638 
1 0 
1 0 
1 0 
2 3 1706 1707 0 
1 0 
1 0 
1 0 
1 0 
2 3 1711 1712 0 
2 3 1710 1713 0 
2 3 1709 1714 0 
2 3 1708 1715 0 
2 3 1705 1716 0 
1 0 
2 3 1717 1718 0 
1 0 
2 3 1719 1720 0 
1 0 
1 0 
2 3 1722 1723 0 
1 0 
1 0 
2 3 1725 1726 0 
1 0 
1 0 
1 0 
2 3 1729 1730 0 
1 0 
1 0 
1 0 
2 3 1733 1734 0 
1 0 
2 3 1735 1736 0 
2 3 1732 1737 0 
2 3 1731 1738 0 
2 3 1728 1739 0 
2 3 1727 1740 0 
2 3 1724 1741 0 
2 3 1721 1742 0 
1 0 
2 3 1743 1744 0 
1 0 
2 3 1745 1746 0 
1 0 
1 0 
2 3 1748 1749 0 
1 0 
1 0 
1 0 
1 0 
2 3 1753 1754 0 
1 0 
2 3 1755 1756 0 
2 3 1752 1757 0 
1 0 
1 0 
1 0 
2 3 1760 1761 0 
1 0 
1 0 
1 0 
2 3 1764 1765 0 
2 3 1763 1766 0 
2 3 1762 1767 0 
2 3 1759 1768 0 
2 3 1758 1769 0 
2 3 1751 1770 0 
2 3 1750 1771 0 
2 3 1747 1772 0 
1 0 
2 3 1773 1774 0 
3 2 0 1775 
3 2 0 1773 
3 2 0 1747 
3 2 0 1745 
3 2 0 1743 
3 2 0 1721 
3 2 0 1719 
3 2 0 1717 
3 2 0 1705 
3 2 0 1716 
3 2 0 1708 
3 2 0 1706 
3 2 0 1707 
3 2 0 1715 
3 2 0 1709 
3 2 0 1714 
3 2 0 1710 
3 2 0 1713 
3 2 0 1711 
3 2 0 1712 
3 2 0 1718 
3 2 0 1720 
3 2 0 1742 
3 2 0 1724 
3 2 0 1722 
3 2 0 1723 
3 2 0 1741 
3 2 0 1727 
3 2 0 1725 
3 2 0 1726 
3 2 0 1740 
3 2 0 1728 
3 2 0 1739 
3 2 0 1731 
3 2 0 1729 
3 2 0 1730 
3 2 0 1738 
3 2 0 1732 
3 2 0 1737 
3 2 0 1735 
3 2 0 1733 
3 2 0 1734 
3 2 0 1736 
3 2 0 1744 
3 2 0 1746 
3 2 0 1772 
3 2 0 1750 
3 2 0 1748 
3 2 0 1749 
3 2 0 1771 
3 2 0 1751 
3 2 0 1770 
3 2 0 1758 
3 2 0 1752 
3 2 0 1757 
3 2 0 1755 
3 2 0 1753 
3 2 0 1754 
3 2 0 1756 
3 2 0 1769 
3 2 0 1759 
3 2 0 1768 
3 2 0 1762 
3 2 0 1760 
3 2 0 1761 
3 2 0 1767 
3 2 0 1763 
3 2 0 1766 
3 2 0 1764 
3 2 0 1765 
3 2 0 1774 
1 0 
1 0 
1 0 
2 3 1848 1849 0 
2 3 1847 1850 0 
1 0 
1 0 
2 3 1852 1853 0 
2 3 1851 1854 0 
1 0 
1 0 
1 0 
1 0 
1 0 
2 3 1859 1860 0 
2 3 1858 1861 0 
2 3 1857 1862 0 
1 0 
1 0 
1 0 
1 0 
2 3 1866 1867 0 
1 0 
1 0 
2 3 1869 1870 0 
2 3 1868 1871 0 
2 3 1865 1872 0 
2 3 1864 1873 0 
1 0 
2 3 1874 1875 0 
2 3 1863 1876 0 
2 3 1856 1877 0 
2 3 1855 1878 0 
3 2 0 1879 
3 2 0 1855 
3 2 0 1851 
3 2 0 1847 
3 2 0 1850 
3 2 0 1848 
3 2 0 1849 
3 2 0 1854 
3 2 0 1852 
3 2 0 1853 
3 2 0 1878 
3 2 0 1856 
3 2 0 1877 
3 2 0 1863 
3 2 0 1857 
3 2 0 1862 
3 2 0 1858 
3 2 0 1861 
3 2 0 1859 
3 2 0 1860 
3 2 0 1876 
3 2 0 1874 
3 2 0 1864 
3 2 0 1873 
3 2 0 1865 
3 2 0 1872 
3 2 0 1868 
3 2 0 1866 
3 2 0 1867 
3 2 0 1871 
3 2 0 1869 
3 2 0 1870 
3 2 0 1875 
1 0 
1 0 
1 0 
1 0 
2 3 1915 1916 0 
1 0 
2 3 1917 1918 0 
2 3 1914 1919 0 
2 3 1913 1920 0 
1 0 
1 0 
2 3 1922 1923 0 
2 3 1921 1924 0 
1 0 
1 0 
1 0 
1 0 
1 0 
2 3 1929 1930 0 
1 0 
1 0 
1 0 
1 0 
1 0 
2 3 1935 1936 0 
2 3 1934 1937 0 
1 0 
1 0 
1 0 
2 3 1940 1941 0 
1 0 
2 3 1942 1943 0 
2 3 1939 1944 0 
2 3 1938 1945 0 
2 3 1933 1946 0 
2 3 1932 1947 0 
2 3 1931 1948 0 
2 3 1928 1949 0 
1 0 
2 3 1950 1951 0 
2 3 1927 1952 0 
2 3 1926 1953 0 
2 3 1925 1954 0 
3 2 0 1955 
3 2 0 1925 
3 2 0 1921 
3 2 0 1913 
3 2 0 1920 
3 2 0 1914 
3 2 0 1919 
3 2 0 1917 
3 2 0 1915 
3 2 0 1916 
3 2 0 1918 
3 2 0 1924 
3 2 0 1922 
3 2 0 1923 
3 2 0 1954 
3 2 0 1926 
3 2 0 1953 
3 2 0 1927 
3 2 0 1952 
3 2 0 1950 
3 2 0 1928 
3 2 0 1949 
3 2 0 1931 
3 2 0 1929 
3 2 0 1930 
3 2 0 1948 
3 2 0 1932 
3 2 0 1947 
3 2 0 1933 
3 2 0 1946 
3 2 0 1938 
3 2 0 1934 
3 2 0 1937 
3 2 0 1935 
3 2 0 1936 
3 2 0 1945 
3 2 0 1939 
3 2 0 1944 
3 2 0 1942 
3 2 0 1940 
3 2 0 1941 
3 2 0 1943 
3 2 0 1951 
1 0 
1 0 
1 0 
1 0 
2 3 2001 2002 0 
1 0 
2 3 2003 2004 0 
1 0 
2 3 2005 2006 0 
1 0 
1 0 
2 3 2008 2009 0 
2 3 2007 2010 0 
1 0 
1 0 
1 0 
2 3 2013 2014 0 
2 3 2012 2015 0 
1 0 
1 0 
1 0 
1 0 
1 0 
1 0 
2 3 2021 2022 0 
1 0 
2 3 2023 2024 0 
2 3 2020 2025 0 
2 3 2019 2026 0 
1 0 
2 3 2027 2028 0 
2 3 2018 2029 0 
2 3 2017 2030 0 
2 3 2016 2031 0 
1 0 
2 3 2032 2033 0 
2 3 2011 2034 0 
2 3 2000 2035 0 
2 3 1999 2036 0 
3 2 0 2037 
3 2 0 1999 
3 2 0 2036 
3 2 0 2000 
3 2 0 2035 
3 2 0 2011 
3 2 0 2007 
3 2 0 2005 
3 2 0 2003 
3 2 0 2001 
3 2 0 2002 
3 2 0 2004 
3 2 0 2006 
3 2 0 2010 
3 2 0 2008 
3 2 0 2009 
3 2 0 2034 
3 2 0 2032 
3 2 0 2016 
3 2 0 2012 
3 2 0 2015 
3 2 0 2013 
3 2 0 2014 
3 2 0 2031 
3 2 0 2017 
3 2 0 2030 
3 2 0 2018 
3 2 0 2029 
3 2 0 2027 
3 2 0 2019 
3 2 0 2026 
3 2 0 2020 
3 2 0 2025 
3 2 0 2023 
3 2 0 2021 
3 2 0 2022 
3 2 0 2024 
3 2 0 2028 
3 2 0 2033 
1 0 
1 0 
2 3 2077 2078 0 
1 0 
1 0 
1 0 
2 3 2081 2082 0 
2 3 2080 2083 0 
2 3 2079 2084 0 
1 0 
1 0 
1 0 
2 3 2087 2088 0 
1 0 
1 0 
1 0 
2 3 2091 2092 0 
1 0 
1 0 
1 0 
1 0 
1 0 
2 3 2097 2098 0 
2 3 2096 2099 0 
2 3 2095 2100 0 
2 3 2094 2101 0 
2 3 2093 2102 0 
2 3 2090 2103 0 
2 3 2089 2104 0 
2 3 2086 2105 0 
1 0 
2 3 2106 2107 0 
2 3 2085 2108 0 
3 2 0 2109 
3 2 0 2085 
3 2 0 2079 
3 2 0 2077 
3 2 0 2078 
3 2 0 2084 
3 2 0 2080 
3 2 0 2083 
3 2 0 2081 
3 2 0 2082 
3 2 0 2108 
3 2 0 2106 
3 2 0 2086 
3 2 0 2105 
3 2 0 2089 
3 2 0 2087 
3 2 0 2088 
3 2 0 2104 
3 2 0 2090 
3 2 0 2103 
3 2 0 2093 
3 2 0 2091 
3 2 0 2092 
3 2 0 2102 
3 2 0 2094 
3 2 0 2101 
3 2 0 2095 
3 2 0 2100 
3 2 0 2096 
3 2 0 2099 
3 2 0 2097 
3 2 0 2098 
3 2 0 2107 
1 0 
1 0 
2 3 2143 2144 0 
1 0 
1 0 
2 3 2146 2147 0 
1 0 
1 0 
1 0 
1 0 
1 0 
1 0 
1 0 
1 0 
2 3 2155 2156 0 
1 0 
1 0 
1 0 
1 0 
1 0 
2 3 2161 2162 0 
1 0 
2 3 2163 2164 0 
2 3 2160 2165 0 
2 3 2159 2166 0 
2 3 2158 2167 0 
2 3 2157 2168 0 
2 3 2154 2169 0 
2 3 2153 2170 0 
2 3 2152 2171 0 
2 3 2151 2172 0 
2 3 2150 2173 0 
2 3 2149 2174 0 
1 0 
2 3 2175 2176 0 
2 3 2148 2177 0 
2 3 2145 2178 0 
3 2 0 2179 
3 2 0 2145 
3 2 0 2143 
3 2 0 2144 
3 2 0 2178 
3 2 0 2148 
3 2 0 2146 
3 2 0 2147 
3 2 0 2177 
3 2 0 2175 
3 2 0 2149 
3 2 0 2174 
3 2 0 2150 
3 2 0 2173 
3 2 0 2151 
3 2 0 2172 
3 2 0 2152 
3 2 0 2171 
3 2 0 2153 
3 2 0 2170 
3 2 0 2154 
3 2 0 2169 
3 2 0 2157 
3 2 0 2155 
3 2 0 2156 
3 2 0 2168 
3 2 0 2158 
3 2 0 2167 
3 2 0 2159 
3 2 0 2166 
3 2 0 2160 
3 2 0 2165 
3 2 0 2163 
3 2 0 2161 
3 2 0 2162 
3 2 0 2164 
3 2 0 2176 
1 0 
1 0 
2 3 2217 2218 0 
1 0 
2 3 2219 2220 0 
1 0 
1 0 
1 0 
1 0 
1 0 
1 0 
2 3 2226 2227 0 
2 3 2225 2228 0 
1 0 
1 0 
2 3 2230 2231 0 
1 0 
1 0 
2 3 2233 2234 0 
2 3 2232 2235 0 
2 3 2229 2236 0 
2 3 2224 2237 0 
2 3 2223 2238 0 
2 3 2222 2239 0 
2 3 2221 2240 0 
1 0 
2 3 2241 2242 0 
3 2 0 2243 
3 2 0 2241 
3 2 0 2221 
3 2 0 2219 
3 2 0 2217 
3 2 0 2218 
3 2 0 2220 
3 2 0 2240 
3 2 0 2222 
3 2 0 2239 
3 2 0 2223 
3 2 0 2238 
3 2 0 2224 
3 2 0 2237 
3 2 0 2229 
3 2 0 2225 
3 2 0 2228 
3 2 0 2226 
3 2 0 2227 
3 2 0 2236 
3 2 0 2232 
3 2 0 2230 
3 2 0 2231 
3 2 0 2235 
3 2 0 2233 
3 2 0 2234 
3 2 0 2242 
1 0 
1 0 
1 0 
2 3 2272 2273 0 
2 3 2271 2274 0 
1 0 
1 0 
1 0 
1 0 
1 0 
1 0 
1 0 
1 0 
1 0 
1 0 
2 3 2284 2285 0 
1 0 
1 0 
1 0 
2 3 2288 2289 0 
1 0 
2 3 2290 2291 0 
1 0 
1 0 
1 0 
2 3 2294 2295 0 
1 0 
1 0 
2 3 2297 2298 0 
2 3 2296 2299 0 
2 3 2293 2300 0 
2 3 2292 2301 0 
2 3 2287 2302 0 
2 3 2286 2303 0 
2 3 2283 2304 0 
2 3 2282 2305 0 
2 3 2281 2306 0 
2 3 2280 2307 0 
2 3 2279 2308 0 
2 3 2278 2309 0 
1 0 
2 3 2310 2311 0 
2 3 2277 2312 0 
2 3 2276 2313 0 
2 3 2275 2314 0 
3 2 0 2315 
3 2 0 2275 
3 2 0 2271 
3 2 0 2274 
3 2 0 2272 
3 2 0 2273 
3 2 0 2314 
3 2 0 2276 
3 2 0 2313 
3 2 0 2277 
3 2 0 2312 
3 2 0 2310 
3 2 0 2278 
3 2 0 2309 
3 2 0 2279 
3 2 0 2308 
3 2 0 2280 
3 2 0 2307 
3 2 0 2281 
3 2 0 2306 
3 2 0 2282 
3 2 0 2305 
3 2 0 2283 
3 2 0 2304 
3 2 0 2286 
3 2 0 2284 
3 2 0 2285 
3 2 0 2303 
3 2 0 2287 
3 2 0 2302 
3 2 0 2292 
3 2 0 2290 
3 2 0 2288 
3 2 0 2289 
3 2 0 2291 
3 2 0 2301 
3 2 0 2293 
3 2 0 2300 
3 2 0 2296 
3 2 0 2294 
3 2 0 2295 
3 2 0 2299 
3 2 0 2297 
3 2 0 2298 
3 2 0 2311 
1 0 
1 0 
1 0 
2 3 2362 2363 0 
2 3 2361 2364 0 
1 0 
1 0 
2 3 2366 2367 0 
1 0 
1 0 
1 0 
1 0 
2 3 2371 2372 0 
2 3 2370 2373 0 
2 3 2369 2374 0 
2 3 2368 2375 0 
2 3 2365 2376 0 
1 0 
2 3 2377 2378 0 
3 2 0 2379 
3 2 0 2377 
3 2 0 2365 
3 2 0 2361 
3 2 0 2364 
3 2 0 2362 
3 2 0 2363 
3 2 0 2376 
3 2 0 2368 
3 2 0 2366 
3 2 0 2367 
3 2 0 2375 
3 2 0 2369 
3 2 0 2374 
3 2 0 2370 
3 2 0 2373 
3 2 0 2371 
3 2 0 2372 
3 2 0 2378 
1 0 
1 0 
1 0 
1 0 
1 0 
1 0 
1 0 
1 0 
2 3 2405 2406 0 
2 3 2404 2407 0 
1 0 
2 3 2408 2409 0 
1 0 
1 0 
1 0 
2 3 2412 2413 0 
1 0 
2 3 2414 2415 0 
2 3 2411 2416 0 
2 3 2410 2417 0 
2 3 2403 2418 0 
2 3 2402 2419 0 
2 3 2401 2420 0 
2 3 2400 2421 0 
2 3 2399 2422 0 
1 0 
2 3 2423 2424 0 
1 0 
1 0 
1 0 
1 0 
1 0 
1 0 
1 0 
2 3 2431 2432 0 
2 3 2430 2433 0 
2 3 2429 2434 0 
2 3 2428 2435 0 
2 3 2427 2436 0 
2 3 2426 2437 0 
2 3 2425 2438 0 
1 0 
2 3 2439 2440 0 
3 2 0 2441 
3 2 0 2439 
3 2 0 2425 
3 2 0 2423 
3 2 0 2399 
3 2 0 2422 
3 2 0 2400 
3 2 0 2421 
3 2 0 2401 
3 2 0 2420 
3 2 0 2402 
3 2 0 2419 
3 2 0 2403 
3 2 0 2418 
3 2 0 2410 
3 2 0 2408 
3 2 0 2404 
3 2 0 2407 
3 2 0 2405 
3 2 0 2406 
3 2 0 2409 
3 2 0 2417 
3 2 0 2411 
3 2 0 2416 
3 2 0 2414 
3 2 0 2412 
3 2 0 2413 
3 2 0 2415 
3 2 0 2424 
3 2 0 2438 
3 2 0 2426 
3 2 0 2437 
3 2 0 2427 
3 2 0 2436 
3 2 0 2428 
3 2 0 2435 
3 2 0 2429 
3 2 0 2434 
3 2 0 2430 
3 2 0 2433 
3 2 0 2431 
3 2 0 2432 
3 2 0 2440 
1 0 
1 0 
1 0 
1 0 
1 0 
2 3 2488 2489 0 
2 3 2487 2490 0 
2 3 2486 2491 0 
2 3 2485 2492 0 
1 0 
1 0 
1 0 
2 3 2495 2496 0 
1 0 
1 0 
1 0 
2 3 2499 2500 0 
1 0 
2 3 2501 2502 0 
2 3 2498 2503 0 
1 0 
2 3 2504 2505 0 
2 3 2497 2506 0 
2 3 2494 2507 0 
2 3 2493 2508 0 
3 2 0 2509 
3 2 0 2493 
3 2 0 2485 
3 2 0 2492 
3 2 0 2486 
3 2 0 2491 
3 2 0 2487 
3 2 0 2490 
3 2 0 2488 
3 2 0 2489 
3 2 0 2508 
3 2 0 2494 
3 2 0 2507 
3 2 0 2497 
3 2 0 2495 
3 2 0 2496 
3 2 0 2506 
3 2 0 2504 
3 2 0 2498 
3 2 0 2503 
3 2 0 2501 
3 2 0 2499 
3 2 0 2500 
3 2 0 2502 
3 2 0 2505 
1 0 
1 0 
1 0 
1 0 
1 0 
1 0 
1 0 
2 3 2540 2541 0 
2 3 2539 2542 0 
1 0 
2 3 2543 2544 0 
1 0 
2 3 2545 2546 0 
1 0 
1 0 
1 0 
1 0 
1 0 
2 3 2551 2552 0 
1 0 
1 0 
2 3 2554 2555 0 
1 0 
2 3 2556 2557 0 
1 0 
2 3 2558 2559 0 
2 3 2553 2560 0 
2 3 2550 2561 0 
2 3 2549 2562 0 
2 3 2548 2563 0 
1 0 
1 0 
2 3 2565 2566 0 
2 3 2564 2567 0 
2 3 2547 2568 0 
2 3 2538 2569 0 
2 3 2537 2570 0 
2 3 2536 2571 0 
1 0 
2 3 2572 2573 0 
2 3 2535 2574 0 
3 2 0 2575 
3 2 0 2535 
3 2 0 2574 
3 2 0 2572 
3 2 0 2536 
3 2 0 2571 
3 2 0 2537 
3 2 0 2570 
3 2 0 2538 
3 2 0 2569 
3 2 0 2547 
3 2 0 2545 
3 2 0 2543 
3 2 0 2539 
3 2 0 2542 
3 2 0 2540 
3 2 0 2541 
3 2 0 2544 
3 2 0 2546 
3 2 0 2568 
3 2 0 2564 
3 2 0 2548 
3 2 0 2563 
3 2 0 2549 
3 2 0 2562 
3 2 0 2550 
3 2 0 2561 
3 2 0 2553 
3 2 0 2551 
3 2 0 2552 
3 2 0 2560 
3 2 0 2558 
3 2 0 2556 
3 2 0 2554 
3 2 0 2555 
3 2 0 2557 
3 2 0 2559 
3 2 0 2567 
3 2 0 2565 
3 2 0 2566 
3 2 0 2573 
1 0 
1 0 
1 0 
2 3 2618 2619 0 
1 0 
2 3 2620 2621 0 
2 3 2617 2622 0 
1 0 
1 0 
1 0 
2 3 2625 2626 0 
1 0 
2 3 2627 2628 0 
1 0 
1 0 
2 3 2630 2631 0 
2 3 2629 2632 0 
1 0 
2 3 2633 2634 0 
1 0 
1 0 
2 3 2636 2637 0 
2 3 2635 2638 0 
1 0 
2 3 2639 2640 0 
2 3 2624 2641 0 
2 3 2623 2642 0 
1 0 
1 0 
1 0 
1 0 
1 0 
2 3 2647 2648 0 
2 3 2646 2649 0 
2 3 2645 2650 0 
2 3 2644 2651 0 
2 3 2643 2652 0 
1 0 
1 0 
1 0 
1 0 
2 3 2656 2657 0 
2 3 2655 2658 0 
2 3 2654 2659 0 
1 0 
2 3 2660 2661 0 
2 3 2653 2662 0 
3 2 0 2663 
3 2 0 2653 
3 2 0 2643 
3 2 0 2623 
3 2 0 2617 
3 2 0 2622 
3 2 0 2620 
3 2 0 2618 
3 2 0 2619 
3 2 0 2621 
3 2 0 2642 
3 2 0 2624 
3 2 0 2641 
3 2 0 2639 
3 2 0 2635 
3 2 0 2633 
3 2 0 2629 
3 2 0 2627 
3 2 0 2625 
3 2 0 2626 
3 2 0 2628 
3 2 0 2632 
3 2 0 2630 
3 2 0 2631 
3 2 0 2634 
3 2 0 2638 
3 2 0 2636 
3 2 0 2637 
3 2 0 2640 
3 2 0 2652 
3 2 0 2644 
3 2 0 2651 
3 2 0 2645 
3 2 0 2650 
3 2 0 2646 
3 2 0 2649 
3 2 0 2647 
3 2 0 2648 
3 2 0 2662 
3 2 0 2660 
3 2 0 2654 
3 2 0 2659 
3 2 0 2655 
3 2 0 2658 
3 2 0 2656 
3 2 0 2657 
3 2 0 2661 
1 0 
1 0 
1 0 
2 3 2712 2713 0 
1 0 
1 0 
1 0 
1 0 
2 3 2717 2718 0 
2 3 2716 2719 0 
1 0 
1 0 
1 0 
2 3 2722 2723 0 
2 3 2721 2724 0 
2 3 2720 2725 0 
2 3 2715 2726 0 
2 3 2714 2727 0 
2 3 2711 2728 0 
1 0 
1 0 
1 0 
1 0 
1 0 
1 0 
1 0 
2 3 2735 2736 0 
1 0 
2 3 2737 2738 0 
1 0 
1 0 
1 0 
1 0 
1 0 
1 0 
2 3 2744 2745 0 
2 3 2743 2746 0 
2 3 2742 2747 0 
1 0 
1 0 
2 3 2749 2750 0 
1 0 
1 0 
1 0 
2 3 2753 2754 0 
1 0 
2 3 2755 2756 0 
2 3 2752 2757 0 
2 3 2751 2758 0 
2 3 2748 2759 0 
2 3 2741 2760 0 
2 3 2740 2761 0 
2 3 2739 2762 0 
2 3 2734 2763 0 
2 3 2733 2764 0 
2 3 2732 2765 0 
2 3 2731 2766 0 
2 3 2730 2767 0 
2 3 2729 2768 0 
1 0 
2 3 2769 2770 0 
1 0 
2 3 2771 2772 0 
1 0 
1 0 
1 0 
1 0 
1 0 
2 3 2777 2778 0 
2 3 2776 2779 0 
2 3 2775 2780 0 
1 0 
1 0 
1 0 
1 0 
1 0 
1 0 
2 3 2786 2787 0 
1 0 
1 0 
1 0 
1 0 
1 0 
2 3 2792 2793 0 
2 3 2791 2794 0 
2 3 2790 2795 0 
2 3 2789 2796 0 
2 3 2788 2797 0 
2 3 2785 2798 0 
2 3 2784 2799 0 
2 3 2783 2800 0 
2 3 2782 2801 0 
2 3 2781 2802 0 
2 3 2774 2803 0 
2 3 2773 2804 0 
1 0 
2 3 2805 2806 0 
3 2 0 2807 
3 2 0 2805 
3 2 0 2773 
3 2 0 2771 
3 2 0 2769 
3 2 0 2729 
3 2 0 2711 
3 2 0 2728 
3 2 0 2714 
3 2 0 2712 
3 2 0 2713 
3 2 0 2727 
3 2 0 2715 
3 2 0 2726 
3 2 0 2720 
3 2 0 2716 
3 2 0 2719 
3 2 0 2717 
3 2 0 2718 
3 2 0 2725 
3 2 0 2721 
3 2 0 2724 
3 2 0 2722 
3 2 0 2723 
3 2 0 2768 
3 2 0 2730 
3 2 0 2767 
3 2 0 2731 
3 2 0 2766 
3 2 0 2732 
3 2 0 2765 
3 2 0 2733 
3 2 0 2764 
3 2 0 2734 
3 2 0 2763 
3 2 0 2739 
3 2 0 2737 
3 2 0 2735 
3 2 0 2736 
3 2 0 2738 
3 2 0 2762 
3 2 0 2740 
3 2 0 2761 
3 2 0 2741 
3 2 0 2760 
3 2 0 2748 
3 2 0 2742 
3 2 0 2747 
3 2 0 2743 
3 2 0 2746 
3 2 0 2744 
3 2 0 2745 
3 2 0 2759 
3 2 0 2751 
3 2 0 2749 
3 2 0 2750 
3 2 0 2758 
3 2 0 2752 
3 2 0 2757 
3 2 0 2755 
3 2 0 2753 
3 2 0 2754 
3 2 0 2756 
3 2 0 2770 
3 2 0 2772 
3 2 0 2804 
3 2 0 2774 
3 2 0 2803 
3 2 0 2781 
3 2 0 2775 
3 2 0 2780 
3 2 0 2776 
3 2 0 2779 
3 2 0 2777 
3 2 0 2778 
3 2 0 2802 
3 2 0 2782 
3 2 0 2801 
3 2 0 2783 
3 2 0 2800 
3 2 0 2784 
3 2 0 2799 
3 2 0 2785 
3 2 0 2798 
3 2 0 2788 
3 2 0 2786 
3 2 0 2787 
3 2 0 2797 
3 2 0 2789 
3 2 0 2796 
3 2 0 2790 
3 2 0 2795 
3 2 0 2791 
3 2 0 2794 
3 2 0 2792 
3 2 0 2793 
3 2 0 2806 
1 0 
1 0 
1 0 
2 3 2906 2907 0 
2 3 2905 2908 0 
1 0 
1 0 
1 0 
1 0 
1 0 
2 3 2913 2914 0 
2 3 2912 2915 0 
1 0 
1 0 
1 0 
2 3 2918 2919 0 
2 3 2917 2920 0 
2 3 2916 2921 0 
2 3 2911 2922 0 
2 3 2910 2923 0 
2 3 2909 2924 0 
1 0 
1 0 
1 0 
1 0 
2 3 2928 2929 0 
2 3 2927 2930 0 
1 0 
2 3 2931 2932 0 
1 0 
1 0 
1 0 
2 3 2935 2936 0 
2 3 2934 2937 0 
2 3 2933 2938 0 
2 3 2926 2939 0 
1 0 
1 0 
1 0 
2 3 2942 2943 0 
1 0 
1 0 
1 0 
2 3 2946 2947 0 
2 3 2945 2948 0 
2 3 2944 2949 0 
2 3 2941 2950 0 
2 3 2940 2951 0 
1 0 
2 3 2952 2953 0 
2 3 2925 2954 0 
3 2 0 2955 
3 2 0 2925 
3 2 0 2909 
3 2 0 2905 
3 2 0 2908 
3 2 0 2906 
3 2 0 2907 
3 2 0 2924 
3 2 0 2910 
3 2 0 2923 
3 2 0 2911 
3 2 0 2922 
3 2 0 2916 
3 2 0 2912 
3 2 0 2915 
3 2 0 2913 
3 2 0 2914 
3 2 0 2921 
3 2 0 2917 
3 2 0 2920 
3 2 0 2918 
3 2 0 2919 
3 2 0 2954 
3 2 0 2952 
3 2 0 2940 
3 2 0 2926 
3 2 0 2939 
3 2 0 2933 
3 2 0 2931 
3 2 0 2927 
3 2 0 2930 
3 2 0 2928 
3 2 0 2929 
3 2 0 2932 
3 2 0 2938 
3 2 0 2934 
3 2 0 2937 
3 2 0 2935 
3 2 0 2936 
3 2 0 2951 
3 2 0 2941 
3 2 0 2950 
3 2 0 2944 
3 2 0 2942 
3 2 0 2943 
3 2 0 2949 
3 2 0 2945 
3 2 0 2948 
3 2 0 2946 
3 2 0 2947 
3 2 0 2953 
1 0 
1 0 
2 3 3007 3008 0 
1 0 
1 0 
1 0 
1 0 
1 0 
1 0 
1 0 
1 0 
1 0 
2 3 3017 3018 0 
1 0 
1 0 
1 0 
1 0 
1 0 
1 0 
1 0 
1 0 
1 0 
2 3 3027 3028 0 
2 3 3026 3029 0 
2 3 3025 3030 0 
2 3 3024 3031 0 
2 3 3023 3032 0 
2 3 3022 3033 0 
2 3 3021 3034 0 
2 3 3020 3035 0 
2 3 3019 3036 0 
2 3 3016 3037 0 
2 3 3015 3038 0 
2 3 3014 3039 0 
2 3 3013 3040 0 
2 3 3012 3041 0 
2 3 3011 3042 0 
2 3 3010 3043 0 
1 0 
2 3 3044 3045 0 
2 3 3009 3046 0 
3 2 0 3047 
3 2 0 3009 
3 2 0 3007 
3 2 0 3008 
3 2 0 3046 
3 2 0 3044 
3 2 0 3010 
3 2 0 3043 
3 2 0 3011 
3 2 0 3042 
3 2 0 3012 
3 2 0 3041 
3 2 0 3013 
3 2 0 3040 
3 2 0 3014 
3 2 0 3039 
3 2 0 3015 
3 2 0 3038 
3 2 0 3016 
3 2 0 3037 
3 2 0 3019 
3 2 0 3017 
3 2 0 3018 
3 2 0 3036 
3 2 0 3020 
3 2 0 3035 
3 2 0 3021 
3 2 0 3034 
3 2 0 3022 
3 2 0 3033 
3 2 0 3023 
3 2 0 3032 
3 2 0 3024 
3 2 0 3031 
3 2 0 3025 
3 2 0 3030 
3 2 0 3026 
3 2 0 3029 
3 2 0 3027 
3 2 0 3028 
3 2 0 3045 
1 0 
1 0 
1 0 
1 0 
1 0 
2 3 3092 3093 0 
2 3 3091 3094 0 
2 3 3090 3095 0 
2 3 3089 3096 0 
1 0 
1 0 
1 0 
1 0 
2 3 3100 3101 0 
2 3 3099 3102 0 
1 0 
1 0 
1 0 
2 3 3105 3106 0 
1 0 
1 0 
1 0 
1 0 
2 3 3110 3111 0 
2 3 3109 3112 0 
2 3 3108 3113 0 
2 3 3107 3114 0 
2 3 3104 3115 0 
2 3 3103 3116 0 
2 3 3098 3117 0 
1 0 
2 3 3118 3119 0 
1 0 
2 3 3120 3121 0 
1 0 
1 0 
1 0 
1 0 
1 0 
2 3 3126 3127 0 
2 3 3125 3128 0 
2 3 3124 3129 0 
2 3 3123 3130 0 
2 3 3122 3131 0 
1 0 
2 3 3132 3133 0 
2 3 3097 3134 0 
3 2 0 3135 
3 2 0 3097 
3 2 0 3089 
3 2 0 3096 
3 2 0 3090 
3 2 0 3095 
3 2 0 3091 
3 2 0 3094 
3 2 0 3092 
3 2 0 3093 
3 2 0 3134 
3 2 0 3132 
3 2 0 3122 
3 2 0 3120 
3 2 0 3118 
3 2 0 3098 
3 2 0 3117 
3 2 0 3103 
3 2 0 3099 
3 2 0 3102 
3 2 0 3100 
3 2 0 3101 
3 2 0 3116 
3 2 0 3104 
3 2 0 3115 
3 2 0 3107 
3 2 0 3105 
3 2 0 3106 
3 2 0 3114 
3 2 0 3108 
3 2 0 3113 
3 2 0 3109 
3 2 0 3112 
3 2 0 3110 
3 2 0 3111 
3 2 0 3119 
3 2 0 3121 
3 2 0 3131 
3 2 0 3123 
3 2 0 3130 
3 2 0 3124 
3 2 0 3129 
3 2 0 3125 
3 2 0 3128 
3 2 0 3126 
3 2 0 3127 
3 2 0 3133 
1 0 
1 0 
1 0 
1 0 
1 0 
1 0 
2 3 3187 3188 0 
2 3 3186 3189 0 
2 3 3185 3190 0 
2 3 3184 3191 0 
1 0 
1 0 
1 0 
1 0 
2 3 3195 3196 0 
2 3 3194 3197 0 
1 0 
2 3 3198 3199 0 
1 0 
1 0 
1 0 
1 0 
2 3 3203 3204 0 
1 0 
2 3 3205 3206 0 
2 3 3202 3207 0 
2 3 3201 3208 0 
2 3 3200 3209 0 
2 3 3193 3210 0 
2 3 3192 3211 0 
2 3 3183 3212 0 
1 0 
2 3 3213 3214 0 
1 0 
2 3 3215 3216 0 
3 2 0 3217 
3 2 0 3215 
3 2 0 3213 
3 2 0 3183 
3 2 0 3212 
3 2 0 3192 
3 2 0 3184 
3 2 0 3191 
3 2 0 3185 
3 2 0 3190 
3 2 0 3186 
3 2 0 3189 
3 2 0 3187 
3 2 0 3188 
3 2 0 3211 
3 2 0 3193 
3 2 0 3210 
3 2 0 3200 
3 2 0 3198 
3 2 0 3194 
3 2 0 3197 
3 2 0 3195 
3 2 0 3196 
3 2 0 3199 
3 2 0 3209 
3 2 0 3201 
3 2 0 3208 
3 2 0 3202 
3 2 0 3207 
3 2 0 3205 
3 2 0 3203 
3 2 0 3204 
3 2 0 3206 
3 2 0 3214 
3 2 0 3216 
1 0 
1 0 
1 0 
1 0 
1 0 
2 3 3256 3257 0 
2 3 3255 3258 0 
1 0 
1 0 
2 3 3260 3261 0 
2 3 3259 3262 0 
1 0 
1 0 
1 0 
1 0 
1 0 
1 0 
2 3 3268 3269 0 
2 3 3267 3270 0 
2 3 3266 3271 0 
2 3 3265 3272 0 
1 0 
2 3 3273 3274 0 
2 3 3264 3275 0 
2 3 3263 3276 0 
2 3 3254 3277 0 
1 0 
1 0 
1 0 
1 0 
2 3 3281 3282 0 
2 3 3280 3283 0 
1 0 
1 0 
2 3 3285 3286 0 
1 0 
1 0 
2 3 3288 3289 0 
1 0 
1 0 
1 0 
1 0 
1 0 
1 0 
1 0 
2 3 3296 3297 0 
2 3 3295 3298 0 
2 3 3294 3299 0 
2 3 3293 3300 0 
1 0 
1 0 
1 0 
1 0 
2 3 3304 3305 0 
2 3 3303 3306 0 
2 3 3302 3307 0 
2 3 3301 3308 0 
2 3 3292 3309 0 
2 3 3291 3310 0 
2 3 3290 3311 0 
2 3 3287 3312 0 
1 0 
2 3 3313 3314 0 
2 3 3284 3315 0 
2 3 3279 3316 0 
2 3 3278 3317 0 
2 3 3253 3318 0 
3 2 0 3319 
3 2 0 3253 
3 2 0 3318 
3 2 0 3278 
3 2 0 3254 
3 2 0 3277 
3 2 0 3263 
3 2 0 3259 
3 2 0 3255 
3 2 0 3258 
3 2 0 3256 
3 2 0 3257 
3 2 0 3262 
3 2 0 3260 
3 2 0 3261 
3 2 0 3276 
3 2 0 3264 
3 2 0 3275 
3 2 0 3273 
3 2 0 3265 
3 2 0 3272 
3 2 0 3266 
3 2 0 3271 
3 2 0 3267 
3 2 0 3270 
3 2 0 3268 
3 2 0 3269 
3 2 0 3274 
3 2 0 3317 
3 2 0 3279 
3 2 0 3316 
3 2 0 3284 
3 2 0 3280 
3 2 0 3283 
3 2 0 3281 
3 2 0 3282 
3 2 0 3315 
3 2 0 3313 
3 2 0 3287 
3 2 0 3285 
3 2 0 3286 
3 2 0 3312 
3 2 0 3290 
3 2 0 3288 
3 2 0 3289 
3 2 0 3311 
3 2 0 3291 
3 2 0 3310 
3 2 0 3292 
3 2 0 3309 
3 2 0 3301 
3 2 0 3293 
3 2 0 3300 
3 2 0 3294 
3 2 0 3299 
3 2 0 3295 
3 2 0 3298 
3 2 0 3296 
3 2 0 3297 
3 2 0 3308 
3 2 0 3302 
3 2 0 3307 
3 2 0 3303 
3 2 0 3306 
3 2 0 3304 
3 2 0 3305 
3 2 0 3314 
1 0 
1 0 
2 3 3387 3388 0 
1 0 
1 0 
1 0 
1 0 
1 0 
2 3 3393 3394 0 
2 3 3392 3395 0 
1 0 
2 3 3396 3397 0 
1 0 
2 3 3398 3399 0 
2 3 3391 3400 0 
2 3 3390 3401 0 
2 3 3389 3402 0 
1 0 
1 0 
1 0 
1 0 
1 0 
1 0 
2 3 3408 3409 0 
1 0 
2 3 3410 3411 0 
1 0 
1 0 
2 3 3413 3414 0 
1 0 
1 0 
1 0 
2 3 3417 3418 0 
2 3 3416 3419 0 
2 3 3415 3420 0 
2 3 3412 3421 0 
2 3 3407 3422 0 
2 3 3406 3423 0 
2 3 3405 3424 0 
2 3 3404 3425 0 
1 0 
2 3 3426 3427 0 
2 3 3403 3428 0 
3 2 0 3429 
3 2 0 3403 
3 2 0 3389 
3 2 0 3387 
3 2 0 3388 
3 2 0 3402 
3 2 0 3390 
3 2 0 3401 
3 2 0 3391 
3 2 0 3400 
3 2 0 3398 
3 2 0 3396 
3 2 0 3392 
3 2 0 3395 
3 2 0 3393 
3 2 0 3394 
3 2 0 3397 
3 2 0 3399 
3 2 0 3428 
3 2 0 3426 
3 2 0 3404 
3 2 0 3425 
3 2 0 3405 
3 2 0 3424 
3 2 0 3406 
3 2 0 3423 
3 2 0 3407 
3 2 0 3422 
3 2 0 3412 
3 2 0 3410 
3 2 0 3408 
3 2 0 3409 
3 2 0 3411 
3 2 0 3421 
3 2 0 3415 
3 2 0 3413 
3 2 0 3414 
3 2 0 3420 
3 2 0 3416 
3 2 0 3419 
3 2 0 3417 
3 2 0 3418 
3 2 0 3427 
1 0 
1 0 
1 0 
2 3 3474 3475 0 
1 0 
2 3 3476 3477 0 
1 0 
1 0 
2 3 3479 3480 0 
2 3 3478 3481 0 
2 3 3473 3482 0 
1 0 
1 0 
1 0 
1 0 
1 0 
1 0 
1 0 
2 3 3489 3490 0 
2 3 3488 3491 0 
2 3 3487 3492 0 
2 3 3486 3493 0 
2 3 3485 3494 0 
2 3 3484 3495 0 
1 0 
1 0 
1 0 
2 3 3498 3499 0 
1 0 
2 3 3500 3501 0 
1 0 
1 0 
1 0 
2 3 3504 3505 0 
2 3 3503 3506 0 
2 3 3502 3507 0 
1 0 
2 3 3508 3509 0 
1 0 
2 3 3510 3511 0 
1 0 
1 0 
1 0 
2 3 3514 3515 0 
2 3 3513 3516 0 
1 0 
1 0 
1 0 
2 3 3519 3520 0 
1 0 
1 0 
2 3 3522 3523 0 
2 3 3521 3524 0 
2 3 3518 3525 0 
2 3 3517 3526 0 
2 3 3512 3527 0 
2 3 3497 3528 0 
2 3 3496 3529 0 
1 0 
2 3 3530 3531 0 
2 3 3483 3532 0 
3 2 0 3533 
3 2 0 3483 
3 2 0 3473 
3 2 0 3482 
3 2 0 3478 
3 2 0 3476 
3 2 0 3474 
3 2 0 3475 
3 2 0 3477 
3 2 0 3481 
3 2 0 3479 
3 2 0 3480 
3 2 0 3532 
3 2 0 3530 
3 2 0 3496 
3 2 0 3484 
3 2 0 3495 
3 2 0 3485 
3 2 0 3494 
3 2 0 3486 
3 2 0 3493 
3 2 0 3487 
3 2 0 3492 
3 2 0 3488 
3 2 0 3491 
3 2 0 3489 
3 2 0 3490 
3 2 0 3529 
3 2 0 3497 
3 2 0 3528 
3 2 0 3512 
3 2 0 3510 
3 2 0 3508 
3 2 0 3502 
3 2 0 3500 
3 2 0 3498 
3 2 0 3499 
3 2 0 3501 
3 2 0 3507 
3 2 0 3503 
3 2 0 3506 
3 2 0 3504 
3 2 0 3505 
3 2 0 3509 
3 2 0 3511 
3 2 0 3527 
3 2 0 3517 
3 2 0 3513 
3 2 0 3516 
3 2 0 3514 
3 2 0 3515 
3 2 0 3526 
3 2 0 3518 
3 2 0 3525 
3 2 0 3521 
3 2 0 3519 
3 2 0 3520 
3 2 0 3524 
3 2 0 3522 
3 2 0 3523 
3 2 0 3531 
1 0 
1 0 
1 0 
1 0 
1 0 
1 0 
2 3 3599 3600 0 
2 3 3598 3601 0 
1 0 
1 0 
1 0 
1 0 
2 3 3605 3606 0 
2 3 3604 3607 0 
2 3 3603 3608 0 
2 3 3602 3609 0 
1 0 
2 3 3610 3611 0 
1 0 
1 0 
1 0 
1 0 
2 3 3615 3616 0 
2 3 3614 3617 0 
1 0 
2 3 3618 3619 0 
2 3 3613 3620 0 
1 0 
1 0 
1 0 
1 0 
2 3 3624 3625 0 
2 3 3623 3626 0 
1 0 
1 0 
1 0 
1 0 
1 0 
2 3 3631 3632 0 
2 3 3630 3633 0 
1 0 
1 0 
1 0 
1 0 
2 3 3637 3638 0 
2 3 3636 3639 0 
1 0 
1 0 
1 0 
2 3 3642 3643 0 
1 0 
2 3 3644 3645 0 
2 3 3641 3646 0 
2 3 3640 3647 0 
2 3 3635 3648 0 
2 3 3634 3649 0 
2 3 3629 3650 0 
2 3 3628 3651 0 
2 3 3627 3652 0 
2 3 3622 3653 0 
2 3 3621 3654 0 
2 3 3612 3655 0 
2 3 3597 3656 0 
2 3 3596 3657 0 
2 3 3595 3658 0 
1 0 
2 3 3659 3660 0 
3 2 0 3661 
3 2 0 3659 
3 2 0 3595 
3 2 0 3658 
3 2 0 3596 
3 2 0 3657 
3 2 0 3597 
3 2 0 3656 
3 2 0 3612 
3 2 0 3610 
3 2 0 3602 
3 2 0 3598 
3 2 0 3601 
3 2 0 3599 
3 2 0 3600 
3 2 0 3609 
3 2 0 3603 
3 2 0 3608 
3 2 0 3604 
3 2 0 3607 
3 2 0 3605 
3 2 0 3606 
3 2 0 3611 
3 2 0 3655 
3 2 0 3621 
3 2 0 3613 
3 2 0 3620 
3 2 0 3618 
3 2 0 3614 
3 2 0 3617 
3 2 0 3615 
3 2 0 3616 
3 2 0 3619 
3 2 0 3654 
3 2 0 3622 
3 2 0 3653 
3 2 0 3627 
3 2 0 3623 
3 2 0 3626 
3 2 0 3624 
3 2 0 3625 
3 2 0 3652 
3 2 0 3628 
3 2 0 3651 
3 2 0 3629 
3 2 0 3650 
3 2 0 3634 
3 2 0 3630 
3 2 0 3633 
3 2 0 3631 
3 2 0 3632 
3 2 0 3649 
3 2 0 3635 
3 2 0 3648 
3 2 0 3640 
3 2 0 3636 
3 2 0 3639 
3 2 0 3637 
3 2 0 3638 
3 2 0 3647 
3 2 0 3641 
3 2 0 3646 
3 2 0 3644 
3 2 0 3642 
3 2 0 3643 
3 2 0 3645 
3 2 0 3660 
1 0 
1 0 
1 0 
1 0 
2 3 3731 3732 0 
2 3 3730 3733 0 
2 3 3729 3734 0 
1 0 
1 0 
1 0 
2 3 3737 3738 0 
1 0 
1 0 
2 3 3740 3741 0 
1 0 
1 0 
1 0 
2 3 3744 3745 0 
1 0 
2 3 3746 3747 0 
1 0 
1 0 
2 3 3749 3750 0 
2 3 3748 3751 0 
2 3 3743 3752 0 
2 3 3742 3753 0 
1 0 
2 3 3754 3755 0 
2 3 3739 3756 0 
2 3 3736 3757 0 
2 3 3735 3758 0 
3 2 0 3759 
3 2 0 3735 
3 2 0 3729 
3 2 0 3734 
3 2 0 3730 
3 2 0 3733 
3 2 0 3731 
3 2 0 3732 
3 2 0 3758 
3 2 0 3736 
3 2 0 3757 
3 2 0 3739 
3 2 0 3737 
3 2 0 3738 
3 2 0 3756 
3 2 0 3754 
3 2 0 3742 
3 2 0 3740 
3 2 0 3741 
3 2 0 3753 
3 2 0 3743 
3 2 0 3752 
3 2 0 3748 
3 2 0 3746 
3 2 0 3744 
3 2 0 3745 
3 2 0 3747 
3 2 0 3751 
3 2 0 3749 
3 2 0 3750 
3 2 0 3755 
1 0 
1 0 
2 3 3791 3792 0 
1 0 
1 0 
2 3 3794 3795 0 
1 0 
1 0 
1 0 
1 0 
1 0 
2 3 3800 3801 0 
2 3 3799 3802 0 
2 3 3798 3803 0 
2 3 3797 3804 0 
2 3 3796 3805 0 
1 0 
2 3 3806 3807 0 
2 3 3793 3808 0 
3 2 0 3809 
3 2 0 3793 
3 2 0 3791 
3 2 0 3792 
3 2 0 3808 
3 2 0 3806 
3 2 0 3796 
3 2 0 3794 
3 2 0 3795 
3 2 0 3805 
3 2 0 3797 
3 2 0 3804 
3 2 0 3798 
3 2 0 3803 
3 2 0 3799 
3 2 0 3802 
3 2 0 3800 
3 2 0 3801 
3 2 0 3807 
1 0 
1 0 
1 0 
1 0 
1 0 
1 0 
2 3 3833 3834 0 
2 3 3832 3835 0 
2 3 3831 3836 0 
2 3 3830 3837 0 
2 3 3829 3838 0 
1 0 
1 0 
2 3 3840 3841 0 
1 0 
2 3 3842 3843 0 
2 3 3839 3844 0 
1 0 
1 0 
1 0 
1 0 
2 3 3848 3849 0 
1 0 
2 3 3850 3851 0 
1 0 
1 0 
2 3 3853 3854 0 
2 3 3852 3855 0 
2 3 3847 3856 0 
2 3 3846 3857 0 
1 0 
2 3 3858 3859 0 
1 0 
2 3 3860 3861 0 
1 0 
1 0 
2 3 3863 3864 0 
1 0 
1 0 
1 0 
2 3 3867 3868 0 
1 0 
1 0 
1 0 
1 0 
1 0 
2 3 3873 3874 0 
2 3 3872 3875 0 
2 3 3871 3876 0 
2 3 3870 3877 0 
2 3 3869 3878 0 
2 3 3866 3879 0 
2 3 3865 3880 0 
2 3 3862 3881 0 
1 0 
2 3 3882 3883 0 
2 3 3845 3884 0 
3 2 0 3885 
3 2 0 3845 
3 2 0 3839 
3 2 0 3829 
3 2 0 3838 
3 2 0 3830 
3 2 0 3837 
3 2 0 3831 
3 2 0 3836 
3 2 0 3832 
3 2 0 3835 
3 2 0 3833 
3 2 0 3834 
3 2 0 3844 
3 2 0 3842 
3 2 0 3840 
3 2 0 3841 
3 2 0 3843 
3 2 0 3884 
3 2 0 3882 
3 2 0 3862 
3 2 0 3860 
3 2 0 3858 
3 2 0 3846 
3 2 0 3857 
3 2 0 3847 
3 2 0 3856 
3 2 0 3852 
3 2 0 3850 
3 2 0 3848 
3 2 0 3849 
3 2 0 3851 
3 2 0 3855 
3 2 0 3853 
3 2 0 3854 
3 2 0 3859 
3 2 0 3861 
3 2 0 3881 
3 2 0 3865 
3 2 0 3863 
3 2 0 3864 
3 2 0 3880 
3 2 0 3866 
3 2 0 3879 
3 2 0 3869 
3 2 0 3867 
3 2 0 3868 
3 2 0 3878 
3 2 0 3870 
3 2 0 3877 
3 2 0 3871 
3 2 0 3876 
3 2 0 3872 
3 2 0 3875 
3 2 0 3873 
3 2 0 3874 
3 2 0 3883 
1 0 
1 0 
1 0 
1 0 
2 3 3945 3946 0 
2 3 3944 3947 0 
2 3 3943 3948 0 
1 0 
1 0 
1 0 
1 0 
1 0 
1 0 
2 3 3954 3955 0 
2 3 3953 3956 0 
1 0 
1 0 
2 3 3958 3959 0 
2 3 3957 3960 0 
2 3 3952 3961 0 
2 3 3951 3962 0 
1 0 
1 0 
1 0 
2 3 3965 3966 0 
2 3 3964 3967 0 
1 0 
2 3 3968 3969 0 
2 3 3963 3970 0 
2 3 3950 3971 0 
2 3 3949 3972 0 
3 2 0 3973 
3 2 0 3949 
3 2 0 3943 
3 2 0 3948 
3 2 0 3944 
3 2 0 3947 
3 2 0 3945 
3 2 0 3946 
3 2 0 3972 
3 2 0 3950 
3 2 0 3971 
3 2 0 3963 
3 2 0 3951 
3 2 0 3962 
3 2 0 3952 
3 2 0 3961 
3 2 0 3957 
3 2 0 3953 
3 2 0 3956 
3 2 0 3954 
3 2 0 3955 
3 2 0 3960 
3 2 0 3958 
3 2 0 3959 
3 2 0 3970 
3 2 0 3968 
3 2 0 3964 
3 2 0 3967 
3 2 0 3965 
3 2 0 3966 
3 2 0 3969 
1 0 
1 0 
1 0 
2 3 4006 4007 0 
2 3 4005 4008 0 
1 0 
1 0 
1 0 
2 3 4011 4012 0 
1 0 
2 3 4013 4014 0 
1 0 
2 3 4015 4016 0 
2 3 4010 4017 0 
2 3 4009 4018 0 
1 0 
1 0 
2 3 4020 4021 0 
1 0 
1 0 
1 0 
2 3 4024 4025 0 
2 3 4023 4026 0 
1 0 
1 0 
1 0 
1 0 
1 0 
2 3 4031 4032 0 
2 3 4030 4033 0 
2 3 4029 4034 0 
2 3 4028 4035 0 
2 3 4027 4036 0 
2 3 4022 4037 0 
1 0 
2 3 4038 4039 0 
2 3 4019 4040 0 
3 2 0 4041 
3 2 0 4019 
3 2 0 4009 
3 2 0 4005 
3 2 0 4008 
3 2 0 4006 
3 2 0 4007 
3 2 0 4018 
3 2 0 4010 
3 2 0 4017 
3 2 0 4015 
3 2 0 4013 
3 2 0 4011 
3 2 0 4012 
3 2 0 4014 
3 2 0 4016 
3 2 0 4040 
3 2 0 4038 
3 2 0 4022 
3 2 0 4020 
3 2 0 4021 
3 2 0 4037 
3 2 0 4027 
3 2 0 4023 
3 2 0 4026 
3 2 0 4024 
3 2 0 4025 
3 2 0 4036 
3 2 0 4028 
3 2 0 4035 
3 2 0 4029 
3 2 0 4034 
3 2 0 4030 
3 2 0 4033 
3 2 0 4031 
3 2 0 4032 
3 2 0 4039 
1 0 
1 0 
1 0 
1 0 
2 3 4081 4082 0 
1 0 
2 3 4083 4084 0 
2 3 4080 4085 0 
2 3 4079 4086 0 
1 0 
2 3 4087 4088 0 
1 0 
2 3 4089 4090 0 
1 0 
1 0 
1 0 
2 3 4093 4094 0 
1 0 
1 0 
2 3 4096 4097 0 
1 0 
1 0 
1 0 
1 0 
1 0 
2 3 4102 4103 0 
1 0 
1 0 
1 0 
1 0 
1 0 
1 0 
1 0 
2 3 4110 4111 0 
2 3 4109 4112 0 
2 3 4108 4113 0 
2 3 4107 4114 0 
2 3 4106 4115 0 
2 3 4105 4116 0 
2 3 4104 4117 0 
2 3 4101 4118 0 
2 3 4100 4119 0 
2 3 4099 4120 0 
2 3 4098 4121 0 
2 3 4095 4122 0 
2 3 4092 4123 0 
2 3 4091 4124 0 
1 0 
2 3 4125 4126 0 
3 2 0 4127 
3 2 0 4125 
3 2 0 4091 
3 2 0 4089 
3 2 0 4087 
3 2 0 4079 
3 2 0 4086 
3 2 0 4080 
3 2 0 4085 
3 2 0 4083 
3 2 0 4081 
3 2 0 4082 
3 2 0 4084 
3 2 0 4088 
3 2 0 4090 
3 2 0 4124 
3 2 0 4092 
3 2 0 4123 
3 2 0 4095 
3 2 0 4093 
3 2 0 4094 
3 2 0 4122 
3 2 0 4098 
3 2 0 4096 
3 2 0 4097 
3 2 0 4121 
3 2 0 4099 
3 2 0 4120 
3 2 0 4100 
3 2 0 4119 
3 2 0 4101 
3 2 0 4118 
3 2 0 4104 
3 2 0 4102 
3 2 0 4103 
3 2 0 4117 
3 2 0 4105 
3 2 0 4116 
3 2 0 4106 
3 2 0 4115 
3 2 0 4107 
3 2 0 4114 
3 2 0 4108 
3 2 0 4113 
3 2 0 4109 
3 2 0 4112 
3 2 0 4110 
3 2 0 4111 
3 2 0 4126 
1 0 
1 0 
1 0 
1 0 
2 3 4179 4180 0 
2 3 4178 4181 0 
1 0 
1 0 
2 3 4183 4184 0 
1 0 
1 0 
2 3 4186 4187 0 
2 3 4185 4188 0 
2 3 4182 4189 0 
1 0 
1 0 
2 3 4191 4192 0 
1 0 
1 0 
2 3 4194 4195 0 
2 3 4193 4196 0 
1 0 
2 3 4197 4198 0 
1 0 
1 0 
1 0 
2 3 4201 4202 0 
2 3 4200 4203 0 
1 0 
1 0 
1 0 
2 3 4206 4207 0 
1 0 
1 0 
1 0 
1 0 
2 3 4211 4212 0 
2 3 4210 4213 0 
2 3 4209 4214 0 
2 3 4208 4215 0 
2 3 4205 4216 0 
2 3 4204 4217 0 
2 3 4199 4218 0 
2 3 4190 4219 0 
2 3 4177 4220 0 
1 0 
1 0 
1 0 
1 0 
1 0 
2 3 4225 4226 0 
2 3 4224 4227 0 
2 3 4223 4228 0 
1 0 
1 0 
1 0 
1 0 
2 3 4232 4233 0 
2 3 4231 4234 0 
2 3 4230 4235 0 
1 0 
2 3 4236 4237 0 
2 3 4229 4238 0 
2 3 4222 4239 0 
2 3 4221 4240 0 
3 2 0 4241 
3 2 0 4221 
3 2 0 4177 
3 2 0 4220 
3 2 0 4190 
3 2 0 4182 
3 2 0 4178 
3 2 0 4181 
3 2 0 4179 
3 2 0 4180 
3 2 0 4189 
3 2 0 4185 
3 2 0 4183 
3 2 0 4184 
3 2 0 4188 
3 2 0 4186 
3 2 0 4187 
3 2 0 4219 
3 2 0 4199 
3 2 0 4197 
3 2 0 4193 
3 2 0 4191 
3 2 0 4192 
3 2 0 4196 
3 2 0 4194 
3 2 0 4195 
3 2 0 4198 
3 2 0 4218 
3 2 0 4204 
3 2 0 4200 
3 2 0 4203 
3 2 0 4201 
3 2 0 4202 
3 2 0 4217 
3 2 0 4205 
3 2 0 4216 
3 2 0 4208 
3 2 0 4206 
3 2 0 4207 
3 2 0 4215 
3 2 0 4209 
3 2 0 4214 
3 2 0 4210 
3 2 0 4213 
3 2 0 4211 
3 2 0 4212 
3 2 0 4240 
3 2 0 4222 
3 2 0 4239 
3 2 0 4229 
3 2 0 4223 
3 2 0 4228 
3 2 0 4224 
3 2 0 4227 
3 2 0 4225 
3 2 0 4226 
3 2 0 4238 
3 2 0 4236 
3 2 0 4230 
3 2 0 4235 
3 2 0 4231 
3 2 0 4234 
3 2 0 4232 
3 2 0 4233 
3 2 0 4237 
1 0 
1 0 
1 0 
1 0 
2 3 4309 4310 0 
2 3 4308 4311 0 
2 3 4307 4312 0 
1 0 
1 0 
1 0 
1 0 
1 0 
2 3 4317 4318 0 
2 3 4316 4319 0 
2 3 4315 4320 0 
2 3 4314 4321 0 
2 3 4313 4322 0 
1 0 
1 0 
1 0 
2 3 4325 4326 0 
2 3 4324 4327 0 
2 3 4323 4328 0 
1 0 
1 0 
1 0 
1 0 
1 0 
1 0 
2 3 4334 4335 0 
2 3 4333 4336 0 
1 0 
2 3 4337 4338 0 
2 3 4332 4339 0 
1 0 
1 0 
2 3 4341 4342 0 
2 3 4340 4343 0 
2 3 4331 4344 0 
2 3 4330 4345 0 
2 3 4329 4346 0 
1 0 
2 3 4347 4348 0 
3 2 0 4349 
3 2 0 4347 
3 2 0 4329 
3 2 0 4323 
3 2 0 4313 
3 2 0 4307 
3 2 0 4312 
3 2 0 4308 
3 2 0 4311 
3 2 0 4309 
3 2 0 4310 
3 2 0 4322 
3 2 0 4314 
3 2 0 4321 
3 2 0 4315 
3 2 0 4320 
3 2 0 4316 
3 2 0 4319 
3 2 0 4317 
3 2 0 4318 
3 2 0 4328 
3 2 0 4324 
3 2 0 4327 
3 2 0 4325 
3 2 0 4326 
3 2 0 4346 
3 2 0 4330 
3 2 0 4345 
3 2 0 4331 
3 2 0 4344 
3 2 0 4340 
3 2 0 4332 
3 2 0 4339 
3 2 0 4337 
3 2 0 4333 
3 2 0 4336 
3 2 0 4334 
3 2 0 4335 
3 2 0 4338 
3 2 0 4343 
3 2 0 4341 
3 2 0 4342 
3 2 0 4348 
1 0 
1 0 
1 0 
1 0 
2 3 4395 4396 0 
1 0 
1 0 
1 0 
1 0 
2 3 4400 4401 0 
2 3 4399 4402 0 
1 0 
2 3 4403 4404 0 
1 0 
1 0 
1 0 
1 0 
1 0 
2 3 4409 4410 0 
1 0 
1 0 
2 3 4412 4413 0 
2 3 4411 4414 0 
2 3 4408 4415 0 
2 3 4407 4416 0 
1 0 
2 3 4417 4418 0 
1 0 
2 3 4419 4420 0 
1 0 
1 0 
1 0 
2 3 4423 4424 0 
1 0 
2 3 4425 4426 0 
1 0 
1 0 
1 0 
2 3 4429 4430 0 
1 0 
1 0 
1 0 
1 0 
1 0 
1 0 
2 3 4436 4437 0 
2 3 4435 4438 0 
2 3 4434 4439 0 
1 0 
1 0 
1 0 
1 0 
2 3 4443 4444 0 
2 3 4442 4445 0 
2 3 4441 4446 0 
2 3 4440 4447 0 
2 3 4433 4448 0 
2 3 4432 4449 0 
2 3 4431 4450 0 
2 3 4428 4451 0 
2 3 4427 4452 0 
2 3 4422 4453 0 
2 3 4421 4454 0 
2 3 4406 4455 0 
2 3 4405 4456 0 
2 3 4398 4457 0 
2 3 4397 4458 0 
2 3 4394 4459 0 
1 0 
2 3 4460 4461 0 
2 3 4393 4462 0 
3 2 0 4463 
3 2 0 4393 
3 2 0 4462 
3 2 0 4460 
3 2 0 4394 
3 2 0 4459 
3 2 0 4397 
3 2 0 4395 
3 2 0 4396 
3 2 0 4458 
3 2 0 4398 
3 2 0 4457 
3 2 0 4405 
3 2 0 4403 
3 2 0 4399 
3 2 0 4402 
3 2 0 4400 
3 2 0 4401 
3 2 0 4404 
3 2 0 4456 
3 2 0 4406 
3 2 0 4455 
3 2 0 4421 
3 2 0 4419 
3 2 0 4417 
3 2 0 4407 
3 2 0 4416 
3 2 0 4408 
3 2 0 4415 
3 2 0 4411 
3 2 0 4409 
3 2 0 4410 
3 2 0 4414 
3 2 0 4412 
3 2 0 4413 
3 2 0 4418 
3 2 0 4420 
3 2 0 4454 
3 2 0 4422 
3 2 0 4453 
3 2 0 4427 
3 2 0 4425 
3 2 0 4423 
3 2 0 4424 
3 2 0 4426 
3 2 0 4452 
3 2 0 4428 
3 2 0 4451 
3 2 0 4431 
3 2 0 4429 
3 2 0 4430 
3 2 0 4450 
3 2 0 4432 
3 2 0 4449 
3 2 0 4433 
3 2 0 4448 
3 2 0 4440 
3 2 0 4434 
3 2 0 4439 
3 2 0 4435 
3 2 0 4438 
3 2 0 4436 
3 2 0 4437 
3 2 0 4447 
3 2 0 4441 
3 2 0 4446 
3 2 0 4442 
3 2 0 4445 
3 2 0 4443 
3 2 0 4444 
3 2 0 4461 
1 0 
1 0 
1 0 
1 0 
1 0 
1 0 
1 0 
1 0 
1 0 
1 0 
2 3 4543 4544 0 
2 3 4542 4545 0 
1 0 
2 3 4546 4547 0 
1 0 
2 3 4548 4549 0 
1 0 
1 0 
1 0 
1 0 
2 3 4553 4554 0 
1 0 
1 0 
2 3 4556 4557 0 
2 3 4555 4558 0 
2 3 4552 4559 0 
1 0 
2 3 4560 4561 0 
1 0 
1 0 
1 0 
2 3 4564 4565 0 
1 0 
2 3 4566 4567 0 
2 3 4563 4568 0 
2 3 4562 4569 0 
2 3 4551 4570 0 
2 3 4550 4571 0 
2 3 4541 4572 0 
2 3 4540 4573 0 
2 3 4539 4574 0 
2 3 4538 4575 0 
2 3 4537 4576 0 
2 3 4536 4577 0 
2 3 4535 4578 0 
3 2 0 4579 
3 2 0 4535 
3 2 0 4578 
3 2 0 4536 
3 2 0 4577 
3 2 0 4537 
3 2 0 4576 
3 2 0 4538 
3 2 0 4575 
3 2 0 4539 
3 2 0 4574 
3 2 0 4540 
3 2 0 4573 
3 2 0 4541 
3 2 0 4572 
3 2 0 4550 
3 2 0 4548 
3 2 0 4546 
3 2 0 4542 
3 2 0 4545 
3 2 0 4543 
3 2 0 4544 
3 2 0 4547 
3 2 0 4549 
3 2 0 4571 
3 2 0 4551 
3 2 0 4570 
3 2 0 4562 
3 2 0 4560 
3 2 0 4552 
3 2 0 4559 
3 2 0 4555 
3 2 0 4553 
3 2 0 4554 
3 2 0 4558 
3 2 0 4556 
3 2 0 4557 
3 2 0 4561 
3 2 0 4569 
3 2 0 4563 
3 2 0 4568 
3 2 0 4566 
3 2 0 4564 
3 2 0 4565 
3 2 0 4567 
1 0 
1 0 
1 0 
1 0 
2 3 4627 4628 0 
1 0 
1 0 
1 0 
1 0 
1 0 
1 0 
2 3 4634 4635 0 
2 3 4633 4636 0 
2 3 4632 4637 0 
2 3 4631 4638 0 
2 3 4630 4639 0 
2 3 4629 4640 0 
2 3 4626 4641 0 
1 0 
2 3 4642 4643 0 
1 0 
1 0 
1 0 
2 3 4646 4647 0 
1 0 
1 0 
1 0 
1 0 
1 0 
1 0 
1 0 
1 0 
1 0 
2 3 4656 4657 0 
1 0 
1 0 
2 3 4659 4660 0 
2 3 4658 4661 0 
2 3 4655 4662 0 
2 3 4654 4663 0 
2 3 4653 4664 0 
2 3 4652 4665 0 
2 3 4651 4666 0 
2 3 4650 4667 0 
2 3 4649 4668 0 
2 3 4648 4669 0 
2 3 4645 4670 0 
2 3 4644 4671 0 
1 0 
2 3 4672 4673 0 
1 0 
2 3 4674 4675 0 
2 3 4625 4676 0 
3 2 0 4677 
3 2 0 4625 
3 2 0 4676 
3 2 0 4674 
3 2 0 4672 
3 2 0 4644 
3 2 0 4642 
3 2 0 4626 
3 2 0 4641 
3 2 0 4629 
3 2 0 4627 
3 2 0 4628 
3 2 0 4640 
3 2 0 4630 
3 2 0 4639 
3 2 0 4631 
3 2 0 4638 
3 2 0 4632 
3 2 0 4637 
3 2 0 4633 
3 2 0 4636 
3 2 0 4634 
3 2 0 4635 
3 2 0 4643 
3 2 0 4671 
3 2 0 4645 
3 2 0 4670 
3 2 0 4648 
3 2 0 4646 
3 2 0 4647 
3 2 0 4669 
3 2 0 4649 
3 2 0 4668 
3 2 0 4650 
3 2 0 4667 
3 2 0 4651 
3 2 0 4666 
3 2 0 4652 
3 2 0 4665 
3 2 0 4653 
3 2 0 4664 
3 2 0 4654 
3 2 0 4663 
3 2 0 4655 
3 2 0 4662 
3 2 0 4658 
3 2 0 4656 
3 2 0 4657 
3 2 0 4661 
3 2 0 4659 
3 2 0 4660 
3 2 0 4673 
3 2 0 4675 
1 0 
1 0 
1 0 
2 3 4732 4733 0 
2 3 4731 4734 0 
1 0 
1 0 
1 0 
2 3 4737 4738 0 
2 3 4736 4739 0 
2 3 4735 4740 0 
1 0 
1 0 
1 0 
2 3 4743 4744 0 
2 3 4742 4745 0 
2 3 4741 4746 0 
1 0 
2 3 4747 4748 0 
3 2 0 4749 
3 2 0 4747 
3 2 0 4741 
3 2 0 4735 
3 2 0 4731 
3 2 0 4734 
3 2 0 4732 
3 2 0 4733 
3 2 0 4740 
3 2 0 4736 
3 2 0 4739 
3 2 0 4737 
3 2 0 4738 
3 2 0 4746 
3 2 0 4742 
3 2 0 4745 
3 2 0 4743 
3 2 0 4744 
3 2 0 4748 
1 0 
1 0 
2 3 4769 4770 0 
1 0 
1 0 
1 0 
1 0 
1 0 
2 3 4775 4776 0 
2 3 4774 4777 0 
2 3 4773 4778 0 
2 3 4772 4779 0 
1 0 
2 3 4780 4781 0 
2 3 4771 4782 0 
3 2 0 4783 
3 2 0 4771 
3 2 0 4769 
3 2 0 4770 
3 2 0 4782 
3 2 0 4780 
3 2 0 4772 
3 2 0 4779 
3 2 0 4773 
3 2 0 4778 
3 2 0 4774 
3 2 0 4777 
3 2 0 4775 
3 2 0 4776 
3 2 0 4781 
1 0 
1 0 
2 3 4799 4800 0 
1 0 
1 0 
1 0 
1 0 
2 3 4804 4805 0 
2 3 4803 4806 0 
2 3 4802 4807 0 
1 0 
2 3 4808 4809 0 
1 0 
1 0 
1 0 
1 0 
2 3 4813 4814 0 
1 0 
1 0 
1 0 
2 3 4817 4818 0 
1 0 
1 0 
1 0 
1 0 
2 3 4822 4823 0 
2 3 4821 4824 0 
1 0 
1 0 
1 0 
1 0 
1 0 
2 3 4829 4830 0 
2 3 4828 4831 0 
2 3 4827 4832 0 
2 3 4826 4833 0 
2 3 4825 4834 0 
2 3 4820 4835 0 
2 3 4819 4836 0 
2 3 4816 4837 0 
2 3 4815 4838 0 
2 3 4812 4839 0 
2 3 4811 4840 0 
2 3 4810 4841 0 
1 0 
2 3 4842 4843 0 
2 3 4801 4844 0 
3 2 0 4845 
3 2 0 4801 
3 2 0 4799 
3 2 0 4800 
3 2 0 4844 
3 2 0 4842 
3 2 0 4810 
3 2 0 4808 
3 2 0 4802 
3 2 0 4807 
3 2 0 4803 
3 2 0 4806 
3 2 0 4804 
3 2 0 4805 
3 2 0 4809 
3 2 0 4841 
3 2 0 4811 
3 2 0 4840 
3 2 0 4812 
3 2 0 4839 
3 2 0 4815 
3 2 0 4813 
3 2 0 4814 
3 2 0 4838 
3 2 0 4816 
3 2 0 4837 
3 2 0 4819 
3 2 0 4817 
3 2 0 4818 
3 2 0 4836 
3 2 0 4820 
3 2 0 4835 
3 2 0 4825 
3 2 0 4821 
3 2 0 4824 
3 2 0 4822 
3 2 0 4823 
3 2 0 4834 
3 2 0 4826 
3 2 0 4833 
3 2 0 4827 
3 2 0 4832 
3 2 0 4828 
3 2 0 4831 
3 2 0 4829 
3 2 0 4830 
3 2 0 4843 
1 0 
1 0 
2 3 4893 4894 0 
1 0 
1 0 
1 0 
1 0 
2 3 4898 4899 0 
2 3 4897 4900 0 
1 0 
1 0 
2 3 4902 4903 0 
1 0 
1 0 
1 0 
1 0 
1 0 
1 0 
2 3 4909 4910 0 
2 3 4908 4911 0 
2 3 4907 4912 0 
2 3 4906 4913 0 
1 0 
2 3 4914 4915 0 
2 3 4905 4916 0 
2 3 4904 4917 0 
2 3 4901 4918 0 
2 3 4896 4919 0 
2 3 4895 4920 0 
1 0 
2 3 4921 4922 0 
1 0 
2 3 4923 4924 0 
1 0 
1 0 
1 0 
1 0 
1 0 
1 0 
2 3 4930 4931 0 
1 0 
2 3 4932 4933 0 
1 0 
2 3 4934 4935 0 
2 3 4929 4936 0 
1 0 
1 0 
1 0 
1 0 
1 0 
1 0 
1 0 
1 0 
1 0 
2 3 4945 4946 0 
2 3 4944 4947 0 
2 3 4943 4948 0 
2 3 4942 4949 0 
2 3 4941 4950 0 
2 3 4940 4951 0 
2 3 4939 4952 0 
2 3 4938 4953 0 
2 3 4937 4954 0 
2 3 4928 4955 0 
2 3 4927 4956 0 
2 3 4926 4957 0 
2 3 4925 4958 0 
1 0 
2 3 4959 4960 0 
3 2 0 4961 
3 2 0 4959 
3 2 0 4925 
3 2 0 4923 
3 2 0 4921 
3 2 0 4895 
3 2 0 4893 
3 2 0 4894 
3 2 0 4920 
3 2 0 4896 
3 2 0 4919 
3 2 0 4901 
3 2 0 4897 
3 2 0 4900 
3 2 0 4898 
3 2 0 4899 
3 2 0 4918 
3 2 0 4904 
3 2 0 4902 
3 2 0 4903 
3 2 0 4917 
3 2 0 4905 
3 2 0 4916 
3 2 0 4914 
3 2 0 4906 
3 2 0 4913 
3 2 0 4907 
3 2 0 4912 
3 2 0 4908 
3 2 0 4911 
3 2 0 4909 
3 2 0 4910 
3 2 0 4915 
3 2 0 4922 
3 2 0 4924 
3 2 0 4958 
3 2 0 4926 
3 2 0 4957 
3 2 0 4927 
3 2 0 4956 
3 2 0 4928 
3 2 0 4955 
3 2 0 4937 
3 2 0 4929 
3 2 0 4936 
3 2 0 4934 
3 2 0 4932 
3 2 0 4930 
3 2 0 4931 
3 2 0 4933 
3 2 0 4935 
3 2 0 4954 
3 2 0 4938 
3 2 0 4953 
3 2 0 4939 
3 2 0 4952 
3 2 0 4940 
3 2 0 4951 
3 2 0 4941 
3 2 0 4950 
3 2 0 4942 
3 2 0 4949 
3 2 0 4943 
3 2 0 4948 
3 2 0 4944 
3 2 0 4947 
3 2 0 4945 
3 2 0 4946 
3 2 0 4960 
1 0 
1 0 
2 3 5031 5032 0 
1 0 
1 0 
2 3 5034 5035 0 
2 3 5033 5036 0 
1 0 
1 0 
1 0 
1 0 
2 3 5040 5041 0 
2 3 5039 5042 0 
1 0 
1 0 
1 0 
2 3 5045 5046 0 
1 0 
1 0 
2 3 5048 5049 0 
2 3 5047 5050 0 
2 3 5044 5051 0 
2 3 5043 5052 0 
2 3 5038 5053 0 
2 3 5037 5054 0 
1 0 
2 3 5055 5056 0 
3 2 0 5057 
3 2 0 5055 
3 2 0 5037 
3 2 0 5033 
3 2 0 5031 
3 2 0 5032 
3 2 0 5036 
3 2 0 5034 
3 2 0 5035 
3 2 0 5054 
3 2 0 5038 
3 2 0 5053 
3 2 0 5043 
3 2 0 5039 
3 2 0 5042 
3 2 0 5040 
3 2 0 5041 
3 2 0 5052 
3 2 0 5044 
3 2 0 5051 
3 2 0 5047 
3 2 0 5045 
3 2 0 5046 
3 2 0 5050 
3 2 0 5048 
3 2 0 5049 
3 2 0 5056 
1 0 
1 0 
1 0 
1 0 
1 0 
1 0 
2 3 5089 5090 0 
2 3 5088 5091 0 
2 3 5087 5092 0 
2 3 5086 5093 0 
2 3 5085 5094 0 
1 0 
2 3 5095 5096 0 
1 0 
1 0 
1 0 
1 0 
2 3 5100 5101 0 
2 3 5099 5102 0 
1 0 
1 0 
1 0 
1 0 
2 3 5106 5107 0 
1 0 
2 3 5108 5109 0 
2 3 5105 5110 0 
1 0 
2 3 5111 5112 0 
1 0 
2 3 5113 5114 0 
2 3 5104 5115 0 
2 3 5103 5116 0 
1 0 
1 0 
1 0 
1 0 
1 0 
2 3 5121 5122 0 
1 0 
2 3 5123 5124 0 
2 3 5120 5125 0 
2 3 5119 5126 0 
1 0 
1 0 
1 0 
1 0 
2 3 5130 5131 0 
1 0 
2 3 5132 5133 0 
2 3 5129 5134 0 
2 3 5128 5135 0 
2 3 5127 5136 0 
2 3 5118 5137 0 
2 3 5117 5138 0 
2 3 5098 5139 0 
2 3 5097 5140 0 
1 0 
2 3 5141 5142 0 
3 2 0 5143 
3 2 0 5141 
3 2 0 5097 
3 2 0 5095 
3 2 0 5085 
3 2 0 5094 
3 2 0 5086 
3 2 0 5093 
3 2 0 5087 
3 2 0 5092 
3 2 0 5088 
3 2 0 5091 
3 2 0 5089 
3 2 0 5090 
3 2 0 5096 
3 2 0 5140 
3 2 0 5098 
3 2 0 5139 
3 2 0 5117 
3 2 0 5103 
3 2 0 5099 
3 2 0 5102 
3 2 0 5100 
3 2 0 5101 
3 2 0 5116 
3 2 0 5104 
3 2 0 5115 
3 2 0 5113 
3 2 0 5111 
3 2 0 5105 
3 2 0 5110 
3 2 0 5108 
3 2 0 5106 
3 2 0 5107 
3 2 0 5109 
3 2 0 5112 
3 2 0 5114 
3 2 0 5138 
3 2 0 5118 
3 2 0 5137 
3 2 0 5127 
3 2 0 5119 
3 2 0 5126 
3 2 0 5120 
3 2 0 5125 
3 2 0 5123 
3 2 0 5121 
3 2 0 5122 
3 2 0 5124 
3 2 0 5136 
3 2 0 5128 
3 2 0 5135 
3 2 0 5129 
3 2 0 5134 
3 2 0 5132 
3 2 0 5130 
3 2 0 5131 
3 2 0 5133 
3 2 0 5142 
1 0 
1 0 
1 0 
2 3 5204 5205 0 
2 3 5203 5206 0 
1 0 
1 0 
1 0 
1 0 
1 0 
2 3 5211 5212 0 
2 3 5210 5213 0 
1 0 
1 0 
1 0 
1 0 
2 3 5217 5218 0 
2 3 5216 5219 0 
2 3 5215 5220 0 
2 3 5214 5221 0 
2 3 5209 5222 0 
2 3 5208 5223 0 
2 3 5207 5224 0 
1 0 
1 0 
1 0 
1 0 
1 0 
1 0 
2 3 5230 5231 0 
1 0 
1 0 
2 3 5233 5234 0 
2 3 5232 5235 0 
2 3 5229 5236 0 
2 3 5228 5237 0 
2 3 5227 5238 0 
2 3 5226 5239 0 
1 0 
2 3 5240 5241 0 
2 3 5225 5242 0 
3 2 0 5243 
3 2 0 5225 
3 2 0 5207 
3 2 0 5203 
3 2 0 5206 
3 2 0 5204 
3 2 0 5205 
3 2 0 5224 
3 2 0 5208 
3 2 0 5223 
3 2 0 5209 
3 2 0 5222 
3 2 0 5214 
3 2 0 5210 
3 2 0 5213 
3 2 0 5211 
3 2 0 5212 
3 2 0 5221 
3 2 0 5215 
3 2 0 5220 
3 2 0 5216 
3 2 0 5219 
3 2 0 5217 
3 2 0 5218 
3 2 0 5242 
3 2 0 5240 
3 2 0 5226 
3 2 0 5239 
3 2 0 5227 
3 2 0 5238 
3 2 0 5228 
3 2 0 5237 
3 2 0 5229 
3 2 0 5236 
3 2 0 5232 
3 2 0 5230 
3 2 0 5231 
3 2 0 5235 
3 2 0 5233 
3 2 0 5234 
3 2 0 5241 
1 0 
1 0 
1 0 
1 0 
2 3 5287 5288 0 
2 3 5286 5289 0 
1 0 
2 3 5290 5291 0 
1 0 
1 0 
1 0 
1 0 
2 3 5295 5296 0 
2 3 5294 5297 0 
2 3 5293 5298 0 
1 0 
1 0 
1 0 
2 3 5301 5302 0 
2 3 5300 5303 0 
2 3 5299 5304 0 
2 3 5292 5305 0 
1 0 
2 3 5306 5307 0 
2 3 5285 5308 0 
3 2 0 5309 
3 2 0 5285 
3 2 0 5308 
3 2 0 5306 
3 2 0 5292 
3 2 0 5290 
3 2 0 5286 
3 2 0 5289 
3 2 0 5287 
3 2 0 5288 
3 2 0 5291 
3 2 0 5305 
3 2 0 5299 
3 2 0 5293 
3 2 0 5298 
3 2 0 5294 
3 2 0 5297 
3 2 0 5295 
3 2 0 5296 
3 2 0 5304 
3 2 0 5300 
3 2 0 5303 
3 2 0 5301 
3 2 0 5302 
3 2 0 5307 
1 0 
1 0 
1 0 
1 0 
1 0 
1 0 
2 3 5339 5340 0 
2 3 5338 5341 0 
1 0 
2 3 5342 5343 0 
2 3 5337 5344 0 
2 3 5336 5345 0 
2 3 5335 5346 0 
1 0 
1 0 
1 0 
2 3 5349 5350 0 
1 0 
1 0 
1 0 
1 0 
2 3 5354 5355 0 
2 3 5353 5356 0 
2 3 5352 5357 0 
2 3 5351 5358 0 
2 3 5348 5359 0 
2 3 5347 5360 0 
1 0 
2 3 5361 5362 0 
3 2 0 5363 
3 2 0 5361 
3 2 0 5347 
3 2 0 5335 
3 2 0 5346 
3 2 0 5336 
3 2 0 5345 
3 2 0 5337 
3 2 0 5344 
3 2 0 5342 
3 2 0 5338 
3 2 0 5341 
3 2 0 5339 
3 2 0 5340 
3 2 0 5343 
3 2 0 5360 
3 2 0 5348 
3 2 0 5359 
3 2 0 5351 
3 2 0 5349 
3 2 0 5350 
3 2 0 5358 
3 2 0 5352 
3 2 0 5357 
3 2 0 5353 
3 2 0 5356 
3 2 0 5354 
3 2 0 5355 
3 2 0 5362 
19 2696 54 55 56 57 58 59 60 61 62 63 64 65 66 67 68 69 70 71 72 73 74 75 76 77 78 79 80 81 82 83 84 85 86 87 88 89 90 91 92 93 94 95 96 97 98 99 100 101 102 103 104 105 106 162 163 164 165 166 167 168 169 170 171 172 173 174 175 176 177 178 179 180 181 182 183 184 185 186 187 188 189 190 191 192 193 194 195 196 197 198 199 200 201 202 203 204 205 206 207 208 209 210 211 212 213 214 215 216 234 235 236 237 238 239 240 241 242 243 244 245 246 247 248 249 250 278 279 280 281 282 283 284 285 286 287 288 289 290 291 292 293 294 295 296 297 298 299 300 301 302 303 304 354 355 356 357 358 359 360 361 362 363 364 365 366 367 368 369 370 371 372 373 374 375 376 377 378 379 380 381 382 383 384 385 386 387 388 389 390 391 392 393 394 395 396 397 398 399 400 401 402 414 415 416 417 418 419 420 421 422 423 424 480 481 482 483 484 485 486 487 488 489 490 491 492 493 494 495 496 497 498 499 500 501 502 503 504 505 506 507 508 509 510 511 512 513 514 515 516 517 518 519 520 521 522 523 524 525 526 527 528 529 530 531 532 533 534 564 565 566 567 568 569 570 571 572 573 574 575 576 577 578 579 580 581 582 583 584 585 586 587 588 589 590 591 592 638 639 640 641 642 643 644 645 646 647 648 649 650 651 652 653 654 655 656 657 658 659 660 661 662 663 664 665 666 667 668 669 670 671 672 673 674 675 676 677 678 679 680 681 682 708 709 710 711 712 713 714 715 716 717 718 719 720 721 722 723 724 725 726 727 728 729 730 731 732 758 759 760 761 762 763 764 765 766 767 768 769 770 771 772 773 774 775 776 777 778 779 780 781 782 820 821 822 823 824 825 826 827 828 829 830 831 832 833 834 835 836 837 838 839 840 841 842 843 844 845 846 847 848 849 850 851 852 853 854 855 856 892 893 894 895 896 897 898 899 900 901 902 903 904 905 906 907 908 909 910 911 912 913 914 915 916 917 918 919 920 921 922 923 924 925 926 956 957 958 959 960 961 962 963 964 965 966 967 968 969 970 971 972 973 974 975 976 977 978 979 980 981 982 983 984 1032 1033 1034 1035 1036 1037 1038 1039 1040 1041 1042 1043 1044 1045 1046 1047 1048 1049 1050 1051 1052 1053 1054 1055 1056 1057 1058 1059 1060 1061 1062 1063 1064 1065 1066 1067 1068 1069 1070 1071 1072 1073 1074 1075 1076 1077 1078 1148 1149 1150 1151 1152 1153 1154 1155 1156 1157 1158 1159 1160 1161 1162 1163 1164 1165 1166 1167 1168 1169 1170 1171 1172 1173 1174 1175 1176 1177 1178 1179 1180 1181 1182 1183 1184 1185 1186 1187 1188 1189 1190 1191 1192 1193 1194 1195 1196 1197 1198 1199 1200 1201 1202 1203 1204 1205 1206 1207 1208 1209 1210 1211 1212 1213 1214 1215 1216 1240 1241 1242 1243 1244 1245 1246 1247 1248 1249 1250 1251 1252 1253 1254 1255 1256 1257 1258 1259 1260 1261 1262 1288 1289 1290 1291 1292 1293 1294 1295 1296 1297 1298 1299 1300 1301 1302 1303 1304 1305 1306 1307 1308 1309 1310 1311 1312 1360 1361 1362 1363 1364 1365 1366 1367 1368 1369 1370 1371 1372 1373 1374 1375 1376 1377 1378 1379 1380 1381 1382 1383 1384 1385 1386 1387 1388 1389 1390 1391 1392 1393 1394 1395 1396 1397 1398 1399 1400 1401 1402 1403 1404 1405 1406 1456 1457 1458 1459 1460 1461 1462 1463 1464 1465 1466 1467 1468 1469 1470 1471 1472 1473 1474 1475 1476 1477 1478 1479 1480 1481 1482 1483 1484 1485 1486 1487 1488 1489 1490 1491 1492 1493 1494 1495 1496 1497 1498 1499 1500 1501 1502 1503 1504 1540 1541 1542 1543 1544 1545 1546 1547 1548 1549 1550 1551 1552 1553 1554 1555 1556 1557 1558 1559 1560 1561 1562 1563 1564 1565 1566 1567 1568 1569 1570 1571 1572 1573 1574 1640 1641 1642 1643 1644 1645 1646 1647 1648 1649 1650 1651 1652 1653 1654 1655 1656 1657 1658 1659 1660 1661 1662 1663 1664 1665 1666 1667 1668 1669 1670 1671 1672 1673 1674 1675 1676 1677 1678 1679 1680 1681 1682 1683 1684 1685 1686 1687 1688 1689 1690 1691 1692 1693 1694 1695 1696 1697 1698 1699 1700 1701 1702 1703 1704 1776 1777 1778 1779 1780 1781 1782 1783 1784 1785 1786 1787 1788 1789 1790 1791 1792 1793 1794 1795 1796 1797 1798 1799 1800 1801 1802 1803 1804 1805 1806 1807 1808 1809 1810 1811 1812 1813 1814 1815 1816 1817 1818 1819 1820 1821 1822 1823 1824 1825 1826 1827 1828 1829 1830 1831 1832 1833 1834 1835 1836 1837 1838 1839 1840 1841 1842 1843 1844 1845 1846 1880 1881 1882 1883 1884 1885 1886 1887 1888 1889 1890 1891 1892 1893 1894 1895 1896 1897 1898 1899 1900 1901 1902 1903 1904 1905 1906 1907 1908 1909 1910 1911 1912 1956 1957 1958 1959 1960 1961 1962 1963 1964 1965 1966 1967 1968 1969 1970 1971 1972 1973 1974 1975 1976 1977 1978 1979 1980 1981 1982 1983 1984 1985 1986 1987 1988 1989 1990 1991 1992 1993 1994 1995 1996 1997 1998 2038 2039 2040 2041 2042 2043 2044 2045 2046 2047 2048 2049 2050 2051 2052 2053 2054 2055 2056 2057 2058 2059 2060 2061 2062 2063 2064 2065 2066 2067 2068 2069 2070 2071 2072 2073 2074 2075 2076 2110 2111 2112 2113 2114 2115 2116 2117 2118 2119 2120 2121 2122 2123 2124 2125 2126 2127 2128 2129 2130 2131 2132 2133 2134 2135 2136 2137 2138 2139 2140 2141 2142 2180 2181 2182 2183 2184 2185 2186 2187 2188 2189 2190 2191 2192 2193 2194 2195 2196 2197 2198 2199 2200 2201 2202 2203 2204 2205 2206 2207 2208 2209 2210 2211 2212 2213 2214 2215 2216 2244 2245 2246 2247 2248 2249 2250 2251 2252 2253 2254 2255 2256 2257 2258 2259 2260 2261 2262 2263 2264 2265 2266 2267 2268 2269 2270 2316 2317 2318 2319 2320 2321 2322 2323 2324 2325 2326 2327 2328 2329 2330 2331 2332 2333 2334 2335 2336 2337 2338 2339 2340 2341 2342 2343 2344 2345 2346 2347 2348 2349 2350 2351 2352 2353 2354 2355 2356 2357 2358 2359 2360 2380 2381 2382 2383 2384 2385 2386 2387 2388 2389 2390 2391 2392 2393 2394 2395 2396 2397 2398 2442 2443 2444 2445 2446 2447 2448 2449 2450 2451 2452 2453 2454 2455 2456 2457 2458 2459 2460 2461 2462 2463 2464 2465 2466 2467 2468 2469 2470 2471 2472 2473 2474 2475 2476 2477 2478 2479 2480 2481 2482 2483 2484 2510 2511 2512 2513 2514 2515 2516 2517 2518 2519 2520 2521 2522 2523 2524 2525 2526 2527 2528 2529 2530 2531 2532 2533 2534 2576 2577 2578 2579 2580 2581 2582 2583 2584 2585 2586 2587 2588 2589 2590 2591 2592 2593 2594 2595 2596 2597 2598 2599 2600 2601 2602 2603 2604 2605 2606 2607 2608 2609 2610 2611 2612 2613 2614 2615 2616 2664 2665 2666 2667 2668 2669 2670 2671 2672 2673 2674 2675 2676 2677 2678 2679 2680 2681 2682 2683 2684 2685 2686 2687 2688 2689 2690 2691 2692 2693 2694 2695 2696 2697 2698 2699 2700 2701 2702 2703 2704 2705 2706 2707 2708 2709 2710 2808 2809 2810 2811 2812 2813 2814 2815 2816 2817 2818 2819 2820 2821 2822 2823 2824 2825 2826 2827 2828 2829 2830 2831 2832 2833 2834 2835 2836 2837 2838 2839 2840 2841 2842 2843 2844 2845 2846 2847 2848 2849 2850 2851 2852 2853 2854 2855 2856 2857 2858 2859 2860 2861 2862 2863 2864 2865 2866 2867 2868 2869 2870 2871 2872 2873 2874 2875 2876 2877 2878 2879 2880 2881 2882 2883 2884 2885 2886 2887 2888 2889 2890 2891 2892 2893 2894 2895 2896 2897 2898 2899 2900 2901 2902 2903 2904 2956 2957 2958 2959 2960 2961 2962 2963 2964 2965 2966 2967 2968 2969 2970 2971 2972 2973 2974 2975 2976 2977 2978 2979 2980 2981 2982 2983 2984 2985 2986 2987 2988 2989 2990 2991 2992 2993 2994 2995 2996 2997 2998 2999 3000 3001 3002 3003 3004 3005 3006 3048 3049 3050 3051 3052 3053 3054 3055 3056 3057 3058 3059 3060 3061 3062 3063 3064 3065 3066 3067 3068 3069 3070 3071 3072 3073 3074 3075 3076 3077 3078 3079 3080 3081 3082 3083 3084 3085 3086 3087 3088 3136 3137 3138 3139 3140 3141 3142 3143 3144 3145 3146 3147 3148 3149 3150 3151 3152 3153 3154 3155 3156 3157 3158 3159 3160 3161 3162 3163 3164 3165 3166 3167 3168 3169 3170 3171 3172 3173 3174 3175 3176 3177 3178 3179 3180 3181 3182 3218 3219 3220 3221 3222 3223 3224 3225 3226 3227 3228 3229 3230 3231 3232 3233 3234 3235 3236 3237 3238 3239 3240 3241 3242 3243 3244 3245 3246 3247 3248 3249 3250 3251 3252 3320 3321 3322 3323 3324 3325 3326 3327 3328 3329 3330 3331 3332 3333 3334 3335 3336 3337 3338 3339 3340 3341 3342 3343 3344 3345 3346 3347 3348 3349 3350 3351 3352 3353 3354 3355 3356 3357 3358 3359 3360 3361 3362 3363 3364 3365 3366 3367 3368 3369 3370 3371 3372 3373 3374 3375 3376 3377 3378 3379 3380 3381 3382 3383 3384 3385 3386 3430 3431 3432 3433 3434 3435 3436 3437 3438 3439 3440 3441 3442 3443 3444 3445 3446 3447 3448 3449 3450 3451 3452 3453 3454 3455 3456 3457 3458 3459 3460 3461 3462 3463 3464 3465 3466 3467 3468 3469 3470 3471 3472 3534 3535 3536 3537 3538 3539 3540 3541 3542 3543 3544 3545 3546 3547 3548 3549 3550 3551 3552 3553 3554 3555 3556 3557 3558 3559 3560 3561 3562 3563 3564 3565 3566 3567 3568 3569 3570 3571 3572 3573 3574 3575 3576 3577 3578 3579 3580 3581 3582 3583 3584 3585 3586 3587 3588 3589 3590 3591 3592 3593 3594 3662 3663 3664 3665 3666 3667 3668 3669 3670 3671 3672 3673 3674 3675 3676 3677 3678 3679 3680 3681 3682 3683 3684 3685 3686 3687 3688 3689 3690 3691 3692 3693 3694 3695 3696 3697 3698 3699 3700 3701 3702 3703 3704 3705 3706 3707 3708 3709 3710 3711 3712 3713 3714 3715 3716 3717 3718 3719 3720 3721 3722 3723 3724 3725 3726 3727 3728 3760 3761 3762 3763 3764 3765 3766 3767 3768 3769 3770 3771 3772 3773 3774 3775 3776 3777 3778 3779 3780 3781 3782 3783 3784 3785 3786 3787 3788 3789 3790 3810 3811 3812 3813 3814 3815 3816 3817 3818 3819 3820 3821 3822 3823 3824 3825 3826 3827 3828 3886 3887 3888 3889 3890 3891 3892 3893 3894 3895 3896 3897 3898 3899 3900 3901 3902 3903 3904 3905 3906 3907 3908 3909 3910 3911 3912 3913 3914 3915 3916 3917 3918 3919 3920 3921 3922 3923 3924 3925 3926 3927 3928 3929 3930 3931 3932 3933 3934 3935 3936 3937 3938 3939 3940 3941 3942 3974 3975 3976 3977 3978 3979 3980 3981 3982 3983 3984 3985 3986 3987 3988 3989 3990 3991 3992 3993 3994 3995 3996 3997 3998 3999 4000 4001 4002 4003 4004 4042 4043 4044 4045 4046 4047 4048 4049 4050 4051 4052 4053 4054 4055 4056 4057 4058 4059 4060 4061 4062 4063 4064 4065 4066 4067 4068 4069 4070 4071 4072 4073 4074 4075 4076 4077 4078 4128 4129 4130 4131 4132 4133 4134 4135 4136 4137 4138 4139 4140 4141 4142 4143 4144 4145 4146 4147 4148 4149 4150 4151 4152 4153 4154 4155 4156 4157 4158 4159 4160 4161 4162 4163 4164 4165 4166 4167 4168 4169 4170 4171 4172 4173 4174 4175 4176 4242 4243 4244 4245 4246 4247 4248 4249 4250 4251 4252 4253 4254 4255 4256 4257 4258 4259 4260 4261 4262 4263 4264 4265 4266 4267 4268 4269 4270 4271 4272 4273 4274 4275 4276 4277 4278 4279 4280 4281 4282 4283 4284 4285 4286 4287 4288 4289 4290 4291 4292 4293 4294 4295 4296 4297 4298 4299 4300 4301 4302 4303 4304 4305 4306 4350 4351 4352 4353 4354 4355 4356 4357 4358 4359 4360 4361 4362 4363 4364 4365 4366 4367 4368 4369 4370 4371 4372 4373 4374 4375 4376 4377 4378 4379 4380 4381 4382 4383 4384 4385 4386 4387 4388 4389 4390 4391 4392 4464 4465 4466 4467 4468 4469 4470 4471 4472 4473 4474 4475 4476 4477 4478 4479 4480 4481 4482 4483 4484 4485 4486 4487 4488 4489 4490 4491 4492 4493 4494 4495 4496 4497 4498 4499 4500 4501 4502 4503 4504 4505 4506 4507 4508 4509 4510 4511 4512 4513 4514 4515 4516 4517 4518 4519 4520 4521 4522 4523 4524 4525 4526 4527 4528 4529 4530 4531 4532 4533 4534 4580 4581 4582 4583 4584 4585 4586 4587 4588 4589 4590 4591 4592 4593 4594 4595 4596 4597 4598 4599 4600 4601 4602 4603 4604 4605 4606 4607 4608 4609 4610 4611 4612 4613 4614 4615 4616 4617 4618 4619 4620 4621 4622 4623 4624 4678 4679 4680 4681 4682 4683 4684 4685 4686 4687 4688 4689 4690 4691 4692 4693 4694 4695 4696 4697 4698 4699 4700 4701 4702 4703 4704 4705 4706 4707 4708 4709 4710 4711 4712 4713 4714 4715 4716 4717 4718 4719 4720 4721 4722 4723 4724 4725 4726 4727 4728 4729 4730 4750 4751 4752 4753 4754 4755 4756 4757 4758 4759 4760 4761 4762 4763 4764 4765 4766 4767 4768 4784 4785 4786 4787 4788 4789 4790 4791 4792 4793 4794 4795 4796 4797 4798 4846 4847 4848 4849 4850 4851 4852 4853 4854 4855 4856 4857 4858 4859 4860 4861 4862 4863 4864 4865 4866 4867 4868 4869 4870 4871 4872 4873 4874 4875 4876 4877 4878 4879 4880 4881 4882 4883 4884 4885 4886 4887 4888 4889 4890 4891 4892 4962 4963 4964 4965 4966 4967 4968 4969 4970 4971 4972 4973 4974 4975 4976 4977 4978 4979 4980 4981 4982 4983 4984 4985 4986 4987 4988 4989 4990 4991 4992 4993 4994 4995 4996 4997 4998 4999 5000 5001 5002 5003 5004 5005 5006 5007 5008 5009 5010 5011 5012 5013 5014 5015 5016 5017 5018 5019 5020 5021 5022 5023 5024 5025 5026 5027 5028 5029 5030 5058 5059 5060 5061 5062 5063 5064 5065 5066 5067 5068 5069 5070 5071 5072 5073 5074 5075 5076 5077 5078 5079 5080 5081 5082 5083 5084 5144 5145 5146 5147 5148 5149 5150 5151 5152 5153 5154 5155 5156 5157 5158 5159 5160 5161 5162 5163 5164 5165 5166 5167 5168 5169 5170 5171 5172 5173 5174 5175 5176 5177 5178 5179 5180 5181 5182 5183 5184 5185 5186 5187 5188 5189 5190 5191 5192 5193 5194 5195 5196 5197 5198 5199 5200 5201 5202 5244 5245 5246 5247 5248 5249 5250 5251 5252 5253 5254 5255 5256 5257 5258 5259 5260 5261 5262 5263 5264 5265 5266 5267 5268 5269 5270 5271 5272 5273 5274 5275 5276 5277 5278 5279 5280 5281 5282 5283 5284 5310 5311 5312 5313 5314 5315 5316 5317 5318 5319 5320 5321 5322 5323 5324 5325 5326 5327 5328 5329 5330 5331 5332 5333 5334 5364 5365 5366 5367 5368 5369 5370 5371 5372 5373 5374 5375 5376 5377 5378 5379 5380 5381 5382 5383 5384 5385 5386 5387 5388 5389 5390 5391 5392 
