4738
0 0 
1 0 
1 0 
1 0 
1 0 
1 0 
1 0 
1 0 
2 3 6 7 0 
2 3 5 8 0 
2 3 4 9 0 
1 0 
2 3 10 11 0 
1 0 
1 0 
2 3 13 14 0 
1 0 
1 0 
1 0 
1 0 
2 3 18 19 0 
1 0 
2 3 20 21 0 
1 0 
1 0 
1 0 
1 0 
1 0 
1 0 
2 3 27 28 0 
2 3 26 29 0 
2 3 25 30 0 
2 3 24 31 0 
2 3 23 32 0 
2 3 22 33 0 
2 3 17 34 0 
2 3 16 35 0 
2 3 15 36 0 
2 3 12 37 0 
2 3 3 38 0 
2 3 2 39 0 
2 3 1 40 0 
1 0 
1 0 
1 0 
1 0 
1 0 
2 3 45 46 0 
2 3 44 47 0 
2 3 43 48 0 
2 3 42 49 0 
1 0 
2 3 50 51 0 
2 3 41 52 0 
3 2 0 53 
3 2 0 41 
3 2 0 1 
3 2 0 40 
3 2 0 2 
3 2 0 39 
3 2 0 3 
3 2 0 38 
3 2 0 12 
3 2 0 10 
3 2 0 4 
3 2 0 9 
3 2 0 5 
3 2 0 8 
3 2 0 6 
3 2 0 7 
3 2 0 11 
3 2 0 37 
3 2 0 15 
3 2 0 13 
3 2 0 14 
3 2 0 36 
3 2 0 16 
3 2 0 35 
3 2 0 17 
3 2 0 34 
3 2 0 22 
3 2 0 20 
3 2 0 18 
3 2 0 19 
3 2 0 21 
3 2 0 33 
3 2 0 23 
3 2 0 32 
3 2 0 24 
3 2 0 31 
3 2 0 25 
3 2 0 30 
3 2 0 26 
3 2 0 29 
3 2 0 27 
3 2 0 28 
3 2 0 52 
3 2 0 50 
3 2 0 42 
3 2 0 49 
3 2 0 43 
3 2 0 48 
3 2 0 44 
3 2 0 47 
3 2 0 45 
3 2 0 46 
3 2 0 51 
1 0 
1 0 
1 0 
2 3 108 109 0 
1 0 
1 0 
2 3 111 112 0 
1 0 
1 0 
1 0 
1 0 
2 3 116 117 0 
2 3 115 118 0 
2 3 114 119 0 
2 3 113 120 0 
1 0 
2 3 121 122 0 
1 0 
2 3 123 124 0 
2 3 110 125 0 
2 3 107 126 0 
3 2 0 127 
3 2 0 107 
3 2 0 126 
3 2 0 110 
3 2 0 108 
3 2 0 109 
3 2 0 125 
3 2 0 123 
3 2 0 121 
3 2 0 113 
3 2 0 111 
3 2 0 112 
3 2 0 120 
3 2 0 114 
3 2 0 119 
3 2 0 115 
3 2 0 118 
3 2 0 116 
3 2 0 117 
3 2 0 122 
3 2 0 124 
1 0 
1 0 
2 3 149 150 0 
1 0 
1 0 
1 0 
1 0 
2 3 154 155 0 
1 0 
2 3 156 157 0 
2 3 153 158 0 
1 0 
1 0 
2 3 160 161 0 
2 3 159 162 0 
2 3 152 163 0 
2 3 151 164 0 
1 0 
1 0 
1 0 
1 0 
1 0 
2 3 169 170 0 
2 3 168 171 0 
2 3 167 172 0 
2 3 166 173 0 
2 3 165 174 0 
1 0 
2 3 175 176 0 
3 2 0 177 
3 2 0 175 
3 2 0 165 
3 2 0 151 
3 2 0 149 
3 2 0 150 
3 2 0 164 
3 2 0 152 
3 2 0 163 
3 2 0 159 
3 2 0 153 
3 2 0 158 
3 2 0 156 
3 2 0 154 
3 2 0 155 
3 2 0 157 
3 2 0 162 
3 2 0 160 
3 2 0 161 
3 2 0 174 
3 2 0 166 
3 2 0 173 
3 2 0 167 
3 2 0 172 
3 2 0 168 
3 2 0 171 
3 2 0 169 
3 2 0 170 
3 2 0 176 
1 0 
1 0 
1 0 
2 3 208 209 0 
1 0 
2 3 210 211 0 
2 3 207 212 0 
1 0 
1 0 
1 0 
1 0 
1 0 
1 0 
1 0 
2 3 219 220 0 
2 3 218 221 0 
2 3 217 222 0 
2 3 216 223 0 
2 3 215 224 0 
1 0 
2 3 225 226 0 
1 0 
1 0 
2 3 228 229 0 
1 0 
1 0 
1 0 
2 3 232 233 0 
2 3 231 234 0 
2 3 230 235 0 
2 3 227 236 0 
2 3 214 237 0 
1 0 
2 3 238 239 0 
2 3 213 240 0 
3 2 0 241 
3 2 0 213 
3 2 0 207 
3 2 0 212 
3 2 0 210 
3 2 0 208 
3 2 0 209 
3 2 0 211 
3 2 0 240 
3 2 0 238 
3 2 0 214 
3 2 0 237 
3 2 0 227 
3 2 0 225 
3 2 0 215 
3 2 0 224 
3 2 0 216 
3 2 0 223 
3 2 0 217 
3 2 0 222 
3 2 0 218 
3 2 0 221 
3 2 0 219 
3 2 0 220 
3 2 0 226 
3 2 0 236 
3 2 0 230 
3 2 0 228 
3 2 0 229 
3 2 0 235 
3 2 0 231 
3 2 0 234 
3 2 0 232 
3 2 0 233 
3 2 0 239 
1 0 
1 0 
1 0 
1 0 
1 0 
1 0 
1 0 
2 3 282 283 0 
2 3 281 284 0 
1 0 
2 3 285 286 0 
1 0 
1 0 
1 0 
2 3 289 290 0 
2 3 288 291 0 
2 3 287 292 0 
2 3 280 293 0 
2 3 279 294 0 
2 3 278 295 0 
2 3 277 296 0 
1 0 
2 3 297 298 0 
1 0 
2 3 299 300 0 
1 0 
1 0 
2 3 302 303 0 
1 0 
1 0 
2 3 305 306 0 
1 0 
1 0 
1 0 
1 0 
1 0 
2 3 311 312 0 
2 3 310 313 0 
2 3 309 314 0 
1 0 
1 0 
1 0 
2 3 317 318 0 
1 0 
1 0 
1 0 
1 0 
1 0 
2 3 323 324 0 
1 0 
2 3 325 326 0 
2 3 322 327 0 
2 3 321 328 0 
2 3 320 329 0 
2 3 319 330 0 
2 3 316 331 0 
2 3 315 332 0 
2 3 308 333 0 
2 3 307 334 0 
2 3 304 335 0 
2 3 301 336 0 
1 0 
2 3 337 338 0 
3 2 0 339 
3 2 0 337 
3 2 0 301 
3 2 0 299 
3 2 0 297 
3 2 0 277 
3 2 0 296 
3 2 0 278 
3 2 0 295 
3 2 0 279 
3 2 0 294 
3 2 0 280 
3 2 0 293 
3 2 0 287 
3 2 0 285 
3 2 0 281 
3 2 0 284 
3 2 0 282 
3 2 0 283 
3 2 0 286 
3 2 0 292 
3 2 0 288 
3 2 0 291 
3 2 0 289 
3 2 0 290 
3 2 0 298 
3 2 0 300 
3 2 0 336 
3 2 0 304 
3 2 0 302 
3 2 0 303 
3 2 0 335 
3 2 0 307 
3 2 0 305 
3 2 0 306 
3 2 0 334 
3 2 0 308 
3 2 0 333 
3 2 0 315 
3 2 0 309 
3 2 0 314 
3 2 0 310 
3 2 0 313 
3 2 0 311 
3 2 0 312 
3 2 0 332 
3 2 0 316 
3 2 0 331 
3 2 0 319 
3 2 0 317 
3 2 0 318 
3 2 0 330 
3 2 0 320 
3 2 0 329 
3 2 0 321 
3 2 0 328 
3 2 0 322 
3 2 0 327 
3 2 0 325 
3 2 0 323 
3 2 0 324 
3 2 0 326 
3 2 0 338 
1 0 
1 0 
1 0 
1 0 
1 0 
2 3 406 407 0 
2 3 405 408 0 
1 0 
1 0 
1 0 
2 3 411 412 0 
1 0 
1 0 
1 0 
2 3 415 416 0 
1 0 
2 3 417 418 0 
2 3 414 419 0 
2 3 413 420 0 
2 3 410 421 0 
2 3 409 422 0 
1 0 
1 0 
1 0 
2 3 425 426 0 
1 0 
1 0 
1 0 
1 0 
2 3 430 431 0 
2 3 429 432 0 
2 3 428 433 0 
2 3 427 434 0 
2 3 424 435 0 
2 3 423 436 0 
2 3 404 437 0 
1 0 
2 3 438 439 0 
2 3 403 440 0 
3 2 0 441 
3 2 0 403 
3 2 0 440 
3 2 0 438 
3 2 0 404 
3 2 0 437 
3 2 0 423 
3 2 0 409 
3 2 0 405 
3 2 0 408 
3 2 0 406 
3 2 0 407 
3 2 0 422 
3 2 0 410 
3 2 0 421 
3 2 0 413 
3 2 0 411 
3 2 0 412 
3 2 0 420 
3 2 0 414 
3 2 0 419 
3 2 0 417 
3 2 0 415 
3 2 0 416 
3 2 0 418 
3 2 0 436 
3 2 0 424 
3 2 0 435 
3 2 0 427 
3 2 0 425 
3 2 0 426 
3 2 0 434 
3 2 0 428 
3 2 0 433 
3 2 0 429 
3 2 0 432 
3 2 0 430 
3 2 0 431 
3 2 0 439 
1 0 
1 0 
1 0 
1 0 
1 0 
1 0 
1 0 
1 0 
2 3 487 488 0 
2 3 486 489 0 
2 3 485 490 0 
2 3 484 491 0 
2 3 483 492 0 
2 3 482 493 0 
2 3 481 494 0 
1 0 
1 0 
1 0 
2 3 497 498 0 
1 0 
1 0 
2 3 500 501 0 
1 0 
2 3 502 503 0 
1 0 
1 0 
1 0 
2 3 506 507 0 
2 3 505 508 0 
1 0 
1 0 
1 0 
1 0 
1 0 
1 0 
2 3 514 515 0 
2 3 513 516 0 
2 3 512 517 0 
2 3 511 518 0 
1 0 
1 0 
2 3 520 521 0 
2 3 519 522 0 
2 3 510 523 0 
2 3 509 524 0 
2 3 504 525 0 
1 0 
2 3 526 527 0 
2 3 499 528 0 
2 3 496 529 0 
2 3 495 530 0 
3 2 0 531 
3 2 0 495 
3 2 0 481 
3 2 0 494 
3 2 0 482 
3 2 0 493 
3 2 0 483 
3 2 0 492 
3 2 0 484 
3 2 0 491 
3 2 0 485 
3 2 0 490 
3 2 0 486 
3 2 0 489 
3 2 0 487 
3 2 0 488 
3 2 0 530 
3 2 0 496 
3 2 0 529 
3 2 0 499 
3 2 0 497 
3 2 0 498 
3 2 0 528 
3 2 0 526 
3 2 0 504 
3 2 0 502 
3 2 0 500 
3 2 0 501 
3 2 0 503 
3 2 0 525 
3 2 0 509 
3 2 0 505 
3 2 0 508 
3 2 0 506 
3 2 0 507 
3 2 0 524 
3 2 0 510 
3 2 0 523 
3 2 0 519 
3 2 0 511 
3 2 0 518 
3 2 0 512 
3 2 0 517 
3 2 0 513 
3 2 0 516 
3 2 0 514 
3 2 0 515 
3 2 0 522 
3 2 0 520 
3 2 0 521 
3 2 0 527 
1 0 
1 0 
2 3 583 584 0 
1 0 
1 0 
1 0 
2 3 587 588 0 
1 0 
2 3 589 590 0 
1 0 
1 0 
2 3 592 593 0 
2 3 591 594 0 
2 3 586 595 0 
2 3 585 596 0 
1 0 
1 0 
1 0 
1 0 
1 0 
1 0 
2 3 602 603 0 
1 0 
1 0 
1 0 
1 0 
2 3 607 608 0 
2 3 606 609 0 
1 0 
1 0 
2 3 611 612 0 
2 3 610 613 0 
2 3 605 614 0 
2 3 604 615 0 
1 0 
1 0 
1 0 
1 0 
1 0 
1 0 
1 0 
2 3 622 623 0 
2 3 621 624 0 
2 3 620 625 0 
2 3 619 626 0 
2 3 618 627 0 
2 3 617 628 0 
2 3 616 629 0 
2 3 601 630 0 
1 0 
1 0 
1 0 
2 3 633 634 0 
2 3 632 635 0 
2 3 631 636 0 
2 3 600 637 0 
2 3 599 638 0 
2 3 598 639 0 
2 3 597 640 0 
3 2 0 641 
3 2 0 597 
3 2 0 585 
3 2 0 583 
3 2 0 584 
3 2 0 596 
3 2 0 586 
3 2 0 595 
3 2 0 591 
3 2 0 589 
3 2 0 587 
3 2 0 588 
3 2 0 590 
3 2 0 594 
3 2 0 592 
3 2 0 593 
3 2 0 640 
3 2 0 598 
3 2 0 639 
3 2 0 599 
3 2 0 638 
3 2 0 600 
3 2 0 637 
3 2 0 631 
3 2 0 601 
3 2 0 630 
3 2 0 616 
3 2 0 604 
3 2 0 602 
3 2 0 603 
3 2 0 615 
3 2 0 605 
3 2 0 614 
3 2 0 610 
3 2 0 606 
3 2 0 609 
3 2 0 607 
3 2 0 608 
3 2 0 613 
3 2 0 611 
3 2 0 612 
3 2 0 629 
3 2 0 617 
3 2 0 628 
3 2 0 618 
3 2 0 627 
3 2 0 619 
3 2 0 626 
3 2 0 620 
3 2 0 625 
3 2 0 621 
3 2 0 624 
3 2 0 622 
3 2 0 623 
3 2 0 636 
3 2 0 632 
3 2 0 635 
3 2 0 633 
3 2 0 634 
1 0 
1 0 
1 0 
1 0 
1 0 
1 0 
2 3 705 706 0 
2 3 704 707 0 
2 3 703 708 0 
2 3 702 709 0 
2 3 701 710 0 
1 0 
1 0 
1 0 
1 0 
2 3 714 715 0 
2 3 713 716 0 
1 0 
1 0 
2 3 718 719 0 
1 0 
1 0 
2 3 721 722 0 
2 3 720 723 0 
1 0 
2 3 724 725 0 
2 3 717 726 0 
2 3 712 727 0 
2 3 711 728 0 
3 2 0 729 
3 2 0 711 
3 2 0 701 
3 2 0 710 
3 2 0 702 
3 2 0 709 
3 2 0 703 
3 2 0 708 
3 2 0 704 
3 2 0 707 
3 2 0 705 
3 2 0 706 
3 2 0 728 
3 2 0 712 
3 2 0 727 
3 2 0 717 
3 2 0 713 
3 2 0 716 
3 2 0 714 
3 2 0 715 
3 2 0 726 
3 2 0 724 
3 2 0 720 
3 2 0 718 
3 2 0 719 
3 2 0 723 
3 2 0 721 
3 2 0 722 
3 2 0 725 
1 0 
1 0 
1 0 
2 3 760 761 0 
1 0 
2 3 762 763 0 
1 0 
2 3 764 765 0 
1 0 
1 0 
1 0 
2 3 768 769 0 
2 3 767 770 0 
2 3 766 771 0 
1 0 
2 3 772 773 0 
2 3 759 774 0 
3 2 0 775 
3 2 0 759 
3 2 0 774 
3 2 0 772 
3 2 0 766 
3 2 0 764 
3 2 0 762 
3 2 0 760 
3 2 0 761 
3 2 0 763 
3 2 0 765 
3 2 0 771 
3 2 0 767 
3 2 0 770 
3 2 0 768 
3 2 0 769 
3 2 0 773 
1 0 
1 0 
1 0 
2 3 794 795 0 
2 3 793 796 0 
1 0 
1 0 
2 3 798 799 0 
2 3 797 800 0 
1 0 
2 3 801 802 0 
1 0 
2 3 803 804 0 
1 0 
1 0 
1 0 
2 3 807 808 0 
1 0 
2 3 809 810 0 
1 0 
1 0 
1 0 
2 3 813 814 0 
1 0 
1 0 
2 3 816 817 0 
2 3 815 818 0 
2 3 812 819 0 
2 3 811 820 0 
2 3 806 821 0 
1 0 
1 0 
1 0 
1 0 
2 3 825 826 0 
2 3 824 827 0 
1 0 
1 0 
1 0 
1 0 
1 0 
2 3 832 833 0 
1 0 
1 0 
2 3 835 836 0 
2 3 834 837 0 
2 3 831 838 0 
2 3 830 839 0 
2 3 829 840 0 
2 3 828 841 0 
2 3 823 842 0 
2 3 822 843 0 
2 3 805 844 0 
1 0 
2 3 845 846 0 
3 2 0 847 
3 2 0 845 
3 2 0 805 
3 2 0 803 
3 2 0 801 
3 2 0 797 
3 2 0 793 
3 2 0 796 
3 2 0 794 
3 2 0 795 
3 2 0 800 
3 2 0 798 
3 2 0 799 
3 2 0 802 
3 2 0 804 
3 2 0 844 
3 2 0 822 
3 2 0 806 
3 2 0 821 
3 2 0 811 
3 2 0 809 
3 2 0 807 
3 2 0 808 
3 2 0 810 
3 2 0 820 
3 2 0 812 
3 2 0 819 
3 2 0 815 
3 2 0 813 
3 2 0 814 
3 2 0 818 
3 2 0 816 
3 2 0 817 
3 2 0 843 
3 2 0 823 
3 2 0 842 
3 2 0 828 
3 2 0 824 
3 2 0 827 
3 2 0 825 
3 2 0 826 
3 2 0 841 
3 2 0 829 
3 2 0 840 
3 2 0 830 
3 2 0 839 
3 2 0 831 
3 2 0 838 
3 2 0 834 
3 2 0 832 
3 2 0 833 
3 2 0 837 
3 2 0 835 
3 2 0 836 
3 2 0 846 
1 0 
1 0 
1 0 
1 0 
1 0 
2 3 906 907 0 
2 3 905 908 0 
2 3 904 909 0 
2 3 903 910 0 
1 0 
1 0 
1 0 
1 0 
1 0 
2 3 915 916 0 
1 0 
1 0 
2 3 918 919 0 
2 3 917 920 0 
1 0 
2 3 921 922 0 
1 0 
1 0 
2 3 924 925 0 
1 0 
1 0 
2 3 927 928 0 
2 3 926 929 0 
1 0 
1 0 
1 0 
2 3 932 933 0 
1 0 
1 0 
1 0 
1 0 
2 3 937 938 0 
2 3 936 939 0 
1 0 
1 0 
1 0 
1 0 
2 3 943 944 0 
2 3 942 945 0 
2 3 941 946 0 
2 3 940 947 0 
2 3 935 948 0 
2 3 934 949 0 
2 3 931 950 0 
2 3 930 951 0 
2 3 923 952 0 
2 3 914 953 0 
1 0 
2 3 954 955 0 
2 3 913 956 0 
2 3 912 957 0 
2 3 911 958 0 
3 2 0 959 
3 2 0 911 
3 2 0 903 
3 2 0 910 
3 2 0 904 
3 2 0 909 
3 2 0 905 
3 2 0 908 
3 2 0 906 
3 2 0 907 
3 2 0 958 
3 2 0 912 
3 2 0 957 
3 2 0 913 
3 2 0 956 
3 2 0 954 
3 2 0 914 
3 2 0 953 
3 2 0 923 
3 2 0 921 
3 2 0 917 
3 2 0 915 
3 2 0 916 
3 2 0 920 
3 2 0 918 
3 2 0 919 
3 2 0 922 
3 2 0 952 
3 2 0 930 
3 2 0 926 
3 2 0 924 
3 2 0 925 
3 2 0 929 
3 2 0 927 
3 2 0 928 
3 2 0 951 
3 2 0 931 
3 2 0 950 
3 2 0 934 
3 2 0 932 
3 2 0 933 
3 2 0 949 
3 2 0 935 
3 2 0 948 
3 2 0 940 
3 2 0 936 
3 2 0 939 
3 2 0 937 
3 2 0 938 
3 2 0 947 
3 2 0 941 
3 2 0 946 
3 2 0 942 
3 2 0 945 
3 2 0 943 
3 2 0 944 
3 2 0 955 
1 0 
1 0 
1 0 
2 3 1018 1019 0 
1 0 
2 3 1020 1021 0 
1 0 
1 0 
2 3 1023 1024 0 
2 3 1022 1025 0 
2 3 1017 1026 0 
1 0 
1 0 
1 0 
1 0 
1 0 
1 0 
2 3 1032 1033 0 
2 3 1031 1034 0 
1 0 
1 0 
1 0 
2 3 1037 1038 0 
2 3 1036 1039 0 
2 3 1035 1040 0 
2 3 1030 1041 0 
1 0 
2 3 1042 1043 0 
1 0 
1 0 
1 0 
1 0 
1 0 
1 0 
1 0 
2 3 1050 1051 0 
2 3 1049 1052 0 
1 0 
1 0 
2 3 1054 1055 0 
2 3 1053 1056 0 
2 3 1048 1057 0 
2 3 1047 1058 0 
2 3 1046 1059 0 
2 3 1045 1060 0 
2 3 1044 1061 0 
1 0 
2 3 1062 1063 0 
2 3 1029 1064 0 
2 3 1028 1065 0 
2 3 1027 1066 0 
3 2 0 1067 
3 2 0 1027 
3 2 0 1017 
3 2 0 1026 
3 2 0 1022 
3 2 0 1020 
3 2 0 1018 
3 2 0 1019 
3 2 0 1021 
3 2 0 1025 
3 2 0 1023 
3 2 0 1024 
3 2 0 1066 
3 2 0 1028 
3 2 0 1065 
3 2 0 1029 
3 2 0 1064 
3 2 0 1062 
3 2 0 1044 
3 2 0 1042 
3 2 0 1030 
3 2 0 1041 
3 2 0 1035 
3 2 0 1031 
3 2 0 1034 
3 2 0 1032 
3 2 0 1033 
3 2 0 1040 
3 2 0 1036 
3 2 0 1039 
3 2 0 1037 
3 2 0 1038 
3 2 0 1043 
3 2 0 1061 
3 2 0 1045 
3 2 0 1060 
3 2 0 1046 
3 2 0 1059 
3 2 0 1047 
3 2 0 1058 
3 2 0 1048 
3 2 0 1057 
3 2 0 1053 
3 2 0 1049 
3 2 0 1052 
3 2 0 1050 
3 2 0 1051 
3 2 0 1056 
3 2 0 1054 
3 2 0 1055 
3 2 0 1063 
1 0 
1 0 
1 0 
2 3 1120 1121 0 
2 3 1119 1122 0 
1 0 
1 0 
2 3 1124 1125 0 
1 0 
1 0 
1 0 
2 3 1128 1129 0 
1 0 
1 0 
2 3 1131 1132 0 
2 3 1130 1133 0 
1 0 
2 3 1134 1135 0 
1 0 
1 0 
1 0 
1 0 
1 0 
2 3 1140 1141 0 
2 3 1139 1142 0 
1 0 
1 0 
1 0 
1 0 
2 3 1146 1147 0 
1 0 
1 0 
1 0 
2 3 1150 1151 0 
2 3 1149 1152 0 
2 3 1148 1153 0 
2 3 1145 1154 0 
2 3 1144 1155 0 
2 3 1143 1156 0 
2 3 1138 1157 0 
2 3 1137 1158 0 
2 3 1136 1159 0 
2 3 1127 1160 0 
2 3 1126 1161 0 
1 0 
2 3 1162 1163 0 
2 3 1123 1164 0 
3 2 0 1165 
3 2 0 1123 
3 2 0 1119 
3 2 0 1122 
3 2 0 1120 
3 2 0 1121 
3 2 0 1164 
3 2 0 1162 
3 2 0 1126 
3 2 0 1124 
3 2 0 1125 
3 2 0 1161 
3 2 0 1127 
3 2 0 1160 
3 2 0 1136 
3 2 0 1134 
3 2 0 1130 
3 2 0 1128 
3 2 0 1129 
3 2 0 1133 
3 2 0 1131 
3 2 0 1132 
3 2 0 1135 
3 2 0 1159 
3 2 0 1137 
3 2 0 1158 
3 2 0 1138 
3 2 0 1157 
3 2 0 1143 
3 2 0 1139 
3 2 0 1142 
3 2 0 1140 
3 2 0 1141 
3 2 0 1156 
3 2 0 1144 
3 2 0 1155 
3 2 0 1145 
3 2 0 1154 
3 2 0 1148 
3 2 0 1146 
3 2 0 1147 
3 2 0 1153 
3 2 0 1149 
3 2 0 1152 
3 2 0 1150 
3 2 0 1151 
3 2 0 1163 
1 0 
1 0 
2 3 1213 1214 0 
1 0 
1 0 
1 0 
1 0 
2 3 1218 1219 0 
2 3 1217 1220 0 
1 0 
1 0 
1 0 
2 3 1223 1224 0 
1 0 
1 0 
1 0 
2 3 1227 1228 0 
1 0 
1 0 
1 0 
2 3 1231 1232 0 
1 0 
2 3 1233 1234 0 
2 3 1230 1235 0 
2 3 1229 1236 0 
2 3 1226 1237 0 
2 3 1225 1238 0 
2 3 1222 1239 0 
2 3 1221 1240 0 
2 3 1216 1241 0 
2 3 1215 1242 0 
1 0 
2 3 1243 1244 0 
3 2 0 1245 
3 2 0 1243 
3 2 0 1215 
3 2 0 1213 
3 2 0 1214 
3 2 0 1242 
3 2 0 1216 
3 2 0 1241 
3 2 0 1221 
3 2 0 1217 
3 2 0 1220 
3 2 0 1218 
3 2 0 1219 
3 2 0 1240 
3 2 0 1222 
3 2 0 1239 
3 2 0 1225 
3 2 0 1223 
3 2 0 1224 
3 2 0 1238 
3 2 0 1226 
3 2 0 1237 
3 2 0 1229 
3 2 0 1227 
3 2 0 1228 
3 2 0 1236 
3 2 0 1230 
3 2 0 1235 
3 2 0 1233 
3 2 0 1231 
3 2 0 1232 
3 2 0 1234 
3 2 0 1244 
1 0 
1 0 
1 0 
2 3 1280 1281 0 
1 0 
1 0 
2 3 1283 1284 0 
2 3 1282 1285 0 
2 3 1279 1286 0 
1 0 
1 0 
1 0 
1 0 
2 3 1290 1291 0 
1 0 
1 0 
2 3 1293 1294 0 
1 0 
1 0 
1 0 
1 0 
2 3 1298 1299 0 
2 3 1297 1300 0 
2 3 1296 1301 0 
1 0 
1 0 
1 0 
1 0 
2 3 1305 1306 0 
2 3 1304 1307 0 
1 0 
1 0 
1 0 
2 3 1310 1311 0 
1 0 
2 3 1312 1313 0 
1 0 
2 3 1314 1315 0 
1 0 
2 3 1316 1317 0 
1 0 
2 3 1318 1319 0 
2 3 1309 1320 0 
2 3 1308 1321 0 
2 3 1303 1322 0 
2 3 1302 1323 0 
2 3 1295 1324 0 
1 0 
2 3 1325 1326 0 
2 3 1292 1327 0 
2 3 1289 1328 0 
2 3 1288 1329 0 
2 3 1287 1330 0 
3 2 0 1331 
3 2 0 1287 
3 2 0 1279 
3 2 0 1286 
3 2 0 1282 
3 2 0 1280 
3 2 0 1281 
3 2 0 1285 
3 2 0 1283 
3 2 0 1284 
3 2 0 1330 
3 2 0 1288 
3 2 0 1329 
3 2 0 1289 
3 2 0 1328 
3 2 0 1292 
3 2 0 1290 
3 2 0 1291 
3 2 0 1327 
3 2 0 1325 
3 2 0 1295 
3 2 0 1293 
3 2 0 1294 
3 2 0 1324 
3 2 0 1302 
3 2 0 1296 
3 2 0 1301 
3 2 0 1297 
3 2 0 1300 
3 2 0 1298 
3 2 0 1299 
3 2 0 1323 
3 2 0 1303 
3 2 0 1322 
3 2 0 1308 
3 2 0 1304 
3 2 0 1307 
3 2 0 1305 
3 2 0 1306 
3 2 0 1321 
3 2 0 1309 
3 2 0 1320 
3 2 0 1318 
3 2 0 1316 
3 2 0 1314 
3 2 0 1312 
3 2 0 1310 
3 2 0 1311 
3 2 0 1313 
3 2 0 1315 
3 2 0 1317 
3 2 0 1319 
3 2 0 1326 
1 0 
1 0 
1 0 
1 0 
2 3 1387 1388 0 
2 3 1386 1389 0 
2 3 1385 1390 0 
1 0 
1 0 
2 3 1392 1393 0 
1 0 
1 0 
1 0 
1 0 
1 0 
1 0 
2 3 1399 1400 0 
2 3 1398 1401 0 
2 3 1397 1402 0 
2 3 1396 1403 0 
2 3 1395 1404 0 
2 3 1394 1405 0 
1 0 
2 3 1406 1407 0 
2 3 1391 1408 0 
3 2 0 1409 
3 2 0 1391 
3 2 0 1385 
3 2 0 1390 
3 2 0 1386 
3 2 0 1389 
3 2 0 1387 
3 2 0 1388 
3 2 0 1408 
3 2 0 1406 
3 2 0 1394 
3 2 0 1392 
3 2 0 1393 
3 2 0 1405 
3 2 0 1395 
3 2 0 1404 
3 2 0 1396 
3 2 0 1403 
3 2 0 1397 
3 2 0 1402 
3 2 0 1398 
3 2 0 1401 
3 2 0 1399 
3 2 0 1400 
3 2 0 1407 
1 0 
1 0 
1 0 
1 0 
1 0 
2 3 1438 1439 0 
2 3 1437 1440 0 
2 3 1436 1441 0 
2 3 1435 1442 0 
1 0 
1 0 
2 3 1444 1445 0 
1 0 
2 3 1446 1447 0 
2 3 1443 1448 0 
3 2 0 1449 
3 2 0 1443 
3 2 0 1435 
3 2 0 1442 
3 2 0 1436 
3 2 0 1441 
3 2 0 1437 
3 2 0 1440 
3 2 0 1438 
3 2 0 1439 
3 2 0 1448 
3 2 0 1446 
3 2 0 1444 
3 2 0 1445 
3 2 0 1447 
1 0 
1 0 
1 0 
1 0 
2 3 1467 1468 0 
2 3 1466 1469 0 
2 3 1465 1470 0 
1 0 
1 0 
2 3 1472 1473 0 
2 3 1471 1474 0 
1 0 
2 3 1475 1476 0 
1 0 
2 3 1477 1478 0 
1 0 
1 0 
1 0 
1 0 
1 0 
1 0 
2 3 1484 1485 0 
2 3 1483 1486 0 
2 3 1482 1487 0 
2 3 1481 1488 0 
1 0 
2 3 1489 1490 0 
1 0 
1 0 
1 0 
1 0 
1 0 
1 0 
1 0 
2 3 1497 1498 0 
2 3 1496 1499 0 
2 3 1495 1500 0 
2 3 1494 1501 0 
2 3 1493 1502 0 
2 3 1492 1503 0 
2 3 1491 1504 0 
2 3 1480 1505 0 
2 3 1479 1506 0 
1 0 
2 3 1507 1508 0 
1 0 
1 0 
1 0 
1 0 
1 0 
2 3 1513 1514 0 
2 3 1512 1515 0 
2 3 1511 1516 0 
2 3 1510 1517 0 
2 3 1509 1518 0 
1 0 
2 3 1519 1520 0 
3 2 0 1521 
3 2 0 1519 
3 2 0 1509 
3 2 0 1507 
3 2 0 1479 
3 2 0 1477 
3 2 0 1475 
3 2 0 1471 
3 2 0 1465 
3 2 0 1470 
3 2 0 1466 
3 2 0 1469 
3 2 0 1467 
3 2 0 1468 
3 2 0 1474 
3 2 0 1472 
3 2 0 1473 
3 2 0 1476 
3 2 0 1478 
3 2 0 1506 
3 2 0 1480 
3 2 0 1505 
3 2 0 1491 
3 2 0 1489 
3 2 0 1481 
3 2 0 1488 
3 2 0 1482 
3 2 0 1487 
3 2 0 1483 
3 2 0 1486 
3 2 0 1484 
3 2 0 1485 
3 2 0 1490 
3 2 0 1504 
3 2 0 1492 
3 2 0 1503 
3 2 0 1493 
3 2 0 1502 
3 2 0 1494 
3 2 0 1501 
3 2 0 1495 
3 2 0 1500 
3 2 0 1496 
3 2 0 1499 
3 2 0 1497 
3 2 0 1498 
3 2 0 1508 
3 2 0 1518 
3 2 0 1510 
3 2 0 1517 
3 2 0 1511 
3 2 0 1516 
3 2 0 1512 
3 2 0 1515 
3 2 0 1513 
3 2 0 1514 
3 2 0 1520 
1 0 
1 0 
1 0 
2 3 1580 1581 0 
1 0 
2 3 1582 1583 0 
2 3 1579 1584 0 
1 0 
1 0 
2 3 1586 1587 0 
2 3 1585 1588 0 
1 0 
1 0 
2 3 1590 1591 0 
2 3 1589 1592 0 
3 2 0 1593 
3 2 0 1589 
3 2 0 1585 
3 2 0 1579 
3 2 0 1584 
3 2 0 1582 
3 2 0 1580 
3 2 0 1581 
3 2 0 1583 
3 2 0 1588 
3 2 0 1586 
3 2 0 1587 
3 2 0 1592 
3 2 0 1590 
3 2 0 1591 
1 0 
1 0 
1 0 
2 3 1610 1611 0 
1 0 
1 0 
2 3 1613 1614 0 
2 3 1612 1615 0 
2 3 1609 1616 0 
1 0 
1 0 
1 0 
1 0 
2 3 1620 1621 0 
1 0 
1 0 
1 0 
2 3 1624 1625 0 
1 0 
1 0 
1 0 
2 3 1628 1629 0 
1 0 
1 0 
1 0 
1 0 
2 3 1633 1634 0 
2 3 1632 1635 0 
2 3 1631 1636 0 
2 3 1630 1637 0 
2 3 1627 1638 0 
2 3 1626 1639 0 
2 3 1623 1640 0 
2 3 1622 1641 0 
2 3 1619 1642 0 
2 3 1618 1643 0 
1 0 
2 3 1644 1645 0 
2 3 1617 1646 0 
3 2 0 1647 
3 2 0 1617 
3 2 0 1609 
3 2 0 1616 
3 2 0 1612 
3 2 0 1610 
3 2 0 1611 
3 2 0 1615 
3 2 0 1613 
3 2 0 1614 
3 2 0 1646 
3 2 0 1644 
3 2 0 1618 
3 2 0 1643 
3 2 0 1619 
3 2 0 1642 
3 2 0 1622 
3 2 0 1620 
3 2 0 1621 
3 2 0 1641 
3 2 0 1623 
3 2 0 1640 
3 2 0 1626 
3 2 0 1624 
3 2 0 1625 
3 2 0 1639 
3 2 0 1627 
3 2 0 1638 
3 2 0 1630 
3 2 0 1628 
3 2 0 1629 
3 2 0 1637 
3 2 0 1631 
3 2 0 1636 
3 2 0 1632 
3 2 0 1635 
3 2 0 1633 
3 2 0 1634 
3 2 0 1645 
1 0 
1 0 
1 0 
1 0 
1 0 
1 0 
1 0 
2 3 1692 1693 0 
1 0 
1 0 
2 3 1695 1696 0 
2 3 1694 1697 0 
2 3 1691 1698 0 
2 3 1690 1699 0 
2 3 1689 1700 0 
2 3 1688 1701 0 
1 0 
1 0 
1 0 
1 0 
1 0 
1 0 
1 0 
2 3 1708 1709 0 
2 3 1707 1710 0 
2 3 1706 1711 0 
2 3 1705 1712 0 
2 3 1704 1713 0 
2 3 1703 1714 0 
2 3 1702 1715 0 
1 0 
2 3 1716 1717 0 
2 3 1687 1718 0 
3 2 0 1719 
3 2 0 1687 
3 2 0 1718 
3 2 0 1716 
3 2 0 1702 
3 2 0 1688 
3 2 0 1701 
3 2 0 1689 
3 2 0 1700 
3 2 0 1690 
3 2 0 1699 
3 2 0 1691 
3 2 0 1698 
3 2 0 1694 
3 2 0 1692 
3 2 0 1693 
3 2 0 1697 
3 2 0 1695 
3 2 0 1696 
3 2 0 1715 
3 2 0 1703 
3 2 0 1714 
3 2 0 1704 
3 2 0 1713 
3 2 0 1705 
3 2 0 1712 
3 2 0 1706 
3 2 0 1711 
3 2 0 1707 
3 2 0 1710 
3 2 0 1708 
3 2 0 1709 
3 2 0 1717 
1 0 
1 0 
1 0 
1 0 
1 0 
1 0 
1 0 
2 3 1758 1759 0 
2 3 1757 1760 0 
2 3 1756 1761 0 
1 0 
1 0 
1 0 
1 0 
1 0 
1 0 
1 0 
1 0 
1 0 
2 3 1770 1771 0 
2 3 1769 1772 0 
2 3 1768 1773 0 
2 3 1767 1774 0 
2 3 1766 1775 0 
2 3 1765 1776 0 
2 3 1764 1777 0 
2 3 1763 1778 0 
2 3 1762 1779 0 
2 3 1755 1780 0 
2 3 1754 1781 0 
2 3 1753 1782 0 
1 0 
1 0 
1 0 
1 0 
1 0 
1 0 
1 0 
1 0 
1 0 
1 0 
2 3 1792 1793 0 
1 0 
1 0 
1 0 
1 0 
2 3 1797 1798 0 
2 3 1796 1799 0 
2 3 1795 1800 0 
2 3 1794 1801 0 
2 3 1791 1802 0 
2 3 1790 1803 0 
2 3 1789 1804 0 
2 3 1788 1805 0 
2 3 1787 1806 0 
2 3 1786 1807 0 
1 0 
2 3 1808 1809 0 
2 3 1785 1810 0 
2 3 1784 1811 0 
2 3 1783 1812 0 
3 2 0 1813 
3 2 0 1783 
3 2 0 1753 
3 2 0 1782 
3 2 0 1754 
3 2 0 1781 
3 2 0 1755 
3 2 0 1780 
3 2 0 1762 
3 2 0 1756 
3 2 0 1761 
3 2 0 1757 
3 2 0 1760 
3 2 0 1758 
3 2 0 1759 
3 2 0 1779 
3 2 0 1763 
3 2 0 1778 
3 2 0 1764 
3 2 0 1777 
3 2 0 1765 
3 2 0 1776 
3 2 0 1766 
3 2 0 1775 
3 2 0 1767 
3 2 0 1774 
3 2 0 1768 
3 2 0 1773 
3 2 0 1769 
3 2 0 1772 
3 2 0 1770 
3 2 0 1771 
3 2 0 1812 
3 2 0 1784 
3 2 0 1811 
3 2 0 1785 
3 2 0 1810 
3 2 0 1808 
3 2 0 1786 
3 2 0 1807 
3 2 0 1787 
3 2 0 1806 
3 2 0 1788 
3 2 0 1805 
3 2 0 1789 
3 2 0 1804 
3 2 0 1790 
3 2 0 1803 
3 2 0 1791 
3 2 0 1802 
3 2 0 1794 
3 2 0 1792 
3 2 0 1793 
3 2 0 1801 
3 2 0 1795 
3 2 0 1800 
3 2 0 1796 
3 2 0 1799 
3 2 0 1797 
3 2 0 1798 
3 2 0 1809 
1 0 
1 0 
1 0 
1 0 
1 0 
1 0 
2 3 1879 1880 0 
1 0 
2 3 1881 1882 0 
2 3 1878 1883 0 
2 3 1877 1884 0 
2 3 1876 1885 0 
1 0 
2 3 1886 1887 0 
2 3 1875 1888 0 
1 0 
2 3 1889 1890 0 
1 0 
2 3 1891 1892 0 
1 0 
1 0 
1 0 
2 3 1895 1896 0 
1 0 
1 0 
1 0 
1 0 
1 0 
1 0 
2 3 1902 1903 0 
2 3 1901 1904 0 
2 3 1900 1905 0 
2 3 1899 1906 0 
2 3 1898 1907 0 
2 3 1897 1908 0 
2 3 1894 1909 0 
1 0 
1 0 
1 0 
1 0 
2 3 1913 1914 0 
1 0 
1 0 
2 3 1916 1917 0 
2 3 1915 1918 0 
2 3 1912 1919 0 
2 3 1911 1920 0 
2 3 1910 1921 0 
2 3 1893 1922 0 
1 0 
2 3 1923 1924 0 
3 2 0 1925 
3 2 0 1923 
3 2 0 1893 
3 2 0 1891 
3 2 0 1889 
3 2 0 1875 
3 2 0 1888 
3 2 0 1886 
3 2 0 1876 
3 2 0 1885 
3 2 0 1877 
3 2 0 1884 
3 2 0 1878 
3 2 0 1883 
3 2 0 1881 
3 2 0 1879 
3 2 0 1880 
3 2 0 1882 
3 2 0 1887 
3 2 0 1890 
3 2 0 1892 
3 2 0 1922 
3 2 0 1910 
3 2 0 1894 
3 2 0 1909 
3 2 0 1897 
3 2 0 1895 
3 2 0 1896 
3 2 0 1908 
3 2 0 1898 
3 2 0 1907 
3 2 0 1899 
3 2 0 1906 
3 2 0 1900 
3 2 0 1905 
3 2 0 1901 
3 2 0 1904 
3 2 0 1902 
3 2 0 1903 
3 2 0 1921 
3 2 0 1911 
3 2 0 1920 
3 2 0 1912 
3 2 0 1919 
3 2 0 1915 
3 2 0 1913 
3 2 0 1914 
3 2 0 1918 
3 2 0 1916 
3 2 0 1917 
3 2 0 1924 
1 0 
1 0 
1 0 
2 3 1978 1979 0 
1 0 
1 0 
1 0 
2 3 1982 1983 0 
1 0 
1 0 
1 0 
2 3 1986 1987 0 
1 0 
2 3 1988 1989 0 
2 3 1985 1990 0 
2 3 1984 1991 0 
2 3 1981 1992 0 
2 3 1980 1993 0 
2 3 1977 1994 0 
1 0 
1 0 
1 0 
1 0 
1 0 
1 0 
2 3 2000 2001 0 
1 0 
1 0 
1 0 
2 3 2004 2005 0 
1 0 
2 3 2006 2007 0 
2 3 2003 2008 0 
2 3 2002 2009 0 
2 3 1999 2010 0 
1 0 
1 0 
1 0 
1 0 
2 3 2014 2015 0 
2 3 2013 2016 0 
2 3 2012 2017 0 
2 3 2011 2018 0 
2 3 1998 2019 0 
1 0 
2 3 2020 2021 0 
2 3 1997 2022 0 
2 3 1996 2023 0 
2 3 1995 2024 0 
3 2 0 2025 
3 2 0 1995 
3 2 0 1977 
3 2 0 1994 
3 2 0 1980 
3 2 0 1978 
3 2 0 1979 
3 2 0 1993 
3 2 0 1981 
3 2 0 1992 
3 2 0 1984 
3 2 0 1982 
3 2 0 1983 
3 2 0 1991 
3 2 0 1985 
3 2 0 1990 
3 2 0 1988 
3 2 0 1986 
3 2 0 1987 
3 2 0 1989 
3 2 0 2024 
3 2 0 1996 
3 2 0 2023 
3 2 0 1997 
3 2 0 2022 
3 2 0 2020 
3 2 0 1998 
3 2 0 2019 
3 2 0 2011 
3 2 0 1999 
3 2 0 2010 
3 2 0 2002 
3 2 0 2000 
3 2 0 2001 
3 2 0 2009 
3 2 0 2003 
3 2 0 2008 
3 2 0 2006 
3 2 0 2004 
3 2 0 2005 
3 2 0 2007 
3 2 0 2018 
3 2 0 2012 
3 2 0 2017 
3 2 0 2013 
3 2 0 2016 
3 2 0 2014 
3 2 0 2015 
3 2 0 2021 
1 0 
1 0 
1 0 
2 3 2076 2077 0 
1 0 
2 3 2078 2079 0 
1 0 
2 3 2080 2081 0 
2 3 2075 2082 0 
1 0 
1 0 
1 0 
2 3 2085 2086 0 
1 0 
1 0 
2 3 2088 2089 0 
2 3 2087 2090 0 
2 3 2084 2091 0 
2 3 2083 2092 0 
1 0 
1 0 
1 0 
2 3 2095 2096 0 
1 0 
1 0 
1 0 
2 3 2099 2100 0 
2 3 2098 2101 0 
2 3 2097 2102 0 
2 3 2094 2103 0 
1 0 
2 3 2104 2105 0 
2 3 2093 2106 0 
3 2 0 2107 
3 2 0 2093 
3 2 0 2083 
3 2 0 2075 
3 2 0 2082 
3 2 0 2080 
3 2 0 2078 
3 2 0 2076 
3 2 0 2077 
3 2 0 2079 
3 2 0 2081 
3 2 0 2092 
3 2 0 2084 
3 2 0 2091 
3 2 0 2087 
3 2 0 2085 
3 2 0 2086 
3 2 0 2090 
3 2 0 2088 
3 2 0 2089 
3 2 0 2106 
3 2 0 2104 
3 2 0 2094 
3 2 0 2103 
3 2 0 2097 
3 2 0 2095 
3 2 0 2096 
3 2 0 2102 
3 2 0 2098 
3 2 0 2101 
3 2 0 2099 
3 2 0 2100 
3 2 0 2105 
1 0 
1 0 
2 3 2141 2142 0 
1 0 
1 0 
2 3 2144 2145 0 
1 0 
2 3 2146 2147 0 
1 0 
1 0 
1 0 
2 3 2150 2151 0 
2 3 2149 2152 0 
2 3 2148 2153 0 
2 3 2143 2154 0 
1 0 
2 3 2155 2156 0 
3 2 0 2157 
3 2 0 2155 
3 2 0 2143 
3 2 0 2141 
3 2 0 2142 
3 2 0 2154 
3 2 0 2148 
3 2 0 2146 
3 2 0 2144 
3 2 0 2145 
3 2 0 2147 
3 2 0 2153 
3 2 0 2149 
3 2 0 2152 
3 2 0 2150 
3 2 0 2151 
3 2 0 2156 
1 0 
1 0 
1 0 
1 0 
2 3 2177 2178 0 
2 3 2176 2179 0 
1 0 
2 3 2180 2181 0 
2 3 2175 2182 0 
1 0 
1 0 
2 3 2184 2185 0 
1 0 
1 0 
1 0 
1 0 
2 3 2189 2190 0 
1 0 
2 3 2191 2192 0 
2 3 2188 2193 0 
2 3 2187 2194 0 
2 3 2186 2195 0 
2 3 2183 2196 0 
1 0 
2 3 2197 2198 0 
3 2 0 2199 
3 2 0 2197 
3 2 0 2183 
3 2 0 2175 
3 2 0 2182 
3 2 0 2180 
3 2 0 2176 
3 2 0 2179 
3 2 0 2177 
3 2 0 2178 
3 2 0 2181 
3 2 0 2196 
3 2 0 2186 
3 2 0 2184 
3 2 0 2185 
3 2 0 2195 
3 2 0 2187 
3 2 0 2194 
3 2 0 2188 
3 2 0 2193 
3 2 0 2191 
3 2 0 2189 
3 2 0 2190 
3 2 0 2192 
3 2 0 2198 
1 0 
1 0 
1 0 
1 0 
2 3 2227 2228 0 
1 0 
2 3 2229 2230 0 
1 0 
2 3 2231 2232 0 
2 3 2226 2233 0 
1 0 
1 0 
1 0 
1 0 
1 0 
1 0 
2 3 2239 2240 0 
2 3 2238 2241 0 
2 3 2237 2242 0 
2 3 2236 2243 0 
1 0 
1 0 
1 0 
2 3 2246 2247 0 
1 0 
1 0 
1 0 
2 3 2250 2251 0 
1 0 
2 3 2252 2253 0 
2 3 2249 2254 0 
2 3 2248 2255 0 
2 3 2245 2256 0 
2 3 2244 2257 0 
2 3 2235 2258 0 
1 0 
2 3 2259 2260 0 
1 0 
1 0 
1 0 
2 3 2263 2264 0 
1 0 
1 0 
2 3 2266 2267 0 
2 3 2265 2268 0 
2 3 2262 2269 0 
2 3 2261 2270 0 
2 3 2234 2271 0 
1 0 
1 0 
2 3 2273 2274 0 
2 3 2272 2275 0 
2 3 2225 2276 0 
3 2 0 2277 
3 2 0 2225 
3 2 0 2276 
3 2 0 2272 
3 2 0 2234 
3 2 0 2226 
3 2 0 2233 
3 2 0 2231 
3 2 0 2229 
3 2 0 2227 
3 2 0 2228 
3 2 0 2230 
3 2 0 2232 
3 2 0 2271 
3 2 0 2261 
3 2 0 2259 
3 2 0 2235 
3 2 0 2258 
3 2 0 2244 
3 2 0 2236 
3 2 0 2243 
3 2 0 2237 
3 2 0 2242 
3 2 0 2238 
3 2 0 2241 
3 2 0 2239 
3 2 0 2240 
3 2 0 2257 
3 2 0 2245 
3 2 0 2256 
3 2 0 2248 
3 2 0 2246 
3 2 0 2247 
3 2 0 2255 
3 2 0 2249 
3 2 0 2254 
3 2 0 2252 
3 2 0 2250 
3 2 0 2251 
3 2 0 2253 
3 2 0 2260 
3 2 0 2270 
3 2 0 2262 
3 2 0 2269 
3 2 0 2265 
3 2 0 2263 
3 2 0 2264 
3 2 0 2268 
3 2 0 2266 
3 2 0 2267 
3 2 0 2275 
3 2 0 2273 
3 2 0 2274 
1 0 
1 0 
1 0 
1 0 
1 0 
2 3 2334 2335 0 
2 3 2333 2336 0 
1 0 
1 0 
1 0 
2 3 2339 2340 0 
1 0 
1 0 
1 0 
2 3 2343 2344 0 
2 3 2342 2345 0 
2 3 2341 2346 0 
2 3 2338 2347 0 
2 3 2337 2348 0 
1 0 
1 0 
1 0 
2 3 2351 2352 0 
1 0 
2 3 2353 2354 0 
1 0 
2 3 2355 2356 0 
1 0 
2 3 2357 2358 0 
2 3 2350 2359 0 
2 3 2349 2360 0 
2 3 2332 2361 0 
2 3 2331 2362 0 
3 2 0 2363 
3 2 0 2331 
3 2 0 2362 
3 2 0 2332 
3 2 0 2361 
3 2 0 2349 
3 2 0 2337 
3 2 0 2333 
3 2 0 2336 
3 2 0 2334 
3 2 0 2335 
3 2 0 2348 
3 2 0 2338 
3 2 0 2347 
3 2 0 2341 
3 2 0 2339 
3 2 0 2340 
3 2 0 2346 
3 2 0 2342 
3 2 0 2345 
3 2 0 2343 
3 2 0 2344 
3 2 0 2360 
3 2 0 2350 
3 2 0 2359 
3 2 0 2357 
3 2 0 2355 
3 2 0 2353 
3 2 0 2351 
3 2 0 2352 
3 2 0 2354 
3 2 0 2356 
3 2 0 2358 
1 0 
1 0 
1 0 
1 0 
2 3 2399 2400 0 
2 3 2398 2401 0 
1 0 
1 0 
1 0 
2 3 2404 2405 0 
2 3 2403 2406 0 
2 3 2402 2407 0 
1 0 
1 0 
1 0 
1 0 
1 0 
1 0 
1 0 
1 0 
2 3 2415 2416 0 
1 0 
2 3 2417 2418 0 
1 0 
1 0 
1 0 
1 0 
2 3 2422 2423 0 
1 0 
2 3 2424 2425 0 
2 3 2421 2426 0 
2 3 2420 2427 0 
2 3 2419 2428 0 
2 3 2414 2429 0 
2 3 2413 2430 0 
2 3 2412 2431 0 
2 3 2411 2432 0 
2 3 2410 2433 0 
2 3 2409 2434 0 
2 3 2408 2435 0 
2 3 2397 2436 0 
1 0 
2 3 2437 2438 0 
1 0 
2 3 2439 2440 0 
3 2 0 2441 
3 2 0 2439 
3 2 0 2437 
3 2 0 2397 
3 2 0 2436 
3 2 0 2408 
3 2 0 2402 
3 2 0 2398 
3 2 0 2401 
3 2 0 2399 
3 2 0 2400 
3 2 0 2407 
3 2 0 2403 
3 2 0 2406 
3 2 0 2404 
3 2 0 2405 
3 2 0 2435 
3 2 0 2409 
3 2 0 2434 
3 2 0 2410 
3 2 0 2433 
3 2 0 2411 
3 2 0 2432 
3 2 0 2412 
3 2 0 2431 
3 2 0 2413 
3 2 0 2430 
3 2 0 2414 
3 2 0 2429 
3 2 0 2419 
3 2 0 2417 
3 2 0 2415 
3 2 0 2416 
3 2 0 2418 
3 2 0 2428 
3 2 0 2420 
3 2 0 2427 
3 2 0 2421 
3 2 0 2426 
3 2 0 2424 
3 2 0 2422 
3 2 0 2423 
3 2 0 2425 
3 2 0 2438 
3 2 0 2440 
1 0 
1 0 
2 3 2487 2488 0 
1 0 
1 0 
2 3 2490 2491 0 
1 0 
1 0 
2 3 2493 2494 0 
2 3 2492 2495 0 
2 3 2489 2496 0 
1 0 
2 3 2497 2498 0 
1 0 
2 3 2499 2500 0 
1 0 
1 0 
2 3 2502 2503 0 
1 0 
1 0 
2 3 2505 2506 0 
2 3 2504 2507 0 
2 3 2501 2508 0 
1 0 
2 3 2509 2510 0 
1 0 
1 0 
1 0 
2 3 2513 2514 0 
1 0 
1 0 
1 0 
1 0 
1 0 
2 3 2519 2520 0 
2 3 2518 2521 0 
2 3 2517 2522 0 
2 3 2516 2523 0 
2 3 2515 2524 0 
2 3 2512 2525 0 
2 3 2511 2526 0 
1 0 
2 3 2527 2528 0 
3 2 0 2529 
3 2 0 2527 
3 2 0 2511 
3 2 0 2509 
3 2 0 2501 
3 2 0 2499 
3 2 0 2497 
3 2 0 2489 
3 2 0 2487 
3 2 0 2488 
3 2 0 2496 
3 2 0 2492 
3 2 0 2490 
3 2 0 2491 
3 2 0 2495 
3 2 0 2493 
3 2 0 2494 
3 2 0 2498 
3 2 0 2500 
3 2 0 2508 
3 2 0 2504 
3 2 0 2502 
3 2 0 2503 
3 2 0 2507 
3 2 0 2505 
3 2 0 2506 
3 2 0 2510 
3 2 0 2526 
3 2 0 2512 
3 2 0 2525 
3 2 0 2515 
3 2 0 2513 
3 2 0 2514 
3 2 0 2524 
3 2 0 2516 
3 2 0 2523 
3 2 0 2517 
3 2 0 2522 
3 2 0 2518 
3 2 0 2521 
3 2 0 2519 
3 2 0 2520 
3 2 0 2528 
1 0 
1 0 
1 0 
2 3 2574 2575 0 
2 3 2573 2576 0 
1 0 
1 0 
2 3 2578 2579 0 
1 0 
1 0 
1 0 
1 0 
1 0 
1 0 
1 0 
2 3 2586 2587 0 
2 3 2585 2588 0 
2 3 2584 2589 0 
1 0 
1 0 
2 3 2591 2592 0 
1 0 
1 0 
2 3 2594 2595 0 
2 3 2593 2596 0 
1 0 
2 3 2597 2598 0 
2 3 2590 2599 0 
1 0 
1 0 
1 0 
2 3 2602 2603 0 
1 0 
1 0 
2 3 2605 2606 0 
2 3 2604 2607 0 
2 3 2601 2608 0 
2 3 2600 2609 0 
2 3 2583 2610 0 
2 3 2582 2611 0 
2 3 2581 2612 0 
1 0 
2 3 2613 2614 0 
2 3 2580 2615 0 
2 3 2577 2616 0 
3 2 0 2617 
3 2 0 2577 
3 2 0 2573 
3 2 0 2576 
3 2 0 2574 
3 2 0 2575 
3 2 0 2616 
3 2 0 2580 
3 2 0 2578 
3 2 0 2579 
3 2 0 2615 
3 2 0 2613 
3 2 0 2581 
3 2 0 2612 
3 2 0 2582 
3 2 0 2611 
3 2 0 2583 
3 2 0 2610 
3 2 0 2600 
3 2 0 2590 
3 2 0 2584 
3 2 0 2589 
3 2 0 2585 
3 2 0 2588 
3 2 0 2586 
3 2 0 2587 
3 2 0 2599 
3 2 0 2597 
3 2 0 2593 
3 2 0 2591 
3 2 0 2592 
3 2 0 2596 
3 2 0 2594 
3 2 0 2595 
3 2 0 2598 
3 2 0 2609 
3 2 0 2601 
3 2 0 2608 
3 2 0 2604 
3 2 0 2602 
3 2 0 2603 
3 2 0 2607 
3 2 0 2605 
3 2 0 2606 
3 2 0 2614 
1 0 
1 0 
1 0 
1 0 
1 0 
1 0 
2 3 2667 2668 0 
1 0 
1 0 
1 0 
1 0 
2 3 2672 2673 0 
2 3 2671 2674 0 
2 3 2670 2675 0 
1 0 
1 0 
1 0 
2 3 2678 2679 0 
1 0 
1 0 
1 0 
1 0 
2 3 2683 2684 0 
2 3 2682 2685 0 
1 0 
1 0 
2 3 2687 2688 0 
2 3 2686 2689 0 
2 3 2681 2690 0 
2 3 2680 2691 0 
2 3 2677 2692 0 
2 3 2676 2693 0 
2 3 2669 2694 0 
2 3 2666 2695 0 
2 3 2665 2696 0 
2 3 2664 2697 0 
1 0 
2 3 2698 2699 0 
2 3 2663 2700 0 
3 2 0 2701 
3 2 0 2663 
3 2 0 2700 
3 2 0 2698 
3 2 0 2664 
3 2 0 2697 
3 2 0 2665 
3 2 0 2696 
3 2 0 2666 
3 2 0 2695 
3 2 0 2669 
3 2 0 2667 
3 2 0 2668 
3 2 0 2694 
3 2 0 2676 
3 2 0 2670 
3 2 0 2675 
3 2 0 2671 
3 2 0 2674 
3 2 0 2672 
3 2 0 2673 
3 2 0 2693 
3 2 0 2677 
3 2 0 2692 
3 2 0 2680 
3 2 0 2678 
3 2 0 2679 
3 2 0 2691 
3 2 0 2681 
3 2 0 2690 
3 2 0 2686 
3 2 0 2682 
3 2 0 2685 
3 2 0 2683 
3 2 0 2684 
3 2 0 2689 
3 2 0 2687 
3 2 0 2688 
3 2 0 2699 
1 0 
1 0 
1 0 
2 3 2742 2743 0 
1 0 
1 0 
1 0 
1 0 
1 0 
2 3 2748 2749 0 
2 3 2747 2750 0 
2 3 2746 2751 0 
1 0 
1 0 
1 0 
2 3 2754 2755 0 
1 0 
1 0 
2 3 2757 2758 0 
2 3 2756 2759 0 
2 3 2753 2760 0 
2 3 2752 2761 0 
2 3 2745 2762 0 
2 3 2744 2763 0 
1 0 
2 3 2764 2765 0 
2 3 2741 2766 0 
3 2 0 2767 
3 2 0 2741 
3 2 0 2766 
3 2 0 2764 
3 2 0 2744 
3 2 0 2742 
3 2 0 2743 
3 2 0 2763 
3 2 0 2745 
3 2 0 2762 
3 2 0 2752 
3 2 0 2746 
3 2 0 2751 
3 2 0 2747 
3 2 0 2750 
3 2 0 2748 
3 2 0 2749 
3 2 0 2761 
3 2 0 2753 
3 2 0 2760 
3 2 0 2756 
3 2 0 2754 
3 2 0 2755 
3 2 0 2759 
3 2 0 2757 
3 2 0 2758 
3 2 0 2765 
1 0 
1 0 
1 0 
1 0 
2 3 2797 2798 0 
1 0 
1 0 
1 0 
2 3 2801 2802 0 
2 3 2800 2803 0 
2 3 2799 2804 0 
2 3 2796 2805 0 
2 3 2795 2806 0 
1 0 
2 3 2807 2808 0 
1 0 
1 0 
1 0 
2 3 2811 2812 0 
2 3 2810 2813 0 
1 0 
1 0 
1 0 
2 3 2816 2817 0 
1 0 
1 0 
1 0 
2 3 2820 2821 0 
2 3 2819 2822 0 
2 3 2818 2823 0 
2 3 2815 2824 0 
2 3 2814 2825 0 
2 3 2809 2826 0 
1 0 
2 3 2827 2828 0 
3 2 0 2829 
3 2 0 2827 
3 2 0 2809 
3 2 0 2807 
3 2 0 2795 
3 2 0 2806 
3 2 0 2796 
3 2 0 2805 
3 2 0 2799 
3 2 0 2797 
3 2 0 2798 
3 2 0 2804 
3 2 0 2800 
3 2 0 2803 
3 2 0 2801 
3 2 0 2802 
3 2 0 2808 
3 2 0 2826 
3 2 0 2814 
3 2 0 2810 
3 2 0 2813 
3 2 0 2811 
3 2 0 2812 
3 2 0 2825 
3 2 0 2815 
3 2 0 2824 
3 2 0 2818 
3 2 0 2816 
3 2 0 2817 
3 2 0 2823 
3 2 0 2819 
3 2 0 2822 
3 2 0 2820 
3 2 0 2821 
3 2 0 2828 
1 0 
1 0 
2 3 2865 2866 0 
1 0 
1 0 
1 0 
1 0 
2 3 2870 2871 0 
2 3 2869 2872 0 
2 3 2868 2873 0 
2 3 2867 2874 0 
1 0 
2 3 2875 2876 0 
1 0 
1 0 
1 0 
2 3 2879 2880 0 
2 3 2878 2881 0 
1 0 
2 3 2882 2883 0 
1 0 
1 0 
2 3 2885 2886 0 
2 3 2884 2887 0 
1 0 
1 0 
1 0 
1 0 
2 3 2891 2892 0 
1 0 
2 3 2893 2894 0 
2 3 2890 2895 0 
2 3 2889 2896 0 
2 3 2888 2897 0 
2 3 2877 2898 0 
1 0 
2 3 2899 2900 0 
3 2 0 2901 
3 2 0 2899 
3 2 0 2877 
3 2 0 2875 
3 2 0 2867 
3 2 0 2865 
3 2 0 2866 
3 2 0 2874 
3 2 0 2868 
3 2 0 2873 
3 2 0 2869 
3 2 0 2872 
3 2 0 2870 
3 2 0 2871 
3 2 0 2876 
3 2 0 2898 
3 2 0 2888 
3 2 0 2884 
3 2 0 2882 
3 2 0 2878 
3 2 0 2881 
3 2 0 2879 
3 2 0 2880 
3 2 0 2883 
3 2 0 2887 
3 2 0 2885 
3 2 0 2886 
3 2 0 2897 
3 2 0 2889 
3 2 0 2896 
3 2 0 2890 
3 2 0 2895 
3 2 0 2893 
3 2 0 2891 
3 2 0 2892 
3 2 0 2894 
3 2 0 2900 
1 0 
1 0 
1 0 
2 3 2940 2941 0 
2 3 2939 2942 0 
1 0 
1 0 
1 0 
1 0 
1 0 
1 0 
2 3 2948 2949 0 
2 3 2947 2950 0 
2 3 2946 2951 0 
2 3 2945 2952 0 
1 0 
1 0 
1 0 
2 3 2955 2956 0 
1 0 
2 3 2957 2958 0 
1 0 
2 3 2959 2960 0 
1 0 
2 3 2961 2962 0 
1 0 
2 3 2963 2964 0 
1 0 
2 3 2965 2966 0 
1 0 
2 3 2967 2968 0 
2 3 2954 2969 0 
2 3 2953 2970 0 
2 3 2944 2971 0 
2 3 2943 2972 0 
1 0 
1 0 
1 0 
1 0 
1 0 
1 0 
1 0 
2 3 2979 2980 0 
1 0 
2 3 2981 2982 0 
1 0 
2 3 2983 2984 0 
2 3 2978 2985 0 
2 3 2977 2986 0 
2 3 2976 2987 0 
2 3 2975 2988 0 
2 3 2974 2989 0 
1 0 
2 3 2990 2991 0 
2 3 2973 2992 0 
3 2 0 2993 
3 2 0 2973 
3 2 0 2943 
3 2 0 2939 
3 2 0 2942 
3 2 0 2940 
3 2 0 2941 
3 2 0 2972 
3 2 0 2944 
3 2 0 2971 
3 2 0 2953 
3 2 0 2945 
3 2 0 2952 
3 2 0 2946 
3 2 0 2951 
3 2 0 2947 
3 2 0 2950 
3 2 0 2948 
3 2 0 2949 
3 2 0 2970 
3 2 0 2954 
3 2 0 2969 
3 2 0 2967 
3 2 0 2965 
3 2 0 2963 
3 2 0 2961 
3 2 0 2959 
3 2 0 2957 
3 2 0 2955 
3 2 0 2956 
3 2 0 2958 
3 2 0 2960 
3 2 0 2962 
3 2 0 2964 
3 2 0 2966 
3 2 0 2968 
3 2 0 2992 
3 2 0 2990 
3 2 0 2974 
3 2 0 2989 
3 2 0 2975 
3 2 0 2988 
3 2 0 2976 
3 2 0 2987 
3 2 0 2977 
3 2 0 2986 
3 2 0 2978 
3 2 0 2985 
3 2 0 2983 
3 2 0 2981 
3 2 0 2979 
3 2 0 2980 
3 2 0 2982 
3 2 0 2984 
3 2 0 2991 
1 0 
1 0 
1 0 
2 3 3050 3051 0 
1 0 
2 3 3052 3053 0 
1 0 
2 3 3054 3055 0 
1 0 
1 0 
1 0 
1 0 
2 3 3059 3060 0 
2 3 3058 3061 0 
2 3 3057 3062 0 
1 0 
1 0 
2 3 3064 3065 0 
2 3 3063 3066 0 
2 3 3056 3067 0 
2 3 3049 3068 0 
1 0 
1 0 
1 0 
1 0 
1 0 
2 3 3073 3074 0 
2 3 3072 3075 0 
2 3 3071 3076 0 
1 0 
1 0 
2 3 3078 3079 0 
1 0 
2 3 3080 3081 0 
2 3 3077 3082 0 
2 3 3070 3083 0 
2 3 3069 3084 0 
3 2 0 3085 
3 2 0 3069 
3 2 0 3049 
3 2 0 3068 
3 2 0 3056 
3 2 0 3054 
3 2 0 3052 
3 2 0 3050 
3 2 0 3051 
3 2 0 3053 
3 2 0 3055 
3 2 0 3067 
3 2 0 3063 
3 2 0 3057 
3 2 0 3062 
3 2 0 3058 
3 2 0 3061 
3 2 0 3059 
3 2 0 3060 
3 2 0 3066 
3 2 0 3064 
3 2 0 3065 
3 2 0 3084 
3 2 0 3070 
3 2 0 3083 
3 2 0 3077 
3 2 0 3071 
3 2 0 3076 
3 2 0 3072 
3 2 0 3075 
3 2 0 3073 
3 2 0 3074 
3 2 0 3082 
3 2 0 3080 
3 2 0 3078 
3 2 0 3079 
3 2 0 3081 
1 0 
1 0 
1 0 
1 0 
2 3 3125 3126 0 
1 0 
2 3 3127 3128 0 
2 3 3124 3129 0 
2 3 3123 3130 0 
1 0 
2 3 3131 3132 0 
1 0 
1 0 
2 3 3134 3135 0 
1 0 
1 0 
2 3 3137 3138 0 
1 0 
1 0 
2 3 3140 3141 0 
2 3 3139 3142 0 
2 3 3136 3143 0 
2 3 3133 3144 0 
1 0 
2 3 3145 3146 0 
3 2 0 3147 
3 2 0 3145 
3 2 0 3133 
3 2 0 3131 
3 2 0 3123 
3 2 0 3130 
3 2 0 3124 
3 2 0 3129 
3 2 0 3127 
3 2 0 3125 
3 2 0 3126 
3 2 0 3128 
3 2 0 3132 
3 2 0 3144 
3 2 0 3136 
3 2 0 3134 
3 2 0 3135 
3 2 0 3143 
3 2 0 3139 
3 2 0 3137 
3 2 0 3138 
3 2 0 3142 
3 2 0 3140 
3 2 0 3141 
3 2 0 3146 
1 0 
1 0 
2 3 3173 3174 0 
1 0 
1 0 
2 3 3176 3177 0 
1 0 
1 0 
1 0 
1 0 
2 3 3181 3182 0 
1 0 
1 0 
1 0 
2 3 3185 3186 0 
1 0 
2 3 3187 3188 0 
1 0 
1 0 
2 3 3190 3191 0 
1 0 
2 3 3192 3193 0 
1 0 
2 3 3194 3195 0 
2 3 3189 3196 0 
1 0 
1 0 
2 3 3198 3199 0 
1 0 
1 0 
2 3 3201 3202 0 
2 3 3200 3203 0 
1 0 
1 0 
1 0 
1 0 
2 3 3207 3208 0 
2 3 3206 3209 0 
2 3 3205 3210 0 
2 3 3204 3211 0 
2 3 3197 3212 0 
2 3 3184 3213 0 
2 3 3183 3214 0 
2 3 3180 3215 0 
2 3 3179 3216 0 
2 3 3178 3217 0 
1 0 
2 3 3218 3219 0 
2 3 3175 3220 0 
3 2 0 3221 
3 2 0 3175 
3 2 0 3173 
3 2 0 3174 
3 2 0 3220 
3 2 0 3218 
3 2 0 3178 
3 2 0 3176 
3 2 0 3177 
3 2 0 3217 
3 2 0 3179 
3 2 0 3216 
3 2 0 3180 
3 2 0 3215 
3 2 0 3183 
3 2 0 3181 
3 2 0 3182 
3 2 0 3214 
3 2 0 3184 
3 2 0 3213 
3 2 0 3197 
3 2 0 3189 
3 2 0 3187 
3 2 0 3185 
3 2 0 3186 
3 2 0 3188 
3 2 0 3196 
3 2 0 3194 
3 2 0 3192 
3 2 0 3190 
3 2 0 3191 
3 2 0 3193 
3 2 0 3195 
3 2 0 3212 
3 2 0 3204 
3 2 0 3200 
3 2 0 3198 
3 2 0 3199 
3 2 0 3203 
3 2 0 3201 
3 2 0 3202 
3 2 0 3211 
3 2 0 3205 
3 2 0 3210 
3 2 0 3206 
3 2 0 3209 
3 2 0 3207 
3 2 0 3208 
3 2 0 3219 
1 0 
1 0 
1 0 
1 0 
2 3 3273 3274 0 
2 3 3272 3275 0 
1 0 
2 3 3276 3277 0 
2 3 3271 3278 0 
1 0 
2 3 3279 3280 0 
3 2 0 3281 
3 2 0 3279 
3 2 0 3271 
3 2 0 3278 
3 2 0 3276 
3 2 0 3272 
3 2 0 3275 
3 2 0 3273 
3 2 0 3274 
3 2 0 3277 
3 2 0 3280 
1 0 
1 0 
2 3 3293 3294 0 
1 0 
1 0 
1 0 
1 0 
1 0 
1 0 
2 3 3300 3301 0 
2 3 3299 3302 0 
1 0 
2 3 3303 3304 0 
1 0 
2 3 3305 3306 0 
2 3 3298 3307 0 
2 3 3297 3308 0 
2 3 3296 3309 0 
2 3 3295 3310 0 
1 0 
1 0 
1 0 
1 0 
1 0 
2 3 3315 3316 0 
1 0 
2 3 3317 3318 0 
2 3 3314 3319 0 
1 0 
1 0 
2 3 3321 3322 0 
2 3 3320 3323 0 
2 3 3313 3324 0 
2 3 3312 3325 0 
1 0 
2 3 3326 3327 0 
2 3 3311 3328 0 
3 2 0 3329 
3 2 0 3311 
3 2 0 3295 
3 2 0 3293 
3 2 0 3294 
3 2 0 3310 
3 2 0 3296 
3 2 0 3309 
3 2 0 3297 
3 2 0 3308 
3 2 0 3298 
3 2 0 3307 
3 2 0 3305 
3 2 0 3303 
3 2 0 3299 
3 2 0 3302 
3 2 0 3300 
3 2 0 3301 
3 2 0 3304 
3 2 0 3306 
3 2 0 3328 
3 2 0 3326 
3 2 0 3312 
3 2 0 3325 
3 2 0 3313 
3 2 0 3324 
3 2 0 3320 
3 2 0 3314 
3 2 0 3319 
3 2 0 3317 
3 2 0 3315 
3 2 0 3316 
3 2 0 3318 
3 2 0 3323 
3 2 0 3321 
3 2 0 3322 
3 2 0 3327 
1 0 
1 0 
1 0 
2 3 3368 3369 0 
1 0 
1 0 
1 0 
2 3 3372 3373 0 
2 3 3371 3374 0 
2 3 3370 3375 0 
1 0 
2 3 3376 3377 0 
1 0 
1 0 
1 0 
1 0 
2 3 3381 3382 0 
2 3 3380 3383 0 
1 0 
1 0 
1 0 
2 3 3386 3387 0 
2 3 3385 3388 0 
1 0 
2 3 3389 3390 0 
1 0 
1 0 
1 0 
1 0 
1 0 
1 0 
1 0 
2 3 3397 3398 0 
2 3 3396 3399 0 
1 0 
2 3 3400 3401 0 
2 3 3395 3402 0 
2 3 3394 3403 0 
2 3 3393 3404 0 
2 3 3392 3405 0 
2 3 3391 3406 0 
2 3 3384 3407 0 
2 3 3379 3408 0 
2 3 3378 3409 0 
1 0 
2 3 3410 3411 0 
2 3 3367 3412 0 
3 2 0 3413 
3 2 0 3367 
3 2 0 3412 
3 2 0 3410 
3 2 0 3378 
3 2 0 3376 
3 2 0 3370 
3 2 0 3368 
3 2 0 3369 
3 2 0 3375 
3 2 0 3371 
3 2 0 3374 
3 2 0 3372 
3 2 0 3373 
3 2 0 3377 
3 2 0 3409 
3 2 0 3379 
3 2 0 3408 
3 2 0 3384 
3 2 0 3380 
3 2 0 3383 
3 2 0 3381 
3 2 0 3382 
3 2 0 3407 
3 2 0 3391 
3 2 0 3389 
3 2 0 3385 
3 2 0 3388 
3 2 0 3386 
3 2 0 3387 
3 2 0 3390 
3 2 0 3406 
3 2 0 3392 
3 2 0 3405 
3 2 0 3393 
3 2 0 3404 
3 2 0 3394 
3 2 0 3403 
3 2 0 3395 
3 2 0 3402 
3 2 0 3400 
3 2 0 3396 
3 2 0 3399 
3 2 0 3397 
3 2 0 3398 
3 2 0 3401 
3 2 0 3411 
1 0 
1 0 
1 0 
2 3 3462 3463 0 
1 0 
2 3 3464 3465 0 
1 0 
1 0 
1 0 
1 0 
1 0 
1 0 
2 3 3471 3472 0 
1 0 
1 0 
1 0 
2 3 3475 3476 0 
2 3 3474 3477 0 
2 3 3473 3478 0 
2 3 3470 3479 0 
2 3 3469 3480 0 
1 0 
2 3 3481 3482 0 
1 0 
1 0 
1 0 
1 0 
1 0 
2 3 3487 3488 0 
2 3 3486 3489 0 
2 3 3485 3490 0 
2 3 3484 3491 0 
2 3 3483 3492 0 
2 3 3468 3493 0 
2 3 3467 3494 0 
2 3 3466 3495 0 
1 0 
2 3 3496 3497 0 
2 3 3461 3498 0 
3 2 0 3499 
3 2 0 3461 
3 2 0 3498 
3 2 0 3496 
3 2 0 3466 
3 2 0 3464 
3 2 0 3462 
3 2 0 3463 
3 2 0 3465 
3 2 0 3495 
3 2 0 3467 
3 2 0 3494 
3 2 0 3468 
3 2 0 3493 
3 2 0 3483 
3 2 0 3481 
3 2 0 3469 
3 2 0 3480 
3 2 0 3470 
3 2 0 3479 
3 2 0 3473 
3 2 0 3471 
3 2 0 3472 
3 2 0 3478 
3 2 0 3474 
3 2 0 3477 
3 2 0 3475 
3 2 0 3476 
3 2 0 3482 
3 2 0 3492 
3 2 0 3484 
3 2 0 3491 
3 2 0 3485 
3 2 0 3490 
3 2 0 3486 
3 2 0 3489 
3 2 0 3487 
3 2 0 3488 
3 2 0 3497 
1 0 
1 0 
2 3 3539 3540 0 
1 0 
2 3 3541 3542 0 
1 0 
2 3 3543 3544 0 
1 0 
1 0 
1 0 
1 0 
1 0 
1 0 
1 0 
1 0 
2 3 3552 3553 0 
1 0 
1 0 
1 0 
1 0 
2 3 3557 3558 0 
1 0 
2 3 3559 3560 0 
2 3 3556 3561 0 
2 3 3555 3562 0 
2 3 3554 3563 0 
2 3 3551 3564 0 
2 3 3550 3565 0 
2 3 3549 3566 0 
2 3 3548 3567 0 
2 3 3547 3568 0 
2 3 3546 3569 0 
1 0 
2 3 3570 3571 0 
2 3 3545 3572 0 
3 2 0 3573 
3 2 0 3545 
3 2 0 3543 
3 2 0 3541 
3 2 0 3539 
3 2 0 3540 
3 2 0 3542 
3 2 0 3544 
3 2 0 3572 
3 2 0 3570 
3 2 0 3546 
3 2 0 3569 
3 2 0 3547 
3 2 0 3568 
3 2 0 3548 
3 2 0 3567 
3 2 0 3549 
3 2 0 3566 
3 2 0 3550 
3 2 0 3565 
3 2 0 3551 
3 2 0 3564 
3 2 0 3554 
3 2 0 3552 
3 2 0 3553 
3 2 0 3563 
3 2 0 3555 
3 2 0 3562 
3 2 0 3556 
3 2 0 3561 
3 2 0 3559 
3 2 0 3557 
3 2 0 3558 
3 2 0 3560 
3 2 0 3571 
1 0 
1 0 
1 0 
1 0 
1 0 
2 3 3612 3613 0 
2 3 3611 3614 0 
2 3 3610 3615 0 
1 0 
2 3 3616 3617 0 
1 0 
2 3 3618 3619 0 
1 0 
1 0 
2 3 3621 3622 0 
1 0 
1 0 
1 0 
1 0 
1 0 
1 0 
2 3 3628 3629 0 
2 3 3627 3630 0 
2 3 3626 3631 0 
1 0 
1 0 
1 0 
1 0 
2 3 3635 3636 0 
1 0 
1 0 
2 3 3638 3639 0 
1 0 
1 0 
1 0 
1 0 
2 3 3643 3644 0 
2 3 3642 3645 0 
2 3 3641 3646 0 
2 3 3640 3647 0 
1 0 
1 0 
1 0 
1 0 
1 0 
2 3 3652 3653 0 
2 3 3651 3654 0 
2 3 3650 3655 0 
2 3 3649 3656 0 
2 3 3648 3657 0 
2 3 3637 3658 0 
2 3 3634 3659 0 
2 3 3633 3660 0 
2 3 3632 3661 0 
2 3 3625 3662 0 
2 3 3624 3663 0 
2 3 3623 3664 0 
2 3 3620 3665 0 
1 0 
2 3 3666 3667 0 
2 3 3609 3668 0 
3 2 0 3669 
3 2 0 3609 
3 2 0 3668 
3 2 0 3666 
3 2 0 3620 
3 2 0 3618 
3 2 0 3616 
3 2 0 3610 
3 2 0 3615 
3 2 0 3611 
3 2 0 3614 
3 2 0 3612 
3 2 0 3613 
3 2 0 3617 
3 2 0 3619 
3 2 0 3665 
3 2 0 3623 
3 2 0 3621 
3 2 0 3622 
3 2 0 3664 
3 2 0 3624 
3 2 0 3663 
3 2 0 3625 
3 2 0 3662 
3 2 0 3632 
3 2 0 3626 
3 2 0 3631 
3 2 0 3627 
3 2 0 3630 
3 2 0 3628 
3 2 0 3629 
3 2 0 3661 
3 2 0 3633 
3 2 0 3660 
3 2 0 3634 
3 2 0 3659 
3 2 0 3637 
3 2 0 3635 
3 2 0 3636 
3 2 0 3658 
3 2 0 3648 
3 2 0 3640 
3 2 0 3638 
3 2 0 3639 
3 2 0 3647 
3 2 0 3641 
3 2 0 3646 
3 2 0 3642 
3 2 0 3645 
3 2 0 3643 
3 2 0 3644 
3 2 0 3657 
3 2 0 3649 
3 2 0 3656 
3 2 0 3650 
3 2 0 3655 
3 2 0 3651 
3 2 0 3654 
3 2 0 3652 
3 2 0 3653 
3 2 0 3667 
1 0 
1 0 
2 3 3731 3732 0 
1 0 
1 0 
2 3 3734 3735 0 
2 3 3733 3736 0 
1 0 
1 0 
2 3 3738 3739 0 
1 0 
2 3 3740 3741 0 
2 3 3737 3742 0 
3 2 0 3743 
3 2 0 3737 
3 2 0 3733 
3 2 0 3731 
3 2 0 3732 
3 2 0 3736 
3 2 0 3734 
3 2 0 3735 
3 2 0 3742 
3 2 0 3740 
3 2 0 3738 
3 2 0 3739 
3 2 0 3741 
1 0 
1 0 
2 3 3757 3758 0 
1 0 
1 0 
1 0 
1 0 
1 0 
1 0 
1 0 
1 0 
2 3 3766 3767 0 
2 3 3765 3768 0 
1 0 
2 3 3769 3770 0 
1 0 
1 0 
2 3 3772 3773 0 
2 3 3771 3774 0 
2 3 3764 3775 0 
2 3 3763 3776 0 
2 3 3762 3777 0 
2 3 3761 3778 0 
2 3 3760 3779 0 
2 3 3759 3780 0 
1 0 
1 0 
1 0 
1 0 
1 0 
1 0 
2 3 3786 3787 0 
2 3 3785 3788 0 
2 3 3784 3789 0 
2 3 3783 3790 0 
1 0 
2 3 3791 3792 0 
2 3 3782 3793 0 
2 3 3781 3794 0 
3 2 0 3795 
3 2 0 3781 
3 2 0 3759 
3 2 0 3757 
3 2 0 3758 
3 2 0 3780 
3 2 0 3760 
3 2 0 3779 
3 2 0 3761 
3 2 0 3778 
3 2 0 3762 
3 2 0 3777 
3 2 0 3763 
3 2 0 3776 
3 2 0 3764 
3 2 0 3775 
3 2 0 3771 
3 2 0 3769 
3 2 0 3765 
3 2 0 3768 
3 2 0 3766 
3 2 0 3767 
3 2 0 3770 
3 2 0 3774 
3 2 0 3772 
3 2 0 3773 
3 2 0 3794 
3 2 0 3782 
3 2 0 3793 
3 2 0 3791 
3 2 0 3783 
3 2 0 3790 
3 2 0 3784 
3 2 0 3789 
3 2 0 3785 
3 2 0 3788 
3 2 0 3786 
3 2 0 3787 
3 2 0 3792 
1 0 
1 0 
1 0 
1 0 
2 3 3837 3838 0 
2 3 3836 3839 0 
1 0 
2 3 3840 3841 0 
1 0 
1 0 
2 3 3843 3844 0 
2 3 3842 3845 0 
2 3 3835 3846 0 
1 0 
1 0 
1 0 
1 0 
1 0 
1 0 
1 0 
1 0 
1 0 
1 0 
2 3 3856 3857 0 
2 3 3855 3858 0 
2 3 3854 3859 0 
2 3 3853 3860 0 
2 3 3852 3861 0 
2 3 3851 3862 0 
1 0 
2 3 3863 3864 0 
2 3 3850 3865 0 
2 3 3849 3866 0 
2 3 3848 3867 0 
2 3 3847 3868 0 
3 2 0 3869 
3 2 0 3847 
3 2 0 3835 
3 2 0 3846 
3 2 0 3842 
3 2 0 3840 
3 2 0 3836 
3 2 0 3839 
3 2 0 3837 
3 2 0 3838 
3 2 0 3841 
3 2 0 3845 
3 2 0 3843 
3 2 0 3844 
3 2 0 3868 
3 2 0 3848 
3 2 0 3867 
3 2 0 3849 
3 2 0 3866 
3 2 0 3850 
3 2 0 3865 
3 2 0 3863 
3 2 0 3851 
3 2 0 3862 
3 2 0 3852 
3 2 0 3861 
3 2 0 3853 
3 2 0 3860 
3 2 0 3854 
3 2 0 3859 
3 2 0 3855 
3 2 0 3858 
3 2 0 3856 
3 2 0 3857 
3 2 0 3864 
1 0 
1 0 
2 3 3905 3906 0 
1 0 
1 0 
1 0 
1 0 
2 3 3910 3911 0 
2 3 3909 3912 0 
2 3 3908 3913 0 
1 0 
2 3 3914 3915 0 
2 3 3907 3916 0 
3 2 0 3917 
3 2 0 3907 
3 2 0 3905 
3 2 0 3906 
3 2 0 3916 
3 2 0 3914 
3 2 0 3908 
3 2 0 3913 
3 2 0 3909 
3 2 0 3912 
3 2 0 3910 
3 2 0 3911 
3 2 0 3915 
1 0 
1 0 
1 0 
2 3 3932 3933 0 
1 0 
1 0 
1 0 
1 0 
1 0 
1 0 
2 3 3939 3940 0 
2 3 3938 3941 0 
2 3 3937 3942 0 
2 3 3936 3943 0 
2 3 3935 3944 0 
2 3 3934 3945 0 
2 3 3931 3946 0 
1 0 
2 3 3947 3948 0 
1 0 
2 3 3949 3950 0 
1 0 
1 0 
1 0 
1 0 
1 0 
2 3 3955 3956 0 
1 0 
2 3 3957 3958 0 
2 3 3954 3959 0 
1 0 
1 0 
2 3 3961 3962 0 
2 3 3960 3963 0 
2 3 3953 3964 0 
2 3 3952 3965 0 
2 3 3951 3966 0 
1 0 
2 3 3967 3968 0 
3 2 0 3969 
3 2 0 3967 
3 2 0 3951 
3 2 0 3949 
3 2 0 3947 
3 2 0 3931 
3 2 0 3946 
3 2 0 3934 
3 2 0 3932 
3 2 0 3933 
3 2 0 3945 
3 2 0 3935 
3 2 0 3944 
3 2 0 3936 
3 2 0 3943 
3 2 0 3937 
3 2 0 3942 
3 2 0 3938 
3 2 0 3941 
3 2 0 3939 
3 2 0 3940 
3 2 0 3948 
3 2 0 3950 
3 2 0 3966 
3 2 0 3952 
3 2 0 3965 
3 2 0 3953 
3 2 0 3964 
3 2 0 3960 
3 2 0 3954 
3 2 0 3959 
3 2 0 3957 
3 2 0 3955 
3 2 0 3956 
3 2 0 3958 
3 2 0 3963 
3 2 0 3961 
3 2 0 3962 
3 2 0 3968 
1 0 
1 0 
1 0 
1 0 
1 0 
1 0 
1 0 
2 3 4014 4015 0 
1 0 
1 0 
1 0 
1 0 
1 0 
2 3 4020 4021 0 
2 3 4019 4022 0 
2 3 4018 4023 0 
2 3 4017 4024 0 
2 3 4016 4025 0 
2 3 4013 4026 0 
2 3 4012 4027 0 
2 3 4011 4028 0 
1 0 
1 0 
1 0 
1 0 
1 0 
2 3 4033 4034 0 
2 3 4032 4035 0 
2 3 4031 4036 0 
2 3 4030 4037 0 
2 3 4029 4038 0 
2 3 4010 4039 0 
1 0 
2 3 4040 4041 0 
1 0 
2 3 4042 4043 0 
2 3 4009 4044 0 
3 2 0 4045 
3 2 0 4009 
3 2 0 4044 
3 2 0 4042 
3 2 0 4040 
3 2 0 4010 
3 2 0 4039 
3 2 0 4029 
3 2 0 4011 
3 2 0 4028 
3 2 0 4012 
3 2 0 4027 
3 2 0 4013 
3 2 0 4026 
3 2 0 4016 
3 2 0 4014 
3 2 0 4015 
3 2 0 4025 
3 2 0 4017 
3 2 0 4024 
3 2 0 4018 
3 2 0 4023 
3 2 0 4019 
3 2 0 4022 
3 2 0 4020 
3 2 0 4021 
3 2 0 4038 
3 2 0 4030 
3 2 0 4037 
3 2 0 4031 
3 2 0 4036 
3 2 0 4032 
3 2 0 4035 
3 2 0 4033 
3 2 0 4034 
3 2 0 4041 
3 2 0 4043 
1 0 
1 0 
1 0 
2 3 4084 4085 0 
2 3 4083 4086 0 
1 0 
1 0 
1 0 
1 0 
1 0 
2 3 4091 4092 0 
2 3 4090 4093 0 
2 3 4089 4094 0 
2 3 4088 4095 0 
2 3 4087 4096 0 
1 0 
2 3 4097 4098 0 
3 2 0 4099 
3 2 0 4097 
3 2 0 4087 
3 2 0 4083 
3 2 0 4086 
3 2 0 4084 
3 2 0 4085 
3 2 0 4096 
3 2 0 4088 
3 2 0 4095 
3 2 0 4089 
3 2 0 4094 
3 2 0 4090 
3 2 0 4093 
3 2 0 4091 
3 2 0 4092 
3 2 0 4098 
1 0 
1 0 
1 0 
1 0 
1 0 
1 0 
1 0 
2 3 4122 4123 0 
2 3 4121 4124 0 
2 3 4120 4125 0 
1 0 
1 0 
2 3 4127 4128 0 
2 3 4126 4129 0 
2 3 4119 4130 0 
1 0 
2 3 4131 4132 0 
1 0 
2 3 4133 4134 0 
2 3 4118 4135 0 
2 3 4117 4136 0 
3 2 0 4137 
3 2 0 4117 
3 2 0 4136 
3 2 0 4118 
3 2 0 4135 
3 2 0 4133 
3 2 0 4131 
3 2 0 4119 
3 2 0 4130 
3 2 0 4126 
3 2 0 4120 
3 2 0 4125 
3 2 0 4121 
3 2 0 4124 
3 2 0 4122 
3 2 0 4123 
3 2 0 4129 
3 2 0 4127 
3 2 0 4128 
3 2 0 4132 
3 2 0 4134 
1 0 
1 0 
1 0 
1 0 
1 0 
1 0 
1 0 
2 3 4164 4165 0 
1 0 
2 3 4166 4167 0 
2 3 4163 4168 0 
2 3 4162 4169 0 
2 3 4161 4170 0 
2 3 4160 4171 0 
2 3 4159 4172 0 
1 0 
1 0 
1 0 
1 0 
1 0 
2 3 4177 4178 0 
1 0 
2 3 4179 4180 0 
2 3 4176 4181 0 
1 0 
2 3 4182 4183 0 
2 3 4175 4184 0 
2 3 4174 4185 0 
2 3 4173 4186 0 
3 2 0 4187 
3 2 0 4173 
3 2 0 4159 
3 2 0 4172 
3 2 0 4160 
3 2 0 4171 
3 2 0 4161 
3 2 0 4170 
3 2 0 4162 
3 2 0 4169 
3 2 0 4163 
3 2 0 4168 
3 2 0 4166 
3 2 0 4164 
3 2 0 4165 
3 2 0 4167 
3 2 0 4186 
3 2 0 4174 
3 2 0 4185 
3 2 0 4175 
3 2 0 4184 
3 2 0 4182 
3 2 0 4176 
3 2 0 4181 
3 2 0 4179 
3 2 0 4177 
3 2 0 4178 
3 2 0 4180 
3 2 0 4183 
1 0 
1 0 
1 0 
1 0 
1 0 
1 0 
1 0 
1 0 
2 3 4223 4224 0 
2 3 4222 4225 0 
2 3 4221 4226 0 
2 3 4220 4227 0 
2 3 4219 4228 0 
2 3 4218 4229 0 
2 3 4217 4230 0 
1 0 
1 0 
1 0 
1 0 
1 0 
1 0 
2 3 4236 4237 0 
2 3 4235 4238 0 
2 3 4234 4239 0 
2 3 4233 4240 0 
2 3 4232 4241 0 
2 3 4231 4242 0 
1 0 
1 0 
1 0 
1 0 
1 0 
2 3 4247 4248 0 
1 0 
2 3 4249 4250 0 
2 3 4246 4251 0 
2 3 4245 4252 0 
2 3 4244 4253 0 
1 0 
2 3 4254 4255 0 
2 3 4243 4256 0 
3 2 0 4257 
3 2 0 4243 
3 2 0 4231 
3 2 0 4217 
3 2 0 4230 
3 2 0 4218 
3 2 0 4229 
3 2 0 4219 
3 2 0 4228 
3 2 0 4220 
3 2 0 4227 
3 2 0 4221 
3 2 0 4226 
3 2 0 4222 
3 2 0 4225 
3 2 0 4223 
3 2 0 4224 
3 2 0 4242 
3 2 0 4232 
3 2 0 4241 
3 2 0 4233 
3 2 0 4240 
3 2 0 4234 
3 2 0 4239 
3 2 0 4235 
3 2 0 4238 
3 2 0 4236 
3 2 0 4237 
3 2 0 4256 
3 2 0 4254 
3 2 0 4244 
3 2 0 4253 
3 2 0 4245 
3 2 0 4252 
3 2 0 4246 
3 2 0 4251 
3 2 0 4249 
3 2 0 4247 
3 2 0 4248 
3 2 0 4250 
3 2 0 4255 
1 0 
1 0 
2 3 4299 4300 0 
1 0 
2 3 4301 4302 0 
1 0 
1 0 
2 3 4304 4305 0 
2 3 4303 4306 0 
1 0 
2 3 4307 4308 0 
3 2 0 4309 
3 2 0 4307 
3 2 0 4303 
3 2 0 4301 
3 2 0 4299 
3 2 0 4300 
3 2 0 4302 
3 2 0 4306 
3 2 0 4304 
3 2 0 4305 
3 2 0 4308 
1 0 
1 0 
1 0 
2 3 4322 4323 0 
2 3 4321 4324 0 
1 0 
1 0 
2 3 4326 4327 0 
2 3 4325 4328 0 
1 0 
1 0 
1 0 
2 3 4331 4332 0 
2 3 4330 4333 0 
2 3 4329 4334 0 
1 0 
1 0 
1 0 
2 3 4337 4338 0 
1 0 
1 0 
1 0 
2 3 4341 4342 0 
2 3 4340 4343 0 
2 3 4339 4344 0 
2 3 4336 4345 0 
1 0 
2 3 4346 4347 0 
1 0 
1 0 
1 0 
1 0 
1 0 
1 0 
1 0 
1 0 
2 3 4355 4356 0 
1 0 
1 0 
1 0 
2 3 4359 4360 0 
2 3 4358 4361 0 
2 3 4357 4362 0 
2 3 4354 4363 0 
2 3 4353 4364 0 
2 3 4352 4365 0 
2 3 4351 4366 0 
2 3 4350 4367 0 
2 3 4349 4368 0 
2 3 4348 4369 0 
1 0 
2 3 4370 4371 0 
2 3 4335 4372 0 
3 2 0 4373 
3 2 0 4335 
3 2 0 4329 
3 2 0 4325 
3 2 0 4321 
3 2 0 4324 
3 2 0 4322 
3 2 0 4323 
3 2 0 4328 
3 2 0 4326 
3 2 0 4327 
3 2 0 4334 
3 2 0 4330 
3 2 0 4333 
3 2 0 4331 
3 2 0 4332 
3 2 0 4372 
3 2 0 4370 
3 2 0 4348 
3 2 0 4346 
3 2 0 4336 
3 2 0 4345 
3 2 0 4339 
3 2 0 4337 
3 2 0 4338 
3 2 0 4344 
3 2 0 4340 
3 2 0 4343 
3 2 0 4341 
3 2 0 4342 
3 2 0 4347 
3 2 0 4369 
3 2 0 4349 
3 2 0 4368 
3 2 0 4350 
3 2 0 4367 
3 2 0 4351 
3 2 0 4366 
3 2 0 4352 
3 2 0 4365 
3 2 0 4353 
3 2 0 4364 
3 2 0 4354 
3 2 0 4363 
3 2 0 4357 
3 2 0 4355 
3 2 0 4356 
3 2 0 4362 
3 2 0 4358 
3 2 0 4361 
3 2 0 4359 
3 2 0 4360 
3 2 0 4371 
1 0 
1 0 
1 0 
2 3 4428 4429 0 
2 3 4427 4430 0 
1 0 
1 0 
2 3 4432 4433 0 
1 0 
2 3 4434 4435 0 
1 0 
2 3 4436 4437 0 
1 0 
1 0 
1 0 
2 3 4440 4441 0 
1 0 
1 0 
1 0 
2 3 4444 4445 0 
1 0 
1 0 
1 0 
1 0 
2 3 4449 4450 0 
2 3 4448 4451 0 
1 0 
1 0 
1 0 
1 0 
1 0 
2 3 4456 4457 0 
2 3 4455 4458 0 
2 3 4454 4459 0 
2 3 4453 4460 0 
2 3 4452 4461 0 
2 3 4447 4462 0 
2 3 4446 4463 0 
2 3 4443 4464 0 
2 3 4442 4465 0 
2 3 4439 4466 0 
2 3 4438 4467 0 
1 0 
2 3 4468 4469 0 
2 3 4431 4470 0 
3 2 0 4471 
3 2 0 4431 
3 2 0 4427 
3 2 0 4430 
3 2 0 4428 
3 2 0 4429 
3 2 0 4470 
3 2 0 4468 
3 2 0 4438 
3 2 0 4436 
3 2 0 4434 
3 2 0 4432 
3 2 0 4433 
3 2 0 4435 
3 2 0 4437 
3 2 0 4467 
3 2 0 4439 
3 2 0 4466 
3 2 0 4442 
3 2 0 4440 
3 2 0 4441 
3 2 0 4465 
3 2 0 4443 
3 2 0 4464 
3 2 0 4446 
3 2 0 4444 
3 2 0 4445 
3 2 0 4463 
3 2 0 4447 
3 2 0 4462 
3 2 0 4452 
3 2 0 4448 
3 2 0 4451 
3 2 0 4449 
3 2 0 4450 
3 2 0 4461 
3 2 0 4453 
3 2 0 4460 
3 2 0 4454 
3 2 0 4459 
3 2 0 4455 
3 2 0 4458 
3 2 0 4456 
3 2 0 4457 
3 2 0 4469 
1 0 
1 0 
1 0 
1 0 
1 0 
2 3 4520 4521 0 
2 3 4519 4522 0 
2 3 4518 4523 0 
2 3 4517 4524 0 
3 2 0 4525 
3 2 0 4517 
3 2 0 4524 
3 2 0 4518 
3 2 0 4523 
3 2 0 4519 
3 2 0 4522 
3 2 0 4520 
3 2 0 4521 
1 0 
1 0 
1 0 
1 0 
2 3 4537 4538 0 
2 3 4536 4539 0 
1 0 
1 0 
1 0 
1 0 
2 3 4543 4544 0 
2 3 4542 4545 0 
1 0 
1 0 
1 0 
2 3 4548 4549 0 
1 0 
2 3 4550 4551 0 
2 3 4547 4552 0 
2 3 4546 4553 0 
1 0 
2 3 4554 4555 0 
1 0 
1 0 
1 0 
2 3 4558 4559 0 
2 3 4557 4560 0 
2 3 4556 4561 0 
2 3 4541 4562 0 
2 3 4540 4563 0 
1 0 
2 3 4564 4565 0 
2 3 4535 4566 0 
3 2 0 4567 
3 2 0 4535 
3 2 0 4566 
3 2 0 4564 
3 2 0 4540 
3 2 0 4536 
3 2 0 4539 
3 2 0 4537 
3 2 0 4538 
3 2 0 4563 
3 2 0 4541 
3 2 0 4562 
3 2 0 4556 
3 2 0 4554 
3 2 0 4546 
3 2 0 4542 
3 2 0 4545 
3 2 0 4543 
3 2 0 4544 
3 2 0 4553 
3 2 0 4547 
3 2 0 4552 
3 2 0 4550 
3 2 0 4548 
3 2 0 4549 
3 2 0 4551 
3 2 0 4555 
3 2 0 4561 
3 2 0 4557 
3 2 0 4560 
3 2 0 4558 
3 2 0 4559 
3 2 0 4565 
1 0 
1 0 
1 0 
1 0 
1 0 
2 3 4604 4605 0 
2 3 4603 4606 0 
1 0 
2 3 4607 4608 0 
1 0 
1 0 
2 3 4610 4611 0 
1 0 
1 0 
1 0 
2 3 4614 4615 0 
1 0 
2 3 4616 4617 0 
2 3 4613 4618 0 
2 3 4612 4619 0 
2 3 4609 4620 0 
2 3 4602 4621 0 
1 0 
2 3 4622 4623 0 
2 3 4601 4624 0 
3 2 0 4625 
3 2 0 4601 
3 2 0 4624 
3 2 0 4622 
3 2 0 4602 
3 2 0 4621 
3 2 0 4609 
3 2 0 4607 
3 2 0 4603 
3 2 0 4606 
3 2 0 4604 
3 2 0 4605 
3 2 0 4608 
3 2 0 4620 
3 2 0 4612 
3 2 0 4610 
3 2 0 4611 
3 2 0 4619 
3 2 0 4613 
3 2 0 4618 
3 2 0 4616 
3 2 0 4614 
3 2 0 4615 
3 2 0 4617 
3 2 0 4623 
1 0 
1 0 
1 0 
1 0 
2 3 4653 4654 0 
2 3 4652 4655 0 
1 0 
1 0 
1 0 
1 0 
2 3 4659 4660 0 
2 3 4658 4661 0 
1 0 
2 3 4662 4663 0 
1 0 
1 0 
1 0 
1 0 
1 0 
2 3 4668 4669 0 
2 3 4667 4670 0 
2 3 4666 4671 0 
2 3 4665 4672 0 
2 3 4664 4673 0 
2 3 4657 4674 0 
2 3 4656 4675 0 
1 0 
1 0 
1 0 
2 3 4678 4679 0 
1 0 
1 0 
1 0 
1 0 
2 3 4683 4684 0 
2 3 4682 4685 0 
2 3 4681 4686 0 
2 3 4680 4687 0 
2 3 4677 4688 0 
1 0 
2 3 4689 4690 0 
2 3 4676 4691 0 
2 3 4651 4692 0 
3 2 0 4693 
3 2 0 4651 
3 2 0 4692 
3 2 0 4676 
3 2 0 4656 
3 2 0 4652 
3 2 0 4655 
3 2 0 4653 
3 2 0 4654 
3 2 0 4675 
3 2 0 4657 
3 2 0 4674 
3 2 0 4664 
3 2 0 4662 
3 2 0 4658 
3 2 0 4661 
3 2 0 4659 
3 2 0 4660 
3 2 0 4663 
3 2 0 4673 
3 2 0 4665 
3 2 0 4672 
3 2 0 4666 
3 2 0 4671 
3 2 0 4667 
3 2 0 4670 
3 2 0 4668 
3 2 0 4669 
3 2 0 4691 
3 2 0 4689 
3 2 0 4677 
3 2 0 4688 
3 2 0 4680 
3 2 0 4678 
3 2 0 4679 
3 2 0 4687 
3 2 0 4681 
3 2 0 4686 
3 2 0 4682 
3 2 0 4685 
3 2 0 4683 
3 2 0 4684 
3 2 0 4690 
32 2368 54 55 56 57 58 59 60 61 62 63 64 65 66 67 68 69 70 71 72 73 74 75 76 77 78 79 80 81 82 83 84 85 86 87 88 89 90 91 92 93 94 95 96 97 98 99 100 101 102 103 104 105 106 128 129 130 131 132 133 134 135 136 137 138 139 140 141 142 143 144 145 146 147 148 178 179 180 181 182 183 184 185 186 187 188 189 190 191 192 193 194 195 196 197 198 199 200 201 202 203 204 205 206 242 243 244 245 246 247 248 249 250 251 252 253 254 255 256 257 258 259 260 261 262 263 264 265 266 267 268 269 270 271 272 273 274 275 276 340 341 342 343 344 345 346 347 348 349 350 351 352 353 354 355 356 357 358 359 360 361 362 363 364 365 366 367 368 369 370 371 372 373 374 375 376 377 378 379 380 381 382 383 384 385 386 387 388 389 390 391 392 393 394 395 396 397 398 399 400 401 402 442 443 444 445 446 447 448 449 450 451 452 453 454 455 456 457 458 459 460 461 462 463 464 465 466 467 468 469 470 471 472 473 474 475 476 477 478 479 480 532 533 534 535 536 537 538 539 540 541 542 543 544 545 546 547 548 549 550 551 552 553 554 555 556 557 558 559 560 561 562 563 564 565 566 567 568 569 570 571 572 573 574 575 576 577 578 579 580 581 582 642 643 644 645 646 647 648 649 650 651 652 653 654 655 656 657 658 659 660 661 662 663 664 665 666 667 668 669 670 671 672 673 674 675 676 677 678 679 680 681 682 683 684 685 686 687 688 689 690 691 692 693 694 695 696 697 698 699 700 730 731 732 733 734 735 736 737 738 739 740 741 742 743 744 745 746 747 748 749 750 751 752 753 754 755 756 757 758 776 777 778 779 780 781 782 783 784 785 786 787 788 789 790 791 792 848 849 850 851 852 853 854 855 856 857 858 859 860 861 862 863 864 865 866 867 868 869 870 871 872 873 874 875 876 877 878 879 880 881 882 883 884 885 886 887 888 889 890 891 892 893 894 895 896 897 898 899 900 901 902 960 961 962 963 964 965 966 967 968 969 970 971 972 973 974 975 976 977 978 979 980 981 982 983 984 985 986 987 988 989 990 991 992 993 994 995 996 997 998 999 1000 1001 1002 1003 1004 1005 1006 1007 1008 1009 1010 1011 1012 1013 1014 1015 1016 1068 1069 1070 1071 1072 1073 1074 1075 1076 1077 1078 1079 1080 1081 1082 1083 1084 1085 1086 1087 1088 1089 1090 1091 1092 1093 1094 1095 1096 1097 1098 1099 1100 1101 1102 1103 1104 1105 1106 1107 1108 1109 1110 1111 1112 1113 1114 1115 1116 1117 1118 1166 1167 1168 1169 1170 1171 1172 1173 1174 1175 1176 1177 1178 1179 1180 1181 1182 1183 1184 1185 1186 1187 1188 1189 1190 1191 1192 1193 1194 1195 1196 1197 1198 1199 1200 1201 1202 1203 1204 1205 1206 1207 1208 1209 1210 1211 1212 1246 1247 1248 1249 1250 1251 1252 1253 1254 1255 1256 1257 1258 1259 1260 1261 1262 1263 1264 1265 1266 1267 1268 1269 1270 1271 1272 1273 1274 1275 1276 1277 1278 1332 1333 1334 1335 1336 1337 1338 1339 1340 1341 1342 1343 1344 1345 1346 1347 1348 1349 1350 1351 1352 1353 1354 1355 1356 1357 1358 1359 1360 1361 1362 1363 1364 1365 1366 1367 1368 1369 1370 1371 1372 1373 1374 1375 1376 1377 1378 1379 1380 1381 1382 1383 1384 1410 1411 1412 1413 1414 1415 1416 1417 1418 1419 1420 1421 1422 1423 1424 1425 1426 1427 1428 1429 1430 1431 1432 1433 1434 1450 1451 1452 1453 1454 1455 1456 1457 1458 1459 1460 1461 1462 1463 1464 1522 1523 1524 1525 1526 1527 1528 1529 1530 1531 1532 1533 1534 1535 1536 1537 1538 1539 1540 1541 1542 1543 1544 1545 1546 1547 1548 1549 1550 1551 1552 1553 1554 1555 1556 1557 1558 1559 1560 1561 1562 1563 1564 1565 1566 1567 1568 1569 1570 1571 1572 1573 1574 1575 1576 1577 1578 1594 1595 1596 1597 1598 1599 1600 1601 1602 1603 1604 1605 1606 1607 1608 1648 1649 1650 1651 1652 1653 1654 1655 1656 1657 1658 1659 1660 1661 1662 1663 1664 1665 1666 1667 1668 1669 1670 1671 1672 1673 1674 1675 1676 1677 1678 1679 1680 1681 1682 1683 1684 1685 1686 1720 1721 1722 1723 1724 1725 1726 1727 1728 1729 1730 1731 1732 1733 1734 1735 1736 1737 1738 1739 1740 1741 1742 1743 1744 1745 1746 1747 1748 1749 1750 1751 1752 1814 1815 1816 1817 1818 1819 1820 1821 1822 1823 1824 1825 1826 1827 1828 1829 1830 1831 1832 1833 1834 1835 1836 1837 1838 1839 1840 1841 1842 1843 1844 1845 1846 1847 1848 1849 1850 1851 1852 1853 1854 1855 1856 1857 1858 1859 1860 1861 1862 1863 1864 1865 1866 1867 1868 1869 1870 1871 1872 1873 1874 1926 1927 1928 1929 1930 1931 1932 1933 1934 1935 1936 1937 1938 1939 1940 1941 1942 1943 1944 1945 1946 1947 1948 1949 1950 1951 1952 1953 1954 1955 1956 1957 1958 1959 1960 1961 1962 1963 1964 1965 1966 1967 1968 1969 1970 1971 1972 1973 1974 1975 1976 2026 2027 2028 2029 2030 2031 2032 2033 2034 2035 2036 2037 2038 2039 2040 2041 2042 2043 2044 2045 2046 2047 2048 2049 2050 2051 2052 2053 2054 2055 2056 2057 2058 2059 2060 2061 2062 2063 2064 2065 2066 2067 2068 2069 2070 2071 2072 2073 2074 2108 2109 2110 2111 2112 2113 2114 2115 2116 2117 2118 2119 2120 2121 2122 2123 2124 2125 2126 2127 2128 2129 2130 2131 2132 2133 2134 2135 2136 2137 2138 2139 2140 2158 2159 2160 2161 2162 2163 2164 2165 2166 2167 2168 2169 2170 2171 2172 2173 2174 2200 2201 2202 2203 2204 2205 2206 2207 2208 2209 2210 2211 2212 2213 2214 2215 2216 2217 2218 2219 2220 2221 2222 2223 2224 2278 2279 2280 2281 2282 2283 2284 2285 2286 2287 2288 2289 2290 2291 2292 2293 2294 2295 2296 2297 2298 2299 2300 2301 2302 2303 2304 2305 2306 2307 2308 2309 2310 2311 2312 2313 2314 2315 2316 2317 2318 2319 2320 2321 2322 2323 2324 2325 2326 2327 2328 2329 2330 2364 2365 2366 2367 2368 2369 2370 2371 2372 2373 2374 2375 2376 2377 2378 2379 2380 2381 2382 2383 2384 2385 2386 2387 2388 2389 2390 2391 2392 2393 2394 2395 2396 2442 2443 2444 2445 2446 2447 2448 2449 2450 2451 2452 2453 2454 2455 2456 2457 2458 2459 2460 2461 2462 2463 2464 2465 2466 2467 2468 2469 2470 2471 2472 2473 2474 2475 2476 2477 2478 2479 2480 2481 2482 2483 2484 2485 2486 2530 2531 2532 2533 2534 2535 2536 2537 2538 2539 2540 2541 2542 2543 2544 2545 2546 2547 2548 2549 2550 2551 2552 2553 2554 2555 2556 2557 2558 2559 2560 2561 2562 2563 2564 2565 2566 2567 2568 2569 2570 2571 2572 2618 2619 2620 2621 2622 2623 2624 2625 2626 2627 2628 2629 2630 2631 2632 2633 2634 2635 2636 2637 2638 2639 2640 2641 2642 2643 2644 2645 2646 2647 2648 2649 2650 2651 2652 2653 2654 2655 2656 2657 2658 2659 2660 2661 2662 2702 2703 2704 2705 2706 2707 2708 2709 2710 2711 2712 2713 2714 2715 2716 2717 2718 2719 2720 2721 2722 2723 2724 2725 2726 2727 2728 2729 2730 2731 2732 2733 2734 2735 2736 2737 2738 2739 2740 2768 2769 2770 2771 2772 2773 2774 2775 2776 2777 2778 2779 2780 2781 2782 2783 2784 2785 2786 2787 2788 2789 2790 2791 2792 2793 2794 2830 2831 2832 2833 2834 2835 2836 2837 2838 2839 2840 2841 2842 2843 2844 2845 2846 2847 2848 2849 2850 2851 2852 2853 2854 2855 2856 2857 2858 2859 2860 2861 2862 2863 2864 2902 2903 2904 2905 2906 2907 2908 2909 2910 2911 2912 2913 2914 2915 2916 2917 2918 2919 2920 2921 2922 2923 2924 2925 2926 2927 2928 2929 2930 2931 2932 2933 2934 2935 2936 2937 2938 2994 2995 2996 2997 2998 2999 3000 3001 3002 3003 3004 3005 3006 3007 3008 3009 3010 3011 3012 3013 3014 3015 3016 3017 3018 3019 3020 3021 3022 3023 3024 3025 3026 3027 3028 3029 3030 3031 3032 3033 3034 3035 3036 3037 3038 3039 3040 3041 3042 3043 3044 3045 3046 3047 3048 3086 3087 3088 3089 3090 3091 3092 3093 3094 3095 3096 3097 3098 3099 3100 3101 3102 3103 3104 3105 3106 3107 3108 3109 3110 3111 3112 3113 3114 3115 3116 3117 3118 3119 3120 3121 3122 3148 3149 3150 3151 3152 3153 3154 3155 3156 3157 3158 3159 3160 3161 3162 3163 3164 3165 3166 3167 3168 3169 3170 3171 3172 3222 3223 3224 3225 3226 3227 3228 3229 3230 3231 3232 3233 3234 3235 3236 3237 3238 3239 3240 3241 3242 3243 3244 3245 3246 3247 3248 3249 3250 3251 3252 3253 3254 3255 3256 3257 3258 3259 3260 3261 3262 3263 3264 3265 3266 3267 3268 3269 3270 3282 3283 3284 3285 3286 3287 3288 3289 3290 3291 3292 3330 3331 3332 3333 3334 3335 3336 3337 3338 3339 3340 3341 3342 3343 3344 3345 3346 3347 3348 3349 3350 3351 3352 3353 3354 3355 3356 3357 3358 3359 3360 3361 3362 3363 3364 3365 3366 3414 3415 3416 3417 3418 3419 3420 3421 3422 3423 3424 3425 3426 3427 3428 3429 3430 3431 3432 3433 3434 3435 3436 3437 3438 3439 3440 3441 3442 3443 3444 3445 3446 3447 3448 3449 3450 3451 3452 3453 3454 3455 3456 3457 3458 3459 3460 3500 3501 3502 3503 3504 3505 3506 3507 3508 3509 3510 3511 3512 3513 3514 3515 3516 3517 3518 3519 3520 3521 3522 3523 3524 3525 3526 3527 3528 3529 3530 3531 3532 3533 3534 3535 3536 3537 3538 3574 3575 3576 3577 3578 3579 3580 3581 3582 3583 3584 3585 3586 3587 3588 3589 3590 3591 3592 3593 3594 3595 3596 3597 3598 3599 3600 3601 3602 3603 3604 3605 3606 3607 3608 3670 3671 3672 3673 3674 3675 3676 3677 3678 3679 3680 3681 3682 3683 3684 3685 3686 3687 3688 3689 3690 3691 3692 3693 3694 3695 3696 3697 3698 3699 3700 3701 3702 3703 3704 3705 3706 3707 3708 3709 3710 3711 3712 3713 3714 3715 3716 3717 3718 3719 3720 3721 3722 3723 3724 3725 3726 3727 3728 3729 3730 3744 3745 3746 3747 3748 3749 3750 3751 3752 3753 3754 3755 3756 3796 3797 3798 3799 3800 3801 3802 3803 3804 3805 3806 3807 3808 3809 3810 3811 3812 3813 3814 3815 3816 3817 3818 3819 3820 3821 3822 3823 3824 3825 3826 3827 3828 3829 3830 3831 3832 3833 3834 3870 3871 3872 3873 3874 3875 3876 3877 3878 3879 3880 3881 3882 3883 3884 3885 3886 3887 3888 3889 3890 3891 3892 3893 3894 3895 3896 3897 3898 3899 3900 3901 3902 3903 3904 3918 3919 3920 3921 3922 3923 3924 3925 3926 3927 3928 3929 3930 3970 3971 3972 3973 3974 3975 3976 3977 3978 3979 3980 3981 3982 3983 3984 3985 3986 3987 3988 3989 3990 3991 3992 3993 3994 3995 3996 3997 3998 3999 4000 4001 4002 4003 4004 4005 4006 4007 4008 4046 4047 4048 4049 4050 4051 4052 4053 4054 4055 4056 4057 4058 4059 4060 4061 4062 4063 4064 4065 4066 4067 4068 4069 4070 4071 4072 4073 4074 4075 4076 4077 4078 4079 4080 4081 4082 4100 4101 4102 4103 4104 4105 4106 4107 4108 4109 4110 4111 4112 4113 4114 4115 4116 4138 4139 4140 4141 4142 4143 4144 4145 4146 4147 4148 4149 4150 4151 4152 4153 4154 4155 4156 4157 4158 4188 4189 4190 4191 4192 4193 4194 4195 4196 4197 4198 4199 4200 4201 4202 4203 4204 4205 4206 4207 4208 4209 4210 4211 4212 4213 4214 4215 4216 4258 4259 4260 4261 4262 4263 4264 4265 4266 4267 4268 4269 4270 4271 4272 4273 4274 4275 4276 4277 4278 4279 4280 4281 4282 4283 4284 4285 4286 4287 4288 4289 4290 4291 4292 4293 4294 4295 4296 4297 4298 4310 4311 4312 4313 4314 4315 4316 4317 4318 4319 4320 4374 4375 4376 4377 4378 4379 4380 4381 4382 4383 4384 4385 4386 4387 4388 4389 4390 4391 4392 4393 4394 4395 4396 4397 4398 4399 4400 4401 4402 4403 4404 4405 4406 4407 4408 4409 4410 4411 4412 4413 4414 4415 4416 4417 4418 4419 4420 4421 4422 4423 4424 4425 4426 4472 4473 4474 4475 4476 4477 4478 4479 4480 4481 4482 4483 4484 4485 4486 4487 4488 4489 4490 4491 4492 4493 4494 4495 4496 4497 4498 4499 4500 4501 4502 4503 4504 4505 4506 4507 4508 4509 4510 4511 4512 4513 4514 4515 4516 4526 4527 4528 4529 4530 4531 4532 4533 4534 4568 4569 4570 4571 4572 4573 4574 4575 4576 4577 4578 4579 4580 4581 4582 4583 4584 4585 4586 4587 4588 4589 4590 4591 4592 4593 4594 4595 4596 4597 4598 4599 4600 4626 4627 4628 4629 4630 4631 4632 4633 4634 4635 4636 4637 4638 4639 4640 4641 4642 4643 4644 4645 4646 4647 4648 4649 4650 4694 4695 4696 4697 4698 4699 4700 4701 4702 4703 4704 4705 4706 4707 4708 4709 4710 4711 4712 4713 4714 4715 4716 4717 4718 4719 4720 4721 4722 4723 4724 4725 4726 4727 4728 4729 4730 4731 4732 4733 4734 4735 4736 
