5678
0 0 
1 0 
1 0 
1 0 
1 0 
1 0 
1 0 
2 3 5 6 0 
1 0 
2 3 7 8 0 
2 3 4 9 0 
1 0 
1 0 
1 0 
2 3 12 13 0 
2 3 11 14 0 
2 3 10 15 0 
2 3 3 16 0 
2 3 2 17 0 
1 0 
2 3 18 19 0 
2 3 1 20 0 
3 2 0 21 
3 2 0 1 
3 2 0 20 
3 2 0 18 
3 2 0 2 
3 2 0 17 
3 2 0 3 
3 2 0 16 
3 2 0 10 
3 2 0 4 
3 2 0 9 
3 2 0 7 
3 2 0 5 
3 2 0 6 
3 2 0 8 
3 2 0 15 
3 2 0 11 
3 2 0 14 
3 2 0 12 
3 2 0 13 
3 2 0 19 
1 0 
1 0 
1 0 
1 0 
1 0 
2 3 46 47 0 
1 0 
1 0 
1 0 
1 0 
2 3 51 52 0 
2 3 50 53 0 
2 3 49 54 0 
2 3 48 55 0 
1 0 
1 0 
1 0 
2 3 58 59 0 
1 0 
1 0 
1 0 
1 0 
2 3 63 64 0 
2 3 62 65 0 
2 3 61 66 0 
2 3 60 67 0 
2 3 57 68 0 
2 3 56 69 0 
2 3 45 70 0 
2 3 44 71 0 
2 3 43 72 0 
1 0 
1 0 
1 0 
1 0 
1 0 
1 0 
2 3 78 79 0 
1 0 
1 0 
2 3 81 82 0 
1 0 
1 0 
2 3 84 85 0 
1 0 
1 0 
1 0 
2 3 88 89 0 
1 0 
1 0 
2 3 91 92 0 
2 3 90 93 0 
2 3 87 94 0 
2 3 86 95 0 
1 0 
1 0 
1 0 
1 0 
1 0 
1 0 
1 0 
1 0 
2 3 103 104 0 
2 3 102 105 0 
2 3 101 106 0 
2 3 100 107 0 
2 3 99 108 0 
2 3 98 109 0 
1 0 
1 0 
2 3 111 112 0 
2 3 110 113 0 
2 3 97 114 0 
2 3 96 115 0 
2 3 83 116 0 
2 3 80 117 0 
2 3 77 118 0 
2 3 76 119 0 
1 0 
2 3 120 121 0 
2 3 75 122 0 
2 3 74 123 0 
2 3 73 124 0 
3 2 0 125 
3 2 0 73 
3 2 0 43 
3 2 0 72 
3 2 0 44 
3 2 0 71 
3 2 0 45 
3 2 0 70 
3 2 0 56 
3 2 0 48 
3 2 0 46 
3 2 0 47 
3 2 0 55 
3 2 0 49 
3 2 0 54 
3 2 0 50 
3 2 0 53 
3 2 0 51 
3 2 0 52 
3 2 0 69 
3 2 0 57 
3 2 0 68 
3 2 0 60 
3 2 0 58 
3 2 0 59 
3 2 0 67 
3 2 0 61 
3 2 0 66 
3 2 0 62 
3 2 0 65 
3 2 0 63 
3 2 0 64 
3 2 0 124 
3 2 0 74 
3 2 0 123 
3 2 0 75 
3 2 0 122 
3 2 0 120 
3 2 0 76 
3 2 0 119 
3 2 0 77 
3 2 0 118 
3 2 0 80 
3 2 0 78 
3 2 0 79 
3 2 0 117 
3 2 0 83 
3 2 0 81 
3 2 0 82 
3 2 0 116 
3 2 0 96 
3 2 0 86 
3 2 0 84 
3 2 0 85 
3 2 0 95 
3 2 0 87 
3 2 0 94 
3 2 0 90 
3 2 0 88 
3 2 0 89 
3 2 0 93 
3 2 0 91 
3 2 0 92 
3 2 0 115 
3 2 0 97 
3 2 0 114 
3 2 0 110 
3 2 0 98 
3 2 0 109 
3 2 0 99 
3 2 0 108 
3 2 0 100 
3 2 0 107 
3 2 0 101 
3 2 0 106 
3 2 0 102 
3 2 0 105 
3 2 0 103 
3 2 0 104 
3 2 0 113 
3 2 0 111 
3 2 0 112 
3 2 0 121 
1 0 
1 0 
1 0 
1 0 
1 0 
1 0 
1 0 
2 3 214 215 0 
1 0 
1 0 
1 0 
1 0 
1 0 
2 3 220 221 0 
2 3 219 222 0 
2 3 218 223 0 
2 3 217 224 0 
2 3 216 225 0 
2 3 213 226 0 
2 3 212 227 0 
2 3 211 228 0 
1 0 
2 3 229 230 0 
1 0 
2 3 231 232 0 
1 0 
1 0 
1 0 
1 0 
1 0 
1 0 
1 0 
1 0 
2 3 240 241 0 
1 0 
2 3 242 243 0 
2 3 239 244 0 
2 3 238 245 0 
2 3 237 246 0 
2 3 236 247 0 
2 3 235 248 0 
2 3 234 249 0 
2 3 233 250 0 
1 0 
2 3 251 252 0 
2 3 210 253 0 
2 3 209 254 0 
3 2 0 255 
3 2 0 209 
3 2 0 254 
3 2 0 210 
3 2 0 253 
3 2 0 251 
3 2 0 233 
3 2 0 231 
3 2 0 229 
3 2 0 211 
3 2 0 228 
3 2 0 212 
3 2 0 227 
3 2 0 213 
3 2 0 226 
3 2 0 216 
3 2 0 214 
3 2 0 215 
3 2 0 225 
3 2 0 217 
3 2 0 224 
3 2 0 218 
3 2 0 223 
3 2 0 219 
3 2 0 222 
3 2 0 220 
3 2 0 221 
3 2 0 230 
3 2 0 232 
3 2 0 250 
3 2 0 234 
3 2 0 249 
3 2 0 235 
3 2 0 248 
3 2 0 236 
3 2 0 247 
3 2 0 237 
3 2 0 246 
3 2 0 238 
3 2 0 245 
3 2 0 239 
3 2 0 244 
3 2 0 242 
3 2 0 240 
3 2 0 241 
3 2 0 243 
3 2 0 252 
1 0 
1 0 
1 0 
1 0 
1 0 
1 0 
1 0 
1 0 
2 3 309 310 0 
2 3 308 311 0 
2 3 307 312 0 
2 3 306 313 0 
2 3 305 314 0 
1 0 
2 3 315 316 0 
2 3 304 317 0 
2 3 303 318 0 
3 2 0 319 
3 2 0 303 
3 2 0 318 
3 2 0 304 
3 2 0 317 
3 2 0 315 
3 2 0 305 
3 2 0 314 
3 2 0 306 
3 2 0 313 
3 2 0 307 
3 2 0 312 
3 2 0 308 
3 2 0 311 
3 2 0 309 
3 2 0 310 
3 2 0 316 
1 0 
1 0 
1 0 
2 3 338 339 0 
2 3 337 340 0 
1 0 
1 0 
2 3 342 343 0 
2 3 341 344 0 
1 0 
1 0 
1 0 
1 0 
2 3 348 349 0 
1 0 
1 0 
1 0 
1 0 
1 0 
2 3 354 355 0 
2 3 353 356 0 
1 0 
1 0 
1 0 
1 0 
2 3 360 361 0 
2 3 359 362 0 
1 0 
1 0 
1 0 
1 0 
1 0 
1 0 
1 0 
2 3 369 370 0 
2 3 368 371 0 
2 3 367 372 0 
2 3 366 373 0 
2 3 365 374 0 
2 3 364 375 0 
2 3 363 376 0 
2 3 358 377 0 
2 3 357 378 0 
2 3 352 379 0 
2 3 351 380 0 
2 3 350 381 0 
2 3 347 382 0 
2 3 346 383 0 
1 0 
2 3 384 385 0 
2 3 345 386 0 
3 2 0 387 
3 2 0 345 
3 2 0 341 
3 2 0 337 
3 2 0 340 
3 2 0 338 
3 2 0 339 
3 2 0 344 
3 2 0 342 
3 2 0 343 
3 2 0 386 
3 2 0 384 
3 2 0 346 
3 2 0 383 
3 2 0 347 
3 2 0 382 
3 2 0 350 
3 2 0 348 
3 2 0 349 
3 2 0 381 
3 2 0 351 
3 2 0 380 
3 2 0 352 
3 2 0 379 
3 2 0 357 
3 2 0 353 
3 2 0 356 
3 2 0 354 
3 2 0 355 
3 2 0 378 
3 2 0 358 
3 2 0 377 
3 2 0 363 
3 2 0 359 
3 2 0 362 
3 2 0 360 
3 2 0 361 
3 2 0 376 
3 2 0 364 
3 2 0 375 
3 2 0 365 
3 2 0 374 
3 2 0 366 
3 2 0 373 
3 2 0 367 
3 2 0 372 
3 2 0 368 
3 2 0 371 
3 2 0 369 
3 2 0 370 
3 2 0 385 
1 0 
1 0 
1 0 
2 3 440 441 0 
2 3 439 442 0 
1 0 
1 0 
2 3 444 445 0 
2 3 443 446 0 
1 0 
1 0 
1 0 
1 0 
1 0 
2 3 451 452 0 
2 3 450 453 0 
1 0 
2 3 454 455 0 
2 3 449 456 0 
2 3 448 457 0 
1 0 
1 0 
1 0 
1 0 
1 0 
2 3 462 463 0 
2 3 461 464 0 
2 3 460 465 0 
1 0 
1 0 
1 0 
2 3 468 469 0 
1 0 
1 0 
2 3 471 472 0 
1 0 
1 0 
1 0 
2 3 475 476 0 
1 0 
2 3 477 478 0 
2 3 474 479 0 
2 3 473 480 0 
2 3 470 481 0 
2 3 467 482 0 
2 3 466 483 0 
2 3 459 484 0 
2 3 458 485 0 
1 0 
2 3 486 487 0 
2 3 447 488 0 
3 2 0 489 
3 2 0 447 
3 2 0 443 
3 2 0 439 
3 2 0 442 
3 2 0 440 
3 2 0 441 
3 2 0 446 
3 2 0 444 
3 2 0 445 
3 2 0 488 
3 2 0 486 
3 2 0 458 
3 2 0 448 
3 2 0 457 
3 2 0 449 
3 2 0 456 
3 2 0 454 
3 2 0 450 
3 2 0 453 
3 2 0 451 
3 2 0 452 
3 2 0 455 
3 2 0 485 
3 2 0 459 
3 2 0 484 
3 2 0 466 
3 2 0 460 
3 2 0 465 
3 2 0 461 
3 2 0 464 
3 2 0 462 
3 2 0 463 
3 2 0 483 
3 2 0 467 
3 2 0 482 
3 2 0 470 
3 2 0 468 
3 2 0 469 
3 2 0 481 
3 2 0 473 
3 2 0 471 
3 2 0 472 
3 2 0 480 
3 2 0 474 
3 2 0 479 
3 2 0 477 
3 2 0 475 
3 2 0 476 
3 2 0 478 
3 2 0 487 
1 0 
1 0 
1 0 
1 0 
1 0 
2 3 544 545 0 
2 3 543 546 0 
2 3 542 547 0 
2 3 541 548 0 
1 0 
1 0 
1 0 
1 0 
1 0 
2 3 553 554 0 
2 3 552 555 0 
2 3 551 556 0 
1 0 
1 0 
2 3 558 559 0 
2 3 557 560 0 
2 3 550 561 0 
2 3 549 562 0 
1 0 
1 0 
2 3 564 565 0 
2 3 563 566 0 
1 0 
1 0 
1 0 
2 3 569 570 0 
1 0 
1 0 
1 0 
1 0 
1 0 
1 0 
2 3 576 577 0 
2 3 575 578 0 
1 0 
1 0 
2 3 580 581 0 
2 3 579 582 0 
2 3 574 583 0 
2 3 573 584 0 
2 3 572 585 0 
2 3 571 586 0 
2 3 568 587 0 
2 3 567 588 0 
1 0 
2 3 589 590 0 
3 2 0 591 
3 2 0 589 
3 2 0 567 
3 2 0 563 
3 2 0 549 
3 2 0 541 
3 2 0 548 
3 2 0 542 
3 2 0 547 
3 2 0 543 
3 2 0 546 
3 2 0 544 
3 2 0 545 
3 2 0 562 
3 2 0 550 
3 2 0 561 
3 2 0 557 
3 2 0 551 
3 2 0 556 
3 2 0 552 
3 2 0 555 
3 2 0 553 
3 2 0 554 
3 2 0 560 
3 2 0 558 
3 2 0 559 
3 2 0 566 
3 2 0 564 
3 2 0 565 
3 2 0 588 
3 2 0 568 
3 2 0 587 
3 2 0 571 
3 2 0 569 
3 2 0 570 
3 2 0 586 
3 2 0 572 
3 2 0 585 
3 2 0 573 
3 2 0 584 
3 2 0 574 
3 2 0 583 
3 2 0 579 
3 2 0 575 
3 2 0 578 
3 2 0 576 
3 2 0 577 
3 2 0 582 
3 2 0 580 
3 2 0 581 
3 2 0 590 
1 0 
1 0 
2 3 643 644 0 
1 0 
1 0 
1 0 
1 0 
1 0 
2 3 649 650 0 
2 3 648 651 0 
1 0 
2 3 652 653 0 
1 0 
1 0 
1 0 
2 3 656 657 0 
2 3 655 658 0 
1 0 
1 0 
1 0 
1 0 
2 3 662 663 0 
2 3 661 664 0 
2 3 660 665 0 
2 3 659 666 0 
1 0 
1 0 
1 0 
1 0 
2 3 670 671 0 
2 3 669 672 0 
1 0 
1 0 
2 3 674 675 0 
2 3 673 676 0 
1 0 
2 3 677 678 0 
1 0 
1 0 
2 3 680 681 0 
1 0 
1 0 
2 3 683 684 0 
2 3 682 685 0 
2 3 679 686 0 
2 3 668 687 0 
2 3 667 688 0 
2 3 654 689 0 
2 3 647 690 0 
2 3 646 691 0 
2 3 645 692 0 
3 2 0 693 
3 2 0 645 
3 2 0 643 
3 2 0 644 
3 2 0 692 
3 2 0 646 
3 2 0 691 
3 2 0 647 
3 2 0 690 
3 2 0 654 
3 2 0 652 
3 2 0 648 
3 2 0 651 
3 2 0 649 
3 2 0 650 
3 2 0 653 
3 2 0 689 
3 2 0 667 
3 2 0 659 
3 2 0 655 
3 2 0 658 
3 2 0 656 
3 2 0 657 
3 2 0 666 
3 2 0 660 
3 2 0 665 
3 2 0 661 
3 2 0 664 
3 2 0 662 
3 2 0 663 
3 2 0 688 
3 2 0 668 
3 2 0 687 
3 2 0 679 
3 2 0 677 
3 2 0 673 
3 2 0 669 
3 2 0 672 
3 2 0 670 
3 2 0 671 
3 2 0 676 
3 2 0 674 
3 2 0 675 
3 2 0 678 
3 2 0 686 
3 2 0 682 
3 2 0 680 
3 2 0 681 
3 2 0 685 
3 2 0 683 
3 2 0 684 
1 0 
1 0 
1 0 
1 0 
2 3 747 748 0 
2 3 746 749 0 
2 3 745 750 0 
1 0 
1 0 
1 0 
1 0 
1 0 
1 0 
1 0 
1 0 
2 3 758 759 0 
2 3 757 760 0 
2 3 756 761 0 
1 0 
1 0 
1 0 
1 0 
1 0 
1 0 
2 3 767 768 0 
2 3 766 769 0 
1 0 
2 3 770 771 0 
2 3 765 772 0 
1 0 
1 0 
1 0 
1 0 
2 3 776 777 0 
2 3 775 778 0 
1 0 
1 0 
1 0 
2 3 781 782 0 
2 3 780 783 0 
2 3 779 784 0 
2 3 774 785 0 
2 3 773 786 0 
2 3 764 787 0 
2 3 763 788 0 
2 3 762 789 0 
2 3 755 790 0 
2 3 754 791 0 
1 0 
2 3 792 793 0 
2 3 753 794 0 
2 3 752 795 0 
2 3 751 796 0 
3 2 0 797 
3 2 0 751 
3 2 0 745 
3 2 0 750 
3 2 0 746 
3 2 0 749 
3 2 0 747 
3 2 0 748 
3 2 0 796 
3 2 0 752 
3 2 0 795 
3 2 0 753 
3 2 0 794 
3 2 0 792 
3 2 0 754 
3 2 0 791 
3 2 0 755 
3 2 0 790 
3 2 0 762 
3 2 0 756 
3 2 0 761 
3 2 0 757 
3 2 0 760 
3 2 0 758 
3 2 0 759 
3 2 0 789 
3 2 0 763 
3 2 0 788 
3 2 0 764 
3 2 0 787 
3 2 0 773 
3 2 0 765 
3 2 0 772 
3 2 0 770 
3 2 0 766 
3 2 0 769 
3 2 0 767 
3 2 0 768 
3 2 0 771 
3 2 0 786 
3 2 0 774 
3 2 0 785 
3 2 0 779 
3 2 0 775 
3 2 0 778 
3 2 0 776 
3 2 0 777 
3 2 0 784 
3 2 0 780 
3 2 0 783 
3 2 0 781 
3 2 0 782 
3 2 0 793 
1 0 
1 0 
2 3 851 852 0 
1 0 
1 0 
1 0 
2 3 855 856 0 
1 0 
1 0 
2 3 858 859 0 
1 0 
1 0 
1 0 
2 3 862 863 0 
1 0 
1 0 
1 0 
1 0 
2 3 867 868 0 
2 3 866 869 0 
2 3 865 870 0 
2 3 864 871 0 
2 3 861 872 0 
2 3 860 873 0 
1 0 
2 3 874 875 0 
1 0 
2 3 876 877 0 
1 0 
1 0 
1 0 
1 0 
2 3 881 882 0 
1 0 
2 3 883 884 0 
1 0 
1 0 
1 0 
1 0 
1 0 
2 3 889 890 0 
2 3 888 891 0 
2 3 887 892 0 
1 0 
1 0 
1 0 
1 0 
2 3 896 897 0 
2 3 895 898 0 
2 3 894 899 0 
2 3 893 900 0 
2 3 886 901 0 
2 3 885 902 0 
2 3 880 903 0 
2 3 879 904 0 
2 3 878 905 0 
1 0 
2 3 906 907 0 
2 3 857 908 0 
2 3 854 909 0 
2 3 853 910 0 
3 2 0 911 
3 2 0 853 
3 2 0 851 
3 2 0 852 
3 2 0 910 
3 2 0 854 
3 2 0 909 
3 2 0 857 
3 2 0 855 
3 2 0 856 
3 2 0 908 
3 2 0 906 
3 2 0 878 
3 2 0 876 
3 2 0 874 
3 2 0 860 
3 2 0 858 
3 2 0 859 
3 2 0 873 
3 2 0 861 
3 2 0 872 
3 2 0 864 
3 2 0 862 
3 2 0 863 
3 2 0 871 
3 2 0 865 
3 2 0 870 
3 2 0 866 
3 2 0 869 
3 2 0 867 
3 2 0 868 
3 2 0 875 
3 2 0 877 
3 2 0 905 
3 2 0 879 
3 2 0 904 
3 2 0 880 
3 2 0 903 
3 2 0 885 
3 2 0 883 
3 2 0 881 
3 2 0 882 
3 2 0 884 
3 2 0 902 
3 2 0 886 
3 2 0 901 
3 2 0 893 
3 2 0 887 
3 2 0 892 
3 2 0 888 
3 2 0 891 
3 2 0 889 
3 2 0 890 
3 2 0 900 
3 2 0 894 
3 2 0 899 
3 2 0 895 
3 2 0 898 
3 2 0 896 
3 2 0 897 
3 2 0 907 
1 0 
1 0 
1 0 
1 0 
1 0 
2 3 976 977 0 
1 0 
1 0 
1 0 
2 3 980 981 0 
1 0 
1 0 
1 0 
2 3 984 985 0 
2 3 983 986 0 
1 0 
1 0 
2 3 988 989 0 
1 0 
2 3 990 991 0 
2 3 987 992 0 
2 3 982 993 0 
2 3 979 994 0 
2 3 978 995 0 
1 0 
1 0 
1 0 
1 0 
2 3 999 1000 0 
2 3 998 1001 0 
2 3 997 1002 0 
2 3 996 1003 0 
2 3 975 1004 0 
2 3 974 1005 0 
2 3 973 1006 0 
1 0 
1 0 
1 0 
1 0 
2 3 1010 1011 0 
1 0 
1 0 
1 0 
2 3 1014 1015 0 
1 0 
1 0 
1 0 
1 0 
2 3 1019 1020 0 
2 3 1018 1021 0 
2 3 1017 1022 0 
2 3 1016 1023 0 
2 3 1013 1024 0 
2 3 1012 1025 0 
1 0 
2 3 1026 1027 0 
2 3 1009 1028 0 
2 3 1008 1029 0 
2 3 1007 1030 0 
3 2 0 1031 
3 2 0 1007 
3 2 0 973 
3 2 0 1006 
3 2 0 974 
3 2 0 1005 
3 2 0 975 
3 2 0 1004 
3 2 0 996 
3 2 0 978 
3 2 0 976 
3 2 0 977 
3 2 0 995 
3 2 0 979 
3 2 0 994 
3 2 0 982 
3 2 0 980 
3 2 0 981 
3 2 0 993 
3 2 0 987 
3 2 0 983 
3 2 0 986 
3 2 0 984 
3 2 0 985 
3 2 0 992 
3 2 0 990 
3 2 0 988 
3 2 0 989 
3 2 0 991 
3 2 0 1003 
3 2 0 997 
3 2 0 1002 
3 2 0 998 
3 2 0 1001 
3 2 0 999 
3 2 0 1000 
3 2 0 1030 
3 2 0 1008 
3 2 0 1029 
3 2 0 1009 
3 2 0 1028 
3 2 0 1026 
3 2 0 1012 
3 2 0 1010 
3 2 0 1011 
3 2 0 1025 
3 2 0 1013 
3 2 0 1024 
3 2 0 1016 
3 2 0 1014 
3 2 0 1015 
3 2 0 1023 
3 2 0 1017 
3 2 0 1022 
3 2 0 1018 
3 2 0 1021 
3 2 0 1019 
3 2 0 1020 
3 2 0 1027 
1 0 
1 0 
1 0 
1 0 
1 0 
2 3 1094 1095 0 
1 0 
1 0 
2 3 1097 1098 0 
1 0 
1 0 
1 0 
1 0 
1 0 
2 3 1103 1104 0 
2 3 1102 1105 0 
2 3 1101 1106 0 
2 3 1100 1107 0 
2 3 1099 1108 0 
2 3 1096 1109 0 
2 3 1093 1110 0 
2 3 1092 1111 0 
1 0 
2 3 1112 1113 0 
2 3 1091 1114 0 
3 2 0 1115 
3 2 0 1091 
3 2 0 1114 
3 2 0 1112 
3 2 0 1092 
3 2 0 1111 
3 2 0 1093 
3 2 0 1110 
3 2 0 1096 
3 2 0 1094 
3 2 0 1095 
3 2 0 1109 
3 2 0 1099 
3 2 0 1097 
3 2 0 1098 
3 2 0 1108 
3 2 0 1100 
3 2 0 1107 
3 2 0 1101 
3 2 0 1106 
3 2 0 1102 
3 2 0 1105 
3 2 0 1103 
3 2 0 1104 
3 2 0 1113 
1 0 
1 0 
2 3 1141 1142 0 
1 0 
1 0 
2 3 1144 1145 0 
1 0 
2 3 1146 1147 0 
1 0 
1 0 
1 0 
2 3 1150 1151 0 
2 3 1149 1152 0 
2 3 1148 1153 0 
2 3 1143 1154 0 
1 0 
2 3 1155 1156 0 
1 0 
1 0 
2 3 1158 1159 0 
1 0 
1 0 
2 3 1161 1162 0 
2 3 1160 1163 0 
2 3 1157 1164 0 
1 0 
2 3 1165 1166 0 
1 0 
1 0 
1 0 
1 0 
2 3 1170 1171 0 
1 0 
1 0 
1 0 
1 0 
2 3 1175 1176 0 
2 3 1174 1177 0 
1 0 
1 0 
1 0 
1 0 
1 0 
1 0 
1 0 
2 3 1184 1185 0 
2 3 1183 1186 0 
1 0 
1 0 
1 0 
2 3 1189 1190 0 
2 3 1188 1191 0 
2 3 1187 1192 0 
2 3 1182 1193 0 
2 3 1181 1194 0 
2 3 1180 1195 0 
2 3 1179 1196 0 
2 3 1178 1197 0 
2 3 1173 1198 0 
2 3 1172 1199 0 
2 3 1169 1200 0 
2 3 1168 1201 0 
2 3 1167 1202 0 
1 0 
2 3 1203 1204 0 
3 2 0 1205 
3 2 0 1203 
3 2 0 1167 
3 2 0 1165 
3 2 0 1157 
3 2 0 1155 
3 2 0 1143 
3 2 0 1141 
3 2 0 1142 
3 2 0 1154 
3 2 0 1148 
3 2 0 1146 
3 2 0 1144 
3 2 0 1145 
3 2 0 1147 
3 2 0 1153 
3 2 0 1149 
3 2 0 1152 
3 2 0 1150 
3 2 0 1151 
3 2 0 1156 
3 2 0 1164 
3 2 0 1160 
3 2 0 1158 
3 2 0 1159 
3 2 0 1163 
3 2 0 1161 
3 2 0 1162 
3 2 0 1166 
3 2 0 1202 
3 2 0 1168 
3 2 0 1201 
3 2 0 1169 
3 2 0 1200 
3 2 0 1172 
3 2 0 1170 
3 2 0 1171 
3 2 0 1199 
3 2 0 1173 
3 2 0 1198 
3 2 0 1178 
3 2 0 1174 
3 2 0 1177 
3 2 0 1175 
3 2 0 1176 
3 2 0 1197 
3 2 0 1179 
3 2 0 1196 
3 2 0 1180 
3 2 0 1195 
3 2 0 1181 
3 2 0 1194 
3 2 0 1182 
3 2 0 1193 
3 2 0 1187 
3 2 0 1183 
3 2 0 1186 
3 2 0 1184 
3 2 0 1185 
3 2 0 1192 
3 2 0 1188 
3 2 0 1191 
3 2 0 1189 
3 2 0 1190 
3 2 0 1204 
1 0 
1 0 
1 0 
1 0 
1 0 
1 0 
1 0 
2 3 1276 1277 0 
2 3 1275 1278 0 
2 3 1274 1279 0 
2 3 1273 1280 0 
1 0 
1 0 
1 0 
2 3 1283 1284 0 
1 0 
2 3 1285 1286 0 
1 0 
1 0 
2 3 1288 1289 0 
1 0 
2 3 1290 1291 0 
1 0 
1 0 
2 3 1293 1294 0 
2 3 1292 1295 0 
2 3 1287 1296 0 
1 0 
2 3 1297 1298 0 
1 0 
1 0 
2 3 1300 1301 0 
1 0 
1 0 
1 0 
1 0 
1 0 
1 0 
1 0 
2 3 1308 1309 0 
2 3 1307 1310 0 
2 3 1306 1311 0 
2 3 1305 1312 0 
2 3 1304 1313 0 
2 3 1303 1314 0 
2 3 1302 1315 0 
2 3 1299 1316 0 
2 3 1282 1317 0 
2 3 1281 1318 0 
2 3 1272 1319 0 
1 0 
2 3 1320 1321 0 
2 3 1271 1322 0 
3 2 0 1323 
3 2 0 1271 
3 2 0 1322 
3 2 0 1320 
3 2 0 1272 
3 2 0 1319 
3 2 0 1281 
3 2 0 1273 
3 2 0 1280 
3 2 0 1274 
3 2 0 1279 
3 2 0 1275 
3 2 0 1278 
3 2 0 1276 
3 2 0 1277 
3 2 0 1318 
3 2 0 1282 
3 2 0 1317 
3 2 0 1299 
3 2 0 1297 
3 2 0 1287 
3 2 0 1285 
3 2 0 1283 
3 2 0 1284 
3 2 0 1286 
3 2 0 1296 
3 2 0 1292 
3 2 0 1290 
3 2 0 1288 
3 2 0 1289 
3 2 0 1291 
3 2 0 1295 
3 2 0 1293 
3 2 0 1294 
3 2 0 1298 
3 2 0 1316 
3 2 0 1302 
3 2 0 1300 
3 2 0 1301 
3 2 0 1315 
3 2 0 1303 
3 2 0 1314 
3 2 0 1304 
3 2 0 1313 
3 2 0 1305 
3 2 0 1312 
3 2 0 1306 
3 2 0 1311 
3 2 0 1307 
3 2 0 1310 
3 2 0 1308 
3 2 0 1309 
3 2 0 1321 
1 0 
1 0 
1 0 
1 0 
1 0 
1 0 
2 3 1381 1382 0 
2 3 1380 1383 0 
2 3 1379 1384 0 
2 3 1378 1385 0 
1 0 
1 0 
1 0 
2 3 1388 1389 0 
2 3 1387 1390 0 
1 0 
1 0 
1 0 
1 0 
1 0 
2 3 1395 1396 0 
1 0 
2 3 1397 1398 0 
1 0 
2 3 1399 1400 0 
1 0 
1 0 
1 0 
2 3 1403 1404 0 
2 3 1402 1405 0 
2 3 1401 1406 0 
2 3 1394 1407 0 
2 3 1393 1408 0 
2 3 1392 1409 0 
2 3 1391 1410 0 
1 0 
2 3 1411 1412 0 
2 3 1386 1413 0 
1 0 
2 3 1414 1415 0 
1 0 
1 0 
2 3 1417 1418 0 
1 0 
2 3 1419 1420 0 
2 3 1416 1421 0 
1 0 
2 3 1422 1423 0 
1 0 
1 0 
2 3 1425 1426 0 
2 3 1424 1427 0 
1 0 
2 3 1428 1429 0 
2 3 1377 1430 0 
3 2 0 1431 
3 2 0 1377 
3 2 0 1430 
3 2 0 1428 
3 2 0 1424 
3 2 0 1422 
3 2 0 1416 
3 2 0 1414 
3 2 0 1386 
3 2 0 1378 
3 2 0 1385 
3 2 0 1379 
3 2 0 1384 
3 2 0 1380 
3 2 0 1383 
3 2 0 1381 
3 2 0 1382 
3 2 0 1413 
3 2 0 1411 
3 2 0 1391 
3 2 0 1387 
3 2 0 1390 
3 2 0 1388 
3 2 0 1389 
3 2 0 1410 
3 2 0 1392 
3 2 0 1409 
3 2 0 1393 
3 2 0 1408 
3 2 0 1394 
3 2 0 1407 
3 2 0 1401 
3 2 0 1399 
3 2 0 1397 
3 2 0 1395 
3 2 0 1396 
3 2 0 1398 
3 2 0 1400 
3 2 0 1406 
3 2 0 1402 
3 2 0 1405 
3 2 0 1403 
3 2 0 1404 
3 2 0 1412 
3 2 0 1415 
3 2 0 1421 
3 2 0 1419 
3 2 0 1417 
3 2 0 1418 
3 2 0 1420 
3 2 0 1423 
3 2 0 1427 
3 2 0 1425 
3 2 0 1426 
3 2 0 1429 
1 0 
1 0 
2 3 1487 1488 0 
1 0 
2 3 1489 1490 0 
1 0 
1 0 
1 0 
1 0 
1 0 
2 3 1495 1496 0 
1 0 
1 0 
1 0 
2 3 1499 1500 0 
2 3 1498 1501 0 
2 3 1497 1502 0 
1 0 
1 0 
1 0 
2 3 1505 1506 0 
2 3 1504 1507 0 
2 3 1503 1508 0 
2 3 1494 1509 0 
2 3 1493 1510 0 
2 3 1492 1511 0 
2 3 1491 1512 0 
1 0 
2 3 1513 1514 0 
3 2 0 1515 
3 2 0 1513 
3 2 0 1491 
3 2 0 1489 
3 2 0 1487 
3 2 0 1488 
3 2 0 1490 
3 2 0 1512 
3 2 0 1492 
3 2 0 1511 
3 2 0 1493 
3 2 0 1510 
3 2 0 1494 
3 2 0 1509 
3 2 0 1503 
3 2 0 1497 
3 2 0 1495 
3 2 0 1496 
3 2 0 1502 
3 2 0 1498 
3 2 0 1501 
3 2 0 1499 
3 2 0 1500 
3 2 0 1508 
3 2 0 1504 
3 2 0 1507 
3 2 0 1505 
3 2 0 1506 
3 2 0 1514 
1 0 
1 0 
1 0 
2 3 1546 1547 0 
2 3 1545 1548 0 
1 0 
1 0 
1 0 
1 0 
2 3 1552 1553 0 
2 3 1551 1554 0 
1 0 
1 0 
1 0 
1 0 
1 0 
2 3 1559 1560 0 
1 0 
1 0 
1 0 
2 3 1563 1564 0 
1 0 
1 0 
1 0 
2 3 1567 1568 0 
2 3 1566 1569 0 
2 3 1565 1570 0 
1 0 
2 3 1571 1572 0 
1 0 
1 0 
2 3 1574 1575 0 
1 0 
2 3 1576 1577 0 
1 0 
1 0 
2 3 1579 1580 0 
2 3 1578 1581 0 
2 3 1573 1582 0 
2 3 1562 1583 0 
2 3 1561 1584 0 
2 3 1558 1585 0 
2 3 1557 1586 0 
2 3 1556 1587 0 
2 3 1555 1588 0 
2 3 1550 1589 0 
2 3 1549 1590 0 
1 0 
1 0 
2 3 1592 1593 0 
2 3 1591 1594 0 
3 2 0 1595 
3 2 0 1591 
3 2 0 1549 
3 2 0 1545 
3 2 0 1548 
3 2 0 1546 
3 2 0 1547 
3 2 0 1590 
3 2 0 1550 
3 2 0 1589 
3 2 0 1555 
3 2 0 1551 
3 2 0 1554 
3 2 0 1552 
3 2 0 1553 
3 2 0 1588 
3 2 0 1556 
3 2 0 1587 
3 2 0 1557 
3 2 0 1586 
3 2 0 1558 
3 2 0 1585 
3 2 0 1561 
3 2 0 1559 
3 2 0 1560 
3 2 0 1584 
3 2 0 1562 
3 2 0 1583 
3 2 0 1573 
3 2 0 1571 
3 2 0 1565 
3 2 0 1563 
3 2 0 1564 
3 2 0 1570 
3 2 0 1566 
3 2 0 1569 
3 2 0 1567 
3 2 0 1568 
3 2 0 1572 
3 2 0 1582 
3 2 0 1578 
3 2 0 1576 
3 2 0 1574 
3 2 0 1575 
3 2 0 1577 
3 2 0 1581 
3 2 0 1579 
3 2 0 1580 
3 2 0 1594 
3 2 0 1592 
3 2 0 1593 
1 0 
1 0 
2 3 1647 1648 0 
1 0 
1 0 
1 0 
1 0 
1 0 
1 0 
1 0 
1 0 
2 3 1656 1657 0 
2 3 1655 1658 0 
2 3 1654 1659 0 
1 0 
1 0 
1 0 
1 0 
1 0 
2 3 1664 1665 0 
2 3 1663 1666 0 
2 3 1662 1667 0 
2 3 1661 1668 0 
2 3 1660 1669 0 
2 3 1653 1670 0 
1 0 
2 3 1671 1672 0 
1 0 
2 3 1673 1674 0 
1 0 
1 0 
1 0 
2 3 1677 1678 0 
2 3 1676 1679 0 
1 0 
1 0 
2 3 1681 1682 0 
2 3 1680 1683 0 
2 3 1675 1684 0 
2 3 1652 1685 0 
2 3 1651 1686 0 
1 0 
2 3 1687 1688 0 
2 3 1650 1689 0 
2 3 1649 1690 0 
3 2 0 1691 
3 2 0 1649 
3 2 0 1647 
3 2 0 1648 
3 2 0 1690 
3 2 0 1650 
3 2 0 1689 
3 2 0 1687 
3 2 0 1651 
3 2 0 1686 
3 2 0 1652 
3 2 0 1685 
3 2 0 1675 
3 2 0 1673 
3 2 0 1671 
3 2 0 1653 
3 2 0 1670 
3 2 0 1660 
3 2 0 1654 
3 2 0 1659 
3 2 0 1655 
3 2 0 1658 
3 2 0 1656 
3 2 0 1657 
3 2 0 1669 
3 2 0 1661 
3 2 0 1668 
3 2 0 1662 
3 2 0 1667 
3 2 0 1663 
3 2 0 1666 
3 2 0 1664 
3 2 0 1665 
3 2 0 1672 
3 2 0 1674 
3 2 0 1684 
3 2 0 1680 
3 2 0 1676 
3 2 0 1679 
3 2 0 1677 
3 2 0 1678 
3 2 0 1683 
3 2 0 1681 
3 2 0 1682 
3 2 0 1688 
1 0 
1 0 
1 0 
2 3 1738 1739 0 
1 0 
1 0 
2 3 1741 1742 0 
2 3 1740 1743 0 
1 0 
2 3 1744 1745 0 
2 3 1737 1746 0 
1 0 
2 3 1747 1748 0 
3 2 0 1749 
3 2 0 1747 
3 2 0 1737 
3 2 0 1746 
3 2 0 1744 
3 2 0 1740 
3 2 0 1738 
3 2 0 1739 
3 2 0 1743 
3 2 0 1741 
3 2 0 1742 
3 2 0 1745 
3 2 0 1748 
1 0 
1 0 
1 0 
1 0 
1 0 
1 0 
2 3 1767 1768 0 
2 3 1766 1769 0 
2 3 1765 1770 0 
1 0 
1 0 
1 0 
2 3 1773 1774 0 
1 0 
1 0 
1 0 
1 0 
1 0 
2 3 1779 1780 0 
2 3 1778 1781 0 
2 3 1777 1782 0 
2 3 1776 1783 0 
2 3 1775 1784 0 
2 3 1772 1785 0 
2 3 1771 1786 0 
2 3 1764 1787 0 
1 0 
2 3 1788 1789 0 
2 3 1763 1790 0 
3 2 0 1791 
3 2 0 1763 
3 2 0 1790 
3 2 0 1788 
3 2 0 1764 
3 2 0 1787 
3 2 0 1771 
3 2 0 1765 
3 2 0 1770 
3 2 0 1766 
3 2 0 1769 
3 2 0 1767 
3 2 0 1768 
3 2 0 1786 
3 2 0 1772 
3 2 0 1785 
3 2 0 1775 
3 2 0 1773 
3 2 0 1774 
3 2 0 1784 
3 2 0 1776 
3 2 0 1783 
3 2 0 1777 
3 2 0 1782 
3 2 0 1778 
3 2 0 1781 
3 2 0 1779 
3 2 0 1780 
3 2 0 1789 
1 0 
1 0 
1 0 
1 0 
1 0 
2 3 1824 1825 0 
1 0 
1 0 
2 3 1827 1828 0 
1 0 
2 3 1829 1830 0 
1 0 
1 0 
2 3 1832 1833 0 
2 3 1831 1834 0 
2 3 1826 1835 0 
2 3 1823 1836 0 
2 3 1822 1837 0 
2 3 1821 1838 0 
1 0 
2 3 1839 1840 0 
3 2 0 1841 
3 2 0 1839 
3 2 0 1821 
3 2 0 1838 
3 2 0 1822 
3 2 0 1837 
3 2 0 1823 
3 2 0 1836 
3 2 0 1826 
3 2 0 1824 
3 2 0 1825 
3 2 0 1835 
3 2 0 1831 
3 2 0 1829 
3 2 0 1827 
3 2 0 1828 
3 2 0 1830 
3 2 0 1834 
3 2 0 1832 
3 2 0 1833 
3 2 0 1840 
1 0 
1 0 
2 3 1863 1864 0 
1 0 
1 0 
1 0 
1 0 
1 0 
2 3 1869 1870 0 
2 3 1868 1871 0 
1 0 
2 3 1872 1873 0 
1 0 
1 0 
1 0 
1 0 
1 0 
1 0 
2 3 1879 1880 0 
2 3 1878 1881 0 
2 3 1877 1882 0 
1 0 
1 0 
1 0 
1 0 
1 0 
2 3 1887 1888 0 
1 0 
2 3 1889 1890 0 
1 0 
2 3 1891 1892 0 
1 0 
1 0 
2 3 1894 1895 0 
1 0 
1 0 
1 0 
2 3 1898 1899 0 
2 3 1897 1900 0 
2 3 1896 1901 0 
2 3 1893 1902 0 
2 3 1886 1903 0 
2 3 1885 1904 0 
2 3 1884 1905 0 
2 3 1883 1906 0 
2 3 1876 1907 0 
2 3 1875 1908 0 
2 3 1874 1909 0 
2 3 1867 1910 0 
2 3 1866 1911 0 
1 0 
2 3 1912 1913 0 
2 3 1865 1914 0 
3 2 0 1915 
3 2 0 1865 
3 2 0 1863 
3 2 0 1864 
3 2 0 1914 
3 2 0 1912 
3 2 0 1866 
3 2 0 1911 
3 2 0 1867 
3 2 0 1910 
3 2 0 1874 
3 2 0 1872 
3 2 0 1868 
3 2 0 1871 
3 2 0 1869 
3 2 0 1870 
3 2 0 1873 
3 2 0 1909 
3 2 0 1875 
3 2 0 1908 
3 2 0 1876 
3 2 0 1907 
3 2 0 1883 
3 2 0 1877 
3 2 0 1882 
3 2 0 1878 
3 2 0 1881 
3 2 0 1879 
3 2 0 1880 
3 2 0 1906 
3 2 0 1884 
3 2 0 1905 
3 2 0 1885 
3 2 0 1904 
3 2 0 1886 
3 2 0 1903 
3 2 0 1893 
3 2 0 1891 
3 2 0 1889 
3 2 0 1887 
3 2 0 1888 
3 2 0 1890 
3 2 0 1892 
3 2 0 1902 
3 2 0 1896 
3 2 0 1894 
3 2 0 1895 
3 2 0 1901 
3 2 0 1897 
3 2 0 1900 
3 2 0 1898 
3 2 0 1899 
3 2 0 1913 
1 0 
1 0 
1 0 
1 0 
2 3 1971 1972 0 
2 3 1970 1973 0 
2 3 1969 1974 0 
1 0 
1 0 
1 0 
1 0 
1 0 
2 3 1979 1980 0 
2 3 1978 1981 0 
2 3 1977 1982 0 
1 0 
2 3 1983 1984 0 
1 0 
1 0 
2 3 1986 1987 0 
2 3 1985 1988 0 
2 3 1976 1989 0 
2 3 1975 1990 0 
1 0 
1 0 
1 0 
2 3 1993 1994 0 
1 0 
1 0 
1 0 
1 0 
1 0 
2 3 1999 2000 0 
2 3 1998 2001 0 
2 3 1997 2002 0 
2 3 1996 2003 0 
2 3 1995 2004 0 
1 0 
2 3 2005 2006 0 
2 3 1992 2007 0 
2 3 1991 2008 0 
3 2 0 2009 
3 2 0 1991 
3 2 0 1975 
3 2 0 1969 
3 2 0 1974 
3 2 0 1970 
3 2 0 1973 
3 2 0 1971 
3 2 0 1972 
3 2 0 1990 
3 2 0 1976 
3 2 0 1989 
3 2 0 1985 
3 2 0 1983 
3 2 0 1977 
3 2 0 1982 
3 2 0 1978 
3 2 0 1981 
3 2 0 1979 
3 2 0 1980 
3 2 0 1984 
3 2 0 1988 
3 2 0 1986 
3 2 0 1987 
3 2 0 2008 
3 2 0 1992 
3 2 0 2007 
3 2 0 2005 
3 2 0 1995 
3 2 0 1993 
3 2 0 1994 
3 2 0 2004 
3 2 0 1996 
3 2 0 2003 
3 2 0 1997 
3 2 0 2002 
3 2 0 1998 
3 2 0 2001 
3 2 0 1999 
3 2 0 2000 
3 2 0 2006 
1 0 
1 0 
2 3 2051 2052 0 
1 0 
2 3 2053 2054 0 
1 0 
2 3 2055 2056 0 
1 0 
2 3 2057 2058 0 
1 0 
2 3 2059 2060 0 
1 0 
1 0 
1 0 
2 3 2063 2064 0 
1 0 
1 0 
1 0 
2 3 2067 2068 0 
2 3 2066 2069 0 
1 0 
1 0 
1 0 
1 0 
1 0 
1 0 
2 3 2075 2076 0 
2 3 2074 2077 0 
2 3 2073 2078 0 
2 3 2072 2079 0 
1 0 
2 3 2080 2081 0 
1 0 
1 0 
2 3 2083 2084 0 
2 3 2082 2085 0 
2 3 2071 2086 0 
2 3 2070 2087 0 
2 3 2065 2088 0 
2 3 2062 2089 0 
2 3 2061 2090 0 
1 0 
1 0 
1 0 
1 0 
1 0 
1 0 
1 0 
2 3 2097 2098 0 
2 3 2096 2099 0 
1 0 
1 0 
1 0 
2 3 2102 2103 0 
2 3 2101 2104 0 
2 3 2100 2105 0 
2 3 2095 2106 0 
2 3 2094 2107 0 
1 0 
2 3 2108 2109 0 
1 0 
2 3 2110 2111 0 
2 3 2093 2112 0 
2 3 2092 2113 0 
2 3 2091 2114 0 
3 2 0 2115 
3 2 0 2091 
3 2 0 2061 
3 2 0 2059 
3 2 0 2057 
3 2 0 2055 
3 2 0 2053 
3 2 0 2051 
3 2 0 2052 
3 2 0 2054 
3 2 0 2056 
3 2 0 2058 
3 2 0 2060 
3 2 0 2090 
3 2 0 2062 
3 2 0 2089 
3 2 0 2065 
3 2 0 2063 
3 2 0 2064 
3 2 0 2088 
3 2 0 2070 
3 2 0 2066 
3 2 0 2069 
3 2 0 2067 
3 2 0 2068 
3 2 0 2087 
3 2 0 2071 
3 2 0 2086 
3 2 0 2082 
3 2 0 2080 
3 2 0 2072 
3 2 0 2079 
3 2 0 2073 
3 2 0 2078 
3 2 0 2074 
3 2 0 2077 
3 2 0 2075 
3 2 0 2076 
3 2 0 2081 
3 2 0 2085 
3 2 0 2083 
3 2 0 2084 
3 2 0 2114 
3 2 0 2092 
3 2 0 2113 
3 2 0 2093 
3 2 0 2112 
3 2 0 2110 
3 2 0 2108 
3 2 0 2094 
3 2 0 2107 
3 2 0 2095 
3 2 0 2106 
3 2 0 2100 
3 2 0 2096 
3 2 0 2099 
3 2 0 2097 
3 2 0 2098 
3 2 0 2105 
3 2 0 2101 
3 2 0 2104 
3 2 0 2102 
3 2 0 2103 
3 2 0 2109 
3 2 0 2111 
1 0 
1 0 
1 0 
1 0 
1 0 
2 3 2184 2185 0 
2 3 2183 2186 0 
1 0 
1 0 
1 0 
2 3 2189 2190 0 
2 3 2188 2191 0 
2 3 2187 2192 0 
2 3 2182 2193 0 
1 0 
2 3 2194 2195 0 
2 3 2181 2196 0 
3 2 0 2197 
3 2 0 2181 
3 2 0 2196 
3 2 0 2194 
3 2 0 2182 
3 2 0 2193 
3 2 0 2187 
3 2 0 2183 
3 2 0 2186 
3 2 0 2184 
3 2 0 2185 
3 2 0 2192 
3 2 0 2188 
3 2 0 2191 
3 2 0 2189 
3 2 0 2190 
3 2 0 2195 
1 0 
1 0 
2 3 2215 2216 0 
1 0 
1 0 
1 0 
2 3 2219 2220 0 
2 3 2218 2221 0 
2 3 2217 2222 0 
1 0 
2 3 2223 2224 0 
1 0 
1 0 
2 3 2226 2227 0 
1 0 
1 0 
1 0 
2 3 2230 2231 0 
1 0 
2 3 2232 2233 0 
1 0 
1 0 
2 3 2235 2236 0 
2 3 2234 2237 0 
2 3 2229 2238 0 
2 3 2228 2239 0 
2 3 2225 2240 0 
1 0 
2 3 2241 2242 0 
1 0 
1 0 
1 0 
1 0 
2 3 2246 2247 0 
1 0 
1 0 
1 0 
2 3 2250 2251 0 
1 0 
2 3 2252 2253 0 
2 3 2249 2254 0 
2 3 2248 2255 0 
2 3 2245 2256 0 
1 0 
2 3 2257 2258 0 
1 0 
2 3 2259 2260 0 
2 3 2244 2261 0 
1 0 
1 0 
1 0 
2 3 2264 2265 0 
1 0 
2 3 2266 2267 0 
1 0 
1 0 
1 0 
2 3 2270 2271 0 
1 0 
1 0 
1 0 
2 3 2274 2275 0 
2 3 2273 2276 0 
2 3 2272 2277 0 
2 3 2269 2278 0 
2 3 2268 2279 0 
2 3 2263 2280 0 
2 3 2262 2281 0 
1 0 
2 3 2282 2283 0 
2 3 2243 2284 0 
3 2 0 2285 
3 2 0 2243 
3 2 0 2241 
3 2 0 2225 
3 2 0 2223 
3 2 0 2217 
3 2 0 2215 
3 2 0 2216 
3 2 0 2222 
3 2 0 2218 
3 2 0 2221 
3 2 0 2219 
3 2 0 2220 
3 2 0 2224 
3 2 0 2240 
3 2 0 2228 
3 2 0 2226 
3 2 0 2227 
3 2 0 2239 
3 2 0 2229 
3 2 0 2238 
3 2 0 2234 
3 2 0 2232 
3 2 0 2230 
3 2 0 2231 
3 2 0 2233 
3 2 0 2237 
3 2 0 2235 
3 2 0 2236 
3 2 0 2242 
3 2 0 2284 
3 2 0 2282 
3 2 0 2262 
3 2 0 2244 
3 2 0 2261 
3 2 0 2259 
3 2 0 2257 
3 2 0 2245 
3 2 0 2256 
3 2 0 2248 
3 2 0 2246 
3 2 0 2247 
3 2 0 2255 
3 2 0 2249 
3 2 0 2254 
3 2 0 2252 
3 2 0 2250 
3 2 0 2251 
3 2 0 2253 
3 2 0 2258 
3 2 0 2260 
3 2 0 2281 
3 2 0 2263 
3 2 0 2280 
3 2 0 2268 
3 2 0 2266 
3 2 0 2264 
3 2 0 2265 
3 2 0 2267 
3 2 0 2279 
3 2 0 2269 
3 2 0 2278 
3 2 0 2272 
3 2 0 2270 
3 2 0 2271 
3 2 0 2277 
3 2 0 2273 
3 2 0 2276 
3 2 0 2274 
3 2 0 2275 
3 2 0 2283 
1 0 
1 0 
1 0 
2 3 2358 2359 0 
1 0 
1 0 
1 0 
2 3 2362 2363 0 
2 3 2361 2364 0 
2 3 2360 2365 0 
1 0 
2 3 2366 2367 0 
1 0 
1 0 
1 0 
2 3 2370 2371 0 
1 0 
1 0 
1 0 
1 0 
2 3 2375 2376 0 
1 0 
1 0 
2 3 2378 2379 0 
2 3 2377 2380 0 
2 3 2374 2381 0 
2 3 2373 2382 0 
2 3 2372 2383 0 
2 3 2369 2384 0 
2 3 2368 2385 0 
1 0 
2 3 2386 2387 0 
2 3 2357 2388 0 
3 2 0 2389 
3 2 0 2357 
3 2 0 2388 
3 2 0 2386 
3 2 0 2368 
3 2 0 2366 
3 2 0 2360 
3 2 0 2358 
3 2 0 2359 
3 2 0 2365 
3 2 0 2361 
3 2 0 2364 
3 2 0 2362 
3 2 0 2363 
3 2 0 2367 
3 2 0 2385 
3 2 0 2369 
3 2 0 2384 
3 2 0 2372 
3 2 0 2370 
3 2 0 2371 
3 2 0 2383 
3 2 0 2373 
3 2 0 2382 
3 2 0 2374 
3 2 0 2381 
3 2 0 2377 
3 2 0 2375 
3 2 0 2376 
3 2 0 2380 
3 2 0 2378 
3 2 0 2379 
3 2 0 2387 
1 0 
1 0 
1 0 
1 0 
1 0 
1 0 
1 0 
2 3 2428 2429 0 
2 3 2427 2430 0 
2 3 2426 2431 0 
2 3 2425 2432 0 
1 0 
1 0 
1 0 
2 3 2435 2436 0 
2 3 2434 2437 0 
2 3 2433 2438 0 
2 3 2424 2439 0 
1 0 
2 3 2440 2441 0 
2 3 2423 2442 0 
3 2 0 2443 
3 2 0 2423 
3 2 0 2442 
3 2 0 2440 
3 2 0 2424 
3 2 0 2439 
3 2 0 2433 
3 2 0 2425 
3 2 0 2432 
3 2 0 2426 
3 2 0 2431 
3 2 0 2427 
3 2 0 2430 
3 2 0 2428 
3 2 0 2429 
3 2 0 2438 
3 2 0 2434 
3 2 0 2437 
3 2 0 2435 
3 2 0 2436 
3 2 0 2441 
1 0 
1 0 
2 3 2465 2466 0 
1 0 
1 0 
1 0 
1 0 
2 3 2470 2471 0 
2 3 2469 2472 0 
2 3 2468 2473 0 
1 0 
2 3 2474 2475 0 
2 3 2467 2476 0 
3 2 0 2477 
3 2 0 2467 
3 2 0 2465 
3 2 0 2466 
3 2 0 2476 
3 2 0 2474 
3 2 0 2468 
3 2 0 2473 
3 2 0 2469 
3 2 0 2472 
3 2 0 2470 
3 2 0 2471 
3 2 0 2475 
1 0 
1 0 
1 0 
1 0 
1 0 
2 3 2494 2495 0 
2 3 2493 2496 0 
2 3 2492 2497 0 
1 0 
1 0 
1 0 
1 0 
1 0 
1 0 
1 0 
1 0 
2 3 2505 2506 0 
2 3 2504 2507 0 
2 3 2503 2508 0 
2 3 2502 2509 0 
2 3 2501 2510 0 
2 3 2500 2511 0 
2 3 2499 2512 0 
2 3 2498 2513 0 
1 0 
2 3 2514 2515 0 
2 3 2491 2516 0 
3 2 0 2517 
3 2 0 2491 
3 2 0 2516 
3 2 0 2514 
3 2 0 2498 
3 2 0 2492 
3 2 0 2497 
3 2 0 2493 
3 2 0 2496 
3 2 0 2494 
3 2 0 2495 
3 2 0 2513 
3 2 0 2499 
3 2 0 2512 
3 2 0 2500 
3 2 0 2511 
3 2 0 2501 
3 2 0 2510 
3 2 0 2502 
3 2 0 2509 
3 2 0 2503 
3 2 0 2508 
3 2 0 2504 
3 2 0 2507 
3 2 0 2505 
3 2 0 2506 
3 2 0 2515 
1 0 
1 0 
1 0 
2 3 2546 2547 0 
1 0 
1 0 
1 0 
1 0 
2 3 2551 2552 0 
2 3 2550 2553 0 
2 3 2549 2554 0 
2 3 2548 2555 0 
1 0 
1 0 
1 0 
1 0 
1 0 
2 3 2560 2561 0 
1 0 
2 3 2562 2563 0 
2 3 2559 2564 0 
2 3 2558 2565 0 
2 3 2557 2566 0 
2 3 2556 2567 0 
2 3 2545 2568 0 
1 0 
1 0 
1 0 
1 0 
1 0 
1 0 
1 0 
1 0 
2 3 2576 2577 0 
2 3 2575 2578 0 
2 3 2574 2579 0 
2 3 2573 2580 0 
2 3 2572 2581 0 
1 0 
2 3 2582 2583 0 
2 3 2571 2584 0 
2 3 2570 2585 0 
2 3 2569 2586 0 
3 2 0 2587 
3 2 0 2569 
3 2 0 2545 
3 2 0 2568 
3 2 0 2556 
3 2 0 2548 
3 2 0 2546 
3 2 0 2547 
3 2 0 2555 
3 2 0 2549 
3 2 0 2554 
3 2 0 2550 
3 2 0 2553 
3 2 0 2551 
3 2 0 2552 
3 2 0 2567 
3 2 0 2557 
3 2 0 2566 
3 2 0 2558 
3 2 0 2565 
3 2 0 2559 
3 2 0 2564 
3 2 0 2562 
3 2 0 2560 
3 2 0 2561 
3 2 0 2563 
3 2 0 2586 
3 2 0 2570 
3 2 0 2585 
3 2 0 2571 
3 2 0 2584 
3 2 0 2582 
3 2 0 2572 
3 2 0 2581 
3 2 0 2573 
3 2 0 2580 
3 2 0 2574 
3 2 0 2579 
3 2 0 2575 
3 2 0 2578 
3 2 0 2576 
3 2 0 2577 
3 2 0 2583 
1 0 
1 0 
1 0 
1 0 
1 0 
2 3 2634 2635 0 
2 3 2633 2636 0 
1 0 
2 3 2637 2638 0 
1 0 
1 0 
1 0 
2 3 2641 2642 0 
2 3 2640 2643 0 
1 0 
1 0 
1 0 
1 0 
2 3 2647 2648 0 
2 3 2646 2649 0 
1 0 
1 0 
2 3 2651 2652 0 
2 3 2650 2653 0 
2 3 2645 2654 0 
2 3 2644 2655 0 
2 3 2639 2656 0 
2 3 2632 2657 0 
2 3 2631 2658 0 
1 0 
1 0 
1 0 
1 0 
2 3 2662 2663 0 
1 0 
2 3 2664 2665 0 
1 0 
2 3 2666 2667 0 
2 3 2661 2668 0 
2 3 2660 2669 0 
2 3 2659 2670 0 
3 2 0 2671 
3 2 0 2659 
3 2 0 2631 
3 2 0 2658 
3 2 0 2632 
3 2 0 2657 
3 2 0 2639 
3 2 0 2637 
3 2 0 2633 
3 2 0 2636 
3 2 0 2634 
3 2 0 2635 
3 2 0 2638 
3 2 0 2656 
3 2 0 2644 
3 2 0 2640 
3 2 0 2643 
3 2 0 2641 
3 2 0 2642 
3 2 0 2655 
3 2 0 2645 
3 2 0 2654 
3 2 0 2650 
3 2 0 2646 
3 2 0 2649 
3 2 0 2647 
3 2 0 2648 
3 2 0 2653 
3 2 0 2651 
3 2 0 2652 
3 2 0 2670 
3 2 0 2660 
3 2 0 2669 
3 2 0 2661 
3 2 0 2668 
3 2 0 2666 
3 2 0 2664 
3 2 0 2662 
3 2 0 2663 
3 2 0 2665 
3 2 0 2667 
1 0 
1 0 
1 0 
2 3 2714 2715 0 
1 0 
1 0 
1 0 
2 3 2718 2719 0 
2 3 2717 2720 0 
1 0 
1 0 
1 0 
1 0 
1 0 
2 3 2725 2726 0 
1 0 
2 3 2727 2728 0 
1 0 
2 3 2729 2730 0 
1 0 
2 3 2731 2732 0 
1 0 
2 3 2733 2734 0 
1 0 
2 3 2735 2736 0 
2 3 2724 2737 0 
1 0 
1 0 
1 0 
1 0 
1 0 
2 3 2742 2743 0 
2 3 2741 2744 0 
1 0 
1 0 
1 0 
2 3 2747 2748 0 
1 0 
2 3 2749 2750 0 
1 0 
1 0 
2 3 2752 2753 0 
2 3 2751 2754 0 
2 3 2746 2755 0 
2 3 2745 2756 0 
2 3 2740 2757 0 
1 0 
2 3 2758 2759 0 
2 3 2739 2760 0 
2 3 2738 2761 0 
2 3 2723 2762 0 
2 3 2722 2763 0 
2 3 2721 2764 0 
2 3 2716 2765 0 
2 3 2713 2766 0 
1 0 
2 3 2767 2768 0 
1 0 
2 3 2769 2770 0 
1 0 
1 0 
1 0 
1 0 
1 0 
1 0 
1 0 
1 0 
2 3 2778 2779 0 
2 3 2777 2780 0 
1 0 
1 0 
2 3 2782 2783 0 
2 3 2781 2784 0 
1 0 
2 3 2785 2786 0 
1 0 
1 0 
1 0 
1 0 
1 0 
1 0 
1 0 
2 3 2793 2794 0 
2 3 2792 2795 0 
1 0 
1 0 
2 3 2797 2798 0 
1 0 
2 3 2799 2800 0 
2 3 2796 2801 0 
2 3 2791 2802 0 
2 3 2790 2803 0 
2 3 2789 2804 0 
2 3 2788 2805 0 
2 3 2787 2806 0 
2 3 2776 2807 0 
2 3 2775 2808 0 
2 3 2774 2809 0 
2 3 2773 2810 0 
2 3 2772 2811 0 
2 3 2771 2812 0 
1 0 
2 3 2813 2814 0 
3 2 0 2815 
3 2 0 2813 
3 2 0 2771 
3 2 0 2769 
3 2 0 2767 
3 2 0 2713 
3 2 0 2766 
3 2 0 2716 
3 2 0 2714 
3 2 0 2715 
3 2 0 2765 
3 2 0 2721 
3 2 0 2717 
3 2 0 2720 
3 2 0 2718 
3 2 0 2719 
3 2 0 2764 
3 2 0 2722 
3 2 0 2763 
3 2 0 2723 
3 2 0 2762 
3 2 0 2738 
3 2 0 2724 
3 2 0 2737 
3 2 0 2735 
3 2 0 2733 
3 2 0 2731 
3 2 0 2729 
3 2 0 2727 
3 2 0 2725 
3 2 0 2726 
3 2 0 2728 
3 2 0 2730 
3 2 0 2732 
3 2 0 2734 
3 2 0 2736 
3 2 0 2761 
3 2 0 2739 
3 2 0 2760 
3 2 0 2758 
3 2 0 2740 
3 2 0 2757 
3 2 0 2745 
3 2 0 2741 
3 2 0 2744 
3 2 0 2742 
3 2 0 2743 
3 2 0 2756 
3 2 0 2746 
3 2 0 2755 
3 2 0 2751 
3 2 0 2749 
3 2 0 2747 
3 2 0 2748 
3 2 0 2750 
3 2 0 2754 
3 2 0 2752 
3 2 0 2753 
3 2 0 2759 
3 2 0 2768 
3 2 0 2770 
3 2 0 2812 
3 2 0 2772 
3 2 0 2811 
3 2 0 2773 
3 2 0 2810 
3 2 0 2774 
3 2 0 2809 
3 2 0 2775 
3 2 0 2808 
3 2 0 2776 
3 2 0 2807 
3 2 0 2787 
3 2 0 2785 
3 2 0 2781 
3 2 0 2777 
3 2 0 2780 
3 2 0 2778 
3 2 0 2779 
3 2 0 2784 
3 2 0 2782 
3 2 0 2783 
3 2 0 2786 
3 2 0 2806 
3 2 0 2788 
3 2 0 2805 
3 2 0 2789 
3 2 0 2804 
3 2 0 2790 
3 2 0 2803 
3 2 0 2791 
3 2 0 2802 
3 2 0 2796 
3 2 0 2792 
3 2 0 2795 
3 2 0 2793 
3 2 0 2794 
3 2 0 2801 
3 2 0 2799 
3 2 0 2797 
3 2 0 2798 
3 2 0 2800 
3 2 0 2814 
1 0 
1 0 
1 0 
2 3 2920 2921 0 
2 3 2919 2922 0 
1 0 
1 0 
2 3 2924 2925 0 
1 0 
1 0 
1 0 
1 0 
1 0 
2 3 2930 2931 0 
2 3 2929 2932 0 
2 3 2928 2933 0 
2 3 2927 2934 0 
1 0 
1 0 
2 3 2936 2937 0 
2 3 2935 2938 0 
2 3 2926 2939 0 
2 3 2923 2940 0 
1 0 
2 3 2941 2942 0 
1 0 
1 0 
1 0 
2 3 2945 2946 0 
2 3 2944 2947 0 
1 0 
1 0 
1 0 
1 0 
1 0 
2 3 2952 2953 0 
2 3 2951 2954 0 
1 0 
1 0 
1 0 
2 3 2957 2958 0 
1 0 
1 0 
1 0 
1 0 
2 3 2962 2963 0 
2 3 2961 2964 0 
2 3 2960 2965 0 
2 3 2959 2966 0 
2 3 2956 2967 0 
2 3 2955 2968 0 
2 3 2950 2969 0 
2 3 2949 2970 0 
2 3 2948 2971 0 
2 3 2943 2972 0 
1 0 
2 3 2973 2974 0 
1 0 
2 3 2975 2976 0 
1 0 
1 0 
1 0 
1 0 
1 0 
1 0 
1 0 
2 3 2983 2984 0 
2 3 2982 2985 0 
2 3 2981 2986 0 
2 3 2980 2987 0 
2 3 2979 2988 0 
2 3 2978 2989 0 
2 3 2977 2990 0 
1 0 
2 3 2991 2992 0 
3 2 0 2993 
3 2 0 2991 
3 2 0 2977 
3 2 0 2975 
3 2 0 2973 
3 2 0 2943 
3 2 0 2941 
3 2 0 2923 
3 2 0 2919 
3 2 0 2922 
3 2 0 2920 
3 2 0 2921 
3 2 0 2940 
3 2 0 2926 
3 2 0 2924 
3 2 0 2925 
3 2 0 2939 
3 2 0 2935 
3 2 0 2927 
3 2 0 2934 
3 2 0 2928 
3 2 0 2933 
3 2 0 2929 
3 2 0 2932 
3 2 0 2930 
3 2 0 2931 
3 2 0 2938 
3 2 0 2936 
3 2 0 2937 
3 2 0 2942 
3 2 0 2972 
3 2 0 2948 
3 2 0 2944 
3 2 0 2947 
3 2 0 2945 
3 2 0 2946 
3 2 0 2971 
3 2 0 2949 
3 2 0 2970 
3 2 0 2950 
3 2 0 2969 
3 2 0 2955 
3 2 0 2951 
3 2 0 2954 
3 2 0 2952 
3 2 0 2953 
3 2 0 2968 
3 2 0 2956 
3 2 0 2967 
3 2 0 2959 
3 2 0 2957 
3 2 0 2958 
3 2 0 2966 
3 2 0 2960 
3 2 0 2965 
3 2 0 2961 
3 2 0 2964 
3 2 0 2962 
3 2 0 2963 
3 2 0 2974 
3 2 0 2976 
3 2 0 2990 
3 2 0 2978 
3 2 0 2989 
3 2 0 2979 
3 2 0 2988 
3 2 0 2980 
3 2 0 2987 
3 2 0 2981 
3 2 0 2986 
3 2 0 2982 
3 2 0 2985 
3 2 0 2983 
3 2 0 2984 
3 2 0 2992 
1 0 
1 0 
1 0 
1 0 
1 0 
2 3 3072 3073 0 
2 3 3071 3074 0 
2 3 3070 3075 0 
2 3 3069 3076 0 
1 0 
1 0 
1 0 
1 0 
1 0 
1 0 
1 0 
2 3 3083 3084 0 
2 3 3082 3085 0 
1 0 
1 0 
1 0 
1 0 
2 3 3089 3090 0 
2 3 3088 3091 0 
1 0 
1 0 
2 3 3093 3094 0 
2 3 3092 3095 0 
2 3 3087 3096 0 
2 3 3086 3097 0 
2 3 3081 3098 0 
2 3 3080 3099 0 
1 0 
2 3 3100 3101 0 
1 0 
2 3 3102 3103 0 
1 0 
1 0 
1 0 
1 0 
1 0 
1 0 
1 0 
2 3 3110 3111 0 
2 3 3109 3112 0 
2 3 3108 3113 0 
2 3 3107 3114 0 
2 3 3106 3115 0 
2 3 3105 3116 0 
2 3 3104 3117 0 
1 0 
2 3 3118 3119 0 
2 3 3079 3120 0 
2 3 3078 3121 0 
2 3 3077 3122 0 
3 2 0 3123 
3 2 0 3077 
3 2 0 3069 
3 2 0 3076 
3 2 0 3070 
3 2 0 3075 
3 2 0 3071 
3 2 0 3074 
3 2 0 3072 
3 2 0 3073 
3 2 0 3122 
3 2 0 3078 
3 2 0 3121 
3 2 0 3079 
3 2 0 3120 
3 2 0 3118 
3 2 0 3104 
3 2 0 3102 
3 2 0 3100 
3 2 0 3080 
3 2 0 3099 
3 2 0 3081 
3 2 0 3098 
3 2 0 3086 
3 2 0 3082 
3 2 0 3085 
3 2 0 3083 
3 2 0 3084 
3 2 0 3097 
3 2 0 3087 
3 2 0 3096 
3 2 0 3092 
3 2 0 3088 
3 2 0 3091 
3 2 0 3089 
3 2 0 3090 
3 2 0 3095 
3 2 0 3093 
3 2 0 3094 
3 2 0 3101 
3 2 0 3103 
3 2 0 3117 
3 2 0 3105 
3 2 0 3116 
3 2 0 3106 
3 2 0 3115 
3 2 0 3107 
3 2 0 3114 
3 2 0 3108 
3 2 0 3113 
3 2 0 3109 
3 2 0 3112 
3 2 0 3110 
3 2 0 3111 
3 2 0 3119 
1 0 
1 0 
2 3 3179 3180 0 
1 0 
1 0 
1 0 
1 0 
1 0 
1 0 
2 3 3186 3187 0 
2 3 3185 3188 0 
2 3 3184 3189 0 
2 3 3183 3190 0 
2 3 3182 3191 0 
1 0 
2 3 3192 3193 0 
2 3 3181 3194 0 
3 2 0 3195 
3 2 0 3181 
3 2 0 3179 
3 2 0 3180 
3 2 0 3194 
3 2 0 3192 
3 2 0 3182 
3 2 0 3191 
3 2 0 3183 
3 2 0 3190 
3 2 0 3184 
3 2 0 3189 
3 2 0 3185 
3 2 0 3188 
3 2 0 3186 
3 2 0 3187 
3 2 0 3193 
1 0 
1 0 
2 3 3213 3214 0 
1 0 
1 0 
1 0 
2 3 3217 3218 0 
2 3 3216 3219 0 
2 3 3215 3220 0 
1 0 
2 3 3221 3222 0 
1 0 
1 0 
1 0 
1 0 
1 0 
2 3 3227 3228 0 
2 3 3226 3229 0 
2 3 3225 3230 0 
2 3 3224 3231 0 
2 3 3223 3232 0 
1 0 
2 3 3233 3234 0 
3 2 0 3235 
3 2 0 3233 
3 2 0 3223 
3 2 0 3221 
3 2 0 3215 
3 2 0 3213 
3 2 0 3214 
3 2 0 3220 
3 2 0 3216 
3 2 0 3219 
3 2 0 3217 
3 2 0 3218 
3 2 0 3222 
3 2 0 3232 
3 2 0 3224 
3 2 0 3231 
3 2 0 3225 
3 2 0 3230 
3 2 0 3226 
3 2 0 3229 
3 2 0 3227 
3 2 0 3228 
3 2 0 3234 
1 0 
1 0 
1 0 
2 3 3260 3261 0 
1 0 
1 0 
1 0 
1 0 
1 0 
1 0 
1 0 
1 0 
1 0 
1 0 
2 3 3271 3272 0 
2 3 3270 3273 0 
2 3 3269 3274 0 
2 3 3268 3275 0 
2 3 3267 3276 0 
2 3 3266 3277 0 
2 3 3265 3278 0 
2 3 3264 3279 0 
2 3 3263 3280 0 
2 3 3262 3281 0 
1 0 
2 3 3282 3283 0 
1 0 
2 3 3284 3285 0 
2 3 3259 3286 0 
3 2 0 3287 
3 2 0 3259 
3 2 0 3286 
3 2 0 3284 
3 2 0 3282 
3 2 0 3262 
3 2 0 3260 
3 2 0 3261 
3 2 0 3281 
3 2 0 3263 
3 2 0 3280 
3 2 0 3264 
3 2 0 3279 
3 2 0 3265 
3 2 0 3278 
3 2 0 3266 
3 2 0 3277 
3 2 0 3267 
3 2 0 3276 
3 2 0 3268 
3 2 0 3275 
3 2 0 3269 
3 2 0 3274 
3 2 0 3270 
3 2 0 3273 
3 2 0 3271 
3 2 0 3272 
3 2 0 3283 
3 2 0 3285 
1 0 
1 0 
1 0 
1 0 
2 3 3319 3320 0 
2 3 3318 3321 0 
1 0 
1 0 
2 3 3323 3324 0 
2 3 3322 3325 0 
1 0 
2 3 3326 3327 0 
1 0 
1 0 
1 0 
2 3 3330 3331 0 
2 3 3329 3332 0 
1 0 
1 0 
1 0 
1 0 
2 3 3336 3337 0 
1 0 
2 3 3338 3339 0 
2 3 3335 3340 0 
1 0 
1 0 
2 3 3342 3343 0 
2 3 3341 3344 0 
2 3 3334 3345 0 
1 0 
2 3 3346 3347 0 
1 0 
2 3 3348 3349 0 
1 0 
1 0 
2 3 3351 3352 0 
1 0 
1 0 
1 0 
2 3 3355 3356 0 
2 3 3354 3357 0 
2 3 3353 3358 0 
2 3 3350 3359 0 
1 0 
1 0 
1 0 
1 0 
2 3 3363 3364 0 
1 0 
1 0 
1 0 
2 3 3367 3368 0 
2 3 3366 3369 0 
2 3 3365 3370 0 
2 3 3362 3371 0 
2 3 3361 3372 0 
2 3 3360 3373 0 
1 0 
2 3 3374 3375 0 
1 0 
2 3 3376 3377 0 
2 3 3333 3378 0 
2 3 3328 3379 0 
2 3 3317 3380 0 
3 2 0 3381 
3 2 0 3317 
3 2 0 3380 
3 2 0 3328 
3 2 0 3326 
3 2 0 3322 
3 2 0 3318 
3 2 0 3321 
3 2 0 3319 
3 2 0 3320 
3 2 0 3325 
3 2 0 3323 
3 2 0 3324 
3 2 0 3327 
3 2 0 3379 
3 2 0 3333 
3 2 0 3329 
3 2 0 3332 
3 2 0 3330 
3 2 0 3331 
3 2 0 3378 
3 2 0 3376 
3 2 0 3374 
3 2 0 3360 
3 2 0 3350 
3 2 0 3348 
3 2 0 3346 
3 2 0 3334 
3 2 0 3345 
3 2 0 3341 
3 2 0 3335 
3 2 0 3340 
3 2 0 3338 
3 2 0 3336 
3 2 0 3337 
3 2 0 3339 
3 2 0 3344 
3 2 0 3342 
3 2 0 3343 
3 2 0 3347 
3 2 0 3349 
3 2 0 3359 
3 2 0 3353 
3 2 0 3351 
3 2 0 3352 
3 2 0 3358 
3 2 0 3354 
3 2 0 3357 
3 2 0 3355 
3 2 0 3356 
3 2 0 3373 
3 2 0 3361 
3 2 0 3372 
3 2 0 3362 
3 2 0 3371 
3 2 0 3365 
3 2 0 3363 
3 2 0 3364 
3 2 0 3370 
3 2 0 3366 
3 2 0 3369 
3 2 0 3367 
3 2 0 3368 
3 2 0 3375 
3 2 0 3377 
1 0 
1 0 
1 0 
1 0 
1 0 
1 0 
1 0 
1 0 
2 3 3453 3454 0 
1 0 
2 3 3455 3456 0 
2 3 3452 3457 0 
1 0 
1 0 
1 0 
1 0 
1 0 
1 0 
2 3 3463 3464 0 
1 0 
2 3 3465 3466 0 
1 0 
2 3 3467 3468 0 
1 0 
1 0 
2 3 3470 3471 0 
2 3 3469 3472 0 
1 0 
2 3 3473 3474 0 
1 0 
2 3 3475 3476 0 
2 3 3462 3477 0 
1 0 
2 3 3478 3479 0 
1 0 
1 0 
1 0 
2 3 3482 3483 0 
2 3 3481 3484 0 
1 0 
1 0 
2 3 3486 3487 0 
2 3 3485 3488 0 
2 3 3480 3489 0 
2 3 3461 3490 0 
2 3 3460 3491 0 
1 0 
1 0 
1 0 
2 3 3494 3495 0 
2 3 3493 3496 0 
2 3 3492 3497 0 
2 3 3459 3498 0 
2 3 3458 3499 0 
2 3 3451 3500 0 
2 3 3450 3501 0 
2 3 3449 3502 0 
2 3 3448 3503 0 
1 0 
2 3 3504 3505 0 
2 3 3447 3506 0 
3 2 0 3507 
3 2 0 3447 
3 2 0 3506 
3 2 0 3504 
3 2 0 3448 
3 2 0 3503 
3 2 0 3449 
3 2 0 3502 
3 2 0 3450 
3 2 0 3501 
3 2 0 3451 
3 2 0 3500 
3 2 0 3458 
3 2 0 3452 
3 2 0 3457 
3 2 0 3455 
3 2 0 3453 
3 2 0 3454 
3 2 0 3456 
3 2 0 3499 
3 2 0 3459 
3 2 0 3498 
3 2 0 3492 
3 2 0 3460 
3 2 0 3491 
3 2 0 3461 
3 2 0 3490 
3 2 0 3480 
3 2 0 3478 
3 2 0 3462 
3 2 0 3477 
3 2 0 3475 
3 2 0 3473 
3 2 0 3469 
3 2 0 3467 
3 2 0 3465 
3 2 0 3463 
3 2 0 3464 
3 2 0 3466 
3 2 0 3468 
3 2 0 3472 
3 2 0 3470 
3 2 0 3471 
3 2 0 3474 
3 2 0 3476 
3 2 0 3479 
3 2 0 3489 
3 2 0 3485 
3 2 0 3481 
3 2 0 3484 
3 2 0 3482 
3 2 0 3483 
3 2 0 3488 
3 2 0 3486 
3 2 0 3487 
3 2 0 3497 
3 2 0 3493 
3 2 0 3496 
3 2 0 3494 
3 2 0 3495 
3 2 0 3505 
1 0 
1 0 
1 0 
1 0 
2 3 3571 3572 0 
1 0 
1 0 
1 0 
1 0 
1 0 
2 3 3577 3578 0 
2 3 3576 3579 0 
2 3 3575 3580 0 
1 0 
1 0 
1 0 
1 0 
1 0 
1 0 
2 3 3586 3587 0 
1 0 
2 3 3588 3589 0 
2 3 3585 3590 0 
2 3 3584 3591 0 
2 3 3583 3592 0 
2 3 3582 3593 0 
2 3 3581 3594 0 
2 3 3574 3595 0 
2 3 3573 3596 0 
2 3 3570 3597 0 
1 0 
2 3 3598 3599 0 
2 3 3569 3600 0 
3 2 0 3601 
3 2 0 3569 
3 2 0 3600 
3 2 0 3598 
3 2 0 3570 
3 2 0 3597 
3 2 0 3573 
3 2 0 3571 
3 2 0 3572 
3 2 0 3596 
3 2 0 3574 
3 2 0 3595 
3 2 0 3581 
3 2 0 3575 
3 2 0 3580 
3 2 0 3576 
3 2 0 3579 
3 2 0 3577 
3 2 0 3578 
3 2 0 3594 
3 2 0 3582 
3 2 0 3593 
3 2 0 3583 
3 2 0 3592 
3 2 0 3584 
3 2 0 3591 
3 2 0 3585 
3 2 0 3590 
3 2 0 3588 
3 2 0 3586 
3 2 0 3587 
3 2 0 3589 
3 2 0 3599 
1 0 
1 0 
1 0 
1 0 
2 3 3637 3638 0 
2 3 3636 3639 0 
1 0 
2 3 3640 3641 0 
2 3 3635 3642 0 
1 0 
1 0 
1 0 
1 0 
1 0 
1 0 
2 3 3648 3649 0 
2 3 3647 3650 0 
2 3 3646 3651 0 
1 0 
2 3 3652 3653 0 
1 0 
1 0 
1 0 
1 0 
2 3 3657 3658 0 
2 3 3656 3659 0 
2 3 3655 3660 0 
2 3 3654 3661 0 
1 0 
2 3 3662 3663 0 
1 0 
1 0 
2 3 3665 3666 0 
1 0 
2 3 3667 3668 0 
2 3 3664 3669 0 
1 0 
2 3 3670 3671 0 
1 0 
2 3 3672 3673 0 
1 0 
2 3 3674 3675 0 
1 0 
1 0 
2 3 3677 3678 0 
1 0 
1 0 
2 3 3680 3681 0 
2 3 3679 3682 0 
1 0 
1 0 
1 0 
1 0 
2 3 3686 3687 0 
2 3 3685 3688 0 
2 3 3684 3689 0 
2 3 3683 3690 0 
2 3 3676 3691 0 
1 0 
2 3 3692 3693 0 
2 3 3645 3694 0 
2 3 3644 3695 0 
2 3 3643 3696 0 
3 2 0 3697 
3 2 0 3643 
3 2 0 3635 
3 2 0 3642 
3 2 0 3640 
3 2 0 3636 
3 2 0 3639 
3 2 0 3637 
3 2 0 3638 
3 2 0 3641 
3 2 0 3696 
3 2 0 3644 
3 2 0 3695 
3 2 0 3645 
3 2 0 3694 
3 2 0 3692 
3 2 0 3676 
3 2 0 3674 
3 2 0 3672 
3 2 0 3670 
3 2 0 3664 
3 2 0 3662 
3 2 0 3654 
3 2 0 3652 
3 2 0 3646 
3 2 0 3651 
3 2 0 3647 
3 2 0 3650 
3 2 0 3648 
3 2 0 3649 
3 2 0 3653 
3 2 0 3661 
3 2 0 3655 
3 2 0 3660 
3 2 0 3656 
3 2 0 3659 
3 2 0 3657 
3 2 0 3658 
3 2 0 3663 
3 2 0 3669 
3 2 0 3667 
3 2 0 3665 
3 2 0 3666 
3 2 0 3668 
3 2 0 3671 
3 2 0 3673 
3 2 0 3675 
3 2 0 3691 
3 2 0 3683 
3 2 0 3679 
3 2 0 3677 
3 2 0 3678 
3 2 0 3682 
3 2 0 3680 
3 2 0 3681 
3 2 0 3690 
3 2 0 3684 
3 2 0 3689 
3 2 0 3685 
3 2 0 3688 
3 2 0 3686 
3 2 0 3687 
3 2 0 3693 
1 0 
1 0 
1 0 
1 0 
1 0 
2 3 3764 3765 0 
2 3 3763 3766 0 
2 3 3762 3767 0 
1 0 
2 3 3768 3769 0 
1 0 
1 0 
1 0 
1 0 
1 0 
1 0 
1 0 
2 3 3776 3777 0 
2 3 3775 3778 0 
2 3 3774 3779 0 
2 3 3773 3780 0 
1 0 
2 3 3781 3782 0 
2 3 3772 3783 0 
2 3 3771 3784 0 
2 3 3770 3785 0 
2 3 3761 3786 0 
3 2 0 3787 
3 2 0 3761 
3 2 0 3786 
3 2 0 3770 
3 2 0 3768 
3 2 0 3762 
3 2 0 3767 
3 2 0 3763 
3 2 0 3766 
3 2 0 3764 
3 2 0 3765 
3 2 0 3769 
3 2 0 3785 
3 2 0 3771 
3 2 0 3784 
3 2 0 3772 
3 2 0 3783 
3 2 0 3781 
3 2 0 3773 
3 2 0 3780 
3 2 0 3774 
3 2 0 3779 
3 2 0 3775 
3 2 0 3778 
3 2 0 3776 
3 2 0 3777 
3 2 0 3782 
1 0 
1 0 
1 0 
2 3 3816 3817 0 
1 0 
1 0 
1 0 
1 0 
1 0 
2 3 3822 3823 0 
2 3 3821 3824 0 
2 3 3820 3825 0 
2 3 3819 3826 0 
2 3 3818 3827 0 
2 3 3815 3828 0 
1 0 
2 3 3829 3830 0 
1 0 
2 3 3831 3832 0 
1 0 
1 0 
1 0 
1 0 
2 3 3836 3837 0 
1 0 
1 0 
1 0 
1 0 
2 3 3841 3842 0 
2 3 3840 3843 0 
2 3 3839 3844 0 
2 3 3838 3845 0 
1 0 
2 3 3846 3847 0 
1 0 
1 0 
2 3 3849 3850 0 
1 0 
1 0 
1 0 
2 3 3853 3854 0 
2 3 3852 3855 0 
2 3 3851 3856 0 
2 3 3848 3857 0 
2 3 3835 3858 0 
2 3 3834 3859 0 
2 3 3833 3860 0 
1 0 
2 3 3861 3862 0 
3 2 0 3863 
3 2 0 3861 
3 2 0 3833 
3 2 0 3831 
3 2 0 3829 
3 2 0 3815 
3 2 0 3828 
3 2 0 3818 
3 2 0 3816 
3 2 0 3817 
3 2 0 3827 
3 2 0 3819 
3 2 0 3826 
3 2 0 3820 
3 2 0 3825 
3 2 0 3821 
3 2 0 3824 
3 2 0 3822 
3 2 0 3823 
3 2 0 3830 
3 2 0 3832 
3 2 0 3860 
3 2 0 3834 
3 2 0 3859 
3 2 0 3835 
3 2 0 3858 
3 2 0 3848 
3 2 0 3846 
3 2 0 3838 
3 2 0 3836 
3 2 0 3837 
3 2 0 3845 
3 2 0 3839 
3 2 0 3844 
3 2 0 3840 
3 2 0 3843 
3 2 0 3841 
3 2 0 3842 
3 2 0 3847 
3 2 0 3857 
3 2 0 3851 
3 2 0 3849 
3 2 0 3850 
3 2 0 3856 
3 2 0 3852 
3 2 0 3855 
3 2 0 3853 
3 2 0 3854 
3 2 0 3862 
1 0 
1 0 
1 0 
1 0 
2 3 3915 3916 0 
2 3 3914 3917 0 
2 3 3913 3918 0 
1 0 
1 0 
1 0 
1 0 
2 3 3922 3923 0 
2 3 3921 3924 0 
2 3 3920 3925 0 
2 3 3919 3926 0 
1 0 
1 0 
1 0 
2 3 3929 3930 0 
1 0 
1 0 
2 3 3932 3933 0 
2 3 3931 3934 0 
1 0 
2 3 3935 3936 0 
1 0 
1 0 
1 0 
2 3 3939 3940 0 
2 3 3938 3941 0 
2 3 3937 3942 0 
1 0 
2 3 3943 3944 0 
1 0 
2 3 3945 3946 0 
1 0 
1 0 
1 0 
2 3 3949 3950 0 
2 3 3948 3951 0 
1 0 
1 0 
1 0 
2 3 3954 3955 0 
2 3 3953 3956 0 
2 3 3952 3957 0 
2 3 3947 3958 0 
2 3 3928 3959 0 
2 3 3927 3960 0 
1 0 
2 3 3961 3962 0 
3 2 0 3963 
3 2 0 3961 
3 2 0 3927 
3 2 0 3919 
3 2 0 3913 
3 2 0 3918 
3 2 0 3914 
3 2 0 3917 
3 2 0 3915 
3 2 0 3916 
3 2 0 3926 
3 2 0 3920 
3 2 0 3925 
3 2 0 3921 
3 2 0 3924 
3 2 0 3922 
3 2 0 3923 
3 2 0 3960 
3 2 0 3928 
3 2 0 3959 
3 2 0 3947 
3 2 0 3945 
3 2 0 3943 
3 2 0 3937 
3 2 0 3935 
3 2 0 3931 
3 2 0 3929 
3 2 0 3930 
3 2 0 3934 
3 2 0 3932 
3 2 0 3933 
3 2 0 3936 
3 2 0 3942 
3 2 0 3938 
3 2 0 3941 
3 2 0 3939 
3 2 0 3940 
3 2 0 3944 
3 2 0 3946 
3 2 0 3958 
3 2 0 3952 
3 2 0 3948 
3 2 0 3951 
3 2 0 3949 
3 2 0 3950 
3 2 0 3957 
3 2 0 3953 
3 2 0 3956 
3 2 0 3954 
3 2 0 3955 
3 2 0 3962 
1 0 
1 0 
1 0 
1 0 
1 0 
2 3 4018 4019 0 
1 0 
1 0 
2 3 4021 4022 0 
2 3 4020 4023 0 
2 3 4017 4024 0 
2 3 4016 4025 0 
1 0 
1 0 
2 3 4027 4028 0 
1 0 
1 0 
2 3 4030 4031 0 
2 3 4029 4032 0 
2 3 4026 4033 0 
1 0 
2 3 4034 4035 0 
2 3 4015 4036 0 
3 2 0 4037 
3 2 0 4015 
3 2 0 4036 
3 2 0 4034 
3 2 0 4026 
3 2 0 4016 
3 2 0 4025 
3 2 0 4017 
3 2 0 4024 
3 2 0 4020 
3 2 0 4018 
3 2 0 4019 
3 2 0 4023 
3 2 0 4021 
3 2 0 4022 
3 2 0 4033 
3 2 0 4029 
3 2 0 4027 
3 2 0 4028 
3 2 0 4032 
3 2 0 4030 
3 2 0 4031 
3 2 0 4035 
1 0 
1 0 
1 0 
1 0 
1 0 
1 0 
1 0 
1 0 
2 3 4067 4068 0 
2 3 4066 4069 0 
1 0 
1 0 
1 0 
1 0 
1 0 
2 3 4074 4075 0 
2 3 4073 4076 0 
2 3 4072 4077 0 
2 3 4071 4078 0 
2 3 4070 4079 0 
2 3 4065 4080 0 
2 3 4064 4081 0 
2 3 4063 4082 0 
2 3 4062 4083 0 
2 3 4061 4084 0 
1 0 
1 0 
1 0 
1 0 
2 3 4088 4089 0 
2 3 4087 4090 0 
1 0 
1 0 
1 0 
1 0 
1 0 
1 0 
2 3 4096 4097 0 
1 0 
2 3 4098 4099 0 
1 0 
1 0 
2 3 4101 4102 0 
2 3 4100 4103 0 
2 3 4095 4104 0 
2 3 4094 4105 0 
2 3 4093 4106 0 
2 3 4092 4107 0 
1 0 
2 3 4108 4109 0 
2 3 4091 4110 0 
2 3 4086 4111 0 
2 3 4085 4112 0 
3 2 0 4113 
3 2 0 4085 
3 2 0 4061 
3 2 0 4084 
3 2 0 4062 
3 2 0 4083 
3 2 0 4063 
3 2 0 4082 
3 2 0 4064 
3 2 0 4081 
3 2 0 4065 
3 2 0 4080 
3 2 0 4070 
3 2 0 4066 
3 2 0 4069 
3 2 0 4067 
3 2 0 4068 
3 2 0 4079 
3 2 0 4071 
3 2 0 4078 
3 2 0 4072 
3 2 0 4077 
3 2 0 4073 
3 2 0 4076 
3 2 0 4074 
3 2 0 4075 
3 2 0 4112 
3 2 0 4086 
3 2 0 4111 
3 2 0 4091 
3 2 0 4087 
3 2 0 4090 
3 2 0 4088 
3 2 0 4089 
3 2 0 4110 
3 2 0 4108 
3 2 0 4092 
3 2 0 4107 
3 2 0 4093 
3 2 0 4106 
3 2 0 4094 
3 2 0 4105 
3 2 0 4095 
3 2 0 4104 
3 2 0 4100 
3 2 0 4098 
3 2 0 4096 
3 2 0 4097 
3 2 0 4099 
3 2 0 4103 
3 2 0 4101 
3 2 0 4102 
3 2 0 4109 
1 0 
1 0 
1 0 
1 0 
1 0 
1 0 
1 0 
1 0 
1 0 
1 0 
2 3 4175 4176 0 
2 3 4174 4177 0 
2 3 4173 4178 0 
2 3 4172 4179 0 
2 3 4171 4180 0 
2 3 4170 4181 0 
2 3 4169 4182 0 
2 3 4168 4183 0 
2 3 4167 4184 0 
1 0 
1 0 
1 0 
1 0 
1 0 
2 3 4189 4190 0 
1 0 
1 0 
1 0 
2 3 4193 4194 0 
1 0 
2 3 4195 4196 0 
1 0 
2 3 4197 4198 0 
1 0 
1 0 
1 0 
1 0 
1 0 
1 0 
1 0 
1 0 
1 0 
1 0 
2 3 4208 4209 0 
2 3 4207 4210 0 
1 0 
1 0 
1 0 
1 0 
2 3 4214 4215 0 
2 3 4213 4216 0 
2 3 4212 4217 0 
2 3 4211 4218 0 
2 3 4206 4219 0 
2 3 4205 4220 0 
2 3 4204 4221 0 
2 3 4203 4222 0 
2 3 4202 4223 0 
2 3 4201 4224 0 
2 3 4200 4225 0 
2 3 4199 4226 0 
2 3 4192 4227 0 
2 3 4191 4228 0 
2 3 4188 4229 0 
1 0 
2 3 4230 4231 0 
2 3 4187 4232 0 
2 3 4186 4233 0 
2 3 4185 4234 0 
3 2 0 4235 
3 2 0 4185 
3 2 0 4167 
3 2 0 4184 
3 2 0 4168 
3 2 0 4183 
3 2 0 4169 
3 2 0 4182 
3 2 0 4170 
3 2 0 4181 
3 2 0 4171 
3 2 0 4180 
3 2 0 4172 
3 2 0 4179 
3 2 0 4173 
3 2 0 4178 
3 2 0 4174 
3 2 0 4177 
3 2 0 4175 
3 2 0 4176 
3 2 0 4234 
3 2 0 4186 
3 2 0 4233 
3 2 0 4187 
3 2 0 4232 
3 2 0 4230 
3 2 0 4188 
3 2 0 4229 
3 2 0 4191 
3 2 0 4189 
3 2 0 4190 
3 2 0 4228 
3 2 0 4192 
3 2 0 4227 
3 2 0 4199 
3 2 0 4197 
3 2 0 4195 
3 2 0 4193 
3 2 0 4194 
3 2 0 4196 
3 2 0 4198 
3 2 0 4226 
3 2 0 4200 
3 2 0 4225 
3 2 0 4201 
3 2 0 4224 
3 2 0 4202 
3 2 0 4223 
3 2 0 4203 
3 2 0 4222 
3 2 0 4204 
3 2 0 4221 
3 2 0 4205 
3 2 0 4220 
3 2 0 4206 
3 2 0 4219 
3 2 0 4211 
3 2 0 4207 
3 2 0 4210 
3 2 0 4208 
3 2 0 4209 
3 2 0 4218 
3 2 0 4212 
3 2 0 4217 
3 2 0 4213 
3 2 0 4216 
3 2 0 4214 
3 2 0 4215 
3 2 0 4231 
1 0 
1 0 
1 0 
1 0 
1 0 
2 3 4308 4309 0 
2 3 4307 4310 0 
2 3 4306 4311 0 
2 3 4305 4312 0 
1 0 
2 3 4313 4314 0 
1 0 
1 0 
1 0 
1 0 
2 3 4318 4319 0 
2 3 4317 4320 0 
2 3 4316 4321 0 
1 0 
1 0 
1 0 
2 3 4324 4325 0 
2 3 4323 4326 0 
2 3 4322 4327 0 
2 3 4315 4328 0 
1 0 
2 3 4329 4330 0 
1 0 
1 0 
2 3 4332 4333 0 
1 0 
1 0 
1 0 
2 3 4336 4337 0 
1 0 
1 0 
2 3 4339 4340 0 
1 0 
1 0 
1 0 
1 0 
2 3 4344 4345 0 
2 3 4343 4346 0 
2 3 4342 4347 0 
1 0 
1 0 
1 0 
1 0 
2 3 4351 4352 0 
2 3 4350 4353 0 
2 3 4349 4354 0 
2 3 4348 4355 0 
1 0 
2 3 4356 4357 0 
1 0 
1 0 
1 0 
1 0 
2 3 4361 4362 0 
2 3 4360 4363 0 
2 3 4359 4364 0 
2 3 4358 4365 0 
2 3 4341 4366 0 
2 3 4338 4367 0 
2 3 4335 4368 0 
2 3 4334 4369 0 
2 3 4331 4370 0 
1 0 
2 3 4371 4372 0 
3 2 0 4373 
3 2 0 4371 
3 2 0 4331 
3 2 0 4329 
3 2 0 4315 
3 2 0 4313 
3 2 0 4305 
3 2 0 4312 
3 2 0 4306 
3 2 0 4311 
3 2 0 4307 
3 2 0 4310 
3 2 0 4308 
3 2 0 4309 
3 2 0 4314 
3 2 0 4328 
3 2 0 4322 
3 2 0 4316 
3 2 0 4321 
3 2 0 4317 
3 2 0 4320 
3 2 0 4318 
3 2 0 4319 
3 2 0 4327 
3 2 0 4323 
3 2 0 4326 
3 2 0 4324 
3 2 0 4325 
3 2 0 4330 
3 2 0 4370 
3 2 0 4334 
3 2 0 4332 
3 2 0 4333 
3 2 0 4369 
3 2 0 4335 
3 2 0 4368 
3 2 0 4338 
3 2 0 4336 
3 2 0 4337 
3 2 0 4367 
3 2 0 4341 
3 2 0 4339 
3 2 0 4340 
3 2 0 4366 
3 2 0 4358 
3 2 0 4356 
3 2 0 4348 
3 2 0 4342 
3 2 0 4347 
3 2 0 4343 
3 2 0 4346 
3 2 0 4344 
3 2 0 4345 
3 2 0 4355 
3 2 0 4349 
3 2 0 4354 
3 2 0 4350 
3 2 0 4353 
3 2 0 4351 
3 2 0 4352 
3 2 0 4357 
3 2 0 4365 
3 2 0 4359 
3 2 0 4364 
3 2 0 4360 
3 2 0 4363 
3 2 0 4361 
3 2 0 4362 
3 2 0 4372 
1 0 
1 0 
1 0 
1 0 
2 3 4445 4446 0 
2 3 4444 4447 0 
2 3 4443 4448 0 
1 0 
1 0 
1 0 
2 3 4451 4452 0 
1 0 
1 0 
1 0 
1 0 
2 3 4456 4457 0 
2 3 4455 4458 0 
2 3 4454 4459 0 
1 0 
1 0 
1 0 
1 0 
1 0 
2 3 4464 4465 0 
2 3 4463 4466 0 
2 3 4462 4467 0 
2 3 4461 4468 0 
2 3 4460 4469 0 
1 0 
1 0 
1 0 
2 3 4472 4473 0 
1 0 
1 0 
2 3 4475 4476 0 
1 0 
2 3 4477 4478 0 
2 3 4474 4479 0 
2 3 4471 4480 0 
2 3 4470 4481 0 
1 0 
2 3 4482 4483 0 
2 3 4453 4484 0 
2 3 4450 4485 0 
2 3 4449 4486 0 
3 2 0 4487 
3 2 0 4449 
3 2 0 4443 
3 2 0 4448 
3 2 0 4444 
3 2 0 4447 
3 2 0 4445 
3 2 0 4446 
3 2 0 4486 
3 2 0 4450 
3 2 0 4485 
3 2 0 4453 
3 2 0 4451 
3 2 0 4452 
3 2 0 4484 
3 2 0 4482 
3 2 0 4470 
3 2 0 4460 
3 2 0 4454 
3 2 0 4459 
3 2 0 4455 
3 2 0 4458 
3 2 0 4456 
3 2 0 4457 
3 2 0 4469 
3 2 0 4461 
3 2 0 4468 
3 2 0 4462 
3 2 0 4467 
3 2 0 4463 
3 2 0 4466 
3 2 0 4464 
3 2 0 4465 
3 2 0 4481 
3 2 0 4471 
3 2 0 4480 
3 2 0 4474 
3 2 0 4472 
3 2 0 4473 
3 2 0 4479 
3 2 0 4477 
3 2 0 4475 
3 2 0 4476 
3 2 0 4478 
3 2 0 4483 
1 0 
1 0 
2 3 4533 4534 0 
1 0 
1 0 
1 0 
1 0 
2 3 4538 4539 0 
2 3 4537 4540 0 
2 3 4536 4541 0 
2 3 4535 4542 0 
1 0 
1 0 
1 0 
1 0 
1 0 
1 0 
2 3 4548 4549 0 
2 3 4547 4550 0 
2 3 4546 4551 0 
2 3 4545 4552 0 
2 3 4544 4553 0 
1 0 
2 3 4554 4555 0 
2 3 4543 4556 0 
3 2 0 4557 
3 2 0 4543 
3 2 0 4535 
3 2 0 4533 
3 2 0 4534 
3 2 0 4542 
3 2 0 4536 
3 2 0 4541 
3 2 0 4537 
3 2 0 4540 
3 2 0 4538 
3 2 0 4539 
3 2 0 4556 
3 2 0 4554 
3 2 0 4544 
3 2 0 4553 
3 2 0 4545 
3 2 0 4552 
3 2 0 4546 
3 2 0 4551 
3 2 0 4547 
3 2 0 4550 
3 2 0 4548 
3 2 0 4549 
3 2 0 4555 
1 0 
1 0 
2 3 4583 4584 0 
1 0 
1 0 
2 3 4586 4587 0 
2 3 4585 4588 0 
1 0 
1 0 
1 0 
1 0 
1 0 
1 0 
1 0 
1 0 
1 0 
1 0 
1 0 
1 0 
2 3 4600 4601 0 
2 3 4599 4602 0 
2 3 4598 4603 0 
2 3 4597 4604 0 
2 3 4596 4605 0 
2 3 4595 4606 0 
1 0 
2 3 4607 4608 0 
2 3 4594 4609 0 
2 3 4593 4610 0 
2 3 4592 4611 0 
2 3 4591 4612 0 
2 3 4590 4613 0 
1 0 
2 3 4614 4615 0 
2 3 4589 4616 0 
3 2 0 4617 
3 2 0 4589 
3 2 0 4585 
3 2 0 4583 
3 2 0 4584 
3 2 0 4588 
3 2 0 4586 
3 2 0 4587 
3 2 0 4616 
3 2 0 4614 
3 2 0 4590 
3 2 0 4613 
3 2 0 4591 
3 2 0 4612 
3 2 0 4592 
3 2 0 4611 
3 2 0 4593 
3 2 0 4610 
3 2 0 4594 
3 2 0 4609 
3 2 0 4607 
3 2 0 4595 
3 2 0 4606 
3 2 0 4596 
3 2 0 4605 
3 2 0 4597 
3 2 0 4604 
3 2 0 4598 
3 2 0 4603 
3 2 0 4599 
3 2 0 4602 
3 2 0 4600 
3 2 0 4601 
3 2 0 4608 
3 2 0 4615 
1 0 
1 0 
1 0 
2 3 4654 4655 0 
1 0 
1 0 
1 0 
1 0 
1 0 
1 0 
2 3 4661 4662 0 
2 3 4660 4663 0 
1 0 
2 3 4664 4665 0 
1 0 
1 0 
1 0 
1 0 
1 0 
1 0 
1 0 
1 0 
2 3 4673 4674 0 
2 3 4672 4675 0 
1 0 
1 0 
1 0 
2 3 4678 4679 0 
2 3 4677 4680 0 
2 3 4676 4681 0 
2 3 4671 4682 0 
2 3 4670 4683 0 
2 3 4669 4684 0 
1 0 
1 0 
2 3 4686 4687 0 
2 3 4685 4688 0 
1 0 
2 3 4689 4690 0 
1 0 
1 0 
1 0 
1 0 
1 0 
2 3 4695 4696 0 
2 3 4694 4697 0 
2 3 4693 4698 0 
2 3 4692 4699 0 
2 3 4691 4700 0 
2 3 4668 4701 0 
2 3 4667 4702 0 
2 3 4666 4703 0 
2 3 4659 4704 0 
2 3 4658 4705 0 
2 3 4657 4706 0 
2 3 4656 4707 0 
1 0 
2 3 4708 4709 0 
2 3 4653 4710 0 
3 2 0 4711 
3 2 0 4653 
3 2 0 4710 
3 2 0 4708 
3 2 0 4656 
3 2 0 4654 
3 2 0 4655 
3 2 0 4707 
3 2 0 4657 
3 2 0 4706 
3 2 0 4658 
3 2 0 4705 
3 2 0 4659 
3 2 0 4704 
3 2 0 4666 
3 2 0 4664 
3 2 0 4660 
3 2 0 4663 
3 2 0 4661 
3 2 0 4662 
3 2 0 4665 
3 2 0 4703 
3 2 0 4667 
3 2 0 4702 
3 2 0 4668 
3 2 0 4701 
3 2 0 4691 
3 2 0 4689 
3 2 0 4685 
3 2 0 4669 
3 2 0 4684 
3 2 0 4670 
3 2 0 4683 
3 2 0 4671 
3 2 0 4682 
3 2 0 4676 
3 2 0 4672 
3 2 0 4675 
3 2 0 4673 
3 2 0 4674 
3 2 0 4681 
3 2 0 4677 
3 2 0 4680 
3 2 0 4678 
3 2 0 4679 
3 2 0 4688 
3 2 0 4686 
3 2 0 4687 
3 2 0 4690 
3 2 0 4700 
3 2 0 4692 
3 2 0 4699 
3 2 0 4693 
3 2 0 4698 
3 2 0 4694 
3 2 0 4697 
3 2 0 4695 
3 2 0 4696 
3 2 0 4709 
1 0 
1 0 
1 0 
1 0 
1 0 
1 0 
2 3 4775 4776 0 
2 3 4774 4777 0 
2 3 4773 4778 0 
2 3 4772 4779 0 
2 3 4771 4780 0 
1 0 
2 3 4781 4782 0 
1 0 
1 0 
1 0 
2 3 4785 4786 0 
1 0 
2 3 4787 4788 0 
2 3 4784 4789 0 
1 0 
2 3 4790 4791 0 
2 3 4783 4792 0 
3 2 0 4793 
3 2 0 4783 
3 2 0 4781 
3 2 0 4771 
3 2 0 4780 
3 2 0 4772 
3 2 0 4779 
3 2 0 4773 
3 2 0 4778 
3 2 0 4774 
3 2 0 4777 
3 2 0 4775 
3 2 0 4776 
3 2 0 4782 
3 2 0 4792 
3 2 0 4790 
3 2 0 4784 
3 2 0 4789 
3 2 0 4787 
3 2 0 4785 
3 2 0 4786 
3 2 0 4788 
3 2 0 4791 
1 0 
1 0 
1 0 
2 3 4818 4819 0 
2 3 4817 4820 0 
1 0 
1 0 
2 3 4822 4823 0 
1 0 
1 0 
1 0 
1 0 
1 0 
1 0 
1 0 
1 0 
2 3 4831 4832 0 
2 3 4830 4833 0 
2 3 4829 4834 0 
2 3 4828 4835 0 
2 3 4827 4836 0 
2 3 4826 4837 0 
2 3 4825 4838 0 
1 0 
1 0 
1 0 
2 3 4841 4842 0 
2 3 4840 4843 0 
2 3 4839 4844 0 
2 3 4824 4845 0 
2 3 4821 4846 0 
1 0 
2 3 4847 4848 0 
1 0 
2 3 4849 4850 0 
1 0 
1 0 
1 0 
1 0 
1 0 
2 3 4855 4856 0 
2 3 4854 4857 0 
2 3 4853 4858 0 
1 0 
1 0 
1 0 
1 0 
2 3 4862 4863 0 
2 3 4861 4864 0 
1 0 
1 0 
1 0 
2 3 4867 4868 0 
1 0 
1 0 
1 0 
1 0 
1 0 
1 0 
2 3 4874 4875 0 
1 0 
1 0 
2 3 4877 4878 0 
2 3 4876 4879 0 
2 3 4873 4880 0 
2 3 4872 4881 0 
2 3 4871 4882 0 
2 3 4870 4883 0 
2 3 4869 4884 0 
2 3 4866 4885 0 
2 3 4865 4886 0 
2 3 4860 4887 0 
2 3 4859 4888 0 
2 3 4852 4889 0 
1 0 
1 0 
1 0 
2 3 4892 4893 0 
1 0 
1 0 
2 3 4895 4896 0 
2 3 4894 4897 0 
2 3 4891 4898 0 
2 3 4890 4899 0 
2 3 4851 4900 0 
1 0 
2 3 4901 4902 0 
3 2 0 4903 
3 2 0 4901 
3 2 0 4851 
3 2 0 4849 
3 2 0 4847 
3 2 0 4821 
3 2 0 4817 
3 2 0 4820 
3 2 0 4818 
3 2 0 4819 
3 2 0 4846 
3 2 0 4824 
3 2 0 4822 
3 2 0 4823 
3 2 0 4845 
3 2 0 4839 
3 2 0 4825 
3 2 0 4838 
3 2 0 4826 
3 2 0 4837 
3 2 0 4827 
3 2 0 4836 
3 2 0 4828 
3 2 0 4835 
3 2 0 4829 
3 2 0 4834 
3 2 0 4830 
3 2 0 4833 
3 2 0 4831 
3 2 0 4832 
3 2 0 4844 
3 2 0 4840 
3 2 0 4843 
3 2 0 4841 
3 2 0 4842 
3 2 0 4848 
3 2 0 4850 
3 2 0 4900 
3 2 0 4890 
3 2 0 4852 
3 2 0 4889 
3 2 0 4859 
3 2 0 4853 
3 2 0 4858 
3 2 0 4854 
3 2 0 4857 
3 2 0 4855 
3 2 0 4856 
3 2 0 4888 
3 2 0 4860 
3 2 0 4887 
3 2 0 4865 
3 2 0 4861 
3 2 0 4864 
3 2 0 4862 
3 2 0 4863 
3 2 0 4886 
3 2 0 4866 
3 2 0 4885 
3 2 0 4869 
3 2 0 4867 
3 2 0 4868 
3 2 0 4884 
3 2 0 4870 
3 2 0 4883 
3 2 0 4871 
3 2 0 4882 
3 2 0 4872 
3 2 0 4881 
3 2 0 4873 
3 2 0 4880 
3 2 0 4876 
3 2 0 4874 
3 2 0 4875 
3 2 0 4879 
3 2 0 4877 
3 2 0 4878 
3 2 0 4899 
3 2 0 4891 
3 2 0 4898 
3 2 0 4894 
3 2 0 4892 
3 2 0 4893 
3 2 0 4897 
3 2 0 4895 
3 2 0 4896 
3 2 0 4902 
1 0 
1 0 
1 0 
1 0 
1 0 
1 0 
2 3 4995 4996 0 
2 3 4994 4997 0 
2 3 4993 4998 0 
2 3 4992 4999 0 
2 3 4991 5000 0 
1 0 
1 0 
2 3 5002 5003 0 
2 3 5001 5004 0 
1 0 
2 3 5005 5006 0 
1 0 
1 0 
1 0 
1 0 
2 3 5010 5011 0 
2 3 5009 5012 0 
2 3 5008 5013 0 
1 0 
1 0 
1 0 
1 0 
2 3 5017 5018 0 
2 3 5016 5019 0 
2 3 5015 5020 0 
2 3 5014 5021 0 
2 3 5007 5022 0 
1 0 
2 3 5023 5024 0 
3 2 0 5025 
3 2 0 5023 
3 2 0 5007 
3 2 0 5005 
3 2 0 5001 
3 2 0 4991 
3 2 0 5000 
3 2 0 4992 
3 2 0 4999 
3 2 0 4993 
3 2 0 4998 
3 2 0 4994 
3 2 0 4997 
3 2 0 4995 
3 2 0 4996 
3 2 0 5004 
3 2 0 5002 
3 2 0 5003 
3 2 0 5006 
3 2 0 5022 
3 2 0 5014 
3 2 0 5008 
3 2 0 5013 
3 2 0 5009 
3 2 0 5012 
3 2 0 5010 
3 2 0 5011 
3 2 0 5021 
3 2 0 5015 
3 2 0 5020 
3 2 0 5016 
3 2 0 5019 
3 2 0 5017 
3 2 0 5018 
3 2 0 5024 
1 0 
1 0 
1 0 
1 0 
2 3 5063 5064 0 
1 0 
1 0 
1 0 
2 3 5067 5068 0 
2 3 5066 5069 0 
1 0 
1 0 
1 0 
2 3 5072 5073 0 
2 3 5071 5074 0 
2 3 5070 5075 0 
2 3 5065 5076 0 
2 3 5062 5077 0 
1 0 
2 3 5078 5079 0 
2 3 5061 5080 0 
3 2 0 5081 
3 2 0 5061 
3 2 0 5080 
3 2 0 5078 
3 2 0 5062 
3 2 0 5077 
3 2 0 5065 
3 2 0 5063 
3 2 0 5064 
3 2 0 5076 
3 2 0 5070 
3 2 0 5066 
3 2 0 5069 
3 2 0 5067 
3 2 0 5068 
3 2 0 5075 
3 2 0 5071 
3 2 0 5074 
3 2 0 5072 
3 2 0 5073 
3 2 0 5079 
1 0 
1 0 
2 3 5103 5104 0 
1 0 
1 0 
1 0 
2 3 5107 5108 0 
2 3 5106 5109 0 
2 3 5105 5110 0 
1 0 
1 0 
1 0 
1 0 
1 0 
1 0 
2 3 5116 5117 0 
2 3 5115 5118 0 
1 0 
1 0 
1 0 
2 3 5121 5122 0 
1 0 
2 3 5123 5124 0 
1 0 
1 0 
2 3 5126 5127 0 
2 3 5125 5128 0 
2 3 5120 5129 0 
2 3 5119 5130 0 
2 3 5114 5131 0 
1 0 
2 3 5132 5133 0 
1 0 
1 0 
2 3 5135 5136 0 
1 0 
2 3 5137 5138 0 
2 3 5134 5139 0 
1 0 
2 3 5140 5141 0 
2 3 5113 5142 0 
2 3 5112 5143 0 
2 3 5111 5144 0 
3 2 0 5145 
3 2 0 5111 
3 2 0 5105 
3 2 0 5103 
3 2 0 5104 
3 2 0 5110 
3 2 0 5106 
3 2 0 5109 
3 2 0 5107 
3 2 0 5108 
3 2 0 5144 
3 2 0 5112 
3 2 0 5143 
3 2 0 5113 
3 2 0 5142 
3 2 0 5140 
3 2 0 5134 
3 2 0 5132 
3 2 0 5114 
3 2 0 5131 
3 2 0 5119 
3 2 0 5115 
3 2 0 5118 
3 2 0 5116 
3 2 0 5117 
3 2 0 5130 
3 2 0 5120 
3 2 0 5129 
3 2 0 5125 
3 2 0 5123 
3 2 0 5121 
3 2 0 5122 
3 2 0 5124 
3 2 0 5128 
3 2 0 5126 
3 2 0 5127 
3 2 0 5133 
3 2 0 5139 
3 2 0 5137 
3 2 0 5135 
3 2 0 5136 
3 2 0 5138 
3 2 0 5141 
1 0 
1 0 
2 3 5189 5190 0 
1 0 
1 0 
2 3 5192 5193 0 
1 0 
2 3 5194 5195 0 
1 0 
1 0 
1 0 
2 3 5198 5199 0 
2 3 5197 5200 0 
2 3 5196 5201 0 
2 3 5191 5202 0 
1 0 
1 0 
1 0 
1 0 
2 3 5206 5207 0 
1 0 
2 3 5208 5209 0 
2 3 5205 5210 0 
1 0 
1 0 
1 0 
1 0 
2 3 5214 5215 0 
1 0 
1 0 
1 0 
1 0 
2 3 5219 5220 0 
1 0 
2 3 5221 5222 0 
1 0 
1 0 
2 3 5224 5225 0 
2 3 5223 5226 0 
2 3 5218 5227 0 
2 3 5217 5228 0 
1 0 
1 0 
1 0 
1 0 
2 3 5232 5233 0 
2 3 5231 5234 0 
2 3 5230 5235 0 
2 3 5229 5236 0 
2 3 5216 5237 0 
2 3 5213 5238 0 
2 3 5212 5239 0 
2 3 5211 5240 0 
1 0 
2 3 5241 5242 0 
2 3 5204 5243 0 
2 3 5203 5244 0 
3 2 0 5245 
3 2 0 5203 
3 2 0 5191 
3 2 0 5189 
3 2 0 5190 
3 2 0 5202 
3 2 0 5196 
3 2 0 5194 
3 2 0 5192 
3 2 0 5193 
3 2 0 5195 
3 2 0 5201 
3 2 0 5197 
3 2 0 5200 
3 2 0 5198 
3 2 0 5199 
3 2 0 5244 
3 2 0 5204 
3 2 0 5243 
3 2 0 5241 
3 2 0 5211 
3 2 0 5205 
3 2 0 5210 
3 2 0 5208 
3 2 0 5206 
3 2 0 5207 
3 2 0 5209 
3 2 0 5240 
3 2 0 5212 
3 2 0 5239 
3 2 0 5213 
3 2 0 5238 
3 2 0 5216 
3 2 0 5214 
3 2 0 5215 
3 2 0 5237 
3 2 0 5229 
3 2 0 5217 
3 2 0 5228 
3 2 0 5218 
3 2 0 5227 
3 2 0 5223 
3 2 0 5221 
3 2 0 5219 
3 2 0 5220 
3 2 0 5222 
3 2 0 5226 
3 2 0 5224 
3 2 0 5225 
3 2 0 5236 
3 2 0 5230 
3 2 0 5235 
3 2 0 5231 
3 2 0 5234 
3 2 0 5232 
3 2 0 5233 
3 2 0 5242 
1 0 
1 0 
1 0 
1 0 
1 0 
2 3 5306 5307 0 
2 3 5305 5308 0 
2 3 5304 5309 0 
2 3 5303 5310 0 
1 0 
1 0 
1 0 
1 0 
2 3 5314 5315 0 
2 3 5313 5316 0 
1 0 
2 3 5317 5318 0 
1 0 
1 0 
2 3 5320 5321 0 
1 0 
1 0 
1 0 
1 0 
1 0 
2 3 5326 5327 0 
2 3 5325 5328 0 
2 3 5324 5329 0 
2 3 5323 5330 0 
2 3 5322 5331 0 
2 3 5319 5332 0 
2 3 5312 5333 0 
2 3 5311 5334 0 
1 0 
1 0 
1 0 
1 0 
2 3 5338 5339 0 
2 3 5337 5340 0 
1 0 
1 0 
1 0 
2 3 5343 5344 0 
2 3 5342 5345 0 
2 3 5341 5346 0 
2 3 5336 5347 0 
1 0 
2 3 5348 5349 0 
2 3 5335 5350 0 
3 2 0 5351 
3 2 0 5335 
3 2 0 5311 
3 2 0 5303 
3 2 0 5310 
3 2 0 5304 
3 2 0 5309 
3 2 0 5305 
3 2 0 5308 
3 2 0 5306 
3 2 0 5307 
3 2 0 5334 
3 2 0 5312 
3 2 0 5333 
3 2 0 5319 
3 2 0 5317 
3 2 0 5313 
3 2 0 5316 
3 2 0 5314 
3 2 0 5315 
3 2 0 5318 
3 2 0 5332 
3 2 0 5322 
3 2 0 5320 
3 2 0 5321 
3 2 0 5331 
3 2 0 5323 
3 2 0 5330 
3 2 0 5324 
3 2 0 5329 
3 2 0 5325 
3 2 0 5328 
3 2 0 5326 
3 2 0 5327 
3 2 0 5350 
3 2 0 5348 
3 2 0 5336 
3 2 0 5347 
3 2 0 5341 
3 2 0 5337 
3 2 0 5340 
3 2 0 5338 
3 2 0 5339 
3 2 0 5346 
3 2 0 5342 
3 2 0 5345 
3 2 0 5343 
3 2 0 5344 
3 2 0 5349 
1 0 
1 0 
1 0 
2 3 5402 5403 0 
2 3 5401 5404 0 
1 0 
1 0 
1 0 
1 0 
2 3 5408 5409 0 
2 3 5407 5410 0 
2 3 5406 5411 0 
2 3 5405 5412 0 
3 2 0 5413 
3 2 0 5405 
3 2 0 5401 
3 2 0 5404 
3 2 0 5402 
3 2 0 5403 
3 2 0 5412 
3 2 0 5406 
3 2 0 5411 
3 2 0 5407 
3 2 0 5410 
3 2 0 5408 
3 2 0 5409 
1 0 
1 0 
2 3 5427 5428 0 
1 0 
1 0 
2 3 5430 5431 0 
2 3 5429 5432 0 
1 0 
1 0 
1 0 
2 3 5435 5436 0 
1 0 
1 0 
1 0 
1 0 
2 3 5440 5441 0 
2 3 5439 5442 0 
2 3 5438 5443 0 
2 3 5437 5444 0 
2 3 5434 5445 0 
1 0 
2 3 5446 5447 0 
1 0 
1 0 
2 3 5449 5450 0 
1 0 
1 0 
1 0 
2 3 5453 5454 0 
1 0 
2 3 5455 5456 0 
2 3 5452 5457 0 
1 0 
1 0 
1 0 
1 0 
2 3 5461 5462 0 
1 0 
1 0 
1 0 
2 3 5465 5466 0 
2 3 5464 5467 0 
2 3 5463 5468 0 
2 3 5460 5469 0 
2 3 5459 5470 0 
2 3 5458 5471 0 
2 3 5451 5472 0 
2 3 5448 5473 0 
1 0 
1 0 
2 3 5475 5476 0 
2 3 5474 5477 0 
1 0 
2 3 5478 5479 0 
2 3 5433 5480 0 
3 2 0 5481 
3 2 0 5433 
3 2 0 5429 
3 2 0 5427 
3 2 0 5428 
3 2 0 5432 
3 2 0 5430 
3 2 0 5431 
3 2 0 5480 
3 2 0 5478 
3 2 0 5474 
3 2 0 5448 
3 2 0 5446 
3 2 0 5434 
3 2 0 5445 
3 2 0 5437 
3 2 0 5435 
3 2 0 5436 
3 2 0 5444 
3 2 0 5438 
3 2 0 5443 
3 2 0 5439 
3 2 0 5442 
3 2 0 5440 
3 2 0 5441 
3 2 0 5447 
3 2 0 5473 
3 2 0 5451 
3 2 0 5449 
3 2 0 5450 
3 2 0 5472 
3 2 0 5458 
3 2 0 5452 
3 2 0 5457 
3 2 0 5455 
3 2 0 5453 
3 2 0 5454 
3 2 0 5456 
3 2 0 5471 
3 2 0 5459 
3 2 0 5470 
3 2 0 5460 
3 2 0 5469 
3 2 0 5463 
3 2 0 5461 
3 2 0 5462 
3 2 0 5468 
3 2 0 5464 
3 2 0 5467 
3 2 0 5465 
3 2 0 5466 
3 2 0 5477 
3 2 0 5475 
3 2 0 5476 
3 2 0 5479 
1 0 
1 0 
2 3 5537 5538 0 
1 0 
2 3 5539 5540 0 
1 0 
1 0 
2 3 5542 5543 0 
1 0 
1 0 
1 0 
1 0 
2 3 5547 5548 0 
2 3 5546 5549 0 
1 0 
2 3 5550 5551 0 
1 0 
1 0 
1 0 
2 3 5554 5555 0 
2 3 5553 5556 0 
2 3 5552 5557 0 
2 3 5545 5558 0 
2 3 5544 5559 0 
2 3 5541 5560 0 
1 0 
2 3 5561 5562 0 
3 2 0 5563 
3 2 0 5561 
3 2 0 5541 
3 2 0 5539 
3 2 0 5537 
3 2 0 5538 
3 2 0 5540 
3 2 0 5560 
3 2 0 5544 
3 2 0 5542 
3 2 0 5543 
3 2 0 5559 
3 2 0 5545 
3 2 0 5558 
3 2 0 5552 
3 2 0 5550 
3 2 0 5546 
3 2 0 5549 
3 2 0 5547 
3 2 0 5548 
3 2 0 5551 
3 2 0 5557 
3 2 0 5553 
3 2 0 5556 
3 2 0 5554 
3 2 0 5555 
3 2 0 5562 
1 0 
1 0 
1 0 
1 0 
1 0 
1 0 
1 0 
2 3 5596 5597 0 
1 0 
2 3 5598 5599 0 
2 3 5595 5600 0 
2 3 5594 5601 0 
2 3 5593 5602 0 
2 3 5592 5603 0 
2 3 5591 5604 0 
1 0 
1 0 
1 0 
2 3 5607 5608 0 
1 0 
2 3 5609 5610 0 
1 0 
1 0 
1 0 
2 3 5613 5614 0 
1 0 
2 3 5615 5616 0 
1 0 
1 0 
1 0 
1 0 
1 0 
2 3 5621 5622 0 
2 3 5620 5623 0 
2 3 5619 5624 0 
2 3 5618 5625 0 
2 3 5617 5626 0 
2 3 5612 5627 0 
1 0 
2 3 5628 5629 0 
2 3 5611 5630 0 
2 3 5606 5631 0 
2 3 5605 5632 0 
3 2 0 5633 
3 2 0 5605 
3 2 0 5591 
3 2 0 5604 
3 2 0 5592 
3 2 0 5603 
3 2 0 5593 
3 2 0 5602 
3 2 0 5594 
3 2 0 5601 
3 2 0 5595 
3 2 0 5600 
3 2 0 5598 
3 2 0 5596 
3 2 0 5597 
3 2 0 5599 
3 2 0 5632 
3 2 0 5606 
3 2 0 5631 
3 2 0 5611 
3 2 0 5609 
3 2 0 5607 
3 2 0 5608 
3 2 0 5610 
3 2 0 5630 
3 2 0 5628 
3 2 0 5612 
3 2 0 5627 
3 2 0 5617 
3 2 0 5615 
3 2 0 5613 
3 2 0 5614 
3 2 0 5616 
3 2 0 5626 
3 2 0 5618 
3 2 0 5625 
3 2 0 5619 
3 2 0 5624 
3 2 0 5620 
3 2 0 5623 
3 2 0 5621 
3 2 0 5622 
3 2 0 5629 
36 2838 22 23 24 25 26 27 28 29 30 31 32 33 34 35 36 37 38 39 40 41 42 126 127 128 129 130 131 132 133 134 135 136 137 138 139 140 141 142 143 144 145 146 147 148 149 150 151 152 153 154 155 156 157 158 159 160 161 162 163 164 165 166 167 168 169 170 171 172 173 174 175 176 177 178 179 180 181 182 183 184 185 186 187 188 189 190 191 192 193 194 195 196 197 198 199 200 201 202 203 204 205 206 207 208 256 257 258 259 260 261 262 263 264 265 266 267 268 269 270 271 272 273 274 275 276 277 278 279 280 281 282 283 284 285 286 287 288 289 290 291 292 293 294 295 296 297 298 299 300 301 302 320 321 322 323 324 325 326 327 328 329 330 331 332 333 334 335 336 388 389 390 391 392 393 394 395 396 397 398 399 400 401 402 403 404 405 406 407 408 409 410 411 412 413 414 415 416 417 418 419 420 421 422 423 424 425 426 427 428 429 430 431 432 433 434 435 436 437 438 490 491 492 493 494 495 496 497 498 499 500 501 502 503 504 505 506 507 508 509 510 511 512 513 514 515 516 517 518 519 520 521 522 523 524 525 526 527 528 529 530 531 532 533 534 535 536 537 538 539 540 592 593 594 595 596 597 598 599 600 601 602 603 604 605 606 607 608 609 610 611 612 613 614 615 616 617 618 619 620 621 622 623 624 625 626 627 628 629 630 631 632 633 634 635 636 637 638 639 640 641 642 694 695 696 697 698 699 700 701 702 703 704 705 706 707 708 709 710 711 712 713 714 715 716 717 718 719 720 721 722 723 724 725 726 727 728 729 730 731 732 733 734 735 736 737 738 739 740 741 742 743 744 798 799 800 801 802 803 804 805 806 807 808 809 810 811 812 813 814 815 816 817 818 819 820 821 822 823 824 825 826 827 828 829 830 831 832 833 834 835 836 837 838 839 840 841 842 843 844 845 846 847 848 849 850 912 913 914 915 916 917 918 919 920 921 922 923 924 925 926 927 928 929 930 931 932 933 934 935 936 937 938 939 940 941 942 943 944 945 946 947 948 949 950 951 952 953 954 955 956 957 958 959 960 961 962 963 964 965 966 967 968 969 970 971 972 1032 1033 1034 1035 1036 1037 1038 1039 1040 1041 1042 1043 1044 1045 1046 1047 1048 1049 1050 1051 1052 1053 1054 1055 1056 1057 1058 1059 1060 1061 1062 1063 1064 1065 1066 1067 1068 1069 1070 1071 1072 1073 1074 1075 1076 1077 1078 1079 1080 1081 1082 1083 1084 1085 1086 1087 1088 1089 1090 1116 1117 1118 1119 1120 1121 1122 1123 1124 1125 1126 1127 1128 1129 1130 1131 1132 1133 1134 1135 1136 1137 1138 1139 1140 1206 1207 1208 1209 1210 1211 1212 1213 1214 1215 1216 1217 1218 1219 1220 1221 1222 1223 1224 1225 1226 1227 1228 1229 1230 1231 1232 1233 1234 1235 1236 1237 1238 1239 1240 1241 1242 1243 1244 1245 1246 1247 1248 1249 1250 1251 1252 1253 1254 1255 1256 1257 1258 1259 1260 1261 1262 1263 1264 1265 1266 1267 1268 1269 1270 1324 1325 1326 1327 1328 1329 1330 1331 1332 1333 1334 1335 1336 1337 1338 1339 1340 1341 1342 1343 1344 1345 1346 1347 1348 1349 1350 1351 1352 1353 1354 1355 1356 1357 1358 1359 1360 1361 1362 1363 1364 1365 1366 1367 1368 1369 1370 1371 1372 1373 1374 1375 1376 1432 1433 1434 1435 1436 1437 1438 1439 1440 1441 1442 1443 1444 1445 1446 1447 1448 1449 1450 1451 1452 1453 1454 1455 1456 1457 1458 1459 1460 1461 1462 1463 1464 1465 1466 1467 1468 1469 1470 1471 1472 1473 1474 1475 1476 1477 1478 1479 1480 1481 1482 1483 1484 1485 1486 1516 1517 1518 1519 1520 1521 1522 1523 1524 1525 1526 1527 1528 1529 1530 1531 1532 1533 1534 1535 1536 1537 1538 1539 1540 1541 1542 1543 1544 1596 1597 1598 1599 1600 1601 1602 1603 1604 1605 1606 1607 1608 1609 1610 1611 1612 1613 1614 1615 1616 1617 1618 1619 1620 1621 1622 1623 1624 1625 1626 1627 1628 1629 1630 1631 1632 1633 1634 1635 1636 1637 1638 1639 1640 1641 1642 1643 1644 1645 1646 1692 1693 1694 1695 1696 1697 1698 1699 1700 1701 1702 1703 1704 1705 1706 1707 1708 1709 1710 1711 1712 1713 1714 1715 1716 1717 1718 1719 1720 1721 1722 1723 1724 1725 1726 1727 1728 1729 1730 1731 1732 1733 1734 1735 1736 1750 1751 1752 1753 1754 1755 1756 1757 1758 1759 1760 1761 1762 1792 1793 1794 1795 1796 1797 1798 1799 1800 1801 1802 1803 1804 1805 1806 1807 1808 1809 1810 1811 1812 1813 1814 1815 1816 1817 1818 1819 1820 1842 1843 1844 1845 1846 1847 1848 1849 1850 1851 1852 1853 1854 1855 1856 1857 1858 1859 1860 1861 1862 1916 1917 1918 1919 1920 1921 1922 1923 1924 1925 1926 1927 1928 1929 1930 1931 1932 1933 1934 1935 1936 1937 1938 1939 1940 1941 1942 1943 1944 1945 1946 1947 1948 1949 1950 1951 1952 1953 1954 1955 1956 1957 1958 1959 1960 1961 1962 1963 1964 1965 1966 1967 1968 2010 2011 2012 2013 2014 2015 2016 2017 2018 2019 2020 2021 2022 2023 2024 2025 2026 2027 2028 2029 2030 2031 2032 2033 2034 2035 2036 2037 2038 2039 2040 2041 2042 2043 2044 2045 2046 2047 2048 2049 2050 2116 2117 2118 2119 2120 2121 2122 2123 2124 2125 2126 2127 2128 2129 2130 2131 2132 2133 2134 2135 2136 2137 2138 2139 2140 2141 2142 2143 2144 2145 2146 2147 2148 2149 2150 2151 2152 2153 2154 2155 2156 2157 2158 2159 2160 2161 2162 2163 2164 2165 2166 2167 2168 2169 2170 2171 2172 2173 2174 2175 2176 2177 2178 2179 2180 2198 2199 2200 2201 2202 2203 2204 2205 2206 2207 2208 2209 2210 2211 2212 2213 2214 2286 2287 2288 2289 2290 2291 2292 2293 2294 2295 2296 2297 2298 2299 2300 2301 2302 2303 2304 2305 2306 2307 2308 2309 2310 2311 2312 2313 2314 2315 2316 2317 2318 2319 2320 2321 2322 2323 2324 2325 2326 2327 2328 2329 2330 2331 2332 2333 2334 2335 2336 2337 2338 2339 2340 2341 2342 2343 2344 2345 2346 2347 2348 2349 2350 2351 2352 2353 2354 2355 2356 2390 2391 2392 2393 2394 2395 2396 2397 2398 2399 2400 2401 2402 2403 2404 2405 2406 2407 2408 2409 2410 2411 2412 2413 2414 2415 2416 2417 2418 2419 2420 2421 2422 2444 2445 2446 2447 2448 2449 2450 2451 2452 2453 2454 2455 2456 2457 2458 2459 2460 2461 2462 2463 2464 2478 2479 2480 2481 2482 2483 2484 2485 2486 2487 2488 2489 2490 2518 2519 2520 2521 2522 2523 2524 2525 2526 2527 2528 2529 2530 2531 2532 2533 2534 2535 2536 2537 2538 2539 2540 2541 2542 2543 2544 2588 2589 2590 2591 2592 2593 2594 2595 2596 2597 2598 2599 2600 2601 2602 2603 2604 2605 2606 2607 2608 2609 2610 2611 2612 2613 2614 2615 2616 2617 2618 2619 2620 2621 2622 2623 2624 2625 2626 2627 2628 2629 2630 2672 2673 2674 2675 2676 2677 2678 2679 2680 2681 2682 2683 2684 2685 2686 2687 2688 2689 2690 2691 2692 2693 2694 2695 2696 2697 2698 2699 2700 2701 2702 2703 2704 2705 2706 2707 2708 2709 2710 2711 2712 2816 2817 2818 2819 2820 2821 2822 2823 2824 2825 2826 2827 2828 2829 2830 2831 2832 2833 2834 2835 2836 2837 2838 2839 2840 2841 2842 2843 2844 2845 2846 2847 2848 2849 2850 2851 2852 2853 2854 2855 2856 2857 2858 2859 2860 2861 2862 2863 2864 2865 2866 2867 2868 2869 2870 2871 2872 2873 2874 2875 2876 2877 2878 2879 2880 2881 2882 2883 2884 2885 2886 2887 2888 2889 2890 2891 2892 2893 2894 2895 2896 2897 2898 2899 2900 2901 2902 2903 2904 2905 2906 2907 2908 2909 2910 2911 2912 2913 2914 2915 2916 2917 2918 2994 2995 2996 2997 2998 2999 3000 3001 3002 3003 3004 3005 3006 3007 3008 3009 3010 3011 3012 3013 3014 3015 3016 3017 3018 3019 3020 3021 3022 3023 3024 3025 3026 3027 3028 3029 3030 3031 3032 3033 3034 3035 3036 3037 3038 3039 3040 3041 3042 3043 3044 3045 3046 3047 3048 3049 3050 3051 3052 3053 3054 3055 3056 3057 3058 3059 3060 3061 3062 3063 3064 3065 3066 3067 3068 3124 3125 3126 3127 3128 3129 3130 3131 3132 3133 3134 3135 3136 3137 3138 3139 3140 3141 3142 3143 3144 3145 3146 3147 3148 3149 3150 3151 3152 3153 3154 3155 3156 3157 3158 3159 3160 3161 3162 3163 3164 3165 3166 3167 3168 3169 3170 3171 3172 3173 3174 3175 3176 3177 3178 3196 3197 3198 3199 3200 3201 3202 3203 3204 3205 3206 3207 3208 3209 3210 3211 3212 3236 3237 3238 3239 3240 3241 3242 3243 3244 3245 3246 3247 3248 3249 3250 3251 3252 3253 3254 3255 3256 3257 3258 3288 3289 3290 3291 3292 3293 3294 3295 3296 3297 3298 3299 3300 3301 3302 3303 3304 3305 3306 3307 3308 3309 3310 3311 3312 3313 3314 3315 3316 3382 3383 3384 3385 3386 3387 3388 3389 3390 3391 3392 3393 3394 3395 3396 3397 3398 3399 3400 3401 3402 3403 3404 3405 3406 3407 3408 3409 3410 3411 3412 3413 3414 3415 3416 3417 3418 3419 3420 3421 3422 3423 3424 3425 3426 3427 3428 3429 3430 3431 3432 3433 3434 3435 3436 3437 3438 3439 3440 3441 3442 3443 3444 3445 3446 3508 3509 3510 3511 3512 3513 3514 3515 3516 3517 3518 3519 3520 3521 3522 3523 3524 3525 3526 3527 3528 3529 3530 3531 3532 3533 3534 3535 3536 3537 3538 3539 3540 3541 3542 3543 3544 3545 3546 3547 3548 3549 3550 3551 3552 3553 3554 3555 3556 3557 3558 3559 3560 3561 3562 3563 3564 3565 3566 3567 3568 3602 3603 3604 3605 3606 3607 3608 3609 3610 3611 3612 3613 3614 3615 3616 3617 3618 3619 3620 3621 3622 3623 3624 3625 3626 3627 3628 3629 3630 3631 3632 3633 3634 3698 3699 3700 3701 3702 3703 3704 3705 3706 3707 3708 3709 3710 3711 3712 3713 3714 3715 3716 3717 3718 3719 3720 3721 3722 3723 3724 3725 3726 3727 3728 3729 3730 3731 3732 3733 3734 3735 3736 3737 3738 3739 3740 3741 3742 3743 3744 3745 3746 3747 3748 3749 3750 3751 3752 3753 3754 3755 3756 3757 3758 3759 3760 3788 3789 3790 3791 3792 3793 3794 3795 3796 3797 3798 3799 3800 3801 3802 3803 3804 3805 3806 3807 3808 3809 3810 3811 3812 3813 3814 3864 3865 3866 3867 3868 3869 3870 3871 3872 3873 3874 3875 3876 3877 3878 3879 3880 3881 3882 3883 3884 3885 3886 3887 3888 3889 3890 3891 3892 3893 3894 3895 3896 3897 3898 3899 3900 3901 3902 3903 3904 3905 3906 3907 3908 3909 3910 3911 3912 3964 3965 3966 3967 3968 3969 3970 3971 3972 3973 3974 3975 3976 3977 3978 3979 3980 3981 3982 3983 3984 3985 3986 3987 3988 3989 3990 3991 3992 3993 3994 3995 3996 3997 3998 3999 4000 4001 4002 4003 4004 4005 4006 4007 4008 4009 4010 4011 4012 4013 4014 4038 4039 4040 4041 4042 4043 4044 4045 4046 4047 4048 4049 4050 4051 4052 4053 4054 4055 4056 4057 4058 4059 4060 4114 4115 4116 4117 4118 4119 4120 4121 4122 4123 4124 4125 4126 4127 4128 4129 4130 4131 4132 4133 4134 4135 4136 4137 4138 4139 4140 4141 4142 4143 4144 4145 4146 4147 4148 4149 4150 4151 4152 4153 4154 4155 4156 4157 4158 4159 4160 4161 4162 4163 4164 4165 4166 4236 4237 4238 4239 4240 4241 4242 4243 4244 4245 4246 4247 4248 4249 4250 4251 4252 4253 4254 4255 4256 4257 4258 4259 4260 4261 4262 4263 4264 4265 4266 4267 4268 4269 4270 4271 4272 4273 4274 4275 4276 4277 4278 4279 4280 4281 4282 4283 4284 4285 4286 4287 4288 4289 4290 4291 4292 4293 4294 4295 4296 4297 4298 4299 4300 4301 4302 4303 4304 4374 4375 4376 4377 4378 4379 4380 4381 4382 4383 4384 4385 4386 4387 4388 4389 4390 4391 4392 4393 4394 4395 4396 4397 4398 4399 4400 4401 4402 4403 4404 4405 4406 4407 4408 4409 4410 4411 4412 4413 4414 4415 4416 4417 4418 4419 4420 4421 4422 4423 4424 4425 4426 4427 4428 4429 4430 4431 4432 4433 4434 4435 4436 4437 4438 4439 4440 4441 4442 4488 4489 4490 4491 4492 4493 4494 4495 4496 4497 4498 4499 4500 4501 4502 4503 4504 4505 4506 4507 4508 4509 4510 4511 4512 4513 4514 4515 4516 4517 4518 4519 4520 4521 4522 4523 4524 4525 4526 4527 4528 4529 4530 4531 4532 4558 4559 4560 4561 4562 4563 4564 4565 4566 4567 4568 4569 4570 4571 4572 4573 4574 4575 4576 4577 4578 4579 4580 4581 4582 4618 4619 4620 4621 4622 4623 4624 4625 4626 4627 4628 4629 4630 4631 4632 4633 4634 4635 4636 4637 4638 4639 4640 4641 4642 4643 4644 4645 4646 4647 4648 4649 4650 4651 4652 4712 4713 4714 4715 4716 4717 4718 4719 4720 4721 4722 4723 4724 4725 4726 4727 4728 4729 4730 4731 4732 4733 4734 4735 4736 4737 4738 4739 4740 4741 4742 4743 4744 4745 4746 4747 4748 4749 4750 4751 4752 4753 4754 4755 4756 4757 4758 4759 4760 4761 4762 4763 4764 4765 4766 4767 4768 4769 4770 4794 4795 4796 4797 4798 4799 4800 4801 4802 4803 4804 4805 4806 4807 4808 4809 4810 4811 4812 4813 4814 4815 4816 4904 4905 4906 4907 4908 4909 4910 4911 4912 4913 4914 4915 4916 4917 4918 4919 4920 4921 4922 4923 4924 4925 4926 4927 4928 4929 4930 4931 4932 4933 4934 4935 4936 4937 4938 4939 4940 4941 4942 4943 4944 4945 4946 4947 4948 4949 4950 4951 4952 4953 4954 4955 4956 4957 4958 4959 4960 4961 4962 4963 4964 4965 4966 4967 4968 4969 4970 4971 4972 4973 4974 4975 4976 4977 4978 4979 4980 4981 4982 4983 4984 4985 4986 4987 4988 4989 4990 5026 5027 5028 5029 5030 5031 5032 5033 5034 5035 5036 5037 5038 5039 5040 5041 5042 5043 5044 5045 5046 5047 5048 5049 5050 5051 5052 5053 5054 5055 5056 5057 5058 5059 5060 5082 5083 5084 5085 5086 5087 5088 5089 5090 5091 5092 5093 5094 5095 5096 5097 5098 5099 5100 5101 5102 5146 5147 5148 5149 5150 5151 5152 5153 5154 5155 5156 5157 5158 5159 5160 5161 5162 5163 5164 5165 5166 5167 5168 5169 5170 5171 5172 5173 5174 5175 5176 5177 5178 5179 5180 5181 5182 5183 5184 5185 5186 5187 5188 5246 5247 5248 5249 5250 5251 5252 5253 5254 5255 5256 5257 5258 5259 5260 5261 5262 5263 5264 5265 5266 5267 5268 5269 5270 5271 5272 5273 5274 5275 5276 5277 5278 5279 5280 5281 5282 5283 5284 5285 5286 5287 5288 5289 5290 5291 5292 5293 5294 5295 5296 5297 5298 5299 5300 5301 5302 5352 5353 5354 5355 5356 5357 5358 5359 5360 5361 5362 5363 5364 5365 5366 5367 5368 5369 5370 5371 5372 5373 5374 5375 5376 5377 5378 5379 5380 5381 5382 5383 5384 5385 5386 5387 5388 5389 5390 5391 5392 5393 5394 5395 5396 5397 5398 5399 5400 5414 5415 5416 5417 5418 5419 5420 5421 5422 5423 5424 5425 5426 5482 5483 5484 5485 5486 5487 5488 5489 5490 5491 5492 5493 5494 5495 5496 5497 5498 5499 5500 5501 5502 5503 5504 5505 5506 5507 5508 5509 5510 5511 5512 5513 5514 5515 5516 5517 5518 5519 5520 5521 5522 5523 5524 5525 5526 5527 5528 5529 5530 5531 5532 5533 5534 5535 5536 5564 5565 5566 5567 5568 5569 5570 5571 5572 5573 5574 5575 5576 5577 5578 5579 5580 5581 5582 5583 5584 5585 5586 5587 5588 5589 5590 5634 5635 5636 5637 5638 5639 5640 5641 5642 5643 5644 5645 5646 5647 5648 5649 5650 5651 5652 5653 5654 5655 5656 5657 5658 5659 5660 5661 5662 5663 5664 5665 5666 5667 5668 5669 5670 5671 5672 5673 5674 5675 5676 
