5298
0 0 
1 0 
1 0 
1 0 
1 0 
1 0 
2 3 4 5 0 
2 3 3 6 0 
2 3 2 7 0 
2 3 1 8 0 
1 0 
2 3 9 10 0 
1 0 
1 0 
1 0 
1 0 
1 0 
2 3 15 16 0 
2 3 14 17 0 
2 3 13 18 0 
2 3 12 19 0 
2 3 11 20 0 
1 0 
2 3 21 22 0 
1 0 
1 0 
1 0 
1 0 
1 0 
2 3 27 28 0 
1 0 
2 3 29 30 0 
2 3 26 31 0 
2 3 25 32 0 
2 3 24 33 0 
2 3 23 34 0 
1 0 
1 0 
1 0 
1 0 
1 0 
1 0 
1 0 
1 0 
1 0 
2 3 43 44 0 
2 3 42 45 0 
2 3 41 46 0 
2 3 40 47 0 
2 3 39 48 0 
2 3 38 49 0 
1 0 
2 3 50 51 0 
2 3 37 52 0 
2 3 36 53 0 
2 3 35 54 0 
3 2 0 55 
3 2 0 35 
3 2 0 23 
3 2 0 21 
3 2 0 11 
3 2 0 9 
3 2 0 1 
3 2 0 8 
3 2 0 2 
3 2 0 7 
3 2 0 3 
3 2 0 6 
3 2 0 4 
3 2 0 5 
3 2 0 10 
3 2 0 20 
3 2 0 12 
3 2 0 19 
3 2 0 13 
3 2 0 18 
3 2 0 14 
3 2 0 17 
3 2 0 15 
3 2 0 16 
3 2 0 22 
3 2 0 34 
3 2 0 24 
3 2 0 33 
3 2 0 25 
3 2 0 32 
3 2 0 26 
3 2 0 31 
3 2 0 29 
3 2 0 27 
3 2 0 28 
3 2 0 30 
3 2 0 54 
3 2 0 36 
3 2 0 53 
3 2 0 37 
3 2 0 52 
3 2 0 50 
3 2 0 38 
3 2 0 49 
3 2 0 39 
3 2 0 48 
3 2 0 40 
3 2 0 47 
3 2 0 41 
3 2 0 46 
3 2 0 42 
3 2 0 45 
3 2 0 43 
3 2 0 44 
3 2 0 51 
1 0 
1 0 
1 0 
1 0 
2 3 113 114 0 
2 3 112 115 0 
1 0 
2 3 116 117 0 
2 3 111 118 0 
1 0 
1 0 
1 0 
1 0 
1 0 
1 0 
2 3 124 125 0 
2 3 123 126 0 
1 0 
1 0 
1 0 
1 0 
1 0 
2 3 131 132 0 
1 0 
2 3 133 134 0 
2 3 130 135 0 
2 3 129 136 0 
1 0 
2 3 137 138 0 
1 0 
2 3 139 140 0 
1 0 
1 0 
1 0 
1 0 
1 0 
1 0 
2 3 146 147 0 
2 3 145 148 0 
1 0 
1 0 
2 3 150 151 0 
2 3 149 152 0 
2 3 144 153 0 
2 3 143 154 0 
2 3 142 155 0 
2 3 141 156 0 
1 0 
1 0 
1 0 
2 3 159 160 0 
2 3 158 161 0 
2 3 157 162 0 
2 3 128 163 0 
2 3 127 164 0 
2 3 122 165 0 
1 0 
2 3 166 167 0 
2 3 121 168 0 
2 3 120 169 0 
2 3 119 170 0 
3 2 0 171 
3 2 0 119 
3 2 0 111 
3 2 0 118 
3 2 0 116 
3 2 0 112 
3 2 0 115 
3 2 0 113 
3 2 0 114 
3 2 0 117 
3 2 0 170 
3 2 0 120 
3 2 0 169 
3 2 0 121 
3 2 0 168 
3 2 0 166 
3 2 0 122 
3 2 0 165 
3 2 0 127 
3 2 0 123 
3 2 0 126 
3 2 0 124 
3 2 0 125 
3 2 0 164 
3 2 0 128 
3 2 0 163 
3 2 0 157 
3 2 0 141 
3 2 0 139 
3 2 0 137 
3 2 0 129 
3 2 0 136 
3 2 0 130 
3 2 0 135 
3 2 0 133 
3 2 0 131 
3 2 0 132 
3 2 0 134 
3 2 0 138 
3 2 0 140 
3 2 0 156 
3 2 0 142 
3 2 0 155 
3 2 0 143 
3 2 0 154 
3 2 0 144 
3 2 0 153 
3 2 0 149 
3 2 0 145 
3 2 0 148 
3 2 0 146 
3 2 0 147 
3 2 0 152 
3 2 0 150 
3 2 0 151 
3 2 0 162 
3 2 0 158 
3 2 0 161 
3 2 0 159 
3 2 0 160 
3 2 0 167 
1 0 
1 0 
1 0 
2 3 234 235 0 
2 3 233 236 0 
1 0 
1 0 
1 0 
2 3 239 240 0 
1 0 
1 0 
2 3 242 243 0 
2 3 241 244 0 
1 0 
2 3 245 246 0 
1 0 
1 0 
1 0 
2 3 249 250 0 
2 3 248 251 0 
1 0 
1 0 
1 0 
2 3 254 255 0 
1 0 
2 3 256 257 0 
2 3 253 258 0 
2 3 252 259 0 
2 3 247 260 0 
2 3 238 261 0 
2 3 237 262 0 
1 0 
2 3 263 264 0 
3 2 0 265 
3 2 0 263 
3 2 0 237 
3 2 0 233 
3 2 0 236 
3 2 0 234 
3 2 0 235 
3 2 0 262 
3 2 0 238 
3 2 0 261 
3 2 0 247 
3 2 0 245 
3 2 0 241 
3 2 0 239 
3 2 0 240 
3 2 0 244 
3 2 0 242 
3 2 0 243 
3 2 0 246 
3 2 0 260 
3 2 0 252 
3 2 0 248 
3 2 0 251 
3 2 0 249 
3 2 0 250 
3 2 0 259 
3 2 0 253 
3 2 0 258 
3 2 0 256 
3 2 0 254 
3 2 0 255 
3 2 0 257 
3 2 0 264 
1 0 
1 0 
1 0 
2 3 300 301 0 
2 3 299 302 0 
1 0 
1 0 
1 0 
1 0 
2 3 306 307 0 
1 0 
1 0 
1 0 
1 0 
1 0 
1 0 
2 3 313 314 0 
2 3 312 315 0 
2 3 311 316 0 
2 3 310 317 0 
2 3 309 318 0 
2 3 308 319 0 
2 3 305 320 0 
2 3 304 321 0 
2 3 303 322 0 
1 0 
2 3 323 324 0 
1 0 
2 3 325 326 0 
1 0 
1 0 
1 0 
2 3 329 330 0 
2 3 328 331 0 
1 0 
1 0 
1 0 
1 0 
1 0 
1 0 
1 0 
1 0 
1 0 
1 0 
2 3 341 342 0 
2 3 340 343 0 
1 0 
1 0 
1 0 
2 3 346 347 0 
2 3 345 348 0 
2 3 344 349 0 
2 3 339 350 0 
2 3 338 351 0 
2 3 337 352 0 
2 3 336 353 0 
2 3 335 354 0 
2 3 334 355 0 
2 3 333 356 0 
2 3 332 357 0 
2 3 327 358 0 
1 0 
2 3 359 360 0 
3 2 0 361 
3 2 0 359 
3 2 0 327 
3 2 0 325 
3 2 0 323 
3 2 0 303 
3 2 0 299 
3 2 0 302 
3 2 0 300 
3 2 0 301 
3 2 0 322 
3 2 0 304 
3 2 0 321 
3 2 0 305 
3 2 0 320 
3 2 0 308 
3 2 0 306 
3 2 0 307 
3 2 0 319 
3 2 0 309 
3 2 0 318 
3 2 0 310 
3 2 0 317 
3 2 0 311 
3 2 0 316 
3 2 0 312 
3 2 0 315 
3 2 0 313 
3 2 0 314 
3 2 0 324 
3 2 0 326 
3 2 0 358 
3 2 0 332 
3 2 0 328 
3 2 0 331 
3 2 0 329 
3 2 0 330 
3 2 0 357 
3 2 0 333 
3 2 0 356 
3 2 0 334 
3 2 0 355 
3 2 0 335 
3 2 0 354 
3 2 0 336 
3 2 0 353 
3 2 0 337 
3 2 0 352 
3 2 0 338 
3 2 0 351 
3 2 0 339 
3 2 0 350 
3 2 0 344 
3 2 0 340 
3 2 0 343 
3 2 0 341 
3 2 0 342 
3 2 0 349 
3 2 0 345 
3 2 0 348 
3 2 0 346 
3 2 0 347 
3 2 0 360 
1 0 
1 0 
2 3 425 426 0 
1 0 
2 3 427 428 0 
1 0 
1 0 
2 3 430 431 0 
2 3 429 432 0 
1 0 
1 0 
1 0 
1 0 
2 3 436 437 0 
1 0 
1 0 
2 3 439 440 0 
2 3 438 441 0 
1 0 
1 0 
1 0 
1 0 
1 0 
1 0 
1 0 
2 3 448 449 0 
2 3 447 450 0 
1 0 
1 0 
1 0 
1 0 
1 0 
1 0 
2 3 456 457 0 
1 0 
1 0 
1 0 
2 3 460 461 0 
2 3 459 462 0 
2 3 458 463 0 
2 3 455 464 0 
2 3 454 465 0 
2 3 453 466 0 
2 3 452 467 0 
2 3 451 468 0 
2 3 446 469 0 
2 3 445 470 0 
2 3 444 471 0 
2 3 443 472 0 
2 3 442 473 0 
2 3 435 474 0 
1 0 
2 3 475 476 0 
2 3 434 477 0 
2 3 433 478 0 
3 2 0 479 
3 2 0 433 
3 2 0 429 
3 2 0 427 
3 2 0 425 
3 2 0 426 
3 2 0 428 
3 2 0 432 
3 2 0 430 
3 2 0 431 
3 2 0 478 
3 2 0 434 
3 2 0 477 
3 2 0 475 
3 2 0 435 
3 2 0 474 
3 2 0 442 
3 2 0 438 
3 2 0 436 
3 2 0 437 
3 2 0 441 
3 2 0 439 
3 2 0 440 
3 2 0 473 
3 2 0 443 
3 2 0 472 
3 2 0 444 
3 2 0 471 
3 2 0 445 
3 2 0 470 
3 2 0 446 
3 2 0 469 
3 2 0 451 
3 2 0 447 
3 2 0 450 
3 2 0 448 
3 2 0 449 
3 2 0 468 
3 2 0 452 
3 2 0 467 
3 2 0 453 
3 2 0 466 
3 2 0 454 
3 2 0 465 
3 2 0 455 
3 2 0 464 
3 2 0 458 
3 2 0 456 
3 2 0 457 
3 2 0 463 
3 2 0 459 
3 2 0 462 
3 2 0 460 
3 2 0 461 
3 2 0 476 
1 0 
1 0 
2 3 535 536 0 
1 0 
2 3 537 538 0 
1 0 
1 0 
1 0 
2 3 541 542 0 
1 0 
1 0 
1 0 
2 3 545 546 0 
2 3 544 547 0 
1 0 
2 3 548 549 0 
2 3 543 550 0 
1 0 
1 0 
1 0 
1 0 
1 0 
2 3 555 556 0 
1 0 
2 3 557 558 0 
1 0 
1 0 
2 3 560 561 0 
2 3 559 562 0 
1 0 
2 3 563 564 0 
2 3 554 565 0 
2 3 553 566 0 
2 3 552 567 0 
2 3 551 568 0 
2 3 540 569 0 
1 0 
2 3 570 571 0 
2 3 539 572 0 
3 2 0 573 
3 2 0 539 
3 2 0 537 
3 2 0 535 
3 2 0 536 
3 2 0 538 
3 2 0 572 
3 2 0 570 
3 2 0 540 
3 2 0 569 
3 2 0 551 
3 2 0 543 
3 2 0 541 
3 2 0 542 
3 2 0 550 
3 2 0 548 
3 2 0 544 
3 2 0 547 
3 2 0 545 
3 2 0 546 
3 2 0 549 
3 2 0 568 
3 2 0 552 
3 2 0 567 
3 2 0 553 
3 2 0 566 
3 2 0 554 
3 2 0 565 
3 2 0 563 
3 2 0 559 
3 2 0 557 
3 2 0 555 
3 2 0 556 
3 2 0 558 
3 2 0 562 
3 2 0 560 
3 2 0 561 
3 2 0 564 
3 2 0 571 
1 0 
1 0 
1 0 
1 0 
1 0 
2 3 616 617 0 
1 0 
2 3 618 619 0 
2 3 615 620 0 
2 3 614 621 0 
2 3 613 622 0 
1 0 
1 0 
1 0 
1 0 
2 3 626 627 0 
1 0 
1 0 
2 3 629 630 0 
2 3 628 631 0 
2 3 625 632 0 
2 3 624 633 0 
2 3 623 634 0 
1 0 
2 3 635 636 0 
1 0 
2 3 637 638 0 
1 0 
1 0 
1 0 
1 0 
2 3 642 643 0 
2 3 641 644 0 
2 3 640 645 0 
2 3 639 646 0 
1 0 
1 0 
1 0 
2 3 649 650 0 
1 0 
2 3 651 652 0 
2 3 648 653 0 
2 3 647 654 0 
3 2 0 655 
3 2 0 647 
3 2 0 639 
3 2 0 637 
3 2 0 635 
3 2 0 623 
3 2 0 613 
3 2 0 622 
3 2 0 614 
3 2 0 621 
3 2 0 615 
3 2 0 620 
3 2 0 618 
3 2 0 616 
3 2 0 617 
3 2 0 619 
3 2 0 634 
3 2 0 624 
3 2 0 633 
3 2 0 625 
3 2 0 632 
3 2 0 628 
3 2 0 626 
3 2 0 627 
3 2 0 631 
3 2 0 629 
3 2 0 630 
3 2 0 636 
3 2 0 638 
3 2 0 646 
3 2 0 640 
3 2 0 645 
3 2 0 641 
3 2 0 644 
3 2 0 642 
3 2 0 643 
3 2 0 654 
3 2 0 648 
3 2 0 653 
3 2 0 651 
3 2 0 649 
3 2 0 650 
3 2 0 652 
1 0 
1 0 
2 3 699 700 0 
1 0 
1 0 
1 0 
1 0 
2 3 704 705 0 
2 3 703 706 0 
1 0 
1 0 
1 0 
1 0 
2 3 710 711 0 
2 3 709 712 0 
1 0 
1 0 
1 0 
2 3 715 716 0 
1 0 
1 0 
1 0 
2 3 719 720 0 
2 3 718 721 0 
2 3 717 722 0 
2 3 714 723 0 
2 3 713 724 0 
2 3 708 725 0 
2 3 707 726 0 
2 3 702 727 0 
1 0 
2 3 728 729 0 
2 3 701 730 0 
3 2 0 731 
3 2 0 701 
3 2 0 699 
3 2 0 700 
3 2 0 730 
3 2 0 728 
3 2 0 702 
3 2 0 727 
3 2 0 707 
3 2 0 703 
3 2 0 706 
3 2 0 704 
3 2 0 705 
3 2 0 726 
3 2 0 708 
3 2 0 725 
3 2 0 713 
3 2 0 709 
3 2 0 712 
3 2 0 710 
3 2 0 711 
3 2 0 724 
3 2 0 714 
3 2 0 723 
3 2 0 717 
3 2 0 715 
3 2 0 716 
3 2 0 722 
3 2 0 718 
3 2 0 721 
3 2 0 719 
3 2 0 720 
3 2 0 729 
1 0 
1 0 
1 0 
1 0 
1 0 
2 3 768 769 0 
2 3 767 770 0 
2 3 766 771 0 
1 0 
2 3 772 773 0 
1 0 
1 0 
1 0 
1 0 
1 0 
1 0 
1 0 
2 3 780 781 0 
2 3 779 782 0 
2 3 778 783 0 
2 3 777 784 0 
2 3 776 785 0 
2 3 775 786 0 
2 3 774 787 0 
1 0 
2 3 788 789 0 
2 3 765 790 0 
1 0 
1 0 
2 3 792 793 0 
1 0 
1 0 
2 3 795 796 0 
1 0 
1 0 
1 0 
2 3 799 800 0 
1 0 
2 3 801 802 0 
2 3 798 803 0 
2 3 797 804 0 
2 3 794 805 0 
2 3 791 806 0 
1 0 
1 0 
1 0 
2 3 809 810 0 
1 0 
2 3 811 812 0 
1 0 
2 3 813 814 0 
1 0 
2 3 815 816 0 
2 3 808 817 0 
2 3 807 818 0 
3 2 0 819 
3 2 0 807 
3 2 0 791 
3 2 0 765 
3 2 0 790 
3 2 0 788 
3 2 0 774 
3 2 0 772 
3 2 0 766 
3 2 0 771 
3 2 0 767 
3 2 0 770 
3 2 0 768 
3 2 0 769 
3 2 0 773 
3 2 0 787 
3 2 0 775 
3 2 0 786 
3 2 0 776 
3 2 0 785 
3 2 0 777 
3 2 0 784 
3 2 0 778 
3 2 0 783 
3 2 0 779 
3 2 0 782 
3 2 0 780 
3 2 0 781 
3 2 0 789 
3 2 0 806 
3 2 0 794 
3 2 0 792 
3 2 0 793 
3 2 0 805 
3 2 0 797 
3 2 0 795 
3 2 0 796 
3 2 0 804 
3 2 0 798 
3 2 0 803 
3 2 0 801 
3 2 0 799 
3 2 0 800 
3 2 0 802 
3 2 0 818 
3 2 0 808 
3 2 0 817 
3 2 0 815 
3 2 0 813 
3 2 0 811 
3 2 0 809 
3 2 0 810 
3 2 0 812 
3 2 0 814 
3 2 0 816 
1 0 
1 0 
2 3 875 876 0 
1 0 
1 0 
1 0 
1 0 
2 3 880 881 0 
2 3 879 882 0 
1 0 
1 0 
1 0 
2 3 885 886 0 
2 3 884 887 0 
2 3 883 888 0 
2 3 878 889 0 
1 0 
2 3 890 891 0 
2 3 877 892 0 
3 2 0 893 
3 2 0 877 
3 2 0 875 
3 2 0 876 
3 2 0 892 
3 2 0 890 
3 2 0 878 
3 2 0 889 
3 2 0 883 
3 2 0 879 
3 2 0 882 
3 2 0 880 
3 2 0 881 
3 2 0 888 
3 2 0 884 
3 2 0 887 
3 2 0 885 
3 2 0 886 
3 2 0 891 
1 0 
1 0 
1 0 
2 3 914 915 0 
2 3 913 916 0 
1 0 
1 0 
1 0 
1 0 
2 3 920 921 0 
1 0 
2 3 922 923 0 
2 3 919 924 0 
2 3 918 925 0 
1 0 
1 0 
1 0 
1 0 
1 0 
2 3 930 931 0 
1 0 
1 0 
1 0 
2 3 934 935 0 
2 3 933 936 0 
2 3 932 937 0 
2 3 929 938 0 
2 3 928 939 0 
2 3 927 940 0 
2 3 926 941 0 
2 3 917 942 0 
1 0 
2 3 943 944 0 
1 0 
1 0 
2 3 946 947 0 
1 0 
2 3 948 949 0 
1 0 
1 0 
2 3 951 952 0 
2 3 950 953 0 
2 3 945 954 0 
1 0 
2 3 955 956 0 
3 2 0 957 
3 2 0 955 
3 2 0 945 
3 2 0 943 
3 2 0 917 
3 2 0 913 
3 2 0 916 
3 2 0 914 
3 2 0 915 
3 2 0 942 
3 2 0 926 
3 2 0 918 
3 2 0 925 
3 2 0 919 
3 2 0 924 
3 2 0 922 
3 2 0 920 
3 2 0 921 
3 2 0 923 
3 2 0 941 
3 2 0 927 
3 2 0 940 
3 2 0 928 
3 2 0 939 
3 2 0 929 
3 2 0 938 
3 2 0 932 
3 2 0 930 
3 2 0 931 
3 2 0 937 
3 2 0 933 
3 2 0 936 
3 2 0 934 
3 2 0 935 
3 2 0 944 
3 2 0 954 
3 2 0 950 
3 2 0 948 
3 2 0 946 
3 2 0 947 
3 2 0 949 
3 2 0 953 
3 2 0 951 
3 2 0 952 
3 2 0 956 
1 0 
1 0 
1 0 
2 3 1004 1005 0 
1 0 
1 0 
2 3 1007 1008 0 
1 0 
1 0 
1 0 
1 0 
2 3 1012 1013 0 
2 3 1011 1014 0 
2 3 1010 1015 0 
2 3 1009 1016 0 
2 3 1006 1017 0 
1 0 
2 3 1018 1019 0 
2 3 1003 1020 0 
3 2 0 1021 
3 2 0 1003 
3 2 0 1020 
3 2 0 1018 
3 2 0 1006 
3 2 0 1004 
3 2 0 1005 
3 2 0 1017 
3 2 0 1009 
3 2 0 1007 
3 2 0 1008 
3 2 0 1016 
3 2 0 1010 
3 2 0 1015 
3 2 0 1011 
3 2 0 1014 
3 2 0 1012 
3 2 0 1013 
3 2 0 1019 
1 0 
1 0 
1 0 
2 3 1042 1043 0 
2 3 1041 1044 0 
1 0 
1 0 
1 0 
1 0 
1 0 
1 0 
1 0 
2 3 1051 1052 0 
2 3 1050 1053 0 
1 0 
1 0 
2 3 1055 1056 0 
2 3 1054 1057 0 
2 3 1049 1058 0 
2 3 1048 1059 0 
1 0 
1 0 
1 0 
1 0 
2 3 1063 1064 0 
2 3 1062 1065 0 
2 3 1061 1066 0 
2 3 1060 1067 0 
1 0 
2 3 1068 1069 0 
2 3 1047 1070 0 
2 3 1046 1071 0 
2 3 1045 1072 0 
3 2 0 1073 
3 2 0 1045 
3 2 0 1041 
3 2 0 1044 
3 2 0 1042 
3 2 0 1043 
3 2 0 1072 
3 2 0 1046 
3 2 0 1071 
3 2 0 1047 
3 2 0 1070 
3 2 0 1068 
3 2 0 1060 
3 2 0 1048 
3 2 0 1059 
3 2 0 1049 
3 2 0 1058 
3 2 0 1054 
3 2 0 1050 
3 2 0 1053 
3 2 0 1051 
3 2 0 1052 
3 2 0 1057 
3 2 0 1055 
3 2 0 1056 
3 2 0 1067 
3 2 0 1061 
3 2 0 1066 
3 2 0 1062 
3 2 0 1065 
3 2 0 1063 
3 2 0 1064 
3 2 0 1069 
1 0 
1 0 
2 3 1107 1108 0 
1 0 
1 0 
1 0 
2 3 1111 1112 0 
2 3 1110 1113 0 
1 0 
2 3 1114 1115 0 
1 0 
1 0 
1 0 
2 3 1118 1119 0 
1 0 
1 0 
1 0 
1 0 
2 3 1123 1124 0 
2 3 1122 1125 0 
2 3 1121 1126 0 
2 3 1120 1127 0 
2 3 1117 1128 0 
2 3 1116 1129 0 
1 0 
2 3 1130 1131 0 
2 3 1109 1132 0 
3 2 0 1133 
3 2 0 1109 
3 2 0 1107 
3 2 0 1108 
3 2 0 1132 
3 2 0 1130 
3 2 0 1116 
3 2 0 1114 
3 2 0 1110 
3 2 0 1113 
3 2 0 1111 
3 2 0 1112 
3 2 0 1115 
3 2 0 1129 
3 2 0 1117 
3 2 0 1128 
3 2 0 1120 
3 2 0 1118 
3 2 0 1119 
3 2 0 1127 
3 2 0 1121 
3 2 0 1126 
3 2 0 1122 
3 2 0 1125 
3 2 0 1123 
3 2 0 1124 
3 2 0 1131 
1 0 
1 0 
1 0 
1 0 
2 3 1163 1164 0 
2 3 1162 1165 0 
1 0 
1 0 
1 0 
1 0 
2 3 1169 1170 0 
2 3 1168 1171 0 
2 3 1167 1172 0 
2 3 1166 1173 0 
2 3 1161 1174 0 
1 0 
2 3 1175 1176 0 
1 0 
2 3 1177 1178 0 
1 0 
1 0 
2 3 1180 1181 0 
1 0 
1 0 
1 0 
1 0 
2 3 1185 1186 0 
2 3 1184 1187 0 
1 0 
1 0 
1 0 
2 3 1190 1191 0 
2 3 1189 1192 0 
1 0 
2 3 1193 1194 0 
2 3 1188 1195 0 
2 3 1183 1196 0 
2 3 1182 1197 0 
2 3 1179 1198 0 
1 0 
2 3 1199 1200 0 
3 2 0 1201 
3 2 0 1199 
3 2 0 1179 
3 2 0 1177 
3 2 0 1175 
3 2 0 1161 
3 2 0 1174 
3 2 0 1166 
3 2 0 1162 
3 2 0 1165 
3 2 0 1163 
3 2 0 1164 
3 2 0 1173 
3 2 0 1167 
3 2 0 1172 
3 2 0 1168 
3 2 0 1171 
3 2 0 1169 
3 2 0 1170 
3 2 0 1176 
3 2 0 1178 
3 2 0 1198 
3 2 0 1182 
3 2 0 1180 
3 2 0 1181 
3 2 0 1197 
3 2 0 1183 
3 2 0 1196 
3 2 0 1188 
3 2 0 1184 
3 2 0 1187 
3 2 0 1185 
3 2 0 1186 
3 2 0 1195 
3 2 0 1193 
3 2 0 1189 
3 2 0 1192 
3 2 0 1190 
3 2 0 1191 
3 2 0 1194 
3 2 0 1200 
1 0 
1 0 
2 3 1243 1244 0 
1 0 
2 3 1245 1246 0 
1 0 
1 0 
1 0 
1 0 
1 0 
1 0 
1 0 
2 3 1253 1254 0 
2 3 1252 1255 0 
2 3 1251 1256 0 
2 3 1250 1257 0 
2 3 1249 1258 0 
2 3 1248 1259 0 
2 3 1247 1260 0 
1 0 
1 0 
1 0 
1 0 
2 3 1264 1265 0 
1 0 
1 0 
1 0 
1 0 
1 0 
2 3 1270 1271 0 
2 3 1269 1272 0 
2 3 1268 1273 0 
2 3 1267 1274 0 
2 3 1266 1275 0 
2 3 1263 1276 0 
2 3 1262 1277 0 
1 0 
2 3 1278 1279 0 
2 3 1261 1280 0 
3 2 0 1281 
3 2 0 1261 
3 2 0 1247 
3 2 0 1245 
3 2 0 1243 
3 2 0 1244 
3 2 0 1246 
3 2 0 1260 
3 2 0 1248 
3 2 0 1259 
3 2 0 1249 
3 2 0 1258 
3 2 0 1250 
3 2 0 1257 
3 2 0 1251 
3 2 0 1256 
3 2 0 1252 
3 2 0 1255 
3 2 0 1253 
3 2 0 1254 
3 2 0 1280 
3 2 0 1278 
3 2 0 1262 
3 2 0 1277 
3 2 0 1263 
3 2 0 1276 
3 2 0 1266 
3 2 0 1264 
3 2 0 1265 
3 2 0 1275 
3 2 0 1267 
3 2 0 1274 
3 2 0 1268 
3 2 0 1273 
3 2 0 1269 
3 2 0 1272 
3 2 0 1270 
3 2 0 1271 
3 2 0 1279 
1 0 
1 0 
1 0 
2 3 1322 1323 0 
1 0 
1 0 
1 0 
2 3 1326 1327 0 
1 0 
2 3 1328 1329 0 
1 0 
1 0 
1 0 
2 3 1332 1333 0 
2 3 1331 1334 0 
2 3 1330 1335 0 
1 0 
1 0 
1 0 
2 3 1338 1339 0 
2 3 1337 1340 0 
2 3 1336 1341 0 
2 3 1325 1342 0 
2 3 1324 1343 0 
2 3 1321 1344 0 
1 0 
1 0 
1 0 
1 0 
1 0 
1 0 
1 0 
2 3 1351 1352 0 
2 3 1350 1353 0 
2 3 1349 1354 0 
2 3 1348 1355 0 
1 0 
2 3 1356 1357 0 
1 0 
2 3 1358 1359 0 
1 0 
1 0 
1 0 
2 3 1362 1363 0 
2 3 1361 1364 0 
1 0 
1 0 
1 0 
2 3 1367 1368 0 
1 0 
2 3 1369 1370 0 
2 3 1366 1371 0 
2 3 1365 1372 0 
2 3 1360 1373 0 
1 0 
2 3 1374 1375 0 
2 3 1347 1376 0 
2 3 1346 1377 0 
2 3 1345 1378 0 
3 2 0 1379 
3 2 0 1345 
3 2 0 1321 
3 2 0 1344 
3 2 0 1324 
3 2 0 1322 
3 2 0 1323 
3 2 0 1343 
3 2 0 1325 
3 2 0 1342 
3 2 0 1336 
3 2 0 1330 
3 2 0 1328 
3 2 0 1326 
3 2 0 1327 
3 2 0 1329 
3 2 0 1335 
3 2 0 1331 
3 2 0 1334 
3 2 0 1332 
3 2 0 1333 
3 2 0 1341 
3 2 0 1337 
3 2 0 1340 
3 2 0 1338 
3 2 0 1339 
3 2 0 1378 
3 2 0 1346 
3 2 0 1377 
3 2 0 1347 
3 2 0 1376 
3 2 0 1374 
3 2 0 1360 
3 2 0 1358 
3 2 0 1356 
3 2 0 1348 
3 2 0 1355 
3 2 0 1349 
3 2 0 1354 
3 2 0 1350 
3 2 0 1353 
3 2 0 1351 
3 2 0 1352 
3 2 0 1357 
3 2 0 1359 
3 2 0 1373 
3 2 0 1365 
3 2 0 1361 
3 2 0 1364 
3 2 0 1362 
3 2 0 1363 
3 2 0 1372 
3 2 0 1366 
3 2 0 1371 
3 2 0 1369 
3 2 0 1367 
3 2 0 1368 
3 2 0 1370 
3 2 0 1375 
1 0 
1 0 
1 0 
2 3 1440 1441 0 
2 3 1439 1442 0 
1 0 
1 0 
1 0 
2 3 1445 1446 0 
2 3 1444 1447 0 
2 3 1443 1448 0 
1 0 
2 3 1449 1450 0 
1 0 
1 0 
2 3 1452 1453 0 
2 3 1451 1454 0 
1 0 
2 3 1455 1456 0 
3 2 0 1457 
3 2 0 1455 
3 2 0 1451 
3 2 0 1449 
3 2 0 1443 
3 2 0 1439 
3 2 0 1442 
3 2 0 1440 
3 2 0 1441 
3 2 0 1448 
3 2 0 1444 
3 2 0 1447 
3 2 0 1445 
3 2 0 1446 
3 2 0 1450 
3 2 0 1454 
3 2 0 1452 
3 2 0 1453 
3 2 0 1456 
1 0 
1 0 
1 0 
2 3 1478 1479 0 
2 3 1477 1480 0 
1 0 
1 0 
1 0 
1 0 
1 0 
2 3 1485 1486 0 
1 0 
1 0 
1 0 
2 3 1489 1490 0 
2 3 1488 1491 0 
1 0 
1 0 
1 0 
2 3 1494 1495 0 
2 3 1493 1496 0 
2 3 1492 1497 0 
2 3 1487 1498 0 
2 3 1484 1499 0 
2 3 1483 1500 0 
2 3 1482 1501 0 
2 3 1481 1502 0 
1 0 
1 0 
2 3 1504 1505 0 
1 0 
2 3 1506 1507 0 
1 0 
1 0 
1 0 
1 0 
1 0 
2 3 1512 1513 0 
2 3 1511 1514 0 
1 0 
1 0 
1 0 
1 0 
1 0 
2 3 1519 1520 0 
2 3 1518 1521 0 
2 3 1517 1522 0 
2 3 1516 1523 0 
2 3 1515 1524 0 
2 3 1510 1525 0 
2 3 1509 1526 0 
2 3 1508 1527 0 
1 0 
2 3 1528 1529 0 
2 3 1503 1530 0 
3 2 0 1531 
3 2 0 1503 
3 2 0 1481 
3 2 0 1477 
3 2 0 1480 
3 2 0 1478 
3 2 0 1479 
3 2 0 1502 
3 2 0 1482 
3 2 0 1501 
3 2 0 1483 
3 2 0 1500 
3 2 0 1484 
3 2 0 1499 
3 2 0 1487 
3 2 0 1485 
3 2 0 1486 
3 2 0 1498 
3 2 0 1492 
3 2 0 1488 
3 2 0 1491 
3 2 0 1489 
3 2 0 1490 
3 2 0 1497 
3 2 0 1493 
3 2 0 1496 
3 2 0 1494 
3 2 0 1495 
3 2 0 1530 
3 2 0 1528 
3 2 0 1508 
3 2 0 1506 
3 2 0 1504 
3 2 0 1505 
3 2 0 1507 
3 2 0 1527 
3 2 0 1509 
3 2 0 1526 
3 2 0 1510 
3 2 0 1525 
3 2 0 1515 
3 2 0 1511 
3 2 0 1514 
3 2 0 1512 
3 2 0 1513 
3 2 0 1524 
3 2 0 1516 
3 2 0 1523 
3 2 0 1517 
3 2 0 1522 
3 2 0 1518 
3 2 0 1521 
3 2 0 1519 
3 2 0 1520 
3 2 0 1529 
1 0 
1 0 
1 0 
2 3 1588 1589 0 
2 3 1587 1590 0 
1 0 
1 0 
2 3 1592 1593 0 
1 0 
1 0 
1 0 
2 3 1596 1597 0 
2 3 1595 1598 0 
1 0 
1 0 
1 0 
1 0 
2 3 1602 1603 0 
1 0 
1 0 
1 0 
2 3 1606 1607 0 
2 3 1605 1608 0 
2 3 1604 1609 0 
2 3 1601 1610 0 
2 3 1600 1611 0 
2 3 1599 1612 0 
2 3 1594 1613 0 
2 3 1591 1614 0 
1 0 
2 3 1615 1616 0 
1 0 
2 3 1617 1618 0 
1 0 
1 0 
1 0 
2 3 1621 1622 0 
1 0 
1 0 
2 3 1624 1625 0 
2 3 1623 1626 0 
1 0 
2 3 1627 1628 0 
2 3 1620 1629 0 
2 3 1619 1630 0 
1 0 
2 3 1631 1632 0 
3 2 0 1633 
3 2 0 1631 
3 2 0 1619 
3 2 0 1617 
3 2 0 1615 
3 2 0 1591 
3 2 0 1587 
3 2 0 1590 
3 2 0 1588 
3 2 0 1589 
3 2 0 1614 
3 2 0 1594 
3 2 0 1592 
3 2 0 1593 
3 2 0 1613 
3 2 0 1599 
3 2 0 1595 
3 2 0 1598 
3 2 0 1596 
3 2 0 1597 
3 2 0 1612 
3 2 0 1600 
3 2 0 1611 
3 2 0 1601 
3 2 0 1610 
3 2 0 1604 
3 2 0 1602 
3 2 0 1603 
3 2 0 1609 
3 2 0 1605 
3 2 0 1608 
3 2 0 1606 
3 2 0 1607 
3 2 0 1616 
3 2 0 1618 
3 2 0 1630 
3 2 0 1620 
3 2 0 1629 
3 2 0 1627 
3 2 0 1623 
3 2 0 1621 
3 2 0 1622 
3 2 0 1626 
3 2 0 1624 
3 2 0 1625 
3 2 0 1628 
3 2 0 1632 
1 0 
1 0 
1 0 
1 0 
1 0 
2 3 1684 1685 0 
2 3 1683 1686 0 
2 3 1682 1687 0 
2 3 1681 1688 0 
1 0 
1 0 
1 0 
1 0 
2 3 1692 1693 0 
2 3 1691 1694 0 
2 3 1690 1695 0 
2 3 1689 1696 0 
1 0 
1 0 
1 0 
1 0 
2 3 1700 1701 0 
2 3 1699 1702 0 
1 0 
1 0 
1 0 
2 3 1705 1706 0 
1 0 
1 0 
1 0 
1 0 
1 0 
1 0 
1 0 
1 0 
1 0 
2 3 1715 1716 0 
1 0 
1 0 
1 0 
1 0 
2 3 1720 1721 0 
2 3 1719 1722 0 
2 3 1718 1723 0 
2 3 1717 1724 0 
2 3 1714 1725 0 
2 3 1713 1726 0 
2 3 1712 1727 0 
2 3 1711 1728 0 
2 3 1710 1729 0 
2 3 1709 1730 0 
2 3 1708 1731 0 
2 3 1707 1732 0 
1 0 
1 0 
1 0 
1 0 
1 0 
2 3 1737 1738 0 
1 0 
1 0 
1 0 
2 3 1741 1742 0 
2 3 1740 1743 0 
2 3 1739 1744 0 
2 3 1736 1745 0 
2 3 1735 1746 0 
2 3 1734 1747 0 
2 3 1733 1748 0 
2 3 1704 1749 0 
1 0 
2 3 1750 1751 0 
2 3 1703 1752 0 
2 3 1698 1753 0 
2 3 1697 1754 0 
3 2 0 1755 
3 2 0 1697 
3 2 0 1689 
3 2 0 1681 
3 2 0 1688 
3 2 0 1682 
3 2 0 1687 
3 2 0 1683 
3 2 0 1686 
3 2 0 1684 
3 2 0 1685 
3 2 0 1696 
3 2 0 1690 
3 2 0 1695 
3 2 0 1691 
3 2 0 1694 
3 2 0 1692 
3 2 0 1693 
3 2 0 1754 
3 2 0 1698 
3 2 0 1753 
3 2 0 1703 
3 2 0 1699 
3 2 0 1702 
3 2 0 1700 
3 2 0 1701 
3 2 0 1752 
3 2 0 1750 
3 2 0 1704 
3 2 0 1749 
3 2 0 1733 
3 2 0 1707 
3 2 0 1705 
3 2 0 1706 
3 2 0 1732 
3 2 0 1708 
3 2 0 1731 
3 2 0 1709 
3 2 0 1730 
3 2 0 1710 
3 2 0 1729 
3 2 0 1711 
3 2 0 1728 
3 2 0 1712 
3 2 0 1727 
3 2 0 1713 
3 2 0 1726 
3 2 0 1714 
3 2 0 1725 
3 2 0 1717 
3 2 0 1715 
3 2 0 1716 
3 2 0 1724 
3 2 0 1718 
3 2 0 1723 
3 2 0 1719 
3 2 0 1722 
3 2 0 1720 
3 2 0 1721 
3 2 0 1748 
3 2 0 1734 
3 2 0 1747 
3 2 0 1735 
3 2 0 1746 
3 2 0 1736 
3 2 0 1745 
3 2 0 1739 
3 2 0 1737 
3 2 0 1738 
3 2 0 1744 
3 2 0 1740 
3 2 0 1743 
3 2 0 1741 
3 2 0 1742 
3 2 0 1751 
1 0 
1 0 
1 0 
1 0 
1 0 
1 0 
1 0 
1 0 
1 0 
2 3 1838 1839 0 
2 3 1837 1840 0 
2 3 1836 1841 0 
2 3 1835 1842 0 
2 3 1834 1843 0 
1 0 
1 0 
2 3 1845 1846 0 
2 3 1844 1847 0 
2 3 1833 1848 0 
2 3 1832 1849 0 
1 0 
2 3 1850 1851 0 
2 3 1831 1852 0 
3 2 0 1853 
3 2 0 1831 
3 2 0 1852 
3 2 0 1850 
3 2 0 1832 
3 2 0 1849 
3 2 0 1833 
3 2 0 1848 
3 2 0 1844 
3 2 0 1834 
3 2 0 1843 
3 2 0 1835 
3 2 0 1842 
3 2 0 1836 
3 2 0 1841 
3 2 0 1837 
3 2 0 1840 
3 2 0 1838 
3 2 0 1839 
3 2 0 1847 
3 2 0 1845 
3 2 0 1846 
3 2 0 1851 
1 0 
1 0 
1 0 
1 0 
1 0 
2 3 1880 1881 0 
2 3 1879 1882 0 
1 0 
2 3 1883 1884 0 
1 0 
1 0 
1 0 
2 3 1887 1888 0 
2 3 1886 1889 0 
2 3 1885 1890 0 
2 3 1878 1891 0 
2 3 1877 1892 0 
1 0 
1 0 
1 0 
2 3 1895 1896 0 
1 0 
1 0 
1 0 
2 3 1899 1900 0 
2 3 1898 1901 0 
2 3 1897 1902 0 
1 0 
1 0 
1 0 
1 0 
2 3 1906 1907 0 
1 0 
1 0 
1 0 
2 3 1910 1911 0 
1 0 
1 0 
2 3 1913 1914 0 
2 3 1912 1915 0 
2 3 1909 1916 0 
2 3 1908 1917 0 
2 3 1905 1918 0 
2 3 1904 1919 0 
1 0 
2 3 1920 1921 0 
2 3 1903 1922 0 
2 3 1894 1923 0 
2 3 1893 1924 0 
3 2 0 1925 
3 2 0 1893 
3 2 0 1877 
3 2 0 1892 
3 2 0 1878 
3 2 0 1891 
3 2 0 1885 
3 2 0 1883 
3 2 0 1879 
3 2 0 1882 
3 2 0 1880 
3 2 0 1881 
3 2 0 1884 
3 2 0 1890 
3 2 0 1886 
3 2 0 1889 
3 2 0 1887 
3 2 0 1888 
3 2 0 1924 
3 2 0 1894 
3 2 0 1923 
3 2 0 1903 
3 2 0 1897 
3 2 0 1895 
3 2 0 1896 
3 2 0 1902 
3 2 0 1898 
3 2 0 1901 
3 2 0 1899 
3 2 0 1900 
3 2 0 1922 
3 2 0 1920 
3 2 0 1904 
3 2 0 1919 
3 2 0 1905 
3 2 0 1918 
3 2 0 1908 
3 2 0 1906 
3 2 0 1907 
3 2 0 1917 
3 2 0 1909 
3 2 0 1916 
3 2 0 1912 
3 2 0 1910 
3 2 0 1911 
3 2 0 1915 
3 2 0 1913 
3 2 0 1914 
3 2 0 1921 
1 0 
1 0 
1 0 
1 0 
2 3 1977 1978 0 
1 0 
1 0 
2 3 1980 1981 0 
2 3 1979 1982 0 
2 3 1976 1983 0 
2 3 1975 1984 0 
1 0 
1 0 
1 0 
1 0 
1 0 
1 0 
1 0 
2 3 1991 1992 0 
1 0 
2 3 1993 1994 0 
2 3 1990 1995 0 
2 3 1989 1996 0 
1 0 
1 0 
1 0 
2 3 1999 2000 0 
1 0 
1 0 
1 0 
2 3 2003 2004 0 
1 0 
1 0 
1 0 
1 0 
1 0 
1 0 
2 3 2010 2011 0 
2 3 2009 2012 0 
2 3 2008 2013 0 
2 3 2007 2014 0 
2 3 2006 2015 0 
2 3 2005 2016 0 
2 3 2002 2017 0 
2 3 2001 2018 0 
2 3 1998 2019 0 
2 3 1997 2020 0 
2 3 1988 2021 0 
2 3 1987 2022 0 
2 3 1986 2023 0 
1 0 
2 3 2024 2025 0 
2 3 1985 2026 0 
3 2 0 2027 
3 2 0 1985 
3 2 0 1975 
3 2 0 1984 
3 2 0 1976 
3 2 0 1983 
3 2 0 1979 
3 2 0 1977 
3 2 0 1978 
3 2 0 1982 
3 2 0 1980 
3 2 0 1981 
3 2 0 2026 
3 2 0 2024 
3 2 0 1986 
3 2 0 2023 
3 2 0 1987 
3 2 0 2022 
3 2 0 1988 
3 2 0 2021 
3 2 0 1997 
3 2 0 1989 
3 2 0 1996 
3 2 0 1990 
3 2 0 1995 
3 2 0 1993 
3 2 0 1991 
3 2 0 1992 
3 2 0 1994 
3 2 0 2020 
3 2 0 1998 
3 2 0 2019 
3 2 0 2001 
3 2 0 1999 
3 2 0 2000 
3 2 0 2018 
3 2 0 2002 
3 2 0 2017 
3 2 0 2005 
3 2 0 2003 
3 2 0 2004 
3 2 0 2016 
3 2 0 2006 
3 2 0 2015 
3 2 0 2007 
3 2 0 2014 
3 2 0 2008 
3 2 0 2013 
3 2 0 2009 
3 2 0 2012 
3 2 0 2010 
3 2 0 2011 
3 2 0 2025 
1 0 
1 0 
1 0 
2 3 2082 2083 0 
2 3 2081 2084 0 
1 0 
2 3 2085 2086 0 
1 0 
1 0 
1 0 
1 0 
2 3 2090 2091 0 
2 3 2089 2092 0 
2 3 2088 2093 0 
1 0 
2 3 2094 2095 0 
2 3 2087 2096 0 
3 2 0 2097 
3 2 0 2087 
3 2 0 2085 
3 2 0 2081 
3 2 0 2084 
3 2 0 2082 
3 2 0 2083 
3 2 0 2086 
3 2 0 2096 
3 2 0 2094 
3 2 0 2088 
3 2 0 2093 
3 2 0 2089 
3 2 0 2092 
3 2 0 2090 
3 2 0 2091 
3 2 0 2095 
1 0 
1 0 
1 0 
2 3 2116 2117 0 
1 0 
2 3 2118 2119 0 
1 0 
2 3 2120 2121 0 
1 0 
1 0 
2 3 2123 2124 0 
1 0 
1 0 
1 0 
2 3 2127 2128 0 
2 3 2126 2129 0 
2 3 2125 2130 0 
2 3 2122 2131 0 
2 3 2115 2132 0 
1 0 
1 0 
1 0 
1 0 
1 0 
2 3 2137 2138 0 
2 3 2136 2139 0 
2 3 2135 2140 0 
1 0 
1 0 
2 3 2142 2143 0 
1 0 
1 0 
1 0 
1 0 
2 3 2147 2148 0 
2 3 2146 2149 0 
1 0 
1 0 
1 0 
1 0 
2 3 2153 2154 0 
2 3 2152 2155 0 
2 3 2151 2156 0 
2 3 2150 2157 0 
2 3 2145 2158 0 
2 3 2144 2159 0 
1 0 
2 3 2160 2161 0 
1 0 
1 0 
1 0 
1 0 
2 3 2165 2166 0 
2 3 2164 2167 0 
2 3 2163 2168 0 
1 0 
1 0 
2 3 2170 2171 0 
2 3 2169 2172 0 
2 3 2162 2173 0 
1 0 
2 3 2174 2175 0 
2 3 2141 2176 0 
2 3 2134 2177 0 
2 3 2133 2178 0 
3 2 0 2179 
3 2 0 2133 
3 2 0 2115 
3 2 0 2132 
3 2 0 2122 
3 2 0 2120 
3 2 0 2118 
3 2 0 2116 
3 2 0 2117 
3 2 0 2119 
3 2 0 2121 
3 2 0 2131 
3 2 0 2125 
3 2 0 2123 
3 2 0 2124 
3 2 0 2130 
3 2 0 2126 
3 2 0 2129 
3 2 0 2127 
3 2 0 2128 
3 2 0 2178 
3 2 0 2134 
3 2 0 2177 
3 2 0 2141 
3 2 0 2135 
3 2 0 2140 
3 2 0 2136 
3 2 0 2139 
3 2 0 2137 
3 2 0 2138 
3 2 0 2176 
3 2 0 2174 
3 2 0 2162 
3 2 0 2160 
3 2 0 2144 
3 2 0 2142 
3 2 0 2143 
3 2 0 2159 
3 2 0 2145 
3 2 0 2158 
3 2 0 2150 
3 2 0 2146 
3 2 0 2149 
3 2 0 2147 
3 2 0 2148 
3 2 0 2157 
3 2 0 2151 
3 2 0 2156 
3 2 0 2152 
3 2 0 2155 
3 2 0 2153 
3 2 0 2154 
3 2 0 2161 
3 2 0 2173 
3 2 0 2169 
3 2 0 2163 
3 2 0 2168 
3 2 0 2164 
3 2 0 2167 
3 2 0 2165 
3 2 0 2166 
3 2 0 2172 
3 2 0 2170 
3 2 0 2171 
3 2 0 2175 
1 0 
1 0 
1 0 
1 0 
1 0 
2 3 2248 2249 0 
2 3 2247 2250 0 
2 3 2246 2251 0 
2 3 2245 2252 0 
1 0 
1 0 
1 0 
1 0 
2 3 2256 2257 0 
2 3 2255 2258 0 
1 0 
1 0 
2 3 2260 2261 0 
2 3 2259 2262 0 
1 0 
1 0 
2 3 2264 2265 0 
2 3 2263 2266 0 
1 0 
2 3 2267 2268 0 
1 0 
1 0 
1 0 
1 0 
1 0 
2 3 2273 2274 0 
1 0 
2 3 2275 2276 0 
2 3 2272 2277 0 
2 3 2271 2278 0 
1 0 
1 0 
1 0 
2 3 2281 2282 0 
2 3 2280 2283 0 
2 3 2279 2284 0 
1 0 
1 0 
1 0 
2 3 2287 2288 0 
2 3 2286 2289 0 
2 3 2285 2290 0 
2 3 2270 2291 0 
2 3 2269 2292 0 
2 3 2254 2293 0 
2 3 2253 2294 0 
1 0 
2 3 2295 2296 0 
3 2 0 2297 
3 2 0 2295 
3 2 0 2253 
3 2 0 2245 
3 2 0 2252 
3 2 0 2246 
3 2 0 2251 
3 2 0 2247 
3 2 0 2250 
3 2 0 2248 
3 2 0 2249 
3 2 0 2294 
3 2 0 2254 
3 2 0 2293 
3 2 0 2269 
3 2 0 2267 
3 2 0 2263 
3 2 0 2259 
3 2 0 2255 
3 2 0 2258 
3 2 0 2256 
3 2 0 2257 
3 2 0 2262 
3 2 0 2260 
3 2 0 2261 
3 2 0 2266 
3 2 0 2264 
3 2 0 2265 
3 2 0 2268 
3 2 0 2292 
3 2 0 2270 
3 2 0 2291 
3 2 0 2285 
3 2 0 2279 
3 2 0 2271 
3 2 0 2278 
3 2 0 2272 
3 2 0 2277 
3 2 0 2275 
3 2 0 2273 
3 2 0 2274 
3 2 0 2276 
3 2 0 2284 
3 2 0 2280 
3 2 0 2283 
3 2 0 2281 
3 2 0 2282 
3 2 0 2290 
3 2 0 2286 
3 2 0 2289 
3 2 0 2287 
3 2 0 2288 
3 2 0 2296 
1 0 
1 0 
2 3 2351 2352 0 
1 0 
1 0 
1 0 
1 0 
1 0 
2 3 2357 2358 0 
2 3 2356 2359 0 
2 3 2355 2360 0 
2 3 2354 2361 0 
2 3 2353 2362 0 
1 0 
1 0 
1 0 
2 3 2365 2366 0 
2 3 2364 2367 0 
1 0 
1 0 
2 3 2369 2370 0 
2 3 2368 2371 0 
1 0 
2 3 2372 2373 0 
2 3 2363 2374 0 
3 2 0 2375 
3 2 0 2363 
3 2 0 2353 
3 2 0 2351 
3 2 0 2352 
3 2 0 2362 
3 2 0 2354 
3 2 0 2361 
3 2 0 2355 
3 2 0 2360 
3 2 0 2356 
3 2 0 2359 
3 2 0 2357 
3 2 0 2358 
3 2 0 2374 
3 2 0 2372 
3 2 0 2368 
3 2 0 2364 
3 2 0 2367 
3 2 0 2365 
3 2 0 2366 
3 2 0 2371 
3 2 0 2369 
3 2 0 2370 
3 2 0 2373 
1 0 
1 0 
1 0 
2 3 2402 2403 0 
1 0 
1 0 
2 3 2405 2406 0 
1 0 
2 3 2407 2408 0 
2 3 2404 2409 0 
1 0 
2 3 2410 2411 0 
2 3 2401 2412 0 
1 0 
1 0 
1 0 
1 0 
1 0 
2 3 2417 2418 0 
2 3 2416 2419 0 
2 3 2415 2420 0 
2 3 2414 2421 0 
1 0 
2 3 2422 2423 0 
2 3 2413 2424 0 
3 2 0 2425 
3 2 0 2413 
3 2 0 2401 
3 2 0 2412 
3 2 0 2410 
3 2 0 2404 
3 2 0 2402 
3 2 0 2403 
3 2 0 2409 
3 2 0 2407 
3 2 0 2405 
3 2 0 2406 
3 2 0 2408 
3 2 0 2411 
3 2 0 2424 
3 2 0 2422 
3 2 0 2414 
3 2 0 2421 
3 2 0 2415 
3 2 0 2420 
3 2 0 2416 
3 2 0 2419 
3 2 0 2417 
3 2 0 2418 
3 2 0 2423 
1 0 
1 0 
2 3 2451 2452 0 
1 0 
1 0 
1 0 
1 0 
1 0 
1 0 
1 0 
1 0 
1 0 
2 3 2461 2462 0 
1 0 
1 0 
2 3 2464 2465 0 
2 3 2463 2466 0 
2 3 2460 2467 0 
2 3 2459 2468 0 
2 3 2458 2469 0 
2 3 2457 2470 0 
2 3 2456 2471 0 
2 3 2455 2472 0 
2 3 2454 2473 0 
1 0 
2 3 2474 2475 0 
2 3 2453 2476 0 
3 2 0 2477 
3 2 0 2453 
3 2 0 2451 
3 2 0 2452 
3 2 0 2476 
3 2 0 2474 
3 2 0 2454 
3 2 0 2473 
3 2 0 2455 
3 2 0 2472 
3 2 0 2456 
3 2 0 2471 
3 2 0 2457 
3 2 0 2470 
3 2 0 2458 
3 2 0 2469 
3 2 0 2459 
3 2 0 2468 
3 2 0 2460 
3 2 0 2467 
3 2 0 2463 
3 2 0 2461 
3 2 0 2462 
3 2 0 2466 
3 2 0 2464 
3 2 0 2465 
3 2 0 2475 
1 0 
1 0 
1 0 
2 3 2506 2507 0 
1 0 
2 3 2508 2509 0 
1 0 
2 3 2510 2511 0 
1 0 
1 0 
1 0 
2 3 2514 2515 0 
1 0 
1 0 
1 0 
2 3 2518 2519 0 
2 3 2517 2520 0 
2 3 2516 2521 0 
2 3 2513 2522 0 
1 0 
1 0 
1 0 
1 0 
1 0 
1 0 
1 0 
1 0 
2 3 2530 2531 0 
2 3 2529 2532 0 
2 3 2528 2533 0 
2 3 2527 2534 0 
2 3 2526 2535 0 
1 0 
1 0 
2 3 2537 2538 0 
2 3 2536 2539 0 
2 3 2525 2540 0 
2 3 2524 2541 0 
2 3 2523 2542 0 
2 3 2512 2543 0 
1 0 
2 3 2544 2545 0 
2 3 2505 2546 0 
3 2 0 2547 
3 2 0 2505 
3 2 0 2546 
3 2 0 2544 
3 2 0 2512 
3 2 0 2510 
3 2 0 2508 
3 2 0 2506 
3 2 0 2507 
3 2 0 2509 
3 2 0 2511 
3 2 0 2543 
3 2 0 2523 
3 2 0 2513 
3 2 0 2522 
3 2 0 2516 
3 2 0 2514 
3 2 0 2515 
3 2 0 2521 
3 2 0 2517 
3 2 0 2520 
3 2 0 2518 
3 2 0 2519 
3 2 0 2542 
3 2 0 2524 
3 2 0 2541 
3 2 0 2525 
3 2 0 2540 
3 2 0 2536 
3 2 0 2526 
3 2 0 2535 
3 2 0 2527 
3 2 0 2534 
3 2 0 2528 
3 2 0 2533 
3 2 0 2529 
3 2 0 2532 
3 2 0 2530 
3 2 0 2531 
3 2 0 2539 
3 2 0 2537 
3 2 0 2538 
3 2 0 2545 
1 0 
1 0 
1 0 
1 0 
1 0 
1 0 
1 0 
1 0 
1 0 
2 3 2598 2599 0 
2 3 2597 2600 0 
1 0 
2 3 2601 2602 0 
1 0 
1 0 
2 3 2604 2605 0 
2 3 2603 2606 0 
2 3 2596 2607 0 
2 3 2595 2608 0 
2 3 2594 2609 0 
2 3 2593 2610 0 
2 3 2592 2611 0 
1 0 
2 3 2612 2613 0 
2 3 2591 2614 0 
3 2 0 2615 
3 2 0 2591 
3 2 0 2614 
3 2 0 2612 
3 2 0 2592 
3 2 0 2611 
3 2 0 2593 
3 2 0 2610 
3 2 0 2594 
3 2 0 2609 
3 2 0 2595 
3 2 0 2608 
3 2 0 2596 
3 2 0 2607 
3 2 0 2603 
3 2 0 2601 
3 2 0 2597 
3 2 0 2600 
3 2 0 2598 
3 2 0 2599 
3 2 0 2602 
3 2 0 2606 
3 2 0 2604 
3 2 0 2605 
3 2 0 2613 
1 0 
1 0 
1 0 
2 3 2642 2643 0 
2 3 2641 2644 0 
1 0 
1 0 
1 0 
1 0 
1 0 
1 0 
2 3 2650 2651 0 
2 3 2649 2652 0 
1 0 
1 0 
1 0 
2 3 2655 2656 0 
2 3 2654 2657 0 
2 3 2653 2658 0 
2 3 2648 2659 0 
1 0 
1 0 
1 0 
1 0 
1 0 
2 3 2664 2665 0 
2 3 2663 2666 0 
2 3 2662 2667 0 
2 3 2661 2668 0 
2 3 2660 2669 0 
2 3 2647 2670 0 
2 3 2646 2671 0 
1 0 
2 3 2672 2673 0 
2 3 2645 2674 0 
3 2 0 2675 
3 2 0 2645 
3 2 0 2641 
3 2 0 2644 
3 2 0 2642 
3 2 0 2643 
3 2 0 2674 
3 2 0 2672 
3 2 0 2646 
3 2 0 2671 
3 2 0 2647 
3 2 0 2670 
3 2 0 2660 
3 2 0 2648 
3 2 0 2659 
3 2 0 2653 
3 2 0 2649 
3 2 0 2652 
3 2 0 2650 
3 2 0 2651 
3 2 0 2658 
3 2 0 2654 
3 2 0 2657 
3 2 0 2655 
3 2 0 2656 
3 2 0 2669 
3 2 0 2661 
3 2 0 2668 
3 2 0 2662 
3 2 0 2667 
3 2 0 2663 
3 2 0 2666 
3 2 0 2664 
3 2 0 2665 
3 2 0 2673 
1 0 
1 0 
1 0 
2 3 2712 2713 0 
1 0 
1 0 
1 0 
1 0 
2 3 2717 2718 0 
1 0 
1 0 
2 3 2720 2721 0 
2 3 2719 2722 0 
2 3 2716 2723 0 
2 3 2715 2724 0 
2 3 2714 2725 0 
1 0 
2 3 2726 2727 0 
1 0 
1 0 
2 3 2729 2730 0 
1 0 
1 0 
1 0 
2 3 2733 2734 0 
1 0 
1 0 
1 0 
1 0 
2 3 2738 2739 0 
1 0 
1 0 
1 0 
2 3 2742 2743 0 
1 0 
1 0 
1 0 
1 0 
2 3 2747 2748 0 
2 3 2746 2749 0 
2 3 2745 2750 0 
1 0 
1 0 
1 0 
1 0 
2 3 2754 2755 0 
1 0 
1 0 
1 0 
2 3 2758 2759 0 
2 3 2757 2760 0 
2 3 2756 2761 0 
2 3 2753 2762 0 
2 3 2752 2763 0 
2 3 2751 2764 0 
2 3 2744 2765 0 
2 3 2741 2766 0 
2 3 2740 2767 0 
2 3 2737 2768 0 
2 3 2736 2769 0 
2 3 2735 2770 0 
2 3 2732 2771 0 
2 3 2731 2772 0 
2 3 2728 2773 0 
2 3 2711 2774 0 
1 0 
2 3 2775 2776 0 
3 2 0 2777 
3 2 0 2775 
3 2 0 2711 
3 2 0 2774 
3 2 0 2728 
3 2 0 2726 
3 2 0 2714 
3 2 0 2712 
3 2 0 2713 
3 2 0 2725 
3 2 0 2715 
3 2 0 2724 
3 2 0 2716 
3 2 0 2723 
3 2 0 2719 
3 2 0 2717 
3 2 0 2718 
3 2 0 2722 
3 2 0 2720 
3 2 0 2721 
3 2 0 2727 
3 2 0 2773 
3 2 0 2731 
3 2 0 2729 
3 2 0 2730 
3 2 0 2772 
3 2 0 2732 
3 2 0 2771 
3 2 0 2735 
3 2 0 2733 
3 2 0 2734 
3 2 0 2770 
3 2 0 2736 
3 2 0 2769 
3 2 0 2737 
3 2 0 2768 
3 2 0 2740 
3 2 0 2738 
3 2 0 2739 
3 2 0 2767 
3 2 0 2741 
3 2 0 2766 
3 2 0 2744 
3 2 0 2742 
3 2 0 2743 
3 2 0 2765 
3 2 0 2751 
3 2 0 2745 
3 2 0 2750 
3 2 0 2746 
3 2 0 2749 
3 2 0 2747 
3 2 0 2748 
3 2 0 2764 
3 2 0 2752 
3 2 0 2763 
3 2 0 2753 
3 2 0 2762 
3 2 0 2756 
3 2 0 2754 
3 2 0 2755 
3 2 0 2761 
3 2 0 2757 
3 2 0 2760 
3 2 0 2758 
3 2 0 2759 
3 2 0 2776 
1 0 
1 0 
1 0 
2 3 2846 2847 0 
2 3 2845 2848 0 
1 0 
1 0 
1 0 
1 0 
2 3 2852 2853 0 
1 0 
2 3 2854 2855 0 
1 0 
1 0 
1 0 
1 0 
2 3 2859 2860 0 
2 3 2858 2861 0 
2 3 2857 2862 0 
2 3 2856 2863 0 
2 3 2851 2864 0 
2 3 2850 2865 0 
2 3 2849 2866 0 
1 0 
2 3 2867 2868 0 
1 0 
2 3 2869 2870 0 
1 0 
1 0 
1 0 
1 0 
2 3 2874 2875 0 
2 3 2873 2876 0 
2 3 2872 2877 0 
1 0 
1 0 
1 0 
1 0 
2 3 2881 2882 0 
2 3 2880 2883 0 
2 3 2879 2884 0 
2 3 2878 2885 0 
2 3 2871 2886 0 
1 0 
2 3 2887 2888 0 
3 2 0 2889 
3 2 0 2887 
3 2 0 2871 
3 2 0 2869 
3 2 0 2867 
3 2 0 2849 
3 2 0 2845 
3 2 0 2848 
3 2 0 2846 
3 2 0 2847 
3 2 0 2866 
3 2 0 2850 
3 2 0 2865 
3 2 0 2851 
3 2 0 2864 
3 2 0 2856 
3 2 0 2854 
3 2 0 2852 
3 2 0 2853 
3 2 0 2855 
3 2 0 2863 
3 2 0 2857 
3 2 0 2862 
3 2 0 2858 
3 2 0 2861 
3 2 0 2859 
3 2 0 2860 
3 2 0 2868 
3 2 0 2870 
3 2 0 2886 
3 2 0 2878 
3 2 0 2872 
3 2 0 2877 
3 2 0 2873 
3 2 0 2876 
3 2 0 2874 
3 2 0 2875 
3 2 0 2885 
3 2 0 2879 
3 2 0 2884 
3 2 0 2880 
3 2 0 2883 
3 2 0 2881 
3 2 0 2882 
3 2 0 2888 
1 0 
1 0 
2 3 2935 2936 0 
1 0 
1 0 
2 3 2938 2939 0 
1 0 
1 0 
1 0 
2 3 2942 2943 0 
2 3 2941 2944 0 
1 0 
1 0 
1 0 
2 3 2947 2948 0 
1 0 
1 0 
1 0 
2 3 2951 2952 0 
2 3 2950 2953 0 
2 3 2949 2954 0 
2 3 2946 2955 0 
2 3 2945 2956 0 
2 3 2940 2957 0 
2 3 2937 2958 0 
1 0 
2 3 2959 2960 0 
1 0 
2 3 2961 2962 0 
1 0 
1 0 
1 0 
2 3 2965 2966 0 
2 3 2964 2967 0 
1 0 
1 0 
1 0 
2 3 2970 2971 0 
1 0 
1 0 
2 3 2973 2974 0 
2 3 2972 2975 0 
2 3 2969 2976 0 
2 3 2968 2977 0 
2 3 2963 2978 0 
1 0 
2 3 2979 2980 0 
3 2 0 2981 
3 2 0 2979 
3 2 0 2963 
3 2 0 2961 
3 2 0 2959 
3 2 0 2937 
3 2 0 2935 
3 2 0 2936 
3 2 0 2958 
3 2 0 2940 
3 2 0 2938 
3 2 0 2939 
3 2 0 2957 
3 2 0 2945 
3 2 0 2941 
3 2 0 2944 
3 2 0 2942 
3 2 0 2943 
3 2 0 2956 
3 2 0 2946 
3 2 0 2955 
3 2 0 2949 
3 2 0 2947 
3 2 0 2948 
3 2 0 2954 
3 2 0 2950 
3 2 0 2953 
3 2 0 2951 
3 2 0 2952 
3 2 0 2960 
3 2 0 2962 
3 2 0 2978 
3 2 0 2968 
3 2 0 2964 
3 2 0 2967 
3 2 0 2965 
3 2 0 2966 
3 2 0 2977 
3 2 0 2969 
3 2 0 2976 
3 2 0 2972 
3 2 0 2970 
3 2 0 2971 
3 2 0 2975 
3 2 0 2973 
3 2 0 2974 
3 2 0 2980 
1 0 
1 0 
1 0 
2 3 3030 3031 0 
2 3 3029 3032 0 
1 0 
1 0 
1 0 
1 0 
2 3 3036 3037 0 
2 3 3035 3038 0 
1 0 
2 3 3039 3040 0 
1 0 
2 3 3041 3042 0 
1 0 
1 0 
1 0 
1 0 
1 0 
2 3 3047 3048 0 
2 3 3046 3049 0 
1 0 
1 0 
1 0 
1 0 
2 3 3053 3054 0 
2 3 3052 3055 0 
1 0 
1 0 
1 0 
1 0 
2 3 3059 3060 0 
2 3 3058 3061 0 
1 0 
1 0 
1 0 
2 3 3064 3065 0 
2 3 3063 3066 0 
2 3 3062 3067 0 
2 3 3057 3068 0 
2 3 3056 3069 0 
2 3 3051 3070 0 
2 3 3050 3071 0 
2 3 3045 3072 0 
1 0 
2 3 3073 3074 0 
2 3 3044 3075 0 
2 3 3043 3076 0 
2 3 3034 3077 0 
2 3 3033 3078 0 
3 2 0 3079 
3 2 0 3033 
3 2 0 3029 
3 2 0 3032 
3 2 0 3030 
3 2 0 3031 
3 2 0 3078 
3 2 0 3034 
3 2 0 3077 
3 2 0 3043 
3 2 0 3041 
3 2 0 3039 
3 2 0 3035 
3 2 0 3038 
3 2 0 3036 
3 2 0 3037 
3 2 0 3040 
3 2 0 3042 
3 2 0 3076 
3 2 0 3044 
3 2 0 3075 
3 2 0 3073 
3 2 0 3045 
3 2 0 3072 
3 2 0 3050 
3 2 0 3046 
3 2 0 3049 
3 2 0 3047 
3 2 0 3048 
3 2 0 3071 
3 2 0 3051 
3 2 0 3070 
3 2 0 3056 
3 2 0 3052 
3 2 0 3055 
3 2 0 3053 
3 2 0 3054 
3 2 0 3069 
3 2 0 3057 
3 2 0 3068 
3 2 0 3062 
3 2 0 3058 
3 2 0 3061 
3 2 0 3059 
3 2 0 3060 
3 2 0 3067 
3 2 0 3063 
3 2 0 3066 
3 2 0 3064 
3 2 0 3065 
3 2 0 3074 
1 0 
1 0 
1 0 
1 0 
2 3 3133 3134 0 
2 3 3132 3135 0 
2 3 3131 3136 0 
1 0 
1 0 
1 0 
1 0 
1 0 
1 0 
2 3 3142 3143 0 
2 3 3141 3144 0 
1 0 
1 0 
1 0 
2 3 3147 3148 0 
1 0 
2 3 3149 3150 0 
2 3 3146 3151 0 
2 3 3145 3152 0 
2 3 3140 3153 0 
2 3 3139 3154 0 
2 3 3138 3155 0 
2 3 3137 3156 0 
1 0 
2 3 3157 3158 0 
1 0 
2 3 3159 3160 0 
1 0 
1 0 
2 3 3162 3163 0 
1 0 
1 0 
1 0 
2 3 3166 3167 0 
2 3 3165 3168 0 
2 3 3164 3169 0 
2 3 3161 3170 0 
1 0 
2 3 3171 3172 0 
3 2 0 3173 
3 2 0 3171 
3 2 0 3161 
3 2 0 3159 
3 2 0 3157 
3 2 0 3137 
3 2 0 3131 
3 2 0 3136 
3 2 0 3132 
3 2 0 3135 
3 2 0 3133 
3 2 0 3134 
3 2 0 3156 
3 2 0 3138 
3 2 0 3155 
3 2 0 3139 
3 2 0 3154 
3 2 0 3140 
3 2 0 3153 
3 2 0 3145 
3 2 0 3141 
3 2 0 3144 
3 2 0 3142 
3 2 0 3143 
3 2 0 3152 
3 2 0 3146 
3 2 0 3151 
3 2 0 3149 
3 2 0 3147 
3 2 0 3148 
3 2 0 3150 
3 2 0 3158 
3 2 0 3160 
3 2 0 3170 
3 2 0 3164 
3 2 0 3162 
3 2 0 3163 
3 2 0 3169 
3 2 0 3165 
3 2 0 3168 
3 2 0 3166 
3 2 0 3167 
3 2 0 3172 
1 0 
1 0 
1 0 
2 3 3218 3219 0 
2 3 3217 3220 0 
1 0 
1 0 
1 0 
1 0 
2 3 3224 3225 0 
2 3 3223 3226 0 
1 0 
1 0 
2 3 3228 3229 0 
2 3 3227 3230 0 
2 3 3222 3231 0 
2 3 3221 3232 0 
1 0 
1 0 
1 0 
1 0 
1 0 
1 0 
1 0 
1 0 
1 0 
1 0 
2 3 3242 3243 0 
2 3 3241 3244 0 
2 3 3240 3245 0 
2 3 3239 3246 0 
2 3 3238 3247 0 
2 3 3237 3248 0 
2 3 3236 3249 0 
2 3 3235 3250 0 
2 3 3234 3251 0 
1 0 
2 3 3252 3253 0 
2 3 3233 3254 0 
3 2 0 3255 
3 2 0 3233 
3 2 0 3221 
3 2 0 3217 
3 2 0 3220 
3 2 0 3218 
3 2 0 3219 
3 2 0 3232 
3 2 0 3222 
3 2 0 3231 
3 2 0 3227 
3 2 0 3223 
3 2 0 3226 
3 2 0 3224 
3 2 0 3225 
3 2 0 3230 
3 2 0 3228 
3 2 0 3229 
3 2 0 3254 
3 2 0 3252 
3 2 0 3234 
3 2 0 3251 
3 2 0 3235 
3 2 0 3250 
3 2 0 3236 
3 2 0 3249 
3 2 0 3237 
3 2 0 3248 
3 2 0 3238 
3 2 0 3247 
3 2 0 3239 
3 2 0 3246 
3 2 0 3240 
3 2 0 3245 
3 2 0 3241 
3 2 0 3244 
3 2 0 3242 
3 2 0 3243 
3 2 0 3253 
1 0 
1 0 
1 0 
2 3 3296 3297 0 
2 3 3295 3298 0 
1 0 
1 0 
1 0 
2 3 3301 3302 0 
2 3 3300 3303 0 
1 0 
1 0 
1 0 
1 0 
1 0 
2 3 3308 3309 0 
2 3 3307 3310 0 
2 3 3306 3311 0 
2 3 3305 3312 0 
1 0 
2 3 3313 3314 0 
2 3 3304 3315 0 
2 3 3299 3316 0 
3 2 0 3317 
3 2 0 3299 
3 2 0 3295 
3 2 0 3298 
3 2 0 3296 
3 2 0 3297 
3 2 0 3316 
3 2 0 3304 
3 2 0 3300 
3 2 0 3303 
3 2 0 3301 
3 2 0 3302 
3 2 0 3315 
3 2 0 3313 
3 2 0 3305 
3 2 0 3312 
3 2 0 3306 
3 2 0 3311 
3 2 0 3307 
3 2 0 3310 
3 2 0 3308 
3 2 0 3309 
3 2 0 3314 
1 0 
1 0 
2 3 3341 3342 0 
1 0 
2 3 3343 3344 0 
1 0 
1 0 
2 3 3346 3347 0 
2 3 3345 3348 0 
1 0 
2 3 3349 3350 0 
1 0 
1 0 
1 0 
1 0 
1 0 
1 0 
2 3 3356 3357 0 
2 3 3355 3358 0 
2 3 3354 3359 0 
2 3 3353 3360 0 
2 3 3352 3361 0 
1 0 
2 3 3362 3363 0 
2 3 3351 3364 0 
3 2 0 3365 
3 2 0 3351 
3 2 0 3349 
3 2 0 3345 
3 2 0 3343 
3 2 0 3341 
3 2 0 3342 
3 2 0 3344 
3 2 0 3348 
3 2 0 3346 
3 2 0 3347 
3 2 0 3350 
3 2 0 3364 
3 2 0 3362 
3 2 0 3352 
3 2 0 3361 
3 2 0 3353 
3 2 0 3360 
3 2 0 3354 
3 2 0 3359 
3 2 0 3355 
3 2 0 3358 
3 2 0 3356 
3 2 0 3357 
3 2 0 3363 
1 0 
1 0 
2 3 3391 3392 0 
1 0 
1 0 
1 0 
1 0 
2 3 3396 3397 0 
2 3 3395 3398 0 
2 3 3394 3399 0 
1 0 
2 3 3400 3401 0 
1 0 
2 3 3402 3403 0 
1 0 
1 0 
1 0 
1 0 
1 0 
2 3 3408 3409 0 
1 0 
1 0 
1 0 
1 0 
2 3 3413 3414 0 
2 3 3412 3415 0 
2 3 3411 3416 0 
1 0 
1 0 
1 0 
2 3 3419 3420 0 
2 3 3418 3421 0 
2 3 3417 3422 0 
2 3 3410 3423 0 
2 3 3407 3424 0 
2 3 3406 3425 0 
2 3 3405 3426 0 
2 3 3404 3427 0 
1 0 
2 3 3428 3429 0 
2 3 3393 3430 0 
3 2 0 3431 
3 2 0 3393 
3 2 0 3391 
3 2 0 3392 
3 2 0 3430 
3 2 0 3428 
3 2 0 3404 
3 2 0 3402 
3 2 0 3400 
3 2 0 3394 
3 2 0 3399 
3 2 0 3395 
3 2 0 3398 
3 2 0 3396 
3 2 0 3397 
3 2 0 3401 
3 2 0 3403 
3 2 0 3427 
3 2 0 3405 
3 2 0 3426 
3 2 0 3406 
3 2 0 3425 
3 2 0 3407 
3 2 0 3424 
3 2 0 3410 
3 2 0 3408 
3 2 0 3409 
3 2 0 3423 
3 2 0 3417 
3 2 0 3411 
3 2 0 3416 
3 2 0 3412 
3 2 0 3415 
3 2 0 3413 
3 2 0 3414 
3 2 0 3422 
3 2 0 3418 
3 2 0 3421 
3 2 0 3419 
3 2 0 3420 
3 2 0 3429 
1 0 
1 0 
1 0 
2 3 3474 3475 0 
1 0 
2 3 3476 3477 0 
1 0 
2 3 3478 3479 0 
2 3 3473 3480 0 
3 2 0 3481 
3 2 0 3473 
3 2 0 3480 
3 2 0 3478 
3 2 0 3476 
3 2 0 3474 
3 2 0 3475 
3 2 0 3477 
3 2 0 3479 
1 0 
1 0 
1 0 
1 0 
2 3 3493 3494 0 
2 3 3492 3495 0 
2 3 3491 3496 0 
1 0 
1 0 
1 0 
1 0 
1 0 
1 0 
1 0 
1 0 
2 3 3504 3505 0 
1 0 
2 3 3506 3507 0 
2 3 3503 3508 0 
1 0 
2 3 3509 3510 0 
1 0 
1 0 
1 0 
2 3 3513 3514 0 
2 3 3512 3515 0 
1 0 
2 3 3516 3517 0 
1 0 
1 0 
1 0 
1 0 
1 0 
1 0 
1 0 
1 0 
2 3 3525 3526 0 
1 0 
2 3 3527 3528 0 
2 3 3524 3529 0 
2 3 3523 3530 0 
1 0 
1 0 
1 0 
2 3 3533 3534 0 
1 0 
2 3 3535 3536 0 
1 0 
1 0 
1 0 
2 3 3539 3540 0 
2 3 3538 3541 0 
2 3 3537 3542 0 
1 0 
2 3 3543 3544 0 
1 0 
1 0 
1 0 
2 3 3547 3548 0 
2 3 3546 3549 0 
1 0 
2 3 3550 3551 0 
1 0 
1 0 
2 3 3553 3554 0 
2 3 3552 3555 0 
2 3 3545 3556 0 
1 0 
2 3 3557 3558 0 
1 0 
2 3 3559 3560 0 
1 0 
2 3 3561 3562 0 
1 0 
2 3 3563 3564 0 
2 3 3532 3565 0 
2 3 3531 3566 0 
2 3 3522 3567 0 
2 3 3521 3568 0 
2 3 3520 3569 0 
2 3 3519 3570 0 
2 3 3518 3571 0 
2 3 3511 3572 0 
2 3 3502 3573 0 
1 0 
2 3 3574 3575 0 
2 3 3501 3576 0 
2 3 3500 3577 0 
2 3 3499 3578 0 
2 3 3498 3579 0 
2 3 3497 3580 0 
3 2 0 3581 
3 2 0 3497 
3 2 0 3491 
3 2 0 3496 
3 2 0 3492 
3 2 0 3495 
3 2 0 3493 
3 2 0 3494 
3 2 0 3580 
3 2 0 3498 
3 2 0 3579 
3 2 0 3499 
3 2 0 3578 
3 2 0 3500 
3 2 0 3577 
3 2 0 3501 
3 2 0 3576 
3 2 0 3574 
3 2 0 3502 
3 2 0 3573 
3 2 0 3511 
3 2 0 3509 
3 2 0 3503 
3 2 0 3508 
3 2 0 3506 
3 2 0 3504 
3 2 0 3505 
3 2 0 3507 
3 2 0 3510 
3 2 0 3572 
3 2 0 3518 
3 2 0 3516 
3 2 0 3512 
3 2 0 3515 
3 2 0 3513 
3 2 0 3514 
3 2 0 3517 
3 2 0 3571 
3 2 0 3519 
3 2 0 3570 
3 2 0 3520 
3 2 0 3569 
3 2 0 3521 
3 2 0 3568 
3 2 0 3522 
3 2 0 3567 
3 2 0 3531 
3 2 0 3523 
3 2 0 3530 
3 2 0 3524 
3 2 0 3529 
3 2 0 3527 
3 2 0 3525 
3 2 0 3526 
3 2 0 3528 
3 2 0 3566 
3 2 0 3532 
3 2 0 3565 
3 2 0 3563 
3 2 0 3561 
3 2 0 3559 
3 2 0 3557 
3 2 0 3545 
3 2 0 3543 
3 2 0 3537 
3 2 0 3535 
3 2 0 3533 
3 2 0 3534 
3 2 0 3536 
3 2 0 3542 
3 2 0 3538 
3 2 0 3541 
3 2 0 3539 
3 2 0 3540 
3 2 0 3544 
3 2 0 3556 
3 2 0 3552 
3 2 0 3550 
3 2 0 3546 
3 2 0 3549 
3 2 0 3547 
3 2 0 3548 
3 2 0 3551 
3 2 0 3555 
3 2 0 3553 
3 2 0 3554 
3 2 0 3558 
3 2 0 3560 
3 2 0 3562 
3 2 0 3564 
3 2 0 3575 
1 0 
1 0 
1 0 
1 0 
1 0 
2 3 3676 3677 0 
2 3 3675 3678 0 
1 0 
2 3 3679 3680 0 
2 3 3674 3681 0 
1 0 
2 3 3682 3683 0 
1 0 
1 0 
1 0 
1 0 
1 0 
2 3 3688 3689 0 
2 3 3687 3690 0 
2 3 3686 3691 0 
2 3 3685 3692 0 
2 3 3684 3693 0 
2 3 3673 3694 0 
1 0 
1 0 
1 0 
1 0 
2 3 3698 3699 0 
2 3 3697 3700 0 
1 0 
1 0 
1 0 
2 3 3703 3704 0 
1 0 
1 0 
1 0 
1 0 
1 0 
1 0 
2 3 3710 3711 0 
2 3 3709 3712 0 
1 0 
2 3 3713 3714 0 
2 3 3708 3715 0 
2 3 3707 3716 0 
2 3 3706 3717 0 
2 3 3705 3718 0 
1 0 
1 0 
1 0 
1 0 
2 3 3722 3723 0 
2 3 3721 3724 0 
1 0 
1 0 
1 0 
1 0 
1 0 
2 3 3729 3730 0 
2 3 3728 3731 0 
2 3 3727 3732 0 
2 3 3726 3733 0 
2 3 3725 3734 0 
2 3 3720 3735 0 
2 3 3719 3736 0 
2 3 3702 3737 0 
2 3 3701 3738 0 
2 3 3696 3739 0 
1 0 
2 3 3740 3741 0 
2 3 3695 3742 0 
3 2 0 3743 
3 2 0 3695 
3 2 0 3673 
3 2 0 3694 
3 2 0 3684 
3 2 0 3682 
3 2 0 3674 
3 2 0 3681 
3 2 0 3679 
3 2 0 3675 
3 2 0 3678 
3 2 0 3676 
3 2 0 3677 
3 2 0 3680 
3 2 0 3683 
3 2 0 3693 
3 2 0 3685 
3 2 0 3692 
3 2 0 3686 
3 2 0 3691 
3 2 0 3687 
3 2 0 3690 
3 2 0 3688 
3 2 0 3689 
3 2 0 3742 
3 2 0 3740 
3 2 0 3696 
3 2 0 3739 
3 2 0 3701 
3 2 0 3697 
3 2 0 3700 
3 2 0 3698 
3 2 0 3699 
3 2 0 3738 
3 2 0 3702 
3 2 0 3737 
3 2 0 3719 
3 2 0 3705 
3 2 0 3703 
3 2 0 3704 
3 2 0 3718 
3 2 0 3706 
3 2 0 3717 
3 2 0 3707 
3 2 0 3716 
3 2 0 3708 
3 2 0 3715 
3 2 0 3713 
3 2 0 3709 
3 2 0 3712 
3 2 0 3710 
3 2 0 3711 
3 2 0 3714 
3 2 0 3736 
3 2 0 3720 
3 2 0 3735 
3 2 0 3725 
3 2 0 3721 
3 2 0 3724 
3 2 0 3722 
3 2 0 3723 
3 2 0 3734 
3 2 0 3726 
3 2 0 3733 
3 2 0 3727 
3 2 0 3732 
3 2 0 3728 
3 2 0 3731 
3 2 0 3729 
3 2 0 3730 
3 2 0 3741 
1 0 
1 0 
1 0 
2 3 3816 3817 0 
2 3 3815 3818 0 
1 0 
1 0 
1 0 
2 3 3821 3822 0 
2 3 3820 3823 0 
1 0 
2 3 3824 3825 0 
2 3 3819 3826 0 
3 2 0 3827 
3 2 0 3819 
3 2 0 3815 
3 2 0 3818 
3 2 0 3816 
3 2 0 3817 
3 2 0 3826 
3 2 0 3824 
3 2 0 3820 
3 2 0 3823 
3 2 0 3821 
3 2 0 3822 
3 2 0 3825 
1 0 
1 0 
1 0 
1 0 
1 0 
2 3 3844 3845 0 
2 3 3843 3846 0 
1 0 
1 0 
1 0 
1 0 
2 3 3850 3851 0 
2 3 3849 3852 0 
1 0 
2 3 3853 3854 0 
1 0 
1 0 
1 0 
1 0 
1 0 
1 0 
1 0 
2 3 3861 3862 0 
2 3 3860 3863 0 
2 3 3859 3864 0 
2 3 3858 3865 0 
2 3 3857 3866 0 
2 3 3856 3867 0 
2 3 3855 3868 0 
2 3 3848 3869 0 
2 3 3847 3870 0 
2 3 3842 3871 0 
1 0 
2 3 3872 3873 0 
2 3 3841 3874 0 
3 2 0 3875 
3 2 0 3841 
3 2 0 3874 
3 2 0 3872 
3 2 0 3842 
3 2 0 3871 
3 2 0 3847 
3 2 0 3843 
3 2 0 3846 
3 2 0 3844 
3 2 0 3845 
3 2 0 3870 
3 2 0 3848 
3 2 0 3869 
3 2 0 3855 
3 2 0 3853 
3 2 0 3849 
3 2 0 3852 
3 2 0 3850 
3 2 0 3851 
3 2 0 3854 
3 2 0 3868 
3 2 0 3856 
3 2 0 3867 
3 2 0 3857 
3 2 0 3866 
3 2 0 3858 
3 2 0 3865 
3 2 0 3859 
3 2 0 3864 
3 2 0 3860 
3 2 0 3863 
3 2 0 3861 
3 2 0 3862 
3 2 0 3873 
1 0 
1 0 
1 0 
2 3 3912 3913 0 
1 0 
1 0 
1 0 
1 0 
1 0 
1 0 
1 0 
1 0 
1 0 
2 3 3922 3923 0 
2 3 3921 3924 0 
2 3 3920 3925 0 
1 0 
1 0 
1 0 
2 3 3928 3929 0 
1 0 
1 0 
2 3 3931 3932 0 
2 3 3930 3933 0 
1 0 
1 0 
1 0 
1 0 
1 0 
1 0 
1 0 
1 0 
1 0 
2 3 3942 3943 0 
2 3 3941 3944 0 
1 0 
1 0 
1 0 
2 3 3947 3948 0 
1 0 
1 0 
1 0 
1 0 
2 3 3952 3953 0 
2 3 3951 3954 0 
2 3 3950 3955 0 
2 3 3949 3956 0 
2 3 3946 3957 0 
2 3 3945 3958 0 
2 3 3940 3959 0 
2 3 3939 3960 0 
2 3 3938 3961 0 
2 3 3937 3962 0 
2 3 3936 3963 0 
2 3 3935 3964 0 
2 3 3934 3965 0 
2 3 3927 3966 0 
2 3 3926 3967 0 
2 3 3919 3968 0 
2 3 3918 3969 0 
2 3 3917 3970 0 
2 3 3916 3971 0 
2 3 3915 3972 0 
2 3 3914 3973 0 
1 0 
2 3 3974 3975 0 
2 3 3911 3976 0 
3 2 0 3977 
3 2 0 3911 
3 2 0 3976 
3 2 0 3974 
3 2 0 3914 
3 2 0 3912 
3 2 0 3913 
3 2 0 3973 
3 2 0 3915 
3 2 0 3972 
3 2 0 3916 
3 2 0 3971 
3 2 0 3917 
3 2 0 3970 
3 2 0 3918 
3 2 0 3969 
3 2 0 3919 
3 2 0 3968 
3 2 0 3926 
3 2 0 3920 
3 2 0 3925 
3 2 0 3921 
3 2 0 3924 
3 2 0 3922 
3 2 0 3923 
3 2 0 3967 
3 2 0 3927 
3 2 0 3966 
3 2 0 3934 
3 2 0 3930 
3 2 0 3928 
3 2 0 3929 
3 2 0 3933 
3 2 0 3931 
3 2 0 3932 
3 2 0 3965 
3 2 0 3935 
3 2 0 3964 
3 2 0 3936 
3 2 0 3963 
3 2 0 3937 
3 2 0 3962 
3 2 0 3938 
3 2 0 3961 
3 2 0 3939 
3 2 0 3960 
3 2 0 3940 
3 2 0 3959 
3 2 0 3945 
3 2 0 3941 
3 2 0 3944 
3 2 0 3942 
3 2 0 3943 
3 2 0 3958 
3 2 0 3946 
3 2 0 3957 
3 2 0 3949 
3 2 0 3947 
3 2 0 3948 
3 2 0 3956 
3 2 0 3950 
3 2 0 3955 
3 2 0 3951 
3 2 0 3954 
3 2 0 3952 
3 2 0 3953 
3 2 0 3975 
1 0 
1 0 
1 0 
1 0 
1 0 
2 3 4048 4049 0 
1 0 
2 3 4050 4051 0 
2 3 4047 4052 0 
1 0 
1 0 
1 0 
1 0 
2 3 4056 4057 0 
2 3 4055 4058 0 
1 0 
2 3 4059 4060 0 
1 0 
1 0 
1 0 
1 0 
1 0 
1 0 
2 3 4066 4067 0 
2 3 4065 4068 0 
2 3 4064 4069 0 
2 3 4063 4070 0 
2 3 4062 4071 0 
2 3 4061 4072 0 
2 3 4054 4073 0 
2 3 4053 4074 0 
2 3 4046 4075 0 
1 0 
2 3 4076 4077 0 
2 3 4045 4078 0 
3 2 0 4079 
3 2 0 4045 
3 2 0 4078 
3 2 0 4076 
3 2 0 4046 
3 2 0 4075 
3 2 0 4053 
3 2 0 4047 
3 2 0 4052 
3 2 0 4050 
3 2 0 4048 
3 2 0 4049 
3 2 0 4051 
3 2 0 4074 
3 2 0 4054 
3 2 0 4073 
3 2 0 4061 
3 2 0 4059 
3 2 0 4055 
3 2 0 4058 
3 2 0 4056 
3 2 0 4057 
3 2 0 4060 
3 2 0 4072 
3 2 0 4062 
3 2 0 4071 
3 2 0 4063 
3 2 0 4070 
3 2 0 4064 
3 2 0 4069 
3 2 0 4065 
3 2 0 4068 
3 2 0 4066 
3 2 0 4067 
3 2 0 4077 
1 0 
1 0 
2 3 4115 4116 0 
1 0 
1 0 
1 0 
1 0 
1 0 
2 3 4121 4122 0 
1 0 
1 0 
2 3 4124 4125 0 
2 3 4123 4126 0 
2 3 4120 4127 0 
2 3 4119 4128 0 
1 0 
2 3 4129 4130 0 
2 3 4118 4131 0 
2 3 4117 4132 0 
3 2 0 4133 
3 2 0 4117 
3 2 0 4115 
3 2 0 4116 
3 2 0 4132 
3 2 0 4118 
3 2 0 4131 
3 2 0 4129 
3 2 0 4119 
3 2 0 4128 
3 2 0 4120 
3 2 0 4127 
3 2 0 4123 
3 2 0 4121 
3 2 0 4122 
3 2 0 4126 
3 2 0 4124 
3 2 0 4125 
3 2 0 4130 
1 0 
1 0 
1 0 
1 0 
1 0 
2 3 4156 4157 0 
2 3 4155 4158 0 
1 0 
1 0 
1 0 
1 0 
1 0 
2 3 4163 4164 0 
2 3 4162 4165 0 
2 3 4161 4166 0 
2 3 4160 4167 0 
2 3 4159 4168 0 
1 0 
1 0 
1 0 
1 0 
1 0 
2 3 4173 4174 0 
2 3 4172 4175 0 
1 0 
1 0 
1 0 
2 3 4178 4179 0 
2 3 4177 4180 0 
2 3 4176 4181 0 
2 3 4171 4182 0 
1 0 
2 3 4183 4184 0 
2 3 4170 4185 0 
2 3 4169 4186 0 
1 0 
1 0 
2 3 4188 4189 0 
1 0 
1 0 
2 3 4191 4192 0 
2 3 4190 4193 0 
2 3 4187 4194 0 
2 3 4154 4195 0 
1 0 
2 3 4196 4197 0 
2 3 4153 4198 0 
3 2 0 4199 
3 2 0 4153 
3 2 0 4198 
3 2 0 4196 
3 2 0 4154 
3 2 0 4195 
3 2 0 4187 
3 2 0 4169 
3 2 0 4159 
3 2 0 4155 
3 2 0 4158 
3 2 0 4156 
3 2 0 4157 
3 2 0 4168 
3 2 0 4160 
3 2 0 4167 
3 2 0 4161 
3 2 0 4166 
3 2 0 4162 
3 2 0 4165 
3 2 0 4163 
3 2 0 4164 
3 2 0 4186 
3 2 0 4170 
3 2 0 4185 
3 2 0 4183 
3 2 0 4171 
3 2 0 4182 
3 2 0 4176 
3 2 0 4172 
3 2 0 4175 
3 2 0 4173 
3 2 0 4174 
3 2 0 4181 
3 2 0 4177 
3 2 0 4180 
3 2 0 4178 
3 2 0 4179 
3 2 0 4184 
3 2 0 4194 
3 2 0 4190 
3 2 0 4188 
3 2 0 4189 
3 2 0 4193 
3 2 0 4191 
3 2 0 4192 
3 2 0 4197 
1 0 
1 0 
1 0 
1 0 
2 3 4249 4250 0 
2 3 4248 4251 0 
1 0 
1 0 
1 0 
1 0 
1 0 
1 0 
1 0 
2 3 4258 4259 0 
2 3 4257 4260 0 
2 3 4256 4261 0 
2 3 4255 4262 0 
2 3 4254 4263 0 
2 3 4253 4264 0 
2 3 4252 4265 0 
2 3 4247 4266 0 
1 0 
1 0 
1 0 
1 0 
2 3 4270 4271 0 
1 0 
2 3 4272 4273 0 
2 3 4269 4274 0 
1 0 
2 3 4275 4276 0 
1 0 
1 0 
1 0 
1 0 
2 3 4280 4281 0 
2 3 4279 4282 0 
2 3 4278 4283 0 
2 3 4277 4284 0 
2 3 4268 4285 0 
1 0 
2 3 4286 4287 0 
2 3 4267 4288 0 
3 2 0 4289 
3 2 0 4267 
3 2 0 4247 
3 2 0 4266 
3 2 0 4252 
3 2 0 4248 
3 2 0 4251 
3 2 0 4249 
3 2 0 4250 
3 2 0 4265 
3 2 0 4253 
3 2 0 4264 
3 2 0 4254 
3 2 0 4263 
3 2 0 4255 
3 2 0 4262 
3 2 0 4256 
3 2 0 4261 
3 2 0 4257 
3 2 0 4260 
3 2 0 4258 
3 2 0 4259 
3 2 0 4288 
3 2 0 4286 
3 2 0 4268 
3 2 0 4285 
3 2 0 4277 
3 2 0 4275 
3 2 0 4269 
3 2 0 4274 
3 2 0 4272 
3 2 0 4270 
3 2 0 4271 
3 2 0 4273 
3 2 0 4276 
3 2 0 4284 
3 2 0 4278 
3 2 0 4283 
3 2 0 4279 
3 2 0 4282 
3 2 0 4280 
3 2 0 4281 
3 2 0 4287 
1 0 
1 0 
1 0 
1 0 
2 3 4335 4336 0 
1 0 
1 0 
1 0 
2 3 4339 4340 0 
2 3 4338 4341 0 
2 3 4337 4342 0 
2 3 4334 4343 0 
1 0 
2 3 4344 4345 0 
2 3 4333 4346 0 
3 2 0 4347 
3 2 0 4333 
3 2 0 4346 
3 2 0 4344 
3 2 0 4334 
3 2 0 4343 
3 2 0 4337 
3 2 0 4335 
3 2 0 4336 
3 2 0 4342 
3 2 0 4338 
3 2 0 4341 
3 2 0 4339 
3 2 0 4340 
3 2 0 4345 
1 0 
1 0 
1 0 
1 0 
2 3 4365 4366 0 
1 0 
2 3 4367 4368 0 
1 0 
1 0 
1 0 
1 0 
2 3 4372 4373 0 
1 0 
1 0 
1 0 
1 0 
2 3 4377 4378 0 
1 0 
1 0 
1 0 
1 0 
2 3 4382 4383 0 
2 3 4381 4384 0 
1 0 
1 0 
1 0 
2 3 4387 4388 0 
2 3 4386 4389 0 
2 3 4385 4390 0 
2 3 4380 4391 0 
2 3 4379 4392 0 
2 3 4376 4393 0 
2 3 4375 4394 0 
2 3 4374 4395 0 
2 3 4371 4396 0 
2 3 4370 4397 0 
2 3 4369 4398 0 
1 0 
1 0 
1 0 
1 0 
2 3 4402 4403 0 
2 3 4401 4404 0 
2 3 4400 4405 0 
2 3 4399 4406 0 
1 0 
2 3 4407 4408 0 
2 3 4364 4409 0 
2 3 4363 4410 0 
3 2 0 4411 
3 2 0 4363 
3 2 0 4410 
3 2 0 4364 
3 2 0 4409 
3 2 0 4407 
3 2 0 4399 
3 2 0 4369 
3 2 0 4367 
3 2 0 4365 
3 2 0 4366 
3 2 0 4368 
3 2 0 4398 
3 2 0 4370 
3 2 0 4397 
3 2 0 4371 
3 2 0 4396 
3 2 0 4374 
3 2 0 4372 
3 2 0 4373 
3 2 0 4395 
3 2 0 4375 
3 2 0 4394 
3 2 0 4376 
3 2 0 4393 
3 2 0 4379 
3 2 0 4377 
3 2 0 4378 
3 2 0 4392 
3 2 0 4380 
3 2 0 4391 
3 2 0 4385 
3 2 0 4381 
3 2 0 4384 
3 2 0 4382 
3 2 0 4383 
3 2 0 4390 
3 2 0 4386 
3 2 0 4389 
3 2 0 4387 
3 2 0 4388 
3 2 0 4406 
3 2 0 4400 
3 2 0 4405 
3 2 0 4401 
3 2 0 4404 
3 2 0 4402 
3 2 0 4403 
3 2 0 4408 
1 0 
1 0 
1 0 
2 3 4462 4463 0 
2 3 4461 4464 0 
1 0 
1 0 
1 0 
1 0 
1 0 
2 3 4469 4470 0 
1 0 
2 3 4471 4472 0 
2 3 4468 4473 0 
2 3 4467 4474 0 
2 3 4466 4475 0 
2 3 4465 4476 0 
1 0 
2 3 4477 4478 0 
3 2 0 4479 
3 2 0 4477 
3 2 0 4465 
3 2 0 4461 
3 2 0 4464 
3 2 0 4462 
3 2 0 4463 
3 2 0 4476 
3 2 0 4466 
3 2 0 4475 
3 2 0 4467 
3 2 0 4474 
3 2 0 4468 
3 2 0 4473 
3 2 0 4471 
3 2 0 4469 
3 2 0 4470 
3 2 0 4472 
3 2 0 4478 
1 0 
1 0 
1 0 
2 3 4500 4501 0 
1 0 
2 3 4502 4503 0 
1 0 
2 3 4504 4505 0 
2 3 4499 4506 0 
1 0 
1 0 
2 3 4508 4509 0 
2 3 4507 4510 0 
3 2 0 4511 
3 2 0 4507 
3 2 0 4499 
3 2 0 4506 
3 2 0 4504 
3 2 0 4502 
3 2 0 4500 
3 2 0 4501 
3 2 0 4503 
3 2 0 4505 
3 2 0 4510 
3 2 0 4508 
3 2 0 4509 
1 0 
1 0 
1 0 
1 0 
1 0 
1 0 
1 0 
2 3 4530 4531 0 
1 0 
2 3 4532 4533 0 
1 0 
1 0 
1 0 
1 0 
1 0 
1 0 
2 3 4539 4540 0 
2 3 4538 4541 0 
2 3 4537 4542 0 
2 3 4536 4543 0 
2 3 4535 4544 0 
2 3 4534 4545 0 
2 3 4529 4546 0 
1 0 
1 0 
2 3 4548 4549 0 
2 3 4547 4550 0 
1 0 
1 0 
1 0 
1 0 
2 3 4554 4555 0 
2 3 4553 4556 0 
2 3 4552 4557 0 
2 3 4551 4558 0 
2 3 4528 4559 0 
1 0 
2 3 4560 4561 0 
1 0 
2 3 4562 4563 0 
1 0 
1 0 
1 0 
1 0 
1 0 
2 3 4568 4569 0 
1 0 
2 3 4570 4571 0 
2 3 4567 4572 0 
1 0 
1 0 
2 3 4574 4575 0 
2 3 4573 4576 0 
2 3 4566 4577 0 
1 0 
1 0 
1 0 
2 3 4580 4581 0 
2 3 4579 4582 0 
2 3 4578 4583 0 
2 3 4565 4584 0 
2 3 4564 4585 0 
2 3 4527 4586 0 
2 3 4526 4587 0 
1 0 
2 3 4588 4589 0 
2 3 4525 4590 0 
3 2 0 4591 
3 2 0 4525 
3 2 0 4590 
3 2 0 4588 
3 2 0 4526 
3 2 0 4587 
3 2 0 4527 
3 2 0 4586 
3 2 0 4564 
3 2 0 4562 
3 2 0 4560 
3 2 0 4528 
3 2 0 4559 
3 2 0 4551 
3 2 0 4547 
3 2 0 4529 
3 2 0 4546 
3 2 0 4534 
3 2 0 4532 
3 2 0 4530 
3 2 0 4531 
3 2 0 4533 
3 2 0 4545 
3 2 0 4535 
3 2 0 4544 
3 2 0 4536 
3 2 0 4543 
3 2 0 4537 
3 2 0 4542 
3 2 0 4538 
3 2 0 4541 
3 2 0 4539 
3 2 0 4540 
3 2 0 4550 
3 2 0 4548 
3 2 0 4549 
3 2 0 4558 
3 2 0 4552 
3 2 0 4557 
3 2 0 4553 
3 2 0 4556 
3 2 0 4554 
3 2 0 4555 
3 2 0 4561 
3 2 0 4563 
3 2 0 4585 
3 2 0 4565 
3 2 0 4584 
3 2 0 4578 
3 2 0 4566 
3 2 0 4577 
3 2 0 4573 
3 2 0 4567 
3 2 0 4572 
3 2 0 4570 
3 2 0 4568 
3 2 0 4569 
3 2 0 4571 
3 2 0 4576 
3 2 0 4574 
3 2 0 4575 
3 2 0 4583 
3 2 0 4579 
3 2 0 4582 
3 2 0 4580 
3 2 0 4581 
3 2 0 4589 
1 0 
1 0 
1 0 
2 3 4660 4661 0 
2 3 4659 4662 0 
1 0 
1 0 
1 0 
2 3 4665 4666 0 
1 0 
1 0 
1 0 
1 0 
1 0 
2 3 4671 4672 0 
2 3 4670 4673 0 
2 3 4669 4674 0 
2 3 4668 4675 0 
2 3 4667 4676 0 
2 3 4664 4677 0 
2 3 4663 4678 0 
1 0 
1 0 
1 0 
2 3 4681 4682 0 
2 3 4680 4683 0 
2 3 4679 4684 0 
1 0 
1 0 
1 0 
1 0 
1 0 
2 3 4689 4690 0 
2 3 4688 4691 0 
2 3 4687 4692 0 
1 0 
1 0 
1 0 
1 0 
1 0 
1 0 
1 0 
1 0 
1 0 
2 3 4701 4702 0 
2 3 4700 4703 0 
2 3 4699 4704 0 
2 3 4698 4705 0 
2 3 4697 4706 0 
2 3 4696 4707 0 
2 3 4695 4708 0 
2 3 4694 4709 0 
2 3 4693 4710 0 
2 3 4686 4711 0 
2 3 4685 4712 0 
1 0 
2 3 4713 4714 0 
3 2 0 4715 
3 2 0 4713 
3 2 0 4685 
3 2 0 4679 
3 2 0 4663 
3 2 0 4659 
3 2 0 4662 
3 2 0 4660 
3 2 0 4661 
3 2 0 4678 
3 2 0 4664 
3 2 0 4677 
3 2 0 4667 
3 2 0 4665 
3 2 0 4666 
3 2 0 4676 
3 2 0 4668 
3 2 0 4675 
3 2 0 4669 
3 2 0 4674 
3 2 0 4670 
3 2 0 4673 
3 2 0 4671 
3 2 0 4672 
3 2 0 4684 
3 2 0 4680 
3 2 0 4683 
3 2 0 4681 
3 2 0 4682 
3 2 0 4712 
3 2 0 4686 
3 2 0 4711 
3 2 0 4693 
3 2 0 4687 
3 2 0 4692 
3 2 0 4688 
3 2 0 4691 
3 2 0 4689 
3 2 0 4690 
3 2 0 4710 
3 2 0 4694 
3 2 0 4709 
3 2 0 4695 
3 2 0 4708 
3 2 0 4696 
3 2 0 4707 
3 2 0 4697 
3 2 0 4706 
3 2 0 4698 
3 2 0 4705 
3 2 0 4699 
3 2 0 4704 
3 2 0 4700 
3 2 0 4703 
3 2 0 4701 
3 2 0 4702 
3 2 0 4714 
1 0 
1 0 
1 0 
1 0 
2 3 4775 4776 0 
2 3 4774 4777 0 
2 3 4773 4778 0 
1 0 
2 3 4779 4780 0 
1 0 
1 0 
1 0 
2 3 4783 4784 0 
2 3 4782 4785 0 
2 3 4781 4786 0 
1 0 
1 0 
1 0 
1 0 
2 3 4790 4791 0 
2 3 4789 4792 0 
2 3 4788 4793 0 
1 0 
1 0 
1 0 
2 3 4796 4797 0 
1 0 
1 0 
1 0 
1 0 
2 3 4801 4802 0 
2 3 4800 4803 0 
1 0 
2 3 4804 4805 0 
2 3 4799 4806 0 
2 3 4798 4807 0 
1 0 
2 3 4808 4809 0 
2 3 4795 4810 0 
2 3 4794 4811 0 
1 0 
2 3 4812 4813 0 
2 3 4787 4814 0 
3 2 0 4815 
3 2 0 4787 
3 2 0 4781 
3 2 0 4779 
3 2 0 4773 
3 2 0 4778 
3 2 0 4774 
3 2 0 4777 
3 2 0 4775 
3 2 0 4776 
3 2 0 4780 
3 2 0 4786 
3 2 0 4782 
3 2 0 4785 
3 2 0 4783 
3 2 0 4784 
3 2 0 4814 
3 2 0 4812 
3 2 0 4794 
3 2 0 4788 
3 2 0 4793 
3 2 0 4789 
3 2 0 4792 
3 2 0 4790 
3 2 0 4791 
3 2 0 4811 
3 2 0 4795 
3 2 0 4810 
3 2 0 4808 
3 2 0 4798 
3 2 0 4796 
3 2 0 4797 
3 2 0 4807 
3 2 0 4799 
3 2 0 4806 
3 2 0 4804 
3 2 0 4800 
3 2 0 4803 
3 2 0 4801 
3 2 0 4802 
3 2 0 4805 
3 2 0 4809 
3 2 0 4813 
1 0 
1 0 
1 0 
1 0 
1 0 
1 0 
1 0 
2 3 4864 4865 0 
2 3 4863 4866 0 
2 3 4862 4867 0 
2 3 4861 4868 0 
1 0 
1 0 
1 0 
2 3 4871 4872 0 
2 3 4870 4873 0 
2 3 4869 4874 0 
1 0 
1 0 
2 3 4876 4877 0 
1 0 
1 0 
1 0 
1 0 
2 3 4881 4882 0 
2 3 4880 4883 0 
1 0 
1 0 
2 3 4885 4886 0 
1 0 
1 0 
1 0 
2 3 4889 4890 0 
2 3 4888 4891 0 
2 3 4887 4892 0 
2 3 4884 4893 0 
2 3 4879 4894 0 
2 3 4878 4895 0 
2 3 4875 4896 0 
2 3 4860 4897 0 
2 3 4859 4898 0 
1 0 
1 0 
1 0 
1 0 
2 3 4902 4903 0 
2 3 4901 4904 0 
1 0 
1 0 
2 3 4906 4907 0 
1 0 
1 0 
1 0 
1 0 
2 3 4911 4912 0 
2 3 4910 4913 0 
1 0 
1 0 
1 0 
1 0 
1 0 
2 3 4918 4919 0 
2 3 4917 4920 0 
2 3 4916 4921 0 
2 3 4915 4922 0 
2 3 4914 4923 0 
2 3 4909 4924 0 
2 3 4908 4925 0 
1 0 
2 3 4926 4927 0 
2 3 4905 4928 0 
2 3 4900 4929 0 
2 3 4899 4930 0 
3 2 0 4931 
3 2 0 4899 
3 2 0 4859 
3 2 0 4898 
3 2 0 4860 
3 2 0 4897 
3 2 0 4875 
3 2 0 4869 
3 2 0 4861 
3 2 0 4868 
3 2 0 4862 
3 2 0 4867 
3 2 0 4863 
3 2 0 4866 
3 2 0 4864 
3 2 0 4865 
3 2 0 4874 
3 2 0 4870 
3 2 0 4873 
3 2 0 4871 
3 2 0 4872 
3 2 0 4896 
3 2 0 4878 
3 2 0 4876 
3 2 0 4877 
3 2 0 4895 
3 2 0 4879 
3 2 0 4894 
3 2 0 4884 
3 2 0 4880 
3 2 0 4883 
3 2 0 4881 
3 2 0 4882 
3 2 0 4893 
3 2 0 4887 
3 2 0 4885 
3 2 0 4886 
3 2 0 4892 
3 2 0 4888 
3 2 0 4891 
3 2 0 4889 
3 2 0 4890 
3 2 0 4930 
3 2 0 4900 
3 2 0 4929 
3 2 0 4905 
3 2 0 4901 
3 2 0 4904 
3 2 0 4902 
3 2 0 4903 
3 2 0 4928 
3 2 0 4926 
3 2 0 4908 
3 2 0 4906 
3 2 0 4907 
3 2 0 4925 
3 2 0 4909 
3 2 0 4924 
3 2 0 4914 
3 2 0 4910 
3 2 0 4913 
3 2 0 4911 
3 2 0 4912 
3 2 0 4923 
3 2 0 4915 
3 2 0 4922 
3 2 0 4916 
3 2 0 4921 
3 2 0 4917 
3 2 0 4920 
3 2 0 4918 
3 2 0 4919 
3 2 0 4927 
1 0 
1 0 
1 0 
2 3 5006 5007 0 
2 3 5005 5008 0 
1 0 
1 0 
2 3 5010 5011 0 
1 0 
1 0 
2 3 5013 5014 0 
2 3 5012 5015 0 
2 3 5009 5016 0 
1 0 
2 3 5017 5018 0 
3 2 0 5019 
3 2 0 5017 
3 2 0 5009 
3 2 0 5005 
3 2 0 5008 
3 2 0 5006 
3 2 0 5007 
3 2 0 5016 
3 2 0 5012 
3 2 0 5010 
3 2 0 5011 
3 2 0 5015 
3 2 0 5013 
3 2 0 5014 
3 2 0 5018 
1 0 
1 0 
1 0 
2 3 5036 5037 0 
2 3 5035 5038 0 
1 0 
1 0 
1 0 
1 0 
2 3 5042 5043 0 
1 0 
2 3 5044 5045 0 
2 3 5041 5046 0 
1 0 
1 0 
1 0 
1 0 
2 3 5050 5051 0 
2 3 5049 5052 0 
1 0 
2 3 5053 5054 0 
2 3 5048 5055 0 
2 3 5047 5056 0 
1 0 
1 0 
1 0 
1 0 
1 0 
1 0 
2 3 5062 5063 0 
1 0 
1 0 
2 3 5065 5066 0 
2 3 5064 5067 0 
2 3 5061 5068 0 
2 3 5060 5069 0 
1 0 
1 0 
1 0 
1 0 
1 0 
1 0 
2 3 5075 5076 0 
2 3 5074 5077 0 
1 0 
1 0 
2 3 5079 5080 0 
2 3 5078 5081 0 
2 3 5073 5082 0 
2 3 5072 5083 0 
1 0 
2 3 5084 5085 0 
1 0 
2 3 5086 5087 0 
1 0 
1 0 
1 0 
2 3 5090 5091 0 
2 3 5089 5092 0 
2 3 5088 5093 0 
2 3 5071 5094 0 
2 3 5070 5095 0 
2 3 5059 5096 0 
2 3 5058 5097 0 
2 3 5057 5098 0 
2 3 5040 5099 0 
2 3 5039 5100 0 
1 0 
1 0 
1 0 
1 0 
2 3 5104 5105 0 
1 0 
1 0 
1 0 
2 3 5108 5109 0 
2 3 5107 5110 0 
2 3 5106 5111 0 
2 3 5103 5112 0 
1 0 
2 3 5113 5114 0 
2 3 5102 5115 0 
2 3 5101 5116 0 
3 2 0 5117 
3 2 0 5101 
3 2 0 5039 
3 2 0 5035 
3 2 0 5038 
3 2 0 5036 
3 2 0 5037 
3 2 0 5100 
3 2 0 5040 
3 2 0 5099 
3 2 0 5057 
3 2 0 5047 
3 2 0 5041 
3 2 0 5046 
3 2 0 5044 
3 2 0 5042 
3 2 0 5043 
3 2 0 5045 
3 2 0 5056 
3 2 0 5048 
3 2 0 5055 
3 2 0 5053 
3 2 0 5049 
3 2 0 5052 
3 2 0 5050 
3 2 0 5051 
3 2 0 5054 
3 2 0 5098 
3 2 0 5058 
3 2 0 5097 
3 2 0 5059 
3 2 0 5096 
3 2 0 5070 
3 2 0 5060 
3 2 0 5069 
3 2 0 5061 
3 2 0 5068 
3 2 0 5064 
3 2 0 5062 
3 2 0 5063 
3 2 0 5067 
3 2 0 5065 
3 2 0 5066 
3 2 0 5095 
3 2 0 5071 
3 2 0 5094 
3 2 0 5088 
3 2 0 5086 
3 2 0 5084 
3 2 0 5072 
3 2 0 5083 
3 2 0 5073 
3 2 0 5082 
3 2 0 5078 
3 2 0 5074 
3 2 0 5077 
3 2 0 5075 
3 2 0 5076 
3 2 0 5081 
3 2 0 5079 
3 2 0 5080 
3 2 0 5085 
3 2 0 5087 
3 2 0 5093 
3 2 0 5089 
3 2 0 5092 
3 2 0 5090 
3 2 0 5091 
3 2 0 5116 
3 2 0 5102 
3 2 0 5115 
3 2 0 5113 
3 2 0 5103 
3 2 0 5112 
3 2 0 5106 
3 2 0 5104 
3 2 0 5105 
3 2 0 5111 
3 2 0 5107 
3 2 0 5110 
3 2 0 5108 
3 2 0 5109 
3 2 0 5114 
1 0 
1 0 
2 3 5201 5202 0 
1 0 
1 0 
1 0 
1 0 
2 3 5206 5207 0 
1 0 
1 0 
1 0 
1 0 
1 0 
1 0 
1 0 
1 0 
1 0 
2 3 5216 5217 0 
1 0 
1 0 
1 0 
2 3 5220 5221 0 
1 0 
1 0 
2 3 5223 5224 0 
2 3 5222 5225 0 
2 3 5219 5226 0 
2 3 5218 5227 0 
2 3 5215 5228 0 
2 3 5214 5229 0 
2 3 5213 5230 0 
2 3 5212 5231 0 
2 3 5211 5232 0 
2 3 5210 5233 0 
2 3 5209 5234 0 
2 3 5208 5235 0 
2 3 5205 5236 0 
2 3 5204 5237 0 
2 3 5203 5238 0 
3 2 0 5239 
3 2 0 5203 
3 2 0 5201 
3 2 0 5202 
3 2 0 5238 
3 2 0 5204 
3 2 0 5237 
3 2 0 5205 
3 2 0 5236 
3 2 0 5208 
3 2 0 5206 
3 2 0 5207 
3 2 0 5235 
3 2 0 5209 
3 2 0 5234 
3 2 0 5210 
3 2 0 5233 
3 2 0 5211 
3 2 0 5232 
3 2 0 5212 
3 2 0 5231 
3 2 0 5213 
3 2 0 5230 
3 2 0 5214 
3 2 0 5229 
3 2 0 5215 
3 2 0 5228 
3 2 0 5218 
3 2 0 5216 
3 2 0 5217 
3 2 0 5227 
3 2 0 5219 
3 2 0 5226 
3 2 0 5222 
3 2 0 5220 
3 2 0 5221 
3 2 0 5225 
3 2 0 5223 
3 2 0 5224 
1 0 
1 0 
2 3 5279 5280 0 
1 0 
1 0 
2 3 5282 5283 0 
2 3 5281 5284 0 
1 0 
2 3 5285 5286 0 
3 2 0 5287 
3 2 0 5285 
3 2 0 5281 
3 2 0 5279 
3 2 0 5280 
3 2 0 5284 
3 2 0 5282 
3 2 0 5283 
3 2 0 5286 
47 2648 56 57 58 59 60 61 62 63 64 65 66 67 68 69 70 71 72 73 74 75 76 77 78 79 80 81 82 83 84 85 86 87 88 89 90 91 92 93 94 95 96 97 98 99 100 101 102 103 104 105 106 107 108 109 110 172 173 174 175 176 177 178 179 180 181 182 183 184 185 186 187 188 189 190 191 192 193 194 195 196 197 198 199 200 201 202 203 204 205 206 207 208 209 210 211 212 213 214 215 216 217 218 219 220 221 222 223 224 225 226 227 228 229 230 231 232 266 267 268 269 270 271 272 273 274 275 276 277 278 279 280 281 282 283 284 285 286 287 288 289 290 291 292 293 294 295 296 297 298 362 363 364 365 366 367 368 369 370 371 372 373 374 375 376 377 378 379 380 381 382 383 384 385 386 387 388 389 390 391 392 393 394 395 396 397 398 399 400 401 402 403 404 405 406 407 408 409 410 411 412 413 414 415 416 417 418 419 420 421 422 423 424 480 481 482 483 484 485 486 487 488 489 490 491 492 493 494 495 496 497 498 499 500 501 502 503 504 505 506 507 508 509 510 511 512 513 514 515 516 517 518 519 520 521 522 523 524 525 526 527 528 529 530 531 532 533 534 574 575 576 577 578 579 580 581 582 583 584 585 586 587 588 589 590 591 592 593 594 595 596 597 598 599 600 601 602 603 604 605 606 607 608 609 610 611 612 656 657 658 659 660 661 662 663 664 665 666 667 668 669 670 671 672 673 674 675 676 677 678 679 680 681 682 683 684 685 686 687 688 689 690 691 692 693 694 695 696 697 698 732 733 734 735 736 737 738 739 740 741 742 743 744 745 746 747 748 749 750 751 752 753 754 755 756 757 758 759 760 761 762 763 764 820 821 822 823 824 825 826 827 828 829 830 831 832 833 834 835 836 837 838 839 840 841 842 843 844 845 846 847 848 849 850 851 852 853 854 855 856 857 858 859 860 861 862 863 864 865 866 867 868 869 870 871 872 873 874 894 895 896 897 898 899 900 901 902 903 904 905 906 907 908 909 910 911 912 958 959 960 961 962 963 964 965 966 967 968 969 970 971 972 973 974 975 976 977 978 979 980 981 982 983 984 985 986 987 988 989 990 991 992 993 994 995 996 997 998 999 1000 1001 1002 1022 1023 1024 1025 1026 1027 1028 1029 1030 1031 1032 1033 1034 1035 1036 1037 1038 1039 1040 1074 1075 1076 1077 1078 1079 1080 1081 1082 1083 1084 1085 1086 1087 1088 1089 1090 1091 1092 1093 1094 1095 1096 1097 1098 1099 1100 1101 1102 1103 1104 1105 1106 1134 1135 1136 1137 1138 1139 1140 1141 1142 1143 1144 1145 1146 1147 1148 1149 1150 1151 1152 1153 1154 1155 1156 1157 1158 1159 1160 1202 1203 1204 1205 1206 1207 1208 1209 1210 1211 1212 1213 1214 1215 1216 1217 1218 1219 1220 1221 1222 1223 1224 1225 1226 1227 1228 1229 1230 1231 1232 1233 1234 1235 1236 1237 1238 1239 1240 1241 1242 1282 1283 1284 1285 1286 1287 1288 1289 1290 1291 1292 1293 1294 1295 1296 1297 1298 1299 1300 1301 1302 1303 1304 1305 1306 1307 1308 1309 1310 1311 1312 1313 1314 1315 1316 1317 1318 1319 1320 1380 1381 1382 1383 1384 1385 1386 1387 1388 1389 1390 1391 1392 1393 1394 1395 1396 1397 1398 1399 1400 1401 1402 1403 1404 1405 1406 1407 1408 1409 1410 1411 1412 1413 1414 1415 1416 1417 1418 1419 1420 1421 1422 1423 1424 1425 1426 1427 1428 1429 1430 1431 1432 1433 1434 1435 1436 1437 1438 1458 1459 1460 1461 1462 1463 1464 1465 1466 1467 1468 1469 1470 1471 1472 1473 1474 1475 1476 1532 1533 1534 1535 1536 1537 1538 1539 1540 1541 1542 1543 1544 1545 1546 1547 1548 1549 1550 1551 1552 1553 1554 1555 1556 1557 1558 1559 1560 1561 1562 1563 1564 1565 1566 1567 1568 1569 1570 1571 1572 1573 1574 1575 1576 1577 1578 1579 1580 1581 1582 1583 1584 1585 1586 1634 1635 1636 1637 1638 1639 1640 1641 1642 1643 1644 1645 1646 1647 1648 1649 1650 1651 1652 1653 1654 1655 1656 1657 1658 1659 1660 1661 1662 1663 1664 1665 1666 1667 1668 1669 1670 1671 1672 1673 1674 1675 1676 1677 1678 1679 1680 1756 1757 1758 1759 1760 1761 1762 1763 1764 1765 1766 1767 1768 1769 1770 1771 1772 1773 1774 1775 1776 1777 1778 1779 1780 1781 1782 1783 1784 1785 1786 1787 1788 1789 1790 1791 1792 1793 1794 1795 1796 1797 1798 1799 1800 1801 1802 1803 1804 1805 1806 1807 1808 1809 1810 1811 1812 1813 1814 1815 1816 1817 1818 1819 1820 1821 1822 1823 1824 1825 1826 1827 1828 1829 1830 1854 1855 1856 1857 1858 1859 1860 1861 1862 1863 1864 1865 1866 1867 1868 1869 1870 1871 1872 1873 1874 1875 1876 1926 1927 1928 1929 1930 1931 1932 1933 1934 1935 1936 1937 1938 1939 1940 1941 1942 1943 1944 1945 1946 1947 1948 1949 1950 1951 1952 1953 1954 1955 1956 1957 1958 1959 1960 1961 1962 1963 1964 1965 1966 1967 1968 1969 1970 1971 1972 1973 1974 2028 2029 2030 2031 2032 2033 2034 2035 2036 2037 2038 2039 2040 2041 2042 2043 2044 2045 2046 2047 2048 2049 2050 2051 2052 2053 2054 2055 2056 2057 2058 2059 2060 2061 2062 2063 2064 2065 2066 2067 2068 2069 2070 2071 2072 2073 2074 2075 2076 2077 2078 2079 2080 2098 2099 2100 2101 2102 2103 2104 2105 2106 2107 2108 2109 2110 2111 2112 2113 2114 2180 2181 2182 2183 2184 2185 2186 2187 2188 2189 2190 2191 2192 2193 2194 2195 2196 2197 2198 2199 2200 2201 2202 2203 2204 2205 2206 2207 2208 2209 2210 2211 2212 2213 2214 2215 2216 2217 2218 2219 2220 2221 2222 2223 2224 2225 2226 2227 2228 2229 2230 2231 2232 2233 2234 2235 2236 2237 2238 2239 2240 2241 2242 2243 2244 2298 2299 2300 2301 2302 2303 2304 2305 2306 2307 2308 2309 2310 2311 2312 2313 2314 2315 2316 2317 2318 2319 2320 2321 2322 2323 2324 2325 2326 2327 2328 2329 2330 2331 2332 2333 2334 2335 2336 2337 2338 2339 2340 2341 2342 2343 2344 2345 2346 2347 2348 2349 2350 2376 2377 2378 2379 2380 2381 2382 2383 2384 2385 2386 2387 2388 2389 2390 2391 2392 2393 2394 2395 2396 2397 2398 2399 2400 2426 2427 2428 2429 2430 2431 2432 2433 2434 2435 2436 2437 2438 2439 2440 2441 2442 2443 2444 2445 2446 2447 2448 2449 2450 2478 2479 2480 2481 2482 2483 2484 2485 2486 2487 2488 2489 2490 2491 2492 2493 2494 2495 2496 2497 2498 2499 2500 2501 2502 2503 2504 2548 2549 2550 2551 2552 2553 2554 2555 2556 2557 2558 2559 2560 2561 2562 2563 2564 2565 2566 2567 2568 2569 2570 2571 2572 2573 2574 2575 2576 2577 2578 2579 2580 2581 2582 2583 2584 2585 2586 2587 2588 2589 2590 2616 2617 2618 2619 2620 2621 2622 2623 2624 2625 2626 2627 2628 2629 2630 2631 2632 2633 2634 2635 2636 2637 2638 2639 2640 2676 2677 2678 2679 2680 2681 2682 2683 2684 2685 2686 2687 2688 2689 2690 2691 2692 2693 2694 2695 2696 2697 2698 2699 2700 2701 2702 2703 2704 2705 2706 2707 2708 2709 2710 2778 2779 2780 2781 2782 2783 2784 2785 2786 2787 2788 2789 2790 2791 2792 2793 2794 2795 2796 2797 2798 2799 2800 2801 2802 2803 2804 2805 2806 2807 2808 2809 2810 2811 2812 2813 2814 2815 2816 2817 2818 2819 2820 2821 2822 2823 2824 2825 2826 2827 2828 2829 2830 2831 2832 2833 2834 2835 2836 2837 2838 2839 2840 2841 2842 2843 2844 2890 2891 2892 2893 2894 2895 2896 2897 2898 2899 2900 2901 2902 2903 2904 2905 2906 2907 2908 2909 2910 2911 2912 2913 2914 2915 2916 2917 2918 2919 2920 2921 2922 2923 2924 2925 2926 2927 2928 2929 2930 2931 2932 2933 2934 2982 2983 2984 2985 2986 2987 2988 2989 2990 2991 2992 2993 2994 2995 2996 2997 2998 2999 3000 3001 3002 3003 3004 3005 3006 3007 3008 3009 3010 3011 3012 3013 3014 3015 3016 3017 3018 3019 3020 3021 3022 3023 3024 3025 3026 3027 3028 3080 3081 3082 3083 3084 3085 3086 3087 3088 3089 3090 3091 3092 3093 3094 3095 3096 3097 3098 3099 3100 3101 3102 3103 3104 3105 3106 3107 3108 3109 3110 3111 3112 3113 3114 3115 3116 3117 3118 3119 3120 3121 3122 3123 3124 3125 3126 3127 3128 3129 3130 3174 3175 3176 3177 3178 3179 3180 3181 3182 3183 3184 3185 3186 3187 3188 3189 3190 3191 3192 3193 3194 3195 3196 3197 3198 3199 3200 3201 3202 3203 3204 3205 3206 3207 3208 3209 3210 3211 3212 3213 3214 3215 3216 3256 3257 3258 3259 3260 3261 3262 3263 3264 3265 3266 3267 3268 3269 3270 3271 3272 3273 3274 3275 3276 3277 3278 3279 3280 3281 3282 3283 3284 3285 3286 3287 3288 3289 3290 3291 3292 3293 3294 3318 3319 3320 3321 3322 3323 3324 3325 3326 3327 3328 3329 3330 3331 3332 3333 3334 3335 3336 3337 3338 3339 3340 3366 3367 3368 3369 3370 3371 3372 3373 3374 3375 3376 3377 3378 3379 3380 3381 3382 3383 3384 3385 3386 3387 3388 3389 3390 3432 3433 3434 3435 3436 3437 3438 3439 3440 3441 3442 3443 3444 3445 3446 3447 3448 3449 3450 3451 3452 3453 3454 3455 3456 3457 3458 3459 3460 3461 3462 3463 3464 3465 3466 3467 3468 3469 3470 3471 3472 3482 3483 3484 3485 3486 3487 3488 3489 3490 3582 3583 3584 3585 3586 3587 3588 3589 3590 3591 3592 3593 3594 3595 3596 3597 3598 3599 3600 3601 3602 3603 3604 3605 3606 3607 3608 3609 3610 3611 3612 3613 3614 3615 3616 3617 3618 3619 3620 3621 3622 3623 3624 3625 3626 3627 3628 3629 3630 3631 3632 3633 3634 3635 3636 3637 3638 3639 3640 3641 3642 3643 3644 3645 3646 3647 3648 3649 3650 3651 3652 3653 3654 3655 3656 3657 3658 3659 3660 3661 3662 3663 3664 3665 3666 3667 3668 3669 3670 3671 3672 3744 3745 3746 3747 3748 3749 3750 3751 3752 3753 3754 3755 3756 3757 3758 3759 3760 3761 3762 3763 3764 3765 3766 3767 3768 3769 3770 3771 3772 3773 3774 3775 3776 3777 3778 3779 3780 3781 3782 3783 3784 3785 3786 3787 3788 3789 3790 3791 3792 3793 3794 3795 3796 3797 3798 3799 3800 3801 3802 3803 3804 3805 3806 3807 3808 3809 3810 3811 3812 3813 3814 3828 3829 3830 3831 3832 3833 3834 3835 3836 3837 3838 3839 3840 3876 3877 3878 3879 3880 3881 3882 3883 3884 3885 3886 3887 3888 3889 3890 3891 3892 3893 3894 3895 3896 3897 3898 3899 3900 3901 3902 3903 3904 3905 3906 3907 3908 3909 3910 3978 3979 3980 3981 3982 3983 3984 3985 3986 3987 3988 3989 3990 3991 3992 3993 3994 3995 3996 3997 3998 3999 4000 4001 4002 4003 4004 4005 4006 4007 4008 4009 4010 4011 4012 4013 4014 4015 4016 4017 4018 4019 4020 4021 4022 4023 4024 4025 4026 4027 4028 4029 4030 4031 4032 4033 4034 4035 4036 4037 4038 4039 4040 4041 4042 4043 4044 4080 4081 4082 4083 4084 4085 4086 4087 4088 4089 4090 4091 4092 4093 4094 4095 4096 4097 4098 4099 4100 4101 4102 4103 4104 4105 4106 4107 4108 4109 4110 4111 4112 4113 4114 4134 4135 4136 4137 4138 4139 4140 4141 4142 4143 4144 4145 4146 4147 4148 4149 4150 4151 4152 4200 4201 4202 4203 4204 4205 4206 4207 4208 4209 4210 4211 4212 4213 4214 4215 4216 4217 4218 4219 4220 4221 4222 4223 4224 4225 4226 4227 4228 4229 4230 4231 4232 4233 4234 4235 4236 4237 4238 4239 4240 4241 4242 4243 4244 4245 4246 4290 4291 4292 4293 4294 4295 4296 4297 4298 4299 4300 4301 4302 4303 4304 4305 4306 4307 4308 4309 4310 4311 4312 4313 4314 4315 4316 4317 4318 4319 4320 4321 4322 4323 4324 4325 4326 4327 4328 4329 4330 4331 4332 4348 4349 4350 4351 4352 4353 4354 4355 4356 4357 4358 4359 4360 4361 4362 4412 4413 4414 4415 4416 4417 4418 4419 4420 4421 4422 4423 4424 4425 4426 4427 4428 4429 4430 4431 4432 4433 4434 4435 4436 4437 4438 4439 4440 4441 4442 4443 4444 4445 4446 4447 4448 4449 4450 4451 4452 4453 4454 4455 4456 4457 4458 4459 4460 4480 4481 4482 4483 4484 4485 4486 4487 4488 4489 4490 4491 4492 4493 4494 4495 4496 4497 4498 4512 4513 4514 4515 4516 4517 4518 4519 4520 4521 4522 4523 4524 4592 4593 4594 4595 4596 4597 4598 4599 4600 4601 4602 4603 4604 4605 4606 4607 4608 4609 4610 4611 4612 4613 4614 4615 4616 4617 4618 4619 4620 4621 4622 4623 4624 4625 4626 4627 4628 4629 4630 4631 4632 4633 4634 4635 4636 4637 4638 4639 4640 4641 4642 4643 4644 4645 4646 4647 4648 4649 4650 4651 4652 4653 4654 4655 4656 4657 4658 4716 4717 4718 4719 4720 4721 4722 4723 4724 4725 4726 4727 4728 4729 4730 4731 4732 4733 4734 4735 4736 4737 4738 4739 4740 4741 4742 4743 4744 4745 4746 4747 4748 4749 4750 4751 4752 4753 4754 4755 4756 4757 4758 4759 4760 4761 4762 4763 4764 4765 4766 4767 4768 4769 4770 4771 4772 4816 4817 4818 4819 4820 4821 4822 4823 4824 4825 4826 4827 4828 4829 4830 4831 4832 4833 4834 4835 4836 4837 4838 4839 4840 4841 4842 4843 4844 4845 4846 4847 4848 4849 4850 4851 4852 4853 4854 4855 4856 4857 4858 4932 4933 4934 4935 4936 4937 4938 4939 4940 4941 4942 4943 4944 4945 4946 4947 4948 4949 4950 4951 4952 4953 4954 4955 4956 4957 4958 4959 4960 4961 4962 4963 4964 4965 4966 4967 4968 4969 4970 4971 4972 4973 4974 4975 4976 4977 4978 4979 4980 4981 4982 4983 4984 4985 4986 4987 4988 4989 4990 4991 4992 4993 4994 4995 4996 4997 4998 4999 5000 5001 5002 5003 5004 5020 5021 5022 5023 5024 5025 5026 5027 5028 5029 5030 5031 5032 5033 5034 5118 5119 5120 5121 5122 5123 5124 5125 5126 5127 5128 5129 5130 5131 5132 5133 5134 5135 5136 5137 5138 5139 5140 5141 5142 5143 5144 5145 5146 5147 5148 5149 5150 5151 5152 5153 5154 5155 5156 5157 5158 5159 5160 5161 5162 5163 5164 5165 5166 5167 5168 5169 5170 5171 5172 5173 5174 5175 5176 5177 5178 5179 5180 5181 5182 5183 5184 5185 5186 5187 5188 5189 5190 5191 5192 5193 5194 5195 5196 5197 5198 5199 5200 5240 5241 5242 5243 5244 5245 5246 5247 5248 5249 5250 5251 5252 5253 5254 5255 5256 5257 5258 5259 5260 5261 5262 5263 5264 5265 5266 5267 5268 5269 5270 5271 5272 5273 5274 5275 5276 5277 5278 5288 5289 5290 5291 5292 5293 5294 5295 5296 
