4854
0 0 
1 0 
1 0 
1 0 
2 3 2 3 0 
2 3 1 4 0 
1 0 
2 3 5 6 0 
1 0 
1 0 
1 0 
2 3 9 10 0 
2 3 8 11 0 
2 3 7 12 0 
1 0 
1 0 
1 0 
1 0 
1 0 
2 3 17 18 0 
1 0 
1 0 
1 0 
1 0 
1 0 
2 3 23 24 0 
1 0 
1 0 
2 3 26 27 0 
2 3 25 28 0 
2 3 22 29 0 
2 3 21 30 0 
2 3 20 31 0 
2 3 19 32 0 
2 3 16 33 0 
2 3 15 34 0 
1 0 
1 0 
1 0 
1 0 
1 0 
1 0 
1 0 
1 0 
2 3 42 43 0 
1 0 
2 3 44 45 0 
2 3 41 46 0 
2 3 40 47 0 
2 3 39 48 0 
2 3 38 49 0 
2 3 37 50 0 
2 3 36 51 0 
2 3 35 52 0 
1 0 
2 3 53 54 0 
2 3 14 55 0 
2 3 13 56 0 
3 2 0 57 
3 2 0 13 
3 2 0 7 
3 2 0 5 
3 2 0 1 
3 2 0 4 
3 2 0 2 
3 2 0 3 
3 2 0 6 
3 2 0 12 
3 2 0 8 
3 2 0 11 
3 2 0 9 
3 2 0 10 
3 2 0 56 
3 2 0 14 
3 2 0 55 
3 2 0 53 
3 2 0 35 
3 2 0 15 
3 2 0 34 
3 2 0 16 
3 2 0 33 
3 2 0 19 
3 2 0 17 
3 2 0 18 
3 2 0 32 
3 2 0 20 
3 2 0 31 
3 2 0 21 
3 2 0 30 
3 2 0 22 
3 2 0 29 
3 2 0 25 
3 2 0 23 
3 2 0 24 
3 2 0 28 
3 2 0 26 
3 2 0 27 
3 2 0 52 
3 2 0 36 
3 2 0 51 
3 2 0 37 
3 2 0 50 
3 2 0 38 
3 2 0 49 
3 2 0 39 
3 2 0 48 
3 2 0 40 
3 2 0 47 
3 2 0 41 
3 2 0 46 
3 2 0 44 
3 2 0 42 
3 2 0 43 
3 2 0 45 
3 2 0 54 
1 0 
1 0 
1 0 
2 3 116 117 0 
2 3 115 118 0 
1 0 
1 0 
1 0 
2 3 121 122 0 
1 0 
1 0 
1 0 
2 3 125 126 0 
1 0 
1 0 
1 0 
1 0 
1 0 
2 3 131 132 0 
2 3 130 133 0 
1 0 
1 0 
1 0 
2 3 136 137 0 
1 0 
1 0 
2 3 139 140 0 
2 3 138 141 0 
2 3 135 142 0 
2 3 134 143 0 
2 3 129 144 0 
2 3 128 145 0 
2 3 127 146 0 
2 3 124 147 0 
2 3 123 148 0 
2 3 120 149 0 
1 0 
2 3 150 151 0 
2 3 119 152 0 
3 2 0 153 
3 2 0 119 
3 2 0 115 
3 2 0 118 
3 2 0 116 
3 2 0 117 
3 2 0 152 
3 2 0 150 
3 2 0 120 
3 2 0 149 
3 2 0 123 
3 2 0 121 
3 2 0 122 
3 2 0 148 
3 2 0 124 
3 2 0 147 
3 2 0 127 
3 2 0 125 
3 2 0 126 
3 2 0 146 
3 2 0 128 
3 2 0 145 
3 2 0 129 
3 2 0 144 
3 2 0 134 
3 2 0 130 
3 2 0 133 
3 2 0 131 
3 2 0 132 
3 2 0 143 
3 2 0 135 
3 2 0 142 
3 2 0 138 
3 2 0 136 
3 2 0 137 
3 2 0 141 
3 2 0 139 
3 2 0 140 
3 2 0 151 
1 0 
1 0 
1 0 
2 3 194 195 0 
2 3 193 196 0 
1 0 
1 0 
2 3 198 199 0 
2 3 197 200 0 
3 2 0 201 
3 2 0 197 
3 2 0 193 
3 2 0 196 
3 2 0 194 
3 2 0 195 
3 2 0 200 
3 2 0 198 
3 2 0 199 
1 0 
1 0 
2 3 211 212 0 
1 0 
1 0 
1 0 
1 0 
1 0 
2 3 217 218 0 
1 0 
1 0 
2 3 220 221 0 
2 3 219 222 0 
2 3 216 223 0 
1 0 
1 0 
1 0 
2 3 226 227 0 
2 3 225 228 0 
2 3 224 229 0 
2 3 215 230 0 
1 0 
1 0 
1 0 
1 0 
1 0 
2 3 235 236 0 
1 0 
1 0 
1 0 
2 3 239 240 0 
2 3 238 241 0 
2 3 237 242 0 
2 3 234 243 0 
2 3 233 244 0 
2 3 232 245 0 
2 3 231 246 0 
2 3 214 247 0 
1 0 
2 3 248 249 0 
2 3 213 250 0 
3 2 0 251 
3 2 0 213 
3 2 0 211 
3 2 0 212 
3 2 0 250 
3 2 0 248 
3 2 0 214 
3 2 0 247 
3 2 0 231 
3 2 0 215 
3 2 0 230 
3 2 0 224 
3 2 0 216 
3 2 0 223 
3 2 0 219 
3 2 0 217 
3 2 0 218 
3 2 0 222 
3 2 0 220 
3 2 0 221 
3 2 0 229 
3 2 0 225 
3 2 0 228 
3 2 0 226 
3 2 0 227 
3 2 0 246 
3 2 0 232 
3 2 0 245 
3 2 0 233 
3 2 0 244 
3 2 0 234 
3 2 0 243 
3 2 0 237 
3 2 0 235 
3 2 0 236 
3 2 0 242 
3 2 0 238 
3 2 0 241 
3 2 0 239 
3 2 0 240 
3 2 0 249 
1 0 
1 0 
1 0 
2 3 294 295 0 
2 3 293 296 0 
1 0 
1 0 
2 3 298 299 0 
1 0 
2 3 300 301 0 
2 3 297 302 0 
3 2 0 303 
3 2 0 297 
3 2 0 293 
3 2 0 296 
3 2 0 294 
3 2 0 295 
3 2 0 302 
3 2 0 300 
3 2 0 298 
3 2 0 299 
3 2 0 301 
1 0 
1 0 
1 0 
1 0 
1 0 
1 0 
1 0 
1 0 
2 3 321 322 0 
2 3 320 323 0 
2 3 319 324 0 
2 3 318 325 0 
2 3 317 326 0 
2 3 316 327 0 
1 0 
1 0 
1 0 
1 0 
2 3 331 332 0 
2 3 330 333 0 
2 3 329 334 0 
2 3 328 335 0 
2 3 315 336 0 
1 0 
2 3 337 338 0 
1 0 
2 3 339 340 0 
1 0 
1 0 
2 3 342 343 0 
1 0 
1 0 
1 0 
1 0 
2 3 347 348 0 
2 3 346 349 0 
2 3 345 350 0 
1 0 
1 0 
1 0 
1 0 
1 0 
2 3 355 356 0 
2 3 354 357 0 
2 3 353 358 0 
1 0 
1 0 
1 0 
1 0 
2 3 362 363 0 
1 0 
2 3 364 365 0 
1 0 
1 0 
2 3 367 368 0 
2 3 366 369 0 
2 3 361 370 0 
2 3 360 371 0 
2 3 359 372 0 
2 3 352 373 0 
2 3 351 374 0 
2 3 344 375 0 
2 3 341 376 0 
1 0 
2 3 377 378 0 
3 2 0 379 
3 2 0 377 
3 2 0 341 
3 2 0 339 
3 2 0 337 
3 2 0 315 
3 2 0 336 
3 2 0 328 
3 2 0 316 
3 2 0 327 
3 2 0 317 
3 2 0 326 
3 2 0 318 
3 2 0 325 
3 2 0 319 
3 2 0 324 
3 2 0 320 
3 2 0 323 
3 2 0 321 
3 2 0 322 
3 2 0 335 
3 2 0 329 
3 2 0 334 
3 2 0 330 
3 2 0 333 
3 2 0 331 
3 2 0 332 
3 2 0 338 
3 2 0 340 
3 2 0 376 
3 2 0 344 
3 2 0 342 
3 2 0 343 
3 2 0 375 
3 2 0 351 
3 2 0 345 
3 2 0 350 
3 2 0 346 
3 2 0 349 
3 2 0 347 
3 2 0 348 
3 2 0 374 
3 2 0 352 
3 2 0 373 
3 2 0 359 
3 2 0 353 
3 2 0 358 
3 2 0 354 
3 2 0 357 
3 2 0 355 
3 2 0 356 
3 2 0 372 
3 2 0 360 
3 2 0 371 
3 2 0 361 
3 2 0 370 
3 2 0 366 
3 2 0 364 
3 2 0 362 
3 2 0 363 
3 2 0 365 
3 2 0 369 
3 2 0 367 
3 2 0 368 
3 2 0 378 
1 0 
1 0 
2 3 445 446 0 
1 0 
1 0 
2 3 448 449 0 
2 3 447 450 0 
1 0 
1 0 
2 3 452 453 0 
2 3 451 454 0 
1 0 
2 3 455 456 0 
3 2 0 457 
3 2 0 455 
3 2 0 451 
3 2 0 447 
3 2 0 445 
3 2 0 446 
3 2 0 450 
3 2 0 448 
3 2 0 449 
3 2 0 454 
3 2 0 452 
3 2 0 453 
3 2 0 456 
1 0 
1 0 
1 0 
2 3 472 473 0 
2 3 471 474 0 
1 0 
1 0 
1 0 
1 0 
1 0 
2 3 479 480 0 
2 3 478 481 0 
1 0 
1 0 
1 0 
1 0 
2 3 485 486 0 
2 3 484 487 0 
2 3 483 488 0 
2 3 482 489 0 
2 3 477 490 0 
2 3 476 491 0 
1 0 
2 3 492 493 0 
2 3 475 494 0 
3 2 0 495 
3 2 0 475 
3 2 0 471 
3 2 0 474 
3 2 0 472 
3 2 0 473 
3 2 0 494 
3 2 0 492 
3 2 0 476 
3 2 0 491 
3 2 0 477 
3 2 0 490 
3 2 0 482 
3 2 0 478 
3 2 0 481 
3 2 0 479 
3 2 0 480 
3 2 0 489 
3 2 0 483 
3 2 0 488 
3 2 0 484 
3 2 0 487 
3 2 0 485 
3 2 0 486 
3 2 0 493 
1 0 
1 0 
1 0 
1 0 
2 3 523 524 0 
2 3 522 525 0 
1 0 
1 0 
1 0 
1 0 
1 0 
2 3 530 531 0 
2 3 529 532 0 
2 3 528 533 0 
1 0 
2 3 534 535 0 
1 0 
1 0 
1 0 
1 0 
1 0 
1 0 
2 3 541 542 0 
1 0 
1 0 
1 0 
2 3 545 546 0 
2 3 544 547 0 
1 0 
1 0 
1 0 
2 3 550 551 0 
1 0 
2 3 552 553 0 
2 3 549 554 0 
2 3 548 555 0 
2 3 543 556 0 
2 3 540 557 0 
2 3 539 558 0 
2 3 538 559 0 
2 3 537 560 0 
2 3 536 561 0 
2 3 527 562 0 
2 3 526 563 0 
1 0 
2 3 564 565 0 
2 3 521 566 0 
3 2 0 567 
3 2 0 521 
3 2 0 566 
3 2 0 564 
3 2 0 526 
3 2 0 522 
3 2 0 525 
3 2 0 523 
3 2 0 524 
3 2 0 563 
3 2 0 527 
3 2 0 562 
3 2 0 536 
3 2 0 534 
3 2 0 528 
3 2 0 533 
3 2 0 529 
3 2 0 532 
3 2 0 530 
3 2 0 531 
3 2 0 535 
3 2 0 561 
3 2 0 537 
3 2 0 560 
3 2 0 538 
3 2 0 559 
3 2 0 539 
3 2 0 558 
3 2 0 540 
3 2 0 557 
3 2 0 543 
3 2 0 541 
3 2 0 542 
3 2 0 556 
3 2 0 548 
3 2 0 544 
3 2 0 547 
3 2 0 545 
3 2 0 546 
3 2 0 555 
3 2 0 549 
3 2 0 554 
3 2 0 552 
3 2 0 550 
3 2 0 551 
3 2 0 553 
3 2 0 565 
1 0 
1 0 
2 3 615 616 0 
1 0 
1 0 
2 3 618 619 0 
1 0 
1 0 
2 3 621 622 0 
2 3 620 623 0 
1 0 
2 3 624 625 0 
1 0 
1 0 
2 3 627 628 0 
2 3 626 629 0 
1 0 
2 3 630 631 0 
2 3 617 632 0 
1 0 
1 0 
1 0 
2 3 635 636 0 
2 3 634 637 0 
2 3 633 638 0 
1 0 
1 0 
1 0 
1 0 
1 0 
1 0 
1 0 
2 3 645 646 0 
2 3 644 647 0 
2 3 643 648 0 
2 3 642 649 0 
2 3 641 650 0 
2 3 640 651 0 
1 0 
2 3 652 653 0 
2 3 639 654 0 
3 2 0 655 
3 2 0 639 
3 2 0 633 
3 2 0 617 
3 2 0 615 
3 2 0 616 
3 2 0 632 
3 2 0 630 
3 2 0 626 
3 2 0 624 
3 2 0 620 
3 2 0 618 
3 2 0 619 
3 2 0 623 
3 2 0 621 
3 2 0 622 
3 2 0 625 
3 2 0 629 
3 2 0 627 
3 2 0 628 
3 2 0 631 
3 2 0 638 
3 2 0 634 
3 2 0 637 
3 2 0 635 
3 2 0 636 
3 2 0 654 
3 2 0 652 
3 2 0 640 
3 2 0 651 
3 2 0 641 
3 2 0 650 
3 2 0 642 
3 2 0 649 
3 2 0 643 
3 2 0 648 
3 2 0 644 
3 2 0 647 
3 2 0 645 
3 2 0 646 
3 2 0 653 
1 0 
1 0 
1 0 
1 0 
2 3 699 700 0 
1 0 
1 0 
1 0 
2 3 703 704 0 
2 3 702 705 0 
2 3 701 706 0 
2 3 698 707 0 
1 0 
2 3 708 709 0 
1 0 
2 3 710 711 0 
2 3 697 712 0 
1 0 
2 3 713 714 0 
1 0 
2 3 715 716 0 
1 0 
1 0 
1 0 
1 0 
1 0 
2 3 721 722 0 
1 0 
1 0 
1 0 
1 0 
2 3 726 727 0 
1 0 
1 0 
2 3 729 730 0 
2 3 728 731 0 
2 3 725 732 0 
2 3 724 733 0 
2 3 723 734 0 
2 3 720 735 0 
2 3 719 736 0 
2 3 718 737 0 
2 3 717 738 0 
1 0 
2 3 739 740 0 
3 2 0 741 
3 2 0 739 
3 2 0 717 
3 2 0 715 
3 2 0 713 
3 2 0 697 
3 2 0 712 
3 2 0 710 
3 2 0 708 
3 2 0 698 
3 2 0 707 
3 2 0 701 
3 2 0 699 
3 2 0 700 
3 2 0 706 
3 2 0 702 
3 2 0 705 
3 2 0 703 
3 2 0 704 
3 2 0 709 
3 2 0 711 
3 2 0 714 
3 2 0 716 
3 2 0 738 
3 2 0 718 
3 2 0 737 
3 2 0 719 
3 2 0 736 
3 2 0 720 
3 2 0 735 
3 2 0 723 
3 2 0 721 
3 2 0 722 
3 2 0 734 
3 2 0 724 
3 2 0 733 
3 2 0 725 
3 2 0 732 
3 2 0 728 
3 2 0 726 
3 2 0 727 
3 2 0 731 
3 2 0 729 
3 2 0 730 
3 2 0 740 
1 0 
1 0 
2 3 787 788 0 
1 0 
1 0 
1 0 
2 3 791 792 0 
1 0 
2 3 793 794 0 
2 3 790 795 0 
1 0 
2 3 796 797 0 
2 3 789 798 0 
3 2 0 799 
3 2 0 789 
3 2 0 787 
3 2 0 788 
3 2 0 798 
3 2 0 796 
3 2 0 790 
3 2 0 795 
3 2 0 793 
3 2 0 791 
3 2 0 792 
3 2 0 794 
3 2 0 797 
1 0 
1 0 
2 3 813 814 0 
1 0 
1 0 
2 3 816 817 0 
1 0 
2 3 818 819 0 
2 3 815 820 0 
1 0 
2 3 821 822 0 
1 0 
1 0 
2 3 824 825 0 
1 0 
1 0 
1 0 
2 3 828 829 0 
2 3 827 830 0 
2 3 826 831 0 
2 3 823 832 0 
1 0 
2 3 833 834 0 
3 2 0 835 
3 2 0 833 
3 2 0 823 
3 2 0 821 
3 2 0 815 
3 2 0 813 
3 2 0 814 
3 2 0 820 
3 2 0 818 
3 2 0 816 
3 2 0 817 
3 2 0 819 
3 2 0 822 
3 2 0 832 
3 2 0 826 
3 2 0 824 
3 2 0 825 
3 2 0 831 
3 2 0 827 
3 2 0 830 
3 2 0 828 
3 2 0 829 
3 2 0 834 
1 0 
1 0 
1 0 
2 3 860 861 0 
2 3 859 862 0 
1 0 
2 3 863 864 0 
1 0 
1 0 
1 0 
1 0 
2 3 868 869 0 
1 0 
1 0 
1 0 
1 0 
2 3 873 874 0 
2 3 872 875 0 
2 3 871 876 0 
2 3 870 877 0 
2 3 867 878 0 
2 3 866 879 0 
2 3 865 880 0 
1 0 
1 0 
1 0 
1 0 
1 0 
1 0 
1 0 
1 0 
1 0 
1 0 
2 3 890 891 0 
2 3 889 892 0 
2 3 888 893 0 
2 3 887 894 0 
2 3 886 895 0 
2 3 885 896 0 
2 3 884 897 0 
2 3 883 898 0 
2 3 882 899 0 
1 0 
2 3 900 901 0 
2 3 881 902 0 
3 2 0 903 
3 2 0 881 
3 2 0 865 
3 2 0 863 
3 2 0 859 
3 2 0 862 
3 2 0 860 
3 2 0 861 
3 2 0 864 
3 2 0 880 
3 2 0 866 
3 2 0 879 
3 2 0 867 
3 2 0 878 
3 2 0 870 
3 2 0 868 
3 2 0 869 
3 2 0 877 
3 2 0 871 
3 2 0 876 
3 2 0 872 
3 2 0 875 
3 2 0 873 
3 2 0 874 
3 2 0 902 
3 2 0 900 
3 2 0 882 
3 2 0 899 
3 2 0 883 
3 2 0 898 
3 2 0 884 
3 2 0 897 
3 2 0 885 
3 2 0 896 
3 2 0 886 
3 2 0 895 
3 2 0 887 
3 2 0 894 
3 2 0 888 
3 2 0 893 
3 2 0 889 
3 2 0 892 
3 2 0 890 
3 2 0 891 
3 2 0 901 
1 0 
1 0 
2 3 949 950 0 
1 0 
1 0 
1 0 
2 3 953 954 0 
1 0 
1 0 
1 0 
1 0 
2 3 958 959 0 
2 3 957 960 0 
2 3 956 961 0 
2 3 955 962 0 
2 3 952 963 0 
2 3 951 964 0 
1 0 
1 0 
1 0 
1 0 
1 0 
2 3 969 970 0 
2 3 968 971 0 
2 3 967 972 0 
1 0 
1 0 
1 0 
2 3 975 976 0 
2 3 974 977 0 
2 3 973 978 0 
2 3 966 979 0 
1 0 
2 3 980 981 0 
2 3 965 982 0 
3 2 0 983 
3 2 0 965 
3 2 0 951 
3 2 0 949 
3 2 0 950 
3 2 0 964 
3 2 0 952 
3 2 0 963 
3 2 0 955 
3 2 0 953 
3 2 0 954 
3 2 0 962 
3 2 0 956 
3 2 0 961 
3 2 0 957 
3 2 0 960 
3 2 0 958 
3 2 0 959 
3 2 0 982 
3 2 0 980 
3 2 0 966 
3 2 0 979 
3 2 0 973 
3 2 0 967 
3 2 0 972 
3 2 0 968 
3 2 0 971 
3 2 0 969 
3 2 0 970 
3 2 0 978 
3 2 0 974 
3 2 0 977 
3 2 0 975 
3 2 0 976 
3 2 0 981 
1 0 
1 0 
2 3 1019 1020 0 
1 0 
1 0 
1 0 
1 0 
1 0 
1 0 
1 0 
2 3 1027 1028 0 
2 3 1026 1029 0 
1 0 
1 0 
1 0 
2 3 1032 1033 0 
1 0 
1 0 
1 0 
2 3 1036 1037 0 
2 3 1035 1038 0 
2 3 1034 1039 0 
2 3 1031 1040 0 
2 3 1030 1041 0 
2 3 1025 1042 0 
2 3 1024 1043 0 
2 3 1023 1044 0 
2 3 1022 1045 0 
1 0 
2 3 1046 1047 0 
1 0 
2 3 1048 1049 0 
2 3 1021 1050 0 
3 2 0 1051 
3 2 0 1021 
3 2 0 1019 
3 2 0 1020 
3 2 0 1050 
3 2 0 1048 
3 2 0 1046 
3 2 0 1022 
3 2 0 1045 
3 2 0 1023 
3 2 0 1044 
3 2 0 1024 
3 2 0 1043 
3 2 0 1025 
3 2 0 1042 
3 2 0 1030 
3 2 0 1026 
3 2 0 1029 
3 2 0 1027 
3 2 0 1028 
3 2 0 1041 
3 2 0 1031 
3 2 0 1040 
3 2 0 1034 
3 2 0 1032 
3 2 0 1033 
3 2 0 1039 
3 2 0 1035 
3 2 0 1038 
3 2 0 1036 
3 2 0 1037 
3 2 0 1047 
3 2 0 1049 
1 0 
1 0 
1 0 
1 0 
2 3 1087 1088 0 
1 0 
2 3 1089 1090 0 
2 3 1086 1091 0 
2 3 1085 1092 0 
1 0 
1 0 
2 3 1094 1095 0 
2 3 1093 1096 0 
3 2 0 1097 
3 2 0 1093 
3 2 0 1085 
3 2 0 1092 
3 2 0 1086 
3 2 0 1091 
3 2 0 1089 
3 2 0 1087 
3 2 0 1088 
3 2 0 1090 
3 2 0 1096 
3 2 0 1094 
3 2 0 1095 
1 0 
1 0 
1 0 
1 0 
2 3 1113 1114 0 
2 3 1112 1115 0 
1 0 
2 3 1116 1117 0 
2 3 1111 1118 0 
1 0 
1 0 
1 0 
1 0 
1 0 
1 0 
2 3 1124 1125 0 
2 3 1123 1126 0 
2 3 1122 1127 0 
1 0 
1 0 
1 0 
1 0 
2 3 1131 1132 0 
2 3 1130 1133 0 
1 0 
1 0 
1 0 
2 3 1136 1137 0 
2 3 1135 1138 0 
2 3 1134 1139 0 
2 3 1129 1140 0 
2 3 1128 1141 0 
2 3 1121 1142 0 
2 3 1120 1143 0 
1 0 
2 3 1144 1145 0 
2 3 1119 1146 0 
3 2 0 1147 
3 2 0 1119 
3 2 0 1111 
3 2 0 1118 
3 2 0 1116 
3 2 0 1112 
3 2 0 1115 
3 2 0 1113 
3 2 0 1114 
3 2 0 1117 
3 2 0 1146 
3 2 0 1144 
3 2 0 1120 
3 2 0 1143 
3 2 0 1121 
3 2 0 1142 
3 2 0 1128 
3 2 0 1122 
3 2 0 1127 
3 2 0 1123 
3 2 0 1126 
3 2 0 1124 
3 2 0 1125 
3 2 0 1141 
3 2 0 1129 
3 2 0 1140 
3 2 0 1134 
3 2 0 1130 
3 2 0 1133 
3 2 0 1131 
3 2 0 1132 
3 2 0 1139 
3 2 0 1135 
3 2 0 1138 
3 2 0 1136 
3 2 0 1137 
3 2 0 1145 
1 0 
1 0 
2 3 1185 1186 0 
1 0 
1 0 
1 0 
2 3 1189 1190 0 
2 3 1188 1191 0 
2 3 1187 1192 0 
1 0 
1 0 
1 0 
2 3 1195 1196 0 
1 0 
1 0 
1 0 
1 0 
1 0 
2 3 1201 1202 0 
2 3 1200 1203 0 
1 0 
2 3 1204 1205 0 
2 3 1199 1206 0 
1 0 
1 0 
1 0 
1 0 
2 3 1210 1211 0 
2 3 1209 1212 0 
2 3 1208 1213 0 
2 3 1207 1214 0 
2 3 1198 1215 0 
1 0 
2 3 1216 1217 0 
2 3 1197 1218 0 
2 3 1194 1219 0 
2 3 1193 1220 0 
3 2 0 1221 
3 2 0 1193 
3 2 0 1187 
3 2 0 1185 
3 2 0 1186 
3 2 0 1192 
3 2 0 1188 
3 2 0 1191 
3 2 0 1189 
3 2 0 1190 
3 2 0 1220 
3 2 0 1194 
3 2 0 1219 
3 2 0 1197 
3 2 0 1195 
3 2 0 1196 
3 2 0 1218 
3 2 0 1216 
3 2 0 1198 
3 2 0 1215 
3 2 0 1207 
3 2 0 1199 
3 2 0 1206 
3 2 0 1204 
3 2 0 1200 
3 2 0 1203 
3 2 0 1201 
3 2 0 1202 
3 2 0 1205 
3 2 0 1214 
3 2 0 1208 
3 2 0 1213 
3 2 0 1209 
3 2 0 1212 
3 2 0 1210 
3 2 0 1211 
3 2 0 1217 
1 0 
1 0 
1 0 
2 3 1260 1261 0 
1 0 
1 0 
1 0 
1 0 
1 0 
2 3 1266 1267 0 
2 3 1265 1268 0 
1 0 
2 3 1269 1270 0 
1 0 
2 3 1271 1272 0 
1 0 
2 3 1273 1274 0 
1 0 
2 3 1275 1276 0 
1 0 
1 0 
1 0 
2 3 1279 1280 0 
2 3 1278 1281 0 
2 3 1277 1282 0 
2 3 1264 1283 0 
2 3 1263 1284 0 
2 3 1262 1285 0 
2 3 1259 1286 0 
1 0 
1 0 
1 0 
1 0 
1 0 
1 0 
2 3 1292 1293 0 
1 0 
2 3 1294 1295 0 
1 0 
2 3 1296 1297 0 
1 0 
1 0 
2 3 1299 1300 0 
2 3 1298 1301 0 
2 3 1291 1302 0 
2 3 1290 1303 0 
1 0 
2 3 1304 1305 0 
2 3 1289 1306 0 
2 3 1288 1307 0 
2 3 1287 1308 0 
3 2 0 1309 
3 2 0 1287 
3 2 0 1259 
3 2 0 1286 
3 2 0 1262 
3 2 0 1260 
3 2 0 1261 
3 2 0 1285 
3 2 0 1263 
3 2 0 1284 
3 2 0 1264 
3 2 0 1283 
3 2 0 1277 
3 2 0 1275 
3 2 0 1273 
3 2 0 1271 
3 2 0 1269 
3 2 0 1265 
3 2 0 1268 
3 2 0 1266 
3 2 0 1267 
3 2 0 1270 
3 2 0 1272 
3 2 0 1274 
3 2 0 1276 
3 2 0 1282 
3 2 0 1278 
3 2 0 1281 
3 2 0 1279 
3 2 0 1280 
3 2 0 1308 
3 2 0 1288 
3 2 0 1307 
3 2 0 1289 
3 2 0 1306 
3 2 0 1304 
3 2 0 1290 
3 2 0 1303 
3 2 0 1291 
3 2 0 1302 
3 2 0 1298 
3 2 0 1296 
3 2 0 1294 
3 2 0 1292 
3 2 0 1293 
3 2 0 1295 
3 2 0 1297 
3 2 0 1301 
3 2 0 1299 
3 2 0 1300 
3 2 0 1305 
1 0 
1 0 
1 0 
1 0 
2 3 1363 1364 0 
2 3 1362 1365 0 
1 0 
1 0 
1 0 
1 0 
1 0 
1 0 
2 3 1371 1372 0 
2 3 1370 1373 0 
1 0 
1 0 
1 0 
1 0 
1 0 
2 3 1378 1379 0 
2 3 1377 1380 0 
2 3 1376 1381 0 
2 3 1375 1382 0 
2 3 1374 1383 0 
2 3 1369 1384 0 
2 3 1368 1385 0 
2 3 1367 1386 0 
2 3 1366 1387 0 
1 0 
2 3 1388 1389 0 
2 3 1361 1390 0 
3 2 0 1391 
3 2 0 1361 
3 2 0 1390 
3 2 0 1388 
3 2 0 1366 
3 2 0 1362 
3 2 0 1365 
3 2 0 1363 
3 2 0 1364 
3 2 0 1387 
3 2 0 1367 
3 2 0 1386 
3 2 0 1368 
3 2 0 1385 
3 2 0 1369 
3 2 0 1384 
3 2 0 1374 
3 2 0 1370 
3 2 0 1373 
3 2 0 1371 
3 2 0 1372 
3 2 0 1383 
3 2 0 1375 
3 2 0 1382 
3 2 0 1376 
3 2 0 1381 
3 2 0 1377 
3 2 0 1380 
3 2 0 1378 
3 2 0 1379 
3 2 0 1389 
1 0 
1 0 
1 0 
1 0 
1 0 
1 0 
1 0 
2 3 1428 1429 0 
1 0 
1 0 
1 0 
1 0 
1 0 
1 0 
1 0 
1 0 
1 0 
1 0 
1 0 
2 3 1440 1441 0 
2 3 1439 1442 0 
1 0 
1 0 
2 3 1444 1445 0 
2 3 1443 1446 0 
2 3 1438 1447 0 
2 3 1437 1448 0 
2 3 1436 1449 0 
2 3 1435 1450 0 
2 3 1434 1451 0 
2 3 1433 1452 0 
2 3 1432 1453 0 
2 3 1431 1454 0 
2 3 1430 1455 0 
2 3 1427 1456 0 
2 3 1426 1457 0 
1 0 
2 3 1458 1459 0 
2 3 1425 1460 0 
2 3 1424 1461 0 
2 3 1423 1462 0 
3 2 0 1463 
3 2 0 1423 
3 2 0 1462 
3 2 0 1424 
3 2 0 1461 
3 2 0 1425 
3 2 0 1460 
3 2 0 1458 
3 2 0 1426 
3 2 0 1457 
3 2 0 1427 
3 2 0 1456 
3 2 0 1430 
3 2 0 1428 
3 2 0 1429 
3 2 0 1455 
3 2 0 1431 
3 2 0 1454 
3 2 0 1432 
3 2 0 1453 
3 2 0 1433 
3 2 0 1452 
3 2 0 1434 
3 2 0 1451 
3 2 0 1435 
3 2 0 1450 
3 2 0 1436 
3 2 0 1449 
3 2 0 1437 
3 2 0 1448 
3 2 0 1438 
3 2 0 1447 
3 2 0 1443 
3 2 0 1439 
3 2 0 1442 
3 2 0 1440 
3 2 0 1441 
3 2 0 1446 
3 2 0 1444 
3 2 0 1445 
3 2 0 1459 
1 0 
1 0 
1 0 
2 3 1506 1507 0 
1 0 
1 0 
1 0 
2 3 1510 1511 0 
1 0 
1 0 
2 3 1513 1514 0 
1 0 
1 0 
2 3 1516 1517 0 
2 3 1515 1518 0 
2 3 1512 1519 0 
1 0 
2 3 1520 1521 0 
1 0 
1 0 
2 3 1523 1524 0 
2 3 1522 1525 0 
2 3 1509 1526 0 
1 0 
1 0 
1 0 
1 0 
1 0 
1 0 
2 3 1532 1533 0 
2 3 1531 1534 0 
1 0 
2 3 1535 1536 0 
2 3 1530 1537 0 
2 3 1529 1538 0 
1 0 
1 0 
1 0 
2 3 1541 1542 0 
1 0 
1 0 
1 0 
2 3 1545 1546 0 
1 0 
2 3 1547 1548 0 
2 3 1544 1549 0 
2 3 1543 1550 0 
2 3 1540 1551 0 
2 3 1539 1552 0 
2 3 1528 1553 0 
2 3 1527 1554 0 
2 3 1508 1555 0 
1 0 
2 3 1556 1557 0 
2 3 1505 1558 0 
3 2 0 1559 
3 2 0 1505 
3 2 0 1558 
3 2 0 1556 
3 2 0 1508 
3 2 0 1506 
3 2 0 1507 
3 2 0 1555 
3 2 0 1527 
3 2 0 1509 
3 2 0 1526 
3 2 0 1522 
3 2 0 1520 
3 2 0 1512 
3 2 0 1510 
3 2 0 1511 
3 2 0 1519 
3 2 0 1515 
3 2 0 1513 
3 2 0 1514 
3 2 0 1518 
3 2 0 1516 
3 2 0 1517 
3 2 0 1521 
3 2 0 1525 
3 2 0 1523 
3 2 0 1524 
3 2 0 1554 
3 2 0 1528 
3 2 0 1553 
3 2 0 1539 
3 2 0 1529 
3 2 0 1538 
3 2 0 1530 
3 2 0 1537 
3 2 0 1535 
3 2 0 1531 
3 2 0 1534 
3 2 0 1532 
3 2 0 1533 
3 2 0 1536 
3 2 0 1552 
3 2 0 1540 
3 2 0 1551 
3 2 0 1543 
3 2 0 1541 
3 2 0 1542 
3 2 0 1550 
3 2 0 1544 
3 2 0 1549 
3 2 0 1547 
3 2 0 1545 
3 2 0 1546 
3 2 0 1548 
3 2 0 1557 
1 0 
1 0 
1 0 
1 0 
1 0 
1 0 
1 0 
2 3 1620 1621 0 
2 3 1619 1622 0 
2 3 1618 1623 0 
2 3 1617 1624 0 
2 3 1616 1625 0 
2 3 1615 1626 0 
1 0 
1 0 
1 0 
1 0 
1 0 
2 3 1631 1632 0 
2 3 1630 1633 0 
2 3 1629 1634 0 
2 3 1628 1635 0 
1 0 
1 0 
1 0 
1 0 
2 3 1639 1640 0 
1 0 
2 3 1641 1642 0 
2 3 1638 1643 0 
1 0 
1 0 
1 0 
1 0 
2 3 1647 1648 0 
1 0 
2 3 1649 1650 0 
2 3 1646 1651 0 
2 3 1645 1652 0 
2 3 1644 1653 0 
2 3 1637 1654 0 
2 3 1636 1655 0 
1 0 
1 0 
1 0 
2 3 1658 1659 0 
2 3 1657 1660 0 
1 0 
2 3 1661 1662 0 
1 0 
2 3 1663 1664 0 
1 0 
1 0 
1 0 
1 0 
2 3 1668 1669 0 
2 3 1667 1670 0 
2 3 1666 1671 0 
2 3 1665 1672 0 
2 3 1656 1673 0 
1 0 
2 3 1674 1675 0 
2 3 1627 1676 0 
3 2 0 1677 
3 2 0 1627 
3 2 0 1615 
3 2 0 1626 
3 2 0 1616 
3 2 0 1625 
3 2 0 1617 
3 2 0 1624 
3 2 0 1618 
3 2 0 1623 
3 2 0 1619 
3 2 0 1622 
3 2 0 1620 
3 2 0 1621 
3 2 0 1676 
3 2 0 1674 
3 2 0 1656 
3 2 0 1636 
3 2 0 1628 
3 2 0 1635 
3 2 0 1629 
3 2 0 1634 
3 2 0 1630 
3 2 0 1633 
3 2 0 1631 
3 2 0 1632 
3 2 0 1655 
3 2 0 1637 
3 2 0 1654 
3 2 0 1644 
3 2 0 1638 
3 2 0 1643 
3 2 0 1641 
3 2 0 1639 
3 2 0 1640 
3 2 0 1642 
3 2 0 1653 
3 2 0 1645 
3 2 0 1652 
3 2 0 1646 
3 2 0 1651 
3 2 0 1649 
3 2 0 1647 
3 2 0 1648 
3 2 0 1650 
3 2 0 1673 
3 2 0 1665 
3 2 0 1663 
3 2 0 1661 
3 2 0 1657 
3 2 0 1660 
3 2 0 1658 
3 2 0 1659 
3 2 0 1662 
3 2 0 1664 
3 2 0 1672 
3 2 0 1666 
3 2 0 1671 
3 2 0 1667 
3 2 0 1670 
3 2 0 1668 
3 2 0 1669 
3 2 0 1675 
1 0 
1 0 
2 3 1741 1742 0 
1 0 
2 3 1743 1744 0 
1 0 
2 3 1745 1746 0 
1 0 
1 0 
1 0 
1 0 
1 0 
1 0 
1 0 
2 3 1753 1754 0 
2 3 1752 1755 0 
1 0 
1 0 
1 0 
2 3 1758 1759 0 
2 3 1757 1760 0 
2 3 1756 1761 0 
1 0 
2 3 1762 1763 0 
1 0 
1 0 
1 0 
1 0 
1 0 
2 3 1768 1769 0 
1 0 
2 3 1770 1771 0 
2 3 1767 1772 0 
1 0 
2 3 1773 1774 0 
2 3 1766 1775 0 
2 3 1765 1776 0 
2 3 1764 1777 0 
2 3 1751 1778 0 
2 3 1750 1779 0 
2 3 1749 1780 0 
2 3 1748 1781 0 
2 3 1747 1782 0 
1 0 
2 3 1783 1784 0 
3 2 0 1785 
3 2 0 1783 
3 2 0 1747 
3 2 0 1745 
3 2 0 1743 
3 2 0 1741 
3 2 0 1742 
3 2 0 1744 
3 2 0 1746 
3 2 0 1782 
3 2 0 1748 
3 2 0 1781 
3 2 0 1749 
3 2 0 1780 
3 2 0 1750 
3 2 0 1779 
3 2 0 1751 
3 2 0 1778 
3 2 0 1764 
3 2 0 1762 
3 2 0 1756 
3 2 0 1752 
3 2 0 1755 
3 2 0 1753 
3 2 0 1754 
3 2 0 1761 
3 2 0 1757 
3 2 0 1760 
3 2 0 1758 
3 2 0 1759 
3 2 0 1763 
3 2 0 1777 
3 2 0 1765 
3 2 0 1776 
3 2 0 1766 
3 2 0 1775 
3 2 0 1773 
3 2 0 1767 
3 2 0 1772 
3 2 0 1770 
3 2 0 1768 
3 2 0 1769 
3 2 0 1771 
3 2 0 1774 
3 2 0 1784 
1 0 
1 0 
1 0 
1 0 
1 0 
2 3 1834 1835 0 
1 0 
1 0 
1 0 
2 3 1838 1839 0 
2 3 1837 1840 0 
2 3 1836 1841 0 
2 3 1833 1842 0 
2 3 1832 1843 0 
2 3 1831 1844 0 
1 0 
1 0 
1 0 
1 0 
1 0 
2 3 1849 1850 0 
2 3 1848 1851 0 
1 0 
2 3 1852 1853 0 
2 3 1847 1854 0 
2 3 1846 1855 0 
2 3 1845 1856 0 
3 2 0 1857 
3 2 0 1845 
3 2 0 1831 
3 2 0 1844 
3 2 0 1832 
3 2 0 1843 
3 2 0 1833 
3 2 0 1842 
3 2 0 1836 
3 2 0 1834 
3 2 0 1835 
3 2 0 1841 
3 2 0 1837 
3 2 0 1840 
3 2 0 1838 
3 2 0 1839 
3 2 0 1856 
3 2 0 1846 
3 2 0 1855 
3 2 0 1847 
3 2 0 1854 
3 2 0 1852 
3 2 0 1848 
3 2 0 1851 
3 2 0 1849 
3 2 0 1850 
3 2 0 1853 
1 0 
1 0 
1 0 
1 0 
1 0 
2 3 1888 1889 0 
2 3 1887 1890 0 
1 0 
1 0 
1 0 
2 3 1893 1894 0 
2 3 1892 1895 0 
2 3 1891 1896 0 
2 3 1886 1897 0 
1 0 
2 3 1898 1899 0 
1 0 
2 3 1900 1901 0 
1 0 
1 0 
1 0 
1 0 
1 0 
2 3 1906 1907 0 
2 3 1905 1908 0 
2 3 1904 1909 0 
1 0 
1 0 
1 0 
1 0 
2 3 1913 1914 0 
2 3 1912 1915 0 
2 3 1911 1916 0 
2 3 1910 1917 0 
1 0 
2 3 1918 1919 0 
1 0 
1 0 
1 0 
1 0 
1 0 
2 3 1924 1925 0 
2 3 1923 1926 0 
2 3 1922 1927 0 
2 3 1921 1928 0 
2 3 1920 1929 0 
2 3 1903 1930 0 
2 3 1902 1931 0 
1 0 
2 3 1932 1933 0 
2 3 1885 1934 0 
3 2 0 1935 
3 2 0 1885 
3 2 0 1934 
3 2 0 1932 
3 2 0 1902 
3 2 0 1900 
3 2 0 1898 
3 2 0 1886 
3 2 0 1897 
3 2 0 1891 
3 2 0 1887 
3 2 0 1890 
3 2 0 1888 
3 2 0 1889 
3 2 0 1896 
3 2 0 1892 
3 2 0 1895 
3 2 0 1893 
3 2 0 1894 
3 2 0 1899 
3 2 0 1901 
3 2 0 1931 
3 2 0 1903 
3 2 0 1930 
3 2 0 1920 
3 2 0 1918 
3 2 0 1910 
3 2 0 1904 
3 2 0 1909 
3 2 0 1905 
3 2 0 1908 
3 2 0 1906 
3 2 0 1907 
3 2 0 1917 
3 2 0 1911 
3 2 0 1916 
3 2 0 1912 
3 2 0 1915 
3 2 0 1913 
3 2 0 1914 
3 2 0 1919 
3 2 0 1929 
3 2 0 1921 
3 2 0 1928 
3 2 0 1922 
3 2 0 1927 
3 2 0 1923 
3 2 0 1926 
3 2 0 1924 
3 2 0 1925 
3 2 0 1933 
1 0 
1 0 
1 0 
1 0 
1 0 
2 3 1990 1991 0 
2 3 1989 1992 0 
2 3 1988 1993 0 
2 3 1987 1994 0 
1 0 
1 0 
1 0 
1 0 
1 0 
1 0 
2 3 2000 2001 0 
1 0 
1 0 
1 0 
1 0 
2 3 2005 2006 0 
2 3 2004 2007 0 
2 3 2003 2008 0 
2 3 2002 2009 0 
2 3 1999 2010 0 
2 3 1998 2011 0 
2 3 1997 2012 0 
2 3 1996 2013 0 
2 3 1995 2014 0 
1 0 
1 0 
1 0 
1 0 
1 0 
1 0 
1 0 
1 0 
2 3 2022 2023 0 
2 3 2021 2024 0 
2 3 2020 2025 0 
2 3 2019 2026 0 
2 3 2018 2027 0 
1 0 
2 3 2028 2029 0 
1 0 
1 0 
2 3 2031 2032 0 
2 3 2030 2033 0 
1 0 
2 3 2034 2035 0 
2 3 2017 2036 0 
2 3 2016 2037 0 
2 3 2015 2038 0 
3 2 0 2039 
3 2 0 2015 
3 2 0 1995 
3 2 0 1987 
3 2 0 1994 
3 2 0 1988 
3 2 0 1993 
3 2 0 1989 
3 2 0 1992 
3 2 0 1990 
3 2 0 1991 
3 2 0 2014 
3 2 0 1996 
3 2 0 2013 
3 2 0 1997 
3 2 0 2012 
3 2 0 1998 
3 2 0 2011 
3 2 0 1999 
3 2 0 2010 
3 2 0 2002 
3 2 0 2000 
3 2 0 2001 
3 2 0 2009 
3 2 0 2003 
3 2 0 2008 
3 2 0 2004 
3 2 0 2007 
3 2 0 2005 
3 2 0 2006 
3 2 0 2038 
3 2 0 2016 
3 2 0 2037 
3 2 0 2017 
3 2 0 2036 
3 2 0 2034 
3 2 0 2030 
3 2 0 2028 
3 2 0 2018 
3 2 0 2027 
3 2 0 2019 
3 2 0 2026 
3 2 0 2020 
3 2 0 2025 
3 2 0 2021 
3 2 0 2024 
3 2 0 2022 
3 2 0 2023 
3 2 0 2029 
3 2 0 2033 
3 2 0 2031 
3 2 0 2032 
3 2 0 2035 
1 0 
1 0 
1 0 
2 3 2094 2095 0 
1 0 
1 0 
1 0 
1 0 
2 3 2099 2100 0 
1 0 
2 3 2101 2102 0 
1 0 
1 0 
2 3 2104 2105 0 
2 3 2103 2106 0 
1 0 
2 3 2107 2108 0 
1 0 
1 0 
1 0 
2 3 2111 2112 0 
2 3 2110 2113 0 
2 3 2109 2114 0 
1 0 
2 3 2115 2116 0 
1 0 
1 0 
2 3 2118 2119 0 
2 3 2117 2120 0 
1 0 
2 3 2121 2122 0 
1 0 
1 0 
2 3 2124 2125 0 
2 3 2123 2126 0 
2 3 2098 2127 0 
2 3 2097 2128 0 
1 0 
1 0 
1 0 
1 0 
1 0 
2 3 2133 2134 0 
2 3 2132 2135 0 
1 0 
1 0 
1 0 
1 0 
2 3 2139 2140 0 
2 3 2138 2141 0 
1 0 
2 3 2142 2143 0 
1 0 
1 0 
1 0 
1 0 
1 0 
1 0 
2 3 2149 2150 0 
1 0 
2 3 2151 2152 0 
2 3 2148 2153 0 
2 3 2147 2154 0 
2 3 2146 2155 0 
2 3 2145 2156 0 
2 3 2144 2157 0 
2 3 2137 2158 0 
2 3 2136 2159 0 
1 0 
2 3 2160 2161 0 
2 3 2131 2162 0 
2 3 2130 2163 0 
2 3 2129 2164 0 
2 3 2096 2165 0 
1 0 
2 3 2166 2167 0 
2 3 2093 2168 0 
3 2 0 2169 
3 2 0 2093 
3 2 0 2168 
3 2 0 2166 
3 2 0 2096 
3 2 0 2094 
3 2 0 2095 
3 2 0 2165 
3 2 0 2129 
3 2 0 2097 
3 2 0 2128 
3 2 0 2098 
3 2 0 2127 
3 2 0 2123 
3 2 0 2121 
3 2 0 2117 
3 2 0 2115 
3 2 0 2109 
3 2 0 2107 
3 2 0 2103 
3 2 0 2101 
3 2 0 2099 
3 2 0 2100 
3 2 0 2102 
3 2 0 2106 
3 2 0 2104 
3 2 0 2105 
3 2 0 2108 
3 2 0 2114 
3 2 0 2110 
3 2 0 2113 
3 2 0 2111 
3 2 0 2112 
3 2 0 2116 
3 2 0 2120 
3 2 0 2118 
3 2 0 2119 
3 2 0 2122 
3 2 0 2126 
3 2 0 2124 
3 2 0 2125 
3 2 0 2164 
3 2 0 2130 
3 2 0 2163 
3 2 0 2131 
3 2 0 2162 
3 2 0 2160 
3 2 0 2136 
3 2 0 2132 
3 2 0 2135 
3 2 0 2133 
3 2 0 2134 
3 2 0 2159 
3 2 0 2137 
3 2 0 2158 
3 2 0 2144 
3 2 0 2142 
3 2 0 2138 
3 2 0 2141 
3 2 0 2139 
3 2 0 2140 
3 2 0 2143 
3 2 0 2157 
3 2 0 2145 
3 2 0 2156 
3 2 0 2146 
3 2 0 2155 
3 2 0 2147 
3 2 0 2154 
3 2 0 2148 
3 2 0 2153 
3 2 0 2151 
3 2 0 2149 
3 2 0 2150 
3 2 0 2152 
3 2 0 2161 
3 2 0 2167 
1 0 
1 0 
1 0 
2 3 2248 2249 0 
1 0 
1 0 
1 0 
1 0 
1 0 
1 0 
1 0 
2 3 2256 2257 0 
2 3 2255 2258 0 
1 0 
1 0 
2 3 2260 2261 0 
1 0 
1 0 
1 0 
2 3 2264 2265 0 
2 3 2263 2266 0 
2 3 2262 2267 0 
2 3 2259 2268 0 
2 3 2254 2269 0 
2 3 2253 2270 0 
2 3 2252 2271 0 
2 3 2251 2272 0 
2 3 2250 2273 0 
1 0 
2 3 2274 2275 0 
2 3 2247 2276 0 
3 2 0 2277 
3 2 0 2247 
3 2 0 2276 
3 2 0 2274 
3 2 0 2250 
3 2 0 2248 
3 2 0 2249 
3 2 0 2273 
3 2 0 2251 
3 2 0 2272 
3 2 0 2252 
3 2 0 2271 
3 2 0 2253 
3 2 0 2270 
3 2 0 2254 
3 2 0 2269 
3 2 0 2259 
3 2 0 2255 
3 2 0 2258 
3 2 0 2256 
3 2 0 2257 
3 2 0 2268 
3 2 0 2262 
3 2 0 2260 
3 2 0 2261 
3 2 0 2267 
3 2 0 2263 
3 2 0 2266 
3 2 0 2264 
3 2 0 2265 
3 2 0 2275 
1 0 
1 0 
1 0 
1 0 
2 3 2311 2312 0 
2 3 2310 2313 0 
1 0 
2 3 2314 2315 0 
2 3 2309 2316 0 
1 0 
2 3 2317 2318 0 
3 2 0 2319 
3 2 0 2317 
3 2 0 2309 
3 2 0 2316 
3 2 0 2314 
3 2 0 2310 
3 2 0 2313 
3 2 0 2311 
3 2 0 2312 
3 2 0 2315 
3 2 0 2318 
1 0 
1 0 
1 0 
2 3 2332 2333 0 
2 3 2331 2334 0 
1 0 
1 0 
1 0 
2 3 2337 2338 0 
1 0 
1 0 
2 3 2340 2341 0 
2 3 2339 2342 0 
2 3 2336 2343 0 
2 3 2335 2344 0 
1 0 
2 3 2345 2346 0 
3 2 0 2347 
3 2 0 2345 
3 2 0 2335 
3 2 0 2331 
3 2 0 2334 
3 2 0 2332 
3 2 0 2333 
3 2 0 2344 
3 2 0 2336 
3 2 0 2343 
3 2 0 2339 
3 2 0 2337 
3 2 0 2338 
3 2 0 2342 
3 2 0 2340 
3 2 0 2341 
3 2 0 2346 
1 0 
1 0 
1 0 
2 3 2366 2367 0 
2 3 2365 2368 0 
1 0 
1 0 
1 0 
1 0 
2 3 2372 2373 0 
2 3 2371 2374 0 
2 3 2370 2375 0 
2 3 2369 2376 0 
1 0 
2 3 2377 2378 0 
3 2 0 2379 
3 2 0 2377 
3 2 0 2369 
3 2 0 2365 
3 2 0 2368 
3 2 0 2366 
3 2 0 2367 
3 2 0 2376 
3 2 0 2370 
3 2 0 2375 
3 2 0 2371 
3 2 0 2374 
3 2 0 2372 
3 2 0 2373 
3 2 0 2378 
1 0 
1 0 
2 3 2395 2396 0 
1 0 
1 0 
1 0 
1 0 
2 3 2400 2401 0 
2 3 2399 2402 0 
2 3 2398 2403 0 
1 0 
2 3 2404 2405 0 
2 3 2397 2406 0 
3 2 0 2407 
3 2 0 2397 
3 2 0 2395 
3 2 0 2396 
3 2 0 2406 
3 2 0 2404 
3 2 0 2398 
3 2 0 2403 
3 2 0 2399 
3 2 0 2402 
3 2 0 2400 
3 2 0 2401 
3 2 0 2405 
1 0 
1 0 
2 3 2421 2422 0 
1 0 
1 0 
1 0 
2 3 2425 2426 0 
1 0 
2 3 2427 2428 0 
2 3 2424 2429 0 
1 0 
2 3 2430 2431 0 
2 3 2423 2432 0 
3 2 0 2433 
3 2 0 2423 
3 2 0 2421 
3 2 0 2422 
3 2 0 2432 
3 2 0 2430 
3 2 0 2424 
3 2 0 2429 
3 2 0 2427 
3 2 0 2425 
3 2 0 2426 
3 2 0 2428 
3 2 0 2431 
1 0 
1 0 
1 0 
1 0 
1 0 
1 0 
2 3 2451 2452 0 
2 3 2450 2453 0 
2 3 2449 2454 0 
2 3 2448 2455 0 
2 3 2447 2456 0 
1 0 
2 3 2457 2458 0 
3 2 0 2459 
3 2 0 2457 
3 2 0 2447 
3 2 0 2456 
3 2 0 2448 
3 2 0 2455 
3 2 0 2449 
3 2 0 2454 
3 2 0 2450 
3 2 0 2453 
3 2 0 2451 
3 2 0 2452 
3 2 0 2458 
1 0 
1 0 
2 3 2473 2474 0 
1 0 
2 3 2475 2476 0 
1 0 
1 0 
2 3 2478 2479 0 
1 0 
1 0 
1 0 
2 3 2482 2483 0 
1 0 
1 0 
2 3 2485 2486 0 
2 3 2484 2487 0 
1 0 
2 3 2488 2489 0 
1 0 
1 0 
2 3 2491 2492 0 
1 0 
2 3 2493 2494 0 
1 0 
1 0 
2 3 2496 2497 0 
2 3 2495 2498 0 
1 0 
1 0 
2 3 2500 2501 0 
2 3 2499 2502 0 
2 3 2490 2503 0 
2 3 2481 2504 0 
2 3 2480 2505 0 
2 3 2477 2506 0 
1 0 
2 3 2507 2508 0 
3 2 0 2509 
3 2 0 2507 
3 2 0 2477 
3 2 0 2475 
3 2 0 2473 
3 2 0 2474 
3 2 0 2476 
3 2 0 2506 
3 2 0 2480 
3 2 0 2478 
3 2 0 2479 
3 2 0 2505 
3 2 0 2481 
3 2 0 2504 
3 2 0 2490 
3 2 0 2488 
3 2 0 2484 
3 2 0 2482 
3 2 0 2483 
3 2 0 2487 
3 2 0 2485 
3 2 0 2486 
3 2 0 2489 
3 2 0 2503 
3 2 0 2499 
3 2 0 2495 
3 2 0 2493 
3 2 0 2491 
3 2 0 2492 
3 2 0 2494 
3 2 0 2498 
3 2 0 2496 
3 2 0 2497 
3 2 0 2502 
3 2 0 2500 
3 2 0 2501 
3 2 0 2508 
1 0 
1 0 
1 0 
1 0 
1 0 
1 0 
2 3 2551 2552 0 
2 3 2550 2553 0 
1 0 
1 0 
1 0 
1 0 
1 0 
1 0 
2 3 2559 2560 0 
2 3 2558 2561 0 
2 3 2557 2562 0 
1 0 
1 0 
1 0 
1 0 
2 3 2566 2567 0 
2 3 2565 2568 0 
2 3 2564 2569 0 
2 3 2563 2570 0 
2 3 2556 2571 0 
2 3 2555 2572 0 
2 3 2554 2573 0 
2 3 2549 2574 0 
2 3 2548 2575 0 
1 0 
2 3 2576 2577 0 
2 3 2547 2578 0 
3 2 0 2579 
3 2 0 2547 
3 2 0 2578 
3 2 0 2576 
3 2 0 2548 
3 2 0 2575 
3 2 0 2549 
3 2 0 2574 
3 2 0 2554 
3 2 0 2550 
3 2 0 2553 
3 2 0 2551 
3 2 0 2552 
3 2 0 2573 
3 2 0 2555 
3 2 0 2572 
3 2 0 2556 
3 2 0 2571 
3 2 0 2563 
3 2 0 2557 
3 2 0 2562 
3 2 0 2558 
3 2 0 2561 
3 2 0 2559 
3 2 0 2560 
3 2 0 2570 
3 2 0 2564 
3 2 0 2569 
3 2 0 2565 
3 2 0 2568 
3 2 0 2566 
3 2 0 2567 
3 2 0 2577 
1 0 
1 0 
2 3 2613 2614 0 
1 0 
2 3 2615 2616 0 
1 0 
1 0 
2 3 2618 2619 0 
2 3 2617 2620 0 
1 0 
1 0 
1 0 
1 0 
1 0 
1 0 
2 3 2626 2627 0 
2 3 2625 2628 0 
2 3 2624 2629 0 
2 3 2623 2630 0 
1 0 
1 0 
1 0 
1 0 
1 0 
1 0 
1 0 
2 3 2637 2638 0 
2 3 2636 2639 0 
2 3 2635 2640 0 
1 0 
1 0 
1 0 
1 0 
2 3 2644 2645 0 
2 3 2643 2646 0 
1 0 
2 3 2647 2648 0 
2 3 2642 2649 0 
2 3 2641 2650 0 
2 3 2634 2651 0 
2 3 2633 2652 0 
2 3 2632 2653 0 
2 3 2631 2654 0 
2 3 2622 2655 0 
1 0 
2 3 2656 2657 0 
2 3 2621 2658 0 
3 2 0 2659 
3 2 0 2621 
3 2 0 2617 
3 2 0 2615 
3 2 0 2613 
3 2 0 2614 
3 2 0 2616 
3 2 0 2620 
3 2 0 2618 
3 2 0 2619 
3 2 0 2658 
3 2 0 2656 
3 2 0 2622 
3 2 0 2655 
3 2 0 2631 
3 2 0 2623 
3 2 0 2630 
3 2 0 2624 
3 2 0 2629 
3 2 0 2625 
3 2 0 2628 
3 2 0 2626 
3 2 0 2627 
3 2 0 2654 
3 2 0 2632 
3 2 0 2653 
3 2 0 2633 
3 2 0 2652 
3 2 0 2634 
3 2 0 2651 
3 2 0 2641 
3 2 0 2635 
3 2 0 2640 
3 2 0 2636 
3 2 0 2639 
3 2 0 2637 
3 2 0 2638 
3 2 0 2650 
3 2 0 2642 
3 2 0 2649 
3 2 0 2647 
3 2 0 2643 
3 2 0 2646 
3 2 0 2644 
3 2 0 2645 
3 2 0 2648 
3 2 0 2657 
1 0 
1 0 
1 0 
1 0 
2 3 2709 2710 0 
1 0 
2 3 2711 2712 0 
1 0 
2 3 2713 2714 0 
2 3 2708 2715 0 
2 3 2707 2716 0 
1 0 
1 0 
1 0 
2 3 2719 2720 0 
1 0 
2 3 2721 2722 0 
1 0 
1 0 
1 0 
1 0 
1 0 
1 0 
2 3 2728 2729 0 
2 3 2727 2730 0 
1 0 
1 0 
1 0 
2 3 2733 2734 0 
2 3 2732 2735 0 
2 3 2731 2736 0 
2 3 2726 2737 0 
1 0 
2 3 2738 2739 0 
1 0 
1 0 
2 3 2741 2742 0 
1 0 
1 0 
1 0 
1 0 
2 3 2746 2747 0 
2 3 2745 2748 0 
2 3 2744 2749 0 
2 3 2743 2750 0 
1 0 
2 3 2751 2752 0 
1 0 
1 0 
1 0 
1 0 
1 0 
2 3 2757 2758 0 
2 3 2756 2759 0 
2 3 2755 2760 0 
2 3 2754 2761 0 
2 3 2753 2762 0 
2 3 2740 2763 0 
2 3 2725 2764 0 
2 3 2724 2765 0 
2 3 2723 2766 0 
2 3 2718 2767 0 
1 0 
2 3 2768 2769 0 
2 3 2717 2770 0 
3 2 0 2771 
3 2 0 2717 
3 2 0 2707 
3 2 0 2716 
3 2 0 2708 
3 2 0 2715 
3 2 0 2713 
3 2 0 2711 
3 2 0 2709 
3 2 0 2710 
3 2 0 2712 
3 2 0 2714 
3 2 0 2770 
3 2 0 2768 
3 2 0 2718 
3 2 0 2767 
3 2 0 2723 
3 2 0 2721 
3 2 0 2719 
3 2 0 2720 
3 2 0 2722 
3 2 0 2766 
3 2 0 2724 
3 2 0 2765 
3 2 0 2725 
3 2 0 2764 
3 2 0 2740 
3 2 0 2738 
3 2 0 2726 
3 2 0 2737 
3 2 0 2731 
3 2 0 2727 
3 2 0 2730 
3 2 0 2728 
3 2 0 2729 
3 2 0 2736 
3 2 0 2732 
3 2 0 2735 
3 2 0 2733 
3 2 0 2734 
3 2 0 2739 
3 2 0 2763 
3 2 0 2753 
3 2 0 2751 
3 2 0 2743 
3 2 0 2741 
3 2 0 2742 
3 2 0 2750 
3 2 0 2744 
3 2 0 2749 
3 2 0 2745 
3 2 0 2748 
3 2 0 2746 
3 2 0 2747 
3 2 0 2752 
3 2 0 2762 
3 2 0 2754 
3 2 0 2761 
3 2 0 2755 
3 2 0 2760 
3 2 0 2756 
3 2 0 2759 
3 2 0 2757 
3 2 0 2758 
3 2 0 2769 
1 0 
1 0 
2 3 2837 2838 0 
1 0 
1 0 
2 3 2840 2841 0 
2 3 2839 2842 0 
1 0 
1 0 
1 0 
1 0 
1 0 
1 0 
1 0 
2 3 2849 2850 0 
1 0 
2 3 2851 2852 0 
1 0 
2 3 2853 2854 0 
1 0 
1 0 
2 3 2856 2857 0 
2 3 2855 2858 0 
2 3 2848 2859 0 
1 0 
1 0 
1 0 
2 3 2862 2863 0 
2 3 2861 2864 0 
2 3 2860 2865 0 
2 3 2847 2866 0 
2 3 2846 2867 0 
2 3 2845 2868 0 
2 3 2844 2869 0 
2 3 2843 2870 0 
3 2 0 2871 
3 2 0 2843 
3 2 0 2839 
3 2 0 2837 
3 2 0 2838 
3 2 0 2842 
3 2 0 2840 
3 2 0 2841 
3 2 0 2870 
3 2 0 2844 
3 2 0 2869 
3 2 0 2845 
3 2 0 2868 
3 2 0 2846 
3 2 0 2867 
3 2 0 2847 
3 2 0 2866 
3 2 0 2860 
3 2 0 2848 
3 2 0 2859 
3 2 0 2855 
3 2 0 2853 
3 2 0 2851 
3 2 0 2849 
3 2 0 2850 
3 2 0 2852 
3 2 0 2854 
3 2 0 2858 
3 2 0 2856 
3 2 0 2857 
3 2 0 2865 
3 2 0 2861 
3 2 0 2864 
3 2 0 2862 
3 2 0 2863 
1 0 
1 0 
2 3 2907 2908 0 
1 0 
1 0 
2 3 2910 2911 0 
1 0 
1 0 
1 0 
2 3 2914 2915 0 
2 3 2913 2916 0 
1 0 
2 3 2917 2918 0 
1 0 
2 3 2919 2920 0 
1 0 
1 0 
1 0 
2 3 2923 2924 0 
2 3 2922 2925 0 
2 3 2921 2926 0 
2 3 2912 2927 0 
2 3 2909 2928 0 
1 0 
2 3 2929 2930 0 
1 0 
2 3 2931 2932 0 
1 0 
1 0 
1 0 
2 3 2935 2936 0 
1 0 
1 0 
1 0 
1 0 
1 0 
1 0 
1 0 
2 3 2943 2944 0 
2 3 2942 2945 0 
2 3 2941 2946 0 
2 3 2940 2947 0 
2 3 2939 2948 0 
2 3 2938 2949 0 
2 3 2937 2950 0 
2 3 2934 2951 0 
2 3 2933 2952 0 
1 0 
2 3 2953 2954 0 
3 2 0 2955 
3 2 0 2953 
3 2 0 2933 
3 2 0 2931 
3 2 0 2929 
3 2 0 2909 
3 2 0 2907 
3 2 0 2908 
3 2 0 2928 
3 2 0 2912 
3 2 0 2910 
3 2 0 2911 
3 2 0 2927 
3 2 0 2921 
3 2 0 2919 
3 2 0 2917 
3 2 0 2913 
3 2 0 2916 
3 2 0 2914 
3 2 0 2915 
3 2 0 2918 
3 2 0 2920 
3 2 0 2926 
3 2 0 2922 
3 2 0 2925 
3 2 0 2923 
3 2 0 2924 
3 2 0 2930 
3 2 0 2932 
3 2 0 2952 
3 2 0 2934 
3 2 0 2951 
3 2 0 2937 
3 2 0 2935 
3 2 0 2936 
3 2 0 2950 
3 2 0 2938 
3 2 0 2949 
3 2 0 2939 
3 2 0 2948 
3 2 0 2940 
3 2 0 2947 
3 2 0 2941 
3 2 0 2946 
3 2 0 2942 
3 2 0 2945 
3 2 0 2943 
3 2 0 2944 
3 2 0 2954 
1 0 
1 0 
1 0 
1 0 
2 3 3007 3008 0 
1 0 
1 0 
1 0 
1 0 
1 0 
2 3 3013 3014 0 
2 3 3012 3015 0 
2 3 3011 3016 0 
2 3 3010 3017 0 
2 3 3009 3018 0 
2 3 3006 3019 0 
2 3 3005 3020 0 
1 0 
2 3 3021 3022 0 
1 0 
1 0 
1 0 
1 0 
2 3 3026 3027 0 
1 0 
1 0 
2 3 3029 3030 0 
1 0 
1 0 
1 0 
1 0 
1 0 
1 0 
2 3 3036 3037 0 
2 3 3035 3038 0 
2 3 3034 3039 0 
2 3 3033 3040 0 
2 3 3032 3041 0 
2 3 3031 3042 0 
2 3 3028 3043 0 
2 3 3025 3044 0 
2 3 3024 3045 0 
2 3 3023 3046 0 
1 0 
2 3 3047 3048 0 
3 2 0 3049 
3 2 0 3047 
3 2 0 3023 
3 2 0 3021 
3 2 0 3005 
3 2 0 3020 
3 2 0 3006 
3 2 0 3019 
3 2 0 3009 
3 2 0 3007 
3 2 0 3008 
3 2 0 3018 
3 2 0 3010 
3 2 0 3017 
3 2 0 3011 
3 2 0 3016 
3 2 0 3012 
3 2 0 3015 
3 2 0 3013 
3 2 0 3014 
3 2 0 3022 
3 2 0 3046 
3 2 0 3024 
3 2 0 3045 
3 2 0 3025 
3 2 0 3044 
3 2 0 3028 
3 2 0 3026 
3 2 0 3027 
3 2 0 3043 
3 2 0 3031 
3 2 0 3029 
3 2 0 3030 
3 2 0 3042 
3 2 0 3032 
3 2 0 3041 
3 2 0 3033 
3 2 0 3040 
3 2 0 3034 
3 2 0 3039 
3 2 0 3035 
3 2 0 3038 
3 2 0 3036 
3 2 0 3037 
3 2 0 3048 
1 0 
1 0 
1 0 
2 3 3096 3097 0 
1 0 
1 0 
2 3 3099 3100 0 
1 0 
1 0 
1 0 
2 3 3103 3104 0 
1 0 
2 3 3105 3106 0 
1 0 
1 0 
1 0 
1 0 
1 0 
2 3 3111 3112 0 
2 3 3110 3113 0 
2 3 3109 3114 0 
2 3 3108 3115 0 
2 3 3107 3116 0 
1 0 
2 3 3117 3118 0 
1 0 
1 0 
1 0 
1 0 
2 3 3122 3123 0 
2 3 3121 3124 0 
1 0 
1 0 
1 0 
2 3 3127 3128 0 
2 3 3126 3129 0 
2 3 3125 3130 0 
2 3 3120 3131 0 
2 3 3119 3132 0 
2 3 3102 3133 0 
2 3 3101 3134 0 
2 3 3098 3135 0 
2 3 3095 3136 0 
3 2 0 3137 
3 2 0 3095 
3 2 0 3136 
3 2 0 3098 
3 2 0 3096 
3 2 0 3097 
3 2 0 3135 
3 2 0 3101 
3 2 0 3099 
3 2 0 3100 
3 2 0 3134 
3 2 0 3102 
3 2 0 3133 
3 2 0 3119 
3 2 0 3117 
3 2 0 3107 
3 2 0 3105 
3 2 0 3103 
3 2 0 3104 
3 2 0 3106 
3 2 0 3116 
3 2 0 3108 
3 2 0 3115 
3 2 0 3109 
3 2 0 3114 
3 2 0 3110 
3 2 0 3113 
3 2 0 3111 
3 2 0 3112 
3 2 0 3118 
3 2 0 3132 
3 2 0 3120 
3 2 0 3131 
3 2 0 3125 
3 2 0 3121 
3 2 0 3124 
3 2 0 3122 
3 2 0 3123 
3 2 0 3130 
3 2 0 3126 
3 2 0 3129 
3 2 0 3127 
3 2 0 3128 
1 0 
1 0 
2 3 3181 3182 0 
1 0 
1 0 
1 0 
1 0 
2 3 3186 3187 0 
2 3 3185 3188 0 
2 3 3184 3189 0 
2 3 3183 3190 0 
1 0 
1 0 
1 0 
1 0 
1 0 
1 0 
1 0 
1 0 
2 3 3198 3199 0 
1 0 
2 3 3200 3201 0 
1 0 
1 0 
1 0 
2 3 3204 3205 0 
2 3 3203 3206 0 
2 3 3202 3207 0 
1 0 
2 3 3208 3209 0 
1 0 
2 3 3210 3211 0 
1 0 
2 3 3212 3213 0 
2 3 3197 3214 0 
2 3 3196 3215 0 
2 3 3195 3216 0 
2 3 3194 3217 0 
2 3 3193 3218 0 
1 0 
2 3 3219 3220 0 
2 3 3192 3221 0 
2 3 3191 3222 0 
3 2 0 3223 
3 2 0 3191 
3 2 0 3183 
3 2 0 3181 
3 2 0 3182 
3 2 0 3190 
3 2 0 3184 
3 2 0 3189 
3 2 0 3185 
3 2 0 3188 
3 2 0 3186 
3 2 0 3187 
3 2 0 3222 
3 2 0 3192 
3 2 0 3221 
3 2 0 3219 
3 2 0 3193 
3 2 0 3218 
3 2 0 3194 
3 2 0 3217 
3 2 0 3195 
3 2 0 3216 
3 2 0 3196 
3 2 0 3215 
3 2 0 3197 
3 2 0 3214 
3 2 0 3212 
3 2 0 3210 
3 2 0 3208 
3 2 0 3202 
3 2 0 3200 
3 2 0 3198 
3 2 0 3199 
3 2 0 3201 
3 2 0 3207 
3 2 0 3203 
3 2 0 3206 
3 2 0 3204 
3 2 0 3205 
3 2 0 3209 
3 2 0 3211 
3 2 0 3213 
3 2 0 3220 
1 0 
1 0 
1 0 
2 3 3268 3269 0 
2 3 3267 3270 0 
1 0 
1 0 
1 0 
1 0 
2 3 3274 3275 0 
2 3 3273 3276 0 
1 0 
1 0 
1 0 
2 3 3279 3280 0 
1 0 
1 0 
1 0 
1 0 
1 0 
1 0 
2 3 3286 3287 0 
2 3 3285 3288 0 
1 0 
2 3 3289 3290 0 
1 0 
1 0 
2 3 3292 3293 0 
2 3 3291 3294 0 
2 3 3284 3295 0 
2 3 3283 3296 0 
2 3 3282 3297 0 
2 3 3281 3298 0 
2 3 3278 3299 0 
2 3 3277 3300 0 
2 3 3272 3301 0 
2 3 3271 3302 0 
1 0 
1 0 
1 0 
1 0 
1 0 
2 3 3307 3308 0 
2 3 3306 3309 0 
1 0 
1 0 
1 0 
1 0 
1 0 
2 3 3314 3315 0 
2 3 3313 3316 0 
2 3 3312 3317 0 
2 3 3311 3318 0 
2 3 3310 3319 0 
2 3 3305 3320 0 
2 3 3304 3321 0 
1 0 
2 3 3322 3323 0 
2 3 3303 3324 0 
3 2 0 3325 
3 2 0 3303 
3 2 0 3271 
3 2 0 3267 
3 2 0 3270 
3 2 0 3268 
3 2 0 3269 
3 2 0 3302 
3 2 0 3272 
3 2 0 3301 
3 2 0 3277 
3 2 0 3273 
3 2 0 3276 
3 2 0 3274 
3 2 0 3275 
3 2 0 3300 
3 2 0 3278 
3 2 0 3299 
3 2 0 3281 
3 2 0 3279 
3 2 0 3280 
3 2 0 3298 
3 2 0 3282 
3 2 0 3297 
3 2 0 3283 
3 2 0 3296 
3 2 0 3284 
3 2 0 3295 
3 2 0 3291 
3 2 0 3289 
3 2 0 3285 
3 2 0 3288 
3 2 0 3286 
3 2 0 3287 
3 2 0 3290 
3 2 0 3294 
3 2 0 3292 
3 2 0 3293 
3 2 0 3324 
3 2 0 3322 
3 2 0 3304 
3 2 0 3321 
3 2 0 3305 
3 2 0 3320 
3 2 0 3310 
3 2 0 3306 
3 2 0 3309 
3 2 0 3307 
3 2 0 3308 
3 2 0 3319 
3 2 0 3311 
3 2 0 3318 
3 2 0 3312 
3 2 0 3317 
3 2 0 3313 
3 2 0 3316 
3 2 0 3314 
3 2 0 3315 
3 2 0 3323 
1 0 
1 0 
1 0 
1 0 
1 0 
1 0 
2 3 3389 3390 0 
2 3 3388 3391 0 
2 3 3387 3392 0 
1 0 
1 0 
1 0 
1 0 
1 0 
1 0 
2 3 3398 3399 0 
1 0 
2 3 3400 3401 0 
1 0 
1 0 
1 0 
1 0 
1 0 
2 3 3406 3407 0 
2 3 3405 3408 0 
1 0 
1 0 
1 0 
2 3 3411 3412 0 
2 3 3410 3413 0 
2 3 3409 3414 0 
2 3 3404 3415 0 
2 3 3403 3416 0 
2 3 3402 3417 0 
2 3 3397 3418 0 
2 3 3396 3419 0 
2 3 3395 3420 0 
2 3 3394 3421 0 
2 3 3393 3422 0 
2 3 3386 3423 0 
2 3 3385 3424 0 
1 0 
1 0 
1 0 
2 3 3427 3428 0 
1 0 
1 0 
1 0 
1 0 
2 3 3432 3433 0 
2 3 3431 3434 0 
2 3 3430 3435 0 
1 0 
1 0 
1 0 
1 0 
2 3 3439 3440 0 
1 0 
1 0 
1 0 
1 0 
2 3 3444 3445 0 
2 3 3443 3446 0 
2 3 3442 3447 0 
2 3 3441 3448 0 
2 3 3438 3449 0 
1 0 
1 0 
1 0 
2 3 3452 3453 0 
2 3 3451 3454 0 
2 3 3450 3455 0 
2 3 3437 3456 0 
2 3 3436 3457 0 
1 0 
2 3 3458 3459 0 
2 3 3429 3460 0 
2 3 3426 3461 0 
2 3 3425 3462 0 
3 2 0 3463 
3 2 0 3425 
3 2 0 3385 
3 2 0 3424 
3 2 0 3386 
3 2 0 3423 
3 2 0 3393 
3 2 0 3387 
3 2 0 3392 
3 2 0 3388 
3 2 0 3391 
3 2 0 3389 
3 2 0 3390 
3 2 0 3422 
3 2 0 3394 
3 2 0 3421 
3 2 0 3395 
3 2 0 3420 
3 2 0 3396 
3 2 0 3419 
3 2 0 3397 
3 2 0 3418 
3 2 0 3402 
3 2 0 3400 
3 2 0 3398 
3 2 0 3399 
3 2 0 3401 
3 2 0 3417 
3 2 0 3403 
3 2 0 3416 
3 2 0 3404 
3 2 0 3415 
3 2 0 3409 
3 2 0 3405 
3 2 0 3408 
3 2 0 3406 
3 2 0 3407 
3 2 0 3414 
3 2 0 3410 
3 2 0 3413 
3 2 0 3411 
3 2 0 3412 
3 2 0 3462 
3 2 0 3426 
3 2 0 3461 
3 2 0 3429 
3 2 0 3427 
3 2 0 3428 
3 2 0 3460 
3 2 0 3458 
3 2 0 3436 
3 2 0 3430 
3 2 0 3435 
3 2 0 3431 
3 2 0 3434 
3 2 0 3432 
3 2 0 3433 
3 2 0 3457 
3 2 0 3437 
3 2 0 3456 
3 2 0 3450 
3 2 0 3438 
3 2 0 3449 
3 2 0 3441 
3 2 0 3439 
3 2 0 3440 
3 2 0 3448 
3 2 0 3442 
3 2 0 3447 
3 2 0 3443 
3 2 0 3446 
3 2 0 3444 
3 2 0 3445 
3 2 0 3455 
3 2 0 3451 
3 2 0 3454 
3 2 0 3452 
3 2 0 3453 
3 2 0 3459 
1 0 
1 0 
1 0 
2 3 3544 3545 0 
1 0 
1 0 
1 0 
1 0 
1 0 
1 0 
2 3 3551 3552 0 
2 3 3550 3553 0 
2 3 3549 3554 0 
2 3 3548 3555 0 
2 3 3547 3556 0 
1 0 
1 0 
1 0 
1 0 
2 3 3560 3561 0 
2 3 3559 3562 0 
2 3 3558 3563 0 
2 3 3557 3564 0 
2 3 3546 3565 0 
2 3 3543 3566 0 
1 0 
2 3 3567 3568 0 
1 0 
2 3 3569 3570 0 
1 0 
1 0 
1 0 
2 3 3573 3574 0 
1 0 
1 0 
2 3 3576 3577 0 
1 0 
2 3 3578 3579 0 
1 0 
2 3 3580 3581 0 
2 3 3575 3582 0 
2 3 3572 3583 0 
2 3 3571 3584 0 
1 0 
2 3 3585 3586 0 
3 2 0 3587 
3 2 0 3585 
3 2 0 3571 
3 2 0 3569 
3 2 0 3567 
3 2 0 3543 
3 2 0 3566 
3 2 0 3546 
3 2 0 3544 
3 2 0 3545 
3 2 0 3565 
3 2 0 3557 
3 2 0 3547 
3 2 0 3556 
3 2 0 3548 
3 2 0 3555 
3 2 0 3549 
3 2 0 3554 
3 2 0 3550 
3 2 0 3553 
3 2 0 3551 
3 2 0 3552 
3 2 0 3564 
3 2 0 3558 
3 2 0 3563 
3 2 0 3559 
3 2 0 3562 
3 2 0 3560 
3 2 0 3561 
3 2 0 3568 
3 2 0 3570 
3 2 0 3584 
3 2 0 3572 
3 2 0 3583 
3 2 0 3575 
3 2 0 3573 
3 2 0 3574 
3 2 0 3582 
3 2 0 3580 
3 2 0 3578 
3 2 0 3576 
3 2 0 3577 
3 2 0 3579 
3 2 0 3581 
3 2 0 3586 
1 0 
1 0 
2 3 3633 3634 0 
1 0 
1 0 
2 3 3636 3637 0 
1 0 
1 0 
1 0 
2 3 3640 3641 0 
1 0 
2 3 3642 3643 0 
2 3 3639 3644 0 
2 3 3638 3645 0 
2 3 3635 3646 0 
3 2 0 3647 
3 2 0 3635 
3 2 0 3633 
3 2 0 3634 
3 2 0 3646 
3 2 0 3638 
3 2 0 3636 
3 2 0 3637 
3 2 0 3645 
3 2 0 3639 
3 2 0 3644 
3 2 0 3642 
3 2 0 3640 
3 2 0 3641 
3 2 0 3643 
1 0 
1 0 
1 0 
2 3 3664 3665 0 
2 3 3663 3666 0 
1 0 
1 0 
2 3 3668 3669 0 
1 0 
2 3 3670 3671 0 
1 0 
1 0 
1 0 
1 0 
1 0 
2 3 3676 3677 0 
1 0 
1 0 
1 0 
2 3 3680 3681 0 
1 0 
1 0 
1 0 
1 0 
1 0 
1 0 
1 0 
1 0 
2 3 3689 3690 0 
1 0 
1 0 
1 0 
2 3 3693 3694 0 
2 3 3692 3695 0 
1 0 
1 0 
2 3 3697 3698 0 
2 3 3696 3699 0 
2 3 3691 3700 0 
1 0 
1 0 
1 0 
2 3 3703 3704 0 
2 3 3702 3705 0 
2 3 3701 3706 0 
2 3 3688 3707 0 
2 3 3687 3708 0 
2 3 3686 3709 0 
2 3 3685 3710 0 
2 3 3684 3711 0 
2 3 3683 3712 0 
2 3 3682 3713 0 
2 3 3679 3714 0 
2 3 3678 3715 0 
2 3 3675 3716 0 
2 3 3674 3717 0 
2 3 3673 3718 0 
2 3 3672 3719 0 
2 3 3667 3720 0 
1 0 
1 0 
1 0 
1 0 
2 3 3724 3725 0 
2 3 3723 3726 0 
2 3 3722 3727 0 
2 3 3721 3728 0 
3 2 0 3729 
3 2 0 3721 
3 2 0 3667 
3 2 0 3663 
3 2 0 3666 
3 2 0 3664 
3 2 0 3665 
3 2 0 3720 
3 2 0 3672 
3 2 0 3670 
3 2 0 3668 
3 2 0 3669 
3 2 0 3671 
3 2 0 3719 
3 2 0 3673 
3 2 0 3718 
3 2 0 3674 
3 2 0 3717 
3 2 0 3675 
3 2 0 3716 
3 2 0 3678 
3 2 0 3676 
3 2 0 3677 
3 2 0 3715 
3 2 0 3679 
3 2 0 3714 
3 2 0 3682 
3 2 0 3680 
3 2 0 3681 
3 2 0 3713 
3 2 0 3683 
3 2 0 3712 
3 2 0 3684 
3 2 0 3711 
3 2 0 3685 
3 2 0 3710 
3 2 0 3686 
3 2 0 3709 
3 2 0 3687 
3 2 0 3708 
3 2 0 3688 
3 2 0 3707 
3 2 0 3701 
3 2 0 3691 
3 2 0 3689 
3 2 0 3690 
3 2 0 3700 
3 2 0 3696 
3 2 0 3692 
3 2 0 3695 
3 2 0 3693 
3 2 0 3694 
3 2 0 3699 
3 2 0 3697 
3 2 0 3698 
3 2 0 3706 
3 2 0 3702 
3 2 0 3705 
3 2 0 3703 
3 2 0 3704 
3 2 0 3728 
3 2 0 3722 
3 2 0 3727 
3 2 0 3723 
3 2 0 3726 
3 2 0 3724 
3 2 0 3725 
1 0 
1 0 
2 3 3797 3798 0 
1 0 
1 0 
1 0 
2 3 3801 3802 0 
2 3 3800 3803 0 
2 3 3799 3804 0 
1 0 
1 0 
1 0 
2 3 3807 3808 0 
2 3 3806 3809 0 
1 0 
1 0 
1 0 
1 0 
1 0 
1 0 
1 0 
1 0 
1 0 
2 3 3818 3819 0 
1 0 
1 0 
1 0 
2 3 3822 3823 0 
2 3 3821 3824 0 
2 3 3820 3825 0 
2 3 3817 3826 0 
2 3 3816 3827 0 
2 3 3815 3828 0 
2 3 3814 3829 0 
2 3 3813 3830 0 
2 3 3812 3831 0 
2 3 3811 3832 0 
2 3 3810 3833 0 
1 0 
2 3 3834 3835 0 
2 3 3805 3836 0 
3 2 0 3837 
3 2 0 3805 
3 2 0 3799 
3 2 0 3797 
3 2 0 3798 
3 2 0 3804 
3 2 0 3800 
3 2 0 3803 
3 2 0 3801 
3 2 0 3802 
3 2 0 3836 
3 2 0 3834 
3 2 0 3810 
3 2 0 3806 
3 2 0 3809 
3 2 0 3807 
3 2 0 3808 
3 2 0 3833 
3 2 0 3811 
3 2 0 3832 
3 2 0 3812 
3 2 0 3831 
3 2 0 3813 
3 2 0 3830 
3 2 0 3814 
3 2 0 3829 
3 2 0 3815 
3 2 0 3828 
3 2 0 3816 
3 2 0 3827 
3 2 0 3817 
3 2 0 3826 
3 2 0 3820 
3 2 0 3818 
3 2 0 3819 
3 2 0 3825 
3 2 0 3821 
3 2 0 3824 
3 2 0 3822 
3 2 0 3823 
3 2 0 3835 
1 0 
1 0 
2 3 3879 3880 0 
1 0 
1 0 
1 0 
2 3 3883 3884 0 
1 0 
2 3 3885 3886 0 
2 3 3882 3887 0 
1 0 
2 3 3888 3889 0 
1 0 
1 0 
1 0 
1 0 
2 3 3893 3894 0 
2 3 3892 3895 0 
1 0 
2 3 3896 3897 0 
1 0 
1 0 
1 0 
1 0 
2 3 3901 3902 0 
1 0 
1 0 
1 0 
2 3 3905 3906 0 
1 0 
1 0 
1 0 
2 3 3909 3910 0 
1 0 
2 3 3911 3912 0 
2 3 3908 3913 0 
2 3 3907 3914 0 
2 3 3904 3915 0 
2 3 3903 3916 0 
2 3 3900 3917 0 
2 3 3899 3918 0 
1 0 
1 0 
1 0 
1 0 
1 0 
1 0 
2 3 3924 3925 0 
1 0 
1 0 
1 0 
2 3 3928 3929 0 
2 3 3927 3930 0 
2 3 3926 3931 0 
2 3 3923 3932 0 
1 0 
1 0 
1 0 
1 0 
2 3 3936 3937 0 
2 3 3935 3938 0 
1 0 
1 0 
1 0 
1 0 
2 3 3942 3943 0 
2 3 3941 3944 0 
2 3 3940 3945 0 
2 3 3939 3946 0 
2 3 3934 3947 0 
2 3 3933 3948 0 
2 3 3922 3949 0 
2 3 3921 3950 0 
2 3 3920 3951 0 
2 3 3919 3952 0 
2 3 3898 3953 0 
2 3 3891 3954 0 
2 3 3890 3955 0 
1 0 
2 3 3956 3957 0 
2 3 3881 3958 0 
3 2 0 3959 
3 2 0 3881 
3 2 0 3879 
3 2 0 3880 
3 2 0 3958 
3 2 0 3956 
3 2 0 3890 
3 2 0 3888 
3 2 0 3882 
3 2 0 3887 
3 2 0 3885 
3 2 0 3883 
3 2 0 3884 
3 2 0 3886 
3 2 0 3889 
3 2 0 3955 
3 2 0 3891 
3 2 0 3954 
3 2 0 3898 
3 2 0 3896 
3 2 0 3892 
3 2 0 3895 
3 2 0 3893 
3 2 0 3894 
3 2 0 3897 
3 2 0 3953 
3 2 0 3919 
3 2 0 3899 
3 2 0 3918 
3 2 0 3900 
3 2 0 3917 
3 2 0 3903 
3 2 0 3901 
3 2 0 3902 
3 2 0 3916 
3 2 0 3904 
3 2 0 3915 
3 2 0 3907 
3 2 0 3905 
3 2 0 3906 
3 2 0 3914 
3 2 0 3908 
3 2 0 3913 
3 2 0 3911 
3 2 0 3909 
3 2 0 3910 
3 2 0 3912 
3 2 0 3952 
3 2 0 3920 
3 2 0 3951 
3 2 0 3921 
3 2 0 3950 
3 2 0 3922 
3 2 0 3949 
3 2 0 3933 
3 2 0 3923 
3 2 0 3932 
3 2 0 3926 
3 2 0 3924 
3 2 0 3925 
3 2 0 3931 
3 2 0 3927 
3 2 0 3930 
3 2 0 3928 
3 2 0 3929 
3 2 0 3948 
3 2 0 3934 
3 2 0 3947 
3 2 0 3939 
3 2 0 3935 
3 2 0 3938 
3 2 0 3936 
3 2 0 3937 
3 2 0 3946 
3 2 0 3940 
3 2 0 3945 
3 2 0 3941 
3 2 0 3944 
3 2 0 3942 
3 2 0 3943 
3 2 0 3957 
1 0 
1 0 
1 0 
2 3 4042 4043 0 
2 3 4041 4044 0 
1 0 
1 0 
1 0 
2 3 4047 4048 0 
1 0 
1 0 
2 3 4050 4051 0 
2 3 4049 4052 0 
1 0 
1 0 
1 0 
2 3 4055 4056 0 
2 3 4054 4057 0 
1 0 
1 0 
2 3 4059 4060 0 
1 0 
1 0 
1 0 
2 3 4063 4064 0 
2 3 4062 4065 0 
1 0 
1 0 
2 3 4067 4068 0 
1 0 
1 0 
1 0 
2 3 4071 4072 0 
2 3 4070 4073 0 
2 3 4069 4074 0 
2 3 4066 4075 0 
2 3 4061 4076 0 
2 3 4058 4077 0 
2 3 4053 4078 0 
2 3 4046 4079 0 
1 0 
2 3 4080 4081 0 
2 3 4045 4082 0 
3 2 0 4083 
3 2 0 4045 
3 2 0 4041 
3 2 0 4044 
3 2 0 4042 
3 2 0 4043 
3 2 0 4082 
3 2 0 4080 
3 2 0 4046 
3 2 0 4079 
3 2 0 4053 
3 2 0 4049 
3 2 0 4047 
3 2 0 4048 
3 2 0 4052 
3 2 0 4050 
3 2 0 4051 
3 2 0 4078 
3 2 0 4058 
3 2 0 4054 
3 2 0 4057 
3 2 0 4055 
3 2 0 4056 
3 2 0 4077 
3 2 0 4061 
3 2 0 4059 
3 2 0 4060 
3 2 0 4076 
3 2 0 4066 
3 2 0 4062 
3 2 0 4065 
3 2 0 4063 
3 2 0 4064 
3 2 0 4075 
3 2 0 4069 
3 2 0 4067 
3 2 0 4068 
3 2 0 4074 
3 2 0 4070 
3 2 0 4073 
3 2 0 4071 
3 2 0 4072 
3 2 0 4081 
1 0 
1 0 
1 0 
1 0 
1 0 
2 3 4130 4131 0 
2 3 4129 4132 0 
2 3 4128 4133 0 
2 3 4127 4134 0 
1 0 
2 3 4135 4136 0 
3 2 0 4137 
3 2 0 4135 
3 2 0 4127 
3 2 0 4134 
3 2 0 4128 
3 2 0 4133 
3 2 0 4129 
3 2 0 4132 
3 2 0 4130 
3 2 0 4131 
3 2 0 4136 
1 0 
1 0 
1 0 
2 3 4150 4151 0 
2 3 4149 4152 0 
1 0 
2 3 4153 4154 0 
1 0 
1 0 
2 3 4156 4157 0 
1 0 
2 3 4158 4159 0 
1 0 
1 0 
1 0 
1 0 
2 3 4163 4164 0 
2 3 4162 4165 0 
2 3 4161 4166 0 
1 0 
1 0 
1 0 
1 0 
2 3 4170 4171 0 
1 0 
2 3 4172 4173 0 
2 3 4169 4174 0 
2 3 4168 4175 0 
2 3 4167 4176 0 
2 3 4160 4177 0 
2 3 4155 4178 0 
1 0 
2 3 4179 4180 0 
3 2 0 4181 
3 2 0 4179 
3 2 0 4155 
3 2 0 4153 
3 2 0 4149 
3 2 0 4152 
3 2 0 4150 
3 2 0 4151 
3 2 0 4154 
3 2 0 4178 
3 2 0 4160 
3 2 0 4158 
3 2 0 4156 
3 2 0 4157 
3 2 0 4159 
3 2 0 4177 
3 2 0 4167 
3 2 0 4161 
3 2 0 4166 
3 2 0 4162 
3 2 0 4165 
3 2 0 4163 
3 2 0 4164 
3 2 0 4176 
3 2 0 4168 
3 2 0 4175 
3 2 0 4169 
3 2 0 4174 
3 2 0 4172 
3 2 0 4170 
3 2 0 4171 
3 2 0 4173 
3 2 0 4180 
1 0 
1 0 
1 0 
2 3 4216 4217 0 
2 3 4215 4218 0 
1 0 
1 0 
1 0 
2 3 4221 4222 0 
2 3 4220 4223 0 
2 3 4219 4224 0 
1 0 
1 0 
1 0 
1 0 
2 3 4228 4229 0 
1 0 
2 3 4230 4231 0 
1 0 
1 0 
1 0 
1 0 
1 0 
2 3 4236 4237 0 
1 0 
2 3 4238 4239 0 
2 3 4235 4240 0 
1 0 
1 0 
1 0 
1 0 
2 3 4244 4245 0 
2 3 4243 4246 0 
2 3 4242 4247 0 
2 3 4241 4248 0 
2 3 4234 4249 0 
2 3 4233 4250 0 
2 3 4232 4251 0 
2 3 4227 4252 0 
2 3 4226 4253 0 
1 0 
2 3 4254 4255 0 
2 3 4225 4256 0 
3 2 0 4257 
3 2 0 4225 
3 2 0 4219 
3 2 0 4215 
3 2 0 4218 
3 2 0 4216 
3 2 0 4217 
3 2 0 4224 
3 2 0 4220 
3 2 0 4223 
3 2 0 4221 
3 2 0 4222 
3 2 0 4256 
3 2 0 4254 
3 2 0 4226 
3 2 0 4253 
3 2 0 4227 
3 2 0 4252 
3 2 0 4232 
3 2 0 4230 
3 2 0 4228 
3 2 0 4229 
3 2 0 4231 
3 2 0 4251 
3 2 0 4233 
3 2 0 4250 
3 2 0 4234 
3 2 0 4249 
3 2 0 4241 
3 2 0 4235 
3 2 0 4240 
3 2 0 4238 
3 2 0 4236 
3 2 0 4237 
3 2 0 4239 
3 2 0 4248 
3 2 0 4242 
3 2 0 4247 
3 2 0 4243 
3 2 0 4246 
3 2 0 4244 
3 2 0 4245 
3 2 0 4255 
1 0 
1 0 
1 0 
1 0 
2 3 4303 4304 0 
1 0 
1 0 
1 0 
2 3 4307 4308 0 
2 3 4306 4309 0 
2 3 4305 4310 0 
2 3 4302 4311 0 
2 3 4301 4312 0 
1 0 
1 0 
1 0 
1 0 
1 0 
1 0 
2 3 4318 4319 0 
1 0 
2 3 4320 4321 0 
1 0 
1 0 
2 3 4323 4324 0 
2 3 4322 4325 0 
1 0 
2 3 4326 4327 0 
2 3 4317 4328 0 
2 3 4316 4329 0 
2 3 4315 4330 0 
1 0 
1 0 
1 0 
1 0 
2 3 4334 4335 0 
1 0 
2 3 4336 4337 0 
2 3 4333 4338 0 
2 3 4332 4339 0 
1 0 
2 3 4340 4341 0 
2 3 4331 4342 0 
2 3 4314 4343 0 
2 3 4313 4344 0 
3 2 0 4345 
3 2 0 4313 
3 2 0 4301 
3 2 0 4312 
3 2 0 4302 
3 2 0 4311 
3 2 0 4305 
3 2 0 4303 
3 2 0 4304 
3 2 0 4310 
3 2 0 4306 
3 2 0 4309 
3 2 0 4307 
3 2 0 4308 
3 2 0 4344 
3 2 0 4314 
3 2 0 4343 
3 2 0 4331 
3 2 0 4315 
3 2 0 4330 
3 2 0 4316 
3 2 0 4329 
3 2 0 4317 
3 2 0 4328 
3 2 0 4326 
3 2 0 4322 
3 2 0 4320 
3 2 0 4318 
3 2 0 4319 
3 2 0 4321 
3 2 0 4325 
3 2 0 4323 
3 2 0 4324 
3 2 0 4327 
3 2 0 4342 
3 2 0 4340 
3 2 0 4332 
3 2 0 4339 
3 2 0 4333 
3 2 0 4338 
3 2 0 4336 
3 2 0 4334 
3 2 0 4335 
3 2 0 4337 
3 2 0 4341 
1 0 
1 0 
1 0 
1 0 
1 0 
2 3 4394 4395 0 
2 3 4393 4396 0 
1 0 
1 0 
1 0 
1 0 
1 0 
2 3 4401 4402 0 
2 3 4400 4403 0 
1 0 
1 0 
1 0 
1 0 
1 0 
2 3 4408 4409 0 
2 3 4407 4410 0 
2 3 4406 4411 0 
2 3 4405 4412 0 
2 3 4404 4413 0 
2 3 4399 4414 0 
2 3 4398 4415 0 
2 3 4397 4416 0 
2 3 4392 4417 0 
1 0 
2 3 4418 4419 0 
2 3 4391 4420 0 
3 2 0 4421 
3 2 0 4391 
3 2 0 4420 
3 2 0 4418 
3 2 0 4392 
3 2 0 4417 
3 2 0 4397 
3 2 0 4393 
3 2 0 4396 
3 2 0 4394 
3 2 0 4395 
3 2 0 4416 
3 2 0 4398 
3 2 0 4415 
3 2 0 4399 
3 2 0 4414 
3 2 0 4404 
3 2 0 4400 
3 2 0 4403 
3 2 0 4401 
3 2 0 4402 
3 2 0 4413 
3 2 0 4405 
3 2 0 4412 
3 2 0 4406 
3 2 0 4411 
3 2 0 4407 
3 2 0 4410 
3 2 0 4408 
3 2 0 4409 
3 2 0 4419 
1 0 
1 0 
1 0 
1 0 
1 0 
2 3 4456 4457 0 
2 3 4455 4458 0 
2 3 4454 4459 0 
1 0 
2 3 4460 4461 0 
2 3 4453 4462 0 
1 0 
2 3 4463 4464 0 
3 2 0 4465 
3 2 0 4463 
3 2 0 4453 
3 2 0 4462 
3 2 0 4460 
3 2 0 4454 
3 2 0 4459 
3 2 0 4455 
3 2 0 4458 
3 2 0 4456 
3 2 0 4457 
3 2 0 4461 
3 2 0 4464 
1 0 
1 0 
1 0 
2 3 4480 4481 0 
1 0 
1 0 
2 3 4483 4484 0 
1 0 
1 0 
1 0 
2 3 4487 4488 0 
1 0 
1 0 
1 0 
1 0 
2 3 4492 4493 0 
2 3 4491 4494 0 
2 3 4490 4495 0 
1 0 
1 0 
1 0 
1 0 
2 3 4499 4500 0 
2 3 4498 4501 0 
1 0 
1 0 
1 0 
2 3 4504 4505 0 
1 0 
1 0 
1 0 
2 3 4508 4509 0 
2 3 4507 4510 0 
2 3 4506 4511 0 
2 3 4503 4512 0 
2 3 4502 4513 0 
2 3 4497 4514 0 
2 3 4496 4515 0 
2 3 4489 4516 0 
2 3 4486 4517 0 
2 3 4485 4518 0 
2 3 4482 4519 0 
1 0 
2 3 4520 4521 0 
2 3 4479 4522 0 
3 2 0 4523 
3 2 0 4479 
3 2 0 4522 
3 2 0 4520 
3 2 0 4482 
3 2 0 4480 
3 2 0 4481 
3 2 0 4519 
3 2 0 4485 
3 2 0 4483 
3 2 0 4484 
3 2 0 4518 
3 2 0 4486 
3 2 0 4517 
3 2 0 4489 
3 2 0 4487 
3 2 0 4488 
3 2 0 4516 
3 2 0 4496 
3 2 0 4490 
3 2 0 4495 
3 2 0 4491 
3 2 0 4494 
3 2 0 4492 
3 2 0 4493 
3 2 0 4515 
3 2 0 4497 
3 2 0 4514 
3 2 0 4502 
3 2 0 4498 
3 2 0 4501 
3 2 0 4499 
3 2 0 4500 
3 2 0 4513 
3 2 0 4503 
3 2 0 4512 
3 2 0 4506 
3 2 0 4504 
3 2 0 4505 
3 2 0 4511 
3 2 0 4507 
3 2 0 4510 
3 2 0 4508 
3 2 0 4509 
3 2 0 4521 
1 0 
1 0 
1 0 
1 0 
1 0 
2 3 4572 4573 0 
2 3 4571 4574 0 
2 3 4570 4575 0 
2 3 4569 4576 0 
1 0 
1 0 
1 0 
1 0 
1 0 
2 3 4581 4582 0 
2 3 4580 4583 0 
1 0 
2 3 4584 4585 0 
1 0 
2 3 4586 4587 0 
2 3 4579 4588 0 
2 3 4578 4589 0 
2 3 4577 4590 0 
3 2 0 4591 
3 2 0 4577 
3 2 0 4569 
3 2 0 4576 
3 2 0 4570 
3 2 0 4575 
3 2 0 4571 
3 2 0 4574 
3 2 0 4572 
3 2 0 4573 
3 2 0 4590 
3 2 0 4578 
3 2 0 4589 
3 2 0 4579 
3 2 0 4588 
3 2 0 4586 
3 2 0 4584 
3 2 0 4580 
3 2 0 4583 
3 2 0 4581 
3 2 0 4582 
3 2 0 4585 
3 2 0 4587 
1 0 
1 0 
1 0 
1 0 
1 0 
2 3 4618 4619 0 
2 3 4617 4620 0 
2 3 4616 4621 0 
2 3 4615 4622 0 
1 0 
1 0 
1 0 
1 0 
2 3 4626 4627 0 
1 0 
1 0 
1 0 
2 3 4630 4631 0 
2 3 4629 4632 0 
2 3 4628 4633 0 
2 3 4625 4634 0 
2 3 4624 4635 0 
2 3 4623 4636 0 
3 2 0 4637 
3 2 0 4623 
3 2 0 4615 
3 2 0 4622 
3 2 0 4616 
3 2 0 4621 
3 2 0 4617 
3 2 0 4620 
3 2 0 4618 
3 2 0 4619 
3 2 0 4636 
3 2 0 4624 
3 2 0 4635 
3 2 0 4625 
3 2 0 4634 
3 2 0 4628 
3 2 0 4626 
3 2 0 4627 
3 2 0 4633 
3 2 0 4629 
3 2 0 4632 
3 2 0 4630 
3 2 0 4631 
1 0 
1 0 
2 3 4661 4662 0 
1 0 
2 3 4663 4664 0 
1 0 
2 3 4665 4666 0 
1 0 
1 0 
1 0 
2 3 4669 4670 0 
1 0 
1 0 
1 0 
1 0 
1 0 
1 0 
1 0 
2 3 4677 4678 0 
2 3 4676 4679 0 
2 3 4675 4680 0 
2 3 4674 4681 0 
2 3 4673 4682 0 
2 3 4672 4683 0 
2 3 4671 4684 0 
2 3 4668 4685 0 
2 3 4667 4686 0 
1 0 
1 0 
1 0 
1 0 
1 0 
2 3 4691 4692 0 
1 0 
1 0 
1 0 
1 0 
2 3 4696 4697 0 
2 3 4695 4698 0 
2 3 4694 4699 0 
2 3 4693 4700 0 
1 0 
1 0 
1 0 
1 0 
1 0 
2 3 4705 4706 0 
1 0 
2 3 4707 4708 0 
2 3 4704 4709 0 
2 3 4703 4710 0 
2 3 4702 4711 0 
2 3 4701 4712 0 
2 3 4690 4713 0 
1 0 
2 3 4714 4715 0 
2 3 4689 4716 0 
2 3 4688 4717 0 
2 3 4687 4718 0 
3 2 0 4719 
3 2 0 4687 
3 2 0 4667 
3 2 0 4665 
3 2 0 4663 
3 2 0 4661 
3 2 0 4662 
3 2 0 4664 
3 2 0 4666 
3 2 0 4686 
3 2 0 4668 
3 2 0 4685 
3 2 0 4671 
3 2 0 4669 
3 2 0 4670 
3 2 0 4684 
3 2 0 4672 
3 2 0 4683 
3 2 0 4673 
3 2 0 4682 
3 2 0 4674 
3 2 0 4681 
3 2 0 4675 
3 2 0 4680 
3 2 0 4676 
3 2 0 4679 
3 2 0 4677 
3 2 0 4678 
3 2 0 4718 
3 2 0 4688 
3 2 0 4717 
3 2 0 4689 
3 2 0 4716 
3 2 0 4714 
3 2 0 4690 
3 2 0 4713 
3 2 0 4701 
3 2 0 4693 
3 2 0 4691 
3 2 0 4692 
3 2 0 4700 
3 2 0 4694 
3 2 0 4699 
3 2 0 4695 
3 2 0 4698 
3 2 0 4696 
3 2 0 4697 
3 2 0 4712 
3 2 0 4702 
3 2 0 4711 
3 2 0 4703 
3 2 0 4710 
3 2 0 4704 
3 2 0 4709 
3 2 0 4707 
3 2 0 4705 
3 2 0 4706 
3 2 0 4708 
3 2 0 4715 
1 0 
1 0 
2 3 4779 4780 0 
1 0 
1 0 
1 0 
2 3 4783 4784 0 
1 0 
1 0 
2 3 4786 4787 0 
1 0 
1 0 
2 3 4789 4790 0 
2 3 4788 4791 0 
2 3 4785 4792 0 
1 0 
1 0 
1 0 
1 0 
1 0 
1 0 
2 3 4798 4799 0 
2 3 4797 4800 0 
1 0 
1 0 
1 0 
2 3 4803 4804 0 
2 3 4802 4805 0 
2 3 4801 4806 0 
2 3 4796 4807 0 
1 0 
2 3 4808 4809 0 
2 3 4795 4810 0 
2 3 4794 4811 0 
2 3 4793 4812 0 
2 3 4782 4813 0 
2 3 4781 4814 0 
3 2 0 4815 
3 2 0 4781 
3 2 0 4779 
3 2 0 4780 
3 2 0 4814 
3 2 0 4782 
3 2 0 4813 
3 2 0 4793 
3 2 0 4785 
3 2 0 4783 
3 2 0 4784 
3 2 0 4792 
3 2 0 4788 
3 2 0 4786 
3 2 0 4787 
3 2 0 4791 
3 2 0 4789 
3 2 0 4790 
3 2 0 4812 
3 2 0 4794 
3 2 0 4811 
3 2 0 4795 
3 2 0 4810 
3 2 0 4808 
3 2 0 4796 
3 2 0 4807 
3 2 0 4801 
3 2 0 4797 
3 2 0 4800 
3 2 0 4798 
3 2 0 4799 
3 2 0 4806 
3 2 0 4802 
3 2 0 4805 
3 2 0 4803 
3 2 0 4804 
3 2 0 4809 
48 2426 58 59 60 61 62 63 64 65 66 67 68 69 70 71 72 73 74 75 76 77 78 79 80 81 82 83 84 85 86 87 88 89 90 91 92 93 94 95 96 97 98 99 100 101 102 103 104 105 106 107 108 109 110 111 112 113 114 154 155 156 157 158 159 160 161 162 163 164 165 166 167 168 169 170 171 172 173 174 175 176 177 178 179 180 181 182 183 184 185 186 187 188 189 190 191 192 202 203 204 205 206 207 208 209 210 252 253 254 255 256 257 258 259 260 261 262 263 264 265 266 267 268 269 270 271 272 273 274 275 276 277 278 279 280 281 282 283 284 285 286 287 288 289 290 291 292 304 305 306 307 308 309 310 311 312 313 314 380 381 382 383 384 385 386 387 388 389 390 391 392 393 394 395 396 397 398 399 400 401 402 403 404 405 406 407 408 409 410 411 412 413 414 415 416 417 418 419 420 421 422 423 424 425 426 427 428 429 430 431 432 433 434 435 436 437 438 439 440 441 442 443 444 458 459 460 461 462 463 464 465 466 467 468 469 470 496 497 498 499 500 501 502 503 504 505 506 507 508 509 510 511 512 513 514 515 516 517 518 519 520 568 569 570 571 572 573 574 575 576 577 578 579 580 581 582 583 584 585 586 587 588 589 590 591 592 593 594 595 596 597 598 599 600 601 602 603 604 605 606 607 608 609 610 611 612 613 614 656 657 658 659 660 661 662 663 664 665 666 667 668 669 670 671 672 673 674 675 676 677 678 679 680 681 682 683 684 685 686 687 688 689 690 691 692 693 694 695 696 742 743 744 745 746 747 748 749 750 751 752 753 754 755 756 757 758 759 760 761 762 763 764 765 766 767 768 769 770 771 772 773 774 775 776 777 778 779 780 781 782 783 784 785 786 800 801 802 803 804 805 806 807 808 809 810 811 812 836 837 838 839 840 841 842 843 844 845 846 847 848 849 850 851 852 853 854 855 856 857 858 904 905 906 907 908 909 910 911 912 913 914 915 916 917 918 919 920 921 922 923 924 925 926 927 928 929 930 931 932 933 934 935 936 937 938 939 940 941 942 943 944 945 946 947 948 984 985 986 987 988 989 990 991 992 993 994 995 996 997 998 999 1000 1001 1002 1003 1004 1005 1006 1007 1008 1009 1010 1011 1012 1013 1014 1015 1016 1017 1018 1052 1053 1054 1055 1056 1057 1058 1059 1060 1061 1062 1063 1064 1065 1066 1067 1068 1069 1070 1071 1072 1073 1074 1075 1076 1077 1078 1079 1080 1081 1082 1083 1084 1098 1099 1100 1101 1102 1103 1104 1105 1106 1107 1108 1109 1110 1148 1149 1150 1151 1152 1153 1154 1155 1156 1157 1158 1159 1160 1161 1162 1163 1164 1165 1166 1167 1168 1169 1170 1171 1172 1173 1174 1175 1176 1177 1178 1179 1180 1181 1182 1183 1184 1222 1223 1224 1225 1226 1227 1228 1229 1230 1231 1232 1233 1234 1235 1236 1237 1238 1239 1240 1241 1242 1243 1244 1245 1246 1247 1248 1249 1250 1251 1252 1253 1254 1255 1256 1257 1258 1310 1311 1312 1313 1314 1315 1316 1317 1318 1319 1320 1321 1322 1323 1324 1325 1326 1327 1328 1329 1330 1331 1332 1333 1334 1335 1336 1337 1338 1339 1340 1341 1342 1343 1344 1345 1346 1347 1348 1349 1350 1351 1352 1353 1354 1355 1356 1357 1358 1359 1360 1392 1393 1394 1395 1396 1397 1398 1399 1400 1401 1402 1403 1404 1405 1406 1407 1408 1409 1410 1411 1412 1413 1414 1415 1416 1417 1418 1419 1420 1421 1422 1464 1465 1466 1467 1468 1469 1470 1471 1472 1473 1474 1475 1476 1477 1478 1479 1480 1481 1482 1483 1484 1485 1486 1487 1488 1489 1490 1491 1492 1493 1494 1495 1496 1497 1498 1499 1500 1501 1502 1503 1504 1560 1561 1562 1563 1564 1565 1566 1567 1568 1569 1570 1571 1572 1573 1574 1575 1576 1577 1578 1579 1580 1581 1582 1583 1584 1585 1586 1587 1588 1589 1590 1591 1592 1593 1594 1595 1596 1597 1598 1599 1600 1601 1602 1603 1604 1605 1606 1607 1608 1609 1610 1611 1612 1613 1614 1678 1679 1680 1681 1682 1683 1684 1685 1686 1687 1688 1689 1690 1691 1692 1693 1694 1695 1696 1697 1698 1699 1700 1701 1702 1703 1704 1705 1706 1707 1708 1709 1710 1711 1712 1713 1714 1715 1716 1717 1718 1719 1720 1721 1722 1723 1724 1725 1726 1727 1728 1729 1730 1731 1732 1733 1734 1735 1736 1737 1738 1739 1740 1786 1787 1788 1789 1790 1791 1792 1793 1794 1795 1796 1797 1798 1799 1800 1801 1802 1803 1804 1805 1806 1807 1808 1809 1810 1811 1812 1813 1814 1815 1816 1817 1818 1819 1820 1821 1822 1823 1824 1825 1826 1827 1828 1829 1830 1858 1859 1860 1861 1862 1863 1864 1865 1866 1867 1868 1869 1870 1871 1872 1873 1874 1875 1876 1877 1878 1879 1880 1881 1882 1883 1884 1936 1937 1938 1939 1940 1941 1942 1943 1944 1945 1946 1947 1948 1949 1950 1951 1952 1953 1954 1955 1956 1957 1958 1959 1960 1961 1962 1963 1964 1965 1966 1967 1968 1969 1970 1971 1972 1973 1974 1975 1976 1977 1978 1979 1980 1981 1982 1983 1984 1985 1986 2040 2041 2042 2043 2044 2045 2046 2047 2048 2049 2050 2051 2052 2053 2054 2055 2056 2057 2058 2059 2060 2061 2062 2063 2064 2065 2066 2067 2068 2069 2070 2071 2072 2073 2074 2075 2076 2077 2078 2079 2080 2081 2082 2083 2084 2085 2086 2087 2088 2089 2090 2091 2092 2170 2171 2172 2173 2174 2175 2176 2177 2178 2179 2180 2181 2182 2183 2184 2185 2186 2187 2188 2189 2190 2191 2192 2193 2194 2195 2196 2197 2198 2199 2200 2201 2202 2203 2204 2205 2206 2207 2208 2209 2210 2211 2212 2213 2214 2215 2216 2217 2218 2219 2220 2221 2222 2223 2224 2225 2226 2227 2228 2229 2230 2231 2232 2233 2234 2235 2236 2237 2238 2239 2240 2241 2242 2243 2244 2245 2246 2278 2279 2280 2281 2282 2283 2284 2285 2286 2287 2288 2289 2290 2291 2292 2293 2294 2295 2296 2297 2298 2299 2300 2301 2302 2303 2304 2305 2306 2307 2308 2320 2321 2322 2323 2324 2325 2326 2327 2328 2329 2330 2348 2349 2350 2351 2352 2353 2354 2355 2356 2357 2358 2359 2360 2361 2362 2363 2364 2380 2381 2382 2383 2384 2385 2386 2387 2388 2389 2390 2391 2392 2393 2394 2408 2409 2410 2411 2412 2413 2414 2415 2416 2417 2418 2419 2420 2434 2435 2436 2437 2438 2439 2440 2441 2442 2443 2444 2445 2446 2460 2461 2462 2463 2464 2465 2466 2467 2468 2469 2470 2471 2472 2510 2511 2512 2513 2514 2515 2516 2517 2518 2519 2520 2521 2522 2523 2524 2525 2526 2527 2528 2529 2530 2531 2532 2533 2534 2535 2536 2537 2538 2539 2540 2541 2542 2543 2544 2545 2546 2580 2581 2582 2583 2584 2585 2586 2587 2588 2589 2590 2591 2592 2593 2594 2595 2596 2597 2598 2599 2600 2601 2602 2603 2604 2605 2606 2607 2608 2609 2610 2611 2612 2660 2661 2662 2663 2664 2665 2666 2667 2668 2669 2670 2671 2672 2673 2674 2675 2676 2677 2678 2679 2680 2681 2682 2683 2684 2685 2686 2687 2688 2689 2690 2691 2692 2693 2694 2695 2696 2697 2698 2699 2700 2701 2702 2703 2704 2705 2706 2772 2773 2774 2775 2776 2777 2778 2779 2780 2781 2782 2783 2784 2785 2786 2787 2788 2789 2790 2791 2792 2793 2794 2795 2796 2797 2798 2799 2800 2801 2802 2803 2804 2805 2806 2807 2808 2809 2810 2811 2812 2813 2814 2815 2816 2817 2818 2819 2820 2821 2822 2823 2824 2825 2826 2827 2828 2829 2830 2831 2832 2833 2834 2835 2836 2872 2873 2874 2875 2876 2877 2878 2879 2880 2881 2882 2883 2884 2885 2886 2887 2888 2889 2890 2891 2892 2893 2894 2895 2896 2897 2898 2899 2900 2901 2902 2903 2904 2905 2906 2956 2957 2958 2959 2960 2961 2962 2963 2964 2965 2966 2967 2968 2969 2970 2971 2972 2973 2974 2975 2976 2977 2978 2979 2980 2981 2982 2983 2984 2985 2986 2987 2988 2989 2990 2991 2992 2993 2994 2995 2996 2997 2998 2999 3000 3001 3002 3003 3004 3050 3051 3052 3053 3054 3055 3056 3057 3058 3059 3060 3061 3062 3063 3064 3065 3066 3067 3068 3069 3070 3071 3072 3073 3074 3075 3076 3077 3078 3079 3080 3081 3082 3083 3084 3085 3086 3087 3088 3089 3090 3091 3092 3093 3094 3138 3139 3140 3141 3142 3143 3144 3145 3146 3147 3148 3149 3150 3151 3152 3153 3154 3155 3156 3157 3158 3159 3160 3161 3162 3163 3164 3165 3166 3167 3168 3169 3170 3171 3172 3173 3174 3175 3176 3177 3178 3179 3180 3224 3225 3226 3227 3228 3229 3230 3231 3232 3233 3234 3235 3236 3237 3238 3239 3240 3241 3242 3243 3244 3245 3246 3247 3248 3249 3250 3251 3252 3253 3254 3255 3256 3257 3258 3259 3260 3261 3262 3263 3264 3265 3266 3326 3327 3328 3329 3330 3331 3332 3333 3334 3335 3336 3337 3338 3339 3340 3341 3342 3343 3344 3345 3346 3347 3348 3349 3350 3351 3352 3353 3354 3355 3356 3357 3358 3359 3360 3361 3362 3363 3364 3365 3366 3367 3368 3369 3370 3371 3372 3373 3374 3375 3376 3377 3378 3379 3380 3381 3382 3383 3384 3464 3465 3466 3467 3468 3469 3470 3471 3472 3473 3474 3475 3476 3477 3478 3479 3480 3481 3482 3483 3484 3485 3486 3487 3488 3489 3490 3491 3492 3493 3494 3495 3496 3497 3498 3499 3500 3501 3502 3503 3504 3505 3506 3507 3508 3509 3510 3511 3512 3513 3514 3515 3516 3517 3518 3519 3520 3521 3522 3523 3524 3525 3526 3527 3528 3529 3530 3531 3532 3533 3534 3535 3536 3537 3538 3539 3540 3541 3542 3588 3589 3590 3591 3592 3593 3594 3595 3596 3597 3598 3599 3600 3601 3602 3603 3604 3605 3606 3607 3608 3609 3610 3611 3612 3613 3614 3615 3616 3617 3618 3619 3620 3621 3622 3623 3624 3625 3626 3627 3628 3629 3630 3631 3632 3648 3649 3650 3651 3652 3653 3654 3655 3656 3657 3658 3659 3660 3661 3662 3730 3731 3732 3733 3734 3735 3736 3737 3738 3739 3740 3741 3742 3743 3744 3745 3746 3747 3748 3749 3750 3751 3752 3753 3754 3755 3756 3757 3758 3759 3760 3761 3762 3763 3764 3765 3766 3767 3768 3769 3770 3771 3772 3773 3774 3775 3776 3777 3778 3779 3780 3781 3782 3783 3784 3785 3786 3787 3788 3789 3790 3791 3792 3793 3794 3795 3796 3838 3839 3840 3841 3842 3843 3844 3845 3846 3847 3848 3849 3850 3851 3852 3853 3854 3855 3856 3857 3858 3859 3860 3861 3862 3863 3864 3865 3866 3867 3868 3869 3870 3871 3872 3873 3874 3875 3876 3877 3878 3960 3961 3962 3963 3964 3965 3966 3967 3968 3969 3970 3971 3972 3973 3974 3975 3976 3977 3978 3979 3980 3981 3982 3983 3984 3985 3986 3987 3988 3989 3990 3991 3992 3993 3994 3995 3996 3997 3998 3999 4000 4001 4002 4003 4004 4005 4006 4007 4008 4009 4010 4011 4012 4013 4014 4015 4016 4017 4018 4019 4020 4021 4022 4023 4024 4025 4026 4027 4028 4029 4030 4031 4032 4033 4034 4035 4036 4037 4038 4039 4040 4084 4085 4086 4087 4088 4089 4090 4091 4092 4093 4094 4095 4096 4097 4098 4099 4100 4101 4102 4103 4104 4105 4106 4107 4108 4109 4110 4111 4112 4113 4114 4115 4116 4117 4118 4119 4120 4121 4122 4123 4124 4125 4126 4138 4139 4140 4141 4142 4143 4144 4145 4146 4147 4148 4182 4183 4184 4185 4186 4187 4188 4189 4190 4191 4192 4193 4194 4195 4196 4197 4198 4199 4200 4201 4202 4203 4204 4205 4206 4207 4208 4209 4210 4211 4212 4213 4214 4258 4259 4260 4261 4262 4263 4264 4265 4266 4267 4268 4269 4270 4271 4272 4273 4274 4275 4276 4277 4278 4279 4280 4281 4282 4283 4284 4285 4286 4287 4288 4289 4290 4291 4292 4293 4294 4295 4296 4297 4298 4299 4300 4346 4347 4348 4349 4350 4351 4352 4353 4354 4355 4356 4357 4358 4359 4360 4361 4362 4363 4364 4365 4366 4367 4368 4369 4370 4371 4372 4373 4374 4375 4376 4377 4378 4379 4380 4381 4382 4383 4384 4385 4386 4387 4388 4389 4390 4422 4423 4424 4425 4426 4427 4428 4429 4430 4431 4432 4433 4434 4435 4436 4437 4438 4439 4440 4441 4442 4443 4444 4445 4446 4447 4448 4449 4450 4451 4452 4466 4467 4468 4469 4470 4471 4472 4473 4474 4475 4476 4477 4478 4524 4525 4526 4527 4528 4529 4530 4531 4532 4533 4534 4535 4536 4537 4538 4539 4540 4541 4542 4543 4544 4545 4546 4547 4548 4549 4550 4551 4552 4553 4554 4555 4556 4557 4558 4559 4560 4561 4562 4563 4564 4565 4566 4567 4568 4592 4593 4594 4595 4596 4597 4598 4599 4600 4601 4602 4603 4604 4605 4606 4607 4608 4609 4610 4611 4612 4613 4614 4638 4639 4640 4641 4642 4643 4644 4645 4646 4647 4648 4649 4650 4651 4652 4653 4654 4655 4656 4657 4658 4659 4660 4720 4721 4722 4723 4724 4725 4726 4727 4728 4729 4730 4731 4732 4733 4734 4735 4736 4737 4738 4739 4740 4741 4742 4743 4744 4745 4746 4747 4748 4749 4750 4751 4752 4753 4754 4755 4756 4757 4758 4759 4760 4761 4762 4763 4764 4765 4766 4767 4768 4769 4770 4771 4772 4773 4774 4775 4776 4777 4778 4816 4817 4818 4819 4820 4821 4822 4823 4824 4825 4826 4827 4828 4829 4830 4831 4832 4833 4834 4835 4836 4837 4838 4839 4840 4841 4842 4843 4844 4845 4846 4847 4848 4849 4850 4851 4852 
