4558
0 0 
1 0 
1 0 
2 3 1 2 0 
1 0 
1 0 
1 0 
1 0 
2 3 6 7 0 
1 0 
1 0 
1 0 
1 0 
2 3 11 12 0 
2 3 10 13 0 
2 3 9 14 0 
2 3 8 15 0 
1 0 
2 3 16 17 0 
1 0 
1 0 
1 0 
1 0 
1 0 
1 0 
2 3 23 24 0 
2 3 22 25 0 
2 3 21 26 0 
1 0 
2 3 27 28 0 
1 0 
1 0 
1 0 
2 3 31 32 0 
2 3 30 33 0 
2 3 29 34 0 
2 3 20 35 0 
2 3 19 36 0 
2 3 18 37 0 
2 3 5 38 0 
2 3 4 39 0 
2 3 3 40 0 
1 0 
2 3 41 42 0 
1 0 
2 3 43 44 0 
1 0 
1 0 
1 0 
2 3 47 48 0 
2 3 46 49 0 
1 0 
1 0 
1 0 
2 3 52 53 0 
2 3 51 54 0 
1 0 
1 0 
1 0 
2 3 57 58 0 
1 0 
1 0 
1 0 
2 3 61 62 0 
2 3 60 63 0 
2 3 59 64 0 
2 3 56 65 0 
1 0 
1 0 
2 3 67 68 0 
2 3 66 69 0 
1 0 
2 3 70 71 0 
1 0 
1 0 
1 0 
2 3 74 75 0 
2 3 73 76 0 
2 3 72 77 0 
1 0 
1 0 
1 0 
2 3 80 81 0 
2 3 79 82 0 
2 3 78 83 0 
2 3 55 84 0 
2 3 50 85 0 
2 3 45 86 0 
1 0 
2 3 87 88 0 
3 2 0 89 
3 2 0 87 
3 2 0 45 
3 2 0 43 
3 2 0 41 
3 2 0 3 
3 2 0 1 
3 2 0 2 
3 2 0 40 
3 2 0 4 
3 2 0 39 
3 2 0 5 
3 2 0 38 
3 2 0 18 
3 2 0 16 
3 2 0 8 
3 2 0 6 
3 2 0 7 
3 2 0 15 
3 2 0 9 
3 2 0 14 
3 2 0 10 
3 2 0 13 
3 2 0 11 
3 2 0 12 
3 2 0 17 
3 2 0 37 
3 2 0 19 
3 2 0 36 
3 2 0 20 
3 2 0 35 
3 2 0 29 
3 2 0 27 
3 2 0 21 
3 2 0 26 
3 2 0 22 
3 2 0 25 
3 2 0 23 
3 2 0 24 
3 2 0 28 
3 2 0 34 
3 2 0 30 
3 2 0 33 
3 2 0 31 
3 2 0 32 
3 2 0 42 
3 2 0 44 
3 2 0 86 
3 2 0 50 
3 2 0 46 
3 2 0 49 
3 2 0 47 
3 2 0 48 
3 2 0 85 
3 2 0 55 
3 2 0 51 
3 2 0 54 
3 2 0 52 
3 2 0 53 
3 2 0 84 
3 2 0 78 
3 2 0 72 
3 2 0 70 
3 2 0 66 
3 2 0 56 
3 2 0 65 
3 2 0 59 
3 2 0 57 
3 2 0 58 
3 2 0 64 
3 2 0 60 
3 2 0 63 
3 2 0 61 
3 2 0 62 
3 2 0 69 
3 2 0 67 
3 2 0 68 
3 2 0 71 
3 2 0 77 
3 2 0 73 
3 2 0 76 
3 2 0 74 
3 2 0 75 
3 2 0 83 
3 2 0 79 
3 2 0 82 
3 2 0 80 
3 2 0 81 
3 2 0 88 
1 0 
1 0 
1 0 
2 3 180 181 0 
2 3 179 182 0 
1 0 
1 0 
1 0 
2 3 185 186 0 
2 3 184 187 0 
2 3 183 188 0 
1 0 
1 0 
1 0 
1 0 
1 0 
2 3 193 194 0 
1 0 
2 3 195 196 0 
2 3 192 197 0 
2 3 191 198 0 
2 3 190 199 0 
1 0 
2 3 200 201 0 
2 3 189 202 0 
3 2 0 203 
3 2 0 189 
3 2 0 183 
3 2 0 179 
3 2 0 182 
3 2 0 180 
3 2 0 181 
3 2 0 188 
3 2 0 184 
3 2 0 187 
3 2 0 185 
3 2 0 186 
3 2 0 202 
3 2 0 200 
3 2 0 190 
3 2 0 199 
3 2 0 191 
3 2 0 198 
3 2 0 192 
3 2 0 197 
3 2 0 195 
3 2 0 193 
3 2 0 194 
3 2 0 196 
3 2 0 201 
1 0 
1 0 
2 3 229 230 0 
1 0 
1 0 
1 0 
1 0 
1 0 
2 3 235 236 0 
2 3 234 237 0 
2 3 233 238 0 
2 3 232 239 0 
1 0 
2 3 240 241 0 
2 3 231 242 0 
3 2 0 243 
3 2 0 231 
3 2 0 229 
3 2 0 230 
3 2 0 242 
3 2 0 240 
3 2 0 232 
3 2 0 239 
3 2 0 233 
3 2 0 238 
3 2 0 234 
3 2 0 237 
3 2 0 235 
3 2 0 236 
3 2 0 241 
1 0 
1 0 
2 3 259 260 0 
1 0 
2 3 261 262 0 
1 0 
1 0 
2 3 264 265 0 
2 3 263 266 0 
1 0 
1 0 
1 0 
2 3 269 270 0 
2 3 268 271 0 
1 0 
1 0 
2 3 273 274 0 
1 0 
1 0 
1 0 
1 0 
2 3 278 279 0 
2 3 277 280 0 
1 0 
2 3 281 282 0 
1 0 
1 0 
1 0 
2 3 285 286 0 
2 3 284 287 0 
1 0 
1 0 
1 0 
1 0 
2 3 291 292 0 
2 3 290 293 0 
2 3 289 294 0 
2 3 288 295 0 
2 3 283 296 0 
2 3 276 297 0 
2 3 275 298 0 
2 3 272 299 0 
1 0 
2 3 300 301 0 
2 3 267 302 0 
3 2 0 303 
3 2 0 267 
3 2 0 263 
3 2 0 261 
3 2 0 259 
3 2 0 260 
3 2 0 262 
3 2 0 266 
3 2 0 264 
3 2 0 265 
3 2 0 302 
3 2 0 300 
3 2 0 272 
3 2 0 268 
3 2 0 271 
3 2 0 269 
3 2 0 270 
3 2 0 299 
3 2 0 275 
3 2 0 273 
3 2 0 274 
3 2 0 298 
3 2 0 276 
3 2 0 297 
3 2 0 283 
3 2 0 281 
3 2 0 277 
3 2 0 280 
3 2 0 278 
3 2 0 279 
3 2 0 282 
3 2 0 296 
3 2 0 288 
3 2 0 284 
3 2 0 287 
3 2 0 285 
3 2 0 286 
3 2 0 295 
3 2 0 289 
3 2 0 294 
3 2 0 290 
3 2 0 293 
3 2 0 291 
3 2 0 292 
3 2 0 301 
1 0 
1 0 
2 3 349 350 0 
1 0 
1 0 
1 0 
1 0 
2 3 354 355 0 
1 0 
1 0 
1 0 
1 0 
1 0 
1 0 
1 0 
2 3 362 363 0 
2 3 361 364 0 
2 3 360 365 0 
1 0 
2 3 366 367 0 
1 0 
1 0 
1 0 
2 3 370 371 0 
2 3 369 372 0 
2 3 368 373 0 
2 3 359 374 0 
2 3 358 375 0 
2 3 357 376 0 
2 3 356 377 0 
2 3 353 378 0 
2 3 352 379 0 
2 3 351 380 0 
1 0 
2 3 381 382 0 
1 0 
1 0 
1 0 
1 0 
2 3 386 387 0 
2 3 385 388 0 
1 0 
1 0 
1 0 
1 0 
1 0 
1 0 
1 0 
1 0 
1 0 
1 0 
2 3 398 399 0 
2 3 397 400 0 
2 3 396 401 0 
2 3 395 402 0 
2 3 394 403 0 
2 3 393 404 0 
1 0 
1 0 
1 0 
2 3 407 408 0 
2 3 406 409 0 
2 3 405 410 0 
2 3 392 411 0 
2 3 391 412 0 
2 3 390 413 0 
2 3 389 414 0 
2 3 384 415 0 
2 3 383 416 0 
1 0 
2 3 417 418 0 
3 2 0 419 
3 2 0 417 
3 2 0 383 
3 2 0 381 
3 2 0 351 
3 2 0 349 
3 2 0 350 
3 2 0 380 
3 2 0 352 
3 2 0 379 
3 2 0 353 
3 2 0 378 
3 2 0 356 
3 2 0 354 
3 2 0 355 
3 2 0 377 
3 2 0 357 
3 2 0 376 
3 2 0 358 
3 2 0 375 
3 2 0 359 
3 2 0 374 
3 2 0 368 
3 2 0 366 
3 2 0 360 
3 2 0 365 
3 2 0 361 
3 2 0 364 
3 2 0 362 
3 2 0 363 
3 2 0 367 
3 2 0 373 
3 2 0 369 
3 2 0 372 
3 2 0 370 
3 2 0 371 
3 2 0 382 
3 2 0 416 
3 2 0 384 
3 2 0 415 
3 2 0 389 
3 2 0 385 
3 2 0 388 
3 2 0 386 
3 2 0 387 
3 2 0 414 
3 2 0 390 
3 2 0 413 
3 2 0 391 
3 2 0 412 
3 2 0 392 
3 2 0 411 
3 2 0 405 
3 2 0 393 
3 2 0 404 
3 2 0 394 
3 2 0 403 
3 2 0 395 
3 2 0 402 
3 2 0 396 
3 2 0 401 
3 2 0 397 
3 2 0 400 
3 2 0 398 
3 2 0 399 
3 2 0 410 
3 2 0 406 
3 2 0 409 
3 2 0 407 
3 2 0 408 
3 2 0 418 
1 0 
1 0 
1 0 
1 0 
2 3 493 494 0 
1 0 
1 0 
1 0 
1 0 
2 3 498 499 0 
2 3 497 500 0 
2 3 496 501 0 
2 3 495 502 0 
2 3 492 503 0 
1 0 
2 3 504 505 0 
1 0 
2 3 506 507 0 
1 0 
1 0 
1 0 
2 3 510 511 0 
2 3 509 512 0 
1 0 
1 0 
1 0 
1 0 
1 0 
2 3 517 518 0 
1 0 
2 3 519 520 0 
2 3 516 521 0 
2 3 515 522 0 
1 0 
2 3 523 524 0 
2 3 514 525 0 
1 0 
1 0 
1 0 
1 0 
2 3 529 530 0 
1 0 
1 0 
1 0 
1 0 
2 3 534 535 0 
2 3 533 536 0 
2 3 532 537 0 
2 3 531 538 0 
2 3 528 539 0 
2 3 527 540 0 
2 3 526 541 0 
2 3 513 542 0 
2 3 508 543 0 
1 0 
2 3 544 545 0 
2 3 491 546 0 
3 2 0 547 
3 2 0 491 
3 2 0 546 
3 2 0 544 
3 2 0 508 
3 2 0 506 
3 2 0 504 
3 2 0 492 
3 2 0 503 
3 2 0 495 
3 2 0 493 
3 2 0 494 
3 2 0 502 
3 2 0 496 
3 2 0 501 
3 2 0 497 
3 2 0 500 
3 2 0 498 
3 2 0 499 
3 2 0 505 
3 2 0 507 
3 2 0 543 
3 2 0 513 
3 2 0 509 
3 2 0 512 
3 2 0 510 
3 2 0 511 
3 2 0 542 
3 2 0 526 
3 2 0 514 
3 2 0 525 
3 2 0 523 
3 2 0 515 
3 2 0 522 
3 2 0 516 
3 2 0 521 
3 2 0 519 
3 2 0 517 
3 2 0 518 
3 2 0 520 
3 2 0 524 
3 2 0 541 
3 2 0 527 
3 2 0 540 
3 2 0 528 
3 2 0 539 
3 2 0 531 
3 2 0 529 
3 2 0 530 
3 2 0 538 
3 2 0 532 
3 2 0 537 
3 2 0 533 
3 2 0 536 
3 2 0 534 
3 2 0 535 
3 2 0 545 
1 0 
1 0 
2 3 605 606 0 
1 0 
1 0 
1 0 
1 0 
2 3 610 611 0 
2 3 609 612 0 
1 0 
2 3 613 614 0 
1 0 
1 0 
1 0 
2 3 617 618 0 
2 3 616 619 0 
2 3 615 620 0 
1 0 
1 0 
2 3 622 623 0 
2 3 621 624 0 
2 3 608 625 0 
2 3 607 626 0 
3 2 0 627 
3 2 0 607 
3 2 0 605 
3 2 0 606 
3 2 0 626 
3 2 0 608 
3 2 0 625 
3 2 0 621 
3 2 0 615 
3 2 0 613 
3 2 0 609 
3 2 0 612 
3 2 0 610 
3 2 0 611 
3 2 0 614 
3 2 0 620 
3 2 0 616 
3 2 0 619 
3 2 0 617 
3 2 0 618 
3 2 0 624 
3 2 0 622 
3 2 0 623 
1 0 
1 0 
1 0 
1 0 
1 0 
1 0 
1 0 
1 0 
1 0 
2 3 658 659 0 
2 3 657 660 0 
2 3 656 661 0 
2 3 655 662 0 
2 3 654 663 0 
2 3 653 664 0 
2 3 652 665 0 
2 3 651 666 0 
1 0 
1 0 
1 0 
1 0 
2 3 670 671 0 
1 0 
1 0 
1 0 
2 3 674 675 0 
2 3 673 676 0 
2 3 672 677 0 
1 0 
2 3 678 679 0 
2 3 669 680 0 
2 3 668 681 0 
2 3 667 682 0 
3 2 0 683 
3 2 0 667 
3 2 0 651 
3 2 0 666 
3 2 0 652 
3 2 0 665 
3 2 0 653 
3 2 0 664 
3 2 0 654 
3 2 0 663 
3 2 0 655 
3 2 0 662 
3 2 0 656 
3 2 0 661 
3 2 0 657 
3 2 0 660 
3 2 0 658 
3 2 0 659 
3 2 0 682 
3 2 0 668 
3 2 0 681 
3 2 0 669 
3 2 0 680 
3 2 0 678 
3 2 0 672 
3 2 0 670 
3 2 0 671 
3 2 0 677 
3 2 0 673 
3 2 0 676 
3 2 0 674 
3 2 0 675 
3 2 0 679 
1 0 
1 0 
2 3 717 718 0 
1 0 
1 0 
1 0 
2 3 721 722 0 
1 0 
1 0 
2 3 724 725 0 
2 3 723 726 0 
2 3 720 727 0 
1 0 
2 3 728 729 0 
2 3 719 730 0 
3 2 0 731 
3 2 0 719 
3 2 0 717 
3 2 0 718 
3 2 0 730 
3 2 0 728 
3 2 0 720 
3 2 0 727 
3 2 0 723 
3 2 0 721 
3 2 0 722 
3 2 0 726 
3 2 0 724 
3 2 0 725 
3 2 0 729 
1 0 
1 0 
1 0 
1 0 
2 3 749 750 0 
1 0 
1 0 
1 0 
2 3 753 754 0 
1 0 
2 3 755 756 0 
1 0 
1 0 
1 0 
2 3 759 760 0 
2 3 758 761 0 
2 3 757 762 0 
1 0 
2 3 763 764 0 
2 3 752 765 0 
2 3 751 766 0 
1 0 
1 0 
1 0 
2 3 769 770 0 
2 3 768 771 0 
2 3 767 772 0 
2 3 748 773 0 
1 0 
2 3 774 775 0 
2 3 747 776 0 
3 2 0 777 
3 2 0 747 
3 2 0 776 
3 2 0 774 
3 2 0 748 
3 2 0 773 
3 2 0 767 
3 2 0 751 
3 2 0 749 
3 2 0 750 
3 2 0 766 
3 2 0 752 
3 2 0 765 
3 2 0 763 
3 2 0 757 
3 2 0 755 
3 2 0 753 
3 2 0 754 
3 2 0 756 
3 2 0 762 
3 2 0 758 
3 2 0 761 
3 2 0 759 
3 2 0 760 
3 2 0 764 
3 2 0 772 
3 2 0 768 
3 2 0 771 
3 2 0 769 
3 2 0 770 
3 2 0 775 
1 0 
1 0 
2 3 809 810 0 
1 0 
1 0 
1 0 
2 3 813 814 0 
2 3 812 815 0 
2 3 811 816 0 
1 0 
2 3 817 818 0 
1 0 
2 3 819 820 0 
1 0 
1 0 
1 0 
1 0 
1 0 
2 3 825 826 0 
2 3 824 827 0 
2 3 823 828 0 
2 3 822 829 0 
2 3 821 830 0 
1 0 
2 3 831 832 0 
3 2 0 833 
3 2 0 831 
3 2 0 821 
3 2 0 819 
3 2 0 817 
3 2 0 811 
3 2 0 809 
3 2 0 810 
3 2 0 816 
3 2 0 812 
3 2 0 815 
3 2 0 813 
3 2 0 814 
3 2 0 818 
3 2 0 820 
3 2 0 830 
3 2 0 822 
3 2 0 829 
3 2 0 823 
3 2 0 828 
3 2 0 824 
3 2 0 827 
3 2 0 825 
3 2 0 826 
3 2 0 832 
1 0 
1 0 
1 0 
1 0 
1 0 
1 0 
2 3 863 864 0 
2 3 862 865 0 
2 3 861 866 0 
2 3 860 867 0 
2 3 859 868 0 
1 0 
1 0 
2 3 870 871 0 
2 3 869 872 0 
1 0 
1 0 
1 0 
1 0 
2 3 876 877 0 
2 3 875 878 0 
1 0 
2 3 879 880 0 
1 0 
1 0 
2 3 882 883 0 
2 3 881 884 0 
2 3 874 885 0 
2 3 873 886 0 
1 0 
1 0 
1 0 
1 0 
1 0 
2 3 891 892 0 
2 3 890 893 0 
2 3 889 894 0 
1 0 
1 0 
1 0 
2 3 897 898 0 
2 3 896 899 0 
2 3 895 900 0 
2 3 888 901 0 
2 3 887 902 0 
1 0 
2 3 903 904 0 
3 2 0 905 
3 2 0 903 
3 2 0 887 
3 2 0 873 
3 2 0 869 
3 2 0 859 
3 2 0 868 
3 2 0 860 
3 2 0 867 
3 2 0 861 
3 2 0 866 
3 2 0 862 
3 2 0 865 
3 2 0 863 
3 2 0 864 
3 2 0 872 
3 2 0 870 
3 2 0 871 
3 2 0 886 
3 2 0 874 
3 2 0 885 
3 2 0 881 
3 2 0 879 
3 2 0 875 
3 2 0 878 
3 2 0 876 
3 2 0 877 
3 2 0 880 
3 2 0 884 
3 2 0 882 
3 2 0 883 
3 2 0 902 
3 2 0 888 
3 2 0 901 
3 2 0 895 
3 2 0 889 
3 2 0 894 
3 2 0 890 
3 2 0 893 
3 2 0 891 
3 2 0 892 
3 2 0 900 
3 2 0 896 
3 2 0 899 
3 2 0 897 
3 2 0 898 
3 2 0 904 
1 0 
1 0 
2 3 953 954 0 
1 0 
1 0 
1 0 
2 3 957 958 0 
2 3 956 959 0 
1 0 
1 0 
1 0 
2 3 962 963 0 
1 0 
1 0 
2 3 965 966 0 
1 0 
1 0 
1 0 
1 0 
1 0 
1 0 
2 3 972 973 0 
2 3 971 974 0 
2 3 970 975 0 
2 3 969 976 0 
2 3 968 977 0 
2 3 967 978 0 
2 3 964 979 0 
2 3 961 980 0 
1 0 
2 3 981 982 0 
1 0 
2 3 983 984 0 
1 0 
2 3 985 986 0 
1 0 
1 0 
1 0 
1 0 
1 0 
1 0 
2 3 992 993 0 
2 3 991 994 0 
2 3 990 995 0 
2 3 989 996 0 
2 3 988 997 0 
2 3 987 998 0 
2 3 960 999 0 
1 0 
2 3 1000 1001 0 
2 3 955 1002 0 
3 2 0 1003 
3 2 0 955 
3 2 0 953 
3 2 0 954 
3 2 0 1002 
3 2 0 1000 
3 2 0 960 
3 2 0 956 
3 2 0 959 
3 2 0 957 
3 2 0 958 
3 2 0 999 
3 2 0 987 
3 2 0 985 
3 2 0 983 
3 2 0 981 
3 2 0 961 
3 2 0 980 
3 2 0 964 
3 2 0 962 
3 2 0 963 
3 2 0 979 
3 2 0 967 
3 2 0 965 
3 2 0 966 
3 2 0 978 
3 2 0 968 
3 2 0 977 
3 2 0 969 
3 2 0 976 
3 2 0 970 
3 2 0 975 
3 2 0 971 
3 2 0 974 
3 2 0 972 
3 2 0 973 
3 2 0 982 
3 2 0 984 
3 2 0 986 
3 2 0 998 
3 2 0 988 
3 2 0 997 
3 2 0 989 
3 2 0 996 
3 2 0 990 
3 2 0 995 
3 2 0 991 
3 2 0 994 
3 2 0 992 
3 2 0 993 
3 2 0 1001 
1 0 
1 0 
1 0 
1 0 
1 0 
1 0 
2 3 1059 1060 0 
2 3 1058 1061 0 
2 3 1057 1062 0 
2 3 1056 1063 0 
1 0 
2 3 1064 1065 0 
2 3 1055 1066 0 
3 2 0 1067 
3 2 0 1055 
3 2 0 1066 
3 2 0 1064 
3 2 0 1056 
3 2 0 1063 
3 2 0 1057 
3 2 0 1062 
3 2 0 1058 
3 2 0 1061 
3 2 0 1059 
3 2 0 1060 
3 2 0 1065 
1 0 
1 0 
1 0 
1 0 
1 0 
1 0 
2 3 1085 1086 0 
2 3 1084 1087 0 
2 3 1083 1088 0 
2 3 1082 1089 0 
2 3 1081 1090 0 
1 0 
1 0 
2 3 1092 1093 0 
2 3 1091 1094 0 
3 2 0 1095 
3 2 0 1091 
3 2 0 1081 
3 2 0 1090 
3 2 0 1082 
3 2 0 1089 
3 2 0 1083 
3 2 0 1088 
3 2 0 1084 
3 2 0 1087 
3 2 0 1085 
3 2 0 1086 
3 2 0 1094 
3 2 0 1092 
3 2 0 1093 
1 0 
1 0 
1 0 
2 3 1112 1113 0 
2 3 1111 1114 0 
1 0 
1 0 
2 3 1116 1117 0 
2 3 1115 1118 0 
1 0 
1 0 
1 0 
2 3 1121 1122 0 
2 3 1120 1123 0 
2 3 1119 1124 0 
1 0 
1 0 
1 0 
1 0 
2 3 1128 1129 0 
2 3 1127 1130 0 
2 3 1126 1131 0 
1 0 
1 0 
1 0 
1 0 
2 3 1135 1136 0 
2 3 1134 1137 0 
1 0 
1 0 
1 0 
1 0 
1 0 
1 0 
2 3 1143 1144 0 
2 3 1142 1145 0 
1 0 
2 3 1146 1147 0 
2 3 1141 1148 0 
1 0 
1 0 
2 3 1150 1151 0 
2 3 1149 1152 0 
2 3 1140 1153 0 
2 3 1139 1154 0 
2 3 1138 1155 0 
2 3 1133 1156 0 
2 3 1132 1157 0 
1 0 
1 0 
1 0 
1 0 
1 0 
1 0 
1 0 
2 3 1164 1165 0 
2 3 1163 1166 0 
2 3 1162 1167 0 
2 3 1161 1168 0 
1 0 
1 0 
1 0 
2 3 1171 1172 0 
1 0 
1 0 
1 0 
1 0 
2 3 1176 1177 0 
1 0 
2 3 1178 1179 0 
2 3 1175 1180 0 
2 3 1174 1181 0 
2 3 1173 1182 0 
2 3 1170 1183 0 
2 3 1169 1184 0 
2 3 1160 1185 0 
2 3 1159 1186 0 
2 3 1158 1187 0 
1 0 
2 3 1188 1189 0 
2 3 1125 1190 0 
3 2 0 1191 
3 2 0 1125 
3 2 0 1119 
3 2 0 1115 
3 2 0 1111 
3 2 0 1114 
3 2 0 1112 
3 2 0 1113 
3 2 0 1118 
3 2 0 1116 
3 2 0 1117 
3 2 0 1124 
3 2 0 1120 
3 2 0 1123 
3 2 0 1121 
3 2 0 1122 
3 2 0 1190 
3 2 0 1188 
3 2 0 1158 
3 2 0 1132 
3 2 0 1126 
3 2 0 1131 
3 2 0 1127 
3 2 0 1130 
3 2 0 1128 
3 2 0 1129 
3 2 0 1157 
3 2 0 1133 
3 2 0 1156 
3 2 0 1138 
3 2 0 1134 
3 2 0 1137 
3 2 0 1135 
3 2 0 1136 
3 2 0 1155 
3 2 0 1139 
3 2 0 1154 
3 2 0 1140 
3 2 0 1153 
3 2 0 1149 
3 2 0 1141 
3 2 0 1148 
3 2 0 1146 
3 2 0 1142 
3 2 0 1145 
3 2 0 1143 
3 2 0 1144 
3 2 0 1147 
3 2 0 1152 
3 2 0 1150 
3 2 0 1151 
3 2 0 1187 
3 2 0 1159 
3 2 0 1186 
3 2 0 1160 
3 2 0 1185 
3 2 0 1169 
3 2 0 1161 
3 2 0 1168 
3 2 0 1162 
3 2 0 1167 
3 2 0 1163 
3 2 0 1166 
3 2 0 1164 
3 2 0 1165 
3 2 0 1184 
3 2 0 1170 
3 2 0 1183 
3 2 0 1173 
3 2 0 1171 
3 2 0 1172 
3 2 0 1182 
3 2 0 1174 
3 2 0 1181 
3 2 0 1175 
3 2 0 1180 
3 2 0 1178 
3 2 0 1176 
3 2 0 1177 
3 2 0 1179 
3 2 0 1189 
1 0 
1 0 
1 0 
2 3 1274 1275 0 
2 3 1273 1276 0 
1 0 
1 0 
2 3 1278 1279 0 
2 3 1277 1280 0 
1 0 
2 3 1281 1282 0 
1 0 
2 3 1283 1284 0 
1 0 
1 0 
2 3 1286 1287 0 
1 0 
1 0 
1 0 
1 0 
1 0 
2 3 1292 1293 0 
2 3 1291 1294 0 
2 3 1290 1295 0 
2 3 1289 1296 0 
2 3 1288 1297 0 
2 3 1285 1298 0 
1 0 
2 3 1299 1300 0 
3 2 0 1301 
3 2 0 1299 
3 2 0 1285 
3 2 0 1283 
3 2 0 1281 
3 2 0 1277 
3 2 0 1273 
3 2 0 1276 
3 2 0 1274 
3 2 0 1275 
3 2 0 1280 
3 2 0 1278 
3 2 0 1279 
3 2 0 1282 
3 2 0 1284 
3 2 0 1298 
3 2 0 1288 
3 2 0 1286 
3 2 0 1287 
3 2 0 1297 
3 2 0 1289 
3 2 0 1296 
3 2 0 1290 
3 2 0 1295 
3 2 0 1291 
3 2 0 1294 
3 2 0 1292 
3 2 0 1293 
3 2 0 1300 
1 0 
1 0 
1 0 
1 0 
2 3 1333 1334 0 
2 3 1332 1335 0 
2 3 1331 1336 0 
1 0 
1 0 
2 3 1338 1339 0 
2 3 1337 1340 0 
1 0 
1 0 
1 0 
1 0 
2 3 1344 1345 0 
1 0 
1 0 
1 0 
1 0 
1 0 
1 0 
2 3 1351 1352 0 
2 3 1350 1353 0 
1 0 
1 0 
1 0 
2 3 1356 1357 0 
2 3 1355 1358 0 
2 3 1354 1359 0 
2 3 1349 1360 0 
2 3 1348 1361 0 
2 3 1347 1362 0 
2 3 1346 1363 0 
2 3 1343 1364 0 
1 0 
2 3 1365 1366 0 
2 3 1342 1367 0 
2 3 1341 1368 0 
3 2 0 1369 
3 2 0 1341 
3 2 0 1337 
3 2 0 1331 
3 2 0 1336 
3 2 0 1332 
3 2 0 1335 
3 2 0 1333 
3 2 0 1334 
3 2 0 1340 
3 2 0 1338 
3 2 0 1339 
3 2 0 1368 
3 2 0 1342 
3 2 0 1367 
3 2 0 1365 
3 2 0 1343 
3 2 0 1364 
3 2 0 1346 
3 2 0 1344 
3 2 0 1345 
3 2 0 1363 
3 2 0 1347 
3 2 0 1362 
3 2 0 1348 
3 2 0 1361 
3 2 0 1349 
3 2 0 1360 
3 2 0 1354 
3 2 0 1350 
3 2 0 1353 
3 2 0 1351 
3 2 0 1352 
3 2 0 1359 
3 2 0 1355 
3 2 0 1358 
3 2 0 1356 
3 2 0 1357 
3 2 0 1366 
1 0 
1 0 
2 3 1409 1410 0 
1 0 
1 0 
2 3 1412 1413 0 
1 0 
2 3 1414 1415 0 
2 3 1411 1416 0 
3 2 0 1417 
3 2 0 1411 
3 2 0 1409 
3 2 0 1410 
3 2 0 1416 
3 2 0 1414 
3 2 0 1412 
3 2 0 1413 
3 2 0 1415 
1 0 
1 0 
2 3 1427 1428 0 
1 0 
1 0 
2 3 1430 1431 0 
1 0 
2 3 1432 1433 0 
2 3 1429 1434 0 
3 2 0 1435 
3 2 0 1429 
3 2 0 1427 
3 2 0 1428 
3 2 0 1434 
3 2 0 1432 
3 2 0 1430 
3 2 0 1431 
3 2 0 1433 
1 0 
1 0 
2 3 1445 1446 0 
1 0 
1 0 
1 0 
2 3 1449 1450 0 
2 3 1448 1451 0 
2 3 1447 1452 0 
1 0 
2 3 1453 1454 0 
3 2 0 1455 
3 2 0 1453 
3 2 0 1447 
3 2 0 1445 
3 2 0 1446 
3 2 0 1452 
3 2 0 1448 
3 2 0 1451 
3 2 0 1449 
3 2 0 1450 
3 2 0 1454 
1 0 
1 0 
2 3 1467 1468 0 
3 2 0 1469 
3 2 0 1467 
3 2 0 1468 
1 0 
1 0 
1 0 
1 0 
1 0 
2 3 1476 1477 0 
2 3 1475 1478 0 
2 3 1474 1479 0 
2 3 1473 1480 0 
1 0 
1 0 
1 0 
1 0 
1 0 
1 0 
2 3 1486 1487 0 
1 0 
1 0 
1 0 
2 3 1490 1491 0 
2 3 1489 1492 0 
2 3 1488 1493 0 
2 3 1485 1494 0 
2 3 1484 1495 0 
2 3 1483 1496 0 
2 3 1482 1497 0 
2 3 1481 1498 0 
1 0 
1 0 
1 0 
1 0 
1 0 
1 0 
2 3 1504 1505 0 
2 3 1503 1506 0 
2 3 1502 1507 0 
2 3 1501 1508 0 
1 0 
1 0 
1 0 
2 3 1511 1512 0 
1 0 
1 0 
1 0 
2 3 1515 1516 0 
2 3 1514 1517 0 
2 3 1513 1518 0 
2 3 1510 1519 0 
2 3 1509 1520 0 
1 0 
2 3 1521 1522 0 
2 3 1500 1523 0 
2 3 1499 1524 0 
3 2 0 1525 
3 2 0 1499 
3 2 0 1481 
3 2 0 1473 
3 2 0 1480 
3 2 0 1474 
3 2 0 1479 
3 2 0 1475 
3 2 0 1478 
3 2 0 1476 
3 2 0 1477 
3 2 0 1498 
3 2 0 1482 
3 2 0 1497 
3 2 0 1483 
3 2 0 1496 
3 2 0 1484 
3 2 0 1495 
3 2 0 1485 
3 2 0 1494 
3 2 0 1488 
3 2 0 1486 
3 2 0 1487 
3 2 0 1493 
3 2 0 1489 
3 2 0 1492 
3 2 0 1490 
3 2 0 1491 
3 2 0 1524 
3 2 0 1500 
3 2 0 1523 
3 2 0 1521 
3 2 0 1509 
3 2 0 1501 
3 2 0 1508 
3 2 0 1502 
3 2 0 1507 
3 2 0 1503 
3 2 0 1506 
3 2 0 1504 
3 2 0 1505 
3 2 0 1520 
3 2 0 1510 
3 2 0 1519 
3 2 0 1513 
3 2 0 1511 
3 2 0 1512 
3 2 0 1518 
3 2 0 1514 
3 2 0 1517 
3 2 0 1515 
3 2 0 1516 
3 2 0 1522 
1 0 
1 0 
1 0 
2 3 1580 1581 0 
1 0 
2 3 1582 1583 0 
1 0 
1 0 
1 0 
1 0 
2 3 1587 1588 0 
1 0 
1 0 
1 0 
2 3 1591 1592 0 
2 3 1590 1593 0 
2 3 1589 1594 0 
2 3 1586 1595 0 
2 3 1585 1596 0 
1 0 
2 3 1597 1598 0 
1 0 
1 0 
1 0 
2 3 1601 1602 0 
2 3 1600 1603 0 
1 0 
1 0 
2 3 1605 1606 0 
2 3 1604 1607 0 
2 3 1599 1608 0 
2 3 1584 1609 0 
2 3 1579 1610 0 
3 2 0 1611 
3 2 0 1579 
3 2 0 1610 
3 2 0 1584 
3 2 0 1582 
3 2 0 1580 
3 2 0 1581 
3 2 0 1583 
3 2 0 1609 
3 2 0 1599 
3 2 0 1597 
3 2 0 1585 
3 2 0 1596 
3 2 0 1586 
3 2 0 1595 
3 2 0 1589 
3 2 0 1587 
3 2 0 1588 
3 2 0 1594 
3 2 0 1590 
3 2 0 1593 
3 2 0 1591 
3 2 0 1592 
3 2 0 1598 
3 2 0 1608 
3 2 0 1604 
3 2 0 1600 
3 2 0 1603 
3 2 0 1601 
3 2 0 1602 
3 2 0 1607 
3 2 0 1605 
3 2 0 1606 
1 0 
1 0 
2 3 1645 1646 0 
1 0 
2 3 1647 1648 0 
1 0 
1 0 
2 3 1650 1651 0 
1 0 
1 0 
1 0 
1 0 
2 3 1655 1656 0 
2 3 1654 1657 0 
1 0 
1 0 
1 0 
1 0 
1 0 
1 0 
1 0 
1 0 
2 3 1665 1666 0 
2 3 1664 1667 0 
2 3 1663 1668 0 
2 3 1662 1669 0 
2 3 1661 1670 0 
2 3 1660 1671 0 
2 3 1659 1672 0 
2 3 1658 1673 0 
2 3 1653 1674 0 
2 3 1652 1675 0 
2 3 1649 1676 0 
1 0 
2 3 1677 1678 0 
3 2 0 1679 
3 2 0 1677 
3 2 0 1649 
3 2 0 1647 
3 2 0 1645 
3 2 0 1646 
3 2 0 1648 
3 2 0 1676 
3 2 0 1652 
3 2 0 1650 
3 2 0 1651 
3 2 0 1675 
3 2 0 1653 
3 2 0 1674 
3 2 0 1658 
3 2 0 1654 
3 2 0 1657 
3 2 0 1655 
3 2 0 1656 
3 2 0 1673 
3 2 0 1659 
3 2 0 1672 
3 2 0 1660 
3 2 0 1671 
3 2 0 1661 
3 2 0 1670 
3 2 0 1662 
3 2 0 1669 
3 2 0 1663 
3 2 0 1668 
3 2 0 1664 
3 2 0 1667 
3 2 0 1665 
3 2 0 1666 
3 2 0 1678 
1 0 
1 0 
1 0 
1 0 
1 0 
1 0 
1 0 
2 3 1720 1721 0 
1 0 
2 3 1722 1723 0 
1 0 
1 0 
1 0 
1 0 
2 3 1727 1728 0 
2 3 1726 1729 0 
1 0 
1 0 
1 0 
2 3 1732 1733 0 
2 3 1731 1734 0 
2 3 1730 1735 0 
2 3 1725 1736 0 
2 3 1724 1737 0 
2 3 1719 1738 0 
2 3 1718 1739 0 
2 3 1717 1740 0 
2 3 1716 1741 0 
1 0 
2 3 1742 1743 0 
2 3 1715 1744 0 
3 2 0 1745 
3 2 0 1715 
3 2 0 1744 
3 2 0 1742 
3 2 0 1716 
3 2 0 1741 
3 2 0 1717 
3 2 0 1740 
3 2 0 1718 
3 2 0 1739 
3 2 0 1719 
3 2 0 1738 
3 2 0 1724 
3 2 0 1722 
3 2 0 1720 
3 2 0 1721 
3 2 0 1723 
3 2 0 1737 
3 2 0 1725 
3 2 0 1736 
3 2 0 1730 
3 2 0 1726 
3 2 0 1729 
3 2 0 1727 
3 2 0 1728 
3 2 0 1735 
3 2 0 1731 
3 2 0 1734 
3 2 0 1732 
3 2 0 1733 
3 2 0 1743 
1 0 
1 0 
1 0 
1 0 
2 3 1779 1780 0 
1 0 
1 0 
2 3 1782 1783 0 
2 3 1781 1784 0 
2 3 1778 1785 0 
2 3 1777 1786 0 
1 0 
2 3 1787 1788 0 
1 0 
1 0 
2 3 1790 1791 0 
1 0 
1 0 
2 3 1793 1794 0 
2 3 1792 1795 0 
2 3 1789 1796 0 
1 0 
2 3 1797 1798 0 
1 0 
2 3 1799 1800 0 
1 0 
1 0 
2 3 1802 1803 0 
1 0 
1 0 
1 0 
2 3 1806 1807 0 
2 3 1805 1808 0 
2 3 1804 1809 0 
2 3 1801 1810 0 
1 0 
2 3 1811 1812 0 
3 2 0 1813 
3 2 0 1811 
3 2 0 1801 
3 2 0 1799 
3 2 0 1797 
3 2 0 1789 
3 2 0 1787 
3 2 0 1777 
3 2 0 1786 
3 2 0 1778 
3 2 0 1785 
3 2 0 1781 
3 2 0 1779 
3 2 0 1780 
3 2 0 1784 
3 2 0 1782 
3 2 0 1783 
3 2 0 1788 
3 2 0 1796 
3 2 0 1792 
3 2 0 1790 
3 2 0 1791 
3 2 0 1795 
3 2 0 1793 
3 2 0 1794 
3 2 0 1798 
3 2 0 1800 
3 2 0 1810 
3 2 0 1804 
3 2 0 1802 
3 2 0 1803 
3 2 0 1809 
3 2 0 1805 
3 2 0 1808 
3 2 0 1806 
3 2 0 1807 
3 2 0 1812 
1 0 
1 0 
1 0 
2 3 1852 1853 0 
2 3 1851 1854 0 
1 0 
1 0 
1 0 
1 0 
1 0 
1 0 
2 3 1860 1861 0 
1 0 
1 0 
1 0 
2 3 1864 1865 0 
2 3 1863 1866 0 
1 0 
2 3 1867 1868 0 
1 0 
1 0 
2 3 1870 1871 0 
1 0 
1 0 
1 0 
2 3 1874 1875 0 
2 3 1873 1876 0 
1 0 
1 0 
1 0 
1 0 
2 3 1880 1881 0 
1 0 
2 3 1882 1883 0 
2 3 1879 1884 0 
2 3 1878 1885 0 
2 3 1877 1886 0 
2 3 1872 1887 0 
2 3 1869 1888 0 
2 3 1862 1889 0 
2 3 1859 1890 0 
2 3 1858 1891 0 
2 3 1857 1892 0 
2 3 1856 1893 0 
1 0 
2 3 1894 1895 0 
2 3 1855 1896 0 
3 2 0 1897 
3 2 0 1855 
3 2 0 1851 
3 2 0 1854 
3 2 0 1852 
3 2 0 1853 
3 2 0 1896 
3 2 0 1894 
3 2 0 1856 
3 2 0 1893 
3 2 0 1857 
3 2 0 1892 
3 2 0 1858 
3 2 0 1891 
3 2 0 1859 
3 2 0 1890 
3 2 0 1862 
3 2 0 1860 
3 2 0 1861 
3 2 0 1889 
3 2 0 1869 
3 2 0 1867 
3 2 0 1863 
3 2 0 1866 
3 2 0 1864 
3 2 0 1865 
3 2 0 1868 
3 2 0 1888 
3 2 0 1872 
3 2 0 1870 
3 2 0 1871 
3 2 0 1887 
3 2 0 1877 
3 2 0 1873 
3 2 0 1876 
3 2 0 1874 
3 2 0 1875 
3 2 0 1886 
3 2 0 1878 
3 2 0 1885 
3 2 0 1879 
3 2 0 1884 
3 2 0 1882 
3 2 0 1880 
3 2 0 1881 
3 2 0 1883 
3 2 0 1895 
1 0 
1 0 
1 0 
1 0 
1 0 
2 3 1948 1949 0 
2 3 1947 1950 0 
2 3 1946 1951 0 
2 3 1945 1952 0 
1 0 
2 3 1953 1954 0 
1 0 
2 3 1955 1956 0 
1 0 
1 0 
1 0 
1 0 
2 3 1960 1961 0 
2 3 1959 1962 0 
1 0 
1 0 
2 3 1964 1965 0 
2 3 1963 1966 0 
2 3 1958 1967 0 
1 0 
1 0 
1 0 
1 0 
1 0 
1 0 
1 0 
1 0 
2 3 1975 1976 0 
2 3 1974 1977 0 
1 0 
1 0 
1 0 
1 0 
1 0 
1 0 
2 3 1983 1984 0 
1 0 
2 3 1985 1986 0 
2 3 1982 1987 0 
2 3 1981 1988 0 
2 3 1980 1989 0 
2 3 1979 1990 0 
2 3 1978 1991 0 
2 3 1973 1992 0 
2 3 1972 1993 0 
2 3 1971 1994 0 
2 3 1970 1995 0 
2 3 1969 1996 0 
2 3 1968 1997 0 
2 3 1957 1998 0 
1 0 
2 3 1999 2000 0 
3 2 0 2001 
3 2 0 1999 
3 2 0 1957 
3 2 0 1955 
3 2 0 1953 
3 2 0 1945 
3 2 0 1952 
3 2 0 1946 
3 2 0 1951 
3 2 0 1947 
3 2 0 1950 
3 2 0 1948 
3 2 0 1949 
3 2 0 1954 
3 2 0 1956 
3 2 0 1998 
3 2 0 1968 
3 2 0 1958 
3 2 0 1967 
3 2 0 1963 
3 2 0 1959 
3 2 0 1962 
3 2 0 1960 
3 2 0 1961 
3 2 0 1966 
3 2 0 1964 
3 2 0 1965 
3 2 0 1997 
3 2 0 1969 
3 2 0 1996 
3 2 0 1970 
3 2 0 1995 
3 2 0 1971 
3 2 0 1994 
3 2 0 1972 
3 2 0 1993 
3 2 0 1973 
3 2 0 1992 
3 2 0 1978 
3 2 0 1974 
3 2 0 1977 
3 2 0 1975 
3 2 0 1976 
3 2 0 1991 
3 2 0 1979 
3 2 0 1990 
3 2 0 1980 
3 2 0 1989 
3 2 0 1981 
3 2 0 1988 
3 2 0 1982 
3 2 0 1987 
3 2 0 1985 
3 2 0 1983 
3 2 0 1984 
3 2 0 1986 
3 2 0 2000 
1 0 
1 0 
1 0 
1 0 
2 3 2061 2062 0 
2 3 2060 2063 0 
2 3 2059 2064 0 
1 0 
1 0 
1 0 
1 0 
1 0 
1 0 
2 3 2070 2071 0 
2 3 2069 2072 0 
2 3 2068 2073 0 
2 3 2067 2074 0 
2 3 2066 2075 0 
1 0 
1 0 
1 0 
2 3 2078 2079 0 
1 0 
1 0 
2 3 2081 2082 0 
2 3 2080 2083 0 
1 0 
2 3 2084 2085 0 
1 0 
2 3 2086 2087 0 
1 0 
1 0 
2 3 2089 2090 0 
1 0 
1 0 
2 3 2092 2093 0 
2 3 2091 2094 0 
2 3 2088 2095 0 
2 3 2077 2096 0 
2 3 2076 2097 0 
1 0 
2 3 2098 2099 0 
2 3 2065 2100 0 
3 2 0 2101 
3 2 0 2065 
3 2 0 2059 
3 2 0 2064 
3 2 0 2060 
3 2 0 2063 
3 2 0 2061 
3 2 0 2062 
3 2 0 2100 
3 2 0 2098 
3 2 0 2076 
3 2 0 2066 
3 2 0 2075 
3 2 0 2067 
3 2 0 2074 
3 2 0 2068 
3 2 0 2073 
3 2 0 2069 
3 2 0 2072 
3 2 0 2070 
3 2 0 2071 
3 2 0 2097 
3 2 0 2077 
3 2 0 2096 
3 2 0 2088 
3 2 0 2086 
3 2 0 2084 
3 2 0 2080 
3 2 0 2078 
3 2 0 2079 
3 2 0 2083 
3 2 0 2081 
3 2 0 2082 
3 2 0 2085 
3 2 0 2087 
3 2 0 2095 
3 2 0 2091 
3 2 0 2089 
3 2 0 2090 
3 2 0 2094 
3 2 0 2092 
3 2 0 2093 
3 2 0 2099 
1 0 
1 0 
1 0 
1 0 
1 0 
2 3 2148 2149 0 
2 3 2147 2150 0 
2 3 2146 2151 0 
2 3 2145 2152 0 
3 2 0 2153 
3 2 0 2145 
3 2 0 2152 
3 2 0 2146 
3 2 0 2151 
3 2 0 2147 
3 2 0 2150 
3 2 0 2148 
3 2 0 2149 
1 0 
1 0 
1 0 
1 0 
2 3 2165 2166 0 
1 0 
1 0 
2 3 2168 2169 0 
1 0 
1 0 
1 0 
1 0 
2 3 2173 2174 0 
2 3 2172 2175 0 
1 0 
2 3 2176 2177 0 
2 3 2171 2178 0 
2 3 2170 2179 0 
2 3 2167 2180 0 
2 3 2164 2181 0 
2 3 2163 2182 0 
1 0 
1 0 
1 0 
2 3 2185 2186 0 
1 0 
1 0 
1 0 
2 3 2189 2190 0 
2 3 2188 2191 0 
1 0 
1 0 
1 0 
2 3 2194 2195 0 
2 3 2193 2196 0 
2 3 2192 2197 0 
2 3 2187 2198 0 
2 3 2184 2199 0 
1 0 
2 3 2200 2201 0 
2 3 2183 2202 0 
3 2 0 2203 
3 2 0 2183 
3 2 0 2163 
3 2 0 2182 
3 2 0 2164 
3 2 0 2181 
3 2 0 2167 
3 2 0 2165 
3 2 0 2166 
3 2 0 2180 
3 2 0 2170 
3 2 0 2168 
3 2 0 2169 
3 2 0 2179 
3 2 0 2171 
3 2 0 2178 
3 2 0 2176 
3 2 0 2172 
3 2 0 2175 
3 2 0 2173 
3 2 0 2174 
3 2 0 2177 
3 2 0 2202 
3 2 0 2200 
3 2 0 2184 
3 2 0 2199 
3 2 0 2187 
3 2 0 2185 
3 2 0 2186 
3 2 0 2198 
3 2 0 2192 
3 2 0 2188 
3 2 0 2191 
3 2 0 2189 
3 2 0 2190 
3 2 0 2197 
3 2 0 2193 
3 2 0 2196 
3 2 0 2194 
3 2 0 2195 
3 2 0 2201 
1 0 
1 0 
1 0 
1 0 
1 0 
2 3 2248 2249 0 
2 3 2247 2250 0 
1 0 
1 0 
1 0 
1 0 
2 3 2254 2255 0 
1 0 
2 3 2256 2257 0 
2 3 2253 2258 0 
1 0 
2 3 2259 2260 0 
1 0 
1 0 
1 0 
1 0 
2 3 2264 2265 0 
1 0 
2 3 2266 2267 0 
1 0 
1 0 
2 3 2269 2270 0 
2 3 2268 2271 0 
1 0 
2 3 2272 2273 0 
1 0 
1 0 
2 3 2275 2276 0 
2 3 2274 2277 0 
2 3 2263 2278 0 
2 3 2262 2279 0 
2 3 2261 2280 0 
2 3 2252 2281 0 
2 3 2251 2282 0 
2 3 2246 2283 0 
1 0 
2 3 2284 2285 0 
2 3 2245 2286 0 
3 2 0 2287 
3 2 0 2245 
3 2 0 2286 
3 2 0 2284 
3 2 0 2246 
3 2 0 2283 
3 2 0 2251 
3 2 0 2247 
3 2 0 2250 
3 2 0 2248 
3 2 0 2249 
3 2 0 2282 
3 2 0 2252 
3 2 0 2281 
3 2 0 2261 
3 2 0 2259 
3 2 0 2253 
3 2 0 2258 
3 2 0 2256 
3 2 0 2254 
3 2 0 2255 
3 2 0 2257 
3 2 0 2260 
3 2 0 2280 
3 2 0 2262 
3 2 0 2279 
3 2 0 2263 
3 2 0 2278 
3 2 0 2274 
3 2 0 2272 
3 2 0 2268 
3 2 0 2266 
3 2 0 2264 
3 2 0 2265 
3 2 0 2267 
3 2 0 2271 
3 2 0 2269 
3 2 0 2270 
3 2 0 2273 
3 2 0 2277 
3 2 0 2275 
3 2 0 2276 
3 2 0 2285 
1 0 
1 0 
1 0 
2 3 2332 2333 0 
1 0 
1 0 
1 0 
2 3 2336 2337 0 
2 3 2335 2338 0 
1 0 
1 0 
1 0 
1 0 
1 0 
1 0 
1 0 
1 0 
1 0 
2 3 2347 2348 0 
2 3 2346 2349 0 
2 3 2345 2350 0 
2 3 2344 2351 0 
2 3 2343 2352 0 
2 3 2342 2353 0 
2 3 2341 2354 0 
2 3 2340 2355 0 
2 3 2339 2356 0 
2 3 2334 2357 0 
2 3 2331 2358 0 
1 0 
2 3 2359 2360 0 
3 2 0 2361 
3 2 0 2359 
3 2 0 2331 
3 2 0 2358 
3 2 0 2334 
3 2 0 2332 
3 2 0 2333 
3 2 0 2357 
3 2 0 2339 
3 2 0 2335 
3 2 0 2338 
3 2 0 2336 
3 2 0 2337 
3 2 0 2356 
3 2 0 2340 
3 2 0 2355 
3 2 0 2341 
3 2 0 2354 
3 2 0 2342 
3 2 0 2353 
3 2 0 2343 
3 2 0 2352 
3 2 0 2344 
3 2 0 2351 
3 2 0 2345 
3 2 0 2350 
3 2 0 2346 
3 2 0 2349 
3 2 0 2347 
3 2 0 2348 
3 2 0 2360 
1 0 
1 0 
1 0 
1 0 
1 0 
2 3 2396 2397 0 
1 0 
1 0 
1 0 
1 0 
1 0 
2 3 2402 2403 0 
1 0 
2 3 2404 2405 0 
1 0 
1 0 
1 0 
2 3 2408 2409 0 
1 0 
1 0 
1 0 
2 3 2412 2413 0 
1 0 
1 0 
2 3 2415 2416 0 
2 3 2414 2417 0 
2 3 2411 2418 0 
2 3 2410 2419 0 
2 3 2407 2420 0 
2 3 2406 2421 0 
2 3 2401 2422 0 
2 3 2400 2423 0 
2 3 2399 2424 0 
2 3 2398 2425 0 
2 3 2395 2426 0 
1 0 
2 3 2427 2428 0 
2 3 2394 2429 0 
2 3 2393 2430 0 
3 2 0 2431 
3 2 0 2393 
3 2 0 2430 
3 2 0 2394 
3 2 0 2429 
3 2 0 2427 
3 2 0 2395 
3 2 0 2426 
3 2 0 2398 
3 2 0 2396 
3 2 0 2397 
3 2 0 2425 
3 2 0 2399 
3 2 0 2424 
3 2 0 2400 
3 2 0 2423 
3 2 0 2401 
3 2 0 2422 
3 2 0 2406 
3 2 0 2404 
3 2 0 2402 
3 2 0 2403 
3 2 0 2405 
3 2 0 2421 
3 2 0 2407 
3 2 0 2420 
3 2 0 2410 
3 2 0 2408 
3 2 0 2409 
3 2 0 2419 
3 2 0 2411 
3 2 0 2418 
3 2 0 2414 
3 2 0 2412 
3 2 0 2413 
3 2 0 2417 
3 2 0 2415 
3 2 0 2416 
3 2 0 2428 
1 0 
1 0 
1 0 
1 0 
2 3 2473 2474 0 
2 3 2472 2475 0 
1 0 
1 0 
1 0 
2 3 2478 2479 0 
1 0 
1 0 
1 0 
1 0 
1 0 
2 3 2484 2485 0 
2 3 2483 2486 0 
2 3 2482 2487 0 
2 3 2481 2488 0 
2 3 2480 2489 0 
2 3 2477 2490 0 
2 3 2476 2491 0 
2 3 2471 2492 0 
1 0 
1 0 
1 0 
1 0 
2 3 2496 2497 0 
2 3 2495 2498 0 
1 0 
1 0 
1 0 
1 0 
2 3 2502 2503 0 
2 3 2501 2504 0 
2 3 2500 2505 0 
1 0 
2 3 2506 2507 0 
2 3 2499 2508 0 
2 3 2494 2509 0 
2 3 2493 2510 0 
3 2 0 2511 
3 2 0 2493 
3 2 0 2471 
3 2 0 2492 
3 2 0 2476 
3 2 0 2472 
3 2 0 2475 
3 2 0 2473 
3 2 0 2474 
3 2 0 2491 
3 2 0 2477 
3 2 0 2490 
3 2 0 2480 
3 2 0 2478 
3 2 0 2479 
3 2 0 2489 
3 2 0 2481 
3 2 0 2488 
3 2 0 2482 
3 2 0 2487 
3 2 0 2483 
3 2 0 2486 
3 2 0 2484 
3 2 0 2485 
3 2 0 2510 
3 2 0 2494 
3 2 0 2509 
3 2 0 2499 
3 2 0 2495 
3 2 0 2498 
3 2 0 2496 
3 2 0 2497 
3 2 0 2508 
3 2 0 2506 
3 2 0 2500 
3 2 0 2505 
3 2 0 2501 
3 2 0 2504 
3 2 0 2502 
3 2 0 2503 
3 2 0 2507 
1 0 
1 0 
1 0 
1 0 
1 0 
2 3 2556 2557 0 
2 3 2555 2558 0 
2 3 2554 2559 0 
2 3 2553 2560 0 
1 0 
1 0 
1 0 
2 3 2563 2564 0 
2 3 2562 2565 0 
2 3 2561 2566 0 
1 0 
1 0 
2 3 2568 2569 0 
2 3 2567 2570 0 
1 0 
2 3 2571 2572 0 
3 2 0 2573 
3 2 0 2571 
3 2 0 2567 
3 2 0 2561 
3 2 0 2553 
3 2 0 2560 
3 2 0 2554 
3 2 0 2559 
3 2 0 2555 
3 2 0 2558 
3 2 0 2556 
3 2 0 2557 
3 2 0 2566 
3 2 0 2562 
3 2 0 2565 
3 2 0 2563 
3 2 0 2564 
3 2 0 2570 
3 2 0 2568 
3 2 0 2569 
3 2 0 2572 
1 0 
1 0 
1 0 
2 3 2596 2597 0 
2 3 2595 2598 0 
1 0 
1 0 
1 0 
1 0 
2 3 2602 2603 0 
1 0 
2 3 2604 2605 0 
2 3 2601 2606 0 
2 3 2600 2607 0 
1 0 
2 3 2608 2609 0 
2 3 2599 2610 0 
3 2 0 2611 
3 2 0 2599 
3 2 0 2595 
3 2 0 2598 
3 2 0 2596 
3 2 0 2597 
3 2 0 2610 
3 2 0 2608 
3 2 0 2600 
3 2 0 2607 
3 2 0 2601 
3 2 0 2606 
3 2 0 2604 
3 2 0 2602 
3 2 0 2603 
3 2 0 2605 
3 2 0 2609 
1 0 
1 0 
1 0 
2 3 2630 2631 0 
2 3 2629 2632 0 
1 0 
1 0 
1 0 
2 3 2635 2636 0 
1 0 
2 3 2637 2638 0 
1 0 
1 0 
1 0 
1 0 
1 0 
2 3 2643 2644 0 
2 3 2642 2645 0 
2 3 2641 2646 0 
2 3 2640 2647 0 
1 0 
1 0 
1 0 
2 3 2650 2651 0 
1 0 
2 3 2652 2653 0 
1 0 
1 0 
1 0 
1 0 
2 3 2657 2658 0 
1 0 
2 3 2659 2660 0 
1 0 
1 0 
2 3 2662 2663 0 
2 3 2661 2664 0 
2 3 2656 2665 0 
2 3 2655 2666 0 
2 3 2654 2667 0 
2 3 2649 2668 0 
2 3 2648 2669 0 
2 3 2639 2670 0 
2 3 2634 2671 0 
2 3 2633 2672 0 
1 0 
2 3 2673 2674 0 
3 2 0 2675 
3 2 0 2673 
3 2 0 2633 
3 2 0 2629 
3 2 0 2632 
3 2 0 2630 
3 2 0 2631 
3 2 0 2672 
3 2 0 2634 
3 2 0 2671 
3 2 0 2639 
3 2 0 2637 
3 2 0 2635 
3 2 0 2636 
3 2 0 2638 
3 2 0 2670 
3 2 0 2648 
3 2 0 2640 
3 2 0 2647 
3 2 0 2641 
3 2 0 2646 
3 2 0 2642 
3 2 0 2645 
3 2 0 2643 
3 2 0 2644 
3 2 0 2669 
3 2 0 2649 
3 2 0 2668 
3 2 0 2654 
3 2 0 2652 
3 2 0 2650 
3 2 0 2651 
3 2 0 2653 
3 2 0 2667 
3 2 0 2655 
3 2 0 2666 
3 2 0 2656 
3 2 0 2665 
3 2 0 2661 
3 2 0 2659 
3 2 0 2657 
3 2 0 2658 
3 2 0 2660 
3 2 0 2664 
3 2 0 2662 
3 2 0 2663 
3 2 0 2674 
1 0 
1 0 
1 0 
1 0 
2 3 2725 2726 0 
2 3 2724 2727 0 
1 0 
2 3 2728 2729 0 
2 3 2723 2730 0 
1 0 
1 0 
1 0 
2 3 2733 2734 0 
1 0 
1 0 
1 0 
1 0 
2 3 2738 2739 0 
2 3 2737 2740 0 
1 0 
2 3 2741 2742 0 
1 0 
2 3 2743 2744 0 
1 0 
1 0 
1 0 
1 0 
2 3 2748 2749 0 
2 3 2747 2750 0 
2 3 2746 2751 0 
1 0 
1 0 
1 0 
2 3 2754 2755 0 
2 3 2753 2756 0 
2 3 2752 2757 0 
2 3 2745 2758 0 
2 3 2736 2759 0 
2 3 2735 2760 0 
2 3 2732 2761 0 
2 3 2731 2762 0 
1 0 
1 0 
1 0 
1 0 
2 3 2766 2767 0 
2 3 2765 2768 0 
2 3 2764 2769 0 
1 0 
1 0 
1 0 
2 3 2772 2773 0 
2 3 2771 2774 0 
2 3 2770 2775 0 
1 0 
2 3 2776 2777 0 
2 3 2763 2778 0 
3 2 0 2779 
3 2 0 2763 
3 2 0 2731 
3 2 0 2723 
3 2 0 2730 
3 2 0 2728 
3 2 0 2724 
3 2 0 2727 
3 2 0 2725 
3 2 0 2726 
3 2 0 2729 
3 2 0 2762 
3 2 0 2732 
3 2 0 2761 
3 2 0 2735 
3 2 0 2733 
3 2 0 2734 
3 2 0 2760 
3 2 0 2736 
3 2 0 2759 
3 2 0 2745 
3 2 0 2743 
3 2 0 2741 
3 2 0 2737 
3 2 0 2740 
3 2 0 2738 
3 2 0 2739 
3 2 0 2742 
3 2 0 2744 
3 2 0 2758 
3 2 0 2752 
3 2 0 2746 
3 2 0 2751 
3 2 0 2747 
3 2 0 2750 
3 2 0 2748 
3 2 0 2749 
3 2 0 2757 
3 2 0 2753 
3 2 0 2756 
3 2 0 2754 
3 2 0 2755 
3 2 0 2778 
3 2 0 2776 
3 2 0 2770 
3 2 0 2764 
3 2 0 2769 
3 2 0 2765 
3 2 0 2768 
3 2 0 2766 
3 2 0 2767 
3 2 0 2775 
3 2 0 2771 
3 2 0 2774 
3 2 0 2772 
3 2 0 2773 
3 2 0 2777 
1 0 
1 0 
1 0 
2 3 2838 2839 0 
2 3 2837 2840 0 
1 0 
1 0 
1 0 
2 3 2843 2844 0 
1 0 
1 0 
1 0 
1 0 
2 3 2848 2849 0 
2 3 2847 2850 0 
2 3 2846 2851 0 
1 0 
2 3 2852 2853 0 
1 0 
1 0 
1 0 
1 0 
1 0 
1 0 
1 0 
1 0 
2 3 2861 2862 0 
1 0 
2 3 2863 2864 0 
2 3 2860 2865 0 
2 3 2859 2866 0 
2 3 2858 2867 0 
2 3 2857 2868 0 
2 3 2856 2869 0 
2 3 2855 2870 0 
2 3 2854 2871 0 
2 3 2845 2872 0 
2 3 2842 2873 0 
2 3 2841 2874 0 
1 0 
1 0 
2 3 2876 2877 0 
1 0 
1 0 
1 0 
2 3 2880 2881 0 
2 3 2879 2882 0 
2 3 2878 2883 0 
1 0 
2 3 2884 2885 0 
2 3 2875 2886 0 
3 2 0 2887 
3 2 0 2875 
3 2 0 2841 
3 2 0 2837 
3 2 0 2840 
3 2 0 2838 
3 2 0 2839 
3 2 0 2874 
3 2 0 2842 
3 2 0 2873 
3 2 0 2845 
3 2 0 2843 
3 2 0 2844 
3 2 0 2872 
3 2 0 2854 
3 2 0 2852 
3 2 0 2846 
3 2 0 2851 
3 2 0 2847 
3 2 0 2850 
3 2 0 2848 
3 2 0 2849 
3 2 0 2853 
3 2 0 2871 
3 2 0 2855 
3 2 0 2870 
3 2 0 2856 
3 2 0 2869 
3 2 0 2857 
3 2 0 2868 
3 2 0 2858 
3 2 0 2867 
3 2 0 2859 
3 2 0 2866 
3 2 0 2860 
3 2 0 2865 
3 2 0 2863 
3 2 0 2861 
3 2 0 2862 
3 2 0 2864 
3 2 0 2886 
3 2 0 2884 
3 2 0 2878 
3 2 0 2876 
3 2 0 2877 
3 2 0 2883 
3 2 0 2879 
3 2 0 2882 
3 2 0 2880 
3 2 0 2881 
3 2 0 2885 
1 0 
1 0 
1 0 
1 0 
2 3 2941 2942 0 
2 3 2940 2943 0 
2 3 2939 2944 0 
1 0 
2 3 2945 2946 0 
1 0 
1 0 
1 0 
1 0 
2 3 2950 2951 0 
2 3 2949 2952 0 
2 3 2948 2953 0 
1 0 
2 3 2954 2955 0 
1 0 
1 0 
1 0 
1 0 
2 3 2959 2960 0 
2 3 2958 2961 0 
2 3 2957 2962 0 
1 0 
1 0 
1 0 
1 0 
1 0 
1 0 
1 0 
2 3 2969 2970 0 
1 0 
2 3 2971 2972 0 
2 3 2968 2973 0 
2 3 2967 2974 0 
2 3 2966 2975 0 
2 3 2965 2976 0 
2 3 2964 2977 0 
2 3 2963 2978 0 
2 3 2956 2979 0 
2 3 2947 2980 0 
1 0 
2 3 2981 2982 0 
3 2 0 2983 
3 2 0 2981 
3 2 0 2947 
3 2 0 2945 
3 2 0 2939 
3 2 0 2944 
3 2 0 2940 
3 2 0 2943 
3 2 0 2941 
3 2 0 2942 
3 2 0 2946 
3 2 0 2980 
3 2 0 2956 
3 2 0 2954 
3 2 0 2948 
3 2 0 2953 
3 2 0 2949 
3 2 0 2952 
3 2 0 2950 
3 2 0 2951 
3 2 0 2955 
3 2 0 2979 
3 2 0 2963 
3 2 0 2957 
3 2 0 2962 
3 2 0 2958 
3 2 0 2961 
3 2 0 2959 
3 2 0 2960 
3 2 0 2978 
3 2 0 2964 
3 2 0 2977 
3 2 0 2965 
3 2 0 2976 
3 2 0 2966 
3 2 0 2975 
3 2 0 2967 
3 2 0 2974 
3 2 0 2968 
3 2 0 2973 
3 2 0 2971 
3 2 0 2969 
3 2 0 2970 
3 2 0 2972 
3 2 0 2982 
1 0 
1 0 
1 0 
2 3 3030 3031 0 
2 3 3029 3032 0 
1 0 
1 0 
1 0 
1 0 
2 3 3036 3037 0 
2 3 3035 3038 0 
2 3 3034 3039 0 
1 0 
2 3 3040 3041 0 
2 3 3033 3042 0 
3 2 0 3043 
3 2 0 3033 
3 2 0 3029 
3 2 0 3032 
3 2 0 3030 
3 2 0 3031 
3 2 0 3042 
3 2 0 3040 
3 2 0 3034 
3 2 0 3039 
3 2 0 3035 
3 2 0 3038 
3 2 0 3036 
3 2 0 3037 
3 2 0 3041 
1 0 
1 0 
1 0 
1 0 
1 0 
1 0 
1 0 
2 3 3064 3065 0 
2 3 3063 3066 0 
2 3 3062 3067 0 
1 0 
2 3 3068 3069 0 
1 0 
1 0 
1 0 
1 0 
2 3 3073 3074 0 
2 3 3072 3075 0 
2 3 3071 3076 0 
2 3 3070 3077 0 
2 3 3061 3078 0 
2 3 3060 3079 0 
2 3 3059 3080 0 
1 0 
1 0 
1 0 
1 0 
1 0 
2 3 3085 3086 0 
2 3 3084 3087 0 
1 0 
2 3 3088 3089 0 
2 3 3083 3090 0 
2 3 3082 3091 0 
2 3 3081 3092 0 
3 2 0 3093 
3 2 0 3081 
3 2 0 3059 
3 2 0 3080 
3 2 0 3060 
3 2 0 3079 
3 2 0 3061 
3 2 0 3078 
3 2 0 3070 
3 2 0 3068 
3 2 0 3062 
3 2 0 3067 
3 2 0 3063 
3 2 0 3066 
3 2 0 3064 
3 2 0 3065 
3 2 0 3069 
3 2 0 3077 
3 2 0 3071 
3 2 0 3076 
3 2 0 3072 
3 2 0 3075 
3 2 0 3073 
3 2 0 3074 
3 2 0 3092 
3 2 0 3082 
3 2 0 3091 
3 2 0 3083 
3 2 0 3090 
3 2 0 3088 
3 2 0 3084 
3 2 0 3087 
3 2 0 3085 
3 2 0 3086 
3 2 0 3089 
1 0 
1 0 
1 0 
2 3 3130 3131 0 
1 0 
2 3 3132 3133 0 
2 3 3129 3134 0 
1 0 
1 0 
1 0 
1 0 
2 3 3138 3139 0 
2 3 3137 3140 0 
1 0 
1 0 
1 0 
1 0 
1 0 
2 3 3145 3146 0 
1 0 
2 3 3147 3148 0 
2 3 3144 3149 0 
2 3 3143 3150 0 
2 3 3142 3151 0 
1 0 
1 0 
1 0 
2 3 3154 3155 0 
1 0 
1 0 
1 0 
2 3 3158 3159 0 
2 3 3157 3160 0 
2 3 3156 3161 0 
2 3 3153 3162 0 
2 3 3152 3163 0 
2 3 3141 3164 0 
2 3 3136 3165 0 
2 3 3135 3166 0 
1 0 
2 3 3167 3168 0 
1 0 
1 0 
2 3 3170 3171 0 
1 0 
2 3 3172 3173 0 
1 0 
1 0 
1 0 
1 0 
1 0 
1 0 
2 3 3179 3180 0 
2 3 3178 3181 0 
2 3 3177 3182 0 
2 3 3176 3183 0 
2 3 3175 3184 0 
1 0 
2 3 3185 3186 0 
2 3 3174 3187 0 
2 3 3169 3188 0 
1 0 
2 3 3189 3190 0 
3 2 0 3191 
3 2 0 3189 
3 2 0 3169 
3 2 0 3167 
3 2 0 3135 
3 2 0 3129 
3 2 0 3134 
3 2 0 3132 
3 2 0 3130 
3 2 0 3131 
3 2 0 3133 
3 2 0 3166 
3 2 0 3136 
3 2 0 3165 
3 2 0 3141 
3 2 0 3137 
3 2 0 3140 
3 2 0 3138 
3 2 0 3139 
3 2 0 3164 
3 2 0 3152 
3 2 0 3142 
3 2 0 3151 
3 2 0 3143 
3 2 0 3150 
3 2 0 3144 
3 2 0 3149 
3 2 0 3147 
3 2 0 3145 
3 2 0 3146 
3 2 0 3148 
3 2 0 3163 
3 2 0 3153 
3 2 0 3162 
3 2 0 3156 
3 2 0 3154 
3 2 0 3155 
3 2 0 3161 
3 2 0 3157 
3 2 0 3160 
3 2 0 3158 
3 2 0 3159 
3 2 0 3168 
3 2 0 3188 
3 2 0 3174 
3 2 0 3172 
3 2 0 3170 
3 2 0 3171 
3 2 0 3173 
3 2 0 3187 
3 2 0 3185 
3 2 0 3175 
3 2 0 3184 
3 2 0 3176 
3 2 0 3183 
3 2 0 3177 
3 2 0 3182 
3 2 0 3178 
3 2 0 3181 
3 2 0 3179 
3 2 0 3180 
3 2 0 3186 
3 2 0 3190 
1 0 
1 0 
1 0 
1 0 
2 3 3257 3258 0 
2 3 3256 3259 0 
2 3 3255 3260 0 
1 0 
1 0 
1 0 
1 0 
1 0 
2 3 3265 3266 0 
1 0 
1 0 
1 0 
2 3 3269 3270 0 
2 3 3268 3271 0 
2 3 3267 3272 0 
2 3 3264 3273 0 
2 3 3263 3274 0 
2 3 3262 3275 0 
1 0 
2 3 3276 3277 0 
2 3 3261 3278 0 
3 2 0 3279 
3 2 0 3261 
3 2 0 3255 
3 2 0 3260 
3 2 0 3256 
3 2 0 3259 
3 2 0 3257 
3 2 0 3258 
3 2 0 3278 
3 2 0 3276 
3 2 0 3262 
3 2 0 3275 
3 2 0 3263 
3 2 0 3274 
3 2 0 3264 
3 2 0 3273 
3 2 0 3267 
3 2 0 3265 
3 2 0 3266 
3 2 0 3272 
3 2 0 3268 
3 2 0 3271 
3 2 0 3269 
3 2 0 3270 
3 2 0 3277 
1 0 
1 0 
1 0 
1 0 
1 0 
2 3 3308 3309 0 
2 3 3307 3310 0 
1 0 
2 3 3311 3312 0 
2 3 3306 3313 0 
2 3 3305 3314 0 
1 0 
1 0 
1 0 
1 0 
2 3 3318 3319 0 
1 0 
1 0 
1 0 
2 3 3322 3323 0 
2 3 3321 3324 0 
1 0 
2 3 3325 3326 0 
1 0 
1 0 
1 0 
1 0 
1 0 
1 0 
1 0 
1 0 
2 3 3334 3335 0 
2 3 3333 3336 0 
2 3 3332 3337 0 
2 3 3331 3338 0 
2 3 3330 3339 0 
2 3 3329 3340 0 
2 3 3328 3341 0 
2 3 3327 3342 0 
2 3 3320 3343 0 
1 0 
2 3 3344 3345 0 
2 3 3317 3346 0 
2 3 3316 3347 0 
2 3 3315 3348 0 
3 2 0 3349 
3 2 0 3315 
3 2 0 3305 
3 2 0 3314 
3 2 0 3306 
3 2 0 3313 
3 2 0 3311 
3 2 0 3307 
3 2 0 3310 
3 2 0 3308 
3 2 0 3309 
3 2 0 3312 
3 2 0 3348 
3 2 0 3316 
3 2 0 3347 
3 2 0 3317 
3 2 0 3346 
3 2 0 3344 
3 2 0 3320 
3 2 0 3318 
3 2 0 3319 
3 2 0 3343 
3 2 0 3327 
3 2 0 3325 
3 2 0 3321 
3 2 0 3324 
3 2 0 3322 
3 2 0 3323 
3 2 0 3326 
3 2 0 3342 
3 2 0 3328 
3 2 0 3341 
3 2 0 3329 
3 2 0 3340 
3 2 0 3330 
3 2 0 3339 
3 2 0 3331 
3 2 0 3338 
3 2 0 3332 
3 2 0 3337 
3 2 0 3333 
3 2 0 3336 
3 2 0 3334 
3 2 0 3335 
3 2 0 3345 
1 0 
1 0 
2 3 3395 3396 0 
1 0 
2 3 3397 3398 0 
1 0 
1 0 
2 3 3400 3401 0 
2 3 3399 3402 0 
1 0 
1 0 
1 0 
1 0 
2 3 3406 3407 0 
2 3 3405 3408 0 
1 0 
1 0 
2 3 3410 3411 0 
1 0 
1 0 
1 0 
2 3 3414 3415 0 
2 3 3413 3416 0 
2 3 3412 3417 0 
1 0 
2 3 3418 3419 0 
2 3 3409 3420 0 
2 3 3404 3421 0 
2 3 3403 3422 0 
3 2 0 3423 
3 2 0 3403 
3 2 0 3399 
3 2 0 3397 
3 2 0 3395 
3 2 0 3396 
3 2 0 3398 
3 2 0 3402 
3 2 0 3400 
3 2 0 3401 
3 2 0 3422 
3 2 0 3404 
3 2 0 3421 
3 2 0 3409 
3 2 0 3405 
3 2 0 3408 
3 2 0 3406 
3 2 0 3407 
3 2 0 3420 
3 2 0 3418 
3 2 0 3412 
3 2 0 3410 
3 2 0 3411 
3 2 0 3417 
3 2 0 3413 
3 2 0 3416 
3 2 0 3414 
3 2 0 3415 
3 2 0 3419 
1 0 
1 0 
1 0 
1 0 
1 0 
2 3 3456 3457 0 
2 3 3455 3458 0 
1 0 
1 0 
1 0 
1 0 
2 3 3462 3463 0 
2 3 3461 3464 0 
2 3 3460 3465 0 
2 3 3459 3466 0 
2 3 3454 3467 0 
1 0 
2 3 3468 3469 0 
1 0 
1 0 
1 0 
2 3 3472 3473 0 
2 3 3471 3474 0 
2 3 3470 3475 0 
1 0 
2 3 3476 3477 0 
2 3 3453 3478 0 
3 2 0 3479 
3 2 0 3453 
3 2 0 3478 
3 2 0 3476 
3 2 0 3470 
3 2 0 3468 
3 2 0 3454 
3 2 0 3467 
3 2 0 3459 
3 2 0 3455 
3 2 0 3458 
3 2 0 3456 
3 2 0 3457 
3 2 0 3466 
3 2 0 3460 
3 2 0 3465 
3 2 0 3461 
3 2 0 3464 
3 2 0 3462 
3 2 0 3463 
3 2 0 3469 
3 2 0 3475 
3 2 0 3471 
3 2 0 3474 
3 2 0 3472 
3 2 0 3473 
3 2 0 3477 
1 0 
1 0 
2 3 3507 3508 0 
1 0 
1 0 
1 0 
1 0 
2 3 3512 3513 0 
1 0 
2 3 3514 3515 0 
1 0 
2 3 3516 3517 0 
1 0 
2 3 3518 3519 0 
1 0 
1 0 
2 3 3521 3522 0 
2 3 3520 3523 0 
2 3 3511 3524 0 
2 3 3510 3525 0 
1 0 
1 0 
1 0 
2 3 3528 3529 0 
1 0 
1 0 
1 0 
1 0 
2 3 3533 3534 0 
2 3 3532 3535 0 
1 0 
1 0 
2 3 3537 3538 0 
2 3 3536 3539 0 
2 3 3531 3540 0 
2 3 3530 3541 0 
2 3 3527 3542 0 
2 3 3526 3543 0 
1 0 
2 3 3544 3545 0 
2 3 3509 3546 0 
3 2 0 3547 
3 2 0 3509 
3 2 0 3507 
3 2 0 3508 
3 2 0 3546 
3 2 0 3544 
3 2 0 3526 
3 2 0 3510 
3 2 0 3525 
3 2 0 3511 
3 2 0 3524 
3 2 0 3520 
3 2 0 3518 
3 2 0 3516 
3 2 0 3514 
3 2 0 3512 
3 2 0 3513 
3 2 0 3515 
3 2 0 3517 
3 2 0 3519 
3 2 0 3523 
3 2 0 3521 
3 2 0 3522 
3 2 0 3543 
3 2 0 3527 
3 2 0 3542 
3 2 0 3530 
3 2 0 3528 
3 2 0 3529 
3 2 0 3541 
3 2 0 3531 
3 2 0 3540 
3 2 0 3536 
3 2 0 3532 
3 2 0 3535 
3 2 0 3533 
3 2 0 3534 
3 2 0 3539 
3 2 0 3537 
3 2 0 3538 
3 2 0 3545 
1 0 
1 0 
1 0 
1 0 
1 0 
1 0 
1 0 
2 3 3594 3595 0 
2 3 3593 3596 0 
2 3 3592 3597 0 
2 3 3591 3598 0 
2 3 3590 3599 0 
1 0 
2 3 3600 3601 0 
2 3 3589 3602 0 
1 0 
2 3 3603 3604 0 
3 2 0 3605 
3 2 0 3603 
3 2 0 3589 
3 2 0 3602 
3 2 0 3600 
3 2 0 3590 
3 2 0 3599 
3 2 0 3591 
3 2 0 3598 
3 2 0 3592 
3 2 0 3597 
3 2 0 3593 
3 2 0 3596 
3 2 0 3594 
3 2 0 3595 
3 2 0 3601 
3 2 0 3604 
1 0 
1 0 
1 0 
1 0 
1 0 
1 0 
1 0 
2 3 3628 3629 0 
2 3 3627 3630 0 
1 0 
1 0 
2 3 3632 3633 0 
1 0 
1 0 
2 3 3635 3636 0 
2 3 3634 3637 0 
2 3 3631 3638 0 
2 3 3626 3639 0 
2 3 3625 3640 0 
2 3 3624 3641 0 
1 0 
2 3 3642 3643 0 
1 0 
2 3 3644 3645 0 
1 0 
2 3 3646 3647 0 
2 3 3623 3648 0 
3 2 0 3649 
3 2 0 3623 
3 2 0 3648 
3 2 0 3646 
3 2 0 3644 
3 2 0 3642 
3 2 0 3624 
3 2 0 3641 
3 2 0 3625 
3 2 0 3640 
3 2 0 3626 
3 2 0 3639 
3 2 0 3631 
3 2 0 3627 
3 2 0 3630 
3 2 0 3628 
3 2 0 3629 
3 2 0 3638 
3 2 0 3634 
3 2 0 3632 
3 2 0 3633 
3 2 0 3637 
3 2 0 3635 
3 2 0 3636 
3 2 0 3643 
3 2 0 3645 
3 2 0 3647 
1 0 
1 0 
1 0 
1 0 
1 0 
1 0 
1 0 
1 0 
1 0 
1 0 
2 3 3685 3686 0 
2 3 3684 3687 0 
1 0 
1 0 
1 0 
2 3 3690 3691 0 
1 0 
2 3 3692 3693 0 
1 0 
2 3 3694 3695 0 
1 0 
2 3 3696 3697 0 
1 0 
2 3 3698 3699 0 
2 3 3689 3700 0 
2 3 3688 3701 0 
2 3 3683 3702 0 
2 3 3682 3703 0 
2 3 3681 3704 0 
2 3 3680 3705 0 
2 3 3679 3706 0 
2 3 3678 3707 0 
2 3 3677 3708 0 
1 0 
1 0 
1 0 
1 0 
2 3 3712 3713 0 
1 0 
1 0 
1 0 
2 3 3716 3717 0 
2 3 3715 3718 0 
2 3 3714 3719 0 
1 0 
2 3 3720 3721 0 
2 3 3711 3722 0 
2 3 3710 3723 0 
2 3 3709 3724 0 
3 2 0 3725 
3 2 0 3709 
3 2 0 3677 
3 2 0 3708 
3 2 0 3678 
3 2 0 3707 
3 2 0 3679 
3 2 0 3706 
3 2 0 3680 
3 2 0 3705 
3 2 0 3681 
3 2 0 3704 
3 2 0 3682 
3 2 0 3703 
3 2 0 3683 
3 2 0 3702 
3 2 0 3688 
3 2 0 3684 
3 2 0 3687 
3 2 0 3685 
3 2 0 3686 
3 2 0 3701 
3 2 0 3689 
3 2 0 3700 
3 2 0 3698 
3 2 0 3696 
3 2 0 3694 
3 2 0 3692 
3 2 0 3690 
3 2 0 3691 
3 2 0 3693 
3 2 0 3695 
3 2 0 3697 
3 2 0 3699 
3 2 0 3724 
3 2 0 3710 
3 2 0 3723 
3 2 0 3711 
3 2 0 3722 
3 2 0 3720 
3 2 0 3714 
3 2 0 3712 
3 2 0 3713 
3 2 0 3719 
3 2 0 3715 
3 2 0 3718 
3 2 0 3716 
3 2 0 3717 
3 2 0 3721 
1 0 
1 0 
2 3 3775 3776 0 
1 0 
2 3 3777 3778 0 
1 0 
1 0 
2 3 3780 3781 0 
2 3 3779 3782 0 
1 0 
1 0 
1 0 
1 0 
1 0 
1 0 
2 3 3788 3789 0 
2 3 3787 3790 0 
1 0 
1 0 
1 0 
2 3 3793 3794 0 
1 0 
1 0 
2 3 3796 3797 0 
1 0 
2 3 3798 3799 0 
1 0 
1 0 
1 0 
2 3 3802 3803 0 
2 3 3801 3804 0 
1 0 
2 3 3805 3806 0 
1 0 
1 0 
2 3 3808 3809 0 
1 0 
1 0 
1 0 
2 3 3812 3813 0 
2 3 3811 3814 0 
2 3 3810 3815 0 
2 3 3807 3816 0 
1 0 
2 3 3817 3818 0 
1 0 
1 0 
1 0 
2 3 3821 3822 0 
2 3 3820 3823 0 
2 3 3819 3824 0 
2 3 3800 3825 0 
2 3 3795 3826 0 
2 3 3792 3827 0 
2 3 3791 3828 0 
2 3 3786 3829 0 
1 0 
2 3 3830 3831 0 
2 3 3785 3832 0 
2 3 3784 3833 0 
2 3 3783 3834 0 
3 2 0 3835 
3 2 0 3783 
3 2 0 3779 
3 2 0 3777 
3 2 0 3775 
3 2 0 3776 
3 2 0 3778 
3 2 0 3782 
3 2 0 3780 
3 2 0 3781 
3 2 0 3834 
3 2 0 3784 
3 2 0 3833 
3 2 0 3785 
3 2 0 3832 
3 2 0 3830 
3 2 0 3786 
3 2 0 3829 
3 2 0 3791 
3 2 0 3787 
3 2 0 3790 
3 2 0 3788 
3 2 0 3789 
3 2 0 3828 
3 2 0 3792 
3 2 0 3827 
3 2 0 3795 
3 2 0 3793 
3 2 0 3794 
3 2 0 3826 
3 2 0 3800 
3 2 0 3798 
3 2 0 3796 
3 2 0 3797 
3 2 0 3799 
3 2 0 3825 
3 2 0 3819 
3 2 0 3817 
3 2 0 3807 
3 2 0 3805 
3 2 0 3801 
3 2 0 3804 
3 2 0 3802 
3 2 0 3803 
3 2 0 3806 
3 2 0 3816 
3 2 0 3810 
3 2 0 3808 
3 2 0 3809 
3 2 0 3815 
3 2 0 3811 
3 2 0 3814 
3 2 0 3812 
3 2 0 3813 
3 2 0 3818 
3 2 0 3824 
3 2 0 3820 
3 2 0 3823 
3 2 0 3821 
3 2 0 3822 
3 2 0 3831 
1 0 
1 0 
1 0 
1 0 
1 0 
1 0 
1 0 
2 3 3902 3903 0 
2 3 3901 3904 0 
1 0 
1 0 
1 0 
1 0 
1 0 
1 0 
1 0 
2 3 3911 3912 0 
1 0 
2 3 3913 3914 0 
2 3 3910 3915 0 
1 0 
1 0 
2 3 3917 3918 0 
2 3 3916 3919 0 
2 3 3909 3920 0 
2 3 3908 3921 0 
2 3 3907 3922 0 
2 3 3906 3923 0 
2 3 3905 3924 0 
2 3 3900 3925 0 
2 3 3899 3926 0 
2 3 3898 3927 0 
1 0 
2 3 3928 3929 0 
2 3 3897 3930 0 
3 2 0 3931 
3 2 0 3897 
3 2 0 3930 
3 2 0 3928 
3 2 0 3898 
3 2 0 3927 
3 2 0 3899 
3 2 0 3926 
3 2 0 3900 
3 2 0 3925 
3 2 0 3905 
3 2 0 3901 
3 2 0 3904 
3 2 0 3902 
3 2 0 3903 
3 2 0 3924 
3 2 0 3906 
3 2 0 3923 
3 2 0 3907 
3 2 0 3922 
3 2 0 3908 
3 2 0 3921 
3 2 0 3909 
3 2 0 3920 
3 2 0 3916 
3 2 0 3910 
3 2 0 3915 
3 2 0 3913 
3 2 0 3911 
3 2 0 3912 
3 2 0 3914 
3 2 0 3919 
3 2 0 3917 
3 2 0 3918 
3 2 0 3929 
1 0 
1 0 
1 0 
1 0 
1 0 
2 3 3970 3971 0 
2 3 3969 3972 0 
2 3 3968 3973 0 
1 0 
1 0 
1 0 
1 0 
2 3 3977 3978 0 
2 3 3976 3979 0 
1 0 
1 0 
1 0 
1 0 
2 3 3983 3984 0 
1 0 
2 3 3985 3986 0 
2 3 3982 3987 0 
2 3 3981 3988 0 
2 3 3980 3989 0 
2 3 3975 3990 0 
2 3 3974 3991 0 
1 0 
2 3 3992 3993 0 
2 3 3967 3994 0 
3 2 0 3995 
3 2 0 3967 
3 2 0 3994 
3 2 0 3992 
3 2 0 3974 
3 2 0 3968 
3 2 0 3973 
3 2 0 3969 
3 2 0 3972 
3 2 0 3970 
3 2 0 3971 
3 2 0 3991 
3 2 0 3975 
3 2 0 3990 
3 2 0 3980 
3 2 0 3976 
3 2 0 3979 
3 2 0 3977 
3 2 0 3978 
3 2 0 3989 
3 2 0 3981 
3 2 0 3988 
3 2 0 3982 
3 2 0 3987 
3 2 0 3985 
3 2 0 3983 
3 2 0 3984 
3 2 0 3986 
3 2 0 3993 
1 0 
1 0 
2 3 4025 4026 0 
1 0 
1 0 
1 0 
1 0 
2 3 4030 4031 0 
2 3 4029 4032 0 
2 3 4028 4033 0 
2 3 4027 4034 0 
1 0 
2 3 4035 4036 0 
1 0 
2 3 4037 4038 0 
1 0 
1 0 
1 0 
2 3 4041 4042 0 
1 0 
2 3 4043 4044 0 
2 3 4040 4045 0 
2 3 4039 4046 0 
1 0 
2 3 4047 4048 0 
3 2 0 4049 
3 2 0 4047 
3 2 0 4039 
3 2 0 4037 
3 2 0 4035 
3 2 0 4027 
3 2 0 4025 
3 2 0 4026 
3 2 0 4034 
3 2 0 4028 
3 2 0 4033 
3 2 0 4029 
3 2 0 4032 
3 2 0 4030 
3 2 0 4031 
3 2 0 4036 
3 2 0 4038 
3 2 0 4046 
3 2 0 4040 
3 2 0 4045 
3 2 0 4043 
3 2 0 4041 
3 2 0 4042 
3 2 0 4044 
3 2 0 4048 
1 0 
1 0 
1 0 
2 3 4076 4077 0 
2 3 4075 4078 0 
1 0 
1 0 
1 0 
2 3 4081 4082 0 
2 3 4080 4083 0 
1 0 
2 3 4084 4085 0 
2 3 4079 4086 0 
3 2 0 4087 
3 2 0 4079 
3 2 0 4075 
3 2 0 4078 
3 2 0 4076 
3 2 0 4077 
3 2 0 4086 
3 2 0 4084 
3 2 0 4080 
3 2 0 4083 
3 2 0 4081 
3 2 0 4082 
3 2 0 4085 
1 0 
1 0 
1 0 
1 0 
1 0 
1 0 
2 3 4105 4106 0 
1 0 
2 3 4107 4108 0 
2 3 4104 4109 0 
2 3 4103 4110 0 
2 3 4102 4111 0 
2 3 4101 4112 0 
1 0 
1 0 
1 0 
1 0 
1 0 
1 0 
1 0 
2 3 4119 4120 0 
1 0 
2 3 4121 4122 0 
1 0 
2 3 4123 4124 0 
2 3 4118 4125 0 
2 3 4117 4126 0 
1 0 
2 3 4127 4128 0 
2 3 4116 4129 0 
2 3 4115 4130 0 
2 3 4114 4131 0 
2 3 4113 4132 0 
3 2 0 4133 
3 2 0 4113 
3 2 0 4101 
3 2 0 4112 
3 2 0 4102 
3 2 0 4111 
3 2 0 4103 
3 2 0 4110 
3 2 0 4104 
3 2 0 4109 
3 2 0 4107 
3 2 0 4105 
3 2 0 4106 
3 2 0 4108 
3 2 0 4132 
3 2 0 4114 
3 2 0 4131 
3 2 0 4115 
3 2 0 4130 
3 2 0 4116 
3 2 0 4129 
3 2 0 4127 
3 2 0 4117 
3 2 0 4126 
3 2 0 4118 
3 2 0 4125 
3 2 0 4123 
3 2 0 4121 
3 2 0 4119 
3 2 0 4120 
3 2 0 4122 
3 2 0 4124 
3 2 0 4128 
1 0 
1 0 
1 0 
1 0 
1 0 
2 3 4170 4171 0 
1 0 
2 3 4172 4173 0 
1 0 
2 3 4174 4175 0 
2 3 4169 4176 0 
2 3 4168 4177 0 
2 3 4167 4178 0 
1 0 
1 0 
1 0 
1 0 
2 3 4182 4183 0 
2 3 4181 4184 0 
1 0 
1 0 
2 3 4186 4187 0 
1 0 
1 0 
1 0 
2 3 4190 4191 0 
2 3 4189 4192 0 
2 3 4188 4193 0 
1 0 
2 3 4194 4195 0 
1 0 
1 0 
2 3 4197 4198 0 
1 0 
1 0 
1 0 
1 0 
1 0 
2 3 4203 4204 0 
2 3 4202 4205 0 
2 3 4201 4206 0 
2 3 4200 4207 0 
1 0 
1 0 
1 0 
1 0 
2 3 4211 4212 0 
1 0 
2 3 4213 4214 0 
2 3 4210 4215 0 
2 3 4209 4216 0 
2 3 4208 4217 0 
2 3 4199 4218 0 
2 3 4196 4219 0 
1 0 
2 3 4220 4221 0 
2 3 4185 4222 0 
2 3 4180 4223 0 
2 3 4179 4224 0 
3 2 0 4225 
3 2 0 4179 
3 2 0 4167 
3 2 0 4178 
3 2 0 4168 
3 2 0 4177 
3 2 0 4169 
3 2 0 4176 
3 2 0 4174 
3 2 0 4172 
3 2 0 4170 
3 2 0 4171 
3 2 0 4173 
3 2 0 4175 
3 2 0 4224 
3 2 0 4180 
3 2 0 4223 
3 2 0 4185 
3 2 0 4181 
3 2 0 4184 
3 2 0 4182 
3 2 0 4183 
3 2 0 4222 
3 2 0 4220 
3 2 0 4196 
3 2 0 4194 
3 2 0 4188 
3 2 0 4186 
3 2 0 4187 
3 2 0 4193 
3 2 0 4189 
3 2 0 4192 
3 2 0 4190 
3 2 0 4191 
3 2 0 4195 
3 2 0 4219 
3 2 0 4199 
3 2 0 4197 
3 2 0 4198 
3 2 0 4218 
3 2 0 4208 
3 2 0 4200 
3 2 0 4207 
3 2 0 4201 
3 2 0 4206 
3 2 0 4202 
3 2 0 4205 
3 2 0 4203 
3 2 0 4204 
3 2 0 4217 
3 2 0 4209 
3 2 0 4216 
3 2 0 4210 
3 2 0 4215 
3 2 0 4213 
3 2 0 4211 
3 2 0 4212 
3 2 0 4214 
3 2 0 4221 
1 0 
1 0 
1 0 
2 3 4286 4287 0 
2 3 4285 4288 0 
1 0 
1 0 
1 0 
1 0 
2 3 4292 4293 0 
1 0 
2 3 4294 4295 0 
2 3 4291 4296 0 
2 3 4290 4297 0 
1 0 
2 3 4298 4299 0 
2 3 4289 4300 0 
3 2 0 4301 
3 2 0 4289 
3 2 0 4285 
3 2 0 4288 
3 2 0 4286 
3 2 0 4287 
3 2 0 4300 
3 2 0 4298 
3 2 0 4290 
3 2 0 4297 
3 2 0 4291 
3 2 0 4296 
3 2 0 4294 
3 2 0 4292 
3 2 0 4293 
3 2 0 4295 
3 2 0 4299 
1 0 
1 0 
1 0 
1 0 
2 3 4321 4322 0 
1 0 
2 3 4323 4324 0 
1 0 
1 0 
2 3 4326 4327 0 
1 0 
2 3 4328 4329 0 
1 0 
1 0 
1 0 
1 0 
1 0 
2 3 4334 4335 0 
2 3 4333 4336 0 
2 3 4332 4337 0 
1 0 
2 3 4338 4339 0 
1 0 
2 3 4340 4341 0 
2 3 4331 4342 0 
2 3 4330 4343 0 
2 3 4325 4344 0 
2 3 4320 4345 0 
1 0 
2 3 4346 4347 0 
2 3 4319 4348 0 
3 2 0 4349 
3 2 0 4319 
3 2 0 4348 
3 2 0 4346 
3 2 0 4320 
3 2 0 4345 
3 2 0 4325 
3 2 0 4323 
3 2 0 4321 
3 2 0 4322 
3 2 0 4324 
3 2 0 4344 
3 2 0 4330 
3 2 0 4328 
3 2 0 4326 
3 2 0 4327 
3 2 0 4329 
3 2 0 4343 
3 2 0 4331 
3 2 0 4342 
3 2 0 4340 
3 2 0 4338 
3 2 0 4332 
3 2 0 4337 
3 2 0 4333 
3 2 0 4336 
3 2 0 4334 
3 2 0 4335 
3 2 0 4339 
3 2 0 4341 
3 2 0 4347 
1 0 
1 0 
2 3 4381 4382 0 
1 0 
1 0 
1 0 
2 3 4385 4386 0 
2 3 4384 4387 0 
1 0 
1 0 
1 0 
1 0 
2 3 4391 4392 0 
1 0 
1 0 
1 0 
2 3 4395 4396 0 
2 3 4394 4397 0 
2 3 4393 4398 0 
2 3 4390 4399 0 
2 3 4389 4400 0 
2 3 4388 4401 0 
2 3 4383 4402 0 
1 0 
2 3 4403 4404 0 
1 0 
2 3 4405 4406 0 
1 0 
1 0 
1 0 
1 0 
1 0 
1 0 
1 0 
2 3 4413 4414 0 
2 3 4412 4415 0 
2 3 4411 4416 0 
2 3 4410 4417 0 
2 3 4409 4418 0 
2 3 4408 4419 0 
1 0 
1 0 
1 0 
2 3 4422 4423 0 
2 3 4421 4424 0 
2 3 4420 4425 0 
2 3 4407 4426 0 
1 0 
2 3 4427 4428 0 
3 2 0 4429 
3 2 0 4427 
3 2 0 4407 
3 2 0 4405 
3 2 0 4403 
3 2 0 4383 
3 2 0 4381 
3 2 0 4382 
3 2 0 4402 
3 2 0 4388 
3 2 0 4384 
3 2 0 4387 
3 2 0 4385 
3 2 0 4386 
3 2 0 4401 
3 2 0 4389 
3 2 0 4400 
3 2 0 4390 
3 2 0 4399 
3 2 0 4393 
3 2 0 4391 
3 2 0 4392 
3 2 0 4398 
3 2 0 4394 
3 2 0 4397 
3 2 0 4395 
3 2 0 4396 
3 2 0 4404 
3 2 0 4406 
3 2 0 4426 
3 2 0 4420 
3 2 0 4408 
3 2 0 4419 
3 2 0 4409 
3 2 0 4418 
3 2 0 4410 
3 2 0 4417 
3 2 0 4411 
3 2 0 4416 
3 2 0 4412 
3 2 0 4415 
3 2 0 4413 
3 2 0 4414 
3 2 0 4425 
3 2 0 4421 
3 2 0 4424 
3 2 0 4422 
3 2 0 4423 
3 2 0 4428 
1 0 
1 0 
1 0 
1 0 
2 3 4481 4482 0 
1 0 
1 0 
1 0 
2 3 4485 4486 0 
2 3 4484 4487 0 
2 3 4483 4488 0 
1 0 
1 0 
1 0 
1 0 
1 0 
2 3 4493 4494 0 
2 3 4492 4495 0 
2 3 4491 4496 0 
1 0 
1 0 
1 0 
1 0 
2 3 4500 4501 0 
1 0 
2 3 4502 4503 0 
1 0 
1 0 
2 3 4505 4506 0 
2 3 4504 4507 0 
2 3 4499 4508 0 
2 3 4498 4509 0 
2 3 4497 4510 0 
2 3 4490 4511 0 
2 3 4489 4512 0 
2 3 4480 4513 0 
1 0 
2 3 4514 4515 0 
2 3 4479 4516 0 
3 2 0 4517 
3 2 0 4479 
3 2 0 4516 
3 2 0 4514 
3 2 0 4480 
3 2 0 4513 
3 2 0 4489 
3 2 0 4483 
3 2 0 4481 
3 2 0 4482 
3 2 0 4488 
3 2 0 4484 
3 2 0 4487 
3 2 0 4485 
3 2 0 4486 
3 2 0 4512 
3 2 0 4490 
3 2 0 4511 
3 2 0 4497 
3 2 0 4491 
3 2 0 4496 
3 2 0 4492 
3 2 0 4495 
3 2 0 4493 
3 2 0 4494 
3 2 0 4510 
3 2 0 4498 
3 2 0 4509 
3 2 0 4499 
3 2 0 4508 
3 2 0 4504 
3 2 0 4502 
3 2 0 4500 
3 2 0 4501 
3 2 0 4503 
3 2 0 4507 
3 2 0 4505 
3 2 0 4506 
3 2 0 4515 
10 2278 90 91 92 93 94 95 96 97 98 99 100 101 102 103 104 105 106 107 108 109 110 111 112 113 114 115 116 117 118 119 120 121 122 123 124 125 126 127 128 129 130 131 132 133 134 135 136 137 138 139 140 141 142 143 144 145 146 147 148 149 150 151 152 153 154 155 156 157 158 159 160 161 162 163 164 165 166 167 168 169 170 171 172 173 174 175 176 177 178 204 205 206 207 208 209 210 211 212 213 214 215 216 217 218 219 220 221 222 223 224 225 226 227 228 244 245 246 247 248 249 250 251 252 253 254 255 256 257 258 304 305 306 307 308 309 310 311 312 313 314 315 316 317 318 319 320 321 322 323 324 325 326 327 328 329 330 331 332 333 334 335 336 337 338 339 340 341 342 343 344 345 346 347 348 420 421 422 423 424 425 426 427 428 429 430 431 432 433 434 435 436 437 438 439 440 441 442 443 444 445 446 447 448 449 450 451 452 453 454 455 456 457 458 459 460 461 462 463 464 465 466 467 468 469 470 471 472 473 474 475 476 477 478 479 480 481 482 483 484 485 486 487 488 489 490 548 549 550 551 552 553 554 555 556 557 558 559 560 561 562 563 564 565 566 567 568 569 570 571 572 573 574 575 576 577 578 579 580 581 582 583 584 585 586 587 588 589 590 591 592 593 594 595 596 597 598 599 600 601 602 603 604 628 629 630 631 632 633 634 635 636 637 638 639 640 641 642 643 644 645 646 647 648 649 650 684 685 686 687 688 689 690 691 692 693 694 695 696 697 698 699 700 701 702 703 704 705 706 707 708 709 710 711 712 713 714 715 716 732 733 734 735 736 737 738 739 740 741 742 743 744 745 746 778 779 780 781 782 783 784 785 786 787 788 789 790 791 792 793 794 795 796 797 798 799 800 801 802 803 804 805 806 807 808 834 835 836 837 838 839 840 841 842 843 844 845 846 847 848 849 850 851 852 853 854 855 856 857 858 906 907 908 909 910 911 912 913 914 915 916 917 918 919 920 921 922 923 924 925 926 927 928 929 930 931 932 933 934 935 936 937 938 939 940 941 942 943 944 945 946 947 948 949 950 951 952 1004 1005 1006 1007 1008 1009 1010 1011 1012 1013 1014 1015 1016 1017 1018 1019 1020 1021 1022 1023 1024 1025 1026 1027 1028 1029 1030 1031 1032 1033 1034 1035 1036 1037 1038 1039 1040 1041 1042 1043 1044 1045 1046 1047 1048 1049 1050 1051 1052 1053 1054 1068 1069 1070 1071 1072 1073 1074 1075 1076 1077 1078 1079 1080 1096 1097 1098 1099 1100 1101 1102 1103 1104 1105 1106 1107 1108 1109 1110 1192 1193 1194 1195 1196 1197 1198 1199 1200 1201 1202 1203 1204 1205 1206 1207 1208 1209 1210 1211 1212 1213 1214 1215 1216 1217 1218 1219 1220 1221 1222 1223 1224 1225 1226 1227 1228 1229 1230 1231 1232 1233 1234 1235 1236 1237 1238 1239 1240 1241 1242 1243 1244 1245 1246 1247 1248 1249 1250 1251 1252 1253 1254 1255 1256 1257 1258 1259 1260 1261 1262 1263 1264 1265 1266 1267 1268 1269 1270 1271 1272 1302 1303 1304 1305 1306 1307 1308 1309 1310 1311 1312 1313 1314 1315 1316 1317 1318 1319 1320 1321 1322 1323 1324 1325 1326 1327 1328 1329 1330 1370 1371 1372 1373 1374 1375 1376 1377 1378 1379 1380 1381 1382 1383 1384 1385 1386 1387 1388 1389 1390 1391 1392 1393 1394 1395 1396 1397 1398 1399 1400 1401 1402 1403 1404 1405 1406 1407 1408 1418 1419 1420 1421 1422 1423 1424 1425 1426 1436 1437 1438 1439 1440 1441 1442 1443 1444 1456 1457 1458 1459 1460 1461 1462 1463 1464 1465 1466 1470 1471 1472 1526 1527 1528 1529 1530 1531 1532 1533 1534 1535 1536 1537 1538 1539 1540 1541 1542 1543 1544 1545 1546 1547 1548 1549 1550 1551 1552 1553 1554 1555 1556 1557 1558 1559 1560 1561 1562 1563 1564 1565 1566 1567 1568 1569 1570 1571 1572 1573 1574 1575 1576 1577 1578 1612 1613 1614 1615 1616 1617 1618 1619 1620 1621 1622 1623 1624 1625 1626 1627 1628 1629 1630 1631 1632 1633 1634 1635 1636 1637 1638 1639 1640 1641 1642 1643 1644 1680 1681 1682 1683 1684 1685 1686 1687 1688 1689 1690 1691 1692 1693 1694 1695 1696 1697 1698 1699 1700 1701 1702 1703 1704 1705 1706 1707 1708 1709 1710 1711 1712 1713 1714 1746 1747 1748 1749 1750 1751 1752 1753 1754 1755 1756 1757 1758 1759 1760 1761 1762 1763 1764 1765 1766 1767 1768 1769 1770 1771 1772 1773 1774 1775 1776 1814 1815 1816 1817 1818 1819 1820 1821 1822 1823 1824 1825 1826 1827 1828 1829 1830 1831 1832 1833 1834 1835 1836 1837 1838 1839 1840 1841 1842 1843 1844 1845 1846 1847 1848 1849 1850 1898 1899 1900 1901 1902 1903 1904 1905 1906 1907 1908 1909 1910 1911 1912 1913 1914 1915 1916 1917 1918 1919 1920 1921 1922 1923 1924 1925 1926 1927 1928 1929 1930 1931 1932 1933 1934 1935 1936 1937 1938 1939 1940 1941 1942 1943 1944 2002 2003 2004 2005 2006 2007 2008 2009 2010 2011 2012 2013 2014 2015 2016 2017 2018 2019 2020 2021 2022 2023 2024 2025 2026 2027 2028 2029 2030 2031 2032 2033 2034 2035 2036 2037 2038 2039 2040 2041 2042 2043 2044 2045 2046 2047 2048 2049 2050 2051 2052 2053 2054 2055 2056 2057 2058 2102 2103 2104 2105 2106 2107 2108 2109 2110 2111 2112 2113 2114 2115 2116 2117 2118 2119 2120 2121 2122 2123 2124 2125 2126 2127 2128 2129 2130 2131 2132 2133 2134 2135 2136 2137 2138 2139 2140 2141 2142 2143 2144 2154 2155 2156 2157 2158 2159 2160 2161 2162 2204 2205 2206 2207 2208 2209 2210 2211 2212 2213 2214 2215 2216 2217 2218 2219 2220 2221 2222 2223 2224 2225 2226 2227 2228 2229 2230 2231 2232 2233 2234 2235 2236 2237 2238 2239 2240 2241 2242 2243 2244 2288 2289 2290 2291 2292 2293 2294 2295 2296 2297 2298 2299 2300 2301 2302 2303 2304 2305 2306 2307 2308 2309 2310 2311 2312 2313 2314 2315 2316 2317 2318 2319 2320 2321 2322 2323 2324 2325 2326 2327 2328 2329 2330 2362 2363 2364 2365 2366 2367 2368 2369 2370 2371 2372 2373 2374 2375 2376 2377 2378 2379 2380 2381 2382 2383 2384 2385 2386 2387 2388 2389 2390 2391 2392 2432 2433 2434 2435 2436 2437 2438 2439 2440 2441 2442 2443 2444 2445 2446 2447 2448 2449 2450 2451 2452 2453 2454 2455 2456 2457 2458 2459 2460 2461 2462 2463 2464 2465 2466 2467 2468 2469 2470 2512 2513 2514 2515 2516 2517 2518 2519 2520 2521 2522 2523 2524 2525 2526 2527 2528 2529 2530 2531 2532 2533 2534 2535 2536 2537 2538 2539 2540 2541 2542 2543 2544 2545 2546 2547 2548 2549 2550 2551 2552 2574 2575 2576 2577 2578 2579 2580 2581 2582 2583 2584 2585 2586 2587 2588 2589 2590 2591 2592 2593 2594 2612 2613 2614 2615 2616 2617 2618 2619 2620 2621 2622 2623 2624 2625 2626 2627 2628 2676 2677 2678 2679 2680 2681 2682 2683 2684 2685 2686 2687 2688 2689 2690 2691 2692 2693 2694 2695 2696 2697 2698 2699 2700 2701 2702 2703 2704 2705 2706 2707 2708 2709 2710 2711 2712 2713 2714 2715 2716 2717 2718 2719 2720 2721 2722 2780 2781 2782 2783 2784 2785 2786 2787 2788 2789 2790 2791 2792 2793 2794 2795 2796 2797 2798 2799 2800 2801 2802 2803 2804 2805 2806 2807 2808 2809 2810 2811 2812 2813 2814 2815 2816 2817 2818 2819 2820 2821 2822 2823 2824 2825 2826 2827 2828 2829 2830 2831 2832 2833 2834 2835 2836 2888 2889 2890 2891 2892 2893 2894 2895 2896 2897 2898 2899 2900 2901 2902 2903 2904 2905 2906 2907 2908 2909 2910 2911 2912 2913 2914 2915 2916 2917 2918 2919 2920 2921 2922 2923 2924 2925 2926 2927 2928 2929 2930 2931 2932 2933 2934 2935 2936 2937 2938 2984 2985 2986 2987 2988 2989 2990 2991 2992 2993 2994 2995 2996 2997 2998 2999 3000 3001 3002 3003 3004 3005 3006 3007 3008 3009 3010 3011 3012 3013 3014 3015 3016 3017 3018 3019 3020 3021 3022 3023 3024 3025 3026 3027 3028 3044 3045 3046 3047 3048 3049 3050 3051 3052 3053 3054 3055 3056 3057 3058 3094 3095 3096 3097 3098 3099 3100 3101 3102 3103 3104 3105 3106 3107 3108 3109 3110 3111 3112 3113 3114 3115 3116 3117 3118 3119 3120 3121 3122 3123 3124 3125 3126 3127 3128 3192 3193 3194 3195 3196 3197 3198 3199 3200 3201 3202 3203 3204 3205 3206 3207 3208 3209 3210 3211 3212 3213 3214 3215 3216 3217 3218 3219 3220 3221 3222 3223 3224 3225 3226 3227 3228 3229 3230 3231 3232 3233 3234 3235 3236 3237 3238 3239 3240 3241 3242 3243 3244 3245 3246 3247 3248 3249 3250 3251 3252 3253 3254 3280 3281 3282 3283 3284 3285 3286 3287 3288 3289 3290 3291 3292 3293 3294 3295 3296 3297 3298 3299 3300 3301 3302 3303 3304 3350 3351 3352 3353 3354 3355 3356 3357 3358 3359 3360 3361 3362 3363 3364 3365 3366 3367 3368 3369 3370 3371 3372 3373 3374 3375 3376 3377 3378 3379 3380 3381 3382 3383 3384 3385 3386 3387 3388 3389 3390 3391 3392 3393 3394 3424 3425 3426 3427 3428 3429 3430 3431 3432 3433 3434 3435 3436 3437 3438 3439 3440 3441 3442 3443 3444 3445 3446 3447 3448 3449 3450 3451 3452 3480 3481 3482 3483 3484 3485 3486 3487 3488 3489 3490 3491 3492 3493 3494 3495 3496 3497 3498 3499 3500 3501 3502 3503 3504 3505 3506 3548 3549 3550 3551 3552 3553 3554 3555 3556 3557 3558 3559 3560 3561 3562 3563 3564 3565 3566 3567 3568 3569 3570 3571 3572 3573 3574 3575 3576 3577 3578 3579 3580 3581 3582 3583 3584 3585 3586 3587 3588 3606 3607 3608 3609 3610 3611 3612 3613 3614 3615 3616 3617 3618 3619 3620 3621 3622 3650 3651 3652 3653 3654 3655 3656 3657 3658 3659 3660 3661 3662 3663 3664 3665 3666 3667 3668 3669 3670 3671 3672 3673 3674 3675 3676 3726 3727 3728 3729 3730 3731 3732 3733 3734 3735 3736 3737 3738 3739 3740 3741 3742 3743 3744 3745 3746 3747 3748 3749 3750 3751 3752 3753 3754 3755 3756 3757 3758 3759 3760 3761 3762 3763 3764 3765 3766 3767 3768 3769 3770 3771 3772 3773 3774 3836 3837 3838 3839 3840 3841 3842 3843 3844 3845 3846 3847 3848 3849 3850 3851 3852 3853 3854 3855 3856 3857 3858 3859 3860 3861 3862 3863 3864 3865 3866 3867 3868 3869 3870 3871 3872 3873 3874 3875 3876 3877 3878 3879 3880 3881 3882 3883 3884 3885 3886 3887 3888 3889 3890 3891 3892 3893 3894 3895 3896 3932 3933 3934 3935 3936 3937 3938 3939 3940 3941 3942 3943 3944 3945 3946 3947 3948 3949 3950 3951 3952 3953 3954 3955 3956 3957 3958 3959 3960 3961 3962 3963 3964 3965 3966 3996 3997 3998 3999 4000 4001 4002 4003 4004 4005 4006 4007 4008 4009 4010 4011 4012 4013 4014 4015 4016 4017 4018 4019 4020 4021 4022 4023 4024 4050 4051 4052 4053 4054 4055 4056 4057 4058 4059 4060 4061 4062 4063 4064 4065 4066 4067 4068 4069 4070 4071 4072 4073 4074 4088 4089 4090 4091 4092 4093 4094 4095 4096 4097 4098 4099 4100 4134 4135 4136 4137 4138 4139 4140 4141 4142 4143 4144 4145 4146 4147 4148 4149 4150 4151 4152 4153 4154 4155 4156 4157 4158 4159 4160 4161 4162 4163 4164 4165 4166 4226 4227 4228 4229 4230 4231 4232 4233 4234 4235 4236 4237 4238 4239 4240 4241 4242 4243 4244 4245 4246 4247 4248 4249 4250 4251 4252 4253 4254 4255 4256 4257 4258 4259 4260 4261 4262 4263 4264 4265 4266 4267 4268 4269 4270 4271 4272 4273 4274 4275 4276 4277 4278 4279 4280 4281 4282 4283 4284 4302 4303 4304 4305 4306 4307 4308 4309 4310 4311 4312 4313 4314 4315 4316 4317 4318 4350 4351 4352 4353 4354 4355 4356 4357 4358 4359 4360 4361 4362 4363 4364 4365 4366 4367 4368 4369 4370 4371 4372 4373 4374 4375 4376 4377 4378 4379 4380 4430 4431 4432 4433 4434 4435 4436 4437 4438 4439 4440 4441 4442 4443 4444 4445 4446 4447 4448 4449 4450 4451 4452 4453 4454 4455 4456 4457 4458 4459 4460 4461 4462 4463 4464 4465 4466 4467 4468 4469 4470 4471 4472 4473 4474 4475 4476 4477 4478 4518 4519 4520 4521 4522 4523 4524 4525 4526 4527 4528 4529 4530 4531 4532 4533 4534 4535 4536 4537 4538 4539 4540 4541 4542 4543 4544 4545 4546 4547 4548 4549 4550 4551 4552 4553 4554 4555 4556 
