4750
0 0 
1 0 
1 0 
1 0 
2 3 2 3 0 
1 0 
2 3 4 5 0 
1 0 
2 3 6 7 0 
2 3 1 8 0 
1 0 
1 0 
1 0 
2 3 11 12 0 
1 0 
2 3 13 14 0 
2 3 10 15 0 
2 3 9 16 0 
1 0 
2 3 17 18 0 
3 2 0 19 
3 2 0 17 
3 2 0 9 
3 2 0 1 
3 2 0 8 
3 2 0 6 
3 2 0 4 
3 2 0 2 
3 2 0 3 
3 2 0 5 
3 2 0 7 
3 2 0 16 
3 2 0 10 
3 2 0 15 
3 2 0 13 
3 2 0 11 
3 2 0 12 
3 2 0 14 
3 2 0 18 
1 0 
1 0 
1 0 
1 0 
1 0 
1 0 
2 3 43 44 0 
2 3 42 45 0 
2 3 41 46 0 
1 0 
1 0 
1 0 
2 3 49 50 0 
1 0 
1 0 
1 0 
2 3 53 54 0 
1 0 
1 0 
1 0 
2 3 57 58 0 
2 3 56 59 0 
1 0 
1 0 
2 3 61 62 0 
2 3 60 63 0 
2 3 55 64 0 
2 3 52 65 0 
2 3 51 66 0 
1 0 
2 3 67 68 0 
2 3 48 69 0 
2 3 47 70 0 
1 0 
1 0 
1 0 
2 3 73 74 0 
1 0 
1 0 
1 0 
1 0 
2 3 78 79 0 
2 3 77 80 0 
1 0 
1 0 
2 3 82 83 0 
2 3 81 84 0 
2 3 76 85 0 
2 3 75 86 0 
2 3 72 87 0 
2 3 71 88 0 
2 3 40 89 0 
1 0 
2 3 90 91 0 
2 3 39 92 0 
3 2 0 93 
3 2 0 39 
3 2 0 92 
3 2 0 90 
3 2 0 40 
3 2 0 89 
3 2 0 71 
3 2 0 47 
3 2 0 41 
3 2 0 46 
3 2 0 42 
3 2 0 45 
3 2 0 43 
3 2 0 44 
3 2 0 70 
3 2 0 48 
3 2 0 69 
3 2 0 67 
3 2 0 51 
3 2 0 49 
3 2 0 50 
3 2 0 66 
3 2 0 52 
3 2 0 65 
3 2 0 55 
3 2 0 53 
3 2 0 54 
3 2 0 64 
3 2 0 60 
3 2 0 56 
3 2 0 59 
3 2 0 57 
3 2 0 58 
3 2 0 63 
3 2 0 61 
3 2 0 62 
3 2 0 68 
3 2 0 88 
3 2 0 72 
3 2 0 87 
3 2 0 75 
3 2 0 73 
3 2 0 74 
3 2 0 86 
3 2 0 76 
3 2 0 85 
3 2 0 81 
3 2 0 77 
3 2 0 80 
3 2 0 78 
3 2 0 79 
3 2 0 84 
3 2 0 82 
3 2 0 83 
3 2 0 91 
1 0 
1 0 
1 0 
2 3 150 151 0 
2 3 149 152 0 
1 0 
1 0 
1 0 
1 0 
1 0 
1 0 
2 3 158 159 0 
1 0 
2 3 160 161 0 
2 3 157 162 0 
2 3 156 163 0 
2 3 155 164 0 
2 3 154 165 0 
1 0 
2 3 166 167 0 
1 0 
1 0 
1 0 
2 3 170 171 0 
1 0 
1 0 
1 0 
2 3 174 175 0 
1 0 
1 0 
2 3 177 178 0 
2 3 176 179 0 
2 3 173 180 0 
2 3 172 181 0 
1 0 
1 0 
1 0 
1 0 
1 0 
1 0 
2 3 187 188 0 
1 0 
2 3 189 190 0 
1 0 
1 0 
1 0 
2 3 193 194 0 
2 3 192 195 0 
2 3 191 196 0 
2 3 186 197 0 
2 3 185 198 0 
2 3 184 199 0 
2 3 183 200 0 
2 3 182 201 0 
2 3 169 202 0 
2 3 168 203 0 
1 0 
2 3 204 205 0 
2 3 153 206 0 
3 2 0 207 
3 2 0 153 
3 2 0 149 
3 2 0 152 
3 2 0 150 
3 2 0 151 
3 2 0 206 
3 2 0 204 
3 2 0 168 
3 2 0 166 
3 2 0 154 
3 2 0 165 
3 2 0 155 
3 2 0 164 
3 2 0 156 
3 2 0 163 
3 2 0 157 
3 2 0 162 
3 2 0 160 
3 2 0 158 
3 2 0 159 
3 2 0 161 
3 2 0 167 
3 2 0 203 
3 2 0 169 
3 2 0 202 
3 2 0 182 
3 2 0 172 
3 2 0 170 
3 2 0 171 
3 2 0 181 
3 2 0 173 
3 2 0 180 
3 2 0 176 
3 2 0 174 
3 2 0 175 
3 2 0 179 
3 2 0 177 
3 2 0 178 
3 2 0 201 
3 2 0 183 
3 2 0 200 
3 2 0 184 
3 2 0 199 
3 2 0 185 
3 2 0 198 
3 2 0 186 
3 2 0 197 
3 2 0 191 
3 2 0 189 
3 2 0 187 
3 2 0 188 
3 2 0 190 
3 2 0 196 
3 2 0 192 
3 2 0 195 
3 2 0 193 
3 2 0 194 
3 2 0 205 
1 0 
1 0 
1 0 
1 0 
2 3 269 270 0 
2 3 268 271 0 
2 3 267 272 0 
1 0 
1 0 
1 0 
2 3 275 276 0 
1 0 
1 0 
2 3 278 279 0 
2 3 277 280 0 
2 3 274 281 0 
2 3 273 282 0 
1 0 
1 0 
1 0 
1 0 
1 0 
1 0 
2 3 288 289 0 
2 3 287 290 0 
1 0 
1 0 
1 0 
2 3 293 294 0 
2 3 292 295 0 
2 3 291 296 0 
2 3 286 297 0 
2 3 285 298 0 
2 3 284 299 0 
1 0 
2 3 300 301 0 
2 3 283 302 0 
3 2 0 303 
3 2 0 283 
3 2 0 273 
3 2 0 267 
3 2 0 272 
3 2 0 268 
3 2 0 271 
3 2 0 269 
3 2 0 270 
3 2 0 282 
3 2 0 274 
3 2 0 281 
3 2 0 277 
3 2 0 275 
3 2 0 276 
3 2 0 280 
3 2 0 278 
3 2 0 279 
3 2 0 302 
3 2 0 300 
3 2 0 284 
3 2 0 299 
3 2 0 285 
3 2 0 298 
3 2 0 286 
3 2 0 297 
3 2 0 291 
3 2 0 287 
3 2 0 290 
3 2 0 288 
3 2 0 289 
3 2 0 296 
3 2 0 292 
3 2 0 295 
3 2 0 293 
3 2 0 294 
3 2 0 301 
1 0 
1 0 
1 0 
1 0 
2 3 343 344 0 
2 3 342 345 0 
2 3 341 346 0 
1 0 
1 0 
1 0 
1 0 
1 0 
2 3 351 352 0 
2 3 350 353 0 
2 3 349 354 0 
2 3 348 355 0 
2 3 347 356 0 
1 0 
1 0 
1 0 
1 0 
1 0 
1 0 
1 0 
1 0 
1 0 
2 3 365 366 0 
2 3 364 367 0 
2 3 363 368 0 
2 3 362 369 0 
2 3 361 370 0 
2 3 360 371 0 
2 3 359 372 0 
2 3 358 373 0 
1 0 
2 3 374 375 0 
2 3 357 376 0 
3 2 0 377 
3 2 0 357 
3 2 0 347 
3 2 0 341 
3 2 0 346 
3 2 0 342 
3 2 0 345 
3 2 0 343 
3 2 0 344 
3 2 0 356 
3 2 0 348 
3 2 0 355 
3 2 0 349 
3 2 0 354 
3 2 0 350 
3 2 0 353 
3 2 0 351 
3 2 0 352 
3 2 0 376 
3 2 0 374 
3 2 0 358 
3 2 0 373 
3 2 0 359 
3 2 0 372 
3 2 0 360 
3 2 0 371 
3 2 0 361 
3 2 0 370 
3 2 0 362 
3 2 0 369 
3 2 0 363 
3 2 0 368 
3 2 0 364 
3 2 0 367 
3 2 0 365 
3 2 0 366 
3 2 0 375 
1 0 
1 0 
1 0 
1 0 
2 3 417 418 0 
1 0 
2 3 419 420 0 
1 0 
2 3 421 422 0 
2 3 416 423 0 
2 3 415 424 0 
1 0 
1 0 
2 3 426 427 0 
1 0 
1 0 
2 3 429 430 0 
1 0 
1 0 
2 3 432 433 0 
2 3 431 434 0 
2 3 428 435 0 
1 0 
2 3 436 437 0 
2 3 425 438 0 
3 2 0 439 
3 2 0 425 
3 2 0 415 
3 2 0 424 
3 2 0 416 
3 2 0 423 
3 2 0 421 
3 2 0 419 
3 2 0 417 
3 2 0 418 
3 2 0 420 
3 2 0 422 
3 2 0 438 
3 2 0 436 
3 2 0 428 
3 2 0 426 
3 2 0 427 
3 2 0 435 
3 2 0 431 
3 2 0 429 
3 2 0 430 
3 2 0 434 
3 2 0 432 
3 2 0 433 
3 2 0 437 
1 0 
1 0 
1 0 
1 0 
1 0 
2 3 468 469 0 
2 3 467 470 0 
2 3 466 471 0 
2 3 465 472 0 
1 0 
1 0 
1 0 
2 3 475 476 0 
2 3 474 477 0 
2 3 473 478 0 
1 0 
1 0 
1 0 
1 0 
1 0 
2 3 483 484 0 
2 3 482 485 0 
2 3 481 486 0 
2 3 480 487 0 
1 0 
2 3 488 489 0 
2 3 479 490 0 
3 2 0 491 
3 2 0 479 
3 2 0 473 
3 2 0 465 
3 2 0 472 
3 2 0 466 
3 2 0 471 
3 2 0 467 
3 2 0 470 
3 2 0 468 
3 2 0 469 
3 2 0 478 
3 2 0 474 
3 2 0 477 
3 2 0 475 
3 2 0 476 
3 2 0 490 
3 2 0 488 
3 2 0 480 
3 2 0 487 
3 2 0 481 
3 2 0 486 
3 2 0 482 
3 2 0 485 
3 2 0 483 
3 2 0 484 
3 2 0 489 
1 0 
1 0 
1 0 
1 0 
1 0 
2 3 522 523 0 
2 3 521 524 0 
2 3 520 525 0 
2 3 519 526 0 
1 0 
1 0 
1 0 
1 0 
1 0 
1 0 
1 0 
1 0 
1 0 
1 0 
2 3 536 537 0 
2 3 535 538 0 
1 0 
1 0 
1 0 
2 3 541 542 0 
2 3 540 543 0 
2 3 539 544 0 
2 3 534 545 0 
2 3 533 546 0 
2 3 532 547 0 
2 3 531 548 0 
2 3 530 549 0 
2 3 529 550 0 
2 3 528 551 0 
1 0 
2 3 552 553 0 
2 3 527 554 0 
3 2 0 555 
3 2 0 527 
3 2 0 519 
3 2 0 526 
3 2 0 520 
3 2 0 525 
3 2 0 521 
3 2 0 524 
3 2 0 522 
3 2 0 523 
3 2 0 554 
3 2 0 552 
3 2 0 528 
3 2 0 551 
3 2 0 529 
3 2 0 550 
3 2 0 530 
3 2 0 549 
3 2 0 531 
3 2 0 548 
3 2 0 532 
3 2 0 547 
3 2 0 533 
3 2 0 546 
3 2 0 534 
3 2 0 545 
3 2 0 539 
3 2 0 535 
3 2 0 538 
3 2 0 536 
3 2 0 537 
3 2 0 544 
3 2 0 540 
3 2 0 543 
3 2 0 541 
3 2 0 542 
3 2 0 553 
1 0 
1 0 
1 0 
1 0 
1 0 
2 3 596 597 0 
2 3 595 598 0 
2 3 594 599 0 
2 3 593 600 0 
1 0 
1 0 
1 0 
1 0 
2 3 604 605 0 
2 3 603 606 0 
2 3 602 607 0 
2 3 601 608 0 
1 0 
1 0 
1 0 
1 0 
2 3 612 613 0 
1 0 
1 0 
2 3 615 616 0 
2 3 614 617 0 
2 3 611 618 0 
2 3 610 619 0 
1 0 
1 0 
1 0 
2 3 622 623 0 
2 3 621 624 0 
2 3 620 625 0 
1 0 
2 3 626 627 0 
2 3 609 628 0 
3 2 0 629 
3 2 0 609 
3 2 0 601 
3 2 0 593 
3 2 0 600 
3 2 0 594 
3 2 0 599 
3 2 0 595 
3 2 0 598 
3 2 0 596 
3 2 0 597 
3 2 0 608 
3 2 0 602 
3 2 0 607 
3 2 0 603 
3 2 0 606 
3 2 0 604 
3 2 0 605 
3 2 0 628 
3 2 0 626 
3 2 0 620 
3 2 0 610 
3 2 0 619 
3 2 0 611 
3 2 0 618 
3 2 0 614 
3 2 0 612 
3 2 0 613 
3 2 0 617 
3 2 0 615 
3 2 0 616 
3 2 0 625 
3 2 0 621 
3 2 0 624 
3 2 0 622 
3 2 0 623 
3 2 0 627 
1 0 
1 0 
2 3 667 668 0 
1 0 
1 0 
2 3 670 671 0 
1 0 
1 0 
1 0 
1 0 
2 3 675 676 0 
2 3 674 677 0 
1 0 
2 3 678 679 0 
1 0 
1 0 
2 3 681 682 0 
2 3 680 683 0 
1 0 
2 3 684 685 0 
1 0 
1 0 
1 0 
1 0 
2 3 689 690 0 
2 3 688 691 0 
2 3 687 692 0 
2 3 686 693 0 
1 0 
2 3 694 695 0 
1 0 
1 0 
2 3 697 698 0 
2 3 696 699 0 
1 0 
2 3 700 701 0 
1 0 
1 0 
2 3 703 704 0 
2 3 702 705 0 
1 0 
2 3 706 707 0 
1 0 
1 0 
1 0 
1 0 
2 3 711 712 0 
2 3 710 713 0 
2 3 709 714 0 
2 3 708 715 0 
2 3 673 716 0 
2 3 672 717 0 
1 0 
1 0 
1 0 
2 3 720 721 0 
1 0 
1 0 
1 0 
1 0 
1 0 
1 0 
2 3 727 728 0 
2 3 726 729 0 
2 3 725 730 0 
2 3 724 731 0 
2 3 723 732 0 
2 3 722 733 0 
2 3 719 734 0 
2 3 718 735 0 
1 0 
2 3 736 737 0 
2 3 669 738 0 
3 2 0 739 
3 2 0 669 
3 2 0 667 
3 2 0 668 
3 2 0 738 
3 2 0 736 
3 2 0 718 
3 2 0 672 
3 2 0 670 
3 2 0 671 
3 2 0 717 
3 2 0 673 
3 2 0 716 
3 2 0 708 
3 2 0 706 
3 2 0 702 
3 2 0 700 
3 2 0 696 
3 2 0 694 
3 2 0 686 
3 2 0 684 
3 2 0 680 
3 2 0 678 
3 2 0 674 
3 2 0 677 
3 2 0 675 
3 2 0 676 
3 2 0 679 
3 2 0 683 
3 2 0 681 
3 2 0 682 
3 2 0 685 
3 2 0 693 
3 2 0 687 
3 2 0 692 
3 2 0 688 
3 2 0 691 
3 2 0 689 
3 2 0 690 
3 2 0 695 
3 2 0 699 
3 2 0 697 
3 2 0 698 
3 2 0 701 
3 2 0 705 
3 2 0 703 
3 2 0 704 
3 2 0 707 
3 2 0 715 
3 2 0 709 
3 2 0 714 
3 2 0 710 
3 2 0 713 
3 2 0 711 
3 2 0 712 
3 2 0 735 
3 2 0 719 
3 2 0 734 
3 2 0 722 
3 2 0 720 
3 2 0 721 
3 2 0 733 
3 2 0 723 
3 2 0 732 
3 2 0 724 
3 2 0 731 
3 2 0 725 
3 2 0 730 
3 2 0 726 
3 2 0 729 
3 2 0 727 
3 2 0 728 
3 2 0 737 
1 0 
1 0 
1 0 
2 3 814 815 0 
1 0 
1 0 
1 0 
2 3 818 819 0 
1 0 
2 3 820 821 0 
2 3 817 822 0 
2 3 816 823 0 
1 0 
2 3 824 825 0 
1 0 
1 0 
1 0 
2 3 828 829 0 
1 0 
1 0 
2 3 831 832 0 
2 3 830 833 0 
1 0 
2 3 834 835 0 
2 3 827 836 0 
1 0 
1 0 
1 0 
2 3 839 840 0 
1 0 
2 3 841 842 0 
1 0 
2 3 843 844 0 
1 0 
1 0 
2 3 846 847 0 
2 3 845 848 0 
2 3 838 849 0 
2 3 837 850 0 
2 3 826 851 0 
1 0 
2 3 852 853 0 
2 3 813 854 0 
3 2 0 855 
3 2 0 813 
3 2 0 854 
3 2 0 852 
3 2 0 826 
3 2 0 824 
3 2 0 816 
3 2 0 814 
3 2 0 815 
3 2 0 823 
3 2 0 817 
3 2 0 822 
3 2 0 820 
3 2 0 818 
3 2 0 819 
3 2 0 821 
3 2 0 825 
3 2 0 851 
3 2 0 837 
3 2 0 827 
3 2 0 836 
3 2 0 834 
3 2 0 830 
3 2 0 828 
3 2 0 829 
3 2 0 833 
3 2 0 831 
3 2 0 832 
3 2 0 835 
3 2 0 850 
3 2 0 838 
3 2 0 849 
3 2 0 845 
3 2 0 843 
3 2 0 841 
3 2 0 839 
3 2 0 840 
3 2 0 842 
3 2 0 844 
3 2 0 848 
3 2 0 846 
3 2 0 847 
3 2 0 853 
1 0 
1 0 
1 0 
2 3 900 901 0 
2 3 899 902 0 
1 0 
1 0 
1 0 
2 3 905 906 0 
2 3 904 907 0 
2 3 903 908 0 
1 0 
1 0 
1 0 
2 3 911 912 0 
2 3 910 913 0 
2 3 909 914 0 
3 2 0 915 
3 2 0 909 
3 2 0 903 
3 2 0 899 
3 2 0 902 
3 2 0 900 
3 2 0 901 
3 2 0 908 
3 2 0 904 
3 2 0 907 
3 2 0 905 
3 2 0 906 
3 2 0 914 
3 2 0 910 
3 2 0 913 
3 2 0 911 
3 2 0 912 
1 0 
1 0 
1 0 
1 0 
2 3 935 936 0 
2 3 934 937 0 
2 3 933 938 0 
1 0 
1 0 
1 0 
1 0 
1 0 
1 0 
1 0 
1 0 
2 3 946 947 0 
1 0 
1 0 
2 3 949 950 0 
2 3 948 951 0 
1 0 
1 0 
2 3 953 954 0 
1 0 
1 0 
1 0 
1 0 
1 0 
2 3 959 960 0 
2 3 958 961 0 
2 3 957 962 0 
2 3 956 963 0 
2 3 955 964 0 
2 3 952 965 0 
2 3 945 966 0 
2 3 944 967 0 
2 3 943 968 0 
2 3 942 969 0 
2 3 941 970 0 
2 3 940 971 0 
1 0 
2 3 972 973 0 
2 3 939 974 0 
3 2 0 975 
3 2 0 939 
3 2 0 933 
3 2 0 938 
3 2 0 934 
3 2 0 937 
3 2 0 935 
3 2 0 936 
3 2 0 974 
3 2 0 972 
3 2 0 940 
3 2 0 971 
3 2 0 941 
3 2 0 970 
3 2 0 942 
3 2 0 969 
3 2 0 943 
3 2 0 968 
3 2 0 944 
3 2 0 967 
3 2 0 945 
3 2 0 966 
3 2 0 952 
3 2 0 948 
3 2 0 946 
3 2 0 947 
3 2 0 951 
3 2 0 949 
3 2 0 950 
3 2 0 965 
3 2 0 955 
3 2 0 953 
3 2 0 954 
3 2 0 964 
3 2 0 956 
3 2 0 963 
3 2 0 957 
3 2 0 962 
3 2 0 958 
3 2 0 961 
3 2 0 959 
3 2 0 960 
3 2 0 973 
1 0 
1 0 
1 0 
1 0 
1 0 
2 3 1022 1023 0 
1 0 
1 0 
1 0 
1 0 
2 3 1027 1028 0 
2 3 1026 1029 0 
2 3 1025 1030 0 
2 3 1024 1031 0 
2 3 1021 1032 0 
2 3 1020 1033 0 
2 3 1019 1034 0 
1 0 
1 0 
1 0 
1 0 
1 0 
1 0 
1 0 
1 0 
1 0 
2 3 1043 1044 0 
2 3 1042 1045 0 
2 3 1041 1046 0 
2 3 1040 1047 0 
2 3 1039 1048 0 
2 3 1038 1049 0 
1 0 
2 3 1050 1051 0 
2 3 1037 1052 0 
2 3 1036 1053 0 
2 3 1035 1054 0 
3 2 0 1055 
3 2 0 1035 
3 2 0 1019 
3 2 0 1034 
3 2 0 1020 
3 2 0 1033 
3 2 0 1021 
3 2 0 1032 
3 2 0 1024 
3 2 0 1022 
3 2 0 1023 
3 2 0 1031 
3 2 0 1025 
3 2 0 1030 
3 2 0 1026 
3 2 0 1029 
3 2 0 1027 
3 2 0 1028 
3 2 0 1054 
3 2 0 1036 
3 2 0 1053 
3 2 0 1037 
3 2 0 1052 
3 2 0 1050 
3 2 0 1038 
3 2 0 1049 
3 2 0 1039 
3 2 0 1048 
3 2 0 1040 
3 2 0 1047 
3 2 0 1041 
3 2 0 1046 
3 2 0 1042 
3 2 0 1045 
3 2 0 1043 
3 2 0 1044 
3 2 0 1051 
1 0 
1 0 
1 0 
2 3 1094 1095 0 
1 0 
1 0 
1 0 
2 3 1098 1099 0 
1 0 
2 3 1100 1101 0 
2 3 1097 1102 0 
2 3 1096 1103 0 
2 3 1093 1104 0 
1 0 
1 0 
1 0 
1 0 
1 0 
2 3 1109 1110 0 
2 3 1108 1111 0 
2 3 1107 1112 0 
2 3 1106 1113 0 
2 3 1105 1114 0 
1 0 
1 0 
1 0 
1 0 
2 3 1118 1119 0 
2 3 1117 1120 0 
2 3 1116 1121 0 
1 0 
2 3 1122 1123 0 
2 3 1115 1124 0 
3 2 0 1125 
3 2 0 1115 
3 2 0 1105 
3 2 0 1093 
3 2 0 1104 
3 2 0 1096 
3 2 0 1094 
3 2 0 1095 
3 2 0 1103 
3 2 0 1097 
3 2 0 1102 
3 2 0 1100 
3 2 0 1098 
3 2 0 1099 
3 2 0 1101 
3 2 0 1114 
3 2 0 1106 
3 2 0 1113 
3 2 0 1107 
3 2 0 1112 
3 2 0 1108 
3 2 0 1111 
3 2 0 1109 
3 2 0 1110 
3 2 0 1124 
3 2 0 1122 
3 2 0 1116 
3 2 0 1121 
3 2 0 1117 
3 2 0 1120 
3 2 0 1118 
3 2 0 1119 
3 2 0 1123 
1 0 
1 0 
1 0 
1 0 
2 3 1161 1162 0 
1 0 
1 0 
1 0 
1 0 
2 3 1166 1167 0 
2 3 1165 1168 0 
2 3 1164 1169 0 
1 0 
1 0 
1 0 
2 3 1172 1173 0 
1 0 
1 0 
1 0 
2 3 1176 1177 0 
1 0 
2 3 1178 1179 0 
1 0 
1 0 
2 3 1181 1182 0 
1 0 
1 0 
1 0 
2 3 1185 1186 0 
1 0 
1 0 
1 0 
1 0 
2 3 1190 1191 0 
2 3 1189 1192 0 
2 3 1188 1193 0 
2 3 1187 1194 0 
2 3 1184 1195 0 
2 3 1183 1196 0 
2 3 1180 1197 0 
2 3 1175 1198 0 
2 3 1174 1199 0 
2 3 1171 1200 0 
1 0 
2 3 1201 1202 0 
2 3 1170 1203 0 
2 3 1163 1204 0 
2 3 1160 1205 0 
2 3 1159 1206 0 
3 2 0 1207 
3 2 0 1159 
3 2 0 1206 
3 2 0 1160 
3 2 0 1205 
3 2 0 1163 
3 2 0 1161 
3 2 0 1162 
3 2 0 1204 
3 2 0 1170 
3 2 0 1164 
3 2 0 1169 
3 2 0 1165 
3 2 0 1168 
3 2 0 1166 
3 2 0 1167 
3 2 0 1203 
3 2 0 1201 
3 2 0 1171 
3 2 0 1200 
3 2 0 1174 
3 2 0 1172 
3 2 0 1173 
3 2 0 1199 
3 2 0 1175 
3 2 0 1198 
3 2 0 1180 
3 2 0 1178 
3 2 0 1176 
3 2 0 1177 
3 2 0 1179 
3 2 0 1197 
3 2 0 1183 
3 2 0 1181 
3 2 0 1182 
3 2 0 1196 
3 2 0 1184 
3 2 0 1195 
3 2 0 1187 
3 2 0 1185 
3 2 0 1186 
3 2 0 1194 
3 2 0 1188 
3 2 0 1193 
3 2 0 1189 
3 2 0 1192 
3 2 0 1190 
3 2 0 1191 
3 2 0 1202 
1 0 
1 0 
1 0 
2 3 1258 1259 0 
2 3 1257 1260 0 
1 0 
1 0 
1 0 
1 0 
1 0 
1 0 
2 3 1266 1267 0 
1 0 
1 0 
2 3 1269 1270 0 
2 3 1268 1271 0 
2 3 1265 1272 0 
2 3 1264 1273 0 
2 3 1263 1274 0 
2 3 1262 1275 0 
2 3 1261 1276 0 
1 0 
2 3 1277 1278 0 
1 0 
1 0 
1 0 
1 0 
1 0 
1 0 
1 0 
1 0 
2 3 1286 1287 0 
2 3 1285 1288 0 
2 3 1284 1289 0 
2 3 1283 1290 0 
2 3 1282 1291 0 
2 3 1281 1292 0 
2 3 1280 1293 0 
2 3 1279 1294 0 
1 0 
2 3 1295 1296 0 
3 2 0 1297 
3 2 0 1295 
3 2 0 1279 
3 2 0 1277 
3 2 0 1261 
3 2 0 1257 
3 2 0 1260 
3 2 0 1258 
3 2 0 1259 
3 2 0 1276 
3 2 0 1262 
3 2 0 1275 
3 2 0 1263 
3 2 0 1274 
3 2 0 1264 
3 2 0 1273 
3 2 0 1265 
3 2 0 1272 
3 2 0 1268 
3 2 0 1266 
3 2 0 1267 
3 2 0 1271 
3 2 0 1269 
3 2 0 1270 
3 2 0 1278 
3 2 0 1294 
3 2 0 1280 
3 2 0 1293 
3 2 0 1281 
3 2 0 1292 
3 2 0 1282 
3 2 0 1291 
3 2 0 1283 
3 2 0 1290 
3 2 0 1284 
3 2 0 1289 
3 2 0 1285 
3 2 0 1288 
3 2 0 1286 
3 2 0 1287 
3 2 0 1296 
1 0 
1 0 
1 0 
1 0 
1 0 
1 0 
2 3 1343 1344 0 
1 0 
2 3 1345 1346 0 
1 0 
1 0 
2 3 1348 1349 0 
2 3 1347 1350 0 
2 3 1342 1351 0 
2 3 1341 1352 0 
1 0 
2 3 1353 1354 0 
2 3 1340 1355 0 
2 3 1339 1356 0 
3 2 0 1357 
3 2 0 1339 
3 2 0 1356 
3 2 0 1340 
3 2 0 1355 
3 2 0 1353 
3 2 0 1341 
3 2 0 1352 
3 2 0 1342 
3 2 0 1351 
3 2 0 1347 
3 2 0 1345 
3 2 0 1343 
3 2 0 1344 
3 2 0 1346 
3 2 0 1350 
3 2 0 1348 
3 2 0 1349 
3 2 0 1354 
1 0 
1 0 
1 0 
1 0 
1 0 
1 0 
1 0 
2 3 1382 1383 0 
2 3 1381 1384 0 
2 3 1380 1385 0 
2 3 1379 1386 0 
2 3 1378 1387 0 
2 3 1377 1388 0 
1 0 
1 0 
1 0 
1 0 
1 0 
1 0 
1 0 
1 0 
2 3 1396 1397 0 
2 3 1395 1398 0 
2 3 1394 1399 0 
2 3 1393 1400 0 
2 3 1392 1401 0 
2 3 1391 1402 0 
1 0 
1 0 
1 0 
2 3 1405 1406 0 
1 0 
1 0 
1 0 
1 0 
1 0 
2 3 1411 1412 0 
2 3 1410 1413 0 
2 3 1409 1414 0 
1 0 
2 3 1415 1416 0 
2 3 1408 1417 0 
2 3 1407 1418 0 
2 3 1404 1419 0 
2 3 1403 1420 0 
2 3 1390 1421 0 
2 3 1389 1422 0 
3 2 0 1423 
3 2 0 1389 
3 2 0 1377 
3 2 0 1388 
3 2 0 1378 
3 2 0 1387 
3 2 0 1379 
3 2 0 1386 
3 2 0 1380 
3 2 0 1385 
3 2 0 1381 
3 2 0 1384 
3 2 0 1382 
3 2 0 1383 
3 2 0 1422 
3 2 0 1390 
3 2 0 1421 
3 2 0 1403 
3 2 0 1391 
3 2 0 1402 
3 2 0 1392 
3 2 0 1401 
3 2 0 1393 
3 2 0 1400 
3 2 0 1394 
3 2 0 1399 
3 2 0 1395 
3 2 0 1398 
3 2 0 1396 
3 2 0 1397 
3 2 0 1420 
3 2 0 1404 
3 2 0 1419 
3 2 0 1407 
3 2 0 1405 
3 2 0 1406 
3 2 0 1418 
3 2 0 1408 
3 2 0 1417 
3 2 0 1415 
3 2 0 1409 
3 2 0 1414 
3 2 0 1410 
3 2 0 1413 
3 2 0 1411 
3 2 0 1412 
3 2 0 1416 
1 0 
1 0 
1 0 
1 0 
1 0 
2 3 1474 1475 0 
1 0 
1 0 
1 0 
1 0 
2 3 1479 1480 0 
2 3 1478 1481 0 
2 3 1477 1482 0 
2 3 1476 1483 0 
2 3 1473 1484 0 
2 3 1472 1485 0 
2 3 1471 1486 0 
1 0 
1 0 
1 0 
1 0 
2 3 1490 1491 0 
1 0 
2 3 1492 1493 0 
1 0 
1 0 
1 0 
1 0 
1 0 
2 3 1498 1499 0 
1 0 
2 3 1500 1501 0 
2 3 1497 1502 0 
2 3 1496 1503 0 
2 3 1495 1504 0 
2 3 1494 1505 0 
2 3 1489 1506 0 
1 0 
1 0 
1 0 
1 0 
2 3 1510 1511 0 
2 3 1509 1512 0 
2 3 1508 1513 0 
2 3 1507 1514 0 
1 0 
2 3 1515 1516 0 
2 3 1488 1517 0 
1 0 
1 0 
2 3 1519 1520 0 
1 0 
2 3 1521 1522 0 
1 0 
1 0 
1 0 
2 3 1525 1526 0 
1 0 
1 0 
1 0 
2 3 1529 1530 0 
2 3 1528 1531 0 
2 3 1527 1532 0 
1 0 
1 0 
1 0 
2 3 1535 1536 0 
1 0 
1 0 
1 0 
2 3 1539 1540 0 
1 0 
1 0 
1 0 
2 3 1543 1544 0 
1 0 
2 3 1545 1546 0 
2 3 1542 1547 0 
2 3 1541 1548 0 
2 3 1538 1549 0 
2 3 1537 1550 0 
2 3 1534 1551 0 
2 3 1533 1552 0 
2 3 1524 1553 0 
1 0 
2 3 1554 1555 0 
2 3 1523 1556 0 
2 3 1518 1557 0 
2 3 1487 1558 0 
3 2 0 1559 
3 2 0 1487 
3 2 0 1471 
3 2 0 1486 
3 2 0 1472 
3 2 0 1485 
3 2 0 1473 
3 2 0 1484 
3 2 0 1476 
3 2 0 1474 
3 2 0 1475 
3 2 0 1483 
3 2 0 1477 
3 2 0 1482 
3 2 0 1478 
3 2 0 1481 
3 2 0 1479 
3 2 0 1480 
3 2 0 1558 
3 2 0 1518 
3 2 0 1488 
3 2 0 1517 
3 2 0 1515 
3 2 0 1507 
3 2 0 1489 
3 2 0 1506 
3 2 0 1494 
3 2 0 1492 
3 2 0 1490 
3 2 0 1491 
3 2 0 1493 
3 2 0 1505 
3 2 0 1495 
3 2 0 1504 
3 2 0 1496 
3 2 0 1503 
3 2 0 1497 
3 2 0 1502 
3 2 0 1500 
3 2 0 1498 
3 2 0 1499 
3 2 0 1501 
3 2 0 1514 
3 2 0 1508 
3 2 0 1513 
3 2 0 1509 
3 2 0 1512 
3 2 0 1510 
3 2 0 1511 
3 2 0 1516 
3 2 0 1557 
3 2 0 1523 
3 2 0 1521 
3 2 0 1519 
3 2 0 1520 
3 2 0 1522 
3 2 0 1556 
3 2 0 1554 
3 2 0 1524 
3 2 0 1553 
3 2 0 1533 
3 2 0 1527 
3 2 0 1525 
3 2 0 1526 
3 2 0 1532 
3 2 0 1528 
3 2 0 1531 
3 2 0 1529 
3 2 0 1530 
3 2 0 1552 
3 2 0 1534 
3 2 0 1551 
3 2 0 1537 
3 2 0 1535 
3 2 0 1536 
3 2 0 1550 
3 2 0 1538 
3 2 0 1549 
3 2 0 1541 
3 2 0 1539 
3 2 0 1540 
3 2 0 1548 
3 2 0 1542 
3 2 0 1547 
3 2 0 1545 
3 2 0 1543 
3 2 0 1544 
3 2 0 1546 
3 2 0 1555 
1 0 
1 0 
1 0 
1 0 
1 0 
1 0 
2 3 1653 1654 0 
2 3 1652 1655 0 
1 0 
1 0 
1 0 
2 3 1658 1659 0 
2 3 1657 1660 0 
2 3 1656 1661 0 
1 0 
2 3 1662 1663 0 
1 0 
1 0 
2 3 1665 1666 0 
1 0 
1 0 
2 3 1668 1669 0 
2 3 1667 1670 0 
2 3 1664 1671 0 
2 3 1651 1672 0 
2 3 1650 1673 0 
1 0 
2 3 1674 1675 0 
2 3 1649 1676 0 
3 2 0 1677 
3 2 0 1649 
3 2 0 1676 
3 2 0 1674 
3 2 0 1650 
3 2 0 1673 
3 2 0 1651 
3 2 0 1672 
3 2 0 1664 
3 2 0 1662 
3 2 0 1656 
3 2 0 1652 
3 2 0 1655 
3 2 0 1653 
3 2 0 1654 
3 2 0 1661 
3 2 0 1657 
3 2 0 1660 
3 2 0 1658 
3 2 0 1659 
3 2 0 1663 
3 2 0 1671 
3 2 0 1667 
3 2 0 1665 
3 2 0 1666 
3 2 0 1670 
3 2 0 1668 
3 2 0 1669 
3 2 0 1675 
1 0 
1 0 
1 0 
1 0 
1 0 
2 3 1710 1711 0 
1 0 
1 0 
2 3 1713 1714 0 
2 3 1712 1715 0 
2 3 1709 1716 0 
2 3 1708 1717 0 
2 3 1707 1718 0 
1 0 
1 0 
1 0 
2 3 1721 1722 0 
1 0 
1 0 
1 0 
1 0 
1 0 
2 3 1727 1728 0 
2 3 1726 1729 0 
2 3 1725 1730 0 
2 3 1724 1731 0 
2 3 1723 1732 0 
2 3 1720 1733 0 
2 3 1719 1734 0 
1 0 
2 3 1735 1736 0 
3 2 0 1737 
3 2 0 1735 
3 2 0 1719 
3 2 0 1707 
3 2 0 1718 
3 2 0 1708 
3 2 0 1717 
3 2 0 1709 
3 2 0 1716 
3 2 0 1712 
3 2 0 1710 
3 2 0 1711 
3 2 0 1715 
3 2 0 1713 
3 2 0 1714 
3 2 0 1734 
3 2 0 1720 
3 2 0 1733 
3 2 0 1723 
3 2 0 1721 
3 2 0 1722 
3 2 0 1732 
3 2 0 1724 
3 2 0 1731 
3 2 0 1725 
3 2 0 1730 
3 2 0 1726 
3 2 0 1729 
3 2 0 1727 
3 2 0 1728 
3 2 0 1736 
1 0 
1 0 
1 0 
1 0 
1 0 
1 0 
2 3 1773 1774 0 
2 3 1772 1775 0 
1 0 
2 3 1776 1777 0 
2 3 1771 1778 0 
2 3 1770 1779 0 
2 3 1769 1780 0 
1 0 
2 3 1781 1782 0 
1 0 
2 3 1783 1784 0 
1 0 
1 0 
1 0 
1 0 
1 0 
1 0 
1 0 
2 3 1791 1792 0 
1 0 
2 3 1793 1794 0 
1 0 
2 3 1795 1796 0 
1 0 
1 0 
1 0 
1 0 
2 3 1800 1801 0 
2 3 1799 1802 0 
1 0 
1 0 
2 3 1804 1805 0 
2 3 1803 1806 0 
2 3 1798 1807 0 
2 3 1797 1808 0 
2 3 1790 1809 0 
2 3 1789 1810 0 
2 3 1788 1811 0 
2 3 1787 1812 0 
2 3 1786 1813 0 
2 3 1785 1814 0 
1 0 
2 3 1815 1816 0 
3 2 0 1817 
3 2 0 1815 
3 2 0 1785 
3 2 0 1783 
3 2 0 1781 
3 2 0 1769 
3 2 0 1780 
3 2 0 1770 
3 2 0 1779 
3 2 0 1771 
3 2 0 1778 
3 2 0 1776 
3 2 0 1772 
3 2 0 1775 
3 2 0 1773 
3 2 0 1774 
3 2 0 1777 
3 2 0 1782 
3 2 0 1784 
3 2 0 1814 
3 2 0 1786 
3 2 0 1813 
3 2 0 1787 
3 2 0 1812 
3 2 0 1788 
3 2 0 1811 
3 2 0 1789 
3 2 0 1810 
3 2 0 1790 
3 2 0 1809 
3 2 0 1797 
3 2 0 1795 
3 2 0 1793 
3 2 0 1791 
3 2 0 1792 
3 2 0 1794 
3 2 0 1796 
3 2 0 1808 
3 2 0 1798 
3 2 0 1807 
3 2 0 1803 
3 2 0 1799 
3 2 0 1802 
3 2 0 1800 
3 2 0 1801 
3 2 0 1806 
3 2 0 1804 
3 2 0 1805 
3 2 0 1816 
1 0 
1 0 
1 0 
2 3 1868 1869 0 
2 3 1867 1870 0 
1 0 
1 0 
1 0 
1 0 
2 3 1874 1875 0 
1 0 
1 0 
1 0 
1 0 
2 3 1879 1880 0 
2 3 1878 1881 0 
2 3 1877 1882 0 
2 3 1876 1883 0 
2 3 1873 1884 0 
1 0 
1 0 
1 0 
1 0 
1 0 
2 3 1889 1890 0 
2 3 1888 1891 0 
2 3 1887 1892 0 
2 3 1886 1893 0 
2 3 1885 1894 0 
2 3 1872 1895 0 
1 0 
2 3 1896 1897 0 
2 3 1871 1898 0 
3 2 0 1899 
3 2 0 1871 
3 2 0 1867 
3 2 0 1870 
3 2 0 1868 
3 2 0 1869 
3 2 0 1898 
3 2 0 1896 
3 2 0 1872 
3 2 0 1895 
3 2 0 1885 
3 2 0 1873 
3 2 0 1884 
3 2 0 1876 
3 2 0 1874 
3 2 0 1875 
3 2 0 1883 
3 2 0 1877 
3 2 0 1882 
3 2 0 1878 
3 2 0 1881 
3 2 0 1879 
3 2 0 1880 
3 2 0 1894 
3 2 0 1886 
3 2 0 1893 
3 2 0 1887 
3 2 0 1892 
3 2 0 1888 
3 2 0 1891 
3 2 0 1889 
3 2 0 1890 
3 2 0 1897 
1 0 
1 0 
1 0 
1 0 
1 0 
1 0 
1 0 
1 0 
2 3 1939 1940 0 
2 3 1938 1941 0 
2 3 1937 1942 0 
2 3 1936 1943 0 
2 3 1935 1944 0 
1 0 
1 0 
1 0 
1 0 
2 3 1948 1949 0 
1 0 
1 0 
1 0 
1 0 
2 3 1953 1954 0 
2 3 1952 1955 0 
2 3 1951 1956 0 
2 3 1950 1957 0 
2 3 1947 1958 0 
1 0 
2 3 1959 1960 0 
2 3 1946 1961 0 
2 3 1945 1962 0 
2 3 1934 1963 0 
2 3 1933 1964 0 
3 2 0 1965 
3 2 0 1933 
3 2 0 1964 
3 2 0 1934 
3 2 0 1963 
3 2 0 1945 
3 2 0 1935 
3 2 0 1944 
3 2 0 1936 
3 2 0 1943 
3 2 0 1937 
3 2 0 1942 
3 2 0 1938 
3 2 0 1941 
3 2 0 1939 
3 2 0 1940 
3 2 0 1962 
3 2 0 1946 
3 2 0 1961 
3 2 0 1959 
3 2 0 1947 
3 2 0 1958 
3 2 0 1950 
3 2 0 1948 
3 2 0 1949 
3 2 0 1957 
3 2 0 1951 
3 2 0 1956 
3 2 0 1952 
3 2 0 1955 
3 2 0 1953 
3 2 0 1954 
3 2 0 1960 
1 0 
1 0 
1 0 
1 0 
1 0 
2 3 2002 2003 0 
2 3 2001 2004 0 
1 0 
1 0 
1 0 
1 0 
2 3 2008 2009 0 
2 3 2007 2010 0 
2 3 2006 2011 0 
2 3 2005 2012 0 
2 3 2000 2013 0 
2 3 1999 2014 0 
1 0 
1 0 
1 0 
2 3 2017 2018 0 
1 0 
1 0 
1 0 
1 0 
1 0 
2 3 2023 2024 0 
2 3 2022 2025 0 
2 3 2021 2026 0 
2 3 2020 2027 0 
1 0 
2 3 2028 2029 0 
2 3 2019 2030 0 
2 3 2016 2031 0 
2 3 2015 2032 0 
3 2 0 2033 
3 2 0 2015 
3 2 0 1999 
3 2 0 2014 
3 2 0 2000 
3 2 0 2013 
3 2 0 2005 
3 2 0 2001 
3 2 0 2004 
3 2 0 2002 
3 2 0 2003 
3 2 0 2012 
3 2 0 2006 
3 2 0 2011 
3 2 0 2007 
3 2 0 2010 
3 2 0 2008 
3 2 0 2009 
3 2 0 2032 
3 2 0 2016 
3 2 0 2031 
3 2 0 2019 
3 2 0 2017 
3 2 0 2018 
3 2 0 2030 
3 2 0 2028 
3 2 0 2020 
3 2 0 2027 
3 2 0 2021 
3 2 0 2026 
3 2 0 2022 
3 2 0 2025 
3 2 0 2023 
3 2 0 2024 
3 2 0 2029 
1 0 
1 0 
1 0 
2 3 2070 2071 0 
1 0 
1 0 
1 0 
1 0 
2 3 2075 2076 0 
1 0 
1 0 
1 0 
1 0 
1 0 
1 0 
1 0 
1 0 
1 0 
2 3 2085 2086 0 
2 3 2084 2087 0 
2 3 2083 2088 0 
1 0 
2 3 2089 2090 0 
2 3 2082 2091 0 
1 0 
1 0 
1 0 
1 0 
2 3 2095 2096 0 
2 3 2094 2097 0 
2 3 2093 2098 0 
2 3 2092 2099 0 
2 3 2081 2100 0 
2 3 2080 2101 0 
2 3 2079 2102 0 
2 3 2078 2103 0 
2 3 2077 2104 0 
2 3 2074 2105 0 
2 3 2073 2106 0 
2 3 2072 2107 0 
2 3 2069 2108 0 
1 0 
1 0 
1 0 
1 0 
1 0 
1 0 
1 0 
1 0 
1 0 
2 3 2117 2118 0 
1 0 
1 0 
2 3 2120 2121 0 
1 0 
1 0 
1 0 
2 3 2124 2125 0 
2 3 2123 2126 0 
2 3 2122 2127 0 
1 0 
2 3 2128 2129 0 
1 0 
1 0 
2 3 2131 2132 0 
1 0 
2 3 2133 2134 0 
1 0 
1 0 
2 3 2136 2137 0 
2 3 2135 2138 0 
2 3 2130 2139 0 
2 3 2119 2140 0 
2 3 2116 2141 0 
2 3 2115 2142 0 
2 3 2114 2143 0 
2 3 2113 2144 0 
2 3 2112 2145 0 
1 0 
2 3 2146 2147 0 
2 3 2111 2148 0 
2 3 2110 2149 0 
2 3 2109 2150 0 
3 2 0 2151 
3 2 0 2109 
3 2 0 2069 
3 2 0 2108 
3 2 0 2072 
3 2 0 2070 
3 2 0 2071 
3 2 0 2107 
3 2 0 2073 
3 2 0 2106 
3 2 0 2074 
3 2 0 2105 
3 2 0 2077 
3 2 0 2075 
3 2 0 2076 
3 2 0 2104 
3 2 0 2078 
3 2 0 2103 
3 2 0 2079 
3 2 0 2102 
3 2 0 2080 
3 2 0 2101 
3 2 0 2081 
3 2 0 2100 
3 2 0 2092 
3 2 0 2082 
3 2 0 2091 
3 2 0 2089 
3 2 0 2083 
3 2 0 2088 
3 2 0 2084 
3 2 0 2087 
3 2 0 2085 
3 2 0 2086 
3 2 0 2090 
3 2 0 2099 
3 2 0 2093 
3 2 0 2098 
3 2 0 2094 
3 2 0 2097 
3 2 0 2095 
3 2 0 2096 
3 2 0 2150 
3 2 0 2110 
3 2 0 2149 
3 2 0 2111 
3 2 0 2148 
3 2 0 2146 
3 2 0 2112 
3 2 0 2145 
3 2 0 2113 
3 2 0 2144 
3 2 0 2114 
3 2 0 2143 
3 2 0 2115 
3 2 0 2142 
3 2 0 2116 
3 2 0 2141 
3 2 0 2119 
3 2 0 2117 
3 2 0 2118 
3 2 0 2140 
3 2 0 2130 
3 2 0 2128 
3 2 0 2122 
3 2 0 2120 
3 2 0 2121 
3 2 0 2127 
3 2 0 2123 
3 2 0 2126 
3 2 0 2124 
3 2 0 2125 
3 2 0 2129 
3 2 0 2139 
3 2 0 2135 
3 2 0 2133 
3 2 0 2131 
3 2 0 2132 
3 2 0 2134 
3 2 0 2138 
3 2 0 2136 
3 2 0 2137 
3 2 0 2147 
1 0 
1 0 
1 0 
1 0 
1 0 
1 0 
1 0 
2 3 2240 2241 0 
1 0 
1 0 
1 0 
1 0 
1 0 
2 3 2246 2247 0 
2 3 2245 2248 0 
1 0 
1 0 
2 3 2250 2251 0 
2 3 2249 2252 0 
2 3 2244 2253 0 
2 3 2243 2254 0 
1 0 
1 0 
2 3 2256 2257 0 
2 3 2255 2258 0 
2 3 2242 2259 0 
2 3 2239 2260 0 
2 3 2238 2261 0 
2 3 2237 2262 0 
2 3 2236 2263 0 
2 3 2235 2264 0 
1 0 
2 3 2265 2266 0 
1 0 
2 3 2267 2268 0 
1 0 
1 0 
1 0 
1 0 
1 0 
1 0 
1 0 
1 0 
2 3 2276 2277 0 
2 3 2275 2278 0 
2 3 2274 2279 0 
1 0 
1 0 
1 0 
1 0 
2 3 2283 2284 0 
1 0 
1 0 
2 3 2286 2287 0 
1 0 
2 3 2288 2289 0 
2 3 2285 2290 0 
2 3 2282 2291 0 
2 3 2281 2292 0 
2 3 2280 2293 0 
2 3 2273 2294 0 
2 3 2272 2295 0 
2 3 2271 2296 0 
2 3 2270 2297 0 
2 3 2269 2298 0 
1 0 
2 3 2299 2300 0 
3 2 0 2301 
3 2 0 2299 
3 2 0 2269 
3 2 0 2267 
3 2 0 2265 
3 2 0 2235 
3 2 0 2264 
3 2 0 2236 
3 2 0 2263 
3 2 0 2237 
3 2 0 2262 
3 2 0 2238 
3 2 0 2261 
3 2 0 2239 
3 2 0 2260 
3 2 0 2242 
3 2 0 2240 
3 2 0 2241 
3 2 0 2259 
3 2 0 2255 
3 2 0 2243 
3 2 0 2254 
3 2 0 2244 
3 2 0 2253 
3 2 0 2249 
3 2 0 2245 
3 2 0 2248 
3 2 0 2246 
3 2 0 2247 
3 2 0 2252 
3 2 0 2250 
3 2 0 2251 
3 2 0 2258 
3 2 0 2256 
3 2 0 2257 
3 2 0 2266 
3 2 0 2268 
3 2 0 2298 
3 2 0 2270 
3 2 0 2297 
3 2 0 2271 
3 2 0 2296 
3 2 0 2272 
3 2 0 2295 
3 2 0 2273 
3 2 0 2294 
3 2 0 2280 
3 2 0 2274 
3 2 0 2279 
3 2 0 2275 
3 2 0 2278 
3 2 0 2276 
3 2 0 2277 
3 2 0 2293 
3 2 0 2281 
3 2 0 2292 
3 2 0 2282 
3 2 0 2291 
3 2 0 2285 
3 2 0 2283 
3 2 0 2284 
3 2 0 2290 
3 2 0 2288 
3 2 0 2286 
3 2 0 2287 
3 2 0 2289 
3 2 0 2300 
1 0 
1 0 
2 3 2369 2370 0 
1 0 
1 0 
1 0 
2 3 2373 2374 0 
2 3 2372 2375 0 
2 3 2371 2376 0 
1 0 
1 0 
1 0 
1 0 
1 0 
1 0 
2 3 2382 2383 0 
2 3 2381 2384 0 
2 3 2380 2385 0 
2 3 2379 2386 0 
2 3 2378 2387 0 
1 0 
1 0 
1 0 
2 3 2390 2391 0 
1 0 
1 0 
1 0 
1 0 
2 3 2395 2396 0 
2 3 2394 2397 0 
2 3 2393 2398 0 
2 3 2392 2399 0 
1 0 
2 3 2400 2401 0 
1 0 
1 0 
2 3 2403 2404 0 
1 0 
1 0 
1 0 
1 0 
1 0 
2 3 2409 2410 0 
2 3 2408 2411 0 
2 3 2407 2412 0 
2 3 2406 2413 0 
2 3 2405 2414 0 
2 3 2402 2415 0 
2 3 2389 2416 0 
2 3 2388 2417 0 
1 0 
2 3 2418 2419 0 
2 3 2377 2420 0 
3 2 0 2421 
3 2 0 2377 
3 2 0 2371 
3 2 0 2369 
3 2 0 2370 
3 2 0 2376 
3 2 0 2372 
3 2 0 2375 
3 2 0 2373 
3 2 0 2374 
3 2 0 2420 
3 2 0 2418 
3 2 0 2388 
3 2 0 2378 
3 2 0 2387 
3 2 0 2379 
3 2 0 2386 
3 2 0 2380 
3 2 0 2385 
3 2 0 2381 
3 2 0 2384 
3 2 0 2382 
3 2 0 2383 
3 2 0 2417 
3 2 0 2389 
3 2 0 2416 
3 2 0 2402 
3 2 0 2400 
3 2 0 2392 
3 2 0 2390 
3 2 0 2391 
3 2 0 2399 
3 2 0 2393 
3 2 0 2398 
3 2 0 2394 
3 2 0 2397 
3 2 0 2395 
3 2 0 2396 
3 2 0 2401 
3 2 0 2415 
3 2 0 2405 
3 2 0 2403 
3 2 0 2404 
3 2 0 2414 
3 2 0 2406 
3 2 0 2413 
3 2 0 2407 
3 2 0 2412 
3 2 0 2408 
3 2 0 2411 
3 2 0 2409 
3 2 0 2410 
3 2 0 2419 
1 0 
1 0 
1 0 
2 3 2476 2477 0 
2 3 2475 2478 0 
1 0 
1 0 
1 0 
2 3 2481 2482 0 
1 0 
1 0 
1 0 
2 3 2485 2486 0 
1 0 
2 3 2487 2488 0 
1 0 
2 3 2489 2490 0 
1 0 
1 0 
2 3 2492 2493 0 
2 3 2491 2494 0 
1 0 
2 3 2495 2496 0 
1 0 
2 3 2497 2498 0 
1 0 
2 3 2499 2500 0 
2 3 2484 2501 0 
1 0 
1 0 
2 3 2503 2504 0 
2 3 2502 2505 0 
1 0 
2 3 2506 2507 0 
1 0 
2 3 2508 2509 0 
1 0 
2 3 2510 2511 0 
2 3 2483 2512 0 
2 3 2480 2513 0 
2 3 2479 2514 0 
3 2 0 2515 
3 2 0 2479 
3 2 0 2475 
3 2 0 2478 
3 2 0 2476 
3 2 0 2477 
3 2 0 2514 
3 2 0 2480 
3 2 0 2513 
3 2 0 2483 
3 2 0 2481 
3 2 0 2482 
3 2 0 2512 
3 2 0 2510 
3 2 0 2508 
3 2 0 2506 
3 2 0 2502 
3 2 0 2484 
3 2 0 2501 
3 2 0 2499 
3 2 0 2497 
3 2 0 2495 
3 2 0 2491 
3 2 0 2489 
3 2 0 2487 
3 2 0 2485 
3 2 0 2486 
3 2 0 2488 
3 2 0 2490 
3 2 0 2494 
3 2 0 2492 
3 2 0 2493 
3 2 0 2496 
3 2 0 2498 
3 2 0 2500 
3 2 0 2505 
3 2 0 2503 
3 2 0 2504 
3 2 0 2507 
3 2 0 2509 
3 2 0 2511 
1 0 
1 0 
1 0 
1 0 
1 0 
1 0 
2 3 2561 2562 0 
1 0 
2 3 2563 2564 0 
1 0 
2 3 2565 2566 0 
1 0 
2 3 2567 2568 0 
1 0 
1 0 
2 3 2570 2571 0 
2 3 2569 2572 0 
2 3 2560 2573 0 
2 3 2559 2574 0 
1 0 
1 0 
1 0 
1 0 
1 0 
1 0 
2 3 2580 2581 0 
2 3 2579 2582 0 
1 0 
2 3 2583 2584 0 
2 3 2578 2585 0 
2 3 2577 2586 0 
2 3 2576 2587 0 
2 3 2575 2588 0 
2 3 2558 2589 0 
1 0 
2 3 2590 2591 0 
2 3 2557 2592 0 
3 2 0 2593 
3 2 0 2557 
3 2 0 2592 
3 2 0 2590 
3 2 0 2558 
3 2 0 2589 
3 2 0 2575 
3 2 0 2559 
3 2 0 2574 
3 2 0 2560 
3 2 0 2573 
3 2 0 2569 
3 2 0 2567 
3 2 0 2565 
3 2 0 2563 
3 2 0 2561 
3 2 0 2562 
3 2 0 2564 
3 2 0 2566 
3 2 0 2568 
3 2 0 2572 
3 2 0 2570 
3 2 0 2571 
3 2 0 2588 
3 2 0 2576 
3 2 0 2587 
3 2 0 2577 
3 2 0 2586 
3 2 0 2578 
3 2 0 2585 
3 2 0 2583 
3 2 0 2579 
3 2 0 2582 
3 2 0 2580 
3 2 0 2581 
3 2 0 2584 
3 2 0 2591 
1 0 
1 0 
1 0 
2 3 2632 2633 0 
1 0 
1 0 
1 0 
1 0 
1 0 
1 0 
1 0 
2 3 2640 2641 0 
2 3 2639 2642 0 
1 0 
1 0 
2 3 2644 2645 0 
2 3 2643 2646 0 
2 3 2638 2647 0 
1 0 
2 3 2648 2649 0 
1 0 
1 0 
1 0 
1 0 
2 3 2653 2654 0 
1 0 
1 0 
1 0 
1 0 
1 0 
1 0 
2 3 2660 2661 0 
2 3 2659 2662 0 
1 0 
1 0 
2 3 2664 2665 0 
2 3 2663 2666 0 
2 3 2658 2667 0 
2 3 2657 2668 0 
2 3 2656 2669 0 
2 3 2655 2670 0 
2 3 2652 2671 0 
2 3 2651 2672 0 
2 3 2650 2673 0 
2 3 2637 2674 0 
2 3 2636 2675 0 
2 3 2635 2676 0 
2 3 2634 2677 0 
1 0 
2 3 2678 2679 0 
2 3 2631 2680 0 
3 2 0 2681 
3 2 0 2631 
3 2 0 2680 
3 2 0 2678 
3 2 0 2634 
3 2 0 2632 
3 2 0 2633 
3 2 0 2677 
3 2 0 2635 
3 2 0 2676 
3 2 0 2636 
3 2 0 2675 
3 2 0 2637 
3 2 0 2674 
3 2 0 2650 
3 2 0 2648 
3 2 0 2638 
3 2 0 2647 
3 2 0 2643 
3 2 0 2639 
3 2 0 2642 
3 2 0 2640 
3 2 0 2641 
3 2 0 2646 
3 2 0 2644 
3 2 0 2645 
3 2 0 2649 
3 2 0 2673 
3 2 0 2651 
3 2 0 2672 
3 2 0 2652 
3 2 0 2671 
3 2 0 2655 
3 2 0 2653 
3 2 0 2654 
3 2 0 2670 
3 2 0 2656 
3 2 0 2669 
3 2 0 2657 
3 2 0 2668 
3 2 0 2658 
3 2 0 2667 
3 2 0 2663 
3 2 0 2659 
3 2 0 2662 
3 2 0 2660 
3 2 0 2661 
3 2 0 2666 
3 2 0 2664 
3 2 0 2665 
3 2 0 2679 
1 0 
1 0 
1 0 
2 3 2734 2735 0 
2 3 2733 2736 0 
3 2 0 2737 
3 2 0 2733 
3 2 0 2736 
3 2 0 2734 
3 2 0 2735 
1 0 
1 0 
1 0 
1 0 
1 0 
2 3 2746 2747 0 
1 0 
1 0 
1 0 
2 3 2750 2751 0 
2 3 2749 2752 0 
2 3 2748 2753 0 
1 0 
2 3 2754 2755 0 
2 3 2745 2756 0 
2 3 2744 2757 0 
2 3 2743 2758 0 
3 2 0 2759 
3 2 0 2743 
3 2 0 2758 
3 2 0 2744 
3 2 0 2757 
3 2 0 2745 
3 2 0 2756 
3 2 0 2754 
3 2 0 2748 
3 2 0 2746 
3 2 0 2747 
3 2 0 2753 
3 2 0 2749 
3 2 0 2752 
3 2 0 2750 
3 2 0 2751 
3 2 0 2755 
1 0 
1 0 
1 0 
2 3 2778 2779 0 
1 0 
1 0 
1 0 
1 0 
2 3 2783 2784 0 
1 0 
1 0 
2 3 2786 2787 0 
2 3 2785 2788 0 
1 0 
2 3 2789 2790 0 
2 3 2782 2791 0 
2 3 2781 2792 0 
2 3 2780 2793 0 
2 3 2777 2794 0 
3 2 0 2795 
3 2 0 2777 
3 2 0 2794 
3 2 0 2780 
3 2 0 2778 
3 2 0 2779 
3 2 0 2793 
3 2 0 2781 
3 2 0 2792 
3 2 0 2782 
3 2 0 2791 
3 2 0 2789 
3 2 0 2785 
3 2 0 2783 
3 2 0 2784 
3 2 0 2788 
3 2 0 2786 
3 2 0 2787 
3 2 0 2790 
1 0 
1 0 
1 0 
1 0 
1 0 
1 0 
1 0 
1 0 
2 3 2821 2822 0 
2 3 2820 2823 0 
2 3 2819 2824 0 
2 3 2818 2825 0 
1 0 
1 0 
2 3 2827 2828 0 
2 3 2826 2829 0 
2 3 2817 2830 0 
1 0 
2 3 2831 2832 0 
2 3 2816 2833 0 
2 3 2815 2834 0 
3 2 0 2835 
3 2 0 2815 
3 2 0 2834 
3 2 0 2816 
3 2 0 2833 
3 2 0 2831 
3 2 0 2817 
3 2 0 2830 
3 2 0 2826 
3 2 0 2818 
3 2 0 2825 
3 2 0 2819 
3 2 0 2824 
3 2 0 2820 
3 2 0 2823 
3 2 0 2821 
3 2 0 2822 
3 2 0 2829 
3 2 0 2827 
3 2 0 2828 
3 2 0 2832 
1 0 
1 0 
2 3 2857 2858 0 
1 0 
1 0 
1 0 
1 0 
1 0 
1 0 
1 0 
2 3 2865 2866 0 
2 3 2864 2867 0 
2 3 2863 2868 0 
2 3 2862 2869 0 
2 3 2861 2870 0 
2 3 2860 2871 0 
1 0 
2 3 2872 2873 0 
2 3 2859 2874 0 
3 2 0 2875 
3 2 0 2859 
3 2 0 2857 
3 2 0 2858 
3 2 0 2874 
3 2 0 2872 
3 2 0 2860 
3 2 0 2871 
3 2 0 2861 
3 2 0 2870 
3 2 0 2862 
3 2 0 2869 
3 2 0 2863 
3 2 0 2868 
3 2 0 2864 
3 2 0 2867 
3 2 0 2865 
3 2 0 2866 
3 2 0 2873 
1 0 
1 0 
1 0 
1 0 
2 3 2897 2898 0 
2 3 2896 2899 0 
1 0 
1 0 
1 0 
1 0 
1 0 
1 0 
1 0 
1 0 
2 3 2907 2908 0 
2 3 2906 2909 0 
2 3 2905 2910 0 
1 0 
2 3 2911 2912 0 
2 3 2904 2913 0 
1 0 
1 0 
1 0 
2 3 2916 2917 0 
1 0 
2 3 2918 2919 0 
2 3 2915 2920 0 
2 3 2914 2921 0 
2 3 2903 2922 0 
1 0 
2 3 2923 2924 0 
2 3 2902 2925 0 
2 3 2901 2926 0 
2 3 2900 2927 0 
2 3 2895 2928 0 
3 2 0 2929 
3 2 0 2895 
3 2 0 2928 
3 2 0 2900 
3 2 0 2896 
3 2 0 2899 
3 2 0 2897 
3 2 0 2898 
3 2 0 2927 
3 2 0 2901 
3 2 0 2926 
3 2 0 2902 
3 2 0 2925 
3 2 0 2923 
3 2 0 2903 
3 2 0 2922 
3 2 0 2914 
3 2 0 2904 
3 2 0 2913 
3 2 0 2911 
3 2 0 2905 
3 2 0 2910 
3 2 0 2906 
3 2 0 2909 
3 2 0 2907 
3 2 0 2908 
3 2 0 2912 
3 2 0 2921 
3 2 0 2915 
3 2 0 2920 
3 2 0 2918 
3 2 0 2916 
3 2 0 2917 
3 2 0 2919 
3 2 0 2924 
1 0 
1 0 
1 0 
1 0 
1 0 
1 0 
1 0 
1 0 
2 3 2971 2972 0 
1 0 
2 3 2973 2974 0 
1 0 
1 0 
1 0 
2 3 2977 2978 0 
2 3 2976 2979 0 
1 0 
2 3 2980 2981 0 
1 0 
1 0 
1 0 
2 3 2984 2985 0 
2 3 2983 2986 0 
2 3 2982 2987 0 
2 3 2975 2988 0 
2 3 2970 2989 0 
2 3 2969 2990 0 
2 3 2968 2991 0 
2 3 2967 2992 0 
1 0 
2 3 2993 2994 0 
2 3 2966 2995 0 
2 3 2965 2996 0 
3 2 0 2997 
3 2 0 2965 
3 2 0 2996 
3 2 0 2966 
3 2 0 2995 
3 2 0 2993 
3 2 0 2967 
3 2 0 2992 
3 2 0 2968 
3 2 0 2991 
3 2 0 2969 
3 2 0 2990 
3 2 0 2970 
3 2 0 2989 
3 2 0 2975 
3 2 0 2973 
3 2 0 2971 
3 2 0 2972 
3 2 0 2974 
3 2 0 2988 
3 2 0 2982 
3 2 0 2980 
3 2 0 2976 
3 2 0 2979 
3 2 0 2977 
3 2 0 2978 
3 2 0 2981 
3 2 0 2987 
3 2 0 2983 
3 2 0 2986 
3 2 0 2984 
3 2 0 2985 
3 2 0 2994 
1 0 
1 0 
1 0 
1 0 
1 0 
2 3 3034 3035 0 
2 3 3033 3036 0 
2 3 3032 3037 0 
2 3 3031 3038 0 
1 0 
2 3 3039 3040 0 
1 0 
2 3 3041 3042 0 
1 0 
1 0 
1 0 
1 0 
2 3 3046 3047 0 
2 3 3045 3048 0 
2 3 3044 3049 0 
2 3 3043 3050 0 
1 0 
2 3 3051 3052 0 
3 2 0 3053 
3 2 0 3051 
3 2 0 3043 
3 2 0 3041 
3 2 0 3039 
3 2 0 3031 
3 2 0 3038 
3 2 0 3032 
3 2 0 3037 
3 2 0 3033 
3 2 0 3036 
3 2 0 3034 
3 2 0 3035 
3 2 0 3040 
3 2 0 3042 
3 2 0 3050 
3 2 0 3044 
3 2 0 3049 
3 2 0 3045 
3 2 0 3048 
3 2 0 3046 
3 2 0 3047 
3 2 0 3052 
1 0 
1 0 
1 0 
2 3 3078 3079 0 
1 0 
1 0 
1 0 
2 3 3082 3083 0 
1 0 
2 3 3084 3085 0 
2 3 3081 3086 0 
2 3 3080 3087 0 
2 3 3077 3088 0 
1 0 
1 0 
1 0 
2 3 3091 3092 0 
2 3 3090 3093 0 
2 3 3089 3094 0 
1 0 
1 0 
1 0 
2 3 3097 3098 0 
2 3 3096 3099 0 
1 0 
2 3 3100 3101 0 
2 3 3095 3102 0 
3 2 0 3103 
3 2 0 3095 
3 2 0 3089 
3 2 0 3077 
3 2 0 3088 
3 2 0 3080 
3 2 0 3078 
3 2 0 3079 
3 2 0 3087 
3 2 0 3081 
3 2 0 3086 
3 2 0 3084 
3 2 0 3082 
3 2 0 3083 
3 2 0 3085 
3 2 0 3094 
3 2 0 3090 
3 2 0 3093 
3 2 0 3091 
3 2 0 3092 
3 2 0 3102 
3 2 0 3100 
3 2 0 3096 
3 2 0 3099 
3 2 0 3097 
3 2 0 3098 
3 2 0 3101 
1 0 
1 0 
2 3 3131 3132 0 
1 0 
1 0 
2 3 3134 3135 0 
2 3 3133 3136 0 
1 0 
1 0 
1 0 
1 0 
1 0 
2 3 3141 3142 0 
2 3 3140 3143 0 
2 3 3139 3144 0 
2 3 3138 3145 0 
2 3 3137 3146 0 
1 0 
2 3 3147 3148 0 
3 2 0 3149 
3 2 0 3147 
3 2 0 3137 
3 2 0 3133 
3 2 0 3131 
3 2 0 3132 
3 2 0 3136 
3 2 0 3134 
3 2 0 3135 
3 2 0 3146 
3 2 0 3138 
3 2 0 3145 
3 2 0 3139 
3 2 0 3144 
3 2 0 3140 
3 2 0 3143 
3 2 0 3141 
3 2 0 3142 
3 2 0 3148 
1 0 
1 0 
2 3 3169 3170 0 
1 0 
2 3 3171 3172 0 
1 0 
1 0 
2 3 3174 3175 0 
1 0 
1 0 
1 0 
2 3 3178 3179 0 
2 3 3177 3180 0 
1 0 
1 0 
2 3 3182 3183 0 
2 3 3181 3184 0 
2 3 3176 3185 0 
1 0 
2 3 3186 3187 0 
1 0 
1 0 
1 0 
1 0 
2 3 3191 3192 0 
1 0 
1 0 
2 3 3194 3195 0 
1 0 
1 0 
1 0 
1 0 
1 0 
1 0 
1 0 
1 0 
1 0 
1 0 
1 0 
2 3 3206 3207 0 
2 3 3205 3208 0 
2 3 3204 3209 0 
2 3 3203 3210 0 
2 3 3202 3211 0 
2 3 3201 3212 0 
2 3 3200 3213 0 
2 3 3199 3214 0 
2 3 3198 3215 0 
2 3 3197 3216 0 
2 3 3196 3217 0 
2 3 3193 3218 0 
2 3 3190 3219 0 
2 3 3189 3220 0 
2 3 3188 3221 0 
1 0 
2 3 3222 3223 0 
2 3 3173 3224 0 
3 2 0 3225 
3 2 0 3173 
3 2 0 3171 
3 2 0 3169 
3 2 0 3170 
3 2 0 3172 
3 2 0 3224 
3 2 0 3222 
3 2 0 3188 
3 2 0 3186 
3 2 0 3176 
3 2 0 3174 
3 2 0 3175 
3 2 0 3185 
3 2 0 3181 
3 2 0 3177 
3 2 0 3180 
3 2 0 3178 
3 2 0 3179 
3 2 0 3184 
3 2 0 3182 
3 2 0 3183 
3 2 0 3187 
3 2 0 3221 
3 2 0 3189 
3 2 0 3220 
3 2 0 3190 
3 2 0 3219 
3 2 0 3193 
3 2 0 3191 
3 2 0 3192 
3 2 0 3218 
3 2 0 3196 
3 2 0 3194 
3 2 0 3195 
3 2 0 3217 
3 2 0 3197 
3 2 0 3216 
3 2 0 3198 
3 2 0 3215 
3 2 0 3199 
3 2 0 3214 
3 2 0 3200 
3 2 0 3213 
3 2 0 3201 
3 2 0 3212 
3 2 0 3202 
3 2 0 3211 
3 2 0 3203 
3 2 0 3210 
3 2 0 3204 
3 2 0 3209 
3 2 0 3205 
3 2 0 3208 
3 2 0 3206 
3 2 0 3207 
3 2 0 3223 
1 0 
1 0 
1 0 
1 0 
1 0 
1 0 
1 0 
2 3 3288 3289 0 
2 3 3287 3290 0 
2 3 3286 3291 0 
2 3 3285 3292 0 
1 0 
1 0 
1 0 
1 0 
2 3 3296 3297 0 
2 3 3295 3298 0 
1 0 
1 0 
1 0 
2 3 3301 3302 0 
2 3 3300 3303 0 
2 3 3299 3304 0 
2 3 3294 3305 0 
2 3 3293 3306 0 
1 0 
2 3 3307 3308 0 
1 0 
1 0 
1 0 
2 3 3311 3312 0 
1 0 
1 0 
1 0 
2 3 3315 3316 0 
1 0 
2 3 3317 3318 0 
1 0 
1 0 
2 3 3320 3321 0 
1 0 
2 3 3322 3323 0 
1 0 
1 0 
2 3 3325 3326 0 
2 3 3324 3327 0 
2 3 3319 3328 0 
2 3 3314 3329 0 
2 3 3313 3330 0 
2 3 3310 3331 0 
2 3 3309 3332 0 
2 3 3284 3333 0 
1 0 
2 3 3334 3335 0 
2 3 3283 3336 0 
3 2 0 3337 
3 2 0 3283 
3 2 0 3336 
3 2 0 3334 
3 2 0 3284 
3 2 0 3333 
3 2 0 3309 
3 2 0 3307 
3 2 0 3293 
3 2 0 3285 
3 2 0 3292 
3 2 0 3286 
3 2 0 3291 
3 2 0 3287 
3 2 0 3290 
3 2 0 3288 
3 2 0 3289 
3 2 0 3306 
3 2 0 3294 
3 2 0 3305 
3 2 0 3299 
3 2 0 3295 
3 2 0 3298 
3 2 0 3296 
3 2 0 3297 
3 2 0 3304 
3 2 0 3300 
3 2 0 3303 
3 2 0 3301 
3 2 0 3302 
3 2 0 3308 
3 2 0 3332 
3 2 0 3310 
3 2 0 3331 
3 2 0 3313 
3 2 0 3311 
3 2 0 3312 
3 2 0 3330 
3 2 0 3314 
3 2 0 3329 
3 2 0 3319 
3 2 0 3317 
3 2 0 3315 
3 2 0 3316 
3 2 0 3318 
3 2 0 3328 
3 2 0 3324 
3 2 0 3322 
3 2 0 3320 
3 2 0 3321 
3 2 0 3323 
3 2 0 3327 
3 2 0 3325 
3 2 0 3326 
3 2 0 3335 
1 0 
1 0 
1 0 
1 0 
2 3 3395 3396 0 
1 0 
1 0 
1 0 
2 3 3399 3400 0 
1 0 
1 0 
1 0 
2 3 3403 3404 0 
1 0 
1 0 
1 0 
1 0 
1 0 
1 0 
1 0 
2 3 3411 3412 0 
1 0 
1 0 
1 0 
2 3 3415 3416 0 
1 0 
2 3 3417 3418 0 
2 3 3414 3419 0 
2 3 3413 3420 0 
1 0 
2 3 3421 3422 0 
1 0 
1 0 
2 3 3424 3425 0 
1 0 
2 3 3426 3427 0 
1 0 
1 0 
2 3 3429 3430 0 
2 3 3428 3431 0 
2 3 3423 3432 0 
2 3 3410 3433 0 
2 3 3409 3434 0 
2 3 3408 3435 0 
2 3 3407 3436 0 
2 3 3406 3437 0 
2 3 3405 3438 0 
2 3 3402 3439 0 
2 3 3401 3440 0 
2 3 3398 3441 0 
2 3 3397 3442 0 
2 3 3394 3443 0 
1 0 
2 3 3444 3445 0 
2 3 3393 3446 0 
3 2 0 3447 
3 2 0 3393 
3 2 0 3446 
3 2 0 3444 
3 2 0 3394 
3 2 0 3443 
3 2 0 3397 
3 2 0 3395 
3 2 0 3396 
3 2 0 3442 
3 2 0 3398 
3 2 0 3441 
3 2 0 3401 
3 2 0 3399 
3 2 0 3400 
3 2 0 3440 
3 2 0 3402 
3 2 0 3439 
3 2 0 3405 
3 2 0 3403 
3 2 0 3404 
3 2 0 3438 
3 2 0 3406 
3 2 0 3437 
3 2 0 3407 
3 2 0 3436 
3 2 0 3408 
3 2 0 3435 
3 2 0 3409 
3 2 0 3434 
3 2 0 3410 
3 2 0 3433 
3 2 0 3423 
3 2 0 3421 
3 2 0 3413 
3 2 0 3411 
3 2 0 3412 
3 2 0 3420 
3 2 0 3414 
3 2 0 3419 
3 2 0 3417 
3 2 0 3415 
3 2 0 3416 
3 2 0 3418 
3 2 0 3422 
3 2 0 3432 
3 2 0 3428 
3 2 0 3426 
3 2 0 3424 
3 2 0 3425 
3 2 0 3427 
3 2 0 3431 
3 2 0 3429 
3 2 0 3430 
3 2 0 3445 
1 0 
1 0 
2 3 3503 3504 0 
1 0 
1 0 
1 0 
2 3 3507 3508 0 
1 0 
1 0 
2 3 3510 3511 0 
2 3 3509 3512 0 
2 3 3506 3513 0 
1 0 
2 3 3514 3515 0 
2 3 3505 3516 0 
3 2 0 3517 
3 2 0 3505 
3 2 0 3503 
3 2 0 3504 
3 2 0 3516 
3 2 0 3514 
3 2 0 3506 
3 2 0 3513 
3 2 0 3509 
3 2 0 3507 
3 2 0 3508 
3 2 0 3512 
3 2 0 3510 
3 2 0 3511 
3 2 0 3515 
1 0 
1 0 
2 3 3533 3534 0 
1 0 
1 0 
1 0 
1 0 
1 0 
2 3 3539 3540 0 
1 0 
1 0 
1 0 
1 0 
2 3 3544 3545 0 
1 0 
1 0 
2 3 3547 3548 0 
2 3 3546 3549 0 
2 3 3543 3550 0 
2 3 3542 3551 0 
2 3 3541 3552 0 
2 3 3538 3553 0 
2 3 3537 3554 0 
2 3 3536 3555 0 
1 0 
2 3 3556 3557 0 
2 3 3535 3558 0 
3 2 0 3559 
3 2 0 3535 
3 2 0 3533 
3 2 0 3534 
3 2 0 3558 
3 2 0 3556 
3 2 0 3536 
3 2 0 3555 
3 2 0 3537 
3 2 0 3554 
3 2 0 3538 
3 2 0 3553 
3 2 0 3541 
3 2 0 3539 
3 2 0 3540 
3 2 0 3552 
3 2 0 3542 
3 2 0 3551 
3 2 0 3543 
3 2 0 3550 
3 2 0 3546 
3 2 0 3544 
3 2 0 3545 
3 2 0 3549 
3 2 0 3547 
3 2 0 3548 
3 2 0 3557 
1 0 
1 0 
1 0 
2 3 3588 3589 0 
2 3 3587 3590 0 
1 0 
1 0 
2 3 3592 3593 0 
2 3 3591 3594 0 
3 2 0 3595 
3 2 0 3591 
3 2 0 3587 
3 2 0 3590 
3 2 0 3588 
3 2 0 3589 
3 2 0 3594 
3 2 0 3592 
3 2 0 3593 
1 0 
1 0 
1 0 
1 0 
1 0 
2 3 3608 3609 0 
2 3 3607 3610 0 
2 3 3606 3611 0 
2 3 3605 3612 0 
1 0 
1 0 
2 3 3614 3615 0 
1 0 
2 3 3616 3617 0 
1 0 
1 0 
2 3 3619 3620 0 
2 3 3618 3621 0 
1 0 
2 3 3622 3623 0 
2 3 3613 3624 0 
3 2 0 3625 
3 2 0 3613 
3 2 0 3605 
3 2 0 3612 
3 2 0 3606 
3 2 0 3611 
3 2 0 3607 
3 2 0 3610 
3 2 0 3608 
3 2 0 3609 
3 2 0 3624 
3 2 0 3622 
3 2 0 3618 
3 2 0 3616 
3 2 0 3614 
3 2 0 3615 
3 2 0 3617 
3 2 0 3621 
3 2 0 3619 
3 2 0 3620 
3 2 0 3623 
1 0 
1 0 
1 0 
1 0 
1 0 
1 0 
2 3 3651 3652 0 
1 0 
2 3 3653 3654 0 
2 3 3650 3655 0 
2 3 3649 3656 0 
2 3 3648 3657 0 
2 3 3647 3658 0 
1 0 
1 0 
1 0 
1 0 
2 3 3662 3663 0 
2 3 3661 3664 0 
2 3 3660 3665 0 
2 3 3659 3666 0 
3 2 0 3667 
3 2 0 3659 
3 2 0 3647 
3 2 0 3658 
3 2 0 3648 
3 2 0 3657 
3 2 0 3649 
3 2 0 3656 
3 2 0 3650 
3 2 0 3655 
3 2 0 3653 
3 2 0 3651 
3 2 0 3652 
3 2 0 3654 
3 2 0 3666 
3 2 0 3660 
3 2 0 3665 
3 2 0 3661 
3 2 0 3664 
3 2 0 3662 
3 2 0 3663 
1 0 
1 0 
1 0 
1 0 
1 0 
2 3 3692 3693 0 
1 0 
1 0 
1 0 
1 0 
2 3 3697 3698 0 
2 3 3696 3699 0 
1 0 
2 3 3700 3701 0 
1 0 
1 0 
1 0 
2 3 3704 3705 0 
2 3 3703 3706 0 
2 3 3702 3707 0 
1 0 
2 3 3708 3709 0 
1 0 
1 0 
1 0 
2 3 3712 3713 0 
2 3 3711 3714 0 
1 0 
1 0 
1 0 
2 3 3717 3718 0 
2 3 3716 3719 0 
2 3 3715 3720 0 
2 3 3710 3721 0 
1 0 
2 3 3722 3723 0 
1 0 
1 0 
1 0 
2 3 3726 3727 0 
2 3 3725 3728 0 
1 0 
1 0 
1 0 
1 0 
2 3 3732 3733 0 
2 3 3731 3734 0 
2 3 3730 3735 0 
2 3 3729 3736 0 
2 3 3724 3737 0 
2 3 3695 3738 0 
2 3 3694 3739 0 
2 3 3691 3740 0 
2 3 3690 3741 0 
1 0 
2 3 3742 3743 0 
2 3 3689 3744 0 
3 2 0 3745 
3 2 0 3689 
3 2 0 3744 
3 2 0 3742 
3 2 0 3690 
3 2 0 3741 
3 2 0 3691 
3 2 0 3740 
3 2 0 3694 
3 2 0 3692 
3 2 0 3693 
3 2 0 3739 
3 2 0 3695 
3 2 0 3738 
3 2 0 3724 
3 2 0 3722 
3 2 0 3710 
3 2 0 3708 
3 2 0 3702 
3 2 0 3700 
3 2 0 3696 
3 2 0 3699 
3 2 0 3697 
3 2 0 3698 
3 2 0 3701 
3 2 0 3707 
3 2 0 3703 
3 2 0 3706 
3 2 0 3704 
3 2 0 3705 
3 2 0 3709 
3 2 0 3721 
3 2 0 3715 
3 2 0 3711 
3 2 0 3714 
3 2 0 3712 
3 2 0 3713 
3 2 0 3720 
3 2 0 3716 
3 2 0 3719 
3 2 0 3717 
3 2 0 3718 
3 2 0 3723 
3 2 0 3737 
3 2 0 3729 
3 2 0 3725 
3 2 0 3728 
3 2 0 3726 
3 2 0 3727 
3 2 0 3736 
3 2 0 3730 
3 2 0 3735 
3 2 0 3731 
3 2 0 3734 
3 2 0 3732 
3 2 0 3733 
3 2 0 3743 
1 0 
1 0 
1 0 
2 3 3804 3805 0 
2 3 3803 3806 0 
1 0 
1 0 
1 0 
1 0 
1 0 
1 0 
2 3 3812 3813 0 
1 0 
1 0 
1 0 
1 0 
2 3 3817 3818 0 
2 3 3816 3819 0 
2 3 3815 3820 0 
2 3 3814 3821 0 
2 3 3811 3822 0 
2 3 3810 3823 0 
2 3 3809 3824 0 
2 3 3808 3825 0 
1 0 
2 3 3826 3827 0 
2 3 3807 3828 0 
3 2 0 3829 
3 2 0 3807 
3 2 0 3803 
3 2 0 3806 
3 2 0 3804 
3 2 0 3805 
3 2 0 3828 
3 2 0 3826 
3 2 0 3808 
3 2 0 3825 
3 2 0 3809 
3 2 0 3824 
3 2 0 3810 
3 2 0 3823 
3 2 0 3811 
3 2 0 3822 
3 2 0 3814 
3 2 0 3812 
3 2 0 3813 
3 2 0 3821 
3 2 0 3815 
3 2 0 3820 
3 2 0 3816 
3 2 0 3819 
3 2 0 3817 
3 2 0 3818 
3 2 0 3827 
1 0 
1 0 
1 0 
1 0 
2 3 3859 3860 0 
2 3 3858 3861 0 
2 3 3857 3862 0 
1 0 
1 0 
1 0 
2 3 3865 3866 0 
2 3 3864 3867 0 
2 3 3863 3868 0 
1 0 
2 3 3869 3870 0 
1 0 
1 0 
2 3 3872 3873 0 
1 0 
1 0 
1 0 
1 0 
2 3 3877 3878 0 
2 3 3876 3879 0 
1 0 
1 0 
2 3 3881 3882 0 
2 3 3880 3883 0 
2 3 3875 3884 0 
2 3 3874 3885 0 
1 0 
1 0 
2 3 3887 3888 0 
1 0 
2 3 3889 3890 0 
1 0 
1 0 
1 0 
2 3 3893 3894 0 
2 3 3892 3895 0 
2 3 3891 3896 0 
2 3 3886 3897 0 
2 3 3871 3898 0 
1 0 
2 3 3899 3900 0 
3 2 0 3901 
3 2 0 3899 
3 2 0 3871 
3 2 0 3869 
3 2 0 3863 
3 2 0 3857 
3 2 0 3862 
3 2 0 3858 
3 2 0 3861 
3 2 0 3859 
3 2 0 3860 
3 2 0 3868 
3 2 0 3864 
3 2 0 3867 
3 2 0 3865 
3 2 0 3866 
3 2 0 3870 
3 2 0 3898 
3 2 0 3886 
3 2 0 3874 
3 2 0 3872 
3 2 0 3873 
3 2 0 3885 
3 2 0 3875 
3 2 0 3884 
3 2 0 3880 
3 2 0 3876 
3 2 0 3879 
3 2 0 3877 
3 2 0 3878 
3 2 0 3883 
3 2 0 3881 
3 2 0 3882 
3 2 0 3897 
3 2 0 3891 
3 2 0 3889 
3 2 0 3887 
3 2 0 3888 
3 2 0 3890 
3 2 0 3896 
3 2 0 3892 
3 2 0 3895 
3 2 0 3893 
3 2 0 3894 
3 2 0 3900 
1 0 
1 0 
1 0 
1 0 
1 0 
1 0 
1 0 
1 0 
2 3 3953 3954 0 
2 3 3952 3955 0 
2 3 3951 3956 0 
2 3 3950 3957 0 
2 3 3949 3958 0 
1 0 
1 0 
1 0 
2 3 3961 3962 0 
1 0 
1 0 
1 0 
1 0 
2 3 3966 3967 0 
1 0 
1 0 
2 3 3969 3970 0 
2 3 3968 3971 0 
2 3 3965 3972 0 
2 3 3964 3973 0 
2 3 3963 3974 0 
2 3 3960 3975 0 
2 3 3959 3976 0 
2 3 3948 3977 0 
1 0 
2 3 3978 3979 0 
2 3 3947 3980 0 
3 2 0 3981 
3 2 0 3947 
3 2 0 3980 
3 2 0 3978 
3 2 0 3948 
3 2 0 3977 
3 2 0 3959 
3 2 0 3949 
3 2 0 3958 
3 2 0 3950 
3 2 0 3957 
3 2 0 3951 
3 2 0 3956 
3 2 0 3952 
3 2 0 3955 
3 2 0 3953 
3 2 0 3954 
3 2 0 3976 
3 2 0 3960 
3 2 0 3975 
3 2 0 3963 
3 2 0 3961 
3 2 0 3962 
3 2 0 3974 
3 2 0 3964 
3 2 0 3973 
3 2 0 3965 
3 2 0 3972 
3 2 0 3968 
3 2 0 3966 
3 2 0 3967 
3 2 0 3971 
3 2 0 3969 
3 2 0 3970 
3 2 0 3979 
1 0 
1 0 
1 0 
1 0 
1 0 
1 0 
1 0 
1 0 
2 3 4023 4024 0 
2 3 4022 4025 0 
2 3 4021 4026 0 
1 0 
1 0 
2 3 4028 4029 0 
2 3 4027 4030 0 
2 3 4020 4031 0 
2 3 4019 4032 0 
2 3 4018 4033 0 
2 3 4017 4034 0 
1 0 
1 0 
1 0 
1 0 
2 3 4038 4039 0 
1 0 
1 0 
1 0 
2 3 4042 4043 0 
2 3 4041 4044 0 
1 0 
1 0 
2 3 4046 4047 0 
2 3 4045 4048 0 
2 3 4040 4049 0 
1 0 
2 3 4050 4051 0 
2 3 4037 4052 0 
2 3 4036 4053 0 
2 3 4035 4054 0 
3 2 0 4055 
3 2 0 4035 
3 2 0 4017 
3 2 0 4034 
3 2 0 4018 
3 2 0 4033 
3 2 0 4019 
3 2 0 4032 
3 2 0 4020 
3 2 0 4031 
3 2 0 4027 
3 2 0 4021 
3 2 0 4026 
3 2 0 4022 
3 2 0 4025 
3 2 0 4023 
3 2 0 4024 
3 2 0 4030 
3 2 0 4028 
3 2 0 4029 
3 2 0 4054 
3 2 0 4036 
3 2 0 4053 
3 2 0 4037 
3 2 0 4052 
3 2 0 4050 
3 2 0 4040 
3 2 0 4038 
3 2 0 4039 
3 2 0 4049 
3 2 0 4045 
3 2 0 4041 
3 2 0 4044 
3 2 0 4042 
3 2 0 4043 
3 2 0 4048 
3 2 0 4046 
3 2 0 4047 
3 2 0 4051 
1 0 
1 0 
2 3 4095 4096 0 
1 0 
1 0 
1 0 
1 0 
2 3 4100 4101 0 
1 0 
2 3 4102 4103 0 
2 3 4099 4104 0 
2 3 4098 4105 0 
2 3 4097 4106 0 
1 0 
2 3 4107 4108 0 
3 2 0 4109 
3 2 0 4107 
3 2 0 4097 
3 2 0 4095 
3 2 0 4096 
3 2 0 4106 
3 2 0 4098 
3 2 0 4105 
3 2 0 4099 
3 2 0 4104 
3 2 0 4102 
3 2 0 4100 
3 2 0 4101 
3 2 0 4103 
3 2 0 4108 
1 0 
1 0 
1 0 
1 0 
2 3 4127 4128 0 
2 3 4126 4129 0 
1 0 
2 3 4130 4131 0 
1 0 
1 0 
2 3 4133 4134 0 
2 3 4132 4135 0 
2 3 4125 4136 0 
1 0 
1 0 
1 0 
1 0 
2 3 4140 4141 0 
1 0 
1 0 
1 0 
1 0 
2 3 4145 4146 0 
1 0 
2 3 4147 4148 0 
2 3 4144 4149 0 
2 3 4143 4150 0 
2 3 4142 4151 0 
2 3 4139 4152 0 
2 3 4138 4153 0 
1 0 
2 3 4154 4155 0 
2 3 4137 4156 0 
3 2 0 4157 
3 2 0 4137 
3 2 0 4125 
3 2 0 4136 
3 2 0 4132 
3 2 0 4130 
3 2 0 4126 
3 2 0 4129 
3 2 0 4127 
3 2 0 4128 
3 2 0 4131 
3 2 0 4135 
3 2 0 4133 
3 2 0 4134 
3 2 0 4156 
3 2 0 4154 
3 2 0 4138 
3 2 0 4153 
3 2 0 4139 
3 2 0 4152 
3 2 0 4142 
3 2 0 4140 
3 2 0 4141 
3 2 0 4151 
3 2 0 4143 
3 2 0 4150 
3 2 0 4144 
3 2 0 4149 
3 2 0 4147 
3 2 0 4145 
3 2 0 4146 
3 2 0 4148 
3 2 0 4155 
1 0 
1 0 
1 0 
2 3 4192 4193 0 
1 0 
1 0 
1 0 
2 3 4196 4197 0 
2 3 4195 4198 0 
1 0 
1 0 
1 0 
1 0 
2 3 4202 4203 0 
1 0 
2 3 4204 4205 0 
2 3 4201 4206 0 
1 0 
1 0 
1 0 
1 0 
2 3 4210 4211 0 
2 3 4209 4212 0 
2 3 4208 4213 0 
2 3 4207 4214 0 
2 3 4200 4215 0 
2 3 4199 4216 0 
2 3 4194 4217 0 
1 0 
2 3 4218 4219 0 
2 3 4191 4220 0 
3 2 0 4221 
3 2 0 4191 
3 2 0 4220 
3 2 0 4218 
3 2 0 4194 
3 2 0 4192 
3 2 0 4193 
3 2 0 4217 
3 2 0 4199 
3 2 0 4195 
3 2 0 4198 
3 2 0 4196 
3 2 0 4197 
3 2 0 4216 
3 2 0 4200 
3 2 0 4215 
3 2 0 4207 
3 2 0 4201 
3 2 0 4206 
3 2 0 4204 
3 2 0 4202 
3 2 0 4203 
3 2 0 4205 
3 2 0 4214 
3 2 0 4208 
3 2 0 4213 
3 2 0 4209 
3 2 0 4212 
3 2 0 4210 
3 2 0 4211 
3 2 0 4219 
1 0 
1 0 
1 0 
2 3 4254 4255 0 
2 3 4253 4256 0 
1 0 
1 0 
1 0 
1 0 
2 3 4260 4261 0 
1 0 
2 3 4262 4263 0 
1 0 
1 0 
2 3 4265 4266 0 
2 3 4264 4267 0 
1 0 
1 0 
1 0 
1 0 
1 0 
2 3 4272 4273 0 
2 3 4271 4274 0 
2 3 4270 4275 0 
2 3 4269 4276 0 
2 3 4268 4277 0 
2 3 4259 4278 0 
2 3 4258 4279 0 
1 0 
2 3 4280 4281 0 
2 3 4257 4282 0 
3 2 0 4283 
3 2 0 4257 
3 2 0 4253 
3 2 0 4256 
3 2 0 4254 
3 2 0 4255 
3 2 0 4282 
3 2 0 4280 
3 2 0 4258 
3 2 0 4279 
3 2 0 4259 
3 2 0 4278 
3 2 0 4268 
3 2 0 4264 
3 2 0 4262 
3 2 0 4260 
3 2 0 4261 
3 2 0 4263 
3 2 0 4267 
3 2 0 4265 
3 2 0 4266 
3 2 0 4277 
3 2 0 4269 
3 2 0 4276 
3 2 0 4270 
3 2 0 4275 
3 2 0 4271 
3 2 0 4274 
3 2 0 4272 
3 2 0 4273 
3 2 0 4281 
1 0 
1 0 
1 0 
1 0 
1 0 
1 0 
2 3 4319 4320 0 
2 3 4318 4321 0 
2 3 4317 4322 0 
1 0 
2 3 4323 4324 0 
1 0 
1 0 
2 3 4326 4327 0 
1 0 
1 0 
2 3 4329 4330 0 
2 3 4328 4331 0 
2 3 4325 4332 0 
1 0 
2 3 4333 4334 0 
2 3 4316 4335 0 
2 3 4315 4336 0 
3 2 0 4337 
3 2 0 4315 
3 2 0 4336 
3 2 0 4316 
3 2 0 4335 
3 2 0 4333 
3 2 0 4325 
3 2 0 4323 
3 2 0 4317 
3 2 0 4322 
3 2 0 4318 
3 2 0 4321 
3 2 0 4319 
3 2 0 4320 
3 2 0 4324 
3 2 0 4332 
3 2 0 4328 
3 2 0 4326 
3 2 0 4327 
3 2 0 4331 
3 2 0 4329 
3 2 0 4330 
3 2 0 4334 
1 0 
1 0 
2 3 4361 4362 0 
1 0 
2 3 4363 4364 0 
1 0 
1 0 
1 0 
2 3 4367 4368 0 
1 0 
2 3 4369 4370 0 
2 3 4366 4371 0 
1 0 
1 0 
1 0 
1 0 
2 3 4375 4376 0 
1 0 
2 3 4377 4378 0 
1 0 
1 0 
2 3 4380 4381 0 
2 3 4379 4382 0 
1 0 
2 3 4383 4384 0 
2 3 4374 4385 0 
2 3 4373 4386 0 
2 3 4372 4387 0 
1 0 
2 3 4388 4389 0 
1 0 
1 0 
1 0 
2 3 4392 4393 0 
1 0 
1 0 
1 0 
1 0 
2 3 4397 4398 0 
2 3 4396 4399 0 
1 0 
1 0 
1 0 
1 0 
2 3 4403 4404 0 
2 3 4402 4405 0 
2 3 4401 4406 0 
2 3 4400 4407 0 
2 3 4395 4408 0 
2 3 4394 4409 0 
2 3 4391 4410 0 
2 3 4390 4411 0 
1 0 
2 3 4412 4413 0 
2 3 4365 4414 0 
3 2 0 4415 
3 2 0 4365 
3 2 0 4363 
3 2 0 4361 
3 2 0 4362 
3 2 0 4364 
3 2 0 4414 
3 2 0 4412 
3 2 0 4390 
3 2 0 4388 
3 2 0 4372 
3 2 0 4366 
3 2 0 4371 
3 2 0 4369 
3 2 0 4367 
3 2 0 4368 
3 2 0 4370 
3 2 0 4387 
3 2 0 4373 
3 2 0 4386 
3 2 0 4374 
3 2 0 4385 
3 2 0 4383 
3 2 0 4379 
3 2 0 4377 
3 2 0 4375 
3 2 0 4376 
3 2 0 4378 
3 2 0 4382 
3 2 0 4380 
3 2 0 4381 
3 2 0 4384 
3 2 0 4389 
3 2 0 4411 
3 2 0 4391 
3 2 0 4410 
3 2 0 4394 
3 2 0 4392 
3 2 0 4393 
3 2 0 4409 
3 2 0 4395 
3 2 0 4408 
3 2 0 4400 
3 2 0 4396 
3 2 0 4399 
3 2 0 4397 
3 2 0 4398 
3 2 0 4407 
3 2 0 4401 
3 2 0 4406 
3 2 0 4402 
3 2 0 4405 
3 2 0 4403 
3 2 0 4404 
3 2 0 4413 
1 0 
1 0 
1 0 
1 0 
1 0 
1 0 
1 0 
1 0 
2 3 4477 4478 0 
2 3 4476 4479 0 
2 3 4475 4480 0 
2 3 4474 4481 0 
2 3 4473 4482 0 
2 3 4472 4483 0 
2 3 4471 4484 0 
1 0 
2 3 4485 4486 0 
1 0 
2 3 4487 4488 0 
1 0 
1 0 
1 0 
2 3 4491 4492 0 
1 0 
1 0 
1 0 
1 0 
2 3 4496 4497 0 
2 3 4495 4498 0 
1 0 
1 0 
2 3 4500 4501 0 
2 3 4499 4502 0 
2 3 4494 4503 0 
2 3 4493 4504 0 
1 0 
1 0 
1 0 
2 3 4507 4508 0 
1 0 
1 0 
1 0 
2 3 4511 4512 0 
2 3 4510 4513 0 
1 0 
1 0 
1 0 
1 0 
1 0 
1 0 
2 3 4519 4520 0 
2 3 4518 4521 0 
2 3 4517 4522 0 
2 3 4516 4523 0 
2 3 4515 4524 0 
2 3 4514 4525 0 
2 3 4509 4526 0 
2 3 4506 4527 0 
2 3 4505 4528 0 
2 3 4490 4529 0 
2 3 4489 4530 0 
1 0 
2 3 4531 4532 0 
3 2 0 4533 
3 2 0 4531 
3 2 0 4489 
3 2 0 4487 
3 2 0 4485 
3 2 0 4471 
3 2 0 4484 
3 2 0 4472 
3 2 0 4483 
3 2 0 4473 
3 2 0 4482 
3 2 0 4474 
3 2 0 4481 
3 2 0 4475 
3 2 0 4480 
3 2 0 4476 
3 2 0 4479 
3 2 0 4477 
3 2 0 4478 
3 2 0 4486 
3 2 0 4488 
3 2 0 4530 
3 2 0 4490 
3 2 0 4529 
3 2 0 4505 
3 2 0 4493 
3 2 0 4491 
3 2 0 4492 
3 2 0 4504 
3 2 0 4494 
3 2 0 4503 
3 2 0 4499 
3 2 0 4495 
3 2 0 4498 
3 2 0 4496 
3 2 0 4497 
3 2 0 4502 
3 2 0 4500 
3 2 0 4501 
3 2 0 4528 
3 2 0 4506 
3 2 0 4527 
3 2 0 4509 
3 2 0 4507 
3 2 0 4508 
3 2 0 4526 
3 2 0 4514 
3 2 0 4510 
3 2 0 4513 
3 2 0 4511 
3 2 0 4512 
3 2 0 4525 
3 2 0 4515 
3 2 0 4524 
3 2 0 4516 
3 2 0 4523 
3 2 0 4517 
3 2 0 4522 
3 2 0 4518 
3 2 0 4521 
3 2 0 4519 
3 2 0 4520 
3 2 0 4532 
1 0 
1 0 
1 0 
2 3 4598 4599 0 
1 0 
2 3 4600 4601 0 
2 3 4597 4602 0 
1 0 
1 0 
2 3 4604 4605 0 
2 3 4603 4606 0 
1 0 
2 3 4607 4608 0 
1 0 
1 0 
2 3 4610 4611 0 
1 0 
2 3 4612 4613 0 
1 0 
1 0 
2 3 4615 4616 0 
1 0 
1 0 
1 0 
1 0 
1 0 
1 0 
2 3 4622 4623 0 
2 3 4621 4624 0 
2 3 4620 4625 0 
2 3 4619 4626 0 
1 0 
1 0 
1 0 
1 0 
2 3 4630 4631 0 
1 0 
2 3 4632 4633 0 
2 3 4629 4634 0 
2 3 4628 4635 0 
2 3 4627 4636 0 
2 3 4618 4637 0 
2 3 4617 4638 0 
2 3 4614 4639 0 
1 0 
2 3 4640 4641 0 
2 3 4609 4642 0 
3 2 0 4643 
3 2 0 4609 
3 2 0 4607 
3 2 0 4603 
3 2 0 4597 
3 2 0 4602 
3 2 0 4600 
3 2 0 4598 
3 2 0 4599 
3 2 0 4601 
3 2 0 4606 
3 2 0 4604 
3 2 0 4605 
3 2 0 4608 
3 2 0 4642 
3 2 0 4640 
3 2 0 4614 
3 2 0 4612 
3 2 0 4610 
3 2 0 4611 
3 2 0 4613 
3 2 0 4639 
3 2 0 4617 
3 2 0 4615 
3 2 0 4616 
3 2 0 4638 
3 2 0 4618 
3 2 0 4637 
3 2 0 4627 
3 2 0 4619 
3 2 0 4626 
3 2 0 4620 
3 2 0 4625 
3 2 0 4621 
3 2 0 4624 
3 2 0 4622 
3 2 0 4623 
3 2 0 4636 
3 2 0 4628 
3 2 0 4635 
3 2 0 4629 
3 2 0 4634 
3 2 0 4632 
3 2 0 4630 
3 2 0 4631 
3 2 0 4633 
3 2 0 4641 
1 0 
1 0 
1 0 
2 3 4692 4693 0 
2 3 4691 4694 0 
1 0 
1 0 
1 0 
1 0 
2 3 4698 4699 0 
1 0 
2 3 4700 4701 0 
1 0 
1 0 
2 3 4703 4704 0 
2 3 4702 4705 0 
2 3 4697 4706 0 
2 3 4696 4707 0 
1 0 
1 0 
1 0 
1 0 
2 3 4711 4712 0 
2 3 4710 4713 0 
2 3 4709 4714 0 
2 3 4708 4715 0 
1 0 
2 3 4716 4717 0 
2 3 4695 4718 0 
3 2 0 4719 
3 2 0 4695 
3 2 0 4691 
3 2 0 4694 
3 2 0 4692 
3 2 0 4693 
3 2 0 4718 
3 2 0 4716 
3 2 0 4708 
3 2 0 4696 
3 2 0 4707 
3 2 0 4697 
3 2 0 4706 
3 2 0 4702 
3 2 0 4700 
3 2 0 4698 
3 2 0 4699 
3 2 0 4701 
3 2 0 4705 
3 2 0 4703 
3 2 0 4704 
3 2 0 4715 
3 2 0 4709 
3 2 0 4714 
3 2 0 4710 
3 2 0 4713 
3 2 0 4711 
3 2 0 4712 
3 2 0 4717 
58 2374 20 21 22 23 24 25 26 27 28 29 30 31 32 33 34 35 36 37 38 94 95 96 97 98 99 100 101 102 103 104 105 106 107 108 109 110 111 112 113 114 115 116 117 118 119 120 121 122 123 124 125 126 127 128 129 130 131 132 133 134 135 136 137 138 139 140 141 142 143 144 145 146 147 148 208 209 210 211 212 213 214 215 216 217 218 219 220 221 222 223 224 225 226 227 228 229 230 231 232 233 234 235 236 237 238 239 240 241 242 243 244 245 246 247 248 249 250 251 252 253 254 255 256 257 258 259 260 261 262 263 264 265 266 304 305 306 307 308 309 310 311 312 313 314 315 316 317 318 319 320 321 322 323 324 325 326 327 328 329 330 331 332 333 334 335 336 337 338 339 340 378 379 380 381 382 383 384 385 386 387 388 389 390 391 392 393 394 395 396 397 398 399 400 401 402 403 404 405 406 407 408 409 410 411 412 413 414 440 441 442 443 444 445 446 447 448 449 450 451 452 453 454 455 456 457 458 459 460 461 462 463 464 492 493 494 495 496 497 498 499 500 501 502 503 504 505 506 507 508 509 510 511 512 513 514 515 516 517 518 556 557 558 559 560 561 562 563 564 565 566 567 568 569 570 571 572 573 574 575 576 577 578 579 580 581 582 583 584 585 586 587 588 589 590 591 592 630 631 632 633 634 635 636 637 638 639 640 641 642 643 644 645 646 647 648 649 650 651 652 653 654 655 656 657 658 659 660 661 662 663 664 665 666 740 741 742 743 744 745 746 747 748 749 750 751 752 753 754 755 756 757 758 759 760 761 762 763 764 765 766 767 768 769 770 771 772 773 774 775 776 777 778 779 780 781 782 783 784 785 786 787 788 789 790 791 792 793 794 795 796 797 798 799 800 801 802 803 804 805 806 807 808 809 810 811 812 856 857 858 859 860 861 862 863 864 865 866 867 868 869 870 871 872 873 874 875 876 877 878 879 880 881 882 883 884 885 886 887 888 889 890 891 892 893 894 895 896 897 898 916 917 918 919 920 921 922 923 924 925 926 927 928 929 930 931 932 976 977 978 979 980 981 982 983 984 985 986 987 988 989 990 991 992 993 994 995 996 997 998 999 1000 1001 1002 1003 1004 1005 1006 1007 1008 1009 1010 1011 1012 1013 1014 1015 1016 1017 1018 1056 1057 1058 1059 1060 1061 1062 1063 1064 1065 1066 1067 1068 1069 1070 1071 1072 1073 1074 1075 1076 1077 1078 1079 1080 1081 1082 1083 1084 1085 1086 1087 1088 1089 1090 1091 1092 1126 1127 1128 1129 1130 1131 1132 1133 1134 1135 1136 1137 1138 1139 1140 1141 1142 1143 1144 1145 1146 1147 1148 1149 1150 1151 1152 1153 1154 1155 1156 1157 1158 1208 1209 1210 1211 1212 1213 1214 1215 1216 1217 1218 1219 1220 1221 1222 1223 1224 1225 1226 1227 1228 1229 1230 1231 1232 1233 1234 1235 1236 1237 1238 1239 1240 1241 1242 1243 1244 1245 1246 1247 1248 1249 1250 1251 1252 1253 1254 1255 1256 1298 1299 1300 1301 1302 1303 1304 1305 1306 1307 1308 1309 1310 1311 1312 1313 1314 1315 1316 1317 1318 1319 1320 1321 1322 1323 1324 1325 1326 1327 1328 1329 1330 1331 1332 1333 1334 1335 1336 1337 1338 1358 1359 1360 1361 1362 1363 1364 1365 1366 1367 1368 1369 1370 1371 1372 1373 1374 1375 1376 1424 1425 1426 1427 1428 1429 1430 1431 1432 1433 1434 1435 1436 1437 1438 1439 1440 1441 1442 1443 1444 1445 1446 1447 1448 1449 1450 1451 1452 1453 1454 1455 1456 1457 1458 1459 1460 1461 1462 1463 1464 1465 1466 1467 1468 1469 1470 1560 1561 1562 1563 1564 1565 1566 1567 1568 1569 1570 1571 1572 1573 1574 1575 1576 1577 1578 1579 1580 1581 1582 1583 1584 1585 1586 1587 1588 1589 1590 1591 1592 1593 1594 1595 1596 1597 1598 1599 1600 1601 1602 1603 1604 1605 1606 1607 1608 1609 1610 1611 1612 1613 1614 1615 1616 1617 1618 1619 1620 1621 1622 1623 1624 1625 1626 1627 1628 1629 1630 1631 1632 1633 1634 1635 1636 1637 1638 1639 1640 1641 1642 1643 1644 1645 1646 1647 1648 1678 1679 1680 1681 1682 1683 1684 1685 1686 1687 1688 1689 1690 1691 1692 1693 1694 1695 1696 1697 1698 1699 1700 1701 1702 1703 1704 1705 1706 1738 1739 1740 1741 1742 1743 1744 1745 1746 1747 1748 1749 1750 1751 1752 1753 1754 1755 1756 1757 1758 1759 1760 1761 1762 1763 1764 1765 1766 1767 1768 1818 1819 1820 1821 1822 1823 1824 1825 1826 1827 1828 1829 1830 1831 1832 1833 1834 1835 1836 1837 1838 1839 1840 1841 1842 1843 1844 1845 1846 1847 1848 1849 1850 1851 1852 1853 1854 1855 1856 1857 1858 1859 1860 1861 1862 1863 1864 1865 1866 1900 1901 1902 1903 1904 1905 1906 1907 1908 1909 1910 1911 1912 1913 1914 1915 1916 1917 1918 1919 1920 1921 1922 1923 1924 1925 1926 1927 1928 1929 1930 1931 1932 1966 1967 1968 1969 1970 1971 1972 1973 1974 1975 1976 1977 1978 1979 1980 1981 1982 1983 1984 1985 1986 1987 1988 1989 1990 1991 1992 1993 1994 1995 1996 1997 1998 2034 2035 2036 2037 2038 2039 2040 2041 2042 2043 2044 2045 2046 2047 2048 2049 2050 2051 2052 2053 2054 2055 2056 2057 2058 2059 2060 2061 2062 2063 2064 2065 2066 2067 2068 2152 2153 2154 2155 2156 2157 2158 2159 2160 2161 2162 2163 2164 2165 2166 2167 2168 2169 2170 2171 2172 2173 2174 2175 2176 2177 2178 2179 2180 2181 2182 2183 2184 2185 2186 2187 2188 2189 2190 2191 2192 2193 2194 2195 2196 2197 2198 2199 2200 2201 2202 2203 2204 2205 2206 2207 2208 2209 2210 2211 2212 2213 2214 2215 2216 2217 2218 2219 2220 2221 2222 2223 2224 2225 2226 2227 2228 2229 2230 2231 2232 2233 2234 2302 2303 2304 2305 2306 2307 2308 2309 2310 2311 2312 2313 2314 2315 2316 2317 2318 2319 2320 2321 2322 2323 2324 2325 2326 2327 2328 2329 2330 2331 2332 2333 2334 2335 2336 2337 2338 2339 2340 2341 2342 2343 2344 2345 2346 2347 2348 2349 2350 2351 2352 2353 2354 2355 2356 2357 2358 2359 2360 2361 2362 2363 2364 2365 2366 2367 2368 2422 2423 2424 2425 2426 2427 2428 2429 2430 2431 2432 2433 2434 2435 2436 2437 2438 2439 2440 2441 2442 2443 2444 2445 2446 2447 2448 2449 2450 2451 2452 2453 2454 2455 2456 2457 2458 2459 2460 2461 2462 2463 2464 2465 2466 2467 2468 2469 2470 2471 2472 2473 2474 2516 2517 2518 2519 2520 2521 2522 2523 2524 2525 2526 2527 2528 2529 2530 2531 2532 2533 2534 2535 2536 2537 2538 2539 2540 2541 2542 2543 2544 2545 2546 2547 2548 2549 2550 2551 2552 2553 2554 2555 2556 2594 2595 2596 2597 2598 2599 2600 2601 2602 2603 2604 2605 2606 2607 2608 2609 2610 2611 2612 2613 2614 2615 2616 2617 2618 2619 2620 2621 2622 2623 2624 2625 2626 2627 2628 2629 2630 2682 2683 2684 2685 2686 2687 2688 2689 2690 2691 2692 2693 2694 2695 2696 2697 2698 2699 2700 2701 2702 2703 2704 2705 2706 2707 2708 2709 2710 2711 2712 2713 2714 2715 2716 2717 2718 2719 2720 2721 2722 2723 2724 2725 2726 2727 2728 2729 2730 2731 2732 2738 2739 2740 2741 2742 2760 2761 2762 2763 2764 2765 2766 2767 2768 2769 2770 2771 2772 2773 2774 2775 2776 2796 2797 2798 2799 2800 2801 2802 2803 2804 2805 2806 2807 2808 2809 2810 2811 2812 2813 2814 2836 2837 2838 2839 2840 2841 2842 2843 2844 2845 2846 2847 2848 2849 2850 2851 2852 2853 2854 2855 2856 2876 2877 2878 2879 2880 2881 2882 2883 2884 2885 2886 2887 2888 2889 2890 2891 2892 2893 2894 2930 2931 2932 2933 2934 2935 2936 2937 2938 2939 2940 2941 2942 2943 2944 2945 2946 2947 2948 2949 2950 2951 2952 2953 2954 2955 2956 2957 2958 2959 2960 2961 2962 2963 2964 2998 2999 3000 3001 3002 3003 3004 3005 3006 3007 3008 3009 3010 3011 3012 3013 3014 3015 3016 3017 3018 3019 3020 3021 3022 3023 3024 3025 3026 3027 3028 3029 3030 3054 3055 3056 3057 3058 3059 3060 3061 3062 3063 3064 3065 3066 3067 3068 3069 3070 3071 3072 3073 3074 3075 3076 3104 3105 3106 3107 3108 3109 3110 3111 3112 3113 3114 3115 3116 3117 3118 3119 3120 3121 3122 3123 3124 3125 3126 3127 3128 3129 3130 3150 3151 3152 3153 3154 3155 3156 3157 3158 3159 3160 3161 3162 3163 3164 3165 3166 3167 3168 3226 3227 3228 3229 3230 3231 3232 3233 3234 3235 3236 3237 3238 3239 3240 3241 3242 3243 3244 3245 3246 3247 3248 3249 3250 3251 3252 3253 3254 3255 3256 3257 3258 3259 3260 3261 3262 3263 3264 3265 3266 3267 3268 3269 3270 3271 3272 3273 3274 3275 3276 3277 3278 3279 3280 3281 3282 3338 3339 3340 3341 3342 3343 3344 3345 3346 3347 3348 3349 3350 3351 3352 3353 3354 3355 3356 3357 3358 3359 3360 3361 3362 3363 3364 3365 3366 3367 3368 3369 3370 3371 3372 3373 3374 3375 3376 3377 3378 3379 3380 3381 3382 3383 3384 3385 3386 3387 3388 3389 3390 3391 3392 3448 3449 3450 3451 3452 3453 3454 3455 3456 3457 3458 3459 3460 3461 3462 3463 3464 3465 3466 3467 3468 3469 3470 3471 3472 3473 3474 3475 3476 3477 3478 3479 3480 3481 3482 3483 3484 3485 3486 3487 3488 3489 3490 3491 3492 3493 3494 3495 3496 3497 3498 3499 3500 3501 3502 3518 3519 3520 3521 3522 3523 3524 3525 3526 3527 3528 3529 3530 3531 3532 3560 3561 3562 3563 3564 3565 3566 3567 3568 3569 3570 3571 3572 3573 3574 3575 3576 3577 3578 3579 3580 3581 3582 3583 3584 3585 3586 3596 3597 3598 3599 3600 3601 3602 3603 3604 3626 3627 3628 3629 3630 3631 3632 3633 3634 3635 3636 3637 3638 3639 3640 3641 3642 3643 3644 3645 3646 3668 3669 3670 3671 3672 3673 3674 3675 3676 3677 3678 3679 3680 3681 3682 3683 3684 3685 3686 3687 3688 3746 3747 3748 3749 3750 3751 3752 3753 3754 3755 3756 3757 3758 3759 3760 3761 3762 3763 3764 3765 3766 3767 3768 3769 3770 3771 3772 3773 3774 3775 3776 3777 3778 3779 3780 3781 3782 3783 3784 3785 3786 3787 3788 3789 3790 3791 3792 3793 3794 3795 3796 3797 3798 3799 3800 3801 3802 3830 3831 3832 3833 3834 3835 3836 3837 3838 3839 3840 3841 3842 3843 3844 3845 3846 3847 3848 3849 3850 3851 3852 3853 3854 3855 3856 3902 3903 3904 3905 3906 3907 3908 3909 3910 3911 3912 3913 3914 3915 3916 3917 3918 3919 3920 3921 3922 3923 3924 3925 3926 3927 3928 3929 3930 3931 3932 3933 3934 3935 3936 3937 3938 3939 3940 3941 3942 3943 3944 3945 3946 3982 3983 3984 3985 3986 3987 3988 3989 3990 3991 3992 3993 3994 3995 3996 3997 3998 3999 4000 4001 4002 4003 4004 4005 4006 4007 4008 4009 4010 4011 4012 4013 4014 4015 4016 4056 4057 4058 4059 4060 4061 4062 4063 4064 4065 4066 4067 4068 4069 4070 4071 4072 4073 4074 4075 4076 4077 4078 4079 4080 4081 4082 4083 4084 4085 4086 4087 4088 4089 4090 4091 4092 4093 4094 4110 4111 4112 4113 4114 4115 4116 4117 4118 4119 4120 4121 4122 4123 4124 4158 4159 4160 4161 4162 4163 4164 4165 4166 4167 4168 4169 4170 4171 4172 4173 4174 4175 4176 4177 4178 4179 4180 4181 4182 4183 4184 4185 4186 4187 4188 4189 4190 4222 4223 4224 4225 4226 4227 4228 4229 4230 4231 4232 4233 4234 4235 4236 4237 4238 4239 4240 4241 4242 4243 4244 4245 4246 4247 4248 4249 4250 4251 4252 4284 4285 4286 4287 4288 4289 4290 4291 4292 4293 4294 4295 4296 4297 4298 4299 4300 4301 4302 4303 4304 4305 4306 4307 4308 4309 4310 4311 4312 4313 4314 4338 4339 4340 4341 4342 4343 4344 4345 4346 4347 4348 4349 4350 4351 4352 4353 4354 4355 4356 4357 4358 4359 4360 4416 4417 4418 4419 4420 4421 4422 4423 4424 4425 4426 4427 4428 4429 4430 4431 4432 4433 4434 4435 4436 4437 4438 4439 4440 4441 4442 4443 4444 4445 4446 4447 4448 4449 4450 4451 4452 4453 4454 4455 4456 4457 4458 4459 4460 4461 4462 4463 4464 4465 4466 4467 4468 4469 4470 4534 4535 4536 4537 4538 4539 4540 4541 4542 4543 4544 4545 4546 4547 4548 4549 4550 4551 4552 4553 4554 4555 4556 4557 4558 4559 4560 4561 4562 4563 4564 4565 4566 4567 4568 4569 4570 4571 4572 4573 4574 4575 4576 4577 4578 4579 4580 4581 4582 4583 4584 4585 4586 4587 4588 4589 4590 4591 4592 4593 4594 4595 4596 4644 4645 4646 4647 4648 4649 4650 4651 4652 4653 4654 4655 4656 4657 4658 4659 4660 4661 4662 4663 4664 4665 4666 4667 4668 4669 4670 4671 4672 4673 4674 4675 4676 4677 4678 4679 4680 4681 4682 4683 4684 4685 4686 4687 4688 4689 4690 4720 4721 4722 4723 4724 4725 4726 4727 4728 4729 4730 4731 4732 4733 4734 4735 4736 4737 4738 4739 4740 4741 4742 4743 4744 4745 4746 4747 4748 
