4546
0 0 
1 0 
1 0 
2 3 1 2 0 
1 0 
1 0 
1 0 
2 3 5 6 0 
2 3 4 7 0 
2 3 3 8 0 
1 0 
1 0 
2 3 10 11 0 
2 3 9 12 0 
3 2 0 13 
3 2 0 9 
3 2 0 3 
3 2 0 1 
3 2 0 2 
3 2 0 8 
3 2 0 4 
3 2 0 7 
3 2 0 5 
3 2 0 6 
3 2 0 12 
3 2 0 10 
3 2 0 11 
1 0 
1 0 
1 0 
1 0 
1 0 
1 0 
1 0 
1 0 
2 3 33 34 0 
2 3 32 35 0 
1 0 
1 0 
1 0 
2 3 38 39 0 
1 0 
1 0 
1 0 
1 0 
2 3 43 44 0 
2 3 42 45 0 
2 3 41 46 0 
2 3 40 47 0 
2 3 37 48 0 
2 3 36 49 0 
1 0 
1 0 
2 3 51 52 0 
1 0 
1 0 
1 0 
1 0 
2 3 56 57 0 
2 3 55 58 0 
2 3 54 59 0 
2 3 53 60 0 
2 3 50 61 0 
2 3 31 62 0 
2 3 30 63 0 
2 3 29 64 0 
2 3 28 65 0 
1 0 
2 3 66 67 0 
2 3 27 68 0 
3 2 0 69 
3 2 0 27 
3 2 0 68 
3 2 0 66 
3 2 0 28 
3 2 0 65 
3 2 0 29 
3 2 0 64 
3 2 0 30 
3 2 0 63 
3 2 0 31 
3 2 0 62 
3 2 0 50 
3 2 0 36 
3 2 0 32 
3 2 0 35 
3 2 0 33 
3 2 0 34 
3 2 0 49 
3 2 0 37 
3 2 0 48 
3 2 0 40 
3 2 0 38 
3 2 0 39 
3 2 0 47 
3 2 0 41 
3 2 0 46 
3 2 0 42 
3 2 0 45 
3 2 0 43 
3 2 0 44 
3 2 0 61 
3 2 0 53 
3 2 0 51 
3 2 0 52 
3 2 0 60 
3 2 0 54 
3 2 0 59 
3 2 0 55 
3 2 0 58 
3 2 0 56 
3 2 0 57 
3 2 0 67 
1 0 
1 0 
1 0 
1 0 
1 0 
1 0 
2 3 117 118 0 
2 3 116 119 0 
2 3 115 120 0 
2 3 114 121 0 
1 0 
2 3 122 123 0 
2 3 113 124 0 
3 2 0 125 
3 2 0 113 
3 2 0 124 
3 2 0 122 
3 2 0 114 
3 2 0 121 
3 2 0 115 
3 2 0 120 
3 2 0 116 
3 2 0 119 
3 2 0 117 
3 2 0 118 
3 2 0 123 
1 0 
1 0 
1 0 
1 0 
1 0 
1 0 
2 3 143 144 0 
2 3 142 145 0 
1 0 
2 3 146 147 0 
2 3 141 148 0 
1 0 
1 0 
1 0 
1 0 
2 3 152 153 0 
2 3 151 154 0 
1 0 
2 3 155 156 0 
1 0 
1 0 
1 0 
1 0 
2 3 160 161 0 
1 0 
2 3 162 163 0 
2 3 159 164 0 
2 3 158 165 0 
2 3 157 166 0 
2 3 150 167 0 
2 3 149 168 0 
2 3 140 169 0 
1 0 
2 3 170 171 0 
2 3 139 172 0 
3 2 0 173 
3 2 0 139 
3 2 0 172 
3 2 0 170 
3 2 0 140 
3 2 0 169 
3 2 0 149 
3 2 0 141 
3 2 0 148 
3 2 0 146 
3 2 0 142 
3 2 0 145 
3 2 0 143 
3 2 0 144 
3 2 0 147 
3 2 0 168 
3 2 0 150 
3 2 0 167 
3 2 0 157 
3 2 0 155 
3 2 0 151 
3 2 0 154 
3 2 0 152 
3 2 0 153 
3 2 0 156 
3 2 0 166 
3 2 0 158 
3 2 0 165 
3 2 0 159 
3 2 0 164 
3 2 0 162 
3 2 0 160 
3 2 0 161 
3 2 0 163 
3 2 0 171 
1 0 
1 0 
1 0 
1 0 
1 0 
1 0 
1 0 
1 0 
1 0 
1 0 
1 0 
2 3 218 219 0 
2 3 217 220 0 
2 3 216 221 0 
2 3 215 222 0 
2 3 214 223 0 
2 3 213 224 0 
2 3 212 225 0 
2 3 211 226 0 
2 3 210 227 0 
2 3 209 228 0 
1 0 
2 3 229 230 0 
3 2 0 231 
3 2 0 229 
3 2 0 209 
3 2 0 228 
3 2 0 210 
3 2 0 227 
3 2 0 211 
3 2 0 226 
3 2 0 212 
3 2 0 225 
3 2 0 213 
3 2 0 224 
3 2 0 214 
3 2 0 223 
3 2 0 215 
3 2 0 222 
3 2 0 216 
3 2 0 221 
3 2 0 217 
3 2 0 220 
3 2 0 218 
3 2 0 219 
3 2 0 230 
1 0 
1 0 
1 0 
2 3 256 257 0 
1 0 
1 0 
2 3 259 260 0 
2 3 258 261 0 
2 3 255 262 0 
1 0 
1 0 
1 0 
1 0 
2 3 266 267 0 
2 3 265 268 0 
1 0 
1 0 
1 0 
1 0 
2 3 272 273 0 
1 0 
1 0 
1 0 
1 0 
2 3 277 278 0 
1 0 
2 3 279 280 0 
1 0 
2 3 281 282 0 
1 0 
1 0 
1 0 
1 0 
1 0 
1 0 
2 3 288 289 0 
2 3 287 290 0 
1 0 
1 0 
1 0 
2 3 293 294 0 
2 3 292 295 0 
2 3 291 296 0 
2 3 286 297 0 
2 3 285 298 0 
2 3 284 299 0 
2 3 283 300 0 
2 3 276 301 0 
2 3 275 302 0 
2 3 274 303 0 
2 3 271 304 0 
2 3 270 305 0 
2 3 269 306 0 
2 3 264 307 0 
1 0 
2 3 308 309 0 
2 3 263 310 0 
3 2 0 311 
3 2 0 263 
3 2 0 255 
3 2 0 262 
3 2 0 258 
3 2 0 256 
3 2 0 257 
3 2 0 261 
3 2 0 259 
3 2 0 260 
3 2 0 310 
3 2 0 308 
3 2 0 264 
3 2 0 307 
3 2 0 269 
3 2 0 265 
3 2 0 268 
3 2 0 266 
3 2 0 267 
3 2 0 306 
3 2 0 270 
3 2 0 305 
3 2 0 271 
3 2 0 304 
3 2 0 274 
3 2 0 272 
3 2 0 273 
3 2 0 303 
3 2 0 275 
3 2 0 302 
3 2 0 276 
3 2 0 301 
3 2 0 283 
3 2 0 281 
3 2 0 279 
3 2 0 277 
3 2 0 278 
3 2 0 280 
3 2 0 282 
3 2 0 300 
3 2 0 284 
3 2 0 299 
3 2 0 285 
3 2 0 298 
3 2 0 286 
3 2 0 297 
3 2 0 291 
3 2 0 287 
3 2 0 290 
3 2 0 288 
3 2 0 289 
3 2 0 296 
3 2 0 292 
3 2 0 295 
3 2 0 293 
3 2 0 294 
3 2 0 309 
1 0 
1 0 
1 0 
1 0 
1 0 
2 3 372 373 0 
1 0 
1 0 
1 0 
1 0 
2 3 377 378 0 
2 3 376 379 0 
2 3 375 380 0 
2 3 374 381 0 
2 3 371 382 0 
1 0 
1 0 
1 0 
2 3 385 386 0 
1 0 
1 0 
2 3 388 389 0 
2 3 387 390 0 
1 0 
1 0 
1 0 
1 0 
1 0 
1 0 
1 0 
2 3 397 398 0 
2 3 396 399 0 
2 3 395 400 0 
2 3 394 401 0 
2 3 393 402 0 
2 3 392 403 0 
2 3 391 404 0 
1 0 
2 3 405 406 0 
2 3 384 407 0 
2 3 383 408 0 
2 3 370 409 0 
2 3 369 410 0 
3 2 0 411 
3 2 0 369 
3 2 0 410 
3 2 0 370 
3 2 0 409 
3 2 0 383 
3 2 0 371 
3 2 0 382 
3 2 0 374 
3 2 0 372 
3 2 0 373 
3 2 0 381 
3 2 0 375 
3 2 0 380 
3 2 0 376 
3 2 0 379 
3 2 0 377 
3 2 0 378 
3 2 0 408 
3 2 0 384 
3 2 0 407 
3 2 0 405 
3 2 0 391 
3 2 0 387 
3 2 0 385 
3 2 0 386 
3 2 0 390 
3 2 0 388 
3 2 0 389 
3 2 0 404 
3 2 0 392 
3 2 0 403 
3 2 0 393 
3 2 0 402 
3 2 0 394 
3 2 0 401 
3 2 0 395 
3 2 0 400 
3 2 0 396 
3 2 0 399 
3 2 0 397 
3 2 0 398 
3 2 0 406 
1 0 
1 0 
2 3 455 456 0 
1 0 
1 0 
1 0 
1 0 
2 3 460 461 0 
1 0 
2 3 462 463 0 
2 3 459 464 0 
2 3 458 465 0 
1 0 
2 3 466 467 0 
2 3 457 468 0 
3 2 0 469 
3 2 0 457 
3 2 0 455 
3 2 0 456 
3 2 0 468 
3 2 0 466 
3 2 0 458 
3 2 0 465 
3 2 0 459 
3 2 0 464 
3 2 0 462 
3 2 0 460 
3 2 0 461 
3 2 0 463 
3 2 0 467 
1 0 
1 0 
1 0 
1 0 
1 0 
1 0 
2 3 489 490 0 
2 3 488 491 0 
2 3 487 492 0 
1 0 
2 3 493 494 0 
1 0 
1 0 
1 0 
1 0 
2 3 498 499 0 
1 0 
2 3 500 501 0 
1 0 
2 3 502 503 0 
1 0 
2 3 504 505 0 
1 0 
2 3 506 507 0 
1 0 
2 3 508 509 0 
2 3 497 510 0 
2 3 496 511 0 
2 3 495 512 0 
2 3 486 513 0 
1 0 
2 3 514 515 0 
2 3 485 516 0 
3 2 0 517 
3 2 0 485 
3 2 0 516 
3 2 0 514 
3 2 0 486 
3 2 0 513 
3 2 0 495 
3 2 0 493 
3 2 0 487 
3 2 0 492 
3 2 0 488 
3 2 0 491 
3 2 0 489 
3 2 0 490 
3 2 0 494 
3 2 0 512 
3 2 0 496 
3 2 0 511 
3 2 0 497 
3 2 0 510 
3 2 0 508 
3 2 0 506 
3 2 0 504 
3 2 0 502 
3 2 0 500 
3 2 0 498 
3 2 0 499 
3 2 0 501 
3 2 0 503 
3 2 0 505 
3 2 0 507 
3 2 0 509 
3 2 0 515 
1 0 
1 0 
1 0 
1 0 
1 0 
1 0 
1 0 
1 0 
1 0 
2 3 558 559 0 
1 0 
1 0 
2 3 561 562 0 
2 3 560 563 0 
1 0 
2 3 564 565 0 
1 0 
1 0 
2 3 567 568 0 
2 3 566 569 0 
1 0 
2 3 570 571 0 
1 0 
1 0 
1 0 
2 3 574 575 0 
2 3 573 576 0 
1 0 
2 3 577 578 0 
1 0 
1 0 
1 0 
2 3 581 582 0 
1 0 
2 3 583 584 0 
2 3 580 585 0 
2 3 579 586 0 
2 3 572 587 0 
2 3 557 588 0 
2 3 556 589 0 
2 3 555 590 0 
2 3 554 591 0 
2 3 553 592 0 
2 3 552 593 0 
2 3 551 594 0 
3 2 0 595 
3 2 0 551 
3 2 0 594 
3 2 0 552 
3 2 0 593 
3 2 0 553 
3 2 0 592 
3 2 0 554 
3 2 0 591 
3 2 0 555 
3 2 0 590 
3 2 0 556 
3 2 0 589 
3 2 0 557 
3 2 0 588 
3 2 0 572 
3 2 0 570 
3 2 0 566 
3 2 0 564 
3 2 0 560 
3 2 0 558 
3 2 0 559 
3 2 0 563 
3 2 0 561 
3 2 0 562 
3 2 0 565 
3 2 0 569 
3 2 0 567 
3 2 0 568 
3 2 0 571 
3 2 0 587 
3 2 0 579 
3 2 0 577 
3 2 0 573 
3 2 0 576 
3 2 0 574 
3 2 0 575 
3 2 0 578 
3 2 0 586 
3 2 0 580 
3 2 0 585 
3 2 0 583 
3 2 0 581 
3 2 0 582 
3 2 0 584 
1 0 
1 0 
1 0 
1 0 
1 0 
1 0 
1 0 
2 3 646 647 0 
2 3 645 648 0 
1 0 
1 0 
1 0 
1 0 
2 3 652 653 0 
2 3 651 654 0 
2 3 650 655 0 
2 3 649 656 0 
2 3 644 657 0 
2 3 643 658 0 
2 3 642 659 0 
1 0 
2 3 660 661 0 
2 3 641 662 0 
3 2 0 663 
3 2 0 641 
3 2 0 662 
3 2 0 660 
3 2 0 642 
3 2 0 659 
3 2 0 643 
3 2 0 658 
3 2 0 644 
3 2 0 657 
3 2 0 649 
3 2 0 645 
3 2 0 648 
3 2 0 646 
3 2 0 647 
3 2 0 656 
3 2 0 650 
3 2 0 655 
3 2 0 651 
3 2 0 654 
3 2 0 652 
3 2 0 653 
3 2 0 661 
1 0 
1 0 
1 0 
1 0 
1 0 
1 0 
1 0 
1 0 
1 0 
2 3 694 695 0 
2 3 693 696 0 
2 3 692 697 0 
2 3 691 698 0 
1 0 
1 0 
1 0 
1 0 
1 0 
2 3 703 704 0 
2 3 702 705 0 
2 3 701 706 0 
2 3 700 707 0 
2 3 699 708 0 
2 3 690 709 0 
2 3 689 710 0 
2 3 688 711 0 
2 3 687 712 0 
1 0 
2 3 713 714 0 
3 2 0 715 
3 2 0 713 
3 2 0 687 
3 2 0 712 
3 2 0 688 
3 2 0 711 
3 2 0 689 
3 2 0 710 
3 2 0 690 
3 2 0 709 
3 2 0 699 
3 2 0 691 
3 2 0 698 
3 2 0 692 
3 2 0 697 
3 2 0 693 
3 2 0 696 
3 2 0 694 
3 2 0 695 
3 2 0 708 
3 2 0 700 
3 2 0 707 
3 2 0 701 
3 2 0 706 
3 2 0 702 
3 2 0 705 
3 2 0 703 
3 2 0 704 
3 2 0 714 
1 0 
1 0 
2 3 745 746 0 
1 0 
1 0 
2 3 748 749 0 
1 0 
1 0 
1 0 
2 3 752 753 0 
2 3 751 754 0 
2 3 750 755 0 
2 3 747 756 0 
1 0 
2 3 757 758 0 
1 0 
2 3 759 760 0 
1 0 
1 0 
1 0 
1 0 
1 0 
2 3 765 766 0 
2 3 764 767 0 
2 3 763 768 0 
2 3 762 769 0 
1 0 
2 3 770 771 0 
1 0 
2 3 772 773 0 
1 0 
1 0 
1 0 
1 0 
2 3 777 778 0 
1 0 
1 0 
1 0 
2 3 781 782 0 
2 3 780 783 0 
1 0 
2 3 784 785 0 
2 3 779 786 0 
2 3 776 787 0 
2 3 775 788 0 
2 3 774 789 0 
2 3 761 790 0 
1 0 
2 3 791 792 0 
3 2 0 793 
3 2 0 791 
3 2 0 761 
3 2 0 759 
3 2 0 757 
3 2 0 747 
3 2 0 745 
3 2 0 746 
3 2 0 756 
3 2 0 750 
3 2 0 748 
3 2 0 749 
3 2 0 755 
3 2 0 751 
3 2 0 754 
3 2 0 752 
3 2 0 753 
3 2 0 758 
3 2 0 760 
3 2 0 790 
3 2 0 774 
3 2 0 772 
3 2 0 770 
3 2 0 762 
3 2 0 769 
3 2 0 763 
3 2 0 768 
3 2 0 764 
3 2 0 767 
3 2 0 765 
3 2 0 766 
3 2 0 771 
3 2 0 773 
3 2 0 789 
3 2 0 775 
3 2 0 788 
3 2 0 776 
3 2 0 787 
3 2 0 779 
3 2 0 777 
3 2 0 778 
3 2 0 786 
3 2 0 784 
3 2 0 780 
3 2 0 783 
3 2 0 781 
3 2 0 782 
3 2 0 785 
3 2 0 792 
1 0 
1 0 
1 0 
1 0 
2 3 845 846 0 
2 3 844 847 0 
2 3 843 848 0 
1 0 
1 0 
1 0 
2 3 851 852 0 
1 0 
2 3 853 854 0 
1 0 
1 0 
1 0 
1 0 
2 3 858 859 0 
2 3 857 860 0 
1 0 
1 0 
1 0 
1 0 
1 0 
1 0 
1 0 
1 0 
2 3 868 869 0 
2 3 867 870 0 
2 3 866 871 0 
1 0 
1 0 
1 0 
1 0 
1 0 
2 3 876 877 0 
1 0 
2 3 878 879 0 
2 3 875 880 0 
2 3 874 881 0 
2 3 873 882 0 
2 3 872 883 0 
2 3 865 884 0 
2 3 864 885 0 
2 3 863 886 0 
2 3 862 887 0 
2 3 861 888 0 
2 3 856 889 0 
1 0 
2 3 890 891 0 
2 3 855 892 0 
2 3 850 893 0 
2 3 849 894 0 
3 2 0 895 
3 2 0 849 
3 2 0 843 
3 2 0 848 
3 2 0 844 
3 2 0 847 
3 2 0 845 
3 2 0 846 
3 2 0 894 
3 2 0 850 
3 2 0 893 
3 2 0 855 
3 2 0 853 
3 2 0 851 
3 2 0 852 
3 2 0 854 
3 2 0 892 
3 2 0 890 
3 2 0 856 
3 2 0 889 
3 2 0 861 
3 2 0 857 
3 2 0 860 
3 2 0 858 
3 2 0 859 
3 2 0 888 
3 2 0 862 
3 2 0 887 
3 2 0 863 
3 2 0 886 
3 2 0 864 
3 2 0 885 
3 2 0 865 
3 2 0 884 
3 2 0 872 
3 2 0 866 
3 2 0 871 
3 2 0 867 
3 2 0 870 
3 2 0 868 
3 2 0 869 
3 2 0 883 
3 2 0 873 
3 2 0 882 
3 2 0 874 
3 2 0 881 
3 2 0 875 
3 2 0 880 
3 2 0 878 
3 2 0 876 
3 2 0 877 
3 2 0 879 
3 2 0 891 
1 0 
1 0 
2 3 949 950 0 
1 0 
2 3 951 952 0 
1 0 
1 0 
2 3 954 955 0 
2 3 953 956 0 
1 0 
1 0 
1 0 
1 0 
2 3 960 961 0 
2 3 959 962 0 
1 0 
1 0 
2 3 964 965 0 
2 3 963 966 0 
1 0 
1 0 
1 0 
1 0 
1 0 
2 3 971 972 0 
2 3 970 973 0 
2 3 969 974 0 
2 3 968 975 0 
2 3 967 976 0 
2 3 958 977 0 
2 3 957 978 0 
3 2 0 979 
3 2 0 957 
3 2 0 953 
3 2 0 951 
3 2 0 949 
3 2 0 950 
3 2 0 952 
3 2 0 956 
3 2 0 954 
3 2 0 955 
3 2 0 978 
3 2 0 958 
3 2 0 977 
3 2 0 967 
3 2 0 963 
3 2 0 959 
3 2 0 962 
3 2 0 960 
3 2 0 961 
3 2 0 966 
3 2 0 964 
3 2 0 965 
3 2 0 976 
3 2 0 968 
3 2 0 975 
3 2 0 969 
3 2 0 974 
3 2 0 970 
3 2 0 973 
3 2 0 971 
3 2 0 972 
1 0 
1 0 
1 0 
1 0 
1 0 
2 3 1014 1015 0 
2 3 1013 1016 0 
1 0 
1 0 
2 3 1018 1019 0 
2 3 1017 1020 0 
2 3 1012 1021 0 
2 3 1011 1022 0 
1 0 
1 0 
1 0 
1 0 
1 0 
2 3 1027 1028 0 
2 3 1026 1029 0 
2 3 1025 1030 0 
1 0 
1 0 
1 0 
2 3 1033 1034 0 
2 3 1032 1035 0 
2 3 1031 1036 0 
1 0 
2 3 1037 1038 0 
2 3 1024 1039 0 
2 3 1023 1040 0 
3 2 0 1041 
3 2 0 1023 
3 2 0 1011 
3 2 0 1022 
3 2 0 1012 
3 2 0 1021 
3 2 0 1017 
3 2 0 1013 
3 2 0 1016 
3 2 0 1014 
3 2 0 1015 
3 2 0 1020 
3 2 0 1018 
3 2 0 1019 
3 2 0 1040 
3 2 0 1024 
3 2 0 1039 
3 2 0 1037 
3 2 0 1031 
3 2 0 1025 
3 2 0 1030 
3 2 0 1026 
3 2 0 1029 
3 2 0 1027 
3 2 0 1028 
3 2 0 1036 
3 2 0 1032 
3 2 0 1035 
3 2 0 1033 
3 2 0 1034 
3 2 0 1038 
1 0 
1 0 
1 0 
2 3 1074 1075 0 
2 3 1073 1076 0 
1 0 
1 0 
2 3 1078 1079 0 
2 3 1077 1080 0 
1 0 
2 3 1081 1082 0 
3 2 0 1083 
3 2 0 1081 
3 2 0 1077 
3 2 0 1073 
3 2 0 1076 
3 2 0 1074 
3 2 0 1075 
3 2 0 1080 
3 2 0 1078 
3 2 0 1079 
3 2 0 1082 
1 0 
1 0 
1 0 
1 0 
1 0 
1 0 
2 3 1099 1100 0 
2 3 1098 1101 0 
2 3 1097 1102 0 
2 3 1096 1103 0 
1 0 
1 0 
1 0 
1 0 
2 3 1107 1108 0 
1 0 
2 3 1109 1110 0 
2 3 1106 1111 0 
1 0 
1 0 
1 0 
2 3 1114 1115 0 
1 0 
2 3 1116 1117 0 
2 3 1113 1118 0 
2 3 1112 1119 0 
2 3 1105 1120 0 
2 3 1104 1121 0 
2 3 1095 1122 0 
1 0 
2 3 1123 1124 0 
3 2 0 1125 
3 2 0 1123 
3 2 0 1095 
3 2 0 1122 
3 2 0 1104 
3 2 0 1096 
3 2 0 1103 
3 2 0 1097 
3 2 0 1102 
3 2 0 1098 
3 2 0 1101 
3 2 0 1099 
3 2 0 1100 
3 2 0 1121 
3 2 0 1105 
3 2 0 1120 
3 2 0 1112 
3 2 0 1106 
3 2 0 1111 
3 2 0 1109 
3 2 0 1107 
3 2 0 1108 
3 2 0 1110 
3 2 0 1119 
3 2 0 1113 
3 2 0 1118 
3 2 0 1116 
3 2 0 1114 
3 2 0 1115 
3 2 0 1117 
3 2 0 1124 
1 0 
1 0 
1 0 
1 0 
2 3 1159 1160 0 
2 3 1158 1161 0 
2 3 1157 1162 0 
1 0 
1 0 
1 0 
1 0 
1 0 
2 3 1167 1168 0 
2 3 1166 1169 0 
2 3 1165 1170 0 
2 3 1164 1171 0 
2 3 1163 1172 0 
1 0 
1 0 
1 0 
1 0 
1 0 
2 3 1177 1178 0 
1 0 
1 0 
1 0 
1 0 
2 3 1182 1183 0 
1 0 
1 0 
1 0 
2 3 1186 1187 0 
2 3 1185 1188 0 
1 0 
1 0 
1 0 
2 3 1191 1192 0 
2 3 1190 1193 0 
2 3 1189 1194 0 
2 3 1184 1195 0 
2 3 1181 1196 0 
2 3 1180 1197 0 
2 3 1179 1198 0 
2 3 1176 1199 0 
1 0 
2 3 1200 1201 0 
2 3 1175 1202 0 
2 3 1174 1203 0 
2 3 1173 1204 0 
3 2 0 1205 
3 2 0 1173 
3 2 0 1163 
3 2 0 1157 
3 2 0 1162 
3 2 0 1158 
3 2 0 1161 
3 2 0 1159 
3 2 0 1160 
3 2 0 1172 
3 2 0 1164 
3 2 0 1171 
3 2 0 1165 
3 2 0 1170 
3 2 0 1166 
3 2 0 1169 
3 2 0 1167 
3 2 0 1168 
3 2 0 1204 
3 2 0 1174 
3 2 0 1203 
3 2 0 1175 
3 2 0 1202 
3 2 0 1200 
3 2 0 1176 
3 2 0 1199 
3 2 0 1179 
3 2 0 1177 
3 2 0 1178 
3 2 0 1198 
3 2 0 1180 
3 2 0 1197 
3 2 0 1181 
3 2 0 1196 
3 2 0 1184 
3 2 0 1182 
3 2 0 1183 
3 2 0 1195 
3 2 0 1189 
3 2 0 1185 
3 2 0 1188 
3 2 0 1186 
3 2 0 1187 
3 2 0 1194 
3 2 0 1190 
3 2 0 1193 
3 2 0 1191 
3 2 0 1192 
3 2 0 1201 
1 0 
1 0 
1 0 
2 3 1256 1257 0 
1 0 
2 3 1258 1259 0 
2 3 1255 1260 0 
1 0 
1 0 
1 0 
1 0 
1 0 
2 3 1265 1266 0 
2 3 1264 1267 0 
2 3 1263 1268 0 
2 3 1262 1269 0 
2 3 1261 1270 0 
1 0 
2 3 1271 1272 0 
3 2 0 1273 
3 2 0 1271 
3 2 0 1261 
3 2 0 1255 
3 2 0 1260 
3 2 0 1258 
3 2 0 1256 
3 2 0 1257 
3 2 0 1259 
3 2 0 1270 
3 2 0 1262 
3 2 0 1269 
3 2 0 1263 
3 2 0 1268 
3 2 0 1264 
3 2 0 1267 
3 2 0 1265 
3 2 0 1266 
3 2 0 1272 
1 0 
1 0 
1 0 
1 0 
1 0 
1 0 
1 0 
1 0 
1 0 
1 0 
2 3 1301 1302 0 
2 3 1300 1303 0 
1 0 
1 0 
1 0 
1 0 
1 0 
1 0 
2 3 1309 1310 0 
1 0 
1 0 
2 3 1312 1313 0 
1 0 
1 0 
1 0 
1 0 
2 3 1317 1318 0 
2 3 1316 1319 0 
2 3 1315 1320 0 
2 3 1314 1321 0 
2 3 1311 1322 0 
2 3 1308 1323 0 
2 3 1307 1324 0 
2 3 1306 1325 0 
2 3 1305 1326 0 
2 3 1304 1327 0 
2 3 1299 1328 0 
2 3 1298 1329 0 
2 3 1297 1330 0 
2 3 1296 1331 0 
2 3 1295 1332 0 
2 3 1294 1333 0 
1 0 
2 3 1334 1335 0 
2 3 1293 1336 0 
3 2 0 1337 
3 2 0 1293 
3 2 0 1336 
3 2 0 1334 
3 2 0 1294 
3 2 0 1333 
3 2 0 1295 
3 2 0 1332 
3 2 0 1296 
3 2 0 1331 
3 2 0 1297 
3 2 0 1330 
3 2 0 1298 
3 2 0 1329 
3 2 0 1299 
3 2 0 1328 
3 2 0 1304 
3 2 0 1300 
3 2 0 1303 
3 2 0 1301 
3 2 0 1302 
3 2 0 1327 
3 2 0 1305 
3 2 0 1326 
3 2 0 1306 
3 2 0 1325 
3 2 0 1307 
3 2 0 1324 
3 2 0 1308 
3 2 0 1323 
3 2 0 1311 
3 2 0 1309 
3 2 0 1310 
3 2 0 1322 
3 2 0 1314 
3 2 0 1312 
3 2 0 1313 
3 2 0 1321 
3 2 0 1315 
3 2 0 1320 
3 2 0 1316 
3 2 0 1319 
3 2 0 1317 
3 2 0 1318 
3 2 0 1335 
1 0 
1 0 
2 3 1383 1384 0 
1 0 
1 0 
1 0 
1 0 
2 3 1388 1389 0 
1 0 
1 0 
2 3 1391 1392 0 
2 3 1390 1393 0 
2 3 1387 1394 0 
2 3 1386 1395 0 
2 3 1385 1396 0 
1 0 
1 0 
1 0 
2 3 1399 1400 0 
1 0 
1 0 
1 0 
2 3 1403 1404 0 
1 0 
1 0 
2 3 1406 1407 0 
2 3 1405 1408 0 
2 3 1402 1409 0 
2 3 1401 1410 0 
2 3 1398 1411 0 
1 0 
2 3 1412 1413 0 
2 3 1397 1414 0 
3 2 0 1415 
3 2 0 1397 
3 2 0 1385 
3 2 0 1383 
3 2 0 1384 
3 2 0 1396 
3 2 0 1386 
3 2 0 1395 
3 2 0 1387 
3 2 0 1394 
3 2 0 1390 
3 2 0 1388 
3 2 0 1389 
3 2 0 1393 
3 2 0 1391 
3 2 0 1392 
3 2 0 1414 
3 2 0 1412 
3 2 0 1398 
3 2 0 1411 
3 2 0 1401 
3 2 0 1399 
3 2 0 1400 
3 2 0 1410 
3 2 0 1402 
3 2 0 1409 
3 2 0 1405 
3 2 0 1403 
3 2 0 1404 
3 2 0 1408 
3 2 0 1406 
3 2 0 1407 
3 2 0 1413 
1 0 
1 0 
1 0 
1 0 
1 0 
1 0 
2 3 1453 1454 0 
1 0 
2 3 1455 1456 0 
2 3 1452 1457 0 
2 3 1451 1458 0 
2 3 1450 1459 0 
2 3 1449 1460 0 
1 0 
2 3 1461 1462 0 
1 0 
1 0 
1 0 
1 0 
2 3 1466 1467 0 
2 3 1465 1468 0 
1 0 
2 3 1469 1470 0 
1 0 
1 0 
1 0 
2 3 1473 1474 0 
2 3 1472 1475 0 
1 0 
1 0 
1 0 
2 3 1478 1479 0 
2 3 1477 1480 0 
2 3 1476 1481 0 
2 3 1471 1482 0 
2 3 1464 1483 0 
2 3 1463 1484 0 
1 0 
2 3 1485 1486 0 
3 2 0 1487 
3 2 0 1485 
3 2 0 1463 
3 2 0 1461 
3 2 0 1449 
3 2 0 1460 
3 2 0 1450 
3 2 0 1459 
3 2 0 1451 
3 2 0 1458 
3 2 0 1452 
3 2 0 1457 
3 2 0 1455 
3 2 0 1453 
3 2 0 1454 
3 2 0 1456 
3 2 0 1462 
3 2 0 1484 
3 2 0 1464 
3 2 0 1483 
3 2 0 1471 
3 2 0 1469 
3 2 0 1465 
3 2 0 1468 
3 2 0 1466 
3 2 0 1467 
3 2 0 1470 
3 2 0 1482 
3 2 0 1476 
3 2 0 1472 
3 2 0 1475 
3 2 0 1473 
3 2 0 1474 
3 2 0 1481 
3 2 0 1477 
3 2 0 1480 
3 2 0 1478 
3 2 0 1479 
3 2 0 1486 
1 0 
1 0 
1 0 
1 0 
2 3 1529 1530 0 
2 3 1528 1531 0 
2 3 1527 1532 0 
1 0 
1 0 
1 0 
1 0 
2 3 1536 1537 0 
2 3 1535 1538 0 
2 3 1534 1539 0 
1 0 
1 0 
1 0 
1 0 
2 3 1543 1544 0 
2 3 1542 1545 0 
2 3 1541 1546 0 
2 3 1540 1547 0 
2 3 1533 1548 0 
1 0 
2 3 1549 1550 0 
1 0 
2 3 1551 1552 0 
1 0 
1 0 
1 0 
1 0 
1 0 
2 3 1557 1558 0 
2 3 1556 1559 0 
1 0 
1 0 
1 0 
1 0 
1 0 
1 0 
1 0 
1 0 
2 3 1567 1568 0 
1 0 
2 3 1569 1570 0 
2 3 1566 1571 0 
1 0 
2 3 1572 1573 0 
2 3 1565 1574 0 
2 3 1564 1575 0 
2 3 1563 1576 0 
2 3 1562 1577 0 
2 3 1561 1578 0 
2 3 1560 1579 0 
2 3 1555 1580 0 
2 3 1554 1581 0 
2 3 1553 1582 0 
1 0 
2 3 1583 1584 0 
3 2 0 1585 
3 2 0 1583 
3 2 0 1553 
3 2 0 1551 
3 2 0 1549 
3 2 0 1533 
3 2 0 1527 
3 2 0 1532 
3 2 0 1528 
3 2 0 1531 
3 2 0 1529 
3 2 0 1530 
3 2 0 1548 
3 2 0 1540 
3 2 0 1534 
3 2 0 1539 
3 2 0 1535 
3 2 0 1538 
3 2 0 1536 
3 2 0 1537 
3 2 0 1547 
3 2 0 1541 
3 2 0 1546 
3 2 0 1542 
3 2 0 1545 
3 2 0 1543 
3 2 0 1544 
3 2 0 1550 
3 2 0 1552 
3 2 0 1582 
3 2 0 1554 
3 2 0 1581 
3 2 0 1555 
3 2 0 1580 
3 2 0 1560 
3 2 0 1556 
3 2 0 1559 
3 2 0 1557 
3 2 0 1558 
3 2 0 1579 
3 2 0 1561 
3 2 0 1578 
3 2 0 1562 
3 2 0 1577 
3 2 0 1563 
3 2 0 1576 
3 2 0 1564 
3 2 0 1575 
3 2 0 1565 
3 2 0 1574 
3 2 0 1572 
3 2 0 1566 
3 2 0 1571 
3 2 0 1569 
3 2 0 1567 
3 2 0 1568 
3 2 0 1570 
3 2 0 1573 
3 2 0 1584 
1 0 
1 0 
1 0 
2 3 1646 1647 0 
1 0 
1 0 
1 0 
1 0 
2 3 1651 1652 0 
2 3 1650 1653 0 
2 3 1649 1654 0 
1 0 
1 0 
1 0 
1 0 
1 0 
1 0 
2 3 1660 1661 0 
1 0 
1 0 
2 3 1663 1664 0 
2 3 1662 1665 0 
2 3 1659 1666 0 
2 3 1658 1667 0 
2 3 1657 1668 0 
2 3 1656 1669 0 
2 3 1655 1670 0 
2 3 1648 1671 0 
1 0 
2 3 1672 1673 0 
1 0 
1 0 
1 0 
1 0 
1 0 
1 0 
1 0 
2 3 1680 1681 0 
1 0 
1 0 
2 3 1683 1684 0 
2 3 1682 1685 0 
2 3 1679 1686 0 
2 3 1678 1687 0 
1 0 
1 0 
1 0 
1 0 
2 3 1691 1692 0 
2 3 1690 1693 0 
2 3 1689 1694 0 
2 3 1688 1695 0 
2 3 1677 1696 0 
2 3 1676 1697 0 
2 3 1675 1698 0 
2 3 1674 1699 0 
1 0 
2 3 1700 1701 0 
2 3 1645 1702 0 
3 2 0 1703 
3 2 0 1645 
3 2 0 1702 
3 2 0 1700 
3 2 0 1674 
3 2 0 1672 
3 2 0 1648 
3 2 0 1646 
3 2 0 1647 
3 2 0 1671 
3 2 0 1655 
3 2 0 1649 
3 2 0 1654 
3 2 0 1650 
3 2 0 1653 
3 2 0 1651 
3 2 0 1652 
3 2 0 1670 
3 2 0 1656 
3 2 0 1669 
3 2 0 1657 
3 2 0 1668 
3 2 0 1658 
3 2 0 1667 
3 2 0 1659 
3 2 0 1666 
3 2 0 1662 
3 2 0 1660 
3 2 0 1661 
3 2 0 1665 
3 2 0 1663 
3 2 0 1664 
3 2 0 1673 
3 2 0 1699 
3 2 0 1675 
3 2 0 1698 
3 2 0 1676 
3 2 0 1697 
3 2 0 1677 
3 2 0 1696 
3 2 0 1688 
3 2 0 1678 
3 2 0 1687 
3 2 0 1679 
3 2 0 1686 
3 2 0 1682 
3 2 0 1680 
3 2 0 1681 
3 2 0 1685 
3 2 0 1683 
3 2 0 1684 
3 2 0 1695 
3 2 0 1689 
3 2 0 1694 
3 2 0 1690 
3 2 0 1693 
3 2 0 1691 
3 2 0 1692 
3 2 0 1701 
1 0 
1 0 
1 0 
2 3 1764 1765 0 
1 0 
2 3 1766 1767 0 
2 3 1763 1768 0 
1 0 
1 0 
1 0 
1 0 
2 3 1772 1773 0 
2 3 1771 1774 0 
1 0 
1 0 
1 0 
2 3 1777 1778 0 
1 0 
1 0 
1 0 
2 3 1781 1782 0 
1 0 
2 3 1783 1784 0 
1 0 
1 0 
1 0 
2 3 1787 1788 0 
2 3 1786 1789 0 
2 3 1785 1790 0 
2 3 1780 1791 0 
2 3 1779 1792 0 
1 0 
1 0 
1 0 
2 3 1795 1796 0 
2 3 1794 1797 0 
2 3 1793 1798 0 
2 3 1776 1799 0 
1 0 
2 3 1800 1801 0 
2 3 1775 1802 0 
2 3 1770 1803 0 
2 3 1769 1804 0 
3 2 0 1805 
3 2 0 1769 
3 2 0 1763 
3 2 0 1768 
3 2 0 1766 
3 2 0 1764 
3 2 0 1765 
3 2 0 1767 
3 2 0 1804 
3 2 0 1770 
3 2 0 1803 
3 2 0 1775 
3 2 0 1771 
3 2 0 1774 
3 2 0 1772 
3 2 0 1773 
3 2 0 1802 
3 2 0 1800 
3 2 0 1776 
3 2 0 1799 
3 2 0 1793 
3 2 0 1779 
3 2 0 1777 
3 2 0 1778 
3 2 0 1792 
3 2 0 1780 
3 2 0 1791 
3 2 0 1785 
3 2 0 1783 
3 2 0 1781 
3 2 0 1782 
3 2 0 1784 
3 2 0 1790 
3 2 0 1786 
3 2 0 1789 
3 2 0 1787 
3 2 0 1788 
3 2 0 1798 
3 2 0 1794 
3 2 0 1797 
3 2 0 1795 
3 2 0 1796 
3 2 0 1801 
1 0 
1 0 
1 0 
1 0 
1 0 
1 0 
2 3 1853 1854 0 
2 3 1852 1855 0 
2 3 1851 1856 0 
2 3 1850 1857 0 
2 3 1849 1858 0 
1 0 
2 3 1859 1860 0 
1 0 
1 0 
1 0 
1 0 
2 3 1864 1865 0 
1 0 
2 3 1866 1867 0 
1 0 
1 0 
2 3 1869 1870 0 
1 0 
1 0 
1 0 
2 3 1873 1874 0 
2 3 1872 1875 0 
2 3 1871 1876 0 
2 3 1868 1877 0 
2 3 1863 1878 0 
2 3 1862 1879 0 
2 3 1861 1880 0 
3 2 0 1881 
3 2 0 1861 
3 2 0 1859 
3 2 0 1849 
3 2 0 1858 
3 2 0 1850 
3 2 0 1857 
3 2 0 1851 
3 2 0 1856 
3 2 0 1852 
3 2 0 1855 
3 2 0 1853 
3 2 0 1854 
3 2 0 1860 
3 2 0 1880 
3 2 0 1862 
3 2 0 1879 
3 2 0 1863 
3 2 0 1878 
3 2 0 1868 
3 2 0 1866 
3 2 0 1864 
3 2 0 1865 
3 2 0 1867 
3 2 0 1877 
3 2 0 1871 
3 2 0 1869 
3 2 0 1870 
3 2 0 1876 
3 2 0 1872 
3 2 0 1875 
3 2 0 1873 
3 2 0 1874 
1 0 
1 0 
1 0 
1 0 
1 0 
1 0 
1 0 
1 0 
1 0 
2 3 1922 1923 0 
2 3 1921 1924 0 
2 3 1920 1925 0 
1 0 
1 0 
2 3 1927 1928 0 
2 3 1926 1929 0 
2 3 1919 1930 0 
2 3 1918 1931 0 
2 3 1917 1932 0 
2 3 1916 1933 0 
1 0 
2 3 1934 1935 0 
2 3 1915 1936 0 
3 2 0 1937 
3 2 0 1915 
3 2 0 1936 
3 2 0 1934 
3 2 0 1916 
3 2 0 1933 
3 2 0 1917 
3 2 0 1932 
3 2 0 1918 
3 2 0 1931 
3 2 0 1919 
3 2 0 1930 
3 2 0 1926 
3 2 0 1920 
3 2 0 1925 
3 2 0 1921 
3 2 0 1924 
3 2 0 1922 
3 2 0 1923 
3 2 0 1929 
3 2 0 1927 
3 2 0 1928 
3 2 0 1935 
1 0 
1 0 
1 0 
1 0 
1 0 
2 3 1964 1965 0 
2 3 1963 1966 0 
2 3 1962 1967 0 
1 0 
2 3 1968 1969 0 
2 3 1961 1970 0 
1 0 
2 3 1971 1972 0 
1 0 
2 3 1973 1974 0 
1 0 
1 0 
1 0 
1 0 
1 0 
1 0 
2 3 1980 1981 0 
1 0 
2 3 1982 1983 0 
2 3 1979 1984 0 
2 3 1978 1985 0 
2 3 1977 1986 0 
2 3 1976 1987 0 
2 3 1975 1988 0 
1 0 
2 3 1989 1990 0 
3 2 0 1991 
3 2 0 1989 
3 2 0 1975 
3 2 0 1973 
3 2 0 1971 
3 2 0 1961 
3 2 0 1970 
3 2 0 1968 
3 2 0 1962 
3 2 0 1967 
3 2 0 1963 
3 2 0 1966 
3 2 0 1964 
3 2 0 1965 
3 2 0 1969 
3 2 0 1972 
3 2 0 1974 
3 2 0 1988 
3 2 0 1976 
3 2 0 1987 
3 2 0 1977 
3 2 0 1986 
3 2 0 1978 
3 2 0 1985 
3 2 0 1979 
3 2 0 1984 
3 2 0 1982 
3 2 0 1980 
3 2 0 1981 
3 2 0 1983 
3 2 0 1990 
1 0 
1 0 
1 0 
1 0 
1 0 
2 3 2026 2027 0 
2 3 2025 2028 0 
2 3 2024 2029 0 
2 3 2023 2030 0 
1 0 
1 0 
1 0 
1 0 
1 0 
1 0 
2 3 2036 2037 0 
2 3 2035 2038 0 
2 3 2034 2039 0 
2 3 2033 2040 0 
2 3 2032 2041 0 
1 0 
2 3 2042 2043 0 
2 3 2031 2044 0 
3 2 0 2045 
3 2 0 2031 
3 2 0 2023 
3 2 0 2030 
3 2 0 2024 
3 2 0 2029 
3 2 0 2025 
3 2 0 2028 
3 2 0 2026 
3 2 0 2027 
3 2 0 2044 
3 2 0 2042 
3 2 0 2032 
3 2 0 2041 
3 2 0 2033 
3 2 0 2040 
3 2 0 2034 
3 2 0 2039 
3 2 0 2035 
3 2 0 2038 
3 2 0 2036 
3 2 0 2037 
3 2 0 2043 
1 0 
1 0 
1 0 
1 0 
2 3 2071 2072 0 
1 0 
1 0 
1 0 
1 0 
2 3 2076 2077 0 
2 3 2075 2078 0 
2 3 2074 2079 0 
2 3 2073 2080 0 
2 3 2070 2081 0 
1 0 
1 0 
1 0 
1 0 
1 0 
1 0 
2 3 2087 2088 0 
2 3 2086 2089 0 
1 0 
1 0 
1 0 
1 0 
1 0 
1 0 
1 0 
1 0 
1 0 
2 3 2098 2099 0 
2 3 2097 2100 0 
2 3 2096 2101 0 
1 0 
1 0 
1 0 
2 3 2104 2105 0 
2 3 2103 2106 0 
2 3 2102 2107 0 
2 3 2095 2108 0 
2 3 2094 2109 0 
2 3 2093 2110 0 
2 3 2092 2111 0 
2 3 2091 2112 0 
2 3 2090 2113 0 
2 3 2085 2114 0 
2 3 2084 2115 0 
2 3 2083 2116 0 
2 3 2082 2117 0 
1 0 
2 3 2118 2119 0 
2 3 2069 2120 0 
3 2 0 2121 
3 2 0 2069 
3 2 0 2120 
3 2 0 2118 
3 2 0 2082 
3 2 0 2070 
3 2 0 2081 
3 2 0 2073 
3 2 0 2071 
3 2 0 2072 
3 2 0 2080 
3 2 0 2074 
3 2 0 2079 
3 2 0 2075 
3 2 0 2078 
3 2 0 2076 
3 2 0 2077 
3 2 0 2117 
3 2 0 2083 
3 2 0 2116 
3 2 0 2084 
3 2 0 2115 
3 2 0 2085 
3 2 0 2114 
3 2 0 2090 
3 2 0 2086 
3 2 0 2089 
3 2 0 2087 
3 2 0 2088 
3 2 0 2113 
3 2 0 2091 
3 2 0 2112 
3 2 0 2092 
3 2 0 2111 
3 2 0 2093 
3 2 0 2110 
3 2 0 2094 
3 2 0 2109 
3 2 0 2095 
3 2 0 2108 
3 2 0 2102 
3 2 0 2096 
3 2 0 2101 
3 2 0 2097 
3 2 0 2100 
3 2 0 2098 
3 2 0 2099 
3 2 0 2107 
3 2 0 2103 
3 2 0 2106 
3 2 0 2104 
3 2 0 2105 
3 2 0 2119 
1 0 
1 0 
2 3 2175 2176 0 
1 0 
2 3 2177 2178 0 
1 0 
2 3 2179 2180 0 
1 0 
1 0 
2 3 2182 2183 0 
1 0 
1 0 
1 0 
1 0 
1 0 
2 3 2188 2189 0 
2 3 2187 2190 0 
2 3 2186 2191 0 
1 0 
2 3 2192 2193 0 
2 3 2185 2194 0 
1 0 
1 0 
1 0 
1 0 
1 0 
2 3 2199 2200 0 
2 3 2198 2201 0 
1 0 
2 3 2202 2203 0 
1 0 
1 0 
2 3 2205 2206 0 
1 0 
2 3 2207 2208 0 
2 3 2204 2209 0 
2 3 2197 2210 0 
2 3 2196 2211 0 
2 3 2195 2212 0 
2 3 2184 2213 0 
2 3 2181 2214 0 
1 0 
2 3 2215 2216 0 
3 2 0 2217 
3 2 0 2215 
3 2 0 2181 
3 2 0 2179 
3 2 0 2177 
3 2 0 2175 
3 2 0 2176 
3 2 0 2178 
3 2 0 2180 
3 2 0 2214 
3 2 0 2184 
3 2 0 2182 
3 2 0 2183 
3 2 0 2213 
3 2 0 2195 
3 2 0 2185 
3 2 0 2194 
3 2 0 2192 
3 2 0 2186 
3 2 0 2191 
3 2 0 2187 
3 2 0 2190 
3 2 0 2188 
3 2 0 2189 
3 2 0 2193 
3 2 0 2212 
3 2 0 2196 
3 2 0 2211 
3 2 0 2197 
3 2 0 2210 
3 2 0 2204 
3 2 0 2202 
3 2 0 2198 
3 2 0 2201 
3 2 0 2199 
3 2 0 2200 
3 2 0 2203 
3 2 0 2209 
3 2 0 2207 
3 2 0 2205 
3 2 0 2206 
3 2 0 2208 
3 2 0 2216 
1 0 
1 0 
2 3 2261 2262 0 
1 0 
1 0 
1 0 
2 3 2265 2266 0 
2 3 2264 2267 0 
2 3 2263 2268 0 
3 2 0 2269 
3 2 0 2263 
3 2 0 2261 
3 2 0 2262 
3 2 0 2268 
3 2 0 2264 
3 2 0 2267 
3 2 0 2265 
3 2 0 2266 
1 0 
1 0 
2 3 2279 2280 0 
1 0 
1 0 
1 0 
2 3 2283 2284 0 
1 0 
2 3 2285 2286 0 
1 0 
2 3 2287 2288 0 
1 0 
1 0 
1 0 
2 3 2291 2292 0 
2 3 2290 2293 0 
2 3 2289 2294 0 
2 3 2282 2295 0 
2 3 2281 2296 0 
1 0 
2 3 2297 2298 0 
3 2 0 2299 
3 2 0 2297 
3 2 0 2281 
3 2 0 2279 
3 2 0 2280 
3 2 0 2296 
3 2 0 2282 
3 2 0 2295 
3 2 0 2289 
3 2 0 2287 
3 2 0 2285 
3 2 0 2283 
3 2 0 2284 
3 2 0 2286 
3 2 0 2288 
3 2 0 2294 
3 2 0 2290 
3 2 0 2293 
3 2 0 2291 
3 2 0 2292 
3 2 0 2298 
1 0 
1 0 
2 3 2321 2322 0 
1 0 
1 0 
1 0 
1 0 
1 0 
1 0 
2 3 2328 2329 0 
2 3 2327 2330 0 
2 3 2326 2331 0 
1 0 
1 0 
1 0 
1 0 
2 3 2335 2336 0 
2 3 2334 2337 0 
1 0 
1 0 
2 3 2339 2340 0 
2 3 2338 2341 0 
2 3 2333 2342 0 
2 3 2332 2343 0 
1 0 
1 0 
1 0 
1 0 
1 0 
2 3 2348 2349 0 
2 3 2347 2350 0 
2 3 2346 2351 0 
2 3 2345 2352 0 
2 3 2344 2353 0 
1 0 
2 3 2354 2355 0 
2 3 2325 2356 0 
2 3 2324 2357 0 
2 3 2323 2358 0 
3 2 0 2359 
3 2 0 2323 
3 2 0 2321 
3 2 0 2322 
3 2 0 2358 
3 2 0 2324 
3 2 0 2357 
3 2 0 2325 
3 2 0 2356 
3 2 0 2354 
3 2 0 2344 
3 2 0 2332 
3 2 0 2326 
3 2 0 2331 
3 2 0 2327 
3 2 0 2330 
3 2 0 2328 
3 2 0 2329 
3 2 0 2343 
3 2 0 2333 
3 2 0 2342 
3 2 0 2338 
3 2 0 2334 
3 2 0 2337 
3 2 0 2335 
3 2 0 2336 
3 2 0 2341 
3 2 0 2339 
3 2 0 2340 
3 2 0 2353 
3 2 0 2345 
3 2 0 2352 
3 2 0 2346 
3 2 0 2351 
3 2 0 2347 
3 2 0 2350 
3 2 0 2348 
3 2 0 2349 
3 2 0 2355 
1 0 
1 0 
1 0 
2 3 2400 2401 0 
2 3 2399 2402 0 
1 0 
1 0 
2 3 2404 2405 0 
2 3 2403 2406 0 
1 0 
2 3 2407 2408 0 
1 0 
2 3 2409 2410 0 
1 0 
1 0 
1 0 
1 0 
2 3 2414 2415 0 
2 3 2413 2416 0 
1 0 
2 3 2417 2418 0 
1 0 
1 0 
1 0 
2 3 2421 2422 0 
1 0 
1 0 
1 0 
1 0 
1 0 
1 0 
2 3 2428 2429 0 
2 3 2427 2430 0 
2 3 2426 2431 0 
2 3 2425 2432 0 
2 3 2424 2433 0 
2 3 2423 2434 0 
2 3 2420 2435 0 
2 3 2419 2436 0 
2 3 2412 2437 0 
2 3 2411 2438 0 
1 0 
2 3 2439 2440 0 
3 2 0 2441 
3 2 0 2439 
3 2 0 2411 
3 2 0 2409 
3 2 0 2407 
3 2 0 2403 
3 2 0 2399 
3 2 0 2402 
3 2 0 2400 
3 2 0 2401 
3 2 0 2406 
3 2 0 2404 
3 2 0 2405 
3 2 0 2408 
3 2 0 2410 
3 2 0 2438 
3 2 0 2412 
3 2 0 2437 
3 2 0 2419 
3 2 0 2417 
3 2 0 2413 
3 2 0 2416 
3 2 0 2414 
3 2 0 2415 
3 2 0 2418 
3 2 0 2436 
3 2 0 2420 
3 2 0 2435 
3 2 0 2423 
3 2 0 2421 
3 2 0 2422 
3 2 0 2434 
3 2 0 2424 
3 2 0 2433 
3 2 0 2425 
3 2 0 2432 
3 2 0 2426 
3 2 0 2431 
3 2 0 2427 
3 2 0 2430 
3 2 0 2428 
3 2 0 2429 
3 2 0 2440 
1 0 
1 0 
1 0 
1 0 
1 0 
1 0 
1 0 
2 3 2490 2491 0 
2 3 2489 2492 0 
1 0 
1 0 
2 3 2494 2495 0 
2 3 2493 2496 0 
2 3 2488 2497 0 
2 3 2487 2498 0 
1 0 
2 3 2499 2500 0 
1 0 
1 0 
2 3 2502 2503 0 
2 3 2501 2504 0 
1 0 
1 0 
1 0 
1 0 
1 0 
2 3 2509 2510 0 
2 3 2508 2511 0 
2 3 2507 2512 0 
2 3 2506 2513 0 
2 3 2505 2514 0 
2 3 2486 2515 0 
1 0 
2 3 2516 2517 0 
2 3 2485 2518 0 
3 2 0 2519 
3 2 0 2485 
3 2 0 2518 
3 2 0 2516 
3 2 0 2486 
3 2 0 2515 
3 2 0 2505 
3 2 0 2501 
3 2 0 2499 
3 2 0 2487 
3 2 0 2498 
3 2 0 2488 
3 2 0 2497 
3 2 0 2493 
3 2 0 2489 
3 2 0 2492 
3 2 0 2490 
3 2 0 2491 
3 2 0 2496 
3 2 0 2494 
3 2 0 2495 
3 2 0 2500 
3 2 0 2504 
3 2 0 2502 
3 2 0 2503 
3 2 0 2514 
3 2 0 2506 
3 2 0 2513 
3 2 0 2507 
3 2 0 2512 
3 2 0 2508 
3 2 0 2511 
3 2 0 2509 
3 2 0 2510 
3 2 0 2517 
1 0 
1 0 
1 0 
1 0 
2 3 2557 2558 0 
2 3 2556 2559 0 
2 3 2555 2560 0 
1 0 
1 0 
1 0 
1 0 
2 3 2564 2565 0 
2 3 2563 2566 0 
2 3 2562 2567 0 
2 3 2561 2568 0 
1 0 
2 3 2569 2570 0 
1 0 
1 0 
1 0 
2 3 2573 2574 0 
1 0 
2 3 2575 2576 0 
1 0 
2 3 2577 2578 0 
2 3 2572 2579 0 
2 3 2571 2580 0 
1 0 
1 0 
1 0 
1 0 
1 0 
2 3 2585 2586 0 
2 3 2584 2587 0 
2 3 2583 2588 0 
1 0 
1 0 
1 0 
1 0 
1 0 
1 0 
1 0 
2 3 2595 2596 0 
1 0 
2 3 2597 2598 0 
2 3 2594 2599 0 
1 0 
1 0 
1 0 
2 3 2602 2603 0 
1 0 
2 3 2604 2605 0 
1 0 
1 0 
2 3 2607 2608 0 
2 3 2606 2609 0 
2 3 2601 2610 0 
2 3 2600 2611 0 
2 3 2593 2612 0 
2 3 2592 2613 0 
2 3 2591 2614 0 
2 3 2590 2615 0 
2 3 2589 2616 0 
1 0 
2 3 2617 2618 0 
2 3 2582 2619 0 
2 3 2581 2620 0 
3 2 0 2621 
3 2 0 2581 
3 2 0 2571 
3 2 0 2569 
3 2 0 2561 
3 2 0 2555 
3 2 0 2560 
3 2 0 2556 
3 2 0 2559 
3 2 0 2557 
3 2 0 2558 
3 2 0 2568 
3 2 0 2562 
3 2 0 2567 
3 2 0 2563 
3 2 0 2566 
3 2 0 2564 
3 2 0 2565 
3 2 0 2570 
3 2 0 2580 
3 2 0 2572 
3 2 0 2579 
3 2 0 2577 
3 2 0 2575 
3 2 0 2573 
3 2 0 2574 
3 2 0 2576 
3 2 0 2578 
3 2 0 2620 
3 2 0 2582 
3 2 0 2619 
3 2 0 2617 
3 2 0 2589 
3 2 0 2583 
3 2 0 2588 
3 2 0 2584 
3 2 0 2587 
3 2 0 2585 
3 2 0 2586 
3 2 0 2616 
3 2 0 2590 
3 2 0 2615 
3 2 0 2591 
3 2 0 2614 
3 2 0 2592 
3 2 0 2613 
3 2 0 2593 
3 2 0 2612 
3 2 0 2600 
3 2 0 2594 
3 2 0 2599 
3 2 0 2597 
3 2 0 2595 
3 2 0 2596 
3 2 0 2598 
3 2 0 2611 
3 2 0 2601 
3 2 0 2610 
3 2 0 2606 
3 2 0 2604 
3 2 0 2602 
3 2 0 2603 
3 2 0 2605 
3 2 0 2609 
3 2 0 2607 
3 2 0 2608 
3 2 0 2618 
1 0 
1 0 
1 0 
1 0 
1 0 
1 0 
2 3 2693 2694 0 
2 3 2692 2695 0 
2 3 2691 2696 0 
2 3 2690 2697 0 
2 3 2689 2698 0 
1 0 
1 0 
1 0 
2 3 2701 2702 0 
1 0 
1 0 
1 0 
1 0 
2 3 2706 2707 0 
2 3 2705 2708 0 
1 0 
2 3 2709 2710 0 
1 0 
1 0 
1 0 
2 3 2713 2714 0 
1 0 
1 0 
1 0 
2 3 2717 2718 0 
2 3 2716 2719 0 
2 3 2715 2720 0 
2 3 2712 2721 0 
2 3 2711 2722 0 
2 3 2704 2723 0 
2 3 2703 2724 0 
1 0 
1 0 
1 0 
1 0 
2 3 2728 2729 0 
2 3 2727 2730 0 
1 0 
1 0 
1 0 
1 0 
2 3 2734 2735 0 
2 3 2733 2736 0 
2 3 2732 2737 0 
2 3 2731 2738 0 
2 3 2726 2739 0 
1 0 
2 3 2740 2741 0 
1 0 
1 0 
1 0 
2 3 2744 2745 0 
1 0 
1 0 
2 3 2747 2748 0 
2 3 2746 2749 0 
1 0 
1 0 
1 0 
2 3 2752 2753 0 
2 3 2751 2754 0 
1 0 
1 0 
1 0 
2 3 2757 2758 0 
2 3 2756 2759 0 
1 0 
1 0 
2 3 2761 2762 0 
2 3 2760 2763 0 
2 3 2755 2764 0 
2 3 2750 2765 0 
2 3 2743 2766 0 
2 3 2742 2767 0 
1 0 
2 3 2768 2769 0 
2 3 2725 2770 0 
2 3 2700 2771 0 
2 3 2699 2772 0 
3 2 0 2773 
3 2 0 2699 
3 2 0 2689 
3 2 0 2698 
3 2 0 2690 
3 2 0 2697 
3 2 0 2691 
3 2 0 2696 
3 2 0 2692 
3 2 0 2695 
3 2 0 2693 
3 2 0 2694 
3 2 0 2772 
3 2 0 2700 
3 2 0 2771 
3 2 0 2725 
3 2 0 2703 
3 2 0 2701 
3 2 0 2702 
3 2 0 2724 
3 2 0 2704 
3 2 0 2723 
3 2 0 2711 
3 2 0 2709 
3 2 0 2705 
3 2 0 2708 
3 2 0 2706 
3 2 0 2707 
3 2 0 2710 
3 2 0 2722 
3 2 0 2712 
3 2 0 2721 
3 2 0 2715 
3 2 0 2713 
3 2 0 2714 
3 2 0 2720 
3 2 0 2716 
3 2 0 2719 
3 2 0 2717 
3 2 0 2718 
3 2 0 2770 
3 2 0 2768 
3 2 0 2742 
3 2 0 2740 
3 2 0 2726 
3 2 0 2739 
3 2 0 2731 
3 2 0 2727 
3 2 0 2730 
3 2 0 2728 
3 2 0 2729 
3 2 0 2738 
3 2 0 2732 
3 2 0 2737 
3 2 0 2733 
3 2 0 2736 
3 2 0 2734 
3 2 0 2735 
3 2 0 2741 
3 2 0 2767 
3 2 0 2743 
3 2 0 2766 
3 2 0 2750 
3 2 0 2746 
3 2 0 2744 
3 2 0 2745 
3 2 0 2749 
3 2 0 2747 
3 2 0 2748 
3 2 0 2765 
3 2 0 2755 
3 2 0 2751 
3 2 0 2754 
3 2 0 2752 
3 2 0 2753 
3 2 0 2764 
3 2 0 2760 
3 2 0 2756 
3 2 0 2759 
3 2 0 2757 
3 2 0 2758 
3 2 0 2763 
3 2 0 2761 
3 2 0 2762 
3 2 0 2769 
1 0 
1 0 
1 0 
2 3 2860 2861 0 
2 3 2859 2862 0 
1 0 
1 0 
1 0 
1 0 
1 0 
1 0 
2 3 2868 2869 0 
2 3 2867 2870 0 
1 0 
2 3 2871 2872 0 
2 3 2866 2873 0 
2 3 2865 2874 0 
2 3 2864 2875 0 
1 0 
2 3 2876 2877 0 
2 3 2863 2878 0 
3 2 0 2879 
3 2 0 2863 
3 2 0 2859 
3 2 0 2862 
3 2 0 2860 
3 2 0 2861 
3 2 0 2878 
3 2 0 2876 
3 2 0 2864 
3 2 0 2875 
3 2 0 2865 
3 2 0 2874 
3 2 0 2866 
3 2 0 2873 
3 2 0 2871 
3 2 0 2867 
3 2 0 2870 
3 2 0 2868 
3 2 0 2869 
3 2 0 2872 
3 2 0 2877 
1 0 
1 0 
1 0 
2 3 2902 2903 0 
2 3 2901 2904 0 
1 0 
1 0 
1 0 
1 0 
1 0 
2 3 2909 2910 0 
2 3 2908 2911 0 
2 3 2907 2912 0 
1 0 
1 0 
1 0 
2 3 2915 2916 0 
1 0 
1 0 
1 0 
1 0 
2 3 2920 2921 0 
2 3 2919 2922 0 
1 0 
1 0 
1 0 
1 0 
1 0 
1 0 
2 3 2928 2929 0 
2 3 2927 2930 0 
2 3 2926 2931 0 
2 3 2925 2932 0 
2 3 2924 2933 0 
2 3 2923 2934 0 
2 3 2918 2935 0 
2 3 2917 2936 0 
2 3 2914 2937 0 
1 0 
2 3 2938 2939 0 
2 3 2913 2940 0 
2 3 2906 2941 0 
2 3 2905 2942 0 
3 2 0 2943 
3 2 0 2905 
3 2 0 2901 
3 2 0 2904 
3 2 0 2902 
3 2 0 2903 
3 2 0 2942 
3 2 0 2906 
3 2 0 2941 
3 2 0 2913 
3 2 0 2907 
3 2 0 2912 
3 2 0 2908 
3 2 0 2911 
3 2 0 2909 
3 2 0 2910 
3 2 0 2940 
3 2 0 2938 
3 2 0 2914 
3 2 0 2937 
3 2 0 2917 
3 2 0 2915 
3 2 0 2916 
3 2 0 2936 
3 2 0 2918 
3 2 0 2935 
3 2 0 2923 
3 2 0 2919 
3 2 0 2922 
3 2 0 2920 
3 2 0 2921 
3 2 0 2934 
3 2 0 2924 
3 2 0 2933 
3 2 0 2925 
3 2 0 2932 
3 2 0 2926 
3 2 0 2931 
3 2 0 2927 
3 2 0 2930 
3 2 0 2928 
3 2 0 2929 
3 2 0 2939 
1 0 
1 0 
1 0 
1 0 
1 0 
1 0 
1 0 
2 3 2992 2993 0 
2 3 2991 2994 0 
1 0 
1 0 
1 0 
2 3 2997 2998 0 
2 3 2996 2999 0 
2 3 2995 3000 0 
2 3 2990 3001 0 
2 3 2989 3002 0 
2 3 2988 3003 0 
1 0 
2 3 3004 3005 0 
1 0 
2 3 3006 3007 0 
1 0 
1 0 
1 0 
2 3 3010 3011 0 
2 3 3009 3012 0 
1 0 
2 3 3013 3014 0 
1 0 
1 0 
1 0 
2 3 3017 3018 0 
1 0 
1 0 
1 0 
1 0 
2 3 3022 3023 0 
2 3 3021 3024 0 
2 3 3020 3025 0 
2 3 3019 3026 0 
1 0 
2 3 3027 3028 0 
1 0 
1 0 
1 0 
2 3 3031 3032 0 
2 3 3030 3033 0 
1 0 
1 0 
1 0 
1 0 
2 3 3037 3038 0 
2 3 3036 3039 0 
2 3 3035 3040 0 
2 3 3034 3041 0 
2 3 3029 3042 0 
2 3 3016 3043 0 
2 3 3015 3044 0 
2 3 3008 3045 0 
1 0 
2 3 3046 3047 0 
2 3 2987 3048 0 
3 2 0 3049 
3 2 0 2987 
3 2 0 3048 
3 2 0 3046 
3 2 0 3008 
3 2 0 3006 
3 2 0 3004 
3 2 0 2988 
3 2 0 3003 
3 2 0 2989 
3 2 0 3002 
3 2 0 2990 
3 2 0 3001 
3 2 0 2995 
3 2 0 2991 
3 2 0 2994 
3 2 0 2992 
3 2 0 2993 
3 2 0 3000 
3 2 0 2996 
3 2 0 2999 
3 2 0 2997 
3 2 0 2998 
3 2 0 3005 
3 2 0 3007 
3 2 0 3045 
3 2 0 3015 
3 2 0 3013 
3 2 0 3009 
3 2 0 3012 
3 2 0 3010 
3 2 0 3011 
3 2 0 3014 
3 2 0 3044 
3 2 0 3016 
3 2 0 3043 
3 2 0 3029 
3 2 0 3027 
3 2 0 3019 
3 2 0 3017 
3 2 0 3018 
3 2 0 3026 
3 2 0 3020 
3 2 0 3025 
3 2 0 3021 
3 2 0 3024 
3 2 0 3022 
3 2 0 3023 
3 2 0 3028 
3 2 0 3042 
3 2 0 3034 
3 2 0 3030 
3 2 0 3033 
3 2 0 3031 
3 2 0 3032 
3 2 0 3041 
3 2 0 3035 
3 2 0 3040 
3 2 0 3036 
3 2 0 3039 
3 2 0 3037 
3 2 0 3038 
3 2 0 3047 
1 0 
1 0 
1 0 
2 3 3114 3115 0 
1 0 
1 0 
1 0 
1 0 
2 3 3119 3120 0 
2 3 3118 3121 0 
1 0 
1 0 
2 3 3123 3124 0 
2 3 3122 3125 0 
2 3 3117 3126 0 
2 3 3116 3127 0 
2 3 3113 3128 0 
1 0 
1 0 
1 0 
1 0 
1 0 
2 3 3133 3134 0 
2 3 3132 3135 0 
1 0 
1 0 
2 3 3137 3138 0 
2 3 3136 3139 0 
1 0 
2 3 3140 3141 0 
2 3 3131 3142 0 
2 3 3130 3143 0 
2 3 3129 3144 0 
3 2 0 3145 
3 2 0 3129 
3 2 0 3113 
3 2 0 3128 
3 2 0 3116 
3 2 0 3114 
3 2 0 3115 
3 2 0 3127 
3 2 0 3117 
3 2 0 3126 
3 2 0 3122 
3 2 0 3118 
3 2 0 3121 
3 2 0 3119 
3 2 0 3120 
3 2 0 3125 
3 2 0 3123 
3 2 0 3124 
3 2 0 3144 
3 2 0 3130 
3 2 0 3143 
3 2 0 3131 
3 2 0 3142 
3 2 0 3140 
3 2 0 3136 
3 2 0 3132 
3 2 0 3135 
3 2 0 3133 
3 2 0 3134 
3 2 0 3139 
3 2 0 3137 
3 2 0 3138 
3 2 0 3141 
1 0 
1 0 
1 0 
2 3 3180 3181 0 
1 0 
2 3 3182 3183 0 
2 3 3179 3184 0 
1 0 
1 0 
1 0 
2 3 3187 3188 0 
1 0 
1 0 
1 0 
1 0 
2 3 3192 3193 0 
2 3 3191 3194 0 
2 3 3190 3195 0 
1 0 
1 0 
1 0 
2 3 3198 3199 0 
1 0 
1 0 
2 3 3201 3202 0 
2 3 3200 3203 0 
2 3 3197 3204 0 
2 3 3196 3205 0 
2 3 3189 3206 0 
2 3 3186 3207 0 
2 3 3185 3208 0 
1 0 
1 0 
1 0 
2 3 3211 3212 0 
2 3 3210 3213 0 
2 3 3209 3214 0 
1 0 
2 3 3215 3216 0 
3 2 0 3217 
3 2 0 3215 
3 2 0 3209 
3 2 0 3185 
3 2 0 3179 
3 2 0 3184 
3 2 0 3182 
3 2 0 3180 
3 2 0 3181 
3 2 0 3183 
3 2 0 3208 
3 2 0 3186 
3 2 0 3207 
3 2 0 3189 
3 2 0 3187 
3 2 0 3188 
3 2 0 3206 
3 2 0 3196 
3 2 0 3190 
3 2 0 3195 
3 2 0 3191 
3 2 0 3194 
3 2 0 3192 
3 2 0 3193 
3 2 0 3205 
3 2 0 3197 
3 2 0 3204 
3 2 0 3200 
3 2 0 3198 
3 2 0 3199 
3 2 0 3203 
3 2 0 3201 
3 2 0 3202 
3 2 0 3214 
3 2 0 3210 
3 2 0 3213 
3 2 0 3211 
3 2 0 3212 
3 2 0 3216 
1 0 
1 0 
1 0 
1 0 
1 0 
2 3 3260 3261 0 
2 3 3259 3262 0 
2 3 3258 3263 0 
2 3 3257 3264 0 
1 0 
1 0 
1 0 
1 0 
1 0 
2 3 3269 3270 0 
1 0 
1 0 
2 3 3272 3273 0 
2 3 3271 3274 0 
2 3 3268 3275 0 
2 3 3267 3276 0 
1 0 
1 0 
1 0 
1 0 
1 0 
1 0 
1 0 
1 0 
1 0 
1 0 
1 0 
2 3 3287 3288 0 
2 3 3286 3289 0 
2 3 3285 3290 0 
2 3 3284 3291 0 
2 3 3283 3292 0 
2 3 3282 3293 0 
2 3 3281 3294 0 
2 3 3280 3295 0 
2 3 3279 3296 0 
2 3 3278 3297 0 
2 3 3277 3298 0 
2 3 3266 3299 0 
2 3 3265 3300 0 
1 0 
2 3 3301 3302 0 
3 2 0 3303 
3 2 0 3301 
3 2 0 3265 
3 2 0 3257 
3 2 0 3264 
3 2 0 3258 
3 2 0 3263 
3 2 0 3259 
3 2 0 3262 
3 2 0 3260 
3 2 0 3261 
3 2 0 3300 
3 2 0 3266 
3 2 0 3299 
3 2 0 3277 
3 2 0 3267 
3 2 0 3276 
3 2 0 3268 
3 2 0 3275 
3 2 0 3271 
3 2 0 3269 
3 2 0 3270 
3 2 0 3274 
3 2 0 3272 
3 2 0 3273 
3 2 0 3298 
3 2 0 3278 
3 2 0 3297 
3 2 0 3279 
3 2 0 3296 
3 2 0 3280 
3 2 0 3295 
3 2 0 3281 
3 2 0 3294 
3 2 0 3282 
3 2 0 3293 
3 2 0 3283 
3 2 0 3292 
3 2 0 3284 
3 2 0 3291 
3 2 0 3285 
3 2 0 3290 
3 2 0 3286 
3 2 0 3289 
3 2 0 3287 
3 2 0 3288 
3 2 0 3302 
1 0 
1 0 
1 0 
1 0 
2 3 3353 3354 0 
1 0 
2 3 3355 3356 0 
1 0 
1 0 
1 0 
1 0 
2 3 3360 3361 0 
2 3 3359 3362 0 
2 3 3358 3363 0 
2 3 3357 3364 0 
2 3 3352 3365 0 
1 0 
1 0 
1 0 
2 3 3368 3369 0 
1 0 
1 0 
2 3 3371 3372 0 
1 0 
1 0 
1 0 
2 3 3375 3376 0 
1 0 
1 0 
2 3 3378 3379 0 
2 3 3377 3380 0 
2 3 3374 3381 0 
2 3 3373 3382 0 
2 3 3370 3383 0 
2 3 3367 3384 0 
2 3 3366 3385 0 
1 0 
2 3 3386 3387 0 
2 3 3351 3388 0 
3 2 0 3389 
3 2 0 3351 
3 2 0 3388 
3 2 0 3386 
3 2 0 3366 
3 2 0 3352 
3 2 0 3365 
3 2 0 3357 
3 2 0 3355 
3 2 0 3353 
3 2 0 3354 
3 2 0 3356 
3 2 0 3364 
3 2 0 3358 
3 2 0 3363 
3 2 0 3359 
3 2 0 3362 
3 2 0 3360 
3 2 0 3361 
3 2 0 3385 
3 2 0 3367 
3 2 0 3384 
3 2 0 3370 
3 2 0 3368 
3 2 0 3369 
3 2 0 3383 
3 2 0 3373 
3 2 0 3371 
3 2 0 3372 
3 2 0 3382 
3 2 0 3374 
3 2 0 3381 
3 2 0 3377 
3 2 0 3375 
3 2 0 3376 
3 2 0 3380 
3 2 0 3378 
3 2 0 3379 
3 2 0 3387 
1 0 
1 0 
1 0 
1 0 
1 0 
1 0 
1 0 
2 3 3434 3435 0 
1 0 
1 0 
1 0 
1 0 
2 3 3439 3440 0 
2 3 3438 3441 0 
2 3 3437 3442 0 
2 3 3436 3443 0 
2 3 3433 3444 0 
2 3 3432 3445 0 
2 3 3431 3446 0 
2 3 3430 3447 0 
1 0 
1 0 
1 0 
1 0 
2 3 3451 3452 0 
1 0 
1 0 
1 0 
2 3 3455 3456 0 
2 3 3454 3457 0 
1 0 
1 0 
1 0 
2 3 3460 3461 0 
2 3 3459 3462 0 
2 3 3458 3463 0 
2 3 3453 3464 0 
1 0 
2 3 3465 3466 0 
1 0 
2 3 3467 3468 0 
2 3 3450 3469 0 
2 3 3449 3470 0 
2 3 3448 3471 0 
2 3 3429 3472 0 
3 2 0 3473 
3 2 0 3429 
3 2 0 3472 
3 2 0 3448 
3 2 0 3430 
3 2 0 3447 
3 2 0 3431 
3 2 0 3446 
3 2 0 3432 
3 2 0 3445 
3 2 0 3433 
3 2 0 3444 
3 2 0 3436 
3 2 0 3434 
3 2 0 3435 
3 2 0 3443 
3 2 0 3437 
3 2 0 3442 
3 2 0 3438 
3 2 0 3441 
3 2 0 3439 
3 2 0 3440 
3 2 0 3471 
3 2 0 3449 
3 2 0 3470 
3 2 0 3450 
3 2 0 3469 
3 2 0 3467 
3 2 0 3465 
3 2 0 3453 
3 2 0 3451 
3 2 0 3452 
3 2 0 3464 
3 2 0 3458 
3 2 0 3454 
3 2 0 3457 
3 2 0 3455 
3 2 0 3456 
3 2 0 3463 
3 2 0 3459 
3 2 0 3462 
3 2 0 3460 
3 2 0 3461 
3 2 0 3466 
3 2 0 3468 
1 0 
1 0 
1 0 
1 0 
2 3 3521 3522 0 
2 3 3520 3523 0 
2 3 3519 3524 0 
1 0 
1 0 
1 0 
1 0 
2 3 3528 3529 0 
1 0 
1 0 
1 0 
1 0 
1 0 
1 0 
2 3 3535 3536 0 
2 3 3534 3537 0 
2 3 3533 3538 0 
2 3 3532 3539 0 
2 3 3531 3540 0 
2 3 3530 3541 0 
1 0 
2 3 3542 3543 0 
2 3 3527 3544 0 
2 3 3526 3545 0 
2 3 3525 3546 0 
3 2 0 3547 
3 2 0 3525 
3 2 0 3519 
3 2 0 3524 
3 2 0 3520 
3 2 0 3523 
3 2 0 3521 
3 2 0 3522 
3 2 0 3546 
3 2 0 3526 
3 2 0 3545 
3 2 0 3527 
3 2 0 3544 
3 2 0 3542 
3 2 0 3530 
3 2 0 3528 
3 2 0 3529 
3 2 0 3541 
3 2 0 3531 
3 2 0 3540 
3 2 0 3532 
3 2 0 3539 
3 2 0 3533 
3 2 0 3538 
3 2 0 3534 
3 2 0 3537 
3 2 0 3535 
3 2 0 3536 
3 2 0 3543 
1 0 
1 0 
1 0 
1 0 
2 3 3579 3580 0 
2 3 3578 3581 0 
2 3 3577 3582 0 
1 0 
1 0 
1 0 
1 0 
1 0 
2 3 3587 3588 0 
1 0 
2 3 3589 3590 0 
2 3 3586 3591 0 
2 3 3585 3592 0 
2 3 3584 3593 0 
1 0 
1 0 
2 3 3595 3596 0 
1 0 
1 0 
1 0 
1 0 
1 0 
1 0 
2 3 3602 3603 0 
2 3 3601 3604 0 
2 3 3600 3605 0 
1 0 
2 3 3606 3607 0 
2 3 3599 3608 0 
2 3 3598 3609 0 
2 3 3597 3610 0 
2 3 3594 3611 0 
2 3 3583 3612 0 
1 0 
2 3 3613 3614 0 
3 2 0 3615 
3 2 0 3613 
3 2 0 3583 
3 2 0 3577 
3 2 0 3582 
3 2 0 3578 
3 2 0 3581 
3 2 0 3579 
3 2 0 3580 
3 2 0 3612 
3 2 0 3594 
3 2 0 3584 
3 2 0 3593 
3 2 0 3585 
3 2 0 3592 
3 2 0 3586 
3 2 0 3591 
3 2 0 3589 
3 2 0 3587 
3 2 0 3588 
3 2 0 3590 
3 2 0 3611 
3 2 0 3597 
3 2 0 3595 
3 2 0 3596 
3 2 0 3610 
3 2 0 3598 
3 2 0 3609 
3 2 0 3599 
3 2 0 3608 
3 2 0 3606 
3 2 0 3600 
3 2 0 3605 
3 2 0 3601 
3 2 0 3604 
3 2 0 3602 
3 2 0 3603 
3 2 0 3607 
3 2 0 3614 
1 0 
1 0 
1 0 
1 0 
1 0 
1 0 
2 3 3659 3660 0 
1 0 
1 0 
1 0 
2 3 3663 3664 0 
2 3 3662 3665 0 
1 0 
2 3 3666 3667 0 
2 3 3661 3668 0 
2 3 3658 3669 0 
2 3 3657 3670 0 
2 3 3656 3671 0 
1 0 
2 3 3672 3673 0 
2 3 3655 3674 0 
3 2 0 3675 
3 2 0 3655 
3 2 0 3674 
3 2 0 3672 
3 2 0 3656 
3 2 0 3671 
3 2 0 3657 
3 2 0 3670 
3 2 0 3658 
3 2 0 3669 
3 2 0 3661 
3 2 0 3659 
3 2 0 3660 
3 2 0 3668 
3 2 0 3666 
3 2 0 3662 
3 2 0 3665 
3 2 0 3663 
3 2 0 3664 
3 2 0 3667 
3 2 0 3673 
1 0 
1 0 
1 0 
1 0 
1 0 
2 3 3700 3701 0 
2 3 3699 3702 0 
2 3 3698 3703 0 
1 0 
2 3 3704 3705 0 
2 3 3697 3706 0 
3 2 0 3707 
3 2 0 3697 
3 2 0 3706 
3 2 0 3704 
3 2 0 3698 
3 2 0 3703 
3 2 0 3699 
3 2 0 3702 
3 2 0 3700 
3 2 0 3701 
3 2 0 3705 
1 0 
1 0 
1 0 
2 3 3720 3721 0 
2 3 3719 3722 0 
1 0 
1 0 
1 0 
2 3 3725 3726 0 
1 0 
1 0 
1 0 
1 0 
2 3 3730 3731 0 
2 3 3729 3732 0 
2 3 3728 3733 0 
2 3 3727 3734 0 
2 3 3724 3735 0 
2 3 3723 3736 0 
1 0 
1 0 
1 0 
1 0 
1 0 
1 0 
1 0 
2 3 3743 3744 0 
1 0 
1 0 
1 0 
2 3 3747 3748 0 
1 0 
1 0 
1 0 
2 3 3751 3752 0 
2 3 3750 3753 0 
2 3 3749 3754 0 
2 3 3746 3755 0 
2 3 3745 3756 0 
2 3 3742 3757 0 
2 3 3741 3758 0 
2 3 3740 3759 0 
2 3 3739 3760 0 
1 0 
2 3 3761 3762 0 
2 3 3738 3763 0 
2 3 3737 3764 0 
3 2 0 3765 
3 2 0 3737 
3 2 0 3723 
3 2 0 3719 
3 2 0 3722 
3 2 0 3720 
3 2 0 3721 
3 2 0 3736 
3 2 0 3724 
3 2 0 3735 
3 2 0 3727 
3 2 0 3725 
3 2 0 3726 
3 2 0 3734 
3 2 0 3728 
3 2 0 3733 
3 2 0 3729 
3 2 0 3732 
3 2 0 3730 
3 2 0 3731 
3 2 0 3764 
3 2 0 3738 
3 2 0 3763 
3 2 0 3761 
3 2 0 3739 
3 2 0 3760 
3 2 0 3740 
3 2 0 3759 
3 2 0 3741 
3 2 0 3758 
3 2 0 3742 
3 2 0 3757 
3 2 0 3745 
3 2 0 3743 
3 2 0 3744 
3 2 0 3756 
3 2 0 3746 
3 2 0 3755 
3 2 0 3749 
3 2 0 3747 
3 2 0 3748 
3 2 0 3754 
3 2 0 3750 
3 2 0 3753 
3 2 0 3751 
3 2 0 3752 
3 2 0 3762 
1 0 
1 0 
1 0 
1 0 
2 3 3815 3816 0 
1 0 
1 0 
1 0 
1 0 
1 0 
1 0 
2 3 3822 3823 0 
2 3 3821 3824 0 
2 3 3820 3825 0 
2 3 3819 3826 0 
2 3 3818 3827 0 
1 0 
2 3 3828 3829 0 
2 3 3817 3830 0 
2 3 3814 3831 0 
2 3 3813 3832 0 
3 2 0 3833 
3 2 0 3813 
3 2 0 3832 
3 2 0 3814 
3 2 0 3831 
3 2 0 3817 
3 2 0 3815 
3 2 0 3816 
3 2 0 3830 
3 2 0 3828 
3 2 0 3818 
3 2 0 3827 
3 2 0 3819 
3 2 0 3826 
3 2 0 3820 
3 2 0 3825 
3 2 0 3821 
3 2 0 3824 
3 2 0 3822 
3 2 0 3823 
3 2 0 3829 
1 0 
1 0 
1 0 
2 3 3856 3857 0 
1 0 
2 3 3858 3859 0 
2 3 3855 3860 0 
1 0 
1 0 
1 0 
2 3 3863 3864 0 
2 3 3862 3865 0 
2 3 3861 3866 0 
1 0 
1 0 
2 3 3868 3869 0 
1 0 
1 0 
1 0 
2 3 3872 3873 0 
2 3 3871 3874 0 
2 3 3870 3875 0 
2 3 3867 3876 0 
1 0 
2 3 3877 3878 0 
3 2 0 3879 
3 2 0 3877 
3 2 0 3867 
3 2 0 3861 
3 2 0 3855 
3 2 0 3860 
3 2 0 3858 
3 2 0 3856 
3 2 0 3857 
3 2 0 3859 
3 2 0 3866 
3 2 0 3862 
3 2 0 3865 
3 2 0 3863 
3 2 0 3864 
3 2 0 3876 
3 2 0 3870 
3 2 0 3868 
3 2 0 3869 
3 2 0 3875 
3 2 0 3871 
3 2 0 3874 
3 2 0 3872 
3 2 0 3873 
3 2 0 3878 
1 0 
1 0 
1 0 
1 0 
2 3 3907 3908 0 
2 3 3906 3909 0 
2 3 3905 3910 0 
1 0 
1 0 
1 0 
1 0 
2 3 3914 3915 0 
2 3 3913 3916 0 
2 3 3912 3917 0 
2 3 3911 3918 0 
1 0 
1 0 
1 0 
1 0 
1 0 
2 3 3923 3924 0 
2 3 3922 3925 0 
2 3 3921 3926 0 
2 3 3920 3927 0 
1 0 
2 3 3928 3929 0 
2 3 3919 3930 0 
3 2 0 3931 
3 2 0 3919 
3 2 0 3911 
3 2 0 3905 
3 2 0 3910 
3 2 0 3906 
3 2 0 3909 
3 2 0 3907 
3 2 0 3908 
3 2 0 3918 
3 2 0 3912 
3 2 0 3917 
3 2 0 3913 
3 2 0 3916 
3 2 0 3914 
3 2 0 3915 
3 2 0 3930 
3 2 0 3928 
3 2 0 3920 
3 2 0 3927 
3 2 0 3921 
3 2 0 3926 
3 2 0 3922 
3 2 0 3925 
3 2 0 3923 
3 2 0 3924 
3 2 0 3929 
1 0 
1 0 
1 0 
2 3 3960 3961 0 
2 3 3959 3962 0 
1 0 
2 3 3963 3964 0 
1 0 
1 0 
1 0 
2 3 3967 3968 0 
2 3 3966 3969 0 
2 3 3965 3970 0 
1 0 
2 3 3971 3972 0 
1 0 
1 0 
1 0 
1 0 
2 3 3976 3977 0 
1 0 
1 0 
1 0 
2 3 3980 3981 0 
2 3 3979 3982 0 
2 3 3978 3983 0 
2 3 3975 3984 0 
2 3 3974 3985 0 
2 3 3973 3986 0 
1 0 
2 3 3987 3988 0 
3 2 0 3989 
3 2 0 3987 
3 2 0 3973 
3 2 0 3971 
3 2 0 3965 
3 2 0 3963 
3 2 0 3959 
3 2 0 3962 
3 2 0 3960 
3 2 0 3961 
3 2 0 3964 
3 2 0 3970 
3 2 0 3966 
3 2 0 3969 
3 2 0 3967 
3 2 0 3968 
3 2 0 3972 
3 2 0 3986 
3 2 0 3974 
3 2 0 3985 
3 2 0 3975 
3 2 0 3984 
3 2 0 3978 
3 2 0 3976 
3 2 0 3977 
3 2 0 3983 
3 2 0 3979 
3 2 0 3982 
3 2 0 3980 
3 2 0 3981 
3 2 0 3988 
1 0 
1 0 
1 0 
2 3 4022 4023 0 
1 0 
1 0 
1 0 
1 0 
1 0 
1 0 
1 0 
1 0 
2 3 4031 4032 0 
2 3 4030 4033 0 
2 3 4029 4034 0 
2 3 4028 4035 0 
2 3 4027 4036 0 
1 0 
1 0 
1 0 
1 0 
1 0 
1 0 
1 0 
1 0 
1 0 
2 3 4045 4046 0 
2 3 4044 4047 0 
2 3 4043 4048 0 
2 3 4042 4049 0 
2 3 4041 4050 0 
2 3 4040 4051 0 
2 3 4039 4052 0 
2 3 4038 4053 0 
2 3 4037 4054 0 
2 3 4026 4055 0 
2 3 4025 4056 0 
2 3 4024 4057 0 
2 3 4021 4058 0 
1 0 
2 3 4059 4060 0 
1 0 
2 3 4061 4062 0 
1 0 
1 0 
2 3 4064 4065 0 
1 0 
1 0 
1 0 
1 0 
1 0 
2 3 4070 4071 0 
1 0 
1 0 
1 0 
2 3 4074 4075 0 
2 3 4073 4076 0 
2 3 4072 4077 0 
2 3 4069 4078 0 
2 3 4068 4079 0 
2 3 4067 4080 0 
2 3 4066 4081 0 
2 3 4063 4082 0 
1 0 
2 3 4083 4084 0 
3 2 0 4085 
3 2 0 4083 
3 2 0 4063 
3 2 0 4061 
3 2 0 4059 
3 2 0 4021 
3 2 0 4058 
3 2 0 4024 
3 2 0 4022 
3 2 0 4023 
3 2 0 4057 
3 2 0 4025 
3 2 0 4056 
3 2 0 4026 
3 2 0 4055 
3 2 0 4037 
3 2 0 4027 
3 2 0 4036 
3 2 0 4028 
3 2 0 4035 
3 2 0 4029 
3 2 0 4034 
3 2 0 4030 
3 2 0 4033 
3 2 0 4031 
3 2 0 4032 
3 2 0 4054 
3 2 0 4038 
3 2 0 4053 
3 2 0 4039 
3 2 0 4052 
3 2 0 4040 
3 2 0 4051 
3 2 0 4041 
3 2 0 4050 
3 2 0 4042 
3 2 0 4049 
3 2 0 4043 
3 2 0 4048 
3 2 0 4044 
3 2 0 4047 
3 2 0 4045 
3 2 0 4046 
3 2 0 4060 
3 2 0 4062 
3 2 0 4082 
3 2 0 4066 
3 2 0 4064 
3 2 0 4065 
3 2 0 4081 
3 2 0 4067 
3 2 0 4080 
3 2 0 4068 
3 2 0 4079 
3 2 0 4069 
3 2 0 4078 
3 2 0 4072 
3 2 0 4070 
3 2 0 4071 
3 2 0 4077 
3 2 0 4073 
3 2 0 4076 
3 2 0 4074 
3 2 0 4075 
3 2 0 4084 
1 0 
1 0 
1 0 
2 3 4152 4153 0 
1 0 
1 0 
1 0 
2 3 4156 4157 0 
2 3 4155 4158 0 
2 3 4154 4159 0 
1 0 
2 3 4160 4161 0 
2 3 4151 4162 0 
1 0 
2 3 4163 4164 0 
3 2 0 4165 
3 2 0 4163 
3 2 0 4151 
3 2 0 4162 
3 2 0 4160 
3 2 0 4154 
3 2 0 4152 
3 2 0 4153 
3 2 0 4159 
3 2 0 4155 
3 2 0 4158 
3 2 0 4156 
3 2 0 4157 
3 2 0 4161 
3 2 0 4164 
1 0 
1 0 
1 0 
1 0 
1 0 
2 3 4184 4185 0 
2 3 4183 4186 0 
1 0 
1 0 
1 0 
2 3 4189 4190 0 
1 0 
2 3 4191 4192 0 
2 3 4188 4193 0 
2 3 4187 4194 0 
2 3 4182 4195 0 
1 0 
2 3 4196 4197 0 
2 3 4181 4198 0 
3 2 0 4199 
3 2 0 4181 
3 2 0 4198 
3 2 0 4196 
3 2 0 4182 
3 2 0 4195 
3 2 0 4187 
3 2 0 4183 
3 2 0 4186 
3 2 0 4184 
3 2 0 4185 
3 2 0 4194 
3 2 0 4188 
3 2 0 4193 
3 2 0 4191 
3 2 0 4189 
3 2 0 4190 
3 2 0 4192 
3 2 0 4197 
1 0 
1 0 
1 0 
1 0 
1 0 
2 3 4222 4223 0 
1 0 
2 3 4224 4225 0 
2 3 4221 4226 0 
2 3 4220 4227 0 
1 0 
1 0 
2 3 4229 4230 0 
2 3 4228 4231 0 
2 3 4219 4232 0 
1 0 
2 3 4233 4234 0 
1 0 
2 3 4235 4236 0 
1 0 
1 0 
1 0 
2 3 4239 4240 0 
1 0 
1 0 
2 3 4242 4243 0 
2 3 4241 4244 0 
2 3 4238 4245 0 
1 0 
2 3 4246 4247 0 
1 0 
2 3 4248 4249 0 
1 0 
1 0 
2 3 4251 4252 0 
1 0 
1 0 
1 0 
2 3 4255 4256 0 
1 0 
1 0 
1 0 
1 0 
2 3 4260 4261 0 
2 3 4259 4262 0 
1 0 
2 3 4263 4264 0 
2 3 4258 4265 0 
2 3 4257 4266 0 
2 3 4254 4267 0 
2 3 4253 4268 0 
2 3 4250 4269 0 
2 3 4237 4270 0 
1 0 
2 3 4271 4272 0 
3 2 0 4273 
3 2 0 4271 
3 2 0 4237 
3 2 0 4235 
3 2 0 4233 
3 2 0 4219 
3 2 0 4232 
3 2 0 4228 
3 2 0 4220 
3 2 0 4227 
3 2 0 4221 
3 2 0 4226 
3 2 0 4224 
3 2 0 4222 
3 2 0 4223 
3 2 0 4225 
3 2 0 4231 
3 2 0 4229 
3 2 0 4230 
3 2 0 4234 
3 2 0 4236 
3 2 0 4270 
3 2 0 4250 
3 2 0 4248 
3 2 0 4246 
3 2 0 4238 
3 2 0 4245 
3 2 0 4241 
3 2 0 4239 
3 2 0 4240 
3 2 0 4244 
3 2 0 4242 
3 2 0 4243 
3 2 0 4247 
3 2 0 4249 
3 2 0 4269 
3 2 0 4253 
3 2 0 4251 
3 2 0 4252 
3 2 0 4268 
3 2 0 4254 
3 2 0 4267 
3 2 0 4257 
3 2 0 4255 
3 2 0 4256 
3 2 0 4266 
3 2 0 4258 
3 2 0 4265 
3 2 0 4263 
3 2 0 4259 
3 2 0 4262 
3 2 0 4260 
3 2 0 4261 
3 2 0 4264 
3 2 0 4272 
1 0 
1 0 
2 3 4329 4330 0 
1 0 
1 0 
1 0 
1 0 
2 3 4334 4335 0 
2 3 4333 4336 0 
1 0 
1 0 
1 0 
1 0 
1 0 
2 3 4341 4342 0 
2 3 4340 4343 0 
2 3 4339 4344 0 
1 0 
1 0 
2 3 4346 4347 0 
2 3 4345 4348 0 
2 3 4338 4349 0 
2 3 4337 4350 0 
1 0 
1 0 
1 0 
1 0 
1 0 
2 3 4355 4356 0 
2 3 4354 4357 0 
2 3 4353 4358 0 
2 3 4352 4359 0 
1 0 
2 3 4360 4361 0 
2 3 4351 4362 0 
2 3 4332 4363 0 
2 3 4331 4364 0 
3 2 0 4365 
3 2 0 4331 
3 2 0 4329 
3 2 0 4330 
3 2 0 4364 
3 2 0 4332 
3 2 0 4363 
3 2 0 4351 
3 2 0 4337 
3 2 0 4333 
3 2 0 4336 
3 2 0 4334 
3 2 0 4335 
3 2 0 4350 
3 2 0 4338 
3 2 0 4349 
3 2 0 4345 
3 2 0 4339 
3 2 0 4344 
3 2 0 4340 
3 2 0 4343 
3 2 0 4341 
3 2 0 4342 
3 2 0 4348 
3 2 0 4346 
3 2 0 4347 
3 2 0 4362 
3 2 0 4360 
3 2 0 4352 
3 2 0 4359 
3 2 0 4353 
3 2 0 4358 
3 2 0 4354 
3 2 0 4357 
3 2 0 4355 
3 2 0 4356 
3 2 0 4361 
1 0 
1 0 
2 3 4403 4404 0 
1 0 
2 3 4405 4406 0 
1 0 
1 0 
2 3 4408 4409 0 
2 3 4407 4410 0 
1 0 
2 3 4411 4412 0 
3 2 0 4413 
3 2 0 4411 
3 2 0 4407 
3 2 0 4405 
3 2 0 4403 
3 2 0 4404 
3 2 0 4406 
3 2 0 4410 
3 2 0 4408 
3 2 0 4409 
3 2 0 4412 
1 0 
1 0 
1 0 
2 3 4426 4427 0 
1 0 
1 0 
1 0 
1 0 
2 3 4431 4432 0 
1 0 
2 3 4433 4434 0 
2 3 4430 4435 0 
2 3 4429 4436 0 
2 3 4428 4437 0 
2 3 4425 4438 0 
1 0 
1 0 
1 0 
1 0 
2 3 4442 4443 0 
2 3 4441 4444 0 
1 0 
1 0 
1 0 
2 3 4447 4448 0 
2 3 4446 4449 0 
1 0 
1 0 
1 0 
1 0 
2 3 4453 4454 0 
1 0 
2 3 4455 4456 0 
2 3 4452 4457 0 
2 3 4451 4458 0 
2 3 4450 4459 0 
1 0 
2 3 4460 4461 0 
2 3 4445 4462 0 
2 3 4440 4463 0 
2 3 4439 4464 0 
3 2 0 4465 
3 2 0 4439 
3 2 0 4425 
3 2 0 4438 
3 2 0 4428 
3 2 0 4426 
3 2 0 4427 
3 2 0 4437 
3 2 0 4429 
3 2 0 4436 
3 2 0 4430 
3 2 0 4435 
3 2 0 4433 
3 2 0 4431 
3 2 0 4432 
3 2 0 4434 
3 2 0 4464 
3 2 0 4440 
3 2 0 4463 
3 2 0 4445 
3 2 0 4441 
3 2 0 4444 
3 2 0 4442 
3 2 0 4443 
3 2 0 4462 
3 2 0 4460 
3 2 0 4450 
3 2 0 4446 
3 2 0 4449 
3 2 0 4447 
3 2 0 4448 
3 2 0 4459 
3 2 0 4451 
3 2 0 4458 
3 2 0 4452 
3 2 0 4457 
3 2 0 4455 
3 2 0 4453 
3 2 0 4454 
3 2 0 4456 
3 2 0 4461 
1 0 
1 0 
2 3 4507 4508 0 
1 0 
2 3 4509 4510 0 
1 0 
1 0 
2 3 4512 4513 0 
1 0 
1 0 
1 0 
1 0 
2 3 4517 4518 0 
2 3 4516 4519 0 
2 3 4515 4520 0 
2 3 4514 4521 0 
2 3 4511 4522 0 
1 0 
2 3 4523 4524 0 
3 2 0 4525 
3 2 0 4523 
3 2 0 4511 
3 2 0 4509 
3 2 0 4507 
3 2 0 4508 
3 2 0 4510 
3 2 0 4522 
3 2 0 4514 
3 2 0 4512 
3 2 0 4513 
3 2 0 4521 
3 2 0 4515 
3 2 0 4520 
3 2 0 4516 
3 2 0 4519 
3 2 0 4517 
3 2 0 4518 
3 2 0 4524 
60 2272 14 15 16 17 18 19 20 21 22 23 24 25 26 70 71 72 73 74 75 76 77 78 79 80 81 82 83 84 85 86 87 88 89 90 91 92 93 94 95 96 97 98 99 100 101 102 103 104 105 106 107 108 109 110 111 112 126 127 128 129 130 131 132 133 134 135 136 137 138 174 175 176 177 178 179 180 181 182 183 184 185 186 187 188 189 190 191 192 193 194 195 196 197 198 199 200 201 202 203 204 205 206 207 208 232 233 234 235 236 237 238 239 240 241 242 243 244 245 246 247 248 249 250 251 252 253 254 312 313 314 315 316 317 318 319 320 321 322 323 324 325 326 327 328 329 330 331 332 333 334 335 336 337 338 339 340 341 342 343 344 345 346 347 348 349 350 351 352 353 354 355 356 357 358 359 360 361 362 363 364 365 366 367 368 412 413 414 415 416 417 418 419 420 421 422 423 424 425 426 427 428 429 430 431 432 433 434 435 436 437 438 439 440 441 442 443 444 445 446 447 448 449 450 451 452 453 454 470 471 472 473 474 475 476 477 478 479 480 481 482 483 484 518 519 520 521 522 523 524 525 526 527 528 529 530 531 532 533 534 535 536 537 538 539 540 541 542 543 544 545 546 547 548 549 550 596 597 598 599 600 601 602 603 604 605 606 607 608 609 610 611 612 613 614 615 616 617 618 619 620 621 622 623 624 625 626 627 628 629 630 631 632 633 634 635 636 637 638 639 640 664 665 666 667 668 669 670 671 672 673 674 675 676 677 678 679 680 681 682 683 684 685 686 716 717 718 719 720 721 722 723 724 725 726 727 728 729 730 731 732 733 734 735 736 737 738 739 740 741 742 743 744 794 795 796 797 798 799 800 801 802 803 804 805 806 807 808 809 810 811 812 813 814 815 816 817 818 819 820 821 822 823 824 825 826 827 828 829 830 831 832 833 834 835 836 837 838 839 840 841 842 896 897 898 899 900 901 902 903 904 905 906 907 908 909 910 911 912 913 914 915 916 917 918 919 920 921 922 923 924 925 926 927 928 929 930 931 932 933 934 935 936 937 938 939 940 941 942 943 944 945 946 947 948 980 981 982 983 984 985 986 987 988 989 990 991 992 993 994 995 996 997 998 999 1000 1001 1002 1003 1004 1005 1006 1007 1008 1009 1010 1042 1043 1044 1045 1046 1047 1048 1049 1050 1051 1052 1053 1054 1055 1056 1057 1058 1059 1060 1061 1062 1063 1064 1065 1066 1067 1068 1069 1070 1071 1072 1084 1085 1086 1087 1088 1089 1090 1091 1092 1093 1094 1126 1127 1128 1129 1130 1131 1132 1133 1134 1135 1136 1137 1138 1139 1140 1141 1142 1143 1144 1145 1146 1147 1148 1149 1150 1151 1152 1153 1154 1155 1156 1206 1207 1208 1209 1210 1211 1212 1213 1214 1215 1216 1217 1218 1219 1220 1221 1222 1223 1224 1225 1226 1227 1228 1229 1230 1231 1232 1233 1234 1235 1236 1237 1238 1239 1240 1241 1242 1243 1244 1245 1246 1247 1248 1249 1250 1251 1252 1253 1254 1274 1275 1276 1277 1278 1279 1280 1281 1282 1283 1284 1285 1286 1287 1288 1289 1290 1291 1292 1338 1339 1340 1341 1342 1343 1344 1345 1346 1347 1348 1349 1350 1351 1352 1353 1354 1355 1356 1357 1358 1359 1360 1361 1362 1363 1364 1365 1366 1367 1368 1369 1370 1371 1372 1373 1374 1375 1376 1377 1378 1379 1380 1381 1382 1416 1417 1418 1419 1420 1421 1422 1423 1424 1425 1426 1427 1428 1429 1430 1431 1432 1433 1434 1435 1436 1437 1438 1439 1440 1441 1442 1443 1444 1445 1446 1447 1448 1488 1489 1490 1491 1492 1493 1494 1495 1496 1497 1498 1499 1500 1501 1502 1503 1504 1505 1506 1507 1508 1509 1510 1511 1512 1513 1514 1515 1516 1517 1518 1519 1520 1521 1522 1523 1524 1525 1526 1586 1587 1588 1589 1590 1591 1592 1593 1594 1595 1596 1597 1598 1599 1600 1601 1602 1603 1604 1605 1606 1607 1608 1609 1610 1611 1612 1613 1614 1615 1616 1617 1618 1619 1620 1621 1622 1623 1624 1625 1626 1627 1628 1629 1630 1631 1632 1633 1634 1635 1636 1637 1638 1639 1640 1641 1642 1643 1644 1704 1705 1706 1707 1708 1709 1710 1711 1712 1713 1714 1715 1716 1717 1718 1719 1720 1721 1722 1723 1724 1725 1726 1727 1728 1729 1730 1731 1732 1733 1734 1735 1736 1737 1738 1739 1740 1741 1742 1743 1744 1745 1746 1747 1748 1749 1750 1751 1752 1753 1754 1755 1756 1757 1758 1759 1760 1761 1762 1806 1807 1808 1809 1810 1811 1812 1813 1814 1815 1816 1817 1818 1819 1820 1821 1822 1823 1824 1825 1826 1827 1828 1829 1830 1831 1832 1833 1834 1835 1836 1837 1838 1839 1840 1841 1842 1843 1844 1845 1846 1847 1848 1882 1883 1884 1885 1886 1887 1888 1889 1890 1891 1892 1893 1894 1895 1896 1897 1898 1899 1900 1901 1902 1903 1904 1905 1906 1907 1908 1909 1910 1911 1912 1913 1914 1938 1939 1940 1941 1942 1943 1944 1945 1946 1947 1948 1949 1950 1951 1952 1953 1954 1955 1956 1957 1958 1959 1960 1992 1993 1994 1995 1996 1997 1998 1999 2000 2001 2002 2003 2004 2005 2006 2007 2008 2009 2010 2011 2012 2013 2014 2015 2016 2017 2018 2019 2020 2021 2022 2046 2047 2048 2049 2050 2051 2052 2053 2054 2055 2056 2057 2058 2059 2060 2061 2062 2063 2064 2065 2066 2067 2068 2122 2123 2124 2125 2126 2127 2128 2129 2130 2131 2132 2133 2134 2135 2136 2137 2138 2139 2140 2141 2142 2143 2144 2145 2146 2147 2148 2149 2150 2151 2152 2153 2154 2155 2156 2157 2158 2159 2160 2161 2162 2163 2164 2165 2166 2167 2168 2169 2170 2171 2172 2173 2174 2218 2219 2220 2221 2222 2223 2224 2225 2226 2227 2228 2229 2230 2231 2232 2233 2234 2235 2236 2237 2238 2239 2240 2241 2242 2243 2244 2245 2246 2247 2248 2249 2250 2251 2252 2253 2254 2255 2256 2257 2258 2259 2260 2270 2271 2272 2273 2274 2275 2276 2277 2278 2300 2301 2302 2303 2304 2305 2306 2307 2308 2309 2310 2311 2312 2313 2314 2315 2316 2317 2318 2319 2320 2360 2361 2362 2363 2364 2365 2366 2367 2368 2369 2370 2371 2372 2373 2374 2375 2376 2377 2378 2379 2380 2381 2382 2383 2384 2385 2386 2387 2388 2389 2390 2391 2392 2393 2394 2395 2396 2397 2398 2442 2443 2444 2445 2446 2447 2448 2449 2450 2451 2452 2453 2454 2455 2456 2457 2458 2459 2460 2461 2462 2463 2464 2465 2466 2467 2468 2469 2470 2471 2472 2473 2474 2475 2476 2477 2478 2479 2480 2481 2482 2483 2484 2520 2521 2522 2523 2524 2525 2526 2527 2528 2529 2530 2531 2532 2533 2534 2535 2536 2537 2538 2539 2540 2541 2542 2543 2544 2545 2546 2547 2548 2549 2550 2551 2552 2553 2554 2622 2623 2624 2625 2626 2627 2628 2629 2630 2631 2632 2633 2634 2635 2636 2637 2638 2639 2640 2641 2642 2643 2644 2645 2646 2647 2648 2649 2650 2651 2652 2653 2654 2655 2656 2657 2658 2659 2660 2661 2662 2663 2664 2665 2666 2667 2668 2669 2670 2671 2672 2673 2674 2675 2676 2677 2678 2679 2680 2681 2682 2683 2684 2685 2686 2687 2688 2774 2775 2776 2777 2778 2779 2780 2781 2782 2783 2784 2785 2786 2787 2788 2789 2790 2791 2792 2793 2794 2795 2796 2797 2798 2799 2800 2801 2802 2803 2804 2805 2806 2807 2808 2809 2810 2811 2812 2813 2814 2815 2816 2817 2818 2819 2820 2821 2822 2823 2824 2825 2826 2827 2828 2829 2830 2831 2832 2833 2834 2835 2836 2837 2838 2839 2840 2841 2842 2843 2844 2845 2846 2847 2848 2849 2850 2851 2852 2853 2854 2855 2856 2857 2858 2880 2881 2882 2883 2884 2885 2886 2887 2888 2889 2890 2891 2892 2893 2894 2895 2896 2897 2898 2899 2900 2944 2945 2946 2947 2948 2949 2950 2951 2952 2953 2954 2955 2956 2957 2958 2959 2960 2961 2962 2963 2964 2965 2966 2967 2968 2969 2970 2971 2972 2973 2974 2975 2976 2977 2978 2979 2980 2981 2982 2983 2984 2985 2986 3050 3051 3052 3053 3054 3055 3056 3057 3058 3059 3060 3061 3062 3063 3064 3065 3066 3067 3068 3069 3070 3071 3072 3073 3074 3075 3076 3077 3078 3079 3080 3081 3082 3083 3084 3085 3086 3087 3088 3089 3090 3091 3092 3093 3094 3095 3096 3097 3098 3099 3100 3101 3102 3103 3104 3105 3106 3107 3108 3109 3110 3111 3112 3146 3147 3148 3149 3150 3151 3152 3153 3154 3155 3156 3157 3158 3159 3160 3161 3162 3163 3164 3165 3166 3167 3168 3169 3170 3171 3172 3173 3174 3175 3176 3177 3178 3218 3219 3220 3221 3222 3223 3224 3225 3226 3227 3228 3229 3230 3231 3232 3233 3234 3235 3236 3237 3238 3239 3240 3241 3242 3243 3244 3245 3246 3247 3248 3249 3250 3251 3252 3253 3254 3255 3256 3304 3305 3306 3307 3308 3309 3310 3311 3312 3313 3314 3315 3316 3317 3318 3319 3320 3321 3322 3323 3324 3325 3326 3327 3328 3329 3330 3331 3332 3333 3334 3335 3336 3337 3338 3339 3340 3341 3342 3343 3344 3345 3346 3347 3348 3349 3350 3390 3391 3392 3393 3394 3395 3396 3397 3398 3399 3400 3401 3402 3403 3404 3405 3406 3407 3408 3409 3410 3411 3412 3413 3414 3415 3416 3417 3418 3419 3420 3421 3422 3423 3424 3425 3426 3427 3428 3474 3475 3476 3477 3478 3479 3480 3481 3482 3483 3484 3485 3486 3487 3488 3489 3490 3491 3492 3493 3494 3495 3496 3497 3498 3499 3500 3501 3502 3503 3504 3505 3506 3507 3508 3509 3510 3511 3512 3513 3514 3515 3516 3517 3518 3548 3549 3550 3551 3552 3553 3554 3555 3556 3557 3558 3559 3560 3561 3562 3563 3564 3565 3566 3567 3568 3569 3570 3571 3572 3573 3574 3575 3576 3616 3617 3618 3619 3620 3621 3622 3623 3624 3625 3626 3627 3628 3629 3630 3631 3632 3633 3634 3635 3636 3637 3638 3639 3640 3641 3642 3643 3644 3645 3646 3647 3648 3649 3650 3651 3652 3653 3654 3676 3677 3678 3679 3680 3681 3682 3683 3684 3685 3686 3687 3688 3689 3690 3691 3692 3693 3694 3695 3696 3708 3709 3710 3711 3712 3713 3714 3715 3716 3717 3718 3766 3767 3768 3769 3770 3771 3772 3773 3774 3775 3776 3777 3778 3779 3780 3781 3782 3783 3784 3785 3786 3787 3788 3789 3790 3791 3792 3793 3794 3795 3796 3797 3798 3799 3800 3801 3802 3803 3804 3805 3806 3807 3808 3809 3810 3811 3812 3834 3835 3836 3837 3838 3839 3840 3841 3842 3843 3844 3845 3846 3847 3848 3849 3850 3851 3852 3853 3854 3880 3881 3882 3883 3884 3885 3886 3887 3888 3889 3890 3891 3892 3893 3894 3895 3896 3897 3898 3899 3900 3901 3902 3903 3904 3932 3933 3934 3935 3936 3937 3938 3939 3940 3941 3942 3943 3944 3945 3946 3947 3948 3949 3950 3951 3952 3953 3954 3955 3956 3957 3958 3990 3991 3992 3993 3994 3995 3996 3997 3998 3999 4000 4001 4002 4003 4004 4005 4006 4007 4008 4009 4010 4011 4012 4013 4014 4015 4016 4017 4018 4019 4020 4086 4087 4088 4089 4090 4091 4092 4093 4094 4095 4096 4097 4098 4099 4100 4101 4102 4103 4104 4105 4106 4107 4108 4109 4110 4111 4112 4113 4114 4115 4116 4117 4118 4119 4120 4121 4122 4123 4124 4125 4126 4127 4128 4129 4130 4131 4132 4133 4134 4135 4136 4137 4138 4139 4140 4141 4142 4143 4144 4145 4146 4147 4148 4149 4150 4166 4167 4168 4169 4170 4171 4172 4173 4174 4175 4176 4177 4178 4179 4180 4200 4201 4202 4203 4204 4205 4206 4207 4208 4209 4210 4211 4212 4213 4214 4215 4216 4217 4218 4274 4275 4276 4277 4278 4279 4280 4281 4282 4283 4284 4285 4286 4287 4288 4289 4290 4291 4292 4293 4294 4295 4296 4297 4298 4299 4300 4301 4302 4303 4304 4305 4306 4307 4308 4309 4310 4311 4312 4313 4314 4315 4316 4317 4318 4319 4320 4321 4322 4323 4324 4325 4326 4327 4328 4366 4367 4368 4369 4370 4371 4372 4373 4374 4375 4376 4377 4378 4379 4380 4381 4382 4383 4384 4385 4386 4387 4388 4389 4390 4391 4392 4393 4394 4395 4396 4397 4398 4399 4400 4401 4402 4414 4415 4416 4417 4418 4419 4420 4421 4422 4423 4424 4466 4467 4468 4469 4470 4471 4472 4473 4474 4475 4476 4477 4478 4479 4480 4481 4482 4483 4484 4485 4486 4487 4488 4489 4490 4491 4492 4493 4494 4495 4496 4497 4498 4499 4500 4501 4502 4503 4504 4505 4506 4526 4527 4528 4529 4530 4531 4532 4533 4534 4535 4536 4537 4538 4539 4540 4541 4542 4543 4544 
