4894
0 0 
1 0 
1 0 
2 3 1 2 0 
1 0 
1 0 
1 0 
1 0 
2 3 6 7 0 
1 0 
2 3 8 9 0 
1 0 
1 0 
1 0 
1 0 
1 0 
1 0 
2 3 15 16 0 
2 3 14 17 0 
1 0 
1 0 
1 0 
1 0 
2 3 21 22 0 
2 3 20 23 0 
2 3 19 24 0 
2 3 18 25 0 
2 3 13 26 0 
2 3 12 27 0 
2 3 11 28 0 
2 3 10 29 0 
2 3 5 30 0 
2 3 4 31 0 
2 3 3 32 0 
1 0 
1 0 
1 0 
1 0 
2 3 36 37 0 
2 3 35 38 0 
1 0 
1 0 
1 0 
1 0 
1 0 
1 0 
2 3 44 45 0 
1 0 
1 0 
1 0 
2 3 48 49 0 
2 3 47 50 0 
2 3 46 51 0 
2 3 43 52 0 
2 3 42 53 0 
2 3 41 54 0 
2 3 40 55 0 
1 0 
2 3 56 57 0 
2 3 39 58 0 
2 3 34 59 0 
2 3 33 60 0 
3 2 0 61 
3 2 0 33 
3 2 0 3 
3 2 0 1 
3 2 0 2 
3 2 0 32 
3 2 0 4 
3 2 0 31 
3 2 0 5 
3 2 0 30 
3 2 0 10 
3 2 0 8 
3 2 0 6 
3 2 0 7 
3 2 0 9 
3 2 0 29 
3 2 0 11 
3 2 0 28 
3 2 0 12 
3 2 0 27 
3 2 0 13 
3 2 0 26 
3 2 0 18 
3 2 0 14 
3 2 0 17 
3 2 0 15 
3 2 0 16 
3 2 0 25 
3 2 0 19 
3 2 0 24 
3 2 0 20 
3 2 0 23 
3 2 0 21 
3 2 0 22 
3 2 0 60 
3 2 0 34 
3 2 0 59 
3 2 0 39 
3 2 0 35 
3 2 0 38 
3 2 0 36 
3 2 0 37 
3 2 0 58 
3 2 0 56 
3 2 0 40 
3 2 0 55 
3 2 0 41 
3 2 0 54 
3 2 0 42 
3 2 0 53 
3 2 0 43 
3 2 0 52 
3 2 0 46 
3 2 0 44 
3 2 0 45 
3 2 0 51 
3 2 0 47 
3 2 0 50 
3 2 0 48 
3 2 0 49 
3 2 0 57 
1 0 
1 0 
1 0 
2 3 124 125 0 
2 3 123 126 0 
1 0 
2 3 127 128 0 
1 0 
2 3 129 130 0 
1 0 
1 0 
1 0 
2 3 133 134 0 
1 0 
2 3 135 136 0 
2 3 132 137 0 
1 0 
1 0 
2 3 139 140 0 
1 0 
1 0 
1 0 
2 3 143 144 0 
2 3 142 145 0 
2 3 141 146 0 
2 3 138 147 0 
2 3 131 148 0 
1 0 
2 3 149 150 0 
3 2 0 151 
3 2 0 149 
3 2 0 131 
3 2 0 129 
3 2 0 127 
3 2 0 123 
3 2 0 126 
3 2 0 124 
3 2 0 125 
3 2 0 128 
3 2 0 130 
3 2 0 148 
3 2 0 138 
3 2 0 132 
3 2 0 137 
3 2 0 135 
3 2 0 133 
3 2 0 134 
3 2 0 136 
3 2 0 147 
3 2 0 141 
3 2 0 139 
3 2 0 140 
3 2 0 146 
3 2 0 142 
3 2 0 145 
3 2 0 143 
3 2 0 144 
3 2 0 150 
1 0 
1 0 
1 0 
2 3 182 183 0 
1 0 
1 0 
1 0 
1 0 
2 3 187 188 0 
2 3 186 189 0 
2 3 185 190 0 
2 3 184 191 0 
1 0 
1 0 
1 0 
1 0 
1 0 
1 0 
1 0 
1 0 
1 0 
2 3 200 201 0 
1 0 
1 0 
1 0 
2 3 204 205 0 
2 3 203 206 0 
2 3 202 207 0 
2 3 199 208 0 
2 3 198 209 0 
2 3 197 210 0 
2 3 196 211 0 
2 3 195 212 0 
2 3 194 213 0 
2 3 193 214 0 
2 3 192 215 0 
2 3 181 216 0 
1 0 
1 0 
1 0 
1 0 
1 0 
1 0 
1 0 
1 0 
1 0 
1 0 
1 0 
1 0 
1 0 
2 3 229 230 0 
2 3 228 231 0 
2 3 227 232 0 
2 3 226 233 0 
2 3 225 234 0 
2 3 224 235 0 
2 3 223 236 0 
2 3 222 237 0 
2 3 221 238 0 
2 3 220 239 0 
1 0 
2 3 240 241 0 
2 3 219 242 0 
2 3 218 243 0 
2 3 217 244 0 
3 2 0 245 
3 2 0 217 
3 2 0 181 
3 2 0 216 
3 2 0 192 
3 2 0 184 
3 2 0 182 
3 2 0 183 
3 2 0 191 
3 2 0 185 
3 2 0 190 
3 2 0 186 
3 2 0 189 
3 2 0 187 
3 2 0 188 
3 2 0 215 
3 2 0 193 
3 2 0 214 
3 2 0 194 
3 2 0 213 
3 2 0 195 
3 2 0 212 
3 2 0 196 
3 2 0 211 
3 2 0 197 
3 2 0 210 
3 2 0 198 
3 2 0 209 
3 2 0 199 
3 2 0 208 
3 2 0 202 
3 2 0 200 
3 2 0 201 
3 2 0 207 
3 2 0 203 
3 2 0 206 
3 2 0 204 
3 2 0 205 
3 2 0 244 
3 2 0 218 
3 2 0 243 
3 2 0 219 
3 2 0 242 
3 2 0 240 
3 2 0 220 
3 2 0 239 
3 2 0 221 
3 2 0 238 
3 2 0 222 
3 2 0 237 
3 2 0 223 
3 2 0 236 
3 2 0 224 
3 2 0 235 
3 2 0 225 
3 2 0 234 
3 2 0 226 
3 2 0 233 
3 2 0 227 
3 2 0 232 
3 2 0 228 
3 2 0 231 
3 2 0 229 
3 2 0 230 
3 2 0 241 
1 0 
1 0 
1 0 
1 0 
2 3 313 314 0 
1 0 
1 0 
2 3 316 317 0 
2 3 315 318 0 
1 0 
2 3 319 320 0 
2 3 312 321 0 
2 3 311 322 0 
1 0 
1 0 
1 0 
1 0 
2 3 326 327 0 
2 3 325 328 0 
2 3 324 329 0 
2 3 323 330 0 
1 0 
1 0 
1 0 
2 3 333 334 0 
1 0 
2 3 335 336 0 
1 0 
1 0 
2 3 338 339 0 
2 3 337 340 0 
2 3 332 341 0 
1 0 
2 3 342 343 0 
2 3 331 344 0 
3 2 0 345 
3 2 0 331 
3 2 0 323 
3 2 0 311 
3 2 0 322 
3 2 0 312 
3 2 0 321 
3 2 0 319 
3 2 0 315 
3 2 0 313 
3 2 0 314 
3 2 0 318 
3 2 0 316 
3 2 0 317 
3 2 0 320 
3 2 0 330 
3 2 0 324 
3 2 0 329 
3 2 0 325 
3 2 0 328 
3 2 0 326 
3 2 0 327 
3 2 0 344 
3 2 0 342 
3 2 0 332 
3 2 0 341 
3 2 0 337 
3 2 0 335 
3 2 0 333 
3 2 0 334 
3 2 0 336 
3 2 0 340 
3 2 0 338 
3 2 0 339 
3 2 0 343 
1 0 
1 0 
2 3 381 382 0 
1 0 
2 3 383 384 0 
1 0 
1 0 
1 0 
2 3 387 388 0 
1 0 
1 0 
1 0 
1 0 
1 0 
1 0 
1 0 
2 3 395 396 0 
1 0 
1 0 
1 0 
2 3 399 400 0 
2 3 398 401 0 
2 3 397 402 0 
2 3 394 403 0 
2 3 393 404 0 
2 3 392 405 0 
2 3 391 406 0 
2 3 390 407 0 
1 0 
2 3 408 409 0 
2 3 389 410 0 
2 3 386 411 0 
2 3 385 412 0 
3 2 0 413 
3 2 0 385 
3 2 0 383 
3 2 0 381 
3 2 0 382 
3 2 0 384 
3 2 0 412 
3 2 0 386 
3 2 0 411 
3 2 0 389 
3 2 0 387 
3 2 0 388 
3 2 0 410 
3 2 0 408 
3 2 0 390 
3 2 0 407 
3 2 0 391 
3 2 0 406 
3 2 0 392 
3 2 0 405 
3 2 0 393 
3 2 0 404 
3 2 0 394 
3 2 0 403 
3 2 0 397 
3 2 0 395 
3 2 0 396 
3 2 0 402 
3 2 0 398 
3 2 0 401 
3 2 0 399 
3 2 0 400 
3 2 0 409 
1 0 
1 0 
1 0 
2 3 448 449 0 
1 0 
1 0 
2 3 451 452 0 
2 3 450 453 0 
2 3 447 454 0 
1 0 
2 3 455 456 0 
1 0 
1 0 
1 0 
1 0 
1 0 
1 0 
1 0 
2 3 463 464 0 
2 3 462 465 0 
2 3 461 466 0 
2 3 460 467 0 
2 3 459 468 0 
2 3 458 469 0 
2 3 457 470 0 
1 0 
2 3 471 472 0 
3 2 0 473 
3 2 0 471 
3 2 0 457 
3 2 0 455 
3 2 0 447 
3 2 0 454 
3 2 0 450 
3 2 0 448 
3 2 0 449 
3 2 0 453 
3 2 0 451 
3 2 0 452 
3 2 0 456 
3 2 0 470 
3 2 0 458 
3 2 0 469 
3 2 0 459 
3 2 0 468 
3 2 0 460 
3 2 0 467 
3 2 0 461 
3 2 0 466 
3 2 0 462 
3 2 0 465 
3 2 0 463 
3 2 0 464 
3 2 0 472 
1 0 
1 0 
1 0 
2 3 502 503 0 
1 0 
2 3 504 505 0 
2 3 501 506 0 
1 0 
1 0 
1 0 
2 3 509 510 0 
1 0 
1 0 
2 3 512 513 0 
1 0 
1 0 
1 0 
2 3 516 517 0 
1 0 
1 0 
1 0 
1 0 
2 3 521 522 0 
2 3 520 523 0 
1 0 
1 0 
1 0 
2 3 526 527 0 
2 3 525 528 0 
1 0 
1 0 
2 3 530 531 0 
1 0 
2 3 532 533 0 
2 3 529 534 0 
2 3 524 535 0 
2 3 519 536 0 
2 3 518 537 0 
2 3 515 538 0 
2 3 514 539 0 
1 0 
2 3 540 541 0 
2 3 511 542 0 
2 3 508 543 0 
2 3 507 544 0 
3 2 0 545 
3 2 0 507 
3 2 0 501 
3 2 0 506 
3 2 0 504 
3 2 0 502 
3 2 0 503 
3 2 0 505 
3 2 0 544 
3 2 0 508 
3 2 0 543 
3 2 0 511 
3 2 0 509 
3 2 0 510 
3 2 0 542 
3 2 0 540 
3 2 0 514 
3 2 0 512 
3 2 0 513 
3 2 0 539 
3 2 0 515 
3 2 0 538 
3 2 0 518 
3 2 0 516 
3 2 0 517 
3 2 0 537 
3 2 0 519 
3 2 0 536 
3 2 0 524 
3 2 0 520 
3 2 0 523 
3 2 0 521 
3 2 0 522 
3 2 0 535 
3 2 0 529 
3 2 0 525 
3 2 0 528 
3 2 0 526 
3 2 0 527 
3 2 0 534 
3 2 0 532 
3 2 0 530 
3 2 0 531 
3 2 0 533 
3 2 0 541 
1 0 
1 0 
1 0 
2 3 592 593 0 
2 3 591 594 0 
1 0 
1 0 
1 0 
2 3 597 598 0 
2 3 596 599 0 
1 0 
2 3 600 601 0 
2 3 595 602 0 
3 2 0 603 
3 2 0 595 
3 2 0 591 
3 2 0 594 
3 2 0 592 
3 2 0 593 
3 2 0 602 
3 2 0 600 
3 2 0 596 
3 2 0 599 
3 2 0 597 
3 2 0 598 
3 2 0 601 
1 0 
1 0 
1 0 
2 3 618 619 0 
1 0 
1 0 
1 0 
1 0 
1 0 
1 0 
2 3 625 626 0 
2 3 624 627 0 
2 3 623 628 0 
1 0 
1 0 
1 0 
1 0 
2 3 632 633 0 
2 3 631 634 0 
2 3 630 635 0 
2 3 629 636 0 
2 3 622 637 0 
2 3 621 638 0 
2 3 620 639 0 
1 0 
2 3 640 641 0 
2 3 617 642 0 
3 2 0 643 
3 2 0 617 
3 2 0 642 
3 2 0 640 
3 2 0 620 
3 2 0 618 
3 2 0 619 
3 2 0 639 
3 2 0 621 
3 2 0 638 
3 2 0 622 
3 2 0 637 
3 2 0 629 
3 2 0 623 
3 2 0 628 
3 2 0 624 
3 2 0 627 
3 2 0 625 
3 2 0 626 
3 2 0 636 
3 2 0 630 
3 2 0 635 
3 2 0 631 
3 2 0 634 
3 2 0 632 
3 2 0 633 
3 2 0 641 
1 0 
1 0 
1 0 
1 0 
2 3 673 674 0 
1 0 
2 3 675 676 0 
2 3 672 677 0 
1 0 
1 0 
1 0 
1 0 
1 0 
2 3 682 683 0 
2 3 681 684 0 
2 3 680 685 0 
1 0 
1 0 
1 0 
1 0 
1 0 
1 0 
2 3 691 692 0 
2 3 690 693 0 
2 3 689 694 0 
2 3 688 695 0 
2 3 687 696 0 
2 3 686 697 0 
2 3 679 698 0 
2 3 678 699 0 
1 0 
2 3 700 701 0 
2 3 671 702 0 
3 2 0 703 
3 2 0 671 
3 2 0 702 
3 2 0 700 
3 2 0 678 
3 2 0 672 
3 2 0 677 
3 2 0 675 
3 2 0 673 
3 2 0 674 
3 2 0 676 
3 2 0 699 
3 2 0 679 
3 2 0 698 
3 2 0 686 
3 2 0 680 
3 2 0 685 
3 2 0 681 
3 2 0 684 
3 2 0 682 
3 2 0 683 
3 2 0 697 
3 2 0 687 
3 2 0 696 
3 2 0 688 
3 2 0 695 
3 2 0 689 
3 2 0 694 
3 2 0 690 
3 2 0 693 
3 2 0 691 
3 2 0 692 
3 2 0 701 
1 0 
1 0 
2 3 737 738 0 
1 0 
1 0 
1 0 
2 3 741 742 0 
2 3 740 743 0 
2 3 739 744 0 
1 0 
1 0 
1 0 
1 0 
1 0 
1 0 
1 0 
2 3 751 752 0 
2 3 750 753 0 
1 0 
1 0 
1 0 
1 0 
2 3 757 758 0 
2 3 756 759 0 
2 3 755 760 0 
2 3 754 761 0 
2 3 749 762 0 
2 3 748 763 0 
2 3 747 764 0 
2 3 746 765 0 
1 0 
2 3 766 767 0 
2 3 745 768 0 
3 2 0 769 
3 2 0 745 
3 2 0 739 
3 2 0 737 
3 2 0 738 
3 2 0 744 
3 2 0 740 
3 2 0 743 
3 2 0 741 
3 2 0 742 
3 2 0 768 
3 2 0 766 
3 2 0 746 
3 2 0 765 
3 2 0 747 
3 2 0 764 
3 2 0 748 
3 2 0 763 
3 2 0 749 
3 2 0 762 
3 2 0 754 
3 2 0 750 
3 2 0 753 
3 2 0 751 
3 2 0 752 
3 2 0 761 
3 2 0 755 
3 2 0 760 
3 2 0 756 
3 2 0 759 
3 2 0 757 
3 2 0 758 
3 2 0 767 
1 0 
1 0 
1 0 
2 3 804 805 0 
1 0 
1 0 
1 0 
1 0 
2 3 809 810 0 
1 0 
1 0 
2 3 812 813 0 
2 3 811 814 0 
2 3 808 815 0 
2 3 807 816 0 
2 3 806 817 0 
2 3 803 818 0 
1 0 
1 0 
2 3 820 821 0 
1 0 
1 0 
1 0 
1 0 
2 3 825 826 0 
2 3 824 827 0 
2 3 823 828 0 
2 3 822 829 0 
1 0 
2 3 830 831 0 
2 3 819 832 0 
3 2 0 833 
3 2 0 819 
3 2 0 803 
3 2 0 818 
3 2 0 806 
3 2 0 804 
3 2 0 805 
3 2 0 817 
3 2 0 807 
3 2 0 816 
3 2 0 808 
3 2 0 815 
3 2 0 811 
3 2 0 809 
3 2 0 810 
3 2 0 814 
3 2 0 812 
3 2 0 813 
3 2 0 832 
3 2 0 830 
3 2 0 822 
3 2 0 820 
3 2 0 821 
3 2 0 829 
3 2 0 823 
3 2 0 828 
3 2 0 824 
3 2 0 827 
3 2 0 825 
3 2 0 826 
3 2 0 831 
1 0 
1 0 
1 0 
2 3 866 867 0 
1 0 
1 0 
1 0 
1 0 
2 3 871 872 0 
2 3 870 873 0 
2 3 869 874 0 
2 3 868 875 0 
2 3 865 876 0 
1 0 
1 0 
1 0 
1 0 
2 3 880 881 0 
2 3 879 882 0 
1 0 
2 3 883 884 0 
1 0 
2 3 885 886 0 
1 0 
1 0 
2 3 888 889 0 
2 3 887 890 0 
2 3 878 891 0 
2 3 877 892 0 
1 0 
1 0 
1 0 
1 0 
1 0 
1 0 
1 0 
1 0 
1 0 
2 3 901 902 0 
2 3 900 903 0 
1 0 
1 0 
2 3 905 906 0 
2 3 904 907 0 
2 3 899 908 0 
1 0 
1 0 
1 0 
2 3 911 912 0 
1 0 
1 0 
2 3 914 915 0 
2 3 913 916 0 
2 3 910 917 0 
2 3 909 918 0 
2 3 898 919 0 
2 3 897 920 0 
2 3 896 921 0 
1 0 
2 3 922 923 0 
2 3 895 924 0 
2 3 894 925 0 
2 3 893 926 0 
3 2 0 927 
3 2 0 893 
3 2 0 877 
3 2 0 865 
3 2 0 876 
3 2 0 868 
3 2 0 866 
3 2 0 867 
3 2 0 875 
3 2 0 869 
3 2 0 874 
3 2 0 870 
3 2 0 873 
3 2 0 871 
3 2 0 872 
3 2 0 892 
3 2 0 878 
3 2 0 891 
3 2 0 887 
3 2 0 885 
3 2 0 883 
3 2 0 879 
3 2 0 882 
3 2 0 880 
3 2 0 881 
3 2 0 884 
3 2 0 886 
3 2 0 890 
3 2 0 888 
3 2 0 889 
3 2 0 926 
3 2 0 894 
3 2 0 925 
3 2 0 895 
3 2 0 924 
3 2 0 922 
3 2 0 896 
3 2 0 921 
3 2 0 897 
3 2 0 920 
3 2 0 898 
3 2 0 919 
3 2 0 909 
3 2 0 899 
3 2 0 908 
3 2 0 904 
3 2 0 900 
3 2 0 903 
3 2 0 901 
3 2 0 902 
3 2 0 907 
3 2 0 905 
3 2 0 906 
3 2 0 918 
3 2 0 910 
3 2 0 917 
3 2 0 913 
3 2 0 911 
3 2 0 912 
3 2 0 916 
3 2 0 914 
3 2 0 915 
3 2 0 923 
1 0 
1 0 
1 0 
1 0 
1 0 
1 0 
1 0 
1 0 
1 0 
1 0 
2 3 999 1000 0 
1 0 
2 3 1001 1002 0 
2 3 998 1003 0 
2 3 997 1004 0 
2 3 996 1005 0 
2 3 995 1006 0 
2 3 994 1007 0 
2 3 993 1008 0 
2 3 992 1009 0 
1 0 
2 3 1010 1011 0 
2 3 991 1012 0 
3 2 0 1013 
3 2 0 991 
3 2 0 1012 
3 2 0 1010 
3 2 0 992 
3 2 0 1009 
3 2 0 993 
3 2 0 1008 
3 2 0 994 
3 2 0 1007 
3 2 0 995 
3 2 0 1006 
3 2 0 996 
3 2 0 1005 
3 2 0 997 
3 2 0 1004 
3 2 0 998 
3 2 0 1003 
3 2 0 1001 
3 2 0 999 
3 2 0 1000 
3 2 0 1002 
3 2 0 1011 
1 0 
1 0 
1 0 
1 0 
1 0 
1 0 
2 3 1041 1042 0 
1 0 
1 0 
2 3 1044 1045 0 
1 0 
1 0 
1 0 
2 3 1048 1049 0 
2 3 1047 1050 0 
2 3 1046 1051 0 
2 3 1043 1052 0 
2 3 1040 1053 0 
2 3 1039 1054 0 
2 3 1038 1055 0 
1 0 
2 3 1056 1057 0 
2 3 1037 1058 0 
3 2 0 1059 
3 2 0 1037 
3 2 0 1058 
3 2 0 1056 
3 2 0 1038 
3 2 0 1055 
3 2 0 1039 
3 2 0 1054 
3 2 0 1040 
3 2 0 1053 
3 2 0 1043 
3 2 0 1041 
3 2 0 1042 
3 2 0 1052 
3 2 0 1046 
3 2 0 1044 
3 2 0 1045 
3 2 0 1051 
3 2 0 1047 
3 2 0 1050 
3 2 0 1048 
3 2 0 1049 
3 2 0 1057 
1 0 
1 0 
1 0 
1 0 
1 0 
2 3 1086 1087 0 
2 3 1085 1088 0 
1 0 
2 3 1089 1090 0 
2 3 1084 1091 0 
2 3 1083 1092 0 
1 0 
1 0 
1 0 
1 0 
2 3 1096 1097 0 
2 3 1095 1098 0 
2 3 1094 1099 0 
2 3 1093 1100 0 
1 0 
2 3 1101 1102 0 
1 0 
1 0 
1 0 
1 0 
2 3 1106 1107 0 
2 3 1105 1108 0 
1 0 
2 3 1109 1110 0 
1 0 
1 0 
2 3 1112 1113 0 
1 0 
1 0 
1 0 
2 3 1116 1117 0 
2 3 1115 1118 0 
2 3 1114 1119 0 
2 3 1111 1120 0 
2 3 1104 1121 0 
2 3 1103 1122 0 
1 0 
2 3 1123 1124 0 
3 2 0 1125 
3 2 0 1123 
3 2 0 1103 
3 2 0 1101 
3 2 0 1093 
3 2 0 1083 
3 2 0 1092 
3 2 0 1084 
3 2 0 1091 
3 2 0 1089 
3 2 0 1085 
3 2 0 1088 
3 2 0 1086 
3 2 0 1087 
3 2 0 1090 
3 2 0 1100 
3 2 0 1094 
3 2 0 1099 
3 2 0 1095 
3 2 0 1098 
3 2 0 1096 
3 2 0 1097 
3 2 0 1102 
3 2 0 1122 
3 2 0 1104 
3 2 0 1121 
3 2 0 1111 
3 2 0 1109 
3 2 0 1105 
3 2 0 1108 
3 2 0 1106 
3 2 0 1107 
3 2 0 1110 
3 2 0 1120 
3 2 0 1114 
3 2 0 1112 
3 2 0 1113 
3 2 0 1119 
3 2 0 1115 
3 2 0 1118 
3 2 0 1116 
3 2 0 1117 
3 2 0 1124 
1 0 
1 0 
2 3 1169 1170 0 
1 0 
1 0 
2 3 1172 1173 0 
1 0 
2 3 1174 1175 0 
1 0 
1 0 
2 3 1177 1178 0 
1 0 
1 0 
1 0 
2 3 1181 1182 0 
1 0 
1 0 
1 0 
1 0 
2 3 1186 1187 0 
2 3 1185 1188 0 
1 0 
2 3 1189 1190 0 
2 3 1184 1191 0 
2 3 1183 1192 0 
2 3 1180 1193 0 
2 3 1179 1194 0 
2 3 1176 1195 0 
2 3 1171 1196 0 
1 0 
2 3 1197 1198 0 
3 2 0 1199 
3 2 0 1197 
3 2 0 1171 
3 2 0 1169 
3 2 0 1170 
3 2 0 1196 
3 2 0 1176 
3 2 0 1174 
3 2 0 1172 
3 2 0 1173 
3 2 0 1175 
3 2 0 1195 
3 2 0 1179 
3 2 0 1177 
3 2 0 1178 
3 2 0 1194 
3 2 0 1180 
3 2 0 1193 
3 2 0 1183 
3 2 0 1181 
3 2 0 1182 
3 2 0 1192 
3 2 0 1184 
3 2 0 1191 
3 2 0 1189 
3 2 0 1185 
3 2 0 1188 
3 2 0 1186 
3 2 0 1187 
3 2 0 1190 
3 2 0 1198 
1 0 
1 0 
1 0 
1 0 
1 0 
1 0 
1 0 
2 3 1236 1237 0 
2 3 1235 1238 0 
2 3 1234 1239 0 
1 0 
1 0 
1 0 
2 3 1242 1243 0 
1 0 
1 0 
2 3 1245 1246 0 
2 3 1244 1247 0 
2 3 1241 1248 0 
2 3 1240 1249 0 
2 3 1233 1250 0 
2 3 1232 1251 0 
1 0 
1 0 
1 0 
1 0 
2 3 1255 1256 0 
1 0 
2 3 1257 1258 0 
1 0 
2 3 1259 1260 0 
1 0 
1 0 
1 0 
1 0 
1 0 
2 3 1265 1266 0 
2 3 1264 1267 0 
2 3 1263 1268 0 
1 0 
1 0 
1 0 
1 0 
1 0 
1 0 
1 0 
2 3 1275 1276 0 
2 3 1274 1277 0 
2 3 1273 1278 0 
2 3 1272 1279 0 
2 3 1271 1280 0 
2 3 1270 1281 0 
2 3 1269 1282 0 
2 3 1262 1283 0 
2 3 1261 1284 0 
1 0 
2 3 1285 1286 0 
2 3 1254 1287 0 
2 3 1253 1288 0 
2 3 1252 1289 0 
2 3 1231 1290 0 
3 2 0 1291 
3 2 0 1231 
3 2 0 1290 
3 2 0 1252 
3 2 0 1232 
3 2 0 1251 
3 2 0 1233 
3 2 0 1250 
3 2 0 1240 
3 2 0 1234 
3 2 0 1239 
3 2 0 1235 
3 2 0 1238 
3 2 0 1236 
3 2 0 1237 
3 2 0 1249 
3 2 0 1241 
3 2 0 1248 
3 2 0 1244 
3 2 0 1242 
3 2 0 1243 
3 2 0 1247 
3 2 0 1245 
3 2 0 1246 
3 2 0 1289 
3 2 0 1253 
3 2 0 1288 
3 2 0 1254 
3 2 0 1287 
3 2 0 1285 
3 2 0 1261 
3 2 0 1259 
3 2 0 1257 
3 2 0 1255 
3 2 0 1256 
3 2 0 1258 
3 2 0 1260 
3 2 0 1284 
3 2 0 1262 
3 2 0 1283 
3 2 0 1269 
3 2 0 1263 
3 2 0 1268 
3 2 0 1264 
3 2 0 1267 
3 2 0 1265 
3 2 0 1266 
3 2 0 1282 
3 2 0 1270 
3 2 0 1281 
3 2 0 1271 
3 2 0 1280 
3 2 0 1272 
3 2 0 1279 
3 2 0 1273 
3 2 0 1278 
3 2 0 1274 
3 2 0 1277 
3 2 0 1275 
3 2 0 1276 
3 2 0 1286 
1 0 
1 0 
1 0 
1 0 
1 0 
1 0 
1 0 
2 3 1358 1359 0 
2 3 1357 1360 0 
2 3 1356 1361 0 
2 3 1355 1362 0 
2 3 1354 1363 0 
2 3 1353 1364 0 
1 0 
1 0 
1 0 
1 0 
1 0 
1 0 
2 3 1370 1371 0 
2 3 1369 1372 0 
2 3 1368 1373 0 
2 3 1367 1374 0 
2 3 1366 1375 0 
2 3 1365 1376 0 
3 2 0 1377 
3 2 0 1365 
3 2 0 1353 
3 2 0 1364 
3 2 0 1354 
3 2 0 1363 
3 2 0 1355 
3 2 0 1362 
3 2 0 1356 
3 2 0 1361 
3 2 0 1357 
3 2 0 1360 
3 2 0 1358 
3 2 0 1359 
3 2 0 1376 
3 2 0 1366 
3 2 0 1375 
3 2 0 1367 
3 2 0 1374 
3 2 0 1368 
3 2 0 1373 
3 2 0 1369 
3 2 0 1372 
3 2 0 1370 
3 2 0 1371 
1 0 
1 0 
1 0 
1 0 
1 0 
2 3 1406 1407 0 
2 3 1405 1408 0 
1 0 
2 3 1409 1410 0 
1 0 
2 3 1411 1412 0 
2 3 1404 1413 0 
2 3 1403 1414 0 
1 0 
1 0 
1 0 
1 0 
1 0 
1 0 
2 3 1420 1421 0 
2 3 1419 1422 0 
2 3 1418 1423 0 
2 3 1417 1424 0 
2 3 1416 1425 0 
2 3 1415 1426 0 
1 0 
1 0 
1 0 
1 0 
2 3 1430 1431 0 
1 0 
1 0 
1 0 
2 3 1434 1435 0 
1 0 
1 0 
1 0 
1 0 
1 0 
2 3 1440 1441 0 
2 3 1439 1442 0 
2 3 1438 1443 0 
1 0 
1 0 
1 0 
1 0 
1 0 
2 3 1448 1449 0 
2 3 1447 1450 0 
2 3 1446 1451 0 
2 3 1445 1452 0 
2 3 1444 1453 0 
2 3 1437 1454 0 
2 3 1436 1455 0 
2 3 1433 1456 0 
2 3 1432 1457 0 
1 0 
2 3 1458 1459 0 
2 3 1429 1460 0 
2 3 1428 1461 0 
2 3 1427 1462 0 
3 2 0 1463 
3 2 0 1427 
3 2 0 1415 
3 2 0 1403 
3 2 0 1414 
3 2 0 1404 
3 2 0 1413 
3 2 0 1411 
3 2 0 1409 
3 2 0 1405 
3 2 0 1408 
3 2 0 1406 
3 2 0 1407 
3 2 0 1410 
3 2 0 1412 
3 2 0 1426 
3 2 0 1416 
3 2 0 1425 
3 2 0 1417 
3 2 0 1424 
3 2 0 1418 
3 2 0 1423 
3 2 0 1419 
3 2 0 1422 
3 2 0 1420 
3 2 0 1421 
3 2 0 1462 
3 2 0 1428 
3 2 0 1461 
3 2 0 1429 
3 2 0 1460 
3 2 0 1458 
3 2 0 1432 
3 2 0 1430 
3 2 0 1431 
3 2 0 1457 
3 2 0 1433 
3 2 0 1456 
3 2 0 1436 
3 2 0 1434 
3 2 0 1435 
3 2 0 1455 
3 2 0 1437 
3 2 0 1454 
3 2 0 1444 
3 2 0 1438 
3 2 0 1443 
3 2 0 1439 
3 2 0 1442 
3 2 0 1440 
3 2 0 1441 
3 2 0 1453 
3 2 0 1445 
3 2 0 1452 
3 2 0 1446 
3 2 0 1451 
3 2 0 1447 
3 2 0 1450 
3 2 0 1448 
3 2 0 1449 
3 2 0 1459 
1 0 
1 0 
1 0 
1 0 
1 0 
2 3 1528 1529 0 
1 0 
2 3 1530 1531 0 
2 3 1527 1532 0 
1 0 
2 3 1533 1534 0 
1 0 
1 0 
2 3 1536 1537 0 
2 3 1535 1538 0 
2 3 1526 1539 0 
1 0 
2 3 1540 1541 0 
2 3 1525 1542 0 
3 2 0 1543 
3 2 0 1525 
3 2 0 1542 
3 2 0 1540 
3 2 0 1526 
3 2 0 1539 
3 2 0 1535 
3 2 0 1533 
3 2 0 1527 
3 2 0 1532 
3 2 0 1530 
3 2 0 1528 
3 2 0 1529 
3 2 0 1531 
3 2 0 1534 
3 2 0 1538 
3 2 0 1536 
3 2 0 1537 
3 2 0 1541 
1 0 
1 0 
1 0 
1 0 
2 3 1565 1566 0 
1 0 
1 0 
1 0 
1 0 
2 3 1570 1571 0 
2 3 1569 1572 0 
2 3 1568 1573 0 
2 3 1567 1574 0 
1 0 
2 3 1575 1576 0 
2 3 1564 1577 0 
1 0 
2 3 1578 1579 0 
2 3 1563 1580 0 
3 2 0 1581 
3 2 0 1563 
3 2 0 1580 
3 2 0 1578 
3 2 0 1564 
3 2 0 1577 
3 2 0 1575 
3 2 0 1567 
3 2 0 1565 
3 2 0 1566 
3 2 0 1574 
3 2 0 1568 
3 2 0 1573 
3 2 0 1569 
3 2 0 1572 
3 2 0 1570 
3 2 0 1571 
3 2 0 1576 
3 2 0 1579 
1 0 
1 0 
2 3 1601 1602 0 
1 0 
1 0 
1 0 
1 0 
1 0 
2 3 1607 1608 0 
2 3 1606 1609 0 
2 3 1605 1610 0 
2 3 1604 1611 0 
2 3 1603 1612 0 
1 0 
2 3 1613 1614 0 
1 0 
2 3 1615 1616 0 
1 0 
1 0 
1 0 
1 0 
1 0 
1 0 
1 0 
2 3 1623 1624 0 
1 0 
2 3 1625 1626 0 
1 0 
1 0 
2 3 1628 1629 0 
2 3 1627 1630 0 
2 3 1622 1631 0 
1 0 
1 0 
1 0 
1 0 
1 0 
2 3 1636 1637 0 
2 3 1635 1638 0 
2 3 1634 1639 0 
1 0 
1 0 
1 0 
1 0 
1 0 
2 3 1644 1645 0 
2 3 1643 1646 0 
2 3 1642 1647 0 
2 3 1641 1648 0 
2 3 1640 1649 0 
2 3 1633 1650 0 
2 3 1632 1651 0 
2 3 1621 1652 0 
2 3 1620 1653 0 
2 3 1619 1654 0 
2 3 1618 1655 0 
1 0 
1 0 
1 0 
1 0 
1 0 
2 3 1660 1661 0 
1 0 
1 0 
1 0 
2 3 1664 1665 0 
2 3 1663 1666 0 
2 3 1662 1667 0 
2 3 1659 1668 0 
2 3 1658 1669 0 
2 3 1657 1670 0 
2 3 1656 1671 0 
2 3 1617 1672 0 
1 0 
2 3 1673 1674 0 
3 2 0 1675 
3 2 0 1673 
3 2 0 1617 
3 2 0 1615 
3 2 0 1613 
3 2 0 1603 
3 2 0 1601 
3 2 0 1602 
3 2 0 1612 
3 2 0 1604 
3 2 0 1611 
3 2 0 1605 
3 2 0 1610 
3 2 0 1606 
3 2 0 1609 
3 2 0 1607 
3 2 0 1608 
3 2 0 1614 
3 2 0 1616 
3 2 0 1672 
3 2 0 1656 
3 2 0 1618 
3 2 0 1655 
3 2 0 1619 
3 2 0 1654 
3 2 0 1620 
3 2 0 1653 
3 2 0 1621 
3 2 0 1652 
3 2 0 1632 
3 2 0 1622 
3 2 0 1631 
3 2 0 1627 
3 2 0 1625 
3 2 0 1623 
3 2 0 1624 
3 2 0 1626 
3 2 0 1630 
3 2 0 1628 
3 2 0 1629 
3 2 0 1651 
3 2 0 1633 
3 2 0 1650 
3 2 0 1640 
3 2 0 1634 
3 2 0 1639 
3 2 0 1635 
3 2 0 1638 
3 2 0 1636 
3 2 0 1637 
3 2 0 1649 
3 2 0 1641 
3 2 0 1648 
3 2 0 1642 
3 2 0 1647 
3 2 0 1643 
3 2 0 1646 
3 2 0 1644 
3 2 0 1645 
3 2 0 1671 
3 2 0 1657 
3 2 0 1670 
3 2 0 1658 
3 2 0 1669 
3 2 0 1659 
3 2 0 1668 
3 2 0 1662 
3 2 0 1660 
3 2 0 1661 
3 2 0 1667 
3 2 0 1663 
3 2 0 1666 
3 2 0 1664 
3 2 0 1665 
3 2 0 1674 
1 0 
1 0 
1 0 
1 0 
2 3 1753 1754 0 
2 3 1752 1755 0 
2 3 1751 1756 0 
3 2 0 1757 
3 2 0 1751 
3 2 0 1756 
3 2 0 1752 
3 2 0 1755 
3 2 0 1753 
3 2 0 1754 
1 0 
1 0 
1 0 
1 0 
1 0 
1 0 
1 0 
1 0 
1 0 
1 0 
2 3 1773 1774 0 
2 3 1772 1775 0 
2 3 1771 1776 0 
2 3 1770 1777 0 
2 3 1769 1778 0 
2 3 1768 1779 0 
2 3 1767 1780 0 
2 3 1766 1781 0 
2 3 1765 1782 0 
1 0 
1 0 
1 0 
1 0 
1 0 
1 0 
1 0 
1 0 
1 0 
1 0 
2 3 1792 1793 0 
2 3 1791 1794 0 
2 3 1790 1795 0 
2 3 1789 1796 0 
2 3 1788 1797 0 
2 3 1787 1798 0 
2 3 1786 1799 0 
1 0 
2 3 1800 1801 0 
2 3 1785 1802 0 
2 3 1784 1803 0 
2 3 1783 1804 0 
3 2 0 1805 
3 2 0 1783 
3 2 0 1765 
3 2 0 1782 
3 2 0 1766 
3 2 0 1781 
3 2 0 1767 
3 2 0 1780 
3 2 0 1768 
3 2 0 1779 
3 2 0 1769 
3 2 0 1778 
3 2 0 1770 
3 2 0 1777 
3 2 0 1771 
3 2 0 1776 
3 2 0 1772 
3 2 0 1775 
3 2 0 1773 
3 2 0 1774 
3 2 0 1804 
3 2 0 1784 
3 2 0 1803 
3 2 0 1785 
3 2 0 1802 
3 2 0 1800 
3 2 0 1786 
3 2 0 1799 
3 2 0 1787 
3 2 0 1798 
3 2 0 1788 
3 2 0 1797 
3 2 0 1789 
3 2 0 1796 
3 2 0 1790 
3 2 0 1795 
3 2 0 1791 
3 2 0 1794 
3 2 0 1792 
3 2 0 1793 
3 2 0 1801 
1 0 
1 0 
1 0 
2 3 1848 1849 0 
2 3 1847 1850 0 
1 0 
1 0 
1 0 
1 0 
2 3 1854 1855 0 
1 0 
2 3 1856 1857 0 
1 0 
1 0 
1 0 
1 0 
1 0 
2 3 1862 1863 0 
2 3 1861 1864 0 
1 0 
1 0 
1 0 
1 0 
1 0 
1 0 
1 0 
2 3 1871 1872 0 
2 3 1870 1873 0 
2 3 1869 1874 0 
2 3 1868 1875 0 
2 3 1867 1876 0 
2 3 1866 1877 0 
2 3 1865 1878 0 
2 3 1860 1879 0 
2 3 1859 1880 0 
2 3 1858 1881 0 
2 3 1853 1882 0 
2 3 1852 1883 0 
1 0 
2 3 1884 1885 0 
2 3 1851 1886 0 
3 2 0 1887 
3 2 0 1851 
3 2 0 1847 
3 2 0 1850 
3 2 0 1848 
3 2 0 1849 
3 2 0 1886 
3 2 0 1884 
3 2 0 1852 
3 2 0 1883 
3 2 0 1853 
3 2 0 1882 
3 2 0 1858 
3 2 0 1856 
3 2 0 1854 
3 2 0 1855 
3 2 0 1857 
3 2 0 1881 
3 2 0 1859 
3 2 0 1880 
3 2 0 1860 
3 2 0 1879 
3 2 0 1865 
3 2 0 1861 
3 2 0 1864 
3 2 0 1862 
3 2 0 1863 
3 2 0 1878 
3 2 0 1866 
3 2 0 1877 
3 2 0 1867 
3 2 0 1876 
3 2 0 1868 
3 2 0 1875 
3 2 0 1869 
3 2 0 1874 
3 2 0 1870 
3 2 0 1873 
3 2 0 1871 
3 2 0 1872 
3 2 0 1885 
1 0 
1 0 
2 3 1929 1930 0 
1 0 
1 0 
2 3 1932 1933 0 
1 0 
1 0 
1 0 
1 0 
1 0 
1 0 
1 0 
1 0 
1 0 
1 0 
2 3 1943 1944 0 
2 3 1942 1945 0 
1 0 
2 3 1946 1947 0 
1 0 
1 0 
1 0 
1 0 
1 0 
2 3 1952 1953 0 
2 3 1951 1954 0 
2 3 1950 1955 0 
2 3 1949 1956 0 
2 3 1948 1957 0 
2 3 1941 1958 0 
2 3 1940 1959 0 
2 3 1939 1960 0 
2 3 1938 1961 0 
2 3 1937 1962 0 
2 3 1936 1963 0 
2 3 1935 1964 0 
2 3 1934 1965 0 
1 0 
2 3 1966 1967 0 
2 3 1931 1968 0 
3 2 0 1969 
3 2 0 1931 
3 2 0 1929 
3 2 0 1930 
3 2 0 1968 
3 2 0 1966 
3 2 0 1934 
3 2 0 1932 
3 2 0 1933 
3 2 0 1965 
3 2 0 1935 
3 2 0 1964 
3 2 0 1936 
3 2 0 1963 
3 2 0 1937 
3 2 0 1962 
3 2 0 1938 
3 2 0 1961 
3 2 0 1939 
3 2 0 1960 
3 2 0 1940 
3 2 0 1959 
3 2 0 1941 
3 2 0 1958 
3 2 0 1948 
3 2 0 1946 
3 2 0 1942 
3 2 0 1945 
3 2 0 1943 
3 2 0 1944 
3 2 0 1947 
3 2 0 1957 
3 2 0 1949 
3 2 0 1956 
3 2 0 1950 
3 2 0 1955 
3 2 0 1951 
3 2 0 1954 
3 2 0 1952 
3 2 0 1953 
3 2 0 1967 
1 0 
1 0 
1 0 
1 0 
2 3 2013 2014 0 
2 3 2012 2015 0 
1 0 
1 0 
1 0 
1 0 
2 3 2019 2020 0 
2 3 2018 2021 0 
2 3 2017 2022 0 
2 3 2016 2023 0 
2 3 2011 2024 0 
1 0 
1 0 
1 0 
2 3 2027 2028 0 
1 0 
1 0 
1 0 
1 0 
2 3 2032 2033 0 
2 3 2031 2034 0 
1 0 
1 0 
2 3 2036 2037 0 
2 3 2035 2038 0 
2 3 2030 2039 0 
1 0 
2 3 2040 2041 0 
2 3 2029 2042 0 
2 3 2026 2043 0 
2 3 2025 2044 0 
3 2 0 2045 
3 2 0 2025 
3 2 0 2011 
3 2 0 2024 
3 2 0 2016 
3 2 0 2012 
3 2 0 2015 
3 2 0 2013 
3 2 0 2014 
3 2 0 2023 
3 2 0 2017 
3 2 0 2022 
3 2 0 2018 
3 2 0 2021 
3 2 0 2019 
3 2 0 2020 
3 2 0 2044 
3 2 0 2026 
3 2 0 2043 
3 2 0 2029 
3 2 0 2027 
3 2 0 2028 
3 2 0 2042 
3 2 0 2040 
3 2 0 2030 
3 2 0 2039 
3 2 0 2035 
3 2 0 2031 
3 2 0 2034 
3 2 0 2032 
3 2 0 2033 
3 2 0 2038 
3 2 0 2036 
3 2 0 2037 
3 2 0 2041 
1 0 
1 0 
1 0 
1 0 
1 0 
2 3 2084 2085 0 
2 3 2083 2086 0 
2 3 2082 2087 0 
2 3 2081 2088 0 
1 0 
2 3 2089 2090 0 
1 0 
1 0 
1 0 
1 0 
2 3 2094 2095 0 
1 0 
1 0 
1 0 
2 3 2098 2099 0 
1 0 
2 3 2100 2101 0 
2 3 2097 2102 0 
2 3 2096 2103 0 
2 3 2093 2104 0 
2 3 2092 2105 0 
2 3 2091 2106 0 
1 0 
2 3 2107 2108 0 
1 0 
1 0 
2 3 2110 2111 0 
1 0 
1 0 
1 0 
1 0 
2 3 2115 2116 0 
2 3 2114 2117 0 
2 3 2113 2118 0 
2 3 2112 2119 0 
1 0 
2 3 2120 2121 0 
2 3 2109 2122 0 
3 2 0 2123 
3 2 0 2109 
3 2 0 2107 
3 2 0 2091 
3 2 0 2089 
3 2 0 2081 
3 2 0 2088 
3 2 0 2082 
3 2 0 2087 
3 2 0 2083 
3 2 0 2086 
3 2 0 2084 
3 2 0 2085 
3 2 0 2090 
3 2 0 2106 
3 2 0 2092 
3 2 0 2105 
3 2 0 2093 
3 2 0 2104 
3 2 0 2096 
3 2 0 2094 
3 2 0 2095 
3 2 0 2103 
3 2 0 2097 
3 2 0 2102 
3 2 0 2100 
3 2 0 2098 
3 2 0 2099 
3 2 0 2101 
3 2 0 2108 
3 2 0 2122 
3 2 0 2120 
3 2 0 2112 
3 2 0 2110 
3 2 0 2111 
3 2 0 2119 
3 2 0 2113 
3 2 0 2118 
3 2 0 2114 
3 2 0 2117 
3 2 0 2115 
3 2 0 2116 
3 2 0 2121 
1 0 
1 0 
1 0 
1 0 
2 3 2169 2170 0 
2 3 2168 2171 0 
2 3 2167 2172 0 
1 0 
1 0 
1 0 
1 0 
1 0 
2 3 2177 2178 0 
2 3 2176 2179 0 
2 3 2175 2180 0 
1 0 
1 0 
1 0 
1 0 
1 0 
1 0 
1 0 
2 3 2187 2188 0 
2 3 2186 2189 0 
2 3 2185 2190 0 
2 3 2184 2191 0 
2 3 2183 2192 0 
2 3 2182 2193 0 
1 0 
2 3 2194 2195 0 
2 3 2181 2196 0 
2 3 2174 2197 0 
2 3 2173 2198 0 
3 2 0 2199 
3 2 0 2173 
3 2 0 2167 
3 2 0 2172 
3 2 0 2168 
3 2 0 2171 
3 2 0 2169 
3 2 0 2170 
3 2 0 2198 
3 2 0 2174 
3 2 0 2197 
3 2 0 2181 
3 2 0 2175 
3 2 0 2180 
3 2 0 2176 
3 2 0 2179 
3 2 0 2177 
3 2 0 2178 
3 2 0 2196 
3 2 0 2194 
3 2 0 2182 
3 2 0 2193 
3 2 0 2183 
3 2 0 2192 
3 2 0 2184 
3 2 0 2191 
3 2 0 2185 
3 2 0 2190 
3 2 0 2186 
3 2 0 2189 
3 2 0 2187 
3 2 0 2188 
3 2 0 2195 
1 0 
1 0 
1 0 
1 0 
1 0 
1 0 
1 0 
2 3 2238 2239 0 
2 3 2237 2240 0 
1 0 
1 0 
1 0 
1 0 
2 3 2244 2245 0 
2 3 2243 2246 0 
2 3 2242 2247 0 
2 3 2241 2248 0 
2 3 2236 2249 0 
2 3 2235 2250 0 
2 3 2234 2251 0 
2 3 2233 2252 0 
1 0 
2 3 2253 2254 0 
1 0 
2 3 2255 2256 0 
1 0 
1 0 
1 0 
1 0 
1 0 
2 3 2261 2262 0 
1 0 
1 0 
2 3 2264 2265 0 
2 3 2263 2266 0 
2 3 2260 2267 0 
2 3 2259 2268 0 
1 0 
1 0 
1 0 
2 3 2271 2272 0 
2 3 2270 2273 0 
2 3 2269 2274 0 
2 3 2258 2275 0 
2 3 2257 2276 0 
1 0 
2 3 2277 2278 0 
3 2 0 2279 
3 2 0 2277 
3 2 0 2257 
3 2 0 2255 
3 2 0 2253 
3 2 0 2233 
3 2 0 2252 
3 2 0 2234 
3 2 0 2251 
3 2 0 2235 
3 2 0 2250 
3 2 0 2236 
3 2 0 2249 
3 2 0 2241 
3 2 0 2237 
3 2 0 2240 
3 2 0 2238 
3 2 0 2239 
3 2 0 2248 
3 2 0 2242 
3 2 0 2247 
3 2 0 2243 
3 2 0 2246 
3 2 0 2244 
3 2 0 2245 
3 2 0 2254 
3 2 0 2256 
3 2 0 2276 
3 2 0 2258 
3 2 0 2275 
3 2 0 2269 
3 2 0 2259 
3 2 0 2268 
3 2 0 2260 
3 2 0 2267 
3 2 0 2263 
3 2 0 2261 
3 2 0 2262 
3 2 0 2266 
3 2 0 2264 
3 2 0 2265 
3 2 0 2274 
3 2 0 2270 
3 2 0 2273 
3 2 0 2271 
3 2 0 2272 
3 2 0 2278 
1 0 
1 0 
1 0 
1 0 
1 0 
2 3 2330 2331 0 
2 3 2329 2332 0 
2 3 2328 2333 0 
1 0 
2 3 2334 2335 0 
1 0 
1 0 
2 3 2337 2338 0 
1 0 
2 3 2339 2340 0 
1 0 
1 0 
1 0 
1 0 
2 3 2344 2345 0 
2 3 2343 2346 0 
2 3 2342 2347 0 
2 3 2341 2348 0 
2 3 2336 2349 0 
1 0 
2 3 2350 2351 0 
2 3 2327 2352 0 
3 2 0 2353 
3 2 0 2327 
3 2 0 2352 
3 2 0 2350 
3 2 0 2336 
3 2 0 2334 
3 2 0 2328 
3 2 0 2333 
3 2 0 2329 
3 2 0 2332 
3 2 0 2330 
3 2 0 2331 
3 2 0 2335 
3 2 0 2349 
3 2 0 2341 
3 2 0 2339 
3 2 0 2337 
3 2 0 2338 
3 2 0 2340 
3 2 0 2348 
3 2 0 2342 
3 2 0 2347 
3 2 0 2343 
3 2 0 2346 
3 2 0 2344 
3 2 0 2345 
3 2 0 2351 
1 0 
1 0 
1 0 
1 0 
1 0 
2 3 2384 2385 0 
2 3 2383 2386 0 
2 3 2382 2387 0 
1 0 
1 0 
1 0 
2 3 2390 2391 0 
1 0 
1 0 
2 3 2393 2394 0 
2 3 2392 2395 0 
1 0 
1 0 
2 3 2397 2398 0 
1 0 
1 0 
1 0 
1 0 
1 0 
1 0 
2 3 2404 2405 0 
2 3 2403 2406 0 
2 3 2402 2407 0 
2 3 2401 2408 0 
1 0 
1 0 
1 0 
1 0 
1 0 
1 0 
2 3 2414 2415 0 
2 3 2413 2416 0 
1 0 
1 0 
1 0 
2 3 2419 2420 0 
2 3 2418 2421 0 
2 3 2417 2422 0 
2 3 2412 2423 0 
2 3 2411 2424 0 
2 3 2410 2425 0 
2 3 2409 2426 0 
2 3 2400 2427 0 
2 3 2399 2428 0 
1 0 
2 3 2429 2430 0 
2 3 2396 2431 0 
2 3 2389 2432 0 
2 3 2388 2433 0 
2 3 2381 2434 0 
3 2 0 2435 
3 2 0 2381 
3 2 0 2434 
3 2 0 2388 
3 2 0 2382 
3 2 0 2387 
3 2 0 2383 
3 2 0 2386 
3 2 0 2384 
3 2 0 2385 
3 2 0 2433 
3 2 0 2389 
3 2 0 2432 
3 2 0 2396 
3 2 0 2392 
3 2 0 2390 
3 2 0 2391 
3 2 0 2395 
3 2 0 2393 
3 2 0 2394 
3 2 0 2431 
3 2 0 2429 
3 2 0 2399 
3 2 0 2397 
3 2 0 2398 
3 2 0 2428 
3 2 0 2400 
3 2 0 2427 
3 2 0 2409 
3 2 0 2401 
3 2 0 2408 
3 2 0 2402 
3 2 0 2407 
3 2 0 2403 
3 2 0 2406 
3 2 0 2404 
3 2 0 2405 
3 2 0 2426 
3 2 0 2410 
3 2 0 2425 
3 2 0 2411 
3 2 0 2424 
3 2 0 2412 
3 2 0 2423 
3 2 0 2417 
3 2 0 2413 
3 2 0 2416 
3 2 0 2414 
3 2 0 2415 
3 2 0 2422 
3 2 0 2418 
3 2 0 2421 
3 2 0 2419 
3 2 0 2420 
3 2 0 2430 
1 0 
1 0 
2 3 2491 2492 0 
1 0 
1 0 
2 3 2494 2495 0 
2 3 2493 2496 0 
1 0 
2 3 2497 2498 0 
3 2 0 2499 
3 2 0 2497 
3 2 0 2493 
3 2 0 2491 
3 2 0 2492 
3 2 0 2496 
3 2 0 2494 
3 2 0 2495 
3 2 0 2498 
1 0 
1 0 
1 0 
2 3 2510 2511 0 
2 3 2509 2512 0 
3 2 0 2513 
3 2 0 2509 
3 2 0 2512 
3 2 0 2510 
3 2 0 2511 
1 0 
1 0 
2 3 2519 2520 0 
1 0 
1 0 
1 0 
1 0 
1 0 
2 3 2525 2526 0 
2 3 2524 2527 0 
2 3 2523 2528 0 
2 3 2522 2529 0 
2 3 2521 2530 0 
1 0 
2 3 2531 2532 0 
3 2 0 2533 
3 2 0 2531 
3 2 0 2521 
3 2 0 2519 
3 2 0 2520 
3 2 0 2530 
3 2 0 2522 
3 2 0 2529 
3 2 0 2523 
3 2 0 2528 
3 2 0 2524 
3 2 0 2527 
3 2 0 2525 
3 2 0 2526 
3 2 0 2532 
1 0 
1 0 
1 0 
1 0 
1 0 
1 0 
1 0 
1 0 
2 3 2555 2556 0 
2 3 2554 2557 0 
2 3 2553 2558 0 
2 3 2552 2559 0 
2 3 2551 2560 0 
2 3 2550 2561 0 
2 3 2549 2562 0 
1 0 
1 0 
1 0 
1 0 
2 3 2566 2567 0 
2 3 2565 2568 0 
1 0 
1 0 
2 3 2570 2571 0 
2 3 2569 2572 0 
1 0 
1 0 
1 0 
1 0 
2 3 2576 2577 0 
2 3 2575 2578 0 
1 0 
1 0 
1 0 
1 0 
1 0 
2 3 2583 2584 0 
2 3 2582 2585 0 
1 0 
2 3 2586 2587 0 
2 3 2581 2588 0 
2 3 2580 2589 0 
2 3 2579 2590 0 
2 3 2574 2591 0 
2 3 2573 2592 0 
2 3 2564 2593 0 
1 0 
2 3 2594 2595 0 
2 3 2563 2596 0 
3 2 0 2597 
3 2 0 2563 
3 2 0 2549 
3 2 0 2562 
3 2 0 2550 
3 2 0 2561 
3 2 0 2551 
3 2 0 2560 
3 2 0 2552 
3 2 0 2559 
3 2 0 2553 
3 2 0 2558 
3 2 0 2554 
3 2 0 2557 
3 2 0 2555 
3 2 0 2556 
3 2 0 2596 
3 2 0 2594 
3 2 0 2564 
3 2 0 2593 
3 2 0 2573 
3 2 0 2569 
3 2 0 2565 
3 2 0 2568 
3 2 0 2566 
3 2 0 2567 
3 2 0 2572 
3 2 0 2570 
3 2 0 2571 
3 2 0 2592 
3 2 0 2574 
3 2 0 2591 
3 2 0 2579 
3 2 0 2575 
3 2 0 2578 
3 2 0 2576 
3 2 0 2577 
3 2 0 2590 
3 2 0 2580 
3 2 0 2589 
3 2 0 2581 
3 2 0 2588 
3 2 0 2586 
3 2 0 2582 
3 2 0 2585 
3 2 0 2583 
3 2 0 2584 
3 2 0 2587 
3 2 0 2595 
1 0 
1 0 
1 0 
1 0 
1 0 
2 3 2650 2651 0 
2 3 2649 2652 0 
1 0 
1 0 
1 0 
1 0 
1 0 
1 0 
2 3 2658 2659 0 
1 0 
1 0 
1 0 
1 0 
2 3 2663 2664 0 
1 0 
2 3 2665 2666 0 
2 3 2662 2667 0 
2 3 2661 2668 0 
2 3 2660 2669 0 
2 3 2657 2670 0 
2 3 2656 2671 0 
2 3 2655 2672 0 
2 3 2654 2673 0 
2 3 2653 2674 0 
2 3 2648 2675 0 
2 3 2647 2676 0 
1 0 
1 0 
1 0 
2 3 2679 2680 0 
1 0 
1 0 
1 0 
1 0 
1 0 
2 3 2685 2686 0 
2 3 2684 2687 0 
2 3 2683 2688 0 
2 3 2682 2689 0 
1 0 
2 3 2690 2691 0 
2 3 2681 2692 0 
2 3 2678 2693 0 
2 3 2677 2694 0 
3 2 0 2695 
3 2 0 2677 
3 2 0 2647 
3 2 0 2676 
3 2 0 2648 
3 2 0 2675 
3 2 0 2653 
3 2 0 2649 
3 2 0 2652 
3 2 0 2650 
3 2 0 2651 
3 2 0 2674 
3 2 0 2654 
3 2 0 2673 
3 2 0 2655 
3 2 0 2672 
3 2 0 2656 
3 2 0 2671 
3 2 0 2657 
3 2 0 2670 
3 2 0 2660 
3 2 0 2658 
3 2 0 2659 
3 2 0 2669 
3 2 0 2661 
3 2 0 2668 
3 2 0 2662 
3 2 0 2667 
3 2 0 2665 
3 2 0 2663 
3 2 0 2664 
3 2 0 2666 
3 2 0 2694 
3 2 0 2678 
3 2 0 2693 
3 2 0 2681 
3 2 0 2679 
3 2 0 2680 
3 2 0 2692 
3 2 0 2690 
3 2 0 2682 
3 2 0 2689 
3 2 0 2683 
3 2 0 2688 
3 2 0 2684 
3 2 0 2687 
3 2 0 2685 
3 2 0 2686 
3 2 0 2691 
1 0 
1 0 
1 0 
2 3 2746 2747 0 
1 0 
1 0 
2 3 2749 2750 0 
2 3 2748 2751 0 
1 0 
1 0 
2 3 2753 2754 0 
1 0 
1 0 
1 0 
1 0 
1 0 
2 3 2759 2760 0 
2 3 2758 2761 0 
1 0 
1 0 
1 0 
2 3 2764 2765 0 
2 3 2763 2766 0 
2 3 2762 2767 0 
2 3 2757 2768 0 
2 3 2756 2769 0 
2 3 2755 2770 0 
1 0 
2 3 2771 2772 0 
1 0 
2 3 2773 2774 0 
1 0 
1 0 
1 0 
1 0 
2 3 2778 2779 0 
1 0 
1 0 
2 3 2781 2782 0 
2 3 2780 2783 0 
2 3 2777 2784 0 
2 3 2776 2785 0 
2 3 2775 2786 0 
2 3 2752 2787 0 
2 3 2745 2788 0 
1 0 
1 0 
1 0 
1 0 
2 3 2792 2793 0 
1 0 
1 0 
1 0 
2 3 2796 2797 0 
2 3 2795 2798 0 
2 3 2794 2799 0 
1 0 
2 3 2800 2801 0 
2 3 2791 2802 0 
2 3 2790 2803 0 
2 3 2789 2804 0 
3 2 0 2805 
3 2 0 2789 
3 2 0 2745 
3 2 0 2788 
3 2 0 2752 
3 2 0 2748 
3 2 0 2746 
3 2 0 2747 
3 2 0 2751 
3 2 0 2749 
3 2 0 2750 
3 2 0 2787 
3 2 0 2775 
3 2 0 2773 
3 2 0 2771 
3 2 0 2755 
3 2 0 2753 
3 2 0 2754 
3 2 0 2770 
3 2 0 2756 
3 2 0 2769 
3 2 0 2757 
3 2 0 2768 
3 2 0 2762 
3 2 0 2758 
3 2 0 2761 
3 2 0 2759 
3 2 0 2760 
3 2 0 2767 
3 2 0 2763 
3 2 0 2766 
3 2 0 2764 
3 2 0 2765 
3 2 0 2772 
3 2 0 2774 
3 2 0 2786 
3 2 0 2776 
3 2 0 2785 
3 2 0 2777 
3 2 0 2784 
3 2 0 2780 
3 2 0 2778 
3 2 0 2779 
3 2 0 2783 
3 2 0 2781 
3 2 0 2782 
3 2 0 2804 
3 2 0 2790 
3 2 0 2803 
3 2 0 2791 
3 2 0 2802 
3 2 0 2800 
3 2 0 2794 
3 2 0 2792 
3 2 0 2793 
3 2 0 2799 
3 2 0 2795 
3 2 0 2798 
3 2 0 2796 
3 2 0 2797 
3 2 0 2801 
1 0 
1 0 
1 0 
2 3 2868 2869 0 
1 0 
1 0 
1 0 
1 0 
2 3 2873 2874 0 
1 0 
1 0 
2 3 2876 2877 0 
2 3 2875 2878 0 
1 0 
2 3 2879 2880 0 
1 0 
1 0 
1 0 
2 3 2883 2884 0 
1 0 
2 3 2885 2886 0 
1 0 
1 0 
1 0 
1 0 
1 0 
1 0 
2 3 2892 2893 0 
2 3 2891 2894 0 
2 3 2890 2895 0 
2 3 2889 2896 0 
2 3 2888 2897 0 
2 3 2887 2898 0 
1 0 
2 3 2899 2900 0 
2 3 2882 2901 0 
1 0 
2 3 2902 2903 0 
1 0 
2 3 2904 2905 0 
1 0 
1 0 
2 3 2907 2908 0 
1 0 
2 3 2909 2910 0 
1 0 
2 3 2911 2912 0 
1 0 
1 0 
1 0 
2 3 2915 2916 0 
2 3 2914 2917 0 
2 3 2913 2918 0 
1 0 
1 0 
2 3 2920 2921 0 
2 3 2919 2922 0 
2 3 2906 2923 0 
2 3 2881 2924 0 
2 3 2872 2925 0 
2 3 2871 2926 0 
2 3 2870 2927 0 
1 0 
2 3 2928 2929 0 
2 3 2867 2930 0 
3 2 0 2931 
3 2 0 2867 
3 2 0 2930 
3 2 0 2928 
3 2 0 2870 
3 2 0 2868 
3 2 0 2869 
3 2 0 2927 
3 2 0 2871 
3 2 0 2926 
3 2 0 2872 
3 2 0 2925 
3 2 0 2881 
3 2 0 2879 
3 2 0 2875 
3 2 0 2873 
3 2 0 2874 
3 2 0 2878 
3 2 0 2876 
3 2 0 2877 
3 2 0 2880 
3 2 0 2924 
3 2 0 2906 
3 2 0 2904 
3 2 0 2902 
3 2 0 2882 
3 2 0 2901 
3 2 0 2899 
3 2 0 2887 
3 2 0 2885 
3 2 0 2883 
3 2 0 2884 
3 2 0 2886 
3 2 0 2898 
3 2 0 2888 
3 2 0 2897 
3 2 0 2889 
3 2 0 2896 
3 2 0 2890 
3 2 0 2895 
3 2 0 2891 
3 2 0 2894 
3 2 0 2892 
3 2 0 2893 
3 2 0 2900 
3 2 0 2903 
3 2 0 2905 
3 2 0 2923 
3 2 0 2919 
3 2 0 2913 
3 2 0 2911 
3 2 0 2909 
3 2 0 2907 
3 2 0 2908 
3 2 0 2910 
3 2 0 2912 
3 2 0 2918 
3 2 0 2914 
3 2 0 2917 
3 2 0 2915 
3 2 0 2916 
3 2 0 2922 
3 2 0 2920 
3 2 0 2921 
3 2 0 2929 
1 0 
1 0 
1 0 
1 0 
1 0 
2 3 3000 3001 0 
1 0 
1 0 
2 3 3003 3004 0 
2 3 3002 3005 0 
2 3 2999 3006 0 
2 3 2998 3007 0 
2 3 2997 3008 0 
1 0 
2 3 3009 3010 0 
1 0 
2 3 3011 3012 0 
1 0 
1 0 
2 3 3014 3015 0 
1 0 
1 0 
1 0 
1 0 
2 3 3019 3020 0 
2 3 3018 3021 0 
1 0 
1 0 
1 0 
2 3 3024 3025 0 
1 0 
2 3 3026 3027 0 
1 0 
1 0 
2 3 3029 3030 0 
2 3 3028 3031 0 
2 3 3023 3032 0 
2 3 3022 3033 0 
2 3 3017 3034 0 
2 3 3016 3035 0 
2 3 3013 3036 0 
1 0 
2 3 3037 3038 0 
3 2 0 3039 
3 2 0 3037 
3 2 0 3013 
3 2 0 3011 
3 2 0 3009 
3 2 0 2997 
3 2 0 3008 
3 2 0 2998 
3 2 0 3007 
3 2 0 2999 
3 2 0 3006 
3 2 0 3002 
3 2 0 3000 
3 2 0 3001 
3 2 0 3005 
3 2 0 3003 
3 2 0 3004 
3 2 0 3010 
3 2 0 3012 
3 2 0 3036 
3 2 0 3016 
3 2 0 3014 
3 2 0 3015 
3 2 0 3035 
3 2 0 3017 
3 2 0 3034 
3 2 0 3022 
3 2 0 3018 
3 2 0 3021 
3 2 0 3019 
3 2 0 3020 
3 2 0 3033 
3 2 0 3023 
3 2 0 3032 
3 2 0 3028 
3 2 0 3026 
3 2 0 3024 
3 2 0 3025 
3 2 0 3027 
3 2 0 3031 
3 2 0 3029 
3 2 0 3030 
3 2 0 3038 
1 0 
1 0 
2 3 3083 3084 0 
1 0 
1 0 
1 0 
2 3 3087 3088 0 
2 3 3086 3089 0 
2 3 3085 3090 0 
1 0 
2 3 3091 3092 0 
3 2 0 3093 
3 2 0 3091 
3 2 0 3085 
3 2 0 3083 
3 2 0 3084 
3 2 0 3090 
3 2 0 3086 
3 2 0 3089 
3 2 0 3087 
3 2 0 3088 
3 2 0 3092 
1 0 
1 0 
1 0 
1 0 
1 0 
1 0 
1 0 
2 3 3110 3111 0 
2 3 3109 3112 0 
2 3 3108 3113 0 
2 3 3107 3114 0 
1 0 
2 3 3115 3116 0 
1 0 
2 3 3117 3118 0 
1 0 
2 3 3119 3120 0 
1 0 
1 0 
2 3 3122 3123 0 
1 0 
1 0 
1 0 
2 3 3126 3127 0 
1 0 
1 0 
1 0 
1 0 
1 0 
2 3 3132 3133 0 
2 3 3131 3134 0 
2 3 3130 3135 0 
2 3 3129 3136 0 
2 3 3128 3137 0 
2 3 3125 3138 0 
2 3 3124 3139 0 
2 3 3121 3140 0 
1 0 
2 3 3141 3142 0 
1 0 
1 0 
1 0 
2 3 3145 3146 0 
1 0 
1 0 
1 0 
1 0 
1 0 
1 0 
2 3 3152 3153 0 
2 3 3151 3154 0 
2 3 3150 3155 0 
2 3 3149 3156 0 
2 3 3148 3157 0 
2 3 3147 3158 0 
2 3 3144 3159 0 
2 3 3143 3160 0 
1 0 
2 3 3161 3162 0 
2 3 3106 3163 0 
2 3 3105 3164 0 
3 2 0 3165 
3 2 0 3105 
3 2 0 3164 
3 2 0 3106 
3 2 0 3163 
3 2 0 3161 
3 2 0 3143 
3 2 0 3141 
3 2 0 3121 
3 2 0 3119 
3 2 0 3117 
3 2 0 3115 
3 2 0 3107 
3 2 0 3114 
3 2 0 3108 
3 2 0 3113 
3 2 0 3109 
3 2 0 3112 
3 2 0 3110 
3 2 0 3111 
3 2 0 3116 
3 2 0 3118 
3 2 0 3120 
3 2 0 3140 
3 2 0 3124 
3 2 0 3122 
3 2 0 3123 
3 2 0 3139 
3 2 0 3125 
3 2 0 3138 
3 2 0 3128 
3 2 0 3126 
3 2 0 3127 
3 2 0 3137 
3 2 0 3129 
3 2 0 3136 
3 2 0 3130 
3 2 0 3135 
3 2 0 3131 
3 2 0 3134 
3 2 0 3132 
3 2 0 3133 
3 2 0 3142 
3 2 0 3160 
3 2 0 3144 
3 2 0 3159 
3 2 0 3147 
3 2 0 3145 
3 2 0 3146 
3 2 0 3158 
3 2 0 3148 
3 2 0 3157 
3 2 0 3149 
3 2 0 3156 
3 2 0 3150 
3 2 0 3155 
3 2 0 3151 
3 2 0 3154 
3 2 0 3152 
3 2 0 3153 
3 2 0 3162 
1 0 
1 0 
2 3 3227 3228 0 
1 0 
1 0 
2 3 3230 3231 0 
2 3 3229 3232 0 
1 0 
1 0 
1 0 
2 3 3235 3236 0 
1 0 
1 0 
1 0 
1 0 
2 3 3240 3241 0 
2 3 3239 3242 0 
1 0 
1 0 
1 0 
1 0 
1 0 
2 3 3247 3248 0 
1 0 
1 0 
1 0 
1 0 
1 0 
1 0 
1 0 
2 3 3255 3256 0 
2 3 3254 3257 0 
1 0 
1 0 
2 3 3259 3260 0 
2 3 3258 3261 0 
2 3 3253 3262 0 
2 3 3252 3263 0 
2 3 3251 3264 0 
2 3 3250 3265 0 
2 3 3249 3266 0 
2 3 3246 3267 0 
2 3 3245 3268 0 
2 3 3244 3269 0 
2 3 3243 3270 0 
2 3 3238 3271 0 
2 3 3237 3272 0 
2 3 3234 3273 0 
1 0 
2 3 3274 3275 0 
2 3 3233 3276 0 
3 2 0 3277 
3 2 0 3233 
3 2 0 3229 
3 2 0 3227 
3 2 0 3228 
3 2 0 3232 
3 2 0 3230 
3 2 0 3231 
3 2 0 3276 
3 2 0 3274 
3 2 0 3234 
3 2 0 3273 
3 2 0 3237 
3 2 0 3235 
3 2 0 3236 
3 2 0 3272 
3 2 0 3238 
3 2 0 3271 
3 2 0 3243 
3 2 0 3239 
3 2 0 3242 
3 2 0 3240 
3 2 0 3241 
3 2 0 3270 
3 2 0 3244 
3 2 0 3269 
3 2 0 3245 
3 2 0 3268 
3 2 0 3246 
3 2 0 3267 
3 2 0 3249 
3 2 0 3247 
3 2 0 3248 
3 2 0 3266 
3 2 0 3250 
3 2 0 3265 
3 2 0 3251 
3 2 0 3264 
3 2 0 3252 
3 2 0 3263 
3 2 0 3253 
3 2 0 3262 
3 2 0 3258 
3 2 0 3254 
3 2 0 3257 
3 2 0 3255 
3 2 0 3256 
3 2 0 3261 
3 2 0 3259 
3 2 0 3260 
3 2 0 3275 
1 0 
1 0 
2 3 3329 3330 0 
1 0 
2 3 3331 3332 0 
1 0 
1 0 
2 3 3334 3335 0 
1 0 
1 0 
1 0 
2 3 3338 3339 0 
1 0 
1 0 
2 3 3341 3342 0 
1 0 
1 0 
1 0 
1 0 
2 3 3346 3347 0 
2 3 3345 3348 0 
1 0 
1 0 
1 0 
1 0 
1 0 
1 0 
2 3 3354 3355 0 
2 3 3353 3356 0 
2 3 3352 3357 0 
2 3 3351 3358 0 
2 3 3350 3359 0 
2 3 3349 3360 0 
2 3 3344 3361 0 
2 3 3343 3362 0 
2 3 3340 3363 0 
2 3 3337 3364 0 
2 3 3336 3365 0 
2 3 3333 3366 0 
1 0 
2 3 3367 3368 0 
3 2 0 3369 
3 2 0 3367 
3 2 0 3333 
3 2 0 3331 
3 2 0 3329 
3 2 0 3330 
3 2 0 3332 
3 2 0 3366 
3 2 0 3336 
3 2 0 3334 
3 2 0 3335 
3 2 0 3365 
3 2 0 3337 
3 2 0 3364 
3 2 0 3340 
3 2 0 3338 
3 2 0 3339 
3 2 0 3363 
3 2 0 3343 
3 2 0 3341 
3 2 0 3342 
3 2 0 3362 
3 2 0 3344 
3 2 0 3361 
3 2 0 3349 
3 2 0 3345 
3 2 0 3348 
3 2 0 3346 
3 2 0 3347 
3 2 0 3360 
3 2 0 3350 
3 2 0 3359 
3 2 0 3351 
3 2 0 3358 
3 2 0 3352 
3 2 0 3357 
3 2 0 3353 
3 2 0 3356 
3 2 0 3354 
3 2 0 3355 
3 2 0 3368 
1 0 
1 0 
1 0 
1 0 
1 0 
1 0 
2 3 3415 3416 0 
2 3 3414 3417 0 
2 3 3413 3418 0 
1 0 
1 0 
1 0 
2 3 3421 3422 0 
1 0 
1 0 
1 0 
1 0 
1 0 
2 3 3427 3428 0 
2 3 3426 3429 0 
2 3 3425 3430 0 
2 3 3424 3431 0 
2 3 3423 3432 0 
2 3 3420 3433 0 
2 3 3419 3434 0 
1 0 
2 3 3435 3436 0 
2 3 3412 3437 0 
2 3 3411 3438 0 
3 2 0 3439 
3 2 0 3411 
3 2 0 3438 
3 2 0 3412 
3 2 0 3437 
3 2 0 3435 
3 2 0 3419 
3 2 0 3413 
3 2 0 3418 
3 2 0 3414 
3 2 0 3417 
3 2 0 3415 
3 2 0 3416 
3 2 0 3434 
3 2 0 3420 
3 2 0 3433 
3 2 0 3423 
3 2 0 3421 
3 2 0 3422 
3 2 0 3432 
3 2 0 3424 
3 2 0 3431 
3 2 0 3425 
3 2 0 3430 
3 2 0 3426 
3 2 0 3429 
3 2 0 3427 
3 2 0 3428 
3 2 0 3436 
1 0 
1 0 
1 0 
1 0 
2 3 3471 3472 0 
2 3 3470 3473 0 
1 0 
1 0 
1 0 
1 0 
2 3 3477 3478 0 
2 3 3476 3479 0 
1 0 
2 3 3480 3481 0 
2 3 3475 3482 0 
2 3 3474 3483 0 
2 3 3469 3484 0 
1 0 
1 0 
1 0 
2 3 3487 3488 0 
1 0 
1 0 
1 0 
1 0 
1 0 
1 0 
2 3 3494 3495 0 
1 0 
1 0 
1 0 
1 0 
2 3 3499 3500 0 
2 3 3498 3501 0 
2 3 3497 3502 0 
2 3 3496 3503 0 
2 3 3493 3504 0 
2 3 3492 3505 0 
2 3 3491 3506 0 
2 3 3490 3507 0 
1 0 
2 3 3508 3509 0 
2 3 3489 3510 0 
2 3 3486 3511 0 
2 3 3485 3512 0 
3 2 0 3513 
3 2 0 3485 
3 2 0 3469 
3 2 0 3484 
3 2 0 3474 
3 2 0 3470 
3 2 0 3473 
3 2 0 3471 
3 2 0 3472 
3 2 0 3483 
3 2 0 3475 
3 2 0 3482 
3 2 0 3480 
3 2 0 3476 
3 2 0 3479 
3 2 0 3477 
3 2 0 3478 
3 2 0 3481 
3 2 0 3512 
3 2 0 3486 
3 2 0 3511 
3 2 0 3489 
3 2 0 3487 
3 2 0 3488 
3 2 0 3510 
3 2 0 3508 
3 2 0 3490 
3 2 0 3507 
3 2 0 3491 
3 2 0 3506 
3 2 0 3492 
3 2 0 3505 
3 2 0 3493 
3 2 0 3504 
3 2 0 3496 
3 2 0 3494 
3 2 0 3495 
3 2 0 3503 
3 2 0 3497 
3 2 0 3502 
3 2 0 3498 
3 2 0 3501 
3 2 0 3499 
3 2 0 3500 
3 2 0 3509 
1 0 
1 0 
2 3 3559 3560 0 
1 0 
1 0 
1 0 
1 0 
2 3 3564 3565 0 
1 0 
1 0 
1 0 
2 3 3568 3569 0 
2 3 3567 3570 0 
1 0 
1 0 
1 0 
2 3 3573 3574 0 
2 3 3572 3575 0 
2 3 3571 3576 0 
2 3 3566 3577 0 
1 0 
1 0 
1 0 
1 0 
2 3 3581 3582 0 
2 3 3580 3583 0 
2 3 3579 3584 0 
2 3 3578 3585 0 
2 3 3563 3586 0 
2 3 3562 3587 0 
2 3 3561 3588 0 
1 0 
2 3 3589 3590 0 
1 0 
2 3 3591 3592 0 
1 0 
1 0 
1 0 
2 3 3595 3596 0 
1 0 
1 0 
1 0 
1 0 
1 0 
2 3 3601 3602 0 
1 0 
1 0 
1 0 
2 3 3605 3606 0 
2 3 3604 3607 0 
2 3 3603 3608 0 
2 3 3600 3609 0 
2 3 3599 3610 0 
2 3 3598 3611 0 
1 0 
1 0 
1 0 
1 0 
1 0 
1 0 
1 0 
2 3 3618 3619 0 
2 3 3617 3620 0 
1 0 
2 3 3621 3622 0 
2 3 3616 3623 0 
2 3 3615 3624 0 
2 3 3614 3625 0 
2 3 3613 3626 0 
2 3 3612 3627 0 
2 3 3597 3628 0 
2 3 3594 3629 0 
2 3 3593 3630 0 
1 0 
2 3 3631 3632 0 
3 2 0 3633 
3 2 0 3631 
3 2 0 3593 
3 2 0 3591 
3 2 0 3589 
3 2 0 3561 
3 2 0 3559 
3 2 0 3560 
3 2 0 3588 
3 2 0 3562 
3 2 0 3587 
3 2 0 3563 
3 2 0 3586 
3 2 0 3578 
3 2 0 3566 
3 2 0 3564 
3 2 0 3565 
3 2 0 3577 
3 2 0 3571 
3 2 0 3567 
3 2 0 3570 
3 2 0 3568 
3 2 0 3569 
3 2 0 3576 
3 2 0 3572 
3 2 0 3575 
3 2 0 3573 
3 2 0 3574 
3 2 0 3585 
3 2 0 3579 
3 2 0 3584 
3 2 0 3580 
3 2 0 3583 
3 2 0 3581 
3 2 0 3582 
3 2 0 3590 
3 2 0 3592 
3 2 0 3630 
3 2 0 3594 
3 2 0 3629 
3 2 0 3597 
3 2 0 3595 
3 2 0 3596 
3 2 0 3628 
3 2 0 3612 
3 2 0 3598 
3 2 0 3611 
3 2 0 3599 
3 2 0 3610 
3 2 0 3600 
3 2 0 3609 
3 2 0 3603 
3 2 0 3601 
3 2 0 3602 
3 2 0 3608 
3 2 0 3604 
3 2 0 3607 
3 2 0 3605 
3 2 0 3606 
3 2 0 3627 
3 2 0 3613 
3 2 0 3626 
3 2 0 3614 
3 2 0 3625 
3 2 0 3615 
3 2 0 3624 
3 2 0 3616 
3 2 0 3623 
3 2 0 3621 
3 2 0 3617 
3 2 0 3620 
3 2 0 3618 
3 2 0 3619 
3 2 0 3622 
3 2 0 3632 
1 0 
1 0 
2 3 3709 3710 0 
1 0 
2 3 3711 3712 0 
1 0 
1 0 
2 3 3714 3715 0 
2 3 3713 3716 0 
1 0 
2 3 3717 3718 0 
1 0 
1 0 
2 3 3720 3721 0 
1 0 
1 0 
1 0 
2 3 3724 3725 0 
2 3 3723 3726 0 
1 0 
1 0 
1 0 
1 0 
1 0 
2 3 3731 3732 0 
2 3 3730 3733 0 
2 3 3729 3734 0 
1 0 
1 0 
1 0 
1 0 
1 0 
2 3 3739 3740 0 
1 0 
1 0 
1 0 
1 0 
2 3 3744 3745 0 
2 3 3743 3746 0 
2 3 3742 3747 0 
1 0 
1 0 
1 0 
2 3 3750 3751 0 
1 0 
1 0 
1 0 
2 3 3754 3755 0 
1 0 
1 0 
1 0 
2 3 3758 3759 0 
1 0 
2 3 3760 3761 0 
2 3 3757 3762 0 
2 3 3756 3763 0 
2 3 3753 3764 0 
2 3 3752 3765 0 
2 3 3749 3766 0 
2 3 3748 3767 0 
2 3 3741 3768 0 
2 3 3738 3769 0 
2 3 3737 3770 0 
2 3 3736 3771 0 
2 3 3735 3772 0 
2 3 3728 3773 0 
2 3 3727 3774 0 
2 3 3722 3775 0 
1 0 
2 3 3776 3777 0 
2 3 3719 3778 0 
3 2 0 3779 
3 2 0 3719 
3 2 0 3717 
3 2 0 3713 
3 2 0 3711 
3 2 0 3709 
3 2 0 3710 
3 2 0 3712 
3 2 0 3716 
3 2 0 3714 
3 2 0 3715 
3 2 0 3718 
3 2 0 3778 
3 2 0 3776 
3 2 0 3722 
3 2 0 3720 
3 2 0 3721 
3 2 0 3775 
3 2 0 3727 
3 2 0 3723 
3 2 0 3726 
3 2 0 3724 
3 2 0 3725 
3 2 0 3774 
3 2 0 3728 
3 2 0 3773 
3 2 0 3735 
3 2 0 3729 
3 2 0 3734 
3 2 0 3730 
3 2 0 3733 
3 2 0 3731 
3 2 0 3732 
3 2 0 3772 
3 2 0 3736 
3 2 0 3771 
3 2 0 3737 
3 2 0 3770 
3 2 0 3738 
3 2 0 3769 
3 2 0 3741 
3 2 0 3739 
3 2 0 3740 
3 2 0 3768 
3 2 0 3748 
3 2 0 3742 
3 2 0 3747 
3 2 0 3743 
3 2 0 3746 
3 2 0 3744 
3 2 0 3745 
3 2 0 3767 
3 2 0 3749 
3 2 0 3766 
3 2 0 3752 
3 2 0 3750 
3 2 0 3751 
3 2 0 3765 
3 2 0 3753 
3 2 0 3764 
3 2 0 3756 
3 2 0 3754 
3 2 0 3755 
3 2 0 3763 
3 2 0 3757 
3 2 0 3762 
3 2 0 3760 
3 2 0 3758 
3 2 0 3759 
3 2 0 3761 
3 2 0 3777 
1 0 
1 0 
1 0 
2 3 3852 3853 0 
1 0 
2 3 3854 3855 0 
2 3 3851 3856 0 
1 0 
2 3 3857 3858 0 
3 2 0 3859 
3 2 0 3857 
3 2 0 3851 
3 2 0 3856 
3 2 0 3854 
3 2 0 3852 
3 2 0 3853 
3 2 0 3855 
3 2 0 3858 
1 0 
1 0 
2 3 3869 3870 0 
1 0 
2 3 3871 3872 0 
1 0 
1 0 
1 0 
2 3 3875 3876 0 
2 3 3874 3877 0 
2 3 3873 3878 0 
1 0 
1 0 
1 0 
1 0 
2 3 3882 3883 0 
1 0 
2 3 3884 3885 0 
2 3 3881 3886 0 
2 3 3880 3887 0 
2 3 3879 3888 0 
3 2 0 3889 
3 2 0 3879 
3 2 0 3873 
3 2 0 3871 
3 2 0 3869 
3 2 0 3870 
3 2 0 3872 
3 2 0 3878 
3 2 0 3874 
3 2 0 3877 
3 2 0 3875 
3 2 0 3876 
3 2 0 3888 
3 2 0 3880 
3 2 0 3887 
3 2 0 3881 
3 2 0 3886 
3 2 0 3884 
3 2 0 3882 
3 2 0 3883 
3 2 0 3885 
1 0 
1 0 
1 0 
1 0 
1 0 
1 0 
2 3 3915 3916 0 
1 0 
1 0 
2 3 3918 3919 0 
2 3 3917 3920 0 
2 3 3914 3921 0 
2 3 3913 3922 0 
2 3 3912 3923 0 
2 3 3911 3924 0 
1 0 
1 0 
1 0 
1 0 
1 0 
2 3 3929 3930 0 
1 0 
1 0 
2 3 3932 3933 0 
2 3 3931 3934 0 
2 3 3928 3935 0 
1 0 
1 0 
1 0 
2 3 3938 3939 0 
2 3 3937 3940 0 
2 3 3936 3941 0 
1 0 
2 3 3942 3943 0 
2 3 3927 3944 0 
2 3 3926 3945 0 
2 3 3925 3946 0 
3 2 0 3947 
3 2 0 3925 
3 2 0 3911 
3 2 0 3924 
3 2 0 3912 
3 2 0 3923 
3 2 0 3913 
3 2 0 3922 
3 2 0 3914 
3 2 0 3921 
3 2 0 3917 
3 2 0 3915 
3 2 0 3916 
3 2 0 3920 
3 2 0 3918 
3 2 0 3919 
3 2 0 3946 
3 2 0 3926 
3 2 0 3945 
3 2 0 3927 
3 2 0 3944 
3 2 0 3942 
3 2 0 3936 
3 2 0 3928 
3 2 0 3935 
3 2 0 3931 
3 2 0 3929 
3 2 0 3930 
3 2 0 3934 
3 2 0 3932 
3 2 0 3933 
3 2 0 3941 
3 2 0 3937 
3 2 0 3940 
3 2 0 3938 
3 2 0 3939 
3 2 0 3943 
1 0 
1 0 
2 3 3985 3986 0 
1 0 
1 0 
2 3 3988 3989 0 
1 0 
1 0 
1 0 
1 0 
2 3 3993 3994 0 
2 3 3992 3995 0 
2 3 3991 3996 0 
1 0 
2 3 3997 3998 0 
2 3 3990 3999 0 
2 3 3987 4000 0 
3 2 0 4001 
3 2 0 3987 
3 2 0 3985 
3 2 0 3986 
3 2 0 4000 
3 2 0 3990 
3 2 0 3988 
3 2 0 3989 
3 2 0 3999 
3 2 0 3997 
3 2 0 3991 
3 2 0 3996 
3 2 0 3992 
3 2 0 3995 
3 2 0 3993 
3 2 0 3994 
3 2 0 3998 
1 0 
1 0 
1 0 
1 0 
1 0 
1 0 
2 3 4023 4024 0 
2 3 4022 4025 0 
2 3 4021 4026 0 
2 3 4020 4027 0 
2 3 4019 4028 0 
1 0 
2 3 4029 4030 0 
3 2 0 4031 
3 2 0 4029 
3 2 0 4019 
3 2 0 4028 
3 2 0 4020 
3 2 0 4027 
3 2 0 4021 
3 2 0 4026 
3 2 0 4022 
3 2 0 4025 
3 2 0 4023 
3 2 0 4024 
3 2 0 4030 
1 0 
1 0 
1 0 
1 0 
1 0 
2 3 4048 4049 0 
1 0 
2 3 4050 4051 0 
2 3 4047 4052 0 
2 3 4046 4053 0 
1 0 
1 0 
1 0 
1 0 
2 3 4057 4058 0 
2 3 4056 4059 0 
1 0 
1 0 
2 3 4061 4062 0 
2 3 4060 4063 0 
2 3 4055 4064 0 
2 3 4054 4065 0 
1 0 
1 0 
2 3 4067 4068 0 
1 0 
1 0 
1 0 
2 3 4071 4072 0 
1 0 
1 0 
1 0 
2 3 4075 4076 0 
2 3 4074 4077 0 
2 3 4073 4078 0 
2 3 4070 4079 0 
2 3 4069 4080 0 
2 3 4066 4081 0 
1 0 
2 3 4082 4083 0 
2 3 4045 4084 0 
3 2 0 4085 
3 2 0 4045 
3 2 0 4084 
3 2 0 4082 
3 2 0 4066 
3 2 0 4054 
3 2 0 4046 
3 2 0 4053 
3 2 0 4047 
3 2 0 4052 
3 2 0 4050 
3 2 0 4048 
3 2 0 4049 
3 2 0 4051 
3 2 0 4065 
3 2 0 4055 
3 2 0 4064 
3 2 0 4060 
3 2 0 4056 
3 2 0 4059 
3 2 0 4057 
3 2 0 4058 
3 2 0 4063 
3 2 0 4061 
3 2 0 4062 
3 2 0 4081 
3 2 0 4069 
3 2 0 4067 
3 2 0 4068 
3 2 0 4080 
3 2 0 4070 
3 2 0 4079 
3 2 0 4073 
3 2 0 4071 
3 2 0 4072 
3 2 0 4078 
3 2 0 4074 
3 2 0 4077 
3 2 0 4075 
3 2 0 4076 
3 2 0 4083 
1 0 
1 0 
1 0 
1 0 
1 0 
2 3 4130 4131 0 
1 0 
2 3 4132 4133 0 
2 3 4129 4134 0 
1 0 
1 0 
1 0 
1 0 
1 0 
1 0 
1 0 
2 3 4141 4142 0 
2 3 4140 4143 0 
2 3 4139 4144 0 
2 3 4138 4145 0 
2 3 4137 4146 0 
2 3 4136 4147 0 
2 3 4135 4148 0 
2 3 4128 4149 0 
2 3 4127 4150 0 
1 0 
2 3 4151 4152 0 
1 0 
1 0 
1 0 
1 0 
1 0 
2 3 4157 4158 0 
1 0 
1 0 
1 0 
1 0 
2 3 4162 4163 0 
2 3 4161 4164 0 
1 0 
2 3 4165 4166 0 
1 0 
1 0 
1 0 
2 3 4169 4170 0 
2 3 4168 4171 0 
2 3 4167 4172 0 
2 3 4160 4173 0 
2 3 4159 4174 0 
2 3 4156 4175 0 
2 3 4155 4176 0 
2 3 4154 4177 0 
2 3 4153 4178 0 
1 0 
2 3 4179 4180 0 
3 2 0 4181 
3 2 0 4179 
3 2 0 4153 
3 2 0 4151 
3 2 0 4127 
3 2 0 4150 
3 2 0 4128 
3 2 0 4149 
3 2 0 4135 
3 2 0 4129 
3 2 0 4134 
3 2 0 4132 
3 2 0 4130 
3 2 0 4131 
3 2 0 4133 
3 2 0 4148 
3 2 0 4136 
3 2 0 4147 
3 2 0 4137 
3 2 0 4146 
3 2 0 4138 
3 2 0 4145 
3 2 0 4139 
3 2 0 4144 
3 2 0 4140 
3 2 0 4143 
3 2 0 4141 
3 2 0 4142 
3 2 0 4152 
3 2 0 4178 
3 2 0 4154 
3 2 0 4177 
3 2 0 4155 
3 2 0 4176 
3 2 0 4156 
3 2 0 4175 
3 2 0 4159 
3 2 0 4157 
3 2 0 4158 
3 2 0 4174 
3 2 0 4160 
3 2 0 4173 
3 2 0 4167 
3 2 0 4165 
3 2 0 4161 
3 2 0 4164 
3 2 0 4162 
3 2 0 4163 
3 2 0 4166 
3 2 0 4172 
3 2 0 4168 
3 2 0 4171 
3 2 0 4169 
3 2 0 4170 
3 2 0 4180 
1 0 
1 0 
2 3 4237 4238 0 
1 0 
1 0 
2 3 4240 4241 0 
2 3 4239 4242 0 
1 0 
1 0 
2 3 4244 4245 0 
1 0 
1 0 
2 3 4247 4248 0 
2 3 4246 4249 0 
2 3 4243 4250 0 
1 0 
1 0 
1 0 
1 0 
1 0 
1 0 
1 0 
2 3 4257 4258 0 
2 3 4256 4259 0 
2 3 4255 4260 0 
1 0 
2 3 4261 4262 0 
2 3 4254 4263 0 
2 3 4253 4264 0 
2 3 4252 4265 0 
2 3 4251 4266 0 
3 2 0 4267 
3 2 0 4251 
3 2 0 4243 
3 2 0 4239 
3 2 0 4237 
3 2 0 4238 
3 2 0 4242 
3 2 0 4240 
3 2 0 4241 
3 2 0 4250 
3 2 0 4246 
3 2 0 4244 
3 2 0 4245 
3 2 0 4249 
3 2 0 4247 
3 2 0 4248 
3 2 0 4266 
3 2 0 4252 
3 2 0 4265 
3 2 0 4253 
3 2 0 4264 
3 2 0 4254 
3 2 0 4263 
3 2 0 4261 
3 2 0 4255 
3 2 0 4260 
3 2 0 4256 
3 2 0 4259 
3 2 0 4257 
3 2 0 4258 
3 2 0 4262 
1 0 
1 0 
1 0 
2 3 4300 4301 0 
2 3 4299 4302 0 
1 0 
1 0 
1 0 
1 0 
1 0 
1 0 
2 3 4308 4309 0 
1 0 
1 0 
1 0 
1 0 
2 3 4313 4314 0 
2 3 4312 4315 0 
2 3 4311 4316 0 
2 3 4310 4317 0 
1 0 
1 0 
1 0 
1 0 
1 0 
2 3 4322 4323 0 
2 3 4321 4324 0 
2 3 4320 4325 0 
2 3 4319 4326 0 
2 3 4318 4327 0 
2 3 4307 4328 0 
2 3 4306 4329 0 
2 3 4305 4330 0 
2 3 4304 4331 0 
2 3 4303 4332 0 
1 0 
2 3 4333 4334 0 
1 0 
1 0 
1 0 
2 3 4337 4338 0 
1 0 
1 0 
2 3 4340 4341 0 
2 3 4339 4342 0 
2 3 4336 4343 0 
2 3 4335 4344 0 
1 0 
2 3 4345 4346 0 
3 2 0 4347 
3 2 0 4345 
3 2 0 4335 
3 2 0 4333 
3 2 0 4303 
3 2 0 4299 
3 2 0 4302 
3 2 0 4300 
3 2 0 4301 
3 2 0 4332 
3 2 0 4304 
3 2 0 4331 
3 2 0 4305 
3 2 0 4330 
3 2 0 4306 
3 2 0 4329 
3 2 0 4307 
3 2 0 4328 
3 2 0 4318 
3 2 0 4310 
3 2 0 4308 
3 2 0 4309 
3 2 0 4317 
3 2 0 4311 
3 2 0 4316 
3 2 0 4312 
3 2 0 4315 
3 2 0 4313 
3 2 0 4314 
3 2 0 4327 
3 2 0 4319 
3 2 0 4326 
3 2 0 4320 
3 2 0 4325 
3 2 0 4321 
3 2 0 4324 
3 2 0 4322 
3 2 0 4323 
3 2 0 4334 
3 2 0 4344 
3 2 0 4336 
3 2 0 4343 
3 2 0 4339 
3 2 0 4337 
3 2 0 4338 
3 2 0 4342 
3 2 0 4340 
3 2 0 4341 
3 2 0 4346 
1 0 
1 0 
1 0 
1 0 
2 3 4399 4400 0 
2 3 4398 4401 0 
2 3 4397 4402 0 
1 0 
1 0 
2 3 4404 4405 0 
2 3 4403 4406 0 
1 0 
1 0 
1 0 
1 0 
1 0 
2 3 4411 4412 0 
2 3 4410 4413 0 
1 0 
1 0 
1 0 
1 0 
2 3 4417 4418 0 
2 3 4416 4419 0 
2 3 4415 4420 0 
2 3 4414 4421 0 
2 3 4409 4422 0 
2 3 4408 4423 0 
1 0 
2 3 4424 4425 0 
2 3 4407 4426 0 
3 2 0 4427 
3 2 0 4407 
3 2 0 4403 
3 2 0 4397 
3 2 0 4402 
3 2 0 4398 
3 2 0 4401 
3 2 0 4399 
3 2 0 4400 
3 2 0 4406 
3 2 0 4404 
3 2 0 4405 
3 2 0 4426 
3 2 0 4424 
3 2 0 4408 
3 2 0 4423 
3 2 0 4409 
3 2 0 4422 
3 2 0 4414 
3 2 0 4410 
3 2 0 4413 
3 2 0 4411 
3 2 0 4412 
3 2 0 4421 
3 2 0 4415 
3 2 0 4420 
3 2 0 4416 
3 2 0 4419 
3 2 0 4417 
3 2 0 4418 
3 2 0 4425 
1 0 
1 0 
2 3 4459 4460 0 
1 0 
1 0 
2 3 4462 4463 0 
2 3 4461 4464 0 
1 0 
1 0 
1 0 
1 0 
2 3 4468 4469 0 
2 3 4467 4470 0 
1 0 
1 0 
1 0 
2 3 4473 4474 0 
1 0 
2 3 4475 4476 0 
2 3 4472 4477 0 
2 3 4471 4478 0 
2 3 4466 4479 0 
2 3 4465 4480 0 
3 2 0 4481 
3 2 0 4465 
3 2 0 4461 
3 2 0 4459 
3 2 0 4460 
3 2 0 4464 
3 2 0 4462 
3 2 0 4463 
3 2 0 4480 
3 2 0 4466 
3 2 0 4479 
3 2 0 4471 
3 2 0 4467 
3 2 0 4470 
3 2 0 4468 
3 2 0 4469 
3 2 0 4478 
3 2 0 4472 
3 2 0 4477 
3 2 0 4475 
3 2 0 4473 
3 2 0 4474 
3 2 0 4476 
1 0 
1 0 
1 0 
2 3 4506 4507 0 
1 0 
2 3 4508 4509 0 
2 3 4505 4510 0 
1 0 
2 3 4511 4512 0 
1 0 
1 0 
1 0 
1 0 
2 3 4516 4517 0 
2 3 4515 4518 0 
2 3 4514 4519 0 
1 0 
2 3 4520 4521 0 
2 3 4513 4522 0 
3 2 0 4523 
3 2 0 4513 
3 2 0 4511 
3 2 0 4505 
3 2 0 4510 
3 2 0 4508 
3 2 0 4506 
3 2 0 4507 
3 2 0 4509 
3 2 0 4512 
3 2 0 4522 
3 2 0 4520 
3 2 0 4514 
3 2 0 4519 
3 2 0 4515 
3 2 0 4518 
3 2 0 4516 
3 2 0 4517 
3 2 0 4521 
1 0 
1 0 
1 0 
2 3 4544 4545 0 
2 3 4543 4546 0 
1 0 
2 3 4547 4548 0 
1 0 
1 0 
1 0 
1 0 
2 3 4552 4553 0 
2 3 4551 4554 0 
2 3 4550 4555 0 
1 0 
2 3 4556 4557 0 
1 0 
1 0 
2 3 4559 4560 0 
1 0 
1 0 
1 0 
1 0 
2 3 4564 4565 0 
1 0 
2 3 4566 4567 0 
2 3 4563 4568 0 
2 3 4562 4569 0 
2 3 4561 4570 0 
2 3 4558 4571 0 
1 0 
2 3 4572 4573 0 
2 3 4549 4574 0 
3 2 0 4575 
3 2 0 4549 
3 2 0 4547 
3 2 0 4543 
3 2 0 4546 
3 2 0 4544 
3 2 0 4545 
3 2 0 4548 
3 2 0 4574 
3 2 0 4572 
3 2 0 4558 
3 2 0 4556 
3 2 0 4550 
3 2 0 4555 
3 2 0 4551 
3 2 0 4554 
3 2 0 4552 
3 2 0 4553 
3 2 0 4557 
3 2 0 4571 
3 2 0 4561 
3 2 0 4559 
3 2 0 4560 
3 2 0 4570 
3 2 0 4562 
3 2 0 4569 
3 2 0 4563 
3 2 0 4568 
3 2 0 4566 
3 2 0 4564 
3 2 0 4565 
3 2 0 4567 
3 2 0 4573 
1 0 
1 0 
1 0 
2 3 4610 4611 0 
1 0 
1 0 
1 0 
1 0 
2 3 4615 4616 0 
2 3 4614 4617 0 
2 3 4613 4618 0 
1 0 
1 0 
1 0 
1 0 
2 3 4622 4623 0 
2 3 4621 4624 0 
2 3 4620 4625 0 
2 3 4619 4626 0 
2 3 4612 4627 0 
2 3 4609 4628 0 
1 0 
2 3 4629 4630 0 
1 0 
1 0 
1 0 
1 0 
1 0 
1 0 
2 3 4636 4637 0 
2 3 4635 4638 0 
2 3 4634 4639 0 
1 0 
1 0 
1 0 
1 0 
2 3 4643 4644 0 
2 3 4642 4645 0 
2 3 4641 4646 0 
2 3 4640 4647 0 
1 0 
1 0 
1 0 
2 3 4650 4651 0 
1 0 
2 3 4652 4653 0 
1 0 
1 0 
2 3 4655 4656 0 
1 0 
1 0 
1 0 
1 0 
1 0 
2 3 4661 4662 0 
2 3 4660 4663 0 
1 0 
1 0 
2 3 4665 4666 0 
2 3 4664 4667 0 
2 3 4659 4668 0 
1 0 
2 3 4669 4670 0 
1 0 
1 0 
1 0 
2 3 4673 4674 0 
1 0 
1 0 
1 0 
2 3 4677 4678 0 
2 3 4676 4679 0 
2 3 4675 4680 0 
2 3 4672 4681 0 
2 3 4671 4682 0 
2 3 4658 4683 0 
2 3 4657 4684 0 
2 3 4654 4685 0 
2 3 4649 4686 0 
2 3 4648 4687 0 
2 3 4633 4688 0 
2 3 4632 4689 0 
2 3 4631 4690 0 
1 0 
2 3 4691 4692 0 
3 2 0 4693 
3 2 0 4691 
3 2 0 4631 
3 2 0 4629 
3 2 0 4609 
3 2 0 4628 
3 2 0 4612 
3 2 0 4610 
3 2 0 4611 
3 2 0 4627 
3 2 0 4619 
3 2 0 4613 
3 2 0 4618 
3 2 0 4614 
3 2 0 4617 
3 2 0 4615 
3 2 0 4616 
3 2 0 4626 
3 2 0 4620 
3 2 0 4625 
3 2 0 4621 
3 2 0 4624 
3 2 0 4622 
3 2 0 4623 
3 2 0 4630 
3 2 0 4690 
3 2 0 4632 
3 2 0 4689 
3 2 0 4633 
3 2 0 4688 
3 2 0 4648 
3 2 0 4640 
3 2 0 4634 
3 2 0 4639 
3 2 0 4635 
3 2 0 4638 
3 2 0 4636 
3 2 0 4637 
3 2 0 4647 
3 2 0 4641 
3 2 0 4646 
3 2 0 4642 
3 2 0 4645 
3 2 0 4643 
3 2 0 4644 
3 2 0 4687 
3 2 0 4649 
3 2 0 4686 
3 2 0 4654 
3 2 0 4652 
3 2 0 4650 
3 2 0 4651 
3 2 0 4653 
3 2 0 4685 
3 2 0 4657 
3 2 0 4655 
3 2 0 4656 
3 2 0 4684 
3 2 0 4658 
3 2 0 4683 
3 2 0 4671 
3 2 0 4669 
3 2 0 4659 
3 2 0 4668 
3 2 0 4664 
3 2 0 4660 
3 2 0 4663 
3 2 0 4661 
3 2 0 4662 
3 2 0 4667 
3 2 0 4665 
3 2 0 4666 
3 2 0 4670 
3 2 0 4682 
3 2 0 4672 
3 2 0 4681 
3 2 0 4675 
3 2 0 4673 
3 2 0 4674 
3 2 0 4680 
3 2 0 4676 
3 2 0 4679 
3 2 0 4677 
3 2 0 4678 
3 2 0 4692 
1 0 
1 0 
2 3 4779 4780 0 
1 0 
1 0 
1 0 
2 3 4783 4784 0 
1 0 
1 0 
2 3 4786 4787 0 
2 3 4785 4788 0 
2 3 4782 4789 0 
2 3 4781 4790 0 
1 0 
2 3 4791 4792 0 
1 0 
1 0 
1 0 
1 0 
1 0 
1 0 
2 3 4798 4799 0 
2 3 4797 4800 0 
2 3 4796 4801 0 
2 3 4795 4802 0 
2 3 4794 4803 0 
2 3 4793 4804 0 
1 0 
2 3 4805 4806 0 
1 0 
1 0 
1 0 
1 0 
2 3 4810 4811 0 
2 3 4809 4812 0 
2 3 4808 4813 0 
1 0 
1 0 
1 0 
2 3 4816 4817 0 
1 0 
1 0 
1 0 
1 0 
1 0 
1 0 
2 3 4823 4824 0 
2 3 4822 4825 0 
2 3 4821 4826 0 
2 3 4820 4827 0 
2 3 4819 4828 0 
2 3 4818 4829 0 
2 3 4815 4830 0 
2 3 4814 4831 0 
1 0 
2 3 4832 4833 0 
2 3 4807 4834 0 
3 2 0 4835 
3 2 0 4807 
3 2 0 4805 
3 2 0 4793 
3 2 0 4791 
3 2 0 4781 
3 2 0 4779 
3 2 0 4780 
3 2 0 4790 
3 2 0 4782 
3 2 0 4789 
3 2 0 4785 
3 2 0 4783 
3 2 0 4784 
3 2 0 4788 
3 2 0 4786 
3 2 0 4787 
3 2 0 4792 
3 2 0 4804 
3 2 0 4794 
3 2 0 4803 
3 2 0 4795 
3 2 0 4802 
3 2 0 4796 
3 2 0 4801 
3 2 0 4797 
3 2 0 4800 
3 2 0 4798 
3 2 0 4799 
3 2 0 4806 
3 2 0 4834 
3 2 0 4832 
3 2 0 4814 
3 2 0 4808 
3 2 0 4813 
3 2 0 4809 
3 2 0 4812 
3 2 0 4810 
3 2 0 4811 
3 2 0 4831 
3 2 0 4815 
3 2 0 4830 
3 2 0 4818 
3 2 0 4816 
3 2 0 4817 
3 2 0 4829 
3 2 0 4819 
3 2 0 4828 
3 2 0 4820 
3 2 0 4827 
3 2 0 4821 
3 2 0 4826 
3 2 0 4822 
3 2 0 4825 
3 2 0 4823 
3 2 0 4824 
3 2 0 4833 
68 2446 62 63 64 65 66 67 68 69 70 71 72 73 74 75 76 77 78 79 80 81 82 83 84 85 86 87 88 89 90 91 92 93 94 95 96 97 98 99 100 101 102 103 104 105 106 107 108 109 110 111 112 113 114 115 116 117 118 119 120 121 122 152 153 154 155 156 157 158 159 160 161 162 163 164 165 166 167 168 169 170 171 172 173 174 175 176 177 178 179 180 246 247 248 249 250 251 252 253 254 255 256 257 258 259 260 261 262 263 264 265 266 267 268 269 270 271 272 273 274 275 276 277 278 279 280 281 282 283 284 285 286 287 288 289 290 291 292 293 294 295 296 297 298 299 300 301 302 303 304 305 306 307 308 309 310 346 347 348 349 350 351 352 353 354 355 356 357 358 359 360 361 362 363 364 365 366 367 368 369 370 371 372 373 374 375 376 377 378 379 380 414 415 416 417 418 419 420 421 422 423 424 425 426 427 428 429 430 431 432 433 434 435 436 437 438 439 440 441 442 443 444 445 446 474 475 476 477 478 479 480 481 482 483 484 485 486 487 488 489 490 491 492 493 494 495 496 497 498 499 500 546 547 548 549 550 551 552 553 554 555 556 557 558 559 560 561 562 563 564 565 566 567 568 569 570 571 572 573 574 575 576 577 578 579 580 581 582 583 584 585 586 587 588 589 590 604 605 606 607 608 609 610 611 612 613 614 615 616 644 645 646 647 648 649 650 651 652 653 654 655 656 657 658 659 660 661 662 663 664 665 666 667 668 669 670 704 705 706 707 708 709 710 711 712 713 714 715 716 717 718 719 720 721 722 723 724 725 726 727 728 729 730 731 732 733 734 735 736 770 771 772 773 774 775 776 777 778 779 780 781 782 783 784 785 786 787 788 789 790 791 792 793 794 795 796 797 798 799 800 801 802 834 835 836 837 838 839 840 841 842 843 844 845 846 847 848 849 850 851 852 853 854 855 856 857 858 859 860 861 862 863 864 928 929 930 931 932 933 934 935 936 937 938 939 940 941 942 943 944 945 946 947 948 949 950 951 952 953 954 955 956 957 958 959 960 961 962 963 964 965 966 967 968 969 970 971 972 973 974 975 976 977 978 979 980 981 982 983 984 985 986 987 988 989 990 1014 1015 1016 1017 1018 1019 1020 1021 1022 1023 1024 1025 1026 1027 1028 1029 1030 1031 1032 1033 1034 1035 1036 1060 1061 1062 1063 1064 1065 1066 1067 1068 1069 1070 1071 1072 1073 1074 1075 1076 1077 1078 1079 1080 1081 1082 1126 1127 1128 1129 1130 1131 1132 1133 1134 1135 1136 1137 1138 1139 1140 1141 1142 1143 1144 1145 1146 1147 1148 1149 1150 1151 1152 1153 1154 1155 1156 1157 1158 1159 1160 1161 1162 1163 1164 1165 1166 1167 1168 1200 1201 1202 1203 1204 1205 1206 1207 1208 1209 1210 1211 1212 1213 1214 1215 1216 1217 1218 1219 1220 1221 1222 1223 1224 1225 1226 1227 1228 1229 1230 1292 1293 1294 1295 1296 1297 1298 1299 1300 1301 1302 1303 1304 1305 1306 1307 1308 1309 1310 1311 1312 1313 1314 1315 1316 1317 1318 1319 1320 1321 1322 1323 1324 1325 1326 1327 1328 1329 1330 1331 1332 1333 1334 1335 1336 1337 1338 1339 1340 1341 1342 1343 1344 1345 1346 1347 1348 1349 1350 1351 1352 1378 1379 1380 1381 1382 1383 1384 1385 1386 1387 1388 1389 1390 1391 1392 1393 1394 1395 1396 1397 1398 1399 1400 1401 1402 1464 1465 1466 1467 1468 1469 1470 1471 1472 1473 1474 1475 1476 1477 1478 1479 1480 1481 1482 1483 1484 1485 1486 1487 1488 1489 1490 1491 1492 1493 1494 1495 1496 1497 1498 1499 1500 1501 1502 1503 1504 1505 1506 1507 1508 1509 1510 1511 1512 1513 1514 1515 1516 1517 1518 1519 1520 1521 1522 1523 1524 1544 1545 1546 1547 1548 1549 1550 1551 1552 1553 1554 1555 1556 1557 1558 1559 1560 1561 1562 1582 1583 1584 1585 1586 1587 1588 1589 1590 1591 1592 1593 1594 1595 1596 1597 1598 1599 1600 1676 1677 1678 1679 1680 1681 1682 1683 1684 1685 1686 1687 1688 1689 1690 1691 1692 1693 1694 1695 1696 1697 1698 1699 1700 1701 1702 1703 1704 1705 1706 1707 1708 1709 1710 1711 1712 1713 1714 1715 1716 1717 1718 1719 1720 1721 1722 1723 1724 1725 1726 1727 1728 1729 1730 1731 1732 1733 1734 1735 1736 1737 1738 1739 1740 1741 1742 1743 1744 1745 1746 1747 1748 1749 1750 1758 1759 1760 1761 1762 1763 1764 1806 1807 1808 1809 1810 1811 1812 1813 1814 1815 1816 1817 1818 1819 1820 1821 1822 1823 1824 1825 1826 1827 1828 1829 1830 1831 1832 1833 1834 1835 1836 1837 1838 1839 1840 1841 1842 1843 1844 1845 1846 1888 1889 1890 1891 1892 1893 1894 1895 1896 1897 1898 1899 1900 1901 1902 1903 1904 1905 1906 1907 1908 1909 1910 1911 1912 1913 1914 1915 1916 1917 1918 1919 1920 1921 1922 1923 1924 1925 1926 1927 1928 1970 1971 1972 1973 1974 1975 1976 1977 1978 1979 1980 1981 1982 1983 1984 1985 1986 1987 1988 1989 1990 1991 1992 1993 1994 1995 1996 1997 1998 1999 2000 2001 2002 2003 2004 2005 2006 2007 2008 2009 2010 2046 2047 2048 2049 2050 2051 2052 2053 2054 2055 2056 2057 2058 2059 2060 2061 2062 2063 2064 2065 2066 2067 2068 2069 2070 2071 2072 2073 2074 2075 2076 2077 2078 2079 2080 2124 2125 2126 2127 2128 2129 2130 2131 2132 2133 2134 2135 2136 2137 2138 2139 2140 2141 2142 2143 2144 2145 2146 2147 2148 2149 2150 2151 2152 2153 2154 2155 2156 2157 2158 2159 2160 2161 2162 2163 2164 2165 2166 2200 2201 2202 2203 2204 2205 2206 2207 2208 2209 2210 2211 2212 2213 2214 2215 2216 2217 2218 2219 2220 2221 2222 2223 2224 2225 2226 2227 2228 2229 2230 2231 2232 2280 2281 2282 2283 2284 2285 2286 2287 2288 2289 2290 2291 2292 2293 2294 2295 2296 2297 2298 2299 2300 2301 2302 2303 2304 2305 2306 2307 2308 2309 2310 2311 2312 2313 2314 2315 2316 2317 2318 2319 2320 2321 2322 2323 2324 2325 2326 2354 2355 2356 2357 2358 2359 2360 2361 2362 2363 2364 2365 2366 2367 2368 2369 2370 2371 2372 2373 2374 2375 2376 2377 2378 2379 2380 2436 2437 2438 2439 2440 2441 2442 2443 2444 2445 2446 2447 2448 2449 2450 2451 2452 2453 2454 2455 2456 2457 2458 2459 2460 2461 2462 2463 2464 2465 2466 2467 2468 2469 2470 2471 2472 2473 2474 2475 2476 2477 2478 2479 2480 2481 2482 2483 2484 2485 2486 2487 2488 2489 2490 2500 2501 2502 2503 2504 2505 2506 2507 2508 2514 2515 2516 2517 2518 2534 2535 2536 2537 2538 2539 2540 2541 2542 2543 2544 2545 2546 2547 2548 2598 2599 2600 2601 2602 2603 2604 2605 2606 2607 2608 2609 2610 2611 2612 2613 2614 2615 2616 2617 2618 2619 2620 2621 2622 2623 2624 2625 2626 2627 2628 2629 2630 2631 2632 2633 2634 2635 2636 2637 2638 2639 2640 2641 2642 2643 2644 2645 2646 2696 2697 2698 2699 2700 2701 2702 2703 2704 2705 2706 2707 2708 2709 2710 2711 2712 2713 2714 2715 2716 2717 2718 2719 2720 2721 2722 2723 2724 2725 2726 2727 2728 2729 2730 2731 2732 2733 2734 2735 2736 2737 2738 2739 2740 2741 2742 2743 2744 2806 2807 2808 2809 2810 2811 2812 2813 2814 2815 2816 2817 2818 2819 2820 2821 2822 2823 2824 2825 2826 2827 2828 2829 2830 2831 2832 2833 2834 2835 2836 2837 2838 2839 2840 2841 2842 2843 2844 2845 2846 2847 2848 2849 2850 2851 2852 2853 2854 2855 2856 2857 2858 2859 2860 2861 2862 2863 2864 2865 2866 2932 2933 2934 2935 2936 2937 2938 2939 2940 2941 2942 2943 2944 2945 2946 2947 2948 2949 2950 2951 2952 2953 2954 2955 2956 2957 2958 2959 2960 2961 2962 2963 2964 2965 2966 2967 2968 2969 2970 2971 2972 2973 2974 2975 2976 2977 2978 2979 2980 2981 2982 2983 2984 2985 2986 2987 2988 2989 2990 2991 2992 2993 2994 2995 2996 3040 3041 3042 3043 3044 3045 3046 3047 3048 3049 3050 3051 3052 3053 3054 3055 3056 3057 3058 3059 3060 3061 3062 3063 3064 3065 3066 3067 3068 3069 3070 3071 3072 3073 3074 3075 3076 3077 3078 3079 3080 3081 3082 3094 3095 3096 3097 3098 3099 3100 3101 3102 3103 3104 3166 3167 3168 3169 3170 3171 3172 3173 3174 3175 3176 3177 3178 3179 3180 3181 3182 3183 3184 3185 3186 3187 3188 3189 3190 3191 3192 3193 3194 3195 3196 3197 3198 3199 3200 3201 3202 3203 3204 3205 3206 3207 3208 3209 3210 3211 3212 3213 3214 3215 3216 3217 3218 3219 3220 3221 3222 3223 3224 3225 3226 3278 3279 3280 3281 3282 3283 3284 3285 3286 3287 3288 3289 3290 3291 3292 3293 3294 3295 3296 3297 3298 3299 3300 3301 3302 3303 3304 3305 3306 3307 3308 3309 3310 3311 3312 3313 3314 3315 3316 3317 3318 3319 3320 3321 3322 3323 3324 3325 3326 3327 3328 3370 3371 3372 3373 3374 3375 3376 3377 3378 3379 3380 3381 3382 3383 3384 3385 3386 3387 3388 3389 3390 3391 3392 3393 3394 3395 3396 3397 3398 3399 3400 3401 3402 3403 3404 3405 3406 3407 3408 3409 3410 3440 3441 3442 3443 3444 3445 3446 3447 3448 3449 3450 3451 3452 3453 3454 3455 3456 3457 3458 3459 3460 3461 3462 3463 3464 3465 3466 3467 3468 3514 3515 3516 3517 3518 3519 3520 3521 3522 3523 3524 3525 3526 3527 3528 3529 3530 3531 3532 3533 3534 3535 3536 3537 3538 3539 3540 3541 3542 3543 3544 3545 3546 3547 3548 3549 3550 3551 3552 3553 3554 3555 3556 3557 3558 3634 3635 3636 3637 3638 3639 3640 3641 3642 3643 3644 3645 3646 3647 3648 3649 3650 3651 3652 3653 3654 3655 3656 3657 3658 3659 3660 3661 3662 3663 3664 3665 3666 3667 3668 3669 3670 3671 3672 3673 3674 3675 3676 3677 3678 3679 3680 3681 3682 3683 3684 3685 3686 3687 3688 3689 3690 3691 3692 3693 3694 3695 3696 3697 3698 3699 3700 3701 3702 3703 3704 3705 3706 3707 3708 3780 3781 3782 3783 3784 3785 3786 3787 3788 3789 3790 3791 3792 3793 3794 3795 3796 3797 3798 3799 3800 3801 3802 3803 3804 3805 3806 3807 3808 3809 3810 3811 3812 3813 3814 3815 3816 3817 3818 3819 3820 3821 3822 3823 3824 3825 3826 3827 3828 3829 3830 3831 3832 3833 3834 3835 3836 3837 3838 3839 3840 3841 3842 3843 3844 3845 3846 3847 3848 3849 3850 3860 3861 3862 3863 3864 3865 3866 3867 3868 3890 3891 3892 3893 3894 3895 3896 3897 3898 3899 3900 3901 3902 3903 3904 3905 3906 3907 3908 3909 3910 3948 3949 3950 3951 3952 3953 3954 3955 3956 3957 3958 3959 3960 3961 3962 3963 3964 3965 3966 3967 3968 3969 3970 3971 3972 3973 3974 3975 3976 3977 3978 3979 3980 3981 3982 3983 3984 4002 4003 4004 4005 4006 4007 4008 4009 4010 4011 4012 4013 4014 4015 4016 4017 4018 4032 4033 4034 4035 4036 4037 4038 4039 4040 4041 4042 4043 4044 4086 4087 4088 4089 4090 4091 4092 4093 4094 4095 4096 4097 4098 4099 4100 4101 4102 4103 4104 4105 4106 4107 4108 4109 4110 4111 4112 4113 4114 4115 4116 4117 4118 4119 4120 4121 4122 4123 4124 4125 4126 4182 4183 4184 4185 4186 4187 4188 4189 4190 4191 4192 4193 4194 4195 4196 4197 4198 4199 4200 4201 4202 4203 4204 4205 4206 4207 4208 4209 4210 4211 4212 4213 4214 4215 4216 4217 4218 4219 4220 4221 4222 4223 4224 4225 4226 4227 4228 4229 4230 4231 4232 4233 4234 4235 4236 4268 4269 4270 4271 4272 4273 4274 4275 4276 4277 4278 4279 4280 4281 4282 4283 4284 4285 4286 4287 4288 4289 4290 4291 4292 4293 4294 4295 4296 4297 4298 4348 4349 4350 4351 4352 4353 4354 4355 4356 4357 4358 4359 4360 4361 4362 4363 4364 4365 4366 4367 4368 4369 4370 4371 4372 4373 4374 4375 4376 4377 4378 4379 4380 4381 4382 4383 4384 4385 4386 4387 4388 4389 4390 4391 4392 4393 4394 4395 4396 4428 4429 4430 4431 4432 4433 4434 4435 4436 4437 4438 4439 4440 4441 4442 4443 4444 4445 4446 4447 4448 4449 4450 4451 4452 4453 4454 4455 4456 4457 4458 4482 4483 4484 4485 4486 4487 4488 4489 4490 4491 4492 4493 4494 4495 4496 4497 4498 4499 4500 4501 4502 4503 4504 4524 4525 4526 4527 4528 4529 4530 4531 4532 4533 4534 4535 4536 4537 4538 4539 4540 4541 4542 4576 4577 4578 4579 4580 4581 4582 4583 4584 4585 4586 4587 4588 4589 4590 4591 4592 4593 4594 4595 4596 4597 4598 4599 4600 4601 4602 4603 4604 4605 4606 4607 4608 4694 4695 4696 4697 4698 4699 4700 4701 4702 4703 4704 4705 4706 4707 4708 4709 4710 4711 4712 4713 4714 4715 4716 4717 4718 4719 4720 4721 4722 4723 4724 4725 4726 4727 4728 4729 4730 4731 4732 4733 4734 4735 4736 4737 4738 4739 4740 4741 4742 4743 4744 4745 4746 4747 4748 4749 4750 4751 4752 4753 4754 4755 4756 4757 4758 4759 4760 4761 4762 4763 4764 4765 4766 4767 4768 4769 4770 4771 4772 4773 4774 4775 4776 4777 4778 4836 4837 4838 4839 4840 4841 4842 4843 4844 4845 4846 4847 4848 4849 4850 4851 4852 4853 4854 4855 4856 4857 4858 4859 4860 4861 4862 4863 4864 4865 4866 4867 4868 4869 4870 4871 4872 4873 4874 4875 4876 4877 4878 4879 4880 4881 4882 4883 4884 4885 4886 4887 4888 4889 4890 4891 4892 
