4566
0 0 
1 0 
1 0 
1 0 
2 3 2 3 0 
2 3 1 4 0 
1 0 
2 3 5 6 0 
1 0 
1 0 
2 3 8 9 0 
2 3 7 10 0 
1 0 
2 3 11 12 0 
1 0 
1 0 
1 0 
2 3 15 16 0 
2 3 14 17 0 
2 3 13 18 0 
1 0 
2 3 19 20 0 
1 0 
1 0 
1 0 
2 3 23 24 0 
1 0 
1 0 
2 3 26 27 0 
2 3 25 28 0 
2 3 22 29 0 
1 0 
2 3 30 31 0 
1 0 
1 0 
2 3 33 34 0 
2 3 32 35 0 
2 3 21 36 0 
1 0 
2 3 37 38 0 
1 0 
1 0 
2 3 40 41 0 
1 0 
2 3 42 43 0 
2 3 39 44 0 
1 0 
2 3 45 46 0 
3 2 0 47 
3 2 0 45 
3 2 0 39 
3 2 0 37 
3 2 0 21 
3 2 0 19 
3 2 0 13 
3 2 0 11 
3 2 0 7 
3 2 0 5 
3 2 0 1 
3 2 0 4 
3 2 0 2 
3 2 0 3 
3 2 0 6 
3 2 0 10 
3 2 0 8 
3 2 0 9 
3 2 0 12 
3 2 0 18 
3 2 0 14 
3 2 0 17 
3 2 0 15 
3 2 0 16 
3 2 0 20 
3 2 0 36 
3 2 0 32 
3 2 0 30 
3 2 0 22 
3 2 0 29 
3 2 0 25 
3 2 0 23 
3 2 0 24 
3 2 0 28 
3 2 0 26 
3 2 0 27 
3 2 0 31 
3 2 0 35 
3 2 0 33 
3 2 0 34 
3 2 0 38 
3 2 0 44 
3 2 0 42 
3 2 0 40 
3 2 0 41 
3 2 0 43 
3 2 0 46 
1 0 
1 0 
1 0 
1 0 
2 3 97 98 0 
1 0 
1 0 
1 0 
1 0 
2 3 102 103 0 
2 3 101 104 0 
2 3 100 105 0 
2 3 99 106 0 
1 0 
1 0 
1 0 
2 3 109 110 0 
1 0 
1 0 
1 0 
1 0 
1 0 
2 3 115 116 0 
1 0 
2 3 117 118 0 
1 0 
1 0 
2 3 120 121 0 
2 3 119 122 0 
2 3 114 123 0 
1 0 
2 3 124 125 0 
1 0 
2 3 126 127 0 
2 3 113 128 0 
2 3 112 129 0 
1 0 
1 0 
1 0 
2 3 132 133 0 
2 3 131 134 0 
2 3 130 135 0 
2 3 111 136 0 
2 3 108 137 0 
1 0 
2 3 138 139 0 
2 3 107 140 0 
2 3 96 141 0 
2 3 95 142 0 
3 2 0 143 
3 2 0 95 
3 2 0 142 
3 2 0 96 
3 2 0 141 
3 2 0 107 
3 2 0 99 
3 2 0 97 
3 2 0 98 
3 2 0 106 
3 2 0 100 
3 2 0 105 
3 2 0 101 
3 2 0 104 
3 2 0 102 
3 2 0 103 
3 2 0 140 
3 2 0 138 
3 2 0 108 
3 2 0 137 
3 2 0 111 
3 2 0 109 
3 2 0 110 
3 2 0 136 
3 2 0 130 
3 2 0 112 
3 2 0 129 
3 2 0 113 
3 2 0 128 
3 2 0 126 
3 2 0 124 
3 2 0 114 
3 2 0 123 
3 2 0 119 
3 2 0 117 
3 2 0 115 
3 2 0 116 
3 2 0 118 
3 2 0 122 
3 2 0 120 
3 2 0 121 
3 2 0 125 
3 2 0 127 
3 2 0 135 
3 2 0 131 
3 2 0 134 
3 2 0 132 
3 2 0 133 
3 2 0 139 
1 0 
1 0 
1 0 
1 0 
1 0 
1 0 
1 0 
1 0 
1 0 
2 3 200 201 0 
2 3 199 202 0 
2 3 198 203 0 
2 3 197 204 0 
2 3 196 205 0 
2 3 195 206 0 
2 3 194 207 0 
1 0 
2 3 208 209 0 
2 3 193 210 0 
3 2 0 211 
3 2 0 193 
3 2 0 210 
3 2 0 208 
3 2 0 194 
3 2 0 207 
3 2 0 195 
3 2 0 206 
3 2 0 196 
3 2 0 205 
3 2 0 197 
3 2 0 204 
3 2 0 198 
3 2 0 203 
3 2 0 199 
3 2 0 202 
3 2 0 200 
3 2 0 201 
3 2 0 209 
1 0 
1 0 
1 0 
2 3 232 233 0 
2 3 231 234 0 
1 0 
1 0 
1 0 
2 3 237 238 0 
2 3 236 239 0 
2 3 235 240 0 
1 0 
1 0 
1 0 
2 3 243 244 0 
2 3 242 245 0 
1 0 
2 3 246 247 0 
1 0 
1 0 
1 0 
2 3 250 251 0 
2 3 249 252 0 
2 3 248 253 0 
1 0 
2 3 254 255 0 
2 3 241 256 0 
3 2 0 257 
3 2 0 241 
3 2 0 235 
3 2 0 231 
3 2 0 234 
3 2 0 232 
3 2 0 233 
3 2 0 240 
3 2 0 236 
3 2 0 239 
3 2 0 237 
3 2 0 238 
3 2 0 256 
3 2 0 254 
3 2 0 248 
3 2 0 246 
3 2 0 242 
3 2 0 245 
3 2 0 243 
3 2 0 244 
3 2 0 247 
3 2 0 253 
3 2 0 249 
3 2 0 252 
3 2 0 250 
3 2 0 251 
3 2 0 255 
1 0 
1 0 
1 0 
2 3 286 287 0 
2 3 285 288 0 
1 0 
1 0 
1 0 
1 0 
1 0 
2 3 293 294 0 
2 3 292 295 0 
2 3 291 296 0 
1 0 
1 0 
1 0 
2 3 299 300 0 
1 0 
2 3 301 302 0 
2 3 298 303 0 
1 0 
1 0 
2 3 305 306 0 
2 3 304 307 0 
2 3 297 308 0 
2 3 290 309 0 
1 0 
2 3 310 311 0 
2 3 289 312 0 
3 2 0 313 
3 2 0 289 
3 2 0 285 
3 2 0 288 
3 2 0 286 
3 2 0 287 
3 2 0 312 
3 2 0 310 
3 2 0 290 
3 2 0 309 
3 2 0 297 
3 2 0 291 
3 2 0 296 
3 2 0 292 
3 2 0 295 
3 2 0 293 
3 2 0 294 
3 2 0 308 
3 2 0 304 
3 2 0 298 
3 2 0 303 
3 2 0 301 
3 2 0 299 
3 2 0 300 
3 2 0 302 
3 2 0 307 
3 2 0 305 
3 2 0 306 
3 2 0 311 
1 0 
1 0 
1 0 
1 0 
1 0 
2 3 346 347 0 
1 0 
2 3 348 349 0 
2 3 345 350 0 
1 0 
1 0 
1 0 
1 0 
1 0 
2 3 355 356 0 
2 3 354 357 0 
2 3 353 358 0 
1 0 
1 0 
2 3 360 361 0 
1 0 
2 3 362 363 0 
2 3 359 364 0 
2 3 352 365 0 
2 3 351 366 0 
2 3 344 367 0 
2 3 343 368 0 
1 0 
1 0 
1 0 
2 3 371 372 0 
2 3 370 373 0 
1 0 
1 0 
1 0 
1 0 
1 0 
2 3 378 379 0 
2 3 377 380 0 
2 3 376 381 0 
1 0 
2 3 382 383 0 
2 3 375 384 0 
2 3 374 385 0 
1 0 
1 0 
1 0 
2 3 388 389 0 
1 0 
1 0 
2 3 391 392 0 
2 3 390 393 0 
2 3 387 394 0 
2 3 386 395 0 
1 0 
2 3 396 397 0 
2 3 369 398 0 
3 2 0 399 
3 2 0 369 
3 2 0 343 
3 2 0 368 
3 2 0 344 
3 2 0 367 
3 2 0 351 
3 2 0 345 
3 2 0 350 
3 2 0 348 
3 2 0 346 
3 2 0 347 
3 2 0 349 
3 2 0 366 
3 2 0 352 
3 2 0 365 
3 2 0 359 
3 2 0 353 
3 2 0 358 
3 2 0 354 
3 2 0 357 
3 2 0 355 
3 2 0 356 
3 2 0 364 
3 2 0 362 
3 2 0 360 
3 2 0 361 
3 2 0 363 
3 2 0 398 
3 2 0 396 
3 2 0 386 
3 2 0 374 
3 2 0 370 
3 2 0 373 
3 2 0 371 
3 2 0 372 
3 2 0 385 
3 2 0 375 
3 2 0 384 
3 2 0 382 
3 2 0 376 
3 2 0 381 
3 2 0 377 
3 2 0 380 
3 2 0 378 
3 2 0 379 
3 2 0 383 
3 2 0 395 
3 2 0 387 
3 2 0 394 
3 2 0 390 
3 2 0 388 
3 2 0 389 
3 2 0 393 
3 2 0 391 
3 2 0 392 
3 2 0 397 
1 0 
1 0 
1 0 
1 0 
2 3 459 460 0 
2 3 458 461 0 
1 0 
1 0 
1 0 
1 0 
2 3 465 466 0 
2 3 464 467 0 
2 3 463 468 0 
2 3 462 469 0 
1 0 
2 3 470 471 0 
2 3 457 472 0 
3 2 0 473 
3 2 0 457 
3 2 0 472 
3 2 0 470 
3 2 0 462 
3 2 0 458 
3 2 0 461 
3 2 0 459 
3 2 0 460 
3 2 0 469 
3 2 0 463 
3 2 0 468 
3 2 0 464 
3 2 0 467 
3 2 0 465 
3 2 0 466 
3 2 0 471 
1 0 
1 0 
2 3 491 492 0 
1 0 
1 0 
1 0 
1 0 
1 0 
1 0 
2 3 498 499 0 
1 0 
1 0 
2 3 501 502 0 
2 3 500 503 0 
2 3 497 504 0 
2 3 496 505 0 
2 3 495 506 0 
2 3 494 507 0 
1 0 
2 3 508 509 0 
2 3 493 510 0 
3 2 0 511 
3 2 0 493 
3 2 0 491 
3 2 0 492 
3 2 0 510 
3 2 0 508 
3 2 0 494 
3 2 0 507 
3 2 0 495 
3 2 0 506 
3 2 0 496 
3 2 0 505 
3 2 0 497 
3 2 0 504 
3 2 0 500 
3 2 0 498 
3 2 0 499 
3 2 0 503 
3 2 0 501 
3 2 0 502 
3 2 0 509 
1 0 
1 0 
2 3 533 534 0 
1 0 
1 0 
2 3 536 537 0 
1 0 
1 0 
2 3 539 540 0 
1 0 
1 0 
1 0 
1 0 
2 3 544 545 0 
2 3 543 546 0 
2 3 542 547 0 
2 3 541 548 0 
1 0 
2 3 549 550 0 
1 0 
2 3 551 552 0 
1 0 
2 3 553 554 0 
1 0 
1 0 
2 3 556 557 0 
1 0 
2 3 558 559 0 
1 0 
1 0 
2 3 561 562 0 
2 3 560 563 0 
1 0 
2 3 564 565 0 
1 0 
2 3 566 567 0 
1 0 
1 0 
2 3 569 570 0 
2 3 568 571 0 
2 3 555 572 0 
2 3 538 573 0 
1 0 
2 3 574 575 0 
2 3 535 576 0 
3 2 0 577 
3 2 0 535 
3 2 0 533 
3 2 0 534 
3 2 0 576 
3 2 0 574 
3 2 0 538 
3 2 0 536 
3 2 0 537 
3 2 0 573 
3 2 0 555 
3 2 0 553 
3 2 0 551 
3 2 0 549 
3 2 0 541 
3 2 0 539 
3 2 0 540 
3 2 0 548 
3 2 0 542 
3 2 0 547 
3 2 0 543 
3 2 0 546 
3 2 0 544 
3 2 0 545 
3 2 0 550 
3 2 0 552 
3 2 0 554 
3 2 0 572 
3 2 0 568 
3 2 0 566 
3 2 0 564 
3 2 0 560 
3 2 0 558 
3 2 0 556 
3 2 0 557 
3 2 0 559 
3 2 0 563 
3 2 0 561 
3 2 0 562 
3 2 0 565 
3 2 0 567 
3 2 0 571 
3 2 0 569 
3 2 0 570 
3 2 0 575 
1 0 
1 0 
1 0 
1 0 
1 0 
2 3 626 627 0 
2 3 625 628 0 
2 3 624 629 0 
2 3 623 630 0 
1 0 
1 0 
1 0 
1 0 
1 0 
1 0 
2 3 636 637 0 
2 3 635 638 0 
2 3 634 639 0 
2 3 633 640 0 
2 3 632 641 0 
2 3 631 642 0 
1 0 
1 0 
1 0 
2 3 645 646 0 
2 3 644 647 0 
1 0 
2 3 648 649 0 
2 3 643 650 0 
3 2 0 651 
3 2 0 643 
3 2 0 631 
3 2 0 623 
3 2 0 630 
3 2 0 624 
3 2 0 629 
3 2 0 625 
3 2 0 628 
3 2 0 626 
3 2 0 627 
3 2 0 642 
3 2 0 632 
3 2 0 641 
3 2 0 633 
3 2 0 640 
3 2 0 634 
3 2 0 639 
3 2 0 635 
3 2 0 638 
3 2 0 636 
3 2 0 637 
3 2 0 650 
3 2 0 648 
3 2 0 644 
3 2 0 647 
3 2 0 645 
3 2 0 646 
3 2 0 649 
1 0 
1 0 
1 0 
2 3 682 683 0 
1 0 
1 0 
2 3 685 686 0 
2 3 684 687 0 
1 0 
1 0 
1 0 
2 3 690 691 0 
1 0 
1 0 
2 3 693 694 0 
2 3 692 695 0 
1 0 
1 0 
1 0 
2 3 698 699 0 
1 0 
1 0 
2 3 701 702 0 
1 0 
1 0 
1 0 
2 3 705 706 0 
1 0 
1 0 
1 0 
1 0 
2 3 710 711 0 
1 0 
2 3 712 713 0 
2 3 709 714 0 
2 3 708 715 0 
2 3 707 716 0 
2 3 704 717 0 
2 3 703 718 0 
2 3 700 719 0 
2 3 697 720 0 
1 0 
2 3 721 722 0 
2 3 696 723 0 
2 3 689 724 0 
2 3 688 725 0 
2 3 681 726 0 
3 2 0 727 
3 2 0 681 
3 2 0 726 
3 2 0 688 
3 2 0 684 
3 2 0 682 
3 2 0 683 
3 2 0 687 
3 2 0 685 
3 2 0 686 
3 2 0 725 
3 2 0 689 
3 2 0 724 
3 2 0 696 
3 2 0 692 
3 2 0 690 
3 2 0 691 
3 2 0 695 
3 2 0 693 
3 2 0 694 
3 2 0 723 
3 2 0 721 
3 2 0 697 
3 2 0 720 
3 2 0 700 
3 2 0 698 
3 2 0 699 
3 2 0 719 
3 2 0 703 
3 2 0 701 
3 2 0 702 
3 2 0 718 
3 2 0 704 
3 2 0 717 
3 2 0 707 
3 2 0 705 
3 2 0 706 
3 2 0 716 
3 2 0 708 
3 2 0 715 
3 2 0 709 
3 2 0 714 
3 2 0 712 
3 2 0 710 
3 2 0 711 
3 2 0 713 
3 2 0 722 
1 0 
1 0 
1 0 
1 0 
1 0 
1 0 
1 0 
2 3 780 781 0 
2 3 779 782 0 
2 3 778 783 0 
2 3 777 784 0 
2 3 776 785 0 
1 0 
1 0 
2 3 787 788 0 
2 3 786 789 0 
2 3 775 790 0 
3 2 0 791 
3 2 0 775 
3 2 0 790 
3 2 0 786 
3 2 0 776 
3 2 0 785 
3 2 0 777 
3 2 0 784 
3 2 0 778 
3 2 0 783 
3 2 0 779 
3 2 0 782 
3 2 0 780 
3 2 0 781 
3 2 0 789 
3 2 0 787 
3 2 0 788 
1 0 
1 0 
2 3 809 810 0 
1 0 
1 0 
1 0 
1 0 
2 3 814 815 0 
1 0 
2 3 816 817 0 
2 3 813 818 0 
2 3 812 819 0 
2 3 811 820 0 
3 2 0 821 
3 2 0 811 
3 2 0 809 
3 2 0 810 
3 2 0 820 
3 2 0 812 
3 2 0 819 
3 2 0 813 
3 2 0 818 
3 2 0 816 
3 2 0 814 
3 2 0 815 
3 2 0 817 
1 0 
1 0 
1 0 
1 0 
1 0 
1 0 
1 0 
1 0 
2 3 841 842 0 
2 3 840 843 0 
1 0 
1 0 
2 3 845 846 0 
2 3 844 847 0 
2 3 839 848 0 
2 3 838 849 0 
2 3 837 850 0 
2 3 836 851 0 
2 3 835 852 0 
1 0 
2 3 853 854 0 
3 2 0 855 
3 2 0 853 
3 2 0 835 
3 2 0 852 
3 2 0 836 
3 2 0 851 
3 2 0 837 
3 2 0 850 
3 2 0 838 
3 2 0 849 
3 2 0 839 
3 2 0 848 
3 2 0 844 
3 2 0 840 
3 2 0 843 
3 2 0 841 
3 2 0 842 
3 2 0 847 
3 2 0 845 
3 2 0 846 
3 2 0 854 
1 0 
1 0 
1 0 
1 0 
1 0 
2 3 880 881 0 
2 3 879 882 0 
1 0 
2 3 883 884 0 
1 0 
2 3 885 886 0 
1 0 
1 0 
1 0 
1 0 
1 0 
2 3 891 892 0 
2 3 890 893 0 
2 3 889 894 0 
2 3 888 895 0 
1 0 
1 0 
2 3 897 898 0 
2 3 896 899 0 
2 3 887 900 0 
2 3 878 901 0 
1 0 
2 3 902 903 0 
2 3 877 904 0 
3 2 0 905 
3 2 0 877 
3 2 0 904 
3 2 0 902 
3 2 0 878 
3 2 0 901 
3 2 0 887 
3 2 0 885 
3 2 0 883 
3 2 0 879 
3 2 0 882 
3 2 0 880 
3 2 0 881 
3 2 0 884 
3 2 0 886 
3 2 0 900 
3 2 0 896 
3 2 0 888 
3 2 0 895 
3 2 0 889 
3 2 0 894 
3 2 0 890 
3 2 0 893 
3 2 0 891 
3 2 0 892 
3 2 0 899 
3 2 0 897 
3 2 0 898 
3 2 0 903 
1 0 
1 0 
2 3 935 936 0 
1 0 
1 0 
1 0 
2 3 939 940 0 
1 0 
2 3 941 942 0 
1 0 
1 0 
1 0 
2 3 945 946 0 
2 3 944 947 0 
1 0 
1 0 
1 0 
2 3 950 951 0 
2 3 949 952 0 
2 3 948 953 0 
1 0 
2 3 954 955 0 
2 3 943 956 0 
2 3 938 957 0 
1 0 
2 3 958 959 0 
2 3 937 960 0 
3 2 0 961 
3 2 0 937 
3 2 0 935 
3 2 0 936 
3 2 0 960 
3 2 0 958 
3 2 0 938 
3 2 0 957 
3 2 0 943 
3 2 0 941 
3 2 0 939 
3 2 0 940 
3 2 0 942 
3 2 0 956 
3 2 0 954 
3 2 0 948 
3 2 0 944 
3 2 0 947 
3 2 0 945 
3 2 0 946 
3 2 0 953 
3 2 0 949 
3 2 0 952 
3 2 0 950 
3 2 0 951 
3 2 0 955 
3 2 0 959 
1 0 
1 0 
1 0 
1 0 
1 0 
2 3 992 993 0 
1 0 
1 0 
2 3 995 996 0 
2 3 994 997 0 
2 3 991 998 0 
1 0 
1 0 
1 0 
2 3 1001 1002 0 
2 3 1000 1003 0 
2 3 999 1004 0 
1 0 
2 3 1005 1006 0 
2 3 990 1007 0 
2 3 989 1008 0 
3 2 0 1009 
3 2 0 989 
3 2 0 1008 
3 2 0 990 
3 2 0 1007 
3 2 0 1005 
3 2 0 999 
3 2 0 991 
3 2 0 998 
3 2 0 994 
3 2 0 992 
3 2 0 993 
3 2 0 997 
3 2 0 995 
3 2 0 996 
3 2 0 1004 
3 2 0 1000 
3 2 0 1003 
3 2 0 1001 
3 2 0 1002 
3 2 0 1006 
1 0 
1 0 
1 0 
1 0 
1 0 
1 0 
2 3 1035 1036 0 
1 0 
1 0 
1 0 
1 0 
1 0 
2 3 1041 1042 0 
2 3 1040 1043 0 
1 0 
1 0 
2 3 1045 1046 0 
2 3 1044 1047 0 
2 3 1039 1048 0 
2 3 1038 1049 0 
2 3 1037 1050 0 
2 3 1034 1051 0 
2 3 1033 1052 0 
2 3 1032 1053 0 
2 3 1031 1054 0 
1 0 
2 3 1055 1056 0 
3 2 0 1057 
3 2 0 1055 
3 2 0 1031 
3 2 0 1054 
3 2 0 1032 
3 2 0 1053 
3 2 0 1033 
3 2 0 1052 
3 2 0 1034 
3 2 0 1051 
3 2 0 1037 
3 2 0 1035 
3 2 0 1036 
3 2 0 1050 
3 2 0 1038 
3 2 0 1049 
3 2 0 1039 
3 2 0 1048 
3 2 0 1044 
3 2 0 1040 
3 2 0 1043 
3 2 0 1041 
3 2 0 1042 
3 2 0 1047 
3 2 0 1045 
3 2 0 1046 
3 2 0 1056 
1 0 
1 0 
2 3 1085 1086 0 
1 0 
2 3 1087 1088 0 
1 0 
1 0 
1 0 
1 0 
1 0 
1 0 
2 3 1094 1095 0 
2 3 1093 1096 0 
1 0 
1 0 
2 3 1098 1099 0 
2 3 1097 1100 0 
2 3 1092 1101 0 
2 3 1091 1102 0 
1 0 
1 0 
1 0 
1 0 
2 3 1106 1107 0 
2 3 1105 1108 0 
2 3 1104 1109 0 
2 3 1103 1110 0 
1 0 
2 3 1111 1112 0 
1 0 
2 3 1113 1114 0 
1 0 
1 0 
1 0 
2 3 1117 1118 0 
2 3 1116 1119 0 
1 0 
1 0 
1 0 
1 0 
1 0 
1 0 
2 3 1125 1126 0 
1 0 
1 0 
1 0 
1 0 
2 3 1130 1131 0 
1 0 
1 0 
1 0 
2 3 1134 1135 0 
1 0 
2 3 1136 1137 0 
1 0 
2 3 1138 1139 0 
1 0 
2 3 1140 1141 0 
1 0 
1 0 
1 0 
1 0 
2 3 1145 1146 0 
2 3 1144 1147 0 
2 3 1143 1148 0 
2 3 1142 1149 0 
2 3 1133 1150 0 
2 3 1132 1151 0 
1 0 
1 0 
1 0 
2 3 1154 1155 0 
2 3 1153 1156 0 
2 3 1152 1157 0 
2 3 1129 1158 0 
2 3 1128 1159 0 
2 3 1127 1160 0 
2 3 1124 1161 0 
2 3 1123 1162 0 
2 3 1122 1163 0 
2 3 1121 1164 0 
2 3 1120 1165 0 
2 3 1115 1166 0 
1 0 
2 3 1167 1168 0 
2 3 1090 1169 0 
2 3 1089 1170 0 
3 2 0 1171 
3 2 0 1089 
3 2 0 1087 
3 2 0 1085 
3 2 0 1086 
3 2 0 1088 
3 2 0 1170 
3 2 0 1090 
3 2 0 1169 
3 2 0 1167 
3 2 0 1115 
3 2 0 1113 
3 2 0 1111 
3 2 0 1103 
3 2 0 1091 
3 2 0 1102 
3 2 0 1092 
3 2 0 1101 
3 2 0 1097 
3 2 0 1093 
3 2 0 1096 
3 2 0 1094 
3 2 0 1095 
3 2 0 1100 
3 2 0 1098 
3 2 0 1099 
3 2 0 1110 
3 2 0 1104 
3 2 0 1109 
3 2 0 1105 
3 2 0 1108 
3 2 0 1106 
3 2 0 1107 
3 2 0 1112 
3 2 0 1114 
3 2 0 1166 
3 2 0 1120 
3 2 0 1116 
3 2 0 1119 
3 2 0 1117 
3 2 0 1118 
3 2 0 1165 
3 2 0 1121 
3 2 0 1164 
3 2 0 1122 
3 2 0 1163 
3 2 0 1123 
3 2 0 1162 
3 2 0 1124 
3 2 0 1161 
3 2 0 1127 
3 2 0 1125 
3 2 0 1126 
3 2 0 1160 
3 2 0 1128 
3 2 0 1159 
3 2 0 1129 
3 2 0 1158 
3 2 0 1152 
3 2 0 1132 
3 2 0 1130 
3 2 0 1131 
3 2 0 1151 
3 2 0 1133 
3 2 0 1150 
3 2 0 1142 
3 2 0 1140 
3 2 0 1138 
3 2 0 1136 
3 2 0 1134 
3 2 0 1135 
3 2 0 1137 
3 2 0 1139 
3 2 0 1141 
3 2 0 1149 
3 2 0 1143 
3 2 0 1148 
3 2 0 1144 
3 2 0 1147 
3 2 0 1145 
3 2 0 1146 
3 2 0 1157 
3 2 0 1153 
3 2 0 1156 
3 2 0 1154 
3 2 0 1155 
3 2 0 1168 
1 0 
1 0 
2 3 1259 1260 0 
1 0 
1 0 
1 0 
2 3 1263 1264 0 
2 3 1262 1265 0 
2 3 1261 1266 0 
1 0 
1 0 
1 0 
1 0 
1 0 
1 0 
2 3 1272 1273 0 
2 3 1271 1274 0 
2 3 1270 1275 0 
1 0 
1 0 
1 0 
2 3 1278 1279 0 
2 3 1277 1280 0 
2 3 1276 1281 0 
2 3 1269 1282 0 
2 3 1268 1283 0 
1 0 
2 3 1284 1285 0 
2 3 1267 1286 0 
3 2 0 1287 
3 2 0 1267 
3 2 0 1261 
3 2 0 1259 
3 2 0 1260 
3 2 0 1266 
3 2 0 1262 
3 2 0 1265 
3 2 0 1263 
3 2 0 1264 
3 2 0 1286 
3 2 0 1284 
3 2 0 1268 
3 2 0 1283 
3 2 0 1269 
3 2 0 1282 
3 2 0 1276 
3 2 0 1270 
3 2 0 1275 
3 2 0 1271 
3 2 0 1274 
3 2 0 1272 
3 2 0 1273 
3 2 0 1281 
3 2 0 1277 
3 2 0 1280 
3 2 0 1278 
3 2 0 1279 
3 2 0 1285 
1 0 
1 0 
2 3 1317 1318 0 
1 0 
1 0 
1 0 
2 3 1321 1322 0 
2 3 1320 1323 0 
2 3 1319 1324 0 
1 0 
1 0 
1 0 
1 0 
2 3 1328 1329 0 
2 3 1327 1330 0 
1 0 
1 0 
2 3 1332 1333 0 
1 0 
1 0 
1 0 
1 0 
2 3 1337 1338 0 
2 3 1336 1339 0 
2 3 1335 1340 0 
2 3 1334 1341 0 
1 0 
2 3 1342 1343 0 
2 3 1331 1344 0 
2 3 1326 1345 0 
2 3 1325 1346 0 
3 2 0 1347 
3 2 0 1325 
3 2 0 1319 
3 2 0 1317 
3 2 0 1318 
3 2 0 1324 
3 2 0 1320 
3 2 0 1323 
3 2 0 1321 
3 2 0 1322 
3 2 0 1346 
3 2 0 1326 
3 2 0 1345 
3 2 0 1331 
3 2 0 1327 
3 2 0 1330 
3 2 0 1328 
3 2 0 1329 
3 2 0 1344 
3 2 0 1342 
3 2 0 1334 
3 2 0 1332 
3 2 0 1333 
3 2 0 1341 
3 2 0 1335 
3 2 0 1340 
3 2 0 1336 
3 2 0 1339 
3 2 0 1337 
3 2 0 1338 
3 2 0 1343 
1 0 
1 0 
1 0 
1 0 
2 3 1381 1382 0 
1 0 
1 0 
1 0 
1 0 
1 0 
1 0 
1 0 
2 3 1389 1390 0 
2 3 1388 1391 0 
1 0 
1 0 
2 3 1393 1394 0 
2 3 1392 1395 0 
1 0 
2 3 1396 1397 0 
1 0 
1 0 
1 0 
1 0 
1 0 
1 0 
1 0 
1 0 
1 0 
1 0 
2 3 1407 1408 0 
1 0 
1 0 
1 0 
1 0 
1 0 
2 3 1413 1414 0 
2 3 1412 1415 0 
2 3 1411 1416 0 
2 3 1410 1417 0 
2 3 1409 1418 0 
2 3 1406 1419 0 
2 3 1405 1420 0 
2 3 1404 1421 0 
2 3 1403 1422 0 
2 3 1402 1423 0 
2 3 1401 1424 0 
2 3 1400 1425 0 
2 3 1399 1426 0 
2 3 1398 1427 0 
2 3 1387 1428 0 
2 3 1386 1429 0 
2 3 1385 1430 0 
2 3 1384 1431 0 
2 3 1383 1432 0 
2 3 1380 1433 0 
1 0 
2 3 1434 1435 0 
2 3 1379 1436 0 
3 2 0 1437 
3 2 0 1379 
3 2 0 1436 
3 2 0 1434 
3 2 0 1380 
3 2 0 1433 
3 2 0 1383 
3 2 0 1381 
3 2 0 1382 
3 2 0 1432 
3 2 0 1384 
3 2 0 1431 
3 2 0 1385 
3 2 0 1430 
3 2 0 1386 
3 2 0 1429 
3 2 0 1387 
3 2 0 1428 
3 2 0 1398 
3 2 0 1396 
3 2 0 1392 
3 2 0 1388 
3 2 0 1391 
3 2 0 1389 
3 2 0 1390 
3 2 0 1395 
3 2 0 1393 
3 2 0 1394 
3 2 0 1397 
3 2 0 1427 
3 2 0 1399 
3 2 0 1426 
3 2 0 1400 
3 2 0 1425 
3 2 0 1401 
3 2 0 1424 
3 2 0 1402 
3 2 0 1423 
3 2 0 1403 
3 2 0 1422 
3 2 0 1404 
3 2 0 1421 
3 2 0 1405 
3 2 0 1420 
3 2 0 1406 
3 2 0 1419 
3 2 0 1409 
3 2 0 1407 
3 2 0 1408 
3 2 0 1418 
3 2 0 1410 
3 2 0 1417 
3 2 0 1411 
3 2 0 1416 
3 2 0 1412 
3 2 0 1415 
3 2 0 1413 
3 2 0 1414 
3 2 0 1435 
1 0 
1 0 
1 0 
1 0 
1 0 
1 0 
1 0 
1 0 
1 0 
2 3 1504 1505 0 
2 3 1503 1506 0 
2 3 1502 1507 0 
2 3 1501 1508 0 
1 0 
1 0 
1 0 
1 0 
1 0 
1 0 
2 3 1514 1515 0 
2 3 1513 1516 0 
2 3 1512 1517 0 
2 3 1511 1518 0 
2 3 1510 1519 0 
2 3 1509 1520 0 
2 3 1500 1521 0 
2 3 1499 1522 0 
2 3 1498 1523 0 
1 0 
2 3 1524 1525 0 
2 3 1497 1526 0 
3 2 0 1527 
3 2 0 1497 
3 2 0 1526 
3 2 0 1524 
3 2 0 1498 
3 2 0 1523 
3 2 0 1499 
3 2 0 1522 
3 2 0 1500 
3 2 0 1521 
3 2 0 1509 
3 2 0 1501 
3 2 0 1508 
3 2 0 1502 
3 2 0 1507 
3 2 0 1503 
3 2 0 1506 
3 2 0 1504 
3 2 0 1505 
3 2 0 1520 
3 2 0 1510 
3 2 0 1519 
3 2 0 1511 
3 2 0 1518 
3 2 0 1512 
3 2 0 1517 
3 2 0 1513 
3 2 0 1516 
3 2 0 1514 
3 2 0 1515 
3 2 0 1525 
1 0 
1 0 
1 0 
1 0 
2 3 1561 1562 0 
2 3 1560 1563 0 
1 0 
1 0 
1 0 
2 3 1566 1567 0 
2 3 1565 1568 0 
2 3 1564 1569 0 
1 0 
1 0 
1 0 
2 3 1572 1573 0 
1 0 
2 3 1574 1575 0 
2 3 1571 1576 0 
2 3 1570 1577 0 
2 3 1559 1578 0 
3 2 0 1579 
3 2 0 1559 
3 2 0 1578 
3 2 0 1570 
3 2 0 1564 
3 2 0 1560 
3 2 0 1563 
3 2 0 1561 
3 2 0 1562 
3 2 0 1569 
3 2 0 1565 
3 2 0 1568 
3 2 0 1566 
3 2 0 1567 
3 2 0 1577 
3 2 0 1571 
3 2 0 1576 
3 2 0 1574 
3 2 0 1572 
3 2 0 1573 
3 2 0 1575 
1 0 
1 0 
2 3 1601 1602 0 
1 0 
1 0 
1 0 
2 3 1605 1606 0 
2 3 1604 1607 0 
2 3 1603 1608 0 
1 0 
1 0 
1 0 
1 0 
1 0 
1 0 
2 3 1614 1615 0 
2 3 1613 1616 0 
1 0 
1 0 
1 0 
1 0 
1 0 
1 0 
2 3 1622 1623 0 
2 3 1621 1624 0 
2 3 1620 1625 0 
1 0 
1 0 
1 0 
2 3 1628 1629 0 
1 0 
1 0 
2 3 1631 1632 0 
2 3 1630 1633 0 
1 0 
2 3 1634 1635 0 
2 3 1627 1636 0 
1 0 
1 0 
1 0 
2 3 1639 1640 0 
2 3 1638 1641 0 
2 3 1637 1642 0 
2 3 1626 1643 0 
2 3 1619 1644 0 
2 3 1618 1645 0 
2 3 1617 1646 0 
2 3 1612 1647 0 
2 3 1611 1648 0 
2 3 1610 1649 0 
1 0 
2 3 1650 1651 0 
2 3 1609 1652 0 
3 2 0 1653 
3 2 0 1609 
3 2 0 1603 
3 2 0 1601 
3 2 0 1602 
3 2 0 1608 
3 2 0 1604 
3 2 0 1607 
3 2 0 1605 
3 2 0 1606 
3 2 0 1652 
3 2 0 1650 
3 2 0 1610 
3 2 0 1649 
3 2 0 1611 
3 2 0 1648 
3 2 0 1612 
3 2 0 1647 
3 2 0 1617 
3 2 0 1613 
3 2 0 1616 
3 2 0 1614 
3 2 0 1615 
3 2 0 1646 
3 2 0 1618 
3 2 0 1645 
3 2 0 1619 
3 2 0 1644 
3 2 0 1626 
3 2 0 1620 
3 2 0 1625 
3 2 0 1621 
3 2 0 1624 
3 2 0 1622 
3 2 0 1623 
3 2 0 1643 
3 2 0 1637 
3 2 0 1627 
3 2 0 1636 
3 2 0 1634 
3 2 0 1630 
3 2 0 1628 
3 2 0 1629 
3 2 0 1633 
3 2 0 1631 
3 2 0 1632 
3 2 0 1635 
3 2 0 1642 
3 2 0 1638 
3 2 0 1641 
3 2 0 1639 
3 2 0 1640 
3 2 0 1651 
1 0 
1 0 
2 3 1707 1708 0 
1 0 
1 0 
2 3 1710 1711 0 
1 0 
2 3 1712 1713 0 
1 0 
1 0 
2 3 1715 1716 0 
1 0 
1 0 
1 0 
1 0 
1 0 
2 3 1721 1722 0 
2 3 1720 1723 0 
2 3 1719 1724 0 
2 3 1718 1725 0 
2 3 1717 1726 0 
2 3 1714 1727 0 
1 0 
2 3 1728 1729 0 
2 3 1709 1730 0 
3 2 0 1731 
3 2 0 1709 
3 2 0 1707 
3 2 0 1708 
3 2 0 1730 
3 2 0 1728 
3 2 0 1714 
3 2 0 1712 
3 2 0 1710 
3 2 0 1711 
3 2 0 1713 
3 2 0 1727 
3 2 0 1717 
3 2 0 1715 
3 2 0 1716 
3 2 0 1726 
3 2 0 1718 
3 2 0 1725 
3 2 0 1719 
3 2 0 1724 
3 2 0 1720 
3 2 0 1723 
3 2 0 1721 
3 2 0 1722 
3 2 0 1729 
1 0 
1 0 
2 3 1757 1758 0 
1 0 
1 0 
2 3 1760 1761 0 
1 0 
1 0 
1 0 
2 3 1764 1765 0 
1 0 
1 0 
2 3 1767 1768 0 
2 3 1766 1769 0 
1 0 
1 0 
1 0 
1 0 
2 3 1773 1774 0 
1 0 
1 0 
1 0 
1 0 
1 0 
2 3 1779 1780 0 
2 3 1778 1781 0 
2 3 1777 1782 0 
2 3 1776 1783 0 
2 3 1775 1784 0 
2 3 1772 1785 0 
2 3 1771 1786 0 
2 3 1770 1787 0 
2 3 1763 1788 0 
2 3 1762 1789 0 
1 0 
2 3 1790 1791 0 
2 3 1759 1792 0 
3 2 0 1793 
3 2 0 1759 
3 2 0 1757 
3 2 0 1758 
3 2 0 1792 
3 2 0 1790 
3 2 0 1762 
3 2 0 1760 
3 2 0 1761 
3 2 0 1789 
3 2 0 1763 
3 2 0 1788 
3 2 0 1770 
3 2 0 1766 
3 2 0 1764 
3 2 0 1765 
3 2 0 1769 
3 2 0 1767 
3 2 0 1768 
3 2 0 1787 
3 2 0 1771 
3 2 0 1786 
3 2 0 1772 
3 2 0 1785 
3 2 0 1775 
3 2 0 1773 
3 2 0 1774 
3 2 0 1784 
3 2 0 1776 
3 2 0 1783 
3 2 0 1777 
3 2 0 1782 
3 2 0 1778 
3 2 0 1781 
3 2 0 1779 
3 2 0 1780 
3 2 0 1791 
1 0 
1 0 
2 3 1831 1832 0 
1 0 
1 0 
2 3 1834 1835 0 
2 3 1833 1836 0 
1 0 
2 3 1837 1838 0 
1 0 
2 3 1839 1840 0 
1 0 
1 0 
2 3 1842 1843 0 
1 0 
1 0 
1 0 
1 0 
2 3 1847 1848 0 
1 0 
2 3 1849 1850 0 
1 0 
1 0 
1 0 
2 3 1853 1854 0 
2 3 1852 1855 0 
2 3 1851 1856 0 
2 3 1846 1857 0 
2 3 1845 1858 0 
1 0 
1 0 
1 0 
2 3 1861 1862 0 
2 3 1860 1863 0 
2 3 1859 1864 0 
2 3 1844 1865 0 
2 3 1841 1866 0 
1 0 
2 3 1867 1868 0 
3 2 0 1869 
3 2 0 1867 
3 2 0 1841 
3 2 0 1839 
3 2 0 1837 
3 2 0 1833 
3 2 0 1831 
3 2 0 1832 
3 2 0 1836 
3 2 0 1834 
3 2 0 1835 
3 2 0 1838 
3 2 0 1840 
3 2 0 1866 
3 2 0 1844 
3 2 0 1842 
3 2 0 1843 
3 2 0 1865 
3 2 0 1859 
3 2 0 1845 
3 2 0 1858 
3 2 0 1846 
3 2 0 1857 
3 2 0 1851 
3 2 0 1849 
3 2 0 1847 
3 2 0 1848 
3 2 0 1850 
3 2 0 1856 
3 2 0 1852 
3 2 0 1855 
3 2 0 1853 
3 2 0 1854 
3 2 0 1864 
3 2 0 1860 
3 2 0 1863 
3 2 0 1861 
3 2 0 1862 
3 2 0 1868 
1 0 
1 0 
2 3 1909 1910 0 
1 0 
1 0 
1 0 
2 3 1913 1914 0 
1 0 
2 3 1915 1916 0 
1 0 
1 0 
2 3 1918 1919 0 
2 3 1917 1920 0 
1 0 
2 3 1921 1922 0 
1 0 
1 0 
1 0 
2 3 1925 1926 0 
1 0 
1 0 
1 0 
1 0 
2 3 1930 1931 0 
2 3 1929 1932 0 
2 3 1928 1933 0 
2 3 1927 1934 0 
1 0 
2 3 1935 1936 0 
1 0 
1 0 
2 3 1938 1939 0 
1 0 
1 0 
1 0 
2 3 1942 1943 0 
1 0 
2 3 1944 1945 0 
2 3 1941 1946 0 
2 3 1940 1947 0 
2 3 1937 1948 0 
2 3 1924 1949 0 
2 3 1923 1950 0 
2 3 1912 1951 0 
1 0 
2 3 1952 1953 0 
2 3 1911 1954 0 
3 2 0 1955 
3 2 0 1911 
3 2 0 1909 
3 2 0 1910 
3 2 0 1954 
3 2 0 1952 
3 2 0 1912 
3 2 0 1951 
3 2 0 1923 
3 2 0 1921 
3 2 0 1917 
3 2 0 1915 
3 2 0 1913 
3 2 0 1914 
3 2 0 1916 
3 2 0 1920 
3 2 0 1918 
3 2 0 1919 
3 2 0 1922 
3 2 0 1950 
3 2 0 1924 
3 2 0 1949 
3 2 0 1937 
3 2 0 1935 
3 2 0 1927 
3 2 0 1925 
3 2 0 1926 
3 2 0 1934 
3 2 0 1928 
3 2 0 1933 
3 2 0 1929 
3 2 0 1932 
3 2 0 1930 
3 2 0 1931 
3 2 0 1936 
3 2 0 1948 
3 2 0 1940 
3 2 0 1938 
3 2 0 1939 
3 2 0 1947 
3 2 0 1941 
3 2 0 1946 
3 2 0 1944 
3 2 0 1942 
3 2 0 1943 
3 2 0 1945 
3 2 0 1953 
1 0 
1 0 
1 0 
1 0 
2 3 2005 2006 0 
1 0 
1 0 
2 3 2008 2009 0 
2 3 2007 2010 0 
2 3 2004 2011 0 
1 0 
2 3 2012 2013 0 
1 0 
1 0 
1 0 
2 3 2016 2017 0 
1 0 
1 0 
1 0 
1 0 
1 0 
1 0 
2 3 2023 2024 0 
2 3 2022 2025 0 
2 3 2021 2026 0 
2 3 2020 2027 0 
2 3 2019 2028 0 
1 0 
1 0 
1 0 
1 0 
2 3 2032 2033 0 
2 3 2031 2034 0 
1 0 
2 3 2035 2036 0 
1 0 
1 0 
1 0 
1 0 
2 3 2040 2041 0 
1 0 
1 0 
1 0 
2 3 2044 2045 0 
1 0 
1 0 
1 0 
2 3 2048 2049 0 
1 0 
1 0 
1 0 
1 0 
1 0 
1 0 
2 3 2055 2056 0 
2 3 2054 2057 0 
2 3 2053 2058 0 
2 3 2052 2059 0 
2 3 2051 2060 0 
2 3 2050 2061 0 
1 0 
2 3 2062 2063 0 
1 0 
1 0 
2 3 2065 2066 0 
2 3 2064 2067 0 
2 3 2047 2068 0 
2 3 2046 2069 0 
2 3 2043 2070 0 
2 3 2042 2071 0 
2 3 2039 2072 0 
2 3 2038 2073 0 
2 3 2037 2074 0 
2 3 2030 2075 0 
2 3 2029 2076 0 
2 3 2018 2077 0 
2 3 2015 2078 0 
2 3 2014 2079 0 
1 0 
2 3 2080 2081 0 
2 3 2003 2082 0 
3 2 0 2083 
3 2 0 2003 
3 2 0 2082 
3 2 0 2080 
3 2 0 2014 
3 2 0 2012 
3 2 0 2004 
3 2 0 2011 
3 2 0 2007 
3 2 0 2005 
3 2 0 2006 
3 2 0 2010 
3 2 0 2008 
3 2 0 2009 
3 2 0 2013 
3 2 0 2079 
3 2 0 2015 
3 2 0 2078 
3 2 0 2018 
3 2 0 2016 
3 2 0 2017 
3 2 0 2077 
3 2 0 2029 
3 2 0 2019 
3 2 0 2028 
3 2 0 2020 
3 2 0 2027 
3 2 0 2021 
3 2 0 2026 
3 2 0 2022 
3 2 0 2025 
3 2 0 2023 
3 2 0 2024 
3 2 0 2076 
3 2 0 2030 
3 2 0 2075 
3 2 0 2037 
3 2 0 2035 
3 2 0 2031 
3 2 0 2034 
3 2 0 2032 
3 2 0 2033 
3 2 0 2036 
3 2 0 2074 
3 2 0 2038 
3 2 0 2073 
3 2 0 2039 
3 2 0 2072 
3 2 0 2042 
3 2 0 2040 
3 2 0 2041 
3 2 0 2071 
3 2 0 2043 
3 2 0 2070 
3 2 0 2046 
3 2 0 2044 
3 2 0 2045 
3 2 0 2069 
3 2 0 2047 
3 2 0 2068 
3 2 0 2064 
3 2 0 2062 
3 2 0 2050 
3 2 0 2048 
3 2 0 2049 
3 2 0 2061 
3 2 0 2051 
3 2 0 2060 
3 2 0 2052 
3 2 0 2059 
3 2 0 2053 
3 2 0 2058 
3 2 0 2054 
3 2 0 2057 
3 2 0 2055 
3 2 0 2056 
3 2 0 2063 
3 2 0 2067 
3 2 0 2065 
3 2 0 2066 
3 2 0 2081 
1 0 
1 0 
1 0 
2 3 2166 2167 0 
1 0 
2 3 2168 2169 0 
2 3 2165 2170 0 
1 0 
2 3 2171 2172 0 
3 2 0 2173 
3 2 0 2171 
3 2 0 2165 
3 2 0 2170 
3 2 0 2168 
3 2 0 2166 
3 2 0 2167 
3 2 0 2169 
3 2 0 2172 
1 0 
1 0 
1 0 
1 0 
1 0 
1 0 
1 0 
1 0 
1 0 
1 0 
1 0 
2 3 2192 2193 0 
1 0 
2 3 2194 2195 0 
2 3 2191 2196 0 
2 3 2190 2197 0 
2 3 2189 2198 0 
2 3 2188 2199 0 
2 3 2187 2200 0 
2 3 2186 2201 0 
2 3 2185 2202 0 
2 3 2184 2203 0 
1 0 
2 3 2204 2205 0 
2 3 2183 2206 0 
3 2 0 2207 
3 2 0 2183 
3 2 0 2206 
3 2 0 2204 
3 2 0 2184 
3 2 0 2203 
3 2 0 2185 
3 2 0 2202 
3 2 0 2186 
3 2 0 2201 
3 2 0 2187 
3 2 0 2200 
3 2 0 2188 
3 2 0 2199 
3 2 0 2189 
3 2 0 2198 
3 2 0 2190 
3 2 0 2197 
3 2 0 2191 
3 2 0 2196 
3 2 0 2194 
3 2 0 2192 
3 2 0 2193 
3 2 0 2195 
3 2 0 2205 
1 0 
1 0 
1 0 
1 0 
1 0 
2 3 2236 2237 0 
2 3 2235 2238 0 
2 3 2234 2239 0 
2 3 2233 2240 0 
1 0 
1 0 
1 0 
2 3 2243 2244 0 
1 0 
1 0 
1 0 
2 3 2247 2248 0 
2 3 2246 2249 0 
2 3 2245 2250 0 
1 0 
1 0 
2 3 2252 2253 0 
1 0 
1 0 
1 0 
1 0 
2 3 2257 2258 0 
1 0 
1 0 
1 0 
2 3 2261 2262 0 
1 0 
1 0 
2 3 2264 2265 0 
2 3 2263 2266 0 
2 3 2260 2267 0 
2 3 2259 2268 0 
1 0 
1 0 
2 3 2270 2271 0 
2 3 2269 2272 0 
2 3 2256 2273 0 
2 3 2255 2274 0 
2 3 2254 2275 0 
1 0 
2 3 2276 2277 0 
2 3 2251 2278 0 
2 3 2242 2279 0 
2 3 2241 2280 0 
3 2 0 2281 
3 2 0 2241 
3 2 0 2233 
3 2 0 2240 
3 2 0 2234 
3 2 0 2239 
3 2 0 2235 
3 2 0 2238 
3 2 0 2236 
3 2 0 2237 
3 2 0 2280 
3 2 0 2242 
3 2 0 2279 
3 2 0 2251 
3 2 0 2245 
3 2 0 2243 
3 2 0 2244 
3 2 0 2250 
3 2 0 2246 
3 2 0 2249 
3 2 0 2247 
3 2 0 2248 
3 2 0 2278 
3 2 0 2276 
3 2 0 2254 
3 2 0 2252 
3 2 0 2253 
3 2 0 2275 
3 2 0 2255 
3 2 0 2274 
3 2 0 2256 
3 2 0 2273 
3 2 0 2269 
3 2 0 2259 
3 2 0 2257 
3 2 0 2258 
3 2 0 2268 
3 2 0 2260 
3 2 0 2267 
3 2 0 2263 
3 2 0 2261 
3 2 0 2262 
3 2 0 2266 
3 2 0 2264 
3 2 0 2265 
3 2 0 2272 
3 2 0 2270 
3 2 0 2271 
3 2 0 2277 
1 0 
1 0 
1 0 
1 0 
2 3 2333 2334 0 
1 0 
1 0 
1 0 
2 3 2337 2338 0 
2 3 2336 2339 0 
2 3 2335 2340 0 
1 0 
2 3 2341 2342 0 
2 3 2332 2343 0 
1 0 
1 0 
2 3 2345 2346 0 
1 0 
1 0 
2 3 2348 2349 0 
1 0 
1 0 
1 0 
1 0 
1 0 
2 3 2354 2355 0 
1 0 
2 3 2356 2357 0 
2 3 2353 2358 0 
2 3 2352 2359 0 
2 3 2351 2360 0 
2 3 2350 2361 0 
2 3 2347 2362 0 
1 0 
2 3 2363 2364 0 
2 3 2344 2365 0 
2 3 2331 2366 0 
3 2 0 2367 
3 2 0 2331 
3 2 0 2366 
3 2 0 2344 
3 2 0 2332 
3 2 0 2343 
3 2 0 2341 
3 2 0 2335 
3 2 0 2333 
3 2 0 2334 
3 2 0 2340 
3 2 0 2336 
3 2 0 2339 
3 2 0 2337 
3 2 0 2338 
3 2 0 2342 
3 2 0 2365 
3 2 0 2363 
3 2 0 2347 
3 2 0 2345 
3 2 0 2346 
3 2 0 2362 
3 2 0 2350 
3 2 0 2348 
3 2 0 2349 
3 2 0 2361 
3 2 0 2351 
3 2 0 2360 
3 2 0 2352 
3 2 0 2359 
3 2 0 2353 
3 2 0 2358 
3 2 0 2356 
3 2 0 2354 
3 2 0 2355 
3 2 0 2357 
3 2 0 2364 
1 0 
1 0 
1 0 
2 3 2406 2407 0 
2 3 2405 2408 0 
3 2 0 2409 
3 2 0 2405 
3 2 0 2408 
3 2 0 2406 
3 2 0 2407 
1 0 
1 0 
1 0 
2 3 2416 2417 0 
1 0 
2 3 2418 2419 0 
2 3 2415 2420 0 
1 0 
1 0 
1 0 
1 0 
1 0 
1 0 
2 3 2426 2427 0 
2 3 2425 2428 0 
1 0 
1 0 
1 0 
2 3 2431 2432 0 
2 3 2430 2433 0 
2 3 2429 2434 0 
1 0 
2 3 2435 2436 0 
1 0 
1 0 
1 0 
1 0 
1 0 
1 0 
2 3 2442 2443 0 
2 3 2441 2444 0 
2 3 2440 2445 0 
2 3 2439 2446 0 
2 3 2438 2447 0 
2 3 2437 2448 0 
2 3 2424 2449 0 
2 3 2423 2450 0 
1 0 
2 3 2451 2452 0 
1 0 
2 3 2453 2454 0 
1 0 
1 0 
1 0 
1 0 
1 0 
1 0 
1 0 
1 0 
1 0 
1 0 
1 0 
2 3 2465 2466 0 
2 3 2464 2467 0 
2 3 2463 2468 0 
1 0 
1 0 
1 0 
2 3 2471 2472 0 
1 0 
1 0 
1 0 
1 0 
2 3 2476 2477 0 
2 3 2475 2478 0 
1 0 
2 3 2479 2480 0 
2 3 2474 2481 0 
2 3 2473 2482 0 
2 3 2470 2483 0 
2 3 2469 2484 0 
1 0 
2 3 2485 2486 0 
1 0 
1 0 
2 3 2488 2489 0 
1 0 
1 0 
1 0 
2 3 2492 2493 0 
1 0 
1 0 
2 3 2495 2496 0 
2 3 2494 2497 0 
2 3 2491 2498 0 
2 3 2490 2499 0 
2 3 2487 2500 0 
2 3 2462 2501 0 
2 3 2461 2502 0 
2 3 2460 2503 0 
2 3 2459 2504 0 
2 3 2458 2505 0 
2 3 2457 2506 0 
2 3 2456 2507 0 
2 3 2455 2508 0 
2 3 2422 2509 0 
1 0 
2 3 2510 2511 0 
2 3 2421 2512 0 
3 2 0 2513 
3 2 0 2421 
3 2 0 2415 
3 2 0 2420 
3 2 0 2418 
3 2 0 2416 
3 2 0 2417 
3 2 0 2419 
3 2 0 2512 
3 2 0 2510 
3 2 0 2422 
3 2 0 2509 
3 2 0 2455 
3 2 0 2453 
3 2 0 2451 
3 2 0 2423 
3 2 0 2450 
3 2 0 2424 
3 2 0 2449 
3 2 0 2437 
3 2 0 2435 
3 2 0 2429 
3 2 0 2425 
3 2 0 2428 
3 2 0 2426 
3 2 0 2427 
3 2 0 2434 
3 2 0 2430 
3 2 0 2433 
3 2 0 2431 
3 2 0 2432 
3 2 0 2436 
3 2 0 2448 
3 2 0 2438 
3 2 0 2447 
3 2 0 2439 
3 2 0 2446 
3 2 0 2440 
3 2 0 2445 
3 2 0 2441 
3 2 0 2444 
3 2 0 2442 
3 2 0 2443 
3 2 0 2452 
3 2 0 2454 
3 2 0 2508 
3 2 0 2456 
3 2 0 2507 
3 2 0 2457 
3 2 0 2506 
3 2 0 2458 
3 2 0 2505 
3 2 0 2459 
3 2 0 2504 
3 2 0 2460 
3 2 0 2503 
3 2 0 2461 
3 2 0 2502 
3 2 0 2462 
3 2 0 2501 
3 2 0 2487 
3 2 0 2485 
3 2 0 2469 
3 2 0 2463 
3 2 0 2468 
3 2 0 2464 
3 2 0 2467 
3 2 0 2465 
3 2 0 2466 
3 2 0 2484 
3 2 0 2470 
3 2 0 2483 
3 2 0 2473 
3 2 0 2471 
3 2 0 2472 
3 2 0 2482 
3 2 0 2474 
3 2 0 2481 
3 2 0 2479 
3 2 0 2475 
3 2 0 2478 
3 2 0 2476 
3 2 0 2477 
3 2 0 2480 
3 2 0 2486 
3 2 0 2500 
3 2 0 2490 
3 2 0 2488 
3 2 0 2489 
3 2 0 2499 
3 2 0 2491 
3 2 0 2498 
3 2 0 2494 
3 2 0 2492 
3 2 0 2493 
3 2 0 2497 
3 2 0 2495 
3 2 0 2496 
3 2 0 2511 
1 0 
1 0 
1 0 
1 0 
1 0 
1 0 
1 0 
1 0 
1 0 
1 0 
1 0 
1 0 
2 3 2623 2624 0 
2 3 2622 2625 0 
2 3 2621 2626 0 
2 3 2620 2627 0 
2 3 2619 2628 0 
2 3 2618 2629 0 
2 3 2617 2630 0 
2 3 2616 2631 0 
2 3 2615 2632 0 
2 3 2614 2633 0 
1 0 
2 3 2634 2635 0 
2 3 2613 2636 0 
3 2 0 2637 
3 2 0 2613 
3 2 0 2636 
3 2 0 2634 
3 2 0 2614 
3 2 0 2633 
3 2 0 2615 
3 2 0 2632 
3 2 0 2616 
3 2 0 2631 
3 2 0 2617 
3 2 0 2630 
3 2 0 2618 
3 2 0 2629 
3 2 0 2619 
3 2 0 2628 
3 2 0 2620 
3 2 0 2627 
3 2 0 2621 
3 2 0 2626 
3 2 0 2622 
3 2 0 2625 
3 2 0 2623 
3 2 0 2624 
3 2 0 2635 
1 0 
1 0 
1 0 
2 3 2664 2665 0 
2 3 2663 2666 0 
1 0 
1 0 
1 0 
1 0 
1 0 
1 0 
1 0 
1 0 
1 0 
1 0 
1 0 
2 3 2677 2678 0 
2 3 2676 2679 0 
2 3 2675 2680 0 
2 3 2674 2681 0 
2 3 2673 2682 0 
2 3 2672 2683 0 
2 3 2671 2684 0 
1 0 
2 3 2685 2686 0 
2 3 2670 2687 0 
2 3 2669 2688 0 
2 3 2668 2689 0 
2 3 2667 2690 0 
3 2 0 2691 
3 2 0 2667 
3 2 0 2663 
3 2 0 2666 
3 2 0 2664 
3 2 0 2665 
3 2 0 2690 
3 2 0 2668 
3 2 0 2689 
3 2 0 2669 
3 2 0 2688 
3 2 0 2670 
3 2 0 2687 
3 2 0 2685 
3 2 0 2671 
3 2 0 2684 
3 2 0 2672 
3 2 0 2683 
3 2 0 2673 
3 2 0 2682 
3 2 0 2674 
3 2 0 2681 
3 2 0 2675 
3 2 0 2680 
3 2 0 2676 
3 2 0 2679 
3 2 0 2677 
3 2 0 2678 
3 2 0 2686 
1 0 
1 0 
1 0 
1 0 
2 3 2723 2724 0 
1 0 
1 0 
1 0 
2 3 2727 2728 0 
2 3 2726 2729 0 
2 3 2725 2730 0 
1 0 
1 0 
2 3 2732 2733 0 
2 3 2731 2734 0 
2 3 2722 2735 0 
1 0 
2 3 2736 2737 0 
2 3 2721 2738 0 
3 2 0 2739 
3 2 0 2721 
3 2 0 2738 
3 2 0 2736 
3 2 0 2722 
3 2 0 2735 
3 2 0 2731 
3 2 0 2725 
3 2 0 2723 
3 2 0 2724 
3 2 0 2730 
3 2 0 2726 
3 2 0 2729 
3 2 0 2727 
3 2 0 2728 
3 2 0 2734 
3 2 0 2732 
3 2 0 2733 
3 2 0 2737 
1 0 
1 0 
1 0 
1 0 
1 0 
1 0 
1 0 
2 3 2764 2765 0 
2 3 2763 2766 0 
2 3 2762 2767 0 
2 3 2761 2768 0 
2 3 2760 2769 0 
2 3 2759 2770 0 
1 0 
1 0 
1 0 
1 0 
1 0 
1 0 
2 3 2776 2777 0 
2 3 2775 2778 0 
2 3 2774 2779 0 
2 3 2773 2780 0 
1 0 
1 0 
2 3 2782 2783 0 
2 3 2781 2784 0 
2 3 2772 2785 0 
1 0 
2 3 2786 2787 0 
2 3 2771 2788 0 
3 2 0 2789 
3 2 0 2771 
3 2 0 2759 
3 2 0 2770 
3 2 0 2760 
3 2 0 2769 
3 2 0 2761 
3 2 0 2768 
3 2 0 2762 
3 2 0 2767 
3 2 0 2763 
3 2 0 2766 
3 2 0 2764 
3 2 0 2765 
3 2 0 2788 
3 2 0 2786 
3 2 0 2772 
3 2 0 2785 
3 2 0 2781 
3 2 0 2773 
3 2 0 2780 
3 2 0 2774 
3 2 0 2779 
3 2 0 2775 
3 2 0 2778 
3 2 0 2776 
3 2 0 2777 
3 2 0 2784 
3 2 0 2782 
3 2 0 2783 
3 2 0 2787 
1 0 
1 0 
1 0 
1 0 
1 0 
1 0 
1 0 
1 0 
2 3 2827 2828 0 
1 0 
2 3 2829 2830 0 
2 3 2826 2831 0 
2 3 2825 2832 0 
1 0 
1 0 
1 0 
1 0 
2 3 2836 2837 0 
2 3 2835 2838 0 
1 0 
1 0 
1 0 
2 3 2841 2842 0 
1 0 
1 0 
1 0 
2 3 2845 2846 0 
1 0 
1 0 
1 0 
1 0 
1 0 
1 0 
1 0 
1 0 
1 0 
2 3 2855 2856 0 
2 3 2854 2857 0 
2 3 2853 2858 0 
2 3 2852 2859 0 
2 3 2851 2860 0 
2 3 2850 2861 0 
2 3 2849 2862 0 
2 3 2848 2863 0 
2 3 2847 2864 0 
2 3 2844 2865 0 
2 3 2843 2866 0 
2 3 2840 2867 0 
2 3 2839 2868 0 
2 3 2834 2869 0 
2 3 2833 2870 0 
2 3 2824 2871 0 
2 3 2823 2872 0 
2 3 2822 2873 0 
1 0 
2 3 2874 2875 0 
2 3 2821 2876 0 
3 2 0 2877 
3 2 0 2821 
3 2 0 2876 
3 2 0 2874 
3 2 0 2822 
3 2 0 2873 
3 2 0 2823 
3 2 0 2872 
3 2 0 2824 
3 2 0 2871 
3 2 0 2833 
3 2 0 2825 
3 2 0 2832 
3 2 0 2826 
3 2 0 2831 
3 2 0 2829 
3 2 0 2827 
3 2 0 2828 
3 2 0 2830 
3 2 0 2870 
3 2 0 2834 
3 2 0 2869 
3 2 0 2839 
3 2 0 2835 
3 2 0 2838 
3 2 0 2836 
3 2 0 2837 
3 2 0 2868 
3 2 0 2840 
3 2 0 2867 
3 2 0 2843 
3 2 0 2841 
3 2 0 2842 
3 2 0 2866 
3 2 0 2844 
3 2 0 2865 
3 2 0 2847 
3 2 0 2845 
3 2 0 2846 
3 2 0 2864 
3 2 0 2848 
3 2 0 2863 
3 2 0 2849 
3 2 0 2862 
3 2 0 2850 
3 2 0 2861 
3 2 0 2851 
3 2 0 2860 
3 2 0 2852 
3 2 0 2859 
3 2 0 2853 
3 2 0 2858 
3 2 0 2854 
3 2 0 2857 
3 2 0 2855 
3 2 0 2856 
3 2 0 2875 
1 0 
1 0 
1 0 
1 0 
1 0 
1 0 
1 0 
2 3 2940 2941 0 
2 3 2939 2942 0 
1 0 
1 0 
2 3 2944 2945 0 
1 0 
1 0 
2 3 2947 2948 0 
2 3 2946 2949 0 
2 3 2943 2950 0 
2 3 2938 2951 0 
1 0 
2 3 2952 2953 0 
2 3 2937 2954 0 
2 3 2936 2955 0 
2 3 2935 2956 0 
3 2 0 2957 
3 2 0 2935 
3 2 0 2956 
3 2 0 2936 
3 2 0 2955 
3 2 0 2937 
3 2 0 2954 
3 2 0 2952 
3 2 0 2938 
3 2 0 2951 
3 2 0 2943 
3 2 0 2939 
3 2 0 2942 
3 2 0 2940 
3 2 0 2941 
3 2 0 2950 
3 2 0 2946 
3 2 0 2944 
3 2 0 2945 
3 2 0 2949 
3 2 0 2947 
3 2 0 2948 
3 2 0 2953 
1 0 
1 0 
1 0 
1 0 
1 0 
2 3 2984 2985 0 
2 3 2983 2986 0 
2 3 2982 2987 0 
1 0 
1 0 
2 3 2989 2990 0 
1 0 
1 0 
1 0 
1 0 
2 3 2994 2995 0 
2 3 2993 2996 0 
2 3 2992 2997 0 
2 3 2991 2998 0 
1 0 
2 3 2999 3000 0 
2 3 2988 3001 0 
2 3 2981 3002 0 
3 2 0 3003 
3 2 0 2981 
3 2 0 3002 
3 2 0 2988 
3 2 0 2982 
3 2 0 2987 
3 2 0 2983 
3 2 0 2986 
3 2 0 2984 
3 2 0 2985 
3 2 0 3001 
3 2 0 2999 
3 2 0 2991 
3 2 0 2989 
3 2 0 2990 
3 2 0 2998 
3 2 0 2992 
3 2 0 2997 
3 2 0 2993 
3 2 0 2996 
3 2 0 2994 
3 2 0 2995 
3 2 0 3000 
1 0 
1 0 
1 0 
1 0 
2 3 3029 3030 0 
2 3 3028 3031 0 
2 3 3027 3032 0 
1 0 
2 3 3033 3034 0 
1 0 
2 3 3035 3036 0 
3 2 0 3037 
3 2 0 3035 
3 2 0 3033 
3 2 0 3027 
3 2 0 3032 
3 2 0 3028 
3 2 0 3031 
3 2 0 3029 
3 2 0 3030 
3 2 0 3034 
3 2 0 3036 
1 0 
1 0 
1 0 
2 3 3050 3051 0 
2 3 3049 3052 0 
1 0 
1 0 
1 0 
2 3 3055 3056 0 
2 3 3054 3057 0 
2 3 3053 3058 0 
1 0 
1 0 
1 0 
2 3 3061 3062 0 
1 0 
2 3 3063 3064 0 
2 3 3060 3065 0 
1 0 
2 3 3066 3067 0 
2 3 3059 3068 0 
3 2 0 3069 
3 2 0 3059 
3 2 0 3053 
3 2 0 3049 
3 2 0 3052 
3 2 0 3050 
3 2 0 3051 
3 2 0 3058 
3 2 0 3054 
3 2 0 3057 
3 2 0 3055 
3 2 0 3056 
3 2 0 3068 
3 2 0 3066 
3 2 0 3060 
3 2 0 3065 
3 2 0 3063 
3 2 0 3061 
3 2 0 3062 
3 2 0 3064 
3 2 0 3067 
1 0 
1 0 
2 3 3091 3092 0 
1 0 
2 3 3093 3094 0 
1 0 
1 0 
1 0 
1 0 
1 0 
2 3 3099 3100 0 
2 3 3098 3101 0 
2 3 3097 3102 0 
2 3 3096 3103 0 
2 3 3095 3104 0 
1 0 
1 0 
2 3 3106 3107 0 
1 0 
1 0 
2 3 3109 3110 0 
2 3 3108 3111 0 
1 0 
2 3 3112 3113 0 
2 3 3105 3114 0 
3 2 0 3115 
3 2 0 3105 
3 2 0 3095 
3 2 0 3093 
3 2 0 3091 
3 2 0 3092 
3 2 0 3094 
3 2 0 3104 
3 2 0 3096 
3 2 0 3103 
3 2 0 3097 
3 2 0 3102 
3 2 0 3098 
3 2 0 3101 
3 2 0 3099 
3 2 0 3100 
3 2 0 3114 
3 2 0 3112 
3 2 0 3108 
3 2 0 3106 
3 2 0 3107 
3 2 0 3111 
3 2 0 3109 
3 2 0 3110 
3 2 0 3113 
1 0 
1 0 
1 0 
2 3 3142 3143 0 
1 0 
2 3 3144 3145 0 
1 0 
1 0 
1 0 
1 0 
1 0 
1 0 
2 3 3151 3152 0 
1 0 
1 0 
1 0 
1 0 
1 0 
1 0 
2 3 3158 3159 0 
2 3 3157 3160 0 
2 3 3156 3161 0 
2 3 3155 3162 0 
2 3 3154 3163 0 
2 3 3153 3164 0 
2 3 3150 3165 0 
2 3 3149 3166 0 
2 3 3148 3167 0 
2 3 3147 3168 0 
2 3 3146 3169 0 
1 0 
2 3 3170 3171 0 
2 3 3141 3172 0 
3 2 0 3173 
3 2 0 3141 
3 2 0 3172 
3 2 0 3170 
3 2 0 3146 
3 2 0 3144 
3 2 0 3142 
3 2 0 3143 
3 2 0 3145 
3 2 0 3169 
3 2 0 3147 
3 2 0 3168 
3 2 0 3148 
3 2 0 3167 
3 2 0 3149 
3 2 0 3166 
3 2 0 3150 
3 2 0 3165 
3 2 0 3153 
3 2 0 3151 
3 2 0 3152 
3 2 0 3164 
3 2 0 3154 
3 2 0 3163 
3 2 0 3155 
3 2 0 3162 
3 2 0 3156 
3 2 0 3161 
3 2 0 3157 
3 2 0 3160 
3 2 0 3158 
3 2 0 3159 
3 2 0 3171 
1 0 
1 0 
1 0 
2 3 3208 3209 0 
1 0 
2 3 3210 3211 0 
1 0 
2 3 3212 3213 0 
2 3 3207 3214 0 
3 2 0 3215 
3 2 0 3207 
3 2 0 3214 
3 2 0 3212 
3 2 0 3210 
3 2 0 3208 
3 2 0 3209 
3 2 0 3211 
3 2 0 3213 
1 0 
1 0 
1 0 
1 0 
2 3 3227 3228 0 
2 3 3226 3229 0 
2 3 3225 3230 0 
1 0 
2 3 3231 3232 0 
1 0 
1 0 
1 0 
2 3 3235 3236 0 
1 0 
2 3 3237 3238 0 
1 0 
2 3 3239 3240 0 
1 0 
2 3 3241 3242 0 
2 3 3234 3243 0 
2 3 3233 3244 0 
1 0 
2 3 3245 3246 0 
1 0 
1 0 
1 0 
2 3 3249 3250 0 
1 0 
1 0 
1 0 
2 3 3253 3254 0 
1 0 
1 0 
1 0 
1 0 
2 3 3258 3259 0 
1 0 
2 3 3260 3261 0 
1 0 
1 0 
2 3 3263 3264 0 
2 3 3262 3265 0 
2 3 3257 3266 0 
2 3 3256 3267 0 
2 3 3255 3268 0 
2 3 3252 3269 0 
2 3 3251 3270 0 
1 0 
2 3 3271 3272 0 
2 3 3248 3273 0 
2 3 3247 3274 0 
3 2 0 3275 
3 2 0 3247 
3 2 0 3245 
3 2 0 3233 
3 2 0 3231 
3 2 0 3225 
3 2 0 3230 
3 2 0 3226 
3 2 0 3229 
3 2 0 3227 
3 2 0 3228 
3 2 0 3232 
3 2 0 3244 
3 2 0 3234 
3 2 0 3243 
3 2 0 3241 
3 2 0 3239 
3 2 0 3237 
3 2 0 3235 
3 2 0 3236 
3 2 0 3238 
3 2 0 3240 
3 2 0 3242 
3 2 0 3246 
3 2 0 3274 
3 2 0 3248 
3 2 0 3273 
3 2 0 3271 
3 2 0 3251 
3 2 0 3249 
3 2 0 3250 
3 2 0 3270 
3 2 0 3252 
3 2 0 3269 
3 2 0 3255 
3 2 0 3253 
3 2 0 3254 
3 2 0 3268 
3 2 0 3256 
3 2 0 3267 
3 2 0 3257 
3 2 0 3266 
3 2 0 3262 
3 2 0 3260 
3 2 0 3258 
3 2 0 3259 
3 2 0 3261 
3 2 0 3265 
3 2 0 3263 
3 2 0 3264 
3 2 0 3272 
1 0 
1 0 
1 0 
2 3 3328 3329 0 
1 0 
1 0 
2 3 3331 3332 0 
2 3 3330 3333 0 
1 0 
1 0 
2 3 3335 3336 0 
1 0 
1 0 
1 0 
1 0 
2 3 3340 3341 0 
2 3 3339 3342 0 
1 0 
1 0 
1 0 
1 0 
1 0 
2 3 3347 3348 0 
2 3 3346 3349 0 
2 3 3345 3350 0 
2 3 3344 3351 0 
2 3 3343 3352 0 
1 0 
2 3 3353 3354 0 
1 0 
1 0 
1 0 
1 0 
1 0 
2 3 3359 3360 0 
2 3 3358 3361 0 
2 3 3357 3362 0 
2 3 3356 3363 0 
1 0 
1 0 
2 3 3365 3366 0 
1 0 
1 0 
2 3 3368 3369 0 
2 3 3367 3370 0 
2 3 3364 3371 0 
2 3 3355 3372 0 
2 3 3338 3373 0 
2 3 3337 3374 0 
2 3 3334 3375 0 
1 0 
2 3 3376 3377 0 
2 3 3327 3378 0 
3 2 0 3379 
3 2 0 3327 
3 2 0 3378 
3 2 0 3376 
3 2 0 3334 
3 2 0 3330 
3 2 0 3328 
3 2 0 3329 
3 2 0 3333 
3 2 0 3331 
3 2 0 3332 
3 2 0 3375 
3 2 0 3337 
3 2 0 3335 
3 2 0 3336 
3 2 0 3374 
3 2 0 3338 
3 2 0 3373 
3 2 0 3355 
3 2 0 3353 
3 2 0 3343 
3 2 0 3339 
3 2 0 3342 
3 2 0 3340 
3 2 0 3341 
3 2 0 3352 
3 2 0 3344 
3 2 0 3351 
3 2 0 3345 
3 2 0 3350 
3 2 0 3346 
3 2 0 3349 
3 2 0 3347 
3 2 0 3348 
3 2 0 3354 
3 2 0 3372 
3 2 0 3364 
3 2 0 3356 
3 2 0 3363 
3 2 0 3357 
3 2 0 3362 
3 2 0 3358 
3 2 0 3361 
3 2 0 3359 
3 2 0 3360 
3 2 0 3371 
3 2 0 3367 
3 2 0 3365 
3 2 0 3366 
3 2 0 3370 
3 2 0 3368 
3 2 0 3369 
3 2 0 3377 
1 0 
1 0 
2 3 3433 3434 0 
1 0 
2 3 3435 3436 0 
1 0 
1 0 
1 0 
1 0 
1 0 
1 0 
1 0 
1 0 
2 3 3444 3445 0 
2 3 3443 3446 0 
2 3 3442 3447 0 
2 3 3441 3448 0 
2 3 3440 3449 0 
2 3 3439 3450 0 
2 3 3438 3451 0 
1 0 
2 3 3452 3453 0 
2 3 3437 3454 0 
3 2 0 3455 
3 2 0 3437 
3 2 0 3435 
3 2 0 3433 
3 2 0 3434 
3 2 0 3436 
3 2 0 3454 
3 2 0 3452 
3 2 0 3438 
3 2 0 3451 
3 2 0 3439 
3 2 0 3450 
3 2 0 3440 
3 2 0 3449 
3 2 0 3441 
3 2 0 3448 
3 2 0 3442 
3 2 0 3447 
3 2 0 3443 
3 2 0 3446 
3 2 0 3444 
3 2 0 3445 
3 2 0 3453 
1 0 
1 0 
1 0 
1 0 
2 3 3481 3482 0 
2 3 3480 3483 0 
2 3 3479 3484 0 
1 0 
1 0 
1 0 
2 3 3487 3488 0 
1 0 
1 0 
1 0 
1 0 
1 0 
1 0 
2 3 3494 3495 0 
2 3 3493 3496 0 
2 3 3492 3497 0 
1 0 
1 0 
2 3 3499 3500 0 
2 3 3498 3501 0 
2 3 3491 3502 0 
2 3 3490 3503 0 
2 3 3489 3504 0 
2 3 3486 3505 0 
2 3 3485 3506 0 
1 0 
2 3 3507 3508 0 
3 2 0 3509 
3 2 0 3507 
3 2 0 3485 
3 2 0 3479 
3 2 0 3484 
3 2 0 3480 
3 2 0 3483 
3 2 0 3481 
3 2 0 3482 
3 2 0 3506 
3 2 0 3486 
3 2 0 3505 
3 2 0 3489 
3 2 0 3487 
3 2 0 3488 
3 2 0 3504 
3 2 0 3490 
3 2 0 3503 
3 2 0 3491 
3 2 0 3502 
3 2 0 3498 
3 2 0 3492 
3 2 0 3497 
3 2 0 3493 
3 2 0 3496 
3 2 0 3494 
3 2 0 3495 
3 2 0 3501 
3 2 0 3499 
3 2 0 3500 
3 2 0 3508 
1 0 
1 0 
1 0 
1 0 
2 3 3543 3544 0 
1 0 
2 3 3545 3546 0 
2 3 3542 3547 0 
1 0 
1 0 
1 0 
2 3 3550 3551 0 
1 0 
1 0 
1 0 
2 3 3554 3555 0 
2 3 3553 3556 0 
2 3 3552 3557 0 
1 0 
2 3 3558 3559 0 
2 3 3549 3560 0 
2 3 3548 3561 0 
1 0 
1 0 
1 0 
1 0 
2 3 3565 3566 0 
2 3 3564 3567 0 
2 3 3563 3568 0 
2 3 3562 3569 0 
2 3 3541 3570 0 
1 0 
2 3 3571 3572 0 
3 2 0 3573 
3 2 0 3571 
3 2 0 3541 
3 2 0 3570 
3 2 0 3562 
3 2 0 3548 
3 2 0 3542 
3 2 0 3547 
3 2 0 3545 
3 2 0 3543 
3 2 0 3544 
3 2 0 3546 
3 2 0 3561 
3 2 0 3549 
3 2 0 3560 
3 2 0 3558 
3 2 0 3552 
3 2 0 3550 
3 2 0 3551 
3 2 0 3557 
3 2 0 3553 
3 2 0 3556 
3 2 0 3554 
3 2 0 3555 
3 2 0 3559 
3 2 0 3569 
3 2 0 3563 
3 2 0 3568 
3 2 0 3564 
3 2 0 3567 
3 2 0 3565 
3 2 0 3566 
3 2 0 3572 
1 0 
1 0 
1 0 
2 3 3608 3609 0 
2 3 3607 3610 0 
1 0 
1 0 
1 0 
2 3 3613 3614 0 
1 0 
1 0 
2 3 3616 3617 0 
1 0 
1 0 
2 3 3619 3620 0 
1 0 
1 0 
2 3 3622 3623 0 
2 3 3621 3624 0 
2 3 3618 3625 0 
2 3 3615 3626 0 
2 3 3612 3627 0 
2 3 3611 3628 0 
1 0 
2 3 3629 3630 0 
1 0 
1 0 
2 3 3632 3633 0 
1 0 
1 0 
2 3 3635 3636 0 
2 3 3634 3637 0 
2 3 3631 3638 0 
1 0 
2 3 3639 3640 0 
3 2 0 3641 
3 2 0 3639 
3 2 0 3631 
3 2 0 3629 
3 2 0 3611 
3 2 0 3607 
3 2 0 3610 
3 2 0 3608 
3 2 0 3609 
3 2 0 3628 
3 2 0 3612 
3 2 0 3627 
3 2 0 3615 
3 2 0 3613 
3 2 0 3614 
3 2 0 3626 
3 2 0 3618 
3 2 0 3616 
3 2 0 3617 
3 2 0 3625 
3 2 0 3621 
3 2 0 3619 
3 2 0 3620 
3 2 0 3624 
3 2 0 3622 
3 2 0 3623 
3 2 0 3630 
3 2 0 3638 
3 2 0 3634 
3 2 0 3632 
3 2 0 3633 
3 2 0 3637 
3 2 0 3635 
3 2 0 3636 
3 2 0 3640 
1 0 
1 0 
1 0 
2 3 3678 3679 0 
2 3 3677 3680 0 
1 0 
1 0 
1 0 
2 3 3683 3684 0 
1 0 
2 3 3685 3686 0 
1 0 
1 0 
1 0 
1 0 
2 3 3690 3691 0 
2 3 3689 3692 0 
1 0 
2 3 3693 3694 0 
2 3 3688 3695 0 
2 3 3687 3696 0 
1 0 
1 0 
1 0 
1 0 
2 3 3700 3701 0 
2 3 3699 3702 0 
2 3 3698 3703 0 
2 3 3697 3704 0 
2 3 3682 3705 0 
2 3 3681 3706 0 
1 0 
2 3 3707 3708 0 
3 2 0 3709 
3 2 0 3707 
3 2 0 3681 
3 2 0 3677 
3 2 0 3680 
3 2 0 3678 
3 2 0 3679 
3 2 0 3706 
3 2 0 3682 
3 2 0 3705 
3 2 0 3697 
3 2 0 3687 
3 2 0 3685 
3 2 0 3683 
3 2 0 3684 
3 2 0 3686 
3 2 0 3696 
3 2 0 3688 
3 2 0 3695 
3 2 0 3693 
3 2 0 3689 
3 2 0 3692 
3 2 0 3690 
3 2 0 3691 
3 2 0 3694 
3 2 0 3704 
3 2 0 3698 
3 2 0 3703 
3 2 0 3699 
3 2 0 3702 
3 2 0 3700 
3 2 0 3701 
3 2 0 3708 
1 0 
1 0 
1 0 
1 0 
1 0 
2 3 3746 3747 0 
2 3 3745 3748 0 
2 3 3744 3749 0 
2 3 3743 3750 0 
1 0 
1 0 
1 0 
1 0 
2 3 3754 3755 0 
1 0 
2 3 3756 3757 0 
1 0 
2 3 3758 3759 0 
2 3 3753 3760 0 
2 3 3752 3761 0 
2 3 3751 3762 0 
1 0 
1 0 
2 3 3764 3765 0 
1 0 
1 0 
1 0 
1 0 
2 3 3769 3770 0 
2 3 3768 3771 0 
2 3 3767 3772 0 
1 0 
2 3 3773 3774 0 
1 0 
1 0 
1 0 
1 0 
2 3 3778 3779 0 
2 3 3777 3780 0 
1 0 
1 0 
1 0 
2 3 3783 3784 0 
2 3 3782 3785 0 
2 3 3781 3786 0 
1 0 
1 0 
1 0 
1 0 
2 3 3790 3791 0 
2 3 3789 3792 0 
2 3 3788 3793 0 
2 3 3787 3794 0 
2 3 3776 3795 0 
2 3 3775 3796 0 
2 3 3766 3797 0 
1 0 
2 3 3798 3799 0 
2 3 3763 3800 0 
3 2 0 3801 
3 2 0 3763 
3 2 0 3751 
3 2 0 3743 
3 2 0 3750 
3 2 0 3744 
3 2 0 3749 
3 2 0 3745 
3 2 0 3748 
3 2 0 3746 
3 2 0 3747 
3 2 0 3762 
3 2 0 3752 
3 2 0 3761 
3 2 0 3753 
3 2 0 3760 
3 2 0 3758 
3 2 0 3756 
3 2 0 3754 
3 2 0 3755 
3 2 0 3757 
3 2 0 3759 
3 2 0 3800 
3 2 0 3798 
3 2 0 3766 
3 2 0 3764 
3 2 0 3765 
3 2 0 3797 
3 2 0 3775 
3 2 0 3773 
3 2 0 3767 
3 2 0 3772 
3 2 0 3768 
3 2 0 3771 
3 2 0 3769 
3 2 0 3770 
3 2 0 3774 
3 2 0 3796 
3 2 0 3776 
3 2 0 3795 
3 2 0 3787 
3 2 0 3781 
3 2 0 3777 
3 2 0 3780 
3 2 0 3778 
3 2 0 3779 
3 2 0 3786 
3 2 0 3782 
3 2 0 3785 
3 2 0 3783 
3 2 0 3784 
3 2 0 3794 
3 2 0 3788 
3 2 0 3793 
3 2 0 3789 
3 2 0 3792 
3 2 0 3790 
3 2 0 3791 
3 2 0 3799 
1 0 
1 0 
2 3 3861 3862 0 
1 0 
1 0 
2 3 3864 3865 0 
2 3 3863 3866 0 
1 0 
2 3 3867 3868 0 
1 0 
1 0 
1 0 
1 0 
2 3 3872 3873 0 
1 0 
1 0 
1 0 
2 3 3876 3877 0 
2 3 3875 3878 0 
2 3 3874 3879 0 
2 3 3871 3880 0 
2 3 3870 3881 0 
2 3 3869 3882 0 
1 0 
1 0 
1 0 
1 0 
1 0 
2 3 3887 3888 0 
1 0 
1 0 
1 0 
1 0 
2 3 3892 3893 0 
2 3 3891 3894 0 
1 0 
1 0 
2 3 3896 3897 0 
2 3 3895 3898 0 
2 3 3890 3899 0 
2 3 3889 3900 0 
2 3 3886 3901 0 
2 3 3885 3902 0 
2 3 3884 3903 0 
1 0 
2 3 3904 3905 0 
2 3 3883 3906 0 
3 2 0 3907 
3 2 0 3883 
3 2 0 3869 
3 2 0 3867 
3 2 0 3863 
3 2 0 3861 
3 2 0 3862 
3 2 0 3866 
3 2 0 3864 
3 2 0 3865 
3 2 0 3868 
3 2 0 3882 
3 2 0 3870 
3 2 0 3881 
3 2 0 3871 
3 2 0 3880 
3 2 0 3874 
3 2 0 3872 
3 2 0 3873 
3 2 0 3879 
3 2 0 3875 
3 2 0 3878 
3 2 0 3876 
3 2 0 3877 
3 2 0 3906 
3 2 0 3904 
3 2 0 3884 
3 2 0 3903 
3 2 0 3885 
3 2 0 3902 
3 2 0 3886 
3 2 0 3901 
3 2 0 3889 
3 2 0 3887 
3 2 0 3888 
3 2 0 3900 
3 2 0 3890 
3 2 0 3899 
3 2 0 3895 
3 2 0 3891 
3 2 0 3894 
3 2 0 3892 
3 2 0 3893 
3 2 0 3898 
3 2 0 3896 
3 2 0 3897 
3 2 0 3905 
1 0 
1 0 
1 0 
1 0 
1 0 
1 0 
1 0 
2 3 3960 3961 0 
2 3 3959 3962 0 
2 3 3958 3963 0 
2 3 3957 3964 0 
2 3 3956 3965 0 
2 3 3955 3966 0 
1 0 
1 0 
2 3 3968 3969 0 
1 0 
1 0 
1 0 
1 0 
2 3 3973 3974 0 
2 3 3972 3975 0 
2 3 3971 3976 0 
2 3 3970 3977 0 
1 0 
2 3 3978 3979 0 
2 3 3967 3980 0 
3 2 0 3981 
3 2 0 3967 
3 2 0 3955 
3 2 0 3966 
3 2 0 3956 
3 2 0 3965 
3 2 0 3957 
3 2 0 3964 
3 2 0 3958 
3 2 0 3963 
3 2 0 3959 
3 2 0 3962 
3 2 0 3960 
3 2 0 3961 
3 2 0 3980 
3 2 0 3978 
3 2 0 3970 
3 2 0 3968 
3 2 0 3969 
3 2 0 3977 
3 2 0 3971 
3 2 0 3976 
3 2 0 3972 
3 2 0 3975 
3 2 0 3973 
3 2 0 3974 
3 2 0 3979 
1 0 
1 0 
1 0 
2 3 4010 4011 0 
1 0 
1 0 
2 3 4013 4014 0 
1 0 
1 0 
1 0 
2 3 4017 4018 0 
2 3 4016 4019 0 
2 3 4015 4020 0 
1 0 
2 3 4021 4022 0 
1 0 
1 0 
1 0 
1 0 
1 0 
1 0 
1 0 
1 0 
2 3 4030 4031 0 
2 3 4029 4032 0 
2 3 4028 4033 0 
2 3 4027 4034 0 
2 3 4026 4035 0 
2 3 4025 4036 0 
2 3 4024 4037 0 
2 3 4023 4038 0 
2 3 4012 4039 0 
2 3 4009 4040 0 
1 0 
1 0 
2 3 4042 4043 0 
1 0 
1 0 
1 0 
2 3 4046 4047 0 
2 3 4045 4048 0 
2 3 4044 4049 0 
1 0 
2 3 4050 4051 0 
2 3 4041 4052 0 
3 2 0 4053 
3 2 0 4041 
3 2 0 4009 
3 2 0 4040 
3 2 0 4012 
3 2 0 4010 
3 2 0 4011 
3 2 0 4039 
3 2 0 4023 
3 2 0 4021 
3 2 0 4015 
3 2 0 4013 
3 2 0 4014 
3 2 0 4020 
3 2 0 4016 
3 2 0 4019 
3 2 0 4017 
3 2 0 4018 
3 2 0 4022 
3 2 0 4038 
3 2 0 4024 
3 2 0 4037 
3 2 0 4025 
3 2 0 4036 
3 2 0 4026 
3 2 0 4035 
3 2 0 4027 
3 2 0 4034 
3 2 0 4028 
3 2 0 4033 
3 2 0 4029 
3 2 0 4032 
3 2 0 4030 
3 2 0 4031 
3 2 0 4052 
3 2 0 4050 
3 2 0 4044 
3 2 0 4042 
3 2 0 4043 
3 2 0 4049 
3 2 0 4045 
3 2 0 4048 
3 2 0 4046 
3 2 0 4047 
3 2 0 4051 
1 0 
1 0 
1 0 
2 3 4100 4101 0 
2 3 4099 4102 0 
1 0 
2 3 4103 4104 0 
1 0 
2 3 4105 4106 0 
1 0 
1 0 
2 3 4108 4109 0 
2 3 4107 4110 0 
1 0 
1 0 
1 0 
1 0 
2 3 4114 4115 0 
1 0 
2 3 4116 4117 0 
1 0 
1 0 
2 3 4119 4120 0 
2 3 4118 4121 0 
2 3 4113 4122 0 
2 3 4112 4123 0 
1 0 
2 3 4124 4125 0 
1 0 
2 3 4126 4127 0 
1 0 
2 3 4128 4129 0 
2 3 4111 4130 0 
3 2 0 4131 
3 2 0 4111 
3 2 0 4107 
3 2 0 4105 
3 2 0 4103 
3 2 0 4099 
3 2 0 4102 
3 2 0 4100 
3 2 0 4101 
3 2 0 4104 
3 2 0 4106 
3 2 0 4110 
3 2 0 4108 
3 2 0 4109 
3 2 0 4130 
3 2 0 4128 
3 2 0 4126 
3 2 0 4124 
3 2 0 4112 
3 2 0 4123 
3 2 0 4113 
3 2 0 4122 
3 2 0 4118 
3 2 0 4116 
3 2 0 4114 
3 2 0 4115 
3 2 0 4117 
3 2 0 4121 
3 2 0 4119 
3 2 0 4120 
3 2 0 4125 
3 2 0 4127 
3 2 0 4129 
1 0 
1 0 
2 3 4165 4166 0 
1 0 
1 0 
1 0 
2 3 4169 4170 0 
1 0 
2 3 4171 4172 0 
2 3 4168 4173 0 
1 0 
1 0 
1 0 
2 3 4176 4177 0 
1 0 
1 0 
1 0 
1 0 
2 3 4181 4182 0 
1 0 
1 0 
1 0 
2 3 4185 4186 0 
2 3 4184 4187 0 
2 3 4183 4188 0 
2 3 4180 4189 0 
2 3 4179 4190 0 
2 3 4178 4191 0 
2 3 4175 4192 0 
2 3 4174 4193 0 
2 3 4167 4194 0 
1 0 
2 3 4195 4196 0 
3 2 0 4197 
3 2 0 4195 
3 2 0 4167 
3 2 0 4165 
3 2 0 4166 
3 2 0 4194 
3 2 0 4174 
3 2 0 4168 
3 2 0 4173 
3 2 0 4171 
3 2 0 4169 
3 2 0 4170 
3 2 0 4172 
3 2 0 4193 
3 2 0 4175 
3 2 0 4192 
3 2 0 4178 
3 2 0 4176 
3 2 0 4177 
3 2 0 4191 
3 2 0 4179 
3 2 0 4190 
3 2 0 4180 
3 2 0 4189 
3 2 0 4183 
3 2 0 4181 
3 2 0 4182 
3 2 0 4188 
3 2 0 4184 
3 2 0 4187 
3 2 0 4185 
3 2 0 4186 
3 2 0 4196 
1 0 
1 0 
1 0 
1 0 
1 0 
1 0 
1 0 
2 3 4236 4237 0 
2 3 4235 4238 0 
1 0 
1 0 
1 0 
1 0 
1 0 
2 3 4243 4244 0 
2 3 4242 4245 0 
2 3 4241 4246 0 
1 0 
1 0 
1 0 
1 0 
2 3 4250 4251 0 
2 3 4249 4252 0 
2 3 4248 4253 0 
2 3 4247 4254 0 
2 3 4240 4255 0 
2 3 4239 4256 0 
1 0 
1 0 
1 0 
1 0 
1 0 
2 3 4261 4262 0 
2 3 4260 4263 0 
2 3 4259 4264 0 
2 3 4258 4265 0 
1 0 
1 0 
1 0 
1 0 
1 0 
2 3 4270 4271 0 
2 3 4269 4272 0 
1 0 
2 3 4273 4274 0 
2 3 4268 4275 0 
1 0 
2 3 4276 4277 0 
1 0 
1 0 
1 0 
1 0 
2 3 4281 4282 0 
2 3 4280 4283 0 
2 3 4279 4284 0 
2 3 4278 4285 0 
2 3 4267 4286 0 
2 3 4266 4287 0 
2 3 4257 4288 0 
2 3 4234 4289 0 
2 3 4233 4290 0 
2 3 4232 4291 0 
2 3 4231 4292 0 
3 2 0 4293 
3 2 0 4231 
3 2 0 4292 
3 2 0 4232 
3 2 0 4291 
3 2 0 4233 
3 2 0 4290 
3 2 0 4234 
3 2 0 4289 
3 2 0 4257 
3 2 0 4239 
3 2 0 4235 
3 2 0 4238 
3 2 0 4236 
3 2 0 4237 
3 2 0 4256 
3 2 0 4240 
3 2 0 4255 
3 2 0 4247 
3 2 0 4241 
3 2 0 4246 
3 2 0 4242 
3 2 0 4245 
3 2 0 4243 
3 2 0 4244 
3 2 0 4254 
3 2 0 4248 
3 2 0 4253 
3 2 0 4249 
3 2 0 4252 
3 2 0 4250 
3 2 0 4251 
3 2 0 4288 
3 2 0 4266 
3 2 0 4258 
3 2 0 4265 
3 2 0 4259 
3 2 0 4264 
3 2 0 4260 
3 2 0 4263 
3 2 0 4261 
3 2 0 4262 
3 2 0 4287 
3 2 0 4267 
3 2 0 4286 
3 2 0 4278 
3 2 0 4276 
3 2 0 4268 
3 2 0 4275 
3 2 0 4273 
3 2 0 4269 
3 2 0 4272 
3 2 0 4270 
3 2 0 4271 
3 2 0 4274 
3 2 0 4277 
3 2 0 4285 
3 2 0 4279 
3 2 0 4284 
3 2 0 4280 
3 2 0 4283 
3 2 0 4281 
3 2 0 4282 
1 0 
1 0 
1 0 
2 3 4358 4359 0 
2 3 4357 4360 0 
1 0 
1 0 
1 0 
2 3 4363 4364 0 
2 3 4362 4365 0 
1 0 
1 0 
1 0 
1 0 
1 0 
1 0 
2 3 4371 4372 0 
2 3 4370 4373 0 
2 3 4369 4374 0 
2 3 4368 4375 0 
1 0 
1 0 
1 0 
1 0 
1 0 
1 0 
1 0 
2 3 4382 4383 0 
2 3 4381 4384 0 
2 3 4380 4385 0 
2 3 4379 4386 0 
2 3 4378 4387 0 
2 3 4377 4388 0 
2 3 4376 4389 0 
2 3 4367 4390 0 
2 3 4366 4391 0 
2 3 4361 4392 0 
1 0 
2 3 4393 4394 0 
1 0 
2 3 4395 4396 0 
1 0 
1 0 
2 3 4398 4399 0 
1 0 
1 0 
2 3 4401 4402 0 
2 3 4400 4403 0 
1 0 
1 0 
1 0 
1 0 
1 0 
2 3 4408 4409 0 
2 3 4407 4410 0 
2 3 4406 4411 0 
2 3 4405 4412 0 
2 3 4404 4413 0 
1 0 
1 0 
1 0 
1 0 
1 0 
2 3 4418 4419 0 
2 3 4417 4420 0 
2 3 4416 4421 0 
2 3 4415 4422 0 
2 3 4414 4423 0 
2 3 4397 4424 0 
1 0 
2 3 4425 4426 0 
3 2 0 4427 
3 2 0 4425 
3 2 0 4397 
3 2 0 4395 
3 2 0 4393 
3 2 0 4361 
3 2 0 4357 
3 2 0 4360 
3 2 0 4358 
3 2 0 4359 
3 2 0 4392 
3 2 0 4366 
3 2 0 4362 
3 2 0 4365 
3 2 0 4363 
3 2 0 4364 
3 2 0 4391 
3 2 0 4367 
3 2 0 4390 
3 2 0 4376 
3 2 0 4368 
3 2 0 4375 
3 2 0 4369 
3 2 0 4374 
3 2 0 4370 
3 2 0 4373 
3 2 0 4371 
3 2 0 4372 
3 2 0 4389 
3 2 0 4377 
3 2 0 4388 
3 2 0 4378 
3 2 0 4387 
3 2 0 4379 
3 2 0 4386 
3 2 0 4380 
3 2 0 4385 
3 2 0 4381 
3 2 0 4384 
3 2 0 4382 
3 2 0 4383 
3 2 0 4394 
3 2 0 4396 
3 2 0 4424 
3 2 0 4414 
3 2 0 4404 
3 2 0 4400 
3 2 0 4398 
3 2 0 4399 
3 2 0 4403 
3 2 0 4401 
3 2 0 4402 
3 2 0 4413 
3 2 0 4405 
3 2 0 4412 
3 2 0 4406 
3 2 0 4411 
3 2 0 4407 
3 2 0 4410 
3 2 0 4408 
3 2 0 4409 
3 2 0 4423 
3 2 0 4415 
3 2 0 4422 
3 2 0 4416 
3 2 0 4421 
3 2 0 4417 
3 2 0 4420 
3 2 0 4418 
3 2 0 4419 
3 2 0 4426 
1 0 
1 0 
1 0 
1 0 
1 0 
1 0 
2 3 4503 4504 0 
2 3 4502 4505 0 
2 3 4501 4506 0 
2 3 4500 4507 0 
1 0 
2 3 4508 4509 0 
1 0 
1 0 
1 0 
1 0 
2 3 4513 4514 0 
2 3 4512 4515 0 
2 3 4511 4516 0 
1 0 
2 3 4517 4518 0 
1 0 
1 0 
1 0 
2 3 4521 4522 0 
2 3 4520 4523 0 
2 3 4519 4524 0 
2 3 4510 4525 0 
1 0 
2 3 4526 4527 0 
1 0 
2 3 4528 4529 0 
2 3 4499 4530 0 
3 2 0 4531 
3 2 0 4499 
3 2 0 4530 
3 2 0 4528 
3 2 0 4526 
3 2 0 4510 
3 2 0 4508 
3 2 0 4500 
3 2 0 4507 
3 2 0 4501 
3 2 0 4506 
3 2 0 4502 
3 2 0 4505 
3 2 0 4503 
3 2 0 4504 
3 2 0 4509 
3 2 0 4525 
3 2 0 4519 
3 2 0 4517 
3 2 0 4511 
3 2 0 4516 
3 2 0 4512 
3 2 0 4515 
3 2 0 4513 
3 2 0 4514 
3 2 0 4518 
3 2 0 4524 
3 2 0 4520 
3 2 0 4523 
3 2 0 4521 
3 2 0 4522 
3 2 0 4527 
3 2 0 4529 
69 2282 48 49 50 51 52 53 54 55 56 57 58 59 60 61 62 63 64 65 66 67 68 69 70 71 72 73 74 75 76 77 78 79 80 81 82 83 84 85 86 87 88 89 90 91 92 93 94 144 145 146 147 148 149 150 151 152 153 154 155 156 157 158 159 160 161 162 163 164 165 166 167 168 169 170 171 172 173 174 175 176 177 178 179 180 181 182 183 184 185 186 187 188 189 190 191 192 212 213 214 215 216 217 218 219 220 221 222 223 224 225 226 227 228 229 230 258 259 260 261 262 263 264 265 266 267 268 269 270 271 272 273 274 275 276 277 278 279 280 281 282 283 284 314 315 316 317 318 319 320 321 322 323 324 325 326 327 328 329 330 331 332 333 334 335 336 337 338 339 340 341 342 400 401 402 403 404 405 406 407 408 409 410 411 412 413 414 415 416 417 418 419 420 421 422 423 424 425 426 427 428 429 430 431 432 433 434 435 436 437 438 439 440 441 442 443 444 445 446 447 448 449 450 451 452 453 454 455 456 474 475 476 477 478 479 480 481 482 483 484 485 486 487 488 489 490 512 513 514 515 516 517 518 519 520 521 522 523 524 525 526 527 528 529 530 531 532 578 579 580 581 582 583 584 585 586 587 588 589 590 591 592 593 594 595 596 597 598 599 600 601 602 603 604 605 606 607 608 609 610 611 612 613 614 615 616 617 618 619 620 621 622 652 653 654 655 656 657 658 659 660 661 662 663 664 665 666 667 668 669 670 671 672 673 674 675 676 677 678 679 680 728 729 730 731 732 733 734 735 736 737 738 739 740 741 742 743 744 745 746 747 748 749 750 751 752 753 754 755 756 757 758 759 760 761 762 763 764 765 766 767 768 769 770 771 772 773 774 792 793 794 795 796 797 798 799 800 801 802 803 804 805 806 807 808 822 823 824 825 826 827 828 829 830 831 832 833 834 856 857 858 859 860 861 862 863 864 865 866 867 868 869 870 871 872 873 874 875 876 906 907 908 909 910 911 912 913 914 915 916 917 918 919 920 921 922 923 924 925 926 927 928 929 930 931 932 933 934 962 963 964 965 966 967 968 969 970 971 972 973 974 975 976 977 978 979 980 981 982 983 984 985 986 987 988 1010 1011 1012 1013 1014 1015 1016 1017 1018 1019 1020 1021 1022 1023 1024 1025 1026 1027 1028 1029 1030 1058 1059 1060 1061 1062 1063 1064 1065 1066 1067 1068 1069 1070 1071 1072 1073 1074 1075 1076 1077 1078 1079 1080 1081 1082 1083 1084 1172 1173 1174 1175 1176 1177 1178 1179 1180 1181 1182 1183 1184 1185 1186 1187 1188 1189 1190 1191 1192 1193 1194 1195 1196 1197 1198 1199 1200 1201 1202 1203 1204 1205 1206 1207 1208 1209 1210 1211 1212 1213 1214 1215 1216 1217 1218 1219 1220 1221 1222 1223 1224 1225 1226 1227 1228 1229 1230 1231 1232 1233 1234 1235 1236 1237 1238 1239 1240 1241 1242 1243 1244 1245 1246 1247 1248 1249 1250 1251 1252 1253 1254 1255 1256 1257 1258 1288 1289 1290 1291 1292 1293 1294 1295 1296 1297 1298 1299 1300 1301 1302 1303 1304 1305 1306 1307 1308 1309 1310 1311 1312 1313 1314 1315 1316 1348 1349 1350 1351 1352 1353 1354 1355 1356 1357 1358 1359 1360 1361 1362 1363 1364 1365 1366 1367 1368 1369 1370 1371 1372 1373 1374 1375 1376 1377 1378 1438 1439 1440 1441 1442 1443 1444 1445 1446 1447 1448 1449 1450 1451 1452 1453 1454 1455 1456 1457 1458 1459 1460 1461 1462 1463 1464 1465 1466 1467 1468 1469 1470 1471 1472 1473 1474 1475 1476 1477 1478 1479 1480 1481 1482 1483 1484 1485 1486 1487 1488 1489 1490 1491 1492 1493 1494 1495 1496 1528 1529 1530 1531 1532 1533 1534 1535 1536 1537 1538 1539 1540 1541 1542 1543 1544 1545 1546 1547 1548 1549 1550 1551 1552 1553 1554 1555 1556 1557 1558 1580 1581 1582 1583 1584 1585 1586 1587 1588 1589 1590 1591 1592 1593 1594 1595 1596 1597 1598 1599 1600 1654 1655 1656 1657 1658 1659 1660 1661 1662 1663 1664 1665 1666 1667 1668 1669 1670 1671 1672 1673 1674 1675 1676 1677 1678 1679 1680 1681 1682 1683 1684 1685 1686 1687 1688 1689 1690 1691 1692 1693 1694 1695 1696 1697 1698 1699 1700 1701 1702 1703 1704 1705 1706 1732 1733 1734 1735 1736 1737 1738 1739 1740 1741 1742 1743 1744 1745 1746 1747 1748 1749 1750 1751 1752 1753 1754 1755 1756 1794 1795 1796 1797 1798 1799 1800 1801 1802 1803 1804 1805 1806 1807 1808 1809 1810 1811 1812 1813 1814 1815 1816 1817 1818 1819 1820 1821 1822 1823 1824 1825 1826 1827 1828 1829 1830 1870 1871 1872 1873 1874 1875 1876 1877 1878 1879 1880 1881 1882 1883 1884 1885 1886 1887 1888 1889 1890 1891 1892 1893 1894 1895 1896 1897 1898 1899 1900 1901 1902 1903 1904 1905 1906 1907 1908 1956 1957 1958 1959 1960 1961 1962 1963 1964 1965 1966 1967 1968 1969 1970 1971 1972 1973 1974 1975 1976 1977 1978 1979 1980 1981 1982 1983 1984 1985 1986 1987 1988 1989 1990 1991 1992 1993 1994 1995 1996 1997 1998 1999 2000 2001 2002 2084 2085 2086 2087 2088 2089 2090 2091 2092 2093 2094 2095 2096 2097 2098 2099 2100 2101 2102 2103 2104 2105 2106 2107 2108 2109 2110 2111 2112 2113 2114 2115 2116 2117 2118 2119 2120 2121 2122 2123 2124 2125 2126 2127 2128 2129 2130 2131 2132 2133 2134 2135 2136 2137 2138 2139 2140 2141 2142 2143 2144 2145 2146 2147 2148 2149 2150 2151 2152 2153 2154 2155 2156 2157 2158 2159 2160 2161 2162 2163 2164 2174 2175 2176 2177 2178 2179 2180 2181 2182 2208 2209 2210 2211 2212 2213 2214 2215 2216 2217 2218 2219 2220 2221 2222 2223 2224 2225 2226 2227 2228 2229 2230 2231 2232 2282 2283 2284 2285 2286 2287 2288 2289 2290 2291 2292 2293 2294 2295 2296 2297 2298 2299 2300 2301 2302 2303 2304 2305 2306 2307 2308 2309 2310 2311 2312 2313 2314 2315 2316 2317 2318 2319 2320 2321 2322 2323 2324 2325 2326 2327 2328 2329 2330 2368 2369 2370 2371 2372 2373 2374 2375 2376 2377 2378 2379 2380 2381 2382 2383 2384 2385 2386 2387 2388 2389 2390 2391 2392 2393 2394 2395 2396 2397 2398 2399 2400 2401 2402 2403 2404 2410 2411 2412 2413 2414 2514 2515 2516 2517 2518 2519 2520 2521 2522 2523 2524 2525 2526 2527 2528 2529 2530 2531 2532 2533 2534 2535 2536 2537 2538 2539 2540 2541 2542 2543 2544 2545 2546 2547 2548 2549 2550 2551 2552 2553 2554 2555 2556 2557 2558 2559 2560 2561 2562 2563 2564 2565 2566 2567 2568 2569 2570 2571 2572 2573 2574 2575 2576 2577 2578 2579 2580 2581 2582 2583 2584 2585 2586 2587 2588 2589 2590 2591 2592 2593 2594 2595 2596 2597 2598 2599 2600 2601 2602 2603 2604 2605 2606 2607 2608 2609 2610 2611 2612 2638 2639 2640 2641 2642 2643 2644 2645 2646 2647 2648 2649 2650 2651 2652 2653 2654 2655 2656 2657 2658 2659 2660 2661 2662 2692 2693 2694 2695 2696 2697 2698 2699 2700 2701 2702 2703 2704 2705 2706 2707 2708 2709 2710 2711 2712 2713 2714 2715 2716 2717 2718 2719 2720 2740 2741 2742 2743 2744 2745 2746 2747 2748 2749 2750 2751 2752 2753 2754 2755 2756 2757 2758 2790 2791 2792 2793 2794 2795 2796 2797 2798 2799 2800 2801 2802 2803 2804 2805 2806 2807 2808 2809 2810 2811 2812 2813 2814 2815 2816 2817 2818 2819 2820 2878 2879 2880 2881 2882 2883 2884 2885 2886 2887 2888 2889 2890 2891 2892 2893 2894 2895 2896 2897 2898 2899 2900 2901 2902 2903 2904 2905 2906 2907 2908 2909 2910 2911 2912 2913 2914 2915 2916 2917 2918 2919 2920 2921 2922 2923 2924 2925 2926 2927 2928 2929 2930 2931 2932 2933 2934 2958 2959 2960 2961 2962 2963 2964 2965 2966 2967 2968 2969 2970 2971 2972 2973 2974 2975 2976 2977 2978 2979 2980 3004 3005 3006 3007 3008 3009 3010 3011 3012 3013 3014 3015 3016 3017 3018 3019 3020 3021 3022 3023 3024 3025 3026 3038 3039 3040 3041 3042 3043 3044 3045 3046 3047 3048 3070 3071 3072 3073 3074 3075 3076 3077 3078 3079 3080 3081 3082 3083 3084 3085 3086 3087 3088 3089 3090 3116 3117 3118 3119 3120 3121 3122 3123 3124 3125 3126 3127 3128 3129 3130 3131 3132 3133 3134 3135 3136 3137 3138 3139 3140 3174 3175 3176 3177 3178 3179 3180 3181 3182 3183 3184 3185 3186 3187 3188 3189 3190 3191 3192 3193 3194 3195 3196 3197 3198 3199 3200 3201 3202 3203 3204 3205 3206 3216 3217 3218 3219 3220 3221 3222 3223 3224 3276 3277 3278 3279 3280 3281 3282 3283 3284 3285 3286 3287 3288 3289 3290 3291 3292 3293 3294 3295 3296 3297 3298 3299 3300 3301 3302 3303 3304 3305 3306 3307 3308 3309 3310 3311 3312 3313 3314 3315 3316 3317 3318 3319 3320 3321 3322 3323 3324 3325 3326 3380 3381 3382 3383 3384 3385 3386 3387 3388 3389 3390 3391 3392 3393 3394 3395 3396 3397 3398 3399 3400 3401 3402 3403 3404 3405 3406 3407 3408 3409 3410 3411 3412 3413 3414 3415 3416 3417 3418 3419 3420 3421 3422 3423 3424 3425 3426 3427 3428 3429 3430 3431 3432 3456 3457 3458 3459 3460 3461 3462 3463 3464 3465 3466 3467 3468 3469 3470 3471 3472 3473 3474 3475 3476 3477 3478 3510 3511 3512 3513 3514 3515 3516 3517 3518 3519 3520 3521 3522 3523 3524 3525 3526 3527 3528 3529 3530 3531 3532 3533 3534 3535 3536 3537 3538 3539 3540 3574 3575 3576 3577 3578 3579 3580 3581 3582 3583 3584 3585 3586 3587 3588 3589 3590 3591 3592 3593 3594 3595 3596 3597 3598 3599 3600 3601 3602 3603 3604 3605 3606 3642 3643 3644 3645 3646 3647 3648 3649 3650 3651 3652 3653 3654 3655 3656 3657 3658 3659 3660 3661 3662 3663 3664 3665 3666 3667 3668 3669 3670 3671 3672 3673 3674 3675 3676 3710 3711 3712 3713 3714 3715 3716 3717 3718 3719 3720 3721 3722 3723 3724 3725 3726 3727 3728 3729 3730 3731 3732 3733 3734 3735 3736 3737 3738 3739 3740 3741 3742 3802 3803 3804 3805 3806 3807 3808 3809 3810 3811 3812 3813 3814 3815 3816 3817 3818 3819 3820 3821 3822 3823 3824 3825 3826 3827 3828 3829 3830 3831 3832 3833 3834 3835 3836 3837 3838 3839 3840 3841 3842 3843 3844 3845 3846 3847 3848 3849 3850 3851 3852 3853 3854 3855 3856 3857 3858 3859 3860 3908 3909 3910 3911 3912 3913 3914 3915 3916 3917 3918 3919 3920 3921 3922 3923 3924 3925 3926 3927 3928 3929 3930 3931 3932 3933 3934 3935 3936 3937 3938 3939 3940 3941 3942 3943 3944 3945 3946 3947 3948 3949 3950 3951 3952 3953 3954 3982 3983 3984 3985 3986 3987 3988 3989 3990 3991 3992 3993 3994 3995 3996 3997 3998 3999 4000 4001 4002 4003 4004 4005 4006 4007 4008 4054 4055 4056 4057 4058 4059 4060 4061 4062 4063 4064 4065 4066 4067 4068 4069 4070 4071 4072 4073 4074 4075 4076 4077 4078 4079 4080 4081 4082 4083 4084 4085 4086 4087 4088 4089 4090 4091 4092 4093 4094 4095 4096 4097 4098 4132 4133 4134 4135 4136 4137 4138 4139 4140 4141 4142 4143 4144 4145 4146 4147 4148 4149 4150 4151 4152 4153 4154 4155 4156 4157 4158 4159 4160 4161 4162 4163 4164 4198 4199 4200 4201 4202 4203 4204 4205 4206 4207 4208 4209 4210 4211 4212 4213 4214 4215 4216 4217 4218 4219 4220 4221 4222 4223 4224 4225 4226 4227 4228 4229 4230 4294 4295 4296 4297 4298 4299 4300 4301 4302 4303 4304 4305 4306 4307 4308 4309 4310 4311 4312 4313 4314 4315 4316 4317 4318 4319 4320 4321 4322 4323 4324 4325 4326 4327 4328 4329 4330 4331 4332 4333 4334 4335 4336 4337 4338 4339 4340 4341 4342 4343 4344 4345 4346 4347 4348 4349 4350 4351 4352 4353 4354 4355 4356 4428 4429 4430 4431 4432 4433 4434 4435 4436 4437 4438 4439 4440 4441 4442 4443 4444 4445 4446 4447 4448 4449 4450 4451 4452 4453 4454 4455 4456 4457 4458 4459 4460 4461 4462 4463 4464 4465 4466 4467 4468 4469 4470 4471 4472 4473 4474 4475 4476 4477 4478 4479 4480 4481 4482 4483 4484 4485 4486 4487 4488 4489 4490 4491 4492 4493 4494 4495 4496 4497 4498 4532 4533 4534 4535 4536 4537 4538 4539 4540 4541 4542 4543 4544 4545 4546 4547 4548 4549 4550 4551 4552 4553 4554 4555 4556 4557 4558 4559 4560 4561 4562 4563 4564 
