4610
0 0 
1 0 
1 0 
2 3 1 2 0 
1 0 
1 0 
2 3 4 5 0 
1 0 
1 0 
2 3 7 8 0 
2 3 6 9 0 
2 3 3 10 0 
1 0 
2 3 11 12 0 
1 0 
1 0 
1 0 
2 3 15 16 0 
1 0 
1 0 
1 0 
1 0 
1 0 
2 3 21 22 0 
2 3 20 23 0 
2 3 19 24 0 
1 0 
1 0 
1 0 
1 0 
2 3 28 29 0 
1 0 
1 0 
1 0 
2 3 32 33 0 
1 0 
1 0 
2 3 35 36 0 
2 3 34 37 0 
1 0 
2 3 38 39 0 
2 3 31 40 0 
2 3 30 41 0 
2 3 27 42 0 
2 3 26 43 0 
2 3 25 44 0 
2 3 18 45 0 
2 3 17 46 0 
2 3 14 47 0 
2 3 13 48 0 
1 0 
2 3 49 50 0 
3 2 0 51 
3 2 0 49 
3 2 0 13 
3 2 0 11 
3 2 0 3 
3 2 0 1 
3 2 0 2 
3 2 0 10 
3 2 0 6 
3 2 0 4 
3 2 0 5 
3 2 0 9 
3 2 0 7 
3 2 0 8 
3 2 0 12 
3 2 0 48 
3 2 0 14 
3 2 0 47 
3 2 0 17 
3 2 0 15 
3 2 0 16 
3 2 0 46 
3 2 0 18 
3 2 0 45 
3 2 0 25 
3 2 0 19 
3 2 0 24 
3 2 0 20 
3 2 0 23 
3 2 0 21 
3 2 0 22 
3 2 0 44 
3 2 0 26 
3 2 0 43 
3 2 0 27 
3 2 0 42 
3 2 0 30 
3 2 0 28 
3 2 0 29 
3 2 0 41 
3 2 0 31 
3 2 0 40 
3 2 0 38 
3 2 0 34 
3 2 0 32 
3 2 0 33 
3 2 0 37 
3 2 0 35 
3 2 0 36 
3 2 0 39 
3 2 0 50 
1 0 
1 0 
2 3 103 104 0 
1 0 
1 0 
1 0 
1 0 
2 3 108 109 0 
1 0 
2 3 110 111 0 
2 3 107 112 0 
2 3 106 113 0 
1 0 
1 0 
1 0 
2 3 116 117 0 
1 0 
1 0 
1 0 
1 0 
1 0 
1 0 
1 0 
1 0 
2 3 125 126 0 
2 3 124 127 0 
2 3 123 128 0 
1 0 
1 0 
1 0 
1 0 
1 0 
2 3 133 134 0 
2 3 132 135 0 
2 3 131 136 0 
2 3 130 137 0 
2 3 129 138 0 
2 3 122 139 0 
2 3 121 140 0 
2 3 120 141 0 
2 3 119 142 0 
2 3 118 143 0 
2 3 115 144 0 
2 3 114 145 0 
1 0 
2 3 146 147 0 
2 3 105 148 0 
3 2 0 149 
3 2 0 105 
3 2 0 103 
3 2 0 104 
3 2 0 148 
3 2 0 146 
3 2 0 114 
3 2 0 106 
3 2 0 113 
3 2 0 107 
3 2 0 112 
3 2 0 110 
3 2 0 108 
3 2 0 109 
3 2 0 111 
3 2 0 145 
3 2 0 115 
3 2 0 144 
3 2 0 118 
3 2 0 116 
3 2 0 117 
3 2 0 143 
3 2 0 119 
3 2 0 142 
3 2 0 120 
3 2 0 141 
3 2 0 121 
3 2 0 140 
3 2 0 122 
3 2 0 139 
3 2 0 129 
3 2 0 123 
3 2 0 128 
3 2 0 124 
3 2 0 127 
3 2 0 125 
3 2 0 126 
3 2 0 138 
3 2 0 130 
3 2 0 137 
3 2 0 131 
3 2 0 136 
3 2 0 132 
3 2 0 135 
3 2 0 133 
3 2 0 134 
3 2 0 147 
1 0 
1 0 
2 3 197 198 0 
1 0 
1 0 
2 3 200 201 0 
1 0 
1 0 
1 0 
1 0 
2 3 205 206 0 
2 3 204 207 0 
2 3 203 208 0 
2 3 202 209 0 
1 0 
1 0 
1 0 
1 0 
2 3 213 214 0 
2 3 212 215 0 
1 0 
1 0 
2 3 217 218 0 
1 0 
1 0 
1 0 
1 0 
2 3 222 223 0 
2 3 221 224 0 
1 0 
1 0 
2 3 226 227 0 
2 3 225 228 0 
1 0 
1 0 
2 3 230 231 0 
1 0 
1 0 
1 0 
1 0 
1 0 
2 3 236 237 0 
2 3 235 238 0 
2 3 234 239 0 
2 3 233 240 0 
2 3 232 241 0 
1 0 
2 3 242 243 0 
1 0 
1 0 
2 3 245 246 0 
2 3 244 247 0 
2 3 229 248 0 
2 3 220 249 0 
2 3 219 250 0 
2 3 216 251 0 
2 3 211 252 0 
2 3 210 253 0 
1 0 
2 3 254 255 0 
2 3 199 256 0 
3 2 0 257 
3 2 0 199 
3 2 0 197 
3 2 0 198 
3 2 0 256 
3 2 0 254 
3 2 0 210 
3 2 0 202 
3 2 0 200 
3 2 0 201 
3 2 0 209 
3 2 0 203 
3 2 0 208 
3 2 0 204 
3 2 0 207 
3 2 0 205 
3 2 0 206 
3 2 0 253 
3 2 0 211 
3 2 0 252 
3 2 0 216 
3 2 0 212 
3 2 0 215 
3 2 0 213 
3 2 0 214 
3 2 0 251 
3 2 0 219 
3 2 0 217 
3 2 0 218 
3 2 0 250 
3 2 0 220 
3 2 0 249 
3 2 0 229 
3 2 0 225 
3 2 0 221 
3 2 0 224 
3 2 0 222 
3 2 0 223 
3 2 0 228 
3 2 0 226 
3 2 0 227 
3 2 0 248 
3 2 0 244 
3 2 0 242 
3 2 0 232 
3 2 0 230 
3 2 0 231 
3 2 0 241 
3 2 0 233 
3 2 0 240 
3 2 0 234 
3 2 0 239 
3 2 0 235 
3 2 0 238 
3 2 0 236 
3 2 0 237 
3 2 0 243 
3 2 0 247 
3 2 0 245 
3 2 0 246 
3 2 0 255 
1 0 
1 0 
1 0 
2 3 320 321 0 
1 0 
1 0 
2 3 323 324 0 
1 0 
1 0 
1 0 
1 0 
1 0 
1 0 
2 3 330 331 0 
2 3 329 332 0 
2 3 328 333 0 
2 3 327 334 0 
2 3 326 335 0 
2 3 325 336 0 
2 3 322 337 0 
2 3 319 338 0 
1 0 
1 0 
1 0 
1 0 
1 0 
1 0 
1 0 
1 0 
1 0 
2 3 347 348 0 
2 3 346 349 0 
1 0 
1 0 
2 3 351 352 0 
2 3 350 353 0 
2 3 345 354 0 
2 3 344 355 0 
2 3 343 356 0 
2 3 342 357 0 
1 0 
2 3 358 359 0 
2 3 341 360 0 
2 3 340 361 0 
2 3 339 362 0 
3 2 0 363 
3 2 0 339 
3 2 0 319 
3 2 0 338 
3 2 0 322 
3 2 0 320 
3 2 0 321 
3 2 0 337 
3 2 0 325 
3 2 0 323 
3 2 0 324 
3 2 0 336 
3 2 0 326 
3 2 0 335 
3 2 0 327 
3 2 0 334 
3 2 0 328 
3 2 0 333 
3 2 0 329 
3 2 0 332 
3 2 0 330 
3 2 0 331 
3 2 0 362 
3 2 0 340 
3 2 0 361 
3 2 0 341 
3 2 0 360 
3 2 0 358 
3 2 0 342 
3 2 0 357 
3 2 0 343 
3 2 0 356 
3 2 0 344 
3 2 0 355 
3 2 0 345 
3 2 0 354 
3 2 0 350 
3 2 0 346 
3 2 0 349 
3 2 0 347 
3 2 0 348 
3 2 0 353 
3 2 0 351 
3 2 0 352 
3 2 0 359 
1 0 
1 0 
1 0 
1 0 
1 0 
2 3 412 413 0 
1 0 
2 3 414 415 0 
2 3 411 416 0 
2 3 410 417 0 
2 3 409 418 0 
1 0 
1 0 
1 0 
1 0 
2 3 422 423 0 
1 0 
2 3 424 425 0 
1 0 
1 0 
1 0 
2 3 428 429 0 
2 3 427 430 0 
2 3 426 431 0 
2 3 421 432 0 
2 3 420 433 0 
1 0 
2 3 434 435 0 
2 3 419 436 0 
3 2 0 437 
3 2 0 419 
3 2 0 409 
3 2 0 418 
3 2 0 410 
3 2 0 417 
3 2 0 411 
3 2 0 416 
3 2 0 414 
3 2 0 412 
3 2 0 413 
3 2 0 415 
3 2 0 436 
3 2 0 434 
3 2 0 420 
3 2 0 433 
3 2 0 421 
3 2 0 432 
3 2 0 426 
3 2 0 424 
3 2 0 422 
3 2 0 423 
3 2 0 425 
3 2 0 431 
3 2 0 427 
3 2 0 430 
3 2 0 428 
3 2 0 429 
3 2 0 435 
1 0 
1 0 
1 0 
1 0 
2 3 469 470 0 
1 0 
2 3 471 472 0 
2 3 468 473 0 
2 3 467 474 0 
1 0 
1 0 
1 0 
2 3 477 478 0 
2 3 476 479 0 
1 0 
1 0 
2 3 481 482 0 
2 3 480 483 0 
1 0 
2 3 484 485 0 
2 3 475 486 0 
3 2 0 487 
3 2 0 475 
3 2 0 467 
3 2 0 474 
3 2 0 468 
3 2 0 473 
3 2 0 471 
3 2 0 469 
3 2 0 470 
3 2 0 472 
3 2 0 486 
3 2 0 484 
3 2 0 480 
3 2 0 476 
3 2 0 479 
3 2 0 477 
3 2 0 478 
3 2 0 483 
3 2 0 481 
3 2 0 482 
3 2 0 485 
1 0 
1 0 
1 0 
1 0 
2 3 511 512 0 
2 3 510 513 0 
2 3 509 514 0 
1 0 
1 0 
1 0 
1 0 
2 3 518 519 0 
2 3 517 520 0 
2 3 516 521 0 
2 3 515 522 0 
1 0 
2 3 523 524 0 
1 0 
1 0 
1 0 
2 3 527 528 0 
2 3 526 529 0 
2 3 525 530 0 
1 0 
1 0 
2 3 532 533 0 
1 0 
1 0 
1 0 
2 3 536 537 0 
2 3 535 538 0 
2 3 534 539 0 
2 3 531 540 0 
1 0 
1 0 
2 3 542 543 0 
2 3 541 544 0 
3 2 0 545 
3 2 0 541 
3 2 0 531 
3 2 0 525 
3 2 0 523 
3 2 0 515 
3 2 0 509 
3 2 0 514 
3 2 0 510 
3 2 0 513 
3 2 0 511 
3 2 0 512 
3 2 0 522 
3 2 0 516 
3 2 0 521 
3 2 0 517 
3 2 0 520 
3 2 0 518 
3 2 0 519 
3 2 0 524 
3 2 0 530 
3 2 0 526 
3 2 0 529 
3 2 0 527 
3 2 0 528 
3 2 0 540 
3 2 0 534 
3 2 0 532 
3 2 0 533 
3 2 0 539 
3 2 0 535 
3 2 0 538 
3 2 0 536 
3 2 0 537 
3 2 0 544 
3 2 0 542 
3 2 0 543 
1 0 
1 0 
2 3 583 584 0 
1 0 
1 0 
2 3 586 587 0 
1 0 
1 0 
1 0 
2 3 590 591 0 
2 3 589 592 0 
1 0 
1 0 
2 3 594 595 0 
2 3 593 596 0 
2 3 588 597 0 
1 0 
2 3 598 599 0 
2 3 585 600 0 
3 2 0 601 
3 2 0 585 
3 2 0 583 
3 2 0 584 
3 2 0 600 
3 2 0 598 
3 2 0 588 
3 2 0 586 
3 2 0 587 
3 2 0 597 
3 2 0 593 
3 2 0 589 
3 2 0 592 
3 2 0 590 
3 2 0 591 
3 2 0 596 
3 2 0 594 
3 2 0 595 
3 2 0 599 
1 0 
1 0 
2 3 621 622 0 
1 0 
1 0 
1 0 
1 0 
1 0 
1 0 
1 0 
1 0 
1 0 
1 0 
1 0 
2 3 633 634 0 
1 0 
1 0 
1 0 
2 3 637 638 0 
2 3 636 639 0 
2 3 635 640 0 
1 0 
1 0 
2 3 642 643 0 
2 3 641 644 0 
2 3 632 645 0 
2 3 631 646 0 
2 3 630 647 0 
2 3 629 648 0 
2 3 628 649 0 
2 3 627 650 0 
2 3 626 651 0 
2 3 625 652 0 
2 3 624 653 0 
1 0 
2 3 654 655 0 
2 3 623 656 0 
3 2 0 657 
3 2 0 623 
3 2 0 621 
3 2 0 622 
3 2 0 656 
3 2 0 654 
3 2 0 624 
3 2 0 653 
3 2 0 625 
3 2 0 652 
3 2 0 626 
3 2 0 651 
3 2 0 627 
3 2 0 650 
3 2 0 628 
3 2 0 649 
3 2 0 629 
3 2 0 648 
3 2 0 630 
3 2 0 647 
3 2 0 631 
3 2 0 646 
3 2 0 632 
3 2 0 645 
3 2 0 641 
3 2 0 635 
3 2 0 633 
3 2 0 634 
3 2 0 640 
3 2 0 636 
3 2 0 639 
3 2 0 637 
3 2 0 638 
3 2 0 644 
3 2 0 642 
3 2 0 643 
3 2 0 655 
1 0 
1 0 
2 3 695 696 0 
1 0 
1 0 
1 0 
2 3 699 700 0 
2 3 698 701 0 
2 3 697 702 0 
1 0 
2 3 703 704 0 
1 0 
2 3 705 706 0 
1 0 
1 0 
2 3 708 709 0 
1 0 
1 0 
1 0 
1 0 
1 0 
1 0 
2 3 715 716 0 
2 3 714 717 0 
2 3 713 718 0 
1 0 
1 0 
1 0 
1 0 
2 3 722 723 0 
2 3 721 724 0 
2 3 720 725 0 
2 3 719 726 0 
2 3 712 727 0 
2 3 711 728 0 
2 3 710 729 0 
2 3 707 730 0 
1 0 
2 3 731 732 0 
3 2 0 733 
3 2 0 731 
3 2 0 707 
3 2 0 705 
3 2 0 703 
3 2 0 697 
3 2 0 695 
3 2 0 696 
3 2 0 702 
3 2 0 698 
3 2 0 701 
3 2 0 699 
3 2 0 700 
3 2 0 704 
3 2 0 706 
3 2 0 730 
3 2 0 710 
3 2 0 708 
3 2 0 709 
3 2 0 729 
3 2 0 711 
3 2 0 728 
3 2 0 712 
3 2 0 727 
3 2 0 719 
3 2 0 713 
3 2 0 718 
3 2 0 714 
3 2 0 717 
3 2 0 715 
3 2 0 716 
3 2 0 726 
3 2 0 720 
3 2 0 725 
3 2 0 721 
3 2 0 724 
3 2 0 722 
3 2 0 723 
3 2 0 732 
1 0 
1 0 
1 0 
1 0 
1 0 
1 0 
2 3 777 778 0 
2 3 776 779 0 
2 3 775 780 0 
1 0 
2 3 781 782 0 
1 0 
2 3 783 784 0 
1 0 
2 3 785 786 0 
1 0 
1 0 
1 0 
1 0 
1 0 
1 0 
1 0 
1 0 
1 0 
1 0 
2 3 796 797 0 
1 0 
1 0 
1 0 
2 3 800 801 0 
2 3 799 802 0 
2 3 798 803 0 
2 3 795 804 0 
2 3 794 805 0 
2 3 793 806 0 
2 3 792 807 0 
2 3 791 808 0 
2 3 790 809 0 
2 3 789 810 0 
2 3 788 811 0 
2 3 787 812 0 
2 3 774 813 0 
1 0 
2 3 814 815 0 
2 3 773 816 0 
3 2 0 817 
3 2 0 773 
3 2 0 816 
3 2 0 814 
3 2 0 774 
3 2 0 813 
3 2 0 787 
3 2 0 785 
3 2 0 783 
3 2 0 781 
3 2 0 775 
3 2 0 780 
3 2 0 776 
3 2 0 779 
3 2 0 777 
3 2 0 778 
3 2 0 782 
3 2 0 784 
3 2 0 786 
3 2 0 812 
3 2 0 788 
3 2 0 811 
3 2 0 789 
3 2 0 810 
3 2 0 790 
3 2 0 809 
3 2 0 791 
3 2 0 808 
3 2 0 792 
3 2 0 807 
3 2 0 793 
3 2 0 806 
3 2 0 794 
3 2 0 805 
3 2 0 795 
3 2 0 804 
3 2 0 798 
3 2 0 796 
3 2 0 797 
3 2 0 803 
3 2 0 799 
3 2 0 802 
3 2 0 800 
3 2 0 801 
3 2 0 815 
1 0 
1 0 
1 0 
2 3 864 865 0 
2 3 863 866 0 
1 0 
1 0 
1 0 
2 3 869 870 0 
2 3 868 871 0 
2 3 867 872 0 
1 0 
2 3 873 874 0 
1 0 
2 3 875 876 0 
1 0 
1 0 
1 0 
1 0 
2 3 880 881 0 
2 3 879 882 0 
2 3 878 883 0 
1 0 
1 0 
2 3 885 886 0 
1 0 
1 0 
1 0 
1 0 
1 0 
2 3 891 892 0 
2 3 890 893 0 
2 3 889 894 0 
2 3 888 895 0 
1 0 
2 3 896 897 0 
1 0 
1 0 
2 3 899 900 0 
1 0 
1 0 
1 0 
1 0 
1 0 
1 0 
1 0 
2 3 907 908 0 
2 3 906 909 0 
2 3 905 910 0 
1 0 
1 0 
1 0 
1 0 
2 3 914 915 0 
1 0 
1 0 
1 0 
1 0 
2 3 919 920 0 
2 3 918 921 0 
2 3 917 922 0 
2 3 916 923 0 
2 3 913 924 0 
2 3 912 925 0 
2 3 911 926 0 
2 3 904 927 0 
2 3 903 928 0 
2 3 902 929 0 
2 3 901 930 0 
2 3 898 931 0 
2 3 887 932 0 
2 3 884 933 0 
2 3 877 934 0 
1 0 
2 3 935 936 0 
3 2 0 937 
3 2 0 935 
3 2 0 877 
3 2 0 875 
3 2 0 873 
3 2 0 867 
3 2 0 863 
3 2 0 866 
3 2 0 864 
3 2 0 865 
3 2 0 872 
3 2 0 868 
3 2 0 871 
3 2 0 869 
3 2 0 870 
3 2 0 874 
3 2 0 876 
3 2 0 934 
3 2 0 884 
3 2 0 878 
3 2 0 883 
3 2 0 879 
3 2 0 882 
3 2 0 880 
3 2 0 881 
3 2 0 933 
3 2 0 887 
3 2 0 885 
3 2 0 886 
3 2 0 932 
3 2 0 898 
3 2 0 896 
3 2 0 888 
3 2 0 895 
3 2 0 889 
3 2 0 894 
3 2 0 890 
3 2 0 893 
3 2 0 891 
3 2 0 892 
3 2 0 897 
3 2 0 931 
3 2 0 901 
3 2 0 899 
3 2 0 900 
3 2 0 930 
3 2 0 902 
3 2 0 929 
3 2 0 903 
3 2 0 928 
3 2 0 904 
3 2 0 927 
3 2 0 911 
3 2 0 905 
3 2 0 910 
3 2 0 906 
3 2 0 909 
3 2 0 907 
3 2 0 908 
3 2 0 926 
3 2 0 912 
3 2 0 925 
3 2 0 913 
3 2 0 924 
3 2 0 916 
3 2 0 914 
3 2 0 915 
3 2 0 923 
3 2 0 917 
3 2 0 922 
3 2 0 918 
3 2 0 921 
3 2 0 919 
3 2 0 920 
3 2 0 936 
1 0 
1 0 
1 0 
2 3 1014 1015 0 
1 0 
1 0 
1 0 
1 0 
2 3 1019 1020 0 
2 3 1018 1021 0 
2 3 1017 1022 0 
2 3 1016 1023 0 
1 0 
1 0 
1 0 
2 3 1026 1027 0 
2 3 1025 1028 0 
2 3 1024 1029 0 
2 3 1013 1030 0 
1 0 
1 0 
1 0 
1 0 
2 3 1034 1035 0 
1 0 
1 0 
1 0 
1 0 
1 0 
2 3 1040 1041 0 
2 3 1039 1042 0 
2 3 1038 1043 0 
2 3 1037 1044 0 
1 0 
2 3 1045 1046 0 
2 3 1036 1047 0 
2 3 1033 1048 0 
2 3 1032 1049 0 
2 3 1031 1050 0 
3 2 0 1051 
3 2 0 1031 
3 2 0 1013 
3 2 0 1030 
3 2 0 1024 
3 2 0 1016 
3 2 0 1014 
3 2 0 1015 
3 2 0 1023 
3 2 0 1017 
3 2 0 1022 
3 2 0 1018 
3 2 0 1021 
3 2 0 1019 
3 2 0 1020 
3 2 0 1029 
3 2 0 1025 
3 2 0 1028 
3 2 0 1026 
3 2 0 1027 
3 2 0 1050 
3 2 0 1032 
3 2 0 1049 
3 2 0 1033 
3 2 0 1048 
3 2 0 1036 
3 2 0 1034 
3 2 0 1035 
3 2 0 1047 
3 2 0 1045 
3 2 0 1037 
3 2 0 1044 
3 2 0 1038 
3 2 0 1043 
3 2 0 1039 
3 2 0 1042 
3 2 0 1040 
3 2 0 1041 
3 2 0 1046 
1 0 
1 0 
1 0 
1 0 
1 0 
2 3 1094 1095 0 
1 0 
1 0 
1 0 
2 3 1098 1099 0 
2 3 1097 1100 0 
2 3 1096 1101 0 
2 3 1093 1102 0 
1 0 
1 0 
1 0 
1 0 
1 0 
1 0 
1 0 
1 0 
1 0 
2 3 1111 1112 0 
2 3 1110 1113 0 
1 0 
1 0 
1 0 
1 0 
1 0 
2 3 1118 1119 0 
2 3 1117 1120 0 
1 0 
1 0 
2 3 1122 1123 0 
2 3 1121 1124 0 
2 3 1116 1125 0 
2 3 1115 1126 0 
2 3 1114 1127 0 
2 3 1109 1128 0 
2 3 1108 1129 0 
2 3 1107 1130 0 
2 3 1106 1131 0 
1 0 
2 3 1132 1133 0 
2 3 1105 1134 0 
2 3 1104 1135 0 
2 3 1103 1136 0 
2 3 1092 1137 0 
2 3 1091 1138 0 
3 2 0 1139 
3 2 0 1091 
3 2 0 1138 
3 2 0 1092 
3 2 0 1137 
3 2 0 1103 
3 2 0 1093 
3 2 0 1102 
3 2 0 1096 
3 2 0 1094 
3 2 0 1095 
3 2 0 1101 
3 2 0 1097 
3 2 0 1100 
3 2 0 1098 
3 2 0 1099 
3 2 0 1136 
3 2 0 1104 
3 2 0 1135 
3 2 0 1105 
3 2 0 1134 
3 2 0 1132 
3 2 0 1106 
3 2 0 1131 
3 2 0 1107 
3 2 0 1130 
3 2 0 1108 
3 2 0 1129 
3 2 0 1109 
3 2 0 1128 
3 2 0 1114 
3 2 0 1110 
3 2 0 1113 
3 2 0 1111 
3 2 0 1112 
3 2 0 1127 
3 2 0 1115 
3 2 0 1126 
3 2 0 1116 
3 2 0 1125 
3 2 0 1121 
3 2 0 1117 
3 2 0 1120 
3 2 0 1118 
3 2 0 1119 
3 2 0 1124 
3 2 0 1122 
3 2 0 1123 
3 2 0 1133 
1 0 
1 0 
2 3 1189 1190 0 
1 0 
1 0 
1 0 
2 3 1193 1194 0 
2 3 1192 1195 0 
2 3 1191 1196 0 
1 0 
1 0 
2 3 1198 1199 0 
1 0 
2 3 1200 1201 0 
1 0 
1 0 
1 0 
1 0 
1 0 
2 3 1206 1207 0 
1 0 
1 0 
1 0 
2 3 1210 1211 0 
1 0 
1 0 
1 0 
2 3 1214 1215 0 
2 3 1213 1216 0 
2 3 1212 1217 0 
1 0 
1 0 
2 3 1219 1220 0 
2 3 1218 1221 0 
1 0 
1 0 
1 0 
2 3 1224 1225 0 
2 3 1223 1226 0 
2 3 1222 1227 0 
1 0 
2 3 1228 1229 0 
2 3 1209 1230 0 
2 3 1208 1231 0 
2 3 1205 1232 0 
2 3 1204 1233 0 
2 3 1203 1234 0 
2 3 1202 1235 0 
2 3 1197 1236 0 
3 2 0 1237 
3 2 0 1197 
3 2 0 1191 
3 2 0 1189 
3 2 0 1190 
3 2 0 1196 
3 2 0 1192 
3 2 0 1195 
3 2 0 1193 
3 2 0 1194 
3 2 0 1236 
3 2 0 1202 
3 2 0 1200 
3 2 0 1198 
3 2 0 1199 
3 2 0 1201 
3 2 0 1235 
3 2 0 1203 
3 2 0 1234 
3 2 0 1204 
3 2 0 1233 
3 2 0 1205 
3 2 0 1232 
3 2 0 1208 
3 2 0 1206 
3 2 0 1207 
3 2 0 1231 
3 2 0 1209 
3 2 0 1230 
3 2 0 1228 
3 2 0 1222 
3 2 0 1218 
3 2 0 1212 
3 2 0 1210 
3 2 0 1211 
3 2 0 1217 
3 2 0 1213 
3 2 0 1216 
3 2 0 1214 
3 2 0 1215 
3 2 0 1221 
3 2 0 1219 
3 2 0 1220 
3 2 0 1227 
3 2 0 1223 
3 2 0 1226 
3 2 0 1224 
3 2 0 1225 
3 2 0 1229 
1 0 
1 0 
1 0 
2 3 1288 1289 0 
1 0 
2 3 1290 1291 0 
2 3 1287 1292 0 
1 0 
1 0 
2 3 1294 1295 0 
2 3 1293 1296 0 
1 0 
1 0 
2 3 1298 1299 0 
1 0 
1 0 
1 0 
1 0 
2 3 1303 1304 0 
2 3 1302 1305 0 
2 3 1301 1306 0 
2 3 1300 1307 0 
1 0 
1 0 
1 0 
1 0 
2 3 1311 1312 0 
2 3 1310 1313 0 
2 3 1309 1314 0 
2 3 1308 1315 0 
1 0 
2 3 1316 1317 0 
2 3 1297 1318 0 
3 2 0 1319 
3 2 0 1297 
3 2 0 1293 
3 2 0 1287 
3 2 0 1292 
3 2 0 1290 
3 2 0 1288 
3 2 0 1289 
3 2 0 1291 
3 2 0 1296 
3 2 0 1294 
3 2 0 1295 
3 2 0 1318 
3 2 0 1316 
3 2 0 1308 
3 2 0 1300 
3 2 0 1298 
3 2 0 1299 
3 2 0 1307 
3 2 0 1301 
3 2 0 1306 
3 2 0 1302 
3 2 0 1305 
3 2 0 1303 
3 2 0 1304 
3 2 0 1315 
3 2 0 1309 
3 2 0 1314 
3 2 0 1310 
3 2 0 1313 
3 2 0 1311 
3 2 0 1312 
3 2 0 1317 
1 0 
1 0 
1 0 
1 0 
1 0 
2 3 1356 1357 0 
2 3 1355 1358 0 
2 3 1354 1359 0 
2 3 1353 1360 0 
1 0 
2 3 1361 1362 0 
1 0 
2 3 1363 1364 0 
1 0 
2 3 1365 1366 0 
1 0 
1 0 
1 0 
1 0 
1 0 
1 0 
2 3 1372 1373 0 
1 0 
1 0 
1 0 
2 3 1376 1377 0 
2 3 1375 1378 0 
2 3 1374 1379 0 
2 3 1371 1380 0 
2 3 1370 1381 0 
2 3 1369 1382 0 
2 3 1368 1383 0 
1 0 
1 0 
1 0 
2 3 1386 1387 0 
1 0 
1 0 
2 3 1389 1390 0 
1 0 
1 0 
1 0 
2 3 1393 1394 0 
2 3 1392 1395 0 
2 3 1391 1396 0 
2 3 1388 1397 0 
2 3 1385 1398 0 
2 3 1384 1399 0 
2 3 1367 1400 0 
1 0 
2 3 1401 1402 0 
3 2 0 1403 
3 2 0 1401 
3 2 0 1367 
3 2 0 1365 
3 2 0 1363 
3 2 0 1361 
3 2 0 1353 
3 2 0 1360 
3 2 0 1354 
3 2 0 1359 
3 2 0 1355 
3 2 0 1358 
3 2 0 1356 
3 2 0 1357 
3 2 0 1362 
3 2 0 1364 
3 2 0 1366 
3 2 0 1400 
3 2 0 1384 
3 2 0 1368 
3 2 0 1383 
3 2 0 1369 
3 2 0 1382 
3 2 0 1370 
3 2 0 1381 
3 2 0 1371 
3 2 0 1380 
3 2 0 1374 
3 2 0 1372 
3 2 0 1373 
3 2 0 1379 
3 2 0 1375 
3 2 0 1378 
3 2 0 1376 
3 2 0 1377 
3 2 0 1399 
3 2 0 1385 
3 2 0 1398 
3 2 0 1388 
3 2 0 1386 
3 2 0 1387 
3 2 0 1397 
3 2 0 1391 
3 2 0 1389 
3 2 0 1390 
3 2 0 1396 
3 2 0 1392 
3 2 0 1395 
3 2 0 1393 
3 2 0 1394 
3 2 0 1402 
1 0 
1 0 
1 0 
2 3 1456 1457 0 
1 0 
2 3 1458 1459 0 
2 3 1455 1460 0 
1 0 
1 0 
1 0 
2 3 1463 1464 0 
1 0 
1 0 
2 3 1466 1467 0 
1 0 
2 3 1468 1469 0 
1 0 
1 0 
2 3 1471 1472 0 
2 3 1470 1473 0 
2 3 1465 1474 0 
2 3 1462 1475 0 
1 0 
2 3 1476 1477 0 
2 3 1461 1478 0 
3 2 0 1479 
3 2 0 1461 
3 2 0 1455 
3 2 0 1460 
3 2 0 1458 
3 2 0 1456 
3 2 0 1457 
3 2 0 1459 
3 2 0 1478 
3 2 0 1476 
3 2 0 1462 
3 2 0 1475 
3 2 0 1465 
3 2 0 1463 
3 2 0 1464 
3 2 0 1474 
3 2 0 1470 
3 2 0 1468 
3 2 0 1466 
3 2 0 1467 
3 2 0 1469 
3 2 0 1473 
3 2 0 1471 
3 2 0 1472 
3 2 0 1477 
1 0 
1 0 
1 0 
1 0 
1 0 
2 3 1508 1509 0 
1 0 
2 3 1510 1511 0 
2 3 1507 1512 0 
2 3 1506 1513 0 
1 0 
2 3 1514 1515 0 
2 3 1505 1516 0 
1 0 
1 0 
1 0 
2 3 1519 1520 0 
2 3 1518 1521 0 
2 3 1517 1522 0 
1 0 
1 0 
2 3 1524 1525 0 
2 3 1523 1526 0 
3 2 0 1527 
3 2 0 1523 
3 2 0 1517 
3 2 0 1505 
3 2 0 1516 
3 2 0 1514 
3 2 0 1506 
3 2 0 1513 
3 2 0 1507 
3 2 0 1512 
3 2 0 1510 
3 2 0 1508 
3 2 0 1509 
3 2 0 1511 
3 2 0 1515 
3 2 0 1522 
3 2 0 1518 
3 2 0 1521 
3 2 0 1519 
3 2 0 1520 
3 2 0 1526 
3 2 0 1524 
3 2 0 1525 
1 0 
1 0 
2 3 1551 1552 0 
1 0 
1 0 
1 0 
2 3 1555 1556 0 
1 0 
1 0 
1 0 
2 3 1559 1560 0 
1 0 
1 0 
1 0 
2 3 1563 1564 0 
2 3 1562 1565 0 
2 3 1561 1566 0 
1 0 
1 0 
1 0 
1 0 
1 0 
2 3 1571 1572 0 
2 3 1570 1573 0 
2 3 1569 1574 0 
2 3 1568 1575 0 
2 3 1567 1576 0 
2 3 1558 1577 0 
2 3 1557 1578 0 
2 3 1554 1579 0 
2 3 1553 1580 0 
1 0 
2 3 1581 1582 0 
1 0 
1 0 
1 0 
2 3 1585 1586 0 
1 0 
1 0 
2 3 1588 1589 0 
2 3 1587 1590 0 
2 3 1584 1591 0 
2 3 1583 1592 0 
1 0 
2 3 1593 1594 0 
3 2 0 1595 
3 2 0 1593 
3 2 0 1583 
3 2 0 1581 
3 2 0 1553 
3 2 0 1551 
3 2 0 1552 
3 2 0 1580 
3 2 0 1554 
3 2 0 1579 
3 2 0 1557 
3 2 0 1555 
3 2 0 1556 
3 2 0 1578 
3 2 0 1558 
3 2 0 1577 
3 2 0 1567 
3 2 0 1561 
3 2 0 1559 
3 2 0 1560 
3 2 0 1566 
3 2 0 1562 
3 2 0 1565 
3 2 0 1563 
3 2 0 1564 
3 2 0 1576 
3 2 0 1568 
3 2 0 1575 
3 2 0 1569 
3 2 0 1574 
3 2 0 1570 
3 2 0 1573 
3 2 0 1571 
3 2 0 1572 
3 2 0 1582 
3 2 0 1592 
3 2 0 1584 
3 2 0 1591 
3 2 0 1587 
3 2 0 1585 
3 2 0 1586 
3 2 0 1590 
3 2 0 1588 
3 2 0 1589 
3 2 0 1594 
1 0 
1 0 
2 3 1641 1642 0 
1 0 
1 0 
1 0 
1 0 
2 3 1646 1647 0 
2 3 1645 1648 0 
1 0 
1 0 
2 3 1650 1651 0 
2 3 1649 1652 0 
1 0 
1 0 
1 0 
2 3 1655 1656 0 
2 3 1654 1657 0 
2 3 1653 1658 0 
2 3 1644 1659 0 
2 3 1643 1660 0 
1 0 
2 3 1661 1662 0 
3 2 0 1663 
3 2 0 1661 
3 2 0 1643 
3 2 0 1641 
3 2 0 1642 
3 2 0 1660 
3 2 0 1644 
3 2 0 1659 
3 2 0 1653 
3 2 0 1649 
3 2 0 1645 
3 2 0 1648 
3 2 0 1646 
3 2 0 1647 
3 2 0 1652 
3 2 0 1650 
3 2 0 1651 
3 2 0 1658 
3 2 0 1654 
3 2 0 1657 
3 2 0 1655 
3 2 0 1656 
3 2 0 1662 
1 0 
1 0 
1 0 
1 0 
1 0 
1 0 
1 0 
2 3 1692 1693 0 
2 3 1691 1694 0 
2 3 1690 1695 0 
2 3 1689 1696 0 
2 3 1688 1697 0 
2 3 1687 1698 0 
1 0 
1 0 
1 0 
1 0 
1 0 
1 0 
2 3 1704 1705 0 
1 0 
1 0 
1 0 
1 0 
2 3 1709 1710 0 
2 3 1708 1711 0 
1 0 
1 0 
1 0 
1 0 
2 3 1715 1716 0 
2 3 1714 1717 0 
2 3 1713 1718 0 
2 3 1712 1719 0 
2 3 1707 1720 0 
2 3 1706 1721 0 
2 3 1703 1722 0 
2 3 1702 1723 0 
2 3 1701 1724 0 
1 0 
2 3 1725 1726 0 
2 3 1700 1727 0 
2 3 1699 1728 0 
3 2 0 1729 
3 2 0 1699 
3 2 0 1687 
3 2 0 1698 
3 2 0 1688 
3 2 0 1697 
3 2 0 1689 
3 2 0 1696 
3 2 0 1690 
3 2 0 1695 
3 2 0 1691 
3 2 0 1694 
3 2 0 1692 
3 2 0 1693 
3 2 0 1728 
3 2 0 1700 
3 2 0 1727 
3 2 0 1725 
3 2 0 1701 
3 2 0 1724 
3 2 0 1702 
3 2 0 1723 
3 2 0 1703 
3 2 0 1722 
3 2 0 1706 
3 2 0 1704 
3 2 0 1705 
3 2 0 1721 
3 2 0 1707 
3 2 0 1720 
3 2 0 1712 
3 2 0 1708 
3 2 0 1711 
3 2 0 1709 
3 2 0 1710 
3 2 0 1719 
3 2 0 1713 
3 2 0 1718 
3 2 0 1714 
3 2 0 1717 
3 2 0 1715 
3 2 0 1716 
3 2 0 1726 
1 0 
1 0 
2 3 1773 1774 0 
1 0 
2 3 1775 1776 0 
1 0 
1 0 
1 0 
1 0 
1 0 
1 0 
1 0 
1 0 
1 0 
1 0 
1 0 
1 0 
1 0 
2 3 1789 1790 0 
2 3 1788 1791 0 
2 3 1787 1792 0 
2 3 1786 1793 0 
2 3 1785 1794 0 
2 3 1784 1795 0 
2 3 1783 1796 0 
2 3 1782 1797 0 
2 3 1781 1798 0 
2 3 1780 1799 0 
2 3 1779 1800 0 
2 3 1778 1801 0 
1 0 
2 3 1802 1803 0 
2 3 1777 1804 0 
3 2 0 1805 
3 2 0 1777 
3 2 0 1775 
3 2 0 1773 
3 2 0 1774 
3 2 0 1776 
3 2 0 1804 
3 2 0 1802 
3 2 0 1778 
3 2 0 1801 
3 2 0 1779 
3 2 0 1800 
3 2 0 1780 
3 2 0 1799 
3 2 0 1781 
3 2 0 1798 
3 2 0 1782 
3 2 0 1797 
3 2 0 1783 
3 2 0 1796 
3 2 0 1784 
3 2 0 1795 
3 2 0 1785 
3 2 0 1794 
3 2 0 1786 
3 2 0 1793 
3 2 0 1787 
3 2 0 1792 
3 2 0 1788 
3 2 0 1791 
3 2 0 1789 
3 2 0 1790 
3 2 0 1803 
1 0 
1 0 
1 0 
2 3 1840 1841 0 
1 0 
2 3 1842 1843 0 
1 0 
2 3 1844 1845 0 
1 0 
1 0 
1 0 
2 3 1848 1849 0 
2 3 1847 1850 0 
2 3 1846 1851 0 
1 0 
2 3 1852 1853 0 
1 0 
2 3 1854 1855 0 
2 3 1839 1856 0 
3 2 0 1857 
3 2 0 1839 
3 2 0 1856 
3 2 0 1854 
3 2 0 1852 
3 2 0 1846 
3 2 0 1844 
3 2 0 1842 
3 2 0 1840 
3 2 0 1841 
3 2 0 1843 
3 2 0 1845 
3 2 0 1851 
3 2 0 1847 
3 2 0 1850 
3 2 0 1848 
3 2 0 1849 
3 2 0 1853 
3 2 0 1855 
1 0 
1 0 
1 0 
1 0 
2 3 1879 1880 0 
2 3 1878 1881 0 
2 3 1877 1882 0 
1 0 
1 0 
1 0 
1 0 
1 0 
2 3 1887 1888 0 
1 0 
2 3 1889 1890 0 
2 3 1886 1891 0 
2 3 1885 1892 0 
1 0 
1 0 
1 0 
2 3 1895 1896 0 
1 0 
2 3 1897 1898 0 
1 0 
1 0 
1 0 
2 3 1901 1902 0 
2 3 1900 1903 0 
1 0 
1 0 
1 0 
2 3 1906 1907 0 
2 3 1905 1908 0 
2 3 1904 1909 0 
2 3 1899 1910 0 
2 3 1894 1911 0 
2 3 1893 1912 0 
2 3 1884 1913 0 
2 3 1883 1914 0 
1 0 
1 0 
1 0 
2 3 1917 1918 0 
2 3 1916 1919 0 
1 0 
2 3 1920 1921 0 
2 3 1915 1922 0 
3 2 0 1923 
3 2 0 1915 
3 2 0 1883 
3 2 0 1877 
3 2 0 1882 
3 2 0 1878 
3 2 0 1881 
3 2 0 1879 
3 2 0 1880 
3 2 0 1914 
3 2 0 1884 
3 2 0 1913 
3 2 0 1893 
3 2 0 1885 
3 2 0 1892 
3 2 0 1886 
3 2 0 1891 
3 2 0 1889 
3 2 0 1887 
3 2 0 1888 
3 2 0 1890 
3 2 0 1912 
3 2 0 1894 
3 2 0 1911 
3 2 0 1899 
3 2 0 1897 
3 2 0 1895 
3 2 0 1896 
3 2 0 1898 
3 2 0 1910 
3 2 0 1904 
3 2 0 1900 
3 2 0 1903 
3 2 0 1901 
3 2 0 1902 
3 2 0 1909 
3 2 0 1905 
3 2 0 1908 
3 2 0 1906 
3 2 0 1907 
3 2 0 1922 
3 2 0 1920 
3 2 0 1916 
3 2 0 1919 
3 2 0 1917 
3 2 0 1918 
3 2 0 1921 
1 0 
1 0 
1 0 
2 3 1972 1973 0 
1 0 
1 0 
1 0 
1 0 
2 3 1977 1978 0 
2 3 1976 1979 0 
1 0 
1 0 
1 0 
1 0 
1 0 
2 3 1984 1985 0 
1 0 
2 3 1986 1987 0 
2 3 1983 1988 0 
2 3 1982 1989 0 
2 3 1981 1990 0 
2 3 1980 1991 0 
2 3 1975 1992 0 
2 3 1974 1993 0 
1 0 
2 3 1994 1995 0 
1 0 
1 0 
1 0 
1 0 
2 3 1999 2000 0 
2 3 1998 2001 0 
2 3 1997 2002 0 
2 3 1996 2003 0 
1 0 
2 3 2004 2005 0 
1 0 
1 0 
1 0 
1 0 
2 3 2009 2010 0 
2 3 2008 2011 0 
2 3 2007 2012 0 
2 3 2006 2013 0 
1 0 
2 3 2014 2015 0 
2 3 1971 2016 0 
3 2 0 2017 
3 2 0 1971 
3 2 0 2016 
3 2 0 2014 
3 2 0 2006 
3 2 0 2004 
3 2 0 1996 
3 2 0 1994 
3 2 0 1974 
3 2 0 1972 
3 2 0 1973 
3 2 0 1993 
3 2 0 1975 
3 2 0 1992 
3 2 0 1980 
3 2 0 1976 
3 2 0 1979 
3 2 0 1977 
3 2 0 1978 
3 2 0 1991 
3 2 0 1981 
3 2 0 1990 
3 2 0 1982 
3 2 0 1989 
3 2 0 1983 
3 2 0 1988 
3 2 0 1986 
3 2 0 1984 
3 2 0 1985 
3 2 0 1987 
3 2 0 1995 
3 2 0 2003 
3 2 0 1997 
3 2 0 2002 
3 2 0 1998 
3 2 0 2001 
3 2 0 1999 
3 2 0 2000 
3 2 0 2005 
3 2 0 2013 
3 2 0 2007 
3 2 0 2012 
3 2 0 2008 
3 2 0 2011 
3 2 0 2009 
3 2 0 2010 
3 2 0 2015 
1 0 
1 0 
1 0 
2 3 2066 2067 0 
1 0 
2 3 2068 2069 0 
2 3 2065 2070 0 
1 0 
1 0 
1 0 
1 0 
1 0 
1 0 
2 3 2076 2077 0 
2 3 2075 2078 0 
2 3 2074 2079 0 
2 3 2073 2080 0 
2 3 2072 2081 0 
1 0 
2 3 2082 2083 0 
2 3 2071 2084 0 
3 2 0 2085 
3 2 0 2071 
3 2 0 2065 
3 2 0 2070 
3 2 0 2068 
3 2 0 2066 
3 2 0 2067 
3 2 0 2069 
3 2 0 2084 
3 2 0 2082 
3 2 0 2072 
3 2 0 2081 
3 2 0 2073 
3 2 0 2080 
3 2 0 2074 
3 2 0 2079 
3 2 0 2075 
3 2 0 2078 
3 2 0 2076 
3 2 0 2077 
3 2 0 2083 
1 0 
1 0 
1 0 
1 0 
1 0 
1 0 
2 3 2111 2112 0 
2 3 2110 2113 0 
2 3 2109 2114 0 
2 3 2108 2115 0 
1 0 
2 3 2116 2117 0 
2 3 2107 2118 0 
1 0 
2 3 2119 2120 0 
3 2 0 2121 
3 2 0 2119 
3 2 0 2107 
3 2 0 2118 
3 2 0 2116 
3 2 0 2108 
3 2 0 2115 
3 2 0 2109 
3 2 0 2114 
3 2 0 2110 
3 2 0 2113 
3 2 0 2111 
3 2 0 2112 
3 2 0 2117 
3 2 0 2120 
1 0 
1 0 
2 3 2137 2138 0 
1 0 
1 0 
1 0 
1 0 
1 0 
1 0 
1 0 
1 0 
2 3 2146 2147 0 
1 0 
1 0 
1 0 
1 0 
1 0 
2 3 2152 2153 0 
1 0 
2 3 2154 2155 0 
1 0 
1 0 
2 3 2157 2158 0 
2 3 2156 2159 0 
2 3 2151 2160 0 
2 3 2150 2161 0 
2 3 2149 2162 0 
2 3 2148 2163 0 
2 3 2145 2164 0 
2 3 2144 2165 0 
2 3 2143 2166 0 
2 3 2142 2167 0 
1 0 
2 3 2168 2169 0 
2 3 2141 2170 0 
2 3 2140 2171 0 
2 3 2139 2172 0 
3 2 0 2173 
3 2 0 2139 
3 2 0 2137 
3 2 0 2138 
3 2 0 2172 
3 2 0 2140 
3 2 0 2171 
3 2 0 2141 
3 2 0 2170 
3 2 0 2168 
3 2 0 2142 
3 2 0 2167 
3 2 0 2143 
3 2 0 2166 
3 2 0 2144 
3 2 0 2165 
3 2 0 2145 
3 2 0 2164 
3 2 0 2148 
3 2 0 2146 
3 2 0 2147 
3 2 0 2163 
3 2 0 2149 
3 2 0 2162 
3 2 0 2150 
3 2 0 2161 
3 2 0 2151 
3 2 0 2160 
3 2 0 2156 
3 2 0 2154 
3 2 0 2152 
3 2 0 2153 
3 2 0 2155 
3 2 0 2159 
3 2 0 2157 
3 2 0 2158 
3 2 0 2169 
1 0 
1 0 
2 3 2211 2212 0 
1 0 
1 0 
2 3 2214 2215 0 
2 3 2213 2216 0 
1 0 
1 0 
1 0 
1 0 
2 3 2220 2221 0 
2 3 2219 2222 0 
1 0 
1 0 
2 3 2224 2225 0 
2 3 2223 2226 0 
2 3 2218 2227 0 
1 0 
1 0 
1 0 
2 3 2230 2231 0 
1 0 
1 0 
2 3 2233 2234 0 
2 3 2232 2235 0 
2 3 2229 2236 0 
2 3 2228 2237 0 
1 0 
2 3 2238 2239 0 
2 3 2217 2240 0 
3 2 0 2241 
3 2 0 2217 
3 2 0 2213 
3 2 0 2211 
3 2 0 2212 
3 2 0 2216 
3 2 0 2214 
3 2 0 2215 
3 2 0 2240 
3 2 0 2238 
3 2 0 2228 
3 2 0 2218 
3 2 0 2227 
3 2 0 2223 
3 2 0 2219 
3 2 0 2222 
3 2 0 2220 
3 2 0 2221 
3 2 0 2226 
3 2 0 2224 
3 2 0 2225 
3 2 0 2237 
3 2 0 2229 
3 2 0 2236 
3 2 0 2232 
3 2 0 2230 
3 2 0 2231 
3 2 0 2235 
3 2 0 2233 
3 2 0 2234 
3 2 0 2239 
1 0 
1 0 
1 0 
1 0 
1 0 
2 3 2276 2277 0 
2 3 2275 2278 0 
1 0 
2 3 2279 2280 0 
1 0 
2 3 2281 2282 0 
1 0 
2 3 2283 2284 0 
1 0 
1 0 
1 0 
2 3 2287 2288 0 
1 0 
1 0 
2 3 2290 2291 0 
1 0 
1 0 
1 0 
2 3 2294 2295 0 
1 0 
1 0 
2 3 2297 2298 0 
2 3 2296 2299 0 
2 3 2293 2300 0 
2 3 2292 2301 0 
2 3 2289 2302 0 
2 3 2286 2303 0 
2 3 2285 2304 0 
2 3 2274 2305 0 
1 0 
2 3 2306 2307 0 
2 3 2273 2308 0 
3 2 0 2309 
3 2 0 2273 
3 2 0 2308 
3 2 0 2306 
3 2 0 2274 
3 2 0 2305 
3 2 0 2285 
3 2 0 2283 
3 2 0 2281 
3 2 0 2279 
3 2 0 2275 
3 2 0 2278 
3 2 0 2276 
3 2 0 2277 
3 2 0 2280 
3 2 0 2282 
3 2 0 2284 
3 2 0 2304 
3 2 0 2286 
3 2 0 2303 
3 2 0 2289 
3 2 0 2287 
3 2 0 2288 
3 2 0 2302 
3 2 0 2292 
3 2 0 2290 
3 2 0 2291 
3 2 0 2301 
3 2 0 2293 
3 2 0 2300 
3 2 0 2296 
3 2 0 2294 
3 2 0 2295 
3 2 0 2299 
3 2 0 2297 
3 2 0 2298 
3 2 0 2307 
1 0 
1 0 
2 3 2347 2348 0 
1 0 
1 0 
1 0 
2 3 2351 2352 0 
2 3 2350 2353 0 
1 0 
2 3 2354 2355 0 
2 3 2349 2356 0 
3 2 0 2357 
3 2 0 2349 
3 2 0 2347 
3 2 0 2348 
3 2 0 2356 
3 2 0 2354 
3 2 0 2350 
3 2 0 2353 
3 2 0 2351 
3 2 0 2352 
3 2 0 2355 
1 0 
1 0 
2 3 2369 2370 0 
1 0 
1 0 
1 0 
2 3 2373 2374 0 
1 0 
2 3 2375 2376 0 
2 3 2372 2377 0 
2 3 2371 2378 0 
1 0 
2 3 2379 2380 0 
1 0 
2 3 2381 2382 0 
1 0 
2 3 2383 2384 0 
1 0 
1 0 
1 0 
2 3 2387 2388 0 
2 3 2386 2389 0 
1 0 
1 0 
1 0 
1 0 
1 0 
1 0 
1 0 
1 0 
1 0 
2 3 2398 2399 0 
2 3 2397 2400 0 
1 0 
1 0 
2 3 2402 2403 0 
2 3 2401 2404 0 
1 0 
1 0 
1 0 
1 0 
1 0 
2 3 2409 2410 0 
2 3 2408 2411 0 
2 3 2407 2412 0 
2 3 2406 2413 0 
2 3 2405 2414 0 
2 3 2396 2415 0 
2 3 2395 2416 0 
2 3 2394 2417 0 
2 3 2393 2418 0 
2 3 2392 2419 0 
2 3 2391 2420 0 
2 3 2390 2421 0 
2 3 2385 2422 0 
1 0 
2 3 2423 2424 0 
3 2 0 2425 
3 2 0 2423 
3 2 0 2385 
3 2 0 2383 
3 2 0 2381 
3 2 0 2379 
3 2 0 2371 
3 2 0 2369 
3 2 0 2370 
3 2 0 2378 
3 2 0 2372 
3 2 0 2377 
3 2 0 2375 
3 2 0 2373 
3 2 0 2374 
3 2 0 2376 
3 2 0 2380 
3 2 0 2382 
3 2 0 2384 
3 2 0 2422 
3 2 0 2390 
3 2 0 2386 
3 2 0 2389 
3 2 0 2387 
3 2 0 2388 
3 2 0 2421 
3 2 0 2391 
3 2 0 2420 
3 2 0 2392 
3 2 0 2419 
3 2 0 2393 
3 2 0 2418 
3 2 0 2394 
3 2 0 2417 
3 2 0 2395 
3 2 0 2416 
3 2 0 2396 
3 2 0 2415 
3 2 0 2405 
3 2 0 2401 
3 2 0 2397 
3 2 0 2400 
3 2 0 2398 
3 2 0 2399 
3 2 0 2404 
3 2 0 2402 
3 2 0 2403 
3 2 0 2414 
3 2 0 2406 
3 2 0 2413 
3 2 0 2407 
3 2 0 2412 
3 2 0 2408 
3 2 0 2411 
3 2 0 2409 
3 2 0 2410 
3 2 0 2424 
1 0 
1 0 
1 0 
1 0 
1 0 
1 0 
1 0 
1 0 
1 0 
1 0 
1 0 
2 3 2492 2493 0 
2 3 2491 2494 0 
1 0 
2 3 2495 2496 0 
2 3 2490 2497 0 
2 3 2489 2498 0 
2 3 2488 2499 0 
2 3 2487 2500 0 
2 3 2486 2501 0 
2 3 2485 2502 0 
2 3 2484 2503 0 
1 0 
2 3 2504 2505 0 
2 3 2483 2506 0 
3 2 0 2507 
3 2 0 2483 
3 2 0 2506 
3 2 0 2504 
3 2 0 2484 
3 2 0 2503 
3 2 0 2485 
3 2 0 2502 
3 2 0 2486 
3 2 0 2501 
3 2 0 2487 
3 2 0 2500 
3 2 0 2488 
3 2 0 2499 
3 2 0 2489 
3 2 0 2498 
3 2 0 2490 
3 2 0 2497 
3 2 0 2495 
3 2 0 2491 
3 2 0 2494 
3 2 0 2492 
3 2 0 2493 
3 2 0 2496 
3 2 0 2505 
1 0 
1 0 
1 0 
2 3 2534 2535 0 
1 0 
2 3 2536 2537 0 
2 3 2533 2538 0 
3 2 0 2539 
3 2 0 2533 
3 2 0 2538 
3 2 0 2536 
3 2 0 2534 
3 2 0 2535 
3 2 0 2537 
1 0 
1 0 
1 0 
1 0 
1 0 
2 3 2550 2551 0 
1 0 
2 3 2552 2553 0 
2 3 2549 2554 0 
2 3 2548 2555 0 
2 3 2547 2556 0 
3 2 0 2557 
3 2 0 2547 
3 2 0 2556 
3 2 0 2548 
3 2 0 2555 
3 2 0 2549 
3 2 0 2554 
3 2 0 2552 
3 2 0 2550 
3 2 0 2551 
3 2 0 2553 
1 0 
1 0 
1 0 
1 0 
1 0 
2 3 2572 2573 0 
1 0 
2 3 2574 2575 0 
1 0 
1 0 
1 0 
1 0 
2 3 2579 2580 0 
2 3 2578 2581 0 
2 3 2577 2582 0 
2 3 2576 2583 0 
1 0 
2 3 2584 2585 0 
2 3 2571 2586 0 
2 3 2570 2587 0 
2 3 2569 2588 0 
3 2 0 2589 
3 2 0 2569 
3 2 0 2588 
3 2 0 2570 
3 2 0 2587 
3 2 0 2571 
3 2 0 2586 
3 2 0 2584 
3 2 0 2576 
3 2 0 2574 
3 2 0 2572 
3 2 0 2573 
3 2 0 2575 
3 2 0 2583 
3 2 0 2577 
3 2 0 2582 
3 2 0 2578 
3 2 0 2581 
3 2 0 2579 
3 2 0 2580 
3 2 0 2585 
1 0 
1 0 
2 3 2611 2612 0 
1 0 
1 0 
1 0 
2 3 2615 2616 0 
2 3 2614 2617 0 
2 3 2613 2618 0 
1 0 
1 0 
1 0 
1 0 
1 0 
1 0 
2 3 2624 2625 0 
1 0 
1 0 
1 0 
1 0 
2 3 2629 2630 0 
2 3 2628 2631 0 
2 3 2627 2632 0 
2 3 2626 2633 0 
2 3 2623 2634 0 
2 3 2622 2635 0 
2 3 2621 2636 0 
2 3 2620 2637 0 
1 0 
2 3 2638 2639 0 
2 3 2619 2640 0 
3 2 0 2641 
3 2 0 2619 
3 2 0 2613 
3 2 0 2611 
3 2 0 2612 
3 2 0 2618 
3 2 0 2614 
3 2 0 2617 
3 2 0 2615 
3 2 0 2616 
3 2 0 2640 
3 2 0 2638 
3 2 0 2620 
3 2 0 2637 
3 2 0 2621 
3 2 0 2636 
3 2 0 2622 
3 2 0 2635 
3 2 0 2623 
3 2 0 2634 
3 2 0 2626 
3 2 0 2624 
3 2 0 2625 
3 2 0 2633 
3 2 0 2627 
3 2 0 2632 
3 2 0 2628 
3 2 0 2631 
3 2 0 2629 
3 2 0 2630 
3 2 0 2639 
1 0 
1 0 
1 0 
1 0 
1 0 
1 0 
2 3 2677 2678 0 
1 0 
2 3 2679 2680 0 
1 0 
1 0 
2 3 2682 2683 0 
2 3 2681 2684 0 
1 0 
2 3 2685 2686 0 
1 0 
1 0 
1 0 
2 3 2689 2690 0 
2 3 2688 2691 0 
1 0 
1 0 
1 0 
1 0 
2 3 2695 2696 0 
1 0 
1 0 
1 0 
1 0 
2 3 2700 2701 0 
2 3 2699 2702 0 
2 3 2698 2703 0 
2 3 2697 2704 0 
2 3 2694 2705 0 
2 3 2693 2706 0 
2 3 2692 2707 0 
2 3 2687 2708 0 
2 3 2676 2709 0 
2 3 2675 2710 0 
2 3 2674 2711 0 
1 0 
2 3 2712 2713 0 
2 3 2673 2714 0 
3 2 0 2715 
3 2 0 2673 
3 2 0 2714 
3 2 0 2712 
3 2 0 2674 
3 2 0 2711 
3 2 0 2675 
3 2 0 2710 
3 2 0 2676 
3 2 0 2709 
3 2 0 2687 
3 2 0 2685 
3 2 0 2681 
3 2 0 2679 
3 2 0 2677 
3 2 0 2678 
3 2 0 2680 
3 2 0 2684 
3 2 0 2682 
3 2 0 2683 
3 2 0 2686 
3 2 0 2708 
3 2 0 2692 
3 2 0 2688 
3 2 0 2691 
3 2 0 2689 
3 2 0 2690 
3 2 0 2707 
3 2 0 2693 
3 2 0 2706 
3 2 0 2694 
3 2 0 2705 
3 2 0 2697 
3 2 0 2695 
3 2 0 2696 
3 2 0 2704 
3 2 0 2698 
3 2 0 2703 
3 2 0 2699 
3 2 0 2702 
3 2 0 2700 
3 2 0 2701 
3 2 0 2713 
1 0 
1 0 
1 0 
1 0 
2 3 2761 2762 0 
2 3 2760 2763 0 
2 3 2759 2764 0 
1 0 
1 0 
2 3 2766 2767 0 
2 3 2765 2768 0 
1 0 
2 3 2769 2770 0 
3 2 0 2771 
3 2 0 2769 
3 2 0 2765 
3 2 0 2759 
3 2 0 2764 
3 2 0 2760 
3 2 0 2763 
3 2 0 2761 
3 2 0 2762 
3 2 0 2768 
3 2 0 2766 
3 2 0 2767 
3 2 0 2770 
1 0 
1 0 
1 0 
1 0 
1 0 
1 0 
1 0 
2 3 2790 2791 0 
2 3 2789 2792 0 
2 3 2788 2793 0 
2 3 2787 2794 0 
1 0 
1 0 
1 0 
1 0 
2 3 2798 2799 0 
2 3 2797 2800 0 
1 0 
1 0 
2 3 2802 2803 0 
2 3 2801 2804 0 
2 3 2796 2805 0 
1 0 
1 0 
2 3 2807 2808 0 
2 3 2806 2809 0 
2 3 2795 2810 0 
2 3 2786 2811 0 
1 0 
2 3 2812 2813 0 
2 3 2785 2814 0 
3 2 0 2815 
3 2 0 2785 
3 2 0 2814 
3 2 0 2812 
3 2 0 2786 
3 2 0 2811 
3 2 0 2795 
3 2 0 2787 
3 2 0 2794 
3 2 0 2788 
3 2 0 2793 
3 2 0 2789 
3 2 0 2792 
3 2 0 2790 
3 2 0 2791 
3 2 0 2810 
3 2 0 2806 
3 2 0 2796 
3 2 0 2805 
3 2 0 2801 
3 2 0 2797 
3 2 0 2800 
3 2 0 2798 
3 2 0 2799 
3 2 0 2804 
3 2 0 2802 
3 2 0 2803 
3 2 0 2809 
3 2 0 2807 
3 2 0 2808 
3 2 0 2813 
1 0 
1 0 
1 0 
1 0 
1 0 
2 3 2850 2851 0 
1 0 
1 0 
1 0 
2 3 2854 2855 0 
1 0 
1 0 
1 0 
1 0 
2 3 2859 2860 0 
2 3 2858 2861 0 
2 3 2857 2862 0 
2 3 2856 2863 0 
2 3 2853 2864 0 
2 3 2852 2865 0 
2 3 2849 2866 0 
2 3 2848 2867 0 
2 3 2847 2868 0 
1 0 
1 0 
1 0 
1 0 
1 0 
1 0 
1 0 
2 3 2875 2876 0 
1 0 
1 0 
1 0 
1 0 
2 3 2880 2881 0 
2 3 2879 2882 0 
2 3 2878 2883 0 
2 3 2877 2884 0 
2 3 2874 2885 0 
2 3 2873 2886 0 
2 3 2872 2887 0 
1 0 
2 3 2888 2889 0 
2 3 2871 2890 0 
2 3 2870 2891 0 
2 3 2869 2892 0 
3 2 0 2893 
3 2 0 2869 
3 2 0 2847 
3 2 0 2868 
3 2 0 2848 
3 2 0 2867 
3 2 0 2849 
3 2 0 2866 
3 2 0 2852 
3 2 0 2850 
3 2 0 2851 
3 2 0 2865 
3 2 0 2853 
3 2 0 2864 
3 2 0 2856 
3 2 0 2854 
3 2 0 2855 
3 2 0 2863 
3 2 0 2857 
3 2 0 2862 
3 2 0 2858 
3 2 0 2861 
3 2 0 2859 
3 2 0 2860 
3 2 0 2892 
3 2 0 2870 
3 2 0 2891 
3 2 0 2871 
3 2 0 2890 
3 2 0 2888 
3 2 0 2872 
3 2 0 2887 
3 2 0 2873 
3 2 0 2886 
3 2 0 2874 
3 2 0 2885 
3 2 0 2877 
3 2 0 2875 
3 2 0 2876 
3 2 0 2884 
3 2 0 2878 
3 2 0 2883 
3 2 0 2879 
3 2 0 2882 
3 2 0 2880 
3 2 0 2881 
3 2 0 2889 
1 0 
1 0 
1 0 
1 0 
2 3 2943 2944 0 
2 3 2942 2945 0 
2 3 2941 2946 0 
1 0 
1 0 
2 3 2948 2949 0 
1 0 
1 0 
1 0 
1 0 
2 3 2953 2954 0 
2 3 2952 2955 0 
1 0 
1 0 
1 0 
1 0 
1 0 
2 3 2960 2961 0 
2 3 2959 2962 0 
2 3 2958 2963 0 
2 3 2957 2964 0 
2 3 2956 2965 0 
2 3 2951 2966 0 
1 0 
2 3 2967 2968 0 
2 3 2950 2969 0 
2 3 2947 2970 0 
3 2 0 2971 
3 2 0 2947 
3 2 0 2941 
3 2 0 2946 
3 2 0 2942 
3 2 0 2945 
3 2 0 2943 
3 2 0 2944 
3 2 0 2970 
3 2 0 2950 
3 2 0 2948 
3 2 0 2949 
3 2 0 2969 
3 2 0 2967 
3 2 0 2951 
3 2 0 2966 
3 2 0 2956 
3 2 0 2952 
3 2 0 2955 
3 2 0 2953 
3 2 0 2954 
3 2 0 2965 
3 2 0 2957 
3 2 0 2964 
3 2 0 2958 
3 2 0 2963 
3 2 0 2959 
3 2 0 2962 
3 2 0 2960 
3 2 0 2961 
3 2 0 2968 
1 0 
1 0 
1 0 
1 0 
2 3 3005 3006 0 
2 3 3004 3007 0 
1 0 
2 3 3008 3009 0 
2 3 3003 3010 0 
1 0 
1 0 
1 0 
2 3 3013 3014 0 
1 0 
2 3 3015 3016 0 
1 0 
1 0 
2 3 3018 3019 0 
1 0 
1 0 
1 0 
2 3 3022 3023 0 
2 3 3021 3024 0 
2 3 3020 3025 0 
1 0 
2 3 3026 3027 0 
1 0 
1 0 
1 0 
1 0 
1 0 
2 3 3032 3033 0 
2 3 3031 3034 0 
1 0 
1 0 
2 3 3036 3037 0 
1 0 
1 0 
1 0 
2 3 3040 3041 0 
1 0 
2 3 3042 3043 0 
2 3 3039 3044 0 
2 3 3038 3045 0 
2 3 3035 3046 0 
2 3 3030 3047 0 
2 3 3029 3048 0 
2 3 3028 3049 0 
1 0 
2 3 3050 3051 0 
2 3 3017 3052 0 
2 3 3012 3053 0 
2 3 3011 3054 0 
3 2 0 3055 
3 2 0 3011 
3 2 0 3003 
3 2 0 3010 
3 2 0 3008 
3 2 0 3004 
3 2 0 3007 
3 2 0 3005 
3 2 0 3006 
3 2 0 3009 
3 2 0 3054 
3 2 0 3012 
3 2 0 3053 
3 2 0 3017 
3 2 0 3015 
3 2 0 3013 
3 2 0 3014 
3 2 0 3016 
3 2 0 3052 
3 2 0 3050 
3 2 0 3028 
3 2 0 3026 
3 2 0 3020 
3 2 0 3018 
3 2 0 3019 
3 2 0 3025 
3 2 0 3021 
3 2 0 3024 
3 2 0 3022 
3 2 0 3023 
3 2 0 3027 
3 2 0 3049 
3 2 0 3029 
3 2 0 3048 
3 2 0 3030 
3 2 0 3047 
3 2 0 3035 
3 2 0 3031 
3 2 0 3034 
3 2 0 3032 
3 2 0 3033 
3 2 0 3046 
3 2 0 3038 
3 2 0 3036 
3 2 0 3037 
3 2 0 3045 
3 2 0 3039 
3 2 0 3044 
3 2 0 3042 
3 2 0 3040 
3 2 0 3041 
3 2 0 3043 
3 2 0 3051 
1 0 
1 0 
1 0 
2 3 3110 3111 0 
1 0 
1 0 
1 0 
2 3 3114 3115 0 
2 3 3113 3116 0 
2 3 3112 3117 0 
2 3 3109 3118 0 
1 0 
1 0 
1 0 
2 3 3121 3122 0 
1 0 
1 0 
1 0 
2 3 3125 3126 0 
1 0 
2 3 3127 3128 0 
1 0 
1 0 
2 3 3130 3131 0 
2 3 3129 3132 0 
2 3 3124 3133 0 
2 3 3123 3134 0 
1 0 
1 0 
2 3 3136 3137 0 
1 0 
1 0 
1 0 
2 3 3140 3141 0 
2 3 3139 3142 0 
2 3 3138 3143 0 
1 0 
2 3 3144 3145 0 
2 3 3135 3146 0 
2 3 3120 3147 0 
2 3 3119 3148 0 
3 2 0 3149 
3 2 0 3119 
3 2 0 3109 
3 2 0 3118 
3 2 0 3112 
3 2 0 3110 
3 2 0 3111 
3 2 0 3117 
3 2 0 3113 
3 2 0 3116 
3 2 0 3114 
3 2 0 3115 
3 2 0 3148 
3 2 0 3120 
3 2 0 3147 
3 2 0 3135 
3 2 0 3123 
3 2 0 3121 
3 2 0 3122 
3 2 0 3134 
3 2 0 3124 
3 2 0 3133 
3 2 0 3129 
3 2 0 3127 
3 2 0 3125 
3 2 0 3126 
3 2 0 3128 
3 2 0 3132 
3 2 0 3130 
3 2 0 3131 
3 2 0 3146 
3 2 0 3144 
3 2 0 3138 
3 2 0 3136 
3 2 0 3137 
3 2 0 3143 
3 2 0 3139 
3 2 0 3142 
3 2 0 3140 
3 2 0 3141 
3 2 0 3145 
1 0 
1 0 
1 0 
2 3 3192 3193 0 
2 3 3191 3194 0 
1 0 
1 0 
1 0 
1 0 
2 3 3198 3199 0 
2 3 3197 3200 0 
1 0 
1 0 
1 0 
2 3 3203 3204 0 
1 0 
2 3 3205 3206 0 
2 3 3202 3207 0 
2 3 3201 3208 0 
1 0 
2 3 3209 3210 0 
1 0 
1 0 
1 0 
1 0 
1 0 
1 0 
1 0 
2 3 3217 3218 0 
2 3 3216 3219 0 
2 3 3215 3220 0 
2 3 3214 3221 0 
2 3 3213 3222 0 
1 0 
2 3 3223 3224 0 
1 0 
1 0 
1 0 
1 0 
1 0 
1 0 
1 0 
1 0 
2 3 3232 3233 0 
2 3 3231 3234 0 
1 0 
1 0 
1 0 
2 3 3237 3238 0 
2 3 3236 3239 0 
2 3 3235 3240 0 
2 3 3230 3241 0 
2 3 3229 3242 0 
2 3 3228 3243 0 
2 3 3227 3244 0 
2 3 3226 3245 0 
2 3 3225 3246 0 
2 3 3212 3247 0 
2 3 3211 3248 0 
2 3 3196 3249 0 
1 0 
2 3 3250 3251 0 
2 3 3195 3252 0 
3 2 0 3253 
3 2 0 3195 
3 2 0 3191 
3 2 0 3194 
3 2 0 3192 
3 2 0 3193 
3 2 0 3252 
3 2 0 3250 
3 2 0 3196 
3 2 0 3249 
3 2 0 3211 
3 2 0 3209 
3 2 0 3201 
3 2 0 3197 
3 2 0 3200 
3 2 0 3198 
3 2 0 3199 
3 2 0 3208 
3 2 0 3202 
3 2 0 3207 
3 2 0 3205 
3 2 0 3203 
3 2 0 3204 
3 2 0 3206 
3 2 0 3210 
3 2 0 3248 
3 2 0 3212 
3 2 0 3247 
3 2 0 3225 
3 2 0 3223 
3 2 0 3213 
3 2 0 3222 
3 2 0 3214 
3 2 0 3221 
3 2 0 3215 
3 2 0 3220 
3 2 0 3216 
3 2 0 3219 
3 2 0 3217 
3 2 0 3218 
3 2 0 3224 
3 2 0 3246 
3 2 0 3226 
3 2 0 3245 
3 2 0 3227 
3 2 0 3244 
3 2 0 3228 
3 2 0 3243 
3 2 0 3229 
3 2 0 3242 
3 2 0 3230 
3 2 0 3241 
3 2 0 3235 
3 2 0 3231 
3 2 0 3234 
3 2 0 3232 
3 2 0 3233 
3 2 0 3240 
3 2 0 3236 
3 2 0 3239 
3 2 0 3237 
3 2 0 3238 
3 2 0 3251 
1 0 
1 0 
1 0 
2 3 3318 3319 0 
1 0 
2 3 3320 3321 0 
1 0 
2 3 3322 3323 0 
2 3 3317 3324 0 
3 2 0 3325 
3 2 0 3317 
3 2 0 3324 
3 2 0 3322 
3 2 0 3320 
3 2 0 3318 
3 2 0 3319 
3 2 0 3321 
3 2 0 3323 
1 0 
1 0 
1 0 
1 0 
2 3 3337 3338 0 
1 0 
2 3 3339 3340 0 
1 0 
2 3 3341 3342 0 
1 0 
2 3 3343 3344 0 
1 0 
2 3 3345 3346 0 
2 3 3336 3347 0 
1 0 
2 3 3348 3349 0 
1 0 
2 3 3350 3351 0 
1 0 
2 3 3352 3353 0 
1 0 
1 0 
2 3 3355 3356 0 
2 3 3354 3357 0 
1 0 
2 3 3358 3359 0 
2 3 3335 3360 0 
3 2 0 3361 
3 2 0 3335 
3 2 0 3360 
3 2 0 3358 
3 2 0 3354 
3 2 0 3352 
3 2 0 3350 
3 2 0 3348 
3 2 0 3336 
3 2 0 3347 
3 2 0 3345 
3 2 0 3343 
3 2 0 3341 
3 2 0 3339 
3 2 0 3337 
3 2 0 3338 
3 2 0 3340 
3 2 0 3342 
3 2 0 3344 
3 2 0 3346 
3 2 0 3349 
3 2 0 3351 
3 2 0 3353 
3 2 0 3357 
3 2 0 3355 
3 2 0 3356 
3 2 0 3359 
1 0 
1 0 
1 0 
1 0 
1 0 
1 0 
2 3 3393 3394 0 
2 3 3392 3395 0 
2 3 3391 3396 0 
2 3 3390 3397 0 
1 0 
1 0 
2 3 3399 3400 0 
1 0 
1 0 
1 0 
2 3 3403 3404 0 
1 0 
1 0 
1 0 
1 0 
1 0 
1 0 
1 0 
2 3 3411 3412 0 
2 3 3410 3413 0 
2 3 3409 3414 0 
2 3 3408 3415 0 
2 3 3407 3416 0 
2 3 3406 3417 0 
1 0 
1 0 
2 3 3419 3420 0 
1 0 
1 0 
2 3 3422 3423 0 
2 3 3421 3424 0 
2 3 3418 3425 0 
2 3 3405 3426 0 
2 3 3402 3427 0 
2 3 3401 3428 0 
1 0 
2 3 3429 3430 0 
2 3 3398 3431 0 
2 3 3389 3432 0 
3 2 0 3433 
3 2 0 3389 
3 2 0 3432 
3 2 0 3398 
3 2 0 3390 
3 2 0 3397 
3 2 0 3391 
3 2 0 3396 
3 2 0 3392 
3 2 0 3395 
3 2 0 3393 
3 2 0 3394 
3 2 0 3431 
3 2 0 3429 
3 2 0 3401 
3 2 0 3399 
3 2 0 3400 
3 2 0 3428 
3 2 0 3402 
3 2 0 3427 
3 2 0 3405 
3 2 0 3403 
3 2 0 3404 
3 2 0 3426 
3 2 0 3418 
3 2 0 3406 
3 2 0 3417 
3 2 0 3407 
3 2 0 3416 
3 2 0 3408 
3 2 0 3415 
3 2 0 3409 
3 2 0 3414 
3 2 0 3410 
3 2 0 3413 
3 2 0 3411 
3 2 0 3412 
3 2 0 3425 
3 2 0 3421 
3 2 0 3419 
3 2 0 3420 
3 2 0 3424 
3 2 0 3422 
3 2 0 3423 
3 2 0 3430 
1 0 
1 0 
2 3 3479 3480 0 
1 0 
1 0 
1 0 
2 3 3483 3484 0 
2 3 3482 3485 0 
1 0 
1 0 
1 0 
1 0 
2 3 3489 3490 0 
2 3 3488 3491 0 
1 0 
1 0 
1 0 
1 0 
2 3 3495 3496 0 
1 0 
2 3 3497 3498 0 
1 0 
2 3 3499 3500 0 
1 0 
2 3 3501 3502 0 
1 0 
2 3 3503 3504 0 
2 3 3494 3505 0 
2 3 3493 3506 0 
2 3 3492 3507 0 
1 0 
1 0 
2 3 3509 3510 0 
1 0 
1 0 
1 0 
2 3 3513 3514 0 
2 3 3512 3515 0 
2 3 3511 3516 0 
2 3 3508 3517 0 
2 3 3487 3518 0 
2 3 3486 3519 0 
1 0 
2 3 3520 3521 0 
2 3 3481 3522 0 
3 2 0 3523 
3 2 0 3481 
3 2 0 3479 
3 2 0 3480 
3 2 0 3522 
3 2 0 3520 
3 2 0 3486 
3 2 0 3482 
3 2 0 3485 
3 2 0 3483 
3 2 0 3484 
3 2 0 3519 
3 2 0 3487 
3 2 0 3518 
3 2 0 3508 
3 2 0 3492 
3 2 0 3488 
3 2 0 3491 
3 2 0 3489 
3 2 0 3490 
3 2 0 3507 
3 2 0 3493 
3 2 0 3506 
3 2 0 3494 
3 2 0 3505 
3 2 0 3503 
3 2 0 3501 
3 2 0 3499 
3 2 0 3497 
3 2 0 3495 
3 2 0 3496 
3 2 0 3498 
3 2 0 3500 
3 2 0 3502 
3 2 0 3504 
3 2 0 3517 
3 2 0 3511 
3 2 0 3509 
3 2 0 3510 
3 2 0 3516 
3 2 0 3512 
3 2 0 3515 
3 2 0 3513 
3 2 0 3514 
3 2 0 3521 
1 0 
1 0 
1 0 
2 3 3570 3571 0 
2 3 3569 3572 0 
1 0 
1 0 
1 0 
2 3 3575 3576 0 
2 3 3574 3577 0 
1 0 
2 3 3578 3579 0 
2 3 3573 3580 0 
3 2 0 3581 
3 2 0 3573 
3 2 0 3569 
3 2 0 3572 
3 2 0 3570 
3 2 0 3571 
3 2 0 3580 
3 2 0 3578 
3 2 0 3574 
3 2 0 3577 
3 2 0 3575 
3 2 0 3576 
3 2 0 3579 
1 0 
1 0 
2 3 3595 3596 0 
1 0 
1 0 
1 0 
2 3 3599 3600 0 
2 3 3598 3601 0 
2 3 3597 3602 0 
1 0 
1 0 
1 0 
1 0 
1 0 
2 3 3607 3608 0 
2 3 3606 3609 0 
2 3 3605 3610 0 
2 3 3604 3611 0 
1 0 
2 3 3612 3613 0 
1 0 
1 0 
1 0 
1 0 
2 3 3617 3618 0 
1 0 
2 3 3619 3620 0 
2 3 3616 3621 0 
2 3 3615 3622 0 
2 3 3614 3623 0 
1 0 
2 3 3624 3625 0 
2 3 3603 3626 0 
3 2 0 3627 
3 2 0 3603 
3 2 0 3597 
3 2 0 3595 
3 2 0 3596 
3 2 0 3602 
3 2 0 3598 
3 2 0 3601 
3 2 0 3599 
3 2 0 3600 
3 2 0 3626 
3 2 0 3624 
3 2 0 3614 
3 2 0 3612 
3 2 0 3604 
3 2 0 3611 
3 2 0 3605 
3 2 0 3610 
3 2 0 3606 
3 2 0 3609 
3 2 0 3607 
3 2 0 3608 
3 2 0 3613 
3 2 0 3623 
3 2 0 3615 
3 2 0 3622 
3 2 0 3616 
3 2 0 3621 
3 2 0 3619 
3 2 0 3617 
3 2 0 3618 
3 2 0 3620 
3 2 0 3625 
1 0 
1 0 
2 3 3661 3662 0 
1 0 
1 0 
1 0 
1 0 
1 0 
2 3 3667 3668 0 
1 0 
1 0 
1 0 
2 3 3671 3672 0 
2 3 3670 3673 0 
2 3 3669 3674 0 
1 0 
1 0 
1 0 
2 3 3677 3678 0 
1 0 
2 3 3679 3680 0 
1 0 
1 0 
2 3 3682 3683 0 
2 3 3681 3684 0 
2 3 3676 3685 0 
1 0 
1 0 
2 3 3687 3688 0 
1 0 
2 3 3689 3690 0 
1 0 
1 0 
1 0 
1 0 
2 3 3694 3695 0 
2 3 3693 3696 0 
2 3 3692 3697 0 
2 3 3691 3698 0 
2 3 3686 3699 0 
2 3 3675 3700 0 
2 3 3666 3701 0 
2 3 3665 3702 0 
1 0 
2 3 3703 3704 0 
2 3 3664 3705 0 
2 3 3663 3706 0 
3 2 0 3707 
3 2 0 3663 
3 2 0 3661 
3 2 0 3662 
3 2 0 3706 
3 2 0 3664 
3 2 0 3705 
3 2 0 3703 
3 2 0 3665 
3 2 0 3702 
3 2 0 3666 
3 2 0 3701 
3 2 0 3675 
3 2 0 3669 
3 2 0 3667 
3 2 0 3668 
3 2 0 3674 
3 2 0 3670 
3 2 0 3673 
3 2 0 3671 
3 2 0 3672 
3 2 0 3700 
3 2 0 3686 
3 2 0 3676 
3 2 0 3685 
3 2 0 3681 
3 2 0 3679 
3 2 0 3677 
3 2 0 3678 
3 2 0 3680 
3 2 0 3684 
3 2 0 3682 
3 2 0 3683 
3 2 0 3699 
3 2 0 3691 
3 2 0 3689 
3 2 0 3687 
3 2 0 3688 
3 2 0 3690 
3 2 0 3698 
3 2 0 3692 
3 2 0 3697 
3 2 0 3693 
3 2 0 3696 
3 2 0 3694 
3 2 0 3695 
3 2 0 3704 
1 0 
1 0 
2 3 3755 3756 0 
1 0 
1 0 
1 0 
1 0 
1 0 
1 0 
2 3 3762 3763 0 
1 0 
2 3 3764 3765 0 
2 3 3761 3766 0 
1 0 
1 0 
1 0 
2 3 3769 3770 0 
2 3 3768 3771 0 
2 3 3767 3772 0 
1 0 
2 3 3773 3774 0 
1 0 
1 0 
1 0 
1 0 
1 0 
1 0 
1 0 
1 0 
2 3 3782 3783 0 
1 0 
1 0 
1 0 
1 0 
1 0 
2 3 3788 3789 0 
1 0 
1 0 
1 0 
2 3 3792 3793 0 
2 3 3791 3794 0 
2 3 3790 3795 0 
2 3 3787 3796 0 
2 3 3786 3797 0 
2 3 3785 3798 0 
2 3 3784 3799 0 
2 3 3781 3800 0 
2 3 3780 3801 0 
2 3 3779 3802 0 
2 3 3778 3803 0 
2 3 3777 3804 0 
2 3 3776 3805 0 
2 3 3775 3806 0 
2 3 3760 3807 0 
2 3 3759 3808 0 
2 3 3758 3809 0 
1 0 
2 3 3810 3811 0 
2 3 3757 3812 0 
3 2 0 3813 
3 2 0 3757 
3 2 0 3755 
3 2 0 3756 
3 2 0 3812 
3 2 0 3810 
3 2 0 3758 
3 2 0 3809 
3 2 0 3759 
3 2 0 3808 
3 2 0 3760 
3 2 0 3807 
3 2 0 3775 
3 2 0 3773 
3 2 0 3767 
3 2 0 3761 
3 2 0 3766 
3 2 0 3764 
3 2 0 3762 
3 2 0 3763 
3 2 0 3765 
3 2 0 3772 
3 2 0 3768 
3 2 0 3771 
3 2 0 3769 
3 2 0 3770 
3 2 0 3774 
3 2 0 3806 
3 2 0 3776 
3 2 0 3805 
3 2 0 3777 
3 2 0 3804 
3 2 0 3778 
3 2 0 3803 
3 2 0 3779 
3 2 0 3802 
3 2 0 3780 
3 2 0 3801 
3 2 0 3781 
3 2 0 3800 
3 2 0 3784 
3 2 0 3782 
3 2 0 3783 
3 2 0 3799 
3 2 0 3785 
3 2 0 3798 
3 2 0 3786 
3 2 0 3797 
3 2 0 3787 
3 2 0 3796 
3 2 0 3790 
3 2 0 3788 
3 2 0 3789 
3 2 0 3795 
3 2 0 3791 
3 2 0 3794 
3 2 0 3792 
3 2 0 3793 
3 2 0 3811 
1 0 
1 0 
1 0 
1 0 
1 0 
1 0 
1 0 
2 3 3878 3879 0 
2 3 3877 3880 0 
2 3 3876 3881 0 
2 3 3875 3882 0 
2 3 3874 3883 0 
1 0 
1 0 
1 0 
1 0 
2 3 3887 3888 0 
2 3 3886 3889 0 
2 3 3885 3890 0 
1 0 
1 0 
1 0 
1 0 
1 0 
2 3 3895 3896 0 
2 3 3894 3897 0 
2 3 3893 3898 0 
2 3 3892 3899 0 
2 3 3891 3900 0 
1 0 
2 3 3901 3902 0 
2 3 3884 3903 0 
2 3 3873 3904 0 
3 2 0 3905 
3 2 0 3873 
3 2 0 3904 
3 2 0 3884 
3 2 0 3874 
3 2 0 3883 
3 2 0 3875 
3 2 0 3882 
3 2 0 3876 
3 2 0 3881 
3 2 0 3877 
3 2 0 3880 
3 2 0 3878 
3 2 0 3879 
3 2 0 3903 
3 2 0 3901 
3 2 0 3891 
3 2 0 3885 
3 2 0 3890 
3 2 0 3886 
3 2 0 3889 
3 2 0 3887 
3 2 0 3888 
3 2 0 3900 
3 2 0 3892 
3 2 0 3899 
3 2 0 3893 
3 2 0 3898 
3 2 0 3894 
3 2 0 3897 
3 2 0 3895 
3 2 0 3896 
3 2 0 3902 
1 0 
1 0 
1 0 
2 3 3940 3941 0 
1 0 
2 3 3942 3943 0 
2 3 3939 3944 0 
1 0 
2 3 3945 3946 0 
1 0 
2 3 3947 3948 0 
1 0 
1 0 
2 3 3950 3951 0 
1 0 
1 0 
1 0 
2 3 3954 3955 0 
2 3 3953 3956 0 
2 3 3952 3957 0 
1 0 
2 3 3958 3959 0 
2 3 3949 3960 0 
3 2 0 3961 
3 2 0 3949 
3 2 0 3947 
3 2 0 3945 
3 2 0 3939 
3 2 0 3944 
3 2 0 3942 
3 2 0 3940 
3 2 0 3941 
3 2 0 3943 
3 2 0 3946 
3 2 0 3948 
3 2 0 3960 
3 2 0 3958 
3 2 0 3952 
3 2 0 3950 
3 2 0 3951 
3 2 0 3957 
3 2 0 3953 
3 2 0 3956 
3 2 0 3954 
3 2 0 3955 
3 2 0 3959 
1 0 
1 0 
1 0 
1 0 
2 3 3987 3988 0 
1 0 
1 0 
1 0 
1 0 
2 3 3992 3993 0 
2 3 3991 3994 0 
2 3 3990 3995 0 
1 0 
2 3 3996 3997 0 
2 3 3989 3998 0 
2 3 3986 3999 0 
2 3 3985 4000 0 
1 0 
1 0 
1 0 
2 3 4003 4004 0 
1 0 
1 0 
1 0 
1 0 
1 0 
1 0 
1 0 
2 3 4011 4012 0 
2 3 4010 4013 0 
2 3 4009 4014 0 
2 3 4008 4015 0 
2 3 4007 4016 0 
2 3 4006 4017 0 
1 0 
2 3 4018 4019 0 
2 3 4005 4020 0 
2 3 4002 4021 0 
2 3 4001 4022 0 
3 2 0 4023 
3 2 0 4001 
3 2 0 3985 
3 2 0 4000 
3 2 0 3986 
3 2 0 3999 
3 2 0 3989 
3 2 0 3987 
3 2 0 3988 
3 2 0 3998 
3 2 0 3996 
3 2 0 3990 
3 2 0 3995 
3 2 0 3991 
3 2 0 3994 
3 2 0 3992 
3 2 0 3993 
3 2 0 3997 
3 2 0 4022 
3 2 0 4002 
3 2 0 4021 
3 2 0 4005 
3 2 0 4003 
3 2 0 4004 
3 2 0 4020 
3 2 0 4018 
3 2 0 4006 
3 2 0 4017 
3 2 0 4007 
3 2 0 4016 
3 2 0 4008 
3 2 0 4015 
3 2 0 4009 
3 2 0 4014 
3 2 0 4010 
3 2 0 4013 
3 2 0 4011 
3 2 0 4012 
3 2 0 4019 
1 0 
1 0 
1 0 
1 0 
2 3 4065 4066 0 
2 3 4064 4067 0 
1 0 
1 0 
1 0 
2 3 4070 4071 0 
1 0 
2 3 4072 4073 0 
2 3 4069 4074 0 
2 3 4068 4075 0 
1 0 
1 0 
1 0 
2 3 4078 4079 0 
2 3 4077 4080 0 
2 3 4076 4081 0 
2 3 4063 4082 0 
1 0 
1 0 
1 0 
2 3 4085 4086 0 
1 0 
1 0 
2 3 4088 4089 0 
2 3 4087 4090 0 
1 0 
1 0 
1 0 
2 3 4093 4094 0 
2 3 4092 4095 0 
1 0 
2 3 4096 4097 0 
2 3 4091 4098 0 
2 3 4084 4099 0 
2 3 4083 4100 0 
3 2 0 4101 
3 2 0 4083 
3 2 0 4063 
3 2 0 4082 
3 2 0 4076 
3 2 0 4068 
3 2 0 4064 
3 2 0 4067 
3 2 0 4065 
3 2 0 4066 
3 2 0 4075 
3 2 0 4069 
3 2 0 4074 
3 2 0 4072 
3 2 0 4070 
3 2 0 4071 
3 2 0 4073 
3 2 0 4081 
3 2 0 4077 
3 2 0 4080 
3 2 0 4078 
3 2 0 4079 
3 2 0 4100 
3 2 0 4084 
3 2 0 4099 
3 2 0 4091 
3 2 0 4087 
3 2 0 4085 
3 2 0 4086 
3 2 0 4090 
3 2 0 4088 
3 2 0 4089 
3 2 0 4098 
3 2 0 4096 
3 2 0 4092 
3 2 0 4095 
3 2 0 4093 
3 2 0 4094 
3 2 0 4097 
1 0 
1 0 
1 0 
1 0 
1 0 
2 3 4144 4145 0 
1 0 
1 0 
2 3 4147 4148 0 
2 3 4146 4149 0 
2 3 4143 4150 0 
2 3 4142 4151 0 
2 3 4141 4152 0 
1 0 
2 3 4153 4154 0 
1 0 
1 0 
1 0 
1 0 
2 3 4158 4159 0 
2 3 4157 4160 0 
2 3 4156 4161 0 
2 3 4155 4162 0 
1 0 
2 3 4163 4164 0 
3 2 0 4165 
3 2 0 4163 
3 2 0 4155 
3 2 0 4153 
3 2 0 4141 
3 2 0 4152 
3 2 0 4142 
3 2 0 4151 
3 2 0 4143 
3 2 0 4150 
3 2 0 4146 
3 2 0 4144 
3 2 0 4145 
3 2 0 4149 
3 2 0 4147 
3 2 0 4148 
3 2 0 4154 
3 2 0 4162 
3 2 0 4156 
3 2 0 4161 
3 2 0 4157 
3 2 0 4160 
3 2 0 4158 
3 2 0 4159 
3 2 0 4164 
1 0 
1 0 
1 0 
1 0 
1 0 
1 0 
1 0 
2 3 4196 4197 0 
1 0 
1 0 
2 3 4199 4200 0 
2 3 4198 4201 0 
2 3 4195 4202 0 
1 0 
1 0 
1 0 
2 3 4205 4206 0 
2 3 4204 4207 0 
2 3 4203 4208 0 
1 0 
2 3 4209 4210 0 
1 0 
1 0 
1 0 
1 0 
1 0 
2 3 4215 4216 0 
2 3 4214 4217 0 
2 3 4213 4218 0 
2 3 4212 4219 0 
1 0 
1 0 
1 0 
1 0 
1 0 
2 3 4224 4225 0 
2 3 4223 4226 0 
2 3 4222 4227 0 
2 3 4221 4228 0 
2 3 4220 4229 0 
2 3 4211 4230 0 
2 3 4194 4231 0 
2 3 4193 4232 0 
2 3 4192 4233 0 
1 0 
2 3 4234 4235 0 
2 3 4191 4236 0 
3 2 0 4237 
3 2 0 4191 
3 2 0 4236 
3 2 0 4234 
3 2 0 4192 
3 2 0 4233 
3 2 0 4193 
3 2 0 4232 
3 2 0 4194 
3 2 0 4231 
3 2 0 4211 
3 2 0 4209 
3 2 0 4203 
3 2 0 4195 
3 2 0 4202 
3 2 0 4198 
3 2 0 4196 
3 2 0 4197 
3 2 0 4201 
3 2 0 4199 
3 2 0 4200 
3 2 0 4208 
3 2 0 4204 
3 2 0 4207 
3 2 0 4205 
3 2 0 4206 
3 2 0 4210 
3 2 0 4230 
3 2 0 4220 
3 2 0 4212 
3 2 0 4219 
3 2 0 4213 
3 2 0 4218 
3 2 0 4214 
3 2 0 4217 
3 2 0 4215 
3 2 0 4216 
3 2 0 4229 
3 2 0 4221 
3 2 0 4228 
3 2 0 4222 
3 2 0 4227 
3 2 0 4223 
3 2 0 4226 
3 2 0 4224 
3 2 0 4225 
3 2 0 4235 
1 0 
1 0 
1 0 
2 3 4286 4287 0 
1 0 
2 3 4288 4289 0 
2 3 4285 4290 0 
3 2 0 4291 
3 2 0 4285 
3 2 0 4290 
3 2 0 4288 
3 2 0 4286 
3 2 0 4287 
3 2 0 4289 
1 0 
1 0 
1 0 
1 0 
1 0 
1 0 
1 0 
2 3 4304 4305 0 
1 0 
1 0 
1 0 
1 0 
2 3 4309 4310 0 
2 3 4308 4311 0 
2 3 4307 4312 0 
2 3 4306 4313 0 
2 3 4303 4314 0 
2 3 4302 4315 0 
2 3 4301 4316 0 
1 0 
1 0 
1 0 
1 0 
1 0 
1 0 
2 3 4322 4323 0 
2 3 4321 4324 0 
2 3 4320 4325 0 
2 3 4319 4326 0 
2 3 4318 4327 0 
2 3 4317 4328 0 
2 3 4300 4329 0 
2 3 4299 4330 0 
1 0 
2 3 4331 4332 0 
1 0 
2 3 4333 4334 0 
1 0 
1 0 
1 0 
1 0 
1 0 
1 0 
1 0 
1 0 
2 3 4342 4343 0 
2 3 4341 4344 0 
2 3 4340 4345 0 
2 3 4339 4346 0 
2 3 4338 4347 0 
2 3 4337 4348 0 
1 0 
2 3 4349 4350 0 
1 0 
1 0 
2 3 4352 4353 0 
1 0 
1 0 
1 0 
2 3 4356 4357 0 
1 0 
2 3 4358 4359 0 
2 3 4355 4360 0 
2 3 4354 4361 0 
1 0 
2 3 4362 4363 0 
1 0 
2 3 4364 4365 0 
1 0 
1 0 
2 3 4367 4368 0 
2 3 4366 4369 0 
1 0 
1 0 
2 3 4371 4372 0 
2 3 4370 4373 0 
2 3 4351 4374 0 
2 3 4336 4375 0 
2 3 4335 4376 0 
1 0 
2 3 4377 4378 0 
3 2 0 4379 
3 2 0 4377 
3 2 0 4335 
3 2 0 4333 
3 2 0 4331 
3 2 0 4299 
3 2 0 4330 
3 2 0 4300 
3 2 0 4329 
3 2 0 4317 
3 2 0 4301 
3 2 0 4316 
3 2 0 4302 
3 2 0 4315 
3 2 0 4303 
3 2 0 4314 
3 2 0 4306 
3 2 0 4304 
3 2 0 4305 
3 2 0 4313 
3 2 0 4307 
3 2 0 4312 
3 2 0 4308 
3 2 0 4311 
3 2 0 4309 
3 2 0 4310 
3 2 0 4328 
3 2 0 4318 
3 2 0 4327 
3 2 0 4319 
3 2 0 4326 
3 2 0 4320 
3 2 0 4325 
3 2 0 4321 
3 2 0 4324 
3 2 0 4322 
3 2 0 4323 
3 2 0 4332 
3 2 0 4334 
3 2 0 4376 
3 2 0 4336 
3 2 0 4375 
3 2 0 4351 
3 2 0 4349 
3 2 0 4337 
3 2 0 4348 
3 2 0 4338 
3 2 0 4347 
3 2 0 4339 
3 2 0 4346 
3 2 0 4340 
3 2 0 4345 
3 2 0 4341 
3 2 0 4344 
3 2 0 4342 
3 2 0 4343 
3 2 0 4350 
3 2 0 4374 
3 2 0 4370 
3 2 0 4366 
3 2 0 4364 
3 2 0 4362 
3 2 0 4354 
3 2 0 4352 
3 2 0 4353 
3 2 0 4361 
3 2 0 4355 
3 2 0 4360 
3 2 0 4358 
3 2 0 4356 
3 2 0 4357 
3 2 0 4359 
3 2 0 4363 
3 2 0 4365 
3 2 0 4369 
3 2 0 4367 
3 2 0 4368 
3 2 0 4373 
3 2 0 4371 
3 2 0 4372 
3 2 0 4378 
1 0 
1 0 
1 0 
1 0 
2 3 4463 4464 0 
2 3 4462 4465 0 
2 3 4461 4466 0 
1 0 
1 0 
1 0 
2 3 4469 4470 0 
2 3 4468 4471 0 
2 3 4467 4472 0 
1 0 
2 3 4473 4474 0 
1 0 
2 3 4475 4476 0 
1 0 
1 0 
1 0 
2 3 4479 4480 0 
2 3 4478 4481 0 
1 0 
2 3 4482 4483 0 
1 0 
2 3 4484 4485 0 
1 0 
1 0 
2 3 4487 4488 0 
2 3 4486 4489 0 
2 3 4477 4490 0 
1 0 
2 3 4491 4492 0 
3 2 0 4493 
3 2 0 4491 
3 2 0 4477 
3 2 0 4475 
3 2 0 4473 
3 2 0 4467 
3 2 0 4461 
3 2 0 4466 
3 2 0 4462 
3 2 0 4465 
3 2 0 4463 
3 2 0 4464 
3 2 0 4472 
3 2 0 4468 
3 2 0 4471 
3 2 0 4469 
3 2 0 4470 
3 2 0 4474 
3 2 0 4476 
3 2 0 4490 
3 2 0 4486 
3 2 0 4484 
3 2 0 4482 
3 2 0 4478 
3 2 0 4481 
3 2 0 4479 
3 2 0 4480 
3 2 0 4483 
3 2 0 4485 
3 2 0 4489 
3 2 0 4487 
3 2 0 4488 
3 2 0 4492 
1 0 
1 0 
1 0 
1 0 
1 0 
1 0 
1 0 
1 0 
1 0 
2 3 4534 4535 0 
2 3 4533 4536 0 
2 3 4532 4537 0 
2 3 4531 4538 0 
2 3 4530 4539 0 
2 3 4529 4540 0 
2 3 4528 4541 0 
2 3 4527 4542 0 
1 0 
2 3 4543 4544 0 
1 0 
2 3 4545 4546 0 
1 0 
1 0 
1 0 
1 0 
1 0 
2 3 4551 4552 0 
1 0 
2 3 4553 4554 0 
1 0 
1 0 
1 0 
2 3 4557 4558 0 
2 3 4556 4559 0 
2 3 4555 4560 0 
2 3 4550 4561 0 
2 3 4549 4562 0 
2 3 4548 4563 0 
2 3 4547 4564 0 
1 0 
2 3 4565 4566 0 
3 2 0 4567 
3 2 0 4565 
3 2 0 4547 
3 2 0 4545 
3 2 0 4543 
3 2 0 4527 
3 2 0 4542 
3 2 0 4528 
3 2 0 4541 
3 2 0 4529 
3 2 0 4540 
3 2 0 4530 
3 2 0 4539 
3 2 0 4531 
3 2 0 4538 
3 2 0 4532 
3 2 0 4537 
3 2 0 4533 
3 2 0 4536 
3 2 0 4534 
3 2 0 4535 
3 2 0 4544 
3 2 0 4546 
3 2 0 4564 
3 2 0 4548 
3 2 0 4563 
3 2 0 4549 
3 2 0 4562 
3 2 0 4550 
3 2 0 4561 
3 2 0 4555 
3 2 0 4553 
3 2 0 4551 
3 2 0 4552 
3 2 0 4554 
3 2 0 4560 
3 2 0 4556 
3 2 0 4559 
3 2 0 4557 
3 2 0 4558 
3 2 0 4566 
72 2304 52 53 54 55 56 57 58 59 60 61 62 63 64 65 66 67 68 69 70 71 72 73 74 75 76 77 78 79 80 81 82 83 84 85 86 87 88 89 90 91 92 93 94 95 96 97 98 99 100 101 102 150 151 152 153 154 155 156 157 158 159 160 161 162 163 164 165 166 167 168 169 170 171 172 173 174 175 176 177 178 179 180 181 182 183 184 185 186 187 188 189 190 191 192 193 194 195 196 258 259 260 261 262 263 264 265 266 267 268 269 270 271 272 273 274 275 276 277 278 279 280 281 282 283 284 285 286 287 288 289 290 291 292 293 294 295 296 297 298 299 300 301 302 303 304 305 306 307 308 309 310 311 312 313 314 315 316 317 318 364 365 366 367 368 369 370 371 372 373 374 375 376 377 378 379 380 381 382 383 384 385 386 387 388 389 390 391 392 393 394 395 396 397 398 399 400 401 402 403 404 405 406 407 408 438 439 440 441 442 443 444 445 446 447 448 449 450 451 452 453 454 455 456 457 458 459 460 461 462 463 464 465 466 488 489 490 491 492 493 494 495 496 497 498 499 500 501 502 503 504 505 506 507 508 546 547 548 549 550 551 552 553 554 555 556 557 558 559 560 561 562 563 564 565 566 567 568 569 570 571 572 573 574 575 576 577 578 579 580 581 582 602 603 604 605 606 607 608 609 610 611 612 613 614 615 616 617 618 619 620 658 659 660 661 662 663 664 665 666 667 668 669 670 671 672 673 674 675 676 677 678 679 680 681 682 683 684 685 686 687 688 689 690 691 692 693 694 734 735 736 737 738 739 740 741 742 743 744 745 746 747 748 749 750 751 752 753 754 755 756 757 758 759 760 761 762 763 764 765 766 767 768 769 770 771 772 818 819 820 821 822 823 824 825 826 827 828 829 830 831 832 833 834 835 836 837 838 839 840 841 842 843 844 845 846 847 848 849 850 851 852 853 854 855 856 857 858 859 860 861 862 938 939 940 941 942 943 944 945 946 947 948 949 950 951 952 953 954 955 956 957 958 959 960 961 962 963 964 965 966 967 968 969 970 971 972 973 974 975 976 977 978 979 980 981 982 983 984 985 986 987 988 989 990 991 992 993 994 995 996 997 998 999 1000 1001 1002 1003 1004 1005 1006 1007 1008 1009 1010 1011 1012 1052 1053 1054 1055 1056 1057 1058 1059 1060 1061 1062 1063 1064 1065 1066 1067 1068 1069 1070 1071 1072 1073 1074 1075 1076 1077 1078 1079 1080 1081 1082 1083 1084 1085 1086 1087 1088 1089 1090 1140 1141 1142 1143 1144 1145 1146 1147 1148 1149 1150 1151 1152 1153 1154 1155 1156 1157 1158 1159 1160 1161 1162 1163 1164 1165 1166 1167 1168 1169 1170 1171 1172 1173 1174 1175 1176 1177 1178 1179 1180 1181 1182 1183 1184 1185 1186 1187 1188 1238 1239 1240 1241 1242 1243 1244 1245 1246 1247 1248 1249 1250 1251 1252 1253 1254 1255 1256 1257 1258 1259 1260 1261 1262 1263 1264 1265 1266 1267 1268 1269 1270 1271 1272 1273 1274 1275 1276 1277 1278 1279 1280 1281 1282 1283 1284 1285 1286 1320 1321 1322 1323 1324 1325 1326 1327 1328 1329 1330 1331 1332 1333 1334 1335 1336 1337 1338 1339 1340 1341 1342 1343 1344 1345 1346 1347 1348 1349 1350 1351 1352 1404 1405 1406 1407 1408 1409 1410 1411 1412 1413 1414 1415 1416 1417 1418 1419 1420 1421 1422 1423 1424 1425 1426 1427 1428 1429 1430 1431 1432 1433 1434 1435 1436 1437 1438 1439 1440 1441 1442 1443 1444 1445 1446 1447 1448 1449 1450 1451 1452 1453 1454 1480 1481 1482 1483 1484 1485 1486 1487 1488 1489 1490 1491 1492 1493 1494 1495 1496 1497 1498 1499 1500 1501 1502 1503 1504 1528 1529 1530 1531 1532 1533 1534 1535 1536 1537 1538 1539 1540 1541 1542 1543 1544 1545 1546 1547 1548 1549 1550 1596 1597 1598 1599 1600 1601 1602 1603 1604 1605 1606 1607 1608 1609 1610 1611 1612 1613 1614 1615 1616 1617 1618 1619 1620 1621 1622 1623 1624 1625 1626 1627 1628 1629 1630 1631 1632 1633 1634 1635 1636 1637 1638 1639 1640 1664 1665 1666 1667 1668 1669 1670 1671 1672 1673 1674 1675 1676 1677 1678 1679 1680 1681 1682 1683 1684 1685 1686 1730 1731 1732 1733 1734 1735 1736 1737 1738 1739 1740 1741 1742 1743 1744 1745 1746 1747 1748 1749 1750 1751 1752 1753 1754 1755 1756 1757 1758 1759 1760 1761 1762 1763 1764 1765 1766 1767 1768 1769 1770 1771 1772 1806 1807 1808 1809 1810 1811 1812 1813 1814 1815 1816 1817 1818 1819 1820 1821 1822 1823 1824 1825 1826 1827 1828 1829 1830 1831 1832 1833 1834 1835 1836 1837 1838 1858 1859 1860 1861 1862 1863 1864 1865 1866 1867 1868 1869 1870 1871 1872 1873 1874 1875 1876 1924 1925 1926 1927 1928 1929 1930 1931 1932 1933 1934 1935 1936 1937 1938 1939 1940 1941 1942 1943 1944 1945 1946 1947 1948 1949 1950 1951 1952 1953 1954 1955 1956 1957 1958 1959 1960 1961 1962 1963 1964 1965 1966 1967 1968 1969 1970 2018 2019 2020 2021 2022 2023 2024 2025 2026 2027 2028 2029 2030 2031 2032 2033 2034 2035 2036 2037 2038 2039 2040 2041 2042 2043 2044 2045 2046 2047 2048 2049 2050 2051 2052 2053 2054 2055 2056 2057 2058 2059 2060 2061 2062 2063 2064 2086 2087 2088 2089 2090 2091 2092 2093 2094 2095 2096 2097 2098 2099 2100 2101 2102 2103 2104 2105 2106 2122 2123 2124 2125 2126 2127 2128 2129 2130 2131 2132 2133 2134 2135 2136 2174 2175 2176 2177 2178 2179 2180 2181 2182 2183 2184 2185 2186 2187 2188 2189 2190 2191 2192 2193 2194 2195 2196 2197 2198 2199 2200 2201 2202 2203 2204 2205 2206 2207 2208 2209 2210 2242 2243 2244 2245 2246 2247 2248 2249 2250 2251 2252 2253 2254 2255 2256 2257 2258 2259 2260 2261 2262 2263 2264 2265 2266 2267 2268 2269 2270 2271 2272 2310 2311 2312 2313 2314 2315 2316 2317 2318 2319 2320 2321 2322 2323 2324 2325 2326 2327 2328 2329 2330 2331 2332 2333 2334 2335 2336 2337 2338 2339 2340 2341 2342 2343 2344 2345 2346 2358 2359 2360 2361 2362 2363 2364 2365 2366 2367 2368 2426 2427 2428 2429 2430 2431 2432 2433 2434 2435 2436 2437 2438 2439 2440 2441 2442 2443 2444 2445 2446 2447 2448 2449 2450 2451 2452 2453 2454 2455 2456 2457 2458 2459 2460 2461 2462 2463 2464 2465 2466 2467 2468 2469 2470 2471 2472 2473 2474 2475 2476 2477 2478 2479 2480 2481 2482 2508 2509 2510 2511 2512 2513 2514 2515 2516 2517 2518 2519 2520 2521 2522 2523 2524 2525 2526 2527 2528 2529 2530 2531 2532 2540 2541 2542 2543 2544 2545 2546 2558 2559 2560 2561 2562 2563 2564 2565 2566 2567 2568 2590 2591 2592 2593 2594 2595 2596 2597 2598 2599 2600 2601 2602 2603 2604 2605 2606 2607 2608 2609 2610 2642 2643 2644 2645 2646 2647 2648 2649 2650 2651 2652 2653 2654 2655 2656 2657 2658 2659 2660 2661 2662 2663 2664 2665 2666 2667 2668 2669 2670 2671 2672 2716 2717 2718 2719 2720 2721 2722 2723 2724 2725 2726 2727 2728 2729 2730 2731 2732 2733 2734 2735 2736 2737 2738 2739 2740 2741 2742 2743 2744 2745 2746 2747 2748 2749 2750 2751 2752 2753 2754 2755 2756 2757 2758 2772 2773 2774 2775 2776 2777 2778 2779 2780 2781 2782 2783 2784 2816 2817 2818 2819 2820 2821 2822 2823 2824 2825 2826 2827 2828 2829 2830 2831 2832 2833 2834 2835 2836 2837 2838 2839 2840 2841 2842 2843 2844 2845 2846 2894 2895 2896 2897 2898 2899 2900 2901 2902 2903 2904 2905 2906 2907 2908 2909 2910 2911 2912 2913 2914 2915 2916 2917 2918 2919 2920 2921 2922 2923 2924 2925 2926 2927 2928 2929 2930 2931 2932 2933 2934 2935 2936 2937 2938 2939 2940 2972 2973 2974 2975 2976 2977 2978 2979 2980 2981 2982 2983 2984 2985 2986 2987 2988 2989 2990 2991 2992 2993 2994 2995 2996 2997 2998 2999 3000 3001 3002 3056 3057 3058 3059 3060 3061 3062 3063 3064 3065 3066 3067 3068 3069 3070 3071 3072 3073 3074 3075 3076 3077 3078 3079 3080 3081 3082 3083 3084 3085 3086 3087 3088 3089 3090 3091 3092 3093 3094 3095 3096 3097 3098 3099 3100 3101 3102 3103 3104 3105 3106 3107 3108 3150 3151 3152 3153 3154 3155 3156 3157 3158 3159 3160 3161 3162 3163 3164 3165 3166 3167 3168 3169 3170 3171 3172 3173 3174 3175 3176 3177 3178 3179 3180 3181 3182 3183 3184 3185 3186 3187 3188 3189 3190 3254 3255 3256 3257 3258 3259 3260 3261 3262 3263 3264 3265 3266 3267 3268 3269 3270 3271 3272 3273 3274 3275 3276 3277 3278 3279 3280 3281 3282 3283 3284 3285 3286 3287 3288 3289 3290 3291 3292 3293 3294 3295 3296 3297 3298 3299 3300 3301 3302 3303 3304 3305 3306 3307 3308 3309 3310 3311 3312 3313 3314 3315 3316 3326 3327 3328 3329 3330 3331 3332 3333 3334 3362 3363 3364 3365 3366 3367 3368 3369 3370 3371 3372 3373 3374 3375 3376 3377 3378 3379 3380 3381 3382 3383 3384 3385 3386 3387 3388 3434 3435 3436 3437 3438 3439 3440 3441 3442 3443 3444 3445 3446 3447 3448 3449 3450 3451 3452 3453 3454 3455 3456 3457 3458 3459 3460 3461 3462 3463 3464 3465 3466 3467 3468 3469 3470 3471 3472 3473 3474 3475 3476 3477 3478 3524 3525 3526 3527 3528 3529 3530 3531 3532 3533 3534 3535 3536 3537 3538 3539 3540 3541 3542 3543 3544 3545 3546 3547 3548 3549 3550 3551 3552 3553 3554 3555 3556 3557 3558 3559 3560 3561 3562 3563 3564 3565 3566 3567 3568 3582 3583 3584 3585 3586 3587 3588 3589 3590 3591 3592 3593 3594 3628 3629 3630 3631 3632 3633 3634 3635 3636 3637 3638 3639 3640 3641 3642 3643 3644 3645 3646 3647 3648 3649 3650 3651 3652 3653 3654 3655 3656 3657 3658 3659 3660 3708 3709 3710 3711 3712 3713 3714 3715 3716 3717 3718 3719 3720 3721 3722 3723 3724 3725 3726 3727 3728 3729 3730 3731 3732 3733 3734 3735 3736 3737 3738 3739 3740 3741 3742 3743 3744 3745 3746 3747 3748 3749 3750 3751 3752 3753 3754 3814 3815 3816 3817 3818 3819 3820 3821 3822 3823 3824 3825 3826 3827 3828 3829 3830 3831 3832 3833 3834 3835 3836 3837 3838 3839 3840 3841 3842 3843 3844 3845 3846 3847 3848 3849 3850 3851 3852 3853 3854 3855 3856 3857 3858 3859 3860 3861 3862 3863 3864 3865 3866 3867 3868 3869 3870 3871 3872 3906 3907 3908 3909 3910 3911 3912 3913 3914 3915 3916 3917 3918 3919 3920 3921 3922 3923 3924 3925 3926 3927 3928 3929 3930 3931 3932 3933 3934 3935 3936 3937 3938 3962 3963 3964 3965 3966 3967 3968 3969 3970 3971 3972 3973 3974 3975 3976 3977 3978 3979 3980 3981 3982 3983 3984 4024 4025 4026 4027 4028 4029 4030 4031 4032 4033 4034 4035 4036 4037 4038 4039 4040 4041 4042 4043 4044 4045 4046 4047 4048 4049 4050 4051 4052 4053 4054 4055 4056 4057 4058 4059 4060 4061 4062 4102 4103 4104 4105 4106 4107 4108 4109 4110 4111 4112 4113 4114 4115 4116 4117 4118 4119 4120 4121 4122 4123 4124 4125 4126 4127 4128 4129 4130 4131 4132 4133 4134 4135 4136 4137 4138 4139 4140 4166 4167 4168 4169 4170 4171 4172 4173 4174 4175 4176 4177 4178 4179 4180 4181 4182 4183 4184 4185 4186 4187 4188 4189 4190 4238 4239 4240 4241 4242 4243 4244 4245 4246 4247 4248 4249 4250 4251 4252 4253 4254 4255 4256 4257 4258 4259 4260 4261 4262 4263 4264 4265 4266 4267 4268 4269 4270 4271 4272 4273 4274 4275 4276 4277 4278 4279 4280 4281 4282 4283 4284 4292 4293 4294 4295 4296 4297 4298 4380 4381 4382 4383 4384 4385 4386 4387 4388 4389 4390 4391 4392 4393 4394 4395 4396 4397 4398 4399 4400 4401 4402 4403 4404 4405 4406 4407 4408 4409 4410 4411 4412 4413 4414 4415 4416 4417 4418 4419 4420 4421 4422 4423 4424 4425 4426 4427 4428 4429 4430 4431 4432 4433 4434 4435 4436 4437 4438 4439 4440 4441 4442 4443 4444 4445 4446 4447 4448 4449 4450 4451 4452 4453 4454 4455 4456 4457 4458 4459 4460 4494 4495 4496 4497 4498 4499 4500 4501 4502 4503 4504 4505 4506 4507 4508 4509 4510 4511 4512 4513 4514 4515 4516 4517 4518 4519 4520 4521 4522 4523 4524 4525 4526 4568 4569 4570 4571 4572 4573 4574 4575 4576 4577 4578 4579 4580 4581 4582 4583 4584 4585 4586 4587 4588 4589 4590 4591 4592 4593 4594 4595 4596 4597 4598 4599 4600 4601 4602 4603 4604 4605 4606 4607 4608 
