4394
0 0 
1 0 
1 0 
1 0 
1 0 
2 3 3 4 0 
2 3 2 5 0 
2 3 1 6 0 
3 2 0 7 
3 2 0 1 
3 2 0 6 
3 2 0 2 
3 2 0 5 
3 2 0 3 
3 2 0 4 
1 0 
1 0 
1 0 
2 3 16 17 0 
2 3 15 18 0 
1 0 
2 3 19 20 0 
1 0 
1 0 
1 0 
1 0 
1 0 
1 0 
2 3 26 27 0 
2 3 25 28 0 
1 0 
1 0 
2 3 30 31 0 
1 0 
1 0 
2 3 33 34 0 
2 3 32 35 0 
2 3 29 36 0 
1 0 
1 0 
1 0 
2 3 39 40 0 
2 3 38 41 0 
2 3 37 42 0 
1 0 
2 3 43 44 0 
1 0 
2 3 45 46 0 
1 0 
2 3 47 48 0 
1 0 
1 0 
1 0 
2 3 51 52 0 
2 3 50 53 0 
1 0 
2 3 54 55 0 
2 3 49 56 0 
2 3 24 57 0 
1 0 
2 3 58 59 0 
1 0 
2 3 60 61 0 
1 0 
2 3 62 63 0 
1 0 
1 0 
1 0 
1 0 
2 3 67 68 0 
2 3 66 69 0 
2 3 65 70 0 
1 0 
1 0 
2 3 72 73 0 
1 0 
1 0 
2 3 75 76 0 
2 3 74 77 0 
2 3 71 78 0 
2 3 64 79 0 
2 3 23 80 0 
2 3 22 81 0 
1 0 
2 3 82 83 0 
1 0 
2 3 84 85 0 
2 3 21 86 0 
3 2 0 87 
3 2 0 21 
3 2 0 19 
3 2 0 15 
3 2 0 18 
3 2 0 16 
3 2 0 17 
3 2 0 20 
3 2 0 86 
3 2 0 84 
3 2 0 82 
3 2 0 22 
3 2 0 81 
3 2 0 23 
3 2 0 80 
3 2 0 64 
3 2 0 62 
3 2 0 60 
3 2 0 58 
3 2 0 24 
3 2 0 57 
3 2 0 49 
3 2 0 47 
3 2 0 45 
3 2 0 43 
3 2 0 37 
3 2 0 29 
3 2 0 25 
3 2 0 28 
3 2 0 26 
3 2 0 27 
3 2 0 36 
3 2 0 32 
3 2 0 30 
3 2 0 31 
3 2 0 35 
3 2 0 33 
3 2 0 34 
3 2 0 42 
3 2 0 38 
3 2 0 41 
3 2 0 39 
3 2 0 40 
3 2 0 44 
3 2 0 46 
3 2 0 48 
3 2 0 56 
3 2 0 54 
3 2 0 50 
3 2 0 53 
3 2 0 51 
3 2 0 52 
3 2 0 55 
3 2 0 59 
3 2 0 61 
3 2 0 63 
3 2 0 79 
3 2 0 71 
3 2 0 65 
3 2 0 70 
3 2 0 66 
3 2 0 69 
3 2 0 67 
3 2 0 68 
3 2 0 78 
3 2 0 74 
3 2 0 72 
3 2 0 73 
3 2 0 77 
3 2 0 75 
3 2 0 76 
3 2 0 83 
3 2 0 85 
1 0 
1 0 
2 3 161 162 0 
1 0 
1 0 
1 0 
2 3 165 166 0 
2 3 164 167 0 
1 0 
2 3 168 169 0 
1 0 
1 0 
1 0 
2 3 172 173 0 
2 3 171 174 0 
1 0 
1 0 
1 0 
1 0 
2 3 178 179 0 
2 3 177 180 0 
1 0 
1 0 
2 3 182 183 0 
2 3 181 184 0 
2 3 176 185 0 
2 3 175 186 0 
2 3 170 187 0 
1 0 
2 3 188 189 0 
2 3 163 190 0 
3 2 0 191 
3 2 0 163 
3 2 0 161 
3 2 0 162 
3 2 0 190 
3 2 0 188 
3 2 0 170 
3 2 0 168 
3 2 0 164 
3 2 0 167 
3 2 0 165 
3 2 0 166 
3 2 0 169 
3 2 0 187 
3 2 0 175 
3 2 0 171 
3 2 0 174 
3 2 0 172 
3 2 0 173 
3 2 0 186 
3 2 0 176 
3 2 0 185 
3 2 0 181 
3 2 0 177 
3 2 0 180 
3 2 0 178 
3 2 0 179 
3 2 0 184 
3 2 0 182 
3 2 0 183 
3 2 0 189 
1 0 
1 0 
1 0 
2 3 224 225 0 
1 0 
1 0 
2 3 227 228 0 
1 0 
2 3 229 230 0 
1 0 
1 0 
2 3 232 233 0 
1 0 
1 0 
2 3 235 236 0 
2 3 234 237 0 
2 3 231 238 0 
1 0 
2 3 239 240 0 
2 3 226 241 0 
2 3 223 242 0 
3 2 0 243 
3 2 0 223 
3 2 0 242 
3 2 0 226 
3 2 0 224 
3 2 0 225 
3 2 0 241 
3 2 0 239 
3 2 0 231 
3 2 0 229 
3 2 0 227 
3 2 0 228 
3 2 0 230 
3 2 0 238 
3 2 0 234 
3 2 0 232 
3 2 0 233 
3 2 0 237 
3 2 0 235 
3 2 0 236 
3 2 0 240 
1 0 
1 0 
2 3 265 266 0 
1 0 
2 3 267 268 0 
1 0 
1 0 
1 0 
2 3 271 272 0 
2 3 270 273 0 
2 3 269 274 0 
3 2 0 275 
3 2 0 269 
3 2 0 267 
3 2 0 265 
3 2 0 266 
3 2 0 268 
3 2 0 274 
3 2 0 270 
3 2 0 273 
3 2 0 271 
3 2 0 272 
1 0 
1 0 
1 0 
2 3 288 289 0 
1 0 
2 3 290 291 0 
1 0 
2 3 292 293 0 
2 3 287 294 0 
3 2 0 295 
3 2 0 287 
3 2 0 294 
3 2 0 292 
3 2 0 290 
3 2 0 288 
3 2 0 289 
3 2 0 291 
3 2 0 293 
1 0 
1 0 
2 3 305 306 0 
1 0 
1 0 
1 0 
1 0 
1 0 
1 0 
1 0 
1 0 
1 0 
1 0 
2 3 316 317 0 
2 3 315 318 0 
2 3 314 319 0 
2 3 313 320 0 
2 3 312 321 0 
2 3 311 322 0 
2 3 310 323 0 
2 3 309 324 0 
2 3 308 325 0 
2 3 307 326 0 
1 0 
2 3 327 328 0 
1 0 
1 0 
1 0 
2 3 331 332 0 
1 0 
1 0 
1 0 
2 3 335 336 0 
2 3 334 337 0 
2 3 333 338 0 
2 3 330 339 0 
2 3 329 340 0 
1 0 
2 3 341 342 0 
3 2 0 343 
3 2 0 341 
3 2 0 329 
3 2 0 327 
3 2 0 307 
3 2 0 305 
3 2 0 306 
3 2 0 326 
3 2 0 308 
3 2 0 325 
3 2 0 309 
3 2 0 324 
3 2 0 310 
3 2 0 323 
3 2 0 311 
3 2 0 322 
3 2 0 312 
3 2 0 321 
3 2 0 313 
3 2 0 320 
3 2 0 314 
3 2 0 319 
3 2 0 315 
3 2 0 318 
3 2 0 316 
3 2 0 317 
3 2 0 328 
3 2 0 340 
3 2 0 330 
3 2 0 339 
3 2 0 333 
3 2 0 331 
3 2 0 332 
3 2 0 338 
3 2 0 334 
3 2 0 337 
3 2 0 335 
3 2 0 336 
3 2 0 342 
1 0 
1 0 
1 0 
1 0 
2 3 385 386 0 
1 0 
2 3 387 388 0 
2 3 384 389 0 
2 3 383 390 0 
1 0 
2 3 391 392 0 
1 0 
2 3 393 394 0 
1 0 
1 0 
1 0 
2 3 397 398 0 
2 3 396 399 0 
2 3 395 400 0 
1 0 
2 3 401 402 0 
3 2 0 403 
3 2 0 401 
3 2 0 395 
3 2 0 393 
3 2 0 391 
3 2 0 383 
3 2 0 390 
3 2 0 384 
3 2 0 389 
3 2 0 387 
3 2 0 385 
3 2 0 386 
3 2 0 388 
3 2 0 392 
3 2 0 394 
3 2 0 400 
3 2 0 396 
3 2 0 399 
3 2 0 397 
3 2 0 398 
3 2 0 402 
1 0 
1 0 
1 0 
1 0 
2 3 427 428 0 
2 3 426 429 0 
1 0 
1 0 
1 0 
1 0 
2 3 433 434 0 
2 3 432 435 0 
2 3 431 436 0 
2 3 430 437 0 
1 0 
1 0 
1 0 
1 0 
2 3 441 442 0 
1 0 
1 0 
1 0 
1 0 
1 0 
1 0 
2 3 448 449 0 
2 3 447 450 0 
2 3 446 451 0 
2 3 445 452 0 
2 3 444 453 0 
2 3 443 454 0 
2 3 440 455 0 
2 3 439 456 0 
1 0 
2 3 457 458 0 
1 0 
2 3 459 460 0 
2 3 438 461 0 
2 3 425 462 0 
3 2 0 463 
3 2 0 425 
3 2 0 462 
3 2 0 438 
3 2 0 430 
3 2 0 426 
3 2 0 429 
3 2 0 427 
3 2 0 428 
3 2 0 437 
3 2 0 431 
3 2 0 436 
3 2 0 432 
3 2 0 435 
3 2 0 433 
3 2 0 434 
3 2 0 461 
3 2 0 459 
3 2 0 457 
3 2 0 439 
3 2 0 456 
3 2 0 440 
3 2 0 455 
3 2 0 443 
3 2 0 441 
3 2 0 442 
3 2 0 454 
3 2 0 444 
3 2 0 453 
3 2 0 445 
3 2 0 452 
3 2 0 446 
3 2 0 451 
3 2 0 447 
3 2 0 450 
3 2 0 448 
3 2 0 449 
3 2 0 458 
3 2 0 460 
1 0 
1 0 
1 0 
2 3 504 505 0 
2 3 503 506 0 
1 0 
2 3 507 508 0 
1 0 
1 0 
1 0 
2 3 511 512 0 
2 3 510 513 0 
2 3 509 514 0 
1 0 
2 3 515 516 0 
1 0 
1 0 
2 3 518 519 0 
1 0 
1 0 
1 0 
2 3 522 523 0 
2 3 521 524 0 
2 3 520 525 0 
2 3 517 526 0 
1 0 
2 3 527 528 0 
3 2 0 529 
3 2 0 527 
3 2 0 517 
3 2 0 515 
3 2 0 509 
3 2 0 507 
3 2 0 503 
3 2 0 506 
3 2 0 504 
3 2 0 505 
3 2 0 508 
3 2 0 514 
3 2 0 510 
3 2 0 513 
3 2 0 511 
3 2 0 512 
3 2 0 516 
3 2 0 526 
3 2 0 520 
3 2 0 518 
3 2 0 519 
3 2 0 525 
3 2 0 521 
3 2 0 524 
3 2 0 522 
3 2 0 523 
3 2 0 528 
1 0 
1 0 
2 3 557 558 0 
1 0 
1 0 
1 0 
1 0 
2 3 562 563 0 
2 3 561 564 0 
2 3 560 565 0 
1 0 
2 3 566 567 0 
2 3 559 568 0 
3 2 0 569 
3 2 0 559 
3 2 0 557 
3 2 0 558 
3 2 0 568 
3 2 0 566 
3 2 0 560 
3 2 0 565 
3 2 0 561 
3 2 0 564 
3 2 0 562 
3 2 0 563 
3 2 0 567 
1 0 
1 0 
1 0 
1 0 
1 0 
2 3 586 587 0 
2 3 585 588 0 
2 3 584 589 0 
1 0 
2 3 590 591 0 
1 0 
1 0 
1 0 
1 0 
1 0 
1 0 
2 3 597 598 0 
2 3 596 599 0 
2 3 595 600 0 
2 3 594 601 0 
2 3 593 602 0 
2 3 592 603 0 
2 3 583 604 0 
1 0 
2 3 605 606 0 
1 0 
2 3 607 608 0 
1 0 
1 0 
1 0 
1 0 
1 0 
1 0 
1 0 
1 0 
1 0 
1 0 
2 3 618 619 0 
1 0 
1 0 
1 0 
2 3 622 623 0 
2 3 621 624 0 
2 3 620 625 0 
2 3 617 626 0 
2 3 616 627 0 
2 3 615 628 0 
2 3 614 629 0 
2 3 613 630 0 
2 3 612 631 0 
2 3 611 632 0 
2 3 610 633 0 
2 3 609 634 0 
1 0 
2 3 635 636 0 
3 2 0 637 
3 2 0 635 
3 2 0 609 
3 2 0 607 
3 2 0 605 
3 2 0 583 
3 2 0 604 
3 2 0 592 
3 2 0 590 
3 2 0 584 
3 2 0 589 
3 2 0 585 
3 2 0 588 
3 2 0 586 
3 2 0 587 
3 2 0 591 
3 2 0 603 
3 2 0 593 
3 2 0 602 
3 2 0 594 
3 2 0 601 
3 2 0 595 
3 2 0 600 
3 2 0 596 
3 2 0 599 
3 2 0 597 
3 2 0 598 
3 2 0 606 
3 2 0 608 
3 2 0 634 
3 2 0 610 
3 2 0 633 
3 2 0 611 
3 2 0 632 
3 2 0 612 
3 2 0 631 
3 2 0 613 
3 2 0 630 
3 2 0 614 
3 2 0 629 
3 2 0 615 
3 2 0 628 
3 2 0 616 
3 2 0 627 
3 2 0 617 
3 2 0 626 
3 2 0 620 
3 2 0 618 
3 2 0 619 
3 2 0 625 
3 2 0 621 
3 2 0 624 
3 2 0 622 
3 2 0 623 
3 2 0 636 
1 0 
1 0 
1 0 
1 0 
2 3 695 696 0 
1 0 
2 3 697 698 0 
1 0 
1 0 
1 0 
2 3 701 702 0 
2 3 700 703 0 
1 0 
1 0 
1 0 
1 0 
2 3 707 708 0 
2 3 706 709 0 
2 3 705 710 0 
2 3 704 711 0 
2 3 699 712 0 
1 0 
2 3 713 714 0 
2 3 694 715 0 
2 3 693 716 0 
3 2 0 717 
3 2 0 693 
3 2 0 716 
3 2 0 694 
3 2 0 715 
3 2 0 713 
3 2 0 699 
3 2 0 697 
3 2 0 695 
3 2 0 696 
3 2 0 698 
3 2 0 712 
3 2 0 704 
3 2 0 700 
3 2 0 703 
3 2 0 701 
3 2 0 702 
3 2 0 711 
3 2 0 705 
3 2 0 710 
3 2 0 706 
3 2 0 709 
3 2 0 707 
3 2 0 708 
3 2 0 714 
1 0 
1 0 
1 0 
2 3 744 745 0 
2 3 743 746 0 
1 0 
1 0 
1 0 
2 3 749 750 0 
1 0 
1 0 
2 3 752 753 0 
1 0 
1 0 
2 3 755 756 0 
1 0 
2 3 757 758 0 
1 0 
1 0 
2 3 760 761 0 
2 3 759 762 0 
2 3 754 763 0 
1 0 
2 3 764 765 0 
2 3 751 766 0 
2 3 748 767 0 
2 3 747 768 0 
3 2 0 769 
3 2 0 747 
3 2 0 743 
3 2 0 746 
3 2 0 744 
3 2 0 745 
3 2 0 768 
3 2 0 748 
3 2 0 767 
3 2 0 751 
3 2 0 749 
3 2 0 750 
3 2 0 766 
3 2 0 764 
3 2 0 754 
3 2 0 752 
3 2 0 753 
3 2 0 763 
3 2 0 759 
3 2 0 757 
3 2 0 755 
3 2 0 756 
3 2 0 758 
3 2 0 762 
3 2 0 760 
3 2 0 761 
3 2 0 765 
1 0 
1 0 
2 3 797 798 0 
1 0 
1 0 
1 0 
2 3 801 802 0 
1 0 
1 0 
1 0 
2 3 805 806 0 
1 0 
2 3 807 808 0 
2 3 804 809 0 
2 3 803 810 0 
2 3 800 811 0 
2 3 799 812 0 
1 0 
2 3 813 814 0 
1 0 
1 0 
2 3 816 817 0 
1 0 
1 0 
1 0 
1 0 
1 0 
2 3 822 823 0 
1 0 
1 0 
1 0 
2 3 826 827 0 
2 3 825 828 0 
2 3 824 829 0 
2 3 821 830 0 
2 3 820 831 0 
2 3 819 832 0 
2 3 818 833 0 
2 3 815 834 0 
1 0 
2 3 835 836 0 
3 2 0 837 
3 2 0 835 
3 2 0 815 
3 2 0 813 
3 2 0 799 
3 2 0 797 
3 2 0 798 
3 2 0 812 
3 2 0 800 
3 2 0 811 
3 2 0 803 
3 2 0 801 
3 2 0 802 
3 2 0 810 
3 2 0 804 
3 2 0 809 
3 2 0 807 
3 2 0 805 
3 2 0 806 
3 2 0 808 
3 2 0 814 
3 2 0 834 
3 2 0 818 
3 2 0 816 
3 2 0 817 
3 2 0 833 
3 2 0 819 
3 2 0 832 
3 2 0 820 
3 2 0 831 
3 2 0 821 
3 2 0 830 
3 2 0 824 
3 2 0 822 
3 2 0 823 
3 2 0 829 
3 2 0 825 
3 2 0 828 
3 2 0 826 
3 2 0 827 
3 2 0 836 
1 0 
1 0 
2 3 879 880 0 
1 0 
1 0 
2 3 882 883 0 
1 0 
1 0 
1 0 
1 0 
2 3 887 888 0 
2 3 886 889 0 
2 3 885 890 0 
2 3 884 891 0 
2 3 881 892 0 
1 0 
1 0 
1 0 
1 0 
2 3 896 897 0 
2 3 895 898 0 
2 3 894 899 0 
1 0 
2 3 900 901 0 
2 3 893 902 0 
3 2 0 903 
3 2 0 893 
3 2 0 881 
3 2 0 879 
3 2 0 880 
3 2 0 892 
3 2 0 884 
3 2 0 882 
3 2 0 883 
3 2 0 891 
3 2 0 885 
3 2 0 890 
3 2 0 886 
3 2 0 889 
3 2 0 887 
3 2 0 888 
3 2 0 902 
3 2 0 900 
3 2 0 894 
3 2 0 899 
3 2 0 895 
3 2 0 898 
3 2 0 896 
3 2 0 897 
3 2 0 901 
1 0 
1 0 
1 0 
1 0 
1 0 
2 3 932 933 0 
2 3 931 934 0 
2 3 930 935 0 
1 0 
1 0 
1 0 
1 0 
2 3 939 940 0 
2 3 938 941 0 
1 0 
1 0 
1 0 
2 3 944 945 0 
2 3 943 946 0 
2 3 942 947 0 
2 3 937 948 0 
1 0 
2 3 949 950 0 
1 0 
2 3 951 952 0 
1 0 
1 0 
1 0 
1 0 
2 3 956 957 0 
2 3 955 958 0 
2 3 954 959 0 
2 3 953 960 0 
1 0 
2 3 961 962 0 
2 3 936 963 0 
2 3 929 964 0 
3 2 0 965 
3 2 0 929 
3 2 0 964 
3 2 0 936 
3 2 0 930 
3 2 0 935 
3 2 0 931 
3 2 0 934 
3 2 0 932 
3 2 0 933 
3 2 0 963 
3 2 0 961 
3 2 0 953 
3 2 0 951 
3 2 0 949 
3 2 0 937 
3 2 0 948 
3 2 0 942 
3 2 0 938 
3 2 0 941 
3 2 0 939 
3 2 0 940 
3 2 0 947 
3 2 0 943 
3 2 0 946 
3 2 0 944 
3 2 0 945 
3 2 0 950 
3 2 0 952 
3 2 0 960 
3 2 0 954 
3 2 0 959 
3 2 0 955 
3 2 0 958 
3 2 0 956 
3 2 0 957 
3 2 0 962 
1 0 
1 0 
2 3 1003 1004 0 
1 0 
2 3 1005 1006 0 
1 0 
1 0 
1 0 
2 3 1009 1010 0 
1 0 
1 0 
1 0 
1 0 
2 3 1014 1015 0 
2 3 1013 1016 0 
1 0 
1 0 
1 0 
1 0 
2 3 1020 1021 0 
2 3 1019 1022 0 
1 0 
1 0 
2 3 1024 1025 0 
2 3 1023 1026 0 
2 3 1018 1027 0 
2 3 1017 1028 0 
2 3 1012 1029 0 
1 0 
1 0 
1 0 
1 0 
1 0 
2 3 1034 1035 0 
1 0 
1 0 
1 0 
1 0 
2 3 1039 1040 0 
2 3 1038 1041 0 
1 0 
1 0 
1 0 
2 3 1044 1045 0 
2 3 1043 1046 0 
2 3 1042 1047 0 
2 3 1037 1048 0 
2 3 1036 1049 0 
2 3 1033 1050 0 
2 3 1032 1051 0 
2 3 1031 1052 0 
2 3 1030 1053 0 
1 0 
2 3 1054 1055 0 
2 3 1011 1056 0 
2 3 1008 1057 0 
2 3 1007 1058 0 
3 2 0 1059 
3 2 0 1007 
3 2 0 1005 
3 2 0 1003 
3 2 0 1004 
3 2 0 1006 
3 2 0 1058 
3 2 0 1008 
3 2 0 1057 
3 2 0 1011 
3 2 0 1009 
3 2 0 1010 
3 2 0 1056 
3 2 0 1054 
3 2 0 1030 
3 2 0 1012 
3 2 0 1029 
3 2 0 1017 
3 2 0 1013 
3 2 0 1016 
3 2 0 1014 
3 2 0 1015 
3 2 0 1028 
3 2 0 1018 
3 2 0 1027 
3 2 0 1023 
3 2 0 1019 
3 2 0 1022 
3 2 0 1020 
3 2 0 1021 
3 2 0 1026 
3 2 0 1024 
3 2 0 1025 
3 2 0 1053 
3 2 0 1031 
3 2 0 1052 
3 2 0 1032 
3 2 0 1051 
3 2 0 1033 
3 2 0 1050 
3 2 0 1036 
3 2 0 1034 
3 2 0 1035 
3 2 0 1049 
3 2 0 1037 
3 2 0 1048 
3 2 0 1042 
3 2 0 1038 
3 2 0 1041 
3 2 0 1039 
3 2 0 1040 
3 2 0 1047 
3 2 0 1043 
3 2 0 1046 
3 2 0 1044 
3 2 0 1045 
3 2 0 1055 
1 0 
1 0 
1 0 
2 3 1118 1119 0 
1 0 
1 0 
1 0 
1 0 
1 0 
2 3 1124 1125 0 
2 3 1123 1126 0 
2 3 1122 1127 0 
1 0 
1 0 
1 0 
1 0 
1 0 
2 3 1132 1133 0 
1 0 
2 3 1134 1135 0 
2 3 1131 1136 0 
2 3 1130 1137 0 
2 3 1129 1138 0 
1 0 
2 3 1139 1140 0 
2 3 1128 1141 0 
2 3 1121 1142 0 
2 3 1120 1143 0 
2 3 1117 1144 0 
3 2 0 1145 
3 2 0 1117 
3 2 0 1144 
3 2 0 1120 
3 2 0 1118 
3 2 0 1119 
3 2 0 1143 
3 2 0 1121 
3 2 0 1142 
3 2 0 1128 
3 2 0 1122 
3 2 0 1127 
3 2 0 1123 
3 2 0 1126 
3 2 0 1124 
3 2 0 1125 
3 2 0 1141 
3 2 0 1139 
3 2 0 1129 
3 2 0 1138 
3 2 0 1130 
3 2 0 1137 
3 2 0 1131 
3 2 0 1136 
3 2 0 1134 
3 2 0 1132 
3 2 0 1133 
3 2 0 1135 
3 2 0 1140 
1 0 
1 0 
1 0 
2 3 1176 1177 0 
1 0 
2 3 1178 1179 0 
2 3 1175 1180 0 
1 0 
2 3 1181 1182 0 
3 2 0 1183 
3 2 0 1181 
3 2 0 1175 
3 2 0 1180 
3 2 0 1178 
3 2 0 1176 
3 2 0 1177 
3 2 0 1179 
3 2 0 1182 
1 0 
1 0 
2 3 1193 1194 0 
1 0 
1 0 
2 3 1196 1197 0 
2 3 1195 1198 0 
1 0 
1 0 
1 0 
1 0 
1 0 
1 0 
2 3 1204 1205 0 
2 3 1203 1206 0 
2 3 1202 1207 0 
1 0 
2 3 1208 1209 0 
2 3 1201 1210 0 
2 3 1200 1211 0 
2 3 1199 1212 0 
3 2 0 1213 
3 2 0 1199 
3 2 0 1195 
3 2 0 1193 
3 2 0 1194 
3 2 0 1198 
3 2 0 1196 
3 2 0 1197 
3 2 0 1212 
3 2 0 1200 
3 2 0 1211 
3 2 0 1201 
3 2 0 1210 
3 2 0 1208 
3 2 0 1202 
3 2 0 1207 
3 2 0 1203 
3 2 0 1206 
3 2 0 1204 
3 2 0 1205 
3 2 0 1209 
1 0 
1 0 
1 0 
1 0 
1 0 
1 0 
2 3 1239 1240 0 
2 3 1238 1241 0 
2 3 1237 1242 0 
2 3 1236 1243 0 
2 3 1235 1244 0 
1 0 
1 0 
1 0 
1 0 
1 0 
1 0 
2 3 1250 1251 0 
2 3 1249 1252 0 
1 0 
1 0 
1 0 
2 3 1255 1256 0 
2 3 1254 1257 0 
2 3 1253 1258 0 
1 0 
2 3 1259 1260 0 
1 0 
1 0 
2 3 1262 1263 0 
1 0 
2 3 1264 1265 0 
1 0 
1 0 
2 3 1267 1268 0 
2 3 1266 1269 0 
2 3 1261 1270 0 
2 3 1248 1271 0 
2 3 1247 1272 0 
2 3 1246 1273 0 
2 3 1245 1274 0 
3 2 0 1275 
3 2 0 1245 
3 2 0 1235 
3 2 0 1244 
3 2 0 1236 
3 2 0 1243 
3 2 0 1237 
3 2 0 1242 
3 2 0 1238 
3 2 0 1241 
3 2 0 1239 
3 2 0 1240 
3 2 0 1274 
3 2 0 1246 
3 2 0 1273 
3 2 0 1247 
3 2 0 1272 
3 2 0 1248 
3 2 0 1271 
3 2 0 1261 
3 2 0 1259 
3 2 0 1253 
3 2 0 1249 
3 2 0 1252 
3 2 0 1250 
3 2 0 1251 
3 2 0 1258 
3 2 0 1254 
3 2 0 1257 
3 2 0 1255 
3 2 0 1256 
3 2 0 1260 
3 2 0 1270 
3 2 0 1266 
3 2 0 1264 
3 2 0 1262 
3 2 0 1263 
3 2 0 1265 
3 2 0 1269 
3 2 0 1267 
3 2 0 1268 
1 0 
1 0 
2 3 1317 1318 0 
1 0 
2 3 1319 1320 0 
1 0 
1 0 
2 3 1322 1323 0 
2 3 1321 1324 0 
1 0 
1 0 
1 0 
2 3 1327 1328 0 
2 3 1326 1329 0 
1 0 
1 0 
1 0 
1 0 
1 0 
2 3 1334 1335 0 
2 3 1333 1336 0 
2 3 1332 1337 0 
1 0 
1 0 
1 0 
2 3 1340 1341 0 
2 3 1339 1342 0 
2 3 1338 1343 0 
2 3 1331 1344 0 
2 3 1330 1345 0 
1 0 
1 0 
1 0 
1 0 
1 0 
1 0 
1 0 
1 0 
1 0 
2 3 1354 1355 0 
2 3 1353 1356 0 
2 3 1352 1357 0 
2 3 1351 1358 0 
2 3 1350 1359 0 
2 3 1349 1360 0 
1 0 
1 0 
1 0 
1 0 
2 3 1364 1365 0 
2 3 1363 1366 0 
2 3 1362 1367 0 
2 3 1361 1368 0 
2 3 1348 1369 0 
2 3 1347 1370 0 
2 3 1346 1371 0 
1 0 
2 3 1372 1373 0 
2 3 1325 1374 0 
3 2 0 1375 
3 2 0 1325 
3 2 0 1321 
3 2 0 1319 
3 2 0 1317 
3 2 0 1318 
3 2 0 1320 
3 2 0 1324 
3 2 0 1322 
3 2 0 1323 
3 2 0 1374 
3 2 0 1372 
3 2 0 1346 
3 2 0 1330 
3 2 0 1326 
3 2 0 1329 
3 2 0 1327 
3 2 0 1328 
3 2 0 1345 
3 2 0 1331 
3 2 0 1344 
3 2 0 1338 
3 2 0 1332 
3 2 0 1337 
3 2 0 1333 
3 2 0 1336 
3 2 0 1334 
3 2 0 1335 
3 2 0 1343 
3 2 0 1339 
3 2 0 1342 
3 2 0 1340 
3 2 0 1341 
3 2 0 1371 
3 2 0 1347 
3 2 0 1370 
3 2 0 1348 
3 2 0 1369 
3 2 0 1361 
3 2 0 1349 
3 2 0 1360 
3 2 0 1350 
3 2 0 1359 
3 2 0 1351 
3 2 0 1358 
3 2 0 1352 
3 2 0 1357 
3 2 0 1353 
3 2 0 1356 
3 2 0 1354 
3 2 0 1355 
3 2 0 1368 
3 2 0 1362 
3 2 0 1367 
3 2 0 1363 
3 2 0 1366 
3 2 0 1364 
3 2 0 1365 
3 2 0 1373 
1 0 
1 0 
1 0 
1 0 
1 0 
1 0 
1 0 
2 3 1440 1441 0 
1 0 
1 0 
2 3 1443 1444 0 
1 0 
1 0 
1 0 
2 3 1447 1448 0 
2 3 1446 1449 0 
2 3 1445 1450 0 
2 3 1442 1451 0 
2 3 1439 1452 0 
2 3 1438 1453 0 
2 3 1437 1454 0 
2 3 1436 1455 0 
1 0 
2 3 1456 1457 0 
2 3 1435 1458 0 
3 2 0 1459 
3 2 0 1435 
3 2 0 1458 
3 2 0 1456 
3 2 0 1436 
3 2 0 1455 
3 2 0 1437 
3 2 0 1454 
3 2 0 1438 
3 2 0 1453 
3 2 0 1439 
3 2 0 1452 
3 2 0 1442 
3 2 0 1440 
3 2 0 1441 
3 2 0 1451 
3 2 0 1445 
3 2 0 1443 
3 2 0 1444 
3 2 0 1450 
3 2 0 1446 
3 2 0 1449 
3 2 0 1447 
3 2 0 1448 
3 2 0 1457 
1 0 
1 0 
1 0 
1 0 
1 0 
1 0 
1 0 
1 0 
1 0 
1 0 
1 0 
2 3 1494 1495 0 
2 3 1493 1496 0 
2 3 1492 1497 0 
2 3 1491 1498 0 
2 3 1490 1499 0 
2 3 1489 1500 0 
2 3 1488 1501 0 
2 3 1487 1502 0 
2 3 1486 1503 0 
1 0 
2 3 1504 1505 0 
2 3 1485 1506 0 
3 2 0 1507 
3 2 0 1485 
3 2 0 1506 
3 2 0 1504 
3 2 0 1486 
3 2 0 1503 
3 2 0 1487 
3 2 0 1502 
3 2 0 1488 
3 2 0 1501 
3 2 0 1489 
3 2 0 1500 
3 2 0 1490 
3 2 0 1499 
3 2 0 1491 
3 2 0 1498 
3 2 0 1492 
3 2 0 1497 
3 2 0 1493 
3 2 0 1496 
3 2 0 1494 
3 2 0 1495 
3 2 0 1505 
1 0 
1 0 
1 0 
2 3 1532 1533 0 
1 0 
1 0 
1 0 
2 3 1536 1537 0 
1 0 
1 0 
1 0 
2 3 1540 1541 0 
1 0 
2 3 1542 1543 0 
2 3 1539 1544 0 
2 3 1538 1545 0 
1 0 
1 0 
1 0 
1 0 
2 3 1549 1550 0 
2 3 1548 1551 0 
2 3 1547 1552 0 
2 3 1546 1553 0 
1 0 
1 0 
1 0 
2 3 1556 1557 0 
2 3 1555 1558 0 
1 0 
1 0 
1 0 
1 0 
2 3 1562 1563 0 
2 3 1561 1564 0 
1 0 
1 0 
2 3 1566 1567 0 
2 3 1565 1568 0 
2 3 1560 1569 0 
2 3 1559 1570 0 
2 3 1554 1571 0 
2 3 1535 1572 0 
2 3 1534 1573 0 
1 0 
2 3 1574 1575 0 
2 3 1531 1576 0 
3 2 0 1577 
3 2 0 1531 
3 2 0 1576 
3 2 0 1574 
3 2 0 1534 
3 2 0 1532 
3 2 0 1533 
3 2 0 1573 
3 2 0 1535 
3 2 0 1572 
3 2 0 1554 
3 2 0 1546 
3 2 0 1538 
3 2 0 1536 
3 2 0 1537 
3 2 0 1545 
3 2 0 1539 
3 2 0 1544 
3 2 0 1542 
3 2 0 1540 
3 2 0 1541 
3 2 0 1543 
3 2 0 1553 
3 2 0 1547 
3 2 0 1552 
3 2 0 1548 
3 2 0 1551 
3 2 0 1549 
3 2 0 1550 
3 2 0 1571 
3 2 0 1559 
3 2 0 1555 
3 2 0 1558 
3 2 0 1556 
3 2 0 1557 
3 2 0 1570 
3 2 0 1560 
3 2 0 1569 
3 2 0 1565 
3 2 0 1561 
3 2 0 1564 
3 2 0 1562 
3 2 0 1563 
3 2 0 1568 
3 2 0 1566 
3 2 0 1567 
3 2 0 1575 
1 0 
1 0 
1 0 
1 0 
1 0 
1 0 
2 3 1629 1630 0 
1 0 
2 3 1631 1632 0 
1 0 
2 3 1633 1634 0 
2 3 1628 1635 0 
2 3 1627 1636 0 
2 3 1626 1637 0 
2 3 1625 1638 0 
1 0 
1 0 
1 0 
1 0 
1 0 
1 0 
1 0 
2 3 1645 1646 0 
1 0 
2 3 1647 1648 0 
1 0 
1 0 
1 0 
2 3 1651 1652 0 
2 3 1650 1653 0 
2 3 1649 1654 0 
2 3 1644 1655 0 
2 3 1643 1656 0 
2 3 1642 1657 0 
2 3 1641 1658 0 
1 0 
2 3 1659 1660 0 
2 3 1640 1661 0 
2 3 1639 1662 0 
3 2 0 1663 
3 2 0 1639 
3 2 0 1625 
3 2 0 1638 
3 2 0 1626 
3 2 0 1637 
3 2 0 1627 
3 2 0 1636 
3 2 0 1628 
3 2 0 1635 
3 2 0 1633 
3 2 0 1631 
3 2 0 1629 
3 2 0 1630 
3 2 0 1632 
3 2 0 1634 
3 2 0 1662 
3 2 0 1640 
3 2 0 1661 
3 2 0 1659 
3 2 0 1641 
3 2 0 1658 
3 2 0 1642 
3 2 0 1657 
3 2 0 1643 
3 2 0 1656 
3 2 0 1644 
3 2 0 1655 
3 2 0 1649 
3 2 0 1647 
3 2 0 1645 
3 2 0 1646 
3 2 0 1648 
3 2 0 1654 
3 2 0 1650 
3 2 0 1653 
3 2 0 1651 
3 2 0 1652 
3 2 0 1660 
1 0 
1 0 
1 0 
2 3 1704 1705 0 
2 3 1703 1706 0 
1 0 
2 3 1707 1708 0 
1 0 
1 0 
1 0 
1 0 
2 3 1712 1713 0 
2 3 1711 1714 0 
2 3 1710 1715 0 
1 0 
1 0 
1 0 
1 0 
2 3 1719 1720 0 
1 0 
2 3 1721 1722 0 
2 3 1718 1723 0 
2 3 1717 1724 0 
2 3 1716 1725 0 
2 3 1709 1726 0 
1 0 
1 0 
1 0 
1 0 
1 0 
2 3 1731 1732 0 
2 3 1730 1733 0 
1 0 
2 3 1734 1735 0 
2 3 1729 1736 0 
2 3 1728 1737 0 
1 0 
2 3 1738 1739 0 
1 0 
1 0 
1 0 
2 3 1742 1743 0 
2 3 1741 1744 0 
1 0 
1 0 
1 0 
2 3 1747 1748 0 
2 3 1746 1749 0 
2 3 1745 1750 0 
2 3 1740 1751 0 
1 0 
2 3 1752 1753 0 
2 3 1727 1754 0 
3 2 0 1755 
3 2 0 1727 
3 2 0 1709 
3 2 0 1707 
3 2 0 1703 
3 2 0 1706 
3 2 0 1704 
3 2 0 1705 
3 2 0 1708 
3 2 0 1726 
3 2 0 1716 
3 2 0 1710 
3 2 0 1715 
3 2 0 1711 
3 2 0 1714 
3 2 0 1712 
3 2 0 1713 
3 2 0 1725 
3 2 0 1717 
3 2 0 1724 
3 2 0 1718 
3 2 0 1723 
3 2 0 1721 
3 2 0 1719 
3 2 0 1720 
3 2 0 1722 
3 2 0 1754 
3 2 0 1752 
3 2 0 1740 
3 2 0 1738 
3 2 0 1728 
3 2 0 1737 
3 2 0 1729 
3 2 0 1736 
3 2 0 1734 
3 2 0 1730 
3 2 0 1733 
3 2 0 1731 
3 2 0 1732 
3 2 0 1735 
3 2 0 1739 
3 2 0 1751 
3 2 0 1745 
3 2 0 1741 
3 2 0 1744 
3 2 0 1742 
3 2 0 1743 
3 2 0 1750 
3 2 0 1746 
3 2 0 1749 
3 2 0 1747 
3 2 0 1748 
3 2 0 1753 
1 0 
1 0 
1 0 
2 3 1810 1811 0 
2 3 1809 1812 0 
1 0 
1 0 
1 0 
1 0 
2 3 1816 1817 0 
2 3 1815 1818 0 
1 0 
1 0 
1 0 
2 3 1821 1822 0 
1 0 
1 0 
1 0 
1 0 
1 0 
2 3 1827 1828 0 
1 0 
1 0 
2 3 1830 1831 0 
2 3 1829 1832 0 
1 0 
2 3 1833 1834 0 
1 0 
1 0 
2 3 1836 1837 0 
1 0 
1 0 
1 0 
1 0 
1 0 
1 0 
1 0 
2 3 1844 1845 0 
2 3 1843 1846 0 
2 3 1842 1847 0 
2 3 1841 1848 0 
2 3 1840 1849 0 
2 3 1839 1850 0 
2 3 1838 1851 0 
2 3 1835 1852 0 
2 3 1826 1853 0 
2 3 1825 1854 0 
2 3 1824 1855 0 
2 3 1823 1856 0 
2 3 1820 1857 0 
2 3 1819 1858 0 
2 3 1814 1859 0 
2 3 1813 1860 0 
1 0 
1 0 
1 0 
1 0 
1 0 
1 0 
2 3 1866 1867 0 
2 3 1865 1868 0 
2 3 1864 1869 0 
2 3 1863 1870 0 
2 3 1862 1871 0 
1 0 
2 3 1872 1873 0 
2 3 1861 1874 0 
3 2 0 1875 
3 2 0 1861 
3 2 0 1813 
3 2 0 1809 
3 2 0 1812 
3 2 0 1810 
3 2 0 1811 
3 2 0 1860 
3 2 0 1814 
3 2 0 1859 
3 2 0 1819 
3 2 0 1815 
3 2 0 1818 
3 2 0 1816 
3 2 0 1817 
3 2 0 1858 
3 2 0 1820 
3 2 0 1857 
3 2 0 1823 
3 2 0 1821 
3 2 0 1822 
3 2 0 1856 
3 2 0 1824 
3 2 0 1855 
3 2 0 1825 
3 2 0 1854 
3 2 0 1826 
3 2 0 1853 
3 2 0 1835 
3 2 0 1833 
3 2 0 1829 
3 2 0 1827 
3 2 0 1828 
3 2 0 1832 
3 2 0 1830 
3 2 0 1831 
3 2 0 1834 
3 2 0 1852 
3 2 0 1838 
3 2 0 1836 
3 2 0 1837 
3 2 0 1851 
3 2 0 1839 
3 2 0 1850 
3 2 0 1840 
3 2 0 1849 
3 2 0 1841 
3 2 0 1848 
3 2 0 1842 
3 2 0 1847 
3 2 0 1843 
3 2 0 1846 
3 2 0 1844 
3 2 0 1845 
3 2 0 1874 
3 2 0 1872 
3 2 0 1862 
3 2 0 1871 
3 2 0 1863 
3 2 0 1870 
3 2 0 1864 
3 2 0 1869 
3 2 0 1865 
3 2 0 1868 
3 2 0 1866 
3 2 0 1867 
3 2 0 1873 
1 0 
1 0 
2 3 1943 1944 0 
3 2 0 1945 
3 2 0 1943 
3 2 0 1944 
1 0 
1 0 
1 0 
2 3 1950 1951 0 
2 3 1949 1952 0 
1 0 
1 0 
1 0 
2 3 1955 1956 0 
2 3 1954 1957 0 
1 0 
1 0 
1 0 
2 3 1960 1961 0 
1 0 
1 0 
2 3 1963 1964 0 
2 3 1962 1965 0 
1 0 
1 0 
2 3 1967 1968 0 
2 3 1966 1969 0 
2 3 1959 1970 0 
2 3 1958 1971 0 
1 0 
2 3 1972 1973 0 
2 3 1953 1974 0 
3 2 0 1975 
3 2 0 1953 
3 2 0 1949 
3 2 0 1952 
3 2 0 1950 
3 2 0 1951 
3 2 0 1974 
3 2 0 1972 
3 2 0 1958 
3 2 0 1954 
3 2 0 1957 
3 2 0 1955 
3 2 0 1956 
3 2 0 1971 
3 2 0 1959 
3 2 0 1970 
3 2 0 1966 
3 2 0 1962 
3 2 0 1960 
3 2 0 1961 
3 2 0 1965 
3 2 0 1963 
3 2 0 1964 
3 2 0 1969 
3 2 0 1967 
3 2 0 1968 
3 2 0 1973 
1 0 
1 0 
1 0 
1 0 
1 0 
1 0 
2 3 2007 2008 0 
2 3 2006 2009 0 
2 3 2005 2010 0 
1 0 
1 0 
1 0 
1 0 
2 3 2014 2015 0 
2 3 2013 2016 0 
1 0 
2 3 2017 2018 0 
2 3 2012 2019 0 
2 3 2011 2020 0 
1 0 
2 3 2021 2022 0 
1 0 
1 0 
1 0 
1 0 
2 3 2026 2027 0 
2 3 2025 2028 0 
2 3 2024 2029 0 
2 3 2023 2030 0 
1 0 
2 3 2031 2032 0 
1 0 
2 3 2033 2034 0 
1 0 
1 0 
2 3 2036 2037 0 
2 3 2035 2038 0 
2 3 2004 2039 0 
2 3 2003 2040 0 
1 0 
1 0 
1 0 
1 0 
2 3 2044 2045 0 
1 0 
1 0 
1 0 
1 0 
2 3 2049 2050 0 
1 0 
1 0 
2 3 2052 2053 0 
2 3 2051 2054 0 
1 0 
2 3 2055 2056 0 
2 3 2048 2057 0 
2 3 2047 2058 0 
2 3 2046 2059 0 
2 3 2043 2060 0 
2 3 2042 2061 0 
2 3 2041 2062 0 
1 0 
2 3 2063 2064 0 
3 2 0 2065 
3 2 0 2063 
3 2 0 2041 
3 2 0 2003 
3 2 0 2040 
3 2 0 2004 
3 2 0 2039 
3 2 0 2035 
3 2 0 2033 
3 2 0 2031 
3 2 0 2023 
3 2 0 2021 
3 2 0 2011 
3 2 0 2005 
3 2 0 2010 
3 2 0 2006 
3 2 0 2009 
3 2 0 2007 
3 2 0 2008 
3 2 0 2020 
3 2 0 2012 
3 2 0 2019 
3 2 0 2017 
3 2 0 2013 
3 2 0 2016 
3 2 0 2014 
3 2 0 2015 
3 2 0 2018 
3 2 0 2022 
3 2 0 2030 
3 2 0 2024 
3 2 0 2029 
3 2 0 2025 
3 2 0 2028 
3 2 0 2026 
3 2 0 2027 
3 2 0 2032 
3 2 0 2034 
3 2 0 2038 
3 2 0 2036 
3 2 0 2037 
3 2 0 2062 
3 2 0 2042 
3 2 0 2061 
3 2 0 2043 
3 2 0 2060 
3 2 0 2046 
3 2 0 2044 
3 2 0 2045 
3 2 0 2059 
3 2 0 2047 
3 2 0 2058 
3 2 0 2048 
3 2 0 2057 
3 2 0 2055 
3 2 0 2051 
3 2 0 2049 
3 2 0 2050 
3 2 0 2054 
3 2 0 2052 
3 2 0 2053 
3 2 0 2056 
3 2 0 2064 
1 0 
1 0 
1 0 
2 3 2130 2131 0 
1 0 
2 3 2132 2133 0 
1 0 
2 3 2134 2135 0 
1 0 
1 0 
2 3 2137 2138 0 
2 3 2136 2139 0 
1 0 
2 3 2140 2141 0 
1 0 
2 3 2142 2143 0 
2 3 2129 2144 0 
1 0 
1 0 
2 3 2146 2147 0 
2 3 2145 2148 0 
1 0 
1 0 
2 3 2150 2151 0 
2 3 2149 2152 0 
3 2 0 2153 
3 2 0 2149 
3 2 0 2145 
3 2 0 2129 
3 2 0 2144 
3 2 0 2142 
3 2 0 2140 
3 2 0 2136 
3 2 0 2134 
3 2 0 2132 
3 2 0 2130 
3 2 0 2131 
3 2 0 2133 
3 2 0 2135 
3 2 0 2139 
3 2 0 2137 
3 2 0 2138 
3 2 0 2141 
3 2 0 2143 
3 2 0 2148 
3 2 0 2146 
3 2 0 2147 
3 2 0 2152 
3 2 0 2150 
3 2 0 2151 
1 0 
1 0 
1 0 
2 3 2180 2181 0 
1 0 
2 3 2182 2183 0 
1 0 
1 0 
2 3 2185 2186 0 
2 3 2184 2187 0 
2 3 2179 2188 0 
1 0 
1 0 
1 0 
1 0 
2 3 2192 2193 0 
2 3 2191 2194 0 
2 3 2190 2195 0 
1 0 
2 3 2196 2197 0 
1 0 
2 3 2198 2199 0 
1 0 
1 0 
2 3 2201 2202 0 
1 0 
1 0 
1 0 
2 3 2205 2206 0 
2 3 2204 2207 0 
1 0 
1 0 
1 0 
2 3 2210 2211 0 
2 3 2209 2212 0 
2 3 2208 2213 0 
2 3 2203 2214 0 
2 3 2200 2215 0 
1 0 
2 3 2216 2217 0 
2 3 2189 2218 0 
3 2 0 2219 
3 2 0 2189 
3 2 0 2179 
3 2 0 2188 
3 2 0 2184 
3 2 0 2182 
3 2 0 2180 
3 2 0 2181 
3 2 0 2183 
3 2 0 2187 
3 2 0 2185 
3 2 0 2186 
3 2 0 2218 
3 2 0 2216 
3 2 0 2200 
3 2 0 2198 
3 2 0 2196 
3 2 0 2190 
3 2 0 2195 
3 2 0 2191 
3 2 0 2194 
3 2 0 2192 
3 2 0 2193 
3 2 0 2197 
3 2 0 2199 
3 2 0 2215 
3 2 0 2203 
3 2 0 2201 
3 2 0 2202 
3 2 0 2214 
3 2 0 2208 
3 2 0 2204 
3 2 0 2207 
3 2 0 2205 
3 2 0 2206 
3 2 0 2213 
3 2 0 2209 
3 2 0 2212 
3 2 0 2210 
3 2 0 2211 
3 2 0 2217 
1 0 
1 0 
1 0 
1 0 
1 0 
1 0 
1 0 
2 3 2266 2267 0 
2 3 2265 2268 0 
2 3 2264 2269 0 
2 3 2263 2270 0 
2 3 2262 2271 0 
1 0 
1 0 
1 0 
1 0 
2 3 2275 2276 0 
2 3 2274 2277 0 
2 3 2273 2278 0 
2 3 2272 2279 0 
2 3 2261 2280 0 
1 0 
1 0 
1 0 
1 0 
2 3 2284 2285 0 
2 3 2283 2286 0 
1 0 
1 0 
1 0 
1 0 
1 0 
2 3 2291 2292 0 
1 0 
1 0 
2 3 2294 2295 0 
1 0 
2 3 2296 2297 0 
2 3 2293 2298 0 
2 3 2290 2299 0 
2 3 2289 2300 0 
1 0 
2 3 2301 2302 0 
1 0 
2 3 2303 2304 0 
1 0 
1 0 
1 0 
1 0 
1 0 
2 3 2309 2310 0 
1 0 
2 3 2311 2312 0 
2 3 2308 2313 0 
2 3 2307 2314 0 
2 3 2306 2315 0 
2 3 2305 2316 0 
2 3 2288 2317 0 
1 0 
2 3 2318 2319 0 
2 3 2287 2320 0 
2 3 2282 2321 0 
2 3 2281 2322 0 
3 2 0 2323 
3 2 0 2281 
3 2 0 2261 
3 2 0 2280 
3 2 0 2272 
3 2 0 2262 
3 2 0 2271 
3 2 0 2263 
3 2 0 2270 
3 2 0 2264 
3 2 0 2269 
3 2 0 2265 
3 2 0 2268 
3 2 0 2266 
3 2 0 2267 
3 2 0 2279 
3 2 0 2273 
3 2 0 2278 
3 2 0 2274 
3 2 0 2277 
3 2 0 2275 
3 2 0 2276 
3 2 0 2322 
3 2 0 2282 
3 2 0 2321 
3 2 0 2287 
3 2 0 2283 
3 2 0 2286 
3 2 0 2284 
3 2 0 2285 
3 2 0 2320 
3 2 0 2318 
3 2 0 2288 
3 2 0 2317 
3 2 0 2305 
3 2 0 2303 
3 2 0 2301 
3 2 0 2289 
3 2 0 2300 
3 2 0 2290 
3 2 0 2299 
3 2 0 2293 
3 2 0 2291 
3 2 0 2292 
3 2 0 2298 
3 2 0 2296 
3 2 0 2294 
3 2 0 2295 
3 2 0 2297 
3 2 0 2302 
3 2 0 2304 
3 2 0 2316 
3 2 0 2306 
3 2 0 2315 
3 2 0 2307 
3 2 0 2314 
3 2 0 2308 
3 2 0 2313 
3 2 0 2311 
3 2 0 2309 
3 2 0 2310 
3 2 0 2312 
3 2 0 2319 
1 0 
1 0 
1 0 
1 0 
1 0 
1 0 
1 0 
2 3 2392 2393 0 
1 0 
1 0 
1 0 
2 3 2396 2397 0 
2 3 2395 2398 0 
2 3 2394 2399 0 
1 0 
2 3 2400 2401 0 
2 3 2391 2402 0 
2 3 2390 2403 0 
2 3 2389 2404 0 
2 3 2388 2405 0 
2 3 2387 2406 0 
1 0 
1 0 
1 0 
1 0 
2 3 2410 2411 0 
2 3 2409 2412 0 
1 0 
1 0 
1 0 
1 0 
2 3 2416 2417 0 
2 3 2415 2418 0 
2 3 2414 2419 0 
2 3 2413 2420 0 
1 0 
1 0 
1 0 
1 0 
2 3 2424 2425 0 
2 3 2423 2426 0 
2 3 2422 2427 0 
2 3 2421 2428 0 
1 0 
1 0 
1 0 
1 0 
2 3 2432 2433 0 
1 0 
1 0 
2 3 2435 2436 0 
2 3 2434 2437 0 
1 0 
1 0 
1 0 
2 3 2440 2441 0 
2 3 2439 2442 0 
2 3 2438 2443 0 
2 3 2431 2444 0 
2 3 2430 2445 0 
2 3 2429 2446 0 
2 3 2408 2447 0 
1 0 
2 3 2448 2449 0 
2 3 2407 2450 0 
3 2 0 2451 
3 2 0 2407 
3 2 0 2387 
3 2 0 2406 
3 2 0 2388 
3 2 0 2405 
3 2 0 2389 
3 2 0 2404 
3 2 0 2390 
3 2 0 2403 
3 2 0 2391 
3 2 0 2402 
3 2 0 2400 
3 2 0 2394 
3 2 0 2392 
3 2 0 2393 
3 2 0 2399 
3 2 0 2395 
3 2 0 2398 
3 2 0 2396 
3 2 0 2397 
3 2 0 2401 
3 2 0 2450 
3 2 0 2448 
3 2 0 2408 
3 2 0 2447 
3 2 0 2429 
3 2 0 2421 
3 2 0 2413 
3 2 0 2409 
3 2 0 2412 
3 2 0 2410 
3 2 0 2411 
3 2 0 2420 
3 2 0 2414 
3 2 0 2419 
3 2 0 2415 
3 2 0 2418 
3 2 0 2416 
3 2 0 2417 
3 2 0 2428 
3 2 0 2422 
3 2 0 2427 
3 2 0 2423 
3 2 0 2426 
3 2 0 2424 
3 2 0 2425 
3 2 0 2446 
3 2 0 2430 
3 2 0 2445 
3 2 0 2431 
3 2 0 2444 
3 2 0 2438 
3 2 0 2434 
3 2 0 2432 
3 2 0 2433 
3 2 0 2437 
3 2 0 2435 
3 2 0 2436 
3 2 0 2443 
3 2 0 2439 
3 2 0 2442 
3 2 0 2440 
3 2 0 2441 
3 2 0 2449 
1 0 
1 0 
1 0 
1 0 
1 0 
1 0 
1 0 
2 3 2522 2523 0 
1 0 
1 0 
1 0 
1 0 
1 0 
2 3 2528 2529 0 
2 3 2527 2530 0 
2 3 2526 2531 0 
2 3 2525 2532 0 
2 3 2524 2533 0 
1 0 
1 0 
1 0 
1 0 
1 0 
2 3 2538 2539 0 
2 3 2537 2540 0 
2 3 2536 2541 0 
2 3 2535 2542 0 
2 3 2534 2543 0 
2 3 2521 2544 0 
2 3 2520 2545 0 
2 3 2519 2546 0 
2 3 2518 2547 0 
1 0 
2 3 2548 2549 0 
2 3 2517 2550 0 
3 2 0 2551 
3 2 0 2517 
3 2 0 2550 
3 2 0 2548 
3 2 0 2518 
3 2 0 2547 
3 2 0 2519 
3 2 0 2546 
3 2 0 2520 
3 2 0 2545 
3 2 0 2521 
3 2 0 2544 
3 2 0 2534 
3 2 0 2524 
3 2 0 2522 
3 2 0 2523 
3 2 0 2533 
3 2 0 2525 
3 2 0 2532 
3 2 0 2526 
3 2 0 2531 
3 2 0 2527 
3 2 0 2530 
3 2 0 2528 
3 2 0 2529 
3 2 0 2543 
3 2 0 2535 
3 2 0 2542 
3 2 0 2536 
3 2 0 2541 
3 2 0 2537 
3 2 0 2540 
3 2 0 2538 
3 2 0 2539 
3 2 0 2549 
1 0 
1 0 
1 0 
1 0 
1 0 
1 0 
1 0 
2 3 2592 2593 0 
2 3 2591 2594 0 
1 0 
1 0 
1 0 
1 0 
1 0 
1 0 
2 3 2600 2601 0 
1 0 
2 3 2602 2603 0 
2 3 2599 2604 0 
2 3 2598 2605 0 
2 3 2597 2606 0 
1 0 
1 0 
1 0 
1 0 
2 3 2610 2611 0 
2 3 2609 2612 0 
1 0 
1 0 
1 0 
1 0 
1 0 
2 3 2617 2618 0 
2 3 2616 2619 0 
2 3 2615 2620 0 
2 3 2614 2621 0 
2 3 2613 2622 0 
2 3 2608 2623 0 
2 3 2607 2624 0 
2 3 2596 2625 0 
2 3 2595 2626 0 
2 3 2590 2627 0 
1 0 
2 3 2628 2629 0 
2 3 2589 2630 0 
2 3 2588 2631 0 
2 3 2587 2632 0 
3 2 0 2633 
3 2 0 2587 
3 2 0 2632 
3 2 0 2588 
3 2 0 2631 
3 2 0 2589 
3 2 0 2630 
3 2 0 2628 
3 2 0 2590 
3 2 0 2627 
3 2 0 2595 
3 2 0 2591 
3 2 0 2594 
3 2 0 2592 
3 2 0 2593 
3 2 0 2626 
3 2 0 2596 
3 2 0 2625 
3 2 0 2607 
3 2 0 2597 
3 2 0 2606 
3 2 0 2598 
3 2 0 2605 
3 2 0 2599 
3 2 0 2604 
3 2 0 2602 
3 2 0 2600 
3 2 0 2601 
3 2 0 2603 
3 2 0 2624 
3 2 0 2608 
3 2 0 2623 
3 2 0 2613 
3 2 0 2609 
3 2 0 2612 
3 2 0 2610 
3 2 0 2611 
3 2 0 2622 
3 2 0 2614 
3 2 0 2621 
3 2 0 2615 
3 2 0 2620 
3 2 0 2616 
3 2 0 2619 
3 2 0 2617 
3 2 0 2618 
3 2 0 2629 
1 0 
1 0 
1 0 
1 0 
1 0 
2 3 2684 2685 0 
2 3 2683 2686 0 
2 3 2682 2687 0 
1 0 
1 0 
1 0 
1 0 
1 0 
1 0 
1 0 
2 3 2694 2695 0 
2 3 2693 2696 0 
2 3 2692 2697 0 
2 3 2691 2698 0 
2 3 2690 2699 0 
1 0 
1 0 
1 0 
1 0 
1 0 
2 3 2704 2705 0 
1 0 
2 3 2706 2707 0 
2 3 2703 2708 0 
2 3 2702 2709 0 
2 3 2701 2710 0 
2 3 2700 2711 0 
2 3 2689 2712 0 
2 3 2688 2713 0 
1 0 
2 3 2714 2715 0 
2 3 2681 2716 0 
3 2 0 2717 
3 2 0 2681 
3 2 0 2716 
3 2 0 2714 
3 2 0 2688 
3 2 0 2682 
3 2 0 2687 
3 2 0 2683 
3 2 0 2686 
3 2 0 2684 
3 2 0 2685 
3 2 0 2713 
3 2 0 2689 
3 2 0 2712 
3 2 0 2700 
3 2 0 2690 
3 2 0 2699 
3 2 0 2691 
3 2 0 2698 
3 2 0 2692 
3 2 0 2697 
3 2 0 2693 
3 2 0 2696 
3 2 0 2694 
3 2 0 2695 
3 2 0 2711 
3 2 0 2701 
3 2 0 2710 
3 2 0 2702 
3 2 0 2709 
3 2 0 2703 
3 2 0 2708 
3 2 0 2706 
3 2 0 2704 
3 2 0 2705 
3 2 0 2707 
3 2 0 2715 
1 0 
1 0 
1 0 
2 3 2756 2757 0 
1 0 
1 0 
1 0 
1 0 
1 0 
1 0 
1 0 
1 0 
1 0 
2 3 2766 2767 0 
2 3 2765 2768 0 
2 3 2764 2769 0 
1 0 
1 0 
1 0 
1 0 
1 0 
1 0 
1 0 
2 3 2776 2777 0 
2 3 2775 2778 0 
2 3 2774 2779 0 
1 0 
2 3 2780 2781 0 
1 0 
1 0 
2 3 2783 2784 0 
1 0 
1 0 
1 0 
2 3 2787 2788 0 
2 3 2786 2789 0 
2 3 2785 2790 0 
2 3 2782 2791 0 
1 0 
2 3 2792 2793 0 
1 0 
2 3 2794 2795 0 
1 0 
1 0 
1 0 
1 0 
2 3 2799 2800 0 
2 3 2798 2801 0 
2 3 2797 2802 0 
2 3 2796 2803 0 
2 3 2773 2804 0 
2 3 2772 2805 0 
2 3 2771 2806 0 
2 3 2770 2807 0 
2 3 2763 2808 0 
2 3 2762 2809 0 
2 3 2761 2810 0 
2 3 2760 2811 0 
2 3 2759 2812 0 
2 3 2758 2813 0 
1 0 
2 3 2814 2815 0 
2 3 2755 2816 0 
3 2 0 2817 
3 2 0 2755 
3 2 0 2816 
3 2 0 2814 
3 2 0 2758 
3 2 0 2756 
3 2 0 2757 
3 2 0 2813 
3 2 0 2759 
3 2 0 2812 
3 2 0 2760 
3 2 0 2811 
3 2 0 2761 
3 2 0 2810 
3 2 0 2762 
3 2 0 2809 
3 2 0 2763 
3 2 0 2808 
3 2 0 2770 
3 2 0 2764 
3 2 0 2769 
3 2 0 2765 
3 2 0 2768 
3 2 0 2766 
3 2 0 2767 
3 2 0 2807 
3 2 0 2771 
3 2 0 2806 
3 2 0 2772 
3 2 0 2805 
3 2 0 2773 
3 2 0 2804 
3 2 0 2796 
3 2 0 2794 
3 2 0 2792 
3 2 0 2782 
3 2 0 2780 
3 2 0 2774 
3 2 0 2779 
3 2 0 2775 
3 2 0 2778 
3 2 0 2776 
3 2 0 2777 
3 2 0 2781 
3 2 0 2791 
3 2 0 2785 
3 2 0 2783 
3 2 0 2784 
3 2 0 2790 
3 2 0 2786 
3 2 0 2789 
3 2 0 2787 
3 2 0 2788 
3 2 0 2793 
3 2 0 2795 
3 2 0 2803 
3 2 0 2797 
3 2 0 2802 
3 2 0 2798 
3 2 0 2801 
3 2 0 2799 
3 2 0 2800 
3 2 0 2815 
1 0 
1 0 
2 3 2881 2882 0 
1 0 
2 3 2883 2884 0 
1 0 
1 0 
1 0 
1 0 
2 3 2888 2889 0 
1 0 
1 0 
1 0 
2 3 2892 2893 0 
1 0 
1 0 
1 0 
2 3 2896 2897 0 
2 3 2895 2898 0 
2 3 2894 2899 0 
2 3 2891 2900 0 
1 0 
2 3 2901 2902 0 
1 0 
1 0 
2 3 2904 2905 0 
1 0 
1 0 
2 3 2907 2908 0 
2 3 2906 2909 0 
2 3 2903 2910 0 
2 3 2890 2911 0 
2 3 2887 2912 0 
2 3 2886 2913 0 
1 0 
2 3 2914 2915 0 
2 3 2885 2916 0 
3 2 0 2917 
3 2 0 2885 
3 2 0 2883 
3 2 0 2881 
3 2 0 2882 
3 2 0 2884 
3 2 0 2916 
3 2 0 2914 
3 2 0 2886 
3 2 0 2913 
3 2 0 2887 
3 2 0 2912 
3 2 0 2890 
3 2 0 2888 
3 2 0 2889 
3 2 0 2911 
3 2 0 2903 
3 2 0 2901 
3 2 0 2891 
3 2 0 2900 
3 2 0 2894 
3 2 0 2892 
3 2 0 2893 
3 2 0 2899 
3 2 0 2895 
3 2 0 2898 
3 2 0 2896 
3 2 0 2897 
3 2 0 2902 
3 2 0 2910 
3 2 0 2906 
3 2 0 2904 
3 2 0 2905 
3 2 0 2909 
3 2 0 2907 
3 2 0 2908 
3 2 0 2915 
1 0 
1 0 
2 3 2955 2956 0 
1 0 
1 0 
1 0 
2 3 2959 2960 0 
2 3 2958 2961 0 
1 0 
1 0 
1 0 
1 0 
2 3 2965 2966 0 
2 3 2964 2967 0 
2 3 2963 2968 0 
2 3 2962 2969 0 
2 3 2957 2970 0 
1 0 
2 3 2971 2972 0 
1 0 
1 0 
1 0 
2 3 2975 2976 0 
2 3 2974 2977 0 
1 0 
1 0 
2 3 2979 2980 0 
2 3 2978 2981 0 
1 0 
1 0 
1 0 
1 0 
2 3 2985 2986 0 
2 3 2984 2987 0 
2 3 2983 2988 0 
1 0 
1 0 
1 0 
2 3 2991 2992 0 
2 3 2990 2993 0 
2 3 2989 2994 0 
2 3 2982 2995 0 
2 3 2973 2996 0 
1 0 
2 3 2997 2998 0 
3 2 0 2999 
3 2 0 2997 
3 2 0 2973 
3 2 0 2971 
3 2 0 2957 
3 2 0 2955 
3 2 0 2956 
3 2 0 2970 
3 2 0 2962 
3 2 0 2958 
3 2 0 2961 
3 2 0 2959 
3 2 0 2960 
3 2 0 2969 
3 2 0 2963 
3 2 0 2968 
3 2 0 2964 
3 2 0 2967 
3 2 0 2965 
3 2 0 2966 
3 2 0 2972 
3 2 0 2996 
3 2 0 2982 
3 2 0 2978 
3 2 0 2974 
3 2 0 2977 
3 2 0 2975 
3 2 0 2976 
3 2 0 2981 
3 2 0 2979 
3 2 0 2980 
3 2 0 2995 
3 2 0 2989 
3 2 0 2983 
3 2 0 2988 
3 2 0 2984 
3 2 0 2987 
3 2 0 2985 
3 2 0 2986 
3 2 0 2994 
3 2 0 2990 
3 2 0 2993 
3 2 0 2991 
3 2 0 2992 
3 2 0 2998 
1 0 
1 0 
1 0 
2 3 3046 3047 0 
1 0 
2 3 3048 3049 0 
1 0 
2 3 3050 3051 0 
2 3 3045 3052 0 
1 0 
1 0 
2 3 3054 3055 0 
1 0 
1 0 
1 0 
1 0 
2 3 3059 3060 0 
1 0 
1 0 
1 0 
2 3 3063 3064 0 
2 3 3062 3065 0 
2 3 3061 3066 0 
1 0 
1 0 
2 3 3068 3069 0 
2 3 3067 3070 0 
2 3 3058 3071 0 
2 3 3057 3072 0 
2 3 3056 3073 0 
1 0 
2 3 3074 3075 0 
2 3 3053 3076 0 
3 2 0 3077 
3 2 0 3053 
3 2 0 3045 
3 2 0 3052 
3 2 0 3050 
3 2 0 3048 
3 2 0 3046 
3 2 0 3047 
3 2 0 3049 
3 2 0 3051 
3 2 0 3076 
3 2 0 3074 
3 2 0 3056 
3 2 0 3054 
3 2 0 3055 
3 2 0 3073 
3 2 0 3057 
3 2 0 3072 
3 2 0 3058 
3 2 0 3071 
3 2 0 3067 
3 2 0 3061 
3 2 0 3059 
3 2 0 3060 
3 2 0 3066 
3 2 0 3062 
3 2 0 3065 
3 2 0 3063 
3 2 0 3064 
3 2 0 3070 
3 2 0 3068 
3 2 0 3069 
3 2 0 3075 
1 0 
1 0 
1 0 
1 0 
1 0 
1 0 
1 0 
1 0 
2 3 3117 3118 0 
2 3 3116 3119 0 
2 3 3115 3120 0 
2 3 3114 3121 0 
1 0 
1 0 
1 0 
1 0 
2 3 3125 3126 0 
2 3 3124 3127 0 
2 3 3123 3128 0 
2 3 3122 3129 0 
2 3 3113 3130 0 
1 0 
2 3 3131 3132 0 
2 3 3112 3133 0 
2 3 3111 3134 0 
3 2 0 3135 
3 2 0 3111 
3 2 0 3134 
3 2 0 3112 
3 2 0 3133 
3 2 0 3131 
3 2 0 3113 
3 2 0 3130 
3 2 0 3122 
3 2 0 3114 
3 2 0 3121 
3 2 0 3115 
3 2 0 3120 
3 2 0 3116 
3 2 0 3119 
3 2 0 3117 
3 2 0 3118 
3 2 0 3129 
3 2 0 3123 
3 2 0 3128 
3 2 0 3124 
3 2 0 3127 
3 2 0 3125 
3 2 0 3126 
3 2 0 3132 
1 0 
1 0 
2 3 3161 3162 0 
1 0 
1 0 
1 0 
2 3 3165 3166 0 
1 0 
1 0 
2 3 3168 3169 0 
1 0 
1 0 
2 3 3171 3172 0 
1 0 
1 0 
1 0 
2 3 3175 3176 0 
2 3 3174 3177 0 
1 0 
1 0 
1 0 
1 0 
2 3 3181 3182 0 
1 0 
2 3 3183 3184 0 
1 0 
1 0 
2 3 3186 3187 0 
2 3 3185 3188 0 
2 3 3180 3189 0 
2 3 3179 3190 0 
2 3 3178 3191 0 
2 3 3173 3192 0 
2 3 3170 3193 0 
2 3 3167 3194 0 
2 3 3164 3195 0 
2 3 3163 3196 0 
1 0 
2 3 3197 3198 0 
3 2 0 3199 
3 2 0 3197 
3 2 0 3163 
3 2 0 3161 
3 2 0 3162 
3 2 0 3196 
3 2 0 3164 
3 2 0 3195 
3 2 0 3167 
3 2 0 3165 
3 2 0 3166 
3 2 0 3194 
3 2 0 3170 
3 2 0 3168 
3 2 0 3169 
3 2 0 3193 
3 2 0 3173 
3 2 0 3171 
3 2 0 3172 
3 2 0 3192 
3 2 0 3178 
3 2 0 3174 
3 2 0 3177 
3 2 0 3175 
3 2 0 3176 
3 2 0 3191 
3 2 0 3179 
3 2 0 3190 
3 2 0 3180 
3 2 0 3189 
3 2 0 3185 
3 2 0 3183 
3 2 0 3181 
3 2 0 3182 
3 2 0 3184 
3 2 0 3188 
3 2 0 3186 
3 2 0 3187 
3 2 0 3198 
1 0 
1 0 
1 0 
2 3 3240 3241 0 
1 0 
2 3 3242 3243 0 
1 0 
2 3 3244 3245 0 
1 0 
1 0 
2 3 3247 3248 0 
2 3 3246 3249 0 
1 0 
2 3 3250 3251 0 
1 0 
2 3 3252 3253 0 
2 3 3239 3254 0 
1 0 
1 0 
2 3 3256 3257 0 
1 0 
2 3 3258 3259 0 
2 3 3255 3260 0 
3 2 0 3261 
3 2 0 3255 
3 2 0 3239 
3 2 0 3254 
3 2 0 3252 
3 2 0 3250 
3 2 0 3246 
3 2 0 3244 
3 2 0 3242 
3 2 0 3240 
3 2 0 3241 
3 2 0 3243 
3 2 0 3245 
3 2 0 3249 
3 2 0 3247 
3 2 0 3248 
3 2 0 3251 
3 2 0 3253 
3 2 0 3260 
3 2 0 3258 
3 2 0 3256 
3 2 0 3257 
3 2 0 3259 
1 0 
1 0 
1 0 
1 0 
1 0 
1 0 
1 0 
1 0 
2 3 3291 3292 0 
2 3 3290 3293 0 
1 0 
1 0 
1 0 
2 3 3296 3297 0 
1 0 
1 0 
1 0 
2 3 3300 3301 0 
1 0 
2 3 3302 3303 0 
2 3 3299 3304 0 
2 3 3298 3305 0 
1 0 
1 0 
1 0 
1 0 
2 3 3309 3310 0 
2 3 3308 3311 0 
1 0 
1 0 
1 0 
1 0 
2 3 3315 3316 0 
1 0 
2 3 3317 3318 0 
2 3 3314 3319 0 
2 3 3313 3320 0 
2 3 3312 3321 0 
2 3 3307 3322 0 
2 3 3306 3323 0 
2 3 3295 3324 0 
2 3 3294 3325 0 
2 3 3289 3326 0 
2 3 3288 3327 0 
2 3 3287 3328 0 
2 3 3286 3329 0 
1 0 
2 3 3330 3331 0 
2 3 3285 3332 0 
3 2 0 3333 
3 2 0 3285 
3 2 0 3332 
3 2 0 3330 
3 2 0 3286 
3 2 0 3329 
3 2 0 3287 
3 2 0 3328 
3 2 0 3288 
3 2 0 3327 
3 2 0 3289 
3 2 0 3326 
3 2 0 3294 
3 2 0 3290 
3 2 0 3293 
3 2 0 3291 
3 2 0 3292 
3 2 0 3325 
3 2 0 3295 
3 2 0 3324 
3 2 0 3306 
3 2 0 3298 
3 2 0 3296 
3 2 0 3297 
3 2 0 3305 
3 2 0 3299 
3 2 0 3304 
3 2 0 3302 
3 2 0 3300 
3 2 0 3301 
3 2 0 3303 
3 2 0 3323 
3 2 0 3307 
3 2 0 3322 
3 2 0 3312 
3 2 0 3308 
3 2 0 3311 
3 2 0 3309 
3 2 0 3310 
3 2 0 3321 
3 2 0 3313 
3 2 0 3320 
3 2 0 3314 
3 2 0 3319 
3 2 0 3317 
3 2 0 3315 
3 2 0 3316 
3 2 0 3318 
3 2 0 3331 
1 0 
1 0 
1 0 
1 0 
2 3 3385 3386 0 
1 0 
1 0 
1 0 
2 3 3389 3390 0 
2 3 3388 3391 0 
1 0 
1 0 
1 0 
1 0 
1 0 
2 3 3396 3397 0 
1 0 
2 3 3398 3399 0 
1 0 
1 0 
1 0 
1 0 
2 3 3403 3404 0 
1 0 
2 3 3405 3406 0 
1 0 
2 3 3407 3408 0 
1 0 
2 3 3409 3410 0 
1 0 
1 0 
1 0 
1 0 
2 3 3414 3415 0 
2 3 3413 3416 0 
2 3 3412 3417 0 
2 3 3411 3418 0 
2 3 3402 3419 0 
2 3 3401 3420 0 
2 3 3400 3421 0 
2 3 3395 3422 0 
2 3 3394 3423 0 
2 3 3393 3424 0 
2 3 3392 3425 0 
2 3 3387 3426 0 
2 3 3384 3427 0 
1 0 
1 0 
1 0 
1 0 
1 0 
2 3 3432 3433 0 
2 3 3431 3434 0 
2 3 3430 3435 0 
1 0 
2 3 3436 3437 0 
1 0 
2 3 3438 3439 0 
2 3 3429 3440 0 
2 3 3428 3441 0 
2 3 3383 3442 0 
3 2 0 3443 
3 2 0 3383 
3 2 0 3442 
3 2 0 3428 
3 2 0 3384 
3 2 0 3427 
3 2 0 3387 
3 2 0 3385 
3 2 0 3386 
3 2 0 3426 
3 2 0 3392 
3 2 0 3388 
3 2 0 3391 
3 2 0 3389 
3 2 0 3390 
3 2 0 3425 
3 2 0 3393 
3 2 0 3424 
3 2 0 3394 
3 2 0 3423 
3 2 0 3395 
3 2 0 3422 
3 2 0 3400 
3 2 0 3398 
3 2 0 3396 
3 2 0 3397 
3 2 0 3399 
3 2 0 3421 
3 2 0 3401 
3 2 0 3420 
3 2 0 3402 
3 2 0 3419 
3 2 0 3411 
3 2 0 3409 
3 2 0 3407 
3 2 0 3405 
3 2 0 3403 
3 2 0 3404 
3 2 0 3406 
3 2 0 3408 
3 2 0 3410 
3 2 0 3418 
3 2 0 3412 
3 2 0 3417 
3 2 0 3413 
3 2 0 3416 
3 2 0 3414 
3 2 0 3415 
3 2 0 3441 
3 2 0 3429 
3 2 0 3440 
3 2 0 3438 
3 2 0 3436 
3 2 0 3430 
3 2 0 3435 
3 2 0 3431 
3 2 0 3434 
3 2 0 3432 
3 2 0 3433 
3 2 0 3437 
3 2 0 3439 
1 0 
1 0 
2 3 3505 3506 0 
3 2 0 3507 
3 2 0 3505 
3 2 0 3506 
1 0 
1 0 
1 0 
1 0 
2 3 3513 3514 0 
1 0 
1 0 
1 0 
1 0 
2 3 3518 3519 0 
1 0 
2 3 3520 3521 0 
2 3 3517 3522 0 
1 0 
1 0 
1 0 
2 3 3525 3526 0 
1 0 
1 0 
1 0 
1 0 
1 0 
2 3 3531 3532 0 
2 3 3530 3533 0 
2 3 3529 3534 0 
2 3 3528 3535 0 
2 3 3527 3536 0 
2 3 3524 3537 0 
2 3 3523 3538 0 
2 3 3516 3539 0 
2 3 3515 3540 0 
2 3 3512 3541 0 
1 0 
2 3 3542 3543 0 
2 3 3511 3544 0 
3 2 0 3545 
3 2 0 3511 
3 2 0 3544 
3 2 0 3542 
3 2 0 3512 
3 2 0 3541 
3 2 0 3515 
3 2 0 3513 
3 2 0 3514 
3 2 0 3540 
3 2 0 3516 
3 2 0 3539 
3 2 0 3523 
3 2 0 3517 
3 2 0 3522 
3 2 0 3520 
3 2 0 3518 
3 2 0 3519 
3 2 0 3521 
3 2 0 3538 
3 2 0 3524 
3 2 0 3537 
3 2 0 3527 
3 2 0 3525 
3 2 0 3526 
3 2 0 3536 
3 2 0 3528 
3 2 0 3535 
3 2 0 3529 
3 2 0 3534 
3 2 0 3530 
3 2 0 3533 
3 2 0 3531 
3 2 0 3532 
3 2 0 3543 
1 0 
1 0 
2 3 3581 3582 0 
1 0 
2 3 3583 3584 0 
1 0 
1 0 
2 3 3586 3587 0 
2 3 3585 3588 0 
1 0 
2 3 3589 3590 0 
1 0 
2 3 3591 3592 0 
1 0 
1 0 
2 3 3594 3595 0 
2 3 3593 3596 0 
1 0 
1 0 
1 0 
1 0 
2 3 3600 3601 0 
2 3 3599 3602 0 
2 3 3598 3603 0 
1 0 
2 3 3604 3605 0 
2 3 3597 3606 0 
3 2 0 3607 
3 2 0 3597 
3 2 0 3593 
3 2 0 3591 
3 2 0 3589 
3 2 0 3585 
3 2 0 3583 
3 2 0 3581 
3 2 0 3582 
3 2 0 3584 
3 2 0 3588 
3 2 0 3586 
3 2 0 3587 
3 2 0 3590 
3 2 0 3592 
3 2 0 3596 
3 2 0 3594 
3 2 0 3595 
3 2 0 3606 
3 2 0 3604 
3 2 0 3598 
3 2 0 3603 
3 2 0 3599 
3 2 0 3602 
3 2 0 3600 
3 2 0 3601 
3 2 0 3605 
1 0 
1 0 
1 0 
1 0 
2 3 3637 3638 0 
1 0 
2 3 3639 3640 0 
1 0 
2 3 3641 3642 0 
1 0 
2 3 3643 3644 0 
1 0 
2 3 3645 3646 0 
1 0 
2 3 3647 3648 0 
2 3 3636 3649 0 
1 0 
2 3 3650 3651 0 
2 3 3635 3652 0 
3 2 0 3653 
3 2 0 3635 
3 2 0 3652 
3 2 0 3650 
3 2 0 3636 
3 2 0 3649 
3 2 0 3647 
3 2 0 3645 
3 2 0 3643 
3 2 0 3641 
3 2 0 3639 
3 2 0 3637 
3 2 0 3638 
3 2 0 3640 
3 2 0 3642 
3 2 0 3644 
3 2 0 3646 
3 2 0 3648 
3 2 0 3651 
1 0 
1 0 
1 0 
2 3 3674 3675 0 
1 0 
2 3 3676 3677 0 
1 0 
2 3 3678 3679 0 
1 0 
2 3 3680 3681 0 
1 0 
1 0 
2 3 3683 3684 0 
1 0 
1 0 
2 3 3686 3687 0 
2 3 3685 3688 0 
2 3 3682 3689 0 
1 0 
2 3 3690 3691 0 
1 0 
1 0 
1 0 
1 0 
1 0 
1 0 
2 3 3697 3698 0 
2 3 3696 3699 0 
2 3 3695 3700 0 
2 3 3694 3701 0 
2 3 3693 3702 0 
2 3 3692 3703 0 
1 0 
2 3 3704 3705 0 
1 0 
1 0 
1 0 
1 0 
1 0 
2 3 3710 3711 0 
2 3 3709 3712 0 
2 3 3708 3713 0 
2 3 3707 3714 0 
1 0 
2 3 3715 3716 0 
2 3 3706 3717 0 
2 3 3673 3718 0 
3 2 0 3719 
3 2 0 3673 
3 2 0 3718 
3 2 0 3706 
3 2 0 3704 
3 2 0 3692 
3 2 0 3690 
3 2 0 3682 
3 2 0 3680 
3 2 0 3678 
3 2 0 3676 
3 2 0 3674 
3 2 0 3675 
3 2 0 3677 
3 2 0 3679 
3 2 0 3681 
3 2 0 3689 
3 2 0 3685 
3 2 0 3683 
3 2 0 3684 
3 2 0 3688 
3 2 0 3686 
3 2 0 3687 
3 2 0 3691 
3 2 0 3703 
3 2 0 3693 
3 2 0 3702 
3 2 0 3694 
3 2 0 3701 
3 2 0 3695 
3 2 0 3700 
3 2 0 3696 
3 2 0 3699 
3 2 0 3697 
3 2 0 3698 
3 2 0 3705 
3 2 0 3717 
3 2 0 3715 
3 2 0 3707 
3 2 0 3714 
3 2 0 3708 
3 2 0 3713 
3 2 0 3709 
3 2 0 3712 
3 2 0 3710 
3 2 0 3711 
3 2 0 3716 
1 0 
1 0 
1 0 
2 3 3768 3769 0 
2 3 3767 3770 0 
1 0 
1 0 
1 0 
2 3 3773 3774 0 
2 3 3772 3775 0 
2 3 3771 3776 0 
1 0 
2 3 3777 3778 0 
1 0 
1 0 
1 0 
1 0 
1 0 
2 3 3783 3784 0 
2 3 3782 3785 0 
2 3 3781 3786 0 
1 0 
2 3 3787 3788 0 
1 0 
2 3 3789 3790 0 
1 0 
1 0 
1 0 
2 3 3793 3794 0 
2 3 3792 3795 0 
2 3 3791 3796 0 
2 3 3780 3797 0 
2 3 3779 3798 0 
1 0 
2 3 3799 3800 0 
3 2 0 3801 
3 2 0 3799 
3 2 0 3779 
3 2 0 3777 
3 2 0 3771 
3 2 0 3767 
3 2 0 3770 
3 2 0 3768 
3 2 0 3769 
3 2 0 3776 
3 2 0 3772 
3 2 0 3775 
3 2 0 3773 
3 2 0 3774 
3 2 0 3778 
3 2 0 3798 
3 2 0 3780 
3 2 0 3797 
3 2 0 3791 
3 2 0 3789 
3 2 0 3787 
3 2 0 3781 
3 2 0 3786 
3 2 0 3782 
3 2 0 3785 
3 2 0 3783 
3 2 0 3784 
3 2 0 3788 
3 2 0 3790 
3 2 0 3796 
3 2 0 3792 
3 2 0 3795 
3 2 0 3793 
3 2 0 3794 
3 2 0 3800 
1 0 
1 0 
1 0 
1 0 
1 0 
1 0 
2 3 3841 3842 0 
2 3 3840 3843 0 
2 3 3839 3844 0 
2 3 3838 3845 0 
1 0 
2 3 3846 3847 0 
2 3 3837 3848 0 
3 2 0 3849 
3 2 0 3837 
3 2 0 3848 
3 2 0 3846 
3 2 0 3838 
3 2 0 3845 
3 2 0 3839 
3 2 0 3844 
3 2 0 3840 
3 2 0 3843 
3 2 0 3841 
3 2 0 3842 
3 2 0 3847 
1 0 
1 0 
2 3 3863 3864 0 
1 0 
1 0 
1 0 
1 0 
1 0 
1 0 
1 0 
1 0 
1 0 
2 3 3873 3874 0 
2 3 3872 3875 0 
1 0 
2 3 3876 3877 0 
2 3 3871 3878 0 
2 3 3870 3879 0 
2 3 3869 3880 0 
1 0 
1 0 
1 0 
1 0 
1 0 
1 0 
1 0 
1 0 
2 3 3888 3889 0 
2 3 3887 3890 0 
2 3 3886 3891 0 
2 3 3885 3892 0 
2 3 3884 3893 0 
2 3 3883 3894 0 
2 3 3882 3895 0 
2 3 3881 3896 0 
2 3 3868 3897 0 
2 3 3867 3898 0 
2 3 3866 3899 0 
1 0 
2 3 3900 3901 0 
2 3 3865 3902 0 
3 2 0 3903 
3 2 0 3865 
3 2 0 3863 
3 2 0 3864 
3 2 0 3902 
3 2 0 3900 
3 2 0 3866 
3 2 0 3899 
3 2 0 3867 
3 2 0 3898 
3 2 0 3868 
3 2 0 3897 
3 2 0 3881 
3 2 0 3869 
3 2 0 3880 
3 2 0 3870 
3 2 0 3879 
3 2 0 3871 
3 2 0 3878 
3 2 0 3876 
3 2 0 3872 
3 2 0 3875 
3 2 0 3873 
3 2 0 3874 
3 2 0 3877 
3 2 0 3896 
3 2 0 3882 
3 2 0 3895 
3 2 0 3883 
3 2 0 3894 
3 2 0 3884 
3 2 0 3893 
3 2 0 3885 
3 2 0 3892 
3 2 0 3886 
3 2 0 3891 
3 2 0 3887 
3 2 0 3890 
3 2 0 3888 
3 2 0 3889 
3 2 0 3901 
1 0 
1 0 
1 0 
1 0 
1 0 
1 0 
1 0 
2 3 3950 3951 0 
2 3 3949 3952 0 
1 0 
1 0 
2 3 3954 3955 0 
2 3 3953 3956 0 
2 3 3948 3957 0 
2 3 3947 3958 0 
2 3 3946 3959 0 
1 0 
2 3 3960 3961 0 
2 3 3945 3962 0 
3 2 0 3963 
3 2 0 3945 
3 2 0 3962 
3 2 0 3960 
3 2 0 3946 
3 2 0 3959 
3 2 0 3947 
3 2 0 3958 
3 2 0 3948 
3 2 0 3957 
3 2 0 3953 
3 2 0 3949 
3 2 0 3952 
3 2 0 3950 
3 2 0 3951 
3 2 0 3956 
3 2 0 3954 
3 2 0 3955 
3 2 0 3961 
1 0 
1 0 
1 0 
1 0 
2 3 3985 3986 0 
1 0 
2 3 3987 3988 0 
2 3 3984 3989 0 
2 3 3983 3990 0 
1 0 
2 3 3991 3992 0 
3 2 0 3993 
3 2 0 3991 
3 2 0 3983 
3 2 0 3990 
3 2 0 3984 
3 2 0 3989 
3 2 0 3987 
3 2 0 3985 
3 2 0 3986 
3 2 0 3988 
3 2 0 3992 
1 0 
1 0 
1 0 
1 0 
1 0 
1 0 
2 3 4009 4010 0 
2 3 4008 4011 0 
2 3 4007 4012 0 
1 0 
2 3 4013 4014 0 
2 3 4006 4015 0 
2 3 4005 4016 0 
1 0 
2 3 4017 4018 0 
1 0 
1 0 
1 0 
1 0 
1 0 
1 0 
1 0 
1 0 
2 3 4026 4027 0 
2 3 4025 4028 0 
1 0 
1 0 
1 0 
2 3 4031 4032 0 
2 3 4030 4033 0 
2 3 4029 4034 0 
2 3 4024 4035 0 
2 3 4023 4036 0 
2 3 4022 4037 0 
1 0 
2 3 4038 4039 0 
1 0 
1 0 
1 0 
1 0 
1 0 
2 3 4044 4045 0 
2 3 4043 4046 0 
1 0 
1 0 
2 3 4048 4049 0 
1 0 
2 3 4050 4051 0 
2 3 4047 4052 0 
2 3 4042 4053 0 
2 3 4041 4054 0 
2 3 4040 4055 0 
2 3 4021 4056 0 
2 3 4020 4057 0 
2 3 4019 4058 0 
1 0 
2 3 4059 4060 0 
3 2 0 4061 
3 2 0 4059 
3 2 0 4019 
3 2 0 4017 
3 2 0 4005 
3 2 0 4016 
3 2 0 4006 
3 2 0 4015 
3 2 0 4013 
3 2 0 4007 
3 2 0 4012 
3 2 0 4008 
3 2 0 4011 
3 2 0 4009 
3 2 0 4010 
3 2 0 4014 
3 2 0 4018 
3 2 0 4058 
3 2 0 4020 
3 2 0 4057 
3 2 0 4021 
3 2 0 4056 
3 2 0 4040 
3 2 0 4038 
3 2 0 4022 
3 2 0 4037 
3 2 0 4023 
3 2 0 4036 
3 2 0 4024 
3 2 0 4035 
3 2 0 4029 
3 2 0 4025 
3 2 0 4028 
3 2 0 4026 
3 2 0 4027 
3 2 0 4034 
3 2 0 4030 
3 2 0 4033 
3 2 0 4031 
3 2 0 4032 
3 2 0 4039 
3 2 0 4055 
3 2 0 4041 
3 2 0 4054 
3 2 0 4042 
3 2 0 4053 
3 2 0 4047 
3 2 0 4043 
3 2 0 4046 
3 2 0 4044 
3 2 0 4045 
3 2 0 4052 
3 2 0 4050 
3 2 0 4048 
3 2 0 4049 
3 2 0 4051 
3 2 0 4060 
1 0 
1 0 
1 0 
1 0 
1 0 
2 3 4122 4123 0 
2 3 4121 4124 0 
2 3 4120 4125 0 
2 3 4119 4126 0 
1 0 
1 0 
1 0 
2 3 4129 4130 0 
1 0 
1 0 
1 0 
1 0 
1 0 
2 3 4135 4136 0 
2 3 4134 4137 0 
1 0 
1 0 
1 0 
2 3 4140 4141 0 
1 0 
1 0 
2 3 4143 4144 0 
2 3 4142 4145 0 
2 3 4139 4146 0 
2 3 4138 4147 0 
2 3 4133 4148 0 
2 3 4132 4149 0 
1 0 
2 3 4150 4151 0 
2 3 4131 4152 0 
2 3 4128 4153 0 
2 3 4127 4154 0 
3 2 0 4155 
3 2 0 4127 
3 2 0 4119 
3 2 0 4126 
3 2 0 4120 
3 2 0 4125 
3 2 0 4121 
3 2 0 4124 
3 2 0 4122 
3 2 0 4123 
3 2 0 4154 
3 2 0 4128 
3 2 0 4153 
3 2 0 4131 
3 2 0 4129 
3 2 0 4130 
3 2 0 4152 
3 2 0 4150 
3 2 0 4132 
3 2 0 4149 
3 2 0 4133 
3 2 0 4148 
3 2 0 4138 
3 2 0 4134 
3 2 0 4137 
3 2 0 4135 
3 2 0 4136 
3 2 0 4147 
3 2 0 4139 
3 2 0 4146 
3 2 0 4142 
3 2 0 4140 
3 2 0 4141 
3 2 0 4145 
3 2 0 4143 
3 2 0 4144 
3 2 0 4151 
1 0 
1 0 
1 0 
2 3 4194 4195 0 
1 0 
2 3 4196 4197 0 
1 0 
1 0 
2 3 4199 4200 0 
2 3 4198 4201 0 
2 3 4193 4202 0 
1 0 
1 0 
1 0 
2 3 4205 4206 0 
1 0 
1 0 
1 0 
1 0 
2 3 4210 4211 0 
2 3 4209 4212 0 
2 3 4208 4213 0 
2 3 4207 4214 0 
2 3 4204 4215 0 
2 3 4203 4216 0 
1 0 
1 0 
1 0 
1 0 
2 3 4220 4221 0 
1 0 
2 3 4222 4223 0 
2 3 4219 4224 0 
2 3 4218 4225 0 
1 0 
2 3 4226 4227 0 
2 3 4217 4228 0 
3 2 0 4229 
3 2 0 4217 
3 2 0 4203 
3 2 0 4193 
3 2 0 4202 
3 2 0 4198 
3 2 0 4196 
3 2 0 4194 
3 2 0 4195 
3 2 0 4197 
3 2 0 4201 
3 2 0 4199 
3 2 0 4200 
3 2 0 4216 
3 2 0 4204 
3 2 0 4215 
3 2 0 4207 
3 2 0 4205 
3 2 0 4206 
3 2 0 4214 
3 2 0 4208 
3 2 0 4213 
3 2 0 4209 
3 2 0 4212 
3 2 0 4210 
3 2 0 4211 
3 2 0 4228 
3 2 0 4226 
3 2 0 4218 
3 2 0 4225 
3 2 0 4219 
3 2 0 4224 
3 2 0 4222 
3 2 0 4220 
3 2 0 4221 
3 2 0 4223 
3 2 0 4227 
1 0 
1 0 
1 0 
1 0 
1 0 
1 0 
1 0 
2 3 4272 4273 0 
2 3 4271 4274 0 
2 3 4270 4275 0 
2 3 4269 4276 0 
2 3 4268 4277 0 
1 0 
2 3 4278 4279 0 
2 3 4267 4280 0 
3 2 0 4281 
3 2 0 4267 
3 2 0 4280 
3 2 0 4278 
3 2 0 4268 
3 2 0 4277 
3 2 0 4269 
3 2 0 4276 
3 2 0 4270 
3 2 0 4275 
3 2 0 4271 
3 2 0 4274 
3 2 0 4272 
3 2 0 4273 
3 2 0 4279 
1 0 
1 0 
1 0 
1 0 
1 0 
1 0 
1 0 
1 0 
1 0 
1 0 
2 3 4305 4306 0 
2 3 4304 4307 0 
2 3 4303 4308 0 
2 3 4302 4309 0 
2 3 4301 4310 0 
2 3 4300 4311 0 
2 3 4299 4312 0 
2 3 4298 4313 0 
1 0 
1 0 
1 0 
1 0 
2 3 4317 4318 0 
1 0 
1 0 
2 3 4320 4321 0 
2 3 4319 4322 0 
1 0 
2 3 4323 4324 0 
2 3 4316 4325 0 
2 3 4315 4326 0 
2 3 4314 4327 0 
2 3 4297 4328 0 
3 2 0 4329 
3 2 0 4297 
3 2 0 4328 
3 2 0 4314 
3 2 0 4298 
3 2 0 4313 
3 2 0 4299 
3 2 0 4312 
3 2 0 4300 
3 2 0 4311 
3 2 0 4301 
3 2 0 4310 
3 2 0 4302 
3 2 0 4309 
3 2 0 4303 
3 2 0 4308 
3 2 0 4304 
3 2 0 4307 
3 2 0 4305 
3 2 0 4306 
3 2 0 4327 
3 2 0 4315 
3 2 0 4326 
3 2 0 4316 
3 2 0 4325 
3 2 0 4323 
3 2 0 4319 
3 2 0 4317 
3 2 0 4318 
3 2 0 4322 
3 2 0 4320 
3 2 0 4321 
3 2 0 4324 
1 0 
1 0 
1 0 
1 0 
2 3 4365 4366 0 
1 0 
2 3 4367 4368 0 
1 0 
1 0 
2 3 4370 4371 0 
2 3 4369 4372 0 
1 0 
2 3 4373 4374 0 
2 3 4364 4375 0 
2 3 4363 4376 0 
3 2 0 4377 
3 2 0 4363 
3 2 0 4376 
3 2 0 4364 
3 2 0 4375 
3 2 0 4373 
3 2 0 4369 
3 2 0 4367 
3 2 0 4365 
3 2 0 4366 
3 2 0 4368 
3 2 0 4372 
3 2 0 4370 
3 2 0 4371 
3 2 0 4374 
79 2196 8 9 10 11 12 13 14 88 89 90 91 92 93 94 95 96 97 98 99 100 101 102 103 104 105 106 107 108 109 110 111 112 113 114 115 116 117 118 119 120 121 122 123 124 125 126 127 128 129 130 131 132 133 134 135 136 137 138 139 140 141 142 143 144 145 146 147 148 149 150 151 152 153 154 155 156 157 158 159 160 192 193 194 195 196 197 198 199 200 201 202 203 204 205 206 207 208 209 210 211 212 213 214 215 216 217 218 219 220 221 222 244 245 246 247 248 249 250 251 252 253 254 255 256 257 258 259 260 261 262 263 264 276 277 278 279 280 281 282 283 284 285 286 296 297 298 299 300 301 302 303 304 344 345 346 347 348 349 350 351 352 353 354 355 356 357 358 359 360 361 362 363 364 365 366 367 368 369 370 371 372 373 374 375 376 377 378 379 380 381 382 404 405 406 407 408 409 410 411 412 413 414 415 416 417 418 419 420 421 422 423 424 464 465 466 467 468 469 470 471 472 473 474 475 476 477 478 479 480 481 482 483 484 485 486 487 488 489 490 491 492 493 494 495 496 497 498 499 500 501 502 530 531 532 533 534 535 536 537 538 539 540 541 542 543 544 545 546 547 548 549 550 551 552 553 554 555 556 570 571 572 573 574 575 576 577 578 579 580 581 582 638 639 640 641 642 643 644 645 646 647 648 649 650 651 652 653 654 655 656 657 658 659 660 661 662 663 664 665 666 667 668 669 670 671 672 673 674 675 676 677 678 679 680 681 682 683 684 685 686 687 688 689 690 691 692 718 719 720 721 722 723 724 725 726 727 728 729 730 731 732 733 734 735 736 737 738 739 740 741 742 770 771 772 773 774 775 776 777 778 779 780 781 782 783 784 785 786 787 788 789 790 791 792 793 794 795 796 838 839 840 841 842 843 844 845 846 847 848 849 850 851 852 853 854 855 856 857 858 859 860 861 862 863 864 865 866 867 868 869 870 871 872 873 874 875 876 877 878 904 905 906 907 908 909 910 911 912 913 914 915 916 917 918 919 920 921 922 923 924 925 926 927 928 966 967 968 969 970 971 972 973 974 975 976 977 978 979 980 981 982 983 984 985 986 987 988 989 990 991 992 993 994 995 996 997 998 999 1000 1001 1002 1060 1061 1062 1063 1064 1065 1066 1067 1068 1069 1070 1071 1072 1073 1074 1075 1076 1077 1078 1079 1080 1081 1082 1083 1084 1085 1086 1087 1088 1089 1090 1091 1092 1093 1094 1095 1096 1097 1098 1099 1100 1101 1102 1103 1104 1105 1106 1107 1108 1109 1110 1111 1112 1113 1114 1115 1116 1146 1147 1148 1149 1150 1151 1152 1153 1154 1155 1156 1157 1158 1159 1160 1161 1162 1163 1164 1165 1166 1167 1168 1169 1170 1171 1172 1173 1174 1184 1185 1186 1187 1188 1189 1190 1191 1192 1214 1215 1216 1217 1218 1219 1220 1221 1222 1223 1224 1225 1226 1227 1228 1229 1230 1231 1232 1233 1234 1276 1277 1278 1279 1280 1281 1282 1283 1284 1285 1286 1287 1288 1289 1290 1291 1292 1293 1294 1295 1296 1297 1298 1299 1300 1301 1302 1303 1304 1305 1306 1307 1308 1309 1310 1311 1312 1313 1314 1315 1316 1376 1377 1378 1379 1380 1381 1382 1383 1384 1385 1386 1387 1388 1389 1390 1391 1392 1393 1394 1395 1396 1397 1398 1399 1400 1401 1402 1403 1404 1405 1406 1407 1408 1409 1410 1411 1412 1413 1414 1415 1416 1417 1418 1419 1420 1421 1422 1423 1424 1425 1426 1427 1428 1429 1430 1431 1432 1433 1434 1460 1461 1462 1463 1464 1465 1466 1467 1468 1469 1470 1471 1472 1473 1474 1475 1476 1477 1478 1479 1480 1481 1482 1483 1484 1508 1509 1510 1511 1512 1513 1514 1515 1516 1517 1518 1519 1520 1521 1522 1523 1524 1525 1526 1527 1528 1529 1530 1578 1579 1580 1581 1582 1583 1584 1585 1586 1587 1588 1589 1590 1591 1592 1593 1594 1595 1596 1597 1598 1599 1600 1601 1602 1603 1604 1605 1606 1607 1608 1609 1610 1611 1612 1613 1614 1615 1616 1617 1618 1619 1620 1621 1622 1623 1624 1664 1665 1666 1667 1668 1669 1670 1671 1672 1673 1674 1675 1676 1677 1678 1679 1680 1681 1682 1683 1684 1685 1686 1687 1688 1689 1690 1691 1692 1693 1694 1695 1696 1697 1698 1699 1700 1701 1702 1756 1757 1758 1759 1760 1761 1762 1763 1764 1765 1766 1767 1768 1769 1770 1771 1772 1773 1774 1775 1776 1777 1778 1779 1780 1781 1782 1783 1784 1785 1786 1787 1788 1789 1790 1791 1792 1793 1794 1795 1796 1797 1798 1799 1800 1801 1802 1803 1804 1805 1806 1807 1808 1876 1877 1878 1879 1880 1881 1882 1883 1884 1885 1886 1887 1888 1889 1890 1891 1892 1893 1894 1895 1896 1897 1898 1899 1900 1901 1902 1903 1904 1905 1906 1907 1908 1909 1910 1911 1912 1913 1914 1915 1916 1917 1918 1919 1920 1921 1922 1923 1924 1925 1926 1927 1928 1929 1930 1931 1932 1933 1934 1935 1936 1937 1938 1939 1940 1941 1942 1946 1947 1948 1976 1977 1978 1979 1980 1981 1982 1983 1984 1985 1986 1987 1988 1989 1990 1991 1992 1993 1994 1995 1996 1997 1998 1999 2000 2001 2002 2066 2067 2068 2069 2070 2071 2072 2073 2074 2075 2076 2077 2078 2079 2080 2081 2082 2083 2084 2085 2086 2087 2088 2089 2090 2091 2092 2093 2094 2095 2096 2097 2098 2099 2100 2101 2102 2103 2104 2105 2106 2107 2108 2109 2110 2111 2112 2113 2114 2115 2116 2117 2118 2119 2120 2121 2122 2123 2124 2125 2126 2127 2128 2154 2155 2156 2157 2158 2159 2160 2161 2162 2163 2164 2165 2166 2167 2168 2169 2170 2171 2172 2173 2174 2175 2176 2177 2178 2220 2221 2222 2223 2224 2225 2226 2227 2228 2229 2230 2231 2232 2233 2234 2235 2236 2237 2238 2239 2240 2241 2242 2243 2244 2245 2246 2247 2248 2249 2250 2251 2252 2253 2254 2255 2256 2257 2258 2259 2260 2324 2325 2326 2327 2328 2329 2330 2331 2332 2333 2334 2335 2336 2337 2338 2339 2340 2341 2342 2343 2344 2345 2346 2347 2348 2349 2350 2351 2352 2353 2354 2355 2356 2357 2358 2359 2360 2361 2362 2363 2364 2365 2366 2367 2368 2369 2370 2371 2372 2373 2374 2375 2376 2377 2378 2379 2380 2381 2382 2383 2384 2385 2386 2452 2453 2454 2455 2456 2457 2458 2459 2460 2461 2462 2463 2464 2465 2466 2467 2468 2469 2470 2471 2472 2473 2474 2475 2476 2477 2478 2479 2480 2481 2482 2483 2484 2485 2486 2487 2488 2489 2490 2491 2492 2493 2494 2495 2496 2497 2498 2499 2500 2501 2502 2503 2504 2505 2506 2507 2508 2509 2510 2511 2512 2513 2514 2515 2516 2552 2553 2554 2555 2556 2557 2558 2559 2560 2561 2562 2563 2564 2565 2566 2567 2568 2569 2570 2571 2572 2573 2574 2575 2576 2577 2578 2579 2580 2581 2582 2583 2584 2585 2586 2634 2635 2636 2637 2638 2639 2640 2641 2642 2643 2644 2645 2646 2647 2648 2649 2650 2651 2652 2653 2654 2655 2656 2657 2658 2659 2660 2661 2662 2663 2664 2665 2666 2667 2668 2669 2670 2671 2672 2673 2674 2675 2676 2677 2678 2679 2680 2718 2719 2720 2721 2722 2723 2724 2725 2726 2727 2728 2729 2730 2731 2732 2733 2734 2735 2736 2737 2738 2739 2740 2741 2742 2743 2744 2745 2746 2747 2748 2749 2750 2751 2752 2753 2754 2818 2819 2820 2821 2822 2823 2824 2825 2826 2827 2828 2829 2830 2831 2832 2833 2834 2835 2836 2837 2838 2839 2840 2841 2842 2843 2844 2845 2846 2847 2848 2849 2850 2851 2852 2853 2854 2855 2856 2857 2858 2859 2860 2861 2862 2863 2864 2865 2866 2867 2868 2869 2870 2871 2872 2873 2874 2875 2876 2877 2878 2879 2880 2918 2919 2920 2921 2922 2923 2924 2925 2926 2927 2928 2929 2930 2931 2932 2933 2934 2935 2936 2937 2938 2939 2940 2941 2942 2943 2944 2945 2946 2947 2948 2949 2950 2951 2952 2953 2954 3000 3001 3002 3003 3004 3005 3006 3007 3008 3009 3010 3011 3012 3013 3014 3015 3016 3017 3018 3019 3020 3021 3022 3023 3024 3025 3026 3027 3028 3029 3030 3031 3032 3033 3034 3035 3036 3037 3038 3039 3040 3041 3042 3043 3044 3078 3079 3080 3081 3082 3083 3084 3085 3086 3087 3088 3089 3090 3091 3092 3093 3094 3095 3096 3097 3098 3099 3100 3101 3102 3103 3104 3105 3106 3107 3108 3109 3110 3136 3137 3138 3139 3140 3141 3142 3143 3144 3145 3146 3147 3148 3149 3150 3151 3152 3153 3154 3155 3156 3157 3158 3159 3160 3200 3201 3202 3203 3204 3205 3206 3207 3208 3209 3210 3211 3212 3213 3214 3215 3216 3217 3218 3219 3220 3221 3222 3223 3224 3225 3226 3227 3228 3229 3230 3231 3232 3233 3234 3235 3236 3237 3238 3262 3263 3264 3265 3266 3267 3268 3269 3270 3271 3272 3273 3274 3275 3276 3277 3278 3279 3280 3281 3282 3283 3284 3334 3335 3336 3337 3338 3339 3340 3341 3342 3343 3344 3345 3346 3347 3348 3349 3350 3351 3352 3353 3354 3355 3356 3357 3358 3359 3360 3361 3362 3363 3364 3365 3366 3367 3368 3369 3370 3371 3372 3373 3374 3375 3376 3377 3378 3379 3380 3381 3382 3444 3445 3446 3447 3448 3449 3450 3451 3452 3453 3454 3455 3456 3457 3458 3459 3460 3461 3462 3463 3464 3465 3466 3467 3468 3469 3470 3471 3472 3473 3474 3475 3476 3477 3478 3479 3480 3481 3482 3483 3484 3485 3486 3487 3488 3489 3490 3491 3492 3493 3494 3495 3496 3497 3498 3499 3500 3501 3502 3503 3504 3508 3509 3510 3546 3547 3548 3549 3550 3551 3552 3553 3554 3555 3556 3557 3558 3559 3560 3561 3562 3563 3564 3565 3566 3567 3568 3569 3570 3571 3572 3573 3574 3575 3576 3577 3578 3579 3580 3608 3609 3610 3611 3612 3613 3614 3615 3616 3617 3618 3619 3620 3621 3622 3623 3624 3625 3626 3627 3628 3629 3630 3631 3632 3633 3634 3654 3655 3656 3657 3658 3659 3660 3661 3662 3663 3664 3665 3666 3667 3668 3669 3670 3671 3672 3720 3721 3722 3723 3724 3725 3726 3727 3728 3729 3730 3731 3732 3733 3734 3735 3736 3737 3738 3739 3740 3741 3742 3743 3744 3745 3746 3747 3748 3749 3750 3751 3752 3753 3754 3755 3756 3757 3758 3759 3760 3761 3762 3763 3764 3765 3766 3802 3803 3804 3805 3806 3807 3808 3809 3810 3811 3812 3813 3814 3815 3816 3817 3818 3819 3820 3821 3822 3823 3824 3825 3826 3827 3828 3829 3830 3831 3832 3833 3834 3835 3836 3850 3851 3852 3853 3854 3855 3856 3857 3858 3859 3860 3861 3862 3904 3905 3906 3907 3908 3909 3910 3911 3912 3913 3914 3915 3916 3917 3918 3919 3920 3921 3922 3923 3924 3925 3926 3927 3928 3929 3930 3931 3932 3933 3934 3935 3936 3937 3938 3939 3940 3941 3942 3943 3944 3964 3965 3966 3967 3968 3969 3970 3971 3972 3973 3974 3975 3976 3977 3978 3979 3980 3981 3982 3994 3995 3996 3997 3998 3999 4000 4001 4002 4003 4004 4062 4063 4064 4065 4066 4067 4068 4069 4070 4071 4072 4073 4074 4075 4076 4077 4078 4079 4080 4081 4082 4083 4084 4085 4086 4087 4088 4089 4090 4091 4092 4093 4094 4095 4096 4097 4098 4099 4100 4101 4102 4103 4104 4105 4106 4107 4108 4109 4110 4111 4112 4113 4114 4115 4116 4117 4118 4156 4157 4158 4159 4160 4161 4162 4163 4164 4165 4166 4167 4168 4169 4170 4171 4172 4173 4174 4175 4176 4177 4178 4179 4180 4181 4182 4183 4184 4185 4186 4187 4188 4189 4190 4191 4192 4230 4231 4232 4233 4234 4235 4236 4237 4238 4239 4240 4241 4242 4243 4244 4245 4246 4247 4248 4249 4250 4251 4252 4253 4254 4255 4256 4257 4258 4259 4260 4261 4262 4263 4264 4265 4266 4282 4283 4284 4285 4286 4287 4288 4289 4290 4291 4292 4293 4294 4295 4296 4330 4331 4332 4333 4334 4335 4336 4337 4338 4339 4340 4341 4342 4343 4344 4345 4346 4347 4348 4349 4350 4351 4352 4353 4354 4355 4356 4357 4358 4359 4360 4361 4362 4378 4379 4380 4381 4382 4383 4384 4385 4386 4387 4388 4389 4390 4391 4392 
