4418
0 0 
1 0 
1 0 
1 0 
1 0 
1 0 
1 0 
2 3 5 6 0 
2 3 4 7 0 
1 0 
2 3 8 9 0 
1 0 
1 0 
2 3 11 12 0 
2 3 10 13 0 
2 3 3 14 0 
2 3 2 15 0 
1 0 
1 0 
1 0 
2 3 18 19 0 
1 0 
1 0 
1 0 
2 3 22 23 0 
1 0 
1 0 
1 0 
2 3 26 27 0 
1 0 
1 0 
2 3 29 30 0 
2 3 28 31 0 
2 3 25 32 0 
2 3 24 33 0 
2 3 21 34 0 
2 3 20 35 0 
2 3 17 36 0 
2 3 16 37 0 
1 0 
1 0 
1 0 
1 0 
1 0 
2 3 42 43 0 
2 3 41 44 0 
2 3 40 45 0 
2 3 39 46 0 
2 3 38 47 0 
1 0 
2 3 48 49 0 
2 3 1 50 0 
3 2 0 51 
3 2 0 1 
3 2 0 50 
3 2 0 48 
3 2 0 38 
3 2 0 16 
3 2 0 2 
3 2 0 15 
3 2 0 3 
3 2 0 14 
3 2 0 10 
3 2 0 8 
3 2 0 4 
3 2 0 7 
3 2 0 5 
3 2 0 6 
3 2 0 9 
3 2 0 13 
3 2 0 11 
3 2 0 12 
3 2 0 37 
3 2 0 17 
3 2 0 36 
3 2 0 20 
3 2 0 18 
3 2 0 19 
3 2 0 35 
3 2 0 21 
3 2 0 34 
3 2 0 24 
3 2 0 22 
3 2 0 23 
3 2 0 33 
3 2 0 25 
3 2 0 32 
3 2 0 28 
3 2 0 26 
3 2 0 27 
3 2 0 31 
3 2 0 29 
3 2 0 30 
3 2 0 47 
3 2 0 39 
3 2 0 46 
3 2 0 40 
3 2 0 45 
3 2 0 41 
3 2 0 44 
3 2 0 42 
3 2 0 43 
3 2 0 49 
1 0 
1 0 
1 0 
2 3 104 105 0 
2 3 103 106 0 
1 0 
1 0 
1 0 
2 3 109 110 0 
1 0 
2 3 111 112 0 
1 0 
2 3 113 114 0 
1 0 
1 0 
1 0 
1 0 
1 0 
2 3 119 120 0 
1 0 
1 0 
1 0 
2 3 123 124 0 
2 3 122 125 0 
2 3 121 126 0 
2 3 118 127 0 
2 3 117 128 0 
2 3 116 129 0 
2 3 115 130 0 
2 3 108 131 0 
2 3 107 132 0 
1 0 
1 0 
1 0 
1 0 
1 0 
2 3 137 138 0 
2 3 136 139 0 
1 0 
1 0 
1 0 
2 3 142 143 0 
1 0 
1 0 
1 0 
2 3 146 147 0 
2 3 145 148 0 
2 3 144 149 0 
2 3 141 150 0 
2 3 140 151 0 
2 3 135 152 0 
2 3 134 153 0 
1 0 
2 3 154 155 0 
2 3 133 156 0 
3 2 0 157 
3 2 0 133 
3 2 0 107 
3 2 0 103 
3 2 0 106 
3 2 0 104 
3 2 0 105 
3 2 0 132 
3 2 0 108 
3 2 0 131 
3 2 0 115 
3 2 0 113 
3 2 0 111 
3 2 0 109 
3 2 0 110 
3 2 0 112 
3 2 0 114 
3 2 0 130 
3 2 0 116 
3 2 0 129 
3 2 0 117 
3 2 0 128 
3 2 0 118 
3 2 0 127 
3 2 0 121 
3 2 0 119 
3 2 0 120 
3 2 0 126 
3 2 0 122 
3 2 0 125 
3 2 0 123 
3 2 0 124 
3 2 0 156 
3 2 0 154 
3 2 0 134 
3 2 0 153 
3 2 0 135 
3 2 0 152 
3 2 0 140 
3 2 0 136 
3 2 0 139 
3 2 0 137 
3 2 0 138 
3 2 0 151 
3 2 0 141 
3 2 0 150 
3 2 0 144 
3 2 0 142 
3 2 0 143 
3 2 0 149 
3 2 0 145 
3 2 0 148 
3 2 0 146 
3 2 0 147 
3 2 0 155 
1 0 
1 0 
1 0 
1 0 
2 3 215 216 0 
1 0 
1 0 
1 0 
2 3 219 220 0 
1 0 
1 0 
1 0 
1 0 
1 0 
2 3 225 226 0 
2 3 224 227 0 
2 3 223 228 0 
1 0 
2 3 229 230 0 
1 0 
2 3 231 232 0 
1 0 
2 3 233 234 0 
2 3 222 235 0 
1 0 
2 3 236 237 0 
1 0 
2 3 238 239 0 
1 0 
2 3 240 241 0 
1 0 
2 3 242 243 0 
2 3 221 244 0 
2 3 218 245 0 
2 3 217 246 0 
2 3 214 247 0 
1 0 
2 3 248 249 0 
2 3 213 250 0 
3 2 0 251 
3 2 0 213 
3 2 0 250 
3 2 0 248 
3 2 0 214 
3 2 0 247 
3 2 0 217 
3 2 0 215 
3 2 0 216 
3 2 0 246 
3 2 0 218 
3 2 0 245 
3 2 0 221 
3 2 0 219 
3 2 0 220 
3 2 0 244 
3 2 0 242 
3 2 0 240 
3 2 0 238 
3 2 0 236 
3 2 0 222 
3 2 0 235 
3 2 0 233 
3 2 0 231 
3 2 0 229 
3 2 0 223 
3 2 0 228 
3 2 0 224 
3 2 0 227 
3 2 0 225 
3 2 0 226 
3 2 0 230 
3 2 0 232 
3 2 0 234 
3 2 0 237 
3 2 0 239 
3 2 0 241 
3 2 0 243 
3 2 0 249 
1 0 
1 0 
1 0 
1 0 
1 0 
2 3 294 295 0 
1 0 
1 0 
1 0 
2 3 298 299 0 
2 3 297 300 0 
2 3 296 301 0 
2 3 293 302 0 
2 3 292 303 0 
1 0 
1 0 
1 0 
1 0 
1 0 
1 0 
1 0 
2 3 310 311 0 
2 3 309 312 0 
2 3 308 313 0 
1 0 
2 3 314 315 0 
2 3 307 316 0 
2 3 306 317 0 
2 3 305 318 0 
1 0 
2 3 319 320 0 
1 0 
2 3 321 322 0 
2 3 304 323 0 
2 3 291 324 0 
3 2 0 325 
3 2 0 291 
3 2 0 324 
3 2 0 304 
3 2 0 292 
3 2 0 303 
3 2 0 293 
3 2 0 302 
3 2 0 296 
3 2 0 294 
3 2 0 295 
3 2 0 301 
3 2 0 297 
3 2 0 300 
3 2 0 298 
3 2 0 299 
3 2 0 323 
3 2 0 321 
3 2 0 319 
3 2 0 305 
3 2 0 318 
3 2 0 306 
3 2 0 317 
3 2 0 307 
3 2 0 316 
3 2 0 314 
3 2 0 308 
3 2 0 313 
3 2 0 309 
3 2 0 312 
3 2 0 310 
3 2 0 311 
3 2 0 315 
3 2 0 320 
3 2 0 322 
1 0 
1 0 
1 0 
1 0 
1 0 
1 0 
2 3 365 366 0 
2 3 364 367 0 
2 3 363 368 0 
2 3 362 369 0 
2 3 361 370 0 
1 0 
1 0 
2 3 372 373 0 
1 0 
2 3 374 375 0 
2 3 371 376 0 
3 2 0 377 
3 2 0 371 
3 2 0 361 
3 2 0 370 
3 2 0 362 
3 2 0 369 
3 2 0 363 
3 2 0 368 
3 2 0 364 
3 2 0 367 
3 2 0 365 
3 2 0 366 
3 2 0 376 
3 2 0 374 
3 2 0 372 
3 2 0 373 
3 2 0 375 
1 0 
1 0 
2 3 395 396 0 
1 0 
1 0 
2 3 398 399 0 
1 0 
1 0 
1 0 
2 3 402 403 0 
1 0 
1 0 
2 3 405 406 0 
2 3 404 407 0 
2 3 401 408 0 
1 0 
1 0 
1 0 
1 0 
1 0 
2 3 413 414 0 
2 3 412 415 0 
2 3 411 416 0 
2 3 410 417 0 
2 3 409 418 0 
2 3 400 419 0 
2 3 397 420 0 
1 0 
1 0 
1 0 
2 3 423 424 0 
1 0 
1 0 
1 0 
1 0 
2 3 428 429 0 
2 3 427 430 0 
2 3 426 431 0 
2 3 425 432 0 
1 0 
2 3 433 434 0 
2 3 422 435 0 
2 3 421 436 0 
3 2 0 437 
3 2 0 421 
3 2 0 397 
3 2 0 395 
3 2 0 396 
3 2 0 420 
3 2 0 400 
3 2 0 398 
3 2 0 399 
3 2 0 419 
3 2 0 409 
3 2 0 401 
3 2 0 408 
3 2 0 404 
3 2 0 402 
3 2 0 403 
3 2 0 407 
3 2 0 405 
3 2 0 406 
3 2 0 418 
3 2 0 410 
3 2 0 417 
3 2 0 411 
3 2 0 416 
3 2 0 412 
3 2 0 415 
3 2 0 413 
3 2 0 414 
3 2 0 436 
3 2 0 422 
3 2 0 435 
3 2 0 433 
3 2 0 425 
3 2 0 423 
3 2 0 424 
3 2 0 432 
3 2 0 426 
3 2 0 431 
3 2 0 427 
3 2 0 430 
3 2 0 428 
3 2 0 429 
3 2 0 434 
1 0 
1 0 
1 0 
2 3 482 483 0 
1 0 
1 0 
1 0 
1 0 
1 0 
2 3 488 489 0 
2 3 487 490 0 
2 3 486 491 0 
2 3 485 492 0 
2 3 484 493 0 
1 0 
2 3 494 495 0 
1 0 
1 0 
1 0 
2 3 498 499 0 
1 0 
2 3 500 501 0 
2 3 497 502 0 
2 3 496 503 0 
2 3 481 504 0 
1 0 
1 0 
1 0 
2 3 507 508 0 
2 3 506 509 0 
1 0 
2 3 510 511 0 
2 3 505 512 0 
3 2 0 513 
3 2 0 505 
3 2 0 481 
3 2 0 504 
3 2 0 496 
3 2 0 494 
3 2 0 484 
3 2 0 482 
3 2 0 483 
3 2 0 493 
3 2 0 485 
3 2 0 492 
3 2 0 486 
3 2 0 491 
3 2 0 487 
3 2 0 490 
3 2 0 488 
3 2 0 489 
3 2 0 495 
3 2 0 503 
3 2 0 497 
3 2 0 502 
3 2 0 500 
3 2 0 498 
3 2 0 499 
3 2 0 501 
3 2 0 512 
3 2 0 510 
3 2 0 506 
3 2 0 509 
3 2 0 507 
3 2 0 508 
3 2 0 511 
1 0 
1 0 
1 0 
2 3 548 549 0 
1 0 
1 0 
2 3 551 552 0 
2 3 550 553 0 
1 0 
2 3 554 555 0 
2 3 547 556 0 
3 2 0 557 
3 2 0 547 
3 2 0 556 
3 2 0 554 
3 2 0 550 
3 2 0 548 
3 2 0 549 
3 2 0 553 
3 2 0 551 
3 2 0 552 
3 2 0 555 
1 0 
1 0 
1 0 
1 0 
1 0 
2 3 572 573 0 
1 0 
1 0 
2 3 575 576 0 
2 3 574 577 0 
1 0 
2 3 578 579 0 
2 3 571 580 0 
2 3 570 581 0 
2 3 569 582 0 
3 2 0 583 
3 2 0 569 
3 2 0 582 
3 2 0 570 
3 2 0 581 
3 2 0 571 
3 2 0 580 
3 2 0 578 
3 2 0 574 
3 2 0 572 
3 2 0 573 
3 2 0 577 
3 2 0 575 
3 2 0 576 
3 2 0 579 
1 0 
1 0 
1 0 
1 0 
1 0 
1 0 
1 0 
2 3 604 605 0 
2 3 603 606 0 
2 3 602 607 0 
1 0 
2 3 608 609 0 
2 3 601 610 0 
1 0 
1 0 
1 0 
1 0 
1 0 
1 0 
1 0 
2 3 617 618 0 
1 0 
1 0 
1 0 
2 3 621 622 0 
2 3 620 623 0 
2 3 619 624 0 
1 0 
1 0 
1 0 
2 3 627 628 0 
2 3 626 629 0 
2 3 625 630 0 
2 3 616 631 0 
2 3 615 632 0 
2 3 614 633 0 
2 3 613 634 0 
2 3 612 635 0 
2 3 611 636 0 
2 3 600 637 0 
1 0 
2 3 638 639 0 
2 3 599 640 0 
3 2 0 641 
3 2 0 599 
3 2 0 640 
3 2 0 638 
3 2 0 600 
3 2 0 637 
3 2 0 611 
3 2 0 601 
3 2 0 610 
3 2 0 608 
3 2 0 602 
3 2 0 607 
3 2 0 603 
3 2 0 606 
3 2 0 604 
3 2 0 605 
3 2 0 609 
3 2 0 636 
3 2 0 612 
3 2 0 635 
3 2 0 613 
3 2 0 634 
3 2 0 614 
3 2 0 633 
3 2 0 615 
3 2 0 632 
3 2 0 616 
3 2 0 631 
3 2 0 625 
3 2 0 619 
3 2 0 617 
3 2 0 618 
3 2 0 624 
3 2 0 620 
3 2 0 623 
3 2 0 621 
3 2 0 622 
3 2 0 630 
3 2 0 626 
3 2 0 629 
3 2 0 627 
3 2 0 628 
3 2 0 639 
1 0 
1 0 
1 0 
1 0 
1 0 
2 3 688 689 0 
2 3 687 690 0 
2 3 686 691 0 
1 0 
1 0 
2 3 693 694 0 
1 0 
1 0 
1 0 
2 3 697 698 0 
2 3 696 699 0 
2 3 695 700 0 
2 3 692 701 0 
1 0 
2 3 702 703 0 
1 0 
2 3 704 705 0 
2 3 685 706 0 
3 2 0 707 
3 2 0 685 
3 2 0 706 
3 2 0 704 
3 2 0 702 
3 2 0 692 
3 2 0 686 
3 2 0 691 
3 2 0 687 
3 2 0 690 
3 2 0 688 
3 2 0 689 
3 2 0 701 
3 2 0 695 
3 2 0 693 
3 2 0 694 
3 2 0 700 
3 2 0 696 
3 2 0 699 
3 2 0 697 
3 2 0 698 
3 2 0 703 
3 2 0 705 
1 0 
1 0 
1 0 
1 0 
1 0 
1 0 
1 0 
2 3 736 737 0 
2 3 735 738 0 
2 3 734 739 0 
1 0 
2 3 740 741 0 
2 3 733 742 0 
2 3 732 743 0 
2 3 731 744 0 
3 2 0 745 
3 2 0 731 
3 2 0 744 
3 2 0 732 
3 2 0 743 
3 2 0 733 
3 2 0 742 
3 2 0 740 
3 2 0 734 
3 2 0 739 
3 2 0 735 
3 2 0 738 
3 2 0 736 
3 2 0 737 
3 2 0 741 
1 0 
1 0 
1 0 
1 0 
1 0 
2 3 764 765 0 
1 0 
2 3 766 767 0 
1 0 
2 3 768 769 0 
2 3 763 770 0 
2 3 762 771 0 
2 3 761 772 0 
3 2 0 773 
3 2 0 761 
3 2 0 772 
3 2 0 762 
3 2 0 771 
3 2 0 763 
3 2 0 770 
3 2 0 768 
3 2 0 766 
3 2 0 764 
3 2 0 765 
3 2 0 767 
3 2 0 769 
1 0 
1 0 
1 0 
1 0 
2 3 789 790 0 
2 3 788 791 0 
1 0 
1 0 
2 3 793 794 0 
1 0 
1 0 
2 3 796 797 0 
1 0 
1 0 
1 0 
2 3 800 801 0 
1 0 
2 3 802 803 0 
2 3 799 804 0 
1 0 
1 0 
2 3 806 807 0 
1 0 
2 3 808 809 0 
1 0 
1 0 
1 0 
1 0 
1 0 
1 0 
1 0 
1 0 
1 0 
2 3 818 819 0 
2 3 817 820 0 
2 3 816 821 0 
2 3 815 822 0 
2 3 814 823 0 
2 3 813 824 0 
2 3 812 825 0 
2 3 811 826 0 
2 3 810 827 0 
2 3 805 828 0 
2 3 798 829 0 
2 3 795 830 0 
2 3 792 831 0 
1 0 
2 3 832 833 0 
2 3 787 834 0 
3 2 0 835 
3 2 0 787 
3 2 0 834 
3 2 0 832 
3 2 0 792 
3 2 0 788 
3 2 0 791 
3 2 0 789 
3 2 0 790 
3 2 0 831 
3 2 0 795 
3 2 0 793 
3 2 0 794 
3 2 0 830 
3 2 0 798 
3 2 0 796 
3 2 0 797 
3 2 0 829 
3 2 0 805 
3 2 0 799 
3 2 0 804 
3 2 0 802 
3 2 0 800 
3 2 0 801 
3 2 0 803 
3 2 0 828 
3 2 0 810 
3 2 0 808 
3 2 0 806 
3 2 0 807 
3 2 0 809 
3 2 0 827 
3 2 0 811 
3 2 0 826 
3 2 0 812 
3 2 0 825 
3 2 0 813 
3 2 0 824 
3 2 0 814 
3 2 0 823 
3 2 0 815 
3 2 0 822 
3 2 0 816 
3 2 0 821 
3 2 0 817 
3 2 0 820 
3 2 0 818 
3 2 0 819 
3 2 0 833 
1 0 
1 0 
1 0 
2 3 886 887 0 
1 0 
1 0 
1 0 
1 0 
1 0 
2 3 892 893 0 
2 3 891 894 0 
2 3 890 895 0 
2 3 889 896 0 
2 3 888 897 0 
2 3 885 898 0 
1 0 
1 0 
1 0 
2 3 901 902 0 
2 3 900 903 0 
1 0 
1 0 
1 0 
2 3 906 907 0 
2 3 905 908 0 
2 3 904 909 0 
2 3 899 910 0 
1 0 
1 0 
1 0 
1 0 
1 0 
1 0 
1 0 
1 0 
1 0 
1 0 
1 0 
2 3 921 922 0 
2 3 920 923 0 
2 3 919 924 0 
1 0 
2 3 925 926 0 
2 3 918 927 0 
2 3 917 928 0 
2 3 916 929 0 
2 3 915 930 0 
2 3 914 931 0 
2 3 913 932 0 
1 0 
2 3 933 934 0 
2 3 912 935 0 
1 0 
1 0 
1 0 
2 3 938 939 0 
1 0 
1 0 
1 0 
1 0 
1 0 
1 0 
2 3 945 946 0 
2 3 944 947 0 
2 3 943 948 0 
2 3 942 949 0 
2 3 941 950 0 
2 3 940 951 0 
1 0 
2 3 952 953 0 
1 0 
2 3 954 955 0 
2 3 937 956 0 
2 3 936 957 0 
2 3 911 958 0 
3 2 0 959 
3 2 0 911 
3 2 0 899 
3 2 0 885 
3 2 0 898 
3 2 0 888 
3 2 0 886 
3 2 0 887 
3 2 0 897 
3 2 0 889 
3 2 0 896 
3 2 0 890 
3 2 0 895 
3 2 0 891 
3 2 0 894 
3 2 0 892 
3 2 0 893 
3 2 0 910 
3 2 0 904 
3 2 0 900 
3 2 0 903 
3 2 0 901 
3 2 0 902 
3 2 0 909 
3 2 0 905 
3 2 0 908 
3 2 0 906 
3 2 0 907 
3 2 0 958 
3 2 0 936 
3 2 0 912 
3 2 0 935 
3 2 0 933 
3 2 0 913 
3 2 0 932 
3 2 0 914 
3 2 0 931 
3 2 0 915 
3 2 0 930 
3 2 0 916 
3 2 0 929 
3 2 0 917 
3 2 0 928 
3 2 0 918 
3 2 0 927 
3 2 0 925 
3 2 0 919 
3 2 0 924 
3 2 0 920 
3 2 0 923 
3 2 0 921 
3 2 0 922 
3 2 0 926 
3 2 0 934 
3 2 0 957 
3 2 0 937 
3 2 0 956 
3 2 0 954 
3 2 0 952 
3 2 0 940 
3 2 0 938 
3 2 0 939 
3 2 0 951 
3 2 0 941 
3 2 0 950 
3 2 0 942 
3 2 0 949 
3 2 0 943 
3 2 0 948 
3 2 0 944 
3 2 0 947 
3 2 0 945 
3 2 0 946 
3 2 0 953 
3 2 0 955 
1 0 
1 0 
2 3 1035 1036 0 
1 0 
1 0 
1 0 
2 3 1039 1040 0 
2 3 1038 1041 0 
2 3 1037 1042 0 
1 0 
2 3 1043 1044 0 
1 0 
2 3 1045 1046 0 
1 0 
1 0 
1 0 
2 3 1049 1050 0 
2 3 1048 1051 0 
1 0 
2 3 1052 1053 0 
1 0 
2 3 1054 1055 0 
1 0 
1 0 
2 3 1057 1058 0 
2 3 1056 1059 0 
1 0 
2 3 1060 1061 0 
1 0 
1 0 
1 0 
2 3 1064 1065 0 
2 3 1063 1066 0 
2 3 1062 1067 0 
2 3 1047 1068 0 
1 0 
2 3 1069 1070 0 
3 2 0 1071 
3 2 0 1069 
3 2 0 1047 
3 2 0 1045 
3 2 0 1043 
3 2 0 1037 
3 2 0 1035 
3 2 0 1036 
3 2 0 1042 
3 2 0 1038 
3 2 0 1041 
3 2 0 1039 
3 2 0 1040 
3 2 0 1044 
3 2 0 1046 
3 2 0 1068 
3 2 0 1062 
3 2 0 1060 
3 2 0 1056 
3 2 0 1054 
3 2 0 1052 
3 2 0 1048 
3 2 0 1051 
3 2 0 1049 
3 2 0 1050 
3 2 0 1053 
3 2 0 1055 
3 2 0 1059 
3 2 0 1057 
3 2 0 1058 
3 2 0 1061 
3 2 0 1067 
3 2 0 1063 
3 2 0 1066 
3 2 0 1064 
3 2 0 1065 
3 2 0 1070 
1 0 
1 0 
1 0 
1 0 
1 0 
2 3 1112 1113 0 
1 0 
1 0 
2 3 1115 1116 0 
2 3 1114 1117 0 
1 0 
2 3 1118 1119 0 
1 0 
2 3 1120 1121 0 
1 0 
2 3 1122 1123 0 
1 0 
1 0 
1 0 
1 0 
1 0 
2 3 1128 1129 0 
1 0 
1 0 
1 0 
2 3 1132 1133 0 
2 3 1131 1134 0 
2 3 1130 1135 0 
2 3 1127 1136 0 
2 3 1126 1137 0 
2 3 1125 1138 0 
2 3 1124 1139 0 
2 3 1111 1140 0 
2 3 1110 1141 0 
1 0 
2 3 1142 1143 0 
2 3 1109 1144 0 
3 2 0 1145 
3 2 0 1109 
3 2 0 1144 
3 2 0 1142 
3 2 0 1110 
3 2 0 1141 
3 2 0 1111 
3 2 0 1140 
3 2 0 1124 
3 2 0 1122 
3 2 0 1120 
3 2 0 1118 
3 2 0 1114 
3 2 0 1112 
3 2 0 1113 
3 2 0 1117 
3 2 0 1115 
3 2 0 1116 
3 2 0 1119 
3 2 0 1121 
3 2 0 1123 
3 2 0 1139 
3 2 0 1125 
3 2 0 1138 
3 2 0 1126 
3 2 0 1137 
3 2 0 1127 
3 2 0 1136 
3 2 0 1130 
3 2 0 1128 
3 2 0 1129 
3 2 0 1135 
3 2 0 1131 
3 2 0 1134 
3 2 0 1132 
3 2 0 1133 
3 2 0 1143 
1 0 
1 0 
1 0 
1 0 
1 0 
1 0 
2 3 1187 1188 0 
2 3 1186 1189 0 
2 3 1185 1190 0 
2 3 1184 1191 0 
2 3 1183 1192 0 
1 0 
2 3 1193 1194 0 
1 0 
1 0 
1 0 
1 0 
2 3 1198 1199 0 
2 3 1197 1200 0 
2 3 1196 1201 0 
2 3 1195 1202 0 
1 0 
2 3 1203 1204 0 
3 2 0 1205 
3 2 0 1203 
3 2 0 1195 
3 2 0 1193 
3 2 0 1183 
3 2 0 1192 
3 2 0 1184 
3 2 0 1191 
3 2 0 1185 
3 2 0 1190 
3 2 0 1186 
3 2 0 1189 
3 2 0 1187 
3 2 0 1188 
3 2 0 1194 
3 2 0 1202 
3 2 0 1196 
3 2 0 1201 
3 2 0 1197 
3 2 0 1200 
3 2 0 1198 
3 2 0 1199 
3 2 0 1204 
1 0 
1 0 
2 3 1229 1230 0 
1 0 
1 0 
1 0 
2 3 1233 1234 0 
2 3 1232 1235 0 
1 0 
1 0 
1 0 
1 0 
1 0 
1 0 
2 3 1241 1242 0 
2 3 1240 1243 0 
1 0 
1 0 
1 0 
1 0 
1 0 
1 0 
1 0 
1 0 
2 3 1251 1252 0 
1 0 
2 3 1253 1254 0 
2 3 1250 1255 0 
1 0 
1 0 
1 0 
2 3 1258 1259 0 
2 3 1257 1260 0 
2 3 1256 1261 0 
2 3 1249 1262 0 
2 3 1248 1263 0 
2 3 1247 1264 0 
2 3 1246 1265 0 
2 3 1245 1266 0 
2 3 1244 1267 0 
2 3 1239 1268 0 
2 3 1238 1269 0 
2 3 1237 1270 0 
2 3 1236 1271 0 
1 0 
2 3 1272 1273 0 
2 3 1231 1274 0 
3 2 0 1275 
3 2 0 1231 
3 2 0 1229 
3 2 0 1230 
3 2 0 1274 
3 2 0 1272 
3 2 0 1236 
3 2 0 1232 
3 2 0 1235 
3 2 0 1233 
3 2 0 1234 
3 2 0 1271 
3 2 0 1237 
3 2 0 1270 
3 2 0 1238 
3 2 0 1269 
3 2 0 1239 
3 2 0 1268 
3 2 0 1244 
3 2 0 1240 
3 2 0 1243 
3 2 0 1241 
3 2 0 1242 
3 2 0 1267 
3 2 0 1245 
3 2 0 1266 
3 2 0 1246 
3 2 0 1265 
3 2 0 1247 
3 2 0 1264 
3 2 0 1248 
3 2 0 1263 
3 2 0 1249 
3 2 0 1262 
3 2 0 1256 
3 2 0 1250 
3 2 0 1255 
3 2 0 1253 
3 2 0 1251 
3 2 0 1252 
3 2 0 1254 
3 2 0 1261 
3 2 0 1257 
3 2 0 1260 
3 2 0 1258 
3 2 0 1259 
3 2 0 1273 
1 0 
1 0 
1 0 
2 3 1324 1325 0 
2 3 1323 1326 0 
1 0 
1 0 
1 0 
2 3 1329 1330 0 
1 0 
1 0 
2 3 1332 1333 0 
2 3 1331 1334 0 
1 0 
2 3 1335 1336 0 
2 3 1328 1337 0 
2 3 1327 1338 0 
3 2 0 1339 
3 2 0 1327 
3 2 0 1323 
3 2 0 1326 
3 2 0 1324 
3 2 0 1325 
3 2 0 1338 
3 2 0 1328 
3 2 0 1337 
3 2 0 1335 
3 2 0 1331 
3 2 0 1329 
3 2 0 1330 
3 2 0 1334 
3 2 0 1332 
3 2 0 1333 
3 2 0 1336 
1 0 
1 0 
1 0 
2 3 1358 1359 0 
2 3 1357 1360 0 
1 0 
1 0 
1 0 
2 3 1363 1364 0 
2 3 1362 1365 0 
2 3 1361 1366 0 
1 0 
1 0 
1 0 
1 0 
1 0 
1 0 
1 0 
2 3 1373 1374 0 
2 3 1372 1375 0 
2 3 1371 1376 0 
2 3 1370 1377 0 
2 3 1369 1378 0 
2 3 1368 1379 0 
1 0 
2 3 1380 1381 0 
2 3 1367 1382 0 
3 2 0 1383 
3 2 0 1367 
3 2 0 1361 
3 2 0 1357 
3 2 0 1360 
3 2 0 1358 
3 2 0 1359 
3 2 0 1366 
3 2 0 1362 
3 2 0 1365 
3 2 0 1363 
3 2 0 1364 
3 2 0 1382 
3 2 0 1380 
3 2 0 1368 
3 2 0 1379 
3 2 0 1369 
3 2 0 1378 
3 2 0 1370 
3 2 0 1377 
3 2 0 1371 
3 2 0 1376 
3 2 0 1372 
3 2 0 1375 
3 2 0 1373 
3 2 0 1374 
3 2 0 1381 
1 0 
1 0 
2 3 1411 1412 0 
1 0 
1 0 
2 3 1414 1415 0 
1 0 
1 0 
1 0 
1 0 
2 3 1419 1420 0 
2 3 1418 1421 0 
2 3 1417 1422 0 
2 3 1416 1423 0 
1 0 
2 3 1424 1425 0 
2 3 1413 1426 0 
3 2 0 1427 
3 2 0 1413 
3 2 0 1411 
3 2 0 1412 
3 2 0 1426 
3 2 0 1424 
3 2 0 1416 
3 2 0 1414 
3 2 0 1415 
3 2 0 1423 
3 2 0 1417 
3 2 0 1422 
3 2 0 1418 
3 2 0 1421 
3 2 0 1419 
3 2 0 1420 
3 2 0 1425 
1 0 
1 0 
2 3 1445 1446 0 
1 0 
2 3 1447 1448 0 
1 0 
1 0 
1 0 
2 3 1451 1452 0 
2 3 1450 1453 0 
2 3 1449 1454 0 
1 0 
2 3 1455 1456 0 
1 0 
1 0 
1 0 
2 3 1459 1460 0 
2 3 1458 1461 0 
1 0 
1 0 
1 0 
2 3 1464 1465 0 
2 3 1463 1466 0 
2 3 1462 1467 0 
2 3 1457 1468 0 
1 0 
2 3 1469 1470 0 
3 2 0 1471 
3 2 0 1469 
3 2 0 1457 
3 2 0 1455 
3 2 0 1449 
3 2 0 1447 
3 2 0 1445 
3 2 0 1446 
3 2 0 1448 
3 2 0 1454 
3 2 0 1450 
3 2 0 1453 
3 2 0 1451 
3 2 0 1452 
3 2 0 1456 
3 2 0 1468 
3 2 0 1462 
3 2 0 1458 
3 2 0 1461 
3 2 0 1459 
3 2 0 1460 
3 2 0 1467 
3 2 0 1463 
3 2 0 1466 
3 2 0 1464 
3 2 0 1465 
3 2 0 1470 
1 0 
1 0 
1 0 
1 0 
1 0 
1 0 
2 3 1503 1504 0 
1 0 
1 0 
1 0 
2 3 1507 1508 0 
2 3 1506 1509 0 
2 3 1505 1510 0 
2 3 1502 1511 0 
2 3 1501 1512 0 
2 3 1500 1513 0 
1 0 
2 3 1514 1515 0 
2 3 1499 1516 0 
3 2 0 1517 
3 2 0 1499 
3 2 0 1516 
3 2 0 1514 
3 2 0 1500 
3 2 0 1513 
3 2 0 1501 
3 2 0 1512 
3 2 0 1502 
3 2 0 1511 
3 2 0 1505 
3 2 0 1503 
3 2 0 1504 
3 2 0 1510 
3 2 0 1506 
3 2 0 1509 
3 2 0 1507 
3 2 0 1508 
3 2 0 1515 
1 0 
1 0 
1 0 
1 0 
2 3 1539 1540 0 
2 3 1538 1541 0 
1 0 
1 0 
2 3 1543 1544 0 
2 3 1542 1545 0 
1 0 
1 0 
1 0 
1 0 
1 0 
1 0 
1 0 
2 3 1552 1553 0 
2 3 1551 1554 0 
2 3 1550 1555 0 
2 3 1549 1556 0 
2 3 1548 1557 0 
2 3 1547 1558 0 
2 3 1546 1559 0 
1 0 
2 3 1560 1561 0 
2 3 1537 1562 0 
3 2 0 1563 
3 2 0 1537 
3 2 0 1562 
3 2 0 1560 
3 2 0 1546 
3 2 0 1542 
3 2 0 1538 
3 2 0 1541 
3 2 0 1539 
3 2 0 1540 
3 2 0 1545 
3 2 0 1543 
3 2 0 1544 
3 2 0 1559 
3 2 0 1547 
3 2 0 1558 
3 2 0 1548 
3 2 0 1557 
3 2 0 1549 
3 2 0 1556 
3 2 0 1550 
3 2 0 1555 
3 2 0 1551 
3 2 0 1554 
3 2 0 1552 
3 2 0 1553 
3 2 0 1561 
1 0 
1 0 
1 0 
1 0 
1 0 
1 0 
1 0 
2 3 1596 1597 0 
2 3 1595 1598 0 
2 3 1594 1599 0 
1 0 
2 3 1600 1601 0 
2 3 1593 1602 0 
2 3 1592 1603 0 
2 3 1591 1604 0 
3 2 0 1605 
3 2 0 1591 
3 2 0 1604 
3 2 0 1592 
3 2 0 1603 
3 2 0 1593 
3 2 0 1602 
3 2 0 1600 
3 2 0 1594 
3 2 0 1599 
3 2 0 1595 
3 2 0 1598 
3 2 0 1596 
3 2 0 1597 
3 2 0 1601 
1 0 
1 0 
1 0 
2 3 1622 1623 0 
2 3 1621 1624 0 
1 0 
1 0 
1 0 
1 0 
1 0 
2 3 1629 1630 0 
1 0 
2 3 1631 1632 0 
1 0 
1 0 
2 3 1634 1635 0 
2 3 1633 1636 0 
1 0 
2 3 1637 1638 0 
2 3 1628 1639 0 
2 3 1627 1640 0 
1 0 
2 3 1641 1642 0 
2 3 1626 1643 0 
2 3 1625 1644 0 
1 0 
2 3 1645 1646 0 
3 2 0 1647 
3 2 0 1645 
3 2 0 1625 
3 2 0 1621 
3 2 0 1624 
3 2 0 1622 
3 2 0 1623 
3 2 0 1644 
3 2 0 1626 
3 2 0 1643 
3 2 0 1641 
3 2 0 1627 
3 2 0 1640 
3 2 0 1628 
3 2 0 1639 
3 2 0 1637 
3 2 0 1633 
3 2 0 1631 
3 2 0 1629 
3 2 0 1630 
3 2 0 1632 
3 2 0 1636 
3 2 0 1634 
3 2 0 1635 
3 2 0 1638 
3 2 0 1642 
3 2 0 1646 
1 0 
1 0 
2 3 1675 1676 0 
1 0 
1 0 
2 3 1678 1679 0 
1 0 
1 0 
1 0 
1 0 
2 3 1683 1684 0 
2 3 1682 1685 0 
1 0 
1 0 
2 3 1687 1688 0 
2 3 1686 1689 0 
1 0 
2 3 1690 1691 0 
1 0 
2 3 1692 1693 0 
1 0 
1 0 
1 0 
2 3 1696 1697 0 
1 0 
1 0 
1 0 
1 0 
2 3 1701 1702 0 
2 3 1700 1703 0 
2 3 1699 1704 0 
2 3 1698 1705 0 
2 3 1695 1706 0 
2 3 1694 1707 0 
2 3 1681 1708 0 
2 3 1680 1709 0 
1 0 
2 3 1710 1711 0 
2 3 1677 1712 0 
3 2 0 1713 
3 2 0 1677 
3 2 0 1675 
3 2 0 1676 
3 2 0 1712 
3 2 0 1710 
3 2 0 1680 
3 2 0 1678 
3 2 0 1679 
3 2 0 1709 
3 2 0 1681 
3 2 0 1708 
3 2 0 1694 
3 2 0 1692 
3 2 0 1690 
3 2 0 1686 
3 2 0 1682 
3 2 0 1685 
3 2 0 1683 
3 2 0 1684 
3 2 0 1689 
3 2 0 1687 
3 2 0 1688 
3 2 0 1691 
3 2 0 1693 
3 2 0 1707 
3 2 0 1695 
3 2 0 1706 
3 2 0 1698 
3 2 0 1696 
3 2 0 1697 
3 2 0 1705 
3 2 0 1699 
3 2 0 1704 
3 2 0 1700 
3 2 0 1703 
3 2 0 1701 
3 2 0 1702 
3 2 0 1711 
1 0 
1 0 
1 0 
2 3 1754 1755 0 
1 0 
1 0 
2 3 1757 1758 0 
2 3 1756 1759 0 
2 3 1753 1760 0 
1 0 
2 3 1761 1762 0 
1 0 
2 3 1763 1764 0 
1 0 
1 0 
1 0 
2 3 1767 1768 0 
1 0 
2 3 1769 1770 0 
2 3 1766 1771 0 
2 3 1765 1772 0 
1 0 
2 3 1773 1774 0 
3 2 0 1775 
3 2 0 1773 
3 2 0 1765 
3 2 0 1763 
3 2 0 1761 
3 2 0 1753 
3 2 0 1760 
3 2 0 1756 
3 2 0 1754 
3 2 0 1755 
3 2 0 1759 
3 2 0 1757 
3 2 0 1758 
3 2 0 1762 
3 2 0 1764 
3 2 0 1772 
3 2 0 1766 
3 2 0 1771 
3 2 0 1769 
3 2 0 1767 
3 2 0 1768 
3 2 0 1770 
3 2 0 1774 
1 0 
1 0 
1 0 
2 3 1800 1801 0 
2 3 1799 1802 0 
3 2 0 1803 
3 2 0 1799 
3 2 0 1802 
3 2 0 1800 
3 2 0 1801 
1 0 
1 0 
2 3 1809 1810 0 
1 0 
1 0 
1 0 
1 0 
1 0 
1 0 
1 0 
1 0 
1 0 
1 0 
1 0 
1 0 
1 0 
2 3 1823 1824 0 
2 3 1822 1825 0 
1 0 
2 3 1826 1827 0 
1 0 
2 3 1828 1829 0 
2 3 1821 1830 0 
1 0 
2 3 1831 1832 0 
2 3 1820 1833 0 
1 0 
2 3 1834 1835 0 
1 0 
1 0 
1 0 
2 3 1838 1839 0 
2 3 1837 1840 0 
2 3 1836 1841 0 
2 3 1819 1842 0 
2 3 1818 1843 0 
1 0 
1 0 
1 0 
1 0 
2 3 1847 1848 0 
1 0 
2 3 1849 1850 0 
2 3 1846 1851 0 
2 3 1845 1852 0 
2 3 1844 1853 0 
2 3 1817 1854 0 
1 0 
2 3 1855 1856 0 
2 3 1816 1857 0 
2 3 1815 1858 0 
1 0 
1 0 
1 0 
1 0 
1 0 
1 0 
2 3 1864 1865 0 
2 3 1863 1866 0 
2 3 1862 1867 0 
2 3 1861 1868 0 
2 3 1860 1869 0 
2 3 1859 1870 0 
2 3 1814 1871 0 
2 3 1813 1872 0 
2 3 1812 1873 0 
1 0 
2 3 1874 1875 0 
2 3 1811 1876 0 
3 2 0 1877 
3 2 0 1811 
3 2 0 1809 
3 2 0 1810 
3 2 0 1876 
3 2 0 1874 
3 2 0 1812 
3 2 0 1873 
3 2 0 1813 
3 2 0 1872 
3 2 0 1814 
3 2 0 1871 
3 2 0 1859 
3 2 0 1815 
3 2 0 1858 
3 2 0 1816 
3 2 0 1857 
3 2 0 1855 
3 2 0 1817 
3 2 0 1854 
3 2 0 1844 
3 2 0 1818 
3 2 0 1843 
3 2 0 1819 
3 2 0 1842 
3 2 0 1836 
3 2 0 1834 
3 2 0 1820 
3 2 0 1833 
3 2 0 1831 
3 2 0 1821 
3 2 0 1830 
3 2 0 1828 
3 2 0 1826 
3 2 0 1822 
3 2 0 1825 
3 2 0 1823 
3 2 0 1824 
3 2 0 1827 
3 2 0 1829 
3 2 0 1832 
3 2 0 1835 
3 2 0 1841 
3 2 0 1837 
3 2 0 1840 
3 2 0 1838 
3 2 0 1839 
3 2 0 1853 
3 2 0 1845 
3 2 0 1852 
3 2 0 1846 
3 2 0 1851 
3 2 0 1849 
3 2 0 1847 
3 2 0 1848 
3 2 0 1850 
3 2 0 1856 
3 2 0 1870 
3 2 0 1860 
3 2 0 1869 
3 2 0 1861 
3 2 0 1868 
3 2 0 1862 
3 2 0 1867 
3 2 0 1863 
3 2 0 1866 
3 2 0 1864 
3 2 0 1865 
3 2 0 1875 
1 0 
1 0 
2 3 1947 1948 0 
1 0 
1 0 
1 0 
2 3 1951 1952 0 
1 0 
2 3 1953 1954 0 
1 0 
1 0 
2 3 1956 1957 0 
2 3 1955 1958 0 
1 0 
2 3 1959 1960 0 
1 0 
1 0 
1 0 
2 3 1963 1964 0 
2 3 1962 1965 0 
2 3 1961 1966 0 
2 3 1950 1967 0 
2 3 1949 1968 0 
1 0 
1 0 
1 0 
1 0 
1 0 
1 0 
1 0 
1 0 
2 3 1976 1977 0 
1 0 
2 3 1978 1979 0 
2 3 1975 1980 0 
2 3 1974 1981 0 
2 3 1973 1982 0 
2 3 1972 1983 0 
2 3 1971 1984 0 
1 0 
2 3 1985 1986 0 
2 3 1970 1987 0 
2 3 1969 1988 0 
3 2 0 1989 
3 2 0 1969 
3 2 0 1949 
3 2 0 1947 
3 2 0 1948 
3 2 0 1968 
3 2 0 1950 
3 2 0 1967 
3 2 0 1961 
3 2 0 1959 
3 2 0 1955 
3 2 0 1953 
3 2 0 1951 
3 2 0 1952 
3 2 0 1954 
3 2 0 1958 
3 2 0 1956 
3 2 0 1957 
3 2 0 1960 
3 2 0 1966 
3 2 0 1962 
3 2 0 1965 
3 2 0 1963 
3 2 0 1964 
3 2 0 1988 
3 2 0 1970 
3 2 0 1987 
3 2 0 1985 
3 2 0 1971 
3 2 0 1984 
3 2 0 1972 
3 2 0 1983 
3 2 0 1973 
3 2 0 1982 
3 2 0 1974 
3 2 0 1981 
3 2 0 1975 
3 2 0 1980 
3 2 0 1978 
3 2 0 1976 
3 2 0 1977 
3 2 0 1979 
3 2 0 1986 
1 0 
1 0 
1 0 
1 0 
1 0 
1 0 
1 0 
2 3 2038 2039 0 
1 0 
2 3 2040 2041 0 
2 3 2037 2042 0 
2 3 2036 2043 0 
2 3 2035 2044 0 
1 0 
1 0 
1 0 
1 0 
2 3 2048 2049 0 
2 3 2047 2050 0 
1 0 
1 0 
1 0 
2 3 2053 2054 0 
2 3 2052 2055 0 
2 3 2051 2056 0 
2 3 2046 2057 0 
2 3 2045 2058 0 
2 3 2034 2059 0 
2 3 2033 2060 0 
1 0 
1 0 
1 0 
1 0 
2 3 2064 2065 0 
2 3 2063 2066 0 
1 0 
2 3 2067 2068 0 
1 0 
1 0 
1 0 
1 0 
2 3 2072 2073 0 
2 3 2071 2074 0 
1 0 
1 0 
1 0 
2 3 2077 2078 0 
2 3 2076 2079 0 
2 3 2075 2080 0 
2 3 2070 2081 0 
2 3 2069 2082 0 
1 0 
1 0 
1 0 
1 0 
1 0 
2 3 2087 2088 0 
1 0 
1 0 
1 0 
2 3 2091 2092 0 
1 0 
2 3 2093 2094 0 
2 3 2090 2095 0 
2 3 2089 2096 0 
2 3 2086 2097 0 
2 3 2085 2098 0 
1 0 
2 3 2099 2100 0 
2 3 2084 2101 0 
2 3 2083 2102 0 
2 3 2062 2103 0 
2 3 2061 2104 0 
3 2 0 2105 
3 2 0 2061 
3 2 0 2033 
3 2 0 2060 
3 2 0 2034 
3 2 0 2059 
3 2 0 2045 
3 2 0 2035 
3 2 0 2044 
3 2 0 2036 
3 2 0 2043 
3 2 0 2037 
3 2 0 2042 
3 2 0 2040 
3 2 0 2038 
3 2 0 2039 
3 2 0 2041 
3 2 0 2058 
3 2 0 2046 
3 2 0 2057 
3 2 0 2051 
3 2 0 2047 
3 2 0 2050 
3 2 0 2048 
3 2 0 2049 
3 2 0 2056 
3 2 0 2052 
3 2 0 2055 
3 2 0 2053 
3 2 0 2054 
3 2 0 2104 
3 2 0 2062 
3 2 0 2103 
3 2 0 2083 
3 2 0 2069 
3 2 0 2067 
3 2 0 2063 
3 2 0 2066 
3 2 0 2064 
3 2 0 2065 
3 2 0 2068 
3 2 0 2082 
3 2 0 2070 
3 2 0 2081 
3 2 0 2075 
3 2 0 2071 
3 2 0 2074 
3 2 0 2072 
3 2 0 2073 
3 2 0 2080 
3 2 0 2076 
3 2 0 2079 
3 2 0 2077 
3 2 0 2078 
3 2 0 2102 
3 2 0 2084 
3 2 0 2101 
3 2 0 2099 
3 2 0 2085 
3 2 0 2098 
3 2 0 2086 
3 2 0 2097 
3 2 0 2089 
3 2 0 2087 
3 2 0 2088 
3 2 0 2096 
3 2 0 2090 
3 2 0 2095 
3 2 0 2093 
3 2 0 2091 
3 2 0 2092 
3 2 0 2094 
3 2 0 2100 
1 0 
1 0 
1 0 
1 0 
2 3 2181 2182 0 
1 0 
2 3 2183 2184 0 
1 0 
1 0 
2 3 2186 2187 0 
2 3 2185 2188 0 
2 3 2180 2189 0 
1 0 
1 0 
1 0 
2 3 2192 2193 0 
1 0 
1 0 
2 3 2195 2196 0 
2 3 2194 2197 0 
1 0 
2 3 2198 2199 0 
1 0 
2 3 2200 2201 0 
1 0 
1 0 
2 3 2203 2204 0 
2 3 2202 2205 0 
1 0 
2 3 2206 2207 0 
1 0 
2 3 2208 2209 0 
1 0 
1 0 
1 0 
1 0 
2 3 2213 2214 0 
2 3 2212 2215 0 
1 0 
2 3 2216 2217 0 
2 3 2211 2218 0 
2 3 2210 2219 0 
1 0 
2 3 2220 2221 0 
1 0 
1 0 
1 0 
1 0 
2 3 2225 2226 0 
1 0 
2 3 2227 2228 0 
1 0 
2 3 2229 2230 0 
2 3 2224 2231 0 
2 3 2223 2232 0 
2 3 2222 2233 0 
2 3 2191 2234 0 
2 3 2190 2235 0 
2 3 2179 2236 0 
1 0 
1 0 
1 0 
2 3 2239 2240 0 
2 3 2238 2241 0 
2 3 2237 2242 0 
3 2 0 2243 
3 2 0 2237 
3 2 0 2179 
3 2 0 2236 
3 2 0 2190 
3 2 0 2180 
3 2 0 2189 
3 2 0 2185 
3 2 0 2183 
3 2 0 2181 
3 2 0 2182 
3 2 0 2184 
3 2 0 2188 
3 2 0 2186 
3 2 0 2187 
3 2 0 2235 
3 2 0 2191 
3 2 0 2234 
3 2 0 2222 
3 2 0 2220 
3 2 0 2210 
3 2 0 2208 
3 2 0 2206 
3 2 0 2202 
3 2 0 2200 
3 2 0 2198 
3 2 0 2194 
3 2 0 2192 
3 2 0 2193 
3 2 0 2197 
3 2 0 2195 
3 2 0 2196 
3 2 0 2199 
3 2 0 2201 
3 2 0 2205 
3 2 0 2203 
3 2 0 2204 
3 2 0 2207 
3 2 0 2209 
3 2 0 2219 
3 2 0 2211 
3 2 0 2218 
3 2 0 2216 
3 2 0 2212 
3 2 0 2215 
3 2 0 2213 
3 2 0 2214 
3 2 0 2217 
3 2 0 2221 
3 2 0 2233 
3 2 0 2223 
3 2 0 2232 
3 2 0 2224 
3 2 0 2231 
3 2 0 2229 
3 2 0 2227 
3 2 0 2225 
3 2 0 2226 
3 2 0 2228 
3 2 0 2230 
3 2 0 2242 
3 2 0 2238 
3 2 0 2241 
3 2 0 2239 
3 2 0 2240 
1 0 
1 0 
1 0 
1 0 
2 3 2311 2312 0 
1 0 
2 3 2313 2314 0 
1 0 
1 0 
1 0 
2 3 2317 2318 0 
2 3 2316 2319 0 
2 3 2315 2320 0 
2 3 2310 2321 0 
2 3 2309 2322 0 
1 0 
1 0 
1 0 
1 0 
2 3 2326 2327 0 
1 0 
2 3 2328 2329 0 
2 3 2325 2330 0 
2 3 2324 2331 0 
1 0 
2 3 2332 2333 0 
2 3 2323 2334 0 
3 2 0 2335 
3 2 0 2323 
3 2 0 2309 
3 2 0 2322 
3 2 0 2310 
3 2 0 2321 
3 2 0 2315 
3 2 0 2313 
3 2 0 2311 
3 2 0 2312 
3 2 0 2314 
3 2 0 2320 
3 2 0 2316 
3 2 0 2319 
3 2 0 2317 
3 2 0 2318 
3 2 0 2334 
3 2 0 2332 
3 2 0 2324 
3 2 0 2331 
3 2 0 2325 
3 2 0 2330 
3 2 0 2328 
3 2 0 2326 
3 2 0 2327 
3 2 0 2329 
3 2 0 2333 
1 0 
1 0 
1 0 
2 3 2364 2365 0 
1 0 
1 0 
1 0 
1 0 
2 3 2369 2370 0 
2 3 2368 2371 0 
1 0 
1 0 
1 0 
1 0 
1 0 
2 3 2376 2377 0 
2 3 2375 2378 0 
2 3 2374 2379 0 
2 3 2373 2380 0 
2 3 2372 2381 0 
2 3 2367 2382 0 
2 3 2366 2383 0 
2 3 2363 2384 0 
1 0 
1 0 
1 0 
1 0 
2 3 2388 2389 0 
2 3 2387 2390 0 
1 0 
1 0 
1 0 
1 0 
1 0 
1 0 
1 0 
2 3 2397 2398 0 
2 3 2396 2399 0 
1 0 
1 0 
2 3 2401 2402 0 
2 3 2400 2403 0 
2 3 2395 2404 0 
1 0 
1 0 
1 0 
2 3 2407 2408 0 
2 3 2406 2409 0 
2 3 2405 2410 0 
1 0 
2 3 2411 2412 0 
1 0 
1 0 
2 3 2414 2415 0 
2 3 2413 2416 0 
2 3 2394 2417 0 
2 3 2393 2418 0 
2 3 2392 2419 0 
1 0 
2 3 2420 2421 0 
2 3 2391 2422 0 
2 3 2386 2423 0 
2 3 2385 2424 0 
3 2 0 2425 
3 2 0 2385 
3 2 0 2363 
3 2 0 2384 
3 2 0 2366 
3 2 0 2364 
3 2 0 2365 
3 2 0 2383 
3 2 0 2367 
3 2 0 2382 
3 2 0 2372 
3 2 0 2368 
3 2 0 2371 
3 2 0 2369 
3 2 0 2370 
3 2 0 2381 
3 2 0 2373 
3 2 0 2380 
3 2 0 2374 
3 2 0 2379 
3 2 0 2375 
3 2 0 2378 
3 2 0 2376 
3 2 0 2377 
3 2 0 2424 
3 2 0 2386 
3 2 0 2423 
3 2 0 2391 
3 2 0 2387 
3 2 0 2390 
3 2 0 2388 
3 2 0 2389 
3 2 0 2422 
3 2 0 2420 
3 2 0 2392 
3 2 0 2419 
3 2 0 2393 
3 2 0 2418 
3 2 0 2394 
3 2 0 2417 
3 2 0 2413 
3 2 0 2411 
3 2 0 2405 
3 2 0 2395 
3 2 0 2404 
3 2 0 2400 
3 2 0 2396 
3 2 0 2399 
3 2 0 2397 
3 2 0 2398 
3 2 0 2403 
3 2 0 2401 
3 2 0 2402 
3 2 0 2410 
3 2 0 2406 
3 2 0 2409 
3 2 0 2407 
3 2 0 2408 
3 2 0 2412 
3 2 0 2416 
3 2 0 2414 
3 2 0 2415 
3 2 0 2421 
1 0 
1 0 
1 0 
1 0 
1 0 
1 0 
2 3 2493 2494 0 
2 3 2492 2495 0 
1 0 
1 0 
1 0 
2 3 2498 2499 0 
2 3 2497 2500 0 
1 0 
2 3 2501 2502 0 
2 3 2496 2503 0 
2 3 2491 2504 0 
2 3 2490 2505 0 
2 3 2489 2506 0 
1 0 
2 3 2507 2508 0 
1 0 
2 3 2509 2510 0 
1 0 
1 0 
2 3 2512 2513 0 
1 0 
1 0 
1 0 
2 3 2516 2517 0 
2 3 2515 2518 0 
2 3 2514 2519 0 
1 0 
1 0 
1 0 
1 0 
1 0 
2 3 2524 2525 0 
2 3 2523 2526 0 
2 3 2522 2527 0 
2 3 2521 2528 0 
2 3 2520 2529 0 
2 3 2511 2530 0 
1 0 
2 3 2531 2532 0 
3 2 0 2533 
3 2 0 2531 
3 2 0 2511 
3 2 0 2509 
3 2 0 2507 
3 2 0 2489 
3 2 0 2506 
3 2 0 2490 
3 2 0 2505 
3 2 0 2491 
3 2 0 2504 
3 2 0 2496 
3 2 0 2492 
3 2 0 2495 
3 2 0 2493 
3 2 0 2494 
3 2 0 2503 
3 2 0 2501 
3 2 0 2497 
3 2 0 2500 
3 2 0 2498 
3 2 0 2499 
3 2 0 2502 
3 2 0 2508 
3 2 0 2510 
3 2 0 2530 
3 2 0 2520 
3 2 0 2514 
3 2 0 2512 
3 2 0 2513 
3 2 0 2519 
3 2 0 2515 
3 2 0 2518 
3 2 0 2516 
3 2 0 2517 
3 2 0 2529 
3 2 0 2521 
3 2 0 2528 
3 2 0 2522 
3 2 0 2527 
3 2 0 2523 
3 2 0 2526 
3 2 0 2524 
3 2 0 2525 
3 2 0 2532 
1 0 
1 0 
2 3 2579 2580 0 
1 0 
2 3 2581 2582 0 
3 2 0 2583 
3 2 0 2581 
3 2 0 2579 
3 2 0 2580 
3 2 0 2582 
1 0 
1 0 
2 3 2589 2590 0 
1 0 
1 0 
1 0 
2 3 2593 2594 0 
2 3 2592 2595 0 
2 3 2591 2596 0 
1 0 
2 3 2597 2598 0 
1 0 
1 0 
2 3 2600 2601 0 
1 0 
1 0 
1 0 
1 0 
2 3 2605 2606 0 
1 0 
2 3 2607 2608 0 
1 0 
1 0 
1 0 
1 0 
1 0 
1 0 
2 3 2614 2615 0 
2 3 2613 2616 0 
1 0 
1 0 
1 0 
2 3 2619 2620 0 
2 3 2618 2621 0 
1 0 
1 0 
1 0 
1 0 
1 0 
1 0 
1 0 
1 0 
2 3 2629 2630 0 
2 3 2628 2631 0 
2 3 2627 2632 0 
2 3 2626 2633 0 
2 3 2625 2634 0 
2 3 2624 2635 0 
2 3 2623 2636 0 
2 3 2622 2637 0 
2 3 2617 2638 0 
2 3 2612 2639 0 
2 3 2611 2640 0 
2 3 2610 2641 0 
2 3 2609 2642 0 
2 3 2604 2643 0 
2 3 2603 2644 0 
2 3 2602 2645 0 
2 3 2599 2646 0 
1 0 
2 3 2647 2648 0 
3 2 0 2649 
3 2 0 2647 
3 2 0 2599 
3 2 0 2597 
3 2 0 2591 
3 2 0 2589 
3 2 0 2590 
3 2 0 2596 
3 2 0 2592 
3 2 0 2595 
3 2 0 2593 
3 2 0 2594 
3 2 0 2598 
3 2 0 2646 
3 2 0 2602 
3 2 0 2600 
3 2 0 2601 
3 2 0 2645 
3 2 0 2603 
3 2 0 2644 
3 2 0 2604 
3 2 0 2643 
3 2 0 2609 
3 2 0 2607 
3 2 0 2605 
3 2 0 2606 
3 2 0 2608 
3 2 0 2642 
3 2 0 2610 
3 2 0 2641 
3 2 0 2611 
3 2 0 2640 
3 2 0 2612 
3 2 0 2639 
3 2 0 2617 
3 2 0 2613 
3 2 0 2616 
3 2 0 2614 
3 2 0 2615 
3 2 0 2638 
3 2 0 2622 
3 2 0 2618 
3 2 0 2621 
3 2 0 2619 
3 2 0 2620 
3 2 0 2637 
3 2 0 2623 
3 2 0 2636 
3 2 0 2624 
3 2 0 2635 
3 2 0 2625 
3 2 0 2634 
3 2 0 2626 
3 2 0 2633 
3 2 0 2627 
3 2 0 2632 
3 2 0 2628 
3 2 0 2631 
3 2 0 2629 
3 2 0 2630 
3 2 0 2648 
1 0 
1 0 
1 0 
2 3 2712 2713 0 
1 0 
1 0 
1 0 
1 0 
2 3 2717 2718 0 
2 3 2716 2719 0 
1 0 
1 0 
1 0 
1 0 
2 3 2723 2724 0 
1 0 
1 0 
1 0 
2 3 2727 2728 0 
2 3 2726 2729 0 
1 0 
1 0 
1 0 
1 0 
2 3 2733 2734 0 
2 3 2732 2735 0 
1 0 
2 3 2736 2737 0 
2 3 2731 2738 0 
2 3 2730 2739 0 
2 3 2725 2740 0 
2 3 2722 2741 0 
2 3 2721 2742 0 
2 3 2720 2743 0 
2 3 2715 2744 0 
1 0 
2 3 2745 2746 0 
2 3 2714 2747 0 
2 3 2711 2748 0 
3 2 0 2749 
3 2 0 2711 
3 2 0 2748 
3 2 0 2714 
3 2 0 2712 
3 2 0 2713 
3 2 0 2747 
3 2 0 2745 
3 2 0 2715 
3 2 0 2744 
3 2 0 2720 
3 2 0 2716 
3 2 0 2719 
3 2 0 2717 
3 2 0 2718 
3 2 0 2743 
3 2 0 2721 
3 2 0 2742 
3 2 0 2722 
3 2 0 2741 
3 2 0 2725 
3 2 0 2723 
3 2 0 2724 
3 2 0 2740 
3 2 0 2730 
3 2 0 2726 
3 2 0 2729 
3 2 0 2727 
3 2 0 2728 
3 2 0 2739 
3 2 0 2731 
3 2 0 2738 
3 2 0 2736 
3 2 0 2732 
3 2 0 2735 
3 2 0 2733 
3 2 0 2734 
3 2 0 2737 
3 2 0 2746 
1 0 
1 0 
2 3 2789 2790 0 
1 0 
1 0 
1 0 
1 0 
1 0 
2 3 2795 2796 0 
1 0 
1 0 
1 0 
1 0 
2 3 2800 2801 0 
2 3 2799 2802 0 
2 3 2798 2803 0 
2 3 2797 2804 0 
1 0 
2 3 2805 2806 0 
1 0 
1 0 
1 0 
1 0 
2 3 2810 2811 0 
2 3 2809 2812 0 
2 3 2808 2813 0 
2 3 2807 2814 0 
2 3 2794 2815 0 
2 3 2793 2816 0 
1 0 
2 3 2817 2818 0 
2 3 2792 2819 0 
2 3 2791 2820 0 
3 2 0 2821 
3 2 0 2791 
3 2 0 2789 
3 2 0 2790 
3 2 0 2820 
3 2 0 2792 
3 2 0 2819 
3 2 0 2817 
3 2 0 2793 
3 2 0 2816 
3 2 0 2794 
3 2 0 2815 
3 2 0 2807 
3 2 0 2805 
3 2 0 2797 
3 2 0 2795 
3 2 0 2796 
3 2 0 2804 
3 2 0 2798 
3 2 0 2803 
3 2 0 2799 
3 2 0 2802 
3 2 0 2800 
3 2 0 2801 
3 2 0 2806 
3 2 0 2814 
3 2 0 2808 
3 2 0 2813 
3 2 0 2809 
3 2 0 2812 
3 2 0 2810 
3 2 0 2811 
3 2 0 2818 
1 0 
1 0 
1 0 
2 3 2856 2857 0 
1 0 
1 0 
2 3 2859 2860 0 
1 0 
2 3 2861 2862 0 
2 3 2858 2863 0 
1 0 
1 0 
2 3 2865 2866 0 
1 0 
2 3 2867 2868 0 
1 0 
1 0 
2 3 2870 2871 0 
2 3 2869 2872 0 
1 0 
2 3 2873 2874 0 
2 3 2864 2875 0 
2 3 2855 2876 0 
3 2 0 2877 
3 2 0 2855 
3 2 0 2876 
3 2 0 2864 
3 2 0 2858 
3 2 0 2856 
3 2 0 2857 
3 2 0 2863 
3 2 0 2861 
3 2 0 2859 
3 2 0 2860 
3 2 0 2862 
3 2 0 2875 
3 2 0 2873 
3 2 0 2869 
3 2 0 2867 
3 2 0 2865 
3 2 0 2866 
3 2 0 2868 
3 2 0 2872 
3 2 0 2870 
3 2 0 2871 
3 2 0 2874 
1 0 
1 0 
1 0 
1 0 
2 3 2903 2904 0 
1 0 
2 3 2905 2906 0 
2 3 2902 2907 0 
2 3 2901 2908 0 
3 2 0 2909 
3 2 0 2901 
3 2 0 2908 
3 2 0 2902 
3 2 0 2907 
3 2 0 2905 
3 2 0 2903 
3 2 0 2904 
3 2 0 2906 
1 0 
1 0 
1 0 
1 0 
1 0 
1 0 
1 0 
2 3 2924 2925 0 
2 3 2923 2926 0 
2 3 2922 2927 0 
1 0 
1 0 
1 0 
1 0 
1 0 
1 0 
1 0 
2 3 2934 2935 0 
2 3 2933 2936 0 
1 0 
2 3 2937 2938 0 
2 3 2932 2939 0 
2 3 2931 2940 0 
2 3 2930 2941 0 
2 3 2929 2942 0 
2 3 2928 2943 0 
2 3 2921 2944 0 
1 0 
2 3 2945 2946 0 
2 3 2920 2947 0 
2 3 2919 2948 0 
3 2 0 2949 
3 2 0 2919 
3 2 0 2948 
3 2 0 2920 
3 2 0 2947 
3 2 0 2945 
3 2 0 2921 
3 2 0 2944 
3 2 0 2928 
3 2 0 2922 
3 2 0 2927 
3 2 0 2923 
3 2 0 2926 
3 2 0 2924 
3 2 0 2925 
3 2 0 2943 
3 2 0 2929 
3 2 0 2942 
3 2 0 2930 
3 2 0 2941 
3 2 0 2931 
3 2 0 2940 
3 2 0 2932 
3 2 0 2939 
3 2 0 2937 
3 2 0 2933 
3 2 0 2936 
3 2 0 2934 
3 2 0 2935 
3 2 0 2938 
3 2 0 2946 
1 0 
1 0 
2 3 2981 2982 0 
1 0 
1 0 
1 0 
1 0 
1 0 
1 0 
2 3 2988 2989 0 
1 0 
2 3 2990 2991 0 
1 0 
1 0 
1 0 
2 3 2994 2995 0 
2 3 2993 2996 0 
2 3 2992 2997 0 
2 3 2987 2998 0 
2 3 2986 2999 0 
2 3 2985 3000 0 
1 0 
2 3 3001 3002 0 
2 3 2984 3003 0 
2 3 2983 3004 0 
1 0 
1 0 
2 3 3006 3007 0 
2 3 3005 3008 0 
3 2 0 3009 
3 2 0 3005 
3 2 0 2983 
3 2 0 2981 
3 2 0 2982 
3 2 0 3004 
3 2 0 2984 
3 2 0 3003 
3 2 0 3001 
3 2 0 2985 
3 2 0 3000 
3 2 0 2986 
3 2 0 2999 
3 2 0 2987 
3 2 0 2998 
3 2 0 2992 
3 2 0 2990 
3 2 0 2988 
3 2 0 2989 
3 2 0 2991 
3 2 0 2997 
3 2 0 2993 
3 2 0 2996 
3 2 0 2994 
3 2 0 2995 
3 2 0 3002 
3 2 0 3008 
3 2 0 3006 
3 2 0 3007 
1 0 
1 0 
2 3 3039 3040 0 
1 0 
1 0 
2 3 3042 3043 0 
1 0 
1 0 
2 3 3045 3046 0 
1 0 
2 3 3047 3048 0 
1 0 
1 0 
1 0 
1 0 
1 0 
1 0 
2 3 3054 3055 0 
2 3 3053 3056 0 
2 3 3052 3057 0 
2 3 3051 3058 0 
2 3 3050 3059 0 
2 3 3049 3060 0 
2 3 3044 3061 0 
2 3 3041 3062 0 
1 0 
2 3 3063 3064 0 
1 0 
2 3 3065 3066 0 
3 2 0 3067 
3 2 0 3065 
3 2 0 3063 
3 2 0 3041 
3 2 0 3039 
3 2 0 3040 
3 2 0 3062 
3 2 0 3044 
3 2 0 3042 
3 2 0 3043 
3 2 0 3061 
3 2 0 3049 
3 2 0 3047 
3 2 0 3045 
3 2 0 3046 
3 2 0 3048 
3 2 0 3060 
3 2 0 3050 
3 2 0 3059 
3 2 0 3051 
3 2 0 3058 
3 2 0 3052 
3 2 0 3057 
3 2 0 3053 
3 2 0 3056 
3 2 0 3054 
3 2 0 3055 
3 2 0 3064 
3 2 0 3066 
1 0 
1 0 
1 0 
2 3 3098 3099 0 
1 0 
1 0 
2 3 3101 3102 0 
2 3 3100 3103 0 
2 3 3097 3104 0 
1 0 
2 3 3105 3106 0 
1 0 
1 0 
2 3 3108 3109 0 
1 0 
1 0 
1 0 
1 0 
2 3 3113 3114 0 
1 0 
2 3 3115 3116 0 
2 3 3112 3117 0 
2 3 3111 3118 0 
2 3 3110 3119 0 
2 3 3107 3120 0 
1 0 
2 3 3121 3122 0 
3 2 0 3123 
3 2 0 3121 
3 2 0 3107 
3 2 0 3105 
3 2 0 3097 
3 2 0 3104 
3 2 0 3100 
3 2 0 3098 
3 2 0 3099 
3 2 0 3103 
3 2 0 3101 
3 2 0 3102 
3 2 0 3106 
3 2 0 3120 
3 2 0 3110 
3 2 0 3108 
3 2 0 3109 
3 2 0 3119 
3 2 0 3111 
3 2 0 3118 
3 2 0 3112 
3 2 0 3117 
3 2 0 3115 
3 2 0 3113 
3 2 0 3114 
3 2 0 3116 
3 2 0 3122 
1 0 
1 0 
1 0 
1 0 
1 0 
1 0 
1 0 
1 0 
2 3 3157 3158 0 
2 3 3156 3159 0 
2 3 3155 3160 0 
2 3 3154 3161 0 
2 3 3153 3162 0 
1 0 
1 0 
1 0 
1 0 
2 3 3166 3167 0 
2 3 3165 3168 0 
2 3 3164 3169 0 
2 3 3163 3170 0 
2 3 3152 3171 0 
2 3 3151 3172 0 
1 0 
1 0 
1 0 
2 3 3175 3176 0 
1 0 
1 0 
1 0 
1 0 
1 0 
1 0 
1 0 
1 0 
2 3 3184 3185 0 
2 3 3183 3186 0 
1 0 
1 0 
1 0 
1 0 
1 0 
2 3 3191 3192 0 
1 0 
2 3 3193 3194 0 
2 3 3190 3195 0 
2 3 3189 3196 0 
2 3 3188 3197 0 
2 3 3187 3198 0 
2 3 3182 3199 0 
2 3 3181 3200 0 
2 3 3180 3201 0 
2 3 3179 3202 0 
2 3 3178 3203 0 
2 3 3177 3204 0 
1 0 
2 3 3205 3206 0 
2 3 3174 3207 0 
2 3 3173 3208 0 
3 2 0 3209 
3 2 0 3173 
3 2 0 3151 
3 2 0 3172 
3 2 0 3152 
3 2 0 3171 
3 2 0 3163 
3 2 0 3153 
3 2 0 3162 
3 2 0 3154 
3 2 0 3161 
3 2 0 3155 
3 2 0 3160 
3 2 0 3156 
3 2 0 3159 
3 2 0 3157 
3 2 0 3158 
3 2 0 3170 
3 2 0 3164 
3 2 0 3169 
3 2 0 3165 
3 2 0 3168 
3 2 0 3166 
3 2 0 3167 
3 2 0 3208 
3 2 0 3174 
3 2 0 3207 
3 2 0 3205 
3 2 0 3177 
3 2 0 3175 
3 2 0 3176 
3 2 0 3204 
3 2 0 3178 
3 2 0 3203 
3 2 0 3179 
3 2 0 3202 
3 2 0 3180 
3 2 0 3201 
3 2 0 3181 
3 2 0 3200 
3 2 0 3182 
3 2 0 3199 
3 2 0 3187 
3 2 0 3183 
3 2 0 3186 
3 2 0 3184 
3 2 0 3185 
3 2 0 3198 
3 2 0 3188 
3 2 0 3197 
3 2 0 3189 
3 2 0 3196 
3 2 0 3190 
3 2 0 3195 
3 2 0 3193 
3 2 0 3191 
3 2 0 3192 
3 2 0 3194 
3 2 0 3206 
1 0 
1 0 
1 0 
1 0 
2 3 3271 3272 0 
1 0 
1 0 
2 3 3274 3275 0 
1 0 
1 0 
1 0 
1 0 
1 0 
1 0 
1 0 
1 0 
1 0 
1 0 
1 0 
2 3 3286 3287 0 
2 3 3285 3288 0 
2 3 3284 3289 0 
2 3 3283 3290 0 
1 0 
1 0 
1 0 
1 0 
2 3 3294 3295 0 
2 3 3293 3296 0 
2 3 3292 3297 0 
2 3 3291 3298 0 
2 3 3282 3299 0 
2 3 3281 3300 0 
2 3 3280 3301 0 
2 3 3279 3302 0 
2 3 3278 3303 0 
2 3 3277 3304 0 
2 3 3276 3305 0 
2 3 3273 3306 0 
2 3 3270 3307 0 
1 0 
2 3 3308 3309 0 
2 3 3269 3310 0 
3 2 0 3311 
3 2 0 3269 
3 2 0 3310 
3 2 0 3308 
3 2 0 3270 
3 2 0 3307 
3 2 0 3273 
3 2 0 3271 
3 2 0 3272 
3 2 0 3306 
3 2 0 3276 
3 2 0 3274 
3 2 0 3275 
3 2 0 3305 
3 2 0 3277 
3 2 0 3304 
3 2 0 3278 
3 2 0 3303 
3 2 0 3279 
3 2 0 3302 
3 2 0 3280 
3 2 0 3301 
3 2 0 3281 
3 2 0 3300 
3 2 0 3282 
3 2 0 3299 
3 2 0 3291 
3 2 0 3283 
3 2 0 3290 
3 2 0 3284 
3 2 0 3289 
3 2 0 3285 
3 2 0 3288 
3 2 0 3286 
3 2 0 3287 
3 2 0 3298 
3 2 0 3292 
3 2 0 3297 
3 2 0 3293 
3 2 0 3296 
3 2 0 3294 
3 2 0 3295 
3 2 0 3309 
1 0 
1 0 
2 3 3355 3356 0 
1 0 
1 0 
1 0 
2 3 3359 3360 0 
1 0 
2 3 3361 3362 0 
2 3 3358 3363 0 
2 3 3357 3364 0 
3 2 0 3365 
3 2 0 3357 
3 2 0 3355 
3 2 0 3356 
3 2 0 3364 
3 2 0 3358 
3 2 0 3363 
3 2 0 3361 
3 2 0 3359 
3 2 0 3360 
3 2 0 3362 
1 0 
1 0 
2 3 3377 3378 0 
1 0 
1 0 
1 0 
1 0 
2 3 3382 3383 0 
2 3 3381 3384 0 
2 3 3380 3385 0 
2 3 3379 3386 0 
1 0 
2 3 3387 3388 0 
1 0 
2 3 3389 3390 0 
1 0 
1 0 
1 0 
1 0 
1 0 
2 3 3395 3396 0 
2 3 3394 3397 0 
1 0 
2 3 3398 3399 0 
2 3 3393 3400 0 
2 3 3392 3401 0 
2 3 3391 3402 0 
1 0 
2 3 3403 3404 0 
3 2 0 3405 
3 2 0 3403 
3 2 0 3391 
3 2 0 3389 
3 2 0 3387 
3 2 0 3379 
3 2 0 3377 
3 2 0 3378 
3 2 0 3386 
3 2 0 3380 
3 2 0 3385 
3 2 0 3381 
3 2 0 3384 
3 2 0 3382 
3 2 0 3383 
3 2 0 3388 
3 2 0 3390 
3 2 0 3402 
3 2 0 3392 
3 2 0 3401 
3 2 0 3393 
3 2 0 3400 
3 2 0 3398 
3 2 0 3394 
3 2 0 3397 
3 2 0 3395 
3 2 0 3396 
3 2 0 3399 
3 2 0 3404 
1 0 
1 0 
2 3 3435 3436 0 
1 0 
1 0 
1 0 
1 0 
1 0 
2 3 3441 3442 0 
2 3 3440 3443 0 
1 0 
1 0 
2 3 3445 3446 0 
2 3 3444 3447 0 
2 3 3439 3448 0 
2 3 3438 3449 0 
1 0 
2 3 3450 3451 0 
2 3 3437 3452 0 
3 2 0 3453 
3 2 0 3437 
3 2 0 3435 
3 2 0 3436 
3 2 0 3452 
3 2 0 3450 
3 2 0 3438 
3 2 0 3449 
3 2 0 3439 
3 2 0 3448 
3 2 0 3444 
3 2 0 3440 
3 2 0 3443 
3 2 0 3441 
3 2 0 3442 
3 2 0 3447 
3 2 0 3445 
3 2 0 3446 
3 2 0 3451 
1 0 
1 0 
1 0 
1 0 
1 0 
1 0 
2 3 3477 3478 0 
2 3 3476 3479 0 
2 3 3475 3480 0 
1 0 
1 0 
1 0 
1 0 
1 0 
2 3 3485 3486 0 
2 3 3484 3487 0 
2 3 3483 3488 0 
2 3 3482 3489 0 
2 3 3481 3490 0 
2 3 3474 3491 0 
2 3 3473 3492 0 
1 0 
2 3 3493 3494 0 
1 0 
1 0 
1 0 
2 3 3497 3498 0 
2 3 3496 3499 0 
2 3 3495 3500 0 
1 0 
2 3 3501 3502 0 
3 2 0 3503 
3 2 0 3501 
3 2 0 3495 
3 2 0 3493 
3 2 0 3473 
3 2 0 3492 
3 2 0 3474 
3 2 0 3491 
3 2 0 3481 
3 2 0 3475 
3 2 0 3480 
3 2 0 3476 
3 2 0 3479 
3 2 0 3477 
3 2 0 3478 
3 2 0 3490 
3 2 0 3482 
3 2 0 3489 
3 2 0 3483 
3 2 0 3488 
3 2 0 3484 
3 2 0 3487 
3 2 0 3485 
3 2 0 3486 
3 2 0 3494 
3 2 0 3500 
3 2 0 3496 
3 2 0 3499 
3 2 0 3497 
3 2 0 3498 
3 2 0 3502 
1 0 
1 0 
1 0 
2 3 3536 3537 0 
1 0 
2 3 3538 3539 0 
2 3 3535 3540 0 
1 0 
2 3 3541 3542 0 
3 2 0 3543 
3 2 0 3541 
3 2 0 3535 
3 2 0 3540 
3 2 0 3538 
3 2 0 3536 
3 2 0 3537 
3 2 0 3539 
3 2 0 3542 
1 0 
1 0 
2 3 3553 3554 0 
1 0 
1 0 
1 0 
1 0 
1 0 
2 3 3559 3560 0 
2 3 3558 3561 0 
2 3 3557 3562 0 
1 0 
2 3 3563 3564 0 
1 0 
1 0 
2 3 3566 3567 0 
1 0 
1 0 
1 0 
1 0 
2 3 3571 3572 0 
2 3 3570 3573 0 
2 3 3569 3574 0 
2 3 3568 3575 0 
2 3 3565 3576 0 
2 3 3556 3577 0 
1 0 
1 0 
1 0 
1 0 
1 0 
2 3 3582 3583 0 
2 3 3581 3584 0 
2 3 3580 3585 0 
2 3 3579 3586 0 
2 3 3578 3587 0 
1 0 
2 3 3588 3589 0 
2 3 3555 3590 0 
3 2 0 3591 
3 2 0 3555 
3 2 0 3553 
3 2 0 3554 
3 2 0 3590 
3 2 0 3588 
3 2 0 3578 
3 2 0 3556 
3 2 0 3577 
3 2 0 3565 
3 2 0 3563 
3 2 0 3557 
3 2 0 3562 
3 2 0 3558 
3 2 0 3561 
3 2 0 3559 
3 2 0 3560 
3 2 0 3564 
3 2 0 3576 
3 2 0 3568 
3 2 0 3566 
3 2 0 3567 
3 2 0 3575 
3 2 0 3569 
3 2 0 3574 
3 2 0 3570 
3 2 0 3573 
3 2 0 3571 
3 2 0 3572 
3 2 0 3587 
3 2 0 3579 
3 2 0 3586 
3 2 0 3580 
3 2 0 3585 
3 2 0 3581 
3 2 0 3584 
3 2 0 3582 
3 2 0 3583 
3 2 0 3589 
1 0 
1 0 
1 0 
2 3 3632 3633 0 
2 3 3631 3634 0 
1 0 
1 0 
1 0 
2 3 3637 3638 0 
1 0 
1 0 
1 0 
2 3 3641 3642 0 
1 0 
1 0 
2 3 3644 3645 0 
2 3 3643 3646 0 
1 0 
1 0 
1 0 
1 0 
1 0 
2 3 3651 3652 0 
2 3 3650 3653 0 
2 3 3649 3654 0 
2 3 3648 3655 0 
2 3 3647 3656 0 
2 3 3640 3657 0 
2 3 3639 3658 0 
2 3 3636 3659 0 
2 3 3635 3660 0 
1 0 
2 3 3661 3662 0 
3 2 0 3663 
3 2 0 3661 
3 2 0 3635 
3 2 0 3631 
3 2 0 3634 
3 2 0 3632 
3 2 0 3633 
3 2 0 3660 
3 2 0 3636 
3 2 0 3659 
3 2 0 3639 
3 2 0 3637 
3 2 0 3638 
3 2 0 3658 
3 2 0 3640 
3 2 0 3657 
3 2 0 3647 
3 2 0 3643 
3 2 0 3641 
3 2 0 3642 
3 2 0 3646 
3 2 0 3644 
3 2 0 3645 
3 2 0 3656 
3 2 0 3648 
3 2 0 3655 
3 2 0 3649 
3 2 0 3654 
3 2 0 3650 
3 2 0 3653 
3 2 0 3651 
3 2 0 3652 
3 2 0 3662 
1 0 
1 0 
1 0 
1 0 
1 0 
2 3 3700 3701 0 
2 3 3699 3702 0 
1 0 
2 3 3703 3704 0 
2 3 3698 3705 0 
2 3 3697 3706 0 
3 2 0 3707 
3 2 0 3697 
3 2 0 3706 
3 2 0 3698 
3 2 0 3705 
3 2 0 3703 
3 2 0 3699 
3 2 0 3702 
3 2 0 3700 
3 2 0 3701 
3 2 0 3704 
1 0 
1 0 
2 3 3719 3720 0 
1 0 
1 0 
1 0 
2 3 3723 3724 0 
1 0 
1 0 
2 3 3726 3727 0 
1 0 
2 3 3728 3729 0 
1 0 
1 0 
1 0 
2 3 3732 3733 0 
1 0 
1 0 
2 3 3735 3736 0 
2 3 3734 3737 0 
1 0 
1 0 
1 0 
1 0 
1 0 
1 0 
2 3 3743 3744 0 
1 0 
2 3 3745 3746 0 
2 3 3742 3747 0 
2 3 3741 3748 0 
2 3 3740 3749 0 
2 3 3739 3750 0 
2 3 3738 3751 0 
2 3 3731 3752 0 
2 3 3730 3753 0 
2 3 3725 3754 0 
2 3 3722 3755 0 
2 3 3721 3756 0 
1 0 
1 0 
2 3 3758 3759 0 
2 3 3757 3760 0 
3 2 0 3761 
3 2 0 3757 
3 2 0 3721 
3 2 0 3719 
3 2 0 3720 
3 2 0 3756 
3 2 0 3722 
3 2 0 3755 
3 2 0 3725 
3 2 0 3723 
3 2 0 3724 
3 2 0 3754 
3 2 0 3730 
3 2 0 3728 
3 2 0 3726 
3 2 0 3727 
3 2 0 3729 
3 2 0 3753 
3 2 0 3731 
3 2 0 3752 
3 2 0 3738 
3 2 0 3734 
3 2 0 3732 
3 2 0 3733 
3 2 0 3737 
3 2 0 3735 
3 2 0 3736 
3 2 0 3751 
3 2 0 3739 
3 2 0 3750 
3 2 0 3740 
3 2 0 3749 
3 2 0 3741 
3 2 0 3748 
3 2 0 3742 
3 2 0 3747 
3 2 0 3745 
3 2 0 3743 
3 2 0 3744 
3 2 0 3746 
3 2 0 3760 
3 2 0 3758 
3 2 0 3759 
1 0 
1 0 
2 3 3805 3806 0 
1 0 
1 0 
1 0 
1 0 
1 0 
2 3 3811 3812 0 
2 3 3810 3813 0 
2 3 3809 3814 0 
2 3 3808 3815 0 
2 3 3807 3816 0 
1 0 
1 0 
1 0 
1 0 
2 3 3820 3821 0 
2 3 3819 3822 0 
1 0 
1 0 
1 0 
1 0 
2 3 3826 3827 0 
2 3 3825 3828 0 
1 0 
2 3 3829 3830 0 
1 0 
1 0 
1 0 
1 0 
1 0 
1 0 
2 3 3836 3837 0 
2 3 3835 3838 0 
1 0 
1 0 
1 0 
1 0 
1 0 
1 0 
1 0 
2 3 3845 3846 0 
2 3 3844 3847 0 
2 3 3843 3848 0 
2 3 3842 3849 0 
2 3 3841 3850 0 
2 3 3840 3851 0 
2 3 3839 3852 0 
2 3 3834 3853 0 
2 3 3833 3854 0 
2 3 3832 3855 0 
2 3 3831 3856 0 
1 0 
2 3 3857 3858 0 
2 3 3824 3859 0 
2 3 3823 3860 0 
2 3 3818 3861 0 
2 3 3817 3862 0 
3 2 0 3863 
3 2 0 3817 
3 2 0 3807 
3 2 0 3805 
3 2 0 3806 
3 2 0 3816 
3 2 0 3808 
3 2 0 3815 
3 2 0 3809 
3 2 0 3814 
3 2 0 3810 
3 2 0 3813 
3 2 0 3811 
3 2 0 3812 
3 2 0 3862 
3 2 0 3818 
3 2 0 3861 
3 2 0 3823 
3 2 0 3819 
3 2 0 3822 
3 2 0 3820 
3 2 0 3821 
3 2 0 3860 
3 2 0 3824 
3 2 0 3859 
3 2 0 3857 
3 2 0 3831 
3 2 0 3829 
3 2 0 3825 
3 2 0 3828 
3 2 0 3826 
3 2 0 3827 
3 2 0 3830 
3 2 0 3856 
3 2 0 3832 
3 2 0 3855 
3 2 0 3833 
3 2 0 3854 
3 2 0 3834 
3 2 0 3853 
3 2 0 3839 
3 2 0 3835 
3 2 0 3838 
3 2 0 3836 
3 2 0 3837 
3 2 0 3852 
3 2 0 3840 
3 2 0 3851 
3 2 0 3841 
3 2 0 3850 
3 2 0 3842 
3 2 0 3849 
3 2 0 3843 
3 2 0 3848 
3 2 0 3844 
3 2 0 3847 
3 2 0 3845 
3 2 0 3846 
3 2 0 3858 
1 0 
1 0 
1 0 
2 3 3924 3925 0 
2 3 3923 3926 0 
1 0 
1 0 
2 3 3928 3929 0 
2 3 3927 3930 0 
1 0 
1 0 
1 0 
1 0 
2 3 3934 3935 0 
2 3 3933 3936 0 
1 0 
2 3 3937 3938 0 
1 0 
1 0 
2 3 3940 3941 0 
1 0 
1 0 
1 0 
1 0 
2 3 3945 3946 0 
2 3 3944 3947 0 
2 3 3943 3948 0 
2 3 3942 3949 0 
2 3 3939 3950 0 
2 3 3932 3951 0 
1 0 
2 3 3952 3953 0 
2 3 3931 3954 0 
3 2 0 3955 
3 2 0 3931 
3 2 0 3927 
3 2 0 3923 
3 2 0 3926 
3 2 0 3924 
3 2 0 3925 
3 2 0 3930 
3 2 0 3928 
3 2 0 3929 
3 2 0 3954 
3 2 0 3952 
3 2 0 3932 
3 2 0 3951 
3 2 0 3939 
3 2 0 3937 
3 2 0 3933 
3 2 0 3936 
3 2 0 3934 
3 2 0 3935 
3 2 0 3938 
3 2 0 3950 
3 2 0 3942 
3 2 0 3940 
3 2 0 3941 
3 2 0 3949 
3 2 0 3943 
3 2 0 3948 
3 2 0 3944 
3 2 0 3947 
3 2 0 3945 
3 2 0 3946 
3 2 0 3953 
1 0 
1 0 
2 3 3989 3990 0 
1 0 
2 3 3991 3992 0 
1 0 
1 0 
1 0 
2 3 3995 3996 0 
1 0 
2 3 3997 3998 0 
2 3 3994 3999 0 
2 3 3993 4000 0 
1 0 
1 0 
2 3 4002 4003 0 
1 0 
2 3 4004 4005 0 
1 0 
1 0 
1 0 
1 0 
2 3 4009 4010 0 
1 0 
2 3 4011 4012 0 
1 0 
1 0 
2 3 4014 4015 0 
2 3 4013 4016 0 
2 3 4008 4017 0 
2 3 4007 4018 0 
1 0 
1 0 
1 0 
1 0 
1 0 
1 0 
1 0 
1 0 
1 0 
1 0 
1 0 
1 0 
2 3 4030 4031 0 
2 3 4029 4032 0 
2 3 4028 4033 0 
1 0 
1 0 
1 0 
1 0 
1 0 
2 3 4038 4039 0 
2 3 4037 4040 0 
1 0 
2 3 4041 4042 0 
1 0 
1 0 
1 0 
2 3 4045 4046 0 
2 3 4044 4047 0 
2 3 4043 4048 0 
2 3 4036 4049 0 
2 3 4035 4050 0 
2 3 4034 4051 0 
2 3 4027 4052 0 
2 3 4026 4053 0 
2 3 4025 4054 0 
2 3 4024 4055 0 
2 3 4023 4056 0 
2 3 4022 4057 0 
2 3 4021 4058 0 
2 3 4020 4059 0 
2 3 4019 4060 0 
2 3 4006 4061 0 
1 0 
2 3 4062 4063 0 
2 3 4001 4064 0 
3 2 0 4065 
3 2 0 4001 
3 2 0 3993 
3 2 0 3991 
3 2 0 3989 
3 2 0 3990 
3 2 0 3992 
3 2 0 4000 
3 2 0 3994 
3 2 0 3999 
3 2 0 3997 
3 2 0 3995 
3 2 0 3996 
3 2 0 3998 
3 2 0 4064 
3 2 0 4062 
3 2 0 4006 
3 2 0 4004 
3 2 0 4002 
3 2 0 4003 
3 2 0 4005 
3 2 0 4061 
3 2 0 4019 
3 2 0 4007 
3 2 0 4018 
3 2 0 4008 
3 2 0 4017 
3 2 0 4013 
3 2 0 4011 
3 2 0 4009 
3 2 0 4010 
3 2 0 4012 
3 2 0 4016 
3 2 0 4014 
3 2 0 4015 
3 2 0 4060 
3 2 0 4020 
3 2 0 4059 
3 2 0 4021 
3 2 0 4058 
3 2 0 4022 
3 2 0 4057 
3 2 0 4023 
3 2 0 4056 
3 2 0 4024 
3 2 0 4055 
3 2 0 4025 
3 2 0 4054 
3 2 0 4026 
3 2 0 4053 
3 2 0 4027 
3 2 0 4052 
3 2 0 4034 
3 2 0 4028 
3 2 0 4033 
3 2 0 4029 
3 2 0 4032 
3 2 0 4030 
3 2 0 4031 
3 2 0 4051 
3 2 0 4035 
3 2 0 4050 
3 2 0 4036 
3 2 0 4049 
3 2 0 4043 
3 2 0 4041 
3 2 0 4037 
3 2 0 4040 
3 2 0 4038 
3 2 0 4039 
3 2 0 4042 
3 2 0 4048 
3 2 0 4044 
3 2 0 4047 
3 2 0 4045 
3 2 0 4046 
3 2 0 4063 
1 0 
1 0 
1 0 
1 0 
1 0 
2 3 4146 4147 0 
1 0 
1 0 
1 0 
2 3 4150 4151 0 
1 0 
1 0 
1 0 
1 0 
1 0 
1 0 
2 3 4157 4158 0 
2 3 4156 4159 0 
2 3 4155 4160 0 
2 3 4154 4161 0 
2 3 4153 4162 0 
2 3 4152 4163 0 
2 3 4149 4164 0 
2 3 4148 4165 0 
1 0 
2 3 4166 4167 0 
1 0 
1 0 
2 3 4169 4170 0 
1 0 
1 0 
1 0 
1 0 
1 0 
1 0 
2 3 4176 4177 0 
2 3 4175 4178 0 
2 3 4174 4179 0 
2 3 4173 4180 0 
2 3 4172 4181 0 
2 3 4171 4182 0 
2 3 4168 4183 0 
2 3 4145 4184 0 
1 0 
2 3 4185 4186 0 
2 3 4144 4187 0 
2 3 4143 4188 0 
3 2 0 4189 
3 2 0 4143 
3 2 0 4188 
3 2 0 4144 
3 2 0 4187 
3 2 0 4185 
3 2 0 4145 
3 2 0 4184 
3 2 0 4168 
3 2 0 4166 
3 2 0 4148 
3 2 0 4146 
3 2 0 4147 
3 2 0 4165 
3 2 0 4149 
3 2 0 4164 
3 2 0 4152 
3 2 0 4150 
3 2 0 4151 
3 2 0 4163 
3 2 0 4153 
3 2 0 4162 
3 2 0 4154 
3 2 0 4161 
3 2 0 4155 
3 2 0 4160 
3 2 0 4156 
3 2 0 4159 
3 2 0 4157 
3 2 0 4158 
3 2 0 4167 
3 2 0 4183 
3 2 0 4171 
3 2 0 4169 
3 2 0 4170 
3 2 0 4182 
3 2 0 4172 
3 2 0 4181 
3 2 0 4173 
3 2 0 4180 
3 2 0 4174 
3 2 0 4179 
3 2 0 4175 
3 2 0 4178 
3 2 0 4176 
3 2 0 4177 
3 2 0 4186 
1 0 
1 0 
2 3 4237 4238 0 
1 0 
2 3 4239 4240 0 
1 0 
1 0 
1 0 
1 0 
2 3 4244 4245 0 
2 3 4243 4246 0 
1 0 
1 0 
1 0 
1 0 
1 0 
2 3 4251 4252 0 
2 3 4250 4253 0 
2 3 4249 4254 0 
2 3 4248 4255 0 
2 3 4247 4256 0 
1 0 
1 0 
1 0 
1 0 
2 3 4260 4261 0 
1 0 
2 3 4262 4263 0 
2 3 4259 4264 0 
2 3 4258 4265 0 
1 0 
2 3 4266 4267 0 
2 3 4257 4268 0 
2 3 4242 4269 0 
2 3 4241 4270 0 
3 2 0 4271 
3 2 0 4241 
3 2 0 4239 
3 2 0 4237 
3 2 0 4238 
3 2 0 4240 
3 2 0 4270 
3 2 0 4242 
3 2 0 4269 
3 2 0 4257 
3 2 0 4247 
3 2 0 4243 
3 2 0 4246 
3 2 0 4244 
3 2 0 4245 
3 2 0 4256 
3 2 0 4248 
3 2 0 4255 
3 2 0 4249 
3 2 0 4254 
3 2 0 4250 
3 2 0 4253 
3 2 0 4251 
3 2 0 4252 
3 2 0 4268 
3 2 0 4266 
3 2 0 4258 
3 2 0 4265 
3 2 0 4259 
3 2 0 4264 
3 2 0 4262 
3 2 0 4260 
3 2 0 4261 
3 2 0 4263 
3 2 0 4267 
1 0 
1 0 
1 0 
2 3 4308 4309 0 
1 0 
1 0 
1 0 
1 0 
2 3 4313 4314 0 
1 0 
1 0 
2 3 4316 4317 0 
2 3 4315 4318 0 
1 0 
1 0 
1 0 
2 3 4321 4322 0 
1 0 
1 0 
2 3 4324 4325 0 
2 3 4323 4326 0 
2 3 4320 4327 0 
2 3 4319 4328 0 
2 3 4312 4329 0 
2 3 4311 4330 0 
2 3 4310 4331 0 
2 3 4307 4332 0 
1 0 
2 3 4333 4334 0 
1 0 
1 0 
2 3 4336 4337 0 
1 0 
1 0 
1 0 
1 0 
1 0 
2 3 4342 4343 0 
2 3 4341 4344 0 
2 3 4340 4345 0 
1 0 
2 3 4346 4347 0 
1 0 
1 0 
1 0 
1 0 
2 3 4351 4352 0 
2 3 4350 4353 0 
2 3 4349 4354 0 
2 3 4348 4355 0 
2 3 4339 4356 0 
2 3 4338 4357 0 
2 3 4335 4358 0 
1 0 
2 3 4359 4360 0 
3 2 0 4361 
3 2 0 4359 
3 2 0 4335 
3 2 0 4333 
3 2 0 4307 
3 2 0 4332 
3 2 0 4310 
3 2 0 4308 
3 2 0 4309 
3 2 0 4331 
3 2 0 4311 
3 2 0 4330 
3 2 0 4312 
3 2 0 4329 
3 2 0 4319 
3 2 0 4315 
3 2 0 4313 
3 2 0 4314 
3 2 0 4318 
3 2 0 4316 
3 2 0 4317 
3 2 0 4328 
3 2 0 4320 
3 2 0 4327 
3 2 0 4323 
3 2 0 4321 
3 2 0 4322 
3 2 0 4326 
3 2 0 4324 
3 2 0 4325 
3 2 0 4334 
3 2 0 4358 
3 2 0 4338 
3 2 0 4336 
3 2 0 4337 
3 2 0 4357 
3 2 0 4339 
3 2 0 4356 
3 2 0 4348 
3 2 0 4346 
3 2 0 4340 
3 2 0 4345 
3 2 0 4341 
3 2 0 4344 
3 2 0 4342 
3 2 0 4343 
3 2 0 4347 
3 2 0 4355 
3 2 0 4349 
3 2 0 4354 
3 2 0 4350 
3 2 0 4353 
3 2 0 4351 
3 2 0 4352 
3 2 0 4360 
82 2208 52 53 54 55 56 57 58 59 60 61 62 63 64 65 66 67 68 69 70 71 72 73 74 75 76 77 78 79 80 81 82 83 84 85 86 87 88 89 90 91 92 93 94 95 96 97 98 99 100 101 102 158 159 160 161 162 163 164 165 166 167 168 169 170 171 172 173 174 175 176 177 178 179 180 181 182 183 184 185 186 187 188 189 190 191 192 193 194 195 196 197 198 199 200 201 202 203 204 205 206 207 208 209 210 211 212 252 253 254 255 256 257 258 259 260 261 262 263 264 265 266 267 268 269 270 271 272 273 274 275 276 277 278 279 280 281 282 283 284 285 286 287 288 289 290 326 327 328 329 330 331 332 333 334 335 336 337 338 339 340 341 342 343 344 345 346 347 348 349 350 351 352 353 354 355 356 357 358 359 360 378 379 380 381 382 383 384 385 386 387 388 389 390 391 392 393 394 438 439 440 441 442 443 444 445 446 447 448 449 450 451 452 453 454 455 456 457 458 459 460 461 462 463 464 465 466 467 468 469 470 471 472 473 474 475 476 477 478 479 480 514 515 516 517 518 519 520 521 522 523 524 525 526 527 528 529 530 531 532 533 534 535 536 537 538 539 540 541 542 543 544 545 546 558 559 560 561 562 563 564 565 566 567 568 584 585 586 587 588 589 590 591 592 593 594 595 596 597 598 642 643 644 645 646 647 648 649 650 651 652 653 654 655 656 657 658 659 660 661 662 663 664 665 666 667 668 669 670 671 672 673 674 675 676 677 678 679 680 681 682 683 684 708 709 710 711 712 713 714 715 716 717 718 719 720 721 722 723 724 725 726 727 728 729 730 746 747 748 749 750 751 752 753 754 755 756 757 758 759 760 774 775 776 777 778 779 780 781 782 783 784 785 786 836 837 838 839 840 841 842 843 844 845 846 847 848 849 850 851 852 853 854 855 856 857 858 859 860 861 862 863 864 865 866 867 868 869 870 871 872 873 874 875 876 877 878 879 880 881 882 883 884 960 961 962 963 964 965 966 967 968 969 970 971 972 973 974 975 976 977 978 979 980 981 982 983 984 985 986 987 988 989 990 991 992 993 994 995 996 997 998 999 1000 1001 1002 1003 1004 1005 1006 1007 1008 1009 1010 1011 1012 1013 1014 1015 1016 1017 1018 1019 1020 1021 1022 1023 1024 1025 1026 1027 1028 1029 1030 1031 1032 1033 1034 1072 1073 1074 1075 1076 1077 1078 1079 1080 1081 1082 1083 1084 1085 1086 1087 1088 1089 1090 1091 1092 1093 1094 1095 1096 1097 1098 1099 1100 1101 1102 1103 1104 1105 1106 1107 1108 1146 1147 1148 1149 1150 1151 1152 1153 1154 1155 1156 1157 1158 1159 1160 1161 1162 1163 1164 1165 1166 1167 1168 1169 1170 1171 1172 1173 1174 1175 1176 1177 1178 1179 1180 1181 1182 1206 1207 1208 1209 1210 1211 1212 1213 1214 1215 1216 1217 1218 1219 1220 1221 1222 1223 1224 1225 1226 1227 1228 1276 1277 1278 1279 1280 1281 1282 1283 1284 1285 1286 1287 1288 1289 1290 1291 1292 1293 1294 1295 1296 1297 1298 1299 1300 1301 1302 1303 1304 1305 1306 1307 1308 1309 1310 1311 1312 1313 1314 1315 1316 1317 1318 1319 1320 1321 1322 1340 1341 1342 1343 1344 1345 1346 1347 1348 1349 1350 1351 1352 1353 1354 1355 1356 1384 1385 1386 1387 1388 1389 1390 1391 1392 1393 1394 1395 1396 1397 1398 1399 1400 1401 1402 1403 1404 1405 1406 1407 1408 1409 1410 1428 1429 1430 1431 1432 1433 1434 1435 1436 1437 1438 1439 1440 1441 1442 1443 1444 1472 1473 1474 1475 1476 1477 1478 1479 1480 1481 1482 1483 1484 1485 1486 1487 1488 1489 1490 1491 1492 1493 1494 1495 1496 1497 1498 1518 1519 1520 1521 1522 1523 1524 1525 1526 1527 1528 1529 1530 1531 1532 1533 1534 1535 1536 1564 1565 1566 1567 1568 1569 1570 1571 1572 1573 1574 1575 1576 1577 1578 1579 1580 1581 1582 1583 1584 1585 1586 1587 1588 1589 1590 1606 1607 1608 1609 1610 1611 1612 1613 1614 1615 1616 1617 1618 1619 1620 1648 1649 1650 1651 1652 1653 1654 1655 1656 1657 1658 1659 1660 1661 1662 1663 1664 1665 1666 1667 1668 1669 1670 1671 1672 1673 1674 1714 1715 1716 1717 1718 1719 1720 1721 1722 1723 1724 1725 1726 1727 1728 1729 1730 1731 1732 1733 1734 1735 1736 1737 1738 1739 1740 1741 1742 1743 1744 1745 1746 1747 1748 1749 1750 1751 1752 1776 1777 1778 1779 1780 1781 1782 1783 1784 1785 1786 1787 1788 1789 1790 1791 1792 1793 1794 1795 1796 1797 1798 1804 1805 1806 1807 1808 1878 1879 1880 1881 1882 1883 1884 1885 1886 1887 1888 1889 1890 1891 1892 1893 1894 1895 1896 1897 1898 1899 1900 1901 1902 1903 1904 1905 1906 1907 1908 1909 1910 1911 1912 1913 1914 1915 1916 1917 1918 1919 1920 1921 1922 1923 1924 1925 1926 1927 1928 1929 1930 1931 1932 1933 1934 1935 1936 1937 1938 1939 1940 1941 1942 1943 1944 1945 1946 1990 1991 1992 1993 1994 1995 1996 1997 1998 1999 2000 2001 2002 2003 2004 2005 2006 2007 2008 2009 2010 2011 2012 2013 2014 2015 2016 2017 2018 2019 2020 2021 2022 2023 2024 2025 2026 2027 2028 2029 2030 2031 2032 2106 2107 2108 2109 2110 2111 2112 2113 2114 2115 2116 2117 2118 2119 2120 2121 2122 2123 2124 2125 2126 2127 2128 2129 2130 2131 2132 2133 2134 2135 2136 2137 2138 2139 2140 2141 2142 2143 2144 2145 2146 2147 2148 2149 2150 2151 2152 2153 2154 2155 2156 2157 2158 2159 2160 2161 2162 2163 2164 2165 2166 2167 2168 2169 2170 2171 2172 2173 2174 2175 2176 2177 2178 2244 2245 2246 2247 2248 2249 2250 2251 2252 2253 2254 2255 2256 2257 2258 2259 2260 2261 2262 2263 2264 2265 2266 2267 2268 2269 2270 2271 2272 2273 2274 2275 2276 2277 2278 2279 2280 2281 2282 2283 2284 2285 2286 2287 2288 2289 2290 2291 2292 2293 2294 2295 2296 2297 2298 2299 2300 2301 2302 2303 2304 2305 2306 2307 2308 2336 2337 2338 2339 2340 2341 2342 2343 2344 2345 2346 2347 2348 2349 2350 2351 2352 2353 2354 2355 2356 2357 2358 2359 2360 2361 2362 2426 2427 2428 2429 2430 2431 2432 2433 2434 2435 2436 2437 2438 2439 2440 2441 2442 2443 2444 2445 2446 2447 2448 2449 2450 2451 2452 2453 2454 2455 2456 2457 2458 2459 2460 2461 2462 2463 2464 2465 2466 2467 2468 2469 2470 2471 2472 2473 2474 2475 2476 2477 2478 2479 2480 2481 2482 2483 2484 2485 2486 2487 2488 2534 2535 2536 2537 2538 2539 2540 2541 2542 2543 2544 2545 2546 2547 2548 2549 2550 2551 2552 2553 2554 2555 2556 2557 2558 2559 2560 2561 2562 2563 2564 2565 2566 2567 2568 2569 2570 2571 2572 2573 2574 2575 2576 2577 2578 2584 2585 2586 2587 2588 2650 2651 2652 2653 2654 2655 2656 2657 2658 2659 2660 2661 2662 2663 2664 2665 2666 2667 2668 2669 2670 2671 2672 2673 2674 2675 2676 2677 2678 2679 2680 2681 2682 2683 2684 2685 2686 2687 2688 2689 2690 2691 2692 2693 2694 2695 2696 2697 2698 2699 2700 2701 2702 2703 2704 2705 2706 2707 2708 2709 2710 2750 2751 2752 2753 2754 2755 2756 2757 2758 2759 2760 2761 2762 2763 2764 2765 2766 2767 2768 2769 2770 2771 2772 2773 2774 2775 2776 2777 2778 2779 2780 2781 2782 2783 2784 2785 2786 2787 2788 2822 2823 2824 2825 2826 2827 2828 2829 2830 2831 2832 2833 2834 2835 2836 2837 2838 2839 2840 2841 2842 2843 2844 2845 2846 2847 2848 2849 2850 2851 2852 2853 2854 2878 2879 2880 2881 2882 2883 2884 2885 2886 2887 2888 2889 2890 2891 2892 2893 2894 2895 2896 2897 2898 2899 2900 2910 2911 2912 2913 2914 2915 2916 2917 2918 2950 2951 2952 2953 2954 2955 2956 2957 2958 2959 2960 2961 2962 2963 2964 2965 2966 2967 2968 2969 2970 2971 2972 2973 2974 2975 2976 2977 2978 2979 2980 3010 3011 3012 3013 3014 3015 3016 3017 3018 3019 3020 3021 3022 3023 3024 3025 3026 3027 3028 3029 3030 3031 3032 3033 3034 3035 3036 3037 3038 3068 3069 3070 3071 3072 3073 3074 3075 3076 3077 3078 3079 3080 3081 3082 3083 3084 3085 3086 3087 3088 3089 3090 3091 3092 3093 3094 3095 3096 3124 3125 3126 3127 3128 3129 3130 3131 3132 3133 3134 3135 3136 3137 3138 3139 3140 3141 3142 3143 3144 3145 3146 3147 3148 3149 3150 3210 3211 3212 3213 3214 3215 3216 3217 3218 3219 3220 3221 3222 3223 3224 3225 3226 3227 3228 3229 3230 3231 3232 3233 3234 3235 3236 3237 3238 3239 3240 3241 3242 3243 3244 3245 3246 3247 3248 3249 3250 3251 3252 3253 3254 3255 3256 3257 3258 3259 3260 3261 3262 3263 3264 3265 3266 3267 3268 3312 3313 3314 3315 3316 3317 3318 3319 3320 3321 3322 3323 3324 3325 3326 3327 3328 3329 3330 3331 3332 3333 3334 3335 3336 3337 3338 3339 3340 3341 3342 3343 3344 3345 3346 3347 3348 3349 3350 3351 3352 3353 3354 3366 3367 3368 3369 3370 3371 3372 3373 3374 3375 3376 3406 3407 3408 3409 3410 3411 3412 3413 3414 3415 3416 3417 3418 3419 3420 3421 3422 3423 3424 3425 3426 3427 3428 3429 3430 3431 3432 3433 3434 3454 3455 3456 3457 3458 3459 3460 3461 3462 3463 3464 3465 3466 3467 3468 3469 3470 3471 3472 3504 3505 3506 3507 3508 3509 3510 3511 3512 3513 3514 3515 3516 3517 3518 3519 3520 3521 3522 3523 3524 3525 3526 3527 3528 3529 3530 3531 3532 3533 3534 3544 3545 3546 3547 3548 3549 3550 3551 3552 3592 3593 3594 3595 3596 3597 3598 3599 3600 3601 3602 3603 3604 3605 3606 3607 3608 3609 3610 3611 3612 3613 3614 3615 3616 3617 3618 3619 3620 3621 3622 3623 3624 3625 3626 3627 3628 3629 3630 3664 3665 3666 3667 3668 3669 3670 3671 3672 3673 3674 3675 3676 3677 3678 3679 3680 3681 3682 3683 3684 3685 3686 3687 3688 3689 3690 3691 3692 3693 3694 3695 3696 3708 3709 3710 3711 3712 3713 3714 3715 3716 3717 3718 3762 3763 3764 3765 3766 3767 3768 3769 3770 3771 3772 3773 3774 3775 3776 3777 3778 3779 3780 3781 3782 3783 3784 3785 3786 3787 3788 3789 3790 3791 3792 3793 3794 3795 3796 3797 3798 3799 3800 3801 3802 3803 3804 3864 3865 3866 3867 3868 3869 3870 3871 3872 3873 3874 3875 3876 3877 3878 3879 3880 3881 3882 3883 3884 3885 3886 3887 3888 3889 3890 3891 3892 3893 3894 3895 3896 3897 3898 3899 3900 3901 3902 3903 3904 3905 3906 3907 3908 3909 3910 3911 3912 3913 3914 3915 3916 3917 3918 3919 3920 3921 3922 3956 3957 3958 3959 3960 3961 3962 3963 3964 3965 3966 3967 3968 3969 3970 3971 3972 3973 3974 3975 3976 3977 3978 3979 3980 3981 3982 3983 3984 3985 3986 3987 3988 4066 4067 4068 4069 4070 4071 4072 4073 4074 4075 4076 4077 4078 4079 4080 4081 4082 4083 4084 4085 4086 4087 4088 4089 4090 4091 4092 4093 4094 4095 4096 4097 4098 4099 4100 4101 4102 4103 4104 4105 4106 4107 4108 4109 4110 4111 4112 4113 4114 4115 4116 4117 4118 4119 4120 4121 4122 4123 4124 4125 4126 4127 4128 4129 4130 4131 4132 4133 4134 4135 4136 4137 4138 4139 4140 4141 4142 4190 4191 4192 4193 4194 4195 4196 4197 4198 4199 4200 4201 4202 4203 4204 4205 4206 4207 4208 4209 4210 4211 4212 4213 4214 4215 4216 4217 4218 4219 4220 4221 4222 4223 4224 4225 4226 4227 4228 4229 4230 4231 4232 4233 4234 4235 4236 4272 4273 4274 4275 4276 4277 4278 4279 4280 4281 4282 4283 4284 4285 4286 4287 4288 4289 4290 4291 4292 4293 4294 4295 4296 4297 4298 4299 4300 4301 4302 4303 4304 4305 4306 4362 4363 4364 4365 4366 4367 4368 4369 4370 4371 4372 4373 4374 4375 4376 4377 4378 4379 4380 4381 4382 4383 4384 4385 4386 4387 4388 4389 4390 4391 4392 4393 4394 4395 4396 4397 4398 4399 4400 4401 4402 4403 4404 4405 4406 4407 4408 4409 4410 4411 4412 4413 4414 4415 4416 
