4610
0 0 
1 0 
1 0 
2 3 1 2 0 
1 0 
1 0 
2 3 4 5 0 
1 0 
2 3 6 7 0 
2 3 3 8 0 
3 2 0 9 
3 2 0 3 
3 2 0 1 
3 2 0 2 
3 2 0 8 
3 2 0 6 
3 2 0 4 
3 2 0 5 
3 2 0 7 
1 0 
1 0 
1 0 
2 3 20 21 0 
1 0 
1 0 
1 0 
1 0 
1 0 
1 0 
1 0 
2 3 28 29 0 
2 3 27 30 0 
1 0 
1 0 
1 0 
2 3 33 34 0 
2 3 32 35 0 
2 3 31 36 0 
2 3 26 37 0 
2 3 25 38 0 
2 3 24 39 0 
2 3 23 40 0 
2 3 22 41 0 
1 0 
1 0 
1 0 
1 0 
2 3 45 46 0 
1 0 
2 3 47 48 0 
2 3 44 49 0 
1 0 
1 0 
1 0 
2 3 52 53 0 
2 3 51 54 0 
2 3 50 55 0 
2 3 43 56 0 
2 3 42 57 0 
2 3 19 58 0 
1 0 
1 0 
1 0 
1 0 
1 0 
1 0 
1 0 
2 3 65 66 0 
2 3 64 67 0 
2 3 63 68 0 
1 0 
1 0 
1 0 
1 0 
2 3 72 73 0 
1 0 
2 3 74 75 0 
2 3 71 76 0 
2 3 70 77 0 
2 3 69 78 0 
2 3 62 79 0 
1 0 
2 3 80 81 0 
2 3 61 82 0 
2 3 60 83 0 
2 3 59 84 0 
3 2 0 85 
3 2 0 59 
3 2 0 19 
3 2 0 58 
3 2 0 42 
3 2 0 22 
3 2 0 20 
3 2 0 21 
3 2 0 41 
3 2 0 23 
3 2 0 40 
3 2 0 24 
3 2 0 39 
3 2 0 25 
3 2 0 38 
3 2 0 26 
3 2 0 37 
3 2 0 31 
3 2 0 27 
3 2 0 30 
3 2 0 28 
3 2 0 29 
3 2 0 36 
3 2 0 32 
3 2 0 35 
3 2 0 33 
3 2 0 34 
3 2 0 57 
3 2 0 43 
3 2 0 56 
3 2 0 50 
3 2 0 44 
3 2 0 49 
3 2 0 47 
3 2 0 45 
3 2 0 46 
3 2 0 48 
3 2 0 55 
3 2 0 51 
3 2 0 54 
3 2 0 52 
3 2 0 53 
3 2 0 84 
3 2 0 60 
3 2 0 83 
3 2 0 61 
3 2 0 82 
3 2 0 80 
3 2 0 62 
3 2 0 79 
3 2 0 69 
3 2 0 63 
3 2 0 68 
3 2 0 64 
3 2 0 67 
3 2 0 65 
3 2 0 66 
3 2 0 78 
3 2 0 70 
3 2 0 77 
3 2 0 71 
3 2 0 76 
3 2 0 74 
3 2 0 72 
3 2 0 73 
3 2 0 75 
3 2 0 81 
1 0 
1 0 
1 0 
1 0 
1 0 
1 0 
1 0 
1 0 
2 3 159 160 0 
2 3 158 161 0 
2 3 157 162 0 
2 3 156 163 0 
2 3 155 164 0 
1 0 
2 3 165 166 0 
2 3 154 167 0 
2 3 153 168 0 
3 2 0 169 
3 2 0 153 
3 2 0 168 
3 2 0 154 
3 2 0 167 
3 2 0 165 
3 2 0 155 
3 2 0 164 
3 2 0 156 
3 2 0 163 
3 2 0 157 
3 2 0 162 
3 2 0 158 
3 2 0 161 
3 2 0 159 
3 2 0 160 
3 2 0 166 
1 0 
1 0 
1 0 
2 3 188 189 0 
1 0 
2 3 190 191 0 
2 3 187 192 0 
1 0 
2 3 193 194 0 
3 2 0 195 
3 2 0 193 
3 2 0 187 
3 2 0 192 
3 2 0 190 
3 2 0 188 
3 2 0 189 
3 2 0 191 
3 2 0 194 
1 0 
1 0 
2 3 205 206 0 
1 0 
1 0 
1 0 
2 3 209 210 0 
2 3 208 211 0 
2 3 207 212 0 
1 0 
1 0 
2 3 214 215 0 
1 0 
1 0 
2 3 217 218 0 
1 0 
1 0 
1 0 
1 0 
2 3 222 223 0 
2 3 221 224 0 
2 3 220 225 0 
2 3 219 226 0 
2 3 216 227 0 
1 0 
2 3 228 229 0 
2 3 213 230 0 
3 2 0 231 
3 2 0 213 
3 2 0 207 
3 2 0 205 
3 2 0 206 
3 2 0 212 
3 2 0 208 
3 2 0 211 
3 2 0 209 
3 2 0 210 
3 2 0 230 
3 2 0 228 
3 2 0 216 
3 2 0 214 
3 2 0 215 
3 2 0 227 
3 2 0 219 
3 2 0 217 
3 2 0 218 
3 2 0 226 
3 2 0 220 
3 2 0 225 
3 2 0 221 
3 2 0 224 
3 2 0 222 
3 2 0 223 
3 2 0 229 
1 0 
1 0 
1 0 
2 3 260 261 0 
2 3 259 262 0 
1 0 
1 0 
1 0 
1 0 
1 0 
1 0 
2 3 268 269 0 
2 3 267 270 0 
2 3 266 271 0 
2 3 265 272 0 
1 0 
1 0 
1 0 
2 3 275 276 0 
2 3 274 277 0 
2 3 273 278 0 
2 3 264 279 0 
1 0 
2 3 280 281 0 
2 3 263 282 0 
3 2 0 283 
3 2 0 263 
3 2 0 259 
3 2 0 262 
3 2 0 260 
3 2 0 261 
3 2 0 282 
3 2 0 280 
3 2 0 264 
3 2 0 279 
3 2 0 273 
3 2 0 265 
3 2 0 272 
3 2 0 266 
3 2 0 271 
3 2 0 267 
3 2 0 270 
3 2 0 268 
3 2 0 269 
3 2 0 278 
3 2 0 274 
3 2 0 277 
3 2 0 275 
3 2 0 276 
3 2 0 281 
1 0 
1 0 
1 0 
2 3 310 311 0 
2 3 309 312 0 
1 0 
1 0 
1 0 
1 0 
2 3 316 317 0 
2 3 315 318 0 
1 0 
1 0 
1 0 
1 0 
1 0 
2 3 323 324 0 
2 3 322 325 0 
2 3 321 326 0 
1 0 
1 0 
2 3 328 329 0 
2 3 327 330 0 
2 3 320 331 0 
2 3 319 332 0 
2 3 314 333 0 
1 0 
2 3 334 335 0 
2 3 313 336 0 
3 2 0 337 
3 2 0 313 
3 2 0 309 
3 2 0 312 
3 2 0 310 
3 2 0 311 
3 2 0 336 
3 2 0 334 
3 2 0 314 
3 2 0 333 
3 2 0 319 
3 2 0 315 
3 2 0 318 
3 2 0 316 
3 2 0 317 
3 2 0 332 
3 2 0 320 
3 2 0 331 
3 2 0 327 
3 2 0 321 
3 2 0 326 
3 2 0 322 
3 2 0 325 
3 2 0 323 
3 2 0 324 
3 2 0 330 
3 2 0 328 
3 2 0 329 
3 2 0 335 
1 0 
1 0 
2 3 367 368 0 
1 0 
1 0 
2 3 370 371 0 
2 3 369 372 0 
1 0 
1 0 
2 3 374 375 0 
2 3 373 376 0 
1 0 
2 3 377 378 0 
1 0 
1 0 
2 3 380 381 0 
1 0 
1 0 
2 3 383 384 0 
2 3 382 385 0 
2 3 379 386 0 
1 0 
2 3 387 388 0 
1 0 
1 0 
1 0 
1 0 
1 0 
1 0 
1 0 
2 3 395 396 0 
1 0 
2 3 397 398 0 
1 0 
1 0 
1 0 
1 0 
2 3 402 403 0 
1 0 
1 0 
2 3 405 406 0 
2 3 404 407 0 
2 3 401 408 0 
2 3 400 409 0 
2 3 399 410 0 
2 3 394 411 0 
2 3 393 412 0 
2 3 392 413 0 
2 3 391 414 0 
2 3 390 415 0 
2 3 389 416 0 
1 0 
2 3 417 418 0 
3 2 0 419 
3 2 0 417 
3 2 0 389 
3 2 0 387 
3 2 0 379 
3 2 0 377 
3 2 0 373 
3 2 0 369 
3 2 0 367 
3 2 0 368 
3 2 0 372 
3 2 0 370 
3 2 0 371 
3 2 0 376 
3 2 0 374 
3 2 0 375 
3 2 0 378 
3 2 0 386 
3 2 0 382 
3 2 0 380 
3 2 0 381 
3 2 0 385 
3 2 0 383 
3 2 0 384 
3 2 0 388 
3 2 0 416 
3 2 0 390 
3 2 0 415 
3 2 0 391 
3 2 0 414 
3 2 0 392 
3 2 0 413 
3 2 0 393 
3 2 0 412 
3 2 0 394 
3 2 0 411 
3 2 0 399 
3 2 0 397 
3 2 0 395 
3 2 0 396 
3 2 0 398 
3 2 0 410 
3 2 0 400 
3 2 0 409 
3 2 0 401 
3 2 0 408 
3 2 0 404 
3 2 0 402 
3 2 0 403 
3 2 0 407 
3 2 0 405 
3 2 0 406 
3 2 0 418 
1 0 
1 0 
1 0 
1 0 
1 0 
1 0 
2 3 477 478 0 
2 3 476 479 0 
2 3 475 480 0 
2 3 474 481 0 
2 3 473 482 0 
1 0 
1 0 
2 3 484 485 0 
2 3 483 486 0 
3 2 0 487 
3 2 0 483 
3 2 0 473 
3 2 0 482 
3 2 0 474 
3 2 0 481 
3 2 0 475 
3 2 0 480 
3 2 0 476 
3 2 0 479 
3 2 0 477 
3 2 0 478 
3 2 0 486 
3 2 0 484 
3 2 0 485 
1 0 
1 0 
1 0 
1 0 
2 3 505 506 0 
2 3 504 507 0 
1 0 
2 3 508 509 0 
1 0 
2 3 510 511 0 
2 3 503 512 0 
1 0 
1 0 
1 0 
2 3 515 516 0 
2 3 514 517 0 
1 0 
1 0 
2 3 519 520 0 
1 0 
2 3 521 522 0 
1 0 
2 3 523 524 0 
2 3 518 525 0 
2 3 513 526 0 
1 0 
1 0 
1 0 
1 0 
1 0 
1 0 
2 3 532 533 0 
2 3 531 534 0 
2 3 530 535 0 
1 0 
1 0 
2 3 537 538 0 
2 3 536 539 0 
2 3 529 540 0 
2 3 528 541 0 
1 0 
1 0 
1 0 
1 0 
1 0 
1 0 
1 0 
2 3 548 549 0 
1 0 
1 0 
1 0 
2 3 552 553 0 
2 3 551 554 0 
2 3 550 555 0 
1 0 
1 0 
2 3 557 558 0 
2 3 556 559 0 
2 3 547 560 0 
2 3 546 561 0 
2 3 545 562 0 
2 3 544 563 0 
2 3 543 564 0 
2 3 542 565 0 
1 0 
2 3 566 567 0 
2 3 527 568 0 
3 2 0 569 
3 2 0 527 
3 2 0 513 
3 2 0 503 
3 2 0 512 
3 2 0 510 
3 2 0 508 
3 2 0 504 
3 2 0 507 
3 2 0 505 
3 2 0 506 
3 2 0 509 
3 2 0 511 
3 2 0 526 
3 2 0 518 
3 2 0 514 
3 2 0 517 
3 2 0 515 
3 2 0 516 
3 2 0 525 
3 2 0 523 
3 2 0 521 
3 2 0 519 
3 2 0 520 
3 2 0 522 
3 2 0 524 
3 2 0 568 
3 2 0 566 
3 2 0 542 
3 2 0 528 
3 2 0 541 
3 2 0 529 
3 2 0 540 
3 2 0 536 
3 2 0 530 
3 2 0 535 
3 2 0 531 
3 2 0 534 
3 2 0 532 
3 2 0 533 
3 2 0 539 
3 2 0 537 
3 2 0 538 
3 2 0 565 
3 2 0 543 
3 2 0 564 
3 2 0 544 
3 2 0 563 
3 2 0 545 
3 2 0 562 
3 2 0 546 
3 2 0 561 
3 2 0 547 
3 2 0 560 
3 2 0 556 
3 2 0 550 
3 2 0 548 
3 2 0 549 
3 2 0 555 
3 2 0 551 
3 2 0 554 
3 2 0 552 
3 2 0 553 
3 2 0 559 
3 2 0 557 
3 2 0 558 
3 2 0 567 
1 0 
1 0 
2 3 637 638 0 
1 0 
1 0 
1 0 
2 3 641 642 0 
2 3 640 643 0 
2 3 639 644 0 
1 0 
2 3 645 646 0 
1 0 
1 0 
1 0 
2 3 649 650 0 
1 0 
1 0 
2 3 652 653 0 
2 3 651 654 0 
2 3 648 655 0 
2 3 647 656 0 
1 0 
2 3 657 658 0 
3 2 0 659 
3 2 0 657 
3 2 0 647 
3 2 0 645 
3 2 0 639 
3 2 0 637 
3 2 0 638 
3 2 0 644 
3 2 0 640 
3 2 0 643 
3 2 0 641 
3 2 0 642 
3 2 0 646 
3 2 0 656 
3 2 0 648 
3 2 0 655 
3 2 0 651 
3 2 0 649 
3 2 0 650 
3 2 0 654 
3 2 0 652 
3 2 0 653 
3 2 0 658 
1 0 
1 0 
1 0 
1 0 
1 0 
1 0 
2 3 687 688 0 
1 0 
2 3 689 690 0 
2 3 686 691 0 
2 3 685 692 0 
2 3 684 693 0 
1 0 
2 3 694 695 0 
2 3 683 696 0 
3 2 0 697 
3 2 0 683 
3 2 0 696 
3 2 0 694 
3 2 0 684 
3 2 0 693 
3 2 0 685 
3 2 0 692 
3 2 0 686 
3 2 0 691 
3 2 0 689 
3 2 0 687 
3 2 0 688 
3 2 0 690 
3 2 0 695 
1 0 
1 0 
1 0 
1 0 
1 0 
1 0 
2 3 717 718 0 
2 3 716 719 0 
1 0 
1 0 
2 3 721 722 0 
2 3 720 723 0 
2 3 715 724 0 
1 0 
2 3 725 726 0 
1 0 
1 0 
1 0 
1 0 
1 0 
1 0 
1 0 
1 0 
1 0 
1 0 
2 3 736 737 0 
2 3 735 738 0 
1 0 
1 0 
1 0 
1 0 
1 0 
1 0 
2 3 744 745 0 
1 0 
1 0 
1 0 
2 3 748 749 0 
2 3 747 750 0 
2 3 746 751 0 
2 3 743 752 0 
2 3 742 753 0 
2 3 741 754 0 
2 3 740 755 0 
2 3 739 756 0 
2 3 734 757 0 
2 3 733 758 0 
2 3 732 759 0 
2 3 731 760 0 
2 3 730 761 0 
2 3 729 762 0 
2 3 728 763 0 
2 3 727 764 0 
2 3 714 765 0 
1 0 
2 3 766 767 0 
2 3 713 768 0 
3 2 0 769 
3 2 0 713 
3 2 0 768 
3 2 0 766 
3 2 0 714 
3 2 0 765 
3 2 0 727 
3 2 0 725 
3 2 0 715 
3 2 0 724 
3 2 0 720 
3 2 0 716 
3 2 0 719 
3 2 0 717 
3 2 0 718 
3 2 0 723 
3 2 0 721 
3 2 0 722 
3 2 0 726 
3 2 0 764 
3 2 0 728 
3 2 0 763 
3 2 0 729 
3 2 0 762 
3 2 0 730 
3 2 0 761 
3 2 0 731 
3 2 0 760 
3 2 0 732 
3 2 0 759 
3 2 0 733 
3 2 0 758 
3 2 0 734 
3 2 0 757 
3 2 0 739 
3 2 0 735 
3 2 0 738 
3 2 0 736 
3 2 0 737 
3 2 0 756 
3 2 0 740 
3 2 0 755 
3 2 0 741 
3 2 0 754 
3 2 0 742 
3 2 0 753 
3 2 0 743 
3 2 0 752 
3 2 0 746 
3 2 0 744 
3 2 0 745 
3 2 0 751 
3 2 0 747 
3 2 0 750 
3 2 0 748 
3 2 0 749 
3 2 0 767 
1 0 
1 0 
1 0 
1 0 
1 0 
2 3 830 831 0 
2 3 829 832 0 
2 3 828 833 0 
2 3 827 834 0 
1 0 
1 0 
2 3 836 837 0 
1 0 
1 0 
1 0 
2 3 840 841 0 
1 0 
1 0 
1 0 
1 0 
1 0 
1 0 
1 0 
1 0 
1 0 
2 3 850 851 0 
2 3 849 852 0 
2 3 848 853 0 
2 3 847 854 0 
2 3 846 855 0 
2 3 845 856 0 
2 3 844 857 0 
2 3 843 858 0 
2 3 842 859 0 
2 3 839 860 0 
2 3 838 861 0 
1 0 
2 3 862 863 0 
2 3 835 864 0 
3 2 0 865 
3 2 0 835 
3 2 0 827 
3 2 0 834 
3 2 0 828 
3 2 0 833 
3 2 0 829 
3 2 0 832 
3 2 0 830 
3 2 0 831 
3 2 0 864 
3 2 0 862 
3 2 0 838 
3 2 0 836 
3 2 0 837 
3 2 0 861 
3 2 0 839 
3 2 0 860 
3 2 0 842 
3 2 0 840 
3 2 0 841 
3 2 0 859 
3 2 0 843 
3 2 0 858 
3 2 0 844 
3 2 0 857 
3 2 0 845 
3 2 0 856 
3 2 0 846 
3 2 0 855 
3 2 0 847 
3 2 0 854 
3 2 0 848 
3 2 0 853 
3 2 0 849 
3 2 0 852 
3 2 0 850 
3 2 0 851 
3 2 0 863 
1 0 
1 0 
2 3 905 906 0 
1 0 
2 3 907 908 0 
1 0 
1 0 
2 3 910 911 0 
2 3 909 912 0 
1 0 
1 0 
2 3 914 915 0 
2 3 913 916 0 
3 2 0 917 
3 2 0 913 
3 2 0 909 
3 2 0 907 
3 2 0 905 
3 2 0 906 
3 2 0 908 
3 2 0 912 
3 2 0 910 
3 2 0 911 
3 2 0 916 
3 2 0 914 
3 2 0 915 
1 0 
1 0 
1 0 
2 3 932 933 0 
2 3 931 934 0 
1 0 
1 0 
1 0 
2 3 937 938 0 
2 3 936 939 0 
2 3 935 940 0 
1 0 
2 3 941 942 0 
3 2 0 943 
3 2 0 941 
3 2 0 935 
3 2 0 931 
3 2 0 934 
3 2 0 932 
3 2 0 933 
3 2 0 940 
3 2 0 936 
3 2 0 939 
3 2 0 937 
3 2 0 938 
3 2 0 942 
1 0 
1 0 
1 0 
1 0 
1 0 
1 0 
1 0 
1 0 
2 3 963 964 0 
1 0 
2 3 965 966 0 
1 0 
2 3 967 968 0 
2 3 962 969 0 
2 3 961 970 0 
2 3 960 971 0 
2 3 959 972 0 
2 3 958 973 0 
2 3 957 974 0 
3 2 0 975 
3 2 0 957 
3 2 0 974 
3 2 0 958 
3 2 0 973 
3 2 0 959 
3 2 0 972 
3 2 0 960 
3 2 0 971 
3 2 0 961 
3 2 0 970 
3 2 0 962 
3 2 0 969 
3 2 0 967 
3 2 0 965 
3 2 0 963 
3 2 0 964 
3 2 0 966 
3 2 0 968 
1 0 
1 0 
1 0 
1 0 
1 0 
2 3 998 999 0 
2 3 997 1000 0 
2 3 996 1001 0 
1 0 
2 3 1002 1003 0 
2 3 995 1004 0 
1 0 
2 3 1005 1006 0 
1 0 
2 3 1007 1008 0 
1 0 
1 0 
1 0 
2 3 1011 1012 0 
1 0 
1 0 
2 3 1014 1015 0 
2 3 1013 1016 0 
1 0 
1 0 
1 0 
2 3 1019 1020 0 
2 3 1018 1021 0 
2 3 1017 1022 0 
2 3 1010 1023 0 
2 3 1009 1024 0 
1 0 
2 3 1025 1026 0 
3 2 0 1027 
3 2 0 1025 
3 2 0 1009 
3 2 0 1007 
3 2 0 1005 
3 2 0 995 
3 2 0 1004 
3 2 0 1002 
3 2 0 996 
3 2 0 1001 
3 2 0 997 
3 2 0 1000 
3 2 0 998 
3 2 0 999 
3 2 0 1003 
3 2 0 1006 
3 2 0 1008 
3 2 0 1024 
3 2 0 1010 
3 2 0 1023 
3 2 0 1017 
3 2 0 1013 
3 2 0 1011 
3 2 0 1012 
3 2 0 1016 
3 2 0 1014 
3 2 0 1015 
3 2 0 1022 
3 2 0 1018 
3 2 0 1021 
3 2 0 1019 
3 2 0 1020 
3 2 0 1026 
1 0 
1 0 
2 3 1061 1062 0 
1 0 
1 0 
1 0 
1 0 
2 3 1066 1067 0 
2 3 1065 1068 0 
2 3 1064 1069 0 
2 3 1063 1070 0 
1 0 
1 0 
1 0 
2 3 1073 1074 0 
1 0 
1 0 
1 0 
1 0 
1 0 
1 0 
2 3 1080 1081 0 
2 3 1079 1082 0 
2 3 1078 1083 0 
2 3 1077 1084 0 
2 3 1076 1085 0 
2 3 1075 1086 0 
1 0 
2 3 1087 1088 0 
2 3 1072 1089 0 
2 3 1071 1090 0 
1 0 
2 3 1091 1092 0 
1 0 
1 0 
2 3 1094 1095 0 
1 0 
1 0 
1 0 
2 3 1098 1099 0 
2 3 1097 1100 0 
2 3 1096 1101 0 
2 3 1093 1102 0 
1 0 
2 3 1103 1104 0 
3 2 0 1105 
3 2 0 1103 
3 2 0 1093 
3 2 0 1091 
3 2 0 1071 
3 2 0 1063 
3 2 0 1061 
3 2 0 1062 
3 2 0 1070 
3 2 0 1064 
3 2 0 1069 
3 2 0 1065 
3 2 0 1068 
3 2 0 1066 
3 2 0 1067 
3 2 0 1090 
3 2 0 1072 
3 2 0 1089 
3 2 0 1087 
3 2 0 1075 
3 2 0 1073 
3 2 0 1074 
3 2 0 1086 
3 2 0 1076 
3 2 0 1085 
3 2 0 1077 
3 2 0 1084 
3 2 0 1078 
3 2 0 1083 
3 2 0 1079 
3 2 0 1082 
3 2 0 1080 
3 2 0 1081 
3 2 0 1088 
3 2 0 1092 
3 2 0 1102 
3 2 0 1096 
3 2 0 1094 
3 2 0 1095 
3 2 0 1101 
3 2 0 1097 
3 2 0 1100 
3 2 0 1098 
3 2 0 1099 
3 2 0 1104 
1 0 
1 0 
1 0 
2 3 1152 1153 0 
1 0 
2 3 1154 1155 0 
1 0 
2 3 1156 1157 0 
1 0 
1 0 
1 0 
1 0 
2 3 1161 1162 0 
2 3 1160 1163 0 
1 0 
1 0 
1 0 
1 0 
2 3 1167 1168 0 
2 3 1166 1169 0 
2 3 1165 1170 0 
2 3 1164 1171 0 
2 3 1159 1172 0 
2 3 1158 1173 0 
1 0 
2 3 1174 1175 0 
2 3 1151 1176 0 
3 2 0 1177 
3 2 0 1151 
3 2 0 1176 
3 2 0 1174 
3 2 0 1158 
3 2 0 1156 
3 2 0 1154 
3 2 0 1152 
3 2 0 1153 
3 2 0 1155 
3 2 0 1157 
3 2 0 1173 
3 2 0 1159 
3 2 0 1172 
3 2 0 1164 
3 2 0 1160 
3 2 0 1163 
3 2 0 1161 
3 2 0 1162 
3 2 0 1171 
3 2 0 1165 
3 2 0 1170 
3 2 0 1166 
3 2 0 1169 
3 2 0 1167 
3 2 0 1168 
3 2 0 1175 
1 0 
1 0 
1 0 
2 3 1206 1207 0 
2 3 1205 1208 0 
1 0 
1 0 
1 0 
2 3 1211 1212 0 
1 0 
2 3 1213 1214 0 
1 0 
1 0 
1 0 
1 0 
1 0 
1 0 
2 3 1220 1221 0 
1 0 
2 3 1222 1223 0 
1 0 
1 0 
1 0 
2 3 1226 1227 0 
2 3 1225 1228 0 
2 3 1224 1229 0 
2 3 1219 1230 0 
2 3 1218 1231 0 
2 3 1217 1232 0 
2 3 1216 1233 0 
2 3 1215 1234 0 
2 3 1210 1235 0 
2 3 1209 1236 0 
1 0 
2 3 1237 1238 0 
1 0 
1 0 
1 0 
2 3 1241 1242 0 
2 3 1240 1243 0 
1 0 
2 3 1244 1245 0 
1 0 
1 0 
1 0 
2 3 1248 1249 0 
1 0 
1 0 
2 3 1251 1252 0 
1 0 
1 0 
1 0 
1 0 
2 3 1256 1257 0 
2 3 1255 1258 0 
2 3 1254 1259 0 
2 3 1253 1260 0 
2 3 1250 1261 0 
2 3 1247 1262 0 
2 3 1246 1263 0 
2 3 1239 1264 0 
1 0 
2 3 1265 1266 0 
3 2 0 1267 
3 2 0 1265 
3 2 0 1239 
3 2 0 1237 
3 2 0 1209 
3 2 0 1205 
3 2 0 1208 
3 2 0 1206 
3 2 0 1207 
3 2 0 1236 
3 2 0 1210 
3 2 0 1235 
3 2 0 1215 
3 2 0 1213 
3 2 0 1211 
3 2 0 1212 
3 2 0 1214 
3 2 0 1234 
3 2 0 1216 
3 2 0 1233 
3 2 0 1217 
3 2 0 1232 
3 2 0 1218 
3 2 0 1231 
3 2 0 1219 
3 2 0 1230 
3 2 0 1224 
3 2 0 1222 
3 2 0 1220 
3 2 0 1221 
3 2 0 1223 
3 2 0 1229 
3 2 0 1225 
3 2 0 1228 
3 2 0 1226 
3 2 0 1227 
3 2 0 1238 
3 2 0 1264 
3 2 0 1246 
3 2 0 1244 
3 2 0 1240 
3 2 0 1243 
3 2 0 1241 
3 2 0 1242 
3 2 0 1245 
3 2 0 1263 
3 2 0 1247 
3 2 0 1262 
3 2 0 1250 
3 2 0 1248 
3 2 0 1249 
3 2 0 1261 
3 2 0 1253 
3 2 0 1251 
3 2 0 1252 
3 2 0 1260 
3 2 0 1254 
3 2 0 1259 
3 2 0 1255 
3 2 0 1258 
3 2 0 1256 
3 2 0 1257 
3 2 0 1266 
1 0 
1 0 
1 0 
2 3 1332 1333 0 
2 3 1331 1334 0 
1 0 
1 0 
2 3 1336 1337 0 
1 0 
1 0 
2 3 1339 1340 0 
2 3 1338 1341 0 
2 3 1335 1342 0 
1 0 
2 3 1343 1344 0 
3 2 0 1345 
3 2 0 1343 
3 2 0 1335 
3 2 0 1331 
3 2 0 1334 
3 2 0 1332 
3 2 0 1333 
3 2 0 1342 
3 2 0 1338 
3 2 0 1336 
3 2 0 1337 
3 2 0 1341 
3 2 0 1339 
3 2 0 1340 
3 2 0 1344 
1 0 
1 0 
1 0 
1 0 
1 0 
1 0 
1 0 
2 3 1366 1367 0 
2 3 1365 1368 0 
2 3 1364 1369 0 
2 3 1363 1370 0 
2 3 1362 1371 0 
2 3 1361 1372 0 
1 0 
1 0 
1 0 
1 0 
2 3 1376 1377 0 
1 0 
1 0 
2 3 1379 1380 0 
1 0 
1 0 
1 0 
1 0 
1 0 
1 0 
1 0 
2 3 1387 1388 0 
2 3 1386 1389 0 
2 3 1385 1390 0 
2 3 1384 1391 0 
2 3 1383 1392 0 
2 3 1382 1393 0 
2 3 1381 1394 0 
2 3 1378 1395 0 
1 0 
2 3 1396 1397 0 
2 3 1375 1398 0 
2 3 1374 1399 0 
2 3 1373 1400 0 
3 2 0 1401 
3 2 0 1373 
3 2 0 1361 
3 2 0 1372 
3 2 0 1362 
3 2 0 1371 
3 2 0 1363 
3 2 0 1370 
3 2 0 1364 
3 2 0 1369 
3 2 0 1365 
3 2 0 1368 
3 2 0 1366 
3 2 0 1367 
3 2 0 1400 
3 2 0 1374 
3 2 0 1399 
3 2 0 1375 
3 2 0 1398 
3 2 0 1396 
3 2 0 1378 
3 2 0 1376 
3 2 0 1377 
3 2 0 1395 
3 2 0 1381 
3 2 0 1379 
3 2 0 1380 
3 2 0 1394 
3 2 0 1382 
3 2 0 1393 
3 2 0 1383 
3 2 0 1392 
3 2 0 1384 
3 2 0 1391 
3 2 0 1385 
3 2 0 1390 
3 2 0 1386 
3 2 0 1389 
3 2 0 1387 
3 2 0 1388 
3 2 0 1397 
1 0 
1 0 
2 3 1443 1444 0 
1 0 
1 0 
1 0 
1 0 
2 3 1448 1449 0 
1 0 
1 0 
1 0 
2 3 1452 1453 0 
1 0 
2 3 1454 1455 0 
1 0 
1 0 
2 3 1457 1458 0 
2 3 1456 1459 0 
2 3 1451 1460 0 
2 3 1450 1461 0 
2 3 1447 1462 0 
2 3 1446 1463 0 
2 3 1445 1464 0 
1 0 
2 3 1465 1466 0 
1 0 
2 3 1467 1468 0 
1 0 
1 0 
1 0 
2 3 1471 1472 0 
1 0 
2 3 1473 1474 0 
1 0 
1 0 
1 0 
1 0 
1 0 
1 0 
2 3 1480 1481 0 
2 3 1479 1482 0 
2 3 1478 1483 0 
2 3 1477 1484 0 
2 3 1476 1485 0 
2 3 1475 1486 0 
2 3 1470 1487 0 
2 3 1469 1488 0 
1 0 
2 3 1489 1490 0 
3 2 0 1491 
3 2 0 1489 
3 2 0 1469 
3 2 0 1467 
3 2 0 1465 
3 2 0 1445 
3 2 0 1443 
3 2 0 1444 
3 2 0 1464 
3 2 0 1446 
3 2 0 1463 
3 2 0 1447 
3 2 0 1462 
3 2 0 1450 
3 2 0 1448 
3 2 0 1449 
3 2 0 1461 
3 2 0 1451 
3 2 0 1460 
3 2 0 1456 
3 2 0 1454 
3 2 0 1452 
3 2 0 1453 
3 2 0 1455 
3 2 0 1459 
3 2 0 1457 
3 2 0 1458 
3 2 0 1466 
3 2 0 1468 
3 2 0 1488 
3 2 0 1470 
3 2 0 1487 
3 2 0 1475 
3 2 0 1473 
3 2 0 1471 
3 2 0 1472 
3 2 0 1474 
3 2 0 1486 
3 2 0 1476 
3 2 0 1485 
3 2 0 1477 
3 2 0 1484 
3 2 0 1478 
3 2 0 1483 
3 2 0 1479 
3 2 0 1482 
3 2 0 1480 
3 2 0 1481 
3 2 0 1490 
1 0 
1 0 
1 0 
1 0 
1 0 
1 0 
1 0 
1 0 
1 0 
2 3 1548 1549 0 
2 3 1547 1550 0 
2 3 1546 1551 0 
2 3 1545 1552 0 
2 3 1544 1553 0 
2 3 1543 1554 0 
2 3 1542 1555 0 
1 0 
2 3 1556 1557 0 
2 3 1541 1558 0 
3 2 0 1559 
3 2 0 1541 
3 2 0 1558 
3 2 0 1556 
3 2 0 1542 
3 2 0 1555 
3 2 0 1543 
3 2 0 1554 
3 2 0 1544 
3 2 0 1553 
3 2 0 1545 
3 2 0 1552 
3 2 0 1546 
3 2 0 1551 
3 2 0 1547 
3 2 0 1550 
3 2 0 1548 
3 2 0 1549 
3 2 0 1557 
1 0 
1 0 
1 0 
1 0 
1 0 
1 0 
1 0 
1 0 
2 3 1585 1586 0 
2 3 1584 1587 0 
1 0 
1 0 
1 0 
1 0 
1 0 
1 0 
1 0 
1 0 
1 0 
2 3 1596 1597 0 
1 0 
1 0 
2 3 1599 1600 0 
2 3 1598 1601 0 
2 3 1595 1602 0 
2 3 1594 1603 0 
2 3 1593 1604 0 
2 3 1592 1605 0 
2 3 1591 1606 0 
2 3 1590 1607 0 
2 3 1589 1608 0 
2 3 1588 1609 0 
2 3 1583 1610 0 
2 3 1582 1611 0 
2 3 1581 1612 0 
2 3 1580 1613 0 
1 0 
2 3 1614 1615 0 
2 3 1579 1616 0 
3 2 0 1617 
3 2 0 1579 
3 2 0 1616 
3 2 0 1614 
3 2 0 1580 
3 2 0 1613 
3 2 0 1581 
3 2 0 1612 
3 2 0 1582 
3 2 0 1611 
3 2 0 1583 
3 2 0 1610 
3 2 0 1588 
3 2 0 1584 
3 2 0 1587 
3 2 0 1585 
3 2 0 1586 
3 2 0 1609 
3 2 0 1589 
3 2 0 1608 
3 2 0 1590 
3 2 0 1607 
3 2 0 1591 
3 2 0 1606 
3 2 0 1592 
3 2 0 1605 
3 2 0 1593 
3 2 0 1604 
3 2 0 1594 
3 2 0 1603 
3 2 0 1595 
3 2 0 1602 
3 2 0 1598 
3 2 0 1596 
3 2 0 1597 
3 2 0 1601 
3 2 0 1599 
3 2 0 1600 
3 2 0 1615 
1 0 
1 0 
2 3 1657 1658 0 
1 0 
1 0 
2 3 1660 1661 0 
1 0 
1 0 
1 0 
1 0 
1 0 
1 0 
1 0 
1 0 
2 3 1669 1670 0 
2 3 1668 1671 0 
1 0 
1 0 
1 0 
1 0 
2 3 1675 1676 0 
2 3 1674 1677 0 
1 0 
1 0 
1 0 
1 0 
2 3 1681 1682 0 
1 0 
1 0 
1 0 
1 0 
2 3 1686 1687 0 
2 3 1685 1688 0 
2 3 1684 1689 0 
2 3 1683 1690 0 
2 3 1680 1691 0 
2 3 1679 1692 0 
2 3 1678 1693 0 
2 3 1673 1694 0 
2 3 1672 1695 0 
2 3 1667 1696 0 
2 3 1666 1697 0 
2 3 1665 1698 0 
2 3 1664 1699 0 
2 3 1663 1700 0 
2 3 1662 1701 0 
1 0 
2 3 1702 1703 0 
2 3 1659 1704 0 
3 2 0 1705 
3 2 0 1659 
3 2 0 1657 
3 2 0 1658 
3 2 0 1704 
3 2 0 1702 
3 2 0 1662 
3 2 0 1660 
3 2 0 1661 
3 2 0 1701 
3 2 0 1663 
3 2 0 1700 
3 2 0 1664 
3 2 0 1699 
3 2 0 1665 
3 2 0 1698 
3 2 0 1666 
3 2 0 1697 
3 2 0 1667 
3 2 0 1696 
3 2 0 1672 
3 2 0 1668 
3 2 0 1671 
3 2 0 1669 
3 2 0 1670 
3 2 0 1695 
3 2 0 1673 
3 2 0 1694 
3 2 0 1678 
3 2 0 1674 
3 2 0 1677 
3 2 0 1675 
3 2 0 1676 
3 2 0 1693 
3 2 0 1679 
3 2 0 1692 
3 2 0 1680 
3 2 0 1691 
3 2 0 1683 
3 2 0 1681 
3 2 0 1682 
3 2 0 1690 
3 2 0 1684 
3 2 0 1689 
3 2 0 1685 
3 2 0 1688 
3 2 0 1686 
3 2 0 1687 
3 2 0 1703 
1 0 
1 0 
2 3 1755 1756 0 
1 0 
1 0 
1 0 
1 0 
2 3 1760 1761 0 
2 3 1759 1762 0 
1 0 
1 0 
1 0 
2 3 1765 1766 0 
1 0 
2 3 1767 1768 0 
2 3 1764 1769 0 
2 3 1763 1770 0 
1 0 
2 3 1771 1772 0 
1 0 
1 0 
2 3 1774 1775 0 
1 0 
1 0 
1 0 
2 3 1778 1779 0 
2 3 1777 1780 0 
2 3 1776 1781 0 
2 3 1773 1782 0 
1 0 
2 3 1783 1784 0 
1 0 
1 0 
2 3 1786 1787 0 
1 0 
1 0 
1 0 
2 3 1790 1791 0 
2 3 1789 1792 0 
2 3 1788 1793 0 
2 3 1785 1794 0 
2 3 1758 1795 0 
1 0 
2 3 1796 1797 0 
2 3 1757 1798 0 
3 2 0 1799 
3 2 0 1757 
3 2 0 1755 
3 2 0 1756 
3 2 0 1798 
3 2 0 1796 
3 2 0 1758 
3 2 0 1795 
3 2 0 1785 
3 2 0 1783 
3 2 0 1773 
3 2 0 1771 
3 2 0 1763 
3 2 0 1759 
3 2 0 1762 
3 2 0 1760 
3 2 0 1761 
3 2 0 1770 
3 2 0 1764 
3 2 0 1769 
3 2 0 1767 
3 2 0 1765 
3 2 0 1766 
3 2 0 1768 
3 2 0 1772 
3 2 0 1782 
3 2 0 1776 
3 2 0 1774 
3 2 0 1775 
3 2 0 1781 
3 2 0 1777 
3 2 0 1780 
3 2 0 1778 
3 2 0 1779 
3 2 0 1784 
3 2 0 1794 
3 2 0 1788 
3 2 0 1786 
3 2 0 1787 
3 2 0 1793 
3 2 0 1789 
3 2 0 1792 
3 2 0 1790 
3 2 0 1791 
3 2 0 1797 
1 0 
1 0 
1 0 
1 0 
2 3 1847 1848 0 
1 0 
1 0 
2 3 1850 1851 0 
2 3 1849 1852 0 
1 0 
1 0 
1 0 
2 3 1855 1856 0 
1 0 
1 0 
1 0 
2 3 1859 1860 0 
1 0 
1 0 
1 0 
2 3 1863 1864 0 
1 0 
2 3 1865 1866 0 
2 3 1862 1867 0 
2 3 1861 1868 0 
1 0 
1 0 
2 3 1870 1871 0 
2 3 1869 1872 0 
1 0 
1 0 
2 3 1874 1875 0 
2 3 1873 1876 0 
2 3 1858 1877 0 
2 3 1857 1878 0 
2 3 1854 1879 0 
1 0 
2 3 1880 1881 0 
2 3 1853 1882 0 
2 3 1846 1883 0 
2 3 1845 1884 0 
3 2 0 1885 
3 2 0 1845 
3 2 0 1884 
3 2 0 1846 
3 2 0 1883 
3 2 0 1853 
3 2 0 1849 
3 2 0 1847 
3 2 0 1848 
3 2 0 1852 
3 2 0 1850 
3 2 0 1851 
3 2 0 1882 
3 2 0 1880 
3 2 0 1854 
3 2 0 1879 
3 2 0 1857 
3 2 0 1855 
3 2 0 1856 
3 2 0 1878 
3 2 0 1858 
3 2 0 1877 
3 2 0 1873 
3 2 0 1869 
3 2 0 1861 
3 2 0 1859 
3 2 0 1860 
3 2 0 1868 
3 2 0 1862 
3 2 0 1867 
3 2 0 1865 
3 2 0 1863 
3 2 0 1864 
3 2 0 1866 
3 2 0 1872 
3 2 0 1870 
3 2 0 1871 
3 2 0 1876 
3 2 0 1874 
3 2 0 1875 
3 2 0 1881 
1 0 
1 0 
1 0 
1 0 
1 0 
1 0 
2 3 1931 1932 0 
1 0 
2 3 1933 1934 0 
2 3 1930 1935 0 
2 3 1929 1936 0 
1 0 
1 0 
1 0 
1 0 
1 0 
1 0 
1 0 
1 0 
1 0 
2 3 1945 1946 0 
2 3 1944 1947 0 
2 3 1943 1948 0 
2 3 1942 1949 0 
2 3 1941 1950 0 
2 3 1940 1951 0 
2 3 1939 1952 0 
2 3 1938 1953 0 
2 3 1937 1954 0 
2 3 1928 1955 0 
2 3 1927 1956 0 
1 0 
2 3 1957 1958 0 
1 0 
2 3 1959 1960 0 
1 0 
1 0 
1 0 
2 3 1963 1964 0 
1 0 
1 0 
1 0 
2 3 1967 1968 0 
1 0 
2 3 1969 1970 0 
1 0 
1 0 
1 0 
1 0 
2 3 1974 1975 0 
1 0 
2 3 1976 1977 0 
1 0 
1 0 
1 0 
1 0 
2 3 1981 1982 0 
1 0 
2 3 1983 1984 0 
1 0 
2 3 1985 1986 0 
1 0 
2 3 1987 1988 0 
2 3 1980 1989 0 
2 3 1979 1990 0 
2 3 1978 1991 0 
2 3 1973 1992 0 
2 3 1972 1993 0 
2 3 1971 1994 0 
2 3 1966 1995 0 
2 3 1965 1996 0 
2 3 1962 1997 0 
2 3 1961 1998 0 
1 0 
2 3 1999 2000 0 
3 2 0 2001 
3 2 0 1999 
3 2 0 1961 
3 2 0 1959 
3 2 0 1957 
3 2 0 1927 
3 2 0 1956 
3 2 0 1928 
3 2 0 1955 
3 2 0 1937 
3 2 0 1929 
3 2 0 1936 
3 2 0 1930 
3 2 0 1935 
3 2 0 1933 
3 2 0 1931 
3 2 0 1932 
3 2 0 1934 
3 2 0 1954 
3 2 0 1938 
3 2 0 1953 
3 2 0 1939 
3 2 0 1952 
3 2 0 1940 
3 2 0 1951 
3 2 0 1941 
3 2 0 1950 
3 2 0 1942 
3 2 0 1949 
3 2 0 1943 
3 2 0 1948 
3 2 0 1944 
3 2 0 1947 
3 2 0 1945 
3 2 0 1946 
3 2 0 1958 
3 2 0 1960 
3 2 0 1998 
3 2 0 1962 
3 2 0 1997 
3 2 0 1965 
3 2 0 1963 
3 2 0 1964 
3 2 0 1996 
3 2 0 1966 
3 2 0 1995 
3 2 0 1971 
3 2 0 1969 
3 2 0 1967 
3 2 0 1968 
3 2 0 1970 
3 2 0 1994 
3 2 0 1972 
3 2 0 1993 
3 2 0 1973 
3 2 0 1992 
3 2 0 1978 
3 2 0 1976 
3 2 0 1974 
3 2 0 1975 
3 2 0 1977 
3 2 0 1991 
3 2 0 1979 
3 2 0 1990 
3 2 0 1980 
3 2 0 1989 
3 2 0 1987 
3 2 0 1985 
3 2 0 1983 
3 2 0 1981 
3 2 0 1982 
3 2 0 1984 
3 2 0 1986 
3 2 0 1988 
3 2 0 2000 
1 0 
1 0 
1 0 
1 0 
2 3 2079 2080 0 
2 3 2078 2081 0 
1 0 
2 3 2082 2083 0 
2 3 2077 2084 0 
3 2 0 2085 
3 2 0 2077 
3 2 0 2084 
3 2 0 2082 
3 2 0 2078 
3 2 0 2081 
3 2 0 2079 
3 2 0 2080 
3 2 0 2083 
1 0 
1 0 
2 3 2095 2096 0 
1 0 
1 0 
2 3 2098 2099 0 
2 3 2097 2100 0 
1 0 
1 0 
1 0 
1 0 
2 3 2104 2105 0 
2 3 2103 2106 0 
1 0 
1 0 
2 3 2108 2109 0 
1 0 
1 0 
1 0 
2 3 2112 2113 0 
1 0 
2 3 2114 2115 0 
1 0 
1 0 
2 3 2117 2118 0 
1 0 
2 3 2119 2120 0 
1 0 
1 0 
2 3 2122 2123 0 
2 3 2121 2124 0 
2 3 2116 2125 0 
2 3 2111 2126 0 
2 3 2110 2127 0 
1 0 
2 3 2128 2129 0 
1 0 
1 0 
2 3 2131 2132 0 
2 3 2130 2133 0 
1 0 
1 0 
1 0 
1 0 
2 3 2137 2138 0 
2 3 2136 2139 0 
2 3 2135 2140 0 
2 3 2134 2141 0 
1 0 
2 3 2142 2143 0 
2 3 2107 2144 0 
2 3 2102 2145 0 
2 3 2101 2146 0 
3 2 0 2147 
3 2 0 2101 
3 2 0 2097 
3 2 0 2095 
3 2 0 2096 
3 2 0 2100 
3 2 0 2098 
3 2 0 2099 
3 2 0 2146 
3 2 0 2102 
3 2 0 2145 
3 2 0 2107 
3 2 0 2103 
3 2 0 2106 
3 2 0 2104 
3 2 0 2105 
3 2 0 2144 
3 2 0 2142 
3 2 0 2134 
3 2 0 2130 
3 2 0 2128 
3 2 0 2110 
3 2 0 2108 
3 2 0 2109 
3 2 0 2127 
3 2 0 2111 
3 2 0 2126 
3 2 0 2116 
3 2 0 2114 
3 2 0 2112 
3 2 0 2113 
3 2 0 2115 
3 2 0 2125 
3 2 0 2121 
3 2 0 2119 
3 2 0 2117 
3 2 0 2118 
3 2 0 2120 
3 2 0 2124 
3 2 0 2122 
3 2 0 2123 
3 2 0 2129 
3 2 0 2133 
3 2 0 2131 
3 2 0 2132 
3 2 0 2141 
3 2 0 2135 
3 2 0 2140 
3 2 0 2136 
3 2 0 2139 
3 2 0 2137 
3 2 0 2138 
3 2 0 2143 
1 0 
1 0 
1 0 
2 3 2202 2203 0 
1 0 
1 0 
1 0 
2 3 2206 2207 0 
1 0 
1 0 
1 0 
1 0 
2 3 2211 2212 0 
2 3 2210 2213 0 
1 0 
1 0 
1 0 
2 3 2216 2217 0 
1 0 
1 0 
1 0 
1 0 
2 3 2221 2222 0 
1 0 
1 0 
1 0 
2 3 2225 2226 0 
2 3 2224 2227 0 
2 3 2223 2228 0 
2 3 2220 2229 0 
2 3 2219 2230 0 
2 3 2218 2231 0 
2 3 2215 2232 0 
2 3 2214 2233 0 
2 3 2209 2234 0 
2 3 2208 2235 0 
2 3 2205 2236 0 
2 3 2204 2237 0 
2 3 2201 2238 0 
1 0 
2 3 2239 2240 0 
1 0 
1 0 
1 0 
1 0 
2 3 2244 2245 0 
2 3 2243 2246 0 
2 3 2242 2247 0 
1 0 
1 0 
2 3 2249 2250 0 
1 0 
1 0 
1 0 
1 0 
2 3 2254 2255 0 
1 0 
1 0 
1 0 
2 3 2258 2259 0 
1 0 
1 0 
1 0 
2 3 2262 2263 0 
1 0 
2 3 2264 2265 0 
2 3 2261 2266 0 
2 3 2260 2267 0 
2 3 2257 2268 0 
2 3 2256 2269 0 
2 3 2253 2270 0 
2 3 2252 2271 0 
2 3 2251 2272 0 
2 3 2248 2273 0 
2 3 2241 2274 0 
1 0 
2 3 2275 2276 0 
3 2 0 2277 
3 2 0 2275 
3 2 0 2241 
3 2 0 2239 
3 2 0 2201 
3 2 0 2238 
3 2 0 2204 
3 2 0 2202 
3 2 0 2203 
3 2 0 2237 
3 2 0 2205 
3 2 0 2236 
3 2 0 2208 
3 2 0 2206 
3 2 0 2207 
3 2 0 2235 
3 2 0 2209 
3 2 0 2234 
3 2 0 2214 
3 2 0 2210 
3 2 0 2213 
3 2 0 2211 
3 2 0 2212 
3 2 0 2233 
3 2 0 2215 
3 2 0 2232 
3 2 0 2218 
3 2 0 2216 
3 2 0 2217 
3 2 0 2231 
3 2 0 2219 
3 2 0 2230 
3 2 0 2220 
3 2 0 2229 
3 2 0 2223 
3 2 0 2221 
3 2 0 2222 
3 2 0 2228 
3 2 0 2224 
3 2 0 2227 
3 2 0 2225 
3 2 0 2226 
3 2 0 2240 
3 2 0 2274 
3 2 0 2248 
3 2 0 2242 
3 2 0 2247 
3 2 0 2243 
3 2 0 2246 
3 2 0 2244 
3 2 0 2245 
3 2 0 2273 
3 2 0 2251 
3 2 0 2249 
3 2 0 2250 
3 2 0 2272 
3 2 0 2252 
3 2 0 2271 
3 2 0 2253 
3 2 0 2270 
3 2 0 2256 
3 2 0 2254 
3 2 0 2255 
3 2 0 2269 
3 2 0 2257 
3 2 0 2268 
3 2 0 2260 
3 2 0 2258 
3 2 0 2259 
3 2 0 2267 
3 2 0 2261 
3 2 0 2266 
3 2 0 2264 
3 2 0 2262 
3 2 0 2263 
3 2 0 2265 
3 2 0 2276 
1 0 
1 0 
1 0 
1 0 
1 0 
1 0 
2 3 2359 2360 0 
1 0 
1 0 
1 0 
1 0 
1 0 
2 3 2365 2366 0 
1 0 
2 3 2367 2368 0 
2 3 2364 2369 0 
1 0 
1 0 
2 3 2371 2372 0 
2 3 2370 2373 0 
2 3 2363 2374 0 
2 3 2362 2375 0 
2 3 2361 2376 0 
2 3 2358 2377 0 
2 3 2357 2378 0 
2 3 2356 2379 0 
1 0 
2 3 2380 2381 0 
2 3 2355 2382 0 
3 2 0 2383 
3 2 0 2355 
3 2 0 2382 
3 2 0 2380 
3 2 0 2356 
3 2 0 2379 
3 2 0 2357 
3 2 0 2378 
3 2 0 2358 
3 2 0 2377 
3 2 0 2361 
3 2 0 2359 
3 2 0 2360 
3 2 0 2376 
3 2 0 2362 
3 2 0 2375 
3 2 0 2363 
3 2 0 2374 
3 2 0 2370 
3 2 0 2364 
3 2 0 2369 
3 2 0 2367 
3 2 0 2365 
3 2 0 2366 
3 2 0 2368 
3 2 0 2373 
3 2 0 2371 
3 2 0 2372 
3 2 0 2381 
1 0 
1 0 
1 0 
1 0 
1 0 
1 0 
1 0 
1 0 
2 3 2419 2420 0 
1 0 
2 3 2421 2422 0 
2 3 2418 2423 0 
1 0 
1 0 
1 0 
1 0 
2 3 2427 2428 0 
1 0 
1 0 
1 0 
2 3 2431 2432 0 
2 3 2430 2433 0 
2 3 2429 2434 0 
2 3 2426 2435 0 
2 3 2425 2436 0 
2 3 2424 2437 0 
2 3 2417 2438 0 
2 3 2416 2439 0 
2 3 2415 2440 0 
2 3 2414 2441 0 
1 0 
2 3 2442 2443 0 
2 3 2413 2444 0 
3 2 0 2445 
3 2 0 2413 
3 2 0 2444 
3 2 0 2442 
3 2 0 2414 
3 2 0 2441 
3 2 0 2415 
3 2 0 2440 
3 2 0 2416 
3 2 0 2439 
3 2 0 2417 
3 2 0 2438 
3 2 0 2424 
3 2 0 2418 
3 2 0 2423 
3 2 0 2421 
3 2 0 2419 
3 2 0 2420 
3 2 0 2422 
3 2 0 2437 
3 2 0 2425 
3 2 0 2436 
3 2 0 2426 
3 2 0 2435 
3 2 0 2429 
3 2 0 2427 
3 2 0 2428 
3 2 0 2434 
3 2 0 2430 
3 2 0 2433 
3 2 0 2431 
3 2 0 2432 
3 2 0 2443 
1 0 
1 0 
1 0 
2 3 2480 2481 0 
2 3 2479 2482 0 
1 0 
1 0 
1 0 
1 0 
2 3 2486 2487 0 
1 0 
2 3 2488 2489 0 
2 3 2485 2490 0 
1 0 
2 3 2491 2492 0 
2 3 2484 2493 0 
2 3 2483 2494 0 
1 0 
1 0 
1 0 
2 3 2497 2498 0 
2 3 2496 2499 0 
2 3 2495 2500 0 
1 0 
1 0 
1 0 
1 0 
1 0 
1 0 
2 3 2506 2507 0 
2 3 2505 2508 0 
1 0 
1 0 
1 0 
1 0 
2 3 2512 2513 0 
1 0 
1 0 
1 0 
2 3 2516 2517 0 
2 3 2515 2518 0 
1 0 
1 0 
1 0 
1 0 
1 0 
1 0 
2 3 2524 2525 0 
2 3 2523 2526 0 
2 3 2522 2527 0 
2 3 2521 2528 0 
2 3 2520 2529 0 
2 3 2519 2530 0 
2 3 2514 2531 0 
2 3 2511 2532 0 
2 3 2510 2533 0 
2 3 2509 2534 0 
2 3 2504 2535 0 
2 3 2503 2536 0 
2 3 2502 2537 0 
1 0 
2 3 2538 2539 0 
2 3 2501 2540 0 
3 2 0 2541 
3 2 0 2501 
3 2 0 2495 
3 2 0 2483 
3 2 0 2479 
3 2 0 2482 
3 2 0 2480 
3 2 0 2481 
3 2 0 2494 
3 2 0 2484 
3 2 0 2493 
3 2 0 2491 
3 2 0 2485 
3 2 0 2490 
3 2 0 2488 
3 2 0 2486 
3 2 0 2487 
3 2 0 2489 
3 2 0 2492 
3 2 0 2500 
3 2 0 2496 
3 2 0 2499 
3 2 0 2497 
3 2 0 2498 
3 2 0 2540 
3 2 0 2538 
3 2 0 2502 
3 2 0 2537 
3 2 0 2503 
3 2 0 2536 
3 2 0 2504 
3 2 0 2535 
3 2 0 2509 
3 2 0 2505 
3 2 0 2508 
3 2 0 2506 
3 2 0 2507 
3 2 0 2534 
3 2 0 2510 
3 2 0 2533 
3 2 0 2511 
3 2 0 2532 
3 2 0 2514 
3 2 0 2512 
3 2 0 2513 
3 2 0 2531 
3 2 0 2519 
3 2 0 2515 
3 2 0 2518 
3 2 0 2516 
3 2 0 2517 
3 2 0 2530 
3 2 0 2520 
3 2 0 2529 
3 2 0 2521 
3 2 0 2528 
3 2 0 2522 
3 2 0 2527 
3 2 0 2523 
3 2 0 2526 
3 2 0 2524 
3 2 0 2525 
3 2 0 2539 
1 0 
1 0 
1 0 
2 3 2606 2607 0 
2 3 2605 2608 0 
1 0 
1 0 
1 0 
2 3 2611 2612 0 
2 3 2610 2613 0 
1 0 
1 0 
1 0 
1 0 
1 0 
1 0 
2 3 2619 2620 0 
2 3 2618 2621 0 
2 3 2617 2622 0 
2 3 2616 2623 0 
2 3 2615 2624 0 
2 3 2614 2625 0 
1 0 
2 3 2626 2627 0 
2 3 2609 2628 0 
3 2 0 2629 
3 2 0 2609 
3 2 0 2605 
3 2 0 2608 
3 2 0 2606 
3 2 0 2607 
3 2 0 2628 
3 2 0 2626 
3 2 0 2614 
3 2 0 2610 
3 2 0 2613 
3 2 0 2611 
3 2 0 2612 
3 2 0 2625 
3 2 0 2615 
3 2 0 2624 
3 2 0 2616 
3 2 0 2623 
3 2 0 2617 
3 2 0 2622 
3 2 0 2618 
3 2 0 2621 
3 2 0 2619 
3 2 0 2620 
3 2 0 2627 
1 0 
1 0 
1 0 
1 0 
1 0 
1 0 
2 3 2659 2660 0 
2 3 2658 2661 0 
2 3 2657 2662 0 
2 3 2656 2663 0 
2 3 2655 2664 0 
1 0 
1 0 
1 0 
2 3 2667 2668 0 
1 0 
1 0 
1 0 
1 0 
2 3 2672 2673 0 
2 3 2671 2674 0 
1 0 
2 3 2675 2676 0 
2 3 2670 2677 0 
2 3 2669 2678 0 
2 3 2666 2679 0 
2 3 2665 2680 0 
1 0 
1 0 
1 0 
2 3 2683 2684 0 
1 0 
1 0 
1 0 
2 3 2687 2688 0 
1 0 
2 3 2689 2690 0 
2 3 2686 2691 0 
1 0 
2 3 2692 2693 0 
2 3 2685 2694 0 
2 3 2682 2695 0 
2 3 2681 2696 0 
3 2 0 2697 
3 2 0 2681 
3 2 0 2665 
3 2 0 2655 
3 2 0 2664 
3 2 0 2656 
3 2 0 2663 
3 2 0 2657 
3 2 0 2662 
3 2 0 2658 
3 2 0 2661 
3 2 0 2659 
3 2 0 2660 
3 2 0 2680 
3 2 0 2666 
3 2 0 2679 
3 2 0 2669 
3 2 0 2667 
3 2 0 2668 
3 2 0 2678 
3 2 0 2670 
3 2 0 2677 
3 2 0 2675 
3 2 0 2671 
3 2 0 2674 
3 2 0 2672 
3 2 0 2673 
3 2 0 2676 
3 2 0 2696 
3 2 0 2682 
3 2 0 2695 
3 2 0 2685 
3 2 0 2683 
3 2 0 2684 
3 2 0 2694 
3 2 0 2692 
3 2 0 2686 
3 2 0 2691 
3 2 0 2689 
3 2 0 2687 
3 2 0 2688 
3 2 0 2690 
3 2 0 2693 
1 0 
1 0 
1 0 
2 3 2742 2743 0 
1 0 
1 0 
1 0 
1 0 
1 0 
2 3 2748 2749 0 
2 3 2747 2750 0 
1 0 
2 3 2751 2752 0 
1 0 
1 0 
1 0 
1 0 
1 0 
1 0 
2 3 2758 2759 0 
1 0 
2 3 2760 2761 0 
2 3 2757 2762 0 
2 3 2756 2763 0 
2 3 2755 2764 0 
2 3 2754 2765 0 
2 3 2753 2766 0 
2 3 2746 2767 0 
2 3 2745 2768 0 
2 3 2744 2769 0 
1 0 
2 3 2770 2771 0 
2 3 2741 2772 0 
3 2 0 2773 
3 2 0 2741 
3 2 0 2772 
3 2 0 2770 
3 2 0 2744 
3 2 0 2742 
3 2 0 2743 
3 2 0 2769 
3 2 0 2745 
3 2 0 2768 
3 2 0 2746 
3 2 0 2767 
3 2 0 2753 
3 2 0 2751 
3 2 0 2747 
3 2 0 2750 
3 2 0 2748 
3 2 0 2749 
3 2 0 2752 
3 2 0 2766 
3 2 0 2754 
3 2 0 2765 
3 2 0 2755 
3 2 0 2764 
3 2 0 2756 
3 2 0 2763 
3 2 0 2757 
3 2 0 2762 
3 2 0 2760 
3 2 0 2758 
3 2 0 2759 
3 2 0 2761 
3 2 0 2771 
1 0 
1 0 
2 3 2807 2808 0 
1 0 
2 3 2809 2810 0 
1 0 
1 0 
1 0 
2 3 2813 2814 0 
2 3 2812 2815 0 
2 3 2811 2816 0 
1 0 
1 0 
2 3 2818 2819 0 
1 0 
1 0 
1 0 
1 0 
2 3 2823 2824 0 
2 3 2822 2825 0 
1 0 
1 0 
1 0 
1 0 
2 3 2829 2830 0 
2 3 2828 2831 0 
2 3 2827 2832 0 
2 3 2826 2833 0 
2 3 2821 2834 0 
2 3 2820 2835 0 
1 0 
2 3 2836 2837 0 
2 3 2817 2838 0 
3 2 0 2839 
3 2 0 2817 
3 2 0 2811 
3 2 0 2809 
3 2 0 2807 
3 2 0 2808 
3 2 0 2810 
3 2 0 2816 
3 2 0 2812 
3 2 0 2815 
3 2 0 2813 
3 2 0 2814 
3 2 0 2838 
3 2 0 2836 
3 2 0 2820 
3 2 0 2818 
3 2 0 2819 
3 2 0 2835 
3 2 0 2821 
3 2 0 2834 
3 2 0 2826 
3 2 0 2822 
3 2 0 2825 
3 2 0 2823 
3 2 0 2824 
3 2 0 2833 
3 2 0 2827 
3 2 0 2832 
3 2 0 2828 
3 2 0 2831 
3 2 0 2829 
3 2 0 2830 
3 2 0 2837 
1 0 
1 0 
1 0 
2 3 2874 2875 0 
2 3 2873 2876 0 
1 0 
1 0 
1 0 
1 0 
2 3 2880 2881 0 
1 0 
1 0 
1 0 
1 0 
2 3 2885 2886 0 
2 3 2884 2887 0 
1 0 
1 0 
1 0 
2 3 2890 2891 0 
2 3 2889 2892 0 
1 0 
1 0 
1 0 
2 3 2895 2896 0 
1 0 
2 3 2897 2898 0 
2 3 2894 2899 0 
2 3 2893 2900 0 
2 3 2888 2901 0 
2 3 2883 2902 0 
2 3 2882 2903 0 
2 3 2879 2904 0 
2 3 2878 2905 0 
1 0 
2 3 2906 2907 0 
2 3 2877 2908 0 
3 2 0 2909 
3 2 0 2877 
3 2 0 2873 
3 2 0 2876 
3 2 0 2874 
3 2 0 2875 
3 2 0 2908 
3 2 0 2906 
3 2 0 2878 
3 2 0 2905 
3 2 0 2879 
3 2 0 2904 
3 2 0 2882 
3 2 0 2880 
3 2 0 2881 
3 2 0 2903 
3 2 0 2883 
3 2 0 2902 
3 2 0 2888 
3 2 0 2884 
3 2 0 2887 
3 2 0 2885 
3 2 0 2886 
3 2 0 2901 
3 2 0 2893 
3 2 0 2889 
3 2 0 2892 
3 2 0 2890 
3 2 0 2891 
3 2 0 2900 
3 2 0 2894 
3 2 0 2899 
3 2 0 2897 
3 2 0 2895 
3 2 0 2896 
3 2 0 2898 
3 2 0 2907 
1 0 
1 0 
2 3 2947 2948 0 
1 0 
2 3 2949 2950 0 
1 0 
1 0 
1 0 
2 3 2953 2954 0 
1 0 
2 3 2955 2956 0 
1 0 
1 0 
2 3 2958 2959 0 
2 3 2957 2960 0 
2 3 2952 2961 0 
1 0 
2 3 2962 2963 0 
1 0 
1 0 
1 0 
2 3 2966 2967 0 
2 3 2965 2968 0 
1 0 
1 0 
1 0 
2 3 2971 2972 0 
2 3 2970 2973 0 
1 0 
1 0 
1 0 
1 0 
1 0 
2 3 2978 2979 0 
2 3 2977 2980 0 
2 3 2976 2981 0 
2 3 2975 2982 0 
2 3 2974 2983 0 
2 3 2969 2984 0 
2 3 2964 2985 0 
1 0 
2 3 2986 2987 0 
2 3 2951 2988 0 
3 2 0 2989 
3 2 0 2951 
3 2 0 2949 
3 2 0 2947 
3 2 0 2948 
3 2 0 2950 
3 2 0 2988 
3 2 0 2986 
3 2 0 2964 
3 2 0 2962 
3 2 0 2952 
3 2 0 2961 
3 2 0 2957 
3 2 0 2955 
3 2 0 2953 
3 2 0 2954 
3 2 0 2956 
3 2 0 2960 
3 2 0 2958 
3 2 0 2959 
3 2 0 2963 
3 2 0 2985 
3 2 0 2969 
3 2 0 2965 
3 2 0 2968 
3 2 0 2966 
3 2 0 2967 
3 2 0 2984 
3 2 0 2974 
3 2 0 2970 
3 2 0 2973 
3 2 0 2971 
3 2 0 2972 
3 2 0 2983 
3 2 0 2975 
3 2 0 2982 
3 2 0 2976 
3 2 0 2981 
3 2 0 2977 
3 2 0 2980 
3 2 0 2978 
3 2 0 2979 
3 2 0 2987 
1 0 
1 0 
1 0 
2 3 3034 3035 0 
2 3 3033 3036 0 
1 0 
1 0 
2 3 3038 3039 0 
2 3 3037 3040 0 
1 0 
1 0 
1 0 
1 0 
1 0 
2 3 3045 3046 0 
1 0 
1 0 
1 0 
2 3 3049 3050 0 
2 3 3048 3051 0 
2 3 3047 3052 0 
2 3 3044 3053 0 
2 3 3043 3054 0 
2 3 3042 3055 0 
1 0 
2 3 3056 3057 0 
2 3 3041 3058 0 
3 2 0 3059 
3 2 0 3041 
3 2 0 3037 
3 2 0 3033 
3 2 0 3036 
3 2 0 3034 
3 2 0 3035 
3 2 0 3040 
3 2 0 3038 
3 2 0 3039 
3 2 0 3058 
3 2 0 3056 
3 2 0 3042 
3 2 0 3055 
3 2 0 3043 
3 2 0 3054 
3 2 0 3044 
3 2 0 3053 
3 2 0 3047 
3 2 0 3045 
3 2 0 3046 
3 2 0 3052 
3 2 0 3048 
3 2 0 3051 
3 2 0 3049 
3 2 0 3050 
3 2 0 3057 
1 0 
1 0 
1 0 
1 0 
2 3 3089 3090 0 
2 3 3088 3091 0 
1 0 
2 3 3092 3093 0 
1 0 
1 0 
1 0 
2 3 3096 3097 0 
2 3 3095 3098 0 
2 3 3094 3099 0 
1 0 
2 3 3100 3101 0 
1 0 
1 0 
2 3 3103 3104 0 
2 3 3102 3105 0 
2 3 3087 3106 0 
1 0 
1 0 
1 0 
1 0 
1 0 
1 0 
2 3 3112 3113 0 
1 0 
2 3 3114 3115 0 
2 3 3111 3116 0 
1 0 
1 0 
1 0 
2 3 3119 3120 0 
2 3 3118 3121 0 
2 3 3117 3122 0 
2 3 3110 3123 0 
1 0 
2 3 3124 3125 0 
2 3 3109 3126 0 
2 3 3108 3127 0 
2 3 3107 3128 0 
3 2 0 3129 
3 2 0 3107 
3 2 0 3087 
3 2 0 3106 
3 2 0 3102 
3 2 0 3100 
3 2 0 3094 
3 2 0 3092 
3 2 0 3088 
3 2 0 3091 
3 2 0 3089 
3 2 0 3090 
3 2 0 3093 
3 2 0 3099 
3 2 0 3095 
3 2 0 3098 
3 2 0 3096 
3 2 0 3097 
3 2 0 3101 
3 2 0 3105 
3 2 0 3103 
3 2 0 3104 
3 2 0 3128 
3 2 0 3108 
3 2 0 3127 
3 2 0 3109 
3 2 0 3126 
3 2 0 3124 
3 2 0 3110 
3 2 0 3123 
3 2 0 3117 
3 2 0 3111 
3 2 0 3116 
3 2 0 3114 
3 2 0 3112 
3 2 0 3113 
3 2 0 3115 
3 2 0 3122 
3 2 0 3118 
3 2 0 3121 
3 2 0 3119 
3 2 0 3120 
3 2 0 3125 
1 0 
1 0 
1 0 
2 3 3174 3175 0 
1 0 
1 0 
1 0 
1 0 
2 3 3179 3180 0 
1 0 
2 3 3181 3182 0 
2 3 3178 3183 0 
2 3 3177 3184 0 
1 0 
2 3 3185 3186 0 
1 0 
1 0 
2 3 3188 3189 0 
1 0 
1 0 
1 0 
1 0 
1 0 
2 3 3194 3195 0 
2 3 3193 3196 0 
2 3 3192 3197 0 
2 3 3191 3198 0 
1 0 
1 0 
1 0 
1 0 
1 0 
2 3 3203 3204 0 
2 3 3202 3205 0 
2 3 3201 3206 0 
2 3 3200 3207 0 
2 3 3199 3208 0 
2 3 3190 3209 0 
2 3 3187 3210 0 
1 0 
2 3 3211 3212 0 
2 3 3176 3213 0 
2 3 3173 3214 0 
3 2 0 3215 
3 2 0 3173 
3 2 0 3214 
3 2 0 3176 
3 2 0 3174 
3 2 0 3175 
3 2 0 3213 
3 2 0 3211 
3 2 0 3187 
3 2 0 3185 
3 2 0 3177 
3 2 0 3184 
3 2 0 3178 
3 2 0 3183 
3 2 0 3181 
3 2 0 3179 
3 2 0 3180 
3 2 0 3182 
3 2 0 3186 
3 2 0 3210 
3 2 0 3190 
3 2 0 3188 
3 2 0 3189 
3 2 0 3209 
3 2 0 3199 
3 2 0 3191 
3 2 0 3198 
3 2 0 3192 
3 2 0 3197 
3 2 0 3193 
3 2 0 3196 
3 2 0 3194 
3 2 0 3195 
3 2 0 3208 
3 2 0 3200 
3 2 0 3207 
3 2 0 3201 
3 2 0 3206 
3 2 0 3202 
3 2 0 3205 
3 2 0 3203 
3 2 0 3204 
3 2 0 3212 
1 0 
1 0 
1 0 
1 0 
1 0 
2 3 3262 3263 0 
2 3 3261 3264 0 
2 3 3260 3265 0 
1 0 
1 0 
2 3 3267 3268 0 
1 0 
1 0 
1 0 
1 0 
1 0 
2 3 3273 3274 0 
2 3 3272 3275 0 
1 0 
1 0 
1 0 
2 3 3278 3279 0 
1 0 
2 3 3280 3281 0 
2 3 3277 3282 0 
2 3 3276 3283 0 
2 3 3271 3284 0 
2 3 3270 3285 0 
2 3 3269 3286 0 
1 0 
2 3 3287 3288 0 
1 0 
1 0 
1 0 
1 0 
1 0 
2 3 3293 3294 0 
2 3 3292 3295 0 
2 3 3291 3296 0 
2 3 3290 3297 0 
2 3 3289 3298 0 
1 0 
2 3 3299 3300 0 
2 3 3266 3301 0 
2 3 3259 3302 0 
3 2 0 3303 
3 2 0 3259 
3 2 0 3302 
3 2 0 3266 
3 2 0 3260 
3 2 0 3265 
3 2 0 3261 
3 2 0 3264 
3 2 0 3262 
3 2 0 3263 
3 2 0 3301 
3 2 0 3299 
3 2 0 3289 
3 2 0 3287 
3 2 0 3269 
3 2 0 3267 
3 2 0 3268 
3 2 0 3286 
3 2 0 3270 
3 2 0 3285 
3 2 0 3271 
3 2 0 3284 
3 2 0 3276 
3 2 0 3272 
3 2 0 3275 
3 2 0 3273 
3 2 0 3274 
3 2 0 3283 
3 2 0 3277 
3 2 0 3282 
3 2 0 3280 
3 2 0 3278 
3 2 0 3279 
3 2 0 3281 
3 2 0 3288 
3 2 0 3298 
3 2 0 3290 
3 2 0 3297 
3 2 0 3291 
3 2 0 3296 
3 2 0 3292 
3 2 0 3295 
3 2 0 3293 
3 2 0 3294 
3 2 0 3300 
1 0 
1 0 
1 0 
2 3 3350 3351 0 
2 3 3349 3352 0 
1 0 
1 0 
1 0 
1 0 
2 3 3356 3357 0 
1 0 
2 3 3358 3359 0 
2 3 3355 3360 0 
2 3 3354 3361 0 
2 3 3353 3362 0 
1 0 
2 3 3363 3364 0 
3 2 0 3365 
3 2 0 3363 
3 2 0 3353 
3 2 0 3349 
3 2 0 3352 
3 2 0 3350 
3 2 0 3351 
3 2 0 3362 
3 2 0 3354 
3 2 0 3361 
3 2 0 3355 
3 2 0 3360 
3 2 0 3358 
3 2 0 3356 
3 2 0 3357 
3 2 0 3359 
3 2 0 3364 
1 0 
1 0 
2 3 3383 3384 0 
1 0 
2 3 3385 3386 0 
1 0 
1 0 
2 3 3388 3389 0 
2 3 3387 3390 0 
1 0 
1 0 
1 0 
1 0 
2 3 3394 3395 0 
1 0 
1 0 
2 3 3397 3398 0 
2 3 3396 3399 0 
2 3 3393 3400 0 
1 0 
2 3 3401 3402 0 
2 3 3392 3403 0 
2 3 3391 3404 0 
3 2 0 3405 
3 2 0 3391 
3 2 0 3387 
3 2 0 3385 
3 2 0 3383 
3 2 0 3384 
3 2 0 3386 
3 2 0 3390 
3 2 0 3388 
3 2 0 3389 
3 2 0 3404 
3 2 0 3392 
3 2 0 3403 
3 2 0 3401 
3 2 0 3393 
3 2 0 3400 
3 2 0 3396 
3 2 0 3394 
3 2 0 3395 
3 2 0 3399 
3 2 0 3397 
3 2 0 3398 
3 2 0 3402 
1 0 
1 0 
1 0 
2 3 3430 3431 0 
2 3 3429 3432 0 
1 0 
2 3 3433 3434 0 
1 0 
2 3 3435 3436 0 
1 0 
1 0 
2 3 3438 3439 0 
1 0 
2 3 3440 3441 0 
2 3 3437 3442 0 
1 0 
1 0 
1 0 
2 3 3445 3446 0 
1 0 
1 0 
2 3 3448 3449 0 
2 3 3447 3450 0 
2 3 3444 3451 0 
1 0 
2 3 3452 3453 0 
1 0 
2 3 3454 3455 0 
2 3 3443 3456 0 
1 0 
2 3 3457 3458 0 
1 0 
2 3 3459 3460 0 
1 0 
1 0 
1 0 
1 0 
2 3 3464 3465 0 
2 3 3463 3466 0 
1 0 
1 0 
1 0 
1 0 
1 0 
2 3 3471 3472 0 
2 3 3470 3473 0 
1 0 
1 0 
2 3 3475 3476 0 
1 0 
1 0 
1 0 
2 3 3479 3480 0 
2 3 3478 3481 0 
2 3 3477 3482 0 
2 3 3474 3483 0 
2 3 3469 3484 0 
2 3 3468 3485 0 
2 3 3467 3486 0 
2 3 3462 3487 0 
2 3 3461 3488 0 
1 0 
2 3 3489 3490 0 
3 2 0 3491 
3 2 0 3489 
3 2 0 3461 
3 2 0 3459 
3 2 0 3457 
3 2 0 3443 
3 2 0 3437 
3 2 0 3435 
3 2 0 3433 
3 2 0 3429 
3 2 0 3432 
3 2 0 3430 
3 2 0 3431 
3 2 0 3434 
3 2 0 3436 
3 2 0 3442 
3 2 0 3440 
3 2 0 3438 
3 2 0 3439 
3 2 0 3441 
3 2 0 3456 
3 2 0 3454 
3 2 0 3452 
3 2 0 3444 
3 2 0 3451 
3 2 0 3447 
3 2 0 3445 
3 2 0 3446 
3 2 0 3450 
3 2 0 3448 
3 2 0 3449 
3 2 0 3453 
3 2 0 3455 
3 2 0 3458 
3 2 0 3460 
3 2 0 3488 
3 2 0 3462 
3 2 0 3487 
3 2 0 3467 
3 2 0 3463 
3 2 0 3466 
3 2 0 3464 
3 2 0 3465 
3 2 0 3486 
3 2 0 3468 
3 2 0 3485 
3 2 0 3469 
3 2 0 3484 
3 2 0 3474 
3 2 0 3470 
3 2 0 3473 
3 2 0 3471 
3 2 0 3472 
3 2 0 3483 
3 2 0 3477 
3 2 0 3475 
3 2 0 3476 
3 2 0 3482 
3 2 0 3478 
3 2 0 3481 
3 2 0 3479 
3 2 0 3480 
3 2 0 3490 
1 0 
1 0 
1 0 
1 0 
2 3 3557 3558 0 
1 0 
1 0 
1 0 
2 3 3561 3562 0 
1 0 
1 0 
1 0 
1 0 
1 0 
1 0 
2 3 3568 3569 0 
2 3 3567 3570 0 
2 3 3566 3571 0 
2 3 3565 3572 0 
2 3 3564 3573 0 
2 3 3563 3574 0 
1 0 
1 0 
1 0 
2 3 3577 3578 0 
2 3 3576 3579 0 
2 3 3575 3580 0 
2 3 3560 3581 0 
1 0 
2 3 3582 3583 0 
2 3 3559 3584 0 
2 3 3556 3585 0 
2 3 3555 3586 0 
3 2 0 3587 
3 2 0 3555 
3 2 0 3586 
3 2 0 3556 
3 2 0 3585 
3 2 0 3559 
3 2 0 3557 
3 2 0 3558 
3 2 0 3584 
3 2 0 3582 
3 2 0 3560 
3 2 0 3581 
3 2 0 3575 
3 2 0 3563 
3 2 0 3561 
3 2 0 3562 
3 2 0 3574 
3 2 0 3564 
3 2 0 3573 
3 2 0 3565 
3 2 0 3572 
3 2 0 3566 
3 2 0 3571 
3 2 0 3567 
3 2 0 3570 
3 2 0 3568 
3 2 0 3569 
3 2 0 3580 
3 2 0 3576 
3 2 0 3579 
3 2 0 3577 
3 2 0 3578 
3 2 0 3583 
1 0 
1 0 
1 0 
2 3 3622 3623 0 
1 0 
1 0 
2 3 3625 3626 0 
2 3 3624 3627 0 
1 0 
2 3 3628 3629 0 
2 3 3621 3630 0 
3 2 0 3631 
3 2 0 3621 
3 2 0 3630 
3 2 0 3628 
3 2 0 3624 
3 2 0 3622 
3 2 0 3623 
3 2 0 3627 
3 2 0 3625 
3 2 0 3626 
3 2 0 3629 
1 0 
1 0 
1 0 
2 3 3644 3645 0 
2 3 3643 3646 0 
1 0 
2 3 3647 3648 0 
1 0 
1 0 
1 0 
2 3 3651 3652 0 
1 0 
1 0 
2 3 3654 3655 0 
2 3 3653 3656 0 
2 3 3650 3657 0 
2 3 3649 3658 0 
1 0 
2 3 3659 3660 0 
1 0 
1 0 
1 0 
1 0 
2 3 3664 3665 0 
1 0 
1 0 
1 0 
1 0 
2 3 3669 3670 0 
2 3 3668 3671 0 
2 3 3667 3672 0 
2 3 3666 3673 0 
2 3 3663 3674 0 
2 3 3662 3675 0 
1 0 
2 3 3676 3677 0 
2 3 3661 3678 0 
3 2 0 3679 
3 2 0 3661 
3 2 0 3659 
3 2 0 3649 
3 2 0 3647 
3 2 0 3643 
3 2 0 3646 
3 2 0 3644 
3 2 0 3645 
3 2 0 3648 
3 2 0 3658 
3 2 0 3650 
3 2 0 3657 
3 2 0 3653 
3 2 0 3651 
3 2 0 3652 
3 2 0 3656 
3 2 0 3654 
3 2 0 3655 
3 2 0 3660 
3 2 0 3678 
3 2 0 3676 
3 2 0 3662 
3 2 0 3675 
3 2 0 3663 
3 2 0 3674 
3 2 0 3666 
3 2 0 3664 
3 2 0 3665 
3 2 0 3673 
3 2 0 3667 
3 2 0 3672 
3 2 0 3668 
3 2 0 3671 
3 2 0 3669 
3 2 0 3670 
3 2 0 3677 
1 0 
1 0 
1 0 
2 3 3718 3719 0 
2 3 3717 3720 0 
1 0 
1 0 
1 0 
1 0 
1 0 
2 3 3725 3726 0 
2 3 3724 3727 0 
2 3 3723 3728 0 
1 0 
2 3 3729 3730 0 
2 3 3722 3731 0 
2 3 3721 3732 0 
1 0 
1 0 
2 3 3734 3735 0 
1 0 
1 0 
1 0 
1 0 
1 0 
2 3 3740 3741 0 
1 0 
1 0 
1 0 
1 0 
1 0 
1 0 
1 0 
1 0 
2 3 3749 3750 0 
2 3 3748 3751 0 
1 0 
1 0 
2 3 3753 3754 0 
2 3 3752 3755 0 
2 3 3747 3756 0 
2 3 3746 3757 0 
2 3 3745 3758 0 
2 3 3744 3759 0 
2 3 3743 3760 0 
2 3 3742 3761 0 
2 3 3739 3762 0 
2 3 3738 3763 0 
2 3 3737 3764 0 
2 3 3736 3765 0 
1 0 
2 3 3766 3767 0 
2 3 3733 3768 0 
3 2 0 3769 
3 2 0 3733 
3 2 0 3721 
3 2 0 3717 
3 2 0 3720 
3 2 0 3718 
3 2 0 3719 
3 2 0 3732 
3 2 0 3722 
3 2 0 3731 
3 2 0 3729 
3 2 0 3723 
3 2 0 3728 
3 2 0 3724 
3 2 0 3727 
3 2 0 3725 
3 2 0 3726 
3 2 0 3730 
3 2 0 3768 
3 2 0 3766 
3 2 0 3736 
3 2 0 3734 
3 2 0 3735 
3 2 0 3765 
3 2 0 3737 
3 2 0 3764 
3 2 0 3738 
3 2 0 3763 
3 2 0 3739 
3 2 0 3762 
3 2 0 3742 
3 2 0 3740 
3 2 0 3741 
3 2 0 3761 
3 2 0 3743 
3 2 0 3760 
3 2 0 3744 
3 2 0 3759 
3 2 0 3745 
3 2 0 3758 
3 2 0 3746 
3 2 0 3757 
3 2 0 3747 
3 2 0 3756 
3 2 0 3752 
3 2 0 3748 
3 2 0 3751 
3 2 0 3749 
3 2 0 3750 
3 2 0 3755 
3 2 0 3753 
3 2 0 3754 
3 2 0 3767 
1 0 
1 0 
1 0 
1 0 
1 0 
1 0 
2 3 3827 3828 0 
2 3 3826 3829 0 
2 3 3825 3830 0 
1 0 
1 0 
2 3 3832 3833 0 
2 3 3831 3834 0 
2 3 3824 3835 0 
2 3 3823 3836 0 
3 2 0 3837 
3 2 0 3823 
3 2 0 3836 
3 2 0 3824 
3 2 0 3835 
3 2 0 3831 
3 2 0 3825 
3 2 0 3830 
3 2 0 3826 
3 2 0 3829 
3 2 0 3827 
3 2 0 3828 
3 2 0 3834 
3 2 0 3832 
3 2 0 3833 
1 0 
1 0 
1 0 
1 0 
2 3 3855 3856 0 
2 3 3854 3857 0 
2 3 3853 3858 0 
1 0 
1 0 
1 0 
1 0 
1 0 
2 3 3863 3864 0 
2 3 3862 3865 0 
2 3 3861 3866 0 
2 3 3860 3867 0 
2 3 3859 3868 0 
1 0 
1 0 
1 0 
1 0 
1 0 
1 0 
1 0 
1 0 
2 3 3876 3877 0 
2 3 3875 3878 0 
2 3 3874 3879 0 
2 3 3873 3880 0 
1 0 
2 3 3881 3882 0 
2 3 3872 3883 0 
2 3 3871 3884 0 
2 3 3870 3885 0 
2 3 3869 3886 0 
3 2 0 3887 
3 2 0 3869 
3 2 0 3859 
3 2 0 3853 
3 2 0 3858 
3 2 0 3854 
3 2 0 3857 
3 2 0 3855 
3 2 0 3856 
3 2 0 3868 
3 2 0 3860 
3 2 0 3867 
3 2 0 3861 
3 2 0 3866 
3 2 0 3862 
3 2 0 3865 
3 2 0 3863 
3 2 0 3864 
3 2 0 3886 
3 2 0 3870 
3 2 0 3885 
3 2 0 3871 
3 2 0 3884 
3 2 0 3872 
3 2 0 3883 
3 2 0 3881 
3 2 0 3873 
3 2 0 3880 
3 2 0 3874 
3 2 0 3879 
3 2 0 3875 
3 2 0 3878 
3 2 0 3876 
3 2 0 3877 
3 2 0 3882 
1 0 
1 0 
1 0 
1 0 
2 3 3925 3926 0 
2 3 3924 3927 0 
1 0 
1 0 
1 0 
1 0 
1 0 
2 3 3932 3933 0 
2 3 3931 3934 0 
2 3 3930 3935 0 
2 3 3929 3936 0 
2 3 3928 3937 0 
1 0 
1 0 
1 0 
1 0 
1 0 
2 3 3942 3943 0 
2 3 3941 3944 0 
2 3 3940 3945 0 
2 3 3939 3946 0 
1 0 
2 3 3947 3948 0 
2 3 3938 3949 0 
2 3 3923 3950 0 
3 2 0 3951 
3 2 0 3923 
3 2 0 3950 
3 2 0 3938 
3 2 0 3928 
3 2 0 3924 
3 2 0 3927 
3 2 0 3925 
3 2 0 3926 
3 2 0 3937 
3 2 0 3929 
3 2 0 3936 
3 2 0 3930 
3 2 0 3935 
3 2 0 3931 
3 2 0 3934 
3 2 0 3932 
3 2 0 3933 
3 2 0 3949 
3 2 0 3947 
3 2 0 3939 
3 2 0 3946 
3 2 0 3940 
3 2 0 3945 
3 2 0 3941 
3 2 0 3944 
3 2 0 3942 
3 2 0 3943 
3 2 0 3948 
1 0 
1 0 
2 3 3981 3982 0 
1 0 
1 0 
1 0 
1 0 
1 0 
1 0 
2 3 3988 3989 0 
2 3 3987 3990 0 
2 3 3986 3991 0 
2 3 3985 3992 0 
1 0 
1 0 
1 0 
1 0 
2 3 3996 3997 0 
1 0 
1 0 
2 3 3999 4000 0 
1 0 
1 0 
2 3 4002 4003 0 
1 0 
1 0 
1 0 
2 3 4006 4007 0 
2 3 4005 4008 0 
1 0 
1 0 
1 0 
1 0 
2 3 4012 4013 0 
2 3 4011 4014 0 
1 0 
1 0 
1 0 
1 0 
2 3 4018 4019 0 
1 0 
2 3 4020 4021 0 
1 0 
1 0 
2 3 4023 4024 0 
2 3 4022 4025 0 
2 3 4017 4026 0 
2 3 4016 4027 0 
2 3 4015 4028 0 
2 3 4010 4029 0 
2 3 4009 4030 0 
1 0 
1 0 
1 0 
1 0 
2 3 4034 4035 0 
1 0 
1 0 
1 0 
2 3 4038 4039 0 
2 3 4037 4040 0 
2 3 4036 4041 0 
2 3 4033 4042 0 
2 3 4032 4043 0 
2 3 4031 4044 0 
2 3 4004 4045 0 
2 3 4001 4046 0 
2 3 3998 4047 0 
2 3 3995 4048 0 
1 0 
2 3 4049 4050 0 
2 3 3994 4051 0 
2 3 3993 4052 0 
2 3 3984 4053 0 
2 3 3983 4054 0 
3 2 0 4055 
3 2 0 3983 
3 2 0 3981 
3 2 0 3982 
3 2 0 4054 
3 2 0 3984 
3 2 0 4053 
3 2 0 3993 
3 2 0 3985 
3 2 0 3992 
3 2 0 3986 
3 2 0 3991 
3 2 0 3987 
3 2 0 3990 
3 2 0 3988 
3 2 0 3989 
3 2 0 4052 
3 2 0 3994 
3 2 0 4051 
3 2 0 4049 
3 2 0 3995 
3 2 0 4048 
3 2 0 3998 
3 2 0 3996 
3 2 0 3997 
3 2 0 4047 
3 2 0 4001 
3 2 0 3999 
3 2 0 4000 
3 2 0 4046 
3 2 0 4004 
3 2 0 4002 
3 2 0 4003 
3 2 0 4045 
3 2 0 4031 
3 2 0 4009 
3 2 0 4005 
3 2 0 4008 
3 2 0 4006 
3 2 0 4007 
3 2 0 4030 
3 2 0 4010 
3 2 0 4029 
3 2 0 4015 
3 2 0 4011 
3 2 0 4014 
3 2 0 4012 
3 2 0 4013 
3 2 0 4028 
3 2 0 4016 
3 2 0 4027 
3 2 0 4017 
3 2 0 4026 
3 2 0 4022 
3 2 0 4020 
3 2 0 4018 
3 2 0 4019 
3 2 0 4021 
3 2 0 4025 
3 2 0 4023 
3 2 0 4024 
3 2 0 4044 
3 2 0 4032 
3 2 0 4043 
3 2 0 4033 
3 2 0 4042 
3 2 0 4036 
3 2 0 4034 
3 2 0 4035 
3 2 0 4041 
3 2 0 4037 
3 2 0 4040 
3 2 0 4038 
3 2 0 4039 
3 2 0 4050 
1 0 
1 0 
1 0 
1 0 
1 0 
1 0 
1 0 
1 0 
1 0 
2 3 4138 4139 0 
2 3 4137 4140 0 
2 3 4136 4141 0 
2 3 4135 4142 0 
2 3 4134 4143 0 
2 3 4133 4144 0 
2 3 4132 4145 0 
2 3 4131 4146 0 
1 0 
1 0 
2 3 4148 4149 0 
2 3 4147 4150 0 
3 2 0 4151 
3 2 0 4147 
3 2 0 4131 
3 2 0 4146 
3 2 0 4132 
3 2 0 4145 
3 2 0 4133 
3 2 0 4144 
3 2 0 4134 
3 2 0 4143 
3 2 0 4135 
3 2 0 4142 
3 2 0 4136 
3 2 0 4141 
3 2 0 4137 
3 2 0 4140 
3 2 0 4138 
3 2 0 4139 
3 2 0 4150 
3 2 0 4148 
3 2 0 4149 
1 0 
1 0 
1 0 
2 3 4174 4175 0 
1 0 
1 0 
2 3 4177 4178 0 
1 0 
1 0 
2 3 4180 4181 0 
1 0 
1 0 
1 0 
1 0 
2 3 4185 4186 0 
1 0 
1 0 
1 0 
2 3 4189 4190 0 
2 3 4188 4191 0 
2 3 4187 4192 0 
2 3 4184 4193 0 
2 3 4183 4194 0 
2 3 4182 4195 0 
2 3 4179 4196 0 
2 3 4176 4197 0 
2 3 4173 4198 0 
1 0 
1 0 
2 3 4200 4201 0 
1 0 
1 0 
2 3 4203 4204 0 
1 0 
1 0 
1 0 
1 0 
1 0 
1 0 
1 0 
2 3 4211 4212 0 
2 3 4210 4213 0 
1 0 
1 0 
1 0 
1 0 
1 0 
2 3 4218 4219 0 
1 0 
2 3 4220 4221 0 
2 3 4217 4222 0 
2 3 4216 4223 0 
2 3 4215 4224 0 
2 3 4214 4225 0 
2 3 4209 4226 0 
2 3 4208 4227 0 
2 3 4207 4228 0 
2 3 4206 4229 0 
1 0 
2 3 4230 4231 0 
2 3 4205 4232 0 
2 3 4202 4233 0 
2 3 4199 4234 0 
3 2 0 4235 
3 2 0 4199 
3 2 0 4173 
3 2 0 4198 
3 2 0 4176 
3 2 0 4174 
3 2 0 4175 
3 2 0 4197 
3 2 0 4179 
3 2 0 4177 
3 2 0 4178 
3 2 0 4196 
3 2 0 4182 
3 2 0 4180 
3 2 0 4181 
3 2 0 4195 
3 2 0 4183 
3 2 0 4194 
3 2 0 4184 
3 2 0 4193 
3 2 0 4187 
3 2 0 4185 
3 2 0 4186 
3 2 0 4192 
3 2 0 4188 
3 2 0 4191 
3 2 0 4189 
3 2 0 4190 
3 2 0 4234 
3 2 0 4202 
3 2 0 4200 
3 2 0 4201 
3 2 0 4233 
3 2 0 4205 
3 2 0 4203 
3 2 0 4204 
3 2 0 4232 
3 2 0 4230 
3 2 0 4206 
3 2 0 4229 
3 2 0 4207 
3 2 0 4228 
3 2 0 4208 
3 2 0 4227 
3 2 0 4209 
3 2 0 4226 
3 2 0 4214 
3 2 0 4210 
3 2 0 4213 
3 2 0 4211 
3 2 0 4212 
3 2 0 4225 
3 2 0 4215 
3 2 0 4224 
3 2 0 4216 
3 2 0 4223 
3 2 0 4217 
3 2 0 4222 
3 2 0 4220 
3 2 0 4218 
3 2 0 4219 
3 2 0 4221 
3 2 0 4231 
1 0 
1 0 
1 0 
2 3 4300 4301 0 
1 0 
1 0 
1 0 
1 0 
1 0 
2 3 4306 4307 0 
2 3 4305 4308 0 
2 3 4304 4309 0 
2 3 4303 4310 0 
2 3 4302 4311 0 
1 0 
1 0 
1 0 
1 0 
1 0 
1 0 
2 3 4317 4318 0 
2 3 4316 4319 0 
2 3 4315 4320 0 
2 3 4314 4321 0 
2 3 4313 4322 0 
2 3 4312 4323 0 
1 0 
2 3 4324 4325 0 
2 3 4299 4326 0 
3 2 0 4327 
3 2 0 4299 
3 2 0 4326 
3 2 0 4324 
3 2 0 4312 
3 2 0 4302 
3 2 0 4300 
3 2 0 4301 
3 2 0 4311 
3 2 0 4303 
3 2 0 4310 
3 2 0 4304 
3 2 0 4309 
3 2 0 4305 
3 2 0 4308 
3 2 0 4306 
3 2 0 4307 
3 2 0 4323 
3 2 0 4313 
3 2 0 4322 
3 2 0 4314 
3 2 0 4321 
3 2 0 4315 
3 2 0 4320 
3 2 0 4316 
3 2 0 4319 
3 2 0 4317 
3 2 0 4318 
3 2 0 4325 
1 0 
1 0 
1 0 
2 3 4358 4359 0 
2 3 4357 4360 0 
1 0 
1 0 
1 0 
2 3 4363 4364 0 
2 3 4362 4365 0 
2 3 4361 4366 0 
1 0 
2 3 4367 4368 0 
3 2 0 4369 
3 2 0 4367 
3 2 0 4361 
3 2 0 4357 
3 2 0 4360 
3 2 0 4358 
3 2 0 4359 
3 2 0 4366 
3 2 0 4362 
3 2 0 4365 
3 2 0 4363 
3 2 0 4364 
3 2 0 4368 
1 0 
1 0 
2 3 4383 4384 0 
1 0 
2 3 4385 4386 0 
1 0 
1 0 
2 3 4388 4389 0 
2 3 4387 4390 0 
1 0 
1 0 
2 3 4392 4393 0 
1 0 
1 0 
1 0 
2 3 4396 4397 0 
2 3 4395 4398 0 
2 3 4394 4399 0 
2 3 4391 4400 0 
1 0 
2 3 4401 4402 0 
1 0 
2 3 4403 4404 0 
1 0 
1 0 
2 3 4406 4407 0 
1 0 
1 0 
1 0 
1 0 
2 3 4411 4412 0 
2 3 4410 4413 0 
1 0 
1 0 
1 0 
2 3 4416 4417 0 
2 3 4415 4418 0 
2 3 4414 4419 0 
2 3 4409 4420 0 
2 3 4408 4421 0 
1 0 
1 0 
1 0 
2 3 4424 4425 0 
2 3 4423 4426 0 
2 3 4422 4427 0 
2 3 4405 4428 0 
1 0 
2 3 4429 4430 0 
3 2 0 4431 
3 2 0 4429 
3 2 0 4405 
3 2 0 4403 
3 2 0 4401 
3 2 0 4391 
3 2 0 4387 
3 2 0 4385 
3 2 0 4383 
3 2 0 4384 
3 2 0 4386 
3 2 0 4390 
3 2 0 4388 
3 2 0 4389 
3 2 0 4400 
3 2 0 4394 
3 2 0 4392 
3 2 0 4393 
3 2 0 4399 
3 2 0 4395 
3 2 0 4398 
3 2 0 4396 
3 2 0 4397 
3 2 0 4402 
3 2 0 4404 
3 2 0 4428 
3 2 0 4422 
3 2 0 4408 
3 2 0 4406 
3 2 0 4407 
3 2 0 4421 
3 2 0 4409 
3 2 0 4420 
3 2 0 4414 
3 2 0 4410 
3 2 0 4413 
3 2 0 4411 
3 2 0 4412 
3 2 0 4419 
3 2 0 4415 
3 2 0 4418 
3 2 0 4416 
3 2 0 4417 
3 2 0 4427 
3 2 0 4423 
3 2 0 4426 
3 2 0 4424 
3 2 0 4425 
3 2 0 4430 
1 0 
1 0 
1 0 
2 3 4482 4483 0 
1 0 
2 3 4484 4485 0 
2 3 4481 4486 0 
1 0 
1 0 
2 3 4488 4489 0 
2 3 4487 4490 0 
1 0 
1 0 
1 0 
2 3 4493 4494 0 
1 0 
1 0 
2 3 4496 4497 0 
2 3 4495 4498 0 
2 3 4492 4499 0 
2 3 4491 4500 0 
1 0 
1 0 
1 0 
2 3 4503 4504 0 
2 3 4502 4505 0 
1 0 
1 0 
1 0 
1 0 
1 0 
2 3 4510 4511 0 
2 3 4509 4512 0 
1 0 
2 3 4513 4514 0 
2 3 4508 4515 0 
2 3 4507 4516 0 
2 3 4506 4517 0 
1 0 
2 3 4518 4519 0 
2 3 4501 4520 0 
3 2 0 4521 
3 2 0 4501 
3 2 0 4491 
3 2 0 4487 
3 2 0 4481 
3 2 0 4486 
3 2 0 4484 
3 2 0 4482 
3 2 0 4483 
3 2 0 4485 
3 2 0 4490 
3 2 0 4488 
3 2 0 4489 
3 2 0 4500 
3 2 0 4492 
3 2 0 4499 
3 2 0 4495 
3 2 0 4493 
3 2 0 4494 
3 2 0 4498 
3 2 0 4496 
3 2 0 4497 
3 2 0 4520 
3 2 0 4518 
3 2 0 4506 
3 2 0 4502 
3 2 0 4505 
3 2 0 4503 
3 2 0 4504 
3 2 0 4517 
3 2 0 4507 
3 2 0 4516 
3 2 0 4508 
3 2 0 4515 
3 2 0 4513 
3 2 0 4509 
3 2 0 4512 
3 2 0 4510 
3 2 0 4511 
3 2 0 4514 
3 2 0 4519 
1 0 
1 0 
1 0 
2 3 4564 4565 0 
1 0 
1 0 
1 0 
1 0 
2 3 4569 4570 0 
1 0 
1 0 
1 0 
1 0 
2 3 4574 4575 0 
2 3 4573 4576 0 
2 3 4572 4577 0 
2 3 4571 4578 0 
2 3 4568 4579 0 
2 3 4567 4580 0 
1 0 
2 3 4581 4582 0 
2 3 4566 4583 0 
2 3 4563 4584 0 
3 2 0 4585 
3 2 0 4563 
3 2 0 4584 
3 2 0 4566 
3 2 0 4564 
3 2 0 4565 
3 2 0 4583 
3 2 0 4581 
3 2 0 4567 
3 2 0 4580 
3 2 0 4568 
3 2 0 4579 
3 2 0 4571 
3 2 0 4569 
3 2 0 4570 
3 2 0 4578 
3 2 0 4572 
3 2 0 4577 
3 2 0 4573 
3 2 0 4576 
3 2 0 4574 
3 2 0 4575 
3 2 0 4582 
72 2304 10 11 12 13 14 15 16 17 18 86 87 88 89 90 91 92 93 94 95 96 97 98 99 100 101 102 103 104 105 106 107 108 109 110 111 112 113 114 115 116 117 118 119 120 121 122 123 124 125 126 127 128 129 130 131 132 133 134 135 136 137 138 139 140 141 142 143 144 145 146 147 148 149 150 151 152 170 171 172 173 174 175 176 177 178 179 180 181 182 183 184 185 186 196 197 198 199 200 201 202 203 204 232 233 234 235 236 237 238 239 240 241 242 243 244 245 246 247 248 249 250 251 252 253 254 255 256 257 258 284 285 286 287 288 289 290 291 292 293 294 295 296 297 298 299 300 301 302 303 304 305 306 307 308 338 339 340 341 342 343 344 345 346 347 348 349 350 351 352 353 354 355 356 357 358 359 360 361 362 363 364 365 366 420 421 422 423 424 425 426 427 428 429 430 431 432 433 434 435 436 437 438 439 440 441 442 443 444 445 446 447 448 449 450 451 452 453 454 455 456 457 458 459 460 461 462 463 464 465 466 467 468 469 470 471 472 488 489 490 491 492 493 494 495 496 497 498 499 500 501 502 570 571 572 573 574 575 576 577 578 579 580 581 582 583 584 585 586 587 588 589 590 591 592 593 594 595 596 597 598 599 600 601 602 603 604 605 606 607 608 609 610 611 612 613 614 615 616 617 618 619 620 621 622 623 624 625 626 627 628 629 630 631 632 633 634 635 636 660 661 662 663 664 665 666 667 668 669 670 671 672 673 674 675 676 677 678 679 680 681 682 698 699 700 701 702 703 704 705 706 707 708 709 710 711 712 770 771 772 773 774 775 776 777 778 779 780 781 782 783 784 785 786 787 788 789 790 791 792 793 794 795 796 797 798 799 800 801 802 803 804 805 806 807 808 809 810 811 812 813 814 815 816 817 818 819 820 821 822 823 824 825 826 866 867 868 869 870 871 872 873 874 875 876 877 878 879 880 881 882 883 884 885 886 887 888 889 890 891 892 893 894 895 896 897 898 899 900 901 902 903 904 918 919 920 921 922 923 924 925 926 927 928 929 930 944 945 946 947 948 949 950 951 952 953 954 955 956 976 977 978 979 980 981 982 983 984 985 986 987 988 989 990 991 992 993 994 1028 1029 1030 1031 1032 1033 1034 1035 1036 1037 1038 1039 1040 1041 1042 1043 1044 1045 1046 1047 1048 1049 1050 1051 1052 1053 1054 1055 1056 1057 1058 1059 1060 1106 1107 1108 1109 1110 1111 1112 1113 1114 1115 1116 1117 1118 1119 1120 1121 1122 1123 1124 1125 1126 1127 1128 1129 1130 1131 1132 1133 1134 1135 1136 1137 1138 1139 1140 1141 1142 1143 1144 1145 1146 1147 1148 1149 1150 1178 1179 1180 1181 1182 1183 1184 1185 1186 1187 1188 1189 1190 1191 1192 1193 1194 1195 1196 1197 1198 1199 1200 1201 1202 1203 1204 1268 1269 1270 1271 1272 1273 1274 1275 1276 1277 1278 1279 1280 1281 1282 1283 1284 1285 1286 1287 1288 1289 1290 1291 1292 1293 1294 1295 1296 1297 1298 1299 1300 1301 1302 1303 1304 1305 1306 1307 1308 1309 1310 1311 1312 1313 1314 1315 1316 1317 1318 1319 1320 1321 1322 1323 1324 1325 1326 1327 1328 1329 1330 1346 1347 1348 1349 1350 1351 1352 1353 1354 1355 1356 1357 1358 1359 1360 1402 1403 1404 1405 1406 1407 1408 1409 1410 1411 1412 1413 1414 1415 1416 1417 1418 1419 1420 1421 1422 1423 1424 1425 1426 1427 1428 1429 1430 1431 1432 1433 1434 1435 1436 1437 1438 1439 1440 1441 1442 1492 1493 1494 1495 1496 1497 1498 1499 1500 1501 1502 1503 1504 1505 1506 1507 1508 1509 1510 1511 1512 1513 1514 1515 1516 1517 1518 1519 1520 1521 1522 1523 1524 1525 1526 1527 1528 1529 1530 1531 1532 1533 1534 1535 1536 1537 1538 1539 1540 1560 1561 1562 1563 1564 1565 1566 1567 1568 1569 1570 1571 1572 1573 1574 1575 1576 1577 1578 1618 1619 1620 1621 1622 1623 1624 1625 1626 1627 1628 1629 1630 1631 1632 1633 1634 1635 1636 1637 1638 1639 1640 1641 1642 1643 1644 1645 1646 1647 1648 1649 1650 1651 1652 1653 1654 1655 1656 1706 1707 1708 1709 1710 1711 1712 1713 1714 1715 1716 1717 1718 1719 1720 1721 1722 1723 1724 1725 1726 1727 1728 1729 1730 1731 1732 1733 1734 1735 1736 1737 1738 1739 1740 1741 1742 1743 1744 1745 1746 1747 1748 1749 1750 1751 1752 1753 1754 1800 1801 1802 1803 1804 1805 1806 1807 1808 1809 1810 1811 1812 1813 1814 1815 1816 1817 1818 1819 1820 1821 1822 1823 1824 1825 1826 1827 1828 1829 1830 1831 1832 1833 1834 1835 1836 1837 1838 1839 1840 1841 1842 1843 1844 1886 1887 1888 1889 1890 1891 1892 1893 1894 1895 1896 1897 1898 1899 1900 1901 1902 1903 1904 1905 1906 1907 1908 1909 1910 1911 1912 1913 1914 1915 1916 1917 1918 1919 1920 1921 1922 1923 1924 1925 1926 2002 2003 2004 2005 2006 2007 2008 2009 2010 2011 2012 2013 2014 2015 2016 2017 2018 2019 2020 2021 2022 2023 2024 2025 2026 2027 2028 2029 2030 2031 2032 2033 2034 2035 2036 2037 2038 2039 2040 2041 2042 2043 2044 2045 2046 2047 2048 2049 2050 2051 2052 2053 2054 2055 2056 2057 2058 2059 2060 2061 2062 2063 2064 2065 2066 2067 2068 2069 2070 2071 2072 2073 2074 2075 2076 2086 2087 2088 2089 2090 2091 2092 2093 2094 2148 2149 2150 2151 2152 2153 2154 2155 2156 2157 2158 2159 2160 2161 2162 2163 2164 2165 2166 2167 2168 2169 2170 2171 2172 2173 2174 2175 2176 2177 2178 2179 2180 2181 2182 2183 2184 2185 2186 2187 2188 2189 2190 2191 2192 2193 2194 2195 2196 2197 2198 2199 2200 2278 2279 2280 2281 2282 2283 2284 2285 2286 2287 2288 2289 2290 2291 2292 2293 2294 2295 2296 2297 2298 2299 2300 2301 2302 2303 2304 2305 2306 2307 2308 2309 2310 2311 2312 2313 2314 2315 2316 2317 2318 2319 2320 2321 2322 2323 2324 2325 2326 2327 2328 2329 2330 2331 2332 2333 2334 2335 2336 2337 2338 2339 2340 2341 2342 2343 2344 2345 2346 2347 2348 2349 2350 2351 2352 2353 2354 2384 2385 2386 2387 2388 2389 2390 2391 2392 2393 2394 2395 2396 2397 2398 2399 2400 2401 2402 2403 2404 2405 2406 2407 2408 2409 2410 2411 2412 2446 2447 2448 2449 2450 2451 2452 2453 2454 2455 2456 2457 2458 2459 2460 2461 2462 2463 2464 2465 2466 2467 2468 2469 2470 2471 2472 2473 2474 2475 2476 2477 2478 2542 2543 2544 2545 2546 2547 2548 2549 2550 2551 2552 2553 2554 2555 2556 2557 2558 2559 2560 2561 2562 2563 2564 2565 2566 2567 2568 2569 2570 2571 2572 2573 2574 2575 2576 2577 2578 2579 2580 2581 2582 2583 2584 2585 2586 2587 2588 2589 2590 2591 2592 2593 2594 2595 2596 2597 2598 2599 2600 2601 2602 2603 2604 2630 2631 2632 2633 2634 2635 2636 2637 2638 2639 2640 2641 2642 2643 2644 2645 2646 2647 2648 2649 2650 2651 2652 2653 2654 2698 2699 2700 2701 2702 2703 2704 2705 2706 2707 2708 2709 2710 2711 2712 2713 2714 2715 2716 2717 2718 2719 2720 2721 2722 2723 2724 2725 2726 2727 2728 2729 2730 2731 2732 2733 2734 2735 2736 2737 2738 2739 2740 2774 2775 2776 2777 2778 2779 2780 2781 2782 2783 2784 2785 2786 2787 2788 2789 2790 2791 2792 2793 2794 2795 2796 2797 2798 2799 2800 2801 2802 2803 2804 2805 2806 2840 2841 2842 2843 2844 2845 2846 2847 2848 2849 2850 2851 2852 2853 2854 2855 2856 2857 2858 2859 2860 2861 2862 2863 2864 2865 2866 2867 2868 2869 2870 2871 2872 2910 2911 2912 2913 2914 2915 2916 2917 2918 2919 2920 2921 2922 2923 2924 2925 2926 2927 2928 2929 2930 2931 2932 2933 2934 2935 2936 2937 2938 2939 2940 2941 2942 2943 2944 2945 2946 2990 2991 2992 2993 2994 2995 2996 2997 2998 2999 3000 3001 3002 3003 3004 3005 3006 3007 3008 3009 3010 3011 3012 3013 3014 3015 3016 3017 3018 3019 3020 3021 3022 3023 3024 3025 3026 3027 3028 3029 3030 3031 3032 3060 3061 3062 3063 3064 3065 3066 3067 3068 3069 3070 3071 3072 3073 3074 3075 3076 3077 3078 3079 3080 3081 3082 3083 3084 3085 3086 3130 3131 3132 3133 3134 3135 3136 3137 3138 3139 3140 3141 3142 3143 3144 3145 3146 3147 3148 3149 3150 3151 3152 3153 3154 3155 3156 3157 3158 3159 3160 3161 3162 3163 3164 3165 3166 3167 3168 3169 3170 3171 3172 3216 3217 3218 3219 3220 3221 3222 3223 3224 3225 3226 3227 3228 3229 3230 3231 3232 3233 3234 3235 3236 3237 3238 3239 3240 3241 3242 3243 3244 3245 3246 3247 3248 3249 3250 3251 3252 3253 3254 3255 3256 3257 3258 3304 3305 3306 3307 3308 3309 3310 3311 3312 3313 3314 3315 3316 3317 3318 3319 3320 3321 3322 3323 3324 3325 3326 3327 3328 3329 3330 3331 3332 3333 3334 3335 3336 3337 3338 3339 3340 3341 3342 3343 3344 3345 3346 3347 3348 3366 3367 3368 3369 3370 3371 3372 3373 3374 3375 3376 3377 3378 3379 3380 3381 3382 3406 3407 3408 3409 3410 3411 3412 3413 3414 3415 3416 3417 3418 3419 3420 3421 3422 3423 3424 3425 3426 3427 3428 3492 3493 3494 3495 3496 3497 3498 3499 3500 3501 3502 3503 3504 3505 3506 3507 3508 3509 3510 3511 3512 3513 3514 3515 3516 3517 3518 3519 3520 3521 3522 3523 3524 3525 3526 3527 3528 3529 3530 3531 3532 3533 3534 3535 3536 3537 3538 3539 3540 3541 3542 3543 3544 3545 3546 3547 3548 3549 3550 3551 3552 3553 3554 3588 3589 3590 3591 3592 3593 3594 3595 3596 3597 3598 3599 3600 3601 3602 3603 3604 3605 3606 3607 3608 3609 3610 3611 3612 3613 3614 3615 3616 3617 3618 3619 3620 3632 3633 3634 3635 3636 3637 3638 3639 3640 3641 3642 3680 3681 3682 3683 3684 3685 3686 3687 3688 3689 3690 3691 3692 3693 3694 3695 3696 3697 3698 3699 3700 3701 3702 3703 3704 3705 3706 3707 3708 3709 3710 3711 3712 3713 3714 3715 3716 3770 3771 3772 3773 3774 3775 3776 3777 3778 3779 3780 3781 3782 3783 3784 3785 3786 3787 3788 3789 3790 3791 3792 3793 3794 3795 3796 3797 3798 3799 3800 3801 3802 3803 3804 3805 3806 3807 3808 3809 3810 3811 3812 3813 3814 3815 3816 3817 3818 3819 3820 3821 3822 3838 3839 3840 3841 3842 3843 3844 3845 3846 3847 3848 3849 3850 3851 3852 3888 3889 3890 3891 3892 3893 3894 3895 3896 3897 3898 3899 3900 3901 3902 3903 3904 3905 3906 3907 3908 3909 3910 3911 3912 3913 3914 3915 3916 3917 3918 3919 3920 3921 3922 3952 3953 3954 3955 3956 3957 3958 3959 3960 3961 3962 3963 3964 3965 3966 3967 3968 3969 3970 3971 3972 3973 3974 3975 3976 3977 3978 3979 3980 4056 4057 4058 4059 4060 4061 4062 4063 4064 4065 4066 4067 4068 4069 4070 4071 4072 4073 4074 4075 4076 4077 4078 4079 4080 4081 4082 4083 4084 4085 4086 4087 4088 4089 4090 4091 4092 4093 4094 4095 4096 4097 4098 4099 4100 4101 4102 4103 4104 4105 4106 4107 4108 4109 4110 4111 4112 4113 4114 4115 4116 4117 4118 4119 4120 4121 4122 4123 4124 4125 4126 4127 4128 4129 4130 4152 4153 4154 4155 4156 4157 4158 4159 4160 4161 4162 4163 4164 4165 4166 4167 4168 4169 4170 4171 4172 4236 4237 4238 4239 4240 4241 4242 4243 4244 4245 4246 4247 4248 4249 4250 4251 4252 4253 4254 4255 4256 4257 4258 4259 4260 4261 4262 4263 4264 4265 4266 4267 4268 4269 4270 4271 4272 4273 4274 4275 4276 4277 4278 4279 4280 4281 4282 4283 4284 4285 4286 4287 4288 4289 4290 4291 4292 4293 4294 4295 4296 4297 4298 4328 4329 4330 4331 4332 4333 4334 4335 4336 4337 4338 4339 4340 4341 4342 4343 4344 4345 4346 4347 4348 4349 4350 4351 4352 4353 4354 4355 4356 4370 4371 4372 4373 4374 4375 4376 4377 4378 4379 4380 4381 4382 4432 4433 4434 4435 4436 4437 4438 4439 4440 4441 4442 4443 4444 4445 4446 4447 4448 4449 4450 4451 4452 4453 4454 4455 4456 4457 4458 4459 4460 4461 4462 4463 4464 4465 4466 4467 4468 4469 4470 4471 4472 4473 4474 4475 4476 4477 4478 4479 4480 4522 4523 4524 4525 4526 4527 4528 4529 4530 4531 4532 4533 4534 4535 4536 4537 4538 4539 4540 4541 4542 4543 4544 4545 4546 4547 4548 4549 4550 4551 4552 4553 4554 4555 4556 4557 4558 4559 4560 4561 4562 4586 4587 4588 4589 4590 4591 4592 4593 4594 4595 4596 4597 4598 4599 4600 4601 4602 4603 4604 4605 4606 4607 4608 
