4926
0 0 
1 0 
1 0 
2 3 1 2 0 
1 0 
1 0 
1 0 
1 0 
1 0 
2 3 7 8 0 
2 3 6 9 0 
1 0 
1 0 
1 0 
1 0 
1 0 
1 0 
1 0 
2 3 16 17 0 
2 3 15 18 0 
2 3 14 19 0 
2 3 13 20 0 
2 3 12 21 0 
2 3 11 22 0 
2 3 10 23 0 
2 3 5 24 0 
2 3 4 25 0 
2 3 3 26 0 
1 0 
1 0 
2 3 28 29 0 
1 0 
1 0 
1 0 
1 0 
2 3 33 34 0 
1 0 
2 3 35 36 0 
1 0 
1 0 
1 0 
2 3 39 40 0 
2 3 38 41 0 
1 0 
1 0 
1 0 
1 0 
1 0 
1 0 
1 0 
1 0 
1 0 
1 0 
1 0 
1 0 
2 3 53 54 0 
2 3 52 55 0 
2 3 51 56 0 
2 3 50 57 0 
2 3 49 58 0 
2 3 48 59 0 
2 3 47 60 0 
2 3 46 61 0 
2 3 45 62 0 
2 3 44 63 0 
2 3 43 64 0 
2 3 42 65 0 
2 3 37 66 0 
2 3 32 67 0 
2 3 31 68 0 
2 3 30 69 0 
1 0 
2 3 70 71 0 
2 3 27 72 0 
3 2 0 73 
3 2 0 27 
3 2 0 3 
3 2 0 1 
3 2 0 2 
3 2 0 26 
3 2 0 4 
3 2 0 25 
3 2 0 5 
3 2 0 24 
3 2 0 10 
3 2 0 6 
3 2 0 9 
3 2 0 7 
3 2 0 8 
3 2 0 23 
3 2 0 11 
3 2 0 22 
3 2 0 12 
3 2 0 21 
3 2 0 13 
3 2 0 20 
3 2 0 14 
3 2 0 19 
3 2 0 15 
3 2 0 18 
3 2 0 16 
3 2 0 17 
3 2 0 72 
3 2 0 70 
3 2 0 30 
3 2 0 28 
3 2 0 29 
3 2 0 69 
3 2 0 31 
3 2 0 68 
3 2 0 32 
3 2 0 67 
3 2 0 37 
3 2 0 35 
3 2 0 33 
3 2 0 34 
3 2 0 36 
3 2 0 66 
3 2 0 42 
3 2 0 38 
3 2 0 41 
3 2 0 39 
3 2 0 40 
3 2 0 65 
3 2 0 43 
3 2 0 64 
3 2 0 44 
3 2 0 63 
3 2 0 45 
3 2 0 62 
3 2 0 46 
3 2 0 61 
3 2 0 47 
3 2 0 60 
3 2 0 48 
3 2 0 59 
3 2 0 49 
3 2 0 58 
3 2 0 50 
3 2 0 57 
3 2 0 51 
3 2 0 56 
3 2 0 52 
3 2 0 55 
3 2 0 53 
3 2 0 54 
3 2 0 71 
1 0 
1 0 
1 0 
1 0 
1 0 
2 3 150 151 0 
2 3 149 152 0 
2 3 148 153 0 
1 0 
2 3 154 155 0 
1 0 
1 0 
2 3 157 158 0 
1 0 
1 0 
2 3 160 161 0 
1 0 
1 0 
1 0 
2 3 164 165 0 
2 3 163 166 0 
2 3 162 167 0 
2 3 159 168 0 
2 3 156 169 0 
1 0 
2 3 170 171 0 
1 0 
2 3 172 173 0 
1 0 
1 0 
1 0 
1 0 
1 0 
2 3 178 179 0 
1 0 
2 3 180 181 0 
2 3 177 182 0 
2 3 176 183 0 
1 0 
1 0 
1 0 
1 0 
2 3 187 188 0 
2 3 186 189 0 
1 0 
1 0 
1 0 
1 0 
2 3 193 194 0 
2 3 192 195 0 
1 0 
1 0 
1 0 
1 0 
2 3 199 200 0 
2 3 198 201 0 
1 0 
1 0 
2 3 203 204 0 
2 3 202 205 0 
1 0 
1 0 
2 3 207 208 0 
2 3 206 209 0 
1 0 
1 0 
1 0 
2 3 212 213 0 
1 0 
1 0 
2 3 215 216 0 
2 3 214 217 0 
2 3 211 218 0 
2 3 210 219 0 
2 3 197 220 0 
2 3 196 221 0 
2 3 191 222 0 
2 3 190 223 0 
2 3 185 224 0 
2 3 184 225 0 
2 3 175 226 0 
2 3 174 227 0 
1 0 
2 3 228 229 0 
2 3 147 230 0 
3 2 0 231 
3 2 0 147 
3 2 0 230 
3 2 0 228 
3 2 0 174 
3 2 0 172 
3 2 0 170 
3 2 0 156 
3 2 0 154 
3 2 0 148 
3 2 0 153 
3 2 0 149 
3 2 0 152 
3 2 0 150 
3 2 0 151 
3 2 0 155 
3 2 0 169 
3 2 0 159 
3 2 0 157 
3 2 0 158 
3 2 0 168 
3 2 0 162 
3 2 0 160 
3 2 0 161 
3 2 0 167 
3 2 0 163 
3 2 0 166 
3 2 0 164 
3 2 0 165 
3 2 0 171 
3 2 0 173 
3 2 0 227 
3 2 0 175 
3 2 0 226 
3 2 0 184 
3 2 0 176 
3 2 0 183 
3 2 0 177 
3 2 0 182 
3 2 0 180 
3 2 0 178 
3 2 0 179 
3 2 0 181 
3 2 0 225 
3 2 0 185 
3 2 0 224 
3 2 0 190 
3 2 0 186 
3 2 0 189 
3 2 0 187 
3 2 0 188 
3 2 0 223 
3 2 0 191 
3 2 0 222 
3 2 0 196 
3 2 0 192 
3 2 0 195 
3 2 0 193 
3 2 0 194 
3 2 0 221 
3 2 0 197 
3 2 0 220 
3 2 0 210 
3 2 0 206 
3 2 0 202 
3 2 0 198 
3 2 0 201 
3 2 0 199 
3 2 0 200 
3 2 0 205 
3 2 0 203 
3 2 0 204 
3 2 0 209 
3 2 0 207 
3 2 0 208 
3 2 0 219 
3 2 0 211 
3 2 0 218 
3 2 0 214 
3 2 0 212 
3 2 0 213 
3 2 0 217 
3 2 0 215 
3 2 0 216 
3 2 0 229 
1 0 
1 0 
1 0 
2 3 318 319 0 
2 3 317 320 0 
1 0 
1 0 
1 0 
1 0 
2 3 324 325 0 
1 0 
1 0 
2 3 327 328 0 
2 3 326 329 0 
2 3 323 330 0 
2 3 322 331 0 
2 3 321 332 0 
1 0 
2 3 333 334 0 
3 2 0 335 
3 2 0 333 
3 2 0 321 
3 2 0 317 
3 2 0 320 
3 2 0 318 
3 2 0 319 
3 2 0 332 
3 2 0 322 
3 2 0 331 
3 2 0 323 
3 2 0 330 
3 2 0 326 
3 2 0 324 
3 2 0 325 
3 2 0 329 
3 2 0 327 
3 2 0 328 
3 2 0 334 
1 0 
1 0 
1 0 
2 3 356 357 0 
2 3 355 358 0 
1 0 
1 0 
2 3 360 361 0 
1 0 
1 0 
1 0 
1 0 
1 0 
2 3 366 367 0 
1 0 
1 0 
1 0 
2 3 370 371 0 
1 0 
1 0 
2 3 373 374 0 
2 3 372 375 0 
1 0 
1 0 
1 0 
1 0 
1 0 
1 0 
2 3 381 382 0 
2 3 380 383 0 
2 3 379 384 0 
2 3 378 385 0 
1 0 
1 0 
1 0 
2 3 388 389 0 
2 3 387 390 0 
2 3 386 391 0 
2 3 377 392 0 
2 3 376 393 0 
2 3 369 394 0 
2 3 368 395 0 
2 3 365 396 0 
2 3 364 397 0 
2 3 363 398 0 
2 3 362 399 0 
1 0 
2 3 400 401 0 
2 3 359 402 0 
3 2 0 403 
3 2 0 359 
3 2 0 355 
3 2 0 358 
3 2 0 356 
3 2 0 357 
3 2 0 402 
3 2 0 400 
3 2 0 362 
3 2 0 360 
3 2 0 361 
3 2 0 399 
3 2 0 363 
3 2 0 398 
3 2 0 364 
3 2 0 397 
3 2 0 365 
3 2 0 396 
3 2 0 368 
3 2 0 366 
3 2 0 367 
3 2 0 395 
3 2 0 369 
3 2 0 394 
3 2 0 376 
3 2 0 372 
3 2 0 370 
3 2 0 371 
3 2 0 375 
3 2 0 373 
3 2 0 374 
3 2 0 393 
3 2 0 377 
3 2 0 392 
3 2 0 386 
3 2 0 378 
3 2 0 385 
3 2 0 379 
3 2 0 384 
3 2 0 380 
3 2 0 383 
3 2 0 381 
3 2 0 382 
3 2 0 391 
3 2 0 387 
3 2 0 390 
3 2 0 388 
3 2 0 389 
3 2 0 401 
1 0 
1 0 
1 0 
2 3 454 455 0 
1 0 
1 0 
1 0 
2 3 458 459 0 
2 3 457 460 0 
2 3 456 461 0 
1 0 
1 0 
1 0 
1 0 
1 0 
1 0 
2 3 467 468 0 
2 3 466 469 0 
1 0 
2 3 470 471 0 
1 0 
1 0 
1 0 
2 3 474 475 0 
2 3 473 476 0 
2 3 472 477 0 
1 0 
2 3 478 479 0 
1 0 
1 0 
2 3 481 482 0 
2 3 480 483 0 
2 3 465 484 0 
2 3 464 485 0 
2 3 463 486 0 
1 0 
1 0 
2 3 488 489 0 
1 0 
1 0 
1 0 
2 3 492 493 0 
1 0 
1 0 
2 3 495 496 0 
2 3 494 497 0 
2 3 491 498 0 
2 3 490 499 0 
2 3 487 500 0 
1 0 
2 3 501 502 0 
2 3 462 503 0 
2 3 453 504 0 
3 2 0 505 
3 2 0 453 
3 2 0 504 
3 2 0 462 
3 2 0 456 
3 2 0 454 
3 2 0 455 
3 2 0 461 
3 2 0 457 
3 2 0 460 
3 2 0 458 
3 2 0 459 
3 2 0 503 
3 2 0 501 
3 2 0 487 
3 2 0 463 
3 2 0 486 
3 2 0 464 
3 2 0 485 
3 2 0 465 
3 2 0 484 
3 2 0 480 
3 2 0 478 
3 2 0 472 
3 2 0 470 
3 2 0 466 
3 2 0 469 
3 2 0 467 
3 2 0 468 
3 2 0 471 
3 2 0 477 
3 2 0 473 
3 2 0 476 
3 2 0 474 
3 2 0 475 
3 2 0 479 
3 2 0 483 
3 2 0 481 
3 2 0 482 
3 2 0 500 
3 2 0 490 
3 2 0 488 
3 2 0 489 
3 2 0 499 
3 2 0 491 
3 2 0 498 
3 2 0 494 
3 2 0 492 
3 2 0 493 
3 2 0 497 
3 2 0 495 
3 2 0 496 
3 2 0 502 
1 0 
1 0 
1 0 
1 0 
1 0 
2 3 562 563 0 
1 0 
1 0 
1 0 
2 3 566 567 0 
1 0 
1 0 
2 3 569 570 0 
2 3 568 571 0 
1 0 
2 3 572 573 0 
2 3 565 574 0 
2 3 564 575 0 
1 0 
1 0 
1 0 
2 3 578 579 0 
1 0 
1 0 
1 0 
1 0 
2 3 583 584 0 
2 3 582 585 0 
1 0 
1 0 
2 3 587 588 0 
2 3 586 589 0 
2 3 581 590 0 
2 3 580 591 0 
2 3 577 592 0 
2 3 576 593 0 
2 3 561 594 0 
2 3 560 595 0 
1 0 
2 3 596 597 0 
2 3 559 598 0 
3 2 0 599 
3 2 0 559 
3 2 0 598 
3 2 0 596 
3 2 0 560 
3 2 0 595 
3 2 0 561 
3 2 0 594 
3 2 0 576 
3 2 0 564 
3 2 0 562 
3 2 0 563 
3 2 0 575 
3 2 0 565 
3 2 0 574 
3 2 0 572 
3 2 0 568 
3 2 0 566 
3 2 0 567 
3 2 0 571 
3 2 0 569 
3 2 0 570 
3 2 0 573 
3 2 0 593 
3 2 0 577 
3 2 0 592 
3 2 0 580 
3 2 0 578 
3 2 0 579 
3 2 0 591 
3 2 0 581 
3 2 0 590 
3 2 0 586 
3 2 0 582 
3 2 0 585 
3 2 0 583 
3 2 0 584 
3 2 0 589 
3 2 0 587 
3 2 0 588 
3 2 0 597 
1 0 
1 0 
1 0 
1 0 
1 0 
1 0 
1 0 
1 0 
1 0 
2 3 648 649 0 
1 0 
1 0 
1 0 
1 0 
1 0 
2 3 654 655 0 
1 0 
2 3 656 657 0 
2 3 653 658 0 
2 3 652 659 0 
1 0 
1 0 
1 0 
2 3 662 663 0 
1 0 
2 3 664 665 0 
1 0 
2 3 666 667 0 
2 3 661 668 0 
2 3 660 669 0 
2 3 651 670 0 
1 0 
2 3 671 672 0 
1 0 
1 0 
1 0 
2 3 675 676 0 
1 0 
1 0 
1 0 
1 0 
2 3 680 681 0 
2 3 679 682 0 
2 3 678 683 0 
2 3 677 684 0 
2 3 674 685 0 
2 3 673 686 0 
2 3 650 687 0 
2 3 647 688 0 
2 3 646 689 0 
2 3 645 690 0 
2 3 644 691 0 
2 3 643 692 0 
2 3 642 693 0 
1 0 
2 3 694 695 0 
2 3 641 696 0 
3 2 0 697 
3 2 0 641 
3 2 0 696 
3 2 0 694 
3 2 0 642 
3 2 0 693 
3 2 0 643 
3 2 0 692 
3 2 0 644 
3 2 0 691 
3 2 0 645 
3 2 0 690 
3 2 0 646 
3 2 0 689 
3 2 0 647 
3 2 0 688 
3 2 0 650 
3 2 0 648 
3 2 0 649 
3 2 0 687 
3 2 0 673 
3 2 0 671 
3 2 0 651 
3 2 0 670 
3 2 0 660 
3 2 0 652 
3 2 0 659 
3 2 0 653 
3 2 0 658 
3 2 0 656 
3 2 0 654 
3 2 0 655 
3 2 0 657 
3 2 0 669 
3 2 0 661 
3 2 0 668 
3 2 0 666 
3 2 0 664 
3 2 0 662 
3 2 0 663 
3 2 0 665 
3 2 0 667 
3 2 0 672 
3 2 0 686 
3 2 0 674 
3 2 0 685 
3 2 0 677 
3 2 0 675 
3 2 0 676 
3 2 0 684 
3 2 0 678 
3 2 0 683 
3 2 0 679 
3 2 0 682 
3 2 0 680 
3 2 0 681 
3 2 0 695 
1 0 
1 0 
2 3 755 756 0 
1 0 
1 0 
1 0 
1 0 
1 0 
1 0 
2 3 762 763 0 
2 3 761 764 0 
1 0 
2 3 765 766 0 
1 0 
1 0 
1 0 
1 0 
1 0 
2 3 771 772 0 
2 3 770 773 0 
2 3 769 774 0 
2 3 768 775 0 
2 3 767 776 0 
2 3 760 777 0 
2 3 759 778 0 
2 3 758 779 0 
2 3 757 780 0 
1 0 
2 3 781 782 0 
1 0 
2 3 783 784 0 
1 0 
1 0 
1 0 
1 0 
1 0 
2 3 789 790 0 
1 0 
1 0 
2 3 792 793 0 
1 0 
2 3 794 795 0 
2 3 791 796 0 
2 3 788 797 0 
1 0 
1 0 
1 0 
1 0 
1 0 
1 0 
1 0 
2 3 804 805 0 
2 3 803 806 0 
2 3 802 807 0 
2 3 801 808 0 
2 3 800 809 0 
2 3 799 810 0 
2 3 798 811 0 
2 3 787 812 0 
2 3 786 813 0 
2 3 785 814 0 
1 0 
2 3 815 816 0 
3 2 0 817 
3 2 0 815 
3 2 0 785 
3 2 0 783 
3 2 0 781 
3 2 0 757 
3 2 0 755 
3 2 0 756 
3 2 0 780 
3 2 0 758 
3 2 0 779 
3 2 0 759 
3 2 0 778 
3 2 0 760 
3 2 0 777 
3 2 0 767 
3 2 0 765 
3 2 0 761 
3 2 0 764 
3 2 0 762 
3 2 0 763 
3 2 0 766 
3 2 0 776 
3 2 0 768 
3 2 0 775 
3 2 0 769 
3 2 0 774 
3 2 0 770 
3 2 0 773 
3 2 0 771 
3 2 0 772 
3 2 0 782 
3 2 0 784 
3 2 0 814 
3 2 0 786 
3 2 0 813 
3 2 0 787 
3 2 0 812 
3 2 0 798 
3 2 0 788 
3 2 0 797 
3 2 0 791 
3 2 0 789 
3 2 0 790 
3 2 0 796 
3 2 0 794 
3 2 0 792 
3 2 0 793 
3 2 0 795 
3 2 0 811 
3 2 0 799 
3 2 0 810 
3 2 0 800 
3 2 0 809 
3 2 0 801 
3 2 0 808 
3 2 0 802 
3 2 0 807 
3 2 0 803 
3 2 0 806 
3 2 0 804 
3 2 0 805 
3 2 0 816 
1 0 
1 0 
1 0 
1 0 
1 0 
1 0 
2 3 885 886 0 
2 3 884 887 0 
2 3 883 888 0 
1 0 
1 0 
1 0 
1 0 
2 3 892 893 0 
1 0 
1 0 
1 0 
2 3 896 897 0 
2 3 895 898 0 
2 3 894 899 0 
2 3 891 900 0 
2 3 890 901 0 
2 3 889 902 0 
2 3 882 903 0 
2 3 881 904 0 
1 0 
2 3 905 906 0 
1 0 
2 3 907 908 0 
1 0 
1 0 
1 0 
1 0 
1 0 
1 0 
2 3 914 915 0 
1 0 
1 0 
1 0 
1 0 
1 0 
2 3 920 921 0 
2 3 919 922 0 
2 3 918 923 0 
2 3 917 924 0 
2 3 916 925 0 
2 3 913 926 0 
2 3 912 927 0 
2 3 911 928 0 
2 3 910 929 0 
2 3 909 930 0 
1 0 
2 3 931 932 0 
3 2 0 933 
3 2 0 931 
3 2 0 909 
3 2 0 907 
3 2 0 905 
3 2 0 881 
3 2 0 904 
3 2 0 882 
3 2 0 903 
3 2 0 889 
3 2 0 883 
3 2 0 888 
3 2 0 884 
3 2 0 887 
3 2 0 885 
3 2 0 886 
3 2 0 902 
3 2 0 890 
3 2 0 901 
3 2 0 891 
3 2 0 900 
3 2 0 894 
3 2 0 892 
3 2 0 893 
3 2 0 899 
3 2 0 895 
3 2 0 898 
3 2 0 896 
3 2 0 897 
3 2 0 906 
3 2 0 908 
3 2 0 930 
3 2 0 910 
3 2 0 929 
3 2 0 911 
3 2 0 928 
3 2 0 912 
3 2 0 927 
3 2 0 913 
3 2 0 926 
3 2 0 916 
3 2 0 914 
3 2 0 915 
3 2 0 925 
3 2 0 917 
3 2 0 924 
3 2 0 918 
3 2 0 923 
3 2 0 919 
3 2 0 922 
3 2 0 920 
3 2 0 921 
3 2 0 932 
1 0 
1 0 
1 0 
1 0 
1 0 
2 3 990 991 0 
2 3 989 992 0 
2 3 988 993 0 
2 3 987 994 0 
1 0 
1 0 
1 0 
2 3 997 998 0 
1 0 
1 0 
1 0 
2 3 1001 1002 0 
2 3 1000 1003 0 
2 3 999 1004 0 
1 0 
2 3 1005 1006 0 
1 0 
1 0 
1 0 
2 3 1009 1010 0 
2 3 1008 1011 0 
2 3 1007 1012 0 
1 0 
1 0 
2 3 1014 1015 0 
2 3 1013 1016 0 
1 0 
2 3 1017 1018 0 
1 0 
1 0 
1 0 
2 3 1021 1022 0 
1 0 
2 3 1023 1024 0 
1 0 
2 3 1025 1026 0 
1 0 
2 3 1027 1028 0 
2 3 1020 1029 0 
1 0 
2 3 1030 1031 0 
2 3 1019 1032 0 
2 3 996 1033 0 
2 3 995 1034 0 
3 2 0 1035 
3 2 0 995 
3 2 0 987 
3 2 0 994 
3 2 0 988 
3 2 0 993 
3 2 0 989 
3 2 0 992 
3 2 0 990 
3 2 0 991 
3 2 0 1034 
3 2 0 996 
3 2 0 1033 
3 2 0 1019 
3 2 0 1017 
3 2 0 1013 
3 2 0 1007 
3 2 0 1005 
3 2 0 999 
3 2 0 997 
3 2 0 998 
3 2 0 1004 
3 2 0 1000 
3 2 0 1003 
3 2 0 1001 
3 2 0 1002 
3 2 0 1006 
3 2 0 1012 
3 2 0 1008 
3 2 0 1011 
3 2 0 1009 
3 2 0 1010 
3 2 0 1016 
3 2 0 1014 
3 2 0 1015 
3 2 0 1018 
3 2 0 1032 
3 2 0 1030 
3 2 0 1020 
3 2 0 1029 
3 2 0 1027 
3 2 0 1025 
3 2 0 1023 
3 2 0 1021 
3 2 0 1022 
3 2 0 1024 
3 2 0 1026 
3 2 0 1028 
3 2 0 1031 
1 0 
1 0 
1 0 
1 0 
1 0 
1 0 
1 0 
1 0 
2 3 1091 1092 0 
2 3 1090 1093 0 
1 0 
1 0 
1 0 
2 3 1096 1097 0 
2 3 1095 1098 0 
2 3 1094 1099 0 
2 3 1089 1100 0 
2 3 1088 1101 0 
2 3 1087 1102 0 
2 3 1086 1103 0 
2 3 1085 1104 0 
1 0 
2 3 1105 1106 0 
1 0 
2 3 1107 1108 0 
1 0 
1 0 
1 0 
1 0 
1 0 
1 0 
1 0 
2 3 1115 1116 0 
2 3 1114 1117 0 
2 3 1113 1118 0 
2 3 1112 1119 0 
2 3 1111 1120 0 
2 3 1110 1121 0 
2 3 1109 1122 0 
1 0 
2 3 1123 1124 0 
3 2 0 1125 
3 2 0 1123 
3 2 0 1109 
3 2 0 1107 
3 2 0 1105 
3 2 0 1085 
3 2 0 1104 
3 2 0 1086 
3 2 0 1103 
3 2 0 1087 
3 2 0 1102 
3 2 0 1088 
3 2 0 1101 
3 2 0 1089 
3 2 0 1100 
3 2 0 1094 
3 2 0 1090 
3 2 0 1093 
3 2 0 1091 
3 2 0 1092 
3 2 0 1099 
3 2 0 1095 
3 2 0 1098 
3 2 0 1096 
3 2 0 1097 
3 2 0 1106 
3 2 0 1108 
3 2 0 1122 
3 2 0 1110 
3 2 0 1121 
3 2 0 1111 
3 2 0 1120 
3 2 0 1112 
3 2 0 1119 
3 2 0 1113 
3 2 0 1118 
3 2 0 1114 
3 2 0 1117 
3 2 0 1115 
3 2 0 1116 
3 2 0 1124 
1 0 
1 0 
1 0 
2 3 1168 1169 0 
1 0 
1 0 
1 0 
1 0 
1 0 
2 3 1174 1175 0 
1 0 
1 0 
1 0 
1 0 
2 3 1179 1180 0 
2 3 1178 1181 0 
2 3 1177 1182 0 
2 3 1176 1183 0 
2 3 1173 1184 0 
2 3 1172 1185 0 
2 3 1171 1186 0 
2 3 1170 1187 0 
2 3 1167 1188 0 
1 0 
2 3 1189 1190 0 
1 0 
1 0 
1 0 
1 0 
1 0 
1 0 
2 3 1196 1197 0 
2 3 1195 1198 0 
1 0 
2 3 1199 1200 0 
1 0 
1 0 
1 0 
1 0 
2 3 1204 1205 0 
2 3 1203 1206 0 
2 3 1202 1207 0 
2 3 1201 1208 0 
2 3 1194 1209 0 
1 0 
1 0 
1 0 
1 0 
2 3 1213 1214 0 
2 3 1212 1215 0 
1 0 
2 3 1216 1217 0 
2 3 1211 1218 0 
2 3 1210 1219 0 
2 3 1193 1220 0 
2 3 1192 1221 0 
2 3 1191 1222 0 
1 0 
2 3 1223 1224 0 
3 2 0 1225 
3 2 0 1223 
3 2 0 1191 
3 2 0 1189 
3 2 0 1167 
3 2 0 1188 
3 2 0 1170 
3 2 0 1168 
3 2 0 1169 
3 2 0 1187 
3 2 0 1171 
3 2 0 1186 
3 2 0 1172 
3 2 0 1185 
3 2 0 1173 
3 2 0 1184 
3 2 0 1176 
3 2 0 1174 
3 2 0 1175 
3 2 0 1183 
3 2 0 1177 
3 2 0 1182 
3 2 0 1178 
3 2 0 1181 
3 2 0 1179 
3 2 0 1180 
3 2 0 1190 
3 2 0 1222 
3 2 0 1192 
3 2 0 1221 
3 2 0 1193 
3 2 0 1220 
3 2 0 1210 
3 2 0 1194 
3 2 0 1209 
3 2 0 1201 
3 2 0 1199 
3 2 0 1195 
3 2 0 1198 
3 2 0 1196 
3 2 0 1197 
3 2 0 1200 
3 2 0 1208 
3 2 0 1202 
3 2 0 1207 
3 2 0 1203 
3 2 0 1206 
3 2 0 1204 
3 2 0 1205 
3 2 0 1219 
3 2 0 1211 
3 2 0 1218 
3 2 0 1216 
3 2 0 1212 
3 2 0 1215 
3 2 0 1213 
3 2 0 1214 
3 2 0 1217 
3 2 0 1224 
1 0 
1 0 
1 0 
1 0 
1 0 
1 0 
2 3 1289 1290 0 
2 3 1288 1291 0 
2 3 1287 1292 0 
2 3 1286 1293 0 
1 0 
1 0 
1 0 
1 0 
1 0 
1 0 
1 0 
2 3 1300 1301 0 
2 3 1299 1302 0 
2 3 1298 1303 0 
2 3 1297 1304 0 
2 3 1296 1305 0 
2 3 1295 1306 0 
2 3 1294 1307 0 
2 3 1285 1308 0 
1 0 
1 0 
1 0 
1 0 
1 0 
1 0 
2 3 1314 1315 0 
1 0 
1 0 
2 3 1317 1318 0 
1 0 
1 0 
1 0 
2 3 1321 1322 0 
2 3 1320 1323 0 
2 3 1319 1324 0 
2 3 1316 1325 0 
2 3 1313 1326 0 
2 3 1312 1327 0 
1 0 
2 3 1328 1329 0 
2 3 1311 1330 0 
2 3 1310 1331 0 
2 3 1309 1332 0 
3 2 0 1333 
3 2 0 1309 
3 2 0 1285 
3 2 0 1308 
3 2 0 1294 
3 2 0 1286 
3 2 0 1293 
3 2 0 1287 
3 2 0 1292 
3 2 0 1288 
3 2 0 1291 
3 2 0 1289 
3 2 0 1290 
3 2 0 1307 
3 2 0 1295 
3 2 0 1306 
3 2 0 1296 
3 2 0 1305 
3 2 0 1297 
3 2 0 1304 
3 2 0 1298 
3 2 0 1303 
3 2 0 1299 
3 2 0 1302 
3 2 0 1300 
3 2 0 1301 
3 2 0 1332 
3 2 0 1310 
3 2 0 1331 
3 2 0 1311 
3 2 0 1330 
3 2 0 1328 
3 2 0 1312 
3 2 0 1327 
3 2 0 1313 
3 2 0 1326 
3 2 0 1316 
3 2 0 1314 
3 2 0 1315 
3 2 0 1325 
3 2 0 1319 
3 2 0 1317 
3 2 0 1318 
3 2 0 1324 
3 2 0 1320 
3 2 0 1323 
3 2 0 1321 
3 2 0 1322 
3 2 0 1329 
1 0 
1 0 
1 0 
1 0 
1 0 
2 3 1386 1387 0 
2 3 1385 1388 0 
1 0 
2 3 1389 1390 0 
1 0 
1 0 
1 0 
2 3 1393 1394 0 
2 3 1392 1395 0 
2 3 1391 1396 0 
2 3 1384 1397 0 
2 3 1383 1398 0 
1 0 
2 3 1399 1400 0 
3 2 0 1401 
3 2 0 1399 
3 2 0 1383 
3 2 0 1398 
3 2 0 1384 
3 2 0 1397 
3 2 0 1391 
3 2 0 1389 
3 2 0 1385 
3 2 0 1388 
3 2 0 1386 
3 2 0 1387 
3 2 0 1390 
3 2 0 1396 
3 2 0 1392 
3 2 0 1395 
3 2 0 1393 
3 2 0 1394 
3 2 0 1400 
1 0 
1 0 
1 0 
1 0 
1 0 
1 0 
1 0 
2 3 1426 1427 0 
2 3 1425 1428 0 
2 3 1424 1429 0 
2 3 1423 1430 0 
1 0 
1 0 
1 0 
2 3 1433 1434 0 
1 0 
1 0 
1 0 
1 0 
1 0 
1 0 
1 0 
1 0 
1 0 
1 0 
2 3 1444 1445 0 
1 0 
2 3 1446 1447 0 
2 3 1443 1448 0 
2 3 1442 1449 0 
2 3 1441 1450 0 
2 3 1440 1451 0 
1 0 
1 0 
2 3 1453 1454 0 
1 0 
1 0 
1 0 
1 0 
1 0 
1 0 
1 0 
2 3 1461 1462 0 
2 3 1460 1463 0 
1 0 
1 0 
1 0 
2 3 1466 1467 0 
2 3 1465 1468 0 
2 3 1464 1469 0 
2 3 1459 1470 0 
2 3 1458 1471 0 
2 3 1457 1472 0 
2 3 1456 1473 0 
2 3 1455 1474 0 
2 3 1452 1475 0 
2 3 1439 1476 0 
2 3 1438 1477 0 
2 3 1437 1478 0 
2 3 1436 1479 0 
2 3 1435 1480 0 
2 3 1432 1481 0 
2 3 1431 1482 0 
2 3 1422 1483 0 
1 0 
2 3 1484 1485 0 
2 3 1421 1486 0 
3 2 0 1487 
3 2 0 1421 
3 2 0 1486 
3 2 0 1484 
3 2 0 1422 
3 2 0 1483 
3 2 0 1431 
3 2 0 1423 
3 2 0 1430 
3 2 0 1424 
3 2 0 1429 
3 2 0 1425 
3 2 0 1428 
3 2 0 1426 
3 2 0 1427 
3 2 0 1482 
3 2 0 1432 
3 2 0 1481 
3 2 0 1435 
3 2 0 1433 
3 2 0 1434 
3 2 0 1480 
3 2 0 1436 
3 2 0 1479 
3 2 0 1437 
3 2 0 1478 
3 2 0 1438 
3 2 0 1477 
3 2 0 1439 
3 2 0 1476 
3 2 0 1452 
3 2 0 1440 
3 2 0 1451 
3 2 0 1441 
3 2 0 1450 
3 2 0 1442 
3 2 0 1449 
3 2 0 1443 
3 2 0 1448 
3 2 0 1446 
3 2 0 1444 
3 2 0 1445 
3 2 0 1447 
3 2 0 1475 
3 2 0 1455 
3 2 0 1453 
3 2 0 1454 
3 2 0 1474 
3 2 0 1456 
3 2 0 1473 
3 2 0 1457 
3 2 0 1472 
3 2 0 1458 
3 2 0 1471 
3 2 0 1459 
3 2 0 1470 
3 2 0 1464 
3 2 0 1460 
3 2 0 1463 
3 2 0 1461 
3 2 0 1462 
3 2 0 1469 
3 2 0 1465 
3 2 0 1468 
3 2 0 1466 
3 2 0 1467 
3 2 0 1485 
1 0 
1 0 
2 3 1555 1556 0 
1 0 
1 0 
1 0 
1 0 
1 0 
2 3 1561 1562 0 
2 3 1560 1563 0 
2 3 1559 1564 0 
2 3 1558 1565 0 
1 0 
2 3 1566 1567 0 
2 3 1557 1568 0 
3 2 0 1569 
3 2 0 1557 
3 2 0 1555 
3 2 0 1556 
3 2 0 1568 
3 2 0 1566 
3 2 0 1558 
3 2 0 1565 
3 2 0 1559 
3 2 0 1564 
3 2 0 1560 
3 2 0 1563 
3 2 0 1561 
3 2 0 1562 
3 2 0 1567 
1 0 
1 0 
1 0 
1 0 
1 0 
1 0 
1 0 
1 0 
2 3 1591 1592 0 
2 3 1590 1593 0 
1 0 
1 0 
2 3 1595 1596 0 
2 3 1594 1597 0 
2 3 1589 1598 0 
2 3 1588 1599 0 
2 3 1587 1600 0 
2 3 1586 1601 0 
2 3 1585 1602 0 
1 0 
1 0 
1 0 
2 3 1605 1606 0 
1 0 
1 0 
1 0 
2 3 1609 1610 0 
1 0 
1 0 
1 0 
1 0 
1 0 
1 0 
1 0 
1 0 
1 0 
1 0 
1 0 
2 3 1621 1622 0 
2 3 1620 1623 0 
2 3 1619 1624 0 
2 3 1618 1625 0 
2 3 1617 1626 0 
2 3 1616 1627 0 
2 3 1615 1628 0 
2 3 1614 1629 0 
2 3 1613 1630 0 
2 3 1612 1631 0 
2 3 1611 1632 0 
2 3 1608 1633 0 
1 0 
2 3 1634 1635 0 
2 3 1607 1636 0 
2 3 1604 1637 0 
2 3 1603 1638 0 
3 2 0 1639 
3 2 0 1603 
3 2 0 1585 
3 2 0 1602 
3 2 0 1586 
3 2 0 1601 
3 2 0 1587 
3 2 0 1600 
3 2 0 1588 
3 2 0 1599 
3 2 0 1589 
3 2 0 1598 
3 2 0 1594 
3 2 0 1590 
3 2 0 1593 
3 2 0 1591 
3 2 0 1592 
3 2 0 1597 
3 2 0 1595 
3 2 0 1596 
3 2 0 1638 
3 2 0 1604 
3 2 0 1637 
3 2 0 1607 
3 2 0 1605 
3 2 0 1606 
3 2 0 1636 
3 2 0 1634 
3 2 0 1608 
3 2 0 1633 
3 2 0 1611 
3 2 0 1609 
3 2 0 1610 
3 2 0 1632 
3 2 0 1612 
3 2 0 1631 
3 2 0 1613 
3 2 0 1630 
3 2 0 1614 
3 2 0 1629 
3 2 0 1615 
3 2 0 1628 
3 2 0 1616 
3 2 0 1627 
3 2 0 1617 
3 2 0 1626 
3 2 0 1618 
3 2 0 1625 
3 2 0 1619 
3 2 0 1624 
3 2 0 1620 
3 2 0 1623 
3 2 0 1621 
3 2 0 1622 
3 2 0 1635 
1 0 
1 0 
2 3 1695 1696 0 
1 0 
1 0 
1 0 
1 0 
1 0 
1 0 
2 3 1702 1703 0 
2 3 1701 1704 0 
2 3 1700 1705 0 
2 3 1699 1706 0 
2 3 1698 1707 0 
1 0 
2 3 1708 1709 0 
1 0 
1 0 
2 3 1711 1712 0 
1 0 
2 3 1713 1714 0 
2 3 1710 1715 0 
1 0 
2 3 1716 1717 0 
1 0 
1 0 
1 0 
1 0 
1 0 
2 3 1722 1723 0 
2 3 1721 1724 0 
2 3 1720 1725 0 
2 3 1719 1726 0 
2 3 1718 1727 0 
1 0 
2 3 1728 1729 0 
2 3 1697 1730 0 
3 2 0 1731 
3 2 0 1697 
3 2 0 1695 
3 2 0 1696 
3 2 0 1730 
3 2 0 1728 
3 2 0 1718 
3 2 0 1716 
3 2 0 1710 
3 2 0 1708 
3 2 0 1698 
3 2 0 1707 
3 2 0 1699 
3 2 0 1706 
3 2 0 1700 
3 2 0 1705 
3 2 0 1701 
3 2 0 1704 
3 2 0 1702 
3 2 0 1703 
3 2 0 1709 
3 2 0 1715 
3 2 0 1713 
3 2 0 1711 
3 2 0 1712 
3 2 0 1714 
3 2 0 1717 
3 2 0 1727 
3 2 0 1719 
3 2 0 1726 
3 2 0 1720 
3 2 0 1725 
3 2 0 1721 
3 2 0 1724 
3 2 0 1722 
3 2 0 1723 
3 2 0 1729 
1 0 
1 0 
1 0 
2 3 1770 1771 0 
2 3 1769 1772 0 
1 0 
1 0 
1 0 
1 0 
1 0 
2 3 1777 1778 0 
2 3 1776 1779 0 
1 0 
1 0 
1 0 
2 3 1782 1783 0 
2 3 1781 1784 0 
2 3 1780 1785 0 
2 3 1775 1786 0 
1 0 
2 3 1787 1788 0 
2 3 1774 1789 0 
2 3 1773 1790 0 
3 2 0 1791 
3 2 0 1773 
3 2 0 1769 
3 2 0 1772 
3 2 0 1770 
3 2 0 1771 
3 2 0 1790 
3 2 0 1774 
3 2 0 1789 
3 2 0 1787 
3 2 0 1775 
3 2 0 1786 
3 2 0 1780 
3 2 0 1776 
3 2 0 1779 
3 2 0 1777 
3 2 0 1778 
3 2 0 1785 
3 2 0 1781 
3 2 0 1784 
3 2 0 1782 
3 2 0 1783 
3 2 0 1788 
1 0 
1 0 
2 3 1815 1816 0 
1 0 
1 0 
2 3 1818 1819 0 
1 0 
1 0 
1 0 
1 0 
1 0 
2 3 1824 1825 0 
2 3 1823 1826 0 
2 3 1822 1827 0 
2 3 1821 1828 0 
2 3 1820 1829 0 
1 0 
2 3 1830 1831 0 
2 3 1817 1832 0 
3 2 0 1833 
3 2 0 1817 
3 2 0 1815 
3 2 0 1816 
3 2 0 1832 
3 2 0 1830 
3 2 0 1820 
3 2 0 1818 
3 2 0 1819 
3 2 0 1829 
3 2 0 1821 
3 2 0 1828 
3 2 0 1822 
3 2 0 1827 
3 2 0 1823 
3 2 0 1826 
3 2 0 1824 
3 2 0 1825 
3 2 0 1831 
1 0 
1 0 
2 3 1853 1854 0 
1 0 
1 0 
2 3 1856 1857 0 
2 3 1855 1858 0 
3 2 0 1859 
3 2 0 1855 
3 2 0 1853 
3 2 0 1854 
3 2 0 1858 
3 2 0 1856 
3 2 0 1857 
1 0 
1 0 
1 0 
2 3 1868 1869 0 
2 3 1867 1870 0 
1 0 
1 0 
1 0 
1 0 
1 0 
1 0 
2 3 1876 1877 0 
1 0 
1 0 
2 3 1879 1880 0 
2 3 1878 1881 0 
1 0 
1 0 
1 0 
2 3 1884 1885 0 
1 0 
1 0 
1 0 
1 0 
1 0 
2 3 1890 1891 0 
2 3 1889 1892 0 
2 3 1888 1893 0 
2 3 1887 1894 0 
2 3 1886 1895 0 
2 3 1883 1896 0 
2 3 1882 1897 0 
2 3 1875 1898 0 
2 3 1874 1899 0 
2 3 1873 1900 0 
2 3 1872 1901 0 
1 0 
1 0 
1 0 
1 0 
2 3 1905 1906 0 
2 3 1904 1907 0 
1 0 
2 3 1908 1909 0 
2 3 1903 1910 0 
2 3 1902 1911 0 
1 0 
2 3 1912 1913 0 
2 3 1871 1914 0 
3 2 0 1915 
3 2 0 1871 
3 2 0 1867 
3 2 0 1870 
3 2 0 1868 
3 2 0 1869 
3 2 0 1914 
3 2 0 1912 
3 2 0 1902 
3 2 0 1872 
3 2 0 1901 
3 2 0 1873 
3 2 0 1900 
3 2 0 1874 
3 2 0 1899 
3 2 0 1875 
3 2 0 1898 
3 2 0 1882 
3 2 0 1878 
3 2 0 1876 
3 2 0 1877 
3 2 0 1881 
3 2 0 1879 
3 2 0 1880 
3 2 0 1897 
3 2 0 1883 
3 2 0 1896 
3 2 0 1886 
3 2 0 1884 
3 2 0 1885 
3 2 0 1895 
3 2 0 1887 
3 2 0 1894 
3 2 0 1888 
3 2 0 1893 
3 2 0 1889 
3 2 0 1892 
3 2 0 1890 
3 2 0 1891 
3 2 0 1911 
3 2 0 1903 
3 2 0 1910 
3 2 0 1908 
3 2 0 1904 
3 2 0 1907 
3 2 0 1905 
3 2 0 1906 
3 2 0 1909 
3 2 0 1913 
1 0 
1 0 
2 3 1965 1966 0 
1 0 
2 3 1967 1968 0 
1 0 
2 3 1969 1970 0 
1 0 
2 3 1971 1972 0 
1 0 
1 0 
2 3 1974 1975 0 
1 0 
2 3 1976 1977 0 
1 0 
1 0 
2 3 1979 1980 0 
2 3 1978 1981 0 
1 0 
2 3 1982 1983 0 
1 0 
1 0 
1 0 
2 3 1986 1987 0 
2 3 1985 1988 0 
1 0 
1 0 
1 0 
2 3 1991 1992 0 
2 3 1990 1993 0 
1 0 
1 0 
1 0 
2 3 1996 1997 0 
2 3 1995 1998 0 
2 3 1994 1999 0 
2 3 1989 2000 0 
2 3 1984 2001 0 
2 3 1973 2002 0 
1 0 
2 3 2003 2004 0 
3 2 0 2005 
3 2 0 2003 
3 2 0 1973 
3 2 0 1971 
3 2 0 1969 
3 2 0 1967 
3 2 0 1965 
3 2 0 1966 
3 2 0 1968 
3 2 0 1970 
3 2 0 1972 
3 2 0 2002 
3 2 0 1984 
3 2 0 1982 
3 2 0 1978 
3 2 0 1976 
3 2 0 1974 
3 2 0 1975 
3 2 0 1977 
3 2 0 1981 
3 2 0 1979 
3 2 0 1980 
3 2 0 1983 
3 2 0 2001 
3 2 0 1989 
3 2 0 1985 
3 2 0 1988 
3 2 0 1986 
3 2 0 1987 
3 2 0 2000 
3 2 0 1994 
3 2 0 1990 
3 2 0 1993 
3 2 0 1991 
3 2 0 1992 
3 2 0 1999 
3 2 0 1995 
3 2 0 1998 
3 2 0 1996 
3 2 0 1997 
3 2 0 2004 
1 0 
1 0 
1 0 
2 3 2048 2049 0 
1 0 
2 3 2050 2051 0 
1 0 
1 0 
1 0 
1 0 
2 3 2055 2056 0 
2 3 2054 2057 0 
1 0 
1 0 
1 0 
1 0 
2 3 2061 2062 0 
2 3 2060 2063 0 
2 3 2059 2064 0 
1 0 
1 0 
1 0 
1 0 
1 0 
2 3 2069 2070 0 
2 3 2068 2071 0 
2 3 2067 2072 0 
2 3 2066 2073 0 
2 3 2065 2074 0 
1 0 
2 3 2075 2076 0 
2 3 2058 2077 0 
2 3 2053 2078 0 
2 3 2052 2079 0 
2 3 2047 2080 0 
1 0 
1 0 
1 0 
2 3 2083 2084 0 
1 0 
1 0 
2 3 2086 2087 0 
2 3 2085 2088 0 
1 0 
1 0 
1 0 
1 0 
2 3 2092 2093 0 
2 3 2091 2094 0 
1 0 
2 3 2095 2096 0 
1 0 
1 0 
1 0 
1 0 
1 0 
2 3 2101 2102 0 
2 3 2100 2103 0 
2 3 2099 2104 0 
2 3 2098 2105 0 
2 3 2097 2106 0 
2 3 2090 2107 0 
1 0 
2 3 2108 2109 0 
2 3 2089 2110 0 
2 3 2082 2111 0 
2 3 2081 2112 0 
3 2 0 2113 
3 2 0 2081 
3 2 0 2047 
3 2 0 2080 
3 2 0 2052 
3 2 0 2050 
3 2 0 2048 
3 2 0 2049 
3 2 0 2051 
3 2 0 2079 
3 2 0 2053 
3 2 0 2078 
3 2 0 2058 
3 2 0 2054 
3 2 0 2057 
3 2 0 2055 
3 2 0 2056 
3 2 0 2077 
3 2 0 2075 
3 2 0 2065 
3 2 0 2059 
3 2 0 2064 
3 2 0 2060 
3 2 0 2063 
3 2 0 2061 
3 2 0 2062 
3 2 0 2074 
3 2 0 2066 
3 2 0 2073 
3 2 0 2067 
3 2 0 2072 
3 2 0 2068 
3 2 0 2071 
3 2 0 2069 
3 2 0 2070 
3 2 0 2076 
3 2 0 2112 
3 2 0 2082 
3 2 0 2111 
3 2 0 2089 
3 2 0 2085 
3 2 0 2083 
3 2 0 2084 
3 2 0 2088 
3 2 0 2086 
3 2 0 2087 
3 2 0 2110 
3 2 0 2108 
3 2 0 2090 
3 2 0 2107 
3 2 0 2097 
3 2 0 2095 
3 2 0 2091 
3 2 0 2094 
3 2 0 2092 
3 2 0 2093 
3 2 0 2096 
3 2 0 2106 
3 2 0 2098 
3 2 0 2105 
3 2 0 2099 
3 2 0 2104 
3 2 0 2100 
3 2 0 2103 
3 2 0 2101 
3 2 0 2102 
3 2 0 2109 
1 0 
1 0 
1 0 
1 0 
2 3 2183 2184 0 
2 3 2182 2185 0 
2 3 2181 2186 0 
1 0 
1 0 
1 0 
1 0 
2 3 2190 2191 0 
2 3 2189 2192 0 
2 3 2188 2193 0 
1 0 
2 3 2194 2195 0 
2 3 2187 2196 0 
3 2 0 2197 
3 2 0 2187 
3 2 0 2181 
3 2 0 2186 
3 2 0 2182 
3 2 0 2185 
3 2 0 2183 
3 2 0 2184 
3 2 0 2196 
3 2 0 2194 
3 2 0 2188 
3 2 0 2193 
3 2 0 2189 
3 2 0 2192 
3 2 0 2190 
3 2 0 2191 
3 2 0 2195 
1 0 
1 0 
1 0 
1 0 
2 3 2217 2218 0 
1 0 
1 0 
2 3 2220 2221 0 
2 3 2219 2222 0 
2 3 2216 2223 0 
2 3 2215 2224 0 
1 0 
1 0 
1 0 
1 0 
1 0 
1 0 
1 0 
2 3 2231 2232 0 
2 3 2230 2233 0 
1 0 
1 0 
2 3 2235 2236 0 
2 3 2234 2237 0 
2 3 2229 2238 0 
1 0 
2 3 2239 2240 0 
2 3 2228 2241 0 
2 3 2227 2242 0 
2 3 2226 2243 0 
2 3 2225 2244 0 
3 2 0 2245 
3 2 0 2225 
3 2 0 2215 
3 2 0 2224 
3 2 0 2216 
3 2 0 2223 
3 2 0 2219 
3 2 0 2217 
3 2 0 2218 
3 2 0 2222 
3 2 0 2220 
3 2 0 2221 
3 2 0 2244 
3 2 0 2226 
3 2 0 2243 
3 2 0 2227 
3 2 0 2242 
3 2 0 2228 
3 2 0 2241 
3 2 0 2239 
3 2 0 2229 
3 2 0 2238 
3 2 0 2234 
3 2 0 2230 
3 2 0 2233 
3 2 0 2231 
3 2 0 2232 
3 2 0 2237 
3 2 0 2235 
3 2 0 2236 
3 2 0 2240 
1 0 
1 0 
1 0 
2 3 2278 2279 0 
1 0 
1 0 
1 0 
2 3 2282 2283 0 
1 0 
2 3 2284 2285 0 
1 0 
2 3 2286 2287 0 
1 0 
1 0 
1 0 
1 0 
2 3 2291 2292 0 
2 3 2290 2293 0 
2 3 2289 2294 0 
2 3 2288 2295 0 
2 3 2281 2296 0 
2 3 2280 2297 0 
2 3 2277 2298 0 
1 0 
1 0 
1 0 
1 0 
2 3 2302 2303 0 
1 0 
1 0 
2 3 2305 2306 0 
2 3 2304 2307 0 
1 0 
1 0 
1 0 
1 0 
2 3 2311 2312 0 
2 3 2310 2313 0 
2 3 2309 2314 0 
2 3 2308 2315 0 
1 0 
2 3 2316 2317 0 
2 3 2301 2318 0 
2 3 2300 2319 0 
2 3 2299 2320 0 
3 2 0 2321 
3 2 0 2299 
3 2 0 2277 
3 2 0 2298 
3 2 0 2280 
3 2 0 2278 
3 2 0 2279 
3 2 0 2297 
3 2 0 2281 
3 2 0 2296 
3 2 0 2288 
3 2 0 2286 
3 2 0 2284 
3 2 0 2282 
3 2 0 2283 
3 2 0 2285 
3 2 0 2287 
3 2 0 2295 
3 2 0 2289 
3 2 0 2294 
3 2 0 2290 
3 2 0 2293 
3 2 0 2291 
3 2 0 2292 
3 2 0 2320 
3 2 0 2300 
3 2 0 2319 
3 2 0 2301 
3 2 0 2318 
3 2 0 2316 
3 2 0 2308 
3 2 0 2304 
3 2 0 2302 
3 2 0 2303 
3 2 0 2307 
3 2 0 2305 
3 2 0 2306 
3 2 0 2315 
3 2 0 2309 
3 2 0 2314 
3 2 0 2310 
3 2 0 2313 
3 2 0 2311 
3 2 0 2312 
3 2 0 2317 
1 0 
1 0 
2 3 2367 2368 0 
1 0 
1 0 
1 0 
1 0 
1 0 
2 3 2373 2374 0 
2 3 2372 2375 0 
2 3 2371 2376 0 
2 3 2370 2377 0 
2 3 2369 2378 0 
1 0 
2 3 2379 2380 0 
1 0 
2 3 2381 2382 0 
1 0 
1 0 
2 3 2384 2385 0 
1 0 
1 0 
2 3 2387 2388 0 
2 3 2386 2389 0 
1 0 
1 0 
1 0 
2 3 2392 2393 0 
1 0 
2 3 2394 2395 0 
1 0 
1 0 
2 3 2397 2398 0 
1 0 
1 0 
2 3 2400 2401 0 
2 3 2399 2402 0 
2 3 2396 2403 0 
1 0 
1 0 
1 0 
1 0 
1 0 
2 3 2408 2409 0 
2 3 2407 2410 0 
1 0 
1 0 
2 3 2412 2413 0 
2 3 2411 2414 0 
2 3 2406 2415 0 
2 3 2405 2416 0 
2 3 2404 2417 0 
2 3 2391 2418 0 
2 3 2390 2419 0 
2 3 2383 2420 0 
1 0 
2 3 2421 2422 0 
3 2 0 2423 
3 2 0 2421 
3 2 0 2383 
3 2 0 2381 
3 2 0 2379 
3 2 0 2369 
3 2 0 2367 
3 2 0 2368 
3 2 0 2378 
3 2 0 2370 
3 2 0 2377 
3 2 0 2371 
3 2 0 2376 
3 2 0 2372 
3 2 0 2375 
3 2 0 2373 
3 2 0 2374 
3 2 0 2380 
3 2 0 2382 
3 2 0 2420 
3 2 0 2390 
3 2 0 2386 
3 2 0 2384 
3 2 0 2385 
3 2 0 2389 
3 2 0 2387 
3 2 0 2388 
3 2 0 2419 
3 2 0 2391 
3 2 0 2418 
3 2 0 2404 
3 2 0 2396 
3 2 0 2394 
3 2 0 2392 
3 2 0 2393 
3 2 0 2395 
3 2 0 2403 
3 2 0 2399 
3 2 0 2397 
3 2 0 2398 
3 2 0 2402 
3 2 0 2400 
3 2 0 2401 
3 2 0 2417 
3 2 0 2405 
3 2 0 2416 
3 2 0 2406 
3 2 0 2415 
3 2 0 2411 
3 2 0 2407 
3 2 0 2410 
3 2 0 2408 
3 2 0 2409 
3 2 0 2414 
3 2 0 2412 
3 2 0 2413 
3 2 0 2422 
1 0 
1 0 
1 0 
2 3 2482 2483 0 
2 3 2481 2484 0 
1 0 
1 0 
1 0 
1 0 
1 0 
2 3 2489 2490 0 
2 3 2488 2491 0 
2 3 2487 2492 0 
1 0 
2 3 2493 2494 0 
1 0 
1 0 
1 0 
1 0 
1 0 
1 0 
2 3 2500 2501 0 
2 3 2499 2502 0 
2 3 2498 2503 0 
2 3 2497 2504 0 
1 0 
1 0 
2 3 2506 2507 0 
2 3 2505 2508 0 
2 3 2496 2509 0 
2 3 2495 2510 0 
2 3 2486 2511 0 
1 0 
2 3 2512 2513 0 
2 3 2485 2514 0 
3 2 0 2515 
3 2 0 2485 
3 2 0 2481 
3 2 0 2484 
3 2 0 2482 
3 2 0 2483 
3 2 0 2514 
3 2 0 2512 
3 2 0 2486 
3 2 0 2511 
3 2 0 2495 
3 2 0 2493 
3 2 0 2487 
3 2 0 2492 
3 2 0 2488 
3 2 0 2491 
3 2 0 2489 
3 2 0 2490 
3 2 0 2494 
3 2 0 2510 
3 2 0 2496 
3 2 0 2509 
3 2 0 2505 
3 2 0 2497 
3 2 0 2504 
3 2 0 2498 
3 2 0 2503 
3 2 0 2499 
3 2 0 2502 
3 2 0 2500 
3 2 0 2501 
3 2 0 2508 
3 2 0 2506 
3 2 0 2507 
3 2 0 2513 
1 0 
1 0 
1 0 
2 3 2552 2553 0 
2 3 2551 2554 0 
1 0 
1 0 
1 0 
1 0 
1 0 
1 0 
1 0 
2 3 2561 2562 0 
2 3 2560 2563 0 
2 3 2559 2564 0 
1 0 
2 3 2565 2566 0 
1 0 
2 3 2567 2568 0 
1 0 
1 0 
1 0 
2 3 2571 2572 0 
2 3 2570 2573 0 
2 3 2569 2574 0 
1 0 
2 3 2575 2576 0 
1 0 
1 0 
2 3 2578 2579 0 
2 3 2577 2580 0 
1 0 
1 0 
1 0 
2 3 2583 2584 0 
2 3 2582 2585 0 
1 0 
2 3 2586 2587 0 
2 3 2581 2588 0 
2 3 2558 2589 0 
1 0 
2 3 2590 2591 0 
2 3 2557 2592 0 
2 3 2556 2593 0 
2 3 2555 2594 0 
3 2 0 2595 
3 2 0 2555 
3 2 0 2551 
3 2 0 2554 
3 2 0 2552 
3 2 0 2553 
3 2 0 2594 
3 2 0 2556 
3 2 0 2593 
3 2 0 2557 
3 2 0 2592 
3 2 0 2590 
3 2 0 2558 
3 2 0 2589 
3 2 0 2581 
3 2 0 2577 
3 2 0 2575 
3 2 0 2569 
3 2 0 2567 
3 2 0 2565 
3 2 0 2559 
3 2 0 2564 
3 2 0 2560 
3 2 0 2563 
3 2 0 2561 
3 2 0 2562 
3 2 0 2566 
3 2 0 2568 
3 2 0 2574 
3 2 0 2570 
3 2 0 2573 
3 2 0 2571 
3 2 0 2572 
3 2 0 2576 
3 2 0 2580 
3 2 0 2578 
3 2 0 2579 
3 2 0 2588 
3 2 0 2586 
3 2 0 2582 
3 2 0 2585 
3 2 0 2583 
3 2 0 2584 
3 2 0 2587 
3 2 0 2591 
1 0 
1 0 
1 0 
2 3 2642 2643 0 
1 0 
1 0 
1 0 
2 3 2646 2647 0 
2 3 2645 2648 0 
1 0 
1 0 
1 0 
2 3 2651 2652 0 
2 3 2650 2653 0 
2 3 2649 2654 0 
1 0 
2 3 2655 2656 0 
1 0 
2 3 2657 2658 0 
1 0 
2 3 2659 2660 0 
1 0 
2 3 2661 2662 0 
1 0 
2 3 2663 2664 0 
1 0 
2 3 2665 2666 0 
1 0 
2 3 2667 2668 0 
1 0 
2 3 2669 2670 0 
1 0 
2 3 2671 2672 0 
1 0 
1 0 
2 3 2674 2675 0 
1 0 
2 3 2676 2677 0 
1 0 
1 0 
1 0 
2 3 2680 2681 0 
2 3 2679 2682 0 
2 3 2678 2683 0 
2 3 2673 2684 0 
2 3 2644 2685 0 
1 0 
2 3 2686 2687 0 
2 3 2641 2688 0 
3 2 0 2689 
3 2 0 2641 
3 2 0 2688 
3 2 0 2686 
3 2 0 2644 
3 2 0 2642 
3 2 0 2643 
3 2 0 2685 
3 2 0 2673 
3 2 0 2671 
3 2 0 2669 
3 2 0 2667 
3 2 0 2665 
3 2 0 2663 
3 2 0 2661 
3 2 0 2659 
3 2 0 2657 
3 2 0 2655 
3 2 0 2649 
3 2 0 2645 
3 2 0 2648 
3 2 0 2646 
3 2 0 2647 
3 2 0 2654 
3 2 0 2650 
3 2 0 2653 
3 2 0 2651 
3 2 0 2652 
3 2 0 2656 
3 2 0 2658 
3 2 0 2660 
3 2 0 2662 
3 2 0 2664 
3 2 0 2666 
3 2 0 2668 
3 2 0 2670 
3 2 0 2672 
3 2 0 2684 
3 2 0 2678 
3 2 0 2676 
3 2 0 2674 
3 2 0 2675 
3 2 0 2677 
3 2 0 2683 
3 2 0 2679 
3 2 0 2682 
3 2 0 2680 
3 2 0 2681 
3 2 0 2687 
1 0 
1 0 
2 3 2739 2740 0 
1 0 
1 0 
2 3 2742 2743 0 
1 0 
1 0 
1 0 
1 0 
1 0 
2 3 2748 2749 0 
2 3 2747 2750 0 
2 3 2746 2751 0 
2 3 2745 2752 0 
2 3 2744 2753 0 
1 0 
2 3 2754 2755 0 
2 3 2741 2756 0 
3 2 0 2757 
3 2 0 2741 
3 2 0 2739 
3 2 0 2740 
3 2 0 2756 
3 2 0 2754 
3 2 0 2744 
3 2 0 2742 
3 2 0 2743 
3 2 0 2753 
3 2 0 2745 
3 2 0 2752 
3 2 0 2746 
3 2 0 2751 
3 2 0 2747 
3 2 0 2750 
3 2 0 2748 
3 2 0 2749 
3 2 0 2755 
1 0 
1 0 
1 0 
1 0 
1 0 
1 0 
2 3 2781 2782 0 
2 3 2780 2783 0 
2 3 2779 2784 0 
2 3 2778 2785 0 
2 3 2777 2786 0 
1 0 
1 0 
1 0 
2 3 2789 2790 0 
2 3 2788 2791 0 
2 3 2787 2792 0 
1 0 
1 0 
1 0 
2 3 2795 2796 0 
2 3 2794 2797 0 
1 0 
2 3 2798 2799 0 
2 3 2793 2800 0 
3 2 0 2801 
3 2 0 2793 
3 2 0 2787 
3 2 0 2777 
3 2 0 2786 
3 2 0 2778 
3 2 0 2785 
3 2 0 2779 
3 2 0 2784 
3 2 0 2780 
3 2 0 2783 
3 2 0 2781 
3 2 0 2782 
3 2 0 2792 
3 2 0 2788 
3 2 0 2791 
3 2 0 2789 
3 2 0 2790 
3 2 0 2800 
3 2 0 2798 
3 2 0 2794 
3 2 0 2797 
3 2 0 2795 
3 2 0 2796 
3 2 0 2799 
1 0 
1 0 
1 0 
2 3 2828 2829 0 
2 3 2827 2830 0 
1 0 
1 0 
1 0 
2 3 2833 2834 0 
1 0 
2 3 2835 2836 0 
2 3 2832 2837 0 
1 0 
2 3 2838 2839 0 
2 3 2831 2840 0 
3 2 0 2841 
3 2 0 2831 
3 2 0 2827 
3 2 0 2830 
3 2 0 2828 
3 2 0 2829 
3 2 0 2840 
3 2 0 2838 
3 2 0 2832 
3 2 0 2837 
3 2 0 2835 
3 2 0 2833 
3 2 0 2834 
3 2 0 2836 
3 2 0 2839 
1 0 
1 0 
2 3 2857 2858 0 
1 0 
1 0 
1 0 
2 3 2861 2862 0 
1 0 
1 0 
1 0 
1 0 
2 3 2866 2867 0 
2 3 2865 2868 0 
1 0 
1 0 
1 0 
2 3 2871 2872 0 
2 3 2870 2873 0 
2 3 2869 2874 0 
1 0 
2 3 2875 2876 0 
1 0 
1 0 
2 3 2878 2879 0 
1 0 
2 3 2880 2881 0 
1 0 
1 0 
1 0 
2 3 2884 2885 0 
2 3 2883 2886 0 
2 3 2882 2887 0 
2 3 2877 2888 0 
2 3 2864 2889 0 
2 3 2863 2890 0 
2 3 2860 2891 0 
1 0 
2 3 2892 2893 0 
2 3 2859 2894 0 
3 2 0 2895 
3 2 0 2859 
3 2 0 2857 
3 2 0 2858 
3 2 0 2894 
3 2 0 2892 
3 2 0 2860 
3 2 0 2891 
3 2 0 2863 
3 2 0 2861 
3 2 0 2862 
3 2 0 2890 
3 2 0 2864 
3 2 0 2889 
3 2 0 2877 
3 2 0 2875 
3 2 0 2869 
3 2 0 2865 
3 2 0 2868 
3 2 0 2866 
3 2 0 2867 
3 2 0 2874 
3 2 0 2870 
3 2 0 2873 
3 2 0 2871 
3 2 0 2872 
3 2 0 2876 
3 2 0 2888 
3 2 0 2882 
3 2 0 2880 
3 2 0 2878 
3 2 0 2879 
3 2 0 2881 
3 2 0 2887 
3 2 0 2883 
3 2 0 2886 
3 2 0 2884 
3 2 0 2885 
3 2 0 2893 
1 0 
1 0 
1 0 
1 0 
1 0 
1 0 
2 3 2939 2940 0 
2 3 2938 2941 0 
2 3 2937 2942 0 
2 3 2936 2943 0 
1 0 
1 0 
2 3 2945 2946 0 
2 3 2944 2947 0 
2 3 2935 2948 0 
3 2 0 2949 
3 2 0 2935 
3 2 0 2948 
3 2 0 2944 
3 2 0 2936 
3 2 0 2943 
3 2 0 2937 
3 2 0 2942 
3 2 0 2938 
3 2 0 2941 
3 2 0 2939 
3 2 0 2940 
3 2 0 2947 
3 2 0 2945 
3 2 0 2946 
1 0 
1 0 
2 3 2965 2966 0 
1 0 
1 0 
2 3 2968 2969 0 
1 0 
1 0 
1 0 
2 3 2972 2973 0 
2 3 2971 2974 0 
2 3 2970 2975 0 
2 3 2967 2976 0 
1 0 
2 3 2977 2978 0 
1 0 
2 3 2979 2980 0 
1 0 
1 0 
1 0 
2 3 2983 2984 0 
1 0 
2 3 2985 2986 0 
1 0 
1 0 
1 0 
1 0 
2 3 2990 2991 0 
2 3 2989 2992 0 
2 3 2988 2993 0 
1 0 
1 0 
1 0 
1 0 
1 0 
2 3 2998 2999 0 
1 0 
1 0 
2 3 3001 3002 0 
1 0 
2 3 3003 3004 0 
1 0 
2 3 3005 3006 0 
2 3 3000 3007 0 
2 3 2997 3008 0 
2 3 2996 3009 0 
2 3 2995 3010 0 
2 3 2994 3011 0 
2 3 2987 3012 0 
2 3 2982 3013 0 
2 3 2981 3014 0 
1 0 
2 3 3015 3016 0 
3 2 0 3017 
3 2 0 3015 
3 2 0 2981 
3 2 0 2979 
3 2 0 2977 
3 2 0 2967 
3 2 0 2965 
3 2 0 2966 
3 2 0 2976 
3 2 0 2970 
3 2 0 2968 
3 2 0 2969 
3 2 0 2975 
3 2 0 2971 
3 2 0 2974 
3 2 0 2972 
3 2 0 2973 
3 2 0 2978 
3 2 0 2980 
3 2 0 3014 
3 2 0 2982 
3 2 0 3013 
3 2 0 2987 
3 2 0 2985 
3 2 0 2983 
3 2 0 2984 
3 2 0 2986 
3 2 0 3012 
3 2 0 2994 
3 2 0 2988 
3 2 0 2993 
3 2 0 2989 
3 2 0 2992 
3 2 0 2990 
3 2 0 2991 
3 2 0 3011 
3 2 0 2995 
3 2 0 3010 
3 2 0 2996 
3 2 0 3009 
3 2 0 2997 
3 2 0 3008 
3 2 0 3000 
3 2 0 2998 
3 2 0 2999 
3 2 0 3007 
3 2 0 3005 
3 2 0 3003 
3 2 0 3001 
3 2 0 3002 
3 2 0 3004 
3 2 0 3006 
3 2 0 3016 
1 0 
1 0 
1 0 
1 0 
1 0 
2 3 3074 3075 0 
2 3 3073 3076 0 
1 0 
1 0 
1 0 
1 0 
2 3 3080 3081 0 
2 3 3079 3082 0 
2 3 3078 3083 0 
2 3 3077 3084 0 
1 0 
1 0 
1 0 
1 0 
1 0 
2 3 3089 3090 0 
1 0 
2 3 3091 3092 0 
2 3 3088 3093 0 
2 3 3087 3094 0 
2 3 3086 3095 0 
2 3 3085 3096 0 
2 3 3072 3097 0 
1 0 
2 3 3098 3099 0 
2 3 3071 3100 0 
3 2 0 3101 
3 2 0 3071 
3 2 0 3100 
3 2 0 3098 
3 2 0 3072 
3 2 0 3097 
3 2 0 3085 
3 2 0 3077 
3 2 0 3073 
3 2 0 3076 
3 2 0 3074 
3 2 0 3075 
3 2 0 3084 
3 2 0 3078 
3 2 0 3083 
3 2 0 3079 
3 2 0 3082 
3 2 0 3080 
3 2 0 3081 
3 2 0 3096 
3 2 0 3086 
3 2 0 3095 
3 2 0 3087 
3 2 0 3094 
3 2 0 3088 
3 2 0 3093 
3 2 0 3091 
3 2 0 3089 
3 2 0 3090 
3 2 0 3092 
3 2 0 3099 
1 0 
1 0 
1 0 
1 0 
1 0 
1 0 
1 0 
1 0 
2 3 3139 3140 0 
2 3 3138 3141 0 
2 3 3137 3142 0 
2 3 3136 3143 0 
1 0 
1 0 
2 3 3145 3146 0 
2 3 3144 3147 0 
2 3 3135 3148 0 
2 3 3134 3149 0 
2 3 3133 3150 0 
1 0 
1 0 
1 0 
1 0 
1 0 
1 0 
1 0 
1 0 
2 3 3158 3159 0 
2 3 3157 3160 0 
2 3 3156 3161 0 
1 0 
1 0 
2 3 3163 3164 0 
1 0 
1 0 
1 0 
2 3 3167 3168 0 
2 3 3166 3169 0 
2 3 3165 3170 0 
1 0 
2 3 3171 3172 0 
2 3 3162 3173 0 
2 3 3155 3174 0 
1 0 
2 3 3175 3176 0 
2 3 3154 3177 0 
2 3 3153 3178 0 
2 3 3152 3179 0 
2 3 3151 3180 0 
3 2 0 3181 
3 2 0 3151 
3 2 0 3133 
3 2 0 3150 
3 2 0 3134 
3 2 0 3149 
3 2 0 3135 
3 2 0 3148 
3 2 0 3144 
3 2 0 3136 
3 2 0 3143 
3 2 0 3137 
3 2 0 3142 
3 2 0 3138 
3 2 0 3141 
3 2 0 3139 
3 2 0 3140 
3 2 0 3147 
3 2 0 3145 
3 2 0 3146 
3 2 0 3180 
3 2 0 3152 
3 2 0 3179 
3 2 0 3153 
3 2 0 3178 
3 2 0 3154 
3 2 0 3177 
3 2 0 3175 
3 2 0 3155 
3 2 0 3174 
3 2 0 3162 
3 2 0 3156 
3 2 0 3161 
3 2 0 3157 
3 2 0 3160 
3 2 0 3158 
3 2 0 3159 
3 2 0 3173 
3 2 0 3171 
3 2 0 3165 
3 2 0 3163 
3 2 0 3164 
3 2 0 3170 
3 2 0 3166 
3 2 0 3169 
3 2 0 3167 
3 2 0 3168 
3 2 0 3172 
3 2 0 3176 
1 0 
1 0 
1 0 
1 0 
2 3 3233 3234 0 
1 0 
2 3 3235 3236 0 
1 0 
1 0 
1 0 
2 3 3239 3240 0 
2 3 3238 3241 0 
2 3 3237 3242 0 
2 3 3232 3243 0 
2 3 3231 3244 0 
1 0 
1 0 
2 3 3246 3247 0 
1 0 
1 0 
1 0 
1 0 
2 3 3251 3252 0 
2 3 3250 3253 0 
2 3 3249 3254 0 
2 3 3248 3255 0 
1 0 
2 3 3256 3257 0 
2 3 3245 3258 0 
3 2 0 3259 
3 2 0 3245 
3 2 0 3231 
3 2 0 3244 
3 2 0 3232 
3 2 0 3243 
3 2 0 3237 
3 2 0 3235 
3 2 0 3233 
3 2 0 3234 
3 2 0 3236 
3 2 0 3242 
3 2 0 3238 
3 2 0 3241 
3 2 0 3239 
3 2 0 3240 
3 2 0 3258 
3 2 0 3256 
3 2 0 3248 
3 2 0 3246 
3 2 0 3247 
3 2 0 3255 
3 2 0 3249 
3 2 0 3254 
3 2 0 3250 
3 2 0 3253 
3 2 0 3251 
3 2 0 3252 
3 2 0 3257 
1 0 
1 0 
1 0 
2 3 3290 3291 0 
2 3 3289 3292 0 
1 0 
1 0 
1 0 
2 3 3295 3296 0 
1 0 
2 3 3297 3298 0 
2 3 3294 3299 0 
2 3 3293 3300 0 
1 0 
1 0 
1 0 
1 0 
2 3 3304 3305 0 
2 3 3303 3306 0 
1 0 
2 3 3307 3308 0 
1 0 
1 0 
2 3 3310 3311 0 
2 3 3309 3312 0 
2 3 3302 3313 0 
2 3 3301 3314 0 
1 0 
2 3 3315 3316 0 
3 2 0 3317 
3 2 0 3315 
3 2 0 3301 
3 2 0 3293 
3 2 0 3289 
3 2 0 3292 
3 2 0 3290 
3 2 0 3291 
3 2 0 3300 
3 2 0 3294 
3 2 0 3299 
3 2 0 3297 
3 2 0 3295 
3 2 0 3296 
3 2 0 3298 
3 2 0 3314 
3 2 0 3302 
3 2 0 3313 
3 2 0 3309 
3 2 0 3307 
3 2 0 3303 
3 2 0 3306 
3 2 0 3304 
3 2 0 3305 
3 2 0 3308 
3 2 0 3312 
3 2 0 3310 
3 2 0 3311 
3 2 0 3316 
1 0 
1 0 
1 0 
1 0 
2 3 3349 3350 0 
2 3 3348 3351 0 
1 0 
2 3 3352 3353 0 
2 3 3347 3354 0 
1 0 
2 3 3355 3356 0 
1 0 
1 0 
1 0 
2 3 3359 3360 0 
2 3 3358 3361 0 
1 0 
1 0 
1 0 
2 3 3364 3365 0 
1 0 
1 0 
1 0 
2 3 3368 3369 0 
1 0 
1 0 
2 3 3371 3372 0 
1 0 
1 0 
1 0 
1 0 
2 3 3376 3377 0 
2 3 3375 3378 0 
2 3 3374 3379 0 
2 3 3373 3380 0 
2 3 3370 3381 0 
2 3 3367 3382 0 
2 3 3366 3383 0 
2 3 3363 3384 0 
2 3 3362 3385 0 
2 3 3357 3386 0 
1 0 
2 3 3387 3388 0 
3 2 0 3389 
3 2 0 3387 
3 2 0 3357 
3 2 0 3355 
3 2 0 3347 
3 2 0 3354 
3 2 0 3352 
3 2 0 3348 
3 2 0 3351 
3 2 0 3349 
3 2 0 3350 
3 2 0 3353 
3 2 0 3356 
3 2 0 3386 
3 2 0 3362 
3 2 0 3358 
3 2 0 3361 
3 2 0 3359 
3 2 0 3360 
3 2 0 3385 
3 2 0 3363 
3 2 0 3384 
3 2 0 3366 
3 2 0 3364 
3 2 0 3365 
3 2 0 3383 
3 2 0 3367 
3 2 0 3382 
3 2 0 3370 
3 2 0 3368 
3 2 0 3369 
3 2 0 3381 
3 2 0 3373 
3 2 0 3371 
3 2 0 3372 
3 2 0 3380 
3 2 0 3374 
3 2 0 3379 
3 2 0 3375 
3 2 0 3378 
3 2 0 3376 
3 2 0 3377 
3 2 0 3388 
1 0 
1 0 
1 0 
2 3 3434 3435 0 
2 3 3433 3436 0 
1 0 
1 0 
2 3 3438 3439 0 
2 3 3437 3440 0 
3 2 0 3441 
3 2 0 3437 
3 2 0 3433 
3 2 0 3436 
3 2 0 3434 
3 2 0 3435 
3 2 0 3440 
3 2 0 3438 
3 2 0 3439 
1 0 
1 0 
1 0 
2 3 3452 3453 0 
2 3 3451 3454 0 
1 0 
1 0 
2 3 3456 3457 0 
1 0 
1 0 
1 0 
1 0 
1 0 
1 0 
2 3 3463 3464 0 
1 0 
2 3 3465 3466 0 
2 3 3462 3467 0 
2 3 3461 3468 0 
2 3 3460 3469 0 
2 3 3459 3470 0 
1 0 
1 0 
1 0 
1 0 
1 0 
2 3 3475 3476 0 
1 0 
1 0 
1 0 
1 0 
1 0 
2 3 3481 3482 0 
2 3 3480 3483 0 
2 3 3479 3484 0 
2 3 3478 3485 0 
2 3 3477 3486 0 
2 3 3474 3487 0 
2 3 3473 3488 0 
2 3 3472 3489 0 
2 3 3471 3490 0 
2 3 3458 3491 0 
1 0 
2 3 3492 3493 0 
2 3 3455 3494 0 
3 2 0 3495 
3 2 0 3455 
3 2 0 3451 
3 2 0 3454 
3 2 0 3452 
3 2 0 3453 
3 2 0 3494 
3 2 0 3492 
3 2 0 3458 
3 2 0 3456 
3 2 0 3457 
3 2 0 3491 
3 2 0 3471 
3 2 0 3459 
3 2 0 3470 
3 2 0 3460 
3 2 0 3469 
3 2 0 3461 
3 2 0 3468 
3 2 0 3462 
3 2 0 3467 
3 2 0 3465 
3 2 0 3463 
3 2 0 3464 
3 2 0 3466 
3 2 0 3490 
3 2 0 3472 
3 2 0 3489 
3 2 0 3473 
3 2 0 3488 
3 2 0 3474 
3 2 0 3487 
3 2 0 3477 
3 2 0 3475 
3 2 0 3476 
3 2 0 3486 
3 2 0 3478 
3 2 0 3485 
3 2 0 3479 
3 2 0 3484 
3 2 0 3480 
3 2 0 3483 
3 2 0 3481 
3 2 0 3482 
3 2 0 3493 
1 0 
1 0 
1 0 
2 3 3542 3543 0 
2 3 3541 3544 0 
1 0 
1 0 
1 0 
1 0 
1 0 
1 0 
1 0 
1 0 
1 0 
2 3 3553 3554 0 
2 3 3552 3555 0 
1 0 
1 0 
1 0 
2 3 3558 3559 0 
2 3 3557 3560 0 
2 3 3556 3561 0 
2 3 3551 3562 0 
2 3 3550 3563 0 
2 3 3549 3564 0 
2 3 3548 3565 0 
2 3 3547 3566 0 
2 3 3546 3567 0 
2 3 3545 3568 0 
1 0 
2 3 3569 3570 0 
1 0 
2 3 3571 3572 0 
1 0 
1 0 
1 0 
1 0 
2 3 3576 3577 0 
2 3 3575 3578 0 
2 3 3574 3579 0 
1 0 
1 0 
1 0 
1 0 
1 0 
1 0 
1 0 
2 3 3586 3587 0 
2 3 3585 3588 0 
1 0 
1 0 
1 0 
1 0 
2 3 3592 3593 0 
2 3 3591 3594 0 
2 3 3590 3595 0 
2 3 3589 3596 0 
2 3 3584 3597 0 
2 3 3583 3598 0 
1 0 
1 0 
1 0 
1 0 
1 0 
1 0 
1 0 
2 3 3605 3606 0 
2 3 3604 3607 0 
2 3 3603 3608 0 
2 3 3602 3609 0 
2 3 3601 3610 0 
2 3 3600 3611 0 
2 3 3599 3612 0 
2 3 3582 3613 0 
2 3 3581 3614 0 
2 3 3580 3615 0 
2 3 3573 3616 0 
1 0 
2 3 3617 3618 0 
3 2 0 3619 
3 2 0 3617 
3 2 0 3573 
3 2 0 3571 
3 2 0 3569 
3 2 0 3545 
3 2 0 3541 
3 2 0 3544 
3 2 0 3542 
3 2 0 3543 
3 2 0 3568 
3 2 0 3546 
3 2 0 3567 
3 2 0 3547 
3 2 0 3566 
3 2 0 3548 
3 2 0 3565 
3 2 0 3549 
3 2 0 3564 
3 2 0 3550 
3 2 0 3563 
3 2 0 3551 
3 2 0 3562 
3 2 0 3556 
3 2 0 3552 
3 2 0 3555 
3 2 0 3553 
3 2 0 3554 
3 2 0 3561 
3 2 0 3557 
3 2 0 3560 
3 2 0 3558 
3 2 0 3559 
3 2 0 3570 
3 2 0 3572 
3 2 0 3616 
3 2 0 3580 
3 2 0 3574 
3 2 0 3579 
3 2 0 3575 
3 2 0 3578 
3 2 0 3576 
3 2 0 3577 
3 2 0 3615 
3 2 0 3581 
3 2 0 3614 
3 2 0 3582 
3 2 0 3613 
3 2 0 3599 
3 2 0 3583 
3 2 0 3598 
3 2 0 3584 
3 2 0 3597 
3 2 0 3589 
3 2 0 3585 
3 2 0 3588 
3 2 0 3586 
3 2 0 3587 
3 2 0 3596 
3 2 0 3590 
3 2 0 3595 
3 2 0 3591 
3 2 0 3594 
3 2 0 3592 
3 2 0 3593 
3 2 0 3612 
3 2 0 3600 
3 2 0 3611 
3 2 0 3601 
3 2 0 3610 
3 2 0 3602 
3 2 0 3609 
3 2 0 3603 
3 2 0 3608 
3 2 0 3604 
3 2 0 3607 
3 2 0 3605 
3 2 0 3606 
3 2 0 3618 
1 0 
1 0 
1 0 
1 0 
1 0 
1 0 
2 3 3703 3704 0 
2 3 3702 3705 0 
2 3 3701 3706 0 
2 3 3700 3707 0 
1 0 
2 3 3708 3709 0 
2 3 3699 3710 0 
3 2 0 3711 
3 2 0 3699 
3 2 0 3710 
3 2 0 3708 
3 2 0 3700 
3 2 0 3707 
3 2 0 3701 
3 2 0 3706 
3 2 0 3702 
3 2 0 3705 
3 2 0 3703 
3 2 0 3704 
3 2 0 3709 
1 0 
1 0 
1 0 
1 0 
2 3 3727 3728 0 
1 0 
1 0 
1 0 
1 0 
1 0 
1 0 
1 0 
1 0 
1 0 
1 0 
2 3 3738 3739 0 
1 0 
1 0 
1 0 
1 0 
2 3 3743 3744 0 
2 3 3742 3745 0 
1 0 
2 3 3746 3747 0 
2 3 3741 3748 0 
2 3 3740 3749 0 
2 3 3737 3750 0 
2 3 3736 3751 0 
2 3 3735 3752 0 
2 3 3734 3753 0 
2 3 3733 3754 0 
2 3 3732 3755 0 
2 3 3731 3756 0 
2 3 3730 3757 0 
2 3 3729 3758 0 
2 3 3726 3759 0 
1 0 
2 3 3760 3761 0 
2 3 3725 3762 0 
3 2 0 3763 
3 2 0 3725 
3 2 0 3762 
3 2 0 3760 
3 2 0 3726 
3 2 0 3759 
3 2 0 3729 
3 2 0 3727 
3 2 0 3728 
3 2 0 3758 
3 2 0 3730 
3 2 0 3757 
3 2 0 3731 
3 2 0 3756 
3 2 0 3732 
3 2 0 3755 
3 2 0 3733 
3 2 0 3754 
3 2 0 3734 
3 2 0 3753 
3 2 0 3735 
3 2 0 3752 
3 2 0 3736 
3 2 0 3751 
3 2 0 3737 
3 2 0 3750 
3 2 0 3740 
3 2 0 3738 
3 2 0 3739 
3 2 0 3749 
3 2 0 3741 
3 2 0 3748 
3 2 0 3746 
3 2 0 3742 
3 2 0 3745 
3 2 0 3743 
3 2 0 3744 
3 2 0 3747 
3 2 0 3761 
1 0 
1 0 
1 0 
2 3 3804 3805 0 
1 0 
1 0 
2 3 3807 3808 0 
2 3 3806 3809 0 
2 3 3803 3810 0 
1 0 
1 0 
1 0 
1 0 
1 0 
1 0 
1 0 
1 0 
2 3 3818 3819 0 
2 3 3817 3820 0 
2 3 3816 3821 0 
2 3 3815 3822 0 
2 3 3814 3823 0 
2 3 3813 3824 0 
2 3 3812 3825 0 
2 3 3811 3826 0 
1 0 
2 3 3827 3828 0 
1 0 
1 0 
2 3 3830 3831 0 
1 0 
1 0 
1 0 
1 0 
1 0 
1 0 
2 3 3837 3838 0 
2 3 3836 3839 0 
1 0 
2 3 3840 3841 0 
1 0 
1 0 
1 0 
1 0 
2 3 3845 3846 0 
2 3 3844 3847 0 
2 3 3843 3848 0 
2 3 3842 3849 0 
2 3 3835 3850 0 
2 3 3834 3851 0 
2 3 3833 3852 0 
2 3 3832 3853 0 
2 3 3829 3854 0 
1 0 
2 3 3855 3856 0 
3 2 0 3857 
3 2 0 3855 
3 2 0 3829 
3 2 0 3827 
3 2 0 3811 
3 2 0 3803 
3 2 0 3810 
3 2 0 3806 
3 2 0 3804 
3 2 0 3805 
3 2 0 3809 
3 2 0 3807 
3 2 0 3808 
3 2 0 3826 
3 2 0 3812 
3 2 0 3825 
3 2 0 3813 
3 2 0 3824 
3 2 0 3814 
3 2 0 3823 
3 2 0 3815 
3 2 0 3822 
3 2 0 3816 
3 2 0 3821 
3 2 0 3817 
3 2 0 3820 
3 2 0 3818 
3 2 0 3819 
3 2 0 3828 
3 2 0 3854 
3 2 0 3832 
3 2 0 3830 
3 2 0 3831 
3 2 0 3853 
3 2 0 3833 
3 2 0 3852 
3 2 0 3834 
3 2 0 3851 
3 2 0 3835 
3 2 0 3850 
3 2 0 3842 
3 2 0 3840 
3 2 0 3836 
3 2 0 3839 
3 2 0 3837 
3 2 0 3838 
3 2 0 3841 
3 2 0 3849 
3 2 0 3843 
3 2 0 3848 
3 2 0 3844 
3 2 0 3847 
3 2 0 3845 
3 2 0 3846 
3 2 0 3856 
1 0 
1 0 
1 0 
1 0 
1 0 
2 3 3916 3917 0 
2 3 3915 3918 0 
1 0 
1 0 
1 0 
1 0 
2 3 3922 3923 0 
1 0 
2 3 3924 3925 0 
2 3 3921 3926 0 
2 3 3920 3927 0 
2 3 3919 3928 0 
2 3 3914 3929 0 
2 3 3913 3930 0 
1 0 
2 3 3931 3932 0 
1 0 
2 3 3933 3934 0 
1 0 
1 0 
2 3 3936 3937 0 
1 0 
1 0 
1 0 
2 3 3940 3941 0 
2 3 3939 3942 0 
2 3 3938 3943 0 
1 0 
1 0 
1 0 
2 3 3946 3947 0 
1 0 
1 0 
1 0 
1 0 
2 3 3951 3952 0 
2 3 3950 3953 0 
2 3 3949 3954 0 
2 3 3948 3955 0 
2 3 3945 3956 0 
2 3 3944 3957 0 
2 3 3935 3958 0 
1 0 
2 3 3959 3960 0 
3 2 0 3961 
3 2 0 3959 
3 2 0 3935 
3 2 0 3933 
3 2 0 3931 
3 2 0 3913 
3 2 0 3930 
3 2 0 3914 
3 2 0 3929 
3 2 0 3919 
3 2 0 3915 
3 2 0 3918 
3 2 0 3916 
3 2 0 3917 
3 2 0 3928 
3 2 0 3920 
3 2 0 3927 
3 2 0 3921 
3 2 0 3926 
3 2 0 3924 
3 2 0 3922 
3 2 0 3923 
3 2 0 3925 
3 2 0 3932 
3 2 0 3934 
3 2 0 3958 
3 2 0 3944 
3 2 0 3938 
3 2 0 3936 
3 2 0 3937 
3 2 0 3943 
3 2 0 3939 
3 2 0 3942 
3 2 0 3940 
3 2 0 3941 
3 2 0 3957 
3 2 0 3945 
3 2 0 3956 
3 2 0 3948 
3 2 0 3946 
3 2 0 3947 
3 2 0 3955 
3 2 0 3949 
3 2 0 3954 
3 2 0 3950 
3 2 0 3953 
3 2 0 3951 
3 2 0 3952 
3 2 0 3960 
1 0 
1 0 
1 0 
2 3 4012 4013 0 
2 3 4011 4014 0 
1 0 
1 0 
1 0 
2 3 4017 4018 0 
2 3 4016 4019 0 
2 3 4015 4020 0 
1 0 
1 0 
1 0 
1 0 
2 3 4024 4025 0 
2 3 4023 4026 0 
1 0 
2 3 4027 4028 0 
1 0 
2 3 4029 4030 0 
2 3 4022 4031 0 
2 3 4021 4032 0 
3 2 0 4033 
3 2 0 4021 
3 2 0 4015 
3 2 0 4011 
3 2 0 4014 
3 2 0 4012 
3 2 0 4013 
3 2 0 4020 
3 2 0 4016 
3 2 0 4019 
3 2 0 4017 
3 2 0 4018 
3 2 0 4032 
3 2 0 4022 
3 2 0 4031 
3 2 0 4029 
3 2 0 4027 
3 2 0 4023 
3 2 0 4026 
3 2 0 4024 
3 2 0 4025 
3 2 0 4028 
3 2 0 4030 
1 0 
1 0 
2 3 4057 4058 0 
1 0 
2 3 4059 4060 0 
1 0 
1 0 
1 0 
1 0 
1 0 
2 3 4065 4066 0 
2 3 4064 4067 0 
2 3 4063 4068 0 
2 3 4062 4069 0 
2 3 4061 4070 0 
1 0 
2 3 4071 4072 0 
1 0 
1 0 
2 3 4074 4075 0 
1 0 
1 0 
2 3 4077 4078 0 
1 0 
1 0 
1 0 
1 0 
2 3 4082 4083 0 
2 3 4081 4084 0 
2 3 4080 4085 0 
2 3 4079 4086 0 
2 3 4076 4087 0 
1 0 
2 3 4088 4089 0 
2 3 4073 4090 0 
3 2 0 4091 
3 2 0 4073 
3 2 0 4071 
3 2 0 4061 
3 2 0 4059 
3 2 0 4057 
3 2 0 4058 
3 2 0 4060 
3 2 0 4070 
3 2 0 4062 
3 2 0 4069 
3 2 0 4063 
3 2 0 4068 
3 2 0 4064 
3 2 0 4067 
3 2 0 4065 
3 2 0 4066 
3 2 0 4072 
3 2 0 4090 
3 2 0 4088 
3 2 0 4076 
3 2 0 4074 
3 2 0 4075 
3 2 0 4087 
3 2 0 4079 
3 2 0 4077 
3 2 0 4078 
3 2 0 4086 
3 2 0 4080 
3 2 0 4085 
3 2 0 4081 
3 2 0 4084 
3 2 0 4082 
3 2 0 4083 
3 2 0 4089 
1 0 
1 0 
1 0 
2 3 4128 4129 0 
1 0 
2 3 4130 4131 0 
2 3 4127 4132 0 
1 0 
1 0 
1 0 
1 0 
2 3 4136 4137 0 
1 0 
2 3 4138 4139 0 
2 3 4135 4140 0 
1 0 
1 0 
1 0 
2 3 4143 4144 0 
1 0 
2 3 4145 4146 0 
2 3 4142 4147 0 
2 3 4141 4148 0 
2 3 4134 4149 0 
2 3 4133 4150 0 
3 2 0 4151 
3 2 0 4133 
3 2 0 4127 
3 2 0 4132 
3 2 0 4130 
3 2 0 4128 
3 2 0 4129 
3 2 0 4131 
3 2 0 4150 
3 2 0 4134 
3 2 0 4149 
3 2 0 4141 
3 2 0 4135 
3 2 0 4140 
3 2 0 4138 
3 2 0 4136 
3 2 0 4137 
3 2 0 4139 
3 2 0 4148 
3 2 0 4142 
3 2 0 4147 
3 2 0 4145 
3 2 0 4143 
3 2 0 4144 
3 2 0 4146 
1 0 
1 0 
1 0 
1 0 
1 0 
1 0 
2 3 4181 4182 0 
2 3 4180 4183 0 
2 3 4179 4184 0 
2 3 4178 4185 0 
1 0 
1 0 
2 3 4187 4188 0 
2 3 4186 4189 0 
2 3 4177 4190 0 
1 0 
1 0 
1 0 
1 0 
2 3 4194 4195 0 
2 3 4193 4196 0 
1 0 
1 0 
2 3 4198 4199 0 
2 3 4197 4200 0 
1 0 
1 0 
1 0 
1 0 
1 0 
1 0 
2 3 4206 4207 0 
1 0 
1 0 
2 3 4209 4210 0 
2 3 4208 4211 0 
2 3 4205 4212 0 
2 3 4204 4213 0 
2 3 4203 4214 0 
2 3 4202 4215 0 
1 0 
2 3 4216 4217 0 
2 3 4201 4218 0 
2 3 4192 4219 0 
2 3 4191 4220 0 
3 2 0 4221 
3 2 0 4191 
3 2 0 4177 
3 2 0 4190 
3 2 0 4186 
3 2 0 4178 
3 2 0 4185 
3 2 0 4179 
3 2 0 4184 
3 2 0 4180 
3 2 0 4183 
3 2 0 4181 
3 2 0 4182 
3 2 0 4189 
3 2 0 4187 
3 2 0 4188 
3 2 0 4220 
3 2 0 4192 
3 2 0 4219 
3 2 0 4201 
3 2 0 4197 
3 2 0 4193 
3 2 0 4196 
3 2 0 4194 
3 2 0 4195 
3 2 0 4200 
3 2 0 4198 
3 2 0 4199 
3 2 0 4218 
3 2 0 4216 
3 2 0 4202 
3 2 0 4215 
3 2 0 4203 
3 2 0 4214 
3 2 0 4204 
3 2 0 4213 
3 2 0 4205 
3 2 0 4212 
3 2 0 4208 
3 2 0 4206 
3 2 0 4207 
3 2 0 4211 
3 2 0 4209 
3 2 0 4210 
3 2 0 4217 
1 0 
1 0 
1 0 
2 3 4268 4269 0 
2 3 4267 4270 0 
1 0 
1 0 
2 3 4272 4273 0 
1 0 
2 3 4274 4275 0 
2 3 4271 4276 0 
1 0 
2 3 4277 4278 0 
1 0 
2 3 4279 4280 0 
1 0 
1 0 
2 3 4282 4283 0 
1 0 
1 0 
2 3 4285 4286 0 
1 0 
1 0 
1 0 
1 0 
1 0 
1 0 
1 0 
1 0 
2 3 4294 4295 0 
2 3 4293 4296 0 
2 3 4292 4297 0 
2 3 4291 4298 0 
2 3 4290 4299 0 
2 3 4289 4300 0 
2 3 4288 4301 0 
2 3 4287 4302 0 
2 3 4284 4303 0 
2 3 4281 4304 0 
1 0 
2 3 4305 4306 0 
3 2 0 4307 
3 2 0 4305 
3 2 0 4281 
3 2 0 4279 
3 2 0 4277 
3 2 0 4271 
3 2 0 4267 
3 2 0 4270 
3 2 0 4268 
3 2 0 4269 
3 2 0 4276 
3 2 0 4274 
3 2 0 4272 
3 2 0 4273 
3 2 0 4275 
3 2 0 4278 
3 2 0 4280 
3 2 0 4304 
3 2 0 4284 
3 2 0 4282 
3 2 0 4283 
3 2 0 4303 
3 2 0 4287 
3 2 0 4285 
3 2 0 4286 
3 2 0 4302 
3 2 0 4288 
3 2 0 4301 
3 2 0 4289 
3 2 0 4300 
3 2 0 4290 
3 2 0 4299 
3 2 0 4291 
3 2 0 4298 
3 2 0 4292 
3 2 0 4297 
3 2 0 4293 
3 2 0 4296 
3 2 0 4294 
3 2 0 4295 
3 2 0 4306 
1 0 
1 0 
1 0 
1 0 
1 0 
1 0 
2 3 4353 4354 0 
2 3 4352 4355 0 
2 3 4351 4356 0 
2 3 4350 4357 0 
1 0 
1 0 
1 0 
1 0 
2 3 4361 4362 0 
2 3 4360 4363 0 
2 3 4359 4364 0 
2 3 4358 4365 0 
1 0 
2 3 4366 4367 0 
2 3 4349 4368 0 
3 2 0 4369 
3 2 0 4349 
3 2 0 4368 
3 2 0 4366 
3 2 0 4358 
3 2 0 4350 
3 2 0 4357 
3 2 0 4351 
3 2 0 4356 
3 2 0 4352 
3 2 0 4355 
3 2 0 4353 
3 2 0 4354 
3 2 0 4365 
3 2 0 4359 
3 2 0 4364 
3 2 0 4360 
3 2 0 4363 
3 2 0 4361 
3 2 0 4362 
3 2 0 4367 
1 0 
1 0 
1 0 
1 0 
2 3 4393 4394 0 
1 0 
2 3 4395 4396 0 
2 3 4392 4397 0 
1 0 
1 0 
1 0 
1 0 
2 3 4401 4402 0 
2 3 4400 4403 0 
2 3 4399 4404 0 
2 3 4398 4405 0 
1 0 
2 3 4406 4407 0 
2 3 4391 4408 0 
3 2 0 4409 
3 2 0 4391 
3 2 0 4408 
3 2 0 4406 
3 2 0 4398 
3 2 0 4392 
3 2 0 4397 
3 2 0 4395 
3 2 0 4393 
3 2 0 4394 
3 2 0 4396 
3 2 0 4405 
3 2 0 4399 
3 2 0 4404 
3 2 0 4400 
3 2 0 4403 
3 2 0 4401 
3 2 0 4402 
3 2 0 4407 
1 0 
1 0 
2 3 4429 4430 0 
1 0 
1 0 
1 0 
1 0 
1 0 
1 0 
2 3 4436 4437 0 
2 3 4435 4438 0 
2 3 4434 4439 0 
2 3 4433 4440 0 
1 0 
1 0 
2 3 4442 4443 0 
2 3 4441 4444 0 
2 3 4432 4445 0 
2 3 4431 4446 0 
1 0 
2 3 4447 4448 0 
1 0 
1 0 
1 0 
2 3 4451 4452 0 
2 3 4450 4453 0 
1 0 
1 0 
1 0 
2 3 4456 4457 0 
2 3 4455 4458 0 
2 3 4454 4459 0 
1 0 
2 3 4460 4461 0 
2 3 4449 4462 0 
3 2 0 4463 
3 2 0 4449 
3 2 0 4447 
3 2 0 4431 
3 2 0 4429 
3 2 0 4430 
3 2 0 4446 
3 2 0 4432 
3 2 0 4445 
3 2 0 4441 
3 2 0 4433 
3 2 0 4440 
3 2 0 4434 
3 2 0 4439 
3 2 0 4435 
3 2 0 4438 
3 2 0 4436 
3 2 0 4437 
3 2 0 4444 
3 2 0 4442 
3 2 0 4443 
3 2 0 4448 
3 2 0 4462 
3 2 0 4460 
3 2 0 4454 
3 2 0 4450 
3 2 0 4453 
3 2 0 4451 
3 2 0 4452 
3 2 0 4459 
3 2 0 4455 
3 2 0 4458 
3 2 0 4456 
3 2 0 4457 
3 2 0 4461 
1 0 
1 0 
2 3 4499 4500 0 
1 0 
1 0 
1 0 
1 0 
2 3 4504 4505 0 
2 3 4503 4506 0 
1 0 
1 0 
1 0 
2 3 4509 4510 0 
1 0 
1 0 
1 0 
2 3 4513 4514 0 
2 3 4512 4515 0 
1 0 
1 0 
1 0 
1 0 
2 3 4519 4520 0 
2 3 4518 4521 0 
2 3 4517 4522 0 
1 0 
1 0 
1 0 
2 3 4525 4526 0 
2 3 4524 4527 0 
2 3 4523 4528 0 
2 3 4516 4529 0 
2 3 4511 4530 0 
2 3 4508 4531 0 
2 3 4507 4532 0 
2 3 4502 4533 0 
1 0 
2 3 4534 4535 0 
2 3 4501 4536 0 
3 2 0 4537 
3 2 0 4501 
3 2 0 4499 
3 2 0 4500 
3 2 0 4536 
3 2 0 4534 
3 2 0 4502 
3 2 0 4533 
3 2 0 4507 
3 2 0 4503 
3 2 0 4506 
3 2 0 4504 
3 2 0 4505 
3 2 0 4532 
3 2 0 4508 
3 2 0 4531 
3 2 0 4511 
3 2 0 4509 
3 2 0 4510 
3 2 0 4530 
3 2 0 4516 
3 2 0 4512 
3 2 0 4515 
3 2 0 4513 
3 2 0 4514 
3 2 0 4529 
3 2 0 4523 
3 2 0 4517 
3 2 0 4522 
3 2 0 4518 
3 2 0 4521 
3 2 0 4519 
3 2 0 4520 
3 2 0 4528 
3 2 0 4524 
3 2 0 4527 
3 2 0 4525 
3 2 0 4526 
3 2 0 4535 
1 0 
1 0 
1 0 
1 0 
2 3 4579 4580 0 
1 0 
2 3 4581 4582 0 
2 3 4578 4583 0 
2 3 4577 4584 0 
1 0 
2 3 4585 4586 0 
3 2 0 4587 
3 2 0 4585 
3 2 0 4577 
3 2 0 4584 
3 2 0 4578 
3 2 0 4583 
3 2 0 4581 
3 2 0 4579 
3 2 0 4580 
3 2 0 4582 
3 2 0 4586 
1 0 
1 0 
1 0 
1 0 
1 0 
1 0 
2 3 4603 4604 0 
2 3 4602 4605 0 
2 3 4601 4606 0 
1 0 
1 0 
1 0 
1 0 
1 0 
1 0 
1 0 
2 3 4613 4614 0 
2 3 4612 4615 0 
1 0 
1 0 
2 3 4617 4618 0 
2 3 4616 4619 0 
1 0 
1 0 
2 3 4621 4622 0 
2 3 4620 4623 0 
1 0 
1 0 
2 3 4625 4626 0 
2 3 4624 4627 0 
1 0 
2 3 4628 4629 0 
2 3 4611 4630 0 
2 3 4610 4631 0 
1 0 
1 0 
1 0 
1 0 
2 3 4635 4636 0 
2 3 4634 4637 0 
2 3 4633 4638 0 
2 3 4632 4639 0 
2 3 4609 4640 0 
2 3 4608 4641 0 
2 3 4607 4642 0 
2 3 4600 4643 0 
1 0 
2 3 4644 4645 0 
2 3 4599 4646 0 
3 2 0 4647 
3 2 0 4599 
3 2 0 4646 
3 2 0 4644 
3 2 0 4600 
3 2 0 4643 
3 2 0 4607 
3 2 0 4601 
3 2 0 4606 
3 2 0 4602 
3 2 0 4605 
3 2 0 4603 
3 2 0 4604 
3 2 0 4642 
3 2 0 4608 
3 2 0 4641 
3 2 0 4609 
3 2 0 4640 
3 2 0 4632 
3 2 0 4610 
3 2 0 4631 
3 2 0 4611 
3 2 0 4630 
3 2 0 4628 
3 2 0 4624 
3 2 0 4620 
3 2 0 4616 
3 2 0 4612 
3 2 0 4615 
3 2 0 4613 
3 2 0 4614 
3 2 0 4619 
3 2 0 4617 
3 2 0 4618 
3 2 0 4623 
3 2 0 4621 
3 2 0 4622 
3 2 0 4627 
3 2 0 4625 
3 2 0 4626 
3 2 0 4629 
3 2 0 4639 
3 2 0 4633 
3 2 0 4638 
3 2 0 4634 
3 2 0 4637 
3 2 0 4635 
3 2 0 4636 
3 2 0 4645 
1 0 
1 0 
1 0 
1 0 
1 0 
2 3 4700 4701 0 
2 3 4699 4702 0 
1 0 
1 0 
1 0 
2 3 4705 4706 0 
1 0 
2 3 4707 4708 0 
1 0 
1 0 
1 0 
2 3 4711 4712 0 
2 3 4710 4713 0 
1 0 
2 3 4714 4715 0 
2 3 4709 4716 0 
2 3 4704 4717 0 
2 3 4703 4718 0 
2 3 4698 4719 0 
1 0 
2 3 4720 4721 0 
2 3 4697 4722 0 
3 2 0 4723 
3 2 0 4697 
3 2 0 4722 
3 2 0 4720 
3 2 0 4698 
3 2 0 4719 
3 2 0 4703 
3 2 0 4699 
3 2 0 4702 
3 2 0 4700 
3 2 0 4701 
3 2 0 4718 
3 2 0 4704 
3 2 0 4717 
3 2 0 4709 
3 2 0 4707 
3 2 0 4705 
3 2 0 4706 
3 2 0 4708 
3 2 0 4716 
3 2 0 4714 
3 2 0 4710 
3 2 0 4713 
3 2 0 4711 
3 2 0 4712 
3 2 0 4715 
3 2 0 4721 
1 0 
1 0 
1 0 
1 0 
1 0 
1 0 
1 0 
2 3 4756 4757 0 
1 0 
1 0 
1 0 
2 3 4760 4761 0 
2 3 4759 4762 0 
1 0 
1 0 
2 3 4764 4765 0 
1 0 
2 3 4766 4767 0 
2 3 4763 4768 0 
2 3 4758 4769 0 
1 0 
2 3 4770 4771 0 
1 0 
2 3 4772 4773 0 
2 3 4755 4774 0 
2 3 4754 4775 0 
2 3 4753 4776 0 
2 3 4752 4777 0 
2 3 4751 4778 0 
3 2 0 4779 
3 2 0 4751 
3 2 0 4778 
3 2 0 4752 
3 2 0 4777 
3 2 0 4753 
3 2 0 4776 
3 2 0 4754 
3 2 0 4775 
3 2 0 4755 
3 2 0 4774 
3 2 0 4772 
3 2 0 4770 
3 2 0 4758 
3 2 0 4756 
3 2 0 4757 
3 2 0 4769 
3 2 0 4763 
3 2 0 4759 
3 2 0 4762 
3 2 0 4760 
3 2 0 4761 
3 2 0 4768 
3 2 0 4766 
3 2 0 4764 
3 2 0 4765 
3 2 0 4767 
3 2 0 4771 
3 2 0 4773 
1 0 
1 0 
1 0 
1 0 
2 3 4811 4812 0 
2 3 4810 4813 0 
2 3 4809 4814 0 
1 0 
2 3 4815 4816 0 
1 0 
1 0 
1 0 
2 3 4819 4820 0 
2 3 4818 4821 0 
2 3 4817 4822 0 
1 0 
2 3 4823 4824 0 
3 2 0 4825 
3 2 0 4823 
3 2 0 4817 
3 2 0 4815 
3 2 0 4809 
3 2 0 4814 
3 2 0 4810 
3 2 0 4813 
3 2 0 4811 
3 2 0 4812 
3 2 0 4816 
3 2 0 4822 
3 2 0 4818 
3 2 0 4821 
3 2 0 4819 
3 2 0 4820 
3 2 0 4824 
1 0 
1 0 
1 0 
2 3 4844 4845 0 
1 0 
1 0 
1 0 
1 0 
2 3 4849 4850 0 
1 0 
1 0 
1 0 
1 0 
1 0 
1 0 
1 0 
1 0 
1 0 
1 0 
1 0 
1 0 
1 0 
2 3 4863 4864 0 
2 3 4862 4865 0 
2 3 4861 4866 0 
2 3 4860 4867 0 
2 3 4859 4868 0 
2 3 4858 4869 0 
2 3 4857 4870 0 
2 3 4856 4871 0 
2 3 4855 4872 0 
2 3 4854 4873 0 
2 3 4853 4874 0 
2 3 4852 4875 0 
2 3 4851 4876 0 
2 3 4848 4877 0 
2 3 4847 4878 0 
2 3 4846 4879 0 
1 0 
2 3 4880 4881 0 
2 3 4843 4882 0 
3 2 0 4883 
3 2 0 4843 
3 2 0 4882 
3 2 0 4880 
3 2 0 4846 
3 2 0 4844 
3 2 0 4845 
3 2 0 4879 
3 2 0 4847 
3 2 0 4878 
3 2 0 4848 
3 2 0 4877 
3 2 0 4851 
3 2 0 4849 
3 2 0 4850 
3 2 0 4876 
3 2 0 4852 
3 2 0 4875 
3 2 0 4853 
3 2 0 4874 
3 2 0 4854 
3 2 0 4873 
3 2 0 4855 
3 2 0 4872 
3 2 0 4856 
3 2 0 4871 
3 2 0 4857 
3 2 0 4870 
3 2 0 4858 
3 2 0 4869 
3 2 0 4859 
3 2 0 4868 
3 2 0 4860 
3 2 0 4867 
3 2 0 4861 
3 2 0 4866 
3 2 0 4862 
3 2 0 4865 
3 2 0 4863 
3 2 0 4864 
3 2 0 4881 
86 2462 74 75 76 77 78 79 80 81 82 83 84 85 86 87 88 89 90 91 92 93 94 95 96 97 98 99 100 101 102 103 104 105 106 107 108 109 110 111 112 113 114 115 116 117 118 119 120 121 122 123 124 125 126 127 128 129 130 131 132 133 134 135 136 137 138 139 140 141 142 143 144 145 146 232 233 234 235 236 237 238 239 240 241 242 243 244 245 246 247 248 249 250 251 252 253 254 255 256 257 258 259 260 261 262 263 264 265 266 267 268 269 270 271 272 273 274 275 276 277 278 279 280 281 282 283 284 285 286 287 288 289 290 291 292 293 294 295 296 297 298 299 300 301 302 303 304 305 306 307 308 309 310 311 312 313 314 315 316 336 337 338 339 340 341 342 343 344 345 346 347 348 349 350 351 352 353 354 404 405 406 407 408 409 410 411 412 413 414 415 416 417 418 419 420 421 422 423 424 425 426 427 428 429 430 431 432 433 434 435 436 437 438 439 440 441 442 443 444 445 446 447 448 449 450 451 452 506 507 508 509 510 511 512 513 514 515 516 517 518 519 520 521 522 523 524 525 526 527 528 529 530 531 532 533 534 535 536 537 538 539 540 541 542 543 544 545 546 547 548 549 550 551 552 553 554 555 556 557 558 600 601 602 603 604 605 606 607 608 609 610 611 612 613 614 615 616 617 618 619 620 621 622 623 624 625 626 627 628 629 630 631 632 633 634 635 636 637 638 639 640 698 699 700 701 702 703 704 705 706 707 708 709 710 711 712 713 714 715 716 717 718 719 720 721 722 723 724 725 726 727 728 729 730 731 732 733 734 735 736 737 738 739 740 741 742 743 744 745 746 747 748 749 750 751 752 753 754 818 819 820 821 822 823 824 825 826 827 828 829 830 831 832 833 834 835 836 837 838 839 840 841 842 843 844 845 846 847 848 849 850 851 852 853 854 855 856 857 858 859 860 861 862 863 864 865 866 867 868 869 870 871 872 873 874 875 876 877 878 879 880 934 935 936 937 938 939 940 941 942 943 944 945 946 947 948 949 950 951 952 953 954 955 956 957 958 959 960 961 962 963 964 965 966 967 968 969 970 971 972 973 974 975 976 977 978 979 980 981 982 983 984 985 986 1036 1037 1038 1039 1040 1041 1042 1043 1044 1045 1046 1047 1048 1049 1050 1051 1052 1053 1054 1055 1056 1057 1058 1059 1060 1061 1062 1063 1064 1065 1066 1067 1068 1069 1070 1071 1072 1073 1074 1075 1076 1077 1078 1079 1080 1081 1082 1083 1084 1126 1127 1128 1129 1130 1131 1132 1133 1134 1135 1136 1137 1138 1139 1140 1141 1142 1143 1144 1145 1146 1147 1148 1149 1150 1151 1152 1153 1154 1155 1156 1157 1158 1159 1160 1161 1162 1163 1164 1165 1166 1226 1227 1228 1229 1230 1231 1232 1233 1234 1235 1236 1237 1238 1239 1240 1241 1242 1243 1244 1245 1246 1247 1248 1249 1250 1251 1252 1253 1254 1255 1256 1257 1258 1259 1260 1261 1262 1263 1264 1265 1266 1267 1268 1269 1270 1271 1272 1273 1274 1275 1276 1277 1278 1279 1280 1281 1282 1283 1284 1334 1335 1336 1337 1338 1339 1340 1341 1342 1343 1344 1345 1346 1347 1348 1349 1350 1351 1352 1353 1354 1355 1356 1357 1358 1359 1360 1361 1362 1363 1364 1365 1366 1367 1368 1369 1370 1371 1372 1373 1374 1375 1376 1377 1378 1379 1380 1381 1382 1402 1403 1404 1405 1406 1407 1408 1409 1410 1411 1412 1413 1414 1415 1416 1417 1418 1419 1420 1488 1489 1490 1491 1492 1493 1494 1495 1496 1497 1498 1499 1500 1501 1502 1503 1504 1505 1506 1507 1508 1509 1510 1511 1512 1513 1514 1515 1516 1517 1518 1519 1520 1521 1522 1523 1524 1525 1526 1527 1528 1529 1530 1531 1532 1533 1534 1535 1536 1537 1538 1539 1540 1541 1542 1543 1544 1545 1546 1547 1548 1549 1550 1551 1552 1553 1554 1570 1571 1572 1573 1574 1575 1576 1577 1578 1579 1580 1581 1582 1583 1584 1640 1641 1642 1643 1644 1645 1646 1647 1648 1649 1650 1651 1652 1653 1654 1655 1656 1657 1658 1659 1660 1661 1662 1663 1664 1665 1666 1667 1668 1669 1670 1671 1672 1673 1674 1675 1676 1677 1678 1679 1680 1681 1682 1683 1684 1685 1686 1687 1688 1689 1690 1691 1692 1693 1694 1732 1733 1734 1735 1736 1737 1738 1739 1740 1741 1742 1743 1744 1745 1746 1747 1748 1749 1750 1751 1752 1753 1754 1755 1756 1757 1758 1759 1760 1761 1762 1763 1764 1765 1766 1767 1768 1792 1793 1794 1795 1796 1797 1798 1799 1800 1801 1802 1803 1804 1805 1806 1807 1808 1809 1810 1811 1812 1813 1814 1834 1835 1836 1837 1838 1839 1840 1841 1842 1843 1844 1845 1846 1847 1848 1849 1850 1851 1852 1860 1861 1862 1863 1864 1865 1866 1916 1917 1918 1919 1920 1921 1922 1923 1924 1925 1926 1927 1928 1929 1930 1931 1932 1933 1934 1935 1936 1937 1938 1939 1940 1941 1942 1943 1944 1945 1946 1947 1948 1949 1950 1951 1952 1953 1954 1955 1956 1957 1958 1959 1960 1961 1962 1963 1964 2006 2007 2008 2009 2010 2011 2012 2013 2014 2015 2016 2017 2018 2019 2020 2021 2022 2023 2024 2025 2026 2027 2028 2029 2030 2031 2032 2033 2034 2035 2036 2037 2038 2039 2040 2041 2042 2043 2044 2045 2046 2114 2115 2116 2117 2118 2119 2120 2121 2122 2123 2124 2125 2126 2127 2128 2129 2130 2131 2132 2133 2134 2135 2136 2137 2138 2139 2140 2141 2142 2143 2144 2145 2146 2147 2148 2149 2150 2151 2152 2153 2154 2155 2156 2157 2158 2159 2160 2161 2162 2163 2164 2165 2166 2167 2168 2169 2170 2171 2172 2173 2174 2175 2176 2177 2178 2179 2180 2198 2199 2200 2201 2202 2203 2204 2205 2206 2207 2208 2209 2210 2211 2212 2213 2214 2246 2247 2248 2249 2250 2251 2252 2253 2254 2255 2256 2257 2258 2259 2260 2261 2262 2263 2264 2265 2266 2267 2268 2269 2270 2271 2272 2273 2274 2275 2276 2322 2323 2324 2325 2326 2327 2328 2329 2330 2331 2332 2333 2334 2335 2336 2337 2338 2339 2340 2341 2342 2343 2344 2345 2346 2347 2348 2349 2350 2351 2352 2353 2354 2355 2356 2357 2358 2359 2360 2361 2362 2363 2364 2365 2366 2424 2425 2426 2427 2428 2429 2430 2431 2432 2433 2434 2435 2436 2437 2438 2439 2440 2441 2442 2443 2444 2445 2446 2447 2448 2449 2450 2451 2452 2453 2454 2455 2456 2457 2458 2459 2460 2461 2462 2463 2464 2465 2466 2467 2468 2469 2470 2471 2472 2473 2474 2475 2476 2477 2478 2479 2480 2516 2517 2518 2519 2520 2521 2522 2523 2524 2525 2526 2527 2528 2529 2530 2531 2532 2533 2534 2535 2536 2537 2538 2539 2540 2541 2542 2543 2544 2545 2546 2547 2548 2549 2550 2596 2597 2598 2599 2600 2601 2602 2603 2604 2605 2606 2607 2608 2609 2610 2611 2612 2613 2614 2615 2616 2617 2618 2619 2620 2621 2622 2623 2624 2625 2626 2627 2628 2629 2630 2631 2632 2633 2634 2635 2636 2637 2638 2639 2640 2690 2691 2692 2693 2694 2695 2696 2697 2698 2699 2700 2701 2702 2703 2704 2705 2706 2707 2708 2709 2710 2711 2712 2713 2714 2715 2716 2717 2718 2719 2720 2721 2722 2723 2724 2725 2726 2727 2728 2729 2730 2731 2732 2733 2734 2735 2736 2737 2738 2758 2759 2760 2761 2762 2763 2764 2765 2766 2767 2768 2769 2770 2771 2772 2773 2774 2775 2776 2802 2803 2804 2805 2806 2807 2808 2809 2810 2811 2812 2813 2814 2815 2816 2817 2818 2819 2820 2821 2822 2823 2824 2825 2826 2842 2843 2844 2845 2846 2847 2848 2849 2850 2851 2852 2853 2854 2855 2856 2896 2897 2898 2899 2900 2901 2902 2903 2904 2905 2906 2907 2908 2909 2910 2911 2912 2913 2914 2915 2916 2917 2918 2919 2920 2921 2922 2923 2924 2925 2926 2927 2928 2929 2930 2931 2932 2933 2934 2950 2951 2952 2953 2954 2955 2956 2957 2958 2959 2960 2961 2962 2963 2964 3018 3019 3020 3021 3022 3023 3024 3025 3026 3027 3028 3029 3030 3031 3032 3033 3034 3035 3036 3037 3038 3039 3040 3041 3042 3043 3044 3045 3046 3047 3048 3049 3050 3051 3052 3053 3054 3055 3056 3057 3058 3059 3060 3061 3062 3063 3064 3065 3066 3067 3068 3069 3070 3102 3103 3104 3105 3106 3107 3108 3109 3110 3111 3112 3113 3114 3115 3116 3117 3118 3119 3120 3121 3122 3123 3124 3125 3126 3127 3128 3129 3130 3131 3132 3182 3183 3184 3185 3186 3187 3188 3189 3190 3191 3192 3193 3194 3195 3196 3197 3198 3199 3200 3201 3202 3203 3204 3205 3206 3207 3208 3209 3210 3211 3212 3213 3214 3215 3216 3217 3218 3219 3220 3221 3222 3223 3224 3225 3226 3227 3228 3229 3230 3260 3261 3262 3263 3264 3265 3266 3267 3268 3269 3270 3271 3272 3273 3274 3275 3276 3277 3278 3279 3280 3281 3282 3283 3284 3285 3286 3287 3288 3318 3319 3320 3321 3322 3323 3324 3325 3326 3327 3328 3329 3330 3331 3332 3333 3334 3335 3336 3337 3338 3339 3340 3341 3342 3343 3344 3345 3346 3390 3391 3392 3393 3394 3395 3396 3397 3398 3399 3400 3401 3402 3403 3404 3405 3406 3407 3408 3409 3410 3411 3412 3413 3414 3415 3416 3417 3418 3419 3420 3421 3422 3423 3424 3425 3426 3427 3428 3429 3430 3431 3432 3442 3443 3444 3445 3446 3447 3448 3449 3450 3496 3497 3498 3499 3500 3501 3502 3503 3504 3505 3506 3507 3508 3509 3510 3511 3512 3513 3514 3515 3516 3517 3518 3519 3520 3521 3522 3523 3524 3525 3526 3527 3528 3529 3530 3531 3532 3533 3534 3535 3536 3537 3538 3539 3540 3620 3621 3622 3623 3624 3625 3626 3627 3628 3629 3630 3631 3632 3633 3634 3635 3636 3637 3638 3639 3640 3641 3642 3643 3644 3645 3646 3647 3648 3649 3650 3651 3652 3653 3654 3655 3656 3657 3658 3659 3660 3661 3662 3663 3664 3665 3666 3667 3668 3669 3670 3671 3672 3673 3674 3675 3676 3677 3678 3679 3680 3681 3682 3683 3684 3685 3686 3687 3688 3689 3690 3691 3692 3693 3694 3695 3696 3697 3698 3712 3713 3714 3715 3716 3717 3718 3719 3720 3721 3722 3723 3724 3764 3765 3766 3767 3768 3769 3770 3771 3772 3773 3774 3775 3776 3777 3778 3779 3780 3781 3782 3783 3784 3785 3786 3787 3788 3789 3790 3791 3792 3793 3794 3795 3796 3797 3798 3799 3800 3801 3802 3858 3859 3860 3861 3862 3863 3864 3865 3866 3867 3868 3869 3870 3871 3872 3873 3874 3875 3876 3877 3878 3879 3880 3881 3882 3883 3884 3885 3886 3887 3888 3889 3890 3891 3892 3893 3894 3895 3896 3897 3898 3899 3900 3901 3902 3903 3904 3905 3906 3907 3908 3909 3910 3911 3912 3962 3963 3964 3965 3966 3967 3968 3969 3970 3971 3972 3973 3974 3975 3976 3977 3978 3979 3980 3981 3982 3983 3984 3985 3986 3987 3988 3989 3990 3991 3992 3993 3994 3995 3996 3997 3998 3999 4000 4001 4002 4003 4004 4005 4006 4007 4008 4009 4010 4034 4035 4036 4037 4038 4039 4040 4041 4042 4043 4044 4045 4046 4047 4048 4049 4050 4051 4052 4053 4054 4055 4056 4092 4093 4094 4095 4096 4097 4098 4099 4100 4101 4102 4103 4104 4105 4106 4107 4108 4109 4110 4111 4112 4113 4114 4115 4116 4117 4118 4119 4120 4121 4122 4123 4124 4125 4126 4152 4153 4154 4155 4156 4157 4158 4159 4160 4161 4162 4163 4164 4165 4166 4167 4168 4169 4170 4171 4172 4173 4174 4175 4176 4222 4223 4224 4225 4226 4227 4228 4229 4230 4231 4232 4233 4234 4235 4236 4237 4238 4239 4240 4241 4242 4243 4244 4245 4246 4247 4248 4249 4250 4251 4252 4253 4254 4255 4256 4257 4258 4259 4260 4261 4262 4263 4264 4265 4266 4308 4309 4310 4311 4312 4313 4314 4315 4316 4317 4318 4319 4320 4321 4322 4323 4324 4325 4326 4327 4328 4329 4330 4331 4332 4333 4334 4335 4336 4337 4338 4339 4340 4341 4342 4343 4344 4345 4346 4347 4348 4370 4371 4372 4373 4374 4375 4376 4377 4378 4379 4380 4381 4382 4383 4384 4385 4386 4387 4388 4389 4390 4410 4411 4412 4413 4414 4415 4416 4417 4418 4419 4420 4421 4422 4423 4424 4425 4426 4427 4428 4464 4465 4466 4467 4468 4469 4470 4471 4472 4473 4474 4475 4476 4477 4478 4479 4480 4481 4482 4483 4484 4485 4486 4487 4488 4489 4490 4491 4492 4493 4494 4495 4496 4497 4498 4538 4539 4540 4541 4542 4543 4544 4545 4546 4547 4548 4549 4550 4551 4552 4553 4554 4555 4556 4557 4558 4559 4560 4561 4562 4563 4564 4565 4566 4567 4568 4569 4570 4571 4572 4573 4574 4575 4576 4588 4589 4590 4591 4592 4593 4594 4595 4596 4597 4598 4648 4649 4650 4651 4652 4653 4654 4655 4656 4657 4658 4659 4660 4661 4662 4663 4664 4665 4666 4667 4668 4669 4670 4671 4672 4673 4674 4675 4676 4677 4678 4679 4680 4681 4682 4683 4684 4685 4686 4687 4688 4689 4690 4691 4692 4693 4694 4695 4696 4724 4725 4726 4727 4728 4729 4730 4731 4732 4733 4734 4735 4736 4737 4738 4739 4740 4741 4742 4743 4744 4745 4746 4747 4748 4749 4750 4780 4781 4782 4783 4784 4785 4786 4787 4788 4789 4790 4791 4792 4793 4794 4795 4796 4797 4798 4799 4800 4801 4802 4803 4804 4805 4806 4807 4808 4826 4827 4828 4829 4830 4831 4832 4833 4834 4835 4836 4837 4838 4839 4840 4841 4842 4884 4885 4886 4887 4888 4889 4890 4891 4892 4893 4894 4895 4896 4897 4898 4899 4900 4901 4902 4903 4904 4905 4906 4907 4908 4909 4910 4911 4912 4913 4914 4915 4916 4917 4918 4919 4920 4921 4922 4923 4924 
