5058
0 0 
1 0 
1 0 
1 0 
1 0 
1 0 
1 0 
1 0 
1 0 
1 0 
1 0 
1 0 
1 0 
1 0 
1 0 
2 2 0 1 
3 1 15 
4 2 0 14 
3 1 17 
5 3 0 2 16 
6 2 19 16 
7 3 0 13 18 
6 2 21 18 
5 3 0 3 20 
6 2 23 20 
7 3 0 12 22 
6 2 25 22 
5 3 0 4 24 
6 2 27 24 
7 3 0 11 26 
6 2 29 26 
5 3 0 5 28 
6 2 31 28 
7 3 0 10 30 
6 2 33 30 
5 3 0 6 32 
6 2 35 32 
7 3 0 9 34 
6 2 37 34 
5 3 0 7 36 
6 2 39 36 
7 3 0 8 38 
6 2 41 38 
5 3 0 8 40 
6 2 43 40 
7 3 0 7 42 
6 2 45 42 
5 3 0 9 44 
6 2 47 44 
7 3 0 6 46 
6 2 49 46 
5 3 0 10 48 
6 2 51 48 
7 3 0 5 50 
6 2 53 50 
5 3 0 11 52 
6 2 55 52 
7 3 0 4 54 
6 2 57 54 
5 3 0 12 56 
6 2 59 56 
7 3 0 3 58 
6 2 61 58 
5 3 0 13 60 
6 2 63 60 
7 3 0 2 62 
6 2 65 62 
5 3 0 14 64 
6 2 67 64 
7 3 0 1 66 
6 2 69 66 
8 3 68 70 0 
9 2 0 71 
6 2 72 71 
10 2 0 73 
9 3 0 74 73 
6 2 75 73 
10 2 0 76 
9 3 0 77 76 
6 2 78 76 
10 2 0 79 
9 3 0 80 79 
6 2 81 79 
10 2 0 82 
9 3 0 83 82 
6 2 84 82 
10 2 0 85 
9 3 0 86 85 
6 2 87 85 
10 2 0 88 
9 3 0 89 88 
6 2 90 88 
10 2 0 91 
9 3 0 92 91 
6 2 93 91 
10 2 0 94 
9 3 0 95 94 
6 2 96 94 
10 2 0 97 
9 3 0 98 97 
6 2 99 97 
10 2 0 100 
9 3 0 101 100 
6 2 102 100 
10 2 0 103 
9 3 0 104 103 
6 2 105 103 
10 2 0 106 
9 3 0 107 106 
6 2 108 106 
10 2 0 109 
11 13 74 77 80 83 86 89 92 95 98 101 104 107 110 
1 0 
1 0 
1 0 
1 0 
1 0 
1 0 
1 0 
1 0 
1 0 
1 0 
1 0 
1 0 
2 2 0 112 
3 1 124 
4 2 0 123 
3 1 126 
5 3 0 113 125 
6 2 128 125 
7 3 0 122 127 
6 2 130 127 
5 3 0 114 129 
6 2 132 129 
7 3 0 121 131 
6 2 134 131 
5 3 0 115 133 
6 2 136 133 
7 3 0 120 135 
6 2 138 135 
5 3 0 116 137 
6 2 140 137 
7 3 0 119 139 
6 2 142 139 
5 3 0 117 141 
6 2 144 141 
7 3 0 118 143 
6 2 146 143 
5 3 0 118 145 
6 2 148 145 
7 3 0 117 147 
6 2 150 147 
5 3 0 119 149 
6 2 152 149 
7 3 0 116 151 
6 2 154 151 
5 3 0 120 153 
6 2 156 153 
7 3 0 115 155 
6 2 158 155 
5 3 0 121 157 
6 2 160 157 
7 3 0 114 159 
6 2 162 159 
5 3 0 122 161 
6 2 164 161 
7 3 0 113 163 
6 2 166 163 
5 3 0 123 165 
6 2 168 165 
7 3 0 112 167 
6 2 170 167 
8 3 169 171 0 
9 2 0 172 
6 2 173 172 
10 2 0 174 
9 3 0 175 174 
6 2 176 174 
10 2 0 177 
9 3 0 178 177 
6 2 179 177 
10 2 0 180 
9 3 0 181 180 
6 2 182 180 
10 2 0 183 
9 3 0 184 183 
6 2 185 183 
10 2 0 186 
9 3 0 187 186 
6 2 188 186 
10 2 0 189 
9 3 0 190 189 
6 2 191 189 
10 2 0 192 
9 3 0 193 192 
6 2 194 192 
10 2 0 195 
9 3 0 196 195 
6 2 197 195 
10 2 0 198 
9 3 0 199 198 
6 2 200 198 
10 2 0 201 
9 3 0 202 201 
6 2 203 201 
10 2 0 204 
11 11 175 178 181 184 187 190 193 196 199 202 205 
1 0 
1 0 
1 0 
1 0 
1 0 
1 0 
1 0 
1 0 
1 0 
2 2 0 207 
3 1 216 
4 2 0 215 
3 1 218 
5 3 0 208 217 
6 2 220 217 
7 3 0 214 219 
6 2 222 219 
5 3 0 209 221 
6 2 224 221 
7 3 0 213 223 
6 2 226 223 
5 3 0 210 225 
6 2 228 225 
7 3 0 212 227 
6 2 230 227 
5 3 0 211 229 
6 2 232 229 
7 3 0 211 231 
6 2 234 231 
5 3 0 212 233 
6 2 236 233 
7 3 0 210 235 
6 2 238 235 
5 3 0 213 237 
6 2 240 237 
7 3 0 209 239 
6 2 242 239 
5 3 0 214 241 
6 2 244 241 
7 3 0 208 243 
6 2 246 243 
5 3 0 215 245 
6 2 248 245 
7 3 0 207 247 
6 2 250 247 
8 3 249 251 0 
9 2 0 252 
6 2 253 252 
10 2 0 254 
9 3 0 255 254 
6 2 256 254 
10 2 0 257 
9 3 0 258 257 
6 2 259 257 
10 2 0 260 
9 3 0 261 260 
6 2 262 260 
10 2 0 263 
9 3 0 264 263 
6 2 265 263 
10 2 0 266 
9 3 0 267 266 
6 2 268 266 
10 2 0 269 
9 3 0 270 269 
6 2 271 269 
10 2 0 272 
9 3 0 273 272 
6 2 274 272 
10 2 0 275 
11 8 255 258 261 264 267 270 273 276 
1 0 
1 0 
1 0 
1 0 
1 0 
1 0 
1 0 
1 0 
1 0 
2 2 0 278 
3 1 287 
4 2 0 286 
3 1 289 
5 3 0 279 288 
6 2 291 288 
7 3 0 285 290 
6 2 293 290 
5 3 0 280 292 
6 2 295 292 
7 3 0 284 294 
6 2 297 294 
5 3 0 281 296 
6 2 299 296 
7 3 0 283 298 
6 2 301 298 
5 3 0 282 300 
6 2 303 300 
7 3 0 282 302 
6 2 305 302 
5 3 0 283 304 
6 2 307 304 
7 3 0 281 306 
6 2 309 306 
5 3 0 284 308 
6 2 311 308 
7 3 0 280 310 
6 2 313 310 
5 3 0 285 312 
6 2 315 312 
7 3 0 279 314 
6 2 317 314 
5 3 0 286 316 
6 2 319 316 
7 3 0 278 318 
6 2 321 318 
8 3 320 322 0 
9 2 0 323 
6 2 324 323 
10 2 0 325 
9 3 0 326 325 
6 2 327 325 
10 2 0 328 
9 3 0 329 328 
6 2 330 328 
10 2 0 331 
9 3 0 332 331 
6 2 333 331 
10 2 0 334 
9 3 0 335 334 
6 2 336 334 
10 2 0 337 
9 3 0 338 337 
6 2 339 337 
10 2 0 340 
9 3 0 341 340 
6 2 342 340 
10 2 0 343 
9 3 0 344 343 
6 2 345 343 
10 2 0 346 
11 8 326 329 332 335 338 341 344 347 
1 0 
1 0 
1 0 
1 0 
1 0 
1 0 
1 0 
1 0 
1 0 
1 0 
1 0 
1 0 
1 0 
1 0 
1 0 
2 2 0 349 
3 1 364 
4 2 0 363 
3 1 366 
5 3 0 350 365 
6 2 368 365 
7 3 0 362 367 
6 2 370 367 
5 3 0 351 369 
6 2 372 369 
7 3 0 361 371 
6 2 374 371 
5 3 0 352 373 
6 2 376 373 
7 3 0 360 375 
6 2 378 375 
5 3 0 353 377 
6 2 380 377 
7 3 0 359 379 
6 2 382 379 
5 3 0 354 381 
6 2 384 381 
7 3 0 358 383 
6 2 386 383 
5 3 0 355 385 
6 2 388 385 
7 3 0 357 387 
6 2 390 387 
5 3 0 356 389 
6 2 392 389 
7 3 0 356 391 
6 2 394 391 
5 3 0 357 393 
6 2 396 393 
7 3 0 355 395 
6 2 398 395 
5 3 0 358 397 
6 2 400 397 
7 3 0 354 399 
6 2 402 399 
5 3 0 359 401 
6 2 404 401 
7 3 0 353 403 
6 2 406 403 
5 3 0 360 405 
6 2 408 405 
7 3 0 352 407 
6 2 410 407 
5 3 0 361 409 
6 2 412 409 
7 3 0 351 411 
6 2 414 411 
5 3 0 362 413 
6 2 416 413 
7 3 0 350 415 
6 2 418 415 
5 3 0 363 417 
6 2 420 417 
7 3 0 349 419 
6 2 422 419 
8 3 421 423 0 
9 2 0 424 
6 2 425 424 
10 2 0 426 
9 3 0 427 426 
6 2 428 426 
10 2 0 429 
9 3 0 430 429 
6 2 431 429 
10 2 0 432 
9 3 0 433 432 
6 2 434 432 
10 2 0 435 
9 3 0 436 435 
6 2 437 435 
10 2 0 438 
9 3 0 439 438 
6 2 440 438 
10 2 0 441 
9 3 0 442 441 
6 2 443 441 
10 2 0 444 
9 3 0 445 444 
6 2 446 444 
10 2 0 447 
9 3 0 448 447 
6 2 449 447 
10 2 0 450 
9 3 0 451 450 
6 2 452 450 
10 2 0 453 
9 3 0 454 453 
6 2 455 453 
10 2 0 456 
9 3 0 457 456 
6 2 458 456 
10 2 0 459 
9 3 0 460 459 
6 2 461 459 
10 2 0 462 
9 3 0 463 462 
6 2 464 462 
10 2 0 465 
11 14 427 430 433 436 439 442 445 448 451 454 457 460 463 466 
1 0 
1 0 
1 0 
1 0 
1 0 
1 0 
1 0 
2 2 0 468 
3 1 475 
4 2 0 474 
3 1 477 
5 3 0 469 476 
6 2 479 476 
7 3 0 473 478 
6 2 481 478 
5 3 0 470 480 
6 2 483 480 
7 3 0 472 482 
6 2 485 482 
5 3 0 471 484 
6 2 487 484 
7 3 0 471 486 
6 2 489 486 
5 3 0 472 488 
6 2 491 488 
7 3 0 470 490 
6 2 493 490 
5 3 0 473 492 
6 2 495 492 
7 3 0 469 494 
6 2 497 494 
5 3 0 474 496 
6 2 499 496 
7 3 0 468 498 
6 2 501 498 
8 3 500 502 0 
9 2 0 503 
6 2 504 503 
10 2 0 505 
9 3 0 506 505 
6 2 507 505 
10 2 0 508 
9 3 0 509 508 
6 2 510 508 
10 2 0 511 
9 3 0 512 511 
6 2 513 511 
10 2 0 514 
9 3 0 515 514 
6 2 516 514 
10 2 0 517 
9 3 0 518 517 
6 2 519 517 
10 2 0 520 
11 6 506 509 512 515 518 521 
1 0 
1 0 
1 0 
1 0 
1 0 
1 0 
1 0 
1 0 
1 0 
1 0 
1 0 
1 0 
1 0 
1 0 
2 2 0 523 
3 1 537 
4 2 0 536 
3 1 539 
5 3 0 524 538 
6 2 541 538 
7 3 0 535 540 
6 2 543 540 
5 3 0 525 542 
6 2 545 542 
7 3 0 534 544 
6 2 547 544 
5 3 0 526 546 
6 2 549 546 
7 3 0 533 548 
6 2 551 548 
5 3 0 527 550 
6 2 553 550 
7 3 0 532 552 
6 2 555 552 
5 3 0 528 554 
6 2 557 554 
7 3 0 531 556 
6 2 559 556 
5 3 0 529 558 
6 2 561 558 
7 3 0 530 560 
6 2 563 560 
5 3 0 530 562 
6 2 565 562 
7 3 0 529 564 
6 2 567 564 
5 3 0 531 566 
6 2 569 566 
7 3 0 528 568 
6 2 571 568 
5 3 0 532 570 
6 2 573 570 
7 3 0 527 572 
6 2 575 572 
5 3 0 533 574 
6 2 577 574 
7 3 0 526 576 
6 2 579 576 
5 3 0 534 578 
6 2 581 578 
7 3 0 525 580 
6 2 583 580 
5 3 0 535 582 
6 2 585 582 
7 3 0 524 584 
6 2 587 584 
5 3 0 536 586 
6 2 589 586 
7 3 0 523 588 
6 2 591 588 
8 3 590 592 0 
9 2 0 593 
6 2 594 593 
10 2 0 595 
9 3 0 596 595 
6 2 597 595 
10 2 0 598 
9 3 0 599 598 
6 2 600 598 
10 2 0 601 
9 3 0 602 601 
6 2 603 601 
10 2 0 604 
9 3 0 605 604 
6 2 606 604 
10 2 0 607 
9 3 0 608 607 
6 2 609 607 
10 2 0 610 
9 3 0 611 610 
6 2 612 610 
10 2 0 613 
9 3 0 614 613 
6 2 615 613 
10 2 0 616 
9 3 0 617 616 
6 2 618 616 
10 2 0 619 
9 3 0 620 619 
6 2 621 619 
10 2 0 622 
9 3 0 623 622 
6 2 624 622 
10 2 0 625 
9 3 0 626 625 
6 2 627 625 
10 2 0 628 
9 3 0 629 628 
6 2 630 628 
10 2 0 631 
11 13 596 599 602 605 608 611 614 617 620 623 626 629 632 
1 0 
1 0 
1 0 
1 0 
1 0 
1 0 
1 0 
2 2 0 634 
3 1 641 
4 2 0 640 
3 1 643 
5 3 0 635 642 
6 2 645 642 
7 3 0 639 644 
6 2 647 644 
5 3 0 636 646 
6 2 649 646 
7 3 0 638 648 
6 2 651 648 
5 3 0 637 650 
6 2 653 650 
7 3 0 637 652 
6 2 655 652 
5 3 0 638 654 
6 2 657 654 
7 3 0 636 656 
6 2 659 656 
5 3 0 639 658 
6 2 661 658 
7 3 0 635 660 
6 2 663 660 
5 3 0 640 662 
6 2 665 662 
7 3 0 634 664 
6 2 667 664 
8 3 666 668 0 
9 2 0 669 
6 2 670 669 
10 2 0 671 
9 3 0 672 671 
6 2 673 671 
10 2 0 674 
9 3 0 675 674 
6 2 676 674 
10 2 0 677 
9 3 0 678 677 
6 2 679 677 
10 2 0 680 
9 3 0 681 680 
6 2 682 680 
10 2 0 683 
9 3 0 684 683 
6 2 685 683 
10 2 0 686 
11 6 672 675 678 681 684 687 
1 0 
1 0 
1 0 
1 0 
1 0 
1 0 
1 0 
2 2 0 689 
3 1 696 
4 2 0 695 
3 1 698 
5 3 0 690 697 
6 2 700 697 
7 3 0 694 699 
6 2 702 699 
5 3 0 691 701 
6 2 704 701 
7 3 0 693 703 
6 2 706 703 
5 3 0 692 705 
6 2 708 705 
7 3 0 692 707 
6 2 710 707 
5 3 0 693 709 
6 2 712 709 
7 3 0 691 711 
6 2 714 711 
5 3 0 694 713 
6 2 716 713 
7 3 0 690 715 
6 2 718 715 
5 3 0 695 717 
6 2 720 717 
7 3 0 689 719 
6 2 722 719 
8 3 721 723 0 
9 2 0 724 
6 2 725 724 
10 2 0 726 
9 3 0 727 726 
6 2 728 726 
10 2 0 729 
9 3 0 730 729 
6 2 731 729 
10 2 0 732 
9 3 0 733 732 
6 2 734 732 
10 2 0 735 
9 3 0 736 735 
6 2 737 735 
10 2 0 738 
9 3 0 739 738 
6 2 740 738 
10 2 0 741 
11 6 727 730 733 736 739 742 
1 0 
1 0 
1 0 
1 0 
1 0 
1 0 
1 0 
1 0 
1 0 
1 0 
1 0 
1 0 
2 2 0 744 
3 1 756 
4 2 0 755 
3 1 758 
5 3 0 745 757 
6 2 760 757 
7 3 0 754 759 
6 2 762 759 
5 3 0 746 761 
6 2 764 761 
7 3 0 753 763 
6 2 766 763 
5 3 0 747 765 
6 2 768 765 
7 3 0 752 767 
6 2 770 767 
5 3 0 748 769 
6 2 772 769 
7 3 0 751 771 
6 2 774 771 
5 3 0 749 773 
6 2 776 773 
7 3 0 750 775 
6 2 778 775 
5 3 0 750 777 
6 2 780 777 
7 3 0 749 779 
6 2 782 779 
5 3 0 751 781 
6 2 784 781 
7 3 0 748 783 
6 2 786 783 
5 3 0 752 785 
6 2 788 785 
7 3 0 747 787 
6 2 790 787 
5 3 0 753 789 
6 2 792 789 
7 3 0 746 791 
6 2 794 791 
5 3 0 754 793 
6 2 796 793 
7 3 0 745 795 
6 2 798 795 
5 3 0 755 797 
6 2 800 797 
7 3 0 744 799 
6 2 802 799 
8 3 801 803 0 
9 2 0 804 
6 2 805 804 
10 2 0 806 
9 3 0 807 806 
6 2 808 806 
10 2 0 809 
9 3 0 810 809 
6 2 811 809 
10 2 0 812 
9 3 0 813 812 
6 2 814 812 
10 2 0 815 
9 3 0 816 815 
6 2 817 815 
10 2 0 818 
9 3 0 819 818 
6 2 820 818 
10 2 0 821 
9 3 0 822 821 
6 2 823 821 
10 2 0 824 
9 3 0 825 824 
6 2 826 824 
10 2 0 827 
9 3 0 828 827 
6 2 829 827 
10 2 0 830 
9 3 0 831 830 
6 2 832 830 
10 2 0 833 
9 3 0 834 833 
6 2 835 833 
10 2 0 836 
11 11 807 810 813 816 819 822 825 828 831 834 837 
1 0 
1 0 
1 0 
1 0 
1 0 
1 0 
1 0 
1 0 
1 0 
1 0 
1 0 
1 0 
1 0 
1 0 
1 0 
2 2 0 839 
3 1 854 
4 2 0 853 
3 1 856 
5 3 0 840 855 
6 2 858 855 
7 3 0 852 857 
6 2 860 857 
5 3 0 841 859 
6 2 862 859 
7 3 0 851 861 
6 2 864 861 
5 3 0 842 863 
6 2 866 863 
7 3 0 850 865 
6 2 868 865 
5 3 0 843 867 
6 2 870 867 
7 3 0 849 869 
6 2 872 869 
5 3 0 844 871 
6 2 874 871 
7 3 0 848 873 
6 2 876 873 
5 3 0 845 875 
6 2 878 875 
7 3 0 847 877 
6 2 880 877 
5 3 0 846 879 
6 2 882 879 
7 3 0 846 881 
6 2 884 881 
5 3 0 847 883 
6 2 886 883 
7 3 0 845 885 
6 2 888 885 
5 3 0 848 887 
6 2 890 887 
7 3 0 844 889 
6 2 892 889 
5 3 0 849 891 
6 2 894 891 
7 3 0 843 893 
6 2 896 893 
5 3 0 850 895 
6 2 898 895 
7 3 0 842 897 
6 2 900 897 
5 3 0 851 899 
6 2 902 899 
7 3 0 841 901 
6 2 904 901 
5 3 0 852 903 
6 2 906 903 
7 3 0 840 905 
6 2 908 905 
5 3 0 853 907 
6 2 910 907 
7 3 0 839 909 
6 2 912 909 
8 3 911 913 0 
9 2 0 914 
6 2 915 914 
10 2 0 916 
9 3 0 917 916 
6 2 918 916 
10 2 0 919 
9 3 0 920 919 
6 2 921 919 
10 2 0 922 
9 3 0 923 922 
6 2 924 922 
10 2 0 925 
9 3 0 926 925 
6 2 927 925 
10 2 0 928 
9 3 0 929 928 
6 2 930 928 
10 2 0 931 
9 3 0 932 931 
6 2 933 931 
10 2 0 934 
9 3 0 935 934 
6 2 936 934 
10 2 0 937 
9 3 0 938 937 
6 2 939 937 
10 2 0 940 
9 3 0 941 940 
6 2 942 940 
10 2 0 943 
9 3 0 944 943 
6 2 945 943 
10 2 0 946 
9 3 0 947 946 
6 2 948 946 
10 2 0 949 
9 3 0 950 949 
6 2 951 949 
10 2 0 952 
9 3 0 953 952 
6 2 954 952 
10 2 0 955 
11 14 917 920 923 926 929 932 935 938 941 944 947 950 953 956 
1 0 
1 0 
1 0 
1 0 
1 0 
1 0 
1 0 
1 0 
2 2 0 958 
3 1 966 
4 2 0 965 
3 1 968 
5 3 0 959 967 
6 2 970 967 
7 3 0 964 969 
6 2 972 969 
5 3 0 960 971 
6 2 974 971 
7 3 0 963 973 
6 2 976 973 
5 3 0 961 975 
6 2 978 975 
7 3 0 962 977 
6 2 980 977 
5 3 0 962 979 
6 2 982 979 
7 3 0 961 981 
6 2 984 981 
5 3 0 963 983 
6 2 986 983 
7 3 0 960 985 
6 2 988 985 
5 3 0 964 987 
6 2 990 987 
7 3 0 959 989 
6 2 992 989 
5 3 0 965 991 
6 2 994 991 
7 3 0 958 993 
6 2 996 993 
8 3 995 997 0 
9 2 0 998 
6 2 999 998 
10 2 0 1000 
9 3 0 1001 1000 
6 2 1002 1000 
10 2 0 1003 
9 3 0 1004 1003 
6 2 1005 1003 
10 2 0 1006 
9 3 0 1007 1006 
6 2 1008 1006 
10 2 0 1009 
9 3 0 1010 1009 
6 2 1011 1009 
10 2 0 1012 
9 3 0 1013 1012 
6 2 1014 1012 
10 2 0 1015 
9 3 0 1016 1015 
6 2 1017 1015 
10 2 0 1018 
11 7 1001 1004 1007 1010 1013 1016 1019 
1 0 
1 0 
1 0 
1 0 
1 0 
1 0 
1 0 
1 0 
1 0 
1 0 
1 0 
1 0 
1 0 
1 0 
1 0 
1 0 
1 0 
2 2 0 1021 
3 1 1038 
4 2 0 1037 
3 1 1040 
5 3 0 1022 1039 
6 2 1042 1039 
7 3 0 1036 1041 
6 2 1044 1041 
5 3 0 1023 1043 
6 2 1046 1043 
7 3 0 1035 1045 
6 2 1048 1045 
5 3 0 1024 1047 
6 2 1050 1047 
7 3 0 1034 1049 
6 2 1052 1049 
5 3 0 1025 1051 
6 2 1054 1051 
7 3 0 1033 1053 
6 2 1056 1053 
5 3 0 1026 1055 
6 2 1058 1055 
7 3 0 1032 1057 
6 2 1060 1057 
5 3 0 1027 1059 
6 2 1062 1059 
7 3 0 1031 1061 
6 2 1064 1061 
5 3 0 1028 1063 
6 2 1066 1063 
7 3 0 1030 1065 
6 2 1068 1065 
5 3 0 1029 1067 
6 2 1070 1067 
7 3 0 1029 1069 
6 2 1072 1069 
5 3 0 1030 1071 
6 2 1074 1071 
7 3 0 1028 1073 
6 2 1076 1073 
5 3 0 1031 1075 
6 2 1078 1075 
7 3 0 1027 1077 
6 2 1080 1077 
5 3 0 1032 1079 
6 2 1082 1079 
7 3 0 1026 1081 
6 2 1084 1081 
5 3 0 1033 1083 
6 2 1086 1083 
7 3 0 1025 1085 
6 2 1088 1085 
5 3 0 1034 1087 
6 2 1090 1087 
7 3 0 1024 1089 
6 2 1092 1089 
5 3 0 1035 1091 
6 2 1094 1091 
7 3 0 1023 1093 
6 2 1096 1093 
5 3 0 1036 1095 
6 2 1098 1095 
7 3 0 1022 1097 
6 2 1100 1097 
5 3 0 1037 1099 
6 2 1102 1099 
7 3 0 1021 1101 
6 2 1104 1101 
8 3 1103 1105 0 
9 2 0 1106 
6 2 1107 1106 
10 2 0 1108 
9 3 0 1109 1108 
6 2 1110 1108 
10 2 0 1111 
9 3 0 1112 1111 
6 2 1113 1111 
10 2 0 1114 
9 3 0 1115 1114 
6 2 1116 1114 
10 2 0 1117 
9 3 0 1118 1117 
6 2 1119 1117 
10 2 0 1120 
9 3 0 1121 1120 
6 2 1122 1120 
10 2 0 1123 
9 3 0 1124 1123 
6 2 1125 1123 
10 2 0 1126 
9 3 0 1127 1126 
6 2 1128 1126 
10 2 0 1129 
9 3 0 1130 1129 
6 2 1131 1129 
10 2 0 1132 
9 3 0 1133 1132 
6 2 1134 1132 
10 2 0 1135 
9 3 0 1136 1135 
6 2 1137 1135 
10 2 0 1138 
9 3 0 1139 1138 
6 2 1140 1138 
10 2 0 1141 
9 3 0 1142 1141 
6 2 1143 1141 
10 2 0 1144 
9 3 0 1145 1144 
6 2 1146 1144 
10 2 0 1147 
9 3 0 1148 1147 
6 2 1149 1147 
10 2 0 1150 
9 3 0 1151 1150 
6 2 1152 1150 
10 2 0 1153 
11 16 1109 1112 1115 1118 1121 1124 1127 1130 1133 1136 1139 1142 1145 1148 1151 1154 
1 0 
1 0 
1 0 
1 0 
1 0 
1 0 
2 2 0 1156 
3 1 1162 
4 2 0 1161 
3 1 1164 
5 3 0 1157 1163 
6 2 1166 1163 
7 3 0 1160 1165 
6 2 1168 1165 
5 3 0 1158 1167 
6 2 1170 1167 
7 3 0 1159 1169 
6 2 1172 1169 
5 3 0 1159 1171 
6 2 1174 1171 
7 3 0 1158 1173 
6 2 1176 1173 
5 3 0 1160 1175 
6 2 1178 1175 
7 3 0 1157 1177 
6 2 1180 1177 
5 3 0 1161 1179 
6 2 1182 1179 
7 3 0 1156 1181 
6 2 1184 1181 
8 3 1183 1185 0 
9 2 0 1186 
6 2 1187 1186 
10 2 0 1188 
9 3 0 1189 1188 
6 2 1190 1188 
10 2 0 1191 
9 3 0 1192 1191 
6 2 1193 1191 
10 2 0 1194 
9 3 0 1195 1194 
6 2 1196 1194 
10 2 0 1197 
9 3 0 1198 1197 
6 2 1199 1197 
10 2 0 1200 
11 5 1189 1192 1195 1198 1201 
1 0 
1 0 
1 0 
1 0 
1 0 
1 0 
1 0 
1 0 
2 2 0 1203 
3 1 1211 
4 2 0 1210 
3 1 1213 
5 3 0 1204 1212 
6 2 1215 1212 
7 3 0 1209 1214 
6 2 1217 1214 
5 3 0 1205 1216 
6 2 1219 1216 
7 3 0 1208 1218 
6 2 1221 1218 
5 3 0 1206 1220 
6 2 1223 1220 
7 3 0 1207 1222 
6 2 1225 1222 
5 3 0 1207 1224 
6 2 1227 1224 
7 3 0 1206 1226 
6 2 1229 1226 
5 3 0 1208 1228 
6 2 1231 1228 
7 3 0 1205 1230 
6 2 1233 1230 
5 3 0 1209 1232 
6 2 1235 1232 
7 3 0 1204 1234 
6 2 1237 1234 
5 3 0 1210 1236 
6 2 1239 1236 
7 3 0 1203 1238 
6 2 1241 1238 
8 3 1240 1242 0 
9 2 0 1243 
6 2 1244 1243 
10 2 0 1245 
9 3 0 1246 1245 
6 2 1247 1245 
10 2 0 1248 
9 3 0 1249 1248 
6 2 1250 1248 
10 2 0 1251 
9 3 0 1252 1251 
6 2 1253 1251 
10 2 0 1254 
9 3 0 1255 1254 
6 2 1256 1254 
10 2 0 1257 
9 3 0 1258 1257 
6 2 1259 1257 
10 2 0 1260 
9 3 0 1261 1260 
6 2 1262 1260 
10 2 0 1263 
11 7 1246 1249 1252 1255 1258 1261 1264 
1 0 
1 0 
1 0 
1 0 
1 0 
1 0 
1 0 
1 0 
1 0 
2 2 0 1266 
3 1 1275 
4 2 0 1274 
3 1 1277 
5 3 0 1267 1276 
6 2 1279 1276 
7 3 0 1273 1278 
6 2 1281 1278 
5 3 0 1268 1280 
6 2 1283 1280 
7 3 0 1272 1282 
6 2 1285 1282 
5 3 0 1269 1284 
6 2 1287 1284 
7 3 0 1271 1286 
6 2 1289 1286 
5 3 0 1270 1288 
6 2 1291 1288 
7 3 0 1270 1290 
6 2 1293 1290 
5 3 0 1271 1292 
6 2 1295 1292 
7 3 0 1269 1294 
6 2 1297 1294 
5 3 0 1272 1296 
6 2 1299 1296 
7 3 0 1268 1298 
6 2 1301 1298 
5 3 0 1273 1300 
6 2 1303 1300 
7 3 0 1267 1302 
6 2 1305 1302 
5 3 0 1274 1304 
6 2 1307 1304 
7 3 0 1266 1306 
6 2 1309 1306 
8 3 1308 1310 0 
9 2 0 1311 
6 2 1312 1311 
10 2 0 1313 
9 3 0 1314 1313 
6 2 1315 1313 
10 2 0 1316 
9 3 0 1317 1316 
6 2 1318 1316 
10 2 0 1319 
9 3 0 1320 1319 
6 2 1321 1319 
10 2 0 1322 
9 3 0 1323 1322 
6 2 1324 1322 
10 2 0 1325 
9 3 0 1326 1325 
6 2 1327 1325 
10 2 0 1328 
9 3 0 1329 1328 
6 2 1330 1328 
10 2 0 1331 
9 3 0 1332 1331 
6 2 1333 1331 
10 2 0 1334 
11 8 1314 1317 1320 1323 1326 1329 1332 1335 
1 0 
1 0 
1 0 
1 0 
1 0 
1 0 
1 0 
1 0 
1 0 
1 0 
1 0 
1 0 
2 2 0 1337 
3 1 1349 
4 2 0 1348 
3 1 1351 
5 3 0 1338 1350 
6 2 1353 1350 
7 3 0 1347 1352 
6 2 1355 1352 
5 3 0 1339 1354 
6 2 1357 1354 
7 3 0 1346 1356 
6 2 1359 1356 
5 3 0 1340 1358 
6 2 1361 1358 
7 3 0 1345 1360 
6 2 1363 1360 
5 3 0 1341 1362 
6 2 1365 1362 
7 3 0 1344 1364 
6 2 1367 1364 
5 3 0 1342 1366 
6 2 1369 1366 
7 3 0 1343 1368 
6 2 1371 1368 
5 3 0 1343 1370 
6 2 1373 1370 
7 3 0 1342 1372 
6 2 1375 1372 
5 3 0 1344 1374 
6 2 1377 1374 
7 3 0 1341 1376 
6 2 1379 1376 
5 3 0 1345 1378 
6 2 1381 1378 
7 3 0 1340 1380 
6 2 1383 1380 
5 3 0 1346 1382 
6 2 1385 1382 
7 3 0 1339 1384 
6 2 1387 1384 
5 3 0 1347 1386 
6 2 1389 1386 
7 3 0 1338 1388 
6 2 1391 1388 
5 3 0 1348 1390 
6 2 1393 1390 
7 3 0 1337 1392 
6 2 1395 1392 
8 3 1394 1396 0 
9 2 0 1397 
6 2 1398 1397 
10 2 0 1399 
9 3 0 1400 1399 
6 2 1401 1399 
10 2 0 1402 
9 3 0 1403 1402 
6 2 1404 1402 
10 2 0 1405 
9 3 0 1406 1405 
6 2 1407 1405 
10 2 0 1408 
9 3 0 1409 1408 
6 2 1410 1408 
10 2 0 1411 
9 3 0 1412 1411 
6 2 1413 1411 
10 2 0 1414 
9 3 0 1415 1414 
6 2 1416 1414 
10 2 0 1417 
9 3 0 1418 1417 
6 2 1419 1417 
10 2 0 1420 
9 3 0 1421 1420 
6 2 1422 1420 
10 2 0 1423 
9 3 0 1424 1423 
6 2 1425 1423 
10 2 0 1426 
9 3 0 1427 1426 
6 2 1428 1426 
10 2 0 1429 
11 11 1400 1403 1406 1409 1412 1415 1418 1421 1424 1427 1430 
1 0 
1 0 
1 0 
1 0 
1 0 
1 0 
1 0 
1 0 
1 0 
2 2 0 1432 
3 1 1441 
4 2 0 1440 
3 1 1443 
5 3 0 1433 1442 
6 2 1445 1442 
7 3 0 1439 1444 
6 2 1447 1444 
5 3 0 1434 1446 
6 2 1449 1446 
7 3 0 1438 1448 
6 2 1451 1448 
5 3 0 1435 1450 
6 2 1453 1450 
7 3 0 1437 1452 
6 2 1455 1452 
5 3 0 1436 1454 
6 2 1457 1454 
7 3 0 1436 1456 
6 2 1459 1456 
5 3 0 1437 1458 
6 2 1461 1458 
7 3 0 1435 1460 
6 2 1463 1460 
5 3 0 1438 1462 
6 2 1465 1462 
7 3 0 1434 1464 
6 2 1467 1464 
5 3 0 1439 1466 
6 2 1469 1466 
7 3 0 1433 1468 
6 2 1471 1468 
5 3 0 1440 1470 
6 2 1473 1470 
7 3 0 1432 1472 
6 2 1475 1472 
8 3 1474 1476 0 
9 2 0 1477 
6 2 1478 1477 
10 2 0 1479 
9 3 0 1480 1479 
6 2 1481 1479 
10 2 0 1482 
9 3 0 1483 1482 
6 2 1484 1482 
10 2 0 1485 
9 3 0 1486 1485 
6 2 1487 1485 
10 2 0 1488 
9 3 0 1489 1488 
6 2 1490 1488 
10 2 0 1491 
9 3 0 1492 1491 
6 2 1493 1491 
10 2 0 1494 
9 3 0 1495 1494 
6 2 1496 1494 
10 2 0 1497 
9 3 0 1498 1497 
6 2 1499 1497 
10 2 0 1500 
11 8 1480 1483 1486 1489 1492 1495 1498 1501 
1 0 
1 0 
1 0 
1 0 
1 0 
1 0 
1 0 
1 0 
1 0 
1 0 
2 2 0 1503 
3 1 1513 
4 2 0 1512 
3 1 1515 
5 3 0 1504 1514 
6 2 1517 1514 
7 3 0 1511 1516 
6 2 1519 1516 
5 3 0 1505 1518 
6 2 1521 1518 
7 3 0 1510 1520 
6 2 1523 1520 
5 3 0 1506 1522 
6 2 1525 1522 
7 3 0 1509 1524 
6 2 1527 1524 
5 3 0 1507 1526 
6 2 1529 1526 
7 3 0 1508 1528 
6 2 1531 1528 
5 3 0 1508 1530 
6 2 1533 1530 
7 3 0 1507 1532 
6 2 1535 1532 
5 3 0 1509 1534 
6 2 1537 1534 
7 3 0 1506 1536 
6 2 1539 1536 
5 3 0 1510 1538 
6 2 1541 1538 
7 3 0 1505 1540 
6 2 1543 1540 
5 3 0 1511 1542 
6 2 1545 1542 
7 3 0 1504 1544 
6 2 1547 1544 
5 3 0 1512 1546 
6 2 1549 1546 
7 3 0 1503 1548 
6 2 1551 1548 
8 3 1550 1552 0 
9 2 0 1553 
6 2 1554 1553 
10 2 0 1555 
9 3 0 1556 1555 
6 2 1557 1555 
10 2 0 1558 
9 3 0 1559 1558 
6 2 1560 1558 
10 2 0 1561 
9 3 0 1562 1561 
6 2 1563 1561 
10 2 0 1564 
9 3 0 1565 1564 
6 2 1566 1564 
10 2 0 1567 
9 3 0 1568 1567 
6 2 1569 1567 
10 2 0 1570 
9 3 0 1571 1570 
6 2 1572 1570 
10 2 0 1573 
9 3 0 1574 1573 
6 2 1575 1573 
10 2 0 1576 
9 3 0 1577 1576 
6 2 1578 1576 
10 2 0 1579 
11 9 1556 1559 1562 1565 1568 1571 1574 1577 1580 
1 0 
1 0 
1 0 
1 0 
1 0 
1 0 
1 0 
1 0 
1 0 
1 0 
1 0 
2 2 0 1582 
3 1 1593 
4 2 0 1592 
3 1 1595 
5 3 0 1583 1594 
6 2 1597 1594 
7 3 0 1591 1596 
6 2 1599 1596 
5 3 0 1584 1598 
6 2 1601 1598 
7 3 0 1590 1600 
6 2 1603 1600 
5 3 0 1585 1602 
6 2 1605 1602 
7 3 0 1589 1604 
6 2 1607 1604 
5 3 0 1586 1606 
6 2 1609 1606 
7 3 0 1588 1608 
6 2 1611 1608 
5 3 0 1587 1610 
6 2 1613 1610 
7 3 0 1587 1612 
6 2 1615 1612 
5 3 0 1588 1614 
6 2 1617 1614 
7 3 0 1586 1616 
6 2 1619 1616 
5 3 0 1589 1618 
6 2 1621 1618 
7 3 0 1585 1620 
6 2 1623 1620 
5 3 0 1590 1622 
6 2 1625 1622 
7 3 0 1584 1624 
6 2 1627 1624 
5 3 0 1591 1626 
6 2 1629 1626 
7 3 0 1583 1628 
6 2 1631 1628 
5 3 0 1592 1630 
6 2 1633 1630 
7 3 0 1582 1632 
6 2 1635 1632 
8 3 1634 1636 0 
9 2 0 1637 
6 2 1638 1637 
10 2 0 1639 
9 3 0 1640 1639 
6 2 1641 1639 
10 2 0 1642 
9 3 0 1643 1642 
6 2 1644 1642 
10 2 0 1645 
9 3 0 1646 1645 
6 2 1647 1645 
10 2 0 1648 
9 3 0 1649 1648 
6 2 1650 1648 
10 2 0 1651 
9 3 0 1652 1651 
6 2 1653 1651 
10 2 0 1654 
9 3 0 1655 1654 
6 2 1656 1654 
10 2 0 1657 
9 3 0 1658 1657 
6 2 1659 1657 
10 2 0 1660 
9 3 0 1661 1660 
6 2 1662 1660 
10 2 0 1663 
9 3 0 1664 1663 
6 2 1665 1663 
10 2 0 1666 
11 10 1640 1643 1646 1649 1652 1655 1658 1661 1664 1667 
1 0 
1 0 
1 0 
1 0 
1 0 
2 2 0 1669 
3 1 1674 
4 2 0 1673 
3 1 1676 
5 3 0 1670 1675 
6 2 1678 1675 
7 3 0 1672 1677 
6 2 1680 1677 
5 3 0 1671 1679 
6 2 1682 1679 
7 3 0 1671 1681 
6 2 1684 1681 
5 3 0 1672 1683 
6 2 1686 1683 
7 3 0 1670 1685 
6 2 1688 1685 
5 3 0 1673 1687 
6 2 1690 1687 
7 3 0 1669 1689 
6 2 1692 1689 
8 3 1691 1693 0 
9 2 0 1694 
6 2 1695 1694 
10 2 0 1696 
9 3 0 1697 1696 
6 2 1698 1696 
10 2 0 1699 
9 3 0 1700 1699 
6 2 1701 1699 
10 2 0 1702 
9 3 0 1703 1702 
6 2 1704 1702 
10 2 0 1705 
11 4 1697 1700 1703 1706 
1 0 
1 0 
1 0 
1 0 
1 0 
1 0 
1 0 
1 0 
1 0 
1 0 
1 0 
1 0 
1 0 
1 0 
1 0 
1 0 
2 2 0 1708 
3 1 1724 
4 2 0 1723 
3 1 1726 
5 3 0 1709 1725 
6 2 1728 1725 
7 3 0 1722 1727 
6 2 1730 1727 
5 3 0 1710 1729 
6 2 1732 1729 
7 3 0 1721 1731 
6 2 1734 1731 
5 3 0 1711 1733 
6 2 1736 1733 
7 3 0 1720 1735 
6 2 1738 1735 
5 3 0 1712 1737 
6 2 1740 1737 
7 3 0 1719 1739 
6 2 1742 1739 
5 3 0 1713 1741 
6 2 1744 1741 
7 3 0 1718 1743 
6 2 1746 1743 
5 3 0 1714 1745 
6 2 1748 1745 
7 3 0 1717 1747 
6 2 1750 1747 
5 3 0 1715 1749 
6 2 1752 1749 
7 3 0 1716 1751 
6 2 1754 1751 
5 3 0 1716 1753 
6 2 1756 1753 
7 3 0 1715 1755 
6 2 1758 1755 
5 3 0 1717 1757 
6 2 1760 1757 
7 3 0 1714 1759 
6 2 1762 1759 
5 3 0 1718 1761 
6 2 1764 1761 
7 3 0 1713 1763 
6 2 1766 1763 
5 3 0 1719 1765 
6 2 1768 1765 
7 3 0 1712 1767 
6 2 1770 1767 
5 3 0 1720 1769 
6 2 1772 1769 
7 3 0 1711 1771 
6 2 1774 1771 
5 3 0 1721 1773 
6 2 1776 1773 
7 3 0 1710 1775 
6 2 1778 1775 
5 3 0 1722 1777 
6 2 1780 1777 
7 3 0 1709 1779 
6 2 1782 1779 
5 3 0 1723 1781 
6 2 1784 1781 
7 3 0 1708 1783 
6 2 1786 1783 
8 3 1785 1787 0 
9 2 0 1788 
6 2 1789 1788 
10 2 0 1790 
9 3 0 1791 1790 
6 2 1792 1790 
10 2 0 1793 
9 3 0 1794 1793 
6 2 1795 1793 
10 2 0 1796 
9 3 0 1797 1796 
6 2 1798 1796 
10 2 0 1799 
9 3 0 1800 1799 
6 2 1801 1799 
10 2 0 1802 
9 3 0 1803 1802 
6 2 1804 1802 
10 2 0 1805 
9 3 0 1806 1805 
6 2 1807 1805 
10 2 0 1808 
9 3 0 1809 1808 
6 2 1810 1808 
10 2 0 1811 
9 3 0 1812 1811 
6 2 1813 1811 
10 2 0 1814 
9 3 0 1815 1814 
6 2 1816 1814 
10 2 0 1817 
9 3 0 1818 1817 
6 2 1819 1817 
10 2 0 1820 
9 3 0 1821 1820 
6 2 1822 1820 
10 2 0 1823 
9 3 0 1824 1823 
6 2 1825 1823 
10 2 0 1826 
9 3 0 1827 1826 
6 2 1828 1826 
10 2 0 1829 
9 3 0 1830 1829 
6 2 1831 1829 
10 2 0 1832 
11 15 1791 1794 1797 1800 1803 1806 1809 1812 1815 1818 1821 1824 1827 1830 1833 
1 0 
1 0 
1 0 
1 0 
1 0 
1 0 
1 0 
1 0 
1 0 
2 2 0 1835 
3 1 1844 
4 2 0 1843 
3 1 1846 
5 3 0 1836 1845 
6 2 1848 1845 
7 3 0 1842 1847 
6 2 1850 1847 
5 3 0 1837 1849 
6 2 1852 1849 
7 3 0 1841 1851 
6 2 1854 1851 
5 3 0 1838 1853 
6 2 1856 1853 
7 3 0 1840 1855 
6 2 1858 1855 
5 3 0 1839 1857 
6 2 1860 1857 
7 3 0 1839 1859 
6 2 1862 1859 
5 3 0 1840 1861 
6 2 1864 1861 
7 3 0 1838 1863 
6 2 1866 1863 
5 3 0 1841 1865 
6 2 1868 1865 
7 3 0 1837 1867 
6 2 1870 1867 
5 3 0 1842 1869 
6 2 1872 1869 
7 3 0 1836 1871 
6 2 1874 1871 
5 3 0 1843 1873 
6 2 1876 1873 
7 3 0 1835 1875 
6 2 1878 1875 
8 3 1877 1879 0 
9 2 0 1880 
6 2 1881 1880 
10 2 0 1882 
9 3 0 1883 1882 
6 2 1884 1882 
10 2 0 1885 
9 3 0 1886 1885 
6 2 1887 1885 
10 2 0 1888 
9 3 0 1889 1888 
6 2 1890 1888 
10 2 0 1891 
9 3 0 1892 1891 
6 2 1893 1891 
10 2 0 1894 
9 3 0 1895 1894 
6 2 1896 1894 
10 2 0 1897 
9 3 0 1898 1897 
6 2 1899 1897 
10 2 0 1900 
9 3 0 1901 1900 
6 2 1902 1900 
10 2 0 1903 
11 8 1883 1886 1889 1892 1895 1898 1901 1904 
1 0 
1 0 
1 0 
1 0 
1 0 
1 0 
1 0 
1 0 
1 0 
1 0 
2 2 0 1906 
3 1 1916 
4 2 0 1915 
3 1 1918 
5 3 0 1907 1917 
6 2 1920 1917 
7 3 0 1914 1919 
6 2 1922 1919 
5 3 0 1908 1921 
6 2 1924 1921 
7 3 0 1913 1923 
6 2 1926 1923 
5 3 0 1909 1925 
6 2 1928 1925 
7 3 0 1912 1927 
6 2 1930 1927 
5 3 0 1910 1929 
6 2 1932 1929 
7 3 0 1911 1931 
6 2 1934 1931 
5 3 0 1911 1933 
6 2 1936 1933 
7 3 0 1910 1935 
6 2 1938 1935 
5 3 0 1912 1937 
6 2 1940 1937 
7 3 0 1909 1939 
6 2 1942 1939 
5 3 0 1913 1941 
6 2 1944 1941 
7 3 0 1908 1943 
6 2 1946 1943 
5 3 0 1914 1945 
6 2 1948 1945 
7 3 0 1907 1947 
6 2 1950 1947 
5 3 0 1915 1949 
6 2 1952 1949 
7 3 0 1906 1951 
6 2 1954 1951 
8 3 1953 1955 0 
9 2 0 1956 
6 2 1957 1956 
10 2 0 1958 
9 3 0 1959 1958 
6 2 1960 1958 
10 2 0 1961 
9 3 0 1962 1961 
6 2 1963 1961 
10 2 0 1964 
9 3 0 1965 1964 
6 2 1966 1964 
10 2 0 1967 
9 3 0 1968 1967 
6 2 1969 1967 
10 2 0 1970 
9 3 0 1971 1970 
6 2 1972 1970 
10 2 0 1973 
9 3 0 1974 1973 
6 2 1975 1973 
10 2 0 1976 
9 3 0 1977 1976 
6 2 1978 1976 
10 2 0 1979 
9 3 0 1980 1979 
6 2 1981 1979 
10 2 0 1982 
11 9 1959 1962 1965 1968 1971 1974 1977 1980 1983 
1 0 
1 0 
1 0 
1 0 
1 0 
1 0 
1 0 
1 0 
1 0 
1 0 
1 0 
2 2 0 1985 
3 1 1996 
4 2 0 1995 
3 1 1998 
5 3 0 1986 1997 
6 2 2000 1997 
7 3 0 1994 1999 
6 2 2002 1999 
5 3 0 1987 2001 
6 2 2004 2001 
7 3 0 1993 2003 
6 2 2006 2003 
5 3 0 1988 2005 
6 2 2008 2005 
7 3 0 1992 2007 
6 2 2010 2007 
5 3 0 1989 2009 
6 2 2012 2009 
7 3 0 1991 2011 
6 2 2014 2011 
5 3 0 1990 2013 
6 2 2016 2013 
7 3 0 1990 2015 
6 2 2018 2015 
5 3 0 1991 2017 
6 2 2020 2017 
7 3 0 1989 2019 
6 2 2022 2019 
5 3 0 1992 2021 
6 2 2024 2021 
7 3 0 1988 2023 
6 2 2026 2023 
5 3 0 1993 2025 
6 2 2028 2025 
7 3 0 1987 2027 
6 2 2030 2027 
5 3 0 1994 2029 
6 2 2032 2029 
7 3 0 1986 2031 
6 2 2034 2031 
5 3 0 1995 2033 
6 2 2036 2033 
7 3 0 1985 2035 
6 2 2038 2035 
8 3 2037 2039 0 
9 2 0 2040 
6 2 2041 2040 
10 2 0 2042 
9 3 0 2043 2042 
6 2 2044 2042 
10 2 0 2045 
9 3 0 2046 2045 
6 2 2047 2045 
10 2 0 2048 
9 3 0 2049 2048 
6 2 2050 2048 
10 2 0 2051 
9 3 0 2052 2051 
6 2 2053 2051 
10 2 0 2054 
9 3 0 2055 2054 
6 2 2056 2054 
10 2 0 2057 
9 3 0 2058 2057 
6 2 2059 2057 
10 2 0 2060 
9 3 0 2061 2060 
6 2 2062 2060 
10 2 0 2063 
9 3 0 2064 2063 
6 2 2065 2063 
10 2 0 2066 
9 3 0 2067 2066 
6 2 2068 2066 
10 2 0 2069 
11 10 2043 2046 2049 2052 2055 2058 2061 2064 2067 2070 
1 0 
1 0 
1 0 
1 0 
1 0 
1 0 
1 0 
1 0 
1 0 
2 2 0 2072 
3 1 2081 
4 2 0 2080 
3 1 2083 
5 3 0 2073 2082 
6 2 2085 2082 
7 3 0 2079 2084 
6 2 2087 2084 
5 3 0 2074 2086 
6 2 2089 2086 
7 3 0 2078 2088 
6 2 2091 2088 
5 3 0 2075 2090 
6 2 2093 2090 
7 3 0 2077 2092 
6 2 2095 2092 
5 3 0 2076 2094 
6 2 2097 2094 
7 3 0 2076 2096 
6 2 2099 2096 
5 3 0 2077 2098 
6 2 2101 2098 
7 3 0 2075 2100 
6 2 2103 2100 
5 3 0 2078 2102 
6 2 2105 2102 
7 3 0 2074 2104 
6 2 2107 2104 
5 3 0 2079 2106 
6 2 2109 2106 
7 3 0 2073 2108 
6 2 2111 2108 
5 3 0 2080 2110 
6 2 2113 2110 
7 3 0 2072 2112 
6 2 2115 2112 
8 3 2114 2116 0 
9 2 0 2117 
6 2 2118 2117 
10 2 0 2119 
9 3 0 2120 2119 
6 2 2121 2119 
10 2 0 2122 
9 3 0 2123 2122 
6 2 2124 2122 
10 2 0 2125 
9 3 0 2126 2125 
6 2 2127 2125 
10 2 0 2128 
9 3 0 2129 2128 
6 2 2130 2128 
10 2 0 2131 
9 3 0 2132 2131 
6 2 2133 2131 
10 2 0 2134 
9 3 0 2135 2134 
6 2 2136 2134 
10 2 0 2137 
9 3 0 2138 2137 
6 2 2139 2137 
10 2 0 2140 
11 8 2120 2123 2126 2129 2132 2135 2138 2141 
1 0 
1 0 
1 0 
1 0 
1 0 
1 0 
1 0 
1 0 
1 0 
1 0 
2 2 0 2143 
3 1 2153 
4 2 0 2152 
3 1 2155 
5 3 0 2144 2154 
6 2 2157 2154 
7 3 0 2151 2156 
6 2 2159 2156 
5 3 0 2145 2158 
6 2 2161 2158 
7 3 0 2150 2160 
6 2 2163 2160 
5 3 0 2146 2162 
6 2 2165 2162 
7 3 0 2149 2164 
6 2 2167 2164 
5 3 0 2147 2166 
6 2 2169 2166 
7 3 0 2148 2168 
6 2 2171 2168 
5 3 0 2148 2170 
6 2 2173 2170 
7 3 0 2147 2172 
6 2 2175 2172 
5 3 0 2149 2174 
6 2 2177 2174 
7 3 0 2146 2176 
6 2 2179 2176 
5 3 0 2150 2178 
6 2 2181 2178 
7 3 0 2145 2180 
6 2 2183 2180 
5 3 0 2151 2182 
6 2 2185 2182 
7 3 0 2144 2184 
6 2 2187 2184 
5 3 0 2152 2186 
6 2 2189 2186 
7 3 0 2143 2188 
6 2 2191 2188 
8 3 2190 2192 0 
9 2 0 2193 
6 2 2194 2193 
10 2 0 2195 
9 3 0 2196 2195 
6 2 2197 2195 
10 2 0 2198 
9 3 0 2199 2198 
6 2 2200 2198 
10 2 0 2201 
9 3 0 2202 2201 
6 2 2203 2201 
10 2 0 2204 
9 3 0 2205 2204 
6 2 2206 2204 
10 2 0 2207 
9 3 0 2208 2207 
6 2 2209 2207 
10 2 0 2210 
9 3 0 2211 2210 
6 2 2212 2210 
10 2 0 2213 
9 3 0 2214 2213 
6 2 2215 2213 
10 2 0 2216 
9 3 0 2217 2216 
6 2 2218 2216 
10 2 0 2219 
11 9 2196 2199 2202 2205 2208 2211 2214 2217 2220 
1 0 
1 0 
1 0 
1 0 
1 0 
1 0 
1 0 
1 0 
1 0 
2 2 0 2222 
3 1 2231 
4 2 0 2230 
3 1 2233 
5 3 0 2223 2232 
6 2 2235 2232 
7 3 0 2229 2234 
6 2 2237 2234 
5 3 0 2224 2236 
6 2 2239 2236 
7 3 0 2228 2238 
6 2 2241 2238 
5 3 0 2225 2240 
6 2 2243 2240 
7 3 0 2227 2242 
6 2 2245 2242 
5 3 0 2226 2244 
6 2 2247 2244 
7 3 0 2226 2246 
6 2 2249 2246 
5 3 0 2227 2248 
6 2 2251 2248 
7 3 0 2225 2250 
6 2 2253 2250 
5 3 0 2228 2252 
6 2 2255 2252 
7 3 0 2224 2254 
6 2 2257 2254 
5 3 0 2229 2256 
6 2 2259 2256 
7 3 0 2223 2258 
6 2 2261 2258 
5 3 0 2230 2260 
6 2 2263 2260 
7 3 0 2222 2262 
6 2 2265 2262 
8 3 2264 2266 0 
9 2 0 2267 
6 2 2268 2267 
10 2 0 2269 
9 3 0 2270 2269 
6 2 2271 2269 
10 2 0 2272 
9 3 0 2273 2272 
6 2 2274 2272 
10 2 0 2275 
9 3 0 2276 2275 
6 2 2277 2275 
10 2 0 2278 
9 3 0 2279 2278 
6 2 2280 2278 
10 2 0 2281 
9 3 0 2282 2281 
6 2 2283 2281 
10 2 0 2284 
9 3 0 2285 2284 
6 2 2286 2284 
10 2 0 2287 
9 3 0 2288 2287 
6 2 2289 2287 
10 2 0 2290 
11 8 2270 2273 2276 2279 2282 2285 2288 2291 
1 0 
1 0 
1 0 
1 0 
2 2 0 2293 
3 1 2297 
4 2 0 2296 
3 1 2299 
5 3 0 2294 2298 
6 2 2301 2298 
7 3 0 2295 2300 
6 2 2303 2300 
5 3 0 2295 2302 
6 2 2305 2302 
7 3 0 2294 2304 
6 2 2307 2304 
5 3 0 2296 2306 
6 2 2309 2306 
7 3 0 2293 2308 
6 2 2311 2308 
8 3 2310 2312 0 
9 2 0 2313 
6 2 2314 2313 
10 2 0 2315 
9 3 0 2316 2315 
6 2 2317 2315 
10 2 0 2318 
9 3 0 2319 2318 
6 2 2320 2318 
10 2 0 2321 
11 3 2316 2319 2322 
1 0 
1 0 
1 0 
1 0 
1 0 
1 0 
1 0 
1 0 
2 2 0 2324 
3 1 2332 
4 2 0 2331 
3 1 2334 
5 3 0 2325 2333 
6 2 2336 2333 
7 3 0 2330 2335 
6 2 2338 2335 
5 3 0 2326 2337 
6 2 2340 2337 
7 3 0 2329 2339 
6 2 2342 2339 
5 3 0 2327 2341 
6 2 2344 2341 
7 3 0 2328 2343 
6 2 2346 2343 
5 3 0 2328 2345 
6 2 2348 2345 
7 3 0 2327 2347 
6 2 2350 2347 
5 3 0 2329 2349 
6 2 2352 2349 
7 3 0 2326 2351 
6 2 2354 2351 
5 3 0 2330 2353 
6 2 2356 2353 
7 3 0 2325 2355 
6 2 2358 2355 
5 3 0 2331 2357 
6 2 2360 2357 
7 3 0 2324 2359 
6 2 2362 2359 
8 3 2361 2363 0 
9 2 0 2364 
6 2 2365 2364 
10 2 0 2366 
9 3 0 2367 2366 
6 2 2368 2366 
10 2 0 2369 
9 3 0 2370 2369 
6 2 2371 2369 
10 2 0 2372 
9 3 0 2373 2372 
6 2 2374 2372 
10 2 0 2375 
9 3 0 2376 2375 
6 2 2377 2375 
10 2 0 2378 
9 3 0 2379 2378 
6 2 2380 2378 
10 2 0 2381 
9 3 0 2382 2381 
6 2 2383 2381 
10 2 0 2384 
11 7 2367 2370 2373 2376 2379 2382 2385 
1 0 
1 0 
1 0 
1 0 
1 0 
1 0 
1 0 
1 0 
1 0 
1 0 
1 0 
2 2 0 2387 
3 1 2398 
4 2 0 2397 
3 1 2400 
5 3 0 2388 2399 
6 2 2402 2399 
7 3 0 2396 2401 
6 2 2404 2401 
5 3 0 2389 2403 
6 2 2406 2403 
7 3 0 2395 2405 
6 2 2408 2405 
5 3 0 2390 2407 
6 2 2410 2407 
7 3 0 2394 2409 
6 2 2412 2409 
5 3 0 2391 2411 
6 2 2414 2411 
7 3 0 2393 2413 
6 2 2416 2413 
5 3 0 2392 2415 
6 2 2418 2415 
7 3 0 2392 2417 
6 2 2420 2417 
5 3 0 2393 2419 
6 2 2422 2419 
7 3 0 2391 2421 
6 2 2424 2421 
5 3 0 2394 2423 
6 2 2426 2423 
7 3 0 2390 2425 
6 2 2428 2425 
5 3 0 2395 2427 
6 2 2430 2427 
7 3 0 2389 2429 
6 2 2432 2429 
5 3 0 2396 2431 
6 2 2434 2431 
7 3 0 2388 2433 
6 2 2436 2433 
5 3 0 2397 2435 
6 2 2438 2435 
7 3 0 2387 2437 
6 2 2440 2437 
8 3 2439 2441 0 
9 2 0 2442 
6 2 2443 2442 
10 2 0 2444 
9 3 0 2445 2444 
6 2 2446 2444 
10 2 0 2447 
9 3 0 2448 2447 
6 2 2449 2447 
10 2 0 2450 
9 3 0 2451 2450 
6 2 2452 2450 
10 2 0 2453 
9 3 0 2454 2453 
6 2 2455 2453 
10 2 0 2456 
9 3 0 2457 2456 
6 2 2458 2456 
10 2 0 2459 
9 3 0 2460 2459 
6 2 2461 2459 
10 2 0 2462 
9 3 0 2463 2462 
6 2 2464 2462 
10 2 0 2465 
9 3 0 2466 2465 
6 2 2467 2465 
10 2 0 2468 
9 3 0 2469 2468 
6 2 2470 2468 
10 2 0 2471 
11 10 2445 2448 2451 2454 2457 2460 2463 2466 2469 2472 
1 0 
1 0 
1 0 
1 0 
1 0 
1 0 
1 0 
1 0 
2 2 0 2474 
3 1 2482 
4 2 0 2481 
3 1 2484 
5 3 0 2475 2483 
6 2 2486 2483 
7 3 0 2480 2485 
6 2 2488 2485 
5 3 0 2476 2487 
6 2 2490 2487 
7 3 0 2479 2489 
6 2 2492 2489 
5 3 0 2477 2491 
6 2 2494 2491 
7 3 0 2478 2493 
6 2 2496 2493 
5 3 0 2478 2495 
6 2 2498 2495 
7 3 0 2477 2497 
6 2 2500 2497 
5 3 0 2479 2499 
6 2 2502 2499 
7 3 0 2476 2501 
6 2 2504 2501 
5 3 0 2480 2503 
6 2 2506 2503 
7 3 0 2475 2505 
6 2 2508 2505 
5 3 0 2481 2507 
6 2 2510 2507 
7 3 0 2474 2509 
6 2 2512 2509 
8 3 2511 2513 0 
9 2 0 2514 
6 2 2515 2514 
10 2 0 2516 
9 3 0 2517 2516 
6 2 2518 2516 
10 2 0 2519 
9 3 0 2520 2519 
6 2 2521 2519 
10 2 0 2522 
9 3 0 2523 2522 
6 2 2524 2522 
10 2 0 2525 
9 3 0 2526 2525 
6 2 2527 2525 
10 2 0 2528 
9 3 0 2529 2528 
6 2 2530 2528 
10 2 0 2531 
9 3 0 2532 2531 
6 2 2533 2531 
10 2 0 2534 
11 7 2517 2520 2523 2526 2529 2532 2535 
1 0 
1 0 
1 0 
1 0 
1 0 
1 0 
1 0 
1 0 
2 2 0 2537 
3 1 2545 
4 2 0 2544 
3 1 2547 
5 3 0 2538 2546 
6 2 2549 2546 
7 3 0 2543 2548 
6 2 2551 2548 
5 3 0 2539 2550 
6 2 2553 2550 
7 3 0 2542 2552 
6 2 2555 2552 
5 3 0 2540 2554 
6 2 2557 2554 
7 3 0 2541 2556 
6 2 2559 2556 
5 3 0 2541 2558 
6 2 2561 2558 
7 3 0 2540 2560 
6 2 2563 2560 
5 3 0 2542 2562 
6 2 2565 2562 
7 3 0 2539 2564 
6 2 2567 2564 
5 3 0 2543 2566 
6 2 2569 2566 
7 3 0 2538 2568 
6 2 2571 2568 
5 3 0 2544 2570 
6 2 2573 2570 
7 3 0 2537 2572 
6 2 2575 2572 
8 3 2574 2576 0 
9 2 0 2577 
6 2 2578 2577 
10 2 0 2579 
9 3 0 2580 2579 
6 2 2581 2579 
10 2 0 2582 
9 3 0 2583 2582 
6 2 2584 2582 
10 2 0 2585 
9 3 0 2586 2585 
6 2 2587 2585 
10 2 0 2588 
9 3 0 2589 2588 
6 2 2590 2588 
10 2 0 2591 
9 3 0 2592 2591 
6 2 2593 2591 
10 2 0 2594 
9 3 0 2595 2594 
6 2 2596 2594 
10 2 0 2597 
11 7 2580 2583 2586 2589 2592 2595 2598 
1 0 
1 0 
1 0 
1 0 
1 0 
1 0 
1 0 
1 0 
2 2 0 2600 
3 1 2608 
4 2 0 2607 
3 1 2610 
5 3 0 2601 2609 
6 2 2612 2609 
7 3 0 2606 2611 
6 2 2614 2611 
5 3 0 2602 2613 
6 2 2616 2613 
7 3 0 2605 2615 
6 2 2618 2615 
5 3 0 2603 2617 
6 2 2620 2617 
7 3 0 2604 2619 
6 2 2622 2619 
5 3 0 2604 2621 
6 2 2624 2621 
7 3 0 2603 2623 
6 2 2626 2623 
5 3 0 2605 2625 
6 2 2628 2625 
7 3 0 2602 2627 
6 2 2630 2627 
5 3 0 2606 2629 
6 2 2632 2629 
7 3 0 2601 2631 
6 2 2634 2631 
5 3 0 2607 2633 
6 2 2636 2633 
7 3 0 2600 2635 
6 2 2638 2635 
8 3 2637 2639 0 
9 2 0 2640 
6 2 2641 2640 
10 2 0 2642 
9 3 0 2643 2642 
6 2 2644 2642 
10 2 0 2645 
9 3 0 2646 2645 
6 2 2647 2645 
10 2 0 2648 
9 3 0 2649 2648 
6 2 2650 2648 
10 2 0 2651 
9 3 0 2652 2651 
6 2 2653 2651 
10 2 0 2654 
9 3 0 2655 2654 
6 2 2656 2654 
10 2 0 2657 
9 3 0 2658 2657 
6 2 2659 2657 
10 2 0 2660 
11 7 2643 2646 2649 2652 2655 2658 2661 
1 0 
1 0 
1 0 
1 0 
1 0 
1 0 
1 0 
1 0 
2 2 0 2663 
3 1 2671 
4 2 0 2670 
3 1 2673 
5 3 0 2664 2672 
6 2 2675 2672 
7 3 0 2669 2674 
6 2 2677 2674 
5 3 0 2665 2676 
6 2 2679 2676 
7 3 0 2668 2678 
6 2 2681 2678 
5 3 0 2666 2680 
6 2 2683 2680 
7 3 0 2667 2682 
6 2 2685 2682 
5 3 0 2667 2684 
6 2 2687 2684 
7 3 0 2666 2686 
6 2 2689 2686 
5 3 0 2668 2688 
6 2 2691 2688 
7 3 0 2665 2690 
6 2 2693 2690 
5 3 0 2669 2692 
6 2 2695 2692 
7 3 0 2664 2694 
6 2 2697 2694 
5 3 0 2670 2696 
6 2 2699 2696 
7 3 0 2663 2698 
6 2 2701 2698 
8 3 2700 2702 0 
9 2 0 2703 
6 2 2704 2703 
10 2 0 2705 
9 3 0 2706 2705 
6 2 2707 2705 
10 2 0 2708 
9 3 0 2709 2708 
6 2 2710 2708 
10 2 0 2711 
9 3 0 2712 2711 
6 2 2713 2711 
10 2 0 2714 
9 3 0 2715 2714 
6 2 2716 2714 
10 2 0 2717 
9 3 0 2718 2717 
6 2 2719 2717 
10 2 0 2720 
9 3 0 2721 2720 
6 2 2722 2720 
10 2 0 2723 
11 7 2706 2709 2712 2715 2718 2721 2724 
1 0 
1 0 
1 0 
1 0 
1 0 
1 0 
1 0 
1 0 
1 0 
2 2 0 2726 
3 1 2735 
4 2 0 2734 
3 1 2737 
5 3 0 2727 2736 
6 2 2739 2736 
7 3 0 2733 2738 
6 2 2741 2738 
5 3 0 2728 2740 
6 2 2743 2740 
7 3 0 2732 2742 
6 2 2745 2742 
5 3 0 2729 2744 
6 2 2747 2744 
7 3 0 2731 2746 
6 2 2749 2746 
5 3 0 2730 2748 
6 2 2751 2748 
7 3 0 2730 2750 
6 2 2753 2750 
5 3 0 2731 2752 
6 2 2755 2752 
7 3 0 2729 2754 
6 2 2757 2754 
5 3 0 2732 2756 
6 2 2759 2756 
7 3 0 2728 2758 
6 2 2761 2758 
5 3 0 2733 2760 
6 2 2763 2760 
7 3 0 2727 2762 
6 2 2765 2762 
5 3 0 2734 2764 
6 2 2767 2764 
7 3 0 2726 2766 
6 2 2769 2766 
8 3 2768 2770 0 
9 2 0 2771 
6 2 2772 2771 
10 2 0 2773 
9 3 0 2774 2773 
6 2 2775 2773 
10 2 0 2776 
9 3 0 2777 2776 
6 2 2778 2776 
10 2 0 2779 
9 3 0 2780 2779 
6 2 2781 2779 
10 2 0 2782 
9 3 0 2783 2782 
6 2 2784 2782 
10 2 0 2785 
9 3 0 2786 2785 
6 2 2787 2785 
10 2 0 2788 
9 3 0 2789 2788 
6 2 2790 2788 
10 2 0 2791 
9 3 0 2792 2791 
6 2 2793 2791 
10 2 0 2794 
11 8 2774 2777 2780 2783 2786 2789 2792 2795 
1 0 
1 0 
1 0 
1 0 
1 0 
1 0 
1 0 
1 0 
1 0 
1 0 
2 2 0 2797 
3 1 2807 
4 2 0 2806 
3 1 2809 
5 3 0 2798 2808 
6 2 2811 2808 
7 3 0 2805 2810 
6 2 2813 2810 
5 3 0 2799 2812 
6 2 2815 2812 
7 3 0 2804 2814 
6 2 2817 2814 
5 3 0 2800 2816 
6 2 2819 2816 
7 3 0 2803 2818 
6 2 2821 2818 
5 3 0 2801 2820 
6 2 2823 2820 
7 3 0 2802 2822 
6 2 2825 2822 
5 3 0 2802 2824 
6 2 2827 2824 
7 3 0 2801 2826 
6 2 2829 2826 
5 3 0 2803 2828 
6 2 2831 2828 
7 3 0 2800 2830 
6 2 2833 2830 
5 3 0 2804 2832 
6 2 2835 2832 
7 3 0 2799 2834 
6 2 2837 2834 
5 3 0 2805 2836 
6 2 2839 2836 
7 3 0 2798 2838 
6 2 2841 2838 
5 3 0 2806 2840 
6 2 2843 2840 
7 3 0 2797 2842 
6 2 2845 2842 
8 3 2844 2846 0 
9 2 0 2847 
6 2 2848 2847 
10 2 0 2849 
9 3 0 2850 2849 
6 2 2851 2849 
10 2 0 2852 
9 3 0 2853 2852 
6 2 2854 2852 
10 2 0 2855 
9 3 0 2856 2855 
6 2 2857 2855 
10 2 0 2858 
9 3 0 2859 2858 
6 2 2860 2858 
10 2 0 2861 
9 3 0 2862 2861 
6 2 2863 2861 
10 2 0 2864 
9 3 0 2865 2864 
6 2 2866 2864 
10 2 0 2867 
9 3 0 2868 2867 
6 2 2869 2867 
10 2 0 2870 
9 3 0 2871 2870 
6 2 2872 2870 
10 2 0 2873 
11 9 2850 2853 2856 2859 2862 2865 2868 2871 2874 
1 0 
1 0 
1 0 
1 0 
1 0 
1 0 
1 0 
1 0 
1 0 
2 2 0 2876 
3 1 2885 
4 2 0 2884 
3 1 2887 
5 3 0 2877 2886 
6 2 2889 2886 
7 3 0 2883 2888 
6 2 2891 2888 
5 3 0 2878 2890 
6 2 2893 2890 
7 3 0 2882 2892 
6 2 2895 2892 
5 3 0 2879 2894 
6 2 2897 2894 
7 3 0 2881 2896 
6 2 2899 2896 
5 3 0 2880 2898 
6 2 2901 2898 
7 3 0 2880 2900 
6 2 2903 2900 
5 3 0 2881 2902 
6 2 2905 2902 
7 3 0 2879 2904 
6 2 2907 2904 
5 3 0 2882 2906 
6 2 2909 2906 
7 3 0 2878 2908 
6 2 2911 2908 
5 3 0 2883 2910 
6 2 2913 2910 
7 3 0 2877 2912 
6 2 2915 2912 
5 3 0 2884 2914 
6 2 2917 2914 
7 3 0 2876 2916 
6 2 2919 2916 
8 3 2918 2920 0 
9 2 0 2921 
6 2 2922 2921 
10 2 0 2923 
9 3 0 2924 2923 
6 2 2925 2923 
10 2 0 2926 
9 3 0 2927 2926 
6 2 2928 2926 
10 2 0 2929 
9 3 0 2930 2929 
6 2 2931 2929 
10 2 0 2932 
9 3 0 2933 2932 
6 2 2934 2932 
10 2 0 2935 
9 3 0 2936 2935 
6 2 2937 2935 
10 2 0 2938 
9 3 0 2939 2938 
6 2 2940 2938 
10 2 0 2941 
9 3 0 2942 2941 
6 2 2943 2941 
10 2 0 2944 
11 8 2924 2927 2930 2933 2936 2939 2942 2945 
1 0 
1 0 
1 0 
1 0 
1 0 
1 0 
1 0 
1 0 
2 2 0 2947 
3 1 2955 
4 2 0 2954 
3 1 2957 
5 3 0 2948 2956 
6 2 2959 2956 
7 3 0 2953 2958 
6 2 2961 2958 
5 3 0 2949 2960 
6 2 2963 2960 
7 3 0 2952 2962 
6 2 2965 2962 
5 3 0 2950 2964 
6 2 2967 2964 
7 3 0 2951 2966 
6 2 2969 2966 
5 3 0 2951 2968 
6 2 2971 2968 
7 3 0 2950 2970 
6 2 2973 2970 
5 3 0 2952 2972 
6 2 2975 2972 
7 3 0 2949 2974 
6 2 2977 2974 
5 3 0 2953 2976 
6 2 2979 2976 
7 3 0 2948 2978 
6 2 2981 2978 
5 3 0 2954 2980 
6 2 2983 2980 
7 3 0 2947 2982 
6 2 2985 2982 
8 3 2984 2986 0 
9 2 0 2987 
6 2 2988 2987 
10 2 0 2989 
9 3 0 2990 2989 
6 2 2991 2989 
10 2 0 2992 
9 3 0 2993 2992 
6 2 2994 2992 
10 2 0 2995 
9 3 0 2996 2995 
6 2 2997 2995 
10 2 0 2998 
9 3 0 2999 2998 
6 2 3000 2998 
10 2 0 3001 
9 3 0 3002 3001 
6 2 3003 3001 
10 2 0 3004 
9 3 0 3005 3004 
6 2 3006 3004 
10 2 0 3007 
11 7 2990 2993 2996 2999 3002 3005 3008 
1 0 
1 0 
1 0 
1 0 
1 0 
1 0 
1 0 
1 0 
1 0 
1 0 
1 0 
2 2 0 3010 
3 1 3021 
4 2 0 3020 
3 1 3023 
5 3 0 3011 3022 
6 2 3025 3022 
7 3 0 3019 3024 
6 2 3027 3024 
5 3 0 3012 3026 
6 2 3029 3026 
7 3 0 3018 3028 
6 2 3031 3028 
5 3 0 3013 3030 
6 2 3033 3030 
7 3 0 3017 3032 
6 2 3035 3032 
5 3 0 3014 3034 
6 2 3037 3034 
7 3 0 3016 3036 
6 2 3039 3036 
5 3 0 3015 3038 
6 2 3041 3038 
7 3 0 3015 3040 
6 2 3043 3040 
5 3 0 3016 3042 
6 2 3045 3042 
7 3 0 3014 3044 
6 2 3047 3044 
5 3 0 3017 3046 
6 2 3049 3046 
7 3 0 3013 3048 
6 2 3051 3048 
5 3 0 3018 3050 
6 2 3053 3050 
7 3 0 3012 3052 
6 2 3055 3052 
5 3 0 3019 3054 
6 2 3057 3054 
7 3 0 3011 3056 
6 2 3059 3056 
5 3 0 3020 3058 
6 2 3061 3058 
7 3 0 3010 3060 
6 2 3063 3060 
8 3 3062 3064 0 
9 2 0 3065 
6 2 3066 3065 
10 2 0 3067 
9 3 0 3068 3067 
6 2 3069 3067 
10 2 0 3070 
9 3 0 3071 3070 
6 2 3072 3070 
10 2 0 3073 
9 3 0 3074 3073 
6 2 3075 3073 
10 2 0 3076 
9 3 0 3077 3076 
6 2 3078 3076 
10 2 0 3079 
9 3 0 3080 3079 
6 2 3081 3079 
10 2 0 3082 
9 3 0 3083 3082 
6 2 3084 3082 
10 2 0 3085 
9 3 0 3086 3085 
6 2 3087 3085 
10 2 0 3088 
9 3 0 3089 3088 
6 2 3090 3088 
10 2 0 3091 
9 3 0 3092 3091 
6 2 3093 3091 
10 2 0 3094 
11 10 3068 3071 3074 3077 3080 3083 3086 3089 3092 3095 
1 0 
1 0 
1 0 
1 0 
1 0 
1 0 
1 0 
1 0 
1 0 
1 0 
1 0 
1 0 
1 0 
1 0 
1 0 
1 0 
2 2 0 3097 
3 1 3113 
4 2 0 3112 
3 1 3115 
5 3 0 3098 3114 
6 2 3117 3114 
7 3 0 3111 3116 
6 2 3119 3116 
5 3 0 3099 3118 
6 2 3121 3118 
7 3 0 3110 3120 
6 2 3123 3120 
5 3 0 3100 3122 
6 2 3125 3122 
7 3 0 3109 3124 
6 2 3127 3124 
5 3 0 3101 3126 
6 2 3129 3126 
7 3 0 3108 3128 
6 2 3131 3128 
5 3 0 3102 3130 
6 2 3133 3130 
7 3 0 3107 3132 
6 2 3135 3132 
5 3 0 3103 3134 
6 2 3137 3134 
7 3 0 3106 3136 
6 2 3139 3136 
5 3 0 3104 3138 
6 2 3141 3138 
7 3 0 3105 3140 
6 2 3143 3140 
5 3 0 3105 3142 
6 2 3145 3142 
7 3 0 3104 3144 
6 2 3147 3144 
5 3 0 3106 3146 
6 2 3149 3146 
7 3 0 3103 3148 
6 2 3151 3148 
5 3 0 3107 3150 
6 2 3153 3150 
7 3 0 3102 3152 
6 2 3155 3152 
5 3 0 3108 3154 
6 2 3157 3154 
7 3 0 3101 3156 
6 2 3159 3156 
5 3 0 3109 3158 
6 2 3161 3158 
7 3 0 3100 3160 
6 2 3163 3160 
5 3 0 3110 3162 
6 2 3165 3162 
7 3 0 3099 3164 
6 2 3167 3164 
5 3 0 3111 3166 
6 2 3169 3166 
7 3 0 3098 3168 
6 2 3171 3168 
5 3 0 3112 3170 
6 2 3173 3170 
7 3 0 3097 3172 
6 2 3175 3172 
8 3 3174 3176 0 
9 2 0 3177 
6 2 3178 3177 
10 2 0 3179 
9 3 0 3180 3179 
6 2 3181 3179 
10 2 0 3182 
9 3 0 3183 3182 
6 2 3184 3182 
10 2 0 3185 
9 3 0 3186 3185 
6 2 3187 3185 
10 2 0 3188 
9 3 0 3189 3188 
6 2 3190 3188 
10 2 0 3191 
9 3 0 3192 3191 
6 2 3193 3191 
10 2 0 3194 
9 3 0 3195 3194 
6 2 3196 3194 
10 2 0 3197 
9 3 0 3198 3197 
6 2 3199 3197 
10 2 0 3200 
9 3 0 3201 3200 
6 2 3202 3200 
10 2 0 3203 
9 3 0 3204 3203 
6 2 3205 3203 
10 2 0 3206 
9 3 0 3207 3206 
6 2 3208 3206 
10 2 0 3209 
9 3 0 3210 3209 
6 2 3211 3209 
10 2 0 3212 
9 3 0 3213 3212 
6 2 3214 3212 
10 2 0 3215 
9 3 0 3216 3215 
6 2 3217 3215 
10 2 0 3218 
9 3 0 3219 3218 
6 2 3220 3218 
10 2 0 3221 
11 15 3180 3183 3186 3189 3192 3195 3198 3201 3204 3207 3210 3213 3216 3219 3222 
1 0 
1 0 
1 0 
1 0 
1 0 
1 0 
1 0 
1 0 
1 0 
1 0 
1 0 
2 2 0 3224 
3 1 3235 
4 2 0 3234 
3 1 3237 
5 3 0 3225 3236 
6 2 3239 3236 
7 3 0 3233 3238 
6 2 3241 3238 
5 3 0 3226 3240 
6 2 3243 3240 
7 3 0 3232 3242 
6 2 3245 3242 
5 3 0 3227 3244 
6 2 3247 3244 
7 3 0 3231 3246 
6 2 3249 3246 
5 3 0 3228 3248 
6 2 3251 3248 
7 3 0 3230 3250 
6 2 3253 3250 
5 3 0 3229 3252 
6 2 3255 3252 
7 3 0 3229 3254 
6 2 3257 3254 
5 3 0 3230 3256 
6 2 3259 3256 
7 3 0 3228 3258 
6 2 3261 3258 
5 3 0 3231 3260 
6 2 3263 3260 
7 3 0 3227 3262 
6 2 3265 3262 
5 3 0 3232 3264 
6 2 3267 3264 
7 3 0 3226 3266 
6 2 3269 3266 
5 3 0 3233 3268 
6 2 3271 3268 
7 3 0 3225 3270 
6 2 3273 3270 
5 3 0 3234 3272 
6 2 3275 3272 
7 3 0 3224 3274 
6 2 3277 3274 
8 3 3276 3278 0 
9 2 0 3279 
6 2 3280 3279 
10 2 0 3281 
9 3 0 3282 3281 
6 2 3283 3281 
10 2 0 3284 
9 3 0 3285 3284 
6 2 3286 3284 
10 2 0 3287 
9 3 0 3288 3287 
6 2 3289 3287 
10 2 0 3290 
9 3 0 3291 3290 
6 2 3292 3290 
10 2 0 3293 
9 3 0 3294 3293 
6 2 3295 3293 
10 2 0 3296 
9 3 0 3297 3296 
6 2 3298 3296 
10 2 0 3299 
9 3 0 3300 3299 
6 2 3301 3299 
10 2 0 3302 
9 3 0 3303 3302 
6 2 3304 3302 
10 2 0 3305 
9 3 0 3306 3305 
6 2 3307 3305 
10 2 0 3308 
11 10 3282 3285 3288 3291 3294 3297 3300 3303 3306 3309 
1 0 
1 0 
1 0 
1 0 
1 0 
1 0 
1 0 
1 0 
1 0 
1 0 
2 2 0 3311 
3 1 3321 
4 2 0 3320 
3 1 3323 
5 3 0 3312 3322 
6 2 3325 3322 
7 3 0 3319 3324 
6 2 3327 3324 
5 3 0 3313 3326 
6 2 3329 3326 
7 3 0 3318 3328 
6 2 3331 3328 
5 3 0 3314 3330 
6 2 3333 3330 
7 3 0 3317 3332 
6 2 3335 3332 
5 3 0 3315 3334 
6 2 3337 3334 
7 3 0 3316 3336 
6 2 3339 3336 
5 3 0 3316 3338 
6 2 3341 3338 
7 3 0 3315 3340 
6 2 3343 3340 
5 3 0 3317 3342 
6 2 3345 3342 
7 3 0 3314 3344 
6 2 3347 3344 
5 3 0 3318 3346 
6 2 3349 3346 
7 3 0 3313 3348 
6 2 3351 3348 
5 3 0 3319 3350 
6 2 3353 3350 
7 3 0 3312 3352 
6 2 3355 3352 
5 3 0 3320 3354 
6 2 3357 3354 
7 3 0 3311 3356 
6 2 3359 3356 
8 3 3358 3360 0 
9 2 0 3361 
6 2 3362 3361 
10 2 0 3363 
9 3 0 3364 3363 
6 2 3365 3363 
10 2 0 3366 
9 3 0 3367 3366 
6 2 3368 3366 
10 2 0 3369 
9 3 0 3370 3369 
6 2 3371 3369 
10 2 0 3372 
9 3 0 3373 3372 
6 2 3374 3372 
10 2 0 3375 
9 3 0 3376 3375 
6 2 3377 3375 
10 2 0 3378 
9 3 0 3379 3378 
6 2 3380 3378 
10 2 0 3381 
9 3 0 3382 3381 
6 2 3383 3381 
10 2 0 3384 
9 3 0 3385 3384 
6 2 3386 3384 
10 2 0 3387 
11 9 3364 3367 3370 3373 3376 3379 3382 3385 3388 
1 0 
1 0 
1 0 
1 0 
1 0 
1 0 
1 0 
1 0 
1 0 
1 0 
1 0 
1 0 
1 0 
2 2 0 3390 
3 1 3403 
4 2 0 3402 
3 1 3405 
5 3 0 3391 3404 
6 2 3407 3404 
7 3 0 3401 3406 
6 2 3409 3406 
5 3 0 3392 3408 
6 2 3411 3408 
7 3 0 3400 3410 
6 2 3413 3410 
5 3 0 3393 3412 
6 2 3415 3412 
7 3 0 3399 3414 
6 2 3417 3414 
5 3 0 3394 3416 
6 2 3419 3416 
7 3 0 3398 3418 
6 2 3421 3418 
5 3 0 3395 3420 
6 2 3423 3420 
7 3 0 3397 3422 
6 2 3425 3422 
5 3 0 3396 3424 
6 2 3427 3424 
7 3 0 3396 3426 
6 2 3429 3426 
5 3 0 3397 3428 
6 2 3431 3428 
7 3 0 3395 3430 
6 2 3433 3430 
5 3 0 3398 3432 
6 2 3435 3432 
7 3 0 3394 3434 
6 2 3437 3434 
5 3 0 3399 3436 
6 2 3439 3436 
7 3 0 3393 3438 
6 2 3441 3438 
5 3 0 3400 3440 
6 2 3443 3440 
7 3 0 3392 3442 
6 2 3445 3442 
5 3 0 3401 3444 
6 2 3447 3444 
7 3 0 3391 3446 
6 2 3449 3446 
5 3 0 3402 3448 
6 2 3451 3448 
7 3 0 3390 3450 
6 2 3453 3450 
8 3 3452 3454 0 
9 2 0 3455 
6 2 3456 3455 
10 2 0 3457 
9 3 0 3458 3457 
6 2 3459 3457 
10 2 0 3460 
9 3 0 3461 3460 
6 2 3462 3460 
10 2 0 3463 
9 3 0 3464 3463 
6 2 3465 3463 
10 2 0 3466 
9 3 0 3467 3466 
6 2 3468 3466 
10 2 0 3469 
9 3 0 3470 3469 
6 2 3471 3469 
10 2 0 3472 
9 3 0 3473 3472 
6 2 3474 3472 
10 2 0 3475 
9 3 0 3476 3475 
6 2 3477 3475 
10 2 0 3478 
9 3 0 3479 3478 
6 2 3480 3478 
10 2 0 3481 
9 3 0 3482 3481 
6 2 3483 3481 
10 2 0 3484 
9 3 0 3485 3484 
6 2 3486 3484 
10 2 0 3487 
9 3 0 3488 3487 
6 2 3489 3487 
10 2 0 3490 
11 12 3458 3461 3464 3467 3470 3473 3476 3479 3482 3485 3488 3491 
1 0 
1 0 
1 0 
1 0 
1 0 
1 0 
1 0 
1 0 
2 2 0 3493 
3 1 3501 
4 2 0 3500 
3 1 3503 
5 3 0 3494 3502 
6 2 3505 3502 
7 3 0 3499 3504 
6 2 3507 3504 
5 3 0 3495 3506 
6 2 3509 3506 
7 3 0 3498 3508 
6 2 3511 3508 
5 3 0 3496 3510 
6 2 3513 3510 
7 3 0 3497 3512 
6 2 3515 3512 
5 3 0 3497 3514 
6 2 3517 3514 
7 3 0 3496 3516 
6 2 3519 3516 
5 3 0 3498 3518 
6 2 3521 3518 
7 3 0 3495 3520 
6 2 3523 3520 
5 3 0 3499 3522 
6 2 3525 3522 
7 3 0 3494 3524 
6 2 3527 3524 
5 3 0 3500 3526 
6 2 3529 3526 
7 3 0 3493 3528 
6 2 3531 3528 
8 3 3530 3532 0 
9 2 0 3533 
6 2 3534 3533 
10 2 0 3535 
9 3 0 3536 3535 
6 2 3537 3535 
10 2 0 3538 
9 3 0 3539 3538 
6 2 3540 3538 
10 2 0 3541 
9 3 0 3542 3541 
6 2 3543 3541 
10 2 0 3544 
9 3 0 3545 3544 
6 2 3546 3544 
10 2 0 3547 
9 3 0 3548 3547 
6 2 3549 3547 
10 2 0 3550 
9 3 0 3551 3550 
6 2 3552 3550 
10 2 0 3553 
11 7 3536 3539 3542 3545 3548 3551 3554 
1 0 
1 0 
1 0 
1 0 
1 0 
1 0 
1 0 
1 0 
1 0 
1 0 
1 0 
2 2 0 3556 
3 1 3567 
4 2 0 3566 
3 1 3569 
5 3 0 3557 3568 
6 2 3571 3568 
7 3 0 3565 3570 
6 2 3573 3570 
5 3 0 3558 3572 
6 2 3575 3572 
7 3 0 3564 3574 
6 2 3577 3574 
5 3 0 3559 3576 
6 2 3579 3576 
7 3 0 3563 3578 
6 2 3581 3578 
5 3 0 3560 3580 
6 2 3583 3580 
7 3 0 3562 3582 
6 2 3585 3582 
5 3 0 3561 3584 
6 2 3587 3584 
7 3 0 3561 3586 
6 2 3589 3586 
5 3 0 3562 3588 
6 2 3591 3588 
7 3 0 3560 3590 
6 2 3593 3590 
5 3 0 3563 3592 
6 2 3595 3592 
7 3 0 3559 3594 
6 2 3597 3594 
5 3 0 3564 3596 
6 2 3599 3596 
7 3 0 3558 3598 
6 2 3601 3598 
5 3 0 3565 3600 
6 2 3603 3600 
7 3 0 3557 3602 
6 2 3605 3602 
5 3 0 3566 3604 
6 2 3607 3604 
7 3 0 3556 3606 
6 2 3609 3606 
8 3 3608 3610 0 
9 2 0 3611 
6 2 3612 3611 
10 2 0 3613 
9 3 0 3614 3613 
6 2 3615 3613 
10 2 0 3616 
9 3 0 3617 3616 
6 2 3618 3616 
10 2 0 3619 
9 3 0 3620 3619 
6 2 3621 3619 
10 2 0 3622 
9 3 0 3623 3622 
6 2 3624 3622 
10 2 0 3625 
9 3 0 3626 3625 
6 2 3627 3625 
10 2 0 3628 
9 3 0 3629 3628 
6 2 3630 3628 
10 2 0 3631 
9 3 0 3632 3631 
6 2 3633 3631 
10 2 0 3634 
9 3 0 3635 3634 
6 2 3636 3634 
10 2 0 3637 
9 3 0 3638 3637 
6 2 3639 3637 
10 2 0 3640 
11 10 3614 3617 3620 3623 3626 3629 3632 3635 3638 3641 
1 0 
1 0 
1 0 
1 0 
1 0 
1 0 
1 0 
1 0 
1 0 
1 0 
1 0 
1 0 
1 0 
2 2 0 3643 
3 1 3656 
4 2 0 3655 
3 1 3658 
5 3 0 3644 3657 
6 2 3660 3657 
7 3 0 3654 3659 
6 2 3662 3659 
5 3 0 3645 3661 
6 2 3664 3661 
7 3 0 3653 3663 
6 2 3666 3663 
5 3 0 3646 3665 
6 2 3668 3665 
7 3 0 3652 3667 
6 2 3670 3667 
5 3 0 3647 3669 
6 2 3672 3669 
7 3 0 3651 3671 
6 2 3674 3671 
5 3 0 3648 3673 
6 2 3676 3673 
7 3 0 3650 3675 
6 2 3678 3675 
5 3 0 3649 3677 
6 2 3680 3677 
7 3 0 3649 3679 
6 2 3682 3679 
5 3 0 3650 3681 
6 2 3684 3681 
7 3 0 3648 3683 
6 2 3686 3683 
5 3 0 3651 3685 
6 2 3688 3685 
7 3 0 3647 3687 
6 2 3690 3687 
5 3 0 3652 3689 
6 2 3692 3689 
7 3 0 3646 3691 
6 2 3694 3691 
5 3 0 3653 3693 
6 2 3696 3693 
7 3 0 3645 3695 
6 2 3698 3695 
5 3 0 3654 3697 
6 2 3700 3697 
7 3 0 3644 3699 
6 2 3702 3699 
5 3 0 3655 3701 
6 2 3704 3701 
7 3 0 3643 3703 
6 2 3706 3703 
8 3 3705 3707 0 
9 2 0 3708 
6 2 3709 3708 
10 2 0 3710 
9 3 0 3711 3710 
6 2 3712 3710 
10 2 0 3713 
9 3 0 3714 3713 
6 2 3715 3713 
10 2 0 3716 
9 3 0 3717 3716 
6 2 3718 3716 
10 2 0 3719 
9 3 0 3720 3719 
6 2 3721 3719 
10 2 0 3722 
9 3 0 3723 3722 
6 2 3724 3722 
10 2 0 3725 
9 3 0 3726 3725 
6 2 3727 3725 
10 2 0 3728 
9 3 0 3729 3728 
6 2 3730 3728 
10 2 0 3731 
9 3 0 3732 3731 
6 2 3733 3731 
10 2 0 3734 
9 3 0 3735 3734 
6 2 3736 3734 
10 2 0 3737 
9 3 0 3738 3737 
6 2 3739 3737 
10 2 0 3740 
9 3 0 3741 3740 
6 2 3742 3740 
10 2 0 3743 
11 12 3711 3714 3717 3720 3723 3726 3729 3732 3735 3738 3741 3744 
1 0 
1 0 
1 0 
1 0 
1 0 
1 0 
2 2 0 3746 
3 1 3752 
4 2 0 3751 
3 1 3754 
5 3 0 3747 3753 
6 2 3756 3753 
7 3 0 3750 3755 
6 2 3758 3755 
5 3 0 3748 3757 
6 2 3760 3757 
7 3 0 3749 3759 
6 2 3762 3759 
5 3 0 3749 3761 
6 2 3764 3761 
7 3 0 3748 3763 
6 2 3766 3763 
5 3 0 3750 3765 
6 2 3768 3765 
7 3 0 3747 3767 
6 2 3770 3767 
5 3 0 3751 3769 
6 2 3772 3769 
7 3 0 3746 3771 
6 2 3774 3771 
8 3 3773 3775 0 
9 2 0 3776 
6 2 3777 3776 
10 2 0 3778 
9 3 0 3779 3778 
6 2 3780 3778 
10 2 0 3781 
9 3 0 3782 3781 
6 2 3783 3781 
10 2 0 3784 
9 3 0 3785 3784 
6 2 3786 3784 
10 2 0 3787 
9 3 0 3788 3787 
6 2 3789 3787 
10 2 0 3790 
11 5 3779 3782 3785 3788 3791 
1 0 
1 0 
1 0 
1 0 
1 0 
1 0 
1 0 
1 0 
1 0 
2 2 0 3793 
3 1 3802 
4 2 0 3801 
3 1 3804 
5 3 0 3794 3803 
6 2 3806 3803 
7 3 0 3800 3805 
6 2 3808 3805 
5 3 0 3795 3807 
6 2 3810 3807 
7 3 0 3799 3809 
6 2 3812 3809 
5 3 0 3796 3811 
6 2 3814 3811 
7 3 0 3798 3813 
6 2 3816 3813 
5 3 0 3797 3815 
6 2 3818 3815 
7 3 0 3797 3817 
6 2 3820 3817 
5 3 0 3798 3819 
6 2 3822 3819 
7 3 0 3796 3821 
6 2 3824 3821 
5 3 0 3799 3823 
6 2 3826 3823 
7 3 0 3795 3825 
6 2 3828 3825 
5 3 0 3800 3827 
6 2 3830 3827 
7 3 0 3794 3829 
6 2 3832 3829 
5 3 0 3801 3831 
6 2 3834 3831 
7 3 0 3793 3833 
6 2 3836 3833 
8 3 3835 3837 0 
9 2 0 3838 
6 2 3839 3838 
10 2 0 3840 
9 3 0 3841 3840 
6 2 3842 3840 
10 2 0 3843 
9 3 0 3844 3843 
6 2 3845 3843 
10 2 0 3846 
9 3 0 3847 3846 
6 2 3848 3846 
10 2 0 3849 
9 3 0 3850 3849 
6 2 3851 3849 
10 2 0 3852 
9 3 0 3853 3852 
6 2 3854 3852 
10 2 0 3855 
9 3 0 3856 3855 
6 2 3857 3855 
10 2 0 3858 
9 3 0 3859 3858 
6 2 3860 3858 
10 2 0 3861 
11 8 3841 3844 3847 3850 3853 3856 3859 3862 
1 0 
1 0 
1 0 
1 0 
1 0 
1 0 
1 0 
1 0 
1 0 
1 0 
1 0 
1 0 
1 0 
1 0 
2 2 0 3864 
3 1 3878 
4 2 0 3877 
3 1 3880 
5 3 0 3865 3879 
6 2 3882 3879 
7 3 0 3876 3881 
6 2 3884 3881 
5 3 0 3866 3883 
6 2 3886 3883 
7 3 0 3875 3885 
6 2 3888 3885 
5 3 0 3867 3887 
6 2 3890 3887 
7 3 0 3874 3889 
6 2 3892 3889 
5 3 0 3868 3891 
6 2 3894 3891 
7 3 0 3873 3893 
6 2 3896 3893 
5 3 0 3869 3895 
6 2 3898 3895 
7 3 0 3872 3897 
6 2 3900 3897 
5 3 0 3870 3899 
6 2 3902 3899 
7 3 0 3871 3901 
6 2 3904 3901 
5 3 0 3871 3903 
6 2 3906 3903 
7 3 0 3870 3905 
6 2 3908 3905 
5 3 0 3872 3907 
6 2 3910 3907 
7 3 0 3869 3909 
6 2 3912 3909 
5 3 0 3873 3911 
6 2 3914 3911 
7 3 0 3868 3913 
6 2 3916 3913 
5 3 0 3874 3915 
6 2 3918 3915 
7 3 0 3867 3917 
6 2 3920 3917 
5 3 0 3875 3919 
6 2 3922 3919 
7 3 0 3866 3921 
6 2 3924 3921 
5 3 0 3876 3923 
6 2 3926 3923 
7 3 0 3865 3925 
6 2 3928 3925 
5 3 0 3877 3927 
6 2 3930 3927 
7 3 0 3864 3929 
6 2 3932 3929 
8 3 3931 3933 0 
9 2 0 3934 
6 2 3935 3934 
10 2 0 3936 
9 3 0 3937 3936 
6 2 3938 3936 
10 2 0 3939 
9 3 0 3940 3939 
6 2 3941 3939 
10 2 0 3942 
9 3 0 3943 3942 
6 2 3944 3942 
10 2 0 3945 
9 3 0 3946 3945 
6 2 3947 3945 
10 2 0 3948 
9 3 0 3949 3948 
6 2 3950 3948 
10 2 0 3951 
9 3 0 3952 3951 
6 2 3953 3951 
10 2 0 3954 
9 3 0 3955 3954 
6 2 3956 3954 
10 2 0 3957 
9 3 0 3958 3957 
6 2 3959 3957 
10 2 0 3960 
9 3 0 3961 3960 
6 2 3962 3960 
10 2 0 3963 
9 3 0 3964 3963 
6 2 3965 3963 
10 2 0 3966 
9 3 0 3967 3966 
6 2 3968 3966 
10 2 0 3969 
9 3 0 3970 3969 
6 2 3971 3969 
10 2 0 3972 
11 13 3937 3940 3943 3946 3949 3952 3955 3958 3961 3964 3967 3970 3973 
1 0 
1 0 
1 0 
1 0 
1 0 
1 0 
1 0 
1 0 
1 0 
1 0 
1 0 
2 2 0 3975 
3 1 3986 
4 2 0 3985 
3 1 3988 
5 3 0 3976 3987 
6 2 3990 3987 
7 3 0 3984 3989 
6 2 3992 3989 
5 3 0 3977 3991 
6 2 3994 3991 
7 3 0 3983 3993 
6 2 3996 3993 
5 3 0 3978 3995 
6 2 3998 3995 
7 3 0 3982 3997 
6 2 4000 3997 
5 3 0 3979 3999 
6 2 4002 3999 
7 3 0 3981 4001 
6 2 4004 4001 
5 3 0 3980 4003 
6 2 4006 4003 
7 3 0 3980 4005 
6 2 4008 4005 
5 3 0 3981 4007 
6 2 4010 4007 
7 3 0 3979 4009 
6 2 4012 4009 
5 3 0 3982 4011 
6 2 4014 4011 
7 3 0 3978 4013 
6 2 4016 4013 
5 3 0 3983 4015 
6 2 4018 4015 
7 3 0 3977 4017 
6 2 4020 4017 
5 3 0 3984 4019 
6 2 4022 4019 
7 3 0 3976 4021 
6 2 4024 4021 
5 3 0 3985 4023 
6 2 4026 4023 
7 3 0 3975 4025 
6 2 4028 4025 
8 3 4027 4029 0 
9 2 0 4030 
6 2 4031 4030 
10 2 0 4032 
9 3 0 4033 4032 
6 2 4034 4032 
10 2 0 4035 
9 3 0 4036 4035 
6 2 4037 4035 
10 2 0 4038 
9 3 0 4039 4038 
6 2 4040 4038 
10 2 0 4041 
9 3 0 4042 4041 
6 2 4043 4041 
10 2 0 4044 
9 3 0 4045 4044 
6 2 4046 4044 
10 2 0 4047 
9 3 0 4048 4047 
6 2 4049 4047 
10 2 0 4050 
9 3 0 4051 4050 
6 2 4052 4050 
10 2 0 4053 
9 3 0 4054 4053 
6 2 4055 4053 
10 2 0 4056 
9 3 0 4057 4056 
6 2 4058 4056 
10 2 0 4059 
11 10 4033 4036 4039 4042 4045 4048 4051 4054 4057 4060 
1 0 
1 0 
1 0 
1 0 
1 0 
1 0 
1 0 
1 0 
1 0 
1 0 
1 0 
1 0 
1 0 
1 0 
1 0 
1 0 
1 0 
1 0 
2 2 0 4062 
3 1 4080 
4 2 0 4079 
3 1 4082 
5 3 0 4063 4081 
6 2 4084 4081 
7 3 0 4078 4083 
6 2 4086 4083 
5 3 0 4064 4085 
6 2 4088 4085 
7 3 0 4077 4087 
6 2 4090 4087 
5 3 0 4065 4089 
6 2 4092 4089 
7 3 0 4076 4091 
6 2 4094 4091 
5 3 0 4066 4093 
6 2 4096 4093 
7 3 0 4075 4095 
6 2 4098 4095 
5 3 0 4067 4097 
6 2 4100 4097 
7 3 0 4074 4099 
6 2 4102 4099 
5 3 0 4068 4101 
6 2 4104 4101 
7 3 0 4073 4103 
6 2 4106 4103 
5 3 0 4069 4105 
6 2 4108 4105 
7 3 0 4072 4107 
6 2 4110 4107 
5 3 0 4070 4109 
6 2 4112 4109 
7 3 0 4071 4111 
6 2 4114 4111 
5 3 0 4071 4113 
6 2 4116 4113 
7 3 0 4070 4115 
6 2 4118 4115 
5 3 0 4072 4117 
6 2 4120 4117 
7 3 0 4069 4119 
6 2 4122 4119 
5 3 0 4073 4121 
6 2 4124 4121 
7 3 0 4068 4123 
6 2 4126 4123 
5 3 0 4074 4125 
6 2 4128 4125 
7 3 0 4067 4127 
6 2 4130 4127 
5 3 0 4075 4129 
6 2 4132 4129 
7 3 0 4066 4131 
6 2 4134 4131 
5 3 0 4076 4133 
6 2 4136 4133 
7 3 0 4065 4135 
6 2 4138 4135 
5 3 0 4077 4137 
6 2 4140 4137 
7 3 0 4064 4139 
6 2 4142 4139 
5 3 0 4078 4141 
6 2 4144 4141 
7 3 0 4063 4143 
6 2 4146 4143 
5 3 0 4079 4145 
6 2 4148 4145 
7 3 0 4062 4147 
6 2 4150 4147 
8 3 4149 4151 0 
9 2 0 4152 
6 2 4153 4152 
10 2 0 4154 
9 3 0 4155 4154 
6 2 4156 4154 
10 2 0 4157 
9 3 0 4158 4157 
6 2 4159 4157 
10 2 0 4160 
9 3 0 4161 4160 
6 2 4162 4160 
10 2 0 4163 
9 3 0 4164 4163 
6 2 4165 4163 
10 2 0 4166 
9 3 0 4167 4166 
6 2 4168 4166 
10 2 0 4169 
9 3 0 4170 4169 
6 2 4171 4169 
10 2 0 4172 
9 3 0 4173 4172 
6 2 4174 4172 
10 2 0 4175 
9 3 0 4176 4175 
6 2 4177 4175 
10 2 0 4178 
9 3 0 4179 4178 
6 2 4180 4178 
10 2 0 4181 
9 3 0 4182 4181 
6 2 4183 4181 
10 2 0 4184 
9 3 0 4185 4184 
6 2 4186 4184 
10 2 0 4187 
9 3 0 4188 4187 
6 2 4189 4187 
10 2 0 4190 
9 3 0 4191 4190 
6 2 4192 4190 
10 2 0 4193 
9 3 0 4194 4193 
6 2 4195 4193 
10 2 0 4196 
9 3 0 4197 4196 
6 2 4198 4196 
10 2 0 4199 
9 3 0 4200 4199 
6 2 4201 4199 
10 2 0 4202 
11 17 4155 4158 4161 4164 4167 4170 4173 4176 4179 4182 4185 4188 4191 4194 4197 4200 4203 
1 0 
1 0 
1 0 
1 0 
1 0 
1 0 
1 0 
1 0 
1 0 
1 0 
2 2 0 4205 
3 1 4215 
4 2 0 4214 
3 1 4217 
5 3 0 4206 4216 
6 2 4219 4216 
7 3 0 4213 4218 
6 2 4221 4218 
5 3 0 4207 4220 
6 2 4223 4220 
7 3 0 4212 4222 
6 2 4225 4222 
5 3 0 4208 4224 
6 2 4227 4224 
7 3 0 4211 4226 
6 2 4229 4226 
5 3 0 4209 4228 
6 2 4231 4228 
7 3 0 4210 4230 
6 2 4233 4230 
5 3 0 4210 4232 
6 2 4235 4232 
7 3 0 4209 4234 
6 2 4237 4234 
5 3 0 4211 4236 
6 2 4239 4236 
7 3 0 4208 4238 
6 2 4241 4238 
5 3 0 4212 4240 
6 2 4243 4240 
7 3 0 4207 4242 
6 2 4245 4242 
5 3 0 4213 4244 
6 2 4247 4244 
7 3 0 4206 4246 
6 2 4249 4246 
5 3 0 4214 4248 
6 2 4251 4248 
7 3 0 4205 4250 
6 2 4253 4250 
8 3 4252 4254 0 
9 2 0 4255 
6 2 4256 4255 
10 2 0 4257 
9 3 0 4258 4257 
6 2 4259 4257 
10 2 0 4260 
9 3 0 4261 4260 
6 2 4262 4260 
10 2 0 4263 
9 3 0 4264 4263 
6 2 4265 4263 
10 2 0 4266 
9 3 0 4267 4266 
6 2 4268 4266 
10 2 0 4269 
9 3 0 4270 4269 
6 2 4271 4269 
10 2 0 4272 
9 3 0 4273 4272 
6 2 4274 4272 
10 2 0 4275 
9 3 0 4276 4275 
6 2 4277 4275 
10 2 0 4278 
9 3 0 4279 4278 
6 2 4280 4278 
10 2 0 4281 
11 9 4258 4261 4264 4267 4270 4273 4276 4279 4282 
1 0 
1 0 
1 0 
1 0 
1 0 
1 0 
1 0 
1 0 
2 2 0 4284 
3 1 4292 
4 2 0 4291 
3 1 4294 
5 3 0 4285 4293 
6 2 4296 4293 
7 3 0 4290 4295 
6 2 4298 4295 
5 3 0 4286 4297 
6 2 4300 4297 
7 3 0 4289 4299 
6 2 4302 4299 
5 3 0 4287 4301 
6 2 4304 4301 
7 3 0 4288 4303 
6 2 4306 4303 
5 3 0 4288 4305 
6 2 4308 4305 
7 3 0 4287 4307 
6 2 4310 4307 
5 3 0 4289 4309 
6 2 4312 4309 
7 3 0 4286 4311 
6 2 4314 4311 
5 3 0 4290 4313 
6 2 4316 4313 
7 3 0 4285 4315 
6 2 4318 4315 
5 3 0 4291 4317 
6 2 4320 4317 
7 3 0 4284 4319 
6 2 4322 4319 
8 3 4321 4323 0 
9 2 0 4324 
6 2 4325 4324 
10 2 0 4326 
9 3 0 4327 4326 
6 2 4328 4326 
10 2 0 4329 
9 3 0 4330 4329 
6 2 4331 4329 
10 2 0 4332 
9 3 0 4333 4332 
6 2 4334 4332 
10 2 0 4335 
9 3 0 4336 4335 
6 2 4337 4335 
10 2 0 4338 
9 3 0 4339 4338 
6 2 4340 4338 
10 2 0 4341 
9 3 0 4342 4341 
6 2 4343 4341 
10 2 0 4344 
11 7 4327 4330 4333 4336 4339 4342 4345 
1 0 
1 0 
1 0 
1 0 
1 0 
1 0 
1 0 
2 2 0 4347 
3 1 4354 
4 2 0 4353 
3 1 4356 
5 3 0 4348 4355 
6 2 4358 4355 
7 3 0 4352 4357 
6 2 4360 4357 
5 3 0 4349 4359 
6 2 4362 4359 
7 3 0 4351 4361 
6 2 4364 4361 
5 3 0 4350 4363 
6 2 4366 4363 
7 3 0 4350 4365 
6 2 4368 4365 
5 3 0 4351 4367 
6 2 4370 4367 
7 3 0 4349 4369 
6 2 4372 4369 
5 3 0 4352 4371 
6 2 4374 4371 
7 3 0 4348 4373 
6 2 4376 4373 
5 3 0 4353 4375 
6 2 4378 4375 
7 3 0 4347 4377 
6 2 4380 4377 
8 3 4379 4381 0 
9 2 0 4382 
6 2 4383 4382 
10 2 0 4384 
9 3 0 4385 4384 
6 2 4386 4384 
10 2 0 4387 
9 3 0 4388 4387 
6 2 4389 4387 
10 2 0 4390 
9 3 0 4391 4390 
6 2 4392 4390 
10 2 0 4393 
9 3 0 4394 4393 
6 2 4395 4393 
10 2 0 4396 
9 3 0 4397 4396 
6 2 4398 4396 
10 2 0 4399 
11 6 4385 4388 4391 4394 4397 4400 
1 0 
1 0 
1 0 
1 0 
1 0 
1 0 
1 0 
1 0 
2 2 0 4402 
3 1 4410 
4 2 0 4409 
3 1 4412 
5 3 0 4403 4411 
6 2 4414 4411 
7 3 0 4408 4413 
6 2 4416 4413 
5 3 0 4404 4415 
6 2 4418 4415 
7 3 0 4407 4417 
6 2 4420 4417 
5 3 0 4405 4419 
6 2 4422 4419 
7 3 0 4406 4421 
6 2 4424 4421 
5 3 0 4406 4423 
6 2 4426 4423 
7 3 0 4405 4425 
6 2 4428 4425 
5 3 0 4407 4427 
6 2 4430 4427 
7 3 0 4404 4429 
6 2 4432 4429 
5 3 0 4408 4431 
6 2 4434 4431 
7 3 0 4403 4433 
6 2 4436 4433 
5 3 0 4409 4435 
6 2 4438 4435 
7 3 0 4402 4437 
6 2 4440 4437 
8 3 4439 4441 0 
9 2 0 4442 
6 2 4443 4442 
10 2 0 4444 
9 3 0 4445 4444 
6 2 4446 4444 
10 2 0 4447 
9 3 0 4448 4447 
6 2 4449 4447 
10 2 0 4450 
9 3 0 4451 4450 
6 2 4452 4450 
10 2 0 4453 
9 3 0 4454 4453 
6 2 4455 4453 
10 2 0 4456 
9 3 0 4457 4456 
6 2 4458 4456 
10 2 0 4459 
9 3 0 4460 4459 
6 2 4461 4459 
10 2 0 4462 
11 7 4445 4448 4451 4454 4457 4460 4463 
1 0 
1 0 
1 0 
1 0 
1 0 
1 0 
1 0 
1 0 
1 0 
1 0 
1 0 
1 0 
1 0 
1 0 
1 0 
2 2 0 4465 
3 1 4480 
4 2 0 4479 
3 1 4482 
5 3 0 4466 4481 
6 2 4484 4481 
7 3 0 4478 4483 
6 2 4486 4483 
5 3 0 4467 4485 
6 2 4488 4485 
7 3 0 4477 4487 
6 2 4490 4487 
5 3 0 4468 4489 
6 2 4492 4489 
7 3 0 4476 4491 
6 2 4494 4491 
5 3 0 4469 4493 
6 2 4496 4493 
7 3 0 4475 4495 
6 2 4498 4495 
5 3 0 4470 4497 
6 2 4500 4497 
7 3 0 4474 4499 
6 2 4502 4499 
5 3 0 4471 4501 
6 2 4504 4501 
7 3 0 4473 4503 
6 2 4506 4503 
5 3 0 4472 4505 
6 2 4508 4505 
7 3 0 4472 4507 
6 2 4510 4507 
5 3 0 4473 4509 
6 2 4512 4509 
7 3 0 4471 4511 
6 2 4514 4511 
5 3 0 4474 4513 
6 2 4516 4513 
7 3 0 4470 4515 
6 2 4518 4515 
5 3 0 4475 4517 
6 2 4520 4517 
7 3 0 4469 4519 
6 2 4522 4519 
5 3 0 4476 4521 
6 2 4524 4521 
7 3 0 4468 4523 
6 2 4526 4523 
5 3 0 4477 4525 
6 2 4528 4525 
7 3 0 4467 4527 
6 2 4530 4527 
5 3 0 4478 4529 
6 2 4532 4529 
7 3 0 4466 4531 
6 2 4534 4531 
5 3 0 4479 4533 
6 2 4536 4533 
7 3 0 4465 4535 
6 2 4538 4535 
8 3 4537 4539 0 
9 2 0 4540 
6 2 4541 4540 
10 2 0 4542 
9 3 0 4543 4542 
6 2 4544 4542 
10 2 0 4545 
9 3 0 4546 4545 
6 2 4547 4545 
10 2 0 4548 
9 3 0 4549 4548 
6 2 4550 4548 
10 2 0 4551 
9 3 0 4552 4551 
6 2 4553 4551 
10 2 0 4554 
9 3 0 4555 4554 
6 2 4556 4554 
10 2 0 4557 
9 3 0 4558 4557 
6 2 4559 4557 
10 2 0 4560 
9 3 0 4561 4560 
6 2 4562 4560 
10 2 0 4563 
9 3 0 4564 4563 
6 2 4565 4563 
10 2 0 4566 
9 3 0 4567 4566 
6 2 4568 4566 
10 2 0 4569 
9 3 0 4570 4569 
6 2 4571 4569 
10 2 0 4572 
9 3 0 4573 4572 
6 2 4574 4572 
10 2 0 4575 
9 3 0 4576 4575 
6 2 4577 4575 
10 2 0 4578 
9 3 0 4579 4578 
6 2 4580 4578 
10 2 0 4581 
11 14 4543 4546 4549 4552 4555 4558 4561 4564 4567 4570 4573 4576 4579 4582 
1 0 
1 0 
1 0 
1 0 
1 0 
1 0 
1 0 
2 2 0 4584 
3 1 4591 
4 2 0 4590 
3 1 4593 
5 3 0 4585 4592 
6 2 4595 4592 
7 3 0 4589 4594 
6 2 4597 4594 
5 3 0 4586 4596 
6 2 4599 4596 
7 3 0 4588 4598 
6 2 4601 4598 
5 3 0 4587 4600 
6 2 4603 4600 
7 3 0 4587 4602 
6 2 4605 4602 
5 3 0 4588 4604 
6 2 4607 4604 
7 3 0 4586 4606 
6 2 4609 4606 
5 3 0 4589 4608 
6 2 4611 4608 
7 3 0 4585 4610 
6 2 4613 4610 
5 3 0 4590 4612 
6 2 4615 4612 
7 3 0 4584 4614 
6 2 4617 4614 
8 3 4616 4618 0 
9 2 0 4619 
6 2 4620 4619 
10 2 0 4621 
9 3 0 4622 4621 
6 2 4623 4621 
10 2 0 4624 
9 3 0 4625 4624 
6 2 4626 4624 
10 2 0 4627 
9 3 0 4628 4627 
6 2 4629 4627 
10 2 0 4630 
9 3 0 4631 4630 
6 2 4632 4630 
10 2 0 4633 
9 3 0 4634 4633 
6 2 4635 4633 
10 2 0 4636 
11 6 4622 4625 4628 4631 4634 4637 
1 0 
1 0 
1 0 
1 0 
1 0 
1 0 
1 0 
2 2 0 4639 
3 1 4646 
4 2 0 4645 
3 1 4648 
5 3 0 4640 4647 
6 2 4650 4647 
7 3 0 4644 4649 
6 2 4652 4649 
5 3 0 4641 4651 
6 2 4654 4651 
7 3 0 4643 4653 
6 2 4656 4653 
5 3 0 4642 4655 
6 2 4658 4655 
7 3 0 4642 4657 
6 2 4660 4657 
5 3 0 4643 4659 
6 2 4662 4659 
7 3 0 4641 4661 
6 2 4664 4661 
5 3 0 4644 4663 
6 2 4666 4663 
7 3 0 4640 4665 
6 2 4668 4665 
5 3 0 4645 4667 
6 2 4670 4667 
7 3 0 4639 4669 
6 2 4672 4669 
8 3 4671 4673 0 
9 2 0 4674 
6 2 4675 4674 
10 2 0 4676 
9 3 0 4677 4676 
6 2 4678 4676 
10 2 0 4679 
9 3 0 4680 4679 
6 2 4681 4679 
10 2 0 4682 
9 3 0 4683 4682 
6 2 4684 4682 
10 2 0 4685 
9 3 0 4686 4685 
6 2 4687 4685 
10 2 0 4688 
9 3 0 4689 4688 
6 2 4690 4688 
10 2 0 4691 
11 6 4677 4680 4683 4686 4689 4692 
1 0 
1 0 
1 0 
1 0 
1 0 
1 0 
1 0 
1 0 
1 0 
1 0 
2 2 0 4694 
3 1 4704 
4 2 0 4703 
3 1 4706 
5 3 0 4695 4705 
6 2 4708 4705 
7 3 0 4702 4707 
6 2 4710 4707 
5 3 0 4696 4709 
6 2 4712 4709 
7 3 0 4701 4711 
6 2 4714 4711 
5 3 0 4697 4713 
6 2 4716 4713 
7 3 0 4700 4715 
6 2 4718 4715 
5 3 0 4698 4717 
6 2 4720 4717 
7 3 0 4699 4719 
6 2 4722 4719 
5 3 0 4699 4721 
6 2 4724 4721 
7 3 0 4698 4723 
6 2 4726 4723 
5 3 0 4700 4725 
6 2 4728 4725 
7 3 0 4697 4727 
6 2 4730 4727 
5 3 0 4701 4729 
6 2 4732 4729 
7 3 0 4696 4731 
6 2 4734 4731 
5 3 0 4702 4733 
6 2 4736 4733 
7 3 0 4695 4735 
6 2 4738 4735 
5 3 0 4703 4737 
6 2 4740 4737 
7 3 0 4694 4739 
6 2 4742 4739 
8 3 4741 4743 0 
9 2 0 4744 
6 2 4745 4744 
10 2 0 4746 
9 3 0 4747 4746 
6 2 4748 4746 
10 2 0 4749 
9 3 0 4750 4749 
6 2 4751 4749 
10 2 0 4752 
9 3 0 4753 4752 
6 2 4754 4752 
10 2 0 4755 
9 3 0 4756 4755 
6 2 4757 4755 
10 2 0 4758 
9 3 0 4759 4758 
6 2 4760 4758 
10 2 0 4761 
9 3 0 4762 4761 
6 2 4763 4761 
10 2 0 4764 
9 3 0 4765 4764 
6 2 4766 4764 
10 2 0 4767 
9 3 0 4768 4767 
6 2 4769 4767 
10 2 0 4770 
11 9 4747 4750 4753 4756 4759 4762 4765 4768 4771 
1 0 
1 0 
1 0 
1 0 
1 0 
1 0 
1 0 
1 0 
1 0 
1 0 
1 0 
1 0 
2 2 0 4773 
3 1 4785 
4 2 0 4784 
3 1 4787 
5 3 0 4774 4786 
6 2 4789 4786 
7 3 0 4783 4788 
6 2 4791 4788 
5 3 0 4775 4790 
6 2 4793 4790 
7 3 0 4782 4792 
6 2 4795 4792 
5 3 0 4776 4794 
6 2 4797 4794 
7 3 0 4781 4796 
6 2 4799 4796 
5 3 0 4777 4798 
6 2 4801 4798 
7 3 0 4780 4800 
6 2 4803 4800 
5 3 0 4778 4802 
6 2 4805 4802 
7 3 0 4779 4804 
6 2 4807 4804 
5 3 0 4779 4806 
6 2 4809 4806 
7 3 0 4778 4808 
6 2 4811 4808 
5 3 0 4780 4810 
6 2 4813 4810 
7 3 0 4777 4812 
6 2 4815 4812 
5 3 0 4781 4814 
6 2 4817 4814 
7 3 0 4776 4816 
6 2 4819 4816 
5 3 0 4782 4818 
6 2 4821 4818 
7 3 0 4775 4820 
6 2 4823 4820 
5 3 0 4783 4822 
6 2 4825 4822 
7 3 0 4774 4824 
6 2 4827 4824 
5 3 0 4784 4826 
6 2 4829 4826 
7 3 0 4773 4828 
6 2 4831 4828 
8 3 4830 4832 0 
9 2 0 4833 
6 2 4834 4833 
10 2 0 4835 
9 3 0 4836 4835 
6 2 4837 4835 
10 2 0 4838 
9 3 0 4839 4838 
6 2 4840 4838 
10 2 0 4841 
9 3 0 4842 4841 
6 2 4843 4841 
10 2 0 4844 
9 3 0 4845 4844 
6 2 4846 4844 
10 2 0 4847 
9 3 0 4848 4847 
6 2 4849 4847 
10 2 0 4850 
9 3 0 4851 4850 
6 2 4852 4850 
10 2 0 4853 
9 3 0 4854 4853 
6 2 4855 4853 
10 2 0 4856 
9 3 0 4857 4856 
6 2 4858 4856 
10 2 0 4859 
9 3 0 4860 4859 
6 2 4861 4859 
10 2 0 4862 
9 3 0 4863 4862 
6 2 4864 4862 
10 2 0 4865 
11 11 4836 4839 4842 4845 4848 4851 4854 4857 4860 4863 4866 
1 0 
1 0 
1 0 
1 0 
1 0 
1 0 
1 0 
2 2 0 4868 
3 1 4875 
4 2 0 4874 
3 1 4877 
5 3 0 4869 4876 
6 2 4879 4876 
7 3 0 4873 4878 
6 2 4881 4878 
5 3 0 4870 4880 
6 2 4883 4880 
7 3 0 4872 4882 
6 2 4885 4882 
5 3 0 4871 4884 
6 2 4887 4884 
7 3 0 4871 4886 
6 2 4889 4886 
5 3 0 4872 4888 
6 2 4891 4888 
7 3 0 4870 4890 
6 2 4893 4890 
5 3 0 4873 4892 
6 2 4895 4892 
7 3 0 4869 4894 
6 2 4897 4894 
5 3 0 4874 4896 
6 2 4899 4896 
7 3 0 4868 4898 
6 2 4901 4898 
8 3 4900 4902 0 
9 2 0 4903 
6 2 4904 4903 
10 2 0 4905 
9 3 0 4906 4905 
6 2 4907 4905 
10 2 0 4908 
9 3 0 4909 4908 
6 2 4910 4908 
10 2 0 4911 
9 3 0 4912 4911 
6 2 4913 4911 
10 2 0 4914 
9 3 0 4915 4914 
6 2 4916 4914 
10 2 0 4917 
9 3 0 4918 4917 
6 2 4919 4917 
10 2 0 4920 
11 6 4906 4909 4912 4915 4918 4921 
1 0 
1 0 
1 0 
1 0 
1 0 
1 0 
1 0 
1 0 
2 2 0 4923 
3 1 4931 
4 2 0 4930 
3 1 4933 
5 3 0 4924 4932 
6 2 4935 4932 
7 3 0 4929 4934 
6 2 4937 4934 
5 3 0 4925 4936 
6 2 4939 4936 
7 3 0 4928 4938 
6 2 4941 4938 
5 3 0 4926 4940 
6 2 4943 4940 
7 3 0 4927 4942 
6 2 4945 4942 
5 3 0 4927 4944 
6 2 4947 4944 
7 3 0 4926 4946 
6 2 4949 4946 
5 3 0 4928 4948 
6 2 4951 4948 
7 3 0 4925 4950 
6 2 4953 4950 
5 3 0 4929 4952 
6 2 4955 4952 
7 3 0 4924 4954 
6 2 4957 4954 
5 3 0 4930 4956 
6 2 4959 4956 
7 3 0 4923 4958 
6 2 4961 4958 
8 3 4960 4962 0 
9 2 0 4963 
6 2 4964 4963 
10 2 0 4965 
9 3 0 4966 4965 
6 2 4967 4965 
10 2 0 4968 
9 3 0 4969 4968 
6 2 4970 4968 
10 2 0 4971 
9 3 0 4972 4971 
6 2 4973 4971 
10 2 0 4974 
9 3 0 4975 4974 
6 2 4976 4974 
10 2 0 4977 
9 3 0 4978 4977 
6 2 4979 4977 
10 2 0 4980 
9 3 0 4981 4980 
6 2 4982 4980 
10 2 0 4983 
11 7 4966 4969 4972 4975 4978 4981 4984 
1 0 
1 0 
1 0 
1 0 
1 0 
1 0 
1 0 
1 0 
1 0 
2 2 0 4986 
3 1 4995 
4 2 0 4994 
3 1 4997 
5 3 0 4987 4996 
6 2 4999 4996 
7 3 0 4993 4998 
6 2 5001 4998 
5 3 0 4988 5000 
6 2 5003 5000 
7 3 0 4992 5002 
6 2 5005 5002 
5 3 0 4989 5004 
6 2 5007 5004 
7 3 0 4991 5006 
6 2 5009 5006 
5 3 0 4990 5008 
6 2 5011 5008 
7 3 0 4990 5010 
6 2 5013 5010 
5 3 0 4991 5012 
6 2 5015 5012 
7 3 0 4989 5014 
6 2 5017 5014 
5 3 0 4992 5016 
6 2 5019 5016 
7 3 0 4988 5018 
6 2 5021 5018 
5 3 0 4993 5020 
6 2 5023 5020 
7 3 0 4987 5022 
6 2 5025 5022 
5 3 0 4994 5024 
6 2 5027 5024 
7 3 0 4986 5026 
6 2 5029 5026 
8 3 5028 5030 0 
9 2 0 5031 
6 2 5032 5031 
10 2 0 5033 
9 3 0 5034 5033 
6 2 5035 5033 
10 2 0 5036 
9 3 0 5037 5036 
6 2 5038 5036 
10 2 0 5039 
9 3 0 5040 5039 
6 2 5041 5039 
10 2 0 5042 
9 3 0 5043 5042 
6 2 5044 5042 
10 2 0 5045 
9 3 0 5046 5045 
6 2 5047 5045 
10 2 0 5048 
9 3 0 5049 5048 
6 2 5050 5048 
10 2 0 5051 
9 3 0 5052 5051 
6 2 5053 5051 
10 2 0 5054 
11 8 5034 5037 5040 5043 5046 5049 5052 5055 
13 64 111 206 277 348 467 522 633 688 743 838 957 1020 1155 1202 1265 1336 1431 1502 1581 1668 1707 1834 1905 1984 2071 2142 2221 2292 2323 2386 2473 2536 2599 2662 2725 2796 2875 2946 3009 3096 3223 3310 3389 3492 3555 3642 3745 3792 3863 3974 4061 4204 4283 4346 4401 4464 4583 4638 4693 4772 4867 4922 4985 5056 
