5114
0 0 
1 0 
1 0 
1 0 
1 0 
1 0 
1 0 
1 0 
1 0 
1 0 
1 0 
1 0 
2 2 0 1 
3 1 12 
4 2 0 11 
3 1 14 
5 3 0 2 13 
6 2 16 13 
7 3 0 10 15 
6 2 18 15 
5 3 0 3 17 
6 2 20 17 
7 3 0 9 19 
6 2 22 19 
5 3 0 4 21 
6 2 24 21 
7 3 0 8 23 
6 2 26 23 
5 3 0 5 25 
6 2 28 25 
7 3 0 7 27 
6 2 30 27 
5 3 0 6 29 
6 2 32 29 
7 3 0 6 31 
6 2 34 31 
5 3 0 7 33 
6 2 36 33 
7 3 0 5 35 
6 2 38 35 
5 3 0 8 37 
6 2 40 37 
7 3 0 4 39 
6 2 42 39 
5 3 0 9 41 
6 2 44 41 
7 3 0 3 43 
6 2 46 43 
5 3 0 10 45 
6 2 48 45 
7 3 0 2 47 
6 2 50 47 
5 3 0 11 49 
6 2 52 49 
7 3 0 1 51 
6 2 54 51 
8 3 53 55 0 
9 2 0 56 
6 2 57 56 
10 2 0 58 
9 3 0 59 58 
6 2 60 58 
10 2 0 61 
9 3 0 62 61 
6 2 63 61 
10 2 0 64 
9 3 0 65 64 
6 2 66 64 
10 2 0 67 
9 3 0 68 67 
6 2 69 67 
10 2 0 70 
9 3 0 71 70 
6 2 72 70 
10 2 0 73 
9 3 0 74 73 
6 2 75 73 
10 2 0 76 
9 3 0 77 76 
6 2 78 76 
10 2 0 79 
9 3 0 80 79 
6 2 81 79 
10 2 0 82 
9 3 0 83 82 
6 2 84 82 
10 2 0 85 
11 10 59 62 65 68 71 74 77 80 83 86 
1 0 
1 0 
1 0 
1 0 
1 0 
1 0 
1 0 
1 0 
1 0 
1 0 
1 0 
1 0 
1 0 
2 2 0 88 
3 1 101 
4 2 0 100 
3 1 103 
5 3 0 89 102 
6 2 105 102 
7 3 0 99 104 
6 2 107 104 
5 3 0 90 106 
6 2 109 106 
7 3 0 98 108 
6 2 111 108 
5 3 0 91 110 
6 2 113 110 
7 3 0 97 112 
6 2 115 112 
5 3 0 92 114 
6 2 117 114 
7 3 0 96 116 
6 2 119 116 
5 3 0 93 118 
6 2 121 118 
7 3 0 95 120 
6 2 123 120 
5 3 0 94 122 
6 2 125 122 
7 3 0 94 124 
6 2 127 124 
5 3 0 95 126 
6 2 129 126 
7 3 0 93 128 
6 2 131 128 
5 3 0 96 130 
6 2 133 130 
7 3 0 92 132 
6 2 135 132 
5 3 0 97 134 
6 2 137 134 
7 3 0 91 136 
6 2 139 136 
5 3 0 98 138 
6 2 141 138 
7 3 0 90 140 
6 2 143 140 
5 3 0 99 142 
6 2 145 142 
7 3 0 89 144 
6 2 147 144 
5 3 0 100 146 
6 2 149 146 
7 3 0 88 148 
6 2 151 148 
8 3 150 152 0 
9 2 0 153 
6 2 154 153 
10 2 0 155 
9 3 0 156 155 
6 2 157 155 
10 2 0 158 
9 3 0 159 158 
6 2 160 158 
10 2 0 161 
9 3 0 162 161 
6 2 163 161 
10 2 0 164 
9 3 0 165 164 
6 2 166 164 
10 2 0 167 
9 3 0 168 167 
6 2 169 167 
10 2 0 170 
9 3 0 171 170 
6 2 172 170 
10 2 0 173 
9 3 0 174 173 
6 2 175 173 
10 2 0 176 
9 3 0 177 176 
6 2 178 176 
10 2 0 179 
9 3 0 180 179 
6 2 181 179 
10 2 0 182 
9 3 0 183 182 
6 2 184 182 
10 2 0 185 
9 3 0 186 185 
6 2 187 185 
10 2 0 188 
11 12 156 159 162 165 168 171 174 177 180 183 186 189 
1 0 
1 0 
1 0 
1 0 
1 0 
1 0 
1 0 
1 0 
1 0 
1 0 
2 2 0 191 
3 1 201 
4 2 0 200 
3 1 203 
5 3 0 192 202 
6 2 205 202 
7 3 0 199 204 
6 2 207 204 
5 3 0 193 206 
6 2 209 206 
7 3 0 198 208 
6 2 211 208 
5 3 0 194 210 
6 2 213 210 
7 3 0 197 212 
6 2 215 212 
5 3 0 195 214 
6 2 217 214 
7 3 0 196 216 
6 2 219 216 
5 3 0 196 218 
6 2 221 218 
7 3 0 195 220 
6 2 223 220 
5 3 0 197 222 
6 2 225 222 
7 3 0 194 224 
6 2 227 224 
5 3 0 198 226 
6 2 229 226 
7 3 0 193 228 
6 2 231 228 
5 3 0 199 230 
6 2 233 230 
7 3 0 192 232 
6 2 235 232 
5 3 0 200 234 
6 2 237 234 
7 3 0 191 236 
6 2 239 236 
8 3 238 240 0 
9 2 0 241 
6 2 242 241 
10 2 0 243 
9 3 0 244 243 
6 2 245 243 
10 2 0 246 
9 3 0 247 246 
6 2 248 246 
10 2 0 249 
9 3 0 250 249 
6 2 251 249 
10 2 0 252 
9 3 0 253 252 
6 2 254 252 
10 2 0 255 
9 3 0 256 255 
6 2 257 255 
10 2 0 258 
9 3 0 259 258 
6 2 260 258 
10 2 0 261 
9 3 0 262 261 
6 2 263 261 
10 2 0 264 
9 3 0 265 264 
6 2 266 264 
10 2 0 267 
11 9 244 247 250 253 256 259 262 265 268 
1 0 
1 0 
1 0 
1 0 
1 0 
1 0 
1 0 
1 0 
1 0 
1 0 
1 0 
1 0 
1 0 
2 2 0 270 
3 1 283 
4 2 0 282 
3 1 285 
5 3 0 271 284 
6 2 287 284 
7 3 0 281 286 
6 2 289 286 
5 3 0 272 288 
6 2 291 288 
7 3 0 280 290 
6 2 293 290 
5 3 0 273 292 
6 2 295 292 
7 3 0 279 294 
6 2 297 294 
5 3 0 274 296 
6 2 299 296 
7 3 0 278 298 
6 2 301 298 
5 3 0 275 300 
6 2 303 300 
7 3 0 277 302 
6 2 305 302 
5 3 0 276 304 
6 2 307 304 
7 3 0 276 306 
6 2 309 306 
5 3 0 277 308 
6 2 311 308 
7 3 0 275 310 
6 2 313 310 
5 3 0 278 312 
6 2 315 312 
7 3 0 274 314 
6 2 317 314 
5 3 0 279 316 
6 2 319 316 
7 3 0 273 318 
6 2 321 318 
5 3 0 280 320 
6 2 323 320 
7 3 0 272 322 
6 2 325 322 
5 3 0 281 324 
6 2 327 324 
7 3 0 271 326 
6 2 329 326 
5 3 0 282 328 
6 2 331 328 
7 3 0 270 330 
6 2 333 330 
8 3 332 334 0 
9 2 0 335 
6 2 336 335 
10 2 0 337 
9 3 0 338 337 
6 2 339 337 
10 2 0 340 
9 3 0 341 340 
6 2 342 340 
10 2 0 343 
9 3 0 344 343 
6 2 345 343 
10 2 0 346 
9 3 0 347 346 
6 2 348 346 
10 2 0 349 
9 3 0 350 349 
6 2 351 349 
10 2 0 352 
9 3 0 353 352 
6 2 354 352 
10 2 0 355 
9 3 0 356 355 
6 2 357 355 
10 2 0 358 
9 3 0 359 358 
6 2 360 358 
10 2 0 361 
9 3 0 362 361 
6 2 363 361 
10 2 0 364 
9 3 0 365 364 
6 2 366 364 
10 2 0 367 
9 3 0 368 367 
6 2 369 367 
10 2 0 370 
11 12 338 341 344 347 350 353 356 359 362 365 368 371 
1 0 
1 0 
1 0 
1 0 
1 0 
1 0 
1 0 
1 0 
1 0 
2 2 0 373 
3 1 382 
4 2 0 381 
3 1 384 
5 3 0 374 383 
6 2 386 383 
7 3 0 380 385 
6 2 388 385 
5 3 0 375 387 
6 2 390 387 
7 3 0 379 389 
6 2 392 389 
5 3 0 376 391 
6 2 394 391 
7 3 0 378 393 
6 2 396 393 
5 3 0 377 395 
6 2 398 395 
7 3 0 377 397 
6 2 400 397 
5 3 0 378 399 
6 2 402 399 
7 3 0 376 401 
6 2 404 401 
5 3 0 379 403 
6 2 406 403 
7 3 0 375 405 
6 2 408 405 
5 3 0 380 407 
6 2 410 407 
7 3 0 374 409 
6 2 412 409 
5 3 0 381 411 
6 2 414 411 
7 3 0 373 413 
6 2 416 413 
8 3 415 417 0 
9 2 0 418 
6 2 419 418 
10 2 0 420 
9 3 0 421 420 
6 2 422 420 
10 2 0 423 
9 3 0 424 423 
6 2 425 423 
10 2 0 426 
9 3 0 427 426 
6 2 428 426 
10 2 0 429 
9 3 0 430 429 
6 2 431 429 
10 2 0 432 
9 3 0 433 432 
6 2 434 432 
10 2 0 435 
9 3 0 436 435 
6 2 437 435 
10 2 0 438 
9 3 0 439 438 
6 2 440 438 
10 2 0 441 
11 8 421 424 427 430 433 436 439 442 
1 0 
1 0 
1 0 
1 0 
1 0 
1 0 
1 0 
1 0 
1 0 
2 2 0 444 
3 1 453 
4 2 0 452 
3 1 455 
5 3 0 445 454 
6 2 457 454 
7 3 0 451 456 
6 2 459 456 
5 3 0 446 458 
6 2 461 458 
7 3 0 450 460 
6 2 463 460 
5 3 0 447 462 
6 2 465 462 
7 3 0 449 464 
6 2 467 464 
5 3 0 448 466 
6 2 469 466 
7 3 0 448 468 
6 2 471 468 
5 3 0 449 470 
6 2 473 470 
7 3 0 447 472 
6 2 475 472 
5 3 0 450 474 
6 2 477 474 
7 3 0 446 476 
6 2 479 476 
5 3 0 451 478 
6 2 481 478 
7 3 0 445 480 
6 2 483 480 
5 3 0 452 482 
6 2 485 482 
7 3 0 444 484 
6 2 487 484 
8 3 486 488 0 
9 2 0 489 
6 2 490 489 
10 2 0 491 
9 3 0 492 491 
6 2 493 491 
10 2 0 494 
9 3 0 495 494 
6 2 496 494 
10 2 0 497 
9 3 0 498 497 
6 2 499 497 
10 2 0 500 
9 3 0 501 500 
6 2 502 500 
10 2 0 503 
9 3 0 504 503 
6 2 505 503 
10 2 0 506 
9 3 0 507 506 
6 2 508 506 
10 2 0 509 
9 3 0 510 509 
6 2 511 509 
10 2 0 512 
11 8 492 495 498 501 504 507 510 513 
1 0 
1 0 
1 0 
1 0 
1 0 
1 0 
1 0 
1 0 
1 0 
1 0 
1 0 
1 0 
2 2 0 515 
3 1 527 
4 2 0 526 
3 1 529 
5 3 0 516 528 
6 2 531 528 
7 3 0 525 530 
6 2 533 530 
5 3 0 517 532 
6 2 535 532 
7 3 0 524 534 
6 2 537 534 
5 3 0 518 536 
6 2 539 536 
7 3 0 523 538 
6 2 541 538 
5 3 0 519 540 
6 2 543 540 
7 3 0 522 542 
6 2 545 542 
5 3 0 520 544 
6 2 547 544 
7 3 0 521 546 
6 2 549 546 
5 3 0 521 548 
6 2 551 548 
7 3 0 520 550 
6 2 553 550 
5 3 0 522 552 
6 2 555 552 
7 3 0 519 554 
6 2 557 554 
5 3 0 523 556 
6 2 559 556 
7 3 0 518 558 
6 2 561 558 
5 3 0 524 560 
6 2 563 560 
7 3 0 517 562 
6 2 565 562 
5 3 0 525 564 
6 2 567 564 
7 3 0 516 566 
6 2 569 566 
5 3 0 526 568 
6 2 571 568 
7 3 0 515 570 
6 2 573 570 
8 3 572 574 0 
9 2 0 575 
6 2 576 575 
10 2 0 577 
9 3 0 578 577 
6 2 579 577 
10 2 0 580 
9 3 0 581 580 
6 2 582 580 
10 2 0 583 
9 3 0 584 583 
6 2 585 583 
10 2 0 586 
9 3 0 587 586 
6 2 588 586 
10 2 0 589 
9 3 0 590 589 
6 2 591 589 
10 2 0 592 
9 3 0 593 592 
6 2 594 592 
10 2 0 595 
9 3 0 596 595 
6 2 597 595 
10 2 0 598 
9 3 0 599 598 
6 2 600 598 
10 2 0 601 
9 3 0 602 601 
6 2 603 601 
10 2 0 604 
9 3 0 605 604 
6 2 606 604 
10 2 0 607 
11 11 578 581 584 587 590 593 596 599 602 605 608 
1 0 
1 0 
1 0 
1 0 
1 0 
1 0 
1 0 
2 2 0 610 
3 1 617 
4 2 0 616 
3 1 619 
5 3 0 611 618 
6 2 621 618 
7 3 0 615 620 
6 2 623 620 
5 3 0 612 622 
6 2 625 622 
7 3 0 614 624 
6 2 627 624 
5 3 0 613 626 
6 2 629 626 
7 3 0 613 628 
6 2 631 628 
5 3 0 614 630 
6 2 633 630 
7 3 0 612 632 
6 2 635 632 
5 3 0 615 634 
6 2 637 634 
7 3 0 611 636 
6 2 639 636 
5 3 0 616 638 
6 2 641 638 
7 3 0 610 640 
6 2 643 640 
8 3 642 644 0 
9 2 0 645 
6 2 646 645 
10 2 0 647 
9 3 0 648 647 
6 2 649 647 
10 2 0 650 
9 3 0 651 650 
6 2 652 650 
10 2 0 653 
9 3 0 654 653 
6 2 655 653 
10 2 0 656 
9 3 0 657 656 
6 2 658 656 
10 2 0 659 
9 3 0 660 659 
6 2 661 659 
10 2 0 662 
11 6 648 651 654 657 660 663 
1 0 
1 0 
1 0 
1 0 
1 0 
1 0 
1 0 
1 0 
1 0 
1 0 
1 0 
1 0 
1 0 
1 0 
2 2 0 665 
3 1 679 
4 2 0 678 
3 1 681 
5 3 0 666 680 
6 2 683 680 
7 3 0 677 682 
6 2 685 682 
5 3 0 667 684 
6 2 687 684 
7 3 0 676 686 
6 2 689 686 
5 3 0 668 688 
6 2 691 688 
7 3 0 675 690 
6 2 693 690 
5 3 0 669 692 
6 2 695 692 
7 3 0 674 694 
6 2 697 694 
5 3 0 670 696 
6 2 699 696 
7 3 0 673 698 
6 2 701 698 
5 3 0 671 700 
6 2 703 700 
7 3 0 672 702 
6 2 705 702 
5 3 0 672 704 
6 2 707 704 
7 3 0 671 706 
6 2 709 706 
5 3 0 673 708 
6 2 711 708 
7 3 0 670 710 
6 2 713 710 
5 3 0 674 712 
6 2 715 712 
7 3 0 669 714 
6 2 717 714 
5 3 0 675 716 
6 2 719 716 
7 3 0 668 718 
6 2 721 718 
5 3 0 676 720 
6 2 723 720 
7 3 0 667 722 
6 2 725 722 
5 3 0 677 724 
6 2 727 724 
7 3 0 666 726 
6 2 729 726 
5 3 0 678 728 
6 2 731 728 
7 3 0 665 730 
6 2 733 730 
8 3 732 734 0 
9 2 0 735 
6 2 736 735 
10 2 0 737 
9 3 0 738 737 
6 2 739 737 
10 2 0 740 
9 3 0 741 740 
6 2 742 740 
10 2 0 743 
9 3 0 744 743 
6 2 745 743 
10 2 0 746 
9 3 0 747 746 
6 2 748 746 
10 2 0 749 
9 3 0 750 749 
6 2 751 749 
10 2 0 752 
9 3 0 753 752 
6 2 754 752 
10 2 0 755 
9 3 0 756 755 
6 2 757 755 
10 2 0 758 
9 3 0 759 758 
6 2 760 758 
10 2 0 761 
9 3 0 762 761 
6 2 763 761 
10 2 0 764 
9 3 0 765 764 
6 2 766 764 
10 2 0 767 
9 3 0 768 767 
6 2 769 767 
10 2 0 770 
9 3 0 771 770 
6 2 772 770 
10 2 0 773 
11 13 738 741 744 747 750 753 756 759 762 765 768 771 774 
1 0 
1 0 
1 0 
1 0 
1 0 
1 0 
1 0 
2 2 0 776 
3 1 783 
4 2 0 782 
3 1 785 
5 3 0 777 784 
6 2 787 784 
7 3 0 781 786 
6 2 789 786 
5 3 0 778 788 
6 2 791 788 
7 3 0 780 790 
6 2 793 790 
5 3 0 779 792 
6 2 795 792 
7 3 0 779 794 
6 2 797 794 
5 3 0 780 796 
6 2 799 796 
7 3 0 778 798 
6 2 801 798 
5 3 0 781 800 
6 2 803 800 
7 3 0 777 802 
6 2 805 802 
5 3 0 782 804 
6 2 807 804 
7 3 0 776 806 
6 2 809 806 
8 3 808 810 0 
9 2 0 811 
6 2 812 811 
10 2 0 813 
9 3 0 814 813 
6 2 815 813 
10 2 0 816 
9 3 0 817 816 
6 2 818 816 
10 2 0 819 
9 3 0 820 819 
6 2 821 819 
10 2 0 822 
9 3 0 823 822 
6 2 824 822 
10 2 0 825 
9 3 0 826 825 
6 2 827 825 
10 2 0 828 
11 6 814 817 820 823 826 829 
1 0 
1 0 
1 0 
1 0 
1 0 
1 0 
1 0 
1 0 
1 0 
2 2 0 831 
3 1 840 
4 2 0 839 
3 1 842 
5 3 0 832 841 
6 2 844 841 
7 3 0 838 843 
6 2 846 843 
5 3 0 833 845 
6 2 848 845 
7 3 0 837 847 
6 2 850 847 
5 3 0 834 849 
6 2 852 849 
7 3 0 836 851 
6 2 854 851 
5 3 0 835 853 
6 2 856 853 
7 3 0 835 855 
6 2 858 855 
5 3 0 836 857 
6 2 860 857 
7 3 0 834 859 
6 2 862 859 
5 3 0 837 861 
6 2 864 861 
7 3 0 833 863 
6 2 866 863 
5 3 0 838 865 
6 2 868 865 
7 3 0 832 867 
6 2 870 867 
5 3 0 839 869 
6 2 872 869 
7 3 0 831 871 
6 2 874 871 
8 3 873 875 0 
9 2 0 876 
6 2 877 876 
10 2 0 878 
9 3 0 879 878 
6 2 880 878 
10 2 0 881 
9 3 0 882 881 
6 2 883 881 
10 2 0 884 
9 3 0 885 884 
6 2 886 884 
10 2 0 887 
9 3 0 888 887 
6 2 889 887 
10 2 0 890 
9 3 0 891 890 
6 2 892 890 
10 2 0 893 
9 3 0 894 893 
6 2 895 893 
10 2 0 896 
9 3 0 897 896 
6 2 898 896 
10 2 0 899 
11 8 879 882 885 888 891 894 897 900 
1 0 
1 0 
1 0 
1 0 
1 0 
1 0 
1 0 
1 0 
1 0 
1 0 
1 0 
1 0 
1 0 
1 0 
1 0 
1 0 
2 2 0 902 
3 1 918 
4 2 0 917 
3 1 920 
5 3 0 903 919 
6 2 922 919 
7 3 0 916 921 
6 2 924 921 
5 3 0 904 923 
6 2 926 923 
7 3 0 915 925 
6 2 928 925 
5 3 0 905 927 
6 2 930 927 
7 3 0 914 929 
6 2 932 929 
5 3 0 906 931 
6 2 934 931 
7 3 0 913 933 
6 2 936 933 
5 3 0 907 935 
6 2 938 935 
7 3 0 912 937 
6 2 940 937 
5 3 0 908 939 
6 2 942 939 
7 3 0 911 941 
6 2 944 941 
5 3 0 909 943 
6 2 946 943 
7 3 0 910 945 
6 2 948 945 
5 3 0 910 947 
6 2 950 947 
7 3 0 909 949 
6 2 952 949 
5 3 0 911 951 
6 2 954 951 
7 3 0 908 953 
6 2 956 953 
5 3 0 912 955 
6 2 958 955 
7 3 0 907 957 
6 2 960 957 
5 3 0 913 959 
6 2 962 959 
7 3 0 906 961 
6 2 964 961 
5 3 0 914 963 
6 2 966 963 
7 3 0 905 965 
6 2 968 965 
5 3 0 915 967 
6 2 970 967 
7 3 0 904 969 
6 2 972 969 
5 3 0 916 971 
6 2 974 971 
7 3 0 903 973 
6 2 976 973 
5 3 0 917 975 
6 2 978 975 
7 3 0 902 977 
6 2 980 977 
8 3 979 981 0 
9 2 0 982 
6 2 983 982 
10 2 0 984 
9 3 0 985 984 
6 2 986 984 
10 2 0 987 
9 3 0 988 987 
6 2 989 987 
10 2 0 990 
9 3 0 991 990 
6 2 992 990 
10 2 0 993 
9 3 0 994 993 
6 2 995 993 
10 2 0 996 
9 3 0 997 996 
6 2 998 996 
10 2 0 999 
9 3 0 1000 999 
6 2 1001 999 
10 2 0 1002 
9 3 0 1003 1002 
6 2 1004 1002 
10 2 0 1005 
9 3 0 1006 1005 
6 2 1007 1005 
10 2 0 1008 
9 3 0 1009 1008 
6 2 1010 1008 
10 2 0 1011 
9 3 0 1012 1011 
6 2 1013 1011 
10 2 0 1014 
9 3 0 1015 1014 
6 2 1016 1014 
10 2 0 1017 
9 3 0 1018 1017 
6 2 1019 1017 
10 2 0 1020 
9 3 0 1021 1020 
6 2 1022 1020 
10 2 0 1023 
9 3 0 1024 1023 
6 2 1025 1023 
10 2 0 1026 
11 15 985 988 991 994 997 1000 1003 1006 1009 1012 1015 1018 1021 1024 1027 
1 0 
1 0 
1 0 
1 0 
1 0 
1 0 
1 0 
1 0 
1 0 
2 2 0 1029 
3 1 1038 
4 2 0 1037 
3 1 1040 
5 3 0 1030 1039 
6 2 1042 1039 
7 3 0 1036 1041 
6 2 1044 1041 
5 3 0 1031 1043 
6 2 1046 1043 
7 3 0 1035 1045 
6 2 1048 1045 
5 3 0 1032 1047 
6 2 1050 1047 
7 3 0 1034 1049 
6 2 1052 1049 
5 3 0 1033 1051 
6 2 1054 1051 
7 3 0 1033 1053 
6 2 1056 1053 
5 3 0 1034 1055 
6 2 1058 1055 
7 3 0 1032 1057 
6 2 1060 1057 
5 3 0 1035 1059 
6 2 1062 1059 
7 3 0 1031 1061 
6 2 1064 1061 
5 3 0 1036 1063 
6 2 1066 1063 
7 3 0 1030 1065 
6 2 1068 1065 
5 3 0 1037 1067 
6 2 1070 1067 
7 3 0 1029 1069 
6 2 1072 1069 
8 3 1071 1073 0 
9 2 0 1074 
6 2 1075 1074 
10 2 0 1076 
9 3 0 1077 1076 
6 2 1078 1076 
10 2 0 1079 
9 3 0 1080 1079 
6 2 1081 1079 
10 2 0 1082 
9 3 0 1083 1082 
6 2 1084 1082 
10 2 0 1085 
9 3 0 1086 1085 
6 2 1087 1085 
10 2 0 1088 
9 3 0 1089 1088 
6 2 1090 1088 
10 2 0 1091 
9 3 0 1092 1091 
6 2 1093 1091 
10 2 0 1094 
9 3 0 1095 1094 
6 2 1096 1094 
10 2 0 1097 
11 8 1077 1080 1083 1086 1089 1092 1095 1098 
1 0 
1 0 
1 0 
1 0 
1 0 
1 0 
1 0 
1 0 
1 0 
1 0 
1 0 
1 0 
1 0 
1 0 
2 2 0 1100 
3 1 1114 
4 2 0 1113 
3 1 1116 
5 3 0 1101 1115 
6 2 1118 1115 
7 3 0 1112 1117 
6 2 1120 1117 
5 3 0 1102 1119 
6 2 1122 1119 
7 3 0 1111 1121 
6 2 1124 1121 
5 3 0 1103 1123 
6 2 1126 1123 
7 3 0 1110 1125 
6 2 1128 1125 
5 3 0 1104 1127 
6 2 1130 1127 
7 3 0 1109 1129 
6 2 1132 1129 
5 3 0 1105 1131 
6 2 1134 1131 
7 3 0 1108 1133 
6 2 1136 1133 
5 3 0 1106 1135 
6 2 1138 1135 
7 3 0 1107 1137 
6 2 1140 1137 
5 3 0 1107 1139 
6 2 1142 1139 
7 3 0 1106 1141 
6 2 1144 1141 
5 3 0 1108 1143 
6 2 1146 1143 
7 3 0 1105 1145 
6 2 1148 1145 
5 3 0 1109 1147 
6 2 1150 1147 
7 3 0 1104 1149 
6 2 1152 1149 
5 3 0 1110 1151 
6 2 1154 1151 
7 3 0 1103 1153 
6 2 1156 1153 
5 3 0 1111 1155 
6 2 1158 1155 
7 3 0 1102 1157 
6 2 1160 1157 
5 3 0 1112 1159 
6 2 1162 1159 
7 3 0 1101 1161 
6 2 1164 1161 
5 3 0 1113 1163 
6 2 1166 1163 
7 3 0 1100 1165 
6 2 1168 1165 
8 3 1167 1169 0 
9 2 0 1170 
6 2 1171 1170 
10 2 0 1172 
9 3 0 1173 1172 
6 2 1174 1172 
10 2 0 1175 
9 3 0 1176 1175 
6 2 1177 1175 
10 2 0 1178 
9 3 0 1179 1178 
6 2 1180 1178 
10 2 0 1181 
9 3 0 1182 1181 
6 2 1183 1181 
10 2 0 1184 
9 3 0 1185 1184 
6 2 1186 1184 
10 2 0 1187 
9 3 0 1188 1187 
6 2 1189 1187 
10 2 0 1190 
9 3 0 1191 1190 
6 2 1192 1190 
10 2 0 1193 
9 3 0 1194 1193 
6 2 1195 1193 
10 2 0 1196 
9 3 0 1197 1196 
6 2 1198 1196 
10 2 0 1199 
9 3 0 1200 1199 
6 2 1201 1199 
10 2 0 1202 
9 3 0 1203 1202 
6 2 1204 1202 
10 2 0 1205 
9 3 0 1206 1205 
6 2 1207 1205 
10 2 0 1208 
11 13 1173 1176 1179 1182 1185 1188 1191 1194 1197 1200 1203 1206 1209 
1 0 
1 0 
1 0 
1 0 
1 0 
1 0 
1 0 
1 0 
1 0 
1 0 
1 0 
2 2 0 1211 
3 1 1222 
4 2 0 1221 
3 1 1224 
5 3 0 1212 1223 
6 2 1226 1223 
7 3 0 1220 1225 
6 2 1228 1225 
5 3 0 1213 1227 
6 2 1230 1227 
7 3 0 1219 1229 
6 2 1232 1229 
5 3 0 1214 1231 
6 2 1234 1231 
7 3 0 1218 1233 
6 2 1236 1233 
5 3 0 1215 1235 
6 2 1238 1235 
7 3 0 1217 1237 
6 2 1240 1237 
5 3 0 1216 1239 
6 2 1242 1239 
7 3 0 1216 1241 
6 2 1244 1241 
5 3 0 1217 1243 
6 2 1246 1243 
7 3 0 1215 1245 
6 2 1248 1245 
5 3 0 1218 1247 
6 2 1250 1247 
7 3 0 1214 1249 
6 2 1252 1249 
5 3 0 1219 1251 
6 2 1254 1251 
7 3 0 1213 1253 
6 2 1256 1253 
5 3 0 1220 1255 
6 2 1258 1255 
7 3 0 1212 1257 
6 2 1260 1257 
5 3 0 1221 1259 
6 2 1262 1259 
7 3 0 1211 1261 
6 2 1264 1261 
8 3 1263 1265 0 
9 2 0 1266 
6 2 1267 1266 
10 2 0 1268 
9 3 0 1269 1268 
6 2 1270 1268 
10 2 0 1271 
9 3 0 1272 1271 
6 2 1273 1271 
10 2 0 1274 
9 3 0 1275 1274 
6 2 1276 1274 
10 2 0 1277 
9 3 0 1278 1277 
6 2 1279 1277 
10 2 0 1280 
9 3 0 1281 1280 
6 2 1282 1280 
10 2 0 1283 
9 3 0 1284 1283 
6 2 1285 1283 
10 2 0 1286 
9 3 0 1287 1286 
6 2 1288 1286 
10 2 0 1289 
9 3 0 1290 1289 
6 2 1291 1289 
10 2 0 1292 
9 3 0 1293 1292 
6 2 1294 1292 
10 2 0 1295 
11 10 1269 1272 1275 1278 1281 1284 1287 1290 1293 1296 
1 0 
1 0 
1 0 
1 0 
1 0 
1 0 
1 0 
2 2 0 1298 
3 1 1305 
4 2 0 1304 
3 1 1307 
5 3 0 1299 1306 
6 2 1309 1306 
7 3 0 1303 1308 
6 2 1311 1308 
5 3 0 1300 1310 
6 2 1313 1310 
7 3 0 1302 1312 
6 2 1315 1312 
5 3 0 1301 1314 
6 2 1317 1314 
7 3 0 1301 1316 
6 2 1319 1316 
5 3 0 1302 1318 
6 2 1321 1318 
7 3 0 1300 1320 
6 2 1323 1320 
5 3 0 1303 1322 
6 2 1325 1322 
7 3 0 1299 1324 
6 2 1327 1324 
5 3 0 1304 1326 
6 2 1329 1326 
7 3 0 1298 1328 
6 2 1331 1328 
8 3 1330 1332 0 
9 2 0 1333 
6 2 1334 1333 
10 2 0 1335 
9 3 0 1336 1335 
6 2 1337 1335 
10 2 0 1338 
9 3 0 1339 1338 
6 2 1340 1338 
10 2 0 1341 
9 3 0 1342 1341 
6 2 1343 1341 
10 2 0 1344 
9 3 0 1345 1344 
6 2 1346 1344 
10 2 0 1347 
9 3 0 1348 1347 
6 2 1349 1347 
10 2 0 1350 
11 6 1336 1339 1342 1345 1348 1351 
1 0 
1 0 
1 0 
1 0 
1 0 
1 0 
1 0 
1 0 
2 2 0 1353 
3 1 1361 
4 2 0 1360 
3 1 1363 
5 3 0 1354 1362 
6 2 1365 1362 
7 3 0 1359 1364 
6 2 1367 1364 
5 3 0 1355 1366 
6 2 1369 1366 
7 3 0 1358 1368 
6 2 1371 1368 
5 3 0 1356 1370 
6 2 1373 1370 
7 3 0 1357 1372 
6 2 1375 1372 
5 3 0 1357 1374 
6 2 1377 1374 
7 3 0 1356 1376 
6 2 1379 1376 
5 3 0 1358 1378 
6 2 1381 1378 
7 3 0 1355 1380 
6 2 1383 1380 
5 3 0 1359 1382 
6 2 1385 1382 
7 3 0 1354 1384 
6 2 1387 1384 
5 3 0 1360 1386 
6 2 1389 1386 
7 3 0 1353 1388 
6 2 1391 1388 
8 3 1390 1392 0 
9 2 0 1393 
6 2 1394 1393 
10 2 0 1395 
9 3 0 1396 1395 
6 2 1397 1395 
10 2 0 1398 
9 3 0 1399 1398 
6 2 1400 1398 
10 2 0 1401 
9 3 0 1402 1401 
6 2 1403 1401 
10 2 0 1404 
9 3 0 1405 1404 
6 2 1406 1404 
10 2 0 1407 
9 3 0 1408 1407 
6 2 1409 1407 
10 2 0 1410 
9 3 0 1411 1410 
6 2 1412 1410 
10 2 0 1413 
11 7 1396 1399 1402 1405 1408 1411 1414 
1 0 
1 0 
1 0 
1 0 
1 0 
1 0 
1 0 
2 2 0 1416 
3 1 1423 
4 2 0 1422 
3 1 1425 
5 3 0 1417 1424 
6 2 1427 1424 
7 3 0 1421 1426 
6 2 1429 1426 
5 3 0 1418 1428 
6 2 1431 1428 
7 3 0 1420 1430 
6 2 1433 1430 
5 3 0 1419 1432 
6 2 1435 1432 
7 3 0 1419 1434 
6 2 1437 1434 
5 3 0 1420 1436 
6 2 1439 1436 
7 3 0 1418 1438 
6 2 1441 1438 
5 3 0 1421 1440 
6 2 1443 1440 
7 3 0 1417 1442 
6 2 1445 1442 
5 3 0 1422 1444 
6 2 1447 1444 
7 3 0 1416 1446 
6 2 1449 1446 
8 3 1448 1450 0 
9 2 0 1451 
6 2 1452 1451 
10 2 0 1453 
9 3 0 1454 1453 
6 2 1455 1453 
10 2 0 1456 
9 3 0 1457 1456 
6 2 1458 1456 
10 2 0 1459 
9 3 0 1460 1459 
6 2 1461 1459 
10 2 0 1462 
9 3 0 1463 1462 
6 2 1464 1462 
10 2 0 1465 
9 3 0 1466 1465 
6 2 1467 1465 
10 2 0 1468 
11 6 1454 1457 1460 1463 1466 1469 
1 0 
1 0 
1 0 
1 0 
1 0 
1 0 
1 0 
1 0 
1 0 
1 0 
1 0 
1 0 
1 0 
1 0 
1 0 
1 0 
1 0 
2 2 0 1471 
3 1 1488 
4 2 0 1487 
3 1 1490 
5 3 0 1472 1489 
6 2 1492 1489 
7 3 0 1486 1491 
6 2 1494 1491 
5 3 0 1473 1493 
6 2 1496 1493 
7 3 0 1485 1495 
6 2 1498 1495 
5 3 0 1474 1497 
6 2 1500 1497 
7 3 0 1484 1499 
6 2 1502 1499 
5 3 0 1475 1501 
6 2 1504 1501 
7 3 0 1483 1503 
6 2 1506 1503 
5 3 0 1476 1505 
6 2 1508 1505 
7 3 0 1482 1507 
6 2 1510 1507 
5 3 0 1477 1509 
6 2 1512 1509 
7 3 0 1481 1511 
6 2 1514 1511 
5 3 0 1478 1513 
6 2 1516 1513 
7 3 0 1480 1515 
6 2 1518 1515 
5 3 0 1479 1517 
6 2 1520 1517 
7 3 0 1479 1519 
6 2 1522 1519 
5 3 0 1480 1521 
6 2 1524 1521 
7 3 0 1478 1523 
6 2 1526 1523 
5 3 0 1481 1525 
6 2 1528 1525 
7 3 0 1477 1527 
6 2 1530 1527 
5 3 0 1482 1529 
6 2 1532 1529 
7 3 0 1476 1531 
6 2 1534 1531 
5 3 0 1483 1533 
6 2 1536 1533 
7 3 0 1475 1535 
6 2 1538 1535 
5 3 0 1484 1537 
6 2 1540 1537 
7 3 0 1474 1539 
6 2 1542 1539 
5 3 0 1485 1541 
6 2 1544 1541 
7 3 0 1473 1543 
6 2 1546 1543 
5 3 0 1486 1545 
6 2 1548 1545 
7 3 0 1472 1547 
6 2 1550 1547 
5 3 0 1487 1549 
6 2 1552 1549 
7 3 0 1471 1551 
6 2 1554 1551 
8 3 1553 1555 0 
9 2 0 1556 
6 2 1557 1556 
10 2 0 1558 
9 3 0 1559 1558 
6 2 1560 1558 
10 2 0 1561 
9 3 0 1562 1561 
6 2 1563 1561 
10 2 0 1564 
9 3 0 1565 1564 
6 2 1566 1564 
10 2 0 1567 
9 3 0 1568 1567 
6 2 1569 1567 
10 2 0 1570 
9 3 0 1571 1570 
6 2 1572 1570 
10 2 0 1573 
9 3 0 1574 1573 
6 2 1575 1573 
10 2 0 1576 
9 3 0 1577 1576 
6 2 1578 1576 
10 2 0 1579 
9 3 0 1580 1579 
6 2 1581 1579 
10 2 0 1582 
9 3 0 1583 1582 
6 2 1584 1582 
10 2 0 1585 
9 3 0 1586 1585 
6 2 1587 1585 
10 2 0 1588 
9 3 0 1589 1588 
6 2 1590 1588 
10 2 0 1591 
9 3 0 1592 1591 
6 2 1593 1591 
10 2 0 1594 
9 3 0 1595 1594 
6 2 1596 1594 
10 2 0 1597 
9 3 0 1598 1597 
6 2 1599 1597 
10 2 0 1600 
9 3 0 1601 1600 
6 2 1602 1600 
10 2 0 1603 
11 16 1559 1562 1565 1568 1571 1574 1577 1580 1583 1586 1589 1592 1595 1598 1601 1604 
1 0 
1 0 
1 0 
1 0 
1 0 
1 0 
1 0 
1 0 
1 0 
1 0 
1 0 
1 0 
1 0 
1 0 
1 0 
2 2 0 1606 
3 1 1621 
4 2 0 1620 
3 1 1623 
5 3 0 1607 1622 
6 2 1625 1622 
7 3 0 1619 1624 
6 2 1627 1624 
5 3 0 1608 1626 
6 2 1629 1626 
7 3 0 1618 1628 
6 2 1631 1628 
5 3 0 1609 1630 
6 2 1633 1630 
7 3 0 1617 1632 
6 2 1635 1632 
5 3 0 1610 1634 
6 2 1637 1634 
7 3 0 1616 1636 
6 2 1639 1636 
5 3 0 1611 1638 
6 2 1641 1638 
7 3 0 1615 1640 
6 2 1643 1640 
5 3 0 1612 1642 
6 2 1645 1642 
7 3 0 1614 1644 
6 2 1647 1644 
5 3 0 1613 1646 
6 2 1649 1646 
7 3 0 1613 1648 
6 2 1651 1648 
5 3 0 1614 1650 
6 2 1653 1650 
7 3 0 1612 1652 
6 2 1655 1652 
5 3 0 1615 1654 
6 2 1657 1654 
7 3 0 1611 1656 
6 2 1659 1656 
5 3 0 1616 1658 
6 2 1661 1658 
7 3 0 1610 1660 
6 2 1663 1660 
5 3 0 1617 1662 
6 2 1665 1662 
7 3 0 1609 1664 
6 2 1667 1664 
5 3 0 1618 1666 
6 2 1669 1666 
7 3 0 1608 1668 
6 2 1671 1668 
5 3 0 1619 1670 
6 2 1673 1670 
7 3 0 1607 1672 
6 2 1675 1672 
5 3 0 1620 1674 
6 2 1677 1674 
7 3 0 1606 1676 
6 2 1679 1676 
8 3 1678 1680 0 
9 2 0 1681 
6 2 1682 1681 
10 2 0 1683 
9 3 0 1684 1683 
6 2 1685 1683 
10 2 0 1686 
9 3 0 1687 1686 
6 2 1688 1686 
10 2 0 1689 
9 3 0 1690 1689 
6 2 1691 1689 
10 2 0 1692 
9 3 0 1693 1692 
6 2 1694 1692 
10 2 0 1695 
9 3 0 1696 1695 
6 2 1697 1695 
10 2 0 1698 
9 3 0 1699 1698 
6 2 1700 1698 
10 2 0 1701 
9 3 0 1702 1701 
6 2 1703 1701 
10 2 0 1704 
9 3 0 1705 1704 
6 2 1706 1704 
10 2 0 1707 
9 3 0 1708 1707 
6 2 1709 1707 
10 2 0 1710 
9 3 0 1711 1710 
6 2 1712 1710 
10 2 0 1713 
9 3 0 1714 1713 
6 2 1715 1713 
10 2 0 1716 
9 3 0 1717 1716 
6 2 1718 1716 
10 2 0 1719 
9 3 0 1720 1719 
6 2 1721 1719 
10 2 0 1722 
11 14 1684 1687 1690 1693 1696 1699 1702 1705 1708 1711 1714 1717 1720 1723 
1 0 
1 0 
1 0 
1 0 
1 0 
1 0 
1 0 
1 0 
2 2 0 1725 
3 1 1733 
4 2 0 1732 
3 1 1735 
5 3 0 1726 1734 
6 2 1737 1734 
7 3 0 1731 1736 
6 2 1739 1736 
5 3 0 1727 1738 
6 2 1741 1738 
7 3 0 1730 1740 
6 2 1743 1740 
5 3 0 1728 1742 
6 2 1745 1742 
7 3 0 1729 1744 
6 2 1747 1744 
5 3 0 1729 1746 
6 2 1749 1746 
7 3 0 1728 1748 
6 2 1751 1748 
5 3 0 1730 1750 
6 2 1753 1750 
7 3 0 1727 1752 
6 2 1755 1752 
5 3 0 1731 1754 
6 2 1757 1754 
7 3 0 1726 1756 
6 2 1759 1756 
5 3 0 1732 1758 
6 2 1761 1758 
7 3 0 1725 1760 
6 2 1763 1760 
8 3 1762 1764 0 
9 2 0 1765 
6 2 1766 1765 
10 2 0 1767 
9 3 0 1768 1767 
6 2 1769 1767 
10 2 0 1770 
9 3 0 1771 1770 
6 2 1772 1770 
10 2 0 1773 
9 3 0 1774 1773 
6 2 1775 1773 
10 2 0 1776 
9 3 0 1777 1776 
6 2 1778 1776 
10 2 0 1779 
9 3 0 1780 1779 
6 2 1781 1779 
10 2 0 1782 
9 3 0 1783 1782 
6 2 1784 1782 
10 2 0 1785 
11 7 1768 1771 1774 1777 1780 1783 1786 
1 0 
1 0 
1 0 
1 0 
1 0 
1 0 
1 0 
1 0 
2 2 0 1788 
3 1 1796 
4 2 0 1795 
3 1 1798 
5 3 0 1789 1797 
6 2 1800 1797 
7 3 0 1794 1799 
6 2 1802 1799 
5 3 0 1790 1801 
6 2 1804 1801 
7 3 0 1793 1803 
6 2 1806 1803 
5 3 0 1791 1805 
6 2 1808 1805 
7 3 0 1792 1807 
6 2 1810 1807 
5 3 0 1792 1809 
6 2 1812 1809 
7 3 0 1791 1811 
6 2 1814 1811 
5 3 0 1793 1813 
6 2 1816 1813 
7 3 0 1790 1815 
6 2 1818 1815 
5 3 0 1794 1817 
6 2 1820 1817 
7 3 0 1789 1819 
6 2 1822 1819 
5 3 0 1795 1821 
6 2 1824 1821 
7 3 0 1788 1823 
6 2 1826 1823 
8 3 1825 1827 0 
9 2 0 1828 
6 2 1829 1828 
10 2 0 1830 
9 3 0 1831 1830 
6 2 1832 1830 
10 2 0 1833 
9 3 0 1834 1833 
6 2 1835 1833 
10 2 0 1836 
9 3 0 1837 1836 
6 2 1838 1836 
10 2 0 1839 
9 3 0 1840 1839 
6 2 1841 1839 
10 2 0 1842 
9 3 0 1843 1842 
6 2 1844 1842 
10 2 0 1845 
9 3 0 1846 1845 
6 2 1847 1845 
10 2 0 1848 
11 7 1831 1834 1837 1840 1843 1846 1849 
1 0 
1 0 
1 0 
1 0 
1 0 
1 0 
1 0 
1 0 
1 0 
1 0 
2 2 0 1851 
3 1 1861 
4 2 0 1860 
3 1 1863 
5 3 0 1852 1862 
6 2 1865 1862 
7 3 0 1859 1864 
6 2 1867 1864 
5 3 0 1853 1866 
6 2 1869 1866 
7 3 0 1858 1868 
6 2 1871 1868 
5 3 0 1854 1870 
6 2 1873 1870 
7 3 0 1857 1872 
6 2 1875 1872 
5 3 0 1855 1874 
6 2 1877 1874 
7 3 0 1856 1876 
6 2 1879 1876 
5 3 0 1856 1878 
6 2 1881 1878 
7 3 0 1855 1880 
6 2 1883 1880 
5 3 0 1857 1882 
6 2 1885 1882 
7 3 0 1854 1884 
6 2 1887 1884 
5 3 0 1858 1886 
6 2 1889 1886 
7 3 0 1853 1888 
6 2 1891 1888 
5 3 0 1859 1890 
6 2 1893 1890 
7 3 0 1852 1892 
6 2 1895 1892 
5 3 0 1860 1894 
6 2 1897 1894 
7 3 0 1851 1896 
6 2 1899 1896 
8 3 1898 1900 0 
9 2 0 1901 
6 2 1902 1901 
10 2 0 1903 
9 3 0 1904 1903 
6 2 1905 1903 
10 2 0 1906 
9 3 0 1907 1906 
6 2 1908 1906 
10 2 0 1909 
9 3 0 1910 1909 
6 2 1911 1909 
10 2 0 1912 
9 3 0 1913 1912 
6 2 1914 1912 
10 2 0 1915 
9 3 0 1916 1915 
6 2 1917 1915 
10 2 0 1918 
9 3 0 1919 1918 
6 2 1920 1918 
10 2 0 1921 
9 3 0 1922 1921 
6 2 1923 1921 
10 2 0 1924 
9 3 0 1925 1924 
6 2 1926 1924 
10 2 0 1927 
11 9 1904 1907 1910 1913 1916 1919 1922 1925 1928 
1 0 
1 0 
1 0 
1 0 
1 0 
1 0 
1 0 
1 0 
2 2 0 1930 
3 1 1938 
4 2 0 1937 
3 1 1940 
5 3 0 1931 1939 
6 2 1942 1939 
7 3 0 1936 1941 
6 2 1944 1941 
5 3 0 1932 1943 
6 2 1946 1943 
7 3 0 1935 1945 
6 2 1948 1945 
5 3 0 1933 1947 
6 2 1950 1947 
7 3 0 1934 1949 
6 2 1952 1949 
5 3 0 1934 1951 
6 2 1954 1951 
7 3 0 1933 1953 
6 2 1956 1953 
5 3 0 1935 1955 
6 2 1958 1955 
7 3 0 1932 1957 
6 2 1960 1957 
5 3 0 1936 1959 
6 2 1962 1959 
7 3 0 1931 1961 
6 2 1964 1961 
5 3 0 1937 1963 
6 2 1966 1963 
7 3 0 1930 1965 
6 2 1968 1965 
8 3 1967 1969 0 
9 2 0 1970 
6 2 1971 1970 
10 2 0 1972 
9 3 0 1973 1972 
6 2 1974 1972 
10 2 0 1975 
9 3 0 1976 1975 
6 2 1977 1975 
10 2 0 1978 
9 3 0 1979 1978 
6 2 1980 1978 
10 2 0 1981 
9 3 0 1982 1981 
6 2 1983 1981 
10 2 0 1984 
9 3 0 1985 1984 
6 2 1986 1984 
10 2 0 1987 
9 3 0 1988 1987 
6 2 1989 1987 
10 2 0 1990 
11 7 1973 1976 1979 1982 1985 1988 1991 
1 0 
1 0 
1 0 
1 0 
1 0 
1 0 
1 0 
1 0 
1 0 
2 2 0 1993 
3 1 2002 
4 2 0 2001 
3 1 2004 
5 3 0 1994 2003 
6 2 2006 2003 
7 3 0 2000 2005 
6 2 2008 2005 
5 3 0 1995 2007 
6 2 2010 2007 
7 3 0 1999 2009 
6 2 2012 2009 
5 3 0 1996 2011 
6 2 2014 2011 
7 3 0 1998 2013 
6 2 2016 2013 
5 3 0 1997 2015 
6 2 2018 2015 
7 3 0 1997 2017 
6 2 2020 2017 
5 3 0 1998 2019 
6 2 2022 2019 
7 3 0 1996 2021 
6 2 2024 2021 
5 3 0 1999 2023 
6 2 2026 2023 
7 3 0 1995 2025 
6 2 2028 2025 
5 3 0 2000 2027 
6 2 2030 2027 
7 3 0 1994 2029 
6 2 2032 2029 
5 3 0 2001 2031 
6 2 2034 2031 
7 3 0 1993 2033 
6 2 2036 2033 
8 3 2035 2037 0 
9 2 0 2038 
6 2 2039 2038 
10 2 0 2040 
9 3 0 2041 2040 
6 2 2042 2040 
10 2 0 2043 
9 3 0 2044 2043 
6 2 2045 2043 
10 2 0 2046 
9 3 0 2047 2046 
6 2 2048 2046 
10 2 0 2049 
9 3 0 2050 2049 
6 2 2051 2049 
10 2 0 2052 
9 3 0 2053 2052 
6 2 2054 2052 
10 2 0 2055 
9 3 0 2056 2055 
6 2 2057 2055 
10 2 0 2058 
9 3 0 2059 2058 
6 2 2060 2058 
10 2 0 2061 
11 8 2041 2044 2047 2050 2053 2056 2059 2062 
1 0 
1 0 
1 0 
1 0 
1 0 
1 0 
1 0 
1 0 
1 0 
1 0 
2 2 0 2064 
3 1 2074 
4 2 0 2073 
3 1 2076 
5 3 0 2065 2075 
6 2 2078 2075 
7 3 0 2072 2077 
6 2 2080 2077 
5 3 0 2066 2079 
6 2 2082 2079 
7 3 0 2071 2081 
6 2 2084 2081 
5 3 0 2067 2083 
6 2 2086 2083 
7 3 0 2070 2085 
6 2 2088 2085 
5 3 0 2068 2087 
6 2 2090 2087 
7 3 0 2069 2089 
6 2 2092 2089 
5 3 0 2069 2091 
6 2 2094 2091 
7 3 0 2068 2093 
6 2 2096 2093 
5 3 0 2070 2095 
6 2 2098 2095 
7 3 0 2067 2097 
6 2 2100 2097 
5 3 0 2071 2099 
6 2 2102 2099 
7 3 0 2066 2101 
6 2 2104 2101 
5 3 0 2072 2103 
6 2 2106 2103 
7 3 0 2065 2105 
6 2 2108 2105 
5 3 0 2073 2107 
6 2 2110 2107 
7 3 0 2064 2109 
6 2 2112 2109 
8 3 2111 2113 0 
9 2 0 2114 
6 2 2115 2114 
10 2 0 2116 
9 3 0 2117 2116 
6 2 2118 2116 
10 2 0 2119 
9 3 0 2120 2119 
6 2 2121 2119 
10 2 0 2122 
9 3 0 2123 2122 
6 2 2124 2122 
10 2 0 2125 
9 3 0 2126 2125 
6 2 2127 2125 
10 2 0 2128 
9 3 0 2129 2128 
6 2 2130 2128 
10 2 0 2131 
9 3 0 2132 2131 
6 2 2133 2131 
10 2 0 2134 
9 3 0 2135 2134 
6 2 2136 2134 
10 2 0 2137 
9 3 0 2138 2137 
6 2 2139 2137 
10 2 0 2140 
11 9 2117 2120 2123 2126 2129 2132 2135 2138 2141 
1 0 
1 0 
1 0 
1 0 
1 0 
1 0 
1 0 
1 0 
1 0 
1 0 
1 0 
1 0 
2 2 0 2143 
3 1 2155 
4 2 0 2154 
3 1 2157 
5 3 0 2144 2156 
6 2 2159 2156 
7 3 0 2153 2158 
6 2 2161 2158 
5 3 0 2145 2160 
6 2 2163 2160 
7 3 0 2152 2162 
6 2 2165 2162 
5 3 0 2146 2164 
6 2 2167 2164 
7 3 0 2151 2166 
6 2 2169 2166 
5 3 0 2147 2168 
6 2 2171 2168 
7 3 0 2150 2170 
6 2 2173 2170 
5 3 0 2148 2172 
6 2 2175 2172 
7 3 0 2149 2174 
6 2 2177 2174 
5 3 0 2149 2176 
6 2 2179 2176 
7 3 0 2148 2178 
6 2 2181 2178 
5 3 0 2150 2180 
6 2 2183 2180 
7 3 0 2147 2182 
6 2 2185 2182 
5 3 0 2151 2184 
6 2 2187 2184 
7 3 0 2146 2186 
6 2 2189 2186 
5 3 0 2152 2188 
6 2 2191 2188 
7 3 0 2145 2190 
6 2 2193 2190 
5 3 0 2153 2192 
6 2 2195 2192 
7 3 0 2144 2194 
6 2 2197 2194 
5 3 0 2154 2196 
6 2 2199 2196 
7 3 0 2143 2198 
6 2 2201 2198 
8 3 2200 2202 0 
9 2 0 2203 
6 2 2204 2203 
10 2 0 2205 
9 3 0 2206 2205 
6 2 2207 2205 
10 2 0 2208 
9 3 0 2209 2208 
6 2 2210 2208 
10 2 0 2211 
9 3 0 2212 2211 
6 2 2213 2211 
10 2 0 2214 
9 3 0 2215 2214 
6 2 2216 2214 
10 2 0 2217 
9 3 0 2218 2217 
6 2 2219 2217 
10 2 0 2220 
9 3 0 2221 2220 
6 2 2222 2220 
10 2 0 2223 
9 3 0 2224 2223 
6 2 2225 2223 
10 2 0 2226 
9 3 0 2227 2226 
6 2 2228 2226 
10 2 0 2229 
9 3 0 2230 2229 
6 2 2231 2229 
10 2 0 2232 
9 3 0 2233 2232 
6 2 2234 2232 
10 2 0 2235 
11 11 2206 2209 2212 2215 2218 2221 2224 2227 2230 2233 2236 
1 0 
1 0 
1 0 
1 0 
1 0 
1 0 
1 0 
1 0 
1 0 
1 0 
2 2 0 2238 
3 1 2248 
4 2 0 2247 
3 1 2250 
5 3 0 2239 2249 
6 2 2252 2249 
7 3 0 2246 2251 
6 2 2254 2251 
5 3 0 2240 2253 
6 2 2256 2253 
7 3 0 2245 2255 
6 2 2258 2255 
5 3 0 2241 2257 
6 2 2260 2257 
7 3 0 2244 2259 
6 2 2262 2259 
5 3 0 2242 2261 
6 2 2264 2261 
7 3 0 2243 2263 
6 2 2266 2263 
5 3 0 2243 2265 
6 2 2268 2265 
7 3 0 2242 2267 
6 2 2270 2267 
5 3 0 2244 2269 
6 2 2272 2269 
7 3 0 2241 2271 
6 2 2274 2271 
5 3 0 2245 2273 
6 2 2276 2273 
7 3 0 2240 2275 
6 2 2278 2275 
5 3 0 2246 2277 
6 2 2280 2277 
7 3 0 2239 2279 
6 2 2282 2279 
5 3 0 2247 2281 
6 2 2284 2281 
7 3 0 2238 2283 
6 2 2286 2283 
8 3 2285 2287 0 
9 2 0 2288 
6 2 2289 2288 
10 2 0 2290 
9 3 0 2291 2290 
6 2 2292 2290 
10 2 0 2293 
9 3 0 2294 2293 
6 2 2295 2293 
10 2 0 2296 
9 3 0 2297 2296 
6 2 2298 2296 
10 2 0 2299 
9 3 0 2300 2299 
6 2 2301 2299 
10 2 0 2302 
9 3 0 2303 2302 
6 2 2304 2302 
10 2 0 2305 
9 3 0 2306 2305 
6 2 2307 2305 
10 2 0 2308 
9 3 0 2309 2308 
6 2 2310 2308 
10 2 0 2311 
9 3 0 2312 2311 
6 2 2313 2311 
10 2 0 2314 
11 9 2291 2294 2297 2300 2303 2306 2309 2312 2315 
1 0 
1 0 
1 0 
1 0 
1 0 
1 0 
1 0 
1 0 
1 0 
2 2 0 2317 
3 1 2326 
4 2 0 2325 
3 1 2328 
5 3 0 2318 2327 
6 2 2330 2327 
7 3 0 2324 2329 
6 2 2332 2329 
5 3 0 2319 2331 
6 2 2334 2331 
7 3 0 2323 2333 
6 2 2336 2333 
5 3 0 2320 2335 
6 2 2338 2335 
7 3 0 2322 2337 
6 2 2340 2337 
5 3 0 2321 2339 
6 2 2342 2339 
7 3 0 2321 2341 
6 2 2344 2341 
5 3 0 2322 2343 
6 2 2346 2343 
7 3 0 2320 2345 
6 2 2348 2345 
5 3 0 2323 2347 
6 2 2350 2347 
7 3 0 2319 2349 
6 2 2352 2349 
5 3 0 2324 2351 
6 2 2354 2351 
7 3 0 2318 2353 
6 2 2356 2353 
5 3 0 2325 2355 
6 2 2358 2355 
7 3 0 2317 2357 
6 2 2360 2357 
8 3 2359 2361 0 
9 2 0 2362 
6 2 2363 2362 
10 2 0 2364 
9 3 0 2365 2364 
6 2 2366 2364 
10 2 0 2367 
9 3 0 2368 2367 
6 2 2369 2367 
10 2 0 2370 
9 3 0 2371 2370 
6 2 2372 2370 
10 2 0 2373 
9 3 0 2374 2373 
6 2 2375 2373 
10 2 0 2376 
9 3 0 2377 2376 
6 2 2378 2376 
10 2 0 2379 
9 3 0 2380 2379 
6 2 2381 2379 
10 2 0 2382 
9 3 0 2383 2382 
6 2 2384 2382 
10 2 0 2385 
11 8 2365 2368 2371 2374 2377 2380 2383 2386 
1 0 
1 0 
1 0 
1 0 
1 0 
1 0 
1 0 
2 2 0 2388 
3 1 2395 
4 2 0 2394 
3 1 2397 
5 3 0 2389 2396 
6 2 2399 2396 
7 3 0 2393 2398 
6 2 2401 2398 
5 3 0 2390 2400 
6 2 2403 2400 
7 3 0 2392 2402 
6 2 2405 2402 
5 3 0 2391 2404 
6 2 2407 2404 
7 3 0 2391 2406 
6 2 2409 2406 
5 3 0 2392 2408 
6 2 2411 2408 
7 3 0 2390 2410 
6 2 2413 2410 
5 3 0 2393 2412 
6 2 2415 2412 
7 3 0 2389 2414 
6 2 2417 2414 
5 3 0 2394 2416 
6 2 2419 2416 
7 3 0 2388 2418 
6 2 2421 2418 
8 3 2420 2422 0 
9 2 0 2423 
6 2 2424 2423 
10 2 0 2425 
9 3 0 2426 2425 
6 2 2427 2425 
10 2 0 2428 
9 3 0 2429 2428 
6 2 2430 2428 
10 2 0 2431 
9 3 0 2432 2431 
6 2 2433 2431 
10 2 0 2434 
9 3 0 2435 2434 
6 2 2436 2434 
10 2 0 2437 
9 3 0 2438 2437 
6 2 2439 2437 
10 2 0 2440 
11 6 2426 2429 2432 2435 2438 2441 
1 0 
1 0 
1 0 
1 0 
1 0 
1 0 
1 0 
1 0 
1 0 
2 2 0 2443 
3 1 2452 
4 2 0 2451 
3 1 2454 
5 3 0 2444 2453 
6 2 2456 2453 
7 3 0 2450 2455 
6 2 2458 2455 
5 3 0 2445 2457 
6 2 2460 2457 
7 3 0 2449 2459 
6 2 2462 2459 
5 3 0 2446 2461 
6 2 2464 2461 
7 3 0 2448 2463 
6 2 2466 2463 
5 3 0 2447 2465 
6 2 2468 2465 
7 3 0 2447 2467 
6 2 2470 2467 
5 3 0 2448 2469 
6 2 2472 2469 
7 3 0 2446 2471 
6 2 2474 2471 
5 3 0 2449 2473 
6 2 2476 2473 
7 3 0 2445 2475 
6 2 2478 2475 
5 3 0 2450 2477 
6 2 2480 2477 
7 3 0 2444 2479 
6 2 2482 2479 
5 3 0 2451 2481 
6 2 2484 2481 
7 3 0 2443 2483 
6 2 2486 2483 
8 3 2485 2487 0 
9 2 0 2488 
6 2 2489 2488 
10 2 0 2490 
9 3 0 2491 2490 
6 2 2492 2490 
10 2 0 2493 
9 3 0 2494 2493 
6 2 2495 2493 
10 2 0 2496 
9 3 0 2497 2496 
6 2 2498 2496 
10 2 0 2499 
9 3 0 2500 2499 
6 2 2501 2499 
10 2 0 2502 
9 3 0 2503 2502 
6 2 2504 2502 
10 2 0 2505 
9 3 0 2506 2505 
6 2 2507 2505 
10 2 0 2508 
9 3 0 2509 2508 
6 2 2510 2508 
10 2 0 2511 
11 8 2491 2494 2497 2500 2503 2506 2509 2512 
1 0 
1 0 
1 0 
1 0 
1 0 
1 0 
1 0 
2 2 0 2514 
3 1 2521 
4 2 0 2520 
3 1 2523 
5 3 0 2515 2522 
6 2 2525 2522 
7 3 0 2519 2524 
6 2 2527 2524 
5 3 0 2516 2526 
6 2 2529 2526 
7 3 0 2518 2528 
6 2 2531 2528 
5 3 0 2517 2530 
6 2 2533 2530 
7 3 0 2517 2532 
6 2 2535 2532 
5 3 0 2518 2534 
6 2 2537 2534 
7 3 0 2516 2536 
6 2 2539 2536 
5 3 0 2519 2538 
6 2 2541 2538 
7 3 0 2515 2540 
6 2 2543 2540 
5 3 0 2520 2542 
6 2 2545 2542 
7 3 0 2514 2544 
6 2 2547 2544 
8 3 2546 2548 0 
9 2 0 2549 
6 2 2550 2549 
10 2 0 2551 
9 3 0 2552 2551 
6 2 2553 2551 
10 2 0 2554 
9 3 0 2555 2554 
6 2 2556 2554 
10 2 0 2557 
9 3 0 2558 2557 
6 2 2559 2557 
10 2 0 2560 
9 3 0 2561 2560 
6 2 2562 2560 
10 2 0 2563 
9 3 0 2564 2563 
6 2 2565 2563 
10 2 0 2566 
11 6 2552 2555 2558 2561 2564 2567 
1 0 
1 0 
1 0 
1 0 
1 0 
2 2 0 2569 
3 1 2574 
4 2 0 2573 
3 1 2576 
5 3 0 2570 2575 
6 2 2578 2575 
7 3 0 2572 2577 
6 2 2580 2577 
5 3 0 2571 2579 
6 2 2582 2579 
7 3 0 2571 2581 
6 2 2584 2581 
5 3 0 2572 2583 
6 2 2586 2583 
7 3 0 2570 2585 
6 2 2588 2585 
5 3 0 2573 2587 
6 2 2590 2587 
7 3 0 2569 2589 
6 2 2592 2589 
8 3 2591 2593 0 
9 2 0 2594 
6 2 2595 2594 
10 2 0 2596 
9 3 0 2597 2596 
6 2 2598 2596 
10 2 0 2599 
9 3 0 2600 2599 
6 2 2601 2599 
10 2 0 2602 
9 3 0 2603 2602 
6 2 2604 2602 
10 2 0 2605 
11 4 2597 2600 2603 2606 
1 0 
1 0 
1 0 
1 0 
1 0 
1 0 
1 0 
1 0 
1 0 
1 0 
1 0 
2 2 0 2608 
3 1 2619 
4 2 0 2618 
3 1 2621 
5 3 0 2609 2620 
6 2 2623 2620 
7 3 0 2617 2622 
6 2 2625 2622 
5 3 0 2610 2624 
6 2 2627 2624 
7 3 0 2616 2626 
6 2 2629 2626 
5 3 0 2611 2628 
6 2 2631 2628 
7 3 0 2615 2630 
6 2 2633 2630 
5 3 0 2612 2632 
6 2 2635 2632 
7 3 0 2614 2634 
6 2 2637 2634 
5 3 0 2613 2636 
6 2 2639 2636 
7 3 0 2613 2638 
6 2 2641 2638 
5 3 0 2614 2640 
6 2 2643 2640 
7 3 0 2612 2642 
6 2 2645 2642 
5 3 0 2615 2644 
6 2 2647 2644 
7 3 0 2611 2646 
6 2 2649 2646 
5 3 0 2616 2648 
6 2 2651 2648 
7 3 0 2610 2650 
6 2 2653 2650 
5 3 0 2617 2652 
6 2 2655 2652 
7 3 0 2609 2654 
6 2 2657 2654 
5 3 0 2618 2656 
6 2 2659 2656 
7 3 0 2608 2658 
6 2 2661 2658 
8 3 2660 2662 0 
9 2 0 2663 
6 2 2664 2663 
10 2 0 2665 
9 3 0 2666 2665 
6 2 2667 2665 
10 2 0 2668 
9 3 0 2669 2668 
6 2 2670 2668 
10 2 0 2671 
9 3 0 2672 2671 
6 2 2673 2671 
10 2 0 2674 
9 3 0 2675 2674 
6 2 2676 2674 
10 2 0 2677 
9 3 0 2678 2677 
6 2 2679 2677 
10 2 0 2680 
9 3 0 2681 2680 
6 2 2682 2680 
10 2 0 2683 
9 3 0 2684 2683 
6 2 2685 2683 
10 2 0 2686 
9 3 0 2687 2686 
6 2 2688 2686 
10 2 0 2689 
9 3 0 2690 2689 
6 2 2691 2689 
10 2 0 2692 
11 10 2666 2669 2672 2675 2678 2681 2684 2687 2690 2693 
1 0 
1 0 
1 0 
1 0 
1 0 
1 0 
1 0 
1 0 
1 0 
1 0 
1 0 
1 0 
2 2 0 2695 
3 1 2707 
4 2 0 2706 
3 1 2709 
5 3 0 2696 2708 
6 2 2711 2708 
7 3 0 2705 2710 
6 2 2713 2710 
5 3 0 2697 2712 
6 2 2715 2712 
7 3 0 2704 2714 
6 2 2717 2714 
5 3 0 2698 2716 
6 2 2719 2716 
7 3 0 2703 2718 
6 2 2721 2718 
5 3 0 2699 2720 
6 2 2723 2720 
7 3 0 2702 2722 
6 2 2725 2722 
5 3 0 2700 2724 
6 2 2727 2724 
7 3 0 2701 2726 
6 2 2729 2726 
5 3 0 2701 2728 
6 2 2731 2728 
7 3 0 2700 2730 
6 2 2733 2730 
5 3 0 2702 2732 
6 2 2735 2732 
7 3 0 2699 2734 
6 2 2737 2734 
5 3 0 2703 2736 
6 2 2739 2736 
7 3 0 2698 2738 
6 2 2741 2738 
5 3 0 2704 2740 
6 2 2743 2740 
7 3 0 2697 2742 
6 2 2745 2742 
5 3 0 2705 2744 
6 2 2747 2744 
7 3 0 2696 2746 
6 2 2749 2746 
5 3 0 2706 2748 
6 2 2751 2748 
7 3 0 2695 2750 
6 2 2753 2750 
8 3 2752 2754 0 
9 2 0 2755 
6 2 2756 2755 
10 2 0 2757 
9 3 0 2758 2757 
6 2 2759 2757 
10 2 0 2760 
9 3 0 2761 2760 
6 2 2762 2760 
10 2 0 2763 
9 3 0 2764 2763 
6 2 2765 2763 
10 2 0 2766 
9 3 0 2767 2766 
6 2 2768 2766 
10 2 0 2769 
9 3 0 2770 2769 
6 2 2771 2769 
10 2 0 2772 
9 3 0 2773 2772 
6 2 2774 2772 
10 2 0 2775 
9 3 0 2776 2775 
6 2 2777 2775 
10 2 0 2778 
9 3 0 2779 2778 
6 2 2780 2778 
10 2 0 2781 
9 3 0 2782 2781 
6 2 2783 2781 
10 2 0 2784 
9 3 0 2785 2784 
6 2 2786 2784 
10 2 0 2787 
11 11 2758 2761 2764 2767 2770 2773 2776 2779 2782 2785 2788 
1 0 
1 0 
1 0 
1 0 
1 0 
1 0 
1 0 
1 0 
1 0 
1 0 
2 2 0 2790 
3 1 2800 
4 2 0 2799 
3 1 2802 
5 3 0 2791 2801 
6 2 2804 2801 
7 3 0 2798 2803 
6 2 2806 2803 
5 3 0 2792 2805 
6 2 2808 2805 
7 3 0 2797 2807 
6 2 2810 2807 
5 3 0 2793 2809 
6 2 2812 2809 
7 3 0 2796 2811 
6 2 2814 2811 
5 3 0 2794 2813 
6 2 2816 2813 
7 3 0 2795 2815 
6 2 2818 2815 
5 3 0 2795 2817 
6 2 2820 2817 
7 3 0 2794 2819 
6 2 2822 2819 
5 3 0 2796 2821 
6 2 2824 2821 
7 3 0 2793 2823 
6 2 2826 2823 
5 3 0 2797 2825 
6 2 2828 2825 
7 3 0 2792 2827 
6 2 2830 2827 
5 3 0 2798 2829 
6 2 2832 2829 
7 3 0 2791 2831 
6 2 2834 2831 
5 3 0 2799 2833 
6 2 2836 2833 
7 3 0 2790 2835 
6 2 2838 2835 
8 3 2837 2839 0 
9 2 0 2840 
6 2 2841 2840 
10 2 0 2842 
9 3 0 2843 2842 
6 2 2844 2842 
10 2 0 2845 
9 3 0 2846 2845 
6 2 2847 2845 
10 2 0 2848 
9 3 0 2849 2848 
6 2 2850 2848 
10 2 0 2851 
9 3 0 2852 2851 
6 2 2853 2851 
10 2 0 2854 
9 3 0 2855 2854 
6 2 2856 2854 
10 2 0 2857 
9 3 0 2858 2857 
6 2 2859 2857 
10 2 0 2860 
9 3 0 2861 2860 
6 2 2862 2860 
10 2 0 2863 
9 3 0 2864 2863 
6 2 2865 2863 
10 2 0 2866 
11 9 2843 2846 2849 2852 2855 2858 2861 2864 2867 
1 0 
1 0 
1 0 
1 0 
1 0 
1 0 
1 0 
1 0 
1 0 
1 0 
1 0 
2 2 0 2869 
3 1 2880 
4 2 0 2879 
3 1 2882 
5 3 0 2870 2881 
6 2 2884 2881 
7 3 0 2878 2883 
6 2 2886 2883 
5 3 0 2871 2885 
6 2 2888 2885 
7 3 0 2877 2887 
6 2 2890 2887 
5 3 0 2872 2889 
6 2 2892 2889 
7 3 0 2876 2891 
6 2 2894 2891 
5 3 0 2873 2893 
6 2 2896 2893 
7 3 0 2875 2895 
6 2 2898 2895 
5 3 0 2874 2897 
6 2 2900 2897 
7 3 0 2874 2899 
6 2 2902 2899 
5 3 0 2875 2901 
6 2 2904 2901 
7 3 0 2873 2903 
6 2 2906 2903 
5 3 0 2876 2905 
6 2 2908 2905 
7 3 0 2872 2907 
6 2 2910 2907 
5 3 0 2877 2909 
6 2 2912 2909 
7 3 0 2871 2911 
6 2 2914 2911 
5 3 0 2878 2913 
6 2 2916 2913 
7 3 0 2870 2915 
6 2 2918 2915 
5 3 0 2879 2917 
6 2 2920 2917 
7 3 0 2869 2919 
6 2 2922 2919 
8 3 2921 2923 0 
9 2 0 2924 
6 2 2925 2924 
10 2 0 2926 
9 3 0 2927 2926 
6 2 2928 2926 
10 2 0 2929 
9 3 0 2930 2929 
6 2 2931 2929 
10 2 0 2932 
9 3 0 2933 2932 
6 2 2934 2932 
10 2 0 2935 
9 3 0 2936 2935 
6 2 2937 2935 
10 2 0 2938 
9 3 0 2939 2938 
6 2 2940 2938 
10 2 0 2941 
9 3 0 2942 2941 
6 2 2943 2941 
10 2 0 2944 
9 3 0 2945 2944 
6 2 2946 2944 
10 2 0 2947 
9 3 0 2948 2947 
6 2 2949 2947 
10 2 0 2950 
9 3 0 2951 2950 
6 2 2952 2950 
10 2 0 2953 
11 10 2927 2930 2933 2936 2939 2942 2945 2948 2951 2954 
1 0 
1 0 
1 0 
1 0 
1 0 
1 0 
1 0 
1 0 
1 0 
1 0 
1 0 
1 0 
2 2 0 2956 
3 1 2968 
4 2 0 2967 
3 1 2970 
5 3 0 2957 2969 
6 2 2972 2969 
7 3 0 2966 2971 
6 2 2974 2971 
5 3 0 2958 2973 
6 2 2976 2973 
7 3 0 2965 2975 
6 2 2978 2975 
5 3 0 2959 2977 
6 2 2980 2977 
7 3 0 2964 2979 
6 2 2982 2979 
5 3 0 2960 2981 
6 2 2984 2981 
7 3 0 2963 2983 
6 2 2986 2983 
5 3 0 2961 2985 
6 2 2988 2985 
7 3 0 2962 2987 
6 2 2990 2987 
5 3 0 2962 2989 
6 2 2992 2989 
7 3 0 2961 2991 
6 2 2994 2991 
5 3 0 2963 2993 
6 2 2996 2993 
7 3 0 2960 2995 
6 2 2998 2995 
5 3 0 2964 2997 
6 2 3000 2997 
7 3 0 2959 2999 
6 2 3002 2999 
5 3 0 2965 3001 
6 2 3004 3001 
7 3 0 2958 3003 
6 2 3006 3003 
5 3 0 2966 3005 
6 2 3008 3005 
7 3 0 2957 3007 
6 2 3010 3007 
5 3 0 2967 3009 
6 2 3012 3009 
7 3 0 2956 3011 
6 2 3014 3011 
8 3 3013 3015 0 
9 2 0 3016 
6 2 3017 3016 
10 2 0 3018 
9 3 0 3019 3018 
6 2 3020 3018 
10 2 0 3021 
9 3 0 3022 3021 
6 2 3023 3021 
10 2 0 3024 
9 3 0 3025 3024 
6 2 3026 3024 
10 2 0 3027 
9 3 0 3028 3027 
6 2 3029 3027 
10 2 0 3030 
9 3 0 3031 3030 
6 2 3032 3030 
10 2 0 3033 
9 3 0 3034 3033 
6 2 3035 3033 
10 2 0 3036 
9 3 0 3037 3036 
6 2 3038 3036 
10 2 0 3039 
9 3 0 3040 3039 
6 2 3041 3039 
10 2 0 3042 
9 3 0 3043 3042 
6 2 3044 3042 
10 2 0 3045 
9 3 0 3046 3045 
6 2 3047 3045 
10 2 0 3048 
11 11 3019 3022 3025 3028 3031 3034 3037 3040 3043 3046 3049 
1 0 
1 0 
1 0 
1 0 
1 0 
1 0 
1 0 
1 0 
1 0 
1 0 
1 0 
1 0 
1 0 
1 0 
1 0 
1 0 
2 2 0 3051 
3 1 3067 
4 2 0 3066 
3 1 3069 
5 3 0 3052 3068 
6 2 3071 3068 
7 3 0 3065 3070 
6 2 3073 3070 
5 3 0 3053 3072 
6 2 3075 3072 
7 3 0 3064 3074 
6 2 3077 3074 
5 3 0 3054 3076 
6 2 3079 3076 
7 3 0 3063 3078 
6 2 3081 3078 
5 3 0 3055 3080 
6 2 3083 3080 
7 3 0 3062 3082 
6 2 3085 3082 
5 3 0 3056 3084 
6 2 3087 3084 
7 3 0 3061 3086 
6 2 3089 3086 
5 3 0 3057 3088 
6 2 3091 3088 
7 3 0 3060 3090 
6 2 3093 3090 
5 3 0 3058 3092 
6 2 3095 3092 
7 3 0 3059 3094 
6 2 3097 3094 
5 3 0 3059 3096 
6 2 3099 3096 
7 3 0 3058 3098 
6 2 3101 3098 
5 3 0 3060 3100 
6 2 3103 3100 
7 3 0 3057 3102 
6 2 3105 3102 
5 3 0 3061 3104 
6 2 3107 3104 
7 3 0 3056 3106 
6 2 3109 3106 
5 3 0 3062 3108 
6 2 3111 3108 
7 3 0 3055 3110 
6 2 3113 3110 
5 3 0 3063 3112 
6 2 3115 3112 
7 3 0 3054 3114 
6 2 3117 3114 
5 3 0 3064 3116 
6 2 3119 3116 
7 3 0 3053 3118 
6 2 3121 3118 
5 3 0 3065 3120 
6 2 3123 3120 
7 3 0 3052 3122 
6 2 3125 3122 
5 3 0 3066 3124 
6 2 3127 3124 
7 3 0 3051 3126 
6 2 3129 3126 
8 3 3128 3130 0 
9 2 0 3131 
6 2 3132 3131 
10 2 0 3133 
9 3 0 3134 3133 
6 2 3135 3133 
10 2 0 3136 
9 3 0 3137 3136 
6 2 3138 3136 
10 2 0 3139 
9 3 0 3140 3139 
6 2 3141 3139 
10 2 0 3142 
9 3 0 3143 3142 
6 2 3144 3142 
10 2 0 3145 
9 3 0 3146 3145 
6 2 3147 3145 
10 2 0 3148 
9 3 0 3149 3148 
6 2 3150 3148 
10 2 0 3151 
9 3 0 3152 3151 
6 2 3153 3151 
10 2 0 3154 
9 3 0 3155 3154 
6 2 3156 3154 
10 2 0 3157 
9 3 0 3158 3157 
6 2 3159 3157 
10 2 0 3160 
9 3 0 3161 3160 
6 2 3162 3160 
10 2 0 3163 
9 3 0 3164 3163 
6 2 3165 3163 
10 2 0 3166 
9 3 0 3167 3166 
6 2 3168 3166 
10 2 0 3169 
9 3 0 3170 3169 
6 2 3171 3169 
10 2 0 3172 
9 3 0 3173 3172 
6 2 3174 3172 
10 2 0 3175 
11 15 3134 3137 3140 3143 3146 3149 3152 3155 3158 3161 3164 3167 3170 3173 3176 
1 0 
1 0 
1 0 
1 0 
1 0 
1 0 
1 0 
1 0 
1 0 
2 2 0 3178 
3 1 3187 
4 2 0 3186 
3 1 3189 
5 3 0 3179 3188 
6 2 3191 3188 
7 3 0 3185 3190 
6 2 3193 3190 
5 3 0 3180 3192 
6 2 3195 3192 
7 3 0 3184 3194 
6 2 3197 3194 
5 3 0 3181 3196 
6 2 3199 3196 
7 3 0 3183 3198 
6 2 3201 3198 
5 3 0 3182 3200 
6 2 3203 3200 
7 3 0 3182 3202 
6 2 3205 3202 
5 3 0 3183 3204 
6 2 3207 3204 
7 3 0 3181 3206 
6 2 3209 3206 
5 3 0 3184 3208 
6 2 3211 3208 
7 3 0 3180 3210 
6 2 3213 3210 
5 3 0 3185 3212 
6 2 3215 3212 
7 3 0 3179 3214 
6 2 3217 3214 
5 3 0 3186 3216 
6 2 3219 3216 
7 3 0 3178 3218 
6 2 3221 3218 
8 3 3220 3222 0 
9 2 0 3223 
6 2 3224 3223 
10 2 0 3225 
9 3 0 3226 3225 
6 2 3227 3225 
10 2 0 3228 
9 3 0 3229 3228 
6 2 3230 3228 
10 2 0 3231 
9 3 0 3232 3231 
6 2 3233 3231 
10 2 0 3234 
9 3 0 3235 3234 
6 2 3236 3234 
10 2 0 3237 
9 3 0 3238 3237 
6 2 3239 3237 
10 2 0 3240 
9 3 0 3241 3240 
6 2 3242 3240 
10 2 0 3243 
9 3 0 3244 3243 
6 2 3245 3243 
10 2 0 3246 
11 8 3226 3229 3232 3235 3238 3241 3244 3247 
1 0 
1 0 
1 0 
1 0 
1 0 
1 0 
1 0 
1 0 
2 2 0 3249 
3 1 3257 
4 2 0 3256 
3 1 3259 
5 3 0 3250 3258 
6 2 3261 3258 
7 3 0 3255 3260 
6 2 3263 3260 
5 3 0 3251 3262 
6 2 3265 3262 
7 3 0 3254 3264 
6 2 3267 3264 
5 3 0 3252 3266 
6 2 3269 3266 
7 3 0 3253 3268 
6 2 3271 3268 
5 3 0 3253 3270 
6 2 3273 3270 
7 3 0 3252 3272 
6 2 3275 3272 
5 3 0 3254 3274 
6 2 3277 3274 
7 3 0 3251 3276 
6 2 3279 3276 
5 3 0 3255 3278 
6 2 3281 3278 
7 3 0 3250 3280 
6 2 3283 3280 
5 3 0 3256 3282 
6 2 3285 3282 
7 3 0 3249 3284 
6 2 3287 3284 
8 3 3286 3288 0 
9 2 0 3289 
6 2 3290 3289 
10 2 0 3291 
9 3 0 3292 3291 
6 2 3293 3291 
10 2 0 3294 
9 3 0 3295 3294 
6 2 3296 3294 
10 2 0 3297 
9 3 0 3298 3297 
6 2 3299 3297 
10 2 0 3300 
9 3 0 3301 3300 
6 2 3302 3300 
10 2 0 3303 
9 3 0 3304 3303 
6 2 3305 3303 
10 2 0 3306 
9 3 0 3307 3306 
6 2 3308 3306 
10 2 0 3309 
11 7 3292 3295 3298 3301 3304 3307 3310 
1 0 
1 0 
1 0 
1 0 
1 0 
1 0 
1 0 
1 0 
1 0 
1 0 
2 2 0 3312 
3 1 3322 
4 2 0 3321 
3 1 3324 
5 3 0 3313 3323 
6 2 3326 3323 
7 3 0 3320 3325 
6 2 3328 3325 
5 3 0 3314 3327 
6 2 3330 3327 
7 3 0 3319 3329 
6 2 3332 3329 
5 3 0 3315 3331 
6 2 3334 3331 
7 3 0 3318 3333 
6 2 3336 3333 
5 3 0 3316 3335 
6 2 3338 3335 
7 3 0 3317 3337 
6 2 3340 3337 
5 3 0 3317 3339 
6 2 3342 3339 
7 3 0 3316 3341 
6 2 3344 3341 
5 3 0 3318 3343 
6 2 3346 3343 
7 3 0 3315 3345 
6 2 3348 3345 
5 3 0 3319 3347 
6 2 3350 3347 
7 3 0 3314 3349 
6 2 3352 3349 
5 3 0 3320 3351 
6 2 3354 3351 
7 3 0 3313 3353 
6 2 3356 3353 
5 3 0 3321 3355 
6 2 3358 3355 
7 3 0 3312 3357 
6 2 3360 3357 
8 3 3359 3361 0 
9 2 0 3362 
6 2 3363 3362 
10 2 0 3364 
9 3 0 3365 3364 
6 2 3366 3364 
10 2 0 3367 
9 3 0 3368 3367 
6 2 3369 3367 
10 2 0 3370 
9 3 0 3371 3370 
6 2 3372 3370 
10 2 0 3373 
9 3 0 3374 3373 
6 2 3375 3373 
10 2 0 3376 
9 3 0 3377 3376 
6 2 3378 3376 
10 2 0 3379 
9 3 0 3380 3379 
6 2 3381 3379 
10 2 0 3382 
9 3 0 3383 3382 
6 2 3384 3382 
10 2 0 3385 
9 3 0 3386 3385 
6 2 3387 3385 
10 2 0 3388 
11 9 3365 3368 3371 3374 3377 3380 3383 3386 3389 
1 0 
1 0 
1 0 
1 0 
1 0 
1 0 
1 0 
2 2 0 3391 
3 1 3398 
4 2 0 3397 
3 1 3400 
5 3 0 3392 3399 
6 2 3402 3399 
7 3 0 3396 3401 
6 2 3404 3401 
5 3 0 3393 3403 
6 2 3406 3403 
7 3 0 3395 3405 
6 2 3408 3405 
5 3 0 3394 3407 
6 2 3410 3407 
7 3 0 3394 3409 
6 2 3412 3409 
5 3 0 3395 3411 
6 2 3414 3411 
7 3 0 3393 3413 
6 2 3416 3413 
5 3 0 3396 3415 
6 2 3418 3415 
7 3 0 3392 3417 
6 2 3420 3417 
5 3 0 3397 3419 
6 2 3422 3419 
7 3 0 3391 3421 
6 2 3424 3421 
8 3 3423 3425 0 
9 2 0 3426 
6 2 3427 3426 
10 2 0 3428 
9 3 0 3429 3428 
6 2 3430 3428 
10 2 0 3431 
9 3 0 3432 3431 
6 2 3433 3431 
10 2 0 3434 
9 3 0 3435 3434 
6 2 3436 3434 
10 2 0 3437 
9 3 0 3438 3437 
6 2 3439 3437 
10 2 0 3440 
9 3 0 3441 3440 
6 2 3442 3440 
10 2 0 3443 
11 6 3429 3432 3435 3438 3441 3444 
1 0 
1 0 
1 0 
1 0 
1 0 
1 0 
1 0 
1 0 
1 0 
1 0 
2 2 0 3446 
3 1 3456 
4 2 0 3455 
3 1 3458 
5 3 0 3447 3457 
6 2 3460 3457 
7 3 0 3454 3459 
6 2 3462 3459 
5 3 0 3448 3461 
6 2 3464 3461 
7 3 0 3453 3463 
6 2 3466 3463 
5 3 0 3449 3465 
6 2 3468 3465 
7 3 0 3452 3467 
6 2 3470 3467 
5 3 0 3450 3469 
6 2 3472 3469 
7 3 0 3451 3471 
6 2 3474 3471 
5 3 0 3451 3473 
6 2 3476 3473 
7 3 0 3450 3475 
6 2 3478 3475 
5 3 0 3452 3477 
6 2 3480 3477 
7 3 0 3449 3479 
6 2 3482 3479 
5 3 0 3453 3481 
6 2 3484 3481 
7 3 0 3448 3483 
6 2 3486 3483 
5 3 0 3454 3485 
6 2 3488 3485 
7 3 0 3447 3487 
6 2 3490 3487 
5 3 0 3455 3489 
6 2 3492 3489 
7 3 0 3446 3491 
6 2 3494 3491 
8 3 3493 3495 0 
9 2 0 3496 
6 2 3497 3496 
10 2 0 3498 
9 3 0 3499 3498 
6 2 3500 3498 
10 2 0 3501 
9 3 0 3502 3501 
6 2 3503 3501 
10 2 0 3504 
9 3 0 3505 3504 
6 2 3506 3504 
10 2 0 3507 
9 3 0 3508 3507 
6 2 3509 3507 
10 2 0 3510 
9 3 0 3511 3510 
6 2 3512 3510 
10 2 0 3513 
9 3 0 3514 3513 
6 2 3515 3513 
10 2 0 3516 
9 3 0 3517 3516 
6 2 3518 3516 
10 2 0 3519 
9 3 0 3520 3519 
6 2 3521 3519 
10 2 0 3522 
11 9 3499 3502 3505 3508 3511 3514 3517 3520 3523 
1 0 
1 0 
1 0 
1 0 
1 0 
1 0 
2 2 0 3525 
3 1 3531 
4 2 0 3530 
3 1 3533 
5 3 0 3526 3532 
6 2 3535 3532 
7 3 0 3529 3534 
6 2 3537 3534 
5 3 0 3527 3536 
6 2 3539 3536 
7 3 0 3528 3538 
6 2 3541 3538 
5 3 0 3528 3540 
6 2 3543 3540 
7 3 0 3527 3542 
6 2 3545 3542 
5 3 0 3529 3544 
6 2 3547 3544 
7 3 0 3526 3546 
6 2 3549 3546 
5 3 0 3530 3548 
6 2 3551 3548 
7 3 0 3525 3550 
6 2 3553 3550 
8 3 3552 3554 0 
9 2 0 3555 
6 2 3556 3555 
10 2 0 3557 
9 3 0 3558 3557 
6 2 3559 3557 
10 2 0 3560 
9 3 0 3561 3560 
6 2 3562 3560 
10 2 0 3563 
9 3 0 3564 3563 
6 2 3565 3563 
10 2 0 3566 
9 3 0 3567 3566 
6 2 3568 3566 
10 2 0 3569 
11 5 3558 3561 3564 3567 3570 
1 0 
1 0 
1 0 
1 0 
1 0 
1 0 
1 0 
2 2 0 3572 
3 1 3579 
4 2 0 3578 
3 1 3581 
5 3 0 3573 3580 
6 2 3583 3580 
7 3 0 3577 3582 
6 2 3585 3582 
5 3 0 3574 3584 
6 2 3587 3584 
7 3 0 3576 3586 
6 2 3589 3586 
5 3 0 3575 3588 
6 2 3591 3588 
7 3 0 3575 3590 
6 2 3593 3590 
5 3 0 3576 3592 
6 2 3595 3592 
7 3 0 3574 3594 
6 2 3597 3594 
5 3 0 3577 3596 
6 2 3599 3596 
7 3 0 3573 3598 
6 2 3601 3598 
5 3 0 3578 3600 
6 2 3603 3600 
7 3 0 3572 3602 
6 2 3605 3602 
8 3 3604 3606 0 
9 2 0 3607 
6 2 3608 3607 
10 2 0 3609 
9 3 0 3610 3609 
6 2 3611 3609 
10 2 0 3612 
9 3 0 3613 3612 
6 2 3614 3612 
10 2 0 3615 
9 3 0 3616 3615 
6 2 3617 3615 
10 2 0 3618 
9 3 0 3619 3618 
6 2 3620 3618 
10 2 0 3621 
9 3 0 3622 3621 
6 2 3623 3621 
10 2 0 3624 
11 6 3610 3613 3616 3619 3622 3625 
1 0 
1 0 
1 0 
1 0 
1 0 
1 0 
1 0 
1 0 
1 0 
1 0 
1 0 
1 0 
1 0 
1 0 
1 0 
1 0 
1 0 
1 0 
1 0 
1 0 
1 0 
1 0 
1 0 
2 2 0 3627 
3 1 3650 
4 2 0 3649 
3 1 3652 
5 3 0 3628 3651 
6 2 3654 3651 
7 3 0 3648 3653 
6 2 3656 3653 
5 3 0 3629 3655 
6 2 3658 3655 
7 3 0 3647 3657 
6 2 3660 3657 
5 3 0 3630 3659 
6 2 3662 3659 
7 3 0 3646 3661 
6 2 3664 3661 
5 3 0 3631 3663 
6 2 3666 3663 
7 3 0 3645 3665 
6 2 3668 3665 
5 3 0 3632 3667 
6 2 3670 3667 
7 3 0 3644 3669 
6 2 3672 3669 
5 3 0 3633 3671 
6 2 3674 3671 
7 3 0 3643 3673 
6 2 3676 3673 
5 3 0 3634 3675 
6 2 3678 3675 
7 3 0 3642 3677 
6 2 3680 3677 
5 3 0 3635 3679 
6 2 3682 3679 
7 3 0 3641 3681 
6 2 3684 3681 
5 3 0 3636 3683 
6 2 3686 3683 
7 3 0 3640 3685 
6 2 3688 3685 
5 3 0 3637 3687 
6 2 3690 3687 
7 3 0 3639 3689 
6 2 3692 3689 
5 3 0 3638 3691 
6 2 3694 3691 
7 3 0 3638 3693 
6 2 3696 3693 
5 3 0 3639 3695 
6 2 3698 3695 
7 3 0 3637 3697 
6 2 3700 3697 
5 3 0 3640 3699 
6 2 3702 3699 
7 3 0 3636 3701 
6 2 3704 3701 
5 3 0 3641 3703 
6 2 3706 3703 
7 3 0 3635 3705 
6 2 3708 3705 
5 3 0 3642 3707 
6 2 3710 3707 
7 3 0 3634 3709 
6 2 3712 3709 
5 3 0 3643 3711 
6 2 3714 3711 
7 3 0 3633 3713 
6 2 3716 3713 
5 3 0 3644 3715 
6 2 3718 3715 
7 3 0 3632 3717 
6 2 3720 3717 
5 3 0 3645 3719 
6 2 3722 3719 
7 3 0 3631 3721 
6 2 3724 3721 
5 3 0 3646 3723 
6 2 3726 3723 
7 3 0 3630 3725 
6 2 3728 3725 
5 3 0 3647 3727 
6 2 3730 3727 
7 3 0 3629 3729 
6 2 3732 3729 
5 3 0 3648 3731 
6 2 3734 3731 
7 3 0 3628 3733 
6 2 3736 3733 
5 3 0 3649 3735 
6 2 3738 3735 
7 3 0 3627 3737 
6 2 3740 3737 
8 3 3739 3741 0 
9 2 0 3742 
6 2 3743 3742 
10 2 0 3744 
9 3 0 3745 3744 
6 2 3746 3744 
10 2 0 3747 
9 3 0 3748 3747 
6 2 3749 3747 
10 2 0 3750 
9 3 0 3751 3750 
6 2 3752 3750 
10 2 0 3753 
9 3 0 3754 3753 
6 2 3755 3753 
10 2 0 3756 
9 3 0 3757 3756 
6 2 3758 3756 
10 2 0 3759 
9 3 0 3760 3759 
6 2 3761 3759 
10 2 0 3762 
9 3 0 3763 3762 
6 2 3764 3762 
10 2 0 3765 
9 3 0 3766 3765 
6 2 3767 3765 
10 2 0 3768 
9 3 0 3769 3768 
6 2 3770 3768 
10 2 0 3771 
9 3 0 3772 3771 
6 2 3773 3771 
10 2 0 3774 
9 3 0 3775 3774 
6 2 3776 3774 
10 2 0 3777 
9 3 0 3778 3777 
6 2 3779 3777 
10 2 0 3780 
9 3 0 3781 3780 
6 2 3782 3780 
10 2 0 3783 
9 3 0 3784 3783 
6 2 3785 3783 
10 2 0 3786 
9 3 0 3787 3786 
6 2 3788 3786 
10 2 0 3789 
9 3 0 3790 3789 
6 2 3791 3789 
10 2 0 3792 
9 3 0 3793 3792 
6 2 3794 3792 
10 2 0 3795 
9 3 0 3796 3795 
6 2 3797 3795 
10 2 0 3798 
9 3 0 3799 3798 
6 2 3800 3798 
10 2 0 3801 
9 3 0 3802 3801 
6 2 3803 3801 
10 2 0 3804 
9 3 0 3805 3804 
6 2 3806 3804 
10 2 0 3807 
11 22 3745 3748 3751 3754 3757 3760 3763 3766 3769 3772 3775 3778 3781 3784 3787 3790 3793 3796 3799 3802 3805 3808 
1 0 
1 0 
1 0 
1 0 
1 0 
1 0 
1 0 
1 0 
1 0 
1 0 
1 0 
2 2 0 3810 
3 1 3821 
4 2 0 3820 
3 1 3823 
5 3 0 3811 3822 
6 2 3825 3822 
7 3 0 3819 3824 
6 2 3827 3824 
5 3 0 3812 3826 
6 2 3829 3826 
7 3 0 3818 3828 
6 2 3831 3828 
5 3 0 3813 3830 
6 2 3833 3830 
7 3 0 3817 3832 
6 2 3835 3832 
5 3 0 3814 3834 
6 2 3837 3834 
7 3 0 3816 3836 
6 2 3839 3836 
5 3 0 3815 3838 
6 2 3841 3838 
7 3 0 3815 3840 
6 2 3843 3840 
5 3 0 3816 3842 
6 2 3845 3842 
7 3 0 3814 3844 
6 2 3847 3844 
5 3 0 3817 3846 
6 2 3849 3846 
7 3 0 3813 3848 
6 2 3851 3848 
5 3 0 3818 3850 
6 2 3853 3850 
7 3 0 3812 3852 
6 2 3855 3852 
5 3 0 3819 3854 
6 2 3857 3854 
7 3 0 3811 3856 
6 2 3859 3856 
5 3 0 3820 3858 
6 2 3861 3858 
7 3 0 3810 3860 
6 2 3863 3860 
8 3 3862 3864 0 
9 2 0 3865 
6 2 3866 3865 
10 2 0 3867 
9 3 0 3868 3867 
6 2 3869 3867 
10 2 0 3870 
9 3 0 3871 3870 
6 2 3872 3870 
10 2 0 3873 
9 3 0 3874 3873 
6 2 3875 3873 
10 2 0 3876 
9 3 0 3877 3876 
6 2 3878 3876 
10 2 0 3879 
9 3 0 3880 3879 
6 2 3881 3879 
10 2 0 3882 
9 3 0 3883 3882 
6 2 3884 3882 
10 2 0 3885 
9 3 0 3886 3885 
6 2 3887 3885 
10 2 0 3888 
9 3 0 3889 3888 
6 2 3890 3888 
10 2 0 3891 
9 3 0 3892 3891 
6 2 3893 3891 
10 2 0 3894 
11 10 3868 3871 3874 3877 3880 3883 3886 3889 3892 3895 
1 0 
1 0 
1 0 
1 0 
1 0 
1 0 
1 0 
1 0 
1 0 
1 0 
1 0 
2 2 0 3897 
3 1 3908 
4 2 0 3907 
3 1 3910 
5 3 0 3898 3909 
6 2 3912 3909 
7 3 0 3906 3911 
6 2 3914 3911 
5 3 0 3899 3913 
6 2 3916 3913 
7 3 0 3905 3915 
6 2 3918 3915 
5 3 0 3900 3917 
6 2 3920 3917 
7 3 0 3904 3919 
6 2 3922 3919 
5 3 0 3901 3921 
6 2 3924 3921 
7 3 0 3903 3923 
6 2 3926 3923 
5 3 0 3902 3925 
6 2 3928 3925 
7 3 0 3902 3927 
6 2 3930 3927 
5 3 0 3903 3929 
6 2 3932 3929 
7 3 0 3901 3931 
6 2 3934 3931 
5 3 0 3904 3933 
6 2 3936 3933 
7 3 0 3900 3935 
6 2 3938 3935 
5 3 0 3905 3937 
6 2 3940 3937 
7 3 0 3899 3939 
6 2 3942 3939 
5 3 0 3906 3941 
6 2 3944 3941 
7 3 0 3898 3943 
6 2 3946 3943 
5 3 0 3907 3945 
6 2 3948 3945 
7 3 0 3897 3947 
6 2 3950 3947 
8 3 3949 3951 0 
9 2 0 3952 
6 2 3953 3952 
10 2 0 3954 
9 3 0 3955 3954 
6 2 3956 3954 
10 2 0 3957 
9 3 0 3958 3957 
6 2 3959 3957 
10 2 0 3960 
9 3 0 3961 3960 
6 2 3962 3960 
10 2 0 3963 
9 3 0 3964 3963 
6 2 3965 3963 
10 2 0 3966 
9 3 0 3967 3966 
6 2 3968 3966 
10 2 0 3969 
9 3 0 3970 3969 
6 2 3971 3969 
10 2 0 3972 
9 3 0 3973 3972 
6 2 3974 3972 
10 2 0 3975 
9 3 0 3976 3975 
6 2 3977 3975 
10 2 0 3978 
9 3 0 3979 3978 
6 2 3980 3978 
10 2 0 3981 
11 10 3955 3958 3961 3964 3967 3970 3973 3976 3979 3982 
1 0 
1 0 
1 0 
1 0 
1 0 
1 0 
2 2 0 3984 
3 1 3990 
4 2 0 3989 
3 1 3992 
5 3 0 3985 3991 
6 2 3994 3991 
7 3 0 3988 3993 
6 2 3996 3993 
5 3 0 3986 3995 
6 2 3998 3995 
7 3 0 3987 3997 
6 2 4000 3997 
5 3 0 3987 3999 
6 2 4002 3999 
7 3 0 3986 4001 
6 2 4004 4001 
5 3 0 3988 4003 
6 2 4006 4003 
7 3 0 3985 4005 
6 2 4008 4005 
5 3 0 3989 4007 
6 2 4010 4007 
7 3 0 3984 4009 
6 2 4012 4009 
8 3 4011 4013 0 
9 2 0 4014 
6 2 4015 4014 
10 2 0 4016 
9 3 0 4017 4016 
6 2 4018 4016 
10 2 0 4019 
9 3 0 4020 4019 
6 2 4021 4019 
10 2 0 4022 
9 3 0 4023 4022 
6 2 4024 4022 
10 2 0 4025 
9 3 0 4026 4025 
6 2 4027 4025 
10 2 0 4028 
11 5 4017 4020 4023 4026 4029 
1 0 
1 0 
1 0 
1 0 
1 0 
1 0 
1 0 
1 0 
1 0 
2 2 0 4031 
3 1 4040 
4 2 0 4039 
3 1 4042 
5 3 0 4032 4041 
6 2 4044 4041 
7 3 0 4038 4043 
6 2 4046 4043 
5 3 0 4033 4045 
6 2 4048 4045 
7 3 0 4037 4047 
6 2 4050 4047 
5 3 0 4034 4049 
6 2 4052 4049 
7 3 0 4036 4051 
6 2 4054 4051 
5 3 0 4035 4053 
6 2 4056 4053 
7 3 0 4035 4055 
6 2 4058 4055 
5 3 0 4036 4057 
6 2 4060 4057 
7 3 0 4034 4059 
6 2 4062 4059 
5 3 0 4037 4061 
6 2 4064 4061 
7 3 0 4033 4063 
6 2 4066 4063 
5 3 0 4038 4065 
6 2 4068 4065 
7 3 0 4032 4067 
6 2 4070 4067 
5 3 0 4039 4069 
6 2 4072 4069 
7 3 0 4031 4071 
6 2 4074 4071 
8 3 4073 4075 0 
9 2 0 4076 
6 2 4077 4076 
10 2 0 4078 
9 3 0 4079 4078 
6 2 4080 4078 
10 2 0 4081 
9 3 0 4082 4081 
6 2 4083 4081 
10 2 0 4084 
9 3 0 4085 4084 
6 2 4086 4084 
10 2 0 4087 
9 3 0 4088 4087 
6 2 4089 4087 
10 2 0 4090 
9 3 0 4091 4090 
6 2 4092 4090 
10 2 0 4093 
9 3 0 4094 4093 
6 2 4095 4093 
10 2 0 4096 
9 3 0 4097 4096 
6 2 4098 4096 
10 2 0 4099 
11 8 4079 4082 4085 4088 4091 4094 4097 4100 
1 0 
1 0 
1 0 
1 0 
1 0 
1 0 
1 0 
1 0 
1 0 
1 0 
1 0 
1 0 
1 0 
2 2 0 4102 
3 1 4115 
4 2 0 4114 
3 1 4117 
5 3 0 4103 4116 
6 2 4119 4116 
7 3 0 4113 4118 
6 2 4121 4118 
5 3 0 4104 4120 
6 2 4123 4120 
7 3 0 4112 4122 
6 2 4125 4122 
5 3 0 4105 4124 
6 2 4127 4124 
7 3 0 4111 4126 
6 2 4129 4126 
5 3 0 4106 4128 
6 2 4131 4128 
7 3 0 4110 4130 
6 2 4133 4130 
5 3 0 4107 4132 
6 2 4135 4132 
7 3 0 4109 4134 
6 2 4137 4134 
5 3 0 4108 4136 
6 2 4139 4136 
7 3 0 4108 4138 
6 2 4141 4138 
5 3 0 4109 4140 
6 2 4143 4140 
7 3 0 4107 4142 
6 2 4145 4142 
5 3 0 4110 4144 
6 2 4147 4144 
7 3 0 4106 4146 
6 2 4149 4146 
5 3 0 4111 4148 
6 2 4151 4148 
7 3 0 4105 4150 
6 2 4153 4150 
5 3 0 4112 4152 
6 2 4155 4152 
7 3 0 4104 4154 
6 2 4157 4154 
5 3 0 4113 4156 
6 2 4159 4156 
7 3 0 4103 4158 
6 2 4161 4158 
5 3 0 4114 4160 
6 2 4163 4160 
7 3 0 4102 4162 
6 2 4165 4162 
8 3 4164 4166 0 
9 2 0 4167 
6 2 4168 4167 
10 2 0 4169 
9 3 0 4170 4169 
6 2 4171 4169 
10 2 0 4172 
9 3 0 4173 4172 
6 2 4174 4172 
10 2 0 4175 
9 3 0 4176 4175 
6 2 4177 4175 
10 2 0 4178 
9 3 0 4179 4178 
6 2 4180 4178 
10 2 0 4181 
9 3 0 4182 4181 
6 2 4183 4181 
10 2 0 4184 
9 3 0 4185 4184 
6 2 4186 4184 
10 2 0 4187 
9 3 0 4188 4187 
6 2 4189 4187 
10 2 0 4190 
9 3 0 4191 4190 
6 2 4192 4190 
10 2 0 4193 
9 3 0 4194 4193 
6 2 4195 4193 
10 2 0 4196 
9 3 0 4197 4196 
6 2 4198 4196 
10 2 0 4199 
9 3 0 4200 4199 
6 2 4201 4199 
10 2 0 4202 
11 12 4170 4173 4176 4179 4182 4185 4188 4191 4194 4197 4200 4203 
1 0 
1 0 
1 0 
1 0 
1 0 
1 0 
1 0 
1 0 
1 0 
1 0 
1 0 
1 0 
1 0 
1 0 
2 2 0 4205 
3 1 4219 
4 2 0 4218 
3 1 4221 
5 3 0 4206 4220 
6 2 4223 4220 
7 3 0 4217 4222 
6 2 4225 4222 
5 3 0 4207 4224 
6 2 4227 4224 
7 3 0 4216 4226 
6 2 4229 4226 
5 3 0 4208 4228 
6 2 4231 4228 
7 3 0 4215 4230 
6 2 4233 4230 
5 3 0 4209 4232 
6 2 4235 4232 
7 3 0 4214 4234 
6 2 4237 4234 
5 3 0 4210 4236 
6 2 4239 4236 
7 3 0 4213 4238 
6 2 4241 4238 
5 3 0 4211 4240 
6 2 4243 4240 
7 3 0 4212 4242 
6 2 4245 4242 
5 3 0 4212 4244 
6 2 4247 4244 
7 3 0 4211 4246 
6 2 4249 4246 
5 3 0 4213 4248 
6 2 4251 4248 
7 3 0 4210 4250 
6 2 4253 4250 
5 3 0 4214 4252 
6 2 4255 4252 
7 3 0 4209 4254 
6 2 4257 4254 
5 3 0 4215 4256 
6 2 4259 4256 
7 3 0 4208 4258 
6 2 4261 4258 
5 3 0 4216 4260 
6 2 4263 4260 
7 3 0 4207 4262 
6 2 4265 4262 
5 3 0 4217 4264 
6 2 4267 4264 
7 3 0 4206 4266 
6 2 4269 4266 
5 3 0 4218 4268 
6 2 4271 4268 
7 3 0 4205 4270 
6 2 4273 4270 
8 3 4272 4274 0 
9 2 0 4275 
6 2 4276 4275 
10 2 0 4277 
9 3 0 4278 4277 
6 2 4279 4277 
10 2 0 4280 
9 3 0 4281 4280 
6 2 4282 4280 
10 2 0 4283 
9 3 0 4284 4283 
6 2 4285 4283 
10 2 0 4286 
9 3 0 4287 4286 
6 2 4288 4286 
10 2 0 4289 
9 3 0 4290 4289 
6 2 4291 4289 
10 2 0 4292 
9 3 0 4293 4292 
6 2 4294 4292 
10 2 0 4295 
9 3 0 4296 4295 
6 2 4297 4295 
10 2 0 4298 
9 3 0 4299 4298 
6 2 4300 4298 
10 2 0 4301 
9 3 0 4302 4301 
6 2 4303 4301 
10 2 0 4304 
9 3 0 4305 4304 
6 2 4306 4304 
10 2 0 4307 
9 3 0 4308 4307 
6 2 4309 4307 
10 2 0 4310 
9 3 0 4311 4310 
6 2 4312 4310 
10 2 0 4313 
11 13 4278 4281 4284 4287 4290 4293 4296 4299 4302 4305 4308 4311 4314 
1 0 
1 0 
1 0 
1 0 
1 0 
1 0 
1 0 
1 0 
1 0 
1 0 
2 2 0 4316 
3 1 4326 
4 2 0 4325 
3 1 4328 
5 3 0 4317 4327 
6 2 4330 4327 
7 3 0 4324 4329 
6 2 4332 4329 
5 3 0 4318 4331 
6 2 4334 4331 
7 3 0 4323 4333 
6 2 4336 4333 
5 3 0 4319 4335 
6 2 4338 4335 
7 3 0 4322 4337 
6 2 4340 4337 
5 3 0 4320 4339 
6 2 4342 4339 
7 3 0 4321 4341 
6 2 4344 4341 
5 3 0 4321 4343 
6 2 4346 4343 
7 3 0 4320 4345 
6 2 4348 4345 
5 3 0 4322 4347 
6 2 4350 4347 
7 3 0 4319 4349 
6 2 4352 4349 
5 3 0 4323 4351 
6 2 4354 4351 
7 3 0 4318 4353 
6 2 4356 4353 
5 3 0 4324 4355 
6 2 4358 4355 
7 3 0 4317 4357 
6 2 4360 4357 
5 3 0 4325 4359 
6 2 4362 4359 
7 3 0 4316 4361 
6 2 4364 4361 
8 3 4363 4365 0 
9 2 0 4366 
6 2 4367 4366 
10 2 0 4368 
9 3 0 4369 4368 
6 2 4370 4368 
10 2 0 4371 
9 3 0 4372 4371 
6 2 4373 4371 
10 2 0 4374 
9 3 0 4375 4374 
6 2 4376 4374 
10 2 0 4377 
9 3 0 4378 4377 
6 2 4379 4377 
10 2 0 4380 
9 3 0 4381 4380 
6 2 4382 4380 
10 2 0 4383 
9 3 0 4384 4383 
6 2 4385 4383 
10 2 0 4386 
9 3 0 4387 4386 
6 2 4388 4386 
10 2 0 4389 
9 3 0 4390 4389 
6 2 4391 4389 
10 2 0 4392 
11 9 4369 4372 4375 4378 4381 4384 4387 4390 4393 
1 0 
1 0 
1 0 
1 0 
1 0 
1 0 
2 2 0 4395 
3 1 4401 
4 2 0 4400 
3 1 4403 
5 3 0 4396 4402 
6 2 4405 4402 
7 3 0 4399 4404 
6 2 4407 4404 
5 3 0 4397 4406 
6 2 4409 4406 
7 3 0 4398 4408 
6 2 4411 4408 
5 3 0 4398 4410 
6 2 4413 4410 
7 3 0 4397 4412 
6 2 4415 4412 
5 3 0 4399 4414 
6 2 4417 4414 
7 3 0 4396 4416 
6 2 4419 4416 
5 3 0 4400 4418 
6 2 4421 4418 
7 3 0 4395 4420 
6 2 4423 4420 
8 3 4422 4424 0 
9 2 0 4425 
6 2 4426 4425 
10 2 0 4427 
9 3 0 4428 4427 
6 2 4429 4427 
10 2 0 4430 
9 3 0 4431 4430 
6 2 4432 4430 
10 2 0 4433 
9 3 0 4434 4433 
6 2 4435 4433 
10 2 0 4436 
9 3 0 4437 4436 
6 2 4438 4436 
10 2 0 4439 
11 5 4428 4431 4434 4437 4440 
1 0 
1 0 
1 0 
1 0 
1 0 
1 0 
2 2 0 4442 
3 1 4448 
4 2 0 4447 
3 1 4450 
5 3 0 4443 4449 
6 2 4452 4449 
7 3 0 4446 4451 
6 2 4454 4451 
5 3 0 4444 4453 
6 2 4456 4453 
7 3 0 4445 4455 
6 2 4458 4455 
5 3 0 4445 4457 
6 2 4460 4457 
7 3 0 4444 4459 
6 2 4462 4459 
5 3 0 4446 4461 
6 2 4464 4461 
7 3 0 4443 4463 
6 2 4466 4463 
5 3 0 4447 4465 
6 2 4468 4465 
7 3 0 4442 4467 
6 2 4470 4467 
8 3 4469 4471 0 
9 2 0 4472 
6 2 4473 4472 
10 2 0 4474 
9 3 0 4475 4474 
6 2 4476 4474 
10 2 0 4477 
9 3 0 4478 4477 
6 2 4479 4477 
10 2 0 4480 
9 3 0 4481 4480 
6 2 4482 4480 
10 2 0 4483 
9 3 0 4484 4483 
6 2 4485 4483 
10 2 0 4486 
11 5 4475 4478 4481 4484 4487 
1 0 
1 0 
1 0 
1 0 
1 0 
1 0 
1 0 
1 0 
1 0 
1 0 
2 2 0 4489 
3 1 4499 
4 2 0 4498 
3 1 4501 
5 3 0 4490 4500 
6 2 4503 4500 
7 3 0 4497 4502 
6 2 4505 4502 
5 3 0 4491 4504 
6 2 4507 4504 
7 3 0 4496 4506 
6 2 4509 4506 
5 3 0 4492 4508 
6 2 4511 4508 
7 3 0 4495 4510 
6 2 4513 4510 
5 3 0 4493 4512 
6 2 4515 4512 
7 3 0 4494 4514 
6 2 4517 4514 
5 3 0 4494 4516 
6 2 4519 4516 
7 3 0 4493 4518 
6 2 4521 4518 
5 3 0 4495 4520 
6 2 4523 4520 
7 3 0 4492 4522 
6 2 4525 4522 
5 3 0 4496 4524 
6 2 4527 4524 
7 3 0 4491 4526 
6 2 4529 4526 
5 3 0 4497 4528 
6 2 4531 4528 
7 3 0 4490 4530 
6 2 4533 4530 
5 3 0 4498 4532 
6 2 4535 4532 
7 3 0 4489 4534 
6 2 4537 4534 
8 3 4536 4538 0 
9 2 0 4539 
6 2 4540 4539 
10 2 0 4541 
9 3 0 4542 4541 
6 2 4543 4541 
10 2 0 4544 
9 3 0 4545 4544 
6 2 4546 4544 
10 2 0 4547 
9 3 0 4548 4547 
6 2 4549 4547 
10 2 0 4550 
9 3 0 4551 4550 
6 2 4552 4550 
10 2 0 4553 
9 3 0 4554 4553 
6 2 4555 4553 
10 2 0 4556 
9 3 0 4557 4556 
6 2 4558 4556 
10 2 0 4559 
9 3 0 4560 4559 
6 2 4561 4559 
10 2 0 4562 
9 3 0 4563 4562 
6 2 4564 4562 
10 2 0 4565 
11 9 4542 4545 4548 4551 4554 4557 4560 4563 4566 
1 0 
1 0 
1 0 
1 0 
1 0 
1 0 
1 0 
1 0 
1 0 
1 0 
1 0 
1 0 
1 0 
1 0 
2 2 0 4568 
3 1 4582 
4 2 0 4581 
3 1 4584 
5 3 0 4569 4583 
6 2 4586 4583 
7 3 0 4580 4585 
6 2 4588 4585 
5 3 0 4570 4587 
6 2 4590 4587 
7 3 0 4579 4589 
6 2 4592 4589 
5 3 0 4571 4591 
6 2 4594 4591 
7 3 0 4578 4593 
6 2 4596 4593 
5 3 0 4572 4595 
6 2 4598 4595 
7 3 0 4577 4597 
6 2 4600 4597 
5 3 0 4573 4599 
6 2 4602 4599 
7 3 0 4576 4601 
6 2 4604 4601 
5 3 0 4574 4603 
6 2 4606 4603 
7 3 0 4575 4605 
6 2 4608 4605 
5 3 0 4575 4607 
6 2 4610 4607 
7 3 0 4574 4609 
6 2 4612 4609 
5 3 0 4576 4611 
6 2 4614 4611 
7 3 0 4573 4613 
6 2 4616 4613 
5 3 0 4577 4615 
6 2 4618 4615 
7 3 0 4572 4617 
6 2 4620 4617 
5 3 0 4578 4619 
6 2 4622 4619 
7 3 0 4571 4621 
6 2 4624 4621 
5 3 0 4579 4623 
6 2 4626 4623 
7 3 0 4570 4625 
6 2 4628 4625 
5 3 0 4580 4627 
6 2 4630 4627 
7 3 0 4569 4629 
6 2 4632 4629 
5 3 0 4581 4631 
6 2 4634 4631 
7 3 0 4568 4633 
6 2 4636 4633 
8 3 4635 4637 0 
9 2 0 4638 
6 2 4639 4638 
10 2 0 4640 
9 3 0 4641 4640 
6 2 4642 4640 
10 2 0 4643 
9 3 0 4644 4643 
6 2 4645 4643 
10 2 0 4646 
9 3 0 4647 4646 
6 2 4648 4646 
10 2 0 4649 
9 3 0 4650 4649 
6 2 4651 4649 
10 2 0 4652 
9 3 0 4653 4652 
6 2 4654 4652 
10 2 0 4655 
9 3 0 4656 4655 
6 2 4657 4655 
10 2 0 4658 
9 3 0 4659 4658 
6 2 4660 4658 
10 2 0 4661 
9 3 0 4662 4661 
6 2 4663 4661 
10 2 0 4664 
9 3 0 4665 4664 
6 2 4666 4664 
10 2 0 4667 
9 3 0 4668 4667 
6 2 4669 4667 
10 2 0 4670 
9 3 0 4671 4670 
6 2 4672 4670 
10 2 0 4673 
9 3 0 4674 4673 
6 2 4675 4673 
10 2 0 4676 
11 13 4641 4644 4647 4650 4653 4656 4659 4662 4665 4668 4671 4674 4677 
1 0 
1 0 
1 0 
1 0 
1 0 
1 0 
1 0 
2 2 0 4679 
3 1 4686 
4 2 0 4685 
3 1 4688 
5 3 0 4680 4687 
6 2 4690 4687 
7 3 0 4684 4689 
6 2 4692 4689 
5 3 0 4681 4691 
6 2 4694 4691 
7 3 0 4683 4693 
6 2 4696 4693 
5 3 0 4682 4695 
6 2 4698 4695 
7 3 0 4682 4697 
6 2 4700 4697 
5 3 0 4683 4699 
6 2 4702 4699 
7 3 0 4681 4701 
6 2 4704 4701 
5 3 0 4684 4703 
6 2 4706 4703 
7 3 0 4680 4705 
6 2 4708 4705 
5 3 0 4685 4707 
6 2 4710 4707 
7 3 0 4679 4709 
6 2 4712 4709 
8 3 4711 4713 0 
9 2 0 4714 
6 2 4715 4714 
10 2 0 4716 
9 3 0 4717 4716 
6 2 4718 4716 
10 2 0 4719 
9 3 0 4720 4719 
6 2 4721 4719 
10 2 0 4722 
9 3 0 4723 4722 
6 2 4724 4722 
10 2 0 4725 
9 3 0 4726 4725 
6 2 4727 4725 
10 2 0 4728 
9 3 0 4729 4728 
6 2 4730 4728 
10 2 0 4731 
11 6 4717 4720 4723 4726 4729 4732 
1 0 
1 0 
1 0 
1 0 
1 0 
1 0 
1 0 
1 0 
2 2 0 4734 
3 1 4742 
4 2 0 4741 
3 1 4744 
5 3 0 4735 4743 
6 2 4746 4743 
7 3 0 4740 4745 
6 2 4748 4745 
5 3 0 4736 4747 
6 2 4750 4747 
7 3 0 4739 4749 
6 2 4752 4749 
5 3 0 4737 4751 
6 2 4754 4751 
7 3 0 4738 4753 
6 2 4756 4753 
5 3 0 4738 4755 
6 2 4758 4755 
7 3 0 4737 4757 
6 2 4760 4757 
5 3 0 4739 4759 
6 2 4762 4759 
7 3 0 4736 4761 
6 2 4764 4761 
5 3 0 4740 4763 
6 2 4766 4763 
7 3 0 4735 4765 
6 2 4768 4765 
5 3 0 4741 4767 
6 2 4770 4767 
7 3 0 4734 4769 
6 2 4772 4769 
8 3 4771 4773 0 
9 2 0 4774 
6 2 4775 4774 
10 2 0 4776 
9 3 0 4777 4776 
6 2 4778 4776 
10 2 0 4779 
9 3 0 4780 4779 
6 2 4781 4779 
10 2 0 4782 
9 3 0 4783 4782 
6 2 4784 4782 
10 2 0 4785 
9 3 0 4786 4785 
6 2 4787 4785 
10 2 0 4788 
9 3 0 4789 4788 
6 2 4790 4788 
10 2 0 4791 
9 3 0 4792 4791 
6 2 4793 4791 
10 2 0 4794 
11 7 4777 4780 4783 4786 4789 4792 4795 
1 0 
1 0 
1 0 
1 0 
1 0 
1 0 
1 0 
1 0 
2 2 0 4797 
3 1 4805 
4 2 0 4804 
3 1 4807 
5 3 0 4798 4806 
6 2 4809 4806 
7 3 0 4803 4808 
6 2 4811 4808 
5 3 0 4799 4810 
6 2 4813 4810 
7 3 0 4802 4812 
6 2 4815 4812 
5 3 0 4800 4814 
6 2 4817 4814 
7 3 0 4801 4816 
6 2 4819 4816 
5 3 0 4801 4818 
6 2 4821 4818 
7 3 0 4800 4820 
6 2 4823 4820 
5 3 0 4802 4822 
6 2 4825 4822 
7 3 0 4799 4824 
6 2 4827 4824 
5 3 0 4803 4826 
6 2 4829 4826 
7 3 0 4798 4828 
6 2 4831 4828 
5 3 0 4804 4830 
6 2 4833 4830 
7 3 0 4797 4832 
6 2 4835 4832 
8 3 4834 4836 0 
9 2 0 4837 
6 2 4838 4837 
10 2 0 4839 
9 3 0 4840 4839 
6 2 4841 4839 
10 2 0 4842 
9 3 0 4843 4842 
6 2 4844 4842 
10 2 0 4845 
9 3 0 4846 4845 
6 2 4847 4845 
10 2 0 4848 
9 3 0 4849 4848 
6 2 4850 4848 
10 2 0 4851 
9 3 0 4852 4851 
6 2 4853 4851 
10 2 0 4854 
9 3 0 4855 4854 
6 2 4856 4854 
10 2 0 4857 
11 7 4840 4843 4846 4849 4852 4855 4858 
1 0 
1 0 
1 0 
1 0 
1 0 
1 0 
1 0 
1 0 
1 0 
1 0 
1 0 
1 0 
1 0 
1 0 
2 2 0 4860 
3 1 4874 
4 2 0 4873 
3 1 4876 
5 3 0 4861 4875 
6 2 4878 4875 
7 3 0 4872 4877 
6 2 4880 4877 
5 3 0 4862 4879 
6 2 4882 4879 
7 3 0 4871 4881 
6 2 4884 4881 
5 3 0 4863 4883 
6 2 4886 4883 
7 3 0 4870 4885 
6 2 4888 4885 
5 3 0 4864 4887 
6 2 4890 4887 
7 3 0 4869 4889 
6 2 4892 4889 
5 3 0 4865 4891 
6 2 4894 4891 
7 3 0 4868 4893 
6 2 4896 4893 
5 3 0 4866 4895 
6 2 4898 4895 
7 3 0 4867 4897 
6 2 4900 4897 
5 3 0 4867 4899 
6 2 4902 4899 
7 3 0 4866 4901 
6 2 4904 4901 
5 3 0 4868 4903 
6 2 4906 4903 
7 3 0 4865 4905 
6 2 4908 4905 
5 3 0 4869 4907 
6 2 4910 4907 
7 3 0 4864 4909 
6 2 4912 4909 
5 3 0 4870 4911 
6 2 4914 4911 
7 3 0 4863 4913 
6 2 4916 4913 
5 3 0 4871 4915 
6 2 4918 4915 
7 3 0 4862 4917 
6 2 4920 4917 
5 3 0 4872 4919 
6 2 4922 4919 
7 3 0 4861 4921 
6 2 4924 4921 
5 3 0 4873 4923 
6 2 4926 4923 
7 3 0 4860 4925 
6 2 4928 4925 
8 3 4927 4929 0 
9 2 0 4930 
6 2 4931 4930 
10 2 0 4932 
9 3 0 4933 4932 
6 2 4934 4932 
10 2 0 4935 
9 3 0 4936 4935 
6 2 4937 4935 
10 2 0 4938 
9 3 0 4939 4938 
6 2 4940 4938 
10 2 0 4941 
9 3 0 4942 4941 
6 2 4943 4941 
10 2 0 4944 
9 3 0 4945 4944 
6 2 4946 4944 
10 2 0 4947 
9 3 0 4948 4947 
6 2 4949 4947 
10 2 0 4950 
9 3 0 4951 4950 
6 2 4952 4950 
10 2 0 4953 
9 3 0 4954 4953 
6 2 4955 4953 
10 2 0 4956 
9 3 0 4957 4956 
6 2 4958 4956 
10 2 0 4959 
9 3 0 4960 4959 
6 2 4961 4959 
10 2 0 4962 
9 3 0 4963 4962 
6 2 4964 4962 
10 2 0 4965 
9 3 0 4966 4965 
6 2 4967 4965 
10 2 0 4968 
11 13 4933 4936 4939 4942 4945 4948 4951 4954 4957 4960 4963 4966 4969 
1 0 
1 0 
1 0 
1 0 
1 0 
1 0 
1 0 
1 0 
2 2 0 4971 
3 1 4979 
4 2 0 4978 
3 1 4981 
5 3 0 4972 4980 
6 2 4983 4980 
7 3 0 4977 4982 
6 2 4985 4982 
5 3 0 4973 4984 
6 2 4987 4984 
7 3 0 4976 4986 
6 2 4989 4986 
5 3 0 4974 4988 
6 2 4991 4988 
7 3 0 4975 4990 
6 2 4993 4990 
5 3 0 4975 4992 
6 2 4995 4992 
7 3 0 4974 4994 
6 2 4997 4994 
5 3 0 4976 4996 
6 2 4999 4996 
7 3 0 4973 4998 
6 2 5001 4998 
5 3 0 4977 5000 
6 2 5003 5000 
7 3 0 4972 5002 
6 2 5005 5002 
5 3 0 4978 5004 
6 2 5007 5004 
7 3 0 4971 5006 
6 2 5009 5006 
8 3 5008 5010 0 
9 2 0 5011 
6 2 5012 5011 
10 2 0 5013 
9 3 0 5014 5013 
6 2 5015 5013 
10 2 0 5016 
9 3 0 5017 5016 
6 2 5018 5016 
10 2 0 5019 
9 3 0 5020 5019 
6 2 5021 5019 
10 2 0 5022 
9 3 0 5023 5022 
6 2 5024 5022 
10 2 0 5025 
9 3 0 5026 5025 
6 2 5027 5025 
10 2 0 5028 
9 3 0 5029 5028 
6 2 5030 5028 
10 2 0 5031 
11 7 5014 5017 5020 5023 5026 5029 5032 
1 0 
1 0 
1 0 
1 0 
1 0 
1 0 
1 0 
1 0 
1 0 
1 0 
2 2 0 5034 
3 1 5044 
4 2 0 5043 
3 1 5046 
5 3 0 5035 5045 
6 2 5048 5045 
7 3 0 5042 5047 
6 2 5050 5047 
5 3 0 5036 5049 
6 2 5052 5049 
7 3 0 5041 5051 
6 2 5054 5051 
5 3 0 5037 5053 
6 2 5056 5053 
7 3 0 5040 5055 
6 2 5058 5055 
5 3 0 5038 5057 
6 2 5060 5057 
7 3 0 5039 5059 
6 2 5062 5059 
5 3 0 5039 5061 
6 2 5064 5061 
7 3 0 5038 5063 
6 2 5066 5063 
5 3 0 5040 5065 
6 2 5068 5065 
7 3 0 5037 5067 
6 2 5070 5067 
5 3 0 5041 5069 
6 2 5072 5069 
7 3 0 5036 5071 
6 2 5074 5071 
5 3 0 5042 5073 
6 2 5076 5073 
7 3 0 5035 5075 
6 2 5078 5075 
5 3 0 5043 5077 
6 2 5080 5077 
7 3 0 5034 5079 
6 2 5082 5079 
8 3 5081 5083 0 
9 2 0 5084 
6 2 5085 5084 
10 2 0 5086 
9 3 0 5087 5086 
6 2 5088 5086 
10 2 0 5089 
9 3 0 5090 5089 
6 2 5091 5089 
10 2 0 5092 
9 3 0 5093 5092 
6 2 5094 5092 
10 2 0 5095 
9 3 0 5096 5095 
6 2 5097 5095 
10 2 0 5098 
9 3 0 5099 5098 
6 2 5100 5098 
10 2 0 5101 
9 3 0 5102 5101 
6 2 5103 5101 
10 2 0 5104 
9 3 0 5105 5104 
6 2 5106 5104 
10 2 0 5107 
9 3 0 5108 5107 
6 2 5109 5107 
10 2 0 5110 
11 9 5087 5090 5093 5096 5099 5102 5105 5108 5111 
13 64 87 190 269 372 443 514 609 664 775 830 901 1028 1099 1210 1297 1352 1415 1470 1605 1724 1787 1850 1929 1992 2063 2142 2237 2316 2387 2442 2513 2568 2607 2694 2789 2868 2955 3050 3177 3248 3311 3390 3445 3524 3571 3626 3809 3896 3983 4030 4101 4204 4315 4394 4441 4488 4567 4678 4733 4796 4859 4970 5033 5112 
