5026
0 0 
1 0 
1 0 
1 0 
1 0 
1 0 
1 0 
1 0 
1 0 
1 0 
1 0 
1 0 
1 0 
2 2 0 1 
3 1 13 
4 2 0 12 
3 1 15 
5 3 0 2 14 
6 2 17 14 
7 3 0 11 16 
6 2 19 16 
5 3 0 3 18 
6 2 21 18 
7 3 0 10 20 
6 2 23 20 
5 3 0 4 22 
6 2 25 22 
7 3 0 9 24 
6 2 27 24 
5 3 0 5 26 
6 2 29 26 
7 3 0 8 28 
6 2 31 28 
5 3 0 6 30 
6 2 33 30 
7 3 0 7 32 
6 2 35 32 
5 3 0 7 34 
6 2 37 34 
7 3 0 6 36 
6 2 39 36 
5 3 0 8 38 
6 2 41 38 
7 3 0 5 40 
6 2 43 40 
5 3 0 9 42 
6 2 45 42 
7 3 0 4 44 
6 2 47 44 
5 3 0 10 46 
6 2 49 46 
7 3 0 3 48 
6 2 51 48 
5 3 0 11 50 
6 2 53 50 
7 3 0 2 52 
6 2 55 52 
5 3 0 12 54 
6 2 57 54 
7 3 0 1 56 
6 2 59 56 
8 3 58 60 0 
9 2 0 61 
6 2 62 61 
10 2 0 63 
9 3 0 64 63 
6 2 65 63 
10 2 0 66 
9 3 0 67 66 
6 2 68 66 
10 2 0 69 
9 3 0 70 69 
6 2 71 69 
10 2 0 72 
9 3 0 73 72 
6 2 74 72 
10 2 0 75 
9 3 0 76 75 
6 2 77 75 
10 2 0 78 
9 3 0 79 78 
6 2 80 78 
10 2 0 81 
9 3 0 82 81 
6 2 83 81 
10 2 0 84 
9 3 0 85 84 
6 2 86 84 
10 2 0 87 
9 3 0 88 87 
6 2 89 87 
10 2 0 90 
9 3 0 91 90 
6 2 92 90 
10 2 0 93 
11 11 64 67 70 73 76 79 82 85 88 91 94 
1 0 
1 0 
1 0 
1 0 
1 0 
1 0 
1 0 
1 0 
1 0 
1 0 
2 2 0 96 
3 1 106 
4 2 0 105 
3 1 108 
5 3 0 97 107 
6 2 110 107 
7 3 0 104 109 
6 2 112 109 
5 3 0 98 111 
6 2 114 111 
7 3 0 103 113 
6 2 116 113 
5 3 0 99 115 
6 2 118 115 
7 3 0 102 117 
6 2 120 117 
5 3 0 100 119 
6 2 122 119 
7 3 0 101 121 
6 2 124 121 
5 3 0 101 123 
6 2 126 123 
7 3 0 100 125 
6 2 128 125 
5 3 0 102 127 
6 2 130 127 
7 3 0 99 129 
6 2 132 129 
5 3 0 103 131 
6 2 134 131 
7 3 0 98 133 
6 2 136 133 
5 3 0 104 135 
6 2 138 135 
7 3 0 97 137 
6 2 140 137 
5 3 0 105 139 
6 2 142 139 
7 3 0 96 141 
6 2 144 141 
8 3 143 145 0 
9 2 0 146 
6 2 147 146 
10 2 0 148 
9 3 0 149 148 
6 2 150 148 
10 2 0 151 
9 3 0 152 151 
6 2 153 151 
10 2 0 154 
9 3 0 155 154 
6 2 156 154 
10 2 0 157 
9 3 0 158 157 
6 2 159 157 
10 2 0 160 
9 3 0 161 160 
6 2 162 160 
10 2 0 163 
9 3 0 164 163 
6 2 165 163 
10 2 0 166 
9 3 0 167 166 
6 2 168 166 
10 2 0 169 
9 3 0 170 169 
6 2 171 169 
10 2 0 172 
11 9 149 152 155 158 161 164 167 170 173 
1 0 
1 0 
1 0 
1 0 
1 0 
1 0 
1 0 
1 0 
1 0 
1 0 
2 2 0 175 
3 1 185 
4 2 0 184 
3 1 187 
5 3 0 176 186 
6 2 189 186 
7 3 0 183 188 
6 2 191 188 
5 3 0 177 190 
6 2 193 190 
7 3 0 182 192 
6 2 195 192 
5 3 0 178 194 
6 2 197 194 
7 3 0 181 196 
6 2 199 196 
5 3 0 179 198 
6 2 201 198 
7 3 0 180 200 
6 2 203 200 
5 3 0 180 202 
6 2 205 202 
7 3 0 179 204 
6 2 207 204 
5 3 0 181 206 
6 2 209 206 
7 3 0 178 208 
6 2 211 208 
5 3 0 182 210 
6 2 213 210 
7 3 0 177 212 
6 2 215 212 
5 3 0 183 214 
6 2 217 214 
7 3 0 176 216 
6 2 219 216 
5 3 0 184 218 
6 2 221 218 
7 3 0 175 220 
6 2 223 220 
8 3 222 224 0 
9 2 0 225 
6 2 226 225 
10 2 0 227 
9 3 0 228 227 
6 2 229 227 
10 2 0 230 
9 3 0 231 230 
6 2 232 230 
10 2 0 233 
9 3 0 234 233 
6 2 235 233 
10 2 0 236 
9 3 0 237 236 
6 2 238 236 
10 2 0 239 
9 3 0 240 239 
6 2 241 239 
10 2 0 242 
9 3 0 243 242 
6 2 244 242 
10 2 0 245 
9 3 0 246 245 
6 2 247 245 
10 2 0 248 
9 3 0 249 248 
6 2 250 248 
10 2 0 251 
11 9 228 231 234 237 240 243 246 249 252 
1 0 
1 0 
1 0 
1 0 
1 0 
1 0 
1 0 
1 0 
1 0 
1 0 
2 2 0 254 
3 1 264 
4 2 0 263 
3 1 266 
5 3 0 255 265 
6 2 268 265 
7 3 0 262 267 
6 2 270 267 
5 3 0 256 269 
6 2 272 269 
7 3 0 261 271 
6 2 274 271 
5 3 0 257 273 
6 2 276 273 
7 3 0 260 275 
6 2 278 275 
5 3 0 258 277 
6 2 280 277 
7 3 0 259 279 
6 2 282 279 
5 3 0 259 281 
6 2 284 281 
7 3 0 258 283 
6 2 286 283 
5 3 0 260 285 
6 2 288 285 
7 3 0 257 287 
6 2 290 287 
5 3 0 261 289 
6 2 292 289 
7 3 0 256 291 
6 2 294 291 
5 3 0 262 293 
6 2 296 293 
7 3 0 255 295 
6 2 298 295 
5 3 0 263 297 
6 2 300 297 
7 3 0 254 299 
6 2 302 299 
8 3 301 303 0 
9 2 0 304 
6 2 305 304 
10 2 0 306 
9 3 0 307 306 
6 2 308 306 
10 2 0 309 
9 3 0 310 309 
6 2 311 309 
10 2 0 312 
9 3 0 313 312 
6 2 314 312 
10 2 0 315 
9 3 0 316 315 
6 2 317 315 
10 2 0 318 
9 3 0 319 318 
6 2 320 318 
10 2 0 321 
9 3 0 322 321 
6 2 323 321 
10 2 0 324 
9 3 0 325 324 
6 2 326 324 
10 2 0 327 
9 3 0 328 327 
6 2 329 327 
10 2 0 330 
11 9 307 310 313 316 319 322 325 328 331 
1 0 
1 0 
1 0 
1 0 
1 0 
1 0 
1 0 
1 0 
1 0 
2 2 0 333 
3 1 342 
4 2 0 341 
3 1 344 
5 3 0 334 343 
6 2 346 343 
7 3 0 340 345 
6 2 348 345 
5 3 0 335 347 
6 2 350 347 
7 3 0 339 349 
6 2 352 349 
5 3 0 336 351 
6 2 354 351 
7 3 0 338 353 
6 2 356 353 
5 3 0 337 355 
6 2 358 355 
7 3 0 337 357 
6 2 360 357 
5 3 0 338 359 
6 2 362 359 
7 3 0 336 361 
6 2 364 361 
5 3 0 339 363 
6 2 366 363 
7 3 0 335 365 
6 2 368 365 
5 3 0 340 367 
6 2 370 367 
7 3 0 334 369 
6 2 372 369 
5 3 0 341 371 
6 2 374 371 
7 3 0 333 373 
6 2 376 373 
8 3 375 377 0 
9 2 0 378 
6 2 379 378 
10 2 0 380 
9 3 0 381 380 
6 2 382 380 
10 2 0 383 
9 3 0 384 383 
6 2 385 383 
10 2 0 386 
9 3 0 387 386 
6 2 388 386 
10 2 0 389 
9 3 0 390 389 
6 2 391 389 
10 2 0 392 
9 3 0 393 392 
6 2 394 392 
10 2 0 395 
9 3 0 396 395 
6 2 397 395 
10 2 0 398 
9 3 0 399 398 
6 2 400 398 
10 2 0 401 
11 8 381 384 387 390 393 396 399 402 
1 0 
1 0 
1 0 
1 0 
1 0 
2 2 0 404 
3 1 409 
4 2 0 408 
3 1 411 
5 3 0 405 410 
6 2 413 410 
7 3 0 407 412 
6 2 415 412 
5 3 0 406 414 
6 2 417 414 
7 3 0 406 416 
6 2 419 416 
5 3 0 407 418 
6 2 421 418 
7 3 0 405 420 
6 2 423 420 
5 3 0 408 422 
6 2 425 422 
7 3 0 404 424 
6 2 427 424 
8 3 426 428 0 
9 2 0 429 
6 2 430 429 
10 2 0 431 
9 3 0 432 431 
6 2 433 431 
10 2 0 434 
9 3 0 435 434 
6 2 436 434 
10 2 0 437 
9 3 0 438 437 
6 2 439 437 
10 2 0 440 
11 4 432 435 438 441 
1 0 
1 0 
1 0 
1 0 
1 0 
1 0 
1 0 
1 0 
1 0 
1 0 
2 2 0 443 
3 1 453 
4 2 0 452 
3 1 455 
5 3 0 444 454 
6 2 457 454 
7 3 0 451 456 
6 2 459 456 
5 3 0 445 458 
6 2 461 458 
7 3 0 450 460 
6 2 463 460 
5 3 0 446 462 
6 2 465 462 
7 3 0 449 464 
6 2 467 464 
5 3 0 447 466 
6 2 469 466 
7 3 0 448 468 
6 2 471 468 
5 3 0 448 470 
6 2 473 470 
7 3 0 447 472 
6 2 475 472 
5 3 0 449 474 
6 2 477 474 
7 3 0 446 476 
6 2 479 476 
5 3 0 450 478 
6 2 481 478 
7 3 0 445 480 
6 2 483 480 
5 3 0 451 482 
6 2 485 482 
7 3 0 444 484 
6 2 487 484 
5 3 0 452 486 
6 2 489 486 
7 3 0 443 488 
6 2 491 488 
8 3 490 492 0 
9 2 0 493 
6 2 494 493 
10 2 0 495 
9 3 0 496 495 
6 2 497 495 
10 2 0 498 
9 3 0 499 498 
6 2 500 498 
10 2 0 501 
9 3 0 502 501 
6 2 503 501 
10 2 0 504 
9 3 0 505 504 
6 2 506 504 
10 2 0 507 
9 3 0 508 507 
6 2 509 507 
10 2 0 510 
9 3 0 511 510 
6 2 512 510 
10 2 0 513 
9 3 0 514 513 
6 2 515 513 
10 2 0 516 
9 3 0 517 516 
6 2 518 516 
10 2 0 519 
11 9 496 499 502 505 508 511 514 517 520 
1 0 
1 0 
1 0 
1 0 
1 0 
1 0 
1 0 
1 0 
1 0 
1 0 
1 0 
2 2 0 522 
3 1 533 
4 2 0 532 
3 1 535 
5 3 0 523 534 
6 2 537 534 
7 3 0 531 536 
6 2 539 536 
5 3 0 524 538 
6 2 541 538 
7 3 0 530 540 
6 2 543 540 
5 3 0 525 542 
6 2 545 542 
7 3 0 529 544 
6 2 547 544 
5 3 0 526 546 
6 2 549 546 
7 3 0 528 548 
6 2 551 548 
5 3 0 527 550 
6 2 553 550 
7 3 0 527 552 
6 2 555 552 
5 3 0 528 554 
6 2 557 554 
7 3 0 526 556 
6 2 559 556 
5 3 0 529 558 
6 2 561 558 
7 3 0 525 560 
6 2 563 560 
5 3 0 530 562 
6 2 565 562 
7 3 0 524 564 
6 2 567 564 
5 3 0 531 566 
6 2 569 566 
7 3 0 523 568 
6 2 571 568 
5 3 0 532 570 
6 2 573 570 
7 3 0 522 572 
6 2 575 572 
8 3 574 576 0 
9 2 0 577 
6 2 578 577 
10 2 0 579 
9 3 0 580 579 
6 2 581 579 
10 2 0 582 
9 3 0 583 582 
6 2 584 582 
10 2 0 585 
9 3 0 586 585 
6 2 587 585 
10 2 0 588 
9 3 0 589 588 
6 2 590 588 
10 2 0 591 
9 3 0 592 591 
6 2 593 591 
10 2 0 594 
9 3 0 595 594 
6 2 596 594 
10 2 0 597 
9 3 0 598 597 
6 2 599 597 
10 2 0 600 
9 3 0 601 600 
6 2 602 600 
10 2 0 603 
9 3 0 604 603 
6 2 605 603 
10 2 0 606 
11 10 580 583 586 589 592 595 598 601 604 607 
1 0 
1 0 
1 0 
1 0 
1 0 
1 0 
2 2 0 609 
3 1 615 
4 2 0 614 
3 1 617 
5 3 0 610 616 
6 2 619 616 
7 3 0 613 618 
6 2 621 618 
5 3 0 611 620 
6 2 623 620 
7 3 0 612 622 
6 2 625 622 
5 3 0 612 624 
6 2 627 624 
7 3 0 611 626 
6 2 629 626 
5 3 0 613 628 
6 2 631 628 
7 3 0 610 630 
6 2 633 630 
5 3 0 614 632 
6 2 635 632 
7 3 0 609 634 
6 2 637 634 
8 3 636 638 0 
9 2 0 639 
6 2 640 639 
10 2 0 641 
9 3 0 642 641 
6 2 643 641 
10 2 0 644 
9 3 0 645 644 
6 2 646 644 
10 2 0 647 
9 3 0 648 647 
6 2 649 647 
10 2 0 650 
9 3 0 651 650 
6 2 652 650 
10 2 0 653 
11 5 642 645 648 651 654 
1 0 
1 0 
1 0 
1 0 
1 0 
1 0 
1 0 
1 0 
1 0 
1 0 
1 0 
2 2 0 656 
3 1 667 
4 2 0 666 
3 1 669 
5 3 0 657 668 
6 2 671 668 
7 3 0 665 670 
6 2 673 670 
5 3 0 658 672 
6 2 675 672 
7 3 0 664 674 
6 2 677 674 
5 3 0 659 676 
6 2 679 676 
7 3 0 663 678 
6 2 681 678 
5 3 0 660 680 
6 2 683 680 
7 3 0 662 682 
6 2 685 682 
5 3 0 661 684 
6 2 687 684 
7 3 0 661 686 
6 2 689 686 
5 3 0 662 688 
6 2 691 688 
7 3 0 660 690 
6 2 693 690 
5 3 0 663 692 
6 2 695 692 
7 3 0 659 694 
6 2 697 694 
5 3 0 664 696 
6 2 699 696 
7 3 0 658 698 
6 2 701 698 
5 3 0 665 700 
6 2 703 700 
7 3 0 657 702 
6 2 705 702 
5 3 0 666 704 
6 2 707 704 
7 3 0 656 706 
6 2 709 706 
8 3 708 710 0 
9 2 0 711 
6 2 712 711 
10 2 0 713 
9 3 0 714 713 
6 2 715 713 
10 2 0 716 
9 3 0 717 716 
6 2 718 716 
10 2 0 719 
9 3 0 720 719 
6 2 721 719 
10 2 0 722 
9 3 0 723 722 
6 2 724 722 
10 2 0 725 
9 3 0 726 725 
6 2 727 725 
10 2 0 728 
9 3 0 729 728 
6 2 730 728 
10 2 0 731 
9 3 0 732 731 
6 2 733 731 
10 2 0 734 
9 3 0 735 734 
6 2 736 734 
10 2 0 737 
9 3 0 738 737 
6 2 739 737 
10 2 0 740 
11 10 714 717 720 723 726 729 732 735 738 741 
1 0 
1 0 
1 0 
1 0 
1 0 
1 0 
1 0 
1 0 
1 0 
1 0 
2 2 0 743 
3 1 753 
4 2 0 752 
3 1 755 
5 3 0 744 754 
6 2 757 754 
7 3 0 751 756 
6 2 759 756 
5 3 0 745 758 
6 2 761 758 
7 3 0 750 760 
6 2 763 760 
5 3 0 746 762 
6 2 765 762 
7 3 0 749 764 
6 2 767 764 
5 3 0 747 766 
6 2 769 766 
7 3 0 748 768 
6 2 771 768 
5 3 0 748 770 
6 2 773 770 
7 3 0 747 772 
6 2 775 772 
5 3 0 749 774 
6 2 777 774 
7 3 0 746 776 
6 2 779 776 
5 3 0 750 778 
6 2 781 778 
7 3 0 745 780 
6 2 783 780 
5 3 0 751 782 
6 2 785 782 
7 3 0 744 784 
6 2 787 784 
5 3 0 752 786 
6 2 789 786 
7 3 0 743 788 
6 2 791 788 
8 3 790 792 0 
9 2 0 793 
6 2 794 793 
10 2 0 795 
9 3 0 796 795 
6 2 797 795 
10 2 0 798 
9 3 0 799 798 
6 2 800 798 
10 2 0 801 
9 3 0 802 801 
6 2 803 801 
10 2 0 804 
9 3 0 805 804 
6 2 806 804 
10 2 0 807 
9 3 0 808 807 
6 2 809 807 
10 2 0 810 
9 3 0 811 810 
6 2 812 810 
10 2 0 813 
9 3 0 814 813 
6 2 815 813 
10 2 0 816 
9 3 0 817 816 
6 2 818 816 
10 2 0 819 
11 9 796 799 802 805 808 811 814 817 820 
1 0 
1 0 
1 0 
1 0 
1 0 
1 0 
1 0 
1 0 
2 2 0 822 
3 1 830 
4 2 0 829 
3 1 832 
5 3 0 823 831 
6 2 834 831 
7 3 0 828 833 
6 2 836 833 
5 3 0 824 835 
6 2 838 835 
7 3 0 827 837 
6 2 840 837 
5 3 0 825 839 
6 2 842 839 
7 3 0 826 841 
6 2 844 841 
5 3 0 826 843 
6 2 846 843 
7 3 0 825 845 
6 2 848 845 
5 3 0 827 847 
6 2 850 847 
7 3 0 824 849 
6 2 852 849 
5 3 0 828 851 
6 2 854 851 
7 3 0 823 853 
6 2 856 853 
5 3 0 829 855 
6 2 858 855 
7 3 0 822 857 
6 2 860 857 
8 3 859 861 0 
9 2 0 862 
6 2 863 862 
10 2 0 864 
9 3 0 865 864 
6 2 866 864 
10 2 0 867 
9 3 0 868 867 
6 2 869 867 
10 2 0 870 
9 3 0 871 870 
6 2 872 870 
10 2 0 873 
9 3 0 874 873 
6 2 875 873 
10 2 0 876 
9 3 0 877 876 
6 2 878 876 
10 2 0 879 
9 3 0 880 879 
6 2 881 879 
10 2 0 882 
11 7 865 868 871 874 877 880 883 
1 0 
1 0 
1 0 
1 0 
1 0 
1 0 
1 0 
1 0 
1 0 
1 0 
1 0 
2 2 0 885 
3 1 896 
4 2 0 895 
3 1 898 
5 3 0 886 897 
6 2 900 897 
7 3 0 894 899 
6 2 902 899 
5 3 0 887 901 
6 2 904 901 
7 3 0 893 903 
6 2 906 903 
5 3 0 888 905 
6 2 908 905 
7 3 0 892 907 
6 2 910 907 
5 3 0 889 909 
6 2 912 909 
7 3 0 891 911 
6 2 914 911 
5 3 0 890 913 
6 2 916 913 
7 3 0 890 915 
6 2 918 915 
5 3 0 891 917 
6 2 920 917 
7 3 0 889 919 
6 2 922 919 
5 3 0 892 921 
6 2 924 921 
7 3 0 888 923 
6 2 926 923 
5 3 0 893 925 
6 2 928 925 
7 3 0 887 927 
6 2 930 927 
5 3 0 894 929 
6 2 932 929 
7 3 0 886 931 
6 2 934 931 
5 3 0 895 933 
6 2 936 933 
7 3 0 885 935 
6 2 938 935 
8 3 937 939 0 
9 2 0 940 
6 2 941 940 
10 2 0 942 
9 3 0 943 942 
6 2 944 942 
10 2 0 945 
9 3 0 946 945 
6 2 947 945 
10 2 0 948 
9 3 0 949 948 
6 2 950 948 
10 2 0 951 
9 3 0 952 951 
6 2 953 951 
10 2 0 954 
9 3 0 955 954 
6 2 956 954 
10 2 0 957 
9 3 0 958 957 
6 2 959 957 
10 2 0 960 
9 3 0 961 960 
6 2 962 960 
10 2 0 963 
9 3 0 964 963 
6 2 965 963 
10 2 0 966 
9 3 0 967 966 
6 2 968 966 
10 2 0 969 
11 10 943 946 949 952 955 958 961 964 967 970 
1 0 
1 0 
1 0 
1 0 
1 0 
1 0 
1 0 
2 2 0 972 
3 1 979 
4 2 0 978 
3 1 981 
5 3 0 973 980 
6 2 983 980 
7 3 0 977 982 
6 2 985 982 
5 3 0 974 984 
6 2 987 984 
7 3 0 976 986 
6 2 989 986 
5 3 0 975 988 
6 2 991 988 
7 3 0 975 990 
6 2 993 990 
5 3 0 976 992 
6 2 995 992 
7 3 0 974 994 
6 2 997 994 
5 3 0 977 996 
6 2 999 996 
7 3 0 973 998 
6 2 1001 998 
5 3 0 978 1000 
6 2 1003 1000 
7 3 0 972 1002 
6 2 1005 1002 
8 3 1004 1006 0 
9 2 0 1007 
6 2 1008 1007 
10 2 0 1009 
9 3 0 1010 1009 
6 2 1011 1009 
10 2 0 1012 
9 3 0 1013 1012 
6 2 1014 1012 
10 2 0 1015 
9 3 0 1016 1015 
6 2 1017 1015 
10 2 0 1018 
9 3 0 1019 1018 
6 2 1020 1018 
10 2 0 1021 
9 3 0 1022 1021 
6 2 1023 1021 
10 2 0 1024 
11 6 1010 1013 1016 1019 1022 1025 
1 0 
1 0 
1 0 
1 0 
1 0 
1 0 
1 0 
1 0 
1 0 
2 2 0 1027 
3 1 1036 
4 2 0 1035 
3 1 1038 
5 3 0 1028 1037 
6 2 1040 1037 
7 3 0 1034 1039 
6 2 1042 1039 
5 3 0 1029 1041 
6 2 1044 1041 
7 3 0 1033 1043 
6 2 1046 1043 
5 3 0 1030 1045 
6 2 1048 1045 
7 3 0 1032 1047 
6 2 1050 1047 
5 3 0 1031 1049 
6 2 1052 1049 
7 3 0 1031 1051 
6 2 1054 1051 
5 3 0 1032 1053 
6 2 1056 1053 
7 3 0 1030 1055 
6 2 1058 1055 
5 3 0 1033 1057 
6 2 1060 1057 
7 3 0 1029 1059 
6 2 1062 1059 
5 3 0 1034 1061 
6 2 1064 1061 
7 3 0 1028 1063 
6 2 1066 1063 
5 3 0 1035 1065 
6 2 1068 1065 
7 3 0 1027 1067 
6 2 1070 1067 
8 3 1069 1071 0 
9 2 0 1072 
6 2 1073 1072 
10 2 0 1074 
9 3 0 1075 1074 
6 2 1076 1074 
10 2 0 1077 
9 3 0 1078 1077 
6 2 1079 1077 
10 2 0 1080 
9 3 0 1081 1080 
6 2 1082 1080 
10 2 0 1083 
9 3 0 1084 1083 
6 2 1085 1083 
10 2 0 1086 
9 3 0 1087 1086 
6 2 1088 1086 
10 2 0 1089 
9 3 0 1090 1089 
6 2 1091 1089 
10 2 0 1092 
9 3 0 1093 1092 
6 2 1094 1092 
10 2 0 1095 
11 8 1075 1078 1081 1084 1087 1090 1093 1096 
1 0 
1 0 
1 0 
1 0 
1 0 
1 0 
1 0 
1 0 
1 0 
2 2 0 1098 
3 1 1107 
4 2 0 1106 
3 1 1109 
5 3 0 1099 1108 
6 2 1111 1108 
7 3 0 1105 1110 
6 2 1113 1110 
5 3 0 1100 1112 
6 2 1115 1112 
7 3 0 1104 1114 
6 2 1117 1114 
5 3 0 1101 1116 
6 2 1119 1116 
7 3 0 1103 1118 
6 2 1121 1118 
5 3 0 1102 1120 
6 2 1123 1120 
7 3 0 1102 1122 
6 2 1125 1122 
5 3 0 1103 1124 
6 2 1127 1124 
7 3 0 1101 1126 
6 2 1129 1126 
5 3 0 1104 1128 
6 2 1131 1128 
7 3 0 1100 1130 
6 2 1133 1130 
5 3 0 1105 1132 
6 2 1135 1132 
7 3 0 1099 1134 
6 2 1137 1134 
5 3 0 1106 1136 
6 2 1139 1136 
7 3 0 1098 1138 
6 2 1141 1138 
8 3 1140 1142 0 
9 2 0 1143 
6 2 1144 1143 
10 2 0 1145 
9 3 0 1146 1145 
6 2 1147 1145 
10 2 0 1148 
9 3 0 1149 1148 
6 2 1150 1148 
10 2 0 1151 
9 3 0 1152 1151 
6 2 1153 1151 
10 2 0 1154 
9 3 0 1155 1154 
6 2 1156 1154 
10 2 0 1157 
9 3 0 1158 1157 
6 2 1159 1157 
10 2 0 1160 
9 3 0 1161 1160 
6 2 1162 1160 
10 2 0 1163 
9 3 0 1164 1163 
6 2 1165 1163 
10 2 0 1166 
11 8 1146 1149 1152 1155 1158 1161 1164 1167 
1 0 
1 0 
1 0 
1 0 
1 0 
1 0 
1 0 
1 0 
1 0 
1 0 
2 2 0 1169 
3 1 1179 
4 2 0 1178 
3 1 1181 
5 3 0 1170 1180 
6 2 1183 1180 
7 3 0 1177 1182 
6 2 1185 1182 
5 3 0 1171 1184 
6 2 1187 1184 
7 3 0 1176 1186 
6 2 1189 1186 
5 3 0 1172 1188 
6 2 1191 1188 
7 3 0 1175 1190 
6 2 1193 1190 
5 3 0 1173 1192 
6 2 1195 1192 
7 3 0 1174 1194 
6 2 1197 1194 
5 3 0 1174 1196 
6 2 1199 1196 
7 3 0 1173 1198 
6 2 1201 1198 
5 3 0 1175 1200 
6 2 1203 1200 
7 3 0 1172 1202 
6 2 1205 1202 
5 3 0 1176 1204 
6 2 1207 1204 
7 3 0 1171 1206 
6 2 1209 1206 
5 3 0 1177 1208 
6 2 1211 1208 
7 3 0 1170 1210 
6 2 1213 1210 
5 3 0 1178 1212 
6 2 1215 1212 
7 3 0 1169 1214 
6 2 1217 1214 
8 3 1216 1218 0 
9 2 0 1219 
6 2 1220 1219 
10 2 0 1221 
9 3 0 1222 1221 
6 2 1223 1221 
10 2 0 1224 
9 3 0 1225 1224 
6 2 1226 1224 
10 2 0 1227 
9 3 0 1228 1227 
6 2 1229 1227 
10 2 0 1230 
9 3 0 1231 1230 
6 2 1232 1230 
10 2 0 1233 
9 3 0 1234 1233 
6 2 1235 1233 
10 2 0 1236 
9 3 0 1237 1236 
6 2 1238 1236 
10 2 0 1239 
9 3 0 1240 1239 
6 2 1241 1239 
10 2 0 1242 
9 3 0 1243 1242 
6 2 1244 1242 
10 2 0 1245 
11 9 1222 1225 1228 1231 1234 1237 1240 1243 1246 
1 0 
1 0 
1 0 
1 0 
1 0 
1 0 
1 0 
1 0 
1 0 
1 0 
1 0 
2 2 0 1248 
3 1 1259 
4 2 0 1258 
3 1 1261 
5 3 0 1249 1260 
6 2 1263 1260 
7 3 0 1257 1262 
6 2 1265 1262 
5 3 0 1250 1264 
6 2 1267 1264 
7 3 0 1256 1266 
6 2 1269 1266 
5 3 0 1251 1268 
6 2 1271 1268 
7 3 0 1255 1270 
6 2 1273 1270 
5 3 0 1252 1272 
6 2 1275 1272 
7 3 0 1254 1274 
6 2 1277 1274 
5 3 0 1253 1276 
6 2 1279 1276 
7 3 0 1253 1278 
6 2 1281 1278 
5 3 0 1254 1280 
6 2 1283 1280 
7 3 0 1252 1282 
6 2 1285 1282 
5 3 0 1255 1284 
6 2 1287 1284 
7 3 0 1251 1286 
6 2 1289 1286 
5 3 0 1256 1288 
6 2 1291 1288 
7 3 0 1250 1290 
6 2 1293 1290 
5 3 0 1257 1292 
6 2 1295 1292 
7 3 0 1249 1294 
6 2 1297 1294 
5 3 0 1258 1296 
6 2 1299 1296 
7 3 0 1248 1298 
6 2 1301 1298 
8 3 1300 1302 0 
9 2 0 1303 
6 2 1304 1303 
10 2 0 1305 
9 3 0 1306 1305 
6 2 1307 1305 
10 2 0 1308 
9 3 0 1309 1308 
6 2 1310 1308 
10 2 0 1311 
9 3 0 1312 1311 
6 2 1313 1311 
10 2 0 1314 
9 3 0 1315 1314 
6 2 1316 1314 
10 2 0 1317 
9 3 0 1318 1317 
6 2 1319 1317 
10 2 0 1320 
9 3 0 1321 1320 
6 2 1322 1320 
10 2 0 1323 
9 3 0 1324 1323 
6 2 1325 1323 
10 2 0 1326 
9 3 0 1327 1326 
6 2 1328 1326 
10 2 0 1329 
9 3 0 1330 1329 
6 2 1331 1329 
10 2 0 1332 
11 10 1306 1309 1312 1315 1318 1321 1324 1327 1330 1333 
1 0 
1 0 
1 0 
1 0 
1 0 
1 0 
1 0 
1 0 
1 0 
1 0 
1 0 
1 0 
1 0 
1 0 
1 0 
1 0 
1 0 
2 2 0 1335 
3 1 1352 
4 2 0 1351 
3 1 1354 
5 3 0 1336 1353 
6 2 1356 1353 
7 3 0 1350 1355 
6 2 1358 1355 
5 3 0 1337 1357 
6 2 1360 1357 
7 3 0 1349 1359 
6 2 1362 1359 
5 3 0 1338 1361 
6 2 1364 1361 
7 3 0 1348 1363 
6 2 1366 1363 
5 3 0 1339 1365 
6 2 1368 1365 
7 3 0 1347 1367 
6 2 1370 1367 
5 3 0 1340 1369 
6 2 1372 1369 
7 3 0 1346 1371 
6 2 1374 1371 
5 3 0 1341 1373 
6 2 1376 1373 
7 3 0 1345 1375 
6 2 1378 1375 
5 3 0 1342 1377 
6 2 1380 1377 
7 3 0 1344 1379 
6 2 1382 1379 
5 3 0 1343 1381 
6 2 1384 1381 
7 3 0 1343 1383 
6 2 1386 1383 
5 3 0 1344 1385 
6 2 1388 1385 
7 3 0 1342 1387 
6 2 1390 1387 
5 3 0 1345 1389 
6 2 1392 1389 
7 3 0 1341 1391 
6 2 1394 1391 
5 3 0 1346 1393 
6 2 1396 1393 
7 3 0 1340 1395 
6 2 1398 1395 
5 3 0 1347 1397 
6 2 1400 1397 
7 3 0 1339 1399 
6 2 1402 1399 
5 3 0 1348 1401 
6 2 1404 1401 
7 3 0 1338 1403 
6 2 1406 1403 
5 3 0 1349 1405 
6 2 1408 1405 
7 3 0 1337 1407 
6 2 1410 1407 
5 3 0 1350 1409 
6 2 1412 1409 
7 3 0 1336 1411 
6 2 1414 1411 
5 3 0 1351 1413 
6 2 1416 1413 
7 3 0 1335 1415 
6 2 1418 1415 
8 3 1417 1419 0 
9 2 0 1420 
6 2 1421 1420 
10 2 0 1422 
9 3 0 1423 1422 
6 2 1424 1422 
10 2 0 1425 
9 3 0 1426 1425 
6 2 1427 1425 
10 2 0 1428 
9 3 0 1429 1428 
6 2 1430 1428 
10 2 0 1431 
9 3 0 1432 1431 
6 2 1433 1431 
10 2 0 1434 
9 3 0 1435 1434 
6 2 1436 1434 
10 2 0 1437 
9 3 0 1438 1437 
6 2 1439 1437 
10 2 0 1440 
9 3 0 1441 1440 
6 2 1442 1440 
10 2 0 1443 
9 3 0 1444 1443 
6 2 1445 1443 
10 2 0 1446 
9 3 0 1447 1446 
6 2 1448 1446 
10 2 0 1449 
9 3 0 1450 1449 
6 2 1451 1449 
10 2 0 1452 
9 3 0 1453 1452 
6 2 1454 1452 
10 2 0 1455 
9 3 0 1456 1455 
6 2 1457 1455 
10 2 0 1458 
9 3 0 1459 1458 
6 2 1460 1458 
10 2 0 1461 
9 3 0 1462 1461 
6 2 1463 1461 
10 2 0 1464 
9 3 0 1465 1464 
6 2 1466 1464 
10 2 0 1467 
11 16 1423 1426 1429 1432 1435 1438 1441 1444 1447 1450 1453 1456 1459 1462 1465 1468 
1 0 
1 0 
1 0 
1 0 
1 0 
1 0 
1 0 
1 0 
2 2 0 1470 
3 1 1478 
4 2 0 1477 
3 1 1480 
5 3 0 1471 1479 
6 2 1482 1479 
7 3 0 1476 1481 
6 2 1484 1481 
5 3 0 1472 1483 
6 2 1486 1483 
7 3 0 1475 1485 
6 2 1488 1485 
5 3 0 1473 1487 
6 2 1490 1487 
7 3 0 1474 1489 
6 2 1492 1489 
5 3 0 1474 1491 
6 2 1494 1491 
7 3 0 1473 1493 
6 2 1496 1493 
5 3 0 1475 1495 
6 2 1498 1495 
7 3 0 1472 1497 
6 2 1500 1497 
5 3 0 1476 1499 
6 2 1502 1499 
7 3 0 1471 1501 
6 2 1504 1501 
5 3 0 1477 1503 
6 2 1506 1503 
7 3 0 1470 1505 
6 2 1508 1505 
8 3 1507 1509 0 
9 2 0 1510 
6 2 1511 1510 
10 2 0 1512 
9 3 0 1513 1512 
6 2 1514 1512 
10 2 0 1515 
9 3 0 1516 1515 
6 2 1517 1515 
10 2 0 1518 
9 3 0 1519 1518 
6 2 1520 1518 
10 2 0 1521 
9 3 0 1522 1521 
6 2 1523 1521 
10 2 0 1524 
9 3 0 1525 1524 
6 2 1526 1524 
10 2 0 1527 
9 3 0 1528 1527 
6 2 1529 1527 
10 2 0 1530 
11 7 1513 1516 1519 1522 1525 1528 1531 
1 0 
1 0 
1 0 
1 0 
1 0 
1 0 
2 2 0 1533 
3 1 1539 
4 2 0 1538 
3 1 1541 
5 3 0 1534 1540 
6 2 1543 1540 
7 3 0 1537 1542 
6 2 1545 1542 
5 3 0 1535 1544 
6 2 1547 1544 
7 3 0 1536 1546 
6 2 1549 1546 
5 3 0 1536 1548 
6 2 1551 1548 
7 3 0 1535 1550 
6 2 1553 1550 
5 3 0 1537 1552 
6 2 1555 1552 
7 3 0 1534 1554 
6 2 1557 1554 
5 3 0 1538 1556 
6 2 1559 1556 
7 3 0 1533 1558 
6 2 1561 1558 
8 3 1560 1562 0 
9 2 0 1563 
6 2 1564 1563 
10 2 0 1565 
9 3 0 1566 1565 
6 2 1567 1565 
10 2 0 1568 
9 3 0 1569 1568 
6 2 1570 1568 
10 2 0 1571 
9 3 0 1572 1571 
6 2 1573 1571 
10 2 0 1574 
9 3 0 1575 1574 
6 2 1576 1574 
10 2 0 1577 
11 5 1566 1569 1572 1575 1578 
1 0 
1 0 
1 0 
1 0 
1 0 
1 0 
1 0 
1 0 
1 0 
2 2 0 1580 
3 1 1589 
4 2 0 1588 
3 1 1591 
5 3 0 1581 1590 
6 2 1593 1590 
7 3 0 1587 1592 
6 2 1595 1592 
5 3 0 1582 1594 
6 2 1597 1594 
7 3 0 1586 1596 
6 2 1599 1596 
5 3 0 1583 1598 
6 2 1601 1598 
7 3 0 1585 1600 
6 2 1603 1600 
5 3 0 1584 1602 
6 2 1605 1602 
7 3 0 1584 1604 
6 2 1607 1604 
5 3 0 1585 1606 
6 2 1609 1606 
7 3 0 1583 1608 
6 2 1611 1608 
5 3 0 1586 1610 
6 2 1613 1610 
7 3 0 1582 1612 
6 2 1615 1612 
5 3 0 1587 1614 
6 2 1617 1614 
7 3 0 1581 1616 
6 2 1619 1616 
5 3 0 1588 1618 
6 2 1621 1618 
7 3 0 1580 1620 
6 2 1623 1620 
8 3 1622 1624 0 
9 2 0 1625 
6 2 1626 1625 
10 2 0 1627 
9 3 0 1628 1627 
6 2 1629 1627 
10 2 0 1630 
9 3 0 1631 1630 
6 2 1632 1630 
10 2 0 1633 
9 3 0 1634 1633 
6 2 1635 1633 
10 2 0 1636 
9 3 0 1637 1636 
6 2 1638 1636 
10 2 0 1639 
9 3 0 1640 1639 
6 2 1641 1639 
10 2 0 1642 
9 3 0 1643 1642 
6 2 1644 1642 
10 2 0 1645 
9 3 0 1646 1645 
6 2 1647 1645 
10 2 0 1648 
11 8 1628 1631 1634 1637 1640 1643 1646 1649 
1 0 
1 0 
1 0 
1 0 
1 0 
1 0 
1 0 
1 0 
2 2 0 1651 
3 1 1659 
4 2 0 1658 
3 1 1661 
5 3 0 1652 1660 
6 2 1663 1660 
7 3 0 1657 1662 
6 2 1665 1662 
5 3 0 1653 1664 
6 2 1667 1664 
7 3 0 1656 1666 
6 2 1669 1666 
5 3 0 1654 1668 
6 2 1671 1668 
7 3 0 1655 1670 
6 2 1673 1670 
5 3 0 1655 1672 
6 2 1675 1672 
7 3 0 1654 1674 
6 2 1677 1674 
5 3 0 1656 1676 
6 2 1679 1676 
7 3 0 1653 1678 
6 2 1681 1678 
5 3 0 1657 1680 
6 2 1683 1680 
7 3 0 1652 1682 
6 2 1685 1682 
5 3 0 1658 1684 
6 2 1687 1684 
7 3 0 1651 1686 
6 2 1689 1686 
8 3 1688 1690 0 
9 2 0 1691 
6 2 1692 1691 
10 2 0 1693 
9 3 0 1694 1693 
6 2 1695 1693 
10 2 0 1696 
9 3 0 1697 1696 
6 2 1698 1696 
10 2 0 1699 
9 3 0 1700 1699 
6 2 1701 1699 
10 2 0 1702 
9 3 0 1703 1702 
6 2 1704 1702 
10 2 0 1705 
9 3 0 1706 1705 
6 2 1707 1705 
10 2 0 1708 
9 3 0 1709 1708 
6 2 1710 1708 
10 2 0 1711 
11 7 1694 1697 1700 1703 1706 1709 1712 
1 0 
1 0 
1 0 
1 0 
1 0 
1 0 
1 0 
1 0 
1 0 
2 2 0 1714 
3 1 1723 
4 2 0 1722 
3 1 1725 
5 3 0 1715 1724 
6 2 1727 1724 
7 3 0 1721 1726 
6 2 1729 1726 
5 3 0 1716 1728 
6 2 1731 1728 
7 3 0 1720 1730 
6 2 1733 1730 
5 3 0 1717 1732 
6 2 1735 1732 
7 3 0 1719 1734 
6 2 1737 1734 
5 3 0 1718 1736 
6 2 1739 1736 
7 3 0 1718 1738 
6 2 1741 1738 
5 3 0 1719 1740 
6 2 1743 1740 
7 3 0 1717 1742 
6 2 1745 1742 
5 3 0 1720 1744 
6 2 1747 1744 
7 3 0 1716 1746 
6 2 1749 1746 
5 3 0 1721 1748 
6 2 1751 1748 
7 3 0 1715 1750 
6 2 1753 1750 
5 3 0 1722 1752 
6 2 1755 1752 
7 3 0 1714 1754 
6 2 1757 1754 
8 3 1756 1758 0 
9 2 0 1759 
6 2 1760 1759 
10 2 0 1761 
9 3 0 1762 1761 
6 2 1763 1761 
10 2 0 1764 
9 3 0 1765 1764 
6 2 1766 1764 
10 2 0 1767 
9 3 0 1768 1767 
6 2 1769 1767 
10 2 0 1770 
9 3 0 1771 1770 
6 2 1772 1770 
10 2 0 1773 
9 3 0 1774 1773 
6 2 1775 1773 
10 2 0 1776 
9 3 0 1777 1776 
6 2 1778 1776 
10 2 0 1779 
9 3 0 1780 1779 
6 2 1781 1779 
10 2 0 1782 
11 8 1762 1765 1768 1771 1774 1777 1780 1783 
1 0 
1 0 
1 0 
1 0 
1 0 
1 0 
1 0 
1 0 
2 2 0 1785 
3 1 1793 
4 2 0 1792 
3 1 1795 
5 3 0 1786 1794 
6 2 1797 1794 
7 3 0 1791 1796 
6 2 1799 1796 
5 3 0 1787 1798 
6 2 1801 1798 
7 3 0 1790 1800 
6 2 1803 1800 
5 3 0 1788 1802 
6 2 1805 1802 
7 3 0 1789 1804 
6 2 1807 1804 
5 3 0 1789 1806 
6 2 1809 1806 
7 3 0 1788 1808 
6 2 1811 1808 
5 3 0 1790 1810 
6 2 1813 1810 
7 3 0 1787 1812 
6 2 1815 1812 
5 3 0 1791 1814 
6 2 1817 1814 
7 3 0 1786 1816 
6 2 1819 1816 
5 3 0 1792 1818 
6 2 1821 1818 
7 3 0 1785 1820 
6 2 1823 1820 
8 3 1822 1824 0 
9 2 0 1825 
6 2 1826 1825 
10 2 0 1827 
9 3 0 1828 1827 
6 2 1829 1827 
10 2 0 1830 
9 3 0 1831 1830 
6 2 1832 1830 
10 2 0 1833 
9 3 0 1834 1833 
6 2 1835 1833 
10 2 0 1836 
9 3 0 1837 1836 
6 2 1838 1836 
10 2 0 1839 
9 3 0 1840 1839 
6 2 1841 1839 
10 2 0 1842 
9 3 0 1843 1842 
6 2 1844 1842 
10 2 0 1845 
11 7 1828 1831 1834 1837 1840 1843 1846 
1 0 
1 0 
1 0 
1 0 
1 0 
1 0 
1 0 
1 0 
1 0 
1 0 
1 0 
1 0 
1 0 
1 0 
1 0 
1 0 
1 0 
1 0 
2 2 0 1848 
3 1 1866 
4 2 0 1865 
3 1 1868 
5 3 0 1849 1867 
6 2 1870 1867 
7 3 0 1864 1869 
6 2 1872 1869 
5 3 0 1850 1871 
6 2 1874 1871 
7 3 0 1863 1873 
6 2 1876 1873 
5 3 0 1851 1875 
6 2 1878 1875 
7 3 0 1862 1877 
6 2 1880 1877 
5 3 0 1852 1879 
6 2 1882 1879 
7 3 0 1861 1881 
6 2 1884 1881 
5 3 0 1853 1883 
6 2 1886 1883 
7 3 0 1860 1885 
6 2 1888 1885 
5 3 0 1854 1887 
6 2 1890 1887 
7 3 0 1859 1889 
6 2 1892 1889 
5 3 0 1855 1891 
6 2 1894 1891 
7 3 0 1858 1893 
6 2 1896 1893 
5 3 0 1856 1895 
6 2 1898 1895 
7 3 0 1857 1897 
6 2 1900 1897 
5 3 0 1857 1899 
6 2 1902 1899 
7 3 0 1856 1901 
6 2 1904 1901 
5 3 0 1858 1903 
6 2 1906 1903 
7 3 0 1855 1905 
6 2 1908 1905 
5 3 0 1859 1907 
6 2 1910 1907 
7 3 0 1854 1909 
6 2 1912 1909 
5 3 0 1860 1911 
6 2 1914 1911 
7 3 0 1853 1913 
6 2 1916 1913 
5 3 0 1861 1915 
6 2 1918 1915 
7 3 0 1852 1917 
6 2 1920 1917 
5 3 0 1862 1919 
6 2 1922 1919 
7 3 0 1851 1921 
6 2 1924 1921 
5 3 0 1863 1923 
6 2 1926 1923 
7 3 0 1850 1925 
6 2 1928 1925 
5 3 0 1864 1927 
6 2 1930 1927 
7 3 0 1849 1929 
6 2 1932 1929 
5 3 0 1865 1931 
6 2 1934 1931 
7 3 0 1848 1933 
6 2 1936 1933 
8 3 1935 1937 0 
9 2 0 1938 
6 2 1939 1938 
10 2 0 1940 
9 3 0 1941 1940 
6 2 1942 1940 
10 2 0 1943 
9 3 0 1944 1943 
6 2 1945 1943 
10 2 0 1946 
9 3 0 1947 1946 
6 2 1948 1946 
10 2 0 1949 
9 3 0 1950 1949 
6 2 1951 1949 
10 2 0 1952 
9 3 0 1953 1952 
6 2 1954 1952 
10 2 0 1955 
9 3 0 1956 1955 
6 2 1957 1955 
10 2 0 1958 
9 3 0 1959 1958 
6 2 1960 1958 
10 2 0 1961 
9 3 0 1962 1961 
6 2 1963 1961 
10 2 0 1964 
9 3 0 1965 1964 
6 2 1966 1964 
10 2 0 1967 
9 3 0 1968 1967 
6 2 1969 1967 
10 2 0 1970 
9 3 0 1971 1970 
6 2 1972 1970 
10 2 0 1973 
9 3 0 1974 1973 
6 2 1975 1973 
10 2 0 1976 
9 3 0 1977 1976 
6 2 1978 1976 
10 2 0 1979 
9 3 0 1980 1979 
6 2 1981 1979 
10 2 0 1982 
9 3 0 1983 1982 
6 2 1984 1982 
10 2 0 1985 
9 3 0 1986 1985 
6 2 1987 1985 
10 2 0 1988 
11 17 1941 1944 1947 1950 1953 1956 1959 1962 1965 1968 1971 1974 1977 1980 1983 1986 1989 
1 0 
1 0 
1 0 
1 0 
1 0 
1 0 
2 2 0 1991 
3 1 1997 
4 2 0 1996 
3 1 1999 
5 3 0 1992 1998 
6 2 2001 1998 
7 3 0 1995 2000 
6 2 2003 2000 
5 3 0 1993 2002 
6 2 2005 2002 
7 3 0 1994 2004 
6 2 2007 2004 
5 3 0 1994 2006 
6 2 2009 2006 
7 3 0 1993 2008 
6 2 2011 2008 
5 3 0 1995 2010 
6 2 2013 2010 
7 3 0 1992 2012 
6 2 2015 2012 
5 3 0 1996 2014 
6 2 2017 2014 
7 3 0 1991 2016 
6 2 2019 2016 
8 3 2018 2020 0 
9 2 0 2021 
6 2 2022 2021 
10 2 0 2023 
9 3 0 2024 2023 
6 2 2025 2023 
10 2 0 2026 
9 3 0 2027 2026 
6 2 2028 2026 
10 2 0 2029 
9 3 0 2030 2029 
6 2 2031 2029 
10 2 0 2032 
9 3 0 2033 2032 
6 2 2034 2032 
10 2 0 2035 
11 5 2024 2027 2030 2033 2036 
1 0 
1 0 
1 0 
1 0 
1 0 
1 0 
1 0 
1 0 
1 0 
1 0 
1 0 
1 0 
1 0 
1 0 
1 0 
2 2 0 2038 
3 1 2053 
4 2 0 2052 
3 1 2055 
5 3 0 2039 2054 
6 2 2057 2054 
7 3 0 2051 2056 
6 2 2059 2056 
5 3 0 2040 2058 
6 2 2061 2058 
7 3 0 2050 2060 
6 2 2063 2060 
5 3 0 2041 2062 
6 2 2065 2062 
7 3 0 2049 2064 
6 2 2067 2064 
5 3 0 2042 2066 
6 2 2069 2066 
7 3 0 2048 2068 
6 2 2071 2068 
5 3 0 2043 2070 
6 2 2073 2070 
7 3 0 2047 2072 
6 2 2075 2072 
5 3 0 2044 2074 
6 2 2077 2074 
7 3 0 2046 2076 
6 2 2079 2076 
5 3 0 2045 2078 
6 2 2081 2078 
7 3 0 2045 2080 
6 2 2083 2080 
5 3 0 2046 2082 
6 2 2085 2082 
7 3 0 2044 2084 
6 2 2087 2084 
5 3 0 2047 2086 
6 2 2089 2086 
7 3 0 2043 2088 
6 2 2091 2088 
5 3 0 2048 2090 
6 2 2093 2090 
7 3 0 2042 2092 
6 2 2095 2092 
5 3 0 2049 2094 
6 2 2097 2094 
7 3 0 2041 2096 
6 2 2099 2096 
5 3 0 2050 2098 
6 2 2101 2098 
7 3 0 2040 2100 
6 2 2103 2100 
5 3 0 2051 2102 
6 2 2105 2102 
7 3 0 2039 2104 
6 2 2107 2104 
5 3 0 2052 2106 
6 2 2109 2106 
7 3 0 2038 2108 
6 2 2111 2108 
8 3 2110 2112 0 
9 2 0 2113 
6 2 2114 2113 
10 2 0 2115 
9 3 0 2116 2115 
6 2 2117 2115 
10 2 0 2118 
9 3 0 2119 2118 
6 2 2120 2118 
10 2 0 2121 
9 3 0 2122 2121 
6 2 2123 2121 
10 2 0 2124 
9 3 0 2125 2124 
6 2 2126 2124 
10 2 0 2127 
9 3 0 2128 2127 
6 2 2129 2127 
10 2 0 2130 
9 3 0 2131 2130 
6 2 2132 2130 
10 2 0 2133 
9 3 0 2134 2133 
6 2 2135 2133 
10 2 0 2136 
9 3 0 2137 2136 
6 2 2138 2136 
10 2 0 2139 
9 3 0 2140 2139 
6 2 2141 2139 
10 2 0 2142 
9 3 0 2143 2142 
6 2 2144 2142 
10 2 0 2145 
9 3 0 2146 2145 
6 2 2147 2145 
10 2 0 2148 
9 3 0 2149 2148 
6 2 2150 2148 
10 2 0 2151 
9 3 0 2152 2151 
6 2 2153 2151 
10 2 0 2154 
11 14 2116 2119 2122 2125 2128 2131 2134 2137 2140 2143 2146 2149 2152 2155 
1 0 
1 0 
1 0 
1 0 
1 0 
1 0 
1 0 
2 2 0 2157 
3 1 2164 
4 2 0 2163 
3 1 2166 
5 3 0 2158 2165 
6 2 2168 2165 
7 3 0 2162 2167 
6 2 2170 2167 
5 3 0 2159 2169 
6 2 2172 2169 
7 3 0 2161 2171 
6 2 2174 2171 
5 3 0 2160 2173 
6 2 2176 2173 
7 3 0 2160 2175 
6 2 2178 2175 
5 3 0 2161 2177 
6 2 2180 2177 
7 3 0 2159 2179 
6 2 2182 2179 
5 3 0 2162 2181 
6 2 2184 2181 
7 3 0 2158 2183 
6 2 2186 2183 
5 3 0 2163 2185 
6 2 2188 2185 
7 3 0 2157 2187 
6 2 2190 2187 
8 3 2189 2191 0 
9 2 0 2192 
6 2 2193 2192 
10 2 0 2194 
9 3 0 2195 2194 
6 2 2196 2194 
10 2 0 2197 
9 3 0 2198 2197 
6 2 2199 2197 
10 2 0 2200 
9 3 0 2201 2200 
6 2 2202 2200 
10 2 0 2203 
9 3 0 2204 2203 
6 2 2205 2203 
10 2 0 2206 
9 3 0 2207 2206 
6 2 2208 2206 
10 2 0 2209 
11 6 2195 2198 2201 2204 2207 2210 
1 0 
1 0 
1 0 
1 0 
1 0 
1 0 
2 2 0 2212 
3 1 2218 
4 2 0 2217 
3 1 2220 
5 3 0 2213 2219 
6 2 2222 2219 
7 3 0 2216 2221 
6 2 2224 2221 
5 3 0 2214 2223 
6 2 2226 2223 
7 3 0 2215 2225 
6 2 2228 2225 
5 3 0 2215 2227 
6 2 2230 2227 
7 3 0 2214 2229 
6 2 2232 2229 
5 3 0 2216 2231 
6 2 2234 2231 
7 3 0 2213 2233 
6 2 2236 2233 
5 3 0 2217 2235 
6 2 2238 2235 
7 3 0 2212 2237 
6 2 2240 2237 
8 3 2239 2241 0 
9 2 0 2242 
6 2 2243 2242 
10 2 0 2244 
9 3 0 2245 2244 
6 2 2246 2244 
10 2 0 2247 
9 3 0 2248 2247 
6 2 2249 2247 
10 2 0 2250 
9 3 0 2251 2250 
6 2 2252 2250 
10 2 0 2253 
9 3 0 2254 2253 
6 2 2255 2253 
10 2 0 2256 
11 5 2245 2248 2251 2254 2257 
1 0 
1 0 
1 0 
1 0 
1 0 
1 0 
1 0 
1 0 
1 0 
1 0 
1 0 
1 0 
1 0 
2 2 0 2259 
3 1 2272 
4 2 0 2271 
3 1 2274 
5 3 0 2260 2273 
6 2 2276 2273 
7 3 0 2270 2275 
6 2 2278 2275 
5 3 0 2261 2277 
6 2 2280 2277 
7 3 0 2269 2279 
6 2 2282 2279 
5 3 0 2262 2281 
6 2 2284 2281 
7 3 0 2268 2283 
6 2 2286 2283 
5 3 0 2263 2285 
6 2 2288 2285 
7 3 0 2267 2287 
6 2 2290 2287 
5 3 0 2264 2289 
6 2 2292 2289 
7 3 0 2266 2291 
6 2 2294 2291 
5 3 0 2265 2293 
6 2 2296 2293 
7 3 0 2265 2295 
6 2 2298 2295 
5 3 0 2266 2297 
6 2 2300 2297 
7 3 0 2264 2299 
6 2 2302 2299 
5 3 0 2267 2301 
6 2 2304 2301 
7 3 0 2263 2303 
6 2 2306 2303 
5 3 0 2268 2305 
6 2 2308 2305 
7 3 0 2262 2307 
6 2 2310 2307 
5 3 0 2269 2309 
6 2 2312 2309 
7 3 0 2261 2311 
6 2 2314 2311 
5 3 0 2270 2313 
6 2 2316 2313 
7 3 0 2260 2315 
6 2 2318 2315 
5 3 0 2271 2317 
6 2 2320 2317 
7 3 0 2259 2319 
6 2 2322 2319 
8 3 2321 2323 0 
9 2 0 2324 
6 2 2325 2324 
10 2 0 2326 
9 3 0 2327 2326 
6 2 2328 2326 
10 2 0 2329 
9 3 0 2330 2329 
6 2 2331 2329 
10 2 0 2332 
9 3 0 2333 2332 
6 2 2334 2332 
10 2 0 2335 
9 3 0 2336 2335 
6 2 2337 2335 
10 2 0 2338 
9 3 0 2339 2338 
6 2 2340 2338 
10 2 0 2341 
9 3 0 2342 2341 
6 2 2343 2341 
10 2 0 2344 
9 3 0 2345 2344 
6 2 2346 2344 
10 2 0 2347 
9 3 0 2348 2347 
6 2 2349 2347 
10 2 0 2350 
9 3 0 2351 2350 
6 2 2352 2350 
10 2 0 2353 
9 3 0 2354 2353 
6 2 2355 2353 
10 2 0 2356 
9 3 0 2357 2356 
6 2 2358 2356 
10 2 0 2359 
11 12 2327 2330 2333 2336 2339 2342 2345 2348 2351 2354 2357 2360 
1 0 
1 0 
1 0 
1 0 
1 0 
1 0 
1 0 
1 0 
1 0 
1 0 
1 0 
2 2 0 2362 
3 1 2373 
4 2 0 2372 
3 1 2375 
5 3 0 2363 2374 
6 2 2377 2374 
7 3 0 2371 2376 
6 2 2379 2376 
5 3 0 2364 2378 
6 2 2381 2378 
7 3 0 2370 2380 
6 2 2383 2380 
5 3 0 2365 2382 
6 2 2385 2382 
7 3 0 2369 2384 
6 2 2387 2384 
5 3 0 2366 2386 
6 2 2389 2386 
7 3 0 2368 2388 
6 2 2391 2388 
5 3 0 2367 2390 
6 2 2393 2390 
7 3 0 2367 2392 
6 2 2395 2392 
5 3 0 2368 2394 
6 2 2397 2394 
7 3 0 2366 2396 
6 2 2399 2396 
5 3 0 2369 2398 
6 2 2401 2398 
7 3 0 2365 2400 
6 2 2403 2400 
5 3 0 2370 2402 
6 2 2405 2402 
7 3 0 2364 2404 
6 2 2407 2404 
5 3 0 2371 2406 
6 2 2409 2406 
7 3 0 2363 2408 
6 2 2411 2408 
5 3 0 2372 2410 
6 2 2413 2410 
7 3 0 2362 2412 
6 2 2415 2412 
8 3 2414 2416 0 
9 2 0 2417 
6 2 2418 2417 
10 2 0 2419 
9 3 0 2420 2419 
6 2 2421 2419 
10 2 0 2422 
9 3 0 2423 2422 
6 2 2424 2422 
10 2 0 2425 
9 3 0 2426 2425 
6 2 2427 2425 
10 2 0 2428 
9 3 0 2429 2428 
6 2 2430 2428 
10 2 0 2431 
9 3 0 2432 2431 
6 2 2433 2431 
10 2 0 2434 
9 3 0 2435 2434 
6 2 2436 2434 
10 2 0 2437 
9 3 0 2438 2437 
6 2 2439 2437 
10 2 0 2440 
9 3 0 2441 2440 
6 2 2442 2440 
10 2 0 2443 
9 3 0 2444 2443 
6 2 2445 2443 
10 2 0 2446 
11 10 2420 2423 2426 2429 2432 2435 2438 2441 2444 2447 
1 0 
1 0 
1 0 
1 0 
1 0 
1 0 
1 0 
2 2 0 2449 
3 1 2456 
4 2 0 2455 
3 1 2458 
5 3 0 2450 2457 
6 2 2460 2457 
7 3 0 2454 2459 
6 2 2462 2459 
5 3 0 2451 2461 
6 2 2464 2461 
7 3 0 2453 2463 
6 2 2466 2463 
5 3 0 2452 2465 
6 2 2468 2465 
7 3 0 2452 2467 
6 2 2470 2467 
5 3 0 2453 2469 
6 2 2472 2469 
7 3 0 2451 2471 
6 2 2474 2471 
5 3 0 2454 2473 
6 2 2476 2473 
7 3 0 2450 2475 
6 2 2478 2475 
5 3 0 2455 2477 
6 2 2480 2477 
7 3 0 2449 2479 
6 2 2482 2479 
8 3 2481 2483 0 
9 2 0 2484 
6 2 2485 2484 
10 2 0 2486 
9 3 0 2487 2486 
6 2 2488 2486 
10 2 0 2489 
9 3 0 2490 2489 
6 2 2491 2489 
10 2 0 2492 
9 3 0 2493 2492 
6 2 2494 2492 
10 2 0 2495 
9 3 0 2496 2495 
6 2 2497 2495 
10 2 0 2498 
9 3 0 2499 2498 
6 2 2500 2498 
10 2 0 2501 
11 6 2487 2490 2493 2496 2499 2502 
1 0 
1 0 
1 0 
1 0 
1 0 
1 0 
1 0 
1 0 
1 0 
2 2 0 2504 
3 1 2513 
4 2 0 2512 
3 1 2515 
5 3 0 2505 2514 
6 2 2517 2514 
7 3 0 2511 2516 
6 2 2519 2516 
5 3 0 2506 2518 
6 2 2521 2518 
7 3 0 2510 2520 
6 2 2523 2520 
5 3 0 2507 2522 
6 2 2525 2522 
7 3 0 2509 2524 
6 2 2527 2524 
5 3 0 2508 2526 
6 2 2529 2526 
7 3 0 2508 2528 
6 2 2531 2528 
5 3 0 2509 2530 
6 2 2533 2530 
7 3 0 2507 2532 
6 2 2535 2532 
5 3 0 2510 2534 
6 2 2537 2534 
7 3 0 2506 2536 
6 2 2539 2536 
5 3 0 2511 2538 
6 2 2541 2538 
7 3 0 2505 2540 
6 2 2543 2540 
5 3 0 2512 2542 
6 2 2545 2542 
7 3 0 2504 2544 
6 2 2547 2544 
8 3 2546 2548 0 
9 2 0 2549 
6 2 2550 2549 
10 2 0 2551 
9 3 0 2552 2551 
6 2 2553 2551 
10 2 0 2554 
9 3 0 2555 2554 
6 2 2556 2554 
10 2 0 2557 
9 3 0 2558 2557 
6 2 2559 2557 
10 2 0 2560 
9 3 0 2561 2560 
6 2 2562 2560 
10 2 0 2563 
9 3 0 2564 2563 
6 2 2565 2563 
10 2 0 2566 
9 3 0 2567 2566 
6 2 2568 2566 
10 2 0 2569 
9 3 0 2570 2569 
6 2 2571 2569 
10 2 0 2572 
11 8 2552 2555 2558 2561 2564 2567 2570 2573 
1 0 
1 0 
1 0 
1 0 
1 0 
1 0 
1 0 
1 0 
1 0 
1 0 
1 0 
1 0 
1 0 
2 2 0 2575 
3 1 2588 
4 2 0 2587 
3 1 2590 
5 3 0 2576 2589 
6 2 2592 2589 
7 3 0 2586 2591 
6 2 2594 2591 
5 3 0 2577 2593 
6 2 2596 2593 
7 3 0 2585 2595 
6 2 2598 2595 
5 3 0 2578 2597 
6 2 2600 2597 
7 3 0 2584 2599 
6 2 2602 2599 
5 3 0 2579 2601 
6 2 2604 2601 
7 3 0 2583 2603 
6 2 2606 2603 
5 3 0 2580 2605 
6 2 2608 2605 
7 3 0 2582 2607 
6 2 2610 2607 
5 3 0 2581 2609 
6 2 2612 2609 
7 3 0 2581 2611 
6 2 2614 2611 
5 3 0 2582 2613 
6 2 2616 2613 
7 3 0 2580 2615 
6 2 2618 2615 
5 3 0 2583 2617 
6 2 2620 2617 
7 3 0 2579 2619 
6 2 2622 2619 
5 3 0 2584 2621 
6 2 2624 2621 
7 3 0 2578 2623 
6 2 2626 2623 
5 3 0 2585 2625 
6 2 2628 2625 
7 3 0 2577 2627 
6 2 2630 2627 
5 3 0 2586 2629 
6 2 2632 2629 
7 3 0 2576 2631 
6 2 2634 2631 
5 3 0 2587 2633 
6 2 2636 2633 
7 3 0 2575 2635 
6 2 2638 2635 
8 3 2637 2639 0 
9 2 0 2640 
6 2 2641 2640 
10 2 0 2642 
9 3 0 2643 2642 
6 2 2644 2642 
10 2 0 2645 
9 3 0 2646 2645 
6 2 2647 2645 
10 2 0 2648 
9 3 0 2649 2648 
6 2 2650 2648 
10 2 0 2651 
9 3 0 2652 2651 
6 2 2653 2651 
10 2 0 2654 
9 3 0 2655 2654 
6 2 2656 2654 
10 2 0 2657 
9 3 0 2658 2657 
6 2 2659 2657 
10 2 0 2660 
9 3 0 2661 2660 
6 2 2662 2660 
10 2 0 2663 
9 3 0 2664 2663 
6 2 2665 2663 
10 2 0 2666 
9 3 0 2667 2666 
6 2 2668 2666 
10 2 0 2669 
9 3 0 2670 2669 
6 2 2671 2669 
10 2 0 2672 
9 3 0 2673 2672 
6 2 2674 2672 
10 2 0 2675 
11 12 2643 2646 2649 2652 2655 2658 2661 2664 2667 2670 2673 2676 
1 0 
1 0 
1 0 
1 0 
1 0 
1 0 
1 0 
1 0 
1 0 
1 0 
1 0 
1 0 
1 0 
1 0 
1 0 
2 2 0 2678 
3 1 2693 
4 2 0 2692 
3 1 2695 
5 3 0 2679 2694 
6 2 2697 2694 
7 3 0 2691 2696 
6 2 2699 2696 
5 3 0 2680 2698 
6 2 2701 2698 
7 3 0 2690 2700 
6 2 2703 2700 
5 3 0 2681 2702 
6 2 2705 2702 
7 3 0 2689 2704 
6 2 2707 2704 
5 3 0 2682 2706 
6 2 2709 2706 
7 3 0 2688 2708 
6 2 2711 2708 
5 3 0 2683 2710 
6 2 2713 2710 
7 3 0 2687 2712 
6 2 2715 2712 
5 3 0 2684 2714 
6 2 2717 2714 
7 3 0 2686 2716 
6 2 2719 2716 
5 3 0 2685 2718 
6 2 2721 2718 
7 3 0 2685 2720 
6 2 2723 2720 
5 3 0 2686 2722 
6 2 2725 2722 
7 3 0 2684 2724 
6 2 2727 2724 
5 3 0 2687 2726 
6 2 2729 2726 
7 3 0 2683 2728 
6 2 2731 2728 
5 3 0 2688 2730 
6 2 2733 2730 
7 3 0 2682 2732 
6 2 2735 2732 
5 3 0 2689 2734 
6 2 2737 2734 
7 3 0 2681 2736 
6 2 2739 2736 
5 3 0 2690 2738 
6 2 2741 2738 
7 3 0 2680 2740 
6 2 2743 2740 
5 3 0 2691 2742 
6 2 2745 2742 
7 3 0 2679 2744 
6 2 2747 2744 
5 3 0 2692 2746 
6 2 2749 2746 
7 3 0 2678 2748 
6 2 2751 2748 
8 3 2750 2752 0 
9 2 0 2753 
6 2 2754 2753 
10 2 0 2755 
9 3 0 2756 2755 
6 2 2757 2755 
10 2 0 2758 
9 3 0 2759 2758 
6 2 2760 2758 
10 2 0 2761 
9 3 0 2762 2761 
6 2 2763 2761 
10 2 0 2764 
9 3 0 2765 2764 
6 2 2766 2764 
10 2 0 2767 
9 3 0 2768 2767 
6 2 2769 2767 
10 2 0 2770 
9 3 0 2771 2770 
6 2 2772 2770 
10 2 0 2773 
9 3 0 2774 2773 
6 2 2775 2773 
10 2 0 2776 
9 3 0 2777 2776 
6 2 2778 2776 
10 2 0 2779 
9 3 0 2780 2779 
6 2 2781 2779 
10 2 0 2782 
9 3 0 2783 2782 
6 2 2784 2782 
10 2 0 2785 
9 3 0 2786 2785 
6 2 2787 2785 
10 2 0 2788 
9 3 0 2789 2788 
6 2 2790 2788 
10 2 0 2791 
9 3 0 2792 2791 
6 2 2793 2791 
10 2 0 2794 
11 14 2756 2759 2762 2765 2768 2771 2774 2777 2780 2783 2786 2789 2792 2795 
1 0 
1 0 
1 0 
1 0 
1 0 
1 0 
1 0 
1 0 
1 0 
1 0 
2 2 0 2797 
3 1 2807 
4 2 0 2806 
3 1 2809 
5 3 0 2798 2808 
6 2 2811 2808 
7 3 0 2805 2810 
6 2 2813 2810 
5 3 0 2799 2812 
6 2 2815 2812 
7 3 0 2804 2814 
6 2 2817 2814 
5 3 0 2800 2816 
6 2 2819 2816 
7 3 0 2803 2818 
6 2 2821 2818 
5 3 0 2801 2820 
6 2 2823 2820 
7 3 0 2802 2822 
6 2 2825 2822 
5 3 0 2802 2824 
6 2 2827 2824 
7 3 0 2801 2826 
6 2 2829 2826 
5 3 0 2803 2828 
6 2 2831 2828 
7 3 0 2800 2830 
6 2 2833 2830 
5 3 0 2804 2832 
6 2 2835 2832 
7 3 0 2799 2834 
6 2 2837 2834 
5 3 0 2805 2836 
6 2 2839 2836 
7 3 0 2798 2838 
6 2 2841 2838 
5 3 0 2806 2840 
6 2 2843 2840 
7 3 0 2797 2842 
6 2 2845 2842 
8 3 2844 2846 0 
9 2 0 2847 
6 2 2848 2847 
10 2 0 2849 
9 3 0 2850 2849 
6 2 2851 2849 
10 2 0 2852 
9 3 0 2853 2852 
6 2 2854 2852 
10 2 0 2855 
9 3 0 2856 2855 
6 2 2857 2855 
10 2 0 2858 
9 3 0 2859 2858 
6 2 2860 2858 
10 2 0 2861 
9 3 0 2862 2861 
6 2 2863 2861 
10 2 0 2864 
9 3 0 2865 2864 
6 2 2866 2864 
10 2 0 2867 
9 3 0 2868 2867 
6 2 2869 2867 
10 2 0 2870 
9 3 0 2871 2870 
6 2 2872 2870 
10 2 0 2873 
11 9 2850 2853 2856 2859 2862 2865 2868 2871 2874 
1 0 
1 0 
1 0 
1 0 
1 0 
1 0 
2 2 0 2876 
3 1 2882 
4 2 0 2881 
3 1 2884 
5 3 0 2877 2883 
6 2 2886 2883 
7 3 0 2880 2885 
6 2 2888 2885 
5 3 0 2878 2887 
6 2 2890 2887 
7 3 0 2879 2889 
6 2 2892 2889 
5 3 0 2879 2891 
6 2 2894 2891 
7 3 0 2878 2893 
6 2 2896 2893 
5 3 0 2880 2895 
6 2 2898 2895 
7 3 0 2877 2897 
6 2 2900 2897 
5 3 0 2881 2899 
6 2 2902 2899 
7 3 0 2876 2901 
6 2 2904 2901 
8 3 2903 2905 0 
9 2 0 2906 
6 2 2907 2906 
10 2 0 2908 
9 3 0 2909 2908 
6 2 2910 2908 
10 2 0 2911 
9 3 0 2912 2911 
6 2 2913 2911 
10 2 0 2914 
9 3 0 2915 2914 
6 2 2916 2914 
10 2 0 2917 
9 3 0 2918 2917 
6 2 2919 2917 
10 2 0 2920 
11 5 2909 2912 2915 2918 2921 
1 0 
1 0 
1 0 
1 0 
1 0 
1 0 
1 0 
1 0 
2 2 0 2923 
3 1 2931 
4 2 0 2930 
3 1 2933 
5 3 0 2924 2932 
6 2 2935 2932 
7 3 0 2929 2934 
6 2 2937 2934 
5 3 0 2925 2936 
6 2 2939 2936 
7 3 0 2928 2938 
6 2 2941 2938 
5 3 0 2926 2940 
6 2 2943 2940 
7 3 0 2927 2942 
6 2 2945 2942 
5 3 0 2927 2944 
6 2 2947 2944 
7 3 0 2926 2946 
6 2 2949 2946 
5 3 0 2928 2948 
6 2 2951 2948 
7 3 0 2925 2950 
6 2 2953 2950 
5 3 0 2929 2952 
6 2 2955 2952 
7 3 0 2924 2954 
6 2 2957 2954 
5 3 0 2930 2956 
6 2 2959 2956 
7 3 0 2923 2958 
6 2 2961 2958 
8 3 2960 2962 0 
9 2 0 2963 
6 2 2964 2963 
10 2 0 2965 
9 3 0 2966 2965 
6 2 2967 2965 
10 2 0 2968 
9 3 0 2969 2968 
6 2 2970 2968 
10 2 0 2971 
9 3 0 2972 2971 
6 2 2973 2971 
10 2 0 2974 
9 3 0 2975 2974 
6 2 2976 2974 
10 2 0 2977 
9 3 0 2978 2977 
6 2 2979 2977 
10 2 0 2980 
9 3 0 2981 2980 
6 2 2982 2980 
10 2 0 2983 
11 7 2966 2969 2972 2975 2978 2981 2984 
1 0 
1 0 
1 0 
1 0 
1 0 
1 0 
1 0 
1 0 
1 0 
1 0 
1 0 
1 0 
1 0 
2 2 0 2986 
3 1 2999 
4 2 0 2998 
3 1 3001 
5 3 0 2987 3000 
6 2 3003 3000 
7 3 0 2997 3002 
6 2 3005 3002 
5 3 0 2988 3004 
6 2 3007 3004 
7 3 0 2996 3006 
6 2 3009 3006 
5 3 0 2989 3008 
6 2 3011 3008 
7 3 0 2995 3010 
6 2 3013 3010 
5 3 0 2990 3012 
6 2 3015 3012 
7 3 0 2994 3014 
6 2 3017 3014 
5 3 0 2991 3016 
6 2 3019 3016 
7 3 0 2993 3018 
6 2 3021 3018 
5 3 0 2992 3020 
6 2 3023 3020 
7 3 0 2992 3022 
6 2 3025 3022 
5 3 0 2993 3024 
6 2 3027 3024 
7 3 0 2991 3026 
6 2 3029 3026 
5 3 0 2994 3028 
6 2 3031 3028 
7 3 0 2990 3030 
6 2 3033 3030 
5 3 0 2995 3032 
6 2 3035 3032 
7 3 0 2989 3034 
6 2 3037 3034 
5 3 0 2996 3036 
6 2 3039 3036 
7 3 0 2988 3038 
6 2 3041 3038 
5 3 0 2997 3040 
6 2 3043 3040 
7 3 0 2987 3042 
6 2 3045 3042 
5 3 0 2998 3044 
6 2 3047 3044 
7 3 0 2986 3046 
6 2 3049 3046 
8 3 3048 3050 0 
9 2 0 3051 
6 2 3052 3051 
10 2 0 3053 
9 3 0 3054 3053 
6 2 3055 3053 
10 2 0 3056 
9 3 0 3057 3056 
6 2 3058 3056 
10 2 0 3059 
9 3 0 3060 3059 
6 2 3061 3059 
10 2 0 3062 
9 3 0 3063 3062 
6 2 3064 3062 
10 2 0 3065 
9 3 0 3066 3065 
6 2 3067 3065 
10 2 0 3068 
9 3 0 3069 3068 
6 2 3070 3068 
10 2 0 3071 
9 3 0 3072 3071 
6 2 3073 3071 
10 2 0 3074 
9 3 0 3075 3074 
6 2 3076 3074 
10 2 0 3077 
9 3 0 3078 3077 
6 2 3079 3077 
10 2 0 3080 
9 3 0 3081 3080 
6 2 3082 3080 
10 2 0 3083 
9 3 0 3084 3083 
6 2 3085 3083 
10 2 0 3086 
11 12 3054 3057 3060 3063 3066 3069 3072 3075 3078 3081 3084 3087 
1 0 
1 0 
1 0 
1 0 
1 0 
1 0 
1 0 
2 2 0 3089 
3 1 3096 
4 2 0 3095 
3 1 3098 
5 3 0 3090 3097 
6 2 3100 3097 
7 3 0 3094 3099 
6 2 3102 3099 
5 3 0 3091 3101 
6 2 3104 3101 
7 3 0 3093 3103 
6 2 3106 3103 
5 3 0 3092 3105 
6 2 3108 3105 
7 3 0 3092 3107 
6 2 3110 3107 
5 3 0 3093 3109 
6 2 3112 3109 
7 3 0 3091 3111 
6 2 3114 3111 
5 3 0 3094 3113 
6 2 3116 3113 
7 3 0 3090 3115 
6 2 3118 3115 
5 3 0 3095 3117 
6 2 3120 3117 
7 3 0 3089 3119 
6 2 3122 3119 
8 3 3121 3123 0 
9 2 0 3124 
6 2 3125 3124 
10 2 0 3126 
9 3 0 3127 3126 
6 2 3128 3126 
10 2 0 3129 
9 3 0 3130 3129 
6 2 3131 3129 
10 2 0 3132 
9 3 0 3133 3132 
6 2 3134 3132 
10 2 0 3135 
9 3 0 3136 3135 
6 2 3137 3135 
10 2 0 3138 
9 3 0 3139 3138 
6 2 3140 3138 
10 2 0 3141 
11 6 3127 3130 3133 3136 3139 3142 
1 0 
1 0 
1 0 
1 0 
1 0 
1 0 
1 0 
1 0 
1 0 
1 0 
2 2 0 3144 
3 1 3154 
4 2 0 3153 
3 1 3156 
5 3 0 3145 3155 
6 2 3158 3155 
7 3 0 3152 3157 
6 2 3160 3157 
5 3 0 3146 3159 
6 2 3162 3159 
7 3 0 3151 3161 
6 2 3164 3161 
5 3 0 3147 3163 
6 2 3166 3163 
7 3 0 3150 3165 
6 2 3168 3165 
5 3 0 3148 3167 
6 2 3170 3167 
7 3 0 3149 3169 
6 2 3172 3169 
5 3 0 3149 3171 
6 2 3174 3171 
7 3 0 3148 3173 
6 2 3176 3173 
5 3 0 3150 3175 
6 2 3178 3175 
7 3 0 3147 3177 
6 2 3180 3177 
5 3 0 3151 3179 
6 2 3182 3179 
7 3 0 3146 3181 
6 2 3184 3181 
5 3 0 3152 3183 
6 2 3186 3183 
7 3 0 3145 3185 
6 2 3188 3185 
5 3 0 3153 3187 
6 2 3190 3187 
7 3 0 3144 3189 
6 2 3192 3189 
8 3 3191 3193 0 
9 2 0 3194 
6 2 3195 3194 
10 2 0 3196 
9 3 0 3197 3196 
6 2 3198 3196 
10 2 0 3199 
9 3 0 3200 3199 
6 2 3201 3199 
10 2 0 3202 
9 3 0 3203 3202 
6 2 3204 3202 
10 2 0 3205 
9 3 0 3206 3205 
6 2 3207 3205 
10 2 0 3208 
9 3 0 3209 3208 
6 2 3210 3208 
10 2 0 3211 
9 3 0 3212 3211 
6 2 3213 3211 
10 2 0 3214 
9 3 0 3215 3214 
6 2 3216 3214 
10 2 0 3217 
9 3 0 3218 3217 
6 2 3219 3217 
10 2 0 3220 
11 9 3197 3200 3203 3206 3209 3212 3215 3218 3221 
1 0 
1 0 
1 0 
1 0 
1 0 
1 0 
1 0 
1 0 
1 0 
1 0 
1 0 
2 2 0 3223 
3 1 3234 
4 2 0 3233 
3 1 3236 
5 3 0 3224 3235 
6 2 3238 3235 
7 3 0 3232 3237 
6 2 3240 3237 
5 3 0 3225 3239 
6 2 3242 3239 
7 3 0 3231 3241 
6 2 3244 3241 
5 3 0 3226 3243 
6 2 3246 3243 
7 3 0 3230 3245 
6 2 3248 3245 
5 3 0 3227 3247 
6 2 3250 3247 
7 3 0 3229 3249 
6 2 3252 3249 
5 3 0 3228 3251 
6 2 3254 3251 
7 3 0 3228 3253 
6 2 3256 3253 
5 3 0 3229 3255 
6 2 3258 3255 
7 3 0 3227 3257 
6 2 3260 3257 
5 3 0 3230 3259 
6 2 3262 3259 
7 3 0 3226 3261 
6 2 3264 3261 
5 3 0 3231 3263 
6 2 3266 3263 
7 3 0 3225 3265 
6 2 3268 3265 
5 3 0 3232 3267 
6 2 3270 3267 
7 3 0 3224 3269 
6 2 3272 3269 
5 3 0 3233 3271 
6 2 3274 3271 
7 3 0 3223 3273 
6 2 3276 3273 
8 3 3275 3277 0 
9 2 0 3278 
6 2 3279 3278 
10 2 0 3280 
9 3 0 3281 3280 
6 2 3282 3280 
10 2 0 3283 
9 3 0 3284 3283 
6 2 3285 3283 
10 2 0 3286 
9 3 0 3287 3286 
6 2 3288 3286 
10 2 0 3289 
9 3 0 3290 3289 
6 2 3291 3289 
10 2 0 3292 
9 3 0 3293 3292 
6 2 3294 3292 
10 2 0 3295 
9 3 0 3296 3295 
6 2 3297 3295 
10 2 0 3298 
9 3 0 3299 3298 
6 2 3300 3298 
10 2 0 3301 
9 3 0 3302 3301 
6 2 3303 3301 
10 2 0 3304 
9 3 0 3305 3304 
6 2 3306 3304 
10 2 0 3307 
11 10 3281 3284 3287 3290 3293 3296 3299 3302 3305 3308 
1 0 
1 0 
1 0 
1 0 
1 0 
1 0 
1 0 
1 0 
1 0 
1 0 
1 0 
2 2 0 3310 
3 1 3321 
4 2 0 3320 
3 1 3323 
5 3 0 3311 3322 
6 2 3325 3322 
7 3 0 3319 3324 
6 2 3327 3324 
5 3 0 3312 3326 
6 2 3329 3326 
7 3 0 3318 3328 
6 2 3331 3328 
5 3 0 3313 3330 
6 2 3333 3330 
7 3 0 3317 3332 
6 2 3335 3332 
5 3 0 3314 3334 
6 2 3337 3334 
7 3 0 3316 3336 
6 2 3339 3336 
5 3 0 3315 3338 
6 2 3341 3338 
7 3 0 3315 3340 
6 2 3343 3340 
5 3 0 3316 3342 
6 2 3345 3342 
7 3 0 3314 3344 
6 2 3347 3344 
5 3 0 3317 3346 
6 2 3349 3346 
7 3 0 3313 3348 
6 2 3351 3348 
5 3 0 3318 3350 
6 2 3353 3350 
7 3 0 3312 3352 
6 2 3355 3352 
5 3 0 3319 3354 
6 2 3357 3354 
7 3 0 3311 3356 
6 2 3359 3356 
5 3 0 3320 3358 
6 2 3361 3358 
7 3 0 3310 3360 
6 2 3363 3360 
8 3 3362 3364 0 
9 2 0 3365 
6 2 3366 3365 
10 2 0 3367 
9 3 0 3368 3367 
6 2 3369 3367 
10 2 0 3370 
9 3 0 3371 3370 
6 2 3372 3370 
10 2 0 3373 
9 3 0 3374 3373 
6 2 3375 3373 
10 2 0 3376 
9 3 0 3377 3376 
6 2 3378 3376 
10 2 0 3379 
9 3 0 3380 3379 
6 2 3381 3379 
10 2 0 3382 
9 3 0 3383 3382 
6 2 3384 3382 
10 2 0 3385 
9 3 0 3386 3385 
6 2 3387 3385 
10 2 0 3388 
9 3 0 3389 3388 
6 2 3390 3388 
10 2 0 3391 
9 3 0 3392 3391 
6 2 3393 3391 
10 2 0 3394 
11 10 3368 3371 3374 3377 3380 3383 3386 3389 3392 3395 
1 0 
1 0 
1 0 
1 0 
1 0 
1 0 
1 0 
1 0 
1 0 
1 0 
1 0 
2 2 0 3397 
3 1 3408 
4 2 0 3407 
3 1 3410 
5 3 0 3398 3409 
6 2 3412 3409 
7 3 0 3406 3411 
6 2 3414 3411 
5 3 0 3399 3413 
6 2 3416 3413 
7 3 0 3405 3415 
6 2 3418 3415 
5 3 0 3400 3417 
6 2 3420 3417 
7 3 0 3404 3419 
6 2 3422 3419 
5 3 0 3401 3421 
6 2 3424 3421 
7 3 0 3403 3423 
6 2 3426 3423 
5 3 0 3402 3425 
6 2 3428 3425 
7 3 0 3402 3427 
6 2 3430 3427 
5 3 0 3403 3429 
6 2 3432 3429 
7 3 0 3401 3431 
6 2 3434 3431 
5 3 0 3404 3433 
6 2 3436 3433 
7 3 0 3400 3435 
6 2 3438 3435 
5 3 0 3405 3437 
6 2 3440 3437 
7 3 0 3399 3439 
6 2 3442 3439 
5 3 0 3406 3441 
6 2 3444 3441 
7 3 0 3398 3443 
6 2 3446 3443 
5 3 0 3407 3445 
6 2 3448 3445 
7 3 0 3397 3447 
6 2 3450 3447 
8 3 3449 3451 0 
9 2 0 3452 
6 2 3453 3452 
10 2 0 3454 
9 3 0 3455 3454 
6 2 3456 3454 
10 2 0 3457 
9 3 0 3458 3457 
6 2 3459 3457 
10 2 0 3460 
9 3 0 3461 3460 
6 2 3462 3460 
10 2 0 3463 
9 3 0 3464 3463 
6 2 3465 3463 
10 2 0 3466 
9 3 0 3467 3466 
6 2 3468 3466 
10 2 0 3469 
9 3 0 3470 3469 
6 2 3471 3469 
10 2 0 3472 
9 3 0 3473 3472 
6 2 3474 3472 
10 2 0 3475 
9 3 0 3476 3475 
6 2 3477 3475 
10 2 0 3478 
9 3 0 3479 3478 
6 2 3480 3478 
10 2 0 3481 
11 10 3455 3458 3461 3464 3467 3470 3473 3476 3479 3482 
1 0 
1 0 
1 0 
1 0 
1 0 
1 0 
1 0 
1 0 
1 0 
2 2 0 3484 
3 1 3493 
4 2 0 3492 
3 1 3495 
5 3 0 3485 3494 
6 2 3497 3494 
7 3 0 3491 3496 
6 2 3499 3496 
5 3 0 3486 3498 
6 2 3501 3498 
7 3 0 3490 3500 
6 2 3503 3500 
5 3 0 3487 3502 
6 2 3505 3502 
7 3 0 3489 3504 
6 2 3507 3504 
5 3 0 3488 3506 
6 2 3509 3506 
7 3 0 3488 3508 
6 2 3511 3508 
5 3 0 3489 3510 
6 2 3513 3510 
7 3 0 3487 3512 
6 2 3515 3512 
5 3 0 3490 3514 
6 2 3517 3514 
7 3 0 3486 3516 
6 2 3519 3516 
5 3 0 3491 3518 
6 2 3521 3518 
7 3 0 3485 3520 
6 2 3523 3520 
5 3 0 3492 3522 
6 2 3525 3522 
7 3 0 3484 3524 
6 2 3527 3524 
8 3 3526 3528 0 
9 2 0 3529 
6 2 3530 3529 
10 2 0 3531 
9 3 0 3532 3531 
6 2 3533 3531 
10 2 0 3534 
9 3 0 3535 3534 
6 2 3536 3534 
10 2 0 3537 
9 3 0 3538 3537 
6 2 3539 3537 
10 2 0 3540 
9 3 0 3541 3540 
6 2 3542 3540 
10 2 0 3543 
9 3 0 3544 3543 
6 2 3545 3543 
10 2 0 3546 
9 3 0 3547 3546 
6 2 3548 3546 
10 2 0 3549 
9 3 0 3550 3549 
6 2 3551 3549 
10 2 0 3552 
11 8 3532 3535 3538 3541 3544 3547 3550 3553 
1 0 
1 0 
1 0 
1 0 
1 0 
2 2 0 3555 
3 1 3560 
4 2 0 3559 
3 1 3562 
5 3 0 3556 3561 
6 2 3564 3561 
7 3 0 3558 3563 
6 2 3566 3563 
5 3 0 3557 3565 
6 2 3568 3565 
7 3 0 3557 3567 
6 2 3570 3567 
5 3 0 3558 3569 
6 2 3572 3569 
7 3 0 3556 3571 
6 2 3574 3571 
5 3 0 3559 3573 
6 2 3576 3573 
7 3 0 3555 3575 
6 2 3578 3575 
8 3 3577 3579 0 
9 2 0 3580 
6 2 3581 3580 
10 2 0 3582 
9 3 0 3583 3582 
6 2 3584 3582 
10 2 0 3585 
9 3 0 3586 3585 
6 2 3587 3585 
10 2 0 3588 
9 3 0 3589 3588 
6 2 3590 3588 
10 2 0 3591 
11 4 3583 3586 3589 3592 
1 0 
1 0 
1 0 
1 0 
1 0 
1 0 
1 0 
1 0 
1 0 
1 0 
2 2 0 3594 
3 1 3604 
4 2 0 3603 
3 1 3606 
5 3 0 3595 3605 
6 2 3608 3605 
7 3 0 3602 3607 
6 2 3610 3607 
5 3 0 3596 3609 
6 2 3612 3609 
7 3 0 3601 3611 
6 2 3614 3611 
5 3 0 3597 3613 
6 2 3616 3613 
7 3 0 3600 3615 
6 2 3618 3615 
5 3 0 3598 3617 
6 2 3620 3617 
7 3 0 3599 3619 
6 2 3622 3619 
5 3 0 3599 3621 
6 2 3624 3621 
7 3 0 3598 3623 
6 2 3626 3623 
5 3 0 3600 3625 
6 2 3628 3625 
7 3 0 3597 3627 
6 2 3630 3627 
5 3 0 3601 3629 
6 2 3632 3629 
7 3 0 3596 3631 
6 2 3634 3631 
5 3 0 3602 3633 
6 2 3636 3633 
7 3 0 3595 3635 
6 2 3638 3635 
5 3 0 3603 3637 
6 2 3640 3637 
7 3 0 3594 3639 
6 2 3642 3639 
8 3 3641 3643 0 
9 2 0 3644 
6 2 3645 3644 
10 2 0 3646 
9 3 0 3647 3646 
6 2 3648 3646 
10 2 0 3649 
9 3 0 3650 3649 
6 2 3651 3649 
10 2 0 3652 
9 3 0 3653 3652 
6 2 3654 3652 
10 2 0 3655 
9 3 0 3656 3655 
6 2 3657 3655 
10 2 0 3658 
9 3 0 3659 3658 
6 2 3660 3658 
10 2 0 3661 
9 3 0 3662 3661 
6 2 3663 3661 
10 2 0 3664 
9 3 0 3665 3664 
6 2 3666 3664 
10 2 0 3667 
9 3 0 3668 3667 
6 2 3669 3667 
10 2 0 3670 
11 9 3647 3650 3653 3656 3659 3662 3665 3668 3671 
1 0 
1 0 
1 0 
1 0 
1 0 
1 0 
1 0 
1 0 
2 2 0 3673 
3 1 3681 
4 2 0 3680 
3 1 3683 
5 3 0 3674 3682 
6 2 3685 3682 
7 3 0 3679 3684 
6 2 3687 3684 
5 3 0 3675 3686 
6 2 3689 3686 
7 3 0 3678 3688 
6 2 3691 3688 
5 3 0 3676 3690 
6 2 3693 3690 
7 3 0 3677 3692 
6 2 3695 3692 
5 3 0 3677 3694 
6 2 3697 3694 
7 3 0 3676 3696 
6 2 3699 3696 
5 3 0 3678 3698 
6 2 3701 3698 
7 3 0 3675 3700 
6 2 3703 3700 
5 3 0 3679 3702 
6 2 3705 3702 
7 3 0 3674 3704 
6 2 3707 3704 
5 3 0 3680 3706 
6 2 3709 3706 
7 3 0 3673 3708 
6 2 3711 3708 
8 3 3710 3712 0 
9 2 0 3713 
6 2 3714 3713 
10 2 0 3715 
9 3 0 3716 3715 
6 2 3717 3715 
10 2 0 3718 
9 3 0 3719 3718 
6 2 3720 3718 
10 2 0 3721 
9 3 0 3722 3721 
6 2 3723 3721 
10 2 0 3724 
9 3 0 3725 3724 
6 2 3726 3724 
10 2 0 3727 
9 3 0 3728 3727 
6 2 3729 3727 
10 2 0 3730 
9 3 0 3731 3730 
6 2 3732 3730 
10 2 0 3733 
11 7 3716 3719 3722 3725 3728 3731 3734 
1 0 
1 0 
1 0 
1 0 
1 0 
1 0 
1 0 
1 0 
2 2 0 3736 
3 1 3744 
4 2 0 3743 
3 1 3746 
5 3 0 3737 3745 
6 2 3748 3745 
7 3 0 3742 3747 
6 2 3750 3747 
5 3 0 3738 3749 
6 2 3752 3749 
7 3 0 3741 3751 
6 2 3754 3751 
5 3 0 3739 3753 
6 2 3756 3753 
7 3 0 3740 3755 
6 2 3758 3755 
5 3 0 3740 3757 
6 2 3760 3757 
7 3 0 3739 3759 
6 2 3762 3759 
5 3 0 3741 3761 
6 2 3764 3761 
7 3 0 3738 3763 
6 2 3766 3763 
5 3 0 3742 3765 
6 2 3768 3765 
7 3 0 3737 3767 
6 2 3770 3767 
5 3 0 3743 3769 
6 2 3772 3769 
7 3 0 3736 3771 
6 2 3774 3771 
8 3 3773 3775 0 
9 2 0 3776 
6 2 3777 3776 
10 2 0 3778 
9 3 0 3779 3778 
6 2 3780 3778 
10 2 0 3781 
9 3 0 3782 3781 
6 2 3783 3781 
10 2 0 3784 
9 3 0 3785 3784 
6 2 3786 3784 
10 2 0 3787 
9 3 0 3788 3787 
6 2 3789 3787 
10 2 0 3790 
9 3 0 3791 3790 
6 2 3792 3790 
10 2 0 3793 
9 3 0 3794 3793 
6 2 3795 3793 
10 2 0 3796 
11 7 3779 3782 3785 3788 3791 3794 3797 
1 0 
1 0 
1 0 
1 0 
1 0 
1 0 
2 2 0 3799 
3 1 3805 
4 2 0 3804 
3 1 3807 
5 3 0 3800 3806 
6 2 3809 3806 
7 3 0 3803 3808 
6 2 3811 3808 
5 3 0 3801 3810 
6 2 3813 3810 
7 3 0 3802 3812 
6 2 3815 3812 
5 3 0 3802 3814 
6 2 3817 3814 
7 3 0 3801 3816 
6 2 3819 3816 
5 3 0 3803 3818 
6 2 3821 3818 
7 3 0 3800 3820 
6 2 3823 3820 
5 3 0 3804 3822 
6 2 3825 3822 
7 3 0 3799 3824 
6 2 3827 3824 
8 3 3826 3828 0 
9 2 0 3829 
6 2 3830 3829 
10 2 0 3831 
9 3 0 3832 3831 
6 2 3833 3831 
10 2 0 3834 
9 3 0 3835 3834 
6 2 3836 3834 
10 2 0 3837 
9 3 0 3838 3837 
6 2 3839 3837 
10 2 0 3840 
9 3 0 3841 3840 
6 2 3842 3840 
10 2 0 3843 
11 5 3832 3835 3838 3841 3844 
1 0 
1 0 
1 0 
1 0 
1 0 
1 0 
2 2 0 3846 
3 1 3852 
4 2 0 3851 
3 1 3854 
5 3 0 3847 3853 
6 2 3856 3853 
7 3 0 3850 3855 
6 2 3858 3855 
5 3 0 3848 3857 
6 2 3860 3857 
7 3 0 3849 3859 
6 2 3862 3859 
5 3 0 3849 3861 
6 2 3864 3861 
7 3 0 3848 3863 
6 2 3866 3863 
5 3 0 3850 3865 
6 2 3868 3865 
7 3 0 3847 3867 
6 2 3870 3867 
5 3 0 3851 3869 
6 2 3872 3869 
7 3 0 3846 3871 
6 2 3874 3871 
8 3 3873 3875 0 
9 2 0 3876 
6 2 3877 3876 
10 2 0 3878 
9 3 0 3879 3878 
6 2 3880 3878 
10 2 0 3881 
9 3 0 3882 3881 
6 2 3883 3881 
10 2 0 3884 
9 3 0 3885 3884 
6 2 3886 3884 
10 2 0 3887 
9 3 0 3888 3887 
6 2 3889 3887 
10 2 0 3890 
11 5 3879 3882 3885 3888 3891 
1 0 
1 0 
1 0 
1 0 
1 0 
1 0 
1 0 
1 0 
1 0 
1 0 
1 0 
1 0 
2 2 0 3893 
3 1 3905 
4 2 0 3904 
3 1 3907 
5 3 0 3894 3906 
6 2 3909 3906 
7 3 0 3903 3908 
6 2 3911 3908 
5 3 0 3895 3910 
6 2 3913 3910 
7 3 0 3902 3912 
6 2 3915 3912 
5 3 0 3896 3914 
6 2 3917 3914 
7 3 0 3901 3916 
6 2 3919 3916 
5 3 0 3897 3918 
6 2 3921 3918 
7 3 0 3900 3920 
6 2 3923 3920 
5 3 0 3898 3922 
6 2 3925 3922 
7 3 0 3899 3924 
6 2 3927 3924 
5 3 0 3899 3926 
6 2 3929 3926 
7 3 0 3898 3928 
6 2 3931 3928 
5 3 0 3900 3930 
6 2 3933 3930 
7 3 0 3897 3932 
6 2 3935 3932 
5 3 0 3901 3934 
6 2 3937 3934 
7 3 0 3896 3936 
6 2 3939 3936 
5 3 0 3902 3938 
6 2 3941 3938 
7 3 0 3895 3940 
6 2 3943 3940 
5 3 0 3903 3942 
6 2 3945 3942 
7 3 0 3894 3944 
6 2 3947 3944 
5 3 0 3904 3946 
6 2 3949 3946 
7 3 0 3893 3948 
6 2 3951 3948 
8 3 3950 3952 0 
9 2 0 3953 
6 2 3954 3953 
10 2 0 3955 
9 3 0 3956 3955 
6 2 3957 3955 
10 2 0 3958 
9 3 0 3959 3958 
6 2 3960 3958 
10 2 0 3961 
9 3 0 3962 3961 
6 2 3963 3961 
10 2 0 3964 
9 3 0 3965 3964 
6 2 3966 3964 
10 2 0 3967 
9 3 0 3968 3967 
6 2 3969 3967 
10 2 0 3970 
9 3 0 3971 3970 
6 2 3972 3970 
10 2 0 3973 
9 3 0 3974 3973 
6 2 3975 3973 
10 2 0 3976 
9 3 0 3977 3976 
6 2 3978 3976 
10 2 0 3979 
9 3 0 3980 3979 
6 2 3981 3979 
10 2 0 3982 
9 3 0 3983 3982 
6 2 3984 3982 
10 2 0 3985 
11 11 3956 3959 3962 3965 3968 3971 3974 3977 3980 3983 3986 
1 0 
1 0 
1 0 
1 0 
1 0 
1 0 
1 0 
1 0 
1 0 
1 0 
2 2 0 3988 
3 1 3998 
4 2 0 3997 
3 1 4000 
5 3 0 3989 3999 
6 2 4002 3999 
7 3 0 3996 4001 
6 2 4004 4001 
5 3 0 3990 4003 
6 2 4006 4003 
7 3 0 3995 4005 
6 2 4008 4005 
5 3 0 3991 4007 
6 2 4010 4007 
7 3 0 3994 4009 
6 2 4012 4009 
5 3 0 3992 4011 
6 2 4014 4011 
7 3 0 3993 4013 
6 2 4016 4013 
5 3 0 3993 4015 
6 2 4018 4015 
7 3 0 3992 4017 
6 2 4020 4017 
5 3 0 3994 4019 
6 2 4022 4019 
7 3 0 3991 4021 
6 2 4024 4021 
5 3 0 3995 4023 
6 2 4026 4023 
7 3 0 3990 4025 
6 2 4028 4025 
5 3 0 3996 4027 
6 2 4030 4027 
7 3 0 3989 4029 
6 2 4032 4029 
5 3 0 3997 4031 
6 2 4034 4031 
7 3 0 3988 4033 
6 2 4036 4033 
8 3 4035 4037 0 
9 2 0 4038 
6 2 4039 4038 
10 2 0 4040 
9 3 0 4041 4040 
6 2 4042 4040 
10 2 0 4043 
9 3 0 4044 4043 
6 2 4045 4043 
10 2 0 4046 
9 3 0 4047 4046 
6 2 4048 4046 
10 2 0 4049 
9 3 0 4050 4049 
6 2 4051 4049 
10 2 0 4052 
9 3 0 4053 4052 
6 2 4054 4052 
10 2 0 4055 
9 3 0 4056 4055 
6 2 4057 4055 
10 2 0 4058 
9 3 0 4059 4058 
6 2 4060 4058 
10 2 0 4061 
9 3 0 4062 4061 
6 2 4063 4061 
10 2 0 4064 
11 9 4041 4044 4047 4050 4053 4056 4059 4062 4065 
1 0 
1 0 
1 0 
1 0 
1 0 
1 0 
1 0 
1 0 
2 2 0 4067 
3 1 4075 
4 2 0 4074 
3 1 4077 
5 3 0 4068 4076 
6 2 4079 4076 
7 3 0 4073 4078 
6 2 4081 4078 
5 3 0 4069 4080 
6 2 4083 4080 
7 3 0 4072 4082 
6 2 4085 4082 
5 3 0 4070 4084 
6 2 4087 4084 
7 3 0 4071 4086 
6 2 4089 4086 
5 3 0 4071 4088 
6 2 4091 4088 
7 3 0 4070 4090 
6 2 4093 4090 
5 3 0 4072 4092 
6 2 4095 4092 
7 3 0 4069 4094 
6 2 4097 4094 
5 3 0 4073 4096 
6 2 4099 4096 
7 3 0 4068 4098 
6 2 4101 4098 
5 3 0 4074 4100 
6 2 4103 4100 
7 3 0 4067 4102 
6 2 4105 4102 
8 3 4104 4106 0 
9 2 0 4107 
6 2 4108 4107 
10 2 0 4109 
9 3 0 4110 4109 
6 2 4111 4109 
10 2 0 4112 
9 3 0 4113 4112 
6 2 4114 4112 
10 2 0 4115 
9 3 0 4116 4115 
6 2 4117 4115 
10 2 0 4118 
9 3 0 4119 4118 
6 2 4120 4118 
10 2 0 4121 
9 3 0 4122 4121 
6 2 4123 4121 
10 2 0 4124 
9 3 0 4125 4124 
6 2 4126 4124 
10 2 0 4127 
11 7 4110 4113 4116 4119 4122 4125 4128 
1 0 
1 0 
1 0 
1 0 
1 0 
1 0 
1 0 
1 0 
1 0 
1 0 
2 2 0 4130 
3 1 4140 
4 2 0 4139 
3 1 4142 
5 3 0 4131 4141 
6 2 4144 4141 
7 3 0 4138 4143 
6 2 4146 4143 
5 3 0 4132 4145 
6 2 4148 4145 
7 3 0 4137 4147 
6 2 4150 4147 
5 3 0 4133 4149 
6 2 4152 4149 
7 3 0 4136 4151 
6 2 4154 4151 
5 3 0 4134 4153 
6 2 4156 4153 
7 3 0 4135 4155 
6 2 4158 4155 
5 3 0 4135 4157 
6 2 4160 4157 
7 3 0 4134 4159 
6 2 4162 4159 
5 3 0 4136 4161 
6 2 4164 4161 
7 3 0 4133 4163 
6 2 4166 4163 
5 3 0 4137 4165 
6 2 4168 4165 
7 3 0 4132 4167 
6 2 4170 4167 
5 3 0 4138 4169 
6 2 4172 4169 
7 3 0 4131 4171 
6 2 4174 4171 
5 3 0 4139 4173 
6 2 4176 4173 
7 3 0 4130 4175 
6 2 4178 4175 
8 3 4177 4179 0 
9 2 0 4180 
6 2 4181 4180 
10 2 0 4182 
9 3 0 4183 4182 
6 2 4184 4182 
10 2 0 4185 
9 3 0 4186 4185 
6 2 4187 4185 
10 2 0 4188 
9 3 0 4189 4188 
6 2 4190 4188 
10 2 0 4191 
9 3 0 4192 4191 
6 2 4193 4191 
10 2 0 4194 
9 3 0 4195 4194 
6 2 4196 4194 
10 2 0 4197 
9 3 0 4198 4197 
6 2 4199 4197 
10 2 0 4200 
9 3 0 4201 4200 
6 2 4202 4200 
10 2 0 4203 
9 3 0 4204 4203 
6 2 4205 4203 
10 2 0 4206 
11 9 4183 4186 4189 4192 4195 4198 4201 4204 4207 
1 0 
1 0 
1 0 
1 0 
1 0 
1 0 
1 0 
1 0 
1 0 
1 0 
1 0 
1 0 
1 0 
2 2 0 4209 
3 1 4222 
4 2 0 4221 
3 1 4224 
5 3 0 4210 4223 
6 2 4226 4223 
7 3 0 4220 4225 
6 2 4228 4225 
5 3 0 4211 4227 
6 2 4230 4227 
7 3 0 4219 4229 
6 2 4232 4229 
5 3 0 4212 4231 
6 2 4234 4231 
7 3 0 4218 4233 
6 2 4236 4233 
5 3 0 4213 4235 
6 2 4238 4235 
7 3 0 4217 4237 
6 2 4240 4237 
5 3 0 4214 4239 
6 2 4242 4239 
7 3 0 4216 4241 
6 2 4244 4241 
5 3 0 4215 4243 
6 2 4246 4243 
7 3 0 4215 4245 
6 2 4248 4245 
5 3 0 4216 4247 
6 2 4250 4247 
7 3 0 4214 4249 
6 2 4252 4249 
5 3 0 4217 4251 
6 2 4254 4251 
7 3 0 4213 4253 
6 2 4256 4253 
5 3 0 4218 4255 
6 2 4258 4255 
7 3 0 4212 4257 
6 2 4260 4257 
5 3 0 4219 4259 
6 2 4262 4259 
7 3 0 4211 4261 
6 2 4264 4261 
5 3 0 4220 4263 
6 2 4266 4263 
7 3 0 4210 4265 
6 2 4268 4265 
5 3 0 4221 4267 
6 2 4270 4267 
7 3 0 4209 4269 
6 2 4272 4269 
8 3 4271 4273 0 
9 2 0 4274 
6 2 4275 4274 
10 2 0 4276 
9 3 0 4277 4276 
6 2 4278 4276 
10 2 0 4279 
9 3 0 4280 4279 
6 2 4281 4279 
10 2 0 4282 
9 3 0 4283 4282 
6 2 4284 4282 
10 2 0 4285 
9 3 0 4286 4285 
6 2 4287 4285 
10 2 0 4288 
9 3 0 4289 4288 
6 2 4290 4288 
10 2 0 4291 
9 3 0 4292 4291 
6 2 4293 4291 
10 2 0 4294 
9 3 0 4295 4294 
6 2 4296 4294 
10 2 0 4297 
9 3 0 4298 4297 
6 2 4299 4297 
10 2 0 4300 
9 3 0 4301 4300 
6 2 4302 4300 
10 2 0 4303 
9 3 0 4304 4303 
6 2 4305 4303 
10 2 0 4306 
9 3 0 4307 4306 
6 2 4308 4306 
10 2 0 4309 
11 12 4277 4280 4283 4286 4289 4292 4295 4298 4301 4304 4307 4310 
1 0 
1 0 
1 0 
1 0 
1 0 
1 0 
1 0 
1 0 
1 0 
1 0 
1 0 
1 0 
2 2 0 4312 
3 1 4324 
4 2 0 4323 
3 1 4326 
5 3 0 4313 4325 
6 2 4328 4325 
7 3 0 4322 4327 
6 2 4330 4327 
5 3 0 4314 4329 
6 2 4332 4329 
7 3 0 4321 4331 
6 2 4334 4331 
5 3 0 4315 4333 
6 2 4336 4333 
7 3 0 4320 4335 
6 2 4338 4335 
5 3 0 4316 4337 
6 2 4340 4337 
7 3 0 4319 4339 
6 2 4342 4339 
5 3 0 4317 4341 
6 2 4344 4341 
7 3 0 4318 4343 
6 2 4346 4343 
5 3 0 4318 4345 
6 2 4348 4345 
7 3 0 4317 4347 
6 2 4350 4347 
5 3 0 4319 4349 
6 2 4352 4349 
7 3 0 4316 4351 
6 2 4354 4351 
5 3 0 4320 4353 
6 2 4356 4353 
7 3 0 4315 4355 
6 2 4358 4355 
5 3 0 4321 4357 
6 2 4360 4357 
7 3 0 4314 4359 
6 2 4362 4359 
5 3 0 4322 4361 
6 2 4364 4361 
7 3 0 4313 4363 
6 2 4366 4363 
5 3 0 4323 4365 
6 2 4368 4365 
7 3 0 4312 4367 
6 2 4370 4367 
8 3 4369 4371 0 
9 2 0 4372 
6 2 4373 4372 
10 2 0 4374 
9 3 0 4375 4374 
6 2 4376 4374 
10 2 0 4377 
9 3 0 4378 4377 
6 2 4379 4377 
10 2 0 4380 
9 3 0 4381 4380 
6 2 4382 4380 
10 2 0 4383 
9 3 0 4384 4383 
6 2 4385 4383 
10 2 0 4386 
9 3 0 4387 4386 
6 2 4388 4386 
10 2 0 4389 
9 3 0 4390 4389 
6 2 4391 4389 
10 2 0 4392 
9 3 0 4393 4392 
6 2 4394 4392 
10 2 0 4395 
9 3 0 4396 4395 
6 2 4397 4395 
10 2 0 4398 
9 3 0 4399 4398 
6 2 4400 4398 
10 2 0 4401 
9 3 0 4402 4401 
6 2 4403 4401 
10 2 0 4404 
11 11 4375 4378 4381 4384 4387 4390 4393 4396 4399 4402 4405 
1 0 
1 0 
1 0 
1 0 
1 0 
1 0 
1 0 
1 0 
1 0 
1 0 
2 2 0 4407 
3 1 4417 
4 2 0 4416 
3 1 4419 
5 3 0 4408 4418 
6 2 4421 4418 
7 3 0 4415 4420 
6 2 4423 4420 
5 3 0 4409 4422 
6 2 4425 4422 
7 3 0 4414 4424 
6 2 4427 4424 
5 3 0 4410 4426 
6 2 4429 4426 
7 3 0 4413 4428 
6 2 4431 4428 
5 3 0 4411 4430 
6 2 4433 4430 
7 3 0 4412 4432 
6 2 4435 4432 
5 3 0 4412 4434 
6 2 4437 4434 
7 3 0 4411 4436 
6 2 4439 4436 
5 3 0 4413 4438 
6 2 4441 4438 
7 3 0 4410 4440 
6 2 4443 4440 
5 3 0 4414 4442 
6 2 4445 4442 
7 3 0 4409 4444 
6 2 4447 4444 
5 3 0 4415 4446 
6 2 4449 4446 
7 3 0 4408 4448 
6 2 4451 4448 
5 3 0 4416 4450 
6 2 4453 4450 
7 3 0 4407 4452 
6 2 4455 4452 
8 3 4454 4456 0 
9 2 0 4457 
6 2 4458 4457 
10 2 0 4459 
9 3 0 4460 4459 
6 2 4461 4459 
10 2 0 4462 
9 3 0 4463 4462 
6 2 4464 4462 
10 2 0 4465 
9 3 0 4466 4465 
6 2 4467 4465 
10 2 0 4468 
9 3 0 4469 4468 
6 2 4470 4468 
10 2 0 4471 
9 3 0 4472 4471 
6 2 4473 4471 
10 2 0 4474 
9 3 0 4475 4474 
6 2 4476 4474 
10 2 0 4477 
9 3 0 4478 4477 
6 2 4479 4477 
10 2 0 4480 
9 3 0 4481 4480 
6 2 4482 4480 
10 2 0 4483 
11 9 4460 4463 4466 4469 4472 4475 4478 4481 4484 
1 0 
1 0 
1 0 
1 0 
1 0 
1 0 
1 0 
1 0 
1 0 
1 0 
1 0 
1 0 
1 0 
1 0 
1 0 
1 0 
1 0 
1 0 
2 2 0 4486 
3 1 4504 
4 2 0 4503 
3 1 4506 
5 3 0 4487 4505 
6 2 4508 4505 
7 3 0 4502 4507 
6 2 4510 4507 
5 3 0 4488 4509 
6 2 4512 4509 
7 3 0 4501 4511 
6 2 4514 4511 
5 3 0 4489 4513 
6 2 4516 4513 
7 3 0 4500 4515 
6 2 4518 4515 
5 3 0 4490 4517 
6 2 4520 4517 
7 3 0 4499 4519 
6 2 4522 4519 
5 3 0 4491 4521 
6 2 4524 4521 
7 3 0 4498 4523 
6 2 4526 4523 
5 3 0 4492 4525 
6 2 4528 4525 
7 3 0 4497 4527 
6 2 4530 4527 
5 3 0 4493 4529 
6 2 4532 4529 
7 3 0 4496 4531 
6 2 4534 4531 
5 3 0 4494 4533 
6 2 4536 4533 
7 3 0 4495 4535 
6 2 4538 4535 
5 3 0 4495 4537 
6 2 4540 4537 
7 3 0 4494 4539 
6 2 4542 4539 
5 3 0 4496 4541 
6 2 4544 4541 
7 3 0 4493 4543 
6 2 4546 4543 
5 3 0 4497 4545 
6 2 4548 4545 
7 3 0 4492 4547 
6 2 4550 4547 
5 3 0 4498 4549 
6 2 4552 4549 
7 3 0 4491 4551 
6 2 4554 4551 
5 3 0 4499 4553 
6 2 4556 4553 
7 3 0 4490 4555 
6 2 4558 4555 
5 3 0 4500 4557 
6 2 4560 4557 
7 3 0 4489 4559 
6 2 4562 4559 
5 3 0 4501 4561 
6 2 4564 4561 
7 3 0 4488 4563 
6 2 4566 4563 
5 3 0 4502 4565 
6 2 4568 4565 
7 3 0 4487 4567 
6 2 4570 4567 
5 3 0 4503 4569 
6 2 4572 4569 
7 3 0 4486 4571 
6 2 4574 4571 
8 3 4573 4575 0 
9 2 0 4576 
6 2 4577 4576 
10 2 0 4578 
9 3 0 4579 4578 
6 2 4580 4578 
10 2 0 4581 
9 3 0 4582 4581 
6 2 4583 4581 
10 2 0 4584 
9 3 0 4585 4584 
6 2 4586 4584 
10 2 0 4587 
9 3 0 4588 4587 
6 2 4589 4587 
10 2 0 4590 
9 3 0 4591 4590 
6 2 4592 4590 
10 2 0 4593 
9 3 0 4594 4593 
6 2 4595 4593 
10 2 0 4596 
9 3 0 4597 4596 
6 2 4598 4596 
10 2 0 4599 
9 3 0 4600 4599 
6 2 4601 4599 
10 2 0 4602 
9 3 0 4603 4602 
6 2 4604 4602 
10 2 0 4605 
9 3 0 4606 4605 
6 2 4607 4605 
10 2 0 4608 
9 3 0 4609 4608 
6 2 4610 4608 
10 2 0 4611 
9 3 0 4612 4611 
6 2 4613 4611 
10 2 0 4614 
9 3 0 4615 4614 
6 2 4616 4614 
10 2 0 4617 
9 3 0 4618 4617 
6 2 4619 4617 
10 2 0 4620 
9 3 0 4621 4620 
6 2 4622 4620 
10 2 0 4623 
9 3 0 4624 4623 
6 2 4625 4623 
10 2 0 4626 
11 17 4579 4582 4585 4588 4591 4594 4597 4600 4603 4606 4609 4612 4615 4618 4621 4624 4627 
1 0 
1 0 
1 0 
1 0 
1 0 
1 0 
1 0 
1 0 
1 0 
1 0 
1 0 
1 0 
1 0 
1 0 
1 0 
1 0 
2 2 0 4629 
3 1 4645 
4 2 0 4644 
3 1 4647 
5 3 0 4630 4646 
6 2 4649 4646 
7 3 0 4643 4648 
6 2 4651 4648 
5 3 0 4631 4650 
6 2 4653 4650 
7 3 0 4642 4652 
6 2 4655 4652 
5 3 0 4632 4654 
6 2 4657 4654 
7 3 0 4641 4656 
6 2 4659 4656 
5 3 0 4633 4658 
6 2 4661 4658 
7 3 0 4640 4660 
6 2 4663 4660 
5 3 0 4634 4662 
6 2 4665 4662 
7 3 0 4639 4664 
6 2 4667 4664 
5 3 0 4635 4666 
6 2 4669 4666 
7 3 0 4638 4668 
6 2 4671 4668 
5 3 0 4636 4670 
6 2 4673 4670 
7 3 0 4637 4672 
6 2 4675 4672 
5 3 0 4637 4674 
6 2 4677 4674 
7 3 0 4636 4676 
6 2 4679 4676 
5 3 0 4638 4678 
6 2 4681 4678 
7 3 0 4635 4680 
6 2 4683 4680 
5 3 0 4639 4682 
6 2 4685 4682 
7 3 0 4634 4684 
6 2 4687 4684 
5 3 0 4640 4686 
6 2 4689 4686 
7 3 0 4633 4688 
6 2 4691 4688 
5 3 0 4641 4690 
6 2 4693 4690 
7 3 0 4632 4692 
6 2 4695 4692 
5 3 0 4642 4694 
6 2 4697 4694 
7 3 0 4631 4696 
6 2 4699 4696 
5 3 0 4643 4698 
6 2 4701 4698 
7 3 0 4630 4700 
6 2 4703 4700 
5 3 0 4644 4702 
6 2 4705 4702 
7 3 0 4629 4704 
6 2 4707 4704 
8 3 4706 4708 0 
9 2 0 4709 
6 2 4710 4709 
10 2 0 4711 
9 3 0 4712 4711 
6 2 4713 4711 
10 2 0 4714 
9 3 0 4715 4714 
6 2 4716 4714 
10 2 0 4717 
9 3 0 4718 4717 
6 2 4719 4717 
10 2 0 4720 
9 3 0 4721 4720 
6 2 4722 4720 
10 2 0 4723 
9 3 0 4724 4723 
6 2 4725 4723 
10 2 0 4726 
9 3 0 4727 4726 
6 2 4728 4726 
10 2 0 4729 
9 3 0 4730 4729 
6 2 4731 4729 
10 2 0 4732 
9 3 0 4733 4732 
6 2 4734 4732 
10 2 0 4735 
9 3 0 4736 4735 
6 2 4737 4735 
10 2 0 4738 
9 3 0 4739 4738 
6 2 4740 4738 
10 2 0 4741 
9 3 0 4742 4741 
6 2 4743 4741 
10 2 0 4744 
9 3 0 4745 4744 
6 2 4746 4744 
10 2 0 4747 
9 3 0 4748 4747 
6 2 4749 4747 
10 2 0 4750 
9 3 0 4751 4750 
6 2 4752 4750 
10 2 0 4753 
11 15 4712 4715 4718 4721 4724 4727 4730 4733 4736 4739 4742 4745 4748 4751 4754 
1 0 
1 0 
1 0 
1 0 
1 0 
1 0 
1 0 
1 0 
1 0 
1 0 
1 0 
1 0 
1 0 
2 2 0 4756 
3 1 4769 
4 2 0 4768 
3 1 4771 
5 3 0 4757 4770 
6 2 4773 4770 
7 3 0 4767 4772 
6 2 4775 4772 
5 3 0 4758 4774 
6 2 4777 4774 
7 3 0 4766 4776 
6 2 4779 4776 
5 3 0 4759 4778 
6 2 4781 4778 
7 3 0 4765 4780 
6 2 4783 4780 
5 3 0 4760 4782 
6 2 4785 4782 
7 3 0 4764 4784 
6 2 4787 4784 
5 3 0 4761 4786 
6 2 4789 4786 
7 3 0 4763 4788 
6 2 4791 4788 
5 3 0 4762 4790 
6 2 4793 4790 
7 3 0 4762 4792 
6 2 4795 4792 
5 3 0 4763 4794 
6 2 4797 4794 
7 3 0 4761 4796 
6 2 4799 4796 
5 3 0 4764 4798 
6 2 4801 4798 
7 3 0 4760 4800 
6 2 4803 4800 
5 3 0 4765 4802 
6 2 4805 4802 
7 3 0 4759 4804 
6 2 4807 4804 
5 3 0 4766 4806 
6 2 4809 4806 
7 3 0 4758 4808 
6 2 4811 4808 
5 3 0 4767 4810 
6 2 4813 4810 
7 3 0 4757 4812 
6 2 4815 4812 
5 3 0 4768 4814 
6 2 4817 4814 
7 3 0 4756 4816 
6 2 4819 4816 
8 3 4818 4820 0 
9 2 0 4821 
6 2 4822 4821 
10 2 0 4823 
9 3 0 4824 4823 
6 2 4825 4823 
10 2 0 4826 
9 3 0 4827 4826 
6 2 4828 4826 
10 2 0 4829 
9 3 0 4830 4829 
6 2 4831 4829 
10 2 0 4832 
9 3 0 4833 4832 
6 2 4834 4832 
10 2 0 4835 
9 3 0 4836 4835 
6 2 4837 4835 
10 2 0 4838 
9 3 0 4839 4838 
6 2 4840 4838 
10 2 0 4841 
9 3 0 4842 4841 
6 2 4843 4841 
10 2 0 4844 
9 3 0 4845 4844 
6 2 4846 4844 
10 2 0 4847 
9 3 0 4848 4847 
6 2 4849 4847 
10 2 0 4850 
9 3 0 4851 4850 
6 2 4852 4850 
10 2 0 4853 
9 3 0 4854 4853 
6 2 4855 4853 
10 2 0 4856 
11 12 4824 4827 4830 4833 4836 4839 4842 4845 4848 4851 4854 4857 
1 0 
1 0 
1 0 
1 0 
1 0 
1 0 
1 0 
1 0 
1 0 
2 2 0 4859 
3 1 4868 
4 2 0 4867 
3 1 4870 
5 3 0 4860 4869 
6 2 4872 4869 
7 3 0 4866 4871 
6 2 4874 4871 
5 3 0 4861 4873 
6 2 4876 4873 
7 3 0 4865 4875 
6 2 4878 4875 
5 3 0 4862 4877 
6 2 4880 4877 
7 3 0 4864 4879 
6 2 4882 4879 
5 3 0 4863 4881 
6 2 4884 4881 
7 3 0 4863 4883 
6 2 4886 4883 
5 3 0 4864 4885 
6 2 4888 4885 
7 3 0 4862 4887 
6 2 4890 4887 
5 3 0 4865 4889 
6 2 4892 4889 
7 3 0 4861 4891 
6 2 4894 4891 
5 3 0 4866 4893 
6 2 4896 4893 
7 3 0 4860 4895 
6 2 4898 4895 
5 3 0 4867 4897 
6 2 4900 4897 
7 3 0 4859 4899 
6 2 4902 4899 
8 3 4901 4903 0 
9 2 0 4904 
6 2 4905 4904 
10 2 0 4906 
9 3 0 4907 4906 
6 2 4908 4906 
10 2 0 4909 
9 3 0 4910 4909 
6 2 4911 4909 
10 2 0 4912 
9 3 0 4913 4912 
6 2 4914 4912 
10 2 0 4915 
9 3 0 4916 4915 
6 2 4917 4915 
10 2 0 4918 
9 3 0 4919 4918 
6 2 4920 4918 
10 2 0 4921 
9 3 0 4922 4921 
6 2 4923 4921 
10 2 0 4924 
9 3 0 4925 4924 
6 2 4926 4924 
10 2 0 4927 
11 8 4907 4910 4913 4916 4919 4922 4925 4928 
1 0 
1 0 
1 0 
1 0 
1 0 
1 0 
1 0 
1 0 
1 0 
1 0 
1 0 
1 0 
2 2 0 4930 
3 1 4942 
4 2 0 4941 
3 1 4944 
5 3 0 4931 4943 
6 2 4946 4943 
7 3 0 4940 4945 
6 2 4948 4945 
5 3 0 4932 4947 
6 2 4950 4947 
7 3 0 4939 4949 
6 2 4952 4949 
5 3 0 4933 4951 
6 2 4954 4951 
7 3 0 4938 4953 
6 2 4956 4953 
5 3 0 4934 4955 
6 2 4958 4955 
7 3 0 4937 4957 
6 2 4960 4957 
5 3 0 4935 4959 
6 2 4962 4959 
7 3 0 4936 4961 
6 2 4964 4961 
5 3 0 4936 4963 
6 2 4966 4963 
7 3 0 4935 4965 
6 2 4968 4965 
5 3 0 4937 4967 
6 2 4970 4967 
7 3 0 4934 4969 
6 2 4972 4969 
5 3 0 4938 4971 
6 2 4974 4971 
7 3 0 4933 4973 
6 2 4976 4973 
5 3 0 4939 4975 
6 2 4978 4975 
7 3 0 4932 4977 
6 2 4980 4977 
5 3 0 4940 4979 
6 2 4982 4979 
7 3 0 4931 4981 
6 2 4984 4981 
5 3 0 4941 4983 
6 2 4986 4983 
7 3 0 4930 4985 
6 2 4988 4985 
8 3 4987 4989 0 
9 2 0 4990 
6 2 4991 4990 
10 2 0 4992 
9 3 0 4993 4992 
6 2 4994 4992 
10 2 0 4995 
9 3 0 4996 4995 
6 2 4997 4995 
10 2 0 4998 
9 3 0 4999 4998 
6 2 5000 4998 
10 2 0 5001 
9 3 0 5002 5001 
6 2 5003 5001 
10 2 0 5004 
9 3 0 5005 5004 
6 2 5006 5004 
10 2 0 5007 
9 3 0 5008 5007 
6 2 5009 5007 
10 2 0 5010 
9 3 0 5011 5010 
6 2 5012 5010 
10 2 0 5013 
9 3 0 5014 5013 
6 2 5015 5013 
10 2 0 5016 
9 3 0 5017 5016 
6 2 5018 5016 
10 2 0 5019 
9 3 0 5020 5019 
6 2 5021 5019 
10 2 0 5022 
11 11 4993 4996 4999 5002 5005 5008 5011 5014 5017 5020 5023 
13 64 95 174 253 332 403 442 521 608 655 742 821 884 971 1026 1097 1168 1247 1334 1469 1532 1579 1650 1713 1784 1847 1990 2037 2156 2211 2258 2361 2448 2503 2574 2677 2796 2875 2922 2985 3088 3143 3222 3309 3396 3483 3554 3593 3672 3735 3798 3845 3892 3987 4066 4129 4208 4311 4406 4485 4628 4755 4858 4929 5024 
