5354
0 0 
1 0 
1 0 
1 0 
1 0 
1 0 
1 0 
1 0 
1 0 
1 0 
1 0 
2 2 0 1 
3 1 11 
4 2 0 10 
3 1 13 
5 3 0 2 12 
6 2 15 12 
7 3 0 9 14 
6 2 17 14 
5 3 0 3 16 
6 2 19 16 
7 3 0 8 18 
6 2 21 18 
5 3 0 4 20 
6 2 23 20 
7 3 0 7 22 
6 2 25 22 
5 3 0 5 24 
6 2 27 24 
7 3 0 6 26 
6 2 29 26 
5 3 0 6 28 
6 2 31 28 
7 3 0 5 30 
6 2 33 30 
5 3 0 7 32 
6 2 35 32 
7 3 0 4 34 
6 2 37 34 
5 3 0 8 36 
6 2 39 36 
7 3 0 3 38 
6 2 41 38 
5 3 0 9 40 
6 2 43 40 
7 3 0 2 42 
6 2 45 42 
5 3 0 10 44 
6 2 47 44 
7 3 0 1 46 
6 2 49 46 
8 3 48 50 0 
9 2 0 51 
6 2 52 51 
10 2 0 53 
9 3 0 54 53 
6 2 55 53 
10 2 0 56 
9 3 0 57 56 
6 2 58 56 
10 2 0 59 
9 3 0 60 59 
6 2 61 59 
10 2 0 62 
9 3 0 63 62 
6 2 64 62 
10 2 0 65 
9 3 0 66 65 
6 2 67 65 
10 2 0 68 
9 3 0 69 68 
6 2 70 68 
10 2 0 71 
9 3 0 72 71 
6 2 73 71 
10 2 0 74 
9 3 0 75 74 
6 2 76 74 
10 2 0 77 
11 9 54 57 60 63 66 69 72 75 78 
1 0 
1 0 
1 0 
1 0 
1 0 
1 0 
1 0 
1 0 
1 0 
1 0 
2 2 0 80 
3 1 90 
4 2 0 89 
3 1 92 
5 3 0 81 91 
6 2 94 91 
7 3 0 88 93 
6 2 96 93 
5 3 0 82 95 
6 2 98 95 
7 3 0 87 97 
6 2 100 97 
5 3 0 83 99 
6 2 102 99 
7 3 0 86 101 
6 2 104 101 
5 3 0 84 103 
6 2 106 103 
7 3 0 85 105 
6 2 108 105 
5 3 0 85 107 
6 2 110 107 
7 3 0 84 109 
6 2 112 109 
5 3 0 86 111 
6 2 114 111 
7 3 0 83 113 
6 2 116 113 
5 3 0 87 115 
6 2 118 115 
7 3 0 82 117 
6 2 120 117 
5 3 0 88 119 
6 2 122 119 
7 3 0 81 121 
6 2 124 121 
5 3 0 89 123 
6 2 126 123 
7 3 0 80 125 
6 2 128 125 
8 3 127 129 0 
9 2 0 130 
6 2 131 130 
10 2 0 132 
9 3 0 133 132 
6 2 134 132 
10 2 0 135 
9 3 0 136 135 
6 2 137 135 
10 2 0 138 
9 3 0 139 138 
6 2 140 138 
10 2 0 141 
9 3 0 142 141 
6 2 143 141 
10 2 0 144 
9 3 0 145 144 
6 2 146 144 
10 2 0 147 
9 3 0 148 147 
6 2 149 147 
10 2 0 150 
9 3 0 151 150 
6 2 152 150 
10 2 0 153 
9 3 0 154 153 
6 2 155 153 
10 2 0 156 
11 9 133 136 139 142 145 148 151 154 157 
1 0 
1 0 
1 0 
1 0 
1 0 
1 0 
1 0 
2 2 0 159 
3 1 166 
4 2 0 165 
3 1 168 
5 3 0 160 167 
6 2 170 167 
7 3 0 164 169 
6 2 172 169 
5 3 0 161 171 
6 2 174 171 
7 3 0 163 173 
6 2 176 173 
5 3 0 162 175 
6 2 178 175 
7 3 0 162 177 
6 2 180 177 
5 3 0 163 179 
6 2 182 179 
7 3 0 161 181 
6 2 184 181 
5 3 0 164 183 
6 2 186 183 
7 3 0 160 185 
6 2 188 185 
5 3 0 165 187 
6 2 190 187 
7 3 0 159 189 
6 2 192 189 
8 3 191 193 0 
9 2 0 194 
6 2 195 194 
10 2 0 196 
9 3 0 197 196 
6 2 198 196 
10 2 0 199 
9 3 0 200 199 
6 2 201 199 
10 2 0 202 
9 3 0 203 202 
6 2 204 202 
10 2 0 205 
9 3 0 206 205 
6 2 207 205 
10 2 0 208 
9 3 0 209 208 
6 2 210 208 
10 2 0 211 
11 6 197 200 203 206 209 212 
1 0 
1 0 
1 0 
1 0 
1 0 
1 0 
1 0 
1 0 
2 2 0 214 
3 1 222 
4 2 0 221 
3 1 224 
5 3 0 215 223 
6 2 226 223 
7 3 0 220 225 
6 2 228 225 
5 3 0 216 227 
6 2 230 227 
7 3 0 219 229 
6 2 232 229 
5 3 0 217 231 
6 2 234 231 
7 3 0 218 233 
6 2 236 233 
5 3 0 218 235 
6 2 238 235 
7 3 0 217 237 
6 2 240 237 
5 3 0 219 239 
6 2 242 239 
7 3 0 216 241 
6 2 244 241 
5 3 0 220 243 
6 2 246 243 
7 3 0 215 245 
6 2 248 245 
5 3 0 221 247 
6 2 250 247 
7 3 0 214 249 
6 2 252 249 
8 3 251 253 0 
9 2 0 254 
6 2 255 254 
10 2 0 256 
9 3 0 257 256 
6 2 258 256 
10 2 0 259 
9 3 0 260 259 
6 2 261 259 
10 2 0 262 
9 3 0 263 262 
6 2 264 262 
10 2 0 265 
9 3 0 266 265 
6 2 267 265 
10 2 0 268 
9 3 0 269 268 
6 2 270 268 
10 2 0 271 
9 3 0 272 271 
6 2 273 271 
10 2 0 274 
11 7 257 260 263 266 269 272 275 
1 0 
1 0 
1 0 
1 0 
1 0 
1 0 
1 0 
1 0 
1 0 
1 0 
1 0 
1 0 
2 2 0 277 
3 1 289 
4 2 0 288 
3 1 291 
5 3 0 278 290 
6 2 293 290 
7 3 0 287 292 
6 2 295 292 
5 3 0 279 294 
6 2 297 294 
7 3 0 286 296 
6 2 299 296 
5 3 0 280 298 
6 2 301 298 
7 3 0 285 300 
6 2 303 300 
5 3 0 281 302 
6 2 305 302 
7 3 0 284 304 
6 2 307 304 
5 3 0 282 306 
6 2 309 306 
7 3 0 283 308 
6 2 311 308 
5 3 0 283 310 
6 2 313 310 
7 3 0 282 312 
6 2 315 312 
5 3 0 284 314 
6 2 317 314 
7 3 0 281 316 
6 2 319 316 
5 3 0 285 318 
6 2 321 318 
7 3 0 280 320 
6 2 323 320 
5 3 0 286 322 
6 2 325 322 
7 3 0 279 324 
6 2 327 324 
5 3 0 287 326 
6 2 329 326 
7 3 0 278 328 
6 2 331 328 
5 3 0 288 330 
6 2 333 330 
7 3 0 277 332 
6 2 335 332 
8 3 334 336 0 
9 2 0 337 
6 2 338 337 
10 2 0 339 
9 3 0 340 339 
6 2 341 339 
10 2 0 342 
9 3 0 343 342 
6 2 344 342 
10 2 0 345 
9 3 0 346 345 
6 2 347 345 
10 2 0 348 
9 3 0 349 348 
6 2 350 348 
10 2 0 351 
9 3 0 352 351 
6 2 353 351 
10 2 0 354 
9 3 0 355 354 
6 2 356 354 
10 2 0 357 
9 3 0 358 357 
6 2 359 357 
10 2 0 360 
9 3 0 361 360 
6 2 362 360 
10 2 0 363 
9 3 0 364 363 
6 2 365 363 
10 2 0 366 
9 3 0 367 366 
6 2 368 366 
10 2 0 369 
11 11 340 343 346 349 352 355 358 361 364 367 370 
1 0 
1 0 
1 0 
1 0 
1 0 
1 0 
1 0 
1 0 
1 0 
1 0 
1 0 
1 0 
1 0 
1 0 
1 0 
1 0 
1 0 
2 2 0 372 
3 1 389 
4 2 0 388 
3 1 391 
5 3 0 373 390 
6 2 393 390 
7 3 0 387 392 
6 2 395 392 
5 3 0 374 394 
6 2 397 394 
7 3 0 386 396 
6 2 399 396 
5 3 0 375 398 
6 2 401 398 
7 3 0 385 400 
6 2 403 400 
5 3 0 376 402 
6 2 405 402 
7 3 0 384 404 
6 2 407 404 
5 3 0 377 406 
6 2 409 406 
7 3 0 383 408 
6 2 411 408 
5 3 0 378 410 
6 2 413 410 
7 3 0 382 412 
6 2 415 412 
5 3 0 379 414 
6 2 417 414 
7 3 0 381 416 
6 2 419 416 
5 3 0 380 418 
6 2 421 418 
7 3 0 380 420 
6 2 423 420 
5 3 0 381 422 
6 2 425 422 
7 3 0 379 424 
6 2 427 424 
5 3 0 382 426 
6 2 429 426 
7 3 0 378 428 
6 2 431 428 
5 3 0 383 430 
6 2 433 430 
7 3 0 377 432 
6 2 435 432 
5 3 0 384 434 
6 2 437 434 
7 3 0 376 436 
6 2 439 436 
5 3 0 385 438 
6 2 441 438 
7 3 0 375 440 
6 2 443 440 
5 3 0 386 442 
6 2 445 442 
7 3 0 374 444 
6 2 447 444 
5 3 0 387 446 
6 2 449 446 
7 3 0 373 448 
6 2 451 448 
5 3 0 388 450 
6 2 453 450 
7 3 0 372 452 
6 2 455 452 
8 3 454 456 0 
9 2 0 457 
6 2 458 457 
10 2 0 459 
9 3 0 460 459 
6 2 461 459 
10 2 0 462 
9 3 0 463 462 
6 2 464 462 
10 2 0 465 
9 3 0 466 465 
6 2 467 465 
10 2 0 468 
9 3 0 469 468 
6 2 470 468 
10 2 0 471 
9 3 0 472 471 
6 2 473 471 
10 2 0 474 
9 3 0 475 474 
6 2 476 474 
10 2 0 477 
9 3 0 478 477 
6 2 479 477 
10 2 0 480 
9 3 0 481 480 
6 2 482 480 
10 2 0 483 
9 3 0 484 483 
6 2 485 483 
10 2 0 486 
9 3 0 487 486 
6 2 488 486 
10 2 0 489 
9 3 0 490 489 
6 2 491 489 
10 2 0 492 
9 3 0 493 492 
6 2 494 492 
10 2 0 495 
9 3 0 496 495 
6 2 497 495 
10 2 0 498 
9 3 0 499 498 
6 2 500 498 
10 2 0 501 
9 3 0 502 501 
6 2 503 501 
10 2 0 504 
11 16 460 463 466 469 472 475 478 481 484 487 490 493 496 499 502 505 
1 0 
1 0 
1 0 
1 0 
1 0 
2 2 0 507 
3 1 512 
4 2 0 511 
3 1 514 
5 3 0 508 513 
6 2 516 513 
7 3 0 510 515 
6 2 518 515 
5 3 0 509 517 
6 2 520 517 
7 3 0 509 519 
6 2 522 519 
5 3 0 510 521 
6 2 524 521 
7 3 0 508 523 
6 2 526 523 
5 3 0 511 525 
6 2 528 525 
7 3 0 507 527 
6 2 530 527 
8 3 529 531 0 
9 2 0 532 
6 2 533 532 
10 2 0 534 
9 3 0 535 534 
6 2 536 534 
10 2 0 537 
9 3 0 538 537 
6 2 539 537 
10 2 0 540 
9 3 0 541 540 
6 2 542 540 
10 2 0 543 
11 4 535 538 541 544 
1 0 
1 0 
1 0 
1 0 
1 0 
1 0 
1 0 
1 0 
1 0 
1 0 
1 0 
1 0 
1 0 
1 0 
1 0 
2 2 0 546 
3 1 561 
4 2 0 560 
3 1 563 
5 3 0 547 562 
6 2 565 562 
7 3 0 559 564 
6 2 567 564 
5 3 0 548 566 
6 2 569 566 
7 3 0 558 568 
6 2 571 568 
5 3 0 549 570 
6 2 573 570 
7 3 0 557 572 
6 2 575 572 
5 3 0 550 574 
6 2 577 574 
7 3 0 556 576 
6 2 579 576 
5 3 0 551 578 
6 2 581 578 
7 3 0 555 580 
6 2 583 580 
5 3 0 552 582 
6 2 585 582 
7 3 0 554 584 
6 2 587 584 
5 3 0 553 586 
6 2 589 586 
7 3 0 553 588 
6 2 591 588 
5 3 0 554 590 
6 2 593 590 
7 3 0 552 592 
6 2 595 592 
5 3 0 555 594 
6 2 597 594 
7 3 0 551 596 
6 2 599 596 
5 3 0 556 598 
6 2 601 598 
7 3 0 550 600 
6 2 603 600 
5 3 0 557 602 
6 2 605 602 
7 3 0 549 604 
6 2 607 604 
5 3 0 558 606 
6 2 609 606 
7 3 0 548 608 
6 2 611 608 
5 3 0 559 610 
6 2 613 610 
7 3 0 547 612 
6 2 615 612 
5 3 0 560 614 
6 2 617 614 
7 3 0 546 616 
6 2 619 616 
8 3 618 620 0 
9 2 0 621 
6 2 622 621 
10 2 0 623 
9 3 0 624 623 
6 2 625 623 
10 2 0 626 
9 3 0 627 626 
6 2 628 626 
10 2 0 629 
9 3 0 630 629 
6 2 631 629 
10 2 0 632 
9 3 0 633 632 
6 2 634 632 
10 2 0 635 
9 3 0 636 635 
6 2 637 635 
10 2 0 638 
9 3 0 639 638 
6 2 640 638 
10 2 0 641 
9 3 0 642 641 
6 2 643 641 
10 2 0 644 
9 3 0 645 644 
6 2 646 644 
10 2 0 647 
9 3 0 648 647 
6 2 649 647 
10 2 0 650 
9 3 0 651 650 
6 2 652 650 
10 2 0 653 
9 3 0 654 653 
6 2 655 653 
10 2 0 656 
9 3 0 657 656 
6 2 658 656 
10 2 0 659 
9 3 0 660 659 
6 2 661 659 
10 2 0 662 
11 14 624 627 630 633 636 639 642 645 648 651 654 657 660 663 
1 0 
1 0 
1 0 
1 0 
1 0 
1 0 
1 0 
1 0 
1 0 
2 2 0 665 
3 1 674 
4 2 0 673 
3 1 676 
5 3 0 666 675 
6 2 678 675 
7 3 0 672 677 
6 2 680 677 
5 3 0 667 679 
6 2 682 679 
7 3 0 671 681 
6 2 684 681 
5 3 0 668 683 
6 2 686 683 
7 3 0 670 685 
6 2 688 685 
5 3 0 669 687 
6 2 690 687 
7 3 0 669 689 
6 2 692 689 
5 3 0 670 691 
6 2 694 691 
7 3 0 668 693 
6 2 696 693 
5 3 0 671 695 
6 2 698 695 
7 3 0 667 697 
6 2 700 697 
5 3 0 672 699 
6 2 702 699 
7 3 0 666 701 
6 2 704 701 
5 3 0 673 703 
6 2 706 703 
7 3 0 665 705 
6 2 708 705 
8 3 707 709 0 
9 2 0 710 
6 2 711 710 
10 2 0 712 
9 3 0 713 712 
6 2 714 712 
10 2 0 715 
9 3 0 716 715 
6 2 717 715 
10 2 0 718 
9 3 0 719 718 
6 2 720 718 
10 2 0 721 
9 3 0 722 721 
6 2 723 721 
10 2 0 724 
9 3 0 725 724 
6 2 726 724 
10 2 0 727 
9 3 0 728 727 
6 2 729 727 
10 2 0 730 
9 3 0 731 730 
6 2 732 730 
10 2 0 733 
11 8 713 716 719 722 725 728 731 734 
1 0 
1 0 
1 0 
1 0 
1 0 
1 0 
1 0 
1 0 
2 2 0 736 
3 1 744 
4 2 0 743 
3 1 746 
5 3 0 737 745 
6 2 748 745 
7 3 0 742 747 
6 2 750 747 
5 3 0 738 749 
6 2 752 749 
7 3 0 741 751 
6 2 754 751 
5 3 0 739 753 
6 2 756 753 
7 3 0 740 755 
6 2 758 755 
5 3 0 740 757 
6 2 760 757 
7 3 0 739 759 
6 2 762 759 
5 3 0 741 761 
6 2 764 761 
7 3 0 738 763 
6 2 766 763 
5 3 0 742 765 
6 2 768 765 
7 3 0 737 767 
6 2 770 767 
5 3 0 743 769 
6 2 772 769 
7 3 0 736 771 
6 2 774 771 
8 3 773 775 0 
9 2 0 776 
6 2 777 776 
10 2 0 778 
9 3 0 779 778 
6 2 780 778 
10 2 0 781 
9 3 0 782 781 
6 2 783 781 
10 2 0 784 
9 3 0 785 784 
6 2 786 784 
10 2 0 787 
9 3 0 788 787 
6 2 789 787 
10 2 0 790 
9 3 0 791 790 
6 2 792 790 
10 2 0 793 
9 3 0 794 793 
6 2 795 793 
10 2 0 796 
11 7 779 782 785 788 791 794 797 
1 0 
1 0 
1 0 
1 0 
1 0 
1 0 
1 0 
1 0 
1 0 
1 0 
2 2 0 799 
3 1 809 
4 2 0 808 
3 1 811 
5 3 0 800 810 
6 2 813 810 
7 3 0 807 812 
6 2 815 812 
5 3 0 801 814 
6 2 817 814 
7 3 0 806 816 
6 2 819 816 
5 3 0 802 818 
6 2 821 818 
7 3 0 805 820 
6 2 823 820 
5 3 0 803 822 
6 2 825 822 
7 3 0 804 824 
6 2 827 824 
5 3 0 804 826 
6 2 829 826 
7 3 0 803 828 
6 2 831 828 
5 3 0 805 830 
6 2 833 830 
7 3 0 802 832 
6 2 835 832 
5 3 0 806 834 
6 2 837 834 
7 3 0 801 836 
6 2 839 836 
5 3 0 807 838 
6 2 841 838 
7 3 0 800 840 
6 2 843 840 
5 3 0 808 842 
6 2 845 842 
7 3 0 799 844 
6 2 847 844 
8 3 846 848 0 
9 2 0 849 
6 2 850 849 
10 2 0 851 
9 3 0 852 851 
6 2 853 851 
10 2 0 854 
9 3 0 855 854 
6 2 856 854 
10 2 0 857 
9 3 0 858 857 
6 2 859 857 
10 2 0 860 
9 3 0 861 860 
6 2 862 860 
10 2 0 863 
9 3 0 864 863 
6 2 865 863 
10 2 0 866 
9 3 0 867 866 
6 2 868 866 
10 2 0 869 
9 3 0 870 869 
6 2 871 869 
10 2 0 872 
9 3 0 873 872 
6 2 874 872 
10 2 0 875 
11 9 852 855 858 861 864 867 870 873 876 
1 0 
1 0 
1 0 
1 0 
1 0 
1 0 
1 0 
1 0 
1 0 
2 2 0 878 
3 1 887 
4 2 0 886 
3 1 889 
5 3 0 879 888 
6 2 891 888 
7 3 0 885 890 
6 2 893 890 
5 3 0 880 892 
6 2 895 892 
7 3 0 884 894 
6 2 897 894 
5 3 0 881 896 
6 2 899 896 
7 3 0 883 898 
6 2 901 898 
5 3 0 882 900 
6 2 903 900 
7 3 0 882 902 
6 2 905 902 
5 3 0 883 904 
6 2 907 904 
7 3 0 881 906 
6 2 909 906 
5 3 0 884 908 
6 2 911 908 
7 3 0 880 910 
6 2 913 910 
5 3 0 885 912 
6 2 915 912 
7 3 0 879 914 
6 2 917 914 
5 3 0 886 916 
6 2 919 916 
7 3 0 878 918 
6 2 921 918 
8 3 920 922 0 
9 2 0 923 
6 2 924 923 
10 2 0 925 
9 3 0 926 925 
6 2 927 925 
10 2 0 928 
9 3 0 929 928 
6 2 930 928 
10 2 0 931 
9 3 0 932 931 
6 2 933 931 
10 2 0 934 
9 3 0 935 934 
6 2 936 934 
10 2 0 937 
9 3 0 938 937 
6 2 939 937 
10 2 0 940 
9 3 0 941 940 
6 2 942 940 
10 2 0 943 
9 3 0 944 943 
6 2 945 943 
10 2 0 946 
11 8 926 929 932 935 938 941 944 947 
1 0 
1 0 
1 0 
1 0 
1 0 
1 0 
1 0 
1 0 
1 0 
2 2 0 949 
3 1 958 
4 2 0 957 
3 1 960 
5 3 0 950 959 
6 2 962 959 
7 3 0 956 961 
6 2 964 961 
5 3 0 951 963 
6 2 966 963 
7 3 0 955 965 
6 2 968 965 
5 3 0 952 967 
6 2 970 967 
7 3 0 954 969 
6 2 972 969 
5 3 0 953 971 
6 2 974 971 
7 3 0 953 973 
6 2 976 973 
5 3 0 954 975 
6 2 978 975 
7 3 0 952 977 
6 2 980 977 
5 3 0 955 979 
6 2 982 979 
7 3 0 951 981 
6 2 984 981 
5 3 0 956 983 
6 2 986 983 
7 3 0 950 985 
6 2 988 985 
5 3 0 957 987 
6 2 990 987 
7 3 0 949 989 
6 2 992 989 
8 3 991 993 0 
9 2 0 994 
6 2 995 994 
10 2 0 996 
9 3 0 997 996 
6 2 998 996 
10 2 0 999 
9 3 0 1000 999 
6 2 1001 999 
10 2 0 1002 
9 3 0 1003 1002 
6 2 1004 1002 
10 2 0 1005 
9 3 0 1006 1005 
6 2 1007 1005 
10 2 0 1008 
9 3 0 1009 1008 
6 2 1010 1008 
10 2 0 1011 
9 3 0 1012 1011 
6 2 1013 1011 
10 2 0 1014 
9 3 0 1015 1014 
6 2 1016 1014 
10 2 0 1017 
11 8 997 1000 1003 1006 1009 1012 1015 1018 
1 0 
1 0 
1 0 
1 0 
1 0 
1 0 
1 0 
1 0 
1 0 
1 0 
1 0 
1 0 
1 0 
2 2 0 1020 
3 1 1033 
4 2 0 1032 
3 1 1035 
5 3 0 1021 1034 
6 2 1037 1034 
7 3 0 1031 1036 
6 2 1039 1036 
5 3 0 1022 1038 
6 2 1041 1038 
7 3 0 1030 1040 
6 2 1043 1040 
5 3 0 1023 1042 
6 2 1045 1042 
7 3 0 1029 1044 
6 2 1047 1044 
5 3 0 1024 1046 
6 2 1049 1046 
7 3 0 1028 1048 
6 2 1051 1048 
5 3 0 1025 1050 
6 2 1053 1050 
7 3 0 1027 1052 
6 2 1055 1052 
5 3 0 1026 1054 
6 2 1057 1054 
7 3 0 1026 1056 
6 2 1059 1056 
5 3 0 1027 1058 
6 2 1061 1058 
7 3 0 1025 1060 
6 2 1063 1060 
5 3 0 1028 1062 
6 2 1065 1062 
7 3 0 1024 1064 
6 2 1067 1064 
5 3 0 1029 1066 
6 2 1069 1066 
7 3 0 1023 1068 
6 2 1071 1068 
5 3 0 1030 1070 
6 2 1073 1070 
7 3 0 1022 1072 
6 2 1075 1072 
5 3 0 1031 1074 
6 2 1077 1074 
7 3 0 1021 1076 
6 2 1079 1076 
5 3 0 1032 1078 
6 2 1081 1078 
7 3 0 1020 1080 
6 2 1083 1080 
8 3 1082 1084 0 
9 2 0 1085 
6 2 1086 1085 
10 2 0 1087 
9 3 0 1088 1087 
6 2 1089 1087 
10 2 0 1090 
9 3 0 1091 1090 
6 2 1092 1090 
10 2 0 1093 
9 3 0 1094 1093 
6 2 1095 1093 
10 2 0 1096 
9 3 0 1097 1096 
6 2 1098 1096 
10 2 0 1099 
9 3 0 1100 1099 
6 2 1101 1099 
10 2 0 1102 
9 3 0 1103 1102 
6 2 1104 1102 
10 2 0 1105 
9 3 0 1106 1105 
6 2 1107 1105 
10 2 0 1108 
9 3 0 1109 1108 
6 2 1110 1108 
10 2 0 1111 
9 3 0 1112 1111 
6 2 1113 1111 
10 2 0 1114 
9 3 0 1115 1114 
6 2 1116 1114 
10 2 0 1117 
9 3 0 1118 1117 
6 2 1119 1117 
10 2 0 1120 
11 12 1088 1091 1094 1097 1100 1103 1106 1109 1112 1115 1118 1121 
1 0 
1 0 
1 0 
1 0 
1 0 
1 0 
1 0 
1 0 
1 0 
1 0 
2 2 0 1123 
3 1 1133 
4 2 0 1132 
3 1 1135 
5 3 0 1124 1134 
6 2 1137 1134 
7 3 0 1131 1136 
6 2 1139 1136 
5 3 0 1125 1138 
6 2 1141 1138 
7 3 0 1130 1140 
6 2 1143 1140 
5 3 0 1126 1142 
6 2 1145 1142 
7 3 0 1129 1144 
6 2 1147 1144 
5 3 0 1127 1146 
6 2 1149 1146 
7 3 0 1128 1148 
6 2 1151 1148 
5 3 0 1128 1150 
6 2 1153 1150 
7 3 0 1127 1152 
6 2 1155 1152 
5 3 0 1129 1154 
6 2 1157 1154 
7 3 0 1126 1156 
6 2 1159 1156 
5 3 0 1130 1158 
6 2 1161 1158 
7 3 0 1125 1160 
6 2 1163 1160 
5 3 0 1131 1162 
6 2 1165 1162 
7 3 0 1124 1164 
6 2 1167 1164 
5 3 0 1132 1166 
6 2 1169 1166 
7 3 0 1123 1168 
6 2 1171 1168 
8 3 1170 1172 0 
9 2 0 1173 
6 2 1174 1173 
10 2 0 1175 
9 3 0 1176 1175 
6 2 1177 1175 
10 2 0 1178 
9 3 0 1179 1178 
6 2 1180 1178 
10 2 0 1181 
9 3 0 1182 1181 
6 2 1183 1181 
10 2 0 1184 
9 3 0 1185 1184 
6 2 1186 1184 
10 2 0 1187 
9 3 0 1188 1187 
6 2 1189 1187 
10 2 0 1190 
9 3 0 1191 1190 
6 2 1192 1190 
10 2 0 1193 
9 3 0 1194 1193 
6 2 1195 1193 
10 2 0 1196 
9 3 0 1197 1196 
6 2 1198 1196 
10 2 0 1199 
11 9 1176 1179 1182 1185 1188 1191 1194 1197 1200 
1 0 
1 0 
1 0 
1 0 
1 0 
1 0 
1 0 
1 0 
1 0 
1 0 
2 2 0 1202 
3 1 1212 
4 2 0 1211 
3 1 1214 
5 3 0 1203 1213 
6 2 1216 1213 
7 3 0 1210 1215 
6 2 1218 1215 
5 3 0 1204 1217 
6 2 1220 1217 
7 3 0 1209 1219 
6 2 1222 1219 
5 3 0 1205 1221 
6 2 1224 1221 
7 3 0 1208 1223 
6 2 1226 1223 
5 3 0 1206 1225 
6 2 1228 1225 
7 3 0 1207 1227 
6 2 1230 1227 
5 3 0 1207 1229 
6 2 1232 1229 
7 3 0 1206 1231 
6 2 1234 1231 
5 3 0 1208 1233 
6 2 1236 1233 
7 3 0 1205 1235 
6 2 1238 1235 
5 3 0 1209 1237 
6 2 1240 1237 
7 3 0 1204 1239 
6 2 1242 1239 
5 3 0 1210 1241 
6 2 1244 1241 
7 3 0 1203 1243 
6 2 1246 1243 
5 3 0 1211 1245 
6 2 1248 1245 
7 3 0 1202 1247 
6 2 1250 1247 
8 3 1249 1251 0 
9 2 0 1252 
6 2 1253 1252 
10 2 0 1254 
9 3 0 1255 1254 
6 2 1256 1254 
10 2 0 1257 
9 3 0 1258 1257 
6 2 1259 1257 
10 2 0 1260 
9 3 0 1261 1260 
6 2 1262 1260 
10 2 0 1263 
9 3 0 1264 1263 
6 2 1265 1263 
10 2 0 1266 
9 3 0 1267 1266 
6 2 1268 1266 
10 2 0 1269 
9 3 0 1270 1269 
6 2 1271 1269 
10 2 0 1272 
9 3 0 1273 1272 
6 2 1274 1272 
10 2 0 1275 
9 3 0 1276 1275 
6 2 1277 1275 
10 2 0 1278 
11 9 1255 1258 1261 1264 1267 1270 1273 1276 1279 
1 0 
1 0 
1 0 
1 0 
1 0 
1 0 
1 0 
1 0 
1 0 
1 0 
1 0 
2 2 0 1281 
3 1 1292 
4 2 0 1291 
3 1 1294 
5 3 0 1282 1293 
6 2 1296 1293 
7 3 0 1290 1295 
6 2 1298 1295 
5 3 0 1283 1297 
6 2 1300 1297 
7 3 0 1289 1299 
6 2 1302 1299 
5 3 0 1284 1301 
6 2 1304 1301 
7 3 0 1288 1303 
6 2 1306 1303 
5 3 0 1285 1305 
6 2 1308 1305 
7 3 0 1287 1307 
6 2 1310 1307 
5 3 0 1286 1309 
6 2 1312 1309 
7 3 0 1286 1311 
6 2 1314 1311 
5 3 0 1287 1313 
6 2 1316 1313 
7 3 0 1285 1315 
6 2 1318 1315 
5 3 0 1288 1317 
6 2 1320 1317 
7 3 0 1284 1319 
6 2 1322 1319 
5 3 0 1289 1321 
6 2 1324 1321 
7 3 0 1283 1323 
6 2 1326 1323 
5 3 0 1290 1325 
6 2 1328 1325 
7 3 0 1282 1327 
6 2 1330 1327 
5 3 0 1291 1329 
6 2 1332 1329 
7 3 0 1281 1331 
6 2 1334 1331 
8 3 1333 1335 0 
9 2 0 1336 
6 2 1337 1336 
10 2 0 1338 
9 3 0 1339 1338 
6 2 1340 1338 
10 2 0 1341 
9 3 0 1342 1341 
6 2 1343 1341 
10 2 0 1344 
9 3 0 1345 1344 
6 2 1346 1344 
10 2 0 1347 
9 3 0 1348 1347 
6 2 1349 1347 
10 2 0 1350 
9 3 0 1351 1350 
6 2 1352 1350 
10 2 0 1353 
9 3 0 1354 1353 
6 2 1355 1353 
10 2 0 1356 
9 3 0 1357 1356 
6 2 1358 1356 
10 2 0 1359 
9 3 0 1360 1359 
6 2 1361 1359 
10 2 0 1362 
9 3 0 1363 1362 
6 2 1364 1362 
10 2 0 1365 
11 10 1339 1342 1345 1348 1351 1354 1357 1360 1363 1366 
1 0 
1 0 
1 0 
1 0 
1 0 
1 0 
1 0 
1 0 
1 0 
2 2 0 1368 
3 1 1377 
4 2 0 1376 
3 1 1379 
5 3 0 1369 1378 
6 2 1381 1378 
7 3 0 1375 1380 
6 2 1383 1380 
5 3 0 1370 1382 
6 2 1385 1382 
7 3 0 1374 1384 
6 2 1387 1384 
5 3 0 1371 1386 
6 2 1389 1386 
7 3 0 1373 1388 
6 2 1391 1388 
5 3 0 1372 1390 
6 2 1393 1390 
7 3 0 1372 1392 
6 2 1395 1392 
5 3 0 1373 1394 
6 2 1397 1394 
7 3 0 1371 1396 
6 2 1399 1396 
5 3 0 1374 1398 
6 2 1401 1398 
7 3 0 1370 1400 
6 2 1403 1400 
5 3 0 1375 1402 
6 2 1405 1402 
7 3 0 1369 1404 
6 2 1407 1404 
5 3 0 1376 1406 
6 2 1409 1406 
7 3 0 1368 1408 
6 2 1411 1408 
8 3 1410 1412 0 
9 2 0 1413 
6 2 1414 1413 
10 2 0 1415 
9 3 0 1416 1415 
6 2 1417 1415 
10 2 0 1418 
9 3 0 1419 1418 
6 2 1420 1418 
10 2 0 1421 
9 3 0 1422 1421 
6 2 1423 1421 
10 2 0 1424 
9 3 0 1425 1424 
6 2 1426 1424 
10 2 0 1427 
9 3 0 1428 1427 
6 2 1429 1427 
10 2 0 1430 
9 3 0 1431 1430 
6 2 1432 1430 
10 2 0 1433 
9 3 0 1434 1433 
6 2 1435 1433 
10 2 0 1436 
11 8 1416 1419 1422 1425 1428 1431 1434 1437 
1 0 
1 0 
1 0 
1 0 
1 0 
1 0 
2 2 0 1439 
3 1 1445 
4 2 0 1444 
3 1 1447 
5 3 0 1440 1446 
6 2 1449 1446 
7 3 0 1443 1448 
6 2 1451 1448 
5 3 0 1441 1450 
6 2 1453 1450 
7 3 0 1442 1452 
6 2 1455 1452 
5 3 0 1442 1454 
6 2 1457 1454 
7 3 0 1441 1456 
6 2 1459 1456 
5 3 0 1443 1458 
6 2 1461 1458 
7 3 0 1440 1460 
6 2 1463 1460 
5 3 0 1444 1462 
6 2 1465 1462 
7 3 0 1439 1464 
6 2 1467 1464 
8 3 1466 1468 0 
9 2 0 1469 
6 2 1470 1469 
10 2 0 1471 
9 3 0 1472 1471 
6 2 1473 1471 
10 2 0 1474 
9 3 0 1475 1474 
6 2 1476 1474 
10 2 0 1477 
9 3 0 1478 1477 
6 2 1479 1477 
10 2 0 1480 
9 3 0 1481 1480 
6 2 1482 1480 
10 2 0 1483 
11 5 1472 1475 1478 1481 1484 
1 0 
1 0 
1 0 
1 0 
1 0 
1 0 
1 0 
1 0 
1 0 
2 2 0 1486 
3 1 1495 
4 2 0 1494 
3 1 1497 
5 3 0 1487 1496 
6 2 1499 1496 
7 3 0 1493 1498 
6 2 1501 1498 
5 3 0 1488 1500 
6 2 1503 1500 
7 3 0 1492 1502 
6 2 1505 1502 
5 3 0 1489 1504 
6 2 1507 1504 
7 3 0 1491 1506 
6 2 1509 1506 
5 3 0 1490 1508 
6 2 1511 1508 
7 3 0 1490 1510 
6 2 1513 1510 
5 3 0 1491 1512 
6 2 1515 1512 
7 3 0 1489 1514 
6 2 1517 1514 
5 3 0 1492 1516 
6 2 1519 1516 
7 3 0 1488 1518 
6 2 1521 1518 
5 3 0 1493 1520 
6 2 1523 1520 
7 3 0 1487 1522 
6 2 1525 1522 
5 3 0 1494 1524 
6 2 1527 1524 
7 3 0 1486 1526 
6 2 1529 1526 
8 3 1528 1530 0 
9 2 0 1531 
6 2 1532 1531 
10 2 0 1533 
9 3 0 1534 1533 
6 2 1535 1533 
10 2 0 1536 
9 3 0 1537 1536 
6 2 1538 1536 
10 2 0 1539 
9 3 0 1540 1539 
6 2 1541 1539 
10 2 0 1542 
9 3 0 1543 1542 
6 2 1544 1542 
10 2 0 1545 
9 3 0 1546 1545 
6 2 1547 1545 
10 2 0 1548 
9 3 0 1549 1548 
6 2 1550 1548 
10 2 0 1551 
9 3 0 1552 1551 
6 2 1553 1551 
10 2 0 1554 
11 8 1534 1537 1540 1543 1546 1549 1552 1555 
1 0 
1 0 
1 0 
1 0 
1 0 
1 0 
1 0 
2 2 0 1557 
3 1 1564 
4 2 0 1563 
3 1 1566 
5 3 0 1558 1565 
6 2 1568 1565 
7 3 0 1562 1567 
6 2 1570 1567 
5 3 0 1559 1569 
6 2 1572 1569 
7 3 0 1561 1571 
6 2 1574 1571 
5 3 0 1560 1573 
6 2 1576 1573 
7 3 0 1560 1575 
6 2 1578 1575 
5 3 0 1561 1577 
6 2 1580 1577 
7 3 0 1559 1579 
6 2 1582 1579 
5 3 0 1562 1581 
6 2 1584 1581 
7 3 0 1558 1583 
6 2 1586 1583 
5 3 0 1563 1585 
6 2 1588 1585 
7 3 0 1557 1587 
6 2 1590 1587 
8 3 1589 1591 0 
9 2 0 1592 
6 2 1593 1592 
10 2 0 1594 
9 3 0 1595 1594 
6 2 1596 1594 
10 2 0 1597 
9 3 0 1598 1597 
6 2 1599 1597 
10 2 0 1600 
9 3 0 1601 1600 
6 2 1602 1600 
10 2 0 1603 
9 3 0 1604 1603 
6 2 1605 1603 
10 2 0 1606 
9 3 0 1607 1606 
6 2 1608 1606 
10 2 0 1609 
11 6 1595 1598 1601 1604 1607 1610 
1 0 
1 0 
1 0 
1 0 
1 0 
1 0 
1 0 
2 2 0 1612 
3 1 1619 
4 2 0 1618 
3 1 1621 
5 3 0 1613 1620 
6 2 1623 1620 
7 3 0 1617 1622 
6 2 1625 1622 
5 3 0 1614 1624 
6 2 1627 1624 
7 3 0 1616 1626 
6 2 1629 1626 
5 3 0 1615 1628 
6 2 1631 1628 
7 3 0 1615 1630 
6 2 1633 1630 
5 3 0 1616 1632 
6 2 1635 1632 
7 3 0 1614 1634 
6 2 1637 1634 
5 3 0 1617 1636 
6 2 1639 1636 
7 3 0 1613 1638 
6 2 1641 1638 
5 3 0 1618 1640 
6 2 1643 1640 
7 3 0 1612 1642 
6 2 1645 1642 
8 3 1644 1646 0 
9 2 0 1647 
6 2 1648 1647 
10 2 0 1649 
9 3 0 1650 1649 
6 2 1651 1649 
10 2 0 1652 
9 3 0 1653 1652 
6 2 1654 1652 
10 2 0 1655 
9 3 0 1656 1655 
6 2 1657 1655 
10 2 0 1658 
9 3 0 1659 1658 
6 2 1660 1658 
10 2 0 1661 
9 3 0 1662 1661 
6 2 1663 1661 
10 2 0 1664 
11 6 1650 1653 1656 1659 1662 1665 
1 0 
1 0 
1 0 
1 0 
1 0 
1 0 
1 0 
1 0 
1 0 
1 0 
1 0 
1 0 
1 0 
1 0 
1 0 
2 2 0 1667 
3 1 1682 
4 2 0 1681 
3 1 1684 
5 3 0 1668 1683 
6 2 1686 1683 
7 3 0 1680 1685 
6 2 1688 1685 
5 3 0 1669 1687 
6 2 1690 1687 
7 3 0 1679 1689 
6 2 1692 1689 
5 3 0 1670 1691 
6 2 1694 1691 
7 3 0 1678 1693 
6 2 1696 1693 
5 3 0 1671 1695 
6 2 1698 1695 
7 3 0 1677 1697 
6 2 1700 1697 
5 3 0 1672 1699 
6 2 1702 1699 
7 3 0 1676 1701 
6 2 1704 1701 
5 3 0 1673 1703 
6 2 1706 1703 
7 3 0 1675 1705 
6 2 1708 1705 
5 3 0 1674 1707 
6 2 1710 1707 
7 3 0 1674 1709 
6 2 1712 1709 
5 3 0 1675 1711 
6 2 1714 1711 
7 3 0 1673 1713 
6 2 1716 1713 
5 3 0 1676 1715 
6 2 1718 1715 
7 3 0 1672 1717 
6 2 1720 1717 
5 3 0 1677 1719 
6 2 1722 1719 
7 3 0 1671 1721 
6 2 1724 1721 
5 3 0 1678 1723 
6 2 1726 1723 
7 3 0 1670 1725 
6 2 1728 1725 
5 3 0 1679 1727 
6 2 1730 1727 
7 3 0 1669 1729 
6 2 1732 1729 
5 3 0 1680 1731 
6 2 1734 1731 
7 3 0 1668 1733 
6 2 1736 1733 
5 3 0 1681 1735 
6 2 1738 1735 
7 3 0 1667 1737 
6 2 1740 1737 
8 3 1739 1741 0 
9 2 0 1742 
6 2 1743 1742 
10 2 0 1744 
9 3 0 1745 1744 
6 2 1746 1744 
10 2 0 1747 
9 3 0 1748 1747 
6 2 1749 1747 
10 2 0 1750 
9 3 0 1751 1750 
6 2 1752 1750 
10 2 0 1753 
9 3 0 1754 1753 
6 2 1755 1753 
10 2 0 1756 
9 3 0 1757 1756 
6 2 1758 1756 
10 2 0 1759 
9 3 0 1760 1759 
6 2 1761 1759 
10 2 0 1762 
9 3 0 1763 1762 
6 2 1764 1762 
10 2 0 1765 
9 3 0 1766 1765 
6 2 1767 1765 
10 2 0 1768 
9 3 0 1769 1768 
6 2 1770 1768 
10 2 0 1771 
9 3 0 1772 1771 
6 2 1773 1771 
10 2 0 1774 
9 3 0 1775 1774 
6 2 1776 1774 
10 2 0 1777 
9 3 0 1778 1777 
6 2 1779 1777 
10 2 0 1780 
9 3 0 1781 1780 
6 2 1782 1780 
10 2 0 1783 
11 14 1745 1748 1751 1754 1757 1760 1763 1766 1769 1772 1775 1778 1781 1784 
1 0 
1 0 
1 0 
1 0 
1 0 
1 0 
1 0 
1 0 
1 0 
1 0 
1 0 
2 2 0 1786 
3 1 1797 
4 2 0 1796 
3 1 1799 
5 3 0 1787 1798 
6 2 1801 1798 
7 3 0 1795 1800 
6 2 1803 1800 
5 3 0 1788 1802 
6 2 1805 1802 
7 3 0 1794 1804 
6 2 1807 1804 
5 3 0 1789 1806 
6 2 1809 1806 
7 3 0 1793 1808 
6 2 1811 1808 
5 3 0 1790 1810 
6 2 1813 1810 
7 3 0 1792 1812 
6 2 1815 1812 
5 3 0 1791 1814 
6 2 1817 1814 
7 3 0 1791 1816 
6 2 1819 1816 
5 3 0 1792 1818 
6 2 1821 1818 
7 3 0 1790 1820 
6 2 1823 1820 
5 3 0 1793 1822 
6 2 1825 1822 
7 3 0 1789 1824 
6 2 1827 1824 
5 3 0 1794 1826 
6 2 1829 1826 
7 3 0 1788 1828 
6 2 1831 1828 
5 3 0 1795 1830 
6 2 1833 1830 
7 3 0 1787 1832 
6 2 1835 1832 
5 3 0 1796 1834 
6 2 1837 1834 
7 3 0 1786 1836 
6 2 1839 1836 
8 3 1838 1840 0 
9 2 0 1841 
6 2 1842 1841 
10 2 0 1843 
9 3 0 1844 1843 
6 2 1845 1843 
10 2 0 1846 
9 3 0 1847 1846 
6 2 1848 1846 
10 2 0 1849 
9 3 0 1850 1849 
6 2 1851 1849 
10 2 0 1852 
9 3 0 1853 1852 
6 2 1854 1852 
10 2 0 1855 
9 3 0 1856 1855 
6 2 1857 1855 
10 2 0 1858 
9 3 0 1859 1858 
6 2 1860 1858 
10 2 0 1861 
9 3 0 1862 1861 
6 2 1863 1861 
10 2 0 1864 
9 3 0 1865 1864 
6 2 1866 1864 
10 2 0 1867 
9 3 0 1868 1867 
6 2 1869 1867 
10 2 0 1870 
11 10 1844 1847 1850 1853 1856 1859 1862 1865 1868 1871 
1 0 
1 0 
1 0 
1 0 
1 0 
1 0 
1 0 
1 0 
1 0 
1 0 
1 0 
1 0 
2 2 0 1873 
3 1 1885 
4 2 0 1884 
3 1 1887 
5 3 0 1874 1886 
6 2 1889 1886 
7 3 0 1883 1888 
6 2 1891 1888 
5 3 0 1875 1890 
6 2 1893 1890 
7 3 0 1882 1892 
6 2 1895 1892 
5 3 0 1876 1894 
6 2 1897 1894 
7 3 0 1881 1896 
6 2 1899 1896 
5 3 0 1877 1898 
6 2 1901 1898 
7 3 0 1880 1900 
6 2 1903 1900 
5 3 0 1878 1902 
6 2 1905 1902 
7 3 0 1879 1904 
6 2 1907 1904 
5 3 0 1879 1906 
6 2 1909 1906 
7 3 0 1878 1908 
6 2 1911 1908 
5 3 0 1880 1910 
6 2 1913 1910 
7 3 0 1877 1912 
6 2 1915 1912 
5 3 0 1881 1914 
6 2 1917 1914 
7 3 0 1876 1916 
6 2 1919 1916 
5 3 0 1882 1918 
6 2 1921 1918 
7 3 0 1875 1920 
6 2 1923 1920 
5 3 0 1883 1922 
6 2 1925 1922 
7 3 0 1874 1924 
6 2 1927 1924 
5 3 0 1884 1926 
6 2 1929 1926 
7 3 0 1873 1928 
6 2 1931 1928 
8 3 1930 1932 0 
9 2 0 1933 
6 2 1934 1933 
10 2 0 1935 
9 3 0 1936 1935 
6 2 1937 1935 
10 2 0 1938 
9 3 0 1939 1938 
6 2 1940 1938 
10 2 0 1941 
9 3 0 1942 1941 
6 2 1943 1941 
10 2 0 1944 
9 3 0 1945 1944 
6 2 1946 1944 
10 2 0 1947 
9 3 0 1948 1947 
6 2 1949 1947 
10 2 0 1950 
9 3 0 1951 1950 
6 2 1952 1950 
10 2 0 1953 
9 3 0 1954 1953 
6 2 1955 1953 
10 2 0 1956 
9 3 0 1957 1956 
6 2 1958 1956 
10 2 0 1959 
9 3 0 1960 1959 
6 2 1961 1959 
10 2 0 1962 
9 3 0 1963 1962 
6 2 1964 1962 
10 2 0 1965 
11 11 1936 1939 1942 1945 1948 1951 1954 1957 1960 1963 1966 
1 0 
1 0 
1 0 
1 0 
1 0 
1 0 
1 0 
1 0 
1 0 
1 0 
1 0 
2 2 0 1968 
3 1 1979 
4 2 0 1978 
3 1 1981 
5 3 0 1969 1980 
6 2 1983 1980 
7 3 0 1977 1982 
6 2 1985 1982 
5 3 0 1970 1984 
6 2 1987 1984 
7 3 0 1976 1986 
6 2 1989 1986 
5 3 0 1971 1988 
6 2 1991 1988 
7 3 0 1975 1990 
6 2 1993 1990 
5 3 0 1972 1992 
6 2 1995 1992 
7 3 0 1974 1994 
6 2 1997 1994 
5 3 0 1973 1996 
6 2 1999 1996 
7 3 0 1973 1998 
6 2 2001 1998 
5 3 0 1974 2000 
6 2 2003 2000 
7 3 0 1972 2002 
6 2 2005 2002 
5 3 0 1975 2004 
6 2 2007 2004 
7 3 0 1971 2006 
6 2 2009 2006 
5 3 0 1976 2008 
6 2 2011 2008 
7 3 0 1970 2010 
6 2 2013 2010 
5 3 0 1977 2012 
6 2 2015 2012 
7 3 0 1969 2014 
6 2 2017 2014 
5 3 0 1978 2016 
6 2 2019 2016 
7 3 0 1968 2018 
6 2 2021 2018 
8 3 2020 2022 0 
9 2 0 2023 
6 2 2024 2023 
10 2 0 2025 
9 3 0 2026 2025 
6 2 2027 2025 
10 2 0 2028 
9 3 0 2029 2028 
6 2 2030 2028 
10 2 0 2031 
9 3 0 2032 2031 
6 2 2033 2031 
10 2 0 2034 
9 3 0 2035 2034 
6 2 2036 2034 
10 2 0 2037 
9 3 0 2038 2037 
6 2 2039 2037 
10 2 0 2040 
9 3 0 2041 2040 
6 2 2042 2040 
10 2 0 2043 
9 3 0 2044 2043 
6 2 2045 2043 
10 2 0 2046 
9 3 0 2047 2046 
6 2 2048 2046 
10 2 0 2049 
9 3 0 2050 2049 
6 2 2051 2049 
10 2 0 2052 
11 10 2026 2029 2032 2035 2038 2041 2044 2047 2050 2053 
1 0 
1 0 
1 0 
1 0 
1 0 
1 0 
1 0 
1 0 
1 0 
2 2 0 2055 
3 1 2064 
4 2 0 2063 
3 1 2066 
5 3 0 2056 2065 
6 2 2068 2065 
7 3 0 2062 2067 
6 2 2070 2067 
5 3 0 2057 2069 
6 2 2072 2069 
7 3 0 2061 2071 
6 2 2074 2071 
5 3 0 2058 2073 
6 2 2076 2073 
7 3 0 2060 2075 
6 2 2078 2075 
5 3 0 2059 2077 
6 2 2080 2077 
7 3 0 2059 2079 
6 2 2082 2079 
5 3 0 2060 2081 
6 2 2084 2081 
7 3 0 2058 2083 
6 2 2086 2083 
5 3 0 2061 2085 
6 2 2088 2085 
7 3 0 2057 2087 
6 2 2090 2087 
5 3 0 2062 2089 
6 2 2092 2089 
7 3 0 2056 2091 
6 2 2094 2091 
5 3 0 2063 2093 
6 2 2096 2093 
7 3 0 2055 2095 
6 2 2098 2095 
8 3 2097 2099 0 
9 2 0 2100 
6 2 2101 2100 
10 2 0 2102 
9 3 0 2103 2102 
6 2 2104 2102 
10 2 0 2105 
9 3 0 2106 2105 
6 2 2107 2105 
10 2 0 2108 
9 3 0 2109 2108 
6 2 2110 2108 
10 2 0 2111 
9 3 0 2112 2111 
6 2 2113 2111 
10 2 0 2114 
9 3 0 2115 2114 
6 2 2116 2114 
10 2 0 2117 
9 3 0 2118 2117 
6 2 2119 2117 
10 2 0 2120 
9 3 0 2121 2120 
6 2 2122 2120 
10 2 0 2123 
11 8 2103 2106 2109 2112 2115 2118 2121 2124 
1 0 
1 0 
1 0 
1 0 
1 0 
1 0 
1 0 
1 0 
1 0 
1 0 
1 0 
1 0 
1 0 
1 0 
1 0 
1 0 
2 2 0 2126 
3 1 2142 
4 2 0 2141 
3 1 2144 
5 3 0 2127 2143 
6 2 2146 2143 
7 3 0 2140 2145 
6 2 2148 2145 
5 3 0 2128 2147 
6 2 2150 2147 
7 3 0 2139 2149 
6 2 2152 2149 
5 3 0 2129 2151 
6 2 2154 2151 
7 3 0 2138 2153 
6 2 2156 2153 
5 3 0 2130 2155 
6 2 2158 2155 
7 3 0 2137 2157 
6 2 2160 2157 
5 3 0 2131 2159 
6 2 2162 2159 
7 3 0 2136 2161 
6 2 2164 2161 
5 3 0 2132 2163 
6 2 2166 2163 
7 3 0 2135 2165 
6 2 2168 2165 
5 3 0 2133 2167 
6 2 2170 2167 
7 3 0 2134 2169 
6 2 2172 2169 
5 3 0 2134 2171 
6 2 2174 2171 
7 3 0 2133 2173 
6 2 2176 2173 
5 3 0 2135 2175 
6 2 2178 2175 
7 3 0 2132 2177 
6 2 2180 2177 
5 3 0 2136 2179 
6 2 2182 2179 
7 3 0 2131 2181 
6 2 2184 2181 
5 3 0 2137 2183 
6 2 2186 2183 
7 3 0 2130 2185 
6 2 2188 2185 
5 3 0 2138 2187 
6 2 2190 2187 
7 3 0 2129 2189 
6 2 2192 2189 
5 3 0 2139 2191 
6 2 2194 2191 
7 3 0 2128 2193 
6 2 2196 2193 
5 3 0 2140 2195 
6 2 2198 2195 
7 3 0 2127 2197 
6 2 2200 2197 
5 3 0 2141 2199 
6 2 2202 2199 
7 3 0 2126 2201 
6 2 2204 2201 
8 3 2203 2205 0 
9 2 0 2206 
6 2 2207 2206 
10 2 0 2208 
9 3 0 2209 2208 
6 2 2210 2208 
10 2 0 2211 
9 3 0 2212 2211 
6 2 2213 2211 
10 2 0 2214 
9 3 0 2215 2214 
6 2 2216 2214 
10 2 0 2217 
9 3 0 2218 2217 
6 2 2219 2217 
10 2 0 2220 
9 3 0 2221 2220 
6 2 2222 2220 
10 2 0 2223 
9 3 0 2224 2223 
6 2 2225 2223 
10 2 0 2226 
9 3 0 2227 2226 
6 2 2228 2226 
10 2 0 2229 
9 3 0 2230 2229 
6 2 2231 2229 
10 2 0 2232 
9 3 0 2233 2232 
6 2 2234 2232 
10 2 0 2235 
9 3 0 2236 2235 
6 2 2237 2235 
10 2 0 2238 
9 3 0 2239 2238 
6 2 2240 2238 
10 2 0 2241 
9 3 0 2242 2241 
6 2 2243 2241 
10 2 0 2244 
9 3 0 2245 2244 
6 2 2246 2244 
10 2 0 2247 
9 3 0 2248 2247 
6 2 2249 2247 
10 2 0 2250 
11 15 2209 2212 2215 2218 2221 2224 2227 2230 2233 2236 2239 2242 2245 2248 2251 
1 0 
1 0 
1 0 
1 0 
1 0 
1 0 
1 0 
1 0 
1 0 
1 0 
1 0 
1 0 
1 0 
1 0 
1 0 
2 2 0 2253 
3 1 2268 
4 2 0 2267 
3 1 2270 
5 3 0 2254 2269 
6 2 2272 2269 
7 3 0 2266 2271 
6 2 2274 2271 
5 3 0 2255 2273 
6 2 2276 2273 
7 3 0 2265 2275 
6 2 2278 2275 
5 3 0 2256 2277 
6 2 2280 2277 
7 3 0 2264 2279 
6 2 2282 2279 
5 3 0 2257 2281 
6 2 2284 2281 
7 3 0 2263 2283 
6 2 2286 2283 
5 3 0 2258 2285 
6 2 2288 2285 
7 3 0 2262 2287 
6 2 2290 2287 
5 3 0 2259 2289 
6 2 2292 2289 
7 3 0 2261 2291 
6 2 2294 2291 
5 3 0 2260 2293 
6 2 2296 2293 
7 3 0 2260 2295 
6 2 2298 2295 
5 3 0 2261 2297 
6 2 2300 2297 
7 3 0 2259 2299 
6 2 2302 2299 
5 3 0 2262 2301 
6 2 2304 2301 
7 3 0 2258 2303 
6 2 2306 2303 
5 3 0 2263 2305 
6 2 2308 2305 
7 3 0 2257 2307 
6 2 2310 2307 
5 3 0 2264 2309 
6 2 2312 2309 
7 3 0 2256 2311 
6 2 2314 2311 
5 3 0 2265 2313 
6 2 2316 2313 
7 3 0 2255 2315 
6 2 2318 2315 
5 3 0 2266 2317 
6 2 2320 2317 
7 3 0 2254 2319 
6 2 2322 2319 
5 3 0 2267 2321 
6 2 2324 2321 
7 3 0 2253 2323 
6 2 2326 2323 
8 3 2325 2327 0 
9 2 0 2328 
6 2 2329 2328 
10 2 0 2330 
9 3 0 2331 2330 
6 2 2332 2330 
10 2 0 2333 
9 3 0 2334 2333 
6 2 2335 2333 
10 2 0 2336 
9 3 0 2337 2336 
6 2 2338 2336 
10 2 0 2339 
9 3 0 2340 2339 
6 2 2341 2339 
10 2 0 2342 
9 3 0 2343 2342 
6 2 2344 2342 
10 2 0 2345 
9 3 0 2346 2345 
6 2 2347 2345 
10 2 0 2348 
9 3 0 2349 2348 
6 2 2350 2348 
10 2 0 2351 
9 3 0 2352 2351 
6 2 2353 2351 
10 2 0 2354 
9 3 0 2355 2354 
6 2 2356 2354 
10 2 0 2357 
9 3 0 2358 2357 
6 2 2359 2357 
10 2 0 2360 
9 3 0 2361 2360 
6 2 2362 2360 
10 2 0 2363 
9 3 0 2364 2363 
6 2 2365 2363 
10 2 0 2366 
9 3 0 2367 2366 
6 2 2368 2366 
10 2 0 2369 
11 14 2331 2334 2337 2340 2343 2346 2349 2352 2355 2358 2361 2364 2367 2370 
1 0 
1 0 
1 0 
1 0 
1 0 
1 0 
1 0 
1 0 
1 0 
2 2 0 2372 
3 1 2381 
4 2 0 2380 
3 1 2383 
5 3 0 2373 2382 
6 2 2385 2382 
7 3 0 2379 2384 
6 2 2387 2384 
5 3 0 2374 2386 
6 2 2389 2386 
7 3 0 2378 2388 
6 2 2391 2388 
5 3 0 2375 2390 
6 2 2393 2390 
7 3 0 2377 2392 
6 2 2395 2392 
5 3 0 2376 2394 
6 2 2397 2394 
7 3 0 2376 2396 
6 2 2399 2396 
5 3 0 2377 2398 
6 2 2401 2398 
7 3 0 2375 2400 
6 2 2403 2400 
5 3 0 2378 2402 
6 2 2405 2402 
7 3 0 2374 2404 
6 2 2407 2404 
5 3 0 2379 2406 
6 2 2409 2406 
7 3 0 2373 2408 
6 2 2411 2408 
5 3 0 2380 2410 
6 2 2413 2410 
7 3 0 2372 2412 
6 2 2415 2412 
8 3 2414 2416 0 
9 2 0 2417 
6 2 2418 2417 
10 2 0 2419 
9 3 0 2420 2419 
6 2 2421 2419 
10 2 0 2422 
9 3 0 2423 2422 
6 2 2424 2422 
10 2 0 2425 
9 3 0 2426 2425 
6 2 2427 2425 
10 2 0 2428 
9 3 0 2429 2428 
6 2 2430 2428 
10 2 0 2431 
9 3 0 2432 2431 
6 2 2433 2431 
10 2 0 2434 
9 3 0 2435 2434 
6 2 2436 2434 
10 2 0 2437 
9 3 0 2438 2437 
6 2 2439 2437 
10 2 0 2440 
11 8 2420 2423 2426 2429 2432 2435 2438 2441 
1 0 
1 0 
1 0 
1 0 
1 0 
1 0 
1 0 
1 0 
2 2 0 2443 
3 1 2451 
4 2 0 2450 
3 1 2453 
5 3 0 2444 2452 
6 2 2455 2452 
7 3 0 2449 2454 
6 2 2457 2454 
5 3 0 2445 2456 
6 2 2459 2456 
7 3 0 2448 2458 
6 2 2461 2458 
5 3 0 2446 2460 
6 2 2463 2460 
7 3 0 2447 2462 
6 2 2465 2462 
5 3 0 2447 2464 
6 2 2467 2464 
7 3 0 2446 2466 
6 2 2469 2466 
5 3 0 2448 2468 
6 2 2471 2468 
7 3 0 2445 2470 
6 2 2473 2470 
5 3 0 2449 2472 
6 2 2475 2472 
7 3 0 2444 2474 
6 2 2477 2474 
5 3 0 2450 2476 
6 2 2479 2476 
7 3 0 2443 2478 
6 2 2481 2478 
8 3 2480 2482 0 
9 2 0 2483 
6 2 2484 2483 
10 2 0 2485 
9 3 0 2486 2485 
6 2 2487 2485 
10 2 0 2488 
9 3 0 2489 2488 
6 2 2490 2488 
10 2 0 2491 
9 3 0 2492 2491 
6 2 2493 2491 
10 2 0 2494 
9 3 0 2495 2494 
6 2 2496 2494 
10 2 0 2497 
9 3 0 2498 2497 
6 2 2499 2497 
10 2 0 2500 
9 3 0 2501 2500 
6 2 2502 2500 
10 2 0 2503 
11 7 2486 2489 2492 2495 2498 2501 2504 
1 0 
1 0 
1 0 
1 0 
1 0 
1 0 
1 0 
1 0 
1 0 
1 0 
1 0 
1 0 
2 2 0 2506 
3 1 2518 
4 2 0 2517 
3 1 2520 
5 3 0 2507 2519 
6 2 2522 2519 
7 3 0 2516 2521 
6 2 2524 2521 
5 3 0 2508 2523 
6 2 2526 2523 
7 3 0 2515 2525 
6 2 2528 2525 
5 3 0 2509 2527 
6 2 2530 2527 
7 3 0 2514 2529 
6 2 2532 2529 
5 3 0 2510 2531 
6 2 2534 2531 
7 3 0 2513 2533 
6 2 2536 2533 
5 3 0 2511 2535 
6 2 2538 2535 
7 3 0 2512 2537 
6 2 2540 2537 
5 3 0 2512 2539 
6 2 2542 2539 
7 3 0 2511 2541 
6 2 2544 2541 
5 3 0 2513 2543 
6 2 2546 2543 
7 3 0 2510 2545 
6 2 2548 2545 
5 3 0 2514 2547 
6 2 2550 2547 
7 3 0 2509 2549 
6 2 2552 2549 
5 3 0 2515 2551 
6 2 2554 2551 
7 3 0 2508 2553 
6 2 2556 2553 
5 3 0 2516 2555 
6 2 2558 2555 
7 3 0 2507 2557 
6 2 2560 2557 
5 3 0 2517 2559 
6 2 2562 2559 
7 3 0 2506 2561 
6 2 2564 2561 
8 3 2563 2565 0 
9 2 0 2566 
6 2 2567 2566 
10 2 0 2568 
9 3 0 2569 2568 
6 2 2570 2568 
10 2 0 2571 
9 3 0 2572 2571 
6 2 2573 2571 
10 2 0 2574 
9 3 0 2575 2574 
6 2 2576 2574 
10 2 0 2577 
9 3 0 2578 2577 
6 2 2579 2577 
10 2 0 2580 
9 3 0 2581 2580 
6 2 2582 2580 
10 2 0 2583 
9 3 0 2584 2583 
6 2 2585 2583 
10 2 0 2586 
9 3 0 2587 2586 
6 2 2588 2586 
10 2 0 2589 
9 3 0 2590 2589 
6 2 2591 2589 
10 2 0 2592 
9 3 0 2593 2592 
6 2 2594 2592 
10 2 0 2595 
9 3 0 2596 2595 
6 2 2597 2595 
10 2 0 2598 
11 11 2569 2572 2575 2578 2581 2584 2587 2590 2593 2596 2599 
1 0 
1 0 
1 0 
1 0 
1 0 
1 0 
1 0 
2 2 0 2601 
3 1 2608 
4 2 0 2607 
3 1 2610 
5 3 0 2602 2609 
6 2 2612 2609 
7 3 0 2606 2611 
6 2 2614 2611 
5 3 0 2603 2613 
6 2 2616 2613 
7 3 0 2605 2615 
6 2 2618 2615 
5 3 0 2604 2617 
6 2 2620 2617 
7 3 0 2604 2619 
6 2 2622 2619 
5 3 0 2605 2621 
6 2 2624 2621 
7 3 0 2603 2623 
6 2 2626 2623 
5 3 0 2606 2625 
6 2 2628 2625 
7 3 0 2602 2627 
6 2 2630 2627 
5 3 0 2607 2629 
6 2 2632 2629 
7 3 0 2601 2631 
6 2 2634 2631 
8 3 2633 2635 0 
9 2 0 2636 
6 2 2637 2636 
10 2 0 2638 
9 3 0 2639 2638 
6 2 2640 2638 
10 2 0 2641 
9 3 0 2642 2641 
6 2 2643 2641 
10 2 0 2644 
9 3 0 2645 2644 
6 2 2646 2644 
10 2 0 2647 
9 3 0 2648 2647 
6 2 2649 2647 
10 2 0 2650 
9 3 0 2651 2650 
6 2 2652 2650 
10 2 0 2653 
11 6 2639 2642 2645 2648 2651 2654 
1 0 
1 0 
1 0 
1 0 
1 0 
1 0 
1 0 
1 0 
1 0 
2 2 0 2656 
3 1 2665 
4 2 0 2664 
3 1 2667 
5 3 0 2657 2666 
6 2 2669 2666 
7 3 0 2663 2668 
6 2 2671 2668 
5 3 0 2658 2670 
6 2 2673 2670 
7 3 0 2662 2672 
6 2 2675 2672 
5 3 0 2659 2674 
6 2 2677 2674 
7 3 0 2661 2676 
6 2 2679 2676 
5 3 0 2660 2678 
6 2 2681 2678 
7 3 0 2660 2680 
6 2 2683 2680 
5 3 0 2661 2682 
6 2 2685 2682 
7 3 0 2659 2684 
6 2 2687 2684 
5 3 0 2662 2686 
6 2 2689 2686 
7 3 0 2658 2688 
6 2 2691 2688 
5 3 0 2663 2690 
6 2 2693 2690 
7 3 0 2657 2692 
6 2 2695 2692 
5 3 0 2664 2694 
6 2 2697 2694 
7 3 0 2656 2696 
6 2 2699 2696 
8 3 2698 2700 0 
9 2 0 2701 
6 2 2702 2701 
10 2 0 2703 
9 3 0 2704 2703 
6 2 2705 2703 
10 2 0 2706 
9 3 0 2707 2706 
6 2 2708 2706 
10 2 0 2709 
9 3 0 2710 2709 
6 2 2711 2709 
10 2 0 2712 
9 3 0 2713 2712 
6 2 2714 2712 
10 2 0 2715 
9 3 0 2716 2715 
6 2 2717 2715 
10 2 0 2718 
9 3 0 2719 2718 
6 2 2720 2718 
10 2 0 2721 
9 3 0 2722 2721 
6 2 2723 2721 
10 2 0 2724 
11 8 2704 2707 2710 2713 2716 2719 2722 2725 
1 0 
1 0 
1 0 
1 0 
1 0 
1 0 
1 0 
2 2 0 2727 
3 1 2734 
4 2 0 2733 
3 1 2736 
5 3 0 2728 2735 
6 2 2738 2735 
7 3 0 2732 2737 
6 2 2740 2737 
5 3 0 2729 2739 
6 2 2742 2739 
7 3 0 2731 2741 
6 2 2744 2741 
5 3 0 2730 2743 
6 2 2746 2743 
7 3 0 2730 2745 
6 2 2748 2745 
5 3 0 2731 2747 
6 2 2750 2747 
7 3 0 2729 2749 
6 2 2752 2749 
5 3 0 2732 2751 
6 2 2754 2751 
7 3 0 2728 2753 
6 2 2756 2753 
5 3 0 2733 2755 
6 2 2758 2755 
7 3 0 2727 2757 
6 2 2760 2757 
8 3 2759 2761 0 
9 2 0 2762 
6 2 2763 2762 
10 2 0 2764 
9 3 0 2765 2764 
6 2 2766 2764 
10 2 0 2767 
9 3 0 2768 2767 
6 2 2769 2767 
10 2 0 2770 
9 3 0 2771 2770 
6 2 2772 2770 
10 2 0 2773 
9 3 0 2774 2773 
6 2 2775 2773 
10 2 0 2776 
9 3 0 2777 2776 
6 2 2778 2776 
10 2 0 2779 
11 6 2765 2768 2771 2774 2777 2780 
1 0 
1 0 
1 0 
1 0 
1 0 
1 0 
1 0 
1 0 
1 0 
1 0 
2 2 0 2782 
3 1 2792 
4 2 0 2791 
3 1 2794 
5 3 0 2783 2793 
6 2 2796 2793 
7 3 0 2790 2795 
6 2 2798 2795 
5 3 0 2784 2797 
6 2 2800 2797 
7 3 0 2789 2799 
6 2 2802 2799 
5 3 0 2785 2801 
6 2 2804 2801 
7 3 0 2788 2803 
6 2 2806 2803 
5 3 0 2786 2805 
6 2 2808 2805 
7 3 0 2787 2807 
6 2 2810 2807 
5 3 0 2787 2809 
6 2 2812 2809 
7 3 0 2786 2811 
6 2 2814 2811 
5 3 0 2788 2813 
6 2 2816 2813 
7 3 0 2785 2815 
6 2 2818 2815 
5 3 0 2789 2817 
6 2 2820 2817 
7 3 0 2784 2819 
6 2 2822 2819 
5 3 0 2790 2821 
6 2 2824 2821 
7 3 0 2783 2823 
6 2 2826 2823 
5 3 0 2791 2825 
6 2 2828 2825 
7 3 0 2782 2827 
6 2 2830 2827 
8 3 2829 2831 0 
9 2 0 2832 
6 2 2833 2832 
10 2 0 2834 
9 3 0 2835 2834 
6 2 2836 2834 
10 2 0 2837 
9 3 0 2838 2837 
6 2 2839 2837 
10 2 0 2840 
9 3 0 2841 2840 
6 2 2842 2840 
10 2 0 2843 
9 3 0 2844 2843 
6 2 2845 2843 
10 2 0 2846 
9 3 0 2847 2846 
6 2 2848 2846 
10 2 0 2849 
9 3 0 2850 2849 
6 2 2851 2849 
10 2 0 2852 
9 3 0 2853 2852 
6 2 2854 2852 
10 2 0 2855 
9 3 0 2856 2855 
6 2 2857 2855 
10 2 0 2858 
11 9 2835 2838 2841 2844 2847 2850 2853 2856 2859 
1 0 
1 0 
1 0 
1 0 
1 0 
1 0 
1 0 
1 0 
1 0 
1 0 
1 0 
1 0 
1 0 
1 0 
1 0 
1 0 
1 0 
1 0 
1 0 
2 2 0 2861 
3 1 2880 
4 2 0 2879 
3 1 2882 
5 3 0 2862 2881 
6 2 2884 2881 
7 3 0 2878 2883 
6 2 2886 2883 
5 3 0 2863 2885 
6 2 2888 2885 
7 3 0 2877 2887 
6 2 2890 2887 
5 3 0 2864 2889 
6 2 2892 2889 
7 3 0 2876 2891 
6 2 2894 2891 
5 3 0 2865 2893 
6 2 2896 2893 
7 3 0 2875 2895 
6 2 2898 2895 
5 3 0 2866 2897 
6 2 2900 2897 
7 3 0 2874 2899 
6 2 2902 2899 
5 3 0 2867 2901 
6 2 2904 2901 
7 3 0 2873 2903 
6 2 2906 2903 
5 3 0 2868 2905 
6 2 2908 2905 
7 3 0 2872 2907 
6 2 2910 2907 
5 3 0 2869 2909 
6 2 2912 2909 
7 3 0 2871 2911 
6 2 2914 2911 
5 3 0 2870 2913 
6 2 2916 2913 
7 3 0 2870 2915 
6 2 2918 2915 
5 3 0 2871 2917 
6 2 2920 2917 
7 3 0 2869 2919 
6 2 2922 2919 
5 3 0 2872 2921 
6 2 2924 2921 
7 3 0 2868 2923 
6 2 2926 2923 
5 3 0 2873 2925 
6 2 2928 2925 
7 3 0 2867 2927 
6 2 2930 2927 
5 3 0 2874 2929 
6 2 2932 2929 
7 3 0 2866 2931 
6 2 2934 2931 
5 3 0 2875 2933 
6 2 2936 2933 
7 3 0 2865 2935 
6 2 2938 2935 
5 3 0 2876 2937 
6 2 2940 2937 
7 3 0 2864 2939 
6 2 2942 2939 
5 3 0 2877 2941 
6 2 2944 2941 
7 3 0 2863 2943 
6 2 2946 2943 
5 3 0 2878 2945 
6 2 2948 2945 
7 3 0 2862 2947 
6 2 2950 2947 
5 3 0 2879 2949 
6 2 2952 2949 
7 3 0 2861 2951 
6 2 2954 2951 
8 3 2953 2955 0 
9 2 0 2956 
6 2 2957 2956 
10 2 0 2958 
9 3 0 2959 2958 
6 2 2960 2958 
10 2 0 2961 
9 3 0 2962 2961 
6 2 2963 2961 
10 2 0 2964 
9 3 0 2965 2964 
6 2 2966 2964 
10 2 0 2967 
9 3 0 2968 2967 
6 2 2969 2967 
10 2 0 2970 
9 3 0 2971 2970 
6 2 2972 2970 
10 2 0 2973 
9 3 0 2974 2973 
6 2 2975 2973 
10 2 0 2976 
9 3 0 2977 2976 
6 2 2978 2976 
10 2 0 2979 
9 3 0 2980 2979 
6 2 2981 2979 
10 2 0 2982 
9 3 0 2983 2982 
6 2 2984 2982 
10 2 0 2985 
9 3 0 2986 2985 
6 2 2987 2985 
10 2 0 2988 
9 3 0 2989 2988 
6 2 2990 2988 
10 2 0 2991 
9 3 0 2992 2991 
6 2 2993 2991 
10 2 0 2994 
9 3 0 2995 2994 
6 2 2996 2994 
10 2 0 2997 
9 3 0 2998 2997 
6 2 2999 2997 
10 2 0 3000 
9 3 0 3001 3000 
6 2 3002 3000 
10 2 0 3003 
9 3 0 3004 3003 
6 2 3005 3003 
10 2 0 3006 
9 3 0 3007 3006 
6 2 3008 3006 
10 2 0 3009 
11 18 2959 2962 2965 2968 2971 2974 2977 2980 2983 2986 2989 2992 2995 2998 3001 3004 3007 3010 
1 0 
1 0 
1 0 
1 0 
1 0 
2 2 0 3012 
3 1 3017 
4 2 0 3016 
3 1 3019 
5 3 0 3013 3018 
6 2 3021 3018 
7 3 0 3015 3020 
6 2 3023 3020 
5 3 0 3014 3022 
6 2 3025 3022 
7 3 0 3014 3024 
6 2 3027 3024 
5 3 0 3015 3026 
6 2 3029 3026 
7 3 0 3013 3028 
6 2 3031 3028 
5 3 0 3016 3030 
6 2 3033 3030 
7 3 0 3012 3032 
6 2 3035 3032 
8 3 3034 3036 0 
9 2 0 3037 
6 2 3038 3037 
10 2 0 3039 
9 3 0 3040 3039 
6 2 3041 3039 
10 2 0 3042 
9 3 0 3043 3042 
6 2 3044 3042 
10 2 0 3045 
9 3 0 3046 3045 
6 2 3047 3045 
10 2 0 3048 
11 4 3040 3043 3046 3049 
1 0 
1 0 
1 0 
1 0 
1 0 
1 0 
1 0 
1 0 
1 0 
1 0 
2 2 0 3051 
3 1 3061 
4 2 0 3060 
3 1 3063 
5 3 0 3052 3062 
6 2 3065 3062 
7 3 0 3059 3064 
6 2 3067 3064 
5 3 0 3053 3066 
6 2 3069 3066 
7 3 0 3058 3068 
6 2 3071 3068 
5 3 0 3054 3070 
6 2 3073 3070 
7 3 0 3057 3072 
6 2 3075 3072 
5 3 0 3055 3074 
6 2 3077 3074 
7 3 0 3056 3076 
6 2 3079 3076 
5 3 0 3056 3078 
6 2 3081 3078 
7 3 0 3055 3080 
6 2 3083 3080 
5 3 0 3057 3082 
6 2 3085 3082 
7 3 0 3054 3084 
6 2 3087 3084 
5 3 0 3058 3086 
6 2 3089 3086 
7 3 0 3053 3088 
6 2 3091 3088 
5 3 0 3059 3090 
6 2 3093 3090 
7 3 0 3052 3092 
6 2 3095 3092 
5 3 0 3060 3094 
6 2 3097 3094 
7 3 0 3051 3096 
6 2 3099 3096 
8 3 3098 3100 0 
9 2 0 3101 
6 2 3102 3101 
10 2 0 3103 
9 3 0 3104 3103 
6 2 3105 3103 
10 2 0 3106 
9 3 0 3107 3106 
6 2 3108 3106 
10 2 0 3109 
9 3 0 3110 3109 
6 2 3111 3109 
10 2 0 3112 
9 3 0 3113 3112 
6 2 3114 3112 
10 2 0 3115 
9 3 0 3116 3115 
6 2 3117 3115 
10 2 0 3118 
9 3 0 3119 3118 
6 2 3120 3118 
10 2 0 3121 
9 3 0 3122 3121 
6 2 3123 3121 
10 2 0 3124 
9 3 0 3125 3124 
6 2 3126 3124 
10 2 0 3127 
11 9 3104 3107 3110 3113 3116 3119 3122 3125 3128 
1 0 
1 0 
1 0 
1 0 
1 0 
1 0 
2 2 0 3130 
3 1 3136 
4 2 0 3135 
3 1 3138 
5 3 0 3131 3137 
6 2 3140 3137 
7 3 0 3134 3139 
6 2 3142 3139 
5 3 0 3132 3141 
6 2 3144 3141 
7 3 0 3133 3143 
6 2 3146 3143 
5 3 0 3133 3145 
6 2 3148 3145 
7 3 0 3132 3147 
6 2 3150 3147 
5 3 0 3134 3149 
6 2 3152 3149 
7 3 0 3131 3151 
6 2 3154 3151 
5 3 0 3135 3153 
6 2 3156 3153 
7 3 0 3130 3155 
6 2 3158 3155 
8 3 3157 3159 0 
9 2 0 3160 
6 2 3161 3160 
10 2 0 3162 
9 3 0 3163 3162 
6 2 3164 3162 
10 2 0 3165 
9 3 0 3166 3165 
6 2 3167 3165 
10 2 0 3168 
9 3 0 3169 3168 
6 2 3170 3168 
10 2 0 3171 
9 3 0 3172 3171 
6 2 3173 3171 
10 2 0 3174 
11 5 3163 3166 3169 3172 3175 
1 0 
1 0 
1 0 
1 0 
1 0 
1 0 
1 0 
1 0 
1 0 
2 2 0 3177 
3 1 3186 
4 2 0 3185 
3 1 3188 
5 3 0 3178 3187 
6 2 3190 3187 
7 3 0 3184 3189 
6 2 3192 3189 
5 3 0 3179 3191 
6 2 3194 3191 
7 3 0 3183 3193 
6 2 3196 3193 
5 3 0 3180 3195 
6 2 3198 3195 
7 3 0 3182 3197 
6 2 3200 3197 
5 3 0 3181 3199 
6 2 3202 3199 
7 3 0 3181 3201 
6 2 3204 3201 
5 3 0 3182 3203 
6 2 3206 3203 
7 3 0 3180 3205 
6 2 3208 3205 
5 3 0 3183 3207 
6 2 3210 3207 
7 3 0 3179 3209 
6 2 3212 3209 
5 3 0 3184 3211 
6 2 3214 3211 
7 3 0 3178 3213 
6 2 3216 3213 
5 3 0 3185 3215 
6 2 3218 3215 
7 3 0 3177 3217 
6 2 3220 3217 
8 3 3219 3221 0 
9 2 0 3222 
6 2 3223 3222 
10 2 0 3224 
9 3 0 3225 3224 
6 2 3226 3224 
10 2 0 3227 
9 3 0 3228 3227 
6 2 3229 3227 
10 2 0 3230 
9 3 0 3231 3230 
6 2 3232 3230 
10 2 0 3233 
9 3 0 3234 3233 
6 2 3235 3233 
10 2 0 3236 
9 3 0 3237 3236 
6 2 3238 3236 
10 2 0 3239 
9 3 0 3240 3239 
6 2 3241 3239 
10 2 0 3242 
9 3 0 3243 3242 
6 2 3244 3242 
10 2 0 3245 
11 8 3225 3228 3231 3234 3237 3240 3243 3246 
1 0 
1 0 
1 0 
1 0 
1 0 
1 0 
2 2 0 3248 
3 1 3254 
4 2 0 3253 
3 1 3256 
5 3 0 3249 3255 
6 2 3258 3255 
7 3 0 3252 3257 
6 2 3260 3257 
5 3 0 3250 3259 
6 2 3262 3259 
7 3 0 3251 3261 
6 2 3264 3261 
5 3 0 3251 3263 
6 2 3266 3263 
7 3 0 3250 3265 
6 2 3268 3265 
5 3 0 3252 3267 
6 2 3270 3267 
7 3 0 3249 3269 
6 2 3272 3269 
5 3 0 3253 3271 
6 2 3274 3271 
7 3 0 3248 3273 
6 2 3276 3273 
8 3 3275 3277 0 
9 2 0 3278 
6 2 3279 3278 
10 2 0 3280 
9 3 0 3281 3280 
6 2 3282 3280 
10 2 0 3283 
9 3 0 3284 3283 
6 2 3285 3283 
10 2 0 3286 
9 3 0 3287 3286 
6 2 3288 3286 
10 2 0 3289 
9 3 0 3290 3289 
6 2 3291 3289 
10 2 0 3292 
11 5 3281 3284 3287 3290 3293 
1 0 
1 0 
1 0 
1 0 
1 0 
1 0 
1 0 
1 0 
1 0 
1 0 
1 0 
1 0 
2 2 0 3295 
3 1 3307 
4 2 0 3306 
3 1 3309 
5 3 0 3296 3308 
6 2 3311 3308 
7 3 0 3305 3310 
6 2 3313 3310 
5 3 0 3297 3312 
6 2 3315 3312 
7 3 0 3304 3314 
6 2 3317 3314 
5 3 0 3298 3316 
6 2 3319 3316 
7 3 0 3303 3318 
6 2 3321 3318 
5 3 0 3299 3320 
6 2 3323 3320 
7 3 0 3302 3322 
6 2 3325 3322 
5 3 0 3300 3324 
6 2 3327 3324 
7 3 0 3301 3326 
6 2 3329 3326 
5 3 0 3301 3328 
6 2 3331 3328 
7 3 0 3300 3330 
6 2 3333 3330 
5 3 0 3302 3332 
6 2 3335 3332 
7 3 0 3299 3334 
6 2 3337 3334 
5 3 0 3303 3336 
6 2 3339 3336 
7 3 0 3298 3338 
6 2 3341 3338 
5 3 0 3304 3340 
6 2 3343 3340 
7 3 0 3297 3342 
6 2 3345 3342 
5 3 0 3305 3344 
6 2 3347 3344 
7 3 0 3296 3346 
6 2 3349 3346 
5 3 0 3306 3348 
6 2 3351 3348 
7 3 0 3295 3350 
6 2 3353 3350 
8 3 3352 3354 0 
9 2 0 3355 
6 2 3356 3355 
10 2 0 3357 
9 3 0 3358 3357 
6 2 3359 3357 
10 2 0 3360 
9 3 0 3361 3360 
6 2 3362 3360 
10 2 0 3363 
9 3 0 3364 3363 
6 2 3365 3363 
10 2 0 3366 
9 3 0 3367 3366 
6 2 3368 3366 
10 2 0 3369 
9 3 0 3370 3369 
6 2 3371 3369 
10 2 0 3372 
9 3 0 3373 3372 
6 2 3374 3372 
10 2 0 3375 
9 3 0 3376 3375 
6 2 3377 3375 
10 2 0 3378 
9 3 0 3379 3378 
6 2 3380 3378 
10 2 0 3381 
9 3 0 3382 3381 
6 2 3383 3381 
10 2 0 3384 
9 3 0 3385 3384 
6 2 3386 3384 
10 2 0 3387 
11 11 3358 3361 3364 3367 3370 3373 3376 3379 3382 3385 3388 
1 0 
1 0 
1 0 
1 0 
1 0 
1 0 
1 0 
1 0 
1 0 
1 0 
1 0 
1 0 
1 0 
1 0 
1 0 
1 0 
1 0 
1 0 
1 0 
1 0 
1 0 
1 0 
1 0 
1 0 
1 0 
1 0 
1 0 
2 2 0 3390 
3 1 3417 
4 2 0 3416 
3 1 3419 
5 3 0 3391 3418 
6 2 3421 3418 
7 3 0 3415 3420 
6 2 3423 3420 
5 3 0 3392 3422 
6 2 3425 3422 
7 3 0 3414 3424 
6 2 3427 3424 
5 3 0 3393 3426 
6 2 3429 3426 
7 3 0 3413 3428 
6 2 3431 3428 
5 3 0 3394 3430 
6 2 3433 3430 
7 3 0 3412 3432 
6 2 3435 3432 
5 3 0 3395 3434 
6 2 3437 3434 
7 3 0 3411 3436 
6 2 3439 3436 
5 3 0 3396 3438 
6 2 3441 3438 
7 3 0 3410 3440 
6 2 3443 3440 
5 3 0 3397 3442 
6 2 3445 3442 
7 3 0 3409 3444 
6 2 3447 3444 
5 3 0 3398 3446 
6 2 3449 3446 
7 3 0 3408 3448 
6 2 3451 3448 
5 3 0 3399 3450 
6 2 3453 3450 
7 3 0 3407 3452 
6 2 3455 3452 
5 3 0 3400 3454 
6 2 3457 3454 
7 3 0 3406 3456 
6 2 3459 3456 
5 3 0 3401 3458 
6 2 3461 3458 
7 3 0 3405 3460 
6 2 3463 3460 
5 3 0 3402 3462 
6 2 3465 3462 
7 3 0 3404 3464 
6 2 3467 3464 
5 3 0 3403 3466 
6 2 3469 3466 
7 3 0 3403 3468 
6 2 3471 3468 
5 3 0 3404 3470 
6 2 3473 3470 
7 3 0 3402 3472 
6 2 3475 3472 
5 3 0 3405 3474 
6 2 3477 3474 
7 3 0 3401 3476 
6 2 3479 3476 
5 3 0 3406 3478 
6 2 3481 3478 
7 3 0 3400 3480 
6 2 3483 3480 
5 3 0 3407 3482 
6 2 3485 3482 
7 3 0 3399 3484 
6 2 3487 3484 
5 3 0 3408 3486 
6 2 3489 3486 
7 3 0 3398 3488 
6 2 3491 3488 
5 3 0 3409 3490 
6 2 3493 3490 
7 3 0 3397 3492 
6 2 3495 3492 
5 3 0 3410 3494 
6 2 3497 3494 
7 3 0 3396 3496 
6 2 3499 3496 
5 3 0 3411 3498 
6 2 3501 3498 
7 3 0 3395 3500 
6 2 3503 3500 
5 3 0 3412 3502 
6 2 3505 3502 
7 3 0 3394 3504 
6 2 3507 3504 
5 3 0 3413 3506 
6 2 3509 3506 
7 3 0 3393 3508 
6 2 3511 3508 
5 3 0 3414 3510 
6 2 3513 3510 
7 3 0 3392 3512 
6 2 3515 3512 
5 3 0 3415 3514 
6 2 3517 3514 
7 3 0 3391 3516 
6 2 3519 3516 
5 3 0 3416 3518 
6 2 3521 3518 
7 3 0 3390 3520 
6 2 3523 3520 
8 3 3522 3524 0 
9 2 0 3525 
6 2 3526 3525 
10 2 0 3527 
9 3 0 3528 3527 
6 2 3529 3527 
10 2 0 3530 
9 3 0 3531 3530 
6 2 3532 3530 
10 2 0 3533 
9 3 0 3534 3533 
6 2 3535 3533 
10 2 0 3536 
9 3 0 3537 3536 
6 2 3538 3536 
10 2 0 3539 
9 3 0 3540 3539 
6 2 3541 3539 
10 2 0 3542 
9 3 0 3543 3542 
6 2 3544 3542 
10 2 0 3545 
9 3 0 3546 3545 
6 2 3547 3545 
10 2 0 3548 
9 3 0 3549 3548 
6 2 3550 3548 
10 2 0 3551 
9 3 0 3552 3551 
6 2 3553 3551 
10 2 0 3554 
9 3 0 3555 3554 
6 2 3556 3554 
10 2 0 3557 
9 3 0 3558 3557 
6 2 3559 3557 
10 2 0 3560 
9 3 0 3561 3560 
6 2 3562 3560 
10 2 0 3563 
9 3 0 3564 3563 
6 2 3565 3563 
10 2 0 3566 
9 3 0 3567 3566 
6 2 3568 3566 
10 2 0 3569 
9 3 0 3570 3569 
6 2 3571 3569 
10 2 0 3572 
9 3 0 3573 3572 
6 2 3574 3572 
10 2 0 3575 
9 3 0 3576 3575 
6 2 3577 3575 
10 2 0 3578 
9 3 0 3579 3578 
6 2 3580 3578 
10 2 0 3581 
9 3 0 3582 3581 
6 2 3583 3581 
10 2 0 3584 
9 3 0 3585 3584 
6 2 3586 3584 
10 2 0 3587 
9 3 0 3588 3587 
6 2 3589 3587 
10 2 0 3590 
9 3 0 3591 3590 
6 2 3592 3590 
10 2 0 3593 
9 3 0 3594 3593 
6 2 3595 3593 
10 2 0 3596 
9 3 0 3597 3596 
6 2 3598 3596 
10 2 0 3599 
9 3 0 3600 3599 
6 2 3601 3599 
10 2 0 3602 
11 26 3528 3531 3534 3537 3540 3543 3546 3549 3552 3555 3558 3561 3564 3567 3570 3573 3576 3579 3582 3585 3588 3591 3594 3597 3600 3603 
1 0 
1 0 
1 0 
1 0 
1 0 
1 0 
1 0 
1 0 
1 0 
1 0 
1 0 
2 2 0 3605 
3 1 3616 
4 2 0 3615 
3 1 3618 
5 3 0 3606 3617 
6 2 3620 3617 
7 3 0 3614 3619 
6 2 3622 3619 
5 3 0 3607 3621 
6 2 3624 3621 
7 3 0 3613 3623 
6 2 3626 3623 
5 3 0 3608 3625 
6 2 3628 3625 
7 3 0 3612 3627 
6 2 3630 3627 
5 3 0 3609 3629 
6 2 3632 3629 
7 3 0 3611 3631 
6 2 3634 3631 
5 3 0 3610 3633 
6 2 3636 3633 
7 3 0 3610 3635 
6 2 3638 3635 
5 3 0 3611 3637 
6 2 3640 3637 
7 3 0 3609 3639 
6 2 3642 3639 
5 3 0 3612 3641 
6 2 3644 3641 
7 3 0 3608 3643 
6 2 3646 3643 
5 3 0 3613 3645 
6 2 3648 3645 
7 3 0 3607 3647 
6 2 3650 3647 
5 3 0 3614 3649 
6 2 3652 3649 
7 3 0 3606 3651 
6 2 3654 3651 
5 3 0 3615 3653 
6 2 3656 3653 
7 3 0 3605 3655 
6 2 3658 3655 
8 3 3657 3659 0 
9 2 0 3660 
6 2 3661 3660 
10 2 0 3662 
9 3 0 3663 3662 
6 2 3664 3662 
10 2 0 3665 
9 3 0 3666 3665 
6 2 3667 3665 
10 2 0 3668 
9 3 0 3669 3668 
6 2 3670 3668 
10 2 0 3671 
9 3 0 3672 3671 
6 2 3673 3671 
10 2 0 3674 
9 3 0 3675 3674 
6 2 3676 3674 
10 2 0 3677 
9 3 0 3678 3677 
6 2 3679 3677 
10 2 0 3680 
9 3 0 3681 3680 
6 2 3682 3680 
10 2 0 3683 
9 3 0 3684 3683 
6 2 3685 3683 
10 2 0 3686 
9 3 0 3687 3686 
6 2 3688 3686 
10 2 0 3689 
11 10 3663 3666 3669 3672 3675 3678 3681 3684 3687 3690 
1 0 
1 0 
1 0 
1 0 
1 0 
1 0 
1 0 
2 2 0 3692 
3 1 3699 
4 2 0 3698 
3 1 3701 
5 3 0 3693 3700 
6 2 3703 3700 
7 3 0 3697 3702 
6 2 3705 3702 
5 3 0 3694 3704 
6 2 3707 3704 
7 3 0 3696 3706 
6 2 3709 3706 
5 3 0 3695 3708 
6 2 3711 3708 
7 3 0 3695 3710 
6 2 3713 3710 
5 3 0 3696 3712 
6 2 3715 3712 
7 3 0 3694 3714 
6 2 3717 3714 
5 3 0 3697 3716 
6 2 3719 3716 
7 3 0 3693 3718 
6 2 3721 3718 
5 3 0 3698 3720 
6 2 3723 3720 
7 3 0 3692 3722 
6 2 3725 3722 
8 3 3724 3726 0 
9 2 0 3727 
6 2 3728 3727 
10 2 0 3729 
9 3 0 3730 3729 
6 2 3731 3729 
10 2 0 3732 
9 3 0 3733 3732 
6 2 3734 3732 
10 2 0 3735 
9 3 0 3736 3735 
6 2 3737 3735 
10 2 0 3738 
9 3 0 3739 3738 
6 2 3740 3738 
10 2 0 3741 
9 3 0 3742 3741 
6 2 3743 3741 
10 2 0 3744 
11 6 3730 3733 3736 3739 3742 3745 
1 0 
1 0 
1 0 
1 0 
1 0 
1 0 
1 0 
1 0 
1 0 
1 0 
1 0 
1 0 
1 0 
1 0 
1 0 
1 0 
1 0 
1 0 
1 0 
2 2 0 3747 
3 1 3766 
4 2 0 3765 
3 1 3768 
5 3 0 3748 3767 
6 2 3770 3767 
7 3 0 3764 3769 
6 2 3772 3769 
5 3 0 3749 3771 
6 2 3774 3771 
7 3 0 3763 3773 
6 2 3776 3773 
5 3 0 3750 3775 
6 2 3778 3775 
7 3 0 3762 3777 
6 2 3780 3777 
5 3 0 3751 3779 
6 2 3782 3779 
7 3 0 3761 3781 
6 2 3784 3781 
5 3 0 3752 3783 
6 2 3786 3783 
7 3 0 3760 3785 
6 2 3788 3785 
5 3 0 3753 3787 
6 2 3790 3787 
7 3 0 3759 3789 
6 2 3792 3789 
5 3 0 3754 3791 
6 2 3794 3791 
7 3 0 3758 3793 
6 2 3796 3793 
5 3 0 3755 3795 
6 2 3798 3795 
7 3 0 3757 3797 
6 2 3800 3797 
5 3 0 3756 3799 
6 2 3802 3799 
7 3 0 3756 3801 
6 2 3804 3801 
5 3 0 3757 3803 
6 2 3806 3803 
7 3 0 3755 3805 
6 2 3808 3805 
5 3 0 3758 3807 
6 2 3810 3807 
7 3 0 3754 3809 
6 2 3812 3809 
5 3 0 3759 3811 
6 2 3814 3811 
7 3 0 3753 3813 
6 2 3816 3813 
5 3 0 3760 3815 
6 2 3818 3815 
7 3 0 3752 3817 
6 2 3820 3817 
5 3 0 3761 3819 
6 2 3822 3819 
7 3 0 3751 3821 
6 2 3824 3821 
5 3 0 3762 3823 
6 2 3826 3823 
7 3 0 3750 3825 
6 2 3828 3825 
5 3 0 3763 3827 
6 2 3830 3827 
7 3 0 3749 3829 
6 2 3832 3829 
5 3 0 3764 3831 
6 2 3834 3831 
7 3 0 3748 3833 
6 2 3836 3833 
5 3 0 3765 3835 
6 2 3838 3835 
7 3 0 3747 3837 
6 2 3840 3837 
8 3 3839 3841 0 
9 2 0 3842 
6 2 3843 3842 
10 2 0 3844 
9 3 0 3845 3844 
6 2 3846 3844 
10 2 0 3847 
9 3 0 3848 3847 
6 2 3849 3847 
10 2 0 3850 
9 3 0 3851 3850 
6 2 3852 3850 
10 2 0 3853 
9 3 0 3854 3853 
6 2 3855 3853 
10 2 0 3856 
9 3 0 3857 3856 
6 2 3858 3856 
10 2 0 3859 
9 3 0 3860 3859 
6 2 3861 3859 
10 2 0 3862 
9 3 0 3863 3862 
6 2 3864 3862 
10 2 0 3865 
9 3 0 3866 3865 
6 2 3867 3865 
10 2 0 3868 
9 3 0 3869 3868 
6 2 3870 3868 
10 2 0 3871 
9 3 0 3872 3871 
6 2 3873 3871 
10 2 0 3874 
9 3 0 3875 3874 
6 2 3876 3874 
10 2 0 3877 
9 3 0 3878 3877 
6 2 3879 3877 
10 2 0 3880 
9 3 0 3881 3880 
6 2 3882 3880 
10 2 0 3883 
9 3 0 3884 3883 
6 2 3885 3883 
10 2 0 3886 
9 3 0 3887 3886 
6 2 3888 3886 
10 2 0 3889 
9 3 0 3890 3889 
6 2 3891 3889 
10 2 0 3892 
9 3 0 3893 3892 
6 2 3894 3892 
10 2 0 3895 
11 18 3845 3848 3851 3854 3857 3860 3863 3866 3869 3872 3875 3878 3881 3884 3887 3890 3893 3896 
1 0 
1 0 
1 0 
1 0 
1 0 
1 0 
1 0 
1 0 
1 0 
1 0 
1 0 
1 0 
1 0 
1 0 
1 0 
1 0 
1 0 
2 2 0 3898 
3 1 3915 
4 2 0 3914 
3 1 3917 
5 3 0 3899 3916 
6 2 3919 3916 
7 3 0 3913 3918 
6 2 3921 3918 
5 3 0 3900 3920 
6 2 3923 3920 
7 3 0 3912 3922 
6 2 3925 3922 
5 3 0 3901 3924 
6 2 3927 3924 
7 3 0 3911 3926 
6 2 3929 3926 
5 3 0 3902 3928 
6 2 3931 3928 
7 3 0 3910 3930 
6 2 3933 3930 
5 3 0 3903 3932 
6 2 3935 3932 
7 3 0 3909 3934 
6 2 3937 3934 
5 3 0 3904 3936 
6 2 3939 3936 
7 3 0 3908 3938 
6 2 3941 3938 
5 3 0 3905 3940 
6 2 3943 3940 
7 3 0 3907 3942 
6 2 3945 3942 
5 3 0 3906 3944 
6 2 3947 3944 
7 3 0 3906 3946 
6 2 3949 3946 
5 3 0 3907 3948 
6 2 3951 3948 
7 3 0 3905 3950 
6 2 3953 3950 
5 3 0 3908 3952 
6 2 3955 3952 
7 3 0 3904 3954 
6 2 3957 3954 
5 3 0 3909 3956 
6 2 3959 3956 
7 3 0 3903 3958 
6 2 3961 3958 
5 3 0 3910 3960 
6 2 3963 3960 
7 3 0 3902 3962 
6 2 3965 3962 
5 3 0 3911 3964 
6 2 3967 3964 
7 3 0 3901 3966 
6 2 3969 3966 
5 3 0 3912 3968 
6 2 3971 3968 
7 3 0 3900 3970 
6 2 3973 3970 
5 3 0 3913 3972 
6 2 3975 3972 
7 3 0 3899 3974 
6 2 3977 3974 
5 3 0 3914 3976 
6 2 3979 3976 
7 3 0 3898 3978 
6 2 3981 3978 
8 3 3980 3982 0 
9 2 0 3983 
6 2 3984 3983 
10 2 0 3985 
9 3 0 3986 3985 
6 2 3987 3985 
10 2 0 3988 
9 3 0 3989 3988 
6 2 3990 3988 
10 2 0 3991 
9 3 0 3992 3991 
6 2 3993 3991 
10 2 0 3994 
9 3 0 3995 3994 
6 2 3996 3994 
10 2 0 3997 
9 3 0 3998 3997 
6 2 3999 3997 
10 2 0 4000 
9 3 0 4001 4000 
6 2 4002 4000 
10 2 0 4003 
9 3 0 4004 4003 
6 2 4005 4003 
10 2 0 4006 
9 3 0 4007 4006 
6 2 4008 4006 
10 2 0 4009 
9 3 0 4010 4009 
6 2 4011 4009 
10 2 0 4012 
9 3 0 4013 4012 
6 2 4014 4012 
10 2 0 4015 
9 3 0 4016 4015 
6 2 4017 4015 
10 2 0 4018 
9 3 0 4019 4018 
6 2 4020 4018 
10 2 0 4021 
9 3 0 4022 4021 
6 2 4023 4021 
10 2 0 4024 
9 3 0 4025 4024 
6 2 4026 4024 
10 2 0 4027 
9 3 0 4028 4027 
6 2 4029 4027 
10 2 0 4030 
11 16 3986 3989 3992 3995 3998 4001 4004 4007 4010 4013 4016 4019 4022 4025 4028 4031 
1 0 
1 0 
1 0 
1 0 
1 0 
1 0 
1 0 
1 0 
1 0 
1 0 
2 2 0 4033 
3 1 4043 
4 2 0 4042 
3 1 4045 
5 3 0 4034 4044 
6 2 4047 4044 
7 3 0 4041 4046 
6 2 4049 4046 
5 3 0 4035 4048 
6 2 4051 4048 
7 3 0 4040 4050 
6 2 4053 4050 
5 3 0 4036 4052 
6 2 4055 4052 
7 3 0 4039 4054 
6 2 4057 4054 
5 3 0 4037 4056 
6 2 4059 4056 
7 3 0 4038 4058 
6 2 4061 4058 
5 3 0 4038 4060 
6 2 4063 4060 
7 3 0 4037 4062 
6 2 4065 4062 
5 3 0 4039 4064 
6 2 4067 4064 
7 3 0 4036 4066 
6 2 4069 4066 
5 3 0 4040 4068 
6 2 4071 4068 
7 3 0 4035 4070 
6 2 4073 4070 
5 3 0 4041 4072 
6 2 4075 4072 
7 3 0 4034 4074 
6 2 4077 4074 
5 3 0 4042 4076 
6 2 4079 4076 
7 3 0 4033 4078 
6 2 4081 4078 
8 3 4080 4082 0 
9 2 0 4083 
6 2 4084 4083 
10 2 0 4085 
9 3 0 4086 4085 
6 2 4087 4085 
10 2 0 4088 
9 3 0 4089 4088 
6 2 4090 4088 
10 2 0 4091 
9 3 0 4092 4091 
6 2 4093 4091 
10 2 0 4094 
9 3 0 4095 4094 
6 2 4096 4094 
10 2 0 4097 
9 3 0 4098 4097 
6 2 4099 4097 
10 2 0 4100 
9 3 0 4101 4100 
6 2 4102 4100 
10 2 0 4103 
9 3 0 4104 4103 
6 2 4105 4103 
10 2 0 4106 
9 3 0 4107 4106 
6 2 4108 4106 
10 2 0 4109 
11 9 4086 4089 4092 4095 4098 4101 4104 4107 4110 
1 0 
1 0 
1 0 
1 0 
1 0 
1 0 
1 0 
1 0 
1 0 
1 0 
1 0 
1 0 
1 0 
1 0 
1 0 
1 0 
1 0 
1 0 
1 0 
1 0 
1 0 
1 0 
1 0 
1 0 
2 2 0 4112 
3 1 4136 
4 2 0 4135 
3 1 4138 
5 3 0 4113 4137 
6 2 4140 4137 
7 3 0 4134 4139 
6 2 4142 4139 
5 3 0 4114 4141 
6 2 4144 4141 
7 3 0 4133 4143 
6 2 4146 4143 
5 3 0 4115 4145 
6 2 4148 4145 
7 3 0 4132 4147 
6 2 4150 4147 
5 3 0 4116 4149 
6 2 4152 4149 
7 3 0 4131 4151 
6 2 4154 4151 
5 3 0 4117 4153 
6 2 4156 4153 
7 3 0 4130 4155 
6 2 4158 4155 
5 3 0 4118 4157 
6 2 4160 4157 
7 3 0 4129 4159 
6 2 4162 4159 
5 3 0 4119 4161 
6 2 4164 4161 
7 3 0 4128 4163 
6 2 4166 4163 
5 3 0 4120 4165 
6 2 4168 4165 
7 3 0 4127 4167 
6 2 4170 4167 
5 3 0 4121 4169 
6 2 4172 4169 
7 3 0 4126 4171 
6 2 4174 4171 
5 3 0 4122 4173 
6 2 4176 4173 
7 3 0 4125 4175 
6 2 4178 4175 
5 3 0 4123 4177 
6 2 4180 4177 
7 3 0 4124 4179 
6 2 4182 4179 
5 3 0 4124 4181 
6 2 4184 4181 
7 3 0 4123 4183 
6 2 4186 4183 
5 3 0 4125 4185 
6 2 4188 4185 
7 3 0 4122 4187 
6 2 4190 4187 
5 3 0 4126 4189 
6 2 4192 4189 
7 3 0 4121 4191 
6 2 4194 4191 
5 3 0 4127 4193 
6 2 4196 4193 
7 3 0 4120 4195 
6 2 4198 4195 
5 3 0 4128 4197 
6 2 4200 4197 
7 3 0 4119 4199 
6 2 4202 4199 
5 3 0 4129 4201 
6 2 4204 4201 
7 3 0 4118 4203 
6 2 4206 4203 
5 3 0 4130 4205 
6 2 4208 4205 
7 3 0 4117 4207 
6 2 4210 4207 
5 3 0 4131 4209 
6 2 4212 4209 
7 3 0 4116 4211 
6 2 4214 4211 
5 3 0 4132 4213 
6 2 4216 4213 
7 3 0 4115 4215 
6 2 4218 4215 
5 3 0 4133 4217 
6 2 4220 4217 
7 3 0 4114 4219 
6 2 4222 4219 
5 3 0 4134 4221 
6 2 4224 4221 
7 3 0 4113 4223 
6 2 4226 4223 
5 3 0 4135 4225 
6 2 4228 4225 
7 3 0 4112 4227 
6 2 4230 4227 
8 3 4229 4231 0 
9 2 0 4232 
6 2 4233 4232 
10 2 0 4234 
9 3 0 4235 4234 
6 2 4236 4234 
10 2 0 4237 
9 3 0 4238 4237 
6 2 4239 4237 
10 2 0 4240 
9 3 0 4241 4240 
6 2 4242 4240 
10 2 0 4243 
9 3 0 4244 4243 
6 2 4245 4243 
10 2 0 4246 
9 3 0 4247 4246 
6 2 4248 4246 
10 2 0 4249 
9 3 0 4250 4249 
6 2 4251 4249 
10 2 0 4252 
9 3 0 4253 4252 
6 2 4254 4252 
10 2 0 4255 
9 3 0 4256 4255 
6 2 4257 4255 
10 2 0 4258 
9 3 0 4259 4258 
6 2 4260 4258 
10 2 0 4261 
9 3 0 4262 4261 
6 2 4263 4261 
10 2 0 4264 
9 3 0 4265 4264 
6 2 4266 4264 
10 2 0 4267 
9 3 0 4268 4267 
6 2 4269 4267 
10 2 0 4270 
9 3 0 4271 4270 
6 2 4272 4270 
10 2 0 4273 
9 3 0 4274 4273 
6 2 4275 4273 
10 2 0 4276 
9 3 0 4277 4276 
6 2 4278 4276 
10 2 0 4279 
9 3 0 4280 4279 
6 2 4281 4279 
10 2 0 4282 
9 3 0 4283 4282 
6 2 4284 4282 
10 2 0 4285 
9 3 0 4286 4285 
6 2 4287 4285 
10 2 0 4288 
9 3 0 4289 4288 
6 2 4290 4288 
10 2 0 4291 
9 3 0 4292 4291 
6 2 4293 4291 
10 2 0 4294 
9 3 0 4295 4294 
6 2 4296 4294 
10 2 0 4297 
9 3 0 4298 4297 
6 2 4299 4297 
10 2 0 4300 
11 23 4235 4238 4241 4244 4247 4250 4253 4256 4259 4262 4265 4268 4271 4274 4277 4280 4283 4286 4289 4292 4295 4298 4301 
1 0 
1 0 
1 0 
1 0 
1 0 
1 0 
1 0 
1 0 
1 0 
1 0 
1 0 
1 0 
1 0 
1 0 
2 2 0 4303 
3 1 4317 
4 2 0 4316 
3 1 4319 
5 3 0 4304 4318 
6 2 4321 4318 
7 3 0 4315 4320 
6 2 4323 4320 
5 3 0 4305 4322 
6 2 4325 4322 
7 3 0 4314 4324 
6 2 4327 4324 
5 3 0 4306 4326 
6 2 4329 4326 
7 3 0 4313 4328 
6 2 4331 4328 
5 3 0 4307 4330 
6 2 4333 4330 
7 3 0 4312 4332 
6 2 4335 4332 
5 3 0 4308 4334 
6 2 4337 4334 
7 3 0 4311 4336 
6 2 4339 4336 
5 3 0 4309 4338 
6 2 4341 4338 
7 3 0 4310 4340 
6 2 4343 4340 
5 3 0 4310 4342 
6 2 4345 4342 
7 3 0 4309 4344 
6 2 4347 4344 
5 3 0 4311 4346 
6 2 4349 4346 
7 3 0 4308 4348 
6 2 4351 4348 
5 3 0 4312 4350 
6 2 4353 4350 
7 3 0 4307 4352 
6 2 4355 4352 
5 3 0 4313 4354 
6 2 4357 4354 
7 3 0 4306 4356 
6 2 4359 4356 
5 3 0 4314 4358 
6 2 4361 4358 
7 3 0 4305 4360 
6 2 4363 4360 
5 3 0 4315 4362 
6 2 4365 4362 
7 3 0 4304 4364 
6 2 4367 4364 
5 3 0 4316 4366 
6 2 4369 4366 
7 3 0 4303 4368 
6 2 4371 4368 
8 3 4370 4372 0 
9 2 0 4373 
6 2 4374 4373 
10 2 0 4375 
9 3 0 4376 4375 
6 2 4377 4375 
10 2 0 4378 
9 3 0 4379 4378 
6 2 4380 4378 
10 2 0 4381 
9 3 0 4382 4381 
6 2 4383 4381 
10 2 0 4384 
9 3 0 4385 4384 
6 2 4386 4384 
10 2 0 4387 
9 3 0 4388 4387 
6 2 4389 4387 
10 2 0 4390 
9 3 0 4391 4390 
6 2 4392 4390 
10 2 0 4393 
9 3 0 4394 4393 
6 2 4395 4393 
10 2 0 4396 
9 3 0 4397 4396 
6 2 4398 4396 
10 2 0 4399 
9 3 0 4400 4399 
6 2 4401 4399 
10 2 0 4402 
9 3 0 4403 4402 
6 2 4404 4402 
10 2 0 4405 
9 3 0 4406 4405 
6 2 4407 4405 
10 2 0 4408 
9 3 0 4409 4408 
6 2 4410 4408 
10 2 0 4411 
11 13 4376 4379 4382 4385 4388 4391 4394 4397 4400 4403 4406 4409 4412 
1 0 
1 0 
1 0 
1 0 
1 0 
1 0 
1 0 
1 0 
2 2 0 4414 
3 1 4422 
4 2 0 4421 
3 1 4424 
5 3 0 4415 4423 
6 2 4426 4423 
7 3 0 4420 4425 
6 2 4428 4425 
5 3 0 4416 4427 
6 2 4430 4427 
7 3 0 4419 4429 
6 2 4432 4429 
5 3 0 4417 4431 
6 2 4434 4431 
7 3 0 4418 4433 
6 2 4436 4433 
5 3 0 4418 4435 
6 2 4438 4435 
7 3 0 4417 4437 
6 2 4440 4437 
5 3 0 4419 4439 
6 2 4442 4439 
7 3 0 4416 4441 
6 2 4444 4441 
5 3 0 4420 4443 
6 2 4446 4443 
7 3 0 4415 4445 
6 2 4448 4445 
5 3 0 4421 4447 
6 2 4450 4447 
7 3 0 4414 4449 
6 2 4452 4449 
8 3 4451 4453 0 
9 2 0 4454 
6 2 4455 4454 
10 2 0 4456 
9 3 0 4457 4456 
6 2 4458 4456 
10 2 0 4459 
9 3 0 4460 4459 
6 2 4461 4459 
10 2 0 4462 
9 3 0 4463 4462 
6 2 4464 4462 
10 2 0 4465 
9 3 0 4466 4465 
6 2 4467 4465 
10 2 0 4468 
9 3 0 4469 4468 
6 2 4470 4468 
10 2 0 4471 
9 3 0 4472 4471 
6 2 4473 4471 
10 2 0 4474 
11 7 4457 4460 4463 4466 4469 4472 4475 
1 0 
1 0 
1 0 
1 0 
1 0 
1 0 
1 0 
1 0 
2 2 0 4477 
3 1 4485 
4 2 0 4484 
3 1 4487 
5 3 0 4478 4486 
6 2 4489 4486 
7 3 0 4483 4488 
6 2 4491 4488 
5 3 0 4479 4490 
6 2 4493 4490 
7 3 0 4482 4492 
6 2 4495 4492 
5 3 0 4480 4494 
6 2 4497 4494 
7 3 0 4481 4496 
6 2 4499 4496 
5 3 0 4481 4498 
6 2 4501 4498 
7 3 0 4480 4500 
6 2 4503 4500 
5 3 0 4482 4502 
6 2 4505 4502 
7 3 0 4479 4504 
6 2 4507 4504 
5 3 0 4483 4506 
6 2 4509 4506 
7 3 0 4478 4508 
6 2 4511 4508 
5 3 0 4484 4510 
6 2 4513 4510 
7 3 0 4477 4512 
6 2 4515 4512 
8 3 4514 4516 0 
9 2 0 4517 
6 2 4518 4517 
10 2 0 4519 
9 3 0 4520 4519 
6 2 4521 4519 
10 2 0 4522 
9 3 0 4523 4522 
6 2 4524 4522 
10 2 0 4525 
9 3 0 4526 4525 
6 2 4527 4525 
10 2 0 4528 
9 3 0 4529 4528 
6 2 4530 4528 
10 2 0 4531 
9 3 0 4532 4531 
6 2 4533 4531 
10 2 0 4534 
9 3 0 4535 4534 
6 2 4536 4534 
10 2 0 4537 
11 7 4520 4523 4526 4529 4532 4535 4538 
1 0 
1 0 
1 0 
1 0 
1 0 
1 0 
1 0 
1 0 
1 0 
1 0 
1 0 
2 2 0 4540 
3 1 4551 
4 2 0 4550 
3 1 4553 
5 3 0 4541 4552 
6 2 4555 4552 
7 3 0 4549 4554 
6 2 4557 4554 
5 3 0 4542 4556 
6 2 4559 4556 
7 3 0 4548 4558 
6 2 4561 4558 
5 3 0 4543 4560 
6 2 4563 4560 
7 3 0 4547 4562 
6 2 4565 4562 
5 3 0 4544 4564 
6 2 4567 4564 
7 3 0 4546 4566 
6 2 4569 4566 
5 3 0 4545 4568 
6 2 4571 4568 
7 3 0 4545 4570 
6 2 4573 4570 
5 3 0 4546 4572 
6 2 4575 4572 
7 3 0 4544 4574 
6 2 4577 4574 
5 3 0 4547 4576 
6 2 4579 4576 
7 3 0 4543 4578 
6 2 4581 4578 
5 3 0 4548 4580 
6 2 4583 4580 
7 3 0 4542 4582 
6 2 4585 4582 
5 3 0 4549 4584 
6 2 4587 4584 
7 3 0 4541 4586 
6 2 4589 4586 
5 3 0 4550 4588 
6 2 4591 4588 
7 3 0 4540 4590 
6 2 4593 4590 
8 3 4592 4594 0 
9 2 0 4595 
6 2 4596 4595 
10 2 0 4597 
9 3 0 4598 4597 
6 2 4599 4597 
10 2 0 4600 
9 3 0 4601 4600 
6 2 4602 4600 
10 2 0 4603 
9 3 0 4604 4603 
6 2 4605 4603 
10 2 0 4606 
9 3 0 4607 4606 
6 2 4608 4606 
10 2 0 4609 
9 3 0 4610 4609 
6 2 4611 4609 
10 2 0 4612 
9 3 0 4613 4612 
6 2 4614 4612 
10 2 0 4615 
9 3 0 4616 4615 
6 2 4617 4615 
10 2 0 4618 
9 3 0 4619 4618 
6 2 4620 4618 
10 2 0 4621 
9 3 0 4622 4621 
6 2 4623 4621 
10 2 0 4624 
11 10 4598 4601 4604 4607 4610 4613 4616 4619 4622 4625 
1 0 
1 0 
1 0 
1 0 
1 0 
1 0 
1 0 
1 0 
2 2 0 4627 
3 1 4635 
4 2 0 4634 
3 1 4637 
5 3 0 4628 4636 
6 2 4639 4636 
7 3 0 4633 4638 
6 2 4641 4638 
5 3 0 4629 4640 
6 2 4643 4640 
7 3 0 4632 4642 
6 2 4645 4642 
5 3 0 4630 4644 
6 2 4647 4644 
7 3 0 4631 4646 
6 2 4649 4646 
5 3 0 4631 4648 
6 2 4651 4648 
7 3 0 4630 4650 
6 2 4653 4650 
5 3 0 4632 4652 
6 2 4655 4652 
7 3 0 4629 4654 
6 2 4657 4654 
5 3 0 4633 4656 
6 2 4659 4656 
7 3 0 4628 4658 
6 2 4661 4658 
5 3 0 4634 4660 
6 2 4663 4660 
7 3 0 4627 4662 
6 2 4665 4662 
8 3 4664 4666 0 
9 2 0 4667 
6 2 4668 4667 
10 2 0 4669 
9 3 0 4670 4669 
6 2 4671 4669 
10 2 0 4672 
9 3 0 4673 4672 
6 2 4674 4672 
10 2 0 4675 
9 3 0 4676 4675 
6 2 4677 4675 
10 2 0 4678 
9 3 0 4679 4678 
6 2 4680 4678 
10 2 0 4681 
9 3 0 4682 4681 
6 2 4683 4681 
10 2 0 4684 
9 3 0 4685 4684 
6 2 4686 4684 
10 2 0 4687 
11 7 4670 4673 4676 4679 4682 4685 4688 
1 0 
1 0 
1 0 
1 0 
1 0 
1 0 
1 0 
1 0 
2 2 0 4690 
3 1 4698 
4 2 0 4697 
3 1 4700 
5 3 0 4691 4699 
6 2 4702 4699 
7 3 0 4696 4701 
6 2 4704 4701 
5 3 0 4692 4703 
6 2 4706 4703 
7 3 0 4695 4705 
6 2 4708 4705 
5 3 0 4693 4707 
6 2 4710 4707 
7 3 0 4694 4709 
6 2 4712 4709 
5 3 0 4694 4711 
6 2 4714 4711 
7 3 0 4693 4713 
6 2 4716 4713 
5 3 0 4695 4715 
6 2 4718 4715 
7 3 0 4692 4717 
6 2 4720 4717 
5 3 0 4696 4719 
6 2 4722 4719 
7 3 0 4691 4721 
6 2 4724 4721 
5 3 0 4697 4723 
6 2 4726 4723 
7 3 0 4690 4725 
6 2 4728 4725 
8 3 4727 4729 0 
9 2 0 4730 
6 2 4731 4730 
10 2 0 4732 
9 3 0 4733 4732 
6 2 4734 4732 
10 2 0 4735 
9 3 0 4736 4735 
6 2 4737 4735 
10 2 0 4738 
9 3 0 4739 4738 
6 2 4740 4738 
10 2 0 4741 
9 3 0 4742 4741 
6 2 4743 4741 
10 2 0 4744 
9 3 0 4745 4744 
6 2 4746 4744 
10 2 0 4747 
9 3 0 4748 4747 
6 2 4749 4747 
10 2 0 4750 
11 7 4733 4736 4739 4742 4745 4748 4751 
1 0 
1 0 
1 0 
1 0 
1 0 
1 0 
1 0 
1 0 
1 0 
1 0 
1 0 
1 0 
1 0 
1 0 
2 2 0 4753 
3 1 4767 
4 2 0 4766 
3 1 4769 
5 3 0 4754 4768 
6 2 4771 4768 
7 3 0 4765 4770 
6 2 4773 4770 
5 3 0 4755 4772 
6 2 4775 4772 
7 3 0 4764 4774 
6 2 4777 4774 
5 3 0 4756 4776 
6 2 4779 4776 
7 3 0 4763 4778 
6 2 4781 4778 
5 3 0 4757 4780 
6 2 4783 4780 
7 3 0 4762 4782 
6 2 4785 4782 
5 3 0 4758 4784 
6 2 4787 4784 
7 3 0 4761 4786 
6 2 4789 4786 
5 3 0 4759 4788 
6 2 4791 4788 
7 3 0 4760 4790 
6 2 4793 4790 
5 3 0 4760 4792 
6 2 4795 4792 
7 3 0 4759 4794 
6 2 4797 4794 
5 3 0 4761 4796 
6 2 4799 4796 
7 3 0 4758 4798 
6 2 4801 4798 
5 3 0 4762 4800 
6 2 4803 4800 
7 3 0 4757 4802 
6 2 4805 4802 
5 3 0 4763 4804 
6 2 4807 4804 
7 3 0 4756 4806 
6 2 4809 4806 
5 3 0 4764 4808 
6 2 4811 4808 
7 3 0 4755 4810 
6 2 4813 4810 
5 3 0 4765 4812 
6 2 4815 4812 
7 3 0 4754 4814 
6 2 4817 4814 
5 3 0 4766 4816 
6 2 4819 4816 
7 3 0 4753 4818 
6 2 4821 4818 
8 3 4820 4822 0 
9 2 0 4823 
6 2 4824 4823 
10 2 0 4825 
9 3 0 4826 4825 
6 2 4827 4825 
10 2 0 4828 
9 3 0 4829 4828 
6 2 4830 4828 
10 2 0 4831 
9 3 0 4832 4831 
6 2 4833 4831 
10 2 0 4834 
9 3 0 4835 4834 
6 2 4836 4834 
10 2 0 4837 
9 3 0 4838 4837 
6 2 4839 4837 
10 2 0 4840 
9 3 0 4841 4840 
6 2 4842 4840 
10 2 0 4843 
9 3 0 4844 4843 
6 2 4845 4843 
10 2 0 4846 
9 3 0 4847 4846 
6 2 4848 4846 
10 2 0 4849 
9 3 0 4850 4849 
6 2 4851 4849 
10 2 0 4852 
9 3 0 4853 4852 
6 2 4854 4852 
10 2 0 4855 
9 3 0 4856 4855 
6 2 4857 4855 
10 2 0 4858 
9 3 0 4859 4858 
6 2 4860 4858 
10 2 0 4861 
11 13 4826 4829 4832 4835 4838 4841 4844 4847 4850 4853 4856 4859 4862 
1 0 
1 0 
1 0 
1 0 
1 0 
1 0 
1 0 
1 0 
1 0 
1 0 
1 0 
1 0 
2 2 0 4864 
3 1 4876 
4 2 0 4875 
3 1 4878 
5 3 0 4865 4877 
6 2 4880 4877 
7 3 0 4874 4879 
6 2 4882 4879 
5 3 0 4866 4881 
6 2 4884 4881 
7 3 0 4873 4883 
6 2 4886 4883 
5 3 0 4867 4885 
6 2 4888 4885 
7 3 0 4872 4887 
6 2 4890 4887 
5 3 0 4868 4889 
6 2 4892 4889 
7 3 0 4871 4891 
6 2 4894 4891 
5 3 0 4869 4893 
6 2 4896 4893 
7 3 0 4870 4895 
6 2 4898 4895 
5 3 0 4870 4897 
6 2 4900 4897 
7 3 0 4869 4899 
6 2 4902 4899 
5 3 0 4871 4901 
6 2 4904 4901 
7 3 0 4868 4903 
6 2 4906 4903 
5 3 0 4872 4905 
6 2 4908 4905 
7 3 0 4867 4907 
6 2 4910 4907 
5 3 0 4873 4909 
6 2 4912 4909 
7 3 0 4866 4911 
6 2 4914 4911 
5 3 0 4874 4913 
6 2 4916 4913 
7 3 0 4865 4915 
6 2 4918 4915 
5 3 0 4875 4917 
6 2 4920 4917 
7 3 0 4864 4919 
6 2 4922 4919 
8 3 4921 4923 0 
9 2 0 4924 
6 2 4925 4924 
10 2 0 4926 
9 3 0 4927 4926 
6 2 4928 4926 
10 2 0 4929 
9 3 0 4930 4929 
6 2 4931 4929 
10 2 0 4932 
9 3 0 4933 4932 
6 2 4934 4932 
10 2 0 4935 
9 3 0 4936 4935 
6 2 4937 4935 
10 2 0 4938 
9 3 0 4939 4938 
6 2 4940 4938 
10 2 0 4941 
9 3 0 4942 4941 
6 2 4943 4941 
10 2 0 4944 
9 3 0 4945 4944 
6 2 4946 4944 
10 2 0 4947 
9 3 0 4948 4947 
6 2 4949 4947 
10 2 0 4950 
9 3 0 4951 4950 
6 2 4952 4950 
10 2 0 4953 
9 3 0 4954 4953 
6 2 4955 4953 
10 2 0 4956 
11 11 4927 4930 4933 4936 4939 4942 4945 4948 4951 4954 4957 
1 0 
1 0 
1 0 
1 0 
1 0 
1 0 
1 0 
2 2 0 4959 
3 1 4966 
4 2 0 4965 
3 1 4968 
5 3 0 4960 4967 
6 2 4970 4967 
7 3 0 4964 4969 
6 2 4972 4969 
5 3 0 4961 4971 
6 2 4974 4971 
7 3 0 4963 4973 
6 2 4976 4973 
5 3 0 4962 4975 
6 2 4978 4975 
7 3 0 4962 4977 
6 2 4980 4977 
5 3 0 4963 4979 
6 2 4982 4979 
7 3 0 4961 4981 
6 2 4984 4981 
5 3 0 4964 4983 
6 2 4986 4983 
7 3 0 4960 4985 
6 2 4988 4985 
5 3 0 4965 4987 
6 2 4990 4987 
7 3 0 4959 4989 
6 2 4992 4989 
8 3 4991 4993 0 
9 2 0 4994 
6 2 4995 4994 
10 2 0 4996 
9 3 0 4997 4996 
6 2 4998 4996 
10 2 0 4999 
9 3 0 5000 4999 
6 2 5001 4999 
10 2 0 5002 
9 3 0 5003 5002 
6 2 5004 5002 
10 2 0 5005 
9 3 0 5006 5005 
6 2 5007 5005 
10 2 0 5008 
9 3 0 5009 5008 
6 2 5010 5008 
10 2 0 5011 
11 6 4997 5000 5003 5006 5009 5012 
1 0 
1 0 
1 0 
1 0 
1 0 
1 0 
2 2 0 5014 
3 1 5020 
4 2 0 5019 
3 1 5022 
5 3 0 5015 5021 
6 2 5024 5021 
7 3 0 5018 5023 
6 2 5026 5023 
5 3 0 5016 5025 
6 2 5028 5025 
7 3 0 5017 5027 
6 2 5030 5027 
5 3 0 5017 5029 
6 2 5032 5029 
7 3 0 5016 5031 
6 2 5034 5031 
5 3 0 5018 5033 
6 2 5036 5033 
7 3 0 5015 5035 
6 2 5038 5035 
5 3 0 5019 5037 
6 2 5040 5037 
7 3 0 5014 5039 
6 2 5042 5039 
8 3 5041 5043 0 
9 2 0 5044 
6 2 5045 5044 
10 2 0 5046 
9 3 0 5047 5046 
6 2 5048 5046 
10 2 0 5049 
9 3 0 5050 5049 
6 2 5051 5049 
10 2 0 5052 
9 3 0 5053 5052 
6 2 5054 5052 
10 2 0 5055 
9 3 0 5056 5055 
6 2 5057 5055 
10 2 0 5058 
11 5 5047 5050 5053 5056 5059 
1 0 
1 0 
1 0 
1 0 
1 0 
1 0 
1 0 
1 0 
1 0 
1 0 
1 0 
1 0 
1 0 
1 0 
2 2 0 5061 
3 1 5075 
4 2 0 5074 
3 1 5077 
5 3 0 5062 5076 
6 2 5079 5076 
7 3 0 5073 5078 
6 2 5081 5078 
5 3 0 5063 5080 
6 2 5083 5080 
7 3 0 5072 5082 
6 2 5085 5082 
5 3 0 5064 5084 
6 2 5087 5084 
7 3 0 5071 5086 
6 2 5089 5086 
5 3 0 5065 5088 
6 2 5091 5088 
7 3 0 5070 5090 
6 2 5093 5090 
5 3 0 5066 5092 
6 2 5095 5092 
7 3 0 5069 5094 
6 2 5097 5094 
5 3 0 5067 5096 
6 2 5099 5096 
7 3 0 5068 5098 
6 2 5101 5098 
5 3 0 5068 5100 
6 2 5103 5100 
7 3 0 5067 5102 
6 2 5105 5102 
5 3 0 5069 5104 
6 2 5107 5104 
7 3 0 5066 5106 
6 2 5109 5106 
5 3 0 5070 5108 
6 2 5111 5108 
7 3 0 5065 5110 
6 2 5113 5110 
5 3 0 5071 5112 
6 2 5115 5112 
7 3 0 5064 5114 
6 2 5117 5114 
5 3 0 5072 5116 
6 2 5119 5116 
7 3 0 5063 5118 
6 2 5121 5118 
5 3 0 5073 5120 
6 2 5123 5120 
7 3 0 5062 5122 
6 2 5125 5122 
5 3 0 5074 5124 
6 2 5127 5124 
7 3 0 5061 5126 
6 2 5129 5126 
8 3 5128 5130 0 
9 2 0 5131 
6 2 5132 5131 
10 2 0 5133 
9 3 0 5134 5133 
6 2 5135 5133 
10 2 0 5136 
9 3 0 5137 5136 
6 2 5138 5136 
10 2 0 5139 
9 3 0 5140 5139 
6 2 5141 5139 
10 2 0 5142 
9 3 0 5143 5142 
6 2 5144 5142 
10 2 0 5145 
9 3 0 5146 5145 
6 2 5147 5145 
10 2 0 5148 
9 3 0 5149 5148 
6 2 5150 5148 
10 2 0 5151 
9 3 0 5152 5151 
6 2 5153 5151 
10 2 0 5154 
9 3 0 5155 5154 
6 2 5156 5154 
10 2 0 5157 
9 3 0 5158 5157 
6 2 5159 5157 
10 2 0 5160 
9 3 0 5161 5160 
6 2 5162 5160 
10 2 0 5163 
9 3 0 5164 5163 
6 2 5165 5163 
10 2 0 5166 
9 3 0 5167 5166 
6 2 5168 5166 
10 2 0 5169 
11 13 5134 5137 5140 5143 5146 5149 5152 5155 5158 5161 5164 5167 5170 
1 0 
1 0 
1 0 
1 0 
1 0 
1 0 
1 0 
1 0 
2 2 0 5172 
3 1 5180 
4 2 0 5179 
3 1 5182 
5 3 0 5173 5181 
6 2 5184 5181 
7 3 0 5178 5183 
6 2 5186 5183 
5 3 0 5174 5185 
6 2 5188 5185 
7 3 0 5177 5187 
6 2 5190 5187 
5 3 0 5175 5189 
6 2 5192 5189 
7 3 0 5176 5191 
6 2 5194 5191 
5 3 0 5176 5193 
6 2 5196 5193 
7 3 0 5175 5195 
6 2 5198 5195 
5 3 0 5177 5197 
6 2 5200 5197 
7 3 0 5174 5199 
6 2 5202 5199 
5 3 0 5178 5201 
6 2 5204 5201 
7 3 0 5173 5203 
6 2 5206 5203 
5 3 0 5179 5205 
6 2 5208 5205 
7 3 0 5172 5207 
6 2 5210 5207 
8 3 5209 5211 0 
9 2 0 5212 
6 2 5213 5212 
10 2 0 5214 
9 3 0 5215 5214 
6 2 5216 5214 
10 2 0 5217 
9 3 0 5218 5217 
6 2 5219 5217 
10 2 0 5220 
9 3 0 5221 5220 
6 2 5222 5220 
10 2 0 5223 
9 3 0 5224 5223 
6 2 5225 5223 
10 2 0 5226 
9 3 0 5227 5226 
6 2 5228 5226 
10 2 0 5229 
9 3 0 5230 5229 
6 2 5231 5229 
10 2 0 5232 
11 7 5215 5218 5221 5224 5227 5230 5233 
1 0 
1 0 
1 0 
1 0 
1 0 
1 0 
1 0 
1 0 
1 0 
1 0 
2 2 0 5235 
3 1 5245 
4 2 0 5244 
3 1 5247 
5 3 0 5236 5246 
6 2 5249 5246 
7 3 0 5243 5248 
6 2 5251 5248 
5 3 0 5237 5250 
6 2 5253 5250 
7 3 0 5242 5252 
6 2 5255 5252 
5 3 0 5238 5254 
6 2 5257 5254 
7 3 0 5241 5256 
6 2 5259 5256 
5 3 0 5239 5258 
6 2 5261 5258 
7 3 0 5240 5260 
6 2 5263 5260 
5 3 0 5240 5262 
6 2 5265 5262 
7 3 0 5239 5264 
6 2 5267 5264 
5 3 0 5241 5266 
6 2 5269 5266 
7 3 0 5238 5268 
6 2 5271 5268 
5 3 0 5242 5270 
6 2 5273 5270 
7 3 0 5237 5272 
6 2 5275 5272 
5 3 0 5243 5274 
6 2 5277 5274 
7 3 0 5236 5276 
6 2 5279 5276 
5 3 0 5244 5278 
6 2 5281 5278 
7 3 0 5235 5280 
6 2 5283 5280 
8 3 5282 5284 0 
9 2 0 5285 
6 2 5286 5285 
10 2 0 5287 
9 3 0 5288 5287 
6 2 5289 5287 
10 2 0 5290 
9 3 0 5291 5290 
6 2 5292 5290 
10 2 0 5293 
9 3 0 5294 5293 
6 2 5295 5293 
10 2 0 5296 
9 3 0 5297 5296 
6 2 5298 5296 
10 2 0 5299 
9 3 0 5300 5299 
6 2 5301 5299 
10 2 0 5302 
9 3 0 5303 5302 
6 2 5304 5302 
10 2 0 5305 
9 3 0 5306 5305 
6 2 5307 5305 
10 2 0 5308 
9 3 0 5309 5308 
6 2 5310 5308 
10 2 0 5311 
11 9 5288 5291 5294 5297 5300 5303 5306 5309 5312 
1 0 
1 0 
1 0 
1 0 
1 0 
2 2 0 5314 
3 1 5319 
4 2 0 5318 
3 1 5321 
5 3 0 5315 5320 
6 2 5323 5320 
7 3 0 5317 5322 
6 2 5325 5322 
5 3 0 5316 5324 
6 2 5327 5324 
7 3 0 5316 5326 
6 2 5329 5326 
5 3 0 5317 5328 
6 2 5331 5328 
7 3 0 5315 5330 
6 2 5333 5330 
5 3 0 5318 5332 
6 2 5335 5332 
7 3 0 5314 5334 
6 2 5337 5334 
8 3 5336 5338 0 
9 2 0 5339 
6 2 5340 5339 
10 2 0 5341 
9 3 0 5342 5341 
6 2 5343 5341 
10 2 0 5344 
9 3 0 5345 5344 
6 2 5346 5344 
10 2 0 5347 
9 3 0 5348 5347 
6 2 5349 5347 
10 2 0 5350 
11 4 5342 5345 5348 5351 
13 64 79 158 213 276 371 506 545 664 735 798 877 948 1019 1122 1201 1280 1367 1438 1485 1556 1611 1666 1785 1872 1967 2054 2125 2252 2371 2442 2505 2600 2655 2726 2781 2860 3011 3050 3129 3176 3247 3294 3389 3604 3691 3746 3897 4032 4111 4302 4413 4476 4539 4626 4689 4752 4863 4958 5013 5060 5171 5234 5313 5352 
