5578
0 0 
1 0 
1 0 
1 0 
1 0 
1 0 
1 0 
1 0 
1 0 
1 0 
1 0 
1 0 
1 0 
1 0 
1 0 
1 0 
1 0 
1 0 
1 0 
1 0 
2 2 0 1 
3 1 20 
4 2 0 19 
3 1 22 
5 3 0 2 21 
6 2 24 21 
7 3 0 18 23 
6 2 26 23 
5 3 0 3 25 
6 2 28 25 
7 3 0 17 27 
6 2 30 27 
5 3 0 4 29 
6 2 32 29 
7 3 0 16 31 
6 2 34 31 
5 3 0 5 33 
6 2 36 33 
7 3 0 15 35 
6 2 38 35 
5 3 0 6 37 
6 2 40 37 
7 3 0 14 39 
6 2 42 39 
5 3 0 7 41 
6 2 44 41 
7 3 0 13 43 
6 2 46 43 
5 3 0 8 45 
6 2 48 45 
7 3 0 12 47 
6 2 50 47 
5 3 0 9 49 
6 2 52 49 
7 3 0 11 51 
6 2 54 51 
5 3 0 10 53 
6 2 56 53 
7 3 0 10 55 
6 2 58 55 
5 3 0 11 57 
6 2 60 57 
7 3 0 9 59 
6 2 62 59 
5 3 0 12 61 
6 2 64 61 
7 3 0 8 63 
6 2 66 63 
5 3 0 13 65 
6 2 68 65 
7 3 0 7 67 
6 2 70 67 
5 3 0 14 69 
6 2 72 69 
7 3 0 6 71 
6 2 74 71 
5 3 0 15 73 
6 2 76 73 
7 3 0 5 75 
6 2 78 75 
5 3 0 16 77 
6 2 80 77 
7 3 0 4 79 
6 2 82 79 
5 3 0 17 81 
6 2 84 81 
7 3 0 3 83 
6 2 86 83 
5 3 0 18 85 
6 2 88 85 
7 3 0 2 87 
6 2 90 87 
5 3 0 19 89 
6 2 92 89 
7 3 0 1 91 
6 2 94 91 
8 3 93 95 0 
9 2 0 96 
6 2 97 96 
10 2 0 98 
9 3 0 99 98 
6 2 100 98 
10 2 0 101 
9 3 0 102 101 
6 2 103 101 
10 2 0 104 
9 3 0 105 104 
6 2 106 104 
10 2 0 107 
9 3 0 108 107 
6 2 109 107 
10 2 0 110 
9 3 0 111 110 
6 2 112 110 
10 2 0 113 
9 3 0 114 113 
6 2 115 113 
10 2 0 116 
9 3 0 117 116 
6 2 118 116 
10 2 0 119 
9 3 0 120 119 
6 2 121 119 
10 2 0 122 
9 3 0 123 122 
6 2 124 122 
10 2 0 125 
9 3 0 126 125 
6 2 127 125 
10 2 0 128 
9 3 0 129 128 
6 2 130 128 
10 2 0 131 
9 3 0 132 131 
6 2 133 131 
10 2 0 134 
9 3 0 135 134 
6 2 136 134 
10 2 0 137 
9 3 0 138 137 
6 2 139 137 
10 2 0 140 
9 3 0 141 140 
6 2 142 140 
10 2 0 143 
9 3 0 144 143 
6 2 145 143 
10 2 0 146 
9 3 0 147 146 
6 2 148 146 
10 2 0 149 
11 18 99 102 105 108 111 114 117 120 123 126 129 132 135 138 141 144 147 150 
1 0 
1 0 
1 0 
1 0 
1 0 
1 0 
1 0 
1 0 
1 0 
1 0 
2 2 0 152 
3 1 162 
4 2 0 161 
3 1 164 
5 3 0 153 163 
6 2 166 163 
7 3 0 160 165 
6 2 168 165 
5 3 0 154 167 
6 2 170 167 
7 3 0 159 169 
6 2 172 169 
5 3 0 155 171 
6 2 174 171 
7 3 0 158 173 
6 2 176 173 
5 3 0 156 175 
6 2 178 175 
7 3 0 157 177 
6 2 180 177 
5 3 0 157 179 
6 2 182 179 
7 3 0 156 181 
6 2 184 181 
5 3 0 158 183 
6 2 186 183 
7 3 0 155 185 
6 2 188 185 
5 3 0 159 187 
6 2 190 187 
7 3 0 154 189 
6 2 192 189 
5 3 0 160 191 
6 2 194 191 
7 3 0 153 193 
6 2 196 193 
5 3 0 161 195 
6 2 198 195 
7 3 0 152 197 
6 2 200 197 
8 3 199 201 0 
9 2 0 202 
6 2 203 202 
10 2 0 204 
9 3 0 205 204 
6 2 206 204 
10 2 0 207 
9 3 0 208 207 
6 2 209 207 
10 2 0 210 
9 3 0 211 210 
6 2 212 210 
10 2 0 213 
9 3 0 214 213 
6 2 215 213 
10 2 0 216 
9 3 0 217 216 
6 2 218 216 
10 2 0 219 
9 3 0 220 219 
6 2 221 219 
10 2 0 222 
9 3 0 223 222 
6 2 224 222 
10 2 0 225 
9 3 0 226 225 
6 2 227 225 
10 2 0 228 
11 9 205 208 211 214 217 220 223 226 229 
1 0 
1 0 
1 0 
1 0 
1 0 
1 0 
1 0 
1 0 
2 2 0 231 
3 1 239 
4 2 0 238 
3 1 241 
5 3 0 232 240 
6 2 243 240 
7 3 0 237 242 
6 2 245 242 
5 3 0 233 244 
6 2 247 244 
7 3 0 236 246 
6 2 249 246 
5 3 0 234 248 
6 2 251 248 
7 3 0 235 250 
6 2 253 250 
5 3 0 235 252 
6 2 255 252 
7 3 0 234 254 
6 2 257 254 
5 3 0 236 256 
6 2 259 256 
7 3 0 233 258 
6 2 261 258 
5 3 0 237 260 
6 2 263 260 
7 3 0 232 262 
6 2 265 262 
5 3 0 238 264 
6 2 267 264 
7 3 0 231 266 
6 2 269 266 
8 3 268 270 0 
9 2 0 271 
6 2 272 271 
10 2 0 273 
9 3 0 274 273 
6 2 275 273 
10 2 0 276 
9 3 0 277 276 
6 2 278 276 
10 2 0 279 
9 3 0 280 279 
6 2 281 279 
10 2 0 282 
9 3 0 283 282 
6 2 284 282 
10 2 0 285 
9 3 0 286 285 
6 2 287 285 
10 2 0 288 
9 3 0 289 288 
6 2 290 288 
10 2 0 291 
11 7 274 277 280 283 286 289 292 
1 0 
1 0 
1 0 
1 0 
1 0 
2 2 0 294 
3 1 299 
4 2 0 298 
3 1 301 
5 3 0 295 300 
6 2 303 300 
7 3 0 297 302 
6 2 305 302 
5 3 0 296 304 
6 2 307 304 
7 3 0 296 306 
6 2 309 306 
5 3 0 297 308 
6 2 311 308 
7 3 0 295 310 
6 2 313 310 
5 3 0 298 312 
6 2 315 312 
7 3 0 294 314 
6 2 317 314 
8 3 316 318 0 
9 2 0 319 
6 2 320 319 
10 2 0 321 
9 3 0 322 321 
6 2 323 321 
10 2 0 324 
9 3 0 325 324 
6 2 326 324 
10 2 0 327 
9 3 0 328 327 
6 2 329 327 
10 2 0 330 
11 4 322 325 328 331 
1 0 
1 0 
1 0 
1 0 
1 0 
1 0 
1 0 
1 0 
1 0 
1 0 
1 0 
2 2 0 333 
3 1 344 
4 2 0 343 
3 1 346 
5 3 0 334 345 
6 2 348 345 
7 3 0 342 347 
6 2 350 347 
5 3 0 335 349 
6 2 352 349 
7 3 0 341 351 
6 2 354 351 
5 3 0 336 353 
6 2 356 353 
7 3 0 340 355 
6 2 358 355 
5 3 0 337 357 
6 2 360 357 
7 3 0 339 359 
6 2 362 359 
5 3 0 338 361 
6 2 364 361 
7 3 0 338 363 
6 2 366 363 
5 3 0 339 365 
6 2 368 365 
7 3 0 337 367 
6 2 370 367 
5 3 0 340 369 
6 2 372 369 
7 3 0 336 371 
6 2 374 371 
5 3 0 341 373 
6 2 376 373 
7 3 0 335 375 
6 2 378 375 
5 3 0 342 377 
6 2 380 377 
7 3 0 334 379 
6 2 382 379 
5 3 0 343 381 
6 2 384 381 
7 3 0 333 383 
6 2 386 383 
8 3 385 387 0 
9 2 0 388 
6 2 389 388 
10 2 0 390 
9 3 0 391 390 
6 2 392 390 
10 2 0 393 
9 3 0 394 393 
6 2 395 393 
10 2 0 396 
9 3 0 397 396 
6 2 398 396 
10 2 0 399 
9 3 0 400 399 
6 2 401 399 
10 2 0 402 
9 3 0 403 402 
6 2 404 402 
10 2 0 405 
9 3 0 406 405 
6 2 407 405 
10 2 0 408 
9 3 0 409 408 
6 2 410 408 
10 2 0 411 
9 3 0 412 411 
6 2 413 411 
10 2 0 414 
9 3 0 415 414 
6 2 416 414 
10 2 0 417 
11 10 391 394 397 400 403 406 409 412 415 418 
1 0 
1 0 
1 0 
1 0 
1 0 
1 0 
1 0 
1 0 
2 2 0 420 
3 1 428 
4 2 0 427 
3 1 430 
5 3 0 421 429 
6 2 432 429 
7 3 0 426 431 
6 2 434 431 
5 3 0 422 433 
6 2 436 433 
7 3 0 425 435 
6 2 438 435 
5 3 0 423 437 
6 2 440 437 
7 3 0 424 439 
6 2 442 439 
5 3 0 424 441 
6 2 444 441 
7 3 0 423 443 
6 2 446 443 
5 3 0 425 445 
6 2 448 445 
7 3 0 422 447 
6 2 450 447 
5 3 0 426 449 
6 2 452 449 
7 3 0 421 451 
6 2 454 451 
5 3 0 427 453 
6 2 456 453 
7 3 0 420 455 
6 2 458 455 
8 3 457 459 0 
9 2 0 460 
6 2 461 460 
10 2 0 462 
9 3 0 463 462 
6 2 464 462 
10 2 0 465 
9 3 0 466 465 
6 2 467 465 
10 2 0 468 
9 3 0 469 468 
6 2 470 468 
10 2 0 471 
9 3 0 472 471 
6 2 473 471 
10 2 0 474 
9 3 0 475 474 
6 2 476 474 
10 2 0 477 
9 3 0 478 477 
6 2 479 477 
10 2 0 480 
11 7 463 466 469 472 475 478 481 
1 0 
1 0 
1 0 
1 0 
1 0 
1 0 
2 2 0 483 
3 1 489 
4 2 0 488 
3 1 491 
5 3 0 484 490 
6 2 493 490 
7 3 0 487 492 
6 2 495 492 
5 3 0 485 494 
6 2 497 494 
7 3 0 486 496 
6 2 499 496 
5 3 0 486 498 
6 2 501 498 
7 3 0 485 500 
6 2 503 500 
5 3 0 487 502 
6 2 505 502 
7 3 0 484 504 
6 2 507 504 
5 3 0 488 506 
6 2 509 506 
7 3 0 483 508 
6 2 511 508 
8 3 510 512 0 
9 2 0 513 
6 2 514 513 
10 2 0 515 
9 3 0 516 515 
6 2 517 515 
10 2 0 518 
9 3 0 519 518 
6 2 520 518 
10 2 0 521 
9 3 0 522 521 
6 2 523 521 
10 2 0 524 
9 3 0 525 524 
6 2 526 524 
10 2 0 527 
11 5 516 519 522 525 528 
1 0 
1 0 
1 0 
1 0 
1 0 
1 0 
1 0 
1 0 
1 0 
1 0 
1 0 
1 0 
1 0 
2 2 0 530 
3 1 543 
4 2 0 542 
3 1 545 
5 3 0 531 544 
6 2 547 544 
7 3 0 541 546 
6 2 549 546 
5 3 0 532 548 
6 2 551 548 
7 3 0 540 550 
6 2 553 550 
5 3 0 533 552 
6 2 555 552 
7 3 0 539 554 
6 2 557 554 
5 3 0 534 556 
6 2 559 556 
7 3 0 538 558 
6 2 561 558 
5 3 0 535 560 
6 2 563 560 
7 3 0 537 562 
6 2 565 562 
5 3 0 536 564 
6 2 567 564 
7 3 0 536 566 
6 2 569 566 
5 3 0 537 568 
6 2 571 568 
7 3 0 535 570 
6 2 573 570 
5 3 0 538 572 
6 2 575 572 
7 3 0 534 574 
6 2 577 574 
5 3 0 539 576 
6 2 579 576 
7 3 0 533 578 
6 2 581 578 
5 3 0 540 580 
6 2 583 580 
7 3 0 532 582 
6 2 585 582 
5 3 0 541 584 
6 2 587 584 
7 3 0 531 586 
6 2 589 586 
5 3 0 542 588 
6 2 591 588 
7 3 0 530 590 
6 2 593 590 
8 3 592 594 0 
9 2 0 595 
6 2 596 595 
10 2 0 597 
9 3 0 598 597 
6 2 599 597 
10 2 0 600 
9 3 0 601 600 
6 2 602 600 
10 2 0 603 
9 3 0 604 603 
6 2 605 603 
10 2 0 606 
9 3 0 607 606 
6 2 608 606 
10 2 0 609 
9 3 0 610 609 
6 2 611 609 
10 2 0 612 
9 3 0 613 612 
6 2 614 612 
10 2 0 615 
9 3 0 616 615 
6 2 617 615 
10 2 0 618 
9 3 0 619 618 
6 2 620 618 
10 2 0 621 
9 3 0 622 621 
6 2 623 621 
10 2 0 624 
9 3 0 625 624 
6 2 626 624 
10 2 0 627 
9 3 0 628 627 
6 2 629 627 
10 2 0 630 
11 12 598 601 604 607 610 613 616 619 622 625 628 631 
1 0 
1 0 
1 0 
1 0 
1 0 
1 0 
1 0 
1 0 
1 0 
1 0 
2 2 0 633 
3 1 643 
4 2 0 642 
3 1 645 
5 3 0 634 644 
6 2 647 644 
7 3 0 641 646 
6 2 649 646 
5 3 0 635 648 
6 2 651 648 
7 3 0 640 650 
6 2 653 650 
5 3 0 636 652 
6 2 655 652 
7 3 0 639 654 
6 2 657 654 
5 3 0 637 656 
6 2 659 656 
7 3 0 638 658 
6 2 661 658 
5 3 0 638 660 
6 2 663 660 
7 3 0 637 662 
6 2 665 662 
5 3 0 639 664 
6 2 667 664 
7 3 0 636 666 
6 2 669 666 
5 3 0 640 668 
6 2 671 668 
7 3 0 635 670 
6 2 673 670 
5 3 0 641 672 
6 2 675 672 
7 3 0 634 674 
6 2 677 674 
5 3 0 642 676 
6 2 679 676 
7 3 0 633 678 
6 2 681 678 
8 3 680 682 0 
9 2 0 683 
6 2 684 683 
10 2 0 685 
9 3 0 686 685 
6 2 687 685 
10 2 0 688 
9 3 0 689 688 
6 2 690 688 
10 2 0 691 
9 3 0 692 691 
6 2 693 691 
10 2 0 694 
9 3 0 695 694 
6 2 696 694 
10 2 0 697 
9 3 0 698 697 
6 2 699 697 
10 2 0 700 
9 3 0 701 700 
6 2 702 700 
10 2 0 703 
9 3 0 704 703 
6 2 705 703 
10 2 0 706 
9 3 0 707 706 
6 2 708 706 
10 2 0 709 
11 9 686 689 692 695 698 701 704 707 710 
1 0 
1 0 
1 0 
1 0 
1 0 
1 0 
1 0 
1 0 
2 2 0 712 
3 1 720 
4 2 0 719 
3 1 722 
5 3 0 713 721 
6 2 724 721 
7 3 0 718 723 
6 2 726 723 
5 3 0 714 725 
6 2 728 725 
7 3 0 717 727 
6 2 730 727 
5 3 0 715 729 
6 2 732 729 
7 3 0 716 731 
6 2 734 731 
5 3 0 716 733 
6 2 736 733 
7 3 0 715 735 
6 2 738 735 
5 3 0 717 737 
6 2 740 737 
7 3 0 714 739 
6 2 742 739 
5 3 0 718 741 
6 2 744 741 
7 3 0 713 743 
6 2 746 743 
5 3 0 719 745 
6 2 748 745 
7 3 0 712 747 
6 2 750 747 
8 3 749 751 0 
9 2 0 752 
6 2 753 752 
10 2 0 754 
9 3 0 755 754 
6 2 756 754 
10 2 0 757 
9 3 0 758 757 
6 2 759 757 
10 2 0 760 
9 3 0 761 760 
6 2 762 760 
10 2 0 763 
9 3 0 764 763 
6 2 765 763 
10 2 0 766 
9 3 0 767 766 
6 2 768 766 
10 2 0 769 
9 3 0 770 769 
6 2 771 769 
10 2 0 772 
11 7 755 758 761 764 767 770 773 
1 0 
1 0 
1 0 
1 0 
1 0 
2 2 0 775 
3 1 780 
4 2 0 779 
3 1 782 
5 3 0 776 781 
6 2 784 781 
7 3 0 778 783 
6 2 786 783 
5 3 0 777 785 
6 2 788 785 
7 3 0 777 787 
6 2 790 787 
5 3 0 778 789 
6 2 792 789 
7 3 0 776 791 
6 2 794 791 
5 3 0 779 793 
6 2 796 793 
7 3 0 775 795 
6 2 798 795 
8 3 797 799 0 
9 2 0 800 
6 2 801 800 
10 2 0 802 
9 3 0 803 802 
6 2 804 802 
10 2 0 805 
9 3 0 806 805 
6 2 807 805 
10 2 0 808 
9 3 0 809 808 
6 2 810 808 
10 2 0 811 
11 4 803 806 809 812 
1 0 
1 0 
1 0 
1 0 
1 0 
1 0 
1 0 
1 0 
1 0 
1 0 
2 2 0 814 
3 1 824 
4 2 0 823 
3 1 826 
5 3 0 815 825 
6 2 828 825 
7 3 0 822 827 
6 2 830 827 
5 3 0 816 829 
6 2 832 829 
7 3 0 821 831 
6 2 834 831 
5 3 0 817 833 
6 2 836 833 
7 3 0 820 835 
6 2 838 835 
5 3 0 818 837 
6 2 840 837 
7 3 0 819 839 
6 2 842 839 
5 3 0 819 841 
6 2 844 841 
7 3 0 818 843 
6 2 846 843 
5 3 0 820 845 
6 2 848 845 
7 3 0 817 847 
6 2 850 847 
5 3 0 821 849 
6 2 852 849 
7 3 0 816 851 
6 2 854 851 
5 3 0 822 853 
6 2 856 853 
7 3 0 815 855 
6 2 858 855 
5 3 0 823 857 
6 2 860 857 
7 3 0 814 859 
6 2 862 859 
8 3 861 863 0 
9 2 0 864 
6 2 865 864 
10 2 0 866 
9 3 0 867 866 
6 2 868 866 
10 2 0 869 
9 3 0 870 869 
6 2 871 869 
10 2 0 872 
9 3 0 873 872 
6 2 874 872 
10 2 0 875 
9 3 0 876 875 
6 2 877 875 
10 2 0 878 
9 3 0 879 878 
6 2 880 878 
10 2 0 881 
9 3 0 882 881 
6 2 883 881 
10 2 0 884 
9 3 0 885 884 
6 2 886 884 
10 2 0 887 
9 3 0 888 887 
6 2 889 887 
10 2 0 890 
11 9 867 870 873 876 879 882 885 888 891 
1 0 
1 0 
1 0 
1 0 
1 0 
1 0 
1 0 
1 0 
1 0 
1 0 
1 0 
1 0 
1 0 
1 0 
2 2 0 893 
3 1 907 
4 2 0 906 
3 1 909 
5 3 0 894 908 
6 2 911 908 
7 3 0 905 910 
6 2 913 910 
5 3 0 895 912 
6 2 915 912 
7 3 0 904 914 
6 2 917 914 
5 3 0 896 916 
6 2 919 916 
7 3 0 903 918 
6 2 921 918 
5 3 0 897 920 
6 2 923 920 
7 3 0 902 922 
6 2 925 922 
5 3 0 898 924 
6 2 927 924 
7 3 0 901 926 
6 2 929 926 
5 3 0 899 928 
6 2 931 928 
7 3 0 900 930 
6 2 933 930 
5 3 0 900 932 
6 2 935 932 
7 3 0 899 934 
6 2 937 934 
5 3 0 901 936 
6 2 939 936 
7 3 0 898 938 
6 2 941 938 
5 3 0 902 940 
6 2 943 940 
7 3 0 897 942 
6 2 945 942 
5 3 0 903 944 
6 2 947 944 
7 3 0 896 946 
6 2 949 946 
5 3 0 904 948 
6 2 951 948 
7 3 0 895 950 
6 2 953 950 
5 3 0 905 952 
6 2 955 952 
7 3 0 894 954 
6 2 957 954 
5 3 0 906 956 
6 2 959 956 
7 3 0 893 958 
6 2 961 958 
8 3 960 962 0 
9 2 0 963 
6 2 964 963 
10 2 0 965 
9 3 0 966 965 
6 2 967 965 
10 2 0 968 
9 3 0 969 968 
6 2 970 968 
10 2 0 971 
9 3 0 972 971 
6 2 973 971 
10 2 0 974 
9 3 0 975 974 
6 2 976 974 
10 2 0 977 
9 3 0 978 977 
6 2 979 977 
10 2 0 980 
9 3 0 981 980 
6 2 982 980 
10 2 0 983 
9 3 0 984 983 
6 2 985 983 
10 2 0 986 
9 3 0 987 986 
6 2 988 986 
10 2 0 989 
9 3 0 990 989 
6 2 991 989 
10 2 0 992 
9 3 0 993 992 
6 2 994 992 
10 2 0 995 
9 3 0 996 995 
6 2 997 995 
10 2 0 998 
9 3 0 999 998 
6 2 1000 998 
10 2 0 1001 
11 13 966 969 972 975 978 981 984 987 990 993 996 999 1002 
1 0 
1 0 
1 0 
1 0 
1 0 
1 0 
1 0 
1 0 
1 0 
1 0 
1 0 
1 0 
1 0 
1 0 
1 0 
1 0 
1 0 
1 0 
1 0 
1 0 
1 0 
1 0 
1 0 
2 2 0 1004 
3 1 1027 
4 2 0 1026 
3 1 1029 
5 3 0 1005 1028 
6 2 1031 1028 
7 3 0 1025 1030 
6 2 1033 1030 
5 3 0 1006 1032 
6 2 1035 1032 
7 3 0 1024 1034 
6 2 1037 1034 
5 3 0 1007 1036 
6 2 1039 1036 
7 3 0 1023 1038 
6 2 1041 1038 
5 3 0 1008 1040 
6 2 1043 1040 
7 3 0 1022 1042 
6 2 1045 1042 
5 3 0 1009 1044 
6 2 1047 1044 
7 3 0 1021 1046 
6 2 1049 1046 
5 3 0 1010 1048 
6 2 1051 1048 
7 3 0 1020 1050 
6 2 1053 1050 
5 3 0 1011 1052 
6 2 1055 1052 
7 3 0 1019 1054 
6 2 1057 1054 
5 3 0 1012 1056 
6 2 1059 1056 
7 3 0 1018 1058 
6 2 1061 1058 
5 3 0 1013 1060 
6 2 1063 1060 
7 3 0 1017 1062 
6 2 1065 1062 
5 3 0 1014 1064 
6 2 1067 1064 
7 3 0 1016 1066 
6 2 1069 1066 
5 3 0 1015 1068 
6 2 1071 1068 
7 3 0 1015 1070 
6 2 1073 1070 
5 3 0 1016 1072 
6 2 1075 1072 
7 3 0 1014 1074 
6 2 1077 1074 
5 3 0 1017 1076 
6 2 1079 1076 
7 3 0 1013 1078 
6 2 1081 1078 
5 3 0 1018 1080 
6 2 1083 1080 
7 3 0 1012 1082 
6 2 1085 1082 
5 3 0 1019 1084 
6 2 1087 1084 
7 3 0 1011 1086 
6 2 1089 1086 
5 3 0 1020 1088 
6 2 1091 1088 
7 3 0 1010 1090 
6 2 1093 1090 
5 3 0 1021 1092 
6 2 1095 1092 
7 3 0 1009 1094 
6 2 1097 1094 
5 3 0 1022 1096 
6 2 1099 1096 
7 3 0 1008 1098 
6 2 1101 1098 
5 3 0 1023 1100 
6 2 1103 1100 
7 3 0 1007 1102 
6 2 1105 1102 
5 3 0 1024 1104 
6 2 1107 1104 
7 3 0 1006 1106 
6 2 1109 1106 
5 3 0 1025 1108 
6 2 1111 1108 
7 3 0 1005 1110 
6 2 1113 1110 
5 3 0 1026 1112 
6 2 1115 1112 
7 3 0 1004 1114 
6 2 1117 1114 
8 3 1116 1118 0 
9 2 0 1119 
6 2 1120 1119 
10 2 0 1121 
9 3 0 1122 1121 
6 2 1123 1121 
10 2 0 1124 
9 3 0 1125 1124 
6 2 1126 1124 
10 2 0 1127 
9 3 0 1128 1127 
6 2 1129 1127 
10 2 0 1130 
9 3 0 1131 1130 
6 2 1132 1130 
10 2 0 1133 
9 3 0 1134 1133 
6 2 1135 1133 
10 2 0 1136 
9 3 0 1137 1136 
6 2 1138 1136 
10 2 0 1139 
9 3 0 1140 1139 
6 2 1141 1139 
10 2 0 1142 
9 3 0 1143 1142 
6 2 1144 1142 
10 2 0 1145 
9 3 0 1146 1145 
6 2 1147 1145 
10 2 0 1148 
9 3 0 1149 1148 
6 2 1150 1148 
10 2 0 1151 
9 3 0 1152 1151 
6 2 1153 1151 
10 2 0 1154 
9 3 0 1155 1154 
6 2 1156 1154 
10 2 0 1157 
9 3 0 1158 1157 
6 2 1159 1157 
10 2 0 1160 
9 3 0 1161 1160 
6 2 1162 1160 
10 2 0 1163 
9 3 0 1164 1163 
6 2 1165 1163 
10 2 0 1166 
9 3 0 1167 1166 
6 2 1168 1166 
10 2 0 1169 
9 3 0 1170 1169 
6 2 1171 1169 
10 2 0 1172 
9 3 0 1173 1172 
6 2 1174 1172 
10 2 0 1175 
9 3 0 1176 1175 
6 2 1177 1175 
10 2 0 1178 
9 3 0 1179 1178 
6 2 1180 1178 
10 2 0 1181 
9 3 0 1182 1181 
6 2 1183 1181 
10 2 0 1184 
11 22 1122 1125 1128 1131 1134 1137 1140 1143 1146 1149 1152 1155 1158 1161 1164 1167 1170 1173 1176 1179 1182 1185 
1 0 
1 0 
1 0 
1 0 
1 0 
1 0 
1 0 
1 0 
1 0 
1 0 
1 0 
1 0 
1 0 
1 0 
2 2 0 1187 
3 1 1201 
4 2 0 1200 
3 1 1203 
5 3 0 1188 1202 
6 2 1205 1202 
7 3 0 1199 1204 
6 2 1207 1204 
5 3 0 1189 1206 
6 2 1209 1206 
7 3 0 1198 1208 
6 2 1211 1208 
5 3 0 1190 1210 
6 2 1213 1210 
7 3 0 1197 1212 
6 2 1215 1212 
5 3 0 1191 1214 
6 2 1217 1214 
7 3 0 1196 1216 
6 2 1219 1216 
5 3 0 1192 1218 
6 2 1221 1218 
7 3 0 1195 1220 
6 2 1223 1220 
5 3 0 1193 1222 
6 2 1225 1222 
7 3 0 1194 1224 
6 2 1227 1224 
5 3 0 1194 1226 
6 2 1229 1226 
7 3 0 1193 1228 
6 2 1231 1228 
5 3 0 1195 1230 
6 2 1233 1230 
7 3 0 1192 1232 
6 2 1235 1232 
5 3 0 1196 1234 
6 2 1237 1234 
7 3 0 1191 1236 
6 2 1239 1236 
5 3 0 1197 1238 
6 2 1241 1238 
7 3 0 1190 1240 
6 2 1243 1240 
5 3 0 1198 1242 
6 2 1245 1242 
7 3 0 1189 1244 
6 2 1247 1244 
5 3 0 1199 1246 
6 2 1249 1246 
7 3 0 1188 1248 
6 2 1251 1248 
5 3 0 1200 1250 
6 2 1253 1250 
7 3 0 1187 1252 
6 2 1255 1252 
8 3 1254 1256 0 
9 2 0 1257 
6 2 1258 1257 
10 2 0 1259 
9 3 0 1260 1259 
6 2 1261 1259 
10 2 0 1262 
9 3 0 1263 1262 
6 2 1264 1262 
10 2 0 1265 
9 3 0 1266 1265 
6 2 1267 1265 
10 2 0 1268 
9 3 0 1269 1268 
6 2 1270 1268 
10 2 0 1271 
9 3 0 1272 1271 
6 2 1273 1271 
10 2 0 1274 
9 3 0 1275 1274 
6 2 1276 1274 
10 2 0 1277 
9 3 0 1278 1277 
6 2 1279 1277 
10 2 0 1280 
9 3 0 1281 1280 
6 2 1282 1280 
10 2 0 1283 
9 3 0 1284 1283 
6 2 1285 1283 
10 2 0 1286 
9 3 0 1287 1286 
6 2 1288 1286 
10 2 0 1289 
9 3 0 1290 1289 
6 2 1291 1289 
10 2 0 1292 
9 3 0 1293 1292 
6 2 1294 1292 
10 2 0 1295 
11 13 1260 1263 1266 1269 1272 1275 1278 1281 1284 1287 1290 1293 1296 
1 0 
1 0 
1 0 
1 0 
2 2 0 1298 
3 1 1302 
4 2 0 1301 
3 1 1304 
5 3 0 1299 1303 
6 2 1306 1303 
7 3 0 1300 1305 
6 2 1308 1305 
5 3 0 1300 1307 
6 2 1310 1307 
7 3 0 1299 1309 
6 2 1312 1309 
5 3 0 1301 1311 
6 2 1314 1311 
7 3 0 1298 1313 
6 2 1316 1313 
8 3 1315 1317 0 
9 2 0 1318 
6 2 1319 1318 
10 2 0 1320 
9 3 0 1321 1320 
6 2 1322 1320 
10 2 0 1323 
9 3 0 1324 1323 
6 2 1325 1323 
10 2 0 1326 
11 3 1321 1324 1327 
1 0 
1 0 
1 0 
1 0 
1 0 
1 0 
1 0 
1 0 
1 0 
1 0 
2 2 0 1329 
3 1 1339 
4 2 0 1338 
3 1 1341 
5 3 0 1330 1340 
6 2 1343 1340 
7 3 0 1337 1342 
6 2 1345 1342 
5 3 0 1331 1344 
6 2 1347 1344 
7 3 0 1336 1346 
6 2 1349 1346 
5 3 0 1332 1348 
6 2 1351 1348 
7 3 0 1335 1350 
6 2 1353 1350 
5 3 0 1333 1352 
6 2 1355 1352 
7 3 0 1334 1354 
6 2 1357 1354 
5 3 0 1334 1356 
6 2 1359 1356 
7 3 0 1333 1358 
6 2 1361 1358 
5 3 0 1335 1360 
6 2 1363 1360 
7 3 0 1332 1362 
6 2 1365 1362 
5 3 0 1336 1364 
6 2 1367 1364 
7 3 0 1331 1366 
6 2 1369 1366 
5 3 0 1337 1368 
6 2 1371 1368 
7 3 0 1330 1370 
6 2 1373 1370 
5 3 0 1338 1372 
6 2 1375 1372 
7 3 0 1329 1374 
6 2 1377 1374 
8 3 1376 1378 0 
9 2 0 1379 
6 2 1380 1379 
10 2 0 1381 
9 3 0 1382 1381 
6 2 1383 1381 
10 2 0 1384 
9 3 0 1385 1384 
6 2 1386 1384 
10 2 0 1387 
9 3 0 1388 1387 
6 2 1389 1387 
10 2 0 1390 
9 3 0 1391 1390 
6 2 1392 1390 
10 2 0 1393 
9 3 0 1394 1393 
6 2 1395 1393 
10 2 0 1396 
9 3 0 1397 1396 
6 2 1398 1396 
10 2 0 1399 
9 3 0 1400 1399 
6 2 1401 1399 
10 2 0 1402 
9 3 0 1403 1402 
6 2 1404 1402 
10 2 0 1405 
11 9 1382 1385 1388 1391 1394 1397 1400 1403 1406 
1 0 
1 0 
1 0 
1 0 
1 0 
1 0 
1 0 
1 0 
1 0 
1 0 
1 0 
2 2 0 1408 
3 1 1419 
4 2 0 1418 
3 1 1421 
5 3 0 1409 1420 
6 2 1423 1420 
7 3 0 1417 1422 
6 2 1425 1422 
5 3 0 1410 1424 
6 2 1427 1424 
7 3 0 1416 1426 
6 2 1429 1426 
5 3 0 1411 1428 
6 2 1431 1428 
7 3 0 1415 1430 
6 2 1433 1430 
5 3 0 1412 1432 
6 2 1435 1432 
7 3 0 1414 1434 
6 2 1437 1434 
5 3 0 1413 1436 
6 2 1439 1436 
7 3 0 1413 1438 
6 2 1441 1438 
5 3 0 1414 1440 
6 2 1443 1440 
7 3 0 1412 1442 
6 2 1445 1442 
5 3 0 1415 1444 
6 2 1447 1444 
7 3 0 1411 1446 
6 2 1449 1446 
5 3 0 1416 1448 
6 2 1451 1448 
7 3 0 1410 1450 
6 2 1453 1450 
5 3 0 1417 1452 
6 2 1455 1452 
7 3 0 1409 1454 
6 2 1457 1454 
5 3 0 1418 1456 
6 2 1459 1456 
7 3 0 1408 1458 
6 2 1461 1458 
8 3 1460 1462 0 
9 2 0 1463 
6 2 1464 1463 
10 2 0 1465 
9 3 0 1466 1465 
6 2 1467 1465 
10 2 0 1468 
9 3 0 1469 1468 
6 2 1470 1468 
10 2 0 1471 
9 3 0 1472 1471 
6 2 1473 1471 
10 2 0 1474 
9 3 0 1475 1474 
6 2 1476 1474 
10 2 0 1477 
9 3 0 1478 1477 
6 2 1479 1477 
10 2 0 1480 
9 3 0 1481 1480 
6 2 1482 1480 
10 2 0 1483 
9 3 0 1484 1483 
6 2 1485 1483 
10 2 0 1486 
9 3 0 1487 1486 
6 2 1488 1486 
10 2 0 1489 
9 3 0 1490 1489 
6 2 1491 1489 
10 2 0 1492 
11 10 1466 1469 1472 1475 1478 1481 1484 1487 1490 1493 
1 0 
1 0 
1 0 
1 0 
1 0 
1 0 
1 0 
1 0 
1 0 
1 0 
2 2 0 1495 
3 1 1505 
4 2 0 1504 
3 1 1507 
5 3 0 1496 1506 
6 2 1509 1506 
7 3 0 1503 1508 
6 2 1511 1508 
5 3 0 1497 1510 
6 2 1513 1510 
7 3 0 1502 1512 
6 2 1515 1512 
5 3 0 1498 1514 
6 2 1517 1514 
7 3 0 1501 1516 
6 2 1519 1516 
5 3 0 1499 1518 
6 2 1521 1518 
7 3 0 1500 1520 
6 2 1523 1520 
5 3 0 1500 1522 
6 2 1525 1522 
7 3 0 1499 1524 
6 2 1527 1524 
5 3 0 1501 1526 
6 2 1529 1526 
7 3 0 1498 1528 
6 2 1531 1528 
5 3 0 1502 1530 
6 2 1533 1530 
7 3 0 1497 1532 
6 2 1535 1532 
5 3 0 1503 1534 
6 2 1537 1534 
7 3 0 1496 1536 
6 2 1539 1536 
5 3 0 1504 1538 
6 2 1541 1538 
7 3 0 1495 1540 
6 2 1543 1540 
8 3 1542 1544 0 
9 2 0 1545 
6 2 1546 1545 
10 2 0 1547 
9 3 0 1548 1547 
6 2 1549 1547 
10 2 0 1550 
9 3 0 1551 1550 
6 2 1552 1550 
10 2 0 1553 
9 3 0 1554 1553 
6 2 1555 1553 
10 2 0 1556 
9 3 0 1557 1556 
6 2 1558 1556 
10 2 0 1559 
9 3 0 1560 1559 
6 2 1561 1559 
10 2 0 1562 
9 3 0 1563 1562 
6 2 1564 1562 
10 2 0 1565 
9 3 0 1566 1565 
6 2 1567 1565 
10 2 0 1568 
9 3 0 1569 1568 
6 2 1570 1568 
10 2 0 1571 
11 9 1548 1551 1554 1557 1560 1563 1566 1569 1572 
1 0 
1 0 
1 0 
1 0 
1 0 
1 0 
1 0 
1 0 
1 0 
1 0 
1 0 
1 0 
1 0 
1 0 
2 2 0 1574 
3 1 1588 
4 2 0 1587 
3 1 1590 
5 3 0 1575 1589 
6 2 1592 1589 
7 3 0 1586 1591 
6 2 1594 1591 
5 3 0 1576 1593 
6 2 1596 1593 
7 3 0 1585 1595 
6 2 1598 1595 
5 3 0 1577 1597 
6 2 1600 1597 
7 3 0 1584 1599 
6 2 1602 1599 
5 3 0 1578 1601 
6 2 1604 1601 
7 3 0 1583 1603 
6 2 1606 1603 
5 3 0 1579 1605 
6 2 1608 1605 
7 3 0 1582 1607 
6 2 1610 1607 
5 3 0 1580 1609 
6 2 1612 1609 
7 3 0 1581 1611 
6 2 1614 1611 
5 3 0 1581 1613 
6 2 1616 1613 
7 3 0 1580 1615 
6 2 1618 1615 
5 3 0 1582 1617 
6 2 1620 1617 
7 3 0 1579 1619 
6 2 1622 1619 
5 3 0 1583 1621 
6 2 1624 1621 
7 3 0 1578 1623 
6 2 1626 1623 
5 3 0 1584 1625 
6 2 1628 1625 
7 3 0 1577 1627 
6 2 1630 1627 
5 3 0 1585 1629 
6 2 1632 1629 
7 3 0 1576 1631 
6 2 1634 1631 
5 3 0 1586 1633 
6 2 1636 1633 
7 3 0 1575 1635 
6 2 1638 1635 
5 3 0 1587 1637 
6 2 1640 1637 
7 3 0 1574 1639 
6 2 1642 1639 
8 3 1641 1643 0 
9 2 0 1644 
6 2 1645 1644 
10 2 0 1646 
9 3 0 1647 1646 
6 2 1648 1646 
10 2 0 1649 
9 3 0 1650 1649 
6 2 1651 1649 
10 2 0 1652 
9 3 0 1653 1652 
6 2 1654 1652 
10 2 0 1655 
9 3 0 1656 1655 
6 2 1657 1655 
10 2 0 1658 
9 3 0 1659 1658 
6 2 1660 1658 
10 2 0 1661 
9 3 0 1662 1661 
6 2 1663 1661 
10 2 0 1664 
9 3 0 1665 1664 
6 2 1666 1664 
10 2 0 1667 
9 3 0 1668 1667 
6 2 1669 1667 
10 2 0 1670 
9 3 0 1671 1670 
6 2 1672 1670 
10 2 0 1673 
9 3 0 1674 1673 
6 2 1675 1673 
10 2 0 1676 
9 3 0 1677 1676 
6 2 1678 1676 
10 2 0 1679 
9 3 0 1680 1679 
6 2 1681 1679 
10 2 0 1682 
11 13 1647 1650 1653 1656 1659 1662 1665 1668 1671 1674 1677 1680 1683 
1 0 
1 0 
1 0 
1 0 
1 0 
1 0 
1 0 
2 2 0 1685 
3 1 1692 
4 2 0 1691 
3 1 1694 
5 3 0 1686 1693 
6 2 1696 1693 
7 3 0 1690 1695 
6 2 1698 1695 
5 3 0 1687 1697 
6 2 1700 1697 
7 3 0 1689 1699 
6 2 1702 1699 
5 3 0 1688 1701 
6 2 1704 1701 
7 3 0 1688 1703 
6 2 1706 1703 
5 3 0 1689 1705 
6 2 1708 1705 
7 3 0 1687 1707 
6 2 1710 1707 
5 3 0 1690 1709 
6 2 1712 1709 
7 3 0 1686 1711 
6 2 1714 1711 
5 3 0 1691 1713 
6 2 1716 1713 
7 3 0 1685 1715 
6 2 1718 1715 
8 3 1717 1719 0 
9 2 0 1720 
6 2 1721 1720 
10 2 0 1722 
9 3 0 1723 1722 
6 2 1724 1722 
10 2 0 1725 
9 3 0 1726 1725 
6 2 1727 1725 
10 2 0 1728 
9 3 0 1729 1728 
6 2 1730 1728 
10 2 0 1731 
9 3 0 1732 1731 
6 2 1733 1731 
10 2 0 1734 
9 3 0 1735 1734 
6 2 1736 1734 
10 2 0 1737 
11 6 1723 1726 1729 1732 1735 1738 
1 0 
1 0 
1 0 
1 0 
1 0 
1 0 
1 0 
1 0 
1 0 
1 0 
1 0 
1 0 
1 0 
2 2 0 1740 
3 1 1753 
4 2 0 1752 
3 1 1755 
5 3 0 1741 1754 
6 2 1757 1754 
7 3 0 1751 1756 
6 2 1759 1756 
5 3 0 1742 1758 
6 2 1761 1758 
7 3 0 1750 1760 
6 2 1763 1760 
5 3 0 1743 1762 
6 2 1765 1762 
7 3 0 1749 1764 
6 2 1767 1764 
5 3 0 1744 1766 
6 2 1769 1766 
7 3 0 1748 1768 
6 2 1771 1768 
5 3 0 1745 1770 
6 2 1773 1770 
7 3 0 1747 1772 
6 2 1775 1772 
5 3 0 1746 1774 
6 2 1777 1774 
7 3 0 1746 1776 
6 2 1779 1776 
5 3 0 1747 1778 
6 2 1781 1778 
7 3 0 1745 1780 
6 2 1783 1780 
5 3 0 1748 1782 
6 2 1785 1782 
7 3 0 1744 1784 
6 2 1787 1784 
5 3 0 1749 1786 
6 2 1789 1786 
7 3 0 1743 1788 
6 2 1791 1788 
5 3 0 1750 1790 
6 2 1793 1790 
7 3 0 1742 1792 
6 2 1795 1792 
5 3 0 1751 1794 
6 2 1797 1794 
7 3 0 1741 1796 
6 2 1799 1796 
5 3 0 1752 1798 
6 2 1801 1798 
7 3 0 1740 1800 
6 2 1803 1800 
8 3 1802 1804 0 
9 2 0 1805 
6 2 1806 1805 
10 2 0 1807 
9 3 0 1808 1807 
6 2 1809 1807 
10 2 0 1810 
9 3 0 1811 1810 
6 2 1812 1810 
10 2 0 1813 
9 3 0 1814 1813 
6 2 1815 1813 
10 2 0 1816 
9 3 0 1817 1816 
6 2 1818 1816 
10 2 0 1819 
9 3 0 1820 1819 
6 2 1821 1819 
10 2 0 1822 
9 3 0 1823 1822 
6 2 1824 1822 
10 2 0 1825 
9 3 0 1826 1825 
6 2 1827 1825 
10 2 0 1828 
9 3 0 1829 1828 
6 2 1830 1828 
10 2 0 1831 
9 3 0 1832 1831 
6 2 1833 1831 
10 2 0 1834 
9 3 0 1835 1834 
6 2 1836 1834 
10 2 0 1837 
9 3 0 1838 1837 
6 2 1839 1837 
10 2 0 1840 
11 12 1808 1811 1814 1817 1820 1823 1826 1829 1832 1835 1838 1841 
1 0 
1 0 
1 0 
1 0 
1 0 
1 0 
1 0 
1 0 
1 0 
2 2 0 1843 
3 1 1852 
4 2 0 1851 
3 1 1854 
5 3 0 1844 1853 
6 2 1856 1853 
7 3 0 1850 1855 
6 2 1858 1855 
5 3 0 1845 1857 
6 2 1860 1857 
7 3 0 1849 1859 
6 2 1862 1859 
5 3 0 1846 1861 
6 2 1864 1861 
7 3 0 1848 1863 
6 2 1866 1863 
5 3 0 1847 1865 
6 2 1868 1865 
7 3 0 1847 1867 
6 2 1870 1867 
5 3 0 1848 1869 
6 2 1872 1869 
7 3 0 1846 1871 
6 2 1874 1871 
5 3 0 1849 1873 
6 2 1876 1873 
7 3 0 1845 1875 
6 2 1878 1875 
5 3 0 1850 1877 
6 2 1880 1877 
7 3 0 1844 1879 
6 2 1882 1879 
5 3 0 1851 1881 
6 2 1884 1881 
7 3 0 1843 1883 
6 2 1886 1883 
8 3 1885 1887 0 
9 2 0 1888 
6 2 1889 1888 
10 2 0 1890 
9 3 0 1891 1890 
6 2 1892 1890 
10 2 0 1893 
9 3 0 1894 1893 
6 2 1895 1893 
10 2 0 1896 
9 3 0 1897 1896 
6 2 1898 1896 
10 2 0 1899 
9 3 0 1900 1899 
6 2 1901 1899 
10 2 0 1902 
9 3 0 1903 1902 
6 2 1904 1902 
10 2 0 1905 
9 3 0 1906 1905 
6 2 1907 1905 
10 2 0 1908 
9 3 0 1909 1908 
6 2 1910 1908 
10 2 0 1911 
11 8 1891 1894 1897 1900 1903 1906 1909 1912 
1 0 
1 0 
1 0 
1 0 
1 0 
1 0 
1 0 
1 0 
1 0 
2 2 0 1914 
3 1 1923 
4 2 0 1922 
3 1 1925 
5 3 0 1915 1924 
6 2 1927 1924 
7 3 0 1921 1926 
6 2 1929 1926 
5 3 0 1916 1928 
6 2 1931 1928 
7 3 0 1920 1930 
6 2 1933 1930 
5 3 0 1917 1932 
6 2 1935 1932 
7 3 0 1919 1934 
6 2 1937 1934 
5 3 0 1918 1936 
6 2 1939 1936 
7 3 0 1918 1938 
6 2 1941 1938 
5 3 0 1919 1940 
6 2 1943 1940 
7 3 0 1917 1942 
6 2 1945 1942 
5 3 0 1920 1944 
6 2 1947 1944 
7 3 0 1916 1946 
6 2 1949 1946 
5 3 0 1921 1948 
6 2 1951 1948 
7 3 0 1915 1950 
6 2 1953 1950 
5 3 0 1922 1952 
6 2 1955 1952 
7 3 0 1914 1954 
6 2 1957 1954 
8 3 1956 1958 0 
9 2 0 1959 
6 2 1960 1959 
10 2 0 1961 
9 3 0 1962 1961 
6 2 1963 1961 
10 2 0 1964 
9 3 0 1965 1964 
6 2 1966 1964 
10 2 0 1967 
9 3 0 1968 1967 
6 2 1969 1967 
10 2 0 1970 
9 3 0 1971 1970 
6 2 1972 1970 
10 2 0 1973 
9 3 0 1974 1973 
6 2 1975 1973 
10 2 0 1976 
9 3 0 1977 1976 
6 2 1978 1976 
10 2 0 1979 
9 3 0 1980 1979 
6 2 1981 1979 
10 2 0 1982 
11 8 1962 1965 1968 1971 1974 1977 1980 1983 
1 0 
1 0 
1 0 
1 0 
1 0 
1 0 
1 0 
1 0 
1 0 
1 0 
2 2 0 1985 
3 1 1995 
4 2 0 1994 
3 1 1997 
5 3 0 1986 1996 
6 2 1999 1996 
7 3 0 1993 1998 
6 2 2001 1998 
5 3 0 1987 2000 
6 2 2003 2000 
7 3 0 1992 2002 
6 2 2005 2002 
5 3 0 1988 2004 
6 2 2007 2004 
7 3 0 1991 2006 
6 2 2009 2006 
5 3 0 1989 2008 
6 2 2011 2008 
7 3 0 1990 2010 
6 2 2013 2010 
5 3 0 1990 2012 
6 2 2015 2012 
7 3 0 1989 2014 
6 2 2017 2014 
5 3 0 1991 2016 
6 2 2019 2016 
7 3 0 1988 2018 
6 2 2021 2018 
5 3 0 1992 2020 
6 2 2023 2020 
7 3 0 1987 2022 
6 2 2025 2022 
5 3 0 1993 2024 
6 2 2027 2024 
7 3 0 1986 2026 
6 2 2029 2026 
5 3 0 1994 2028 
6 2 2031 2028 
7 3 0 1985 2030 
6 2 2033 2030 
8 3 2032 2034 0 
9 2 0 2035 
6 2 2036 2035 
10 2 0 2037 
9 3 0 2038 2037 
6 2 2039 2037 
10 2 0 2040 
9 3 0 2041 2040 
6 2 2042 2040 
10 2 0 2043 
9 3 0 2044 2043 
6 2 2045 2043 
10 2 0 2046 
9 3 0 2047 2046 
6 2 2048 2046 
10 2 0 2049 
9 3 0 2050 2049 
6 2 2051 2049 
10 2 0 2052 
9 3 0 2053 2052 
6 2 2054 2052 
10 2 0 2055 
9 3 0 2056 2055 
6 2 2057 2055 
10 2 0 2058 
9 3 0 2059 2058 
6 2 2060 2058 
10 2 0 2061 
11 9 2038 2041 2044 2047 2050 2053 2056 2059 2062 
1 0 
1 0 
1 0 
1 0 
1 0 
1 0 
1 0 
1 0 
1 0 
1 0 
1 0 
1 0 
1 0 
2 2 0 2064 
3 1 2077 
4 2 0 2076 
3 1 2079 
5 3 0 2065 2078 
6 2 2081 2078 
7 3 0 2075 2080 
6 2 2083 2080 
5 3 0 2066 2082 
6 2 2085 2082 
7 3 0 2074 2084 
6 2 2087 2084 
5 3 0 2067 2086 
6 2 2089 2086 
7 3 0 2073 2088 
6 2 2091 2088 
5 3 0 2068 2090 
6 2 2093 2090 
7 3 0 2072 2092 
6 2 2095 2092 
5 3 0 2069 2094 
6 2 2097 2094 
7 3 0 2071 2096 
6 2 2099 2096 
5 3 0 2070 2098 
6 2 2101 2098 
7 3 0 2070 2100 
6 2 2103 2100 
5 3 0 2071 2102 
6 2 2105 2102 
7 3 0 2069 2104 
6 2 2107 2104 
5 3 0 2072 2106 
6 2 2109 2106 
7 3 0 2068 2108 
6 2 2111 2108 
5 3 0 2073 2110 
6 2 2113 2110 
7 3 0 2067 2112 
6 2 2115 2112 
5 3 0 2074 2114 
6 2 2117 2114 
7 3 0 2066 2116 
6 2 2119 2116 
5 3 0 2075 2118 
6 2 2121 2118 
7 3 0 2065 2120 
6 2 2123 2120 
5 3 0 2076 2122 
6 2 2125 2122 
7 3 0 2064 2124 
6 2 2127 2124 
8 3 2126 2128 0 
9 2 0 2129 
6 2 2130 2129 
10 2 0 2131 
9 3 0 2132 2131 
6 2 2133 2131 
10 2 0 2134 
9 3 0 2135 2134 
6 2 2136 2134 
10 2 0 2137 
9 3 0 2138 2137 
6 2 2139 2137 
10 2 0 2140 
9 3 0 2141 2140 
6 2 2142 2140 
10 2 0 2143 
9 3 0 2144 2143 
6 2 2145 2143 
10 2 0 2146 
9 3 0 2147 2146 
6 2 2148 2146 
10 2 0 2149 
9 3 0 2150 2149 
6 2 2151 2149 
10 2 0 2152 
9 3 0 2153 2152 
6 2 2154 2152 
10 2 0 2155 
9 3 0 2156 2155 
6 2 2157 2155 
10 2 0 2158 
9 3 0 2159 2158 
6 2 2160 2158 
10 2 0 2161 
9 3 0 2162 2161 
6 2 2163 2161 
10 2 0 2164 
11 12 2132 2135 2138 2141 2144 2147 2150 2153 2156 2159 2162 2165 
1 0 
1 0 
1 0 
1 0 
1 0 
1 0 
1 0 
2 2 0 2167 
3 1 2174 
4 2 0 2173 
3 1 2176 
5 3 0 2168 2175 
6 2 2178 2175 
7 3 0 2172 2177 
6 2 2180 2177 
5 3 0 2169 2179 
6 2 2182 2179 
7 3 0 2171 2181 
6 2 2184 2181 
5 3 0 2170 2183 
6 2 2186 2183 
7 3 0 2170 2185 
6 2 2188 2185 
5 3 0 2171 2187 
6 2 2190 2187 
7 3 0 2169 2189 
6 2 2192 2189 
5 3 0 2172 2191 
6 2 2194 2191 
7 3 0 2168 2193 
6 2 2196 2193 
5 3 0 2173 2195 
6 2 2198 2195 
7 3 0 2167 2197 
6 2 2200 2197 
8 3 2199 2201 0 
9 2 0 2202 
6 2 2203 2202 
10 2 0 2204 
9 3 0 2205 2204 
6 2 2206 2204 
10 2 0 2207 
9 3 0 2208 2207 
6 2 2209 2207 
10 2 0 2210 
9 3 0 2211 2210 
6 2 2212 2210 
10 2 0 2213 
9 3 0 2214 2213 
6 2 2215 2213 
10 2 0 2216 
9 3 0 2217 2216 
6 2 2218 2216 
10 2 0 2219 
11 6 2205 2208 2211 2214 2217 2220 
1 0 
1 0 
1 0 
1 0 
1 0 
1 0 
1 0 
1 0 
1 0 
1 0 
2 2 0 2222 
3 1 2232 
4 2 0 2231 
3 1 2234 
5 3 0 2223 2233 
6 2 2236 2233 
7 3 0 2230 2235 
6 2 2238 2235 
5 3 0 2224 2237 
6 2 2240 2237 
7 3 0 2229 2239 
6 2 2242 2239 
5 3 0 2225 2241 
6 2 2244 2241 
7 3 0 2228 2243 
6 2 2246 2243 
5 3 0 2226 2245 
6 2 2248 2245 
7 3 0 2227 2247 
6 2 2250 2247 
5 3 0 2227 2249 
6 2 2252 2249 
7 3 0 2226 2251 
6 2 2254 2251 
5 3 0 2228 2253 
6 2 2256 2253 
7 3 0 2225 2255 
6 2 2258 2255 
5 3 0 2229 2257 
6 2 2260 2257 
7 3 0 2224 2259 
6 2 2262 2259 
5 3 0 2230 2261 
6 2 2264 2261 
7 3 0 2223 2263 
6 2 2266 2263 
5 3 0 2231 2265 
6 2 2268 2265 
7 3 0 2222 2267 
6 2 2270 2267 
8 3 2269 2271 0 
9 2 0 2272 
6 2 2273 2272 
10 2 0 2274 
9 3 0 2275 2274 
6 2 2276 2274 
10 2 0 2277 
9 3 0 2278 2277 
6 2 2279 2277 
10 2 0 2280 
9 3 0 2281 2280 
6 2 2282 2280 
10 2 0 2283 
9 3 0 2284 2283 
6 2 2285 2283 
10 2 0 2286 
9 3 0 2287 2286 
6 2 2288 2286 
10 2 0 2289 
9 3 0 2290 2289 
6 2 2291 2289 
10 2 0 2292 
9 3 0 2293 2292 
6 2 2294 2292 
10 2 0 2295 
9 3 0 2296 2295 
6 2 2297 2295 
10 2 0 2298 
11 9 2275 2278 2281 2284 2287 2290 2293 2296 2299 
1 0 
1 0 
1 0 
1 0 
1 0 
1 0 
1 0 
1 0 
1 0 
1 0 
1 0 
1 0 
2 2 0 2301 
3 1 2313 
4 2 0 2312 
3 1 2315 
5 3 0 2302 2314 
6 2 2317 2314 
7 3 0 2311 2316 
6 2 2319 2316 
5 3 0 2303 2318 
6 2 2321 2318 
7 3 0 2310 2320 
6 2 2323 2320 
5 3 0 2304 2322 
6 2 2325 2322 
7 3 0 2309 2324 
6 2 2327 2324 
5 3 0 2305 2326 
6 2 2329 2326 
7 3 0 2308 2328 
6 2 2331 2328 
5 3 0 2306 2330 
6 2 2333 2330 
7 3 0 2307 2332 
6 2 2335 2332 
5 3 0 2307 2334 
6 2 2337 2334 
7 3 0 2306 2336 
6 2 2339 2336 
5 3 0 2308 2338 
6 2 2341 2338 
7 3 0 2305 2340 
6 2 2343 2340 
5 3 0 2309 2342 
6 2 2345 2342 
7 3 0 2304 2344 
6 2 2347 2344 
5 3 0 2310 2346 
6 2 2349 2346 
7 3 0 2303 2348 
6 2 2351 2348 
5 3 0 2311 2350 
6 2 2353 2350 
7 3 0 2302 2352 
6 2 2355 2352 
5 3 0 2312 2354 
6 2 2357 2354 
7 3 0 2301 2356 
6 2 2359 2356 
8 3 2358 2360 0 
9 2 0 2361 
6 2 2362 2361 
10 2 0 2363 
9 3 0 2364 2363 
6 2 2365 2363 
10 2 0 2366 
9 3 0 2367 2366 
6 2 2368 2366 
10 2 0 2369 
9 3 0 2370 2369 
6 2 2371 2369 
10 2 0 2372 
9 3 0 2373 2372 
6 2 2374 2372 
10 2 0 2375 
9 3 0 2376 2375 
6 2 2377 2375 
10 2 0 2378 
9 3 0 2379 2378 
6 2 2380 2378 
10 2 0 2381 
9 3 0 2382 2381 
6 2 2383 2381 
10 2 0 2384 
9 3 0 2385 2384 
6 2 2386 2384 
10 2 0 2387 
9 3 0 2388 2387 
6 2 2389 2387 
10 2 0 2390 
9 3 0 2391 2390 
6 2 2392 2390 
10 2 0 2393 
11 11 2364 2367 2370 2373 2376 2379 2382 2385 2388 2391 2394 
1 0 
1 0 
1 0 
1 0 
1 0 
1 0 
1 0 
1 0 
1 0 
1 0 
1 0 
1 0 
1 0 
1 0 
1 0 
1 0 
1 0 
1 0 
1 0 
1 0 
1 0 
2 2 0 2396 
3 1 2417 
4 2 0 2416 
3 1 2419 
5 3 0 2397 2418 
6 2 2421 2418 
7 3 0 2415 2420 
6 2 2423 2420 
5 3 0 2398 2422 
6 2 2425 2422 
7 3 0 2414 2424 
6 2 2427 2424 
5 3 0 2399 2426 
6 2 2429 2426 
7 3 0 2413 2428 
6 2 2431 2428 
5 3 0 2400 2430 
6 2 2433 2430 
7 3 0 2412 2432 
6 2 2435 2432 
5 3 0 2401 2434 
6 2 2437 2434 
7 3 0 2411 2436 
6 2 2439 2436 
5 3 0 2402 2438 
6 2 2441 2438 
7 3 0 2410 2440 
6 2 2443 2440 
5 3 0 2403 2442 
6 2 2445 2442 
7 3 0 2409 2444 
6 2 2447 2444 
5 3 0 2404 2446 
6 2 2449 2446 
7 3 0 2408 2448 
6 2 2451 2448 
5 3 0 2405 2450 
6 2 2453 2450 
7 3 0 2407 2452 
6 2 2455 2452 
5 3 0 2406 2454 
6 2 2457 2454 
7 3 0 2406 2456 
6 2 2459 2456 
5 3 0 2407 2458 
6 2 2461 2458 
7 3 0 2405 2460 
6 2 2463 2460 
5 3 0 2408 2462 
6 2 2465 2462 
7 3 0 2404 2464 
6 2 2467 2464 
5 3 0 2409 2466 
6 2 2469 2466 
7 3 0 2403 2468 
6 2 2471 2468 
5 3 0 2410 2470 
6 2 2473 2470 
7 3 0 2402 2472 
6 2 2475 2472 
5 3 0 2411 2474 
6 2 2477 2474 
7 3 0 2401 2476 
6 2 2479 2476 
5 3 0 2412 2478 
6 2 2481 2478 
7 3 0 2400 2480 
6 2 2483 2480 
5 3 0 2413 2482 
6 2 2485 2482 
7 3 0 2399 2484 
6 2 2487 2484 
5 3 0 2414 2486 
6 2 2489 2486 
7 3 0 2398 2488 
6 2 2491 2488 
5 3 0 2415 2490 
6 2 2493 2490 
7 3 0 2397 2492 
6 2 2495 2492 
5 3 0 2416 2494 
6 2 2497 2494 
7 3 0 2396 2496 
6 2 2499 2496 
8 3 2498 2500 0 
9 2 0 2501 
6 2 2502 2501 
10 2 0 2503 
9 3 0 2504 2503 
6 2 2505 2503 
10 2 0 2506 
9 3 0 2507 2506 
6 2 2508 2506 
10 2 0 2509 
9 3 0 2510 2509 
6 2 2511 2509 
10 2 0 2512 
9 3 0 2513 2512 
6 2 2514 2512 
10 2 0 2515 
9 3 0 2516 2515 
6 2 2517 2515 
10 2 0 2518 
9 3 0 2519 2518 
6 2 2520 2518 
10 2 0 2521 
9 3 0 2522 2521 
6 2 2523 2521 
10 2 0 2524 
9 3 0 2525 2524 
6 2 2526 2524 
10 2 0 2527 
9 3 0 2528 2527 
6 2 2529 2527 
10 2 0 2530 
9 3 0 2531 2530 
6 2 2532 2530 
10 2 0 2533 
9 3 0 2534 2533 
6 2 2535 2533 
10 2 0 2536 
9 3 0 2537 2536 
6 2 2538 2536 
10 2 0 2539 
9 3 0 2540 2539 
6 2 2541 2539 
10 2 0 2542 
9 3 0 2543 2542 
6 2 2544 2542 
10 2 0 2545 
9 3 0 2546 2545 
6 2 2547 2545 
10 2 0 2548 
9 3 0 2549 2548 
6 2 2550 2548 
10 2 0 2551 
9 3 0 2552 2551 
6 2 2553 2551 
10 2 0 2554 
9 3 0 2555 2554 
6 2 2556 2554 
10 2 0 2557 
9 3 0 2558 2557 
6 2 2559 2557 
10 2 0 2560 
11 20 2504 2507 2510 2513 2516 2519 2522 2525 2528 2531 2534 2537 2540 2543 2546 2549 2552 2555 2558 2561 
1 0 
1 0 
1 0 
1 0 
1 0 
1 0 
1 0 
1 0 
1 0 
1 0 
1 0 
1 0 
1 0 
1 0 
2 2 0 2563 
3 1 2577 
4 2 0 2576 
3 1 2579 
5 3 0 2564 2578 
6 2 2581 2578 
7 3 0 2575 2580 
6 2 2583 2580 
5 3 0 2565 2582 
6 2 2585 2582 
7 3 0 2574 2584 
6 2 2587 2584 
5 3 0 2566 2586 
6 2 2589 2586 
7 3 0 2573 2588 
6 2 2591 2588 
5 3 0 2567 2590 
6 2 2593 2590 
7 3 0 2572 2592 
6 2 2595 2592 
5 3 0 2568 2594 
6 2 2597 2594 
7 3 0 2571 2596 
6 2 2599 2596 
5 3 0 2569 2598 
6 2 2601 2598 
7 3 0 2570 2600 
6 2 2603 2600 
5 3 0 2570 2602 
6 2 2605 2602 
7 3 0 2569 2604 
6 2 2607 2604 
5 3 0 2571 2606 
6 2 2609 2606 
7 3 0 2568 2608 
6 2 2611 2608 
5 3 0 2572 2610 
6 2 2613 2610 
7 3 0 2567 2612 
6 2 2615 2612 
5 3 0 2573 2614 
6 2 2617 2614 
7 3 0 2566 2616 
6 2 2619 2616 
5 3 0 2574 2618 
6 2 2621 2618 
7 3 0 2565 2620 
6 2 2623 2620 
5 3 0 2575 2622 
6 2 2625 2622 
7 3 0 2564 2624 
6 2 2627 2624 
5 3 0 2576 2626 
6 2 2629 2626 
7 3 0 2563 2628 
6 2 2631 2628 
8 3 2630 2632 0 
9 2 0 2633 
6 2 2634 2633 
10 2 0 2635 
9 3 0 2636 2635 
6 2 2637 2635 
10 2 0 2638 
9 3 0 2639 2638 
6 2 2640 2638 
10 2 0 2641 
9 3 0 2642 2641 
6 2 2643 2641 
10 2 0 2644 
9 3 0 2645 2644 
6 2 2646 2644 
10 2 0 2647 
9 3 0 2648 2647 
6 2 2649 2647 
10 2 0 2650 
9 3 0 2651 2650 
6 2 2652 2650 
10 2 0 2653 
9 3 0 2654 2653 
6 2 2655 2653 
10 2 0 2656 
9 3 0 2657 2656 
6 2 2658 2656 
10 2 0 2659 
9 3 0 2660 2659 
6 2 2661 2659 
10 2 0 2662 
9 3 0 2663 2662 
6 2 2664 2662 
10 2 0 2665 
9 3 0 2666 2665 
6 2 2667 2665 
10 2 0 2668 
9 3 0 2669 2668 
6 2 2670 2668 
10 2 0 2671 
11 13 2636 2639 2642 2645 2648 2651 2654 2657 2660 2663 2666 2669 2672 
1 0 
1 0 
1 0 
1 0 
1 0 
1 0 
1 0 
1 0 
1 0 
1 0 
1 0 
2 2 0 2674 
3 1 2685 
4 2 0 2684 
3 1 2687 
5 3 0 2675 2686 
6 2 2689 2686 
7 3 0 2683 2688 
6 2 2691 2688 
5 3 0 2676 2690 
6 2 2693 2690 
7 3 0 2682 2692 
6 2 2695 2692 
5 3 0 2677 2694 
6 2 2697 2694 
7 3 0 2681 2696 
6 2 2699 2696 
5 3 0 2678 2698 
6 2 2701 2698 
7 3 0 2680 2700 
6 2 2703 2700 
5 3 0 2679 2702 
6 2 2705 2702 
7 3 0 2679 2704 
6 2 2707 2704 
5 3 0 2680 2706 
6 2 2709 2706 
7 3 0 2678 2708 
6 2 2711 2708 
5 3 0 2681 2710 
6 2 2713 2710 
7 3 0 2677 2712 
6 2 2715 2712 
5 3 0 2682 2714 
6 2 2717 2714 
7 3 0 2676 2716 
6 2 2719 2716 
5 3 0 2683 2718 
6 2 2721 2718 
7 3 0 2675 2720 
6 2 2723 2720 
5 3 0 2684 2722 
6 2 2725 2722 
7 3 0 2674 2724 
6 2 2727 2724 
8 3 2726 2728 0 
9 2 0 2729 
6 2 2730 2729 
10 2 0 2731 
9 3 0 2732 2731 
6 2 2733 2731 
10 2 0 2734 
9 3 0 2735 2734 
6 2 2736 2734 
10 2 0 2737 
9 3 0 2738 2737 
6 2 2739 2737 
10 2 0 2740 
9 3 0 2741 2740 
6 2 2742 2740 
10 2 0 2743 
9 3 0 2744 2743 
6 2 2745 2743 
10 2 0 2746 
9 3 0 2747 2746 
6 2 2748 2746 
10 2 0 2749 
9 3 0 2750 2749 
6 2 2751 2749 
10 2 0 2752 
9 3 0 2753 2752 
6 2 2754 2752 
10 2 0 2755 
9 3 0 2756 2755 
6 2 2757 2755 
10 2 0 2758 
11 10 2732 2735 2738 2741 2744 2747 2750 2753 2756 2759 
1 0 
1 0 
1 0 
1 0 
1 0 
1 0 
1 0 
1 0 
2 2 0 2761 
3 1 2769 
4 2 0 2768 
3 1 2771 
5 3 0 2762 2770 
6 2 2773 2770 
7 3 0 2767 2772 
6 2 2775 2772 
5 3 0 2763 2774 
6 2 2777 2774 
7 3 0 2766 2776 
6 2 2779 2776 
5 3 0 2764 2778 
6 2 2781 2778 
7 3 0 2765 2780 
6 2 2783 2780 
5 3 0 2765 2782 
6 2 2785 2782 
7 3 0 2764 2784 
6 2 2787 2784 
5 3 0 2766 2786 
6 2 2789 2786 
7 3 0 2763 2788 
6 2 2791 2788 
5 3 0 2767 2790 
6 2 2793 2790 
7 3 0 2762 2792 
6 2 2795 2792 
5 3 0 2768 2794 
6 2 2797 2794 
7 3 0 2761 2796 
6 2 2799 2796 
8 3 2798 2800 0 
9 2 0 2801 
6 2 2802 2801 
10 2 0 2803 
9 3 0 2804 2803 
6 2 2805 2803 
10 2 0 2806 
9 3 0 2807 2806 
6 2 2808 2806 
10 2 0 2809 
9 3 0 2810 2809 
6 2 2811 2809 
10 2 0 2812 
9 3 0 2813 2812 
6 2 2814 2812 
10 2 0 2815 
9 3 0 2816 2815 
6 2 2817 2815 
10 2 0 2818 
9 3 0 2819 2818 
6 2 2820 2818 
10 2 0 2821 
11 7 2804 2807 2810 2813 2816 2819 2822 
1 0 
1 0 
1 0 
1 0 
1 0 
1 0 
1 0 
2 2 0 2824 
3 1 2831 
4 2 0 2830 
3 1 2833 
5 3 0 2825 2832 
6 2 2835 2832 
7 3 0 2829 2834 
6 2 2837 2834 
5 3 0 2826 2836 
6 2 2839 2836 
7 3 0 2828 2838 
6 2 2841 2838 
5 3 0 2827 2840 
6 2 2843 2840 
7 3 0 2827 2842 
6 2 2845 2842 
5 3 0 2828 2844 
6 2 2847 2844 
7 3 0 2826 2846 
6 2 2849 2846 
5 3 0 2829 2848 
6 2 2851 2848 
7 3 0 2825 2850 
6 2 2853 2850 
5 3 0 2830 2852 
6 2 2855 2852 
7 3 0 2824 2854 
6 2 2857 2854 
8 3 2856 2858 0 
9 2 0 2859 
6 2 2860 2859 
10 2 0 2861 
9 3 0 2862 2861 
6 2 2863 2861 
10 2 0 2864 
9 3 0 2865 2864 
6 2 2866 2864 
10 2 0 2867 
9 3 0 2868 2867 
6 2 2869 2867 
10 2 0 2870 
9 3 0 2871 2870 
6 2 2872 2870 
10 2 0 2873 
9 3 0 2874 2873 
6 2 2875 2873 
10 2 0 2876 
11 6 2862 2865 2868 2871 2874 2877 
1 0 
1 0 
1 0 
1 0 
1 0 
1 0 
1 0 
1 0 
1 0 
1 0 
1 0 
1 0 
1 0 
1 0 
1 0 
2 2 0 2879 
3 1 2894 
4 2 0 2893 
3 1 2896 
5 3 0 2880 2895 
6 2 2898 2895 
7 3 0 2892 2897 
6 2 2900 2897 
5 3 0 2881 2899 
6 2 2902 2899 
7 3 0 2891 2901 
6 2 2904 2901 
5 3 0 2882 2903 
6 2 2906 2903 
7 3 0 2890 2905 
6 2 2908 2905 
5 3 0 2883 2907 
6 2 2910 2907 
7 3 0 2889 2909 
6 2 2912 2909 
5 3 0 2884 2911 
6 2 2914 2911 
7 3 0 2888 2913 
6 2 2916 2913 
5 3 0 2885 2915 
6 2 2918 2915 
7 3 0 2887 2917 
6 2 2920 2917 
5 3 0 2886 2919 
6 2 2922 2919 
7 3 0 2886 2921 
6 2 2924 2921 
5 3 0 2887 2923 
6 2 2926 2923 
7 3 0 2885 2925 
6 2 2928 2925 
5 3 0 2888 2927 
6 2 2930 2927 
7 3 0 2884 2929 
6 2 2932 2929 
5 3 0 2889 2931 
6 2 2934 2931 
7 3 0 2883 2933 
6 2 2936 2933 
5 3 0 2890 2935 
6 2 2938 2935 
7 3 0 2882 2937 
6 2 2940 2937 
5 3 0 2891 2939 
6 2 2942 2939 
7 3 0 2881 2941 
6 2 2944 2941 
5 3 0 2892 2943 
6 2 2946 2943 
7 3 0 2880 2945 
6 2 2948 2945 
5 3 0 2893 2947 
6 2 2950 2947 
7 3 0 2879 2949 
6 2 2952 2949 
8 3 2951 2953 0 
9 2 0 2954 
6 2 2955 2954 
10 2 0 2956 
9 3 0 2957 2956 
6 2 2958 2956 
10 2 0 2959 
9 3 0 2960 2959 
6 2 2961 2959 
10 2 0 2962 
9 3 0 2963 2962 
6 2 2964 2962 
10 2 0 2965 
9 3 0 2966 2965 
6 2 2967 2965 
10 2 0 2968 
9 3 0 2969 2968 
6 2 2970 2968 
10 2 0 2971 
9 3 0 2972 2971 
6 2 2973 2971 
10 2 0 2974 
9 3 0 2975 2974 
6 2 2976 2974 
10 2 0 2977 
9 3 0 2978 2977 
6 2 2979 2977 
10 2 0 2980 
9 3 0 2981 2980 
6 2 2982 2980 
10 2 0 2983 
9 3 0 2984 2983 
6 2 2985 2983 
10 2 0 2986 
9 3 0 2987 2986 
6 2 2988 2986 
10 2 0 2989 
9 3 0 2990 2989 
6 2 2991 2989 
10 2 0 2992 
9 3 0 2993 2992 
6 2 2994 2992 
10 2 0 2995 
11 14 2957 2960 2963 2966 2969 2972 2975 2978 2981 2984 2987 2990 2993 2996 
1 0 
1 0 
1 0 
1 0 
1 0 
1 0 
1 0 
1 0 
1 0 
1 0 
2 2 0 2998 
3 1 3008 
4 2 0 3007 
3 1 3010 
5 3 0 2999 3009 
6 2 3012 3009 
7 3 0 3006 3011 
6 2 3014 3011 
5 3 0 3000 3013 
6 2 3016 3013 
7 3 0 3005 3015 
6 2 3018 3015 
5 3 0 3001 3017 
6 2 3020 3017 
7 3 0 3004 3019 
6 2 3022 3019 
5 3 0 3002 3021 
6 2 3024 3021 
7 3 0 3003 3023 
6 2 3026 3023 
5 3 0 3003 3025 
6 2 3028 3025 
7 3 0 3002 3027 
6 2 3030 3027 
5 3 0 3004 3029 
6 2 3032 3029 
7 3 0 3001 3031 
6 2 3034 3031 
5 3 0 3005 3033 
6 2 3036 3033 
7 3 0 3000 3035 
6 2 3038 3035 
5 3 0 3006 3037 
6 2 3040 3037 
7 3 0 2999 3039 
6 2 3042 3039 
5 3 0 3007 3041 
6 2 3044 3041 
7 3 0 2998 3043 
6 2 3046 3043 
8 3 3045 3047 0 
9 2 0 3048 
6 2 3049 3048 
10 2 0 3050 
9 3 0 3051 3050 
6 2 3052 3050 
10 2 0 3053 
9 3 0 3054 3053 
6 2 3055 3053 
10 2 0 3056 
9 3 0 3057 3056 
6 2 3058 3056 
10 2 0 3059 
9 3 0 3060 3059 
6 2 3061 3059 
10 2 0 3062 
9 3 0 3063 3062 
6 2 3064 3062 
10 2 0 3065 
9 3 0 3066 3065 
6 2 3067 3065 
10 2 0 3068 
9 3 0 3069 3068 
6 2 3070 3068 
10 2 0 3071 
9 3 0 3072 3071 
6 2 3073 3071 
10 2 0 3074 
11 9 3051 3054 3057 3060 3063 3066 3069 3072 3075 
1 0 
1 0 
1 0 
1 0 
1 0 
1 0 
1 0 
1 0 
1 0 
1 0 
1 0 
1 0 
1 0 
2 2 0 3077 
3 1 3090 
4 2 0 3089 
3 1 3092 
5 3 0 3078 3091 
6 2 3094 3091 
7 3 0 3088 3093 
6 2 3096 3093 
5 3 0 3079 3095 
6 2 3098 3095 
7 3 0 3087 3097 
6 2 3100 3097 
5 3 0 3080 3099 
6 2 3102 3099 
7 3 0 3086 3101 
6 2 3104 3101 
5 3 0 3081 3103 
6 2 3106 3103 
7 3 0 3085 3105 
6 2 3108 3105 
5 3 0 3082 3107 
6 2 3110 3107 
7 3 0 3084 3109 
6 2 3112 3109 
5 3 0 3083 3111 
6 2 3114 3111 
7 3 0 3083 3113 
6 2 3116 3113 
5 3 0 3084 3115 
6 2 3118 3115 
7 3 0 3082 3117 
6 2 3120 3117 
5 3 0 3085 3119 
6 2 3122 3119 
7 3 0 3081 3121 
6 2 3124 3121 
5 3 0 3086 3123 
6 2 3126 3123 
7 3 0 3080 3125 
6 2 3128 3125 
5 3 0 3087 3127 
6 2 3130 3127 
7 3 0 3079 3129 
6 2 3132 3129 
5 3 0 3088 3131 
6 2 3134 3131 
7 3 0 3078 3133 
6 2 3136 3133 
5 3 0 3089 3135 
6 2 3138 3135 
7 3 0 3077 3137 
6 2 3140 3137 
8 3 3139 3141 0 
9 2 0 3142 
6 2 3143 3142 
10 2 0 3144 
9 3 0 3145 3144 
6 2 3146 3144 
10 2 0 3147 
9 3 0 3148 3147 
6 2 3149 3147 
10 2 0 3150 
9 3 0 3151 3150 
6 2 3152 3150 
10 2 0 3153 
9 3 0 3154 3153 
6 2 3155 3153 
10 2 0 3156 
9 3 0 3157 3156 
6 2 3158 3156 
10 2 0 3159 
9 3 0 3160 3159 
6 2 3161 3159 
10 2 0 3162 
9 3 0 3163 3162 
6 2 3164 3162 
10 2 0 3165 
9 3 0 3166 3165 
6 2 3167 3165 
10 2 0 3168 
9 3 0 3169 3168 
6 2 3170 3168 
10 2 0 3171 
9 3 0 3172 3171 
6 2 3173 3171 
10 2 0 3174 
9 3 0 3175 3174 
6 2 3176 3174 
10 2 0 3177 
11 12 3145 3148 3151 3154 3157 3160 3163 3166 3169 3172 3175 3178 
1 0 
1 0 
1 0 
1 0 
1 0 
1 0 
1 0 
1 0 
1 0 
2 2 0 3180 
3 1 3189 
4 2 0 3188 
3 1 3191 
5 3 0 3181 3190 
6 2 3193 3190 
7 3 0 3187 3192 
6 2 3195 3192 
5 3 0 3182 3194 
6 2 3197 3194 
7 3 0 3186 3196 
6 2 3199 3196 
5 3 0 3183 3198 
6 2 3201 3198 
7 3 0 3185 3200 
6 2 3203 3200 
5 3 0 3184 3202 
6 2 3205 3202 
7 3 0 3184 3204 
6 2 3207 3204 
5 3 0 3185 3206 
6 2 3209 3206 
7 3 0 3183 3208 
6 2 3211 3208 
5 3 0 3186 3210 
6 2 3213 3210 
7 3 0 3182 3212 
6 2 3215 3212 
5 3 0 3187 3214 
6 2 3217 3214 
7 3 0 3181 3216 
6 2 3219 3216 
5 3 0 3188 3218 
6 2 3221 3218 
7 3 0 3180 3220 
6 2 3223 3220 
8 3 3222 3224 0 
9 2 0 3225 
6 2 3226 3225 
10 2 0 3227 
9 3 0 3228 3227 
6 2 3229 3227 
10 2 0 3230 
9 3 0 3231 3230 
6 2 3232 3230 
10 2 0 3233 
9 3 0 3234 3233 
6 2 3235 3233 
10 2 0 3236 
9 3 0 3237 3236 
6 2 3238 3236 
10 2 0 3239 
9 3 0 3240 3239 
6 2 3241 3239 
10 2 0 3242 
9 3 0 3243 3242 
6 2 3244 3242 
10 2 0 3245 
9 3 0 3246 3245 
6 2 3247 3245 
10 2 0 3248 
11 8 3228 3231 3234 3237 3240 3243 3246 3249 
1 0 
1 0 
1 0 
1 0 
1 0 
1 0 
1 0 
1 0 
1 0 
1 0 
1 0 
2 2 0 3251 
3 1 3262 
4 2 0 3261 
3 1 3264 
5 3 0 3252 3263 
6 2 3266 3263 
7 3 0 3260 3265 
6 2 3268 3265 
5 3 0 3253 3267 
6 2 3270 3267 
7 3 0 3259 3269 
6 2 3272 3269 
5 3 0 3254 3271 
6 2 3274 3271 
7 3 0 3258 3273 
6 2 3276 3273 
5 3 0 3255 3275 
6 2 3278 3275 
7 3 0 3257 3277 
6 2 3280 3277 
5 3 0 3256 3279 
6 2 3282 3279 
7 3 0 3256 3281 
6 2 3284 3281 
5 3 0 3257 3283 
6 2 3286 3283 
7 3 0 3255 3285 
6 2 3288 3285 
5 3 0 3258 3287 
6 2 3290 3287 
7 3 0 3254 3289 
6 2 3292 3289 
5 3 0 3259 3291 
6 2 3294 3291 
7 3 0 3253 3293 
6 2 3296 3293 
5 3 0 3260 3295 
6 2 3298 3295 
7 3 0 3252 3297 
6 2 3300 3297 
5 3 0 3261 3299 
6 2 3302 3299 
7 3 0 3251 3301 
6 2 3304 3301 
8 3 3303 3305 0 
9 2 0 3306 
6 2 3307 3306 
10 2 0 3308 
9 3 0 3309 3308 
6 2 3310 3308 
10 2 0 3311 
9 3 0 3312 3311 
6 2 3313 3311 
10 2 0 3314 
9 3 0 3315 3314 
6 2 3316 3314 
10 2 0 3317 
9 3 0 3318 3317 
6 2 3319 3317 
10 2 0 3320 
9 3 0 3321 3320 
6 2 3322 3320 
10 2 0 3323 
9 3 0 3324 3323 
6 2 3325 3323 
10 2 0 3326 
9 3 0 3327 3326 
6 2 3328 3326 
10 2 0 3329 
9 3 0 3330 3329 
6 2 3331 3329 
10 2 0 3332 
9 3 0 3333 3332 
6 2 3334 3332 
10 2 0 3335 
11 10 3309 3312 3315 3318 3321 3324 3327 3330 3333 3336 
1 0 
1 0 
1 0 
1 0 
1 0 
1 0 
1 0 
1 0 
1 0 
2 2 0 3338 
3 1 3347 
4 2 0 3346 
3 1 3349 
5 3 0 3339 3348 
6 2 3351 3348 
7 3 0 3345 3350 
6 2 3353 3350 
5 3 0 3340 3352 
6 2 3355 3352 
7 3 0 3344 3354 
6 2 3357 3354 
5 3 0 3341 3356 
6 2 3359 3356 
7 3 0 3343 3358 
6 2 3361 3358 
5 3 0 3342 3360 
6 2 3363 3360 
7 3 0 3342 3362 
6 2 3365 3362 
5 3 0 3343 3364 
6 2 3367 3364 
7 3 0 3341 3366 
6 2 3369 3366 
5 3 0 3344 3368 
6 2 3371 3368 
7 3 0 3340 3370 
6 2 3373 3370 
5 3 0 3345 3372 
6 2 3375 3372 
7 3 0 3339 3374 
6 2 3377 3374 
5 3 0 3346 3376 
6 2 3379 3376 
7 3 0 3338 3378 
6 2 3381 3378 
8 3 3380 3382 0 
9 2 0 3383 
6 2 3384 3383 
10 2 0 3385 
9 3 0 3386 3385 
6 2 3387 3385 
10 2 0 3388 
9 3 0 3389 3388 
6 2 3390 3388 
10 2 0 3391 
9 3 0 3392 3391 
6 2 3393 3391 
10 2 0 3394 
9 3 0 3395 3394 
6 2 3396 3394 
10 2 0 3397 
9 3 0 3398 3397 
6 2 3399 3397 
10 2 0 3400 
9 3 0 3401 3400 
6 2 3402 3400 
10 2 0 3403 
9 3 0 3404 3403 
6 2 3405 3403 
10 2 0 3406 
11 8 3386 3389 3392 3395 3398 3401 3404 3407 
1 0 
1 0 
1 0 
1 0 
1 0 
1 0 
1 0 
1 0 
1 0 
1 0 
1 0 
1 0 
1 0 
1 0 
1 0 
1 0 
1 0 
2 2 0 3409 
3 1 3426 
4 2 0 3425 
3 1 3428 
5 3 0 3410 3427 
6 2 3430 3427 
7 3 0 3424 3429 
6 2 3432 3429 
5 3 0 3411 3431 
6 2 3434 3431 
7 3 0 3423 3433 
6 2 3436 3433 
5 3 0 3412 3435 
6 2 3438 3435 
7 3 0 3422 3437 
6 2 3440 3437 
5 3 0 3413 3439 
6 2 3442 3439 
7 3 0 3421 3441 
6 2 3444 3441 
5 3 0 3414 3443 
6 2 3446 3443 
7 3 0 3420 3445 
6 2 3448 3445 
5 3 0 3415 3447 
6 2 3450 3447 
7 3 0 3419 3449 
6 2 3452 3449 
5 3 0 3416 3451 
6 2 3454 3451 
7 3 0 3418 3453 
6 2 3456 3453 
5 3 0 3417 3455 
6 2 3458 3455 
7 3 0 3417 3457 
6 2 3460 3457 
5 3 0 3418 3459 
6 2 3462 3459 
7 3 0 3416 3461 
6 2 3464 3461 
5 3 0 3419 3463 
6 2 3466 3463 
7 3 0 3415 3465 
6 2 3468 3465 
5 3 0 3420 3467 
6 2 3470 3467 
7 3 0 3414 3469 
6 2 3472 3469 
5 3 0 3421 3471 
6 2 3474 3471 
7 3 0 3413 3473 
6 2 3476 3473 
5 3 0 3422 3475 
6 2 3478 3475 
7 3 0 3412 3477 
6 2 3480 3477 
5 3 0 3423 3479 
6 2 3482 3479 
7 3 0 3411 3481 
6 2 3484 3481 
5 3 0 3424 3483 
6 2 3486 3483 
7 3 0 3410 3485 
6 2 3488 3485 
5 3 0 3425 3487 
6 2 3490 3487 
7 3 0 3409 3489 
6 2 3492 3489 
8 3 3491 3493 0 
9 2 0 3494 
6 2 3495 3494 
10 2 0 3496 
9 3 0 3497 3496 
6 2 3498 3496 
10 2 0 3499 
9 3 0 3500 3499 
6 2 3501 3499 
10 2 0 3502 
9 3 0 3503 3502 
6 2 3504 3502 
10 2 0 3505 
9 3 0 3506 3505 
6 2 3507 3505 
10 2 0 3508 
9 3 0 3509 3508 
6 2 3510 3508 
10 2 0 3511 
9 3 0 3512 3511 
6 2 3513 3511 
10 2 0 3514 
9 3 0 3515 3514 
6 2 3516 3514 
10 2 0 3517 
9 3 0 3518 3517 
6 2 3519 3517 
10 2 0 3520 
9 3 0 3521 3520 
6 2 3522 3520 
10 2 0 3523 
9 3 0 3524 3523 
6 2 3525 3523 
10 2 0 3526 
9 3 0 3527 3526 
6 2 3528 3526 
10 2 0 3529 
9 3 0 3530 3529 
6 2 3531 3529 
10 2 0 3532 
9 3 0 3533 3532 
6 2 3534 3532 
10 2 0 3535 
9 3 0 3536 3535 
6 2 3537 3535 
10 2 0 3538 
9 3 0 3539 3538 
6 2 3540 3538 
10 2 0 3541 
11 16 3497 3500 3503 3506 3509 3512 3515 3518 3521 3524 3527 3530 3533 3536 3539 3542 
1 0 
1 0 
1 0 
1 0 
1 0 
1 0 
1 0 
1 0 
1 0 
1 0 
1 0 
1 0 
1 0 
1 0 
1 0 
2 2 0 3544 
3 1 3559 
4 2 0 3558 
3 1 3561 
5 3 0 3545 3560 
6 2 3563 3560 
7 3 0 3557 3562 
6 2 3565 3562 
5 3 0 3546 3564 
6 2 3567 3564 
7 3 0 3556 3566 
6 2 3569 3566 
5 3 0 3547 3568 
6 2 3571 3568 
7 3 0 3555 3570 
6 2 3573 3570 
5 3 0 3548 3572 
6 2 3575 3572 
7 3 0 3554 3574 
6 2 3577 3574 
5 3 0 3549 3576 
6 2 3579 3576 
7 3 0 3553 3578 
6 2 3581 3578 
5 3 0 3550 3580 
6 2 3583 3580 
7 3 0 3552 3582 
6 2 3585 3582 
5 3 0 3551 3584 
6 2 3587 3584 
7 3 0 3551 3586 
6 2 3589 3586 
5 3 0 3552 3588 
6 2 3591 3588 
7 3 0 3550 3590 
6 2 3593 3590 
5 3 0 3553 3592 
6 2 3595 3592 
7 3 0 3549 3594 
6 2 3597 3594 
5 3 0 3554 3596 
6 2 3599 3596 
7 3 0 3548 3598 
6 2 3601 3598 
5 3 0 3555 3600 
6 2 3603 3600 
7 3 0 3547 3602 
6 2 3605 3602 
5 3 0 3556 3604 
6 2 3607 3604 
7 3 0 3546 3606 
6 2 3609 3606 
5 3 0 3557 3608 
6 2 3611 3608 
7 3 0 3545 3610 
6 2 3613 3610 
5 3 0 3558 3612 
6 2 3615 3612 
7 3 0 3544 3614 
6 2 3617 3614 
8 3 3616 3618 0 
9 2 0 3619 
6 2 3620 3619 
10 2 0 3621 
9 3 0 3622 3621 
6 2 3623 3621 
10 2 0 3624 
9 3 0 3625 3624 
6 2 3626 3624 
10 2 0 3627 
9 3 0 3628 3627 
6 2 3629 3627 
10 2 0 3630 
9 3 0 3631 3630 
6 2 3632 3630 
10 2 0 3633 
9 3 0 3634 3633 
6 2 3635 3633 
10 2 0 3636 
9 3 0 3637 3636 
6 2 3638 3636 
10 2 0 3639 
9 3 0 3640 3639 
6 2 3641 3639 
10 2 0 3642 
9 3 0 3643 3642 
6 2 3644 3642 
10 2 0 3645 
9 3 0 3646 3645 
6 2 3647 3645 
10 2 0 3648 
9 3 0 3649 3648 
6 2 3650 3648 
10 2 0 3651 
9 3 0 3652 3651 
6 2 3653 3651 
10 2 0 3654 
9 3 0 3655 3654 
6 2 3656 3654 
10 2 0 3657 
9 3 0 3658 3657 
6 2 3659 3657 
10 2 0 3660 
11 14 3622 3625 3628 3631 3634 3637 3640 3643 3646 3649 3652 3655 3658 3661 
1 0 
1 0 
1 0 
1 0 
1 0 
2 2 0 3663 
3 1 3668 
4 2 0 3667 
3 1 3670 
5 3 0 3664 3669 
6 2 3672 3669 
7 3 0 3666 3671 
6 2 3674 3671 
5 3 0 3665 3673 
6 2 3676 3673 
7 3 0 3665 3675 
6 2 3678 3675 
5 3 0 3666 3677 
6 2 3680 3677 
7 3 0 3664 3679 
6 2 3682 3679 
5 3 0 3667 3681 
6 2 3684 3681 
7 3 0 3663 3683 
6 2 3686 3683 
8 3 3685 3687 0 
9 2 0 3688 
6 2 3689 3688 
10 2 0 3690 
9 3 0 3691 3690 
6 2 3692 3690 
10 2 0 3693 
9 3 0 3694 3693 
6 2 3695 3693 
10 2 0 3696 
9 3 0 3697 3696 
6 2 3698 3696 
10 2 0 3699 
11 4 3691 3694 3697 3700 
1 0 
1 0 
1 0 
1 0 
1 0 
1 0 
1 0 
1 0 
1 0 
1 0 
1 0 
2 2 0 3702 
3 1 3713 
4 2 0 3712 
3 1 3715 
5 3 0 3703 3714 
6 2 3717 3714 
7 3 0 3711 3716 
6 2 3719 3716 
5 3 0 3704 3718 
6 2 3721 3718 
7 3 0 3710 3720 
6 2 3723 3720 
5 3 0 3705 3722 
6 2 3725 3722 
7 3 0 3709 3724 
6 2 3727 3724 
5 3 0 3706 3726 
6 2 3729 3726 
7 3 0 3708 3728 
6 2 3731 3728 
5 3 0 3707 3730 
6 2 3733 3730 
7 3 0 3707 3732 
6 2 3735 3732 
5 3 0 3708 3734 
6 2 3737 3734 
7 3 0 3706 3736 
6 2 3739 3736 
5 3 0 3709 3738 
6 2 3741 3738 
7 3 0 3705 3740 
6 2 3743 3740 
5 3 0 3710 3742 
6 2 3745 3742 
7 3 0 3704 3744 
6 2 3747 3744 
5 3 0 3711 3746 
6 2 3749 3746 
7 3 0 3703 3748 
6 2 3751 3748 
5 3 0 3712 3750 
6 2 3753 3750 
7 3 0 3702 3752 
6 2 3755 3752 
8 3 3754 3756 0 
9 2 0 3757 
6 2 3758 3757 
10 2 0 3759 
9 3 0 3760 3759 
6 2 3761 3759 
10 2 0 3762 
9 3 0 3763 3762 
6 2 3764 3762 
10 2 0 3765 
9 3 0 3766 3765 
6 2 3767 3765 
10 2 0 3768 
9 3 0 3769 3768 
6 2 3770 3768 
10 2 0 3771 
9 3 0 3772 3771 
6 2 3773 3771 
10 2 0 3774 
9 3 0 3775 3774 
6 2 3776 3774 
10 2 0 3777 
9 3 0 3778 3777 
6 2 3779 3777 
10 2 0 3780 
9 3 0 3781 3780 
6 2 3782 3780 
10 2 0 3783 
9 3 0 3784 3783 
6 2 3785 3783 
10 2 0 3786 
11 10 3760 3763 3766 3769 3772 3775 3778 3781 3784 3787 
1 0 
1 0 
1 0 
1 0 
1 0 
1 0 
1 0 
1 0 
1 0 
1 0 
1 0 
1 0 
1 0 
1 0 
1 0 
2 2 0 3789 
3 1 3804 
4 2 0 3803 
3 1 3806 
5 3 0 3790 3805 
6 2 3808 3805 
7 3 0 3802 3807 
6 2 3810 3807 
5 3 0 3791 3809 
6 2 3812 3809 
7 3 0 3801 3811 
6 2 3814 3811 
5 3 0 3792 3813 
6 2 3816 3813 
7 3 0 3800 3815 
6 2 3818 3815 
5 3 0 3793 3817 
6 2 3820 3817 
7 3 0 3799 3819 
6 2 3822 3819 
5 3 0 3794 3821 
6 2 3824 3821 
7 3 0 3798 3823 
6 2 3826 3823 
5 3 0 3795 3825 
6 2 3828 3825 
7 3 0 3797 3827 
6 2 3830 3827 
5 3 0 3796 3829 
6 2 3832 3829 
7 3 0 3796 3831 
6 2 3834 3831 
5 3 0 3797 3833 
6 2 3836 3833 
7 3 0 3795 3835 
6 2 3838 3835 
5 3 0 3798 3837 
6 2 3840 3837 
7 3 0 3794 3839 
6 2 3842 3839 
5 3 0 3799 3841 
6 2 3844 3841 
7 3 0 3793 3843 
6 2 3846 3843 
5 3 0 3800 3845 
6 2 3848 3845 
7 3 0 3792 3847 
6 2 3850 3847 
5 3 0 3801 3849 
6 2 3852 3849 
7 3 0 3791 3851 
6 2 3854 3851 
5 3 0 3802 3853 
6 2 3856 3853 
7 3 0 3790 3855 
6 2 3858 3855 
5 3 0 3803 3857 
6 2 3860 3857 
7 3 0 3789 3859 
6 2 3862 3859 
8 3 3861 3863 0 
9 2 0 3864 
6 2 3865 3864 
10 2 0 3866 
9 3 0 3867 3866 
6 2 3868 3866 
10 2 0 3869 
9 3 0 3870 3869 
6 2 3871 3869 
10 2 0 3872 
9 3 0 3873 3872 
6 2 3874 3872 
10 2 0 3875 
9 3 0 3876 3875 
6 2 3877 3875 
10 2 0 3878 
9 3 0 3879 3878 
6 2 3880 3878 
10 2 0 3881 
9 3 0 3882 3881 
6 2 3883 3881 
10 2 0 3884 
9 3 0 3885 3884 
6 2 3886 3884 
10 2 0 3887 
9 3 0 3888 3887 
6 2 3889 3887 
10 2 0 3890 
9 3 0 3891 3890 
6 2 3892 3890 
10 2 0 3893 
9 3 0 3894 3893 
6 2 3895 3893 
10 2 0 3896 
9 3 0 3897 3896 
6 2 3898 3896 
10 2 0 3899 
9 3 0 3900 3899 
6 2 3901 3899 
10 2 0 3902 
9 3 0 3903 3902 
6 2 3904 3902 
10 2 0 3905 
11 14 3867 3870 3873 3876 3879 3882 3885 3888 3891 3894 3897 3900 3903 3906 
1 0 
1 0 
1 0 
1 0 
1 0 
1 0 
1 0 
1 0 
1 0 
1 0 
1 0 
2 2 0 3908 
3 1 3919 
4 2 0 3918 
3 1 3921 
5 3 0 3909 3920 
6 2 3923 3920 
7 3 0 3917 3922 
6 2 3925 3922 
5 3 0 3910 3924 
6 2 3927 3924 
7 3 0 3916 3926 
6 2 3929 3926 
5 3 0 3911 3928 
6 2 3931 3928 
7 3 0 3915 3930 
6 2 3933 3930 
5 3 0 3912 3932 
6 2 3935 3932 
7 3 0 3914 3934 
6 2 3937 3934 
5 3 0 3913 3936 
6 2 3939 3936 
7 3 0 3913 3938 
6 2 3941 3938 
5 3 0 3914 3940 
6 2 3943 3940 
7 3 0 3912 3942 
6 2 3945 3942 
5 3 0 3915 3944 
6 2 3947 3944 
7 3 0 3911 3946 
6 2 3949 3946 
5 3 0 3916 3948 
6 2 3951 3948 
7 3 0 3910 3950 
6 2 3953 3950 
5 3 0 3917 3952 
6 2 3955 3952 
7 3 0 3909 3954 
6 2 3957 3954 
5 3 0 3918 3956 
6 2 3959 3956 
7 3 0 3908 3958 
6 2 3961 3958 
8 3 3960 3962 0 
9 2 0 3963 
6 2 3964 3963 
10 2 0 3965 
9 3 0 3966 3965 
6 2 3967 3965 
10 2 0 3968 
9 3 0 3969 3968 
6 2 3970 3968 
10 2 0 3971 
9 3 0 3972 3971 
6 2 3973 3971 
10 2 0 3974 
9 3 0 3975 3974 
6 2 3976 3974 
10 2 0 3977 
9 3 0 3978 3977 
6 2 3979 3977 
10 2 0 3980 
9 3 0 3981 3980 
6 2 3982 3980 
10 2 0 3983 
9 3 0 3984 3983 
6 2 3985 3983 
10 2 0 3986 
9 3 0 3987 3986 
6 2 3988 3986 
10 2 0 3989 
9 3 0 3990 3989 
6 2 3991 3989 
10 2 0 3992 
11 10 3966 3969 3972 3975 3978 3981 3984 3987 3990 3993 
1 0 
1 0 
1 0 
1 0 
1 0 
1 0 
1 0 
1 0 
1 0 
1 0 
2 2 0 3995 
3 1 4005 
4 2 0 4004 
3 1 4007 
5 3 0 3996 4006 
6 2 4009 4006 
7 3 0 4003 4008 
6 2 4011 4008 
5 3 0 3997 4010 
6 2 4013 4010 
7 3 0 4002 4012 
6 2 4015 4012 
5 3 0 3998 4014 
6 2 4017 4014 
7 3 0 4001 4016 
6 2 4019 4016 
5 3 0 3999 4018 
6 2 4021 4018 
7 3 0 4000 4020 
6 2 4023 4020 
5 3 0 4000 4022 
6 2 4025 4022 
7 3 0 3999 4024 
6 2 4027 4024 
5 3 0 4001 4026 
6 2 4029 4026 
7 3 0 3998 4028 
6 2 4031 4028 
5 3 0 4002 4030 
6 2 4033 4030 
7 3 0 3997 4032 
6 2 4035 4032 
5 3 0 4003 4034 
6 2 4037 4034 
7 3 0 3996 4036 
6 2 4039 4036 
5 3 0 4004 4038 
6 2 4041 4038 
7 3 0 3995 4040 
6 2 4043 4040 
8 3 4042 4044 0 
9 2 0 4045 
6 2 4046 4045 
10 2 0 4047 
9 3 0 4048 4047 
6 2 4049 4047 
10 2 0 4050 
9 3 0 4051 4050 
6 2 4052 4050 
10 2 0 4053 
9 3 0 4054 4053 
6 2 4055 4053 
10 2 0 4056 
9 3 0 4057 4056 
6 2 4058 4056 
10 2 0 4059 
9 3 0 4060 4059 
6 2 4061 4059 
10 2 0 4062 
9 3 0 4063 4062 
6 2 4064 4062 
10 2 0 4065 
9 3 0 4066 4065 
6 2 4067 4065 
10 2 0 4068 
9 3 0 4069 4068 
6 2 4070 4068 
10 2 0 4071 
11 9 4048 4051 4054 4057 4060 4063 4066 4069 4072 
1 0 
1 0 
1 0 
1 0 
1 0 
1 0 
1 0 
1 0 
1 0 
1 0 
1 0 
1 0 
1 0 
1 0 
1 0 
1 0 
2 2 0 4074 
3 1 4090 
4 2 0 4089 
3 1 4092 
5 3 0 4075 4091 
6 2 4094 4091 
7 3 0 4088 4093 
6 2 4096 4093 
5 3 0 4076 4095 
6 2 4098 4095 
7 3 0 4087 4097 
6 2 4100 4097 
5 3 0 4077 4099 
6 2 4102 4099 
7 3 0 4086 4101 
6 2 4104 4101 
5 3 0 4078 4103 
6 2 4106 4103 
7 3 0 4085 4105 
6 2 4108 4105 
5 3 0 4079 4107 
6 2 4110 4107 
7 3 0 4084 4109 
6 2 4112 4109 
5 3 0 4080 4111 
6 2 4114 4111 
7 3 0 4083 4113 
6 2 4116 4113 
5 3 0 4081 4115 
6 2 4118 4115 
7 3 0 4082 4117 
6 2 4120 4117 
5 3 0 4082 4119 
6 2 4122 4119 
7 3 0 4081 4121 
6 2 4124 4121 
5 3 0 4083 4123 
6 2 4126 4123 
7 3 0 4080 4125 
6 2 4128 4125 
5 3 0 4084 4127 
6 2 4130 4127 
7 3 0 4079 4129 
6 2 4132 4129 
5 3 0 4085 4131 
6 2 4134 4131 
7 3 0 4078 4133 
6 2 4136 4133 
5 3 0 4086 4135 
6 2 4138 4135 
7 3 0 4077 4137 
6 2 4140 4137 
5 3 0 4087 4139 
6 2 4142 4139 
7 3 0 4076 4141 
6 2 4144 4141 
5 3 0 4088 4143 
6 2 4146 4143 
7 3 0 4075 4145 
6 2 4148 4145 
5 3 0 4089 4147 
6 2 4150 4147 
7 3 0 4074 4149 
6 2 4152 4149 
8 3 4151 4153 0 
9 2 0 4154 
6 2 4155 4154 
10 2 0 4156 
9 3 0 4157 4156 
6 2 4158 4156 
10 2 0 4159 
9 3 0 4160 4159 
6 2 4161 4159 
10 2 0 4162 
9 3 0 4163 4162 
6 2 4164 4162 
10 2 0 4165 
9 3 0 4166 4165 
6 2 4167 4165 
10 2 0 4168 
9 3 0 4169 4168 
6 2 4170 4168 
10 2 0 4171 
9 3 0 4172 4171 
6 2 4173 4171 
10 2 0 4174 
9 3 0 4175 4174 
6 2 4176 4174 
10 2 0 4177 
9 3 0 4178 4177 
6 2 4179 4177 
10 2 0 4180 
9 3 0 4181 4180 
6 2 4182 4180 
10 2 0 4183 
9 3 0 4184 4183 
6 2 4185 4183 
10 2 0 4186 
9 3 0 4187 4186 
6 2 4188 4186 
10 2 0 4189 
9 3 0 4190 4189 
6 2 4191 4189 
10 2 0 4192 
9 3 0 4193 4192 
6 2 4194 4192 
10 2 0 4195 
9 3 0 4196 4195 
6 2 4197 4195 
10 2 0 4198 
11 15 4157 4160 4163 4166 4169 4172 4175 4178 4181 4184 4187 4190 4193 4196 4199 
1 0 
1 0 
1 0 
1 0 
1 0 
1 0 
1 0 
1 0 
1 0 
1 0 
2 2 0 4201 
3 1 4211 
4 2 0 4210 
3 1 4213 
5 3 0 4202 4212 
6 2 4215 4212 
7 3 0 4209 4214 
6 2 4217 4214 
5 3 0 4203 4216 
6 2 4219 4216 
7 3 0 4208 4218 
6 2 4221 4218 
5 3 0 4204 4220 
6 2 4223 4220 
7 3 0 4207 4222 
6 2 4225 4222 
5 3 0 4205 4224 
6 2 4227 4224 
7 3 0 4206 4226 
6 2 4229 4226 
5 3 0 4206 4228 
6 2 4231 4228 
7 3 0 4205 4230 
6 2 4233 4230 
5 3 0 4207 4232 
6 2 4235 4232 
7 3 0 4204 4234 
6 2 4237 4234 
5 3 0 4208 4236 
6 2 4239 4236 
7 3 0 4203 4238 
6 2 4241 4238 
5 3 0 4209 4240 
6 2 4243 4240 
7 3 0 4202 4242 
6 2 4245 4242 
5 3 0 4210 4244 
6 2 4247 4244 
7 3 0 4201 4246 
6 2 4249 4246 
8 3 4248 4250 0 
9 2 0 4251 
6 2 4252 4251 
10 2 0 4253 
9 3 0 4254 4253 
6 2 4255 4253 
10 2 0 4256 
9 3 0 4257 4256 
6 2 4258 4256 
10 2 0 4259 
9 3 0 4260 4259 
6 2 4261 4259 
10 2 0 4262 
9 3 0 4263 4262 
6 2 4264 4262 
10 2 0 4265 
9 3 0 4266 4265 
6 2 4267 4265 
10 2 0 4268 
9 3 0 4269 4268 
6 2 4270 4268 
10 2 0 4271 
9 3 0 4272 4271 
6 2 4273 4271 
10 2 0 4274 
9 3 0 4275 4274 
6 2 4276 4274 
10 2 0 4277 
11 9 4254 4257 4260 4263 4266 4269 4272 4275 4278 
1 0 
1 0 
1 0 
1 0 
1 0 
1 0 
1 0 
2 2 0 4280 
3 1 4287 
4 2 0 4286 
3 1 4289 
5 3 0 4281 4288 
6 2 4291 4288 
7 3 0 4285 4290 
6 2 4293 4290 
5 3 0 4282 4292 
6 2 4295 4292 
7 3 0 4284 4294 
6 2 4297 4294 
5 3 0 4283 4296 
6 2 4299 4296 
7 3 0 4283 4298 
6 2 4301 4298 
5 3 0 4284 4300 
6 2 4303 4300 
7 3 0 4282 4302 
6 2 4305 4302 
5 3 0 4285 4304 
6 2 4307 4304 
7 3 0 4281 4306 
6 2 4309 4306 
5 3 0 4286 4308 
6 2 4311 4308 
7 3 0 4280 4310 
6 2 4313 4310 
8 3 4312 4314 0 
9 2 0 4315 
6 2 4316 4315 
10 2 0 4317 
9 3 0 4318 4317 
6 2 4319 4317 
10 2 0 4320 
9 3 0 4321 4320 
6 2 4322 4320 
10 2 0 4323 
9 3 0 4324 4323 
6 2 4325 4323 
10 2 0 4326 
9 3 0 4327 4326 
6 2 4328 4326 
10 2 0 4329 
9 3 0 4330 4329 
6 2 4331 4329 
10 2 0 4332 
11 6 4318 4321 4324 4327 4330 4333 
1 0 
1 0 
1 0 
1 0 
1 0 
1 0 
1 0 
1 0 
1 0 
1 0 
1 0 
2 2 0 4335 
3 1 4346 
4 2 0 4345 
3 1 4348 
5 3 0 4336 4347 
6 2 4350 4347 
7 3 0 4344 4349 
6 2 4352 4349 
5 3 0 4337 4351 
6 2 4354 4351 
7 3 0 4343 4353 
6 2 4356 4353 
5 3 0 4338 4355 
6 2 4358 4355 
7 3 0 4342 4357 
6 2 4360 4357 
5 3 0 4339 4359 
6 2 4362 4359 
7 3 0 4341 4361 
6 2 4364 4361 
5 3 0 4340 4363 
6 2 4366 4363 
7 3 0 4340 4365 
6 2 4368 4365 
5 3 0 4341 4367 
6 2 4370 4367 
7 3 0 4339 4369 
6 2 4372 4369 
5 3 0 4342 4371 
6 2 4374 4371 
7 3 0 4338 4373 
6 2 4376 4373 
5 3 0 4343 4375 
6 2 4378 4375 
7 3 0 4337 4377 
6 2 4380 4377 
5 3 0 4344 4379 
6 2 4382 4379 
7 3 0 4336 4381 
6 2 4384 4381 
5 3 0 4345 4383 
6 2 4386 4383 
7 3 0 4335 4385 
6 2 4388 4385 
8 3 4387 4389 0 
9 2 0 4390 
6 2 4391 4390 
10 2 0 4392 
9 3 0 4393 4392 
6 2 4394 4392 
10 2 0 4395 
9 3 0 4396 4395 
6 2 4397 4395 
10 2 0 4398 
9 3 0 4399 4398 
6 2 4400 4398 
10 2 0 4401 
9 3 0 4402 4401 
6 2 4403 4401 
10 2 0 4404 
9 3 0 4405 4404 
6 2 4406 4404 
10 2 0 4407 
9 3 0 4408 4407 
6 2 4409 4407 
10 2 0 4410 
9 3 0 4411 4410 
6 2 4412 4410 
10 2 0 4413 
9 3 0 4414 4413 
6 2 4415 4413 
10 2 0 4416 
9 3 0 4417 4416 
6 2 4418 4416 
10 2 0 4419 
11 10 4393 4396 4399 4402 4405 4408 4411 4414 4417 4420 
1 0 
1 0 
1 0 
1 0 
1 0 
1 0 
1 0 
1 0 
2 2 0 4422 
3 1 4430 
4 2 0 4429 
3 1 4432 
5 3 0 4423 4431 
6 2 4434 4431 
7 3 0 4428 4433 
6 2 4436 4433 
5 3 0 4424 4435 
6 2 4438 4435 
7 3 0 4427 4437 
6 2 4440 4437 
5 3 0 4425 4439 
6 2 4442 4439 
7 3 0 4426 4441 
6 2 4444 4441 
5 3 0 4426 4443 
6 2 4446 4443 
7 3 0 4425 4445 
6 2 4448 4445 
5 3 0 4427 4447 
6 2 4450 4447 
7 3 0 4424 4449 
6 2 4452 4449 
5 3 0 4428 4451 
6 2 4454 4451 
7 3 0 4423 4453 
6 2 4456 4453 
5 3 0 4429 4455 
6 2 4458 4455 
7 3 0 4422 4457 
6 2 4460 4457 
8 3 4459 4461 0 
9 2 0 4462 
6 2 4463 4462 
10 2 0 4464 
9 3 0 4465 4464 
6 2 4466 4464 
10 2 0 4467 
9 3 0 4468 4467 
6 2 4469 4467 
10 2 0 4470 
9 3 0 4471 4470 
6 2 4472 4470 
10 2 0 4473 
9 3 0 4474 4473 
6 2 4475 4473 
10 2 0 4476 
9 3 0 4477 4476 
6 2 4478 4476 
10 2 0 4479 
9 3 0 4480 4479 
6 2 4481 4479 
10 2 0 4482 
11 7 4465 4468 4471 4474 4477 4480 4483 
1 0 
1 0 
1 0 
1 0 
1 0 
1 0 
1 0 
1 0 
2 2 0 4485 
3 1 4493 
4 2 0 4492 
3 1 4495 
5 3 0 4486 4494 
6 2 4497 4494 
7 3 0 4491 4496 
6 2 4499 4496 
5 3 0 4487 4498 
6 2 4501 4498 
7 3 0 4490 4500 
6 2 4503 4500 
5 3 0 4488 4502 
6 2 4505 4502 
7 3 0 4489 4504 
6 2 4507 4504 
5 3 0 4489 4506 
6 2 4509 4506 
7 3 0 4488 4508 
6 2 4511 4508 
5 3 0 4490 4510 
6 2 4513 4510 
7 3 0 4487 4512 
6 2 4515 4512 
5 3 0 4491 4514 
6 2 4517 4514 
7 3 0 4486 4516 
6 2 4519 4516 
5 3 0 4492 4518 
6 2 4521 4518 
7 3 0 4485 4520 
6 2 4523 4520 
8 3 4522 4524 0 
9 2 0 4525 
6 2 4526 4525 
10 2 0 4527 
9 3 0 4528 4527 
6 2 4529 4527 
10 2 0 4530 
9 3 0 4531 4530 
6 2 4532 4530 
10 2 0 4533 
9 3 0 4534 4533 
6 2 4535 4533 
10 2 0 4536 
9 3 0 4537 4536 
6 2 4538 4536 
10 2 0 4539 
9 3 0 4540 4539 
6 2 4541 4539 
10 2 0 4542 
9 3 0 4543 4542 
6 2 4544 4542 
10 2 0 4545 
11 7 4528 4531 4534 4537 4540 4543 4546 
1 0 
1 0 
1 0 
1 0 
1 0 
1 0 
1 0 
1 0 
1 0 
1 0 
1 0 
1 0 
2 2 0 4548 
3 1 4560 
4 2 0 4559 
3 1 4562 
5 3 0 4549 4561 
6 2 4564 4561 
7 3 0 4558 4563 
6 2 4566 4563 
5 3 0 4550 4565 
6 2 4568 4565 
7 3 0 4557 4567 
6 2 4570 4567 
5 3 0 4551 4569 
6 2 4572 4569 
7 3 0 4556 4571 
6 2 4574 4571 
5 3 0 4552 4573 
6 2 4576 4573 
7 3 0 4555 4575 
6 2 4578 4575 
5 3 0 4553 4577 
6 2 4580 4577 
7 3 0 4554 4579 
6 2 4582 4579 
5 3 0 4554 4581 
6 2 4584 4581 
7 3 0 4553 4583 
6 2 4586 4583 
5 3 0 4555 4585 
6 2 4588 4585 
7 3 0 4552 4587 
6 2 4590 4587 
5 3 0 4556 4589 
6 2 4592 4589 
7 3 0 4551 4591 
6 2 4594 4591 
5 3 0 4557 4593 
6 2 4596 4593 
7 3 0 4550 4595 
6 2 4598 4595 
5 3 0 4558 4597 
6 2 4600 4597 
7 3 0 4549 4599 
6 2 4602 4599 
5 3 0 4559 4601 
6 2 4604 4601 
7 3 0 4548 4603 
6 2 4606 4603 
8 3 4605 4607 0 
9 2 0 4608 
6 2 4609 4608 
10 2 0 4610 
9 3 0 4611 4610 
6 2 4612 4610 
10 2 0 4613 
9 3 0 4614 4613 
6 2 4615 4613 
10 2 0 4616 
9 3 0 4617 4616 
6 2 4618 4616 
10 2 0 4619 
9 3 0 4620 4619 
6 2 4621 4619 
10 2 0 4622 
9 3 0 4623 4622 
6 2 4624 4622 
10 2 0 4625 
9 3 0 4626 4625 
6 2 4627 4625 
10 2 0 4628 
9 3 0 4629 4628 
6 2 4630 4628 
10 2 0 4631 
9 3 0 4632 4631 
6 2 4633 4631 
10 2 0 4634 
9 3 0 4635 4634 
6 2 4636 4634 
10 2 0 4637 
9 3 0 4638 4637 
6 2 4639 4637 
10 2 0 4640 
11 11 4611 4614 4617 4620 4623 4626 4629 4632 4635 4638 4641 
1 0 
1 0 
1 0 
1 0 
1 0 
1 0 
1 0 
1 0 
1 0 
1 0 
1 0 
1 0 
1 0 
1 0 
2 2 0 4643 
3 1 4657 
4 2 0 4656 
3 1 4659 
5 3 0 4644 4658 
6 2 4661 4658 
7 3 0 4655 4660 
6 2 4663 4660 
5 3 0 4645 4662 
6 2 4665 4662 
7 3 0 4654 4664 
6 2 4667 4664 
5 3 0 4646 4666 
6 2 4669 4666 
7 3 0 4653 4668 
6 2 4671 4668 
5 3 0 4647 4670 
6 2 4673 4670 
7 3 0 4652 4672 
6 2 4675 4672 
5 3 0 4648 4674 
6 2 4677 4674 
7 3 0 4651 4676 
6 2 4679 4676 
5 3 0 4649 4678 
6 2 4681 4678 
7 3 0 4650 4680 
6 2 4683 4680 
5 3 0 4650 4682 
6 2 4685 4682 
7 3 0 4649 4684 
6 2 4687 4684 
5 3 0 4651 4686 
6 2 4689 4686 
7 3 0 4648 4688 
6 2 4691 4688 
5 3 0 4652 4690 
6 2 4693 4690 
7 3 0 4647 4692 
6 2 4695 4692 
5 3 0 4653 4694 
6 2 4697 4694 
7 3 0 4646 4696 
6 2 4699 4696 
5 3 0 4654 4698 
6 2 4701 4698 
7 3 0 4645 4700 
6 2 4703 4700 
5 3 0 4655 4702 
6 2 4705 4702 
7 3 0 4644 4704 
6 2 4707 4704 
5 3 0 4656 4706 
6 2 4709 4706 
7 3 0 4643 4708 
6 2 4711 4708 
8 3 4710 4712 0 
9 2 0 4713 
6 2 4714 4713 
10 2 0 4715 
9 3 0 4716 4715 
6 2 4717 4715 
10 2 0 4718 
9 3 0 4719 4718 
6 2 4720 4718 
10 2 0 4721 
9 3 0 4722 4721 
6 2 4723 4721 
10 2 0 4724 
9 3 0 4725 4724 
6 2 4726 4724 
10 2 0 4727 
9 3 0 4728 4727 
6 2 4729 4727 
10 2 0 4730 
9 3 0 4731 4730 
6 2 4732 4730 
10 2 0 4733 
9 3 0 4734 4733 
6 2 4735 4733 
10 2 0 4736 
9 3 0 4737 4736 
6 2 4738 4736 
10 2 0 4739 
9 3 0 4740 4739 
6 2 4741 4739 
10 2 0 4742 
9 3 0 4743 4742 
6 2 4744 4742 
10 2 0 4745 
9 3 0 4746 4745 
6 2 4747 4745 
10 2 0 4748 
9 3 0 4749 4748 
6 2 4750 4748 
10 2 0 4751 
11 13 4716 4719 4722 4725 4728 4731 4734 4737 4740 4743 4746 4749 4752 
1 0 
1 0 
1 0 
1 0 
1 0 
1 0 
1 0 
1 0 
1 0 
1 0 
1 0 
1 0 
2 2 0 4754 
3 1 4766 
4 2 0 4765 
3 1 4768 
5 3 0 4755 4767 
6 2 4770 4767 
7 3 0 4764 4769 
6 2 4772 4769 
5 3 0 4756 4771 
6 2 4774 4771 
7 3 0 4763 4773 
6 2 4776 4773 
5 3 0 4757 4775 
6 2 4778 4775 
7 3 0 4762 4777 
6 2 4780 4777 
5 3 0 4758 4779 
6 2 4782 4779 
7 3 0 4761 4781 
6 2 4784 4781 
5 3 0 4759 4783 
6 2 4786 4783 
7 3 0 4760 4785 
6 2 4788 4785 
5 3 0 4760 4787 
6 2 4790 4787 
7 3 0 4759 4789 
6 2 4792 4789 
5 3 0 4761 4791 
6 2 4794 4791 
7 3 0 4758 4793 
6 2 4796 4793 
5 3 0 4762 4795 
6 2 4798 4795 
7 3 0 4757 4797 
6 2 4800 4797 
5 3 0 4763 4799 
6 2 4802 4799 
7 3 0 4756 4801 
6 2 4804 4801 
5 3 0 4764 4803 
6 2 4806 4803 
7 3 0 4755 4805 
6 2 4808 4805 
5 3 0 4765 4807 
6 2 4810 4807 
7 3 0 4754 4809 
6 2 4812 4809 
8 3 4811 4813 0 
9 2 0 4814 
6 2 4815 4814 
10 2 0 4816 
9 3 0 4817 4816 
6 2 4818 4816 
10 2 0 4819 
9 3 0 4820 4819 
6 2 4821 4819 
10 2 0 4822 
9 3 0 4823 4822 
6 2 4824 4822 
10 2 0 4825 
9 3 0 4826 4825 
6 2 4827 4825 
10 2 0 4828 
9 3 0 4829 4828 
6 2 4830 4828 
10 2 0 4831 
9 3 0 4832 4831 
6 2 4833 4831 
10 2 0 4834 
9 3 0 4835 4834 
6 2 4836 4834 
10 2 0 4837 
9 3 0 4838 4837 
6 2 4839 4837 
10 2 0 4840 
9 3 0 4841 4840 
6 2 4842 4840 
10 2 0 4843 
9 3 0 4844 4843 
6 2 4845 4843 
10 2 0 4846 
11 11 4817 4820 4823 4826 4829 4832 4835 4838 4841 4844 4847 
1 0 
1 0 
1 0 
1 0 
1 0 
1 0 
1 0 
1 0 
1 0 
1 0 
1 0 
1 0 
2 2 0 4849 
3 1 4861 
4 2 0 4860 
3 1 4863 
5 3 0 4850 4862 
6 2 4865 4862 
7 3 0 4859 4864 
6 2 4867 4864 
5 3 0 4851 4866 
6 2 4869 4866 
7 3 0 4858 4868 
6 2 4871 4868 
5 3 0 4852 4870 
6 2 4873 4870 
7 3 0 4857 4872 
6 2 4875 4872 
5 3 0 4853 4874 
6 2 4877 4874 
7 3 0 4856 4876 
6 2 4879 4876 
5 3 0 4854 4878 
6 2 4881 4878 
7 3 0 4855 4880 
6 2 4883 4880 
5 3 0 4855 4882 
6 2 4885 4882 
7 3 0 4854 4884 
6 2 4887 4884 
5 3 0 4856 4886 
6 2 4889 4886 
7 3 0 4853 4888 
6 2 4891 4888 
5 3 0 4857 4890 
6 2 4893 4890 
7 3 0 4852 4892 
6 2 4895 4892 
5 3 0 4858 4894 
6 2 4897 4894 
7 3 0 4851 4896 
6 2 4899 4896 
5 3 0 4859 4898 
6 2 4901 4898 
7 3 0 4850 4900 
6 2 4903 4900 
5 3 0 4860 4902 
6 2 4905 4902 
7 3 0 4849 4904 
6 2 4907 4904 
8 3 4906 4908 0 
9 2 0 4909 
6 2 4910 4909 
10 2 0 4911 
9 3 0 4912 4911 
6 2 4913 4911 
10 2 0 4914 
9 3 0 4915 4914 
6 2 4916 4914 
10 2 0 4917 
9 3 0 4918 4917 
6 2 4919 4917 
10 2 0 4920 
9 3 0 4921 4920 
6 2 4922 4920 
10 2 0 4923 
9 3 0 4924 4923 
6 2 4925 4923 
10 2 0 4926 
9 3 0 4927 4926 
6 2 4928 4926 
10 2 0 4929 
9 3 0 4930 4929 
6 2 4931 4929 
10 2 0 4932 
9 3 0 4933 4932 
6 2 4934 4932 
10 2 0 4935 
9 3 0 4936 4935 
6 2 4937 4935 
10 2 0 4938 
9 3 0 4939 4938 
6 2 4940 4938 
10 2 0 4941 
11 11 4912 4915 4918 4921 4924 4927 4930 4933 4936 4939 4942 
1 0 
1 0 
1 0 
1 0 
1 0 
1 0 
1 0 
1 0 
1 0 
1 0 
1 0 
1 0 
1 0 
1 0 
1 0 
2 2 0 4944 
3 1 4959 
4 2 0 4958 
3 1 4961 
5 3 0 4945 4960 
6 2 4963 4960 
7 3 0 4957 4962 
6 2 4965 4962 
5 3 0 4946 4964 
6 2 4967 4964 
7 3 0 4956 4966 
6 2 4969 4966 
5 3 0 4947 4968 
6 2 4971 4968 
7 3 0 4955 4970 
6 2 4973 4970 
5 3 0 4948 4972 
6 2 4975 4972 
7 3 0 4954 4974 
6 2 4977 4974 
5 3 0 4949 4976 
6 2 4979 4976 
7 3 0 4953 4978 
6 2 4981 4978 
5 3 0 4950 4980 
6 2 4983 4980 
7 3 0 4952 4982 
6 2 4985 4982 
5 3 0 4951 4984 
6 2 4987 4984 
7 3 0 4951 4986 
6 2 4989 4986 
5 3 0 4952 4988 
6 2 4991 4988 
7 3 0 4950 4990 
6 2 4993 4990 
5 3 0 4953 4992 
6 2 4995 4992 
7 3 0 4949 4994 
6 2 4997 4994 
5 3 0 4954 4996 
6 2 4999 4996 
7 3 0 4948 4998 
6 2 5001 4998 
5 3 0 4955 5000 
6 2 5003 5000 
7 3 0 4947 5002 
6 2 5005 5002 
5 3 0 4956 5004 
6 2 5007 5004 
7 3 0 4946 5006 
6 2 5009 5006 
5 3 0 4957 5008 
6 2 5011 5008 
7 3 0 4945 5010 
6 2 5013 5010 
5 3 0 4958 5012 
6 2 5015 5012 
7 3 0 4944 5014 
6 2 5017 5014 
8 3 5016 5018 0 
9 2 0 5019 
6 2 5020 5019 
10 2 0 5021 
9 3 0 5022 5021 
6 2 5023 5021 
10 2 0 5024 
9 3 0 5025 5024 
6 2 5026 5024 
10 2 0 5027 
9 3 0 5028 5027 
6 2 5029 5027 
10 2 0 5030 
9 3 0 5031 5030 
6 2 5032 5030 
10 2 0 5033 
9 3 0 5034 5033 
6 2 5035 5033 
10 2 0 5036 
9 3 0 5037 5036 
6 2 5038 5036 
10 2 0 5039 
9 3 0 5040 5039 
6 2 5041 5039 
10 2 0 5042 
9 3 0 5043 5042 
6 2 5044 5042 
10 2 0 5045 
9 3 0 5046 5045 
6 2 5047 5045 
10 2 0 5048 
9 3 0 5049 5048 
6 2 5050 5048 
10 2 0 5051 
9 3 0 5052 5051 
6 2 5053 5051 
10 2 0 5054 
9 3 0 5055 5054 
6 2 5056 5054 
10 2 0 5057 
9 3 0 5058 5057 
6 2 5059 5057 
10 2 0 5060 
11 14 5022 5025 5028 5031 5034 5037 5040 5043 5046 5049 5052 5055 5058 5061 
1 0 
1 0 
1 0 
1 0 
1 0 
1 0 
1 0 
1 0 
1 0 
1 0 
2 2 0 5063 
3 1 5073 
4 2 0 5072 
3 1 5075 
5 3 0 5064 5074 
6 2 5077 5074 
7 3 0 5071 5076 
6 2 5079 5076 
5 3 0 5065 5078 
6 2 5081 5078 
7 3 0 5070 5080 
6 2 5083 5080 
5 3 0 5066 5082 
6 2 5085 5082 
7 3 0 5069 5084 
6 2 5087 5084 
5 3 0 5067 5086 
6 2 5089 5086 
7 3 0 5068 5088 
6 2 5091 5088 
5 3 0 5068 5090 
6 2 5093 5090 
7 3 0 5067 5092 
6 2 5095 5092 
5 3 0 5069 5094 
6 2 5097 5094 
7 3 0 5066 5096 
6 2 5099 5096 
5 3 0 5070 5098 
6 2 5101 5098 
7 3 0 5065 5100 
6 2 5103 5100 
5 3 0 5071 5102 
6 2 5105 5102 
7 3 0 5064 5104 
6 2 5107 5104 
5 3 0 5072 5106 
6 2 5109 5106 
7 3 0 5063 5108 
6 2 5111 5108 
8 3 5110 5112 0 
9 2 0 5113 
6 2 5114 5113 
10 2 0 5115 
9 3 0 5116 5115 
6 2 5117 5115 
10 2 0 5118 
9 3 0 5119 5118 
6 2 5120 5118 
10 2 0 5121 
9 3 0 5122 5121 
6 2 5123 5121 
10 2 0 5124 
9 3 0 5125 5124 
6 2 5126 5124 
10 2 0 5127 
9 3 0 5128 5127 
6 2 5129 5127 
10 2 0 5130 
9 3 0 5131 5130 
6 2 5132 5130 
10 2 0 5133 
9 3 0 5134 5133 
6 2 5135 5133 
10 2 0 5136 
9 3 0 5137 5136 
6 2 5138 5136 
10 2 0 5139 
11 9 5116 5119 5122 5125 5128 5131 5134 5137 5140 
1 0 
1 0 
1 0 
1 0 
1 0 
1 0 
1 0 
1 0 
1 0 
1 0 
2 2 0 5142 
3 1 5152 
4 2 0 5151 
3 1 5154 
5 3 0 5143 5153 
6 2 5156 5153 
7 3 0 5150 5155 
6 2 5158 5155 
5 3 0 5144 5157 
6 2 5160 5157 
7 3 0 5149 5159 
6 2 5162 5159 
5 3 0 5145 5161 
6 2 5164 5161 
7 3 0 5148 5163 
6 2 5166 5163 
5 3 0 5146 5165 
6 2 5168 5165 
7 3 0 5147 5167 
6 2 5170 5167 
5 3 0 5147 5169 
6 2 5172 5169 
7 3 0 5146 5171 
6 2 5174 5171 
5 3 0 5148 5173 
6 2 5176 5173 
7 3 0 5145 5175 
6 2 5178 5175 
5 3 0 5149 5177 
6 2 5180 5177 
7 3 0 5144 5179 
6 2 5182 5179 
5 3 0 5150 5181 
6 2 5184 5181 
7 3 0 5143 5183 
6 2 5186 5183 
5 3 0 5151 5185 
6 2 5188 5185 
7 3 0 5142 5187 
6 2 5190 5187 
8 3 5189 5191 0 
9 2 0 5192 
6 2 5193 5192 
10 2 0 5194 
9 3 0 5195 5194 
6 2 5196 5194 
10 2 0 5197 
9 3 0 5198 5197 
6 2 5199 5197 
10 2 0 5200 
9 3 0 5201 5200 
6 2 5202 5200 
10 2 0 5203 
9 3 0 5204 5203 
6 2 5205 5203 
10 2 0 5206 
9 3 0 5207 5206 
6 2 5208 5206 
10 2 0 5209 
9 3 0 5210 5209 
6 2 5211 5209 
10 2 0 5212 
9 3 0 5213 5212 
6 2 5214 5212 
10 2 0 5215 
9 3 0 5216 5215 
6 2 5217 5215 
10 2 0 5218 
11 9 5195 5198 5201 5204 5207 5210 5213 5216 5219 
1 0 
1 0 
1 0 
1 0 
1 0 
1 0 
1 0 
1 0 
1 0 
1 0 
1 0 
1 0 
2 2 0 5221 
3 1 5233 
4 2 0 5232 
3 1 5235 
5 3 0 5222 5234 
6 2 5237 5234 
7 3 0 5231 5236 
6 2 5239 5236 
5 3 0 5223 5238 
6 2 5241 5238 
7 3 0 5230 5240 
6 2 5243 5240 
5 3 0 5224 5242 
6 2 5245 5242 
7 3 0 5229 5244 
6 2 5247 5244 
5 3 0 5225 5246 
6 2 5249 5246 
7 3 0 5228 5248 
6 2 5251 5248 
5 3 0 5226 5250 
6 2 5253 5250 
7 3 0 5227 5252 
6 2 5255 5252 
5 3 0 5227 5254 
6 2 5257 5254 
7 3 0 5226 5256 
6 2 5259 5256 
5 3 0 5228 5258 
6 2 5261 5258 
7 3 0 5225 5260 
6 2 5263 5260 
5 3 0 5229 5262 
6 2 5265 5262 
7 3 0 5224 5264 
6 2 5267 5264 
5 3 0 5230 5266 
6 2 5269 5266 
7 3 0 5223 5268 
6 2 5271 5268 
5 3 0 5231 5270 
6 2 5273 5270 
7 3 0 5222 5272 
6 2 5275 5272 
5 3 0 5232 5274 
6 2 5277 5274 
7 3 0 5221 5276 
6 2 5279 5276 
8 3 5278 5280 0 
9 2 0 5281 
6 2 5282 5281 
10 2 0 5283 
9 3 0 5284 5283 
6 2 5285 5283 
10 2 0 5286 
9 3 0 5287 5286 
6 2 5288 5286 
10 2 0 5289 
9 3 0 5290 5289 
6 2 5291 5289 
10 2 0 5292 
9 3 0 5293 5292 
6 2 5294 5292 
10 2 0 5295 
9 3 0 5296 5295 
6 2 5297 5295 
10 2 0 5298 
9 3 0 5299 5298 
6 2 5300 5298 
10 2 0 5301 
9 3 0 5302 5301 
6 2 5303 5301 
10 2 0 5304 
9 3 0 5305 5304 
6 2 5306 5304 
10 2 0 5307 
9 3 0 5308 5307 
6 2 5309 5307 
10 2 0 5310 
9 3 0 5311 5310 
6 2 5312 5310 
10 2 0 5313 
11 11 5284 5287 5290 5293 5296 5299 5302 5305 5308 5311 5314 
1 0 
1 0 
1 0 
1 0 
1 0 
1 0 
1 0 
2 2 0 5316 
3 1 5323 
4 2 0 5322 
3 1 5325 
5 3 0 5317 5324 
6 2 5327 5324 
7 3 0 5321 5326 
6 2 5329 5326 
5 3 0 5318 5328 
6 2 5331 5328 
7 3 0 5320 5330 
6 2 5333 5330 
5 3 0 5319 5332 
6 2 5335 5332 
7 3 0 5319 5334 
6 2 5337 5334 
5 3 0 5320 5336 
6 2 5339 5336 
7 3 0 5318 5338 
6 2 5341 5338 
5 3 0 5321 5340 
6 2 5343 5340 
7 3 0 5317 5342 
6 2 5345 5342 
5 3 0 5322 5344 
6 2 5347 5344 
7 3 0 5316 5346 
6 2 5349 5346 
8 3 5348 5350 0 
9 2 0 5351 
6 2 5352 5351 
10 2 0 5353 
9 3 0 5354 5353 
6 2 5355 5353 
10 2 0 5356 
9 3 0 5357 5356 
6 2 5358 5356 
10 2 0 5359 
9 3 0 5360 5359 
6 2 5361 5359 
10 2 0 5362 
9 3 0 5363 5362 
6 2 5364 5362 
10 2 0 5365 
9 3 0 5366 5365 
6 2 5367 5365 
10 2 0 5368 
11 6 5354 5357 5360 5363 5366 5369 
1 0 
1 0 
1 0 
1 0 
1 0 
1 0 
1 0 
1 0 
1 0 
1 0 
1 0 
1 0 
1 0 
2 2 0 5371 
3 1 5384 
4 2 0 5383 
3 1 5386 
5 3 0 5372 5385 
6 2 5388 5385 
7 3 0 5382 5387 
6 2 5390 5387 
5 3 0 5373 5389 
6 2 5392 5389 
7 3 0 5381 5391 
6 2 5394 5391 
5 3 0 5374 5393 
6 2 5396 5393 
7 3 0 5380 5395 
6 2 5398 5395 
5 3 0 5375 5397 
6 2 5400 5397 
7 3 0 5379 5399 
6 2 5402 5399 
5 3 0 5376 5401 
6 2 5404 5401 
7 3 0 5378 5403 
6 2 5406 5403 
5 3 0 5377 5405 
6 2 5408 5405 
7 3 0 5377 5407 
6 2 5410 5407 
5 3 0 5378 5409 
6 2 5412 5409 
7 3 0 5376 5411 
6 2 5414 5411 
5 3 0 5379 5413 
6 2 5416 5413 
7 3 0 5375 5415 
6 2 5418 5415 
5 3 0 5380 5417 
6 2 5420 5417 
7 3 0 5374 5419 
6 2 5422 5419 
5 3 0 5381 5421 
6 2 5424 5421 
7 3 0 5373 5423 
6 2 5426 5423 
5 3 0 5382 5425 
6 2 5428 5425 
7 3 0 5372 5427 
6 2 5430 5427 
5 3 0 5383 5429 
6 2 5432 5429 
7 3 0 5371 5431 
6 2 5434 5431 
8 3 5433 5435 0 
9 2 0 5436 
6 2 5437 5436 
10 2 0 5438 
9 3 0 5439 5438 
6 2 5440 5438 
10 2 0 5441 
9 3 0 5442 5441 
6 2 5443 5441 
10 2 0 5444 
9 3 0 5445 5444 
6 2 5446 5444 
10 2 0 5447 
9 3 0 5448 5447 
6 2 5449 5447 
10 2 0 5450 
9 3 0 5451 5450 
6 2 5452 5450 
10 2 0 5453 
9 3 0 5454 5453 
6 2 5455 5453 
10 2 0 5456 
9 3 0 5457 5456 
6 2 5458 5456 
10 2 0 5459 
9 3 0 5460 5459 
6 2 5461 5459 
10 2 0 5462 
9 3 0 5463 5462 
6 2 5464 5462 
10 2 0 5465 
9 3 0 5466 5465 
6 2 5467 5465 
10 2 0 5468 
9 3 0 5469 5468 
6 2 5470 5468 
10 2 0 5471 
11 12 5439 5442 5445 5448 5451 5454 5457 5460 5463 5466 5469 5472 
1 0 
1 0 
1 0 
1 0 
1 0 
1 0 
1 0 
1 0 
1 0 
1 0 
1 0 
1 0 
1 0 
2 2 0 5474 
3 1 5487 
4 2 0 5486 
3 1 5489 
5 3 0 5475 5488 
6 2 5491 5488 
7 3 0 5485 5490 
6 2 5493 5490 
5 3 0 5476 5492 
6 2 5495 5492 
7 3 0 5484 5494 
6 2 5497 5494 
5 3 0 5477 5496 
6 2 5499 5496 
7 3 0 5483 5498 
6 2 5501 5498 
5 3 0 5478 5500 
6 2 5503 5500 
7 3 0 5482 5502 
6 2 5505 5502 
5 3 0 5479 5504 
6 2 5507 5504 
7 3 0 5481 5506 
6 2 5509 5506 
5 3 0 5480 5508 
6 2 5511 5508 
7 3 0 5480 5510 
6 2 5513 5510 
5 3 0 5481 5512 
6 2 5515 5512 
7 3 0 5479 5514 
6 2 5517 5514 
5 3 0 5482 5516 
6 2 5519 5516 
7 3 0 5478 5518 
6 2 5521 5518 
5 3 0 5483 5520 
6 2 5523 5520 
7 3 0 5477 5522 
6 2 5525 5522 
5 3 0 5484 5524 
6 2 5527 5524 
7 3 0 5476 5526 
6 2 5529 5526 
5 3 0 5485 5528 
6 2 5531 5528 
7 3 0 5475 5530 
6 2 5533 5530 
5 3 0 5486 5532 
6 2 5535 5532 
7 3 0 5474 5534 
6 2 5537 5534 
8 3 5536 5538 0 
9 2 0 5539 
6 2 5540 5539 
10 2 0 5541 
9 3 0 5542 5541 
6 2 5543 5541 
10 2 0 5544 
9 3 0 5545 5544 
6 2 5546 5544 
10 2 0 5547 
9 3 0 5548 5547 
6 2 5549 5547 
10 2 0 5550 
9 3 0 5551 5550 
6 2 5552 5550 
10 2 0 5553 
9 3 0 5554 5553 
6 2 5555 5553 
10 2 0 5556 
9 3 0 5557 5556 
6 2 5558 5556 
10 2 0 5559 
9 3 0 5560 5559 
6 2 5561 5559 
10 2 0 5562 
9 3 0 5563 5562 
6 2 5564 5562 
10 2 0 5565 
9 3 0 5566 5565 
6 2 5567 5565 
10 2 0 5568 
9 3 0 5569 5568 
6 2 5570 5568 
10 2 0 5571 
9 3 0 5572 5571 
6 2 5573 5571 
10 2 0 5574 
11 12 5542 5545 5548 5551 5554 5557 5560 5563 5566 5569 5572 5575 
13 64 151 230 293 332 419 482 529 632 711 774 813 892 1003 1186 1297 1328 1407 1494 1573 1684 1739 1842 1913 1984 2063 2166 2221 2300 2395 2562 2673 2760 2823 2878 2997 3076 3179 3250 3337 3408 3543 3662 3701 3788 3907 3994 4073 4200 4279 4334 4421 4484 4547 4642 4753 4848 4943 5062 5141 5220 5315 5370 5473 5576 
