5514
0 0 
1 0 
1 0 
1 0 
1 0 
1 0 
1 0 
2 2 0 1 
3 1 7 
4 2 0 6 
3 1 9 
5 3 0 2 8 
6 2 11 8 
7 3 0 5 10 
6 2 13 10 
5 3 0 3 12 
6 2 15 12 
7 3 0 4 14 
6 2 17 14 
5 3 0 4 16 
6 2 19 16 
7 3 0 3 18 
6 2 21 18 
5 3 0 5 20 
6 2 23 20 
7 3 0 2 22 
6 2 25 22 
5 3 0 6 24 
6 2 27 24 
7 3 0 1 26 
6 2 29 26 
8 3 28 30 0 
9 2 0 31 
6 2 32 31 
10 2 0 33 
9 3 0 34 33 
6 2 35 33 
10 2 0 36 
9 3 0 37 36 
6 2 38 36 
10 2 0 39 
9 3 0 40 39 
6 2 41 39 
10 2 0 42 
9 3 0 43 42 
6 2 44 42 
10 2 0 45 
11 5 34 37 40 43 46 
1 0 
1 0 
1 0 
1 0 
1 0 
2 2 0 48 
3 1 53 
4 2 0 52 
3 1 55 
5 3 0 49 54 
6 2 57 54 
7 3 0 51 56 
6 2 59 56 
5 3 0 50 58 
6 2 61 58 
7 3 0 50 60 
6 2 63 60 
5 3 0 51 62 
6 2 65 62 
7 3 0 49 64 
6 2 67 64 
5 3 0 52 66 
6 2 69 66 
7 3 0 48 68 
6 2 71 68 
8 3 70 72 0 
9 2 0 73 
6 2 74 73 
10 2 0 75 
9 3 0 76 75 
6 2 77 75 
10 2 0 78 
9 3 0 79 78 
6 2 80 78 
10 2 0 81 
9 3 0 82 81 
6 2 83 81 
10 2 0 84 
11 4 76 79 82 85 
1 0 
1 0 
1 0 
1 0 
1 0 
1 0 
1 0 
1 0 
2 2 0 87 
3 1 95 
4 2 0 94 
3 1 97 
5 3 0 88 96 
6 2 99 96 
7 3 0 93 98 
6 2 101 98 
5 3 0 89 100 
6 2 103 100 
7 3 0 92 102 
6 2 105 102 
5 3 0 90 104 
6 2 107 104 
7 3 0 91 106 
6 2 109 106 
5 3 0 91 108 
6 2 111 108 
7 3 0 90 110 
6 2 113 110 
5 3 0 92 112 
6 2 115 112 
7 3 0 89 114 
6 2 117 114 
5 3 0 93 116 
6 2 119 116 
7 3 0 88 118 
6 2 121 118 
5 3 0 94 120 
6 2 123 120 
7 3 0 87 122 
6 2 125 122 
8 3 124 126 0 
9 2 0 127 
6 2 128 127 
10 2 0 129 
9 3 0 130 129 
6 2 131 129 
10 2 0 132 
9 3 0 133 132 
6 2 134 132 
10 2 0 135 
9 3 0 136 135 
6 2 137 135 
10 2 0 138 
9 3 0 139 138 
6 2 140 138 
10 2 0 141 
9 3 0 142 141 
6 2 143 141 
10 2 0 144 
9 3 0 145 144 
6 2 146 144 
10 2 0 147 
11 7 130 133 136 139 142 145 148 
1 0 
1 0 
1 0 
1 0 
1 0 
1 0 
1 0 
1 0 
1 0 
2 2 0 150 
3 1 159 
4 2 0 158 
3 1 161 
5 3 0 151 160 
6 2 163 160 
7 3 0 157 162 
6 2 165 162 
5 3 0 152 164 
6 2 167 164 
7 3 0 156 166 
6 2 169 166 
5 3 0 153 168 
6 2 171 168 
7 3 0 155 170 
6 2 173 170 
5 3 0 154 172 
6 2 175 172 
7 3 0 154 174 
6 2 177 174 
5 3 0 155 176 
6 2 179 176 
7 3 0 153 178 
6 2 181 178 
5 3 0 156 180 
6 2 183 180 
7 3 0 152 182 
6 2 185 182 
5 3 0 157 184 
6 2 187 184 
7 3 0 151 186 
6 2 189 186 
5 3 0 158 188 
6 2 191 188 
7 3 0 150 190 
6 2 193 190 
8 3 192 194 0 
9 2 0 195 
6 2 196 195 
10 2 0 197 
9 3 0 198 197 
6 2 199 197 
10 2 0 200 
9 3 0 201 200 
6 2 202 200 
10 2 0 203 
9 3 0 204 203 
6 2 205 203 
10 2 0 206 
9 3 0 207 206 
6 2 208 206 
10 2 0 209 
9 3 0 210 209 
6 2 211 209 
10 2 0 212 
9 3 0 213 212 
6 2 214 212 
10 2 0 215 
9 3 0 216 215 
6 2 217 215 
10 2 0 218 
11 8 198 201 204 207 210 213 216 219 
1 0 
1 0 
1 0 
1 0 
1 0 
1 0 
1 0 
1 0 
1 0 
1 0 
1 0 
1 0 
2 2 0 221 
3 1 233 
4 2 0 232 
3 1 235 
5 3 0 222 234 
6 2 237 234 
7 3 0 231 236 
6 2 239 236 
5 3 0 223 238 
6 2 241 238 
7 3 0 230 240 
6 2 243 240 
5 3 0 224 242 
6 2 245 242 
7 3 0 229 244 
6 2 247 244 
5 3 0 225 246 
6 2 249 246 
7 3 0 228 248 
6 2 251 248 
5 3 0 226 250 
6 2 253 250 
7 3 0 227 252 
6 2 255 252 
5 3 0 227 254 
6 2 257 254 
7 3 0 226 256 
6 2 259 256 
5 3 0 228 258 
6 2 261 258 
7 3 0 225 260 
6 2 263 260 
5 3 0 229 262 
6 2 265 262 
7 3 0 224 264 
6 2 267 264 
5 3 0 230 266 
6 2 269 266 
7 3 0 223 268 
6 2 271 268 
5 3 0 231 270 
6 2 273 270 
7 3 0 222 272 
6 2 275 272 
5 3 0 232 274 
6 2 277 274 
7 3 0 221 276 
6 2 279 276 
8 3 278 280 0 
9 2 0 281 
6 2 282 281 
10 2 0 283 
9 3 0 284 283 
6 2 285 283 
10 2 0 286 
9 3 0 287 286 
6 2 288 286 
10 2 0 289 
9 3 0 290 289 
6 2 291 289 
10 2 0 292 
9 3 0 293 292 
6 2 294 292 
10 2 0 295 
9 3 0 296 295 
6 2 297 295 
10 2 0 298 
9 3 0 299 298 
6 2 300 298 
10 2 0 301 
9 3 0 302 301 
6 2 303 301 
10 2 0 304 
9 3 0 305 304 
6 2 306 304 
10 2 0 307 
9 3 0 308 307 
6 2 309 307 
10 2 0 310 
9 3 0 311 310 
6 2 312 310 
10 2 0 313 
11 11 284 287 290 293 296 299 302 305 308 311 314 
1 0 
1 0 
1 0 
1 0 
1 0 
1 0 
1 0 
1 0 
2 2 0 316 
3 1 324 
4 2 0 323 
3 1 326 
5 3 0 317 325 
6 2 328 325 
7 3 0 322 327 
6 2 330 327 
5 3 0 318 329 
6 2 332 329 
7 3 0 321 331 
6 2 334 331 
5 3 0 319 333 
6 2 336 333 
7 3 0 320 335 
6 2 338 335 
5 3 0 320 337 
6 2 340 337 
7 3 0 319 339 
6 2 342 339 
5 3 0 321 341 
6 2 344 341 
7 3 0 318 343 
6 2 346 343 
5 3 0 322 345 
6 2 348 345 
7 3 0 317 347 
6 2 350 347 
5 3 0 323 349 
6 2 352 349 
7 3 0 316 351 
6 2 354 351 
8 3 353 355 0 
9 2 0 356 
6 2 357 356 
10 2 0 358 
9 3 0 359 358 
6 2 360 358 
10 2 0 361 
9 3 0 362 361 
6 2 363 361 
10 2 0 364 
9 3 0 365 364 
6 2 366 364 
10 2 0 367 
9 3 0 368 367 
6 2 369 367 
10 2 0 370 
9 3 0 371 370 
6 2 372 370 
10 2 0 373 
9 3 0 374 373 
6 2 375 373 
10 2 0 376 
11 7 359 362 365 368 371 374 377 
1 0 
1 0 
1 0 
1 0 
1 0 
1 0 
1 0 
1 0 
2 2 0 379 
3 1 387 
4 2 0 386 
3 1 389 
5 3 0 380 388 
6 2 391 388 
7 3 0 385 390 
6 2 393 390 
5 3 0 381 392 
6 2 395 392 
7 3 0 384 394 
6 2 397 394 
5 3 0 382 396 
6 2 399 396 
7 3 0 383 398 
6 2 401 398 
5 3 0 383 400 
6 2 403 400 
7 3 0 382 402 
6 2 405 402 
5 3 0 384 404 
6 2 407 404 
7 3 0 381 406 
6 2 409 406 
5 3 0 385 408 
6 2 411 408 
7 3 0 380 410 
6 2 413 410 
5 3 0 386 412 
6 2 415 412 
7 3 0 379 414 
6 2 417 414 
8 3 416 418 0 
9 2 0 419 
6 2 420 419 
10 2 0 421 
9 3 0 422 421 
6 2 423 421 
10 2 0 424 
9 3 0 425 424 
6 2 426 424 
10 2 0 427 
9 3 0 428 427 
6 2 429 427 
10 2 0 430 
9 3 0 431 430 
6 2 432 430 
10 2 0 433 
9 3 0 434 433 
6 2 435 433 
10 2 0 436 
9 3 0 437 436 
6 2 438 436 
10 2 0 439 
11 7 422 425 428 431 434 437 440 
1 0 
1 0 
1 0 
1 0 
1 0 
1 0 
1 0 
1 0 
1 0 
1 0 
1 0 
1 0 
1 0 
1 0 
1 0 
2 2 0 442 
3 1 457 
4 2 0 456 
3 1 459 
5 3 0 443 458 
6 2 461 458 
7 3 0 455 460 
6 2 463 460 
5 3 0 444 462 
6 2 465 462 
7 3 0 454 464 
6 2 467 464 
5 3 0 445 466 
6 2 469 466 
7 3 0 453 468 
6 2 471 468 
5 3 0 446 470 
6 2 473 470 
7 3 0 452 472 
6 2 475 472 
5 3 0 447 474 
6 2 477 474 
7 3 0 451 476 
6 2 479 476 
5 3 0 448 478 
6 2 481 478 
7 3 0 450 480 
6 2 483 480 
5 3 0 449 482 
6 2 485 482 
7 3 0 449 484 
6 2 487 484 
5 3 0 450 486 
6 2 489 486 
7 3 0 448 488 
6 2 491 488 
5 3 0 451 490 
6 2 493 490 
7 3 0 447 492 
6 2 495 492 
5 3 0 452 494 
6 2 497 494 
7 3 0 446 496 
6 2 499 496 
5 3 0 453 498 
6 2 501 498 
7 3 0 445 500 
6 2 503 500 
5 3 0 454 502 
6 2 505 502 
7 3 0 444 504 
6 2 507 504 
5 3 0 455 506 
6 2 509 506 
7 3 0 443 508 
6 2 511 508 
5 3 0 456 510 
6 2 513 510 
7 3 0 442 512 
6 2 515 512 
8 3 514 516 0 
9 2 0 517 
6 2 518 517 
10 2 0 519 
9 3 0 520 519 
6 2 521 519 
10 2 0 522 
9 3 0 523 522 
6 2 524 522 
10 2 0 525 
9 3 0 526 525 
6 2 527 525 
10 2 0 528 
9 3 0 529 528 
6 2 530 528 
10 2 0 531 
9 3 0 532 531 
6 2 533 531 
10 2 0 534 
9 3 0 535 534 
6 2 536 534 
10 2 0 537 
9 3 0 538 537 
6 2 539 537 
10 2 0 540 
9 3 0 541 540 
6 2 542 540 
10 2 0 543 
9 3 0 544 543 
6 2 545 543 
10 2 0 546 
9 3 0 547 546 
6 2 548 546 
10 2 0 549 
9 3 0 550 549 
6 2 551 549 
10 2 0 552 
9 3 0 553 552 
6 2 554 552 
10 2 0 555 
9 3 0 556 555 
6 2 557 555 
10 2 0 558 
11 14 520 523 526 529 532 535 538 541 544 547 550 553 556 559 
1 0 
1 0 
1 0 
1 0 
1 0 
1 0 
1 0 
1 0 
2 2 0 561 
3 1 569 
4 2 0 568 
3 1 571 
5 3 0 562 570 
6 2 573 570 
7 3 0 567 572 
6 2 575 572 
5 3 0 563 574 
6 2 577 574 
7 3 0 566 576 
6 2 579 576 
5 3 0 564 578 
6 2 581 578 
7 3 0 565 580 
6 2 583 580 
5 3 0 565 582 
6 2 585 582 
7 3 0 564 584 
6 2 587 584 
5 3 0 566 586 
6 2 589 586 
7 3 0 563 588 
6 2 591 588 
5 3 0 567 590 
6 2 593 590 
7 3 0 562 592 
6 2 595 592 
5 3 0 568 594 
6 2 597 594 
7 3 0 561 596 
6 2 599 596 
8 3 598 600 0 
9 2 0 601 
6 2 602 601 
10 2 0 603 
9 3 0 604 603 
6 2 605 603 
10 2 0 606 
9 3 0 607 606 
6 2 608 606 
10 2 0 609 
9 3 0 610 609 
6 2 611 609 
10 2 0 612 
9 3 0 613 612 
6 2 614 612 
10 2 0 615 
9 3 0 616 615 
6 2 617 615 
10 2 0 618 
9 3 0 619 618 
6 2 620 618 
10 2 0 621 
11 7 604 607 610 613 616 619 622 
1 0 
1 0 
1 0 
1 0 
1 0 
1 0 
1 0 
1 0 
2 2 0 624 
3 1 632 
4 2 0 631 
3 1 634 
5 3 0 625 633 
6 2 636 633 
7 3 0 630 635 
6 2 638 635 
5 3 0 626 637 
6 2 640 637 
7 3 0 629 639 
6 2 642 639 
5 3 0 627 641 
6 2 644 641 
7 3 0 628 643 
6 2 646 643 
5 3 0 628 645 
6 2 648 645 
7 3 0 627 647 
6 2 650 647 
5 3 0 629 649 
6 2 652 649 
7 3 0 626 651 
6 2 654 651 
5 3 0 630 653 
6 2 656 653 
7 3 0 625 655 
6 2 658 655 
5 3 0 631 657 
6 2 660 657 
7 3 0 624 659 
6 2 662 659 
8 3 661 663 0 
9 2 0 664 
6 2 665 664 
10 2 0 666 
9 3 0 667 666 
6 2 668 666 
10 2 0 669 
9 3 0 670 669 
6 2 671 669 
10 2 0 672 
9 3 0 673 672 
6 2 674 672 
10 2 0 675 
9 3 0 676 675 
6 2 677 675 
10 2 0 678 
9 3 0 679 678 
6 2 680 678 
10 2 0 681 
9 3 0 682 681 
6 2 683 681 
10 2 0 684 
11 7 667 670 673 676 679 682 685 
1 0 
1 0 
1 0 
1 0 
1 0 
1 0 
1 0 
2 2 0 687 
3 1 694 
4 2 0 693 
3 1 696 
5 3 0 688 695 
6 2 698 695 
7 3 0 692 697 
6 2 700 697 
5 3 0 689 699 
6 2 702 699 
7 3 0 691 701 
6 2 704 701 
5 3 0 690 703 
6 2 706 703 
7 3 0 690 705 
6 2 708 705 
5 3 0 691 707 
6 2 710 707 
7 3 0 689 709 
6 2 712 709 
5 3 0 692 711 
6 2 714 711 
7 3 0 688 713 
6 2 716 713 
5 3 0 693 715 
6 2 718 715 
7 3 0 687 717 
6 2 720 717 
8 3 719 721 0 
9 2 0 722 
6 2 723 722 
10 2 0 724 
9 3 0 725 724 
6 2 726 724 
10 2 0 727 
9 3 0 728 727 
6 2 729 727 
10 2 0 730 
9 3 0 731 730 
6 2 732 730 
10 2 0 733 
9 3 0 734 733 
6 2 735 733 
10 2 0 736 
9 3 0 737 736 
6 2 738 736 
10 2 0 739 
11 6 725 728 731 734 737 740 
1 0 
1 0 
1 0 
1 0 
1 0 
1 0 
1 0 
1 0 
1 0 
1 0 
1 0 
1 0 
1 0 
2 2 0 742 
3 1 755 
4 2 0 754 
3 1 757 
5 3 0 743 756 
6 2 759 756 
7 3 0 753 758 
6 2 761 758 
5 3 0 744 760 
6 2 763 760 
7 3 0 752 762 
6 2 765 762 
5 3 0 745 764 
6 2 767 764 
7 3 0 751 766 
6 2 769 766 
5 3 0 746 768 
6 2 771 768 
7 3 0 750 770 
6 2 773 770 
5 3 0 747 772 
6 2 775 772 
7 3 0 749 774 
6 2 777 774 
5 3 0 748 776 
6 2 779 776 
7 3 0 748 778 
6 2 781 778 
5 3 0 749 780 
6 2 783 780 
7 3 0 747 782 
6 2 785 782 
5 3 0 750 784 
6 2 787 784 
7 3 0 746 786 
6 2 789 786 
5 3 0 751 788 
6 2 791 788 
7 3 0 745 790 
6 2 793 790 
5 3 0 752 792 
6 2 795 792 
7 3 0 744 794 
6 2 797 794 
5 3 0 753 796 
6 2 799 796 
7 3 0 743 798 
6 2 801 798 
5 3 0 754 800 
6 2 803 800 
7 3 0 742 802 
6 2 805 802 
8 3 804 806 0 
9 2 0 807 
6 2 808 807 
10 2 0 809 
9 3 0 810 809 
6 2 811 809 
10 2 0 812 
9 3 0 813 812 
6 2 814 812 
10 2 0 815 
9 3 0 816 815 
6 2 817 815 
10 2 0 818 
9 3 0 819 818 
6 2 820 818 
10 2 0 821 
9 3 0 822 821 
6 2 823 821 
10 2 0 824 
9 3 0 825 824 
6 2 826 824 
10 2 0 827 
9 3 0 828 827 
6 2 829 827 
10 2 0 830 
9 3 0 831 830 
6 2 832 830 
10 2 0 833 
9 3 0 834 833 
6 2 835 833 
10 2 0 836 
9 3 0 837 836 
6 2 838 836 
10 2 0 839 
9 3 0 840 839 
6 2 841 839 
10 2 0 842 
11 12 810 813 816 819 822 825 828 831 834 837 840 843 
1 0 
1 0 
1 0 
1 0 
1 0 
1 0 
1 0 
1 0 
1 0 
1 0 
2 2 0 845 
3 1 855 
4 2 0 854 
3 1 857 
5 3 0 846 856 
6 2 859 856 
7 3 0 853 858 
6 2 861 858 
5 3 0 847 860 
6 2 863 860 
7 3 0 852 862 
6 2 865 862 
5 3 0 848 864 
6 2 867 864 
7 3 0 851 866 
6 2 869 866 
5 3 0 849 868 
6 2 871 868 
7 3 0 850 870 
6 2 873 870 
5 3 0 850 872 
6 2 875 872 
7 3 0 849 874 
6 2 877 874 
5 3 0 851 876 
6 2 879 876 
7 3 0 848 878 
6 2 881 878 
5 3 0 852 880 
6 2 883 880 
7 3 0 847 882 
6 2 885 882 
5 3 0 853 884 
6 2 887 884 
7 3 0 846 886 
6 2 889 886 
5 3 0 854 888 
6 2 891 888 
7 3 0 845 890 
6 2 893 890 
8 3 892 894 0 
9 2 0 895 
6 2 896 895 
10 2 0 897 
9 3 0 898 897 
6 2 899 897 
10 2 0 900 
9 3 0 901 900 
6 2 902 900 
10 2 0 903 
9 3 0 904 903 
6 2 905 903 
10 2 0 906 
9 3 0 907 906 
6 2 908 906 
10 2 0 909 
9 3 0 910 909 
6 2 911 909 
10 2 0 912 
9 3 0 913 912 
6 2 914 912 
10 2 0 915 
9 3 0 916 915 
6 2 917 915 
10 2 0 918 
9 3 0 919 918 
6 2 920 918 
10 2 0 921 
11 9 898 901 904 907 910 913 916 919 922 
1 0 
1 0 
1 0 
1 0 
1 0 
1 0 
1 0 
1 0 
2 2 0 924 
3 1 932 
4 2 0 931 
3 1 934 
5 3 0 925 933 
6 2 936 933 
7 3 0 930 935 
6 2 938 935 
5 3 0 926 937 
6 2 940 937 
7 3 0 929 939 
6 2 942 939 
5 3 0 927 941 
6 2 944 941 
7 3 0 928 943 
6 2 946 943 
5 3 0 928 945 
6 2 948 945 
7 3 0 927 947 
6 2 950 947 
5 3 0 929 949 
6 2 952 949 
7 3 0 926 951 
6 2 954 951 
5 3 0 930 953 
6 2 956 953 
7 3 0 925 955 
6 2 958 955 
5 3 0 931 957 
6 2 960 957 
7 3 0 924 959 
6 2 962 959 
8 3 961 963 0 
9 2 0 964 
6 2 965 964 
10 2 0 966 
9 3 0 967 966 
6 2 968 966 
10 2 0 969 
9 3 0 970 969 
6 2 971 969 
10 2 0 972 
9 3 0 973 972 
6 2 974 972 
10 2 0 975 
9 3 0 976 975 
6 2 977 975 
10 2 0 978 
9 3 0 979 978 
6 2 980 978 
10 2 0 981 
9 3 0 982 981 
6 2 983 981 
10 2 0 984 
11 7 967 970 973 976 979 982 985 
1 0 
1 0 
1 0 
1 0 
1 0 
1 0 
1 0 
1 0 
1 0 
1 0 
1 0 
2 2 0 987 
3 1 998 
4 2 0 997 
3 1 1000 
5 3 0 988 999 
6 2 1002 999 
7 3 0 996 1001 
6 2 1004 1001 
5 3 0 989 1003 
6 2 1006 1003 
7 3 0 995 1005 
6 2 1008 1005 
5 3 0 990 1007 
6 2 1010 1007 
7 3 0 994 1009 
6 2 1012 1009 
5 3 0 991 1011 
6 2 1014 1011 
7 3 0 993 1013 
6 2 1016 1013 
5 3 0 992 1015 
6 2 1018 1015 
7 3 0 992 1017 
6 2 1020 1017 
5 3 0 993 1019 
6 2 1022 1019 
7 3 0 991 1021 
6 2 1024 1021 
5 3 0 994 1023 
6 2 1026 1023 
7 3 0 990 1025 
6 2 1028 1025 
5 3 0 995 1027 
6 2 1030 1027 
7 3 0 989 1029 
6 2 1032 1029 
5 3 0 996 1031 
6 2 1034 1031 
7 3 0 988 1033 
6 2 1036 1033 
5 3 0 997 1035 
6 2 1038 1035 
7 3 0 987 1037 
6 2 1040 1037 
8 3 1039 1041 0 
9 2 0 1042 
6 2 1043 1042 
10 2 0 1044 
9 3 0 1045 1044 
6 2 1046 1044 
10 2 0 1047 
9 3 0 1048 1047 
6 2 1049 1047 
10 2 0 1050 
9 3 0 1051 1050 
6 2 1052 1050 
10 2 0 1053 
9 3 0 1054 1053 
6 2 1055 1053 
10 2 0 1056 
9 3 0 1057 1056 
6 2 1058 1056 
10 2 0 1059 
9 3 0 1060 1059 
6 2 1061 1059 
10 2 0 1062 
9 3 0 1063 1062 
6 2 1064 1062 
10 2 0 1065 
9 3 0 1066 1065 
6 2 1067 1065 
10 2 0 1068 
9 3 0 1069 1068 
6 2 1070 1068 
10 2 0 1071 
11 10 1045 1048 1051 1054 1057 1060 1063 1066 1069 1072 
1 0 
1 0 
1 0 
1 0 
2 2 0 1074 
3 1 1078 
4 2 0 1077 
3 1 1080 
5 3 0 1075 1079 
6 2 1082 1079 
7 3 0 1076 1081 
6 2 1084 1081 
5 3 0 1076 1083 
6 2 1086 1083 
7 3 0 1075 1085 
6 2 1088 1085 
5 3 0 1077 1087 
6 2 1090 1087 
7 3 0 1074 1089 
6 2 1092 1089 
8 3 1091 1093 0 
9 2 0 1094 
6 2 1095 1094 
10 2 0 1096 
9 3 0 1097 1096 
6 2 1098 1096 
10 2 0 1099 
9 3 0 1100 1099 
6 2 1101 1099 
10 2 0 1102 
11 3 1097 1100 1103 
1 0 
1 0 
1 0 
1 0 
1 0 
1 0 
1 0 
2 2 0 1105 
3 1 1112 
4 2 0 1111 
3 1 1114 
5 3 0 1106 1113 
6 2 1116 1113 
7 3 0 1110 1115 
6 2 1118 1115 
5 3 0 1107 1117 
6 2 1120 1117 
7 3 0 1109 1119 
6 2 1122 1119 
5 3 0 1108 1121 
6 2 1124 1121 
7 3 0 1108 1123 
6 2 1126 1123 
5 3 0 1109 1125 
6 2 1128 1125 
7 3 0 1107 1127 
6 2 1130 1127 
5 3 0 1110 1129 
6 2 1132 1129 
7 3 0 1106 1131 
6 2 1134 1131 
5 3 0 1111 1133 
6 2 1136 1133 
7 3 0 1105 1135 
6 2 1138 1135 
8 3 1137 1139 0 
9 2 0 1140 
6 2 1141 1140 
10 2 0 1142 
9 3 0 1143 1142 
6 2 1144 1142 
10 2 0 1145 
9 3 0 1146 1145 
6 2 1147 1145 
10 2 0 1148 
9 3 0 1149 1148 
6 2 1150 1148 
10 2 0 1151 
9 3 0 1152 1151 
6 2 1153 1151 
10 2 0 1154 
9 3 0 1155 1154 
6 2 1156 1154 
10 2 0 1157 
11 6 1143 1146 1149 1152 1155 1158 
1 0 
1 0 
1 0 
1 0 
1 0 
1 0 
1 0 
1 0 
1 0 
1 0 
2 2 0 1160 
3 1 1170 
4 2 0 1169 
3 1 1172 
5 3 0 1161 1171 
6 2 1174 1171 
7 3 0 1168 1173 
6 2 1176 1173 
5 3 0 1162 1175 
6 2 1178 1175 
7 3 0 1167 1177 
6 2 1180 1177 
5 3 0 1163 1179 
6 2 1182 1179 
7 3 0 1166 1181 
6 2 1184 1181 
5 3 0 1164 1183 
6 2 1186 1183 
7 3 0 1165 1185 
6 2 1188 1185 
5 3 0 1165 1187 
6 2 1190 1187 
7 3 0 1164 1189 
6 2 1192 1189 
5 3 0 1166 1191 
6 2 1194 1191 
7 3 0 1163 1193 
6 2 1196 1193 
5 3 0 1167 1195 
6 2 1198 1195 
7 3 0 1162 1197 
6 2 1200 1197 
5 3 0 1168 1199 
6 2 1202 1199 
7 3 0 1161 1201 
6 2 1204 1201 
5 3 0 1169 1203 
6 2 1206 1203 
7 3 0 1160 1205 
6 2 1208 1205 
8 3 1207 1209 0 
9 2 0 1210 
6 2 1211 1210 
10 2 0 1212 
9 3 0 1213 1212 
6 2 1214 1212 
10 2 0 1215 
9 3 0 1216 1215 
6 2 1217 1215 
10 2 0 1218 
9 3 0 1219 1218 
6 2 1220 1218 
10 2 0 1221 
9 3 0 1222 1221 
6 2 1223 1221 
10 2 0 1224 
9 3 0 1225 1224 
6 2 1226 1224 
10 2 0 1227 
9 3 0 1228 1227 
6 2 1229 1227 
10 2 0 1230 
9 3 0 1231 1230 
6 2 1232 1230 
10 2 0 1233 
9 3 0 1234 1233 
6 2 1235 1233 
10 2 0 1236 
11 9 1213 1216 1219 1222 1225 1228 1231 1234 1237 
1 0 
1 0 
1 0 
1 0 
1 0 
1 0 
1 0 
1 0 
1 0 
1 0 
1 0 
2 2 0 1239 
3 1 1250 
4 2 0 1249 
3 1 1252 
5 3 0 1240 1251 
6 2 1254 1251 
7 3 0 1248 1253 
6 2 1256 1253 
5 3 0 1241 1255 
6 2 1258 1255 
7 3 0 1247 1257 
6 2 1260 1257 
5 3 0 1242 1259 
6 2 1262 1259 
7 3 0 1246 1261 
6 2 1264 1261 
5 3 0 1243 1263 
6 2 1266 1263 
7 3 0 1245 1265 
6 2 1268 1265 
5 3 0 1244 1267 
6 2 1270 1267 
7 3 0 1244 1269 
6 2 1272 1269 
5 3 0 1245 1271 
6 2 1274 1271 
7 3 0 1243 1273 
6 2 1276 1273 
5 3 0 1246 1275 
6 2 1278 1275 
7 3 0 1242 1277 
6 2 1280 1277 
5 3 0 1247 1279 
6 2 1282 1279 
7 3 0 1241 1281 
6 2 1284 1281 
5 3 0 1248 1283 
6 2 1286 1283 
7 3 0 1240 1285 
6 2 1288 1285 
5 3 0 1249 1287 
6 2 1290 1287 
7 3 0 1239 1289 
6 2 1292 1289 
8 3 1291 1293 0 
9 2 0 1294 
6 2 1295 1294 
10 2 0 1296 
9 3 0 1297 1296 
6 2 1298 1296 
10 2 0 1299 
9 3 0 1300 1299 
6 2 1301 1299 
10 2 0 1302 
9 3 0 1303 1302 
6 2 1304 1302 
10 2 0 1305 
9 3 0 1306 1305 
6 2 1307 1305 
10 2 0 1308 
9 3 0 1309 1308 
6 2 1310 1308 
10 2 0 1311 
9 3 0 1312 1311 
6 2 1313 1311 
10 2 0 1314 
9 3 0 1315 1314 
6 2 1316 1314 
10 2 0 1317 
9 3 0 1318 1317 
6 2 1319 1317 
10 2 0 1320 
9 3 0 1321 1320 
6 2 1322 1320 
10 2 0 1323 
11 10 1297 1300 1303 1306 1309 1312 1315 1318 1321 1324 
1 0 
1 0 
1 0 
1 0 
1 0 
1 0 
1 0 
1 0 
1 0 
1 0 
1 0 
1 0 
2 2 0 1326 
3 1 1338 
4 2 0 1337 
3 1 1340 
5 3 0 1327 1339 
6 2 1342 1339 
7 3 0 1336 1341 
6 2 1344 1341 
5 3 0 1328 1343 
6 2 1346 1343 
7 3 0 1335 1345 
6 2 1348 1345 
5 3 0 1329 1347 
6 2 1350 1347 
7 3 0 1334 1349 
6 2 1352 1349 
5 3 0 1330 1351 
6 2 1354 1351 
7 3 0 1333 1353 
6 2 1356 1353 
5 3 0 1331 1355 
6 2 1358 1355 
7 3 0 1332 1357 
6 2 1360 1357 
5 3 0 1332 1359 
6 2 1362 1359 
7 3 0 1331 1361 
6 2 1364 1361 
5 3 0 1333 1363 
6 2 1366 1363 
7 3 0 1330 1365 
6 2 1368 1365 
5 3 0 1334 1367 
6 2 1370 1367 
7 3 0 1329 1369 
6 2 1372 1369 
5 3 0 1335 1371 
6 2 1374 1371 
7 3 0 1328 1373 
6 2 1376 1373 
5 3 0 1336 1375 
6 2 1378 1375 
7 3 0 1327 1377 
6 2 1380 1377 
5 3 0 1337 1379 
6 2 1382 1379 
7 3 0 1326 1381 
6 2 1384 1381 
8 3 1383 1385 0 
9 2 0 1386 
6 2 1387 1386 
10 2 0 1388 
9 3 0 1389 1388 
6 2 1390 1388 
10 2 0 1391 
9 3 0 1392 1391 
6 2 1393 1391 
10 2 0 1394 
9 3 0 1395 1394 
6 2 1396 1394 
10 2 0 1397 
9 3 0 1398 1397 
6 2 1399 1397 
10 2 0 1400 
9 3 0 1401 1400 
6 2 1402 1400 
10 2 0 1403 
9 3 0 1404 1403 
6 2 1405 1403 
10 2 0 1406 
9 3 0 1407 1406 
6 2 1408 1406 
10 2 0 1409 
9 3 0 1410 1409 
6 2 1411 1409 
10 2 0 1412 
9 3 0 1413 1412 
6 2 1414 1412 
10 2 0 1415 
9 3 0 1416 1415 
6 2 1417 1415 
10 2 0 1418 
11 11 1389 1392 1395 1398 1401 1404 1407 1410 1413 1416 1419 
1 0 
1 0 
1 0 
1 0 
1 0 
1 0 
1 0 
1 0 
1 0 
1 0 
1 0 
2 2 0 1421 
3 1 1432 
4 2 0 1431 
3 1 1434 
5 3 0 1422 1433 
6 2 1436 1433 
7 3 0 1430 1435 
6 2 1438 1435 
5 3 0 1423 1437 
6 2 1440 1437 
7 3 0 1429 1439 
6 2 1442 1439 
5 3 0 1424 1441 
6 2 1444 1441 
7 3 0 1428 1443 
6 2 1446 1443 
5 3 0 1425 1445 
6 2 1448 1445 
7 3 0 1427 1447 
6 2 1450 1447 
5 3 0 1426 1449 
6 2 1452 1449 
7 3 0 1426 1451 
6 2 1454 1451 
5 3 0 1427 1453 
6 2 1456 1453 
7 3 0 1425 1455 
6 2 1458 1455 
5 3 0 1428 1457 
6 2 1460 1457 
7 3 0 1424 1459 
6 2 1462 1459 
5 3 0 1429 1461 
6 2 1464 1461 
7 3 0 1423 1463 
6 2 1466 1463 
5 3 0 1430 1465 
6 2 1468 1465 
7 3 0 1422 1467 
6 2 1470 1467 
5 3 0 1431 1469 
6 2 1472 1469 
7 3 0 1421 1471 
6 2 1474 1471 
8 3 1473 1475 0 
9 2 0 1476 
6 2 1477 1476 
10 2 0 1478 
9 3 0 1479 1478 
6 2 1480 1478 
10 2 0 1481 
9 3 0 1482 1481 
6 2 1483 1481 
10 2 0 1484 
9 3 0 1485 1484 
6 2 1486 1484 
10 2 0 1487 
9 3 0 1488 1487 
6 2 1489 1487 
10 2 0 1490 
9 3 0 1491 1490 
6 2 1492 1490 
10 2 0 1493 
9 3 0 1494 1493 
6 2 1495 1493 
10 2 0 1496 
9 3 0 1497 1496 
6 2 1498 1496 
10 2 0 1499 
9 3 0 1500 1499 
6 2 1501 1499 
10 2 0 1502 
9 3 0 1503 1502 
6 2 1504 1502 
10 2 0 1505 
11 10 1479 1482 1485 1488 1491 1494 1497 1500 1503 1506 
1 0 
1 0 
1 0 
1 0 
1 0 
1 0 
1 0 
1 0 
1 0 
1 0 
1 0 
1 0 
1 0 
1 0 
1 0 
1 0 
1 0 
1 0 
1 0 
1 0 
2 2 0 1508 
3 1 1528 
4 2 0 1527 
3 1 1530 
5 3 0 1509 1529 
6 2 1532 1529 
7 3 0 1526 1531 
6 2 1534 1531 
5 3 0 1510 1533 
6 2 1536 1533 
7 3 0 1525 1535 
6 2 1538 1535 
5 3 0 1511 1537 
6 2 1540 1537 
7 3 0 1524 1539 
6 2 1542 1539 
5 3 0 1512 1541 
6 2 1544 1541 
7 3 0 1523 1543 
6 2 1546 1543 
5 3 0 1513 1545 
6 2 1548 1545 
7 3 0 1522 1547 
6 2 1550 1547 
5 3 0 1514 1549 
6 2 1552 1549 
7 3 0 1521 1551 
6 2 1554 1551 
5 3 0 1515 1553 
6 2 1556 1553 
7 3 0 1520 1555 
6 2 1558 1555 
5 3 0 1516 1557 
6 2 1560 1557 
7 3 0 1519 1559 
6 2 1562 1559 
5 3 0 1517 1561 
6 2 1564 1561 
7 3 0 1518 1563 
6 2 1566 1563 
5 3 0 1518 1565 
6 2 1568 1565 
7 3 0 1517 1567 
6 2 1570 1567 
5 3 0 1519 1569 
6 2 1572 1569 
7 3 0 1516 1571 
6 2 1574 1571 
5 3 0 1520 1573 
6 2 1576 1573 
7 3 0 1515 1575 
6 2 1578 1575 
5 3 0 1521 1577 
6 2 1580 1577 
7 3 0 1514 1579 
6 2 1582 1579 
5 3 0 1522 1581 
6 2 1584 1581 
7 3 0 1513 1583 
6 2 1586 1583 
5 3 0 1523 1585 
6 2 1588 1585 
7 3 0 1512 1587 
6 2 1590 1587 
5 3 0 1524 1589 
6 2 1592 1589 
7 3 0 1511 1591 
6 2 1594 1591 
5 3 0 1525 1593 
6 2 1596 1593 
7 3 0 1510 1595 
6 2 1598 1595 
5 3 0 1526 1597 
6 2 1600 1597 
7 3 0 1509 1599 
6 2 1602 1599 
5 3 0 1527 1601 
6 2 1604 1601 
7 3 0 1508 1603 
6 2 1606 1603 
8 3 1605 1607 0 
9 2 0 1608 
6 2 1609 1608 
10 2 0 1610 
9 3 0 1611 1610 
6 2 1612 1610 
10 2 0 1613 
9 3 0 1614 1613 
6 2 1615 1613 
10 2 0 1616 
9 3 0 1617 1616 
6 2 1618 1616 
10 2 0 1619 
9 3 0 1620 1619 
6 2 1621 1619 
10 2 0 1622 
9 3 0 1623 1622 
6 2 1624 1622 
10 2 0 1625 
9 3 0 1626 1625 
6 2 1627 1625 
10 2 0 1628 
9 3 0 1629 1628 
6 2 1630 1628 
10 2 0 1631 
9 3 0 1632 1631 
6 2 1633 1631 
10 2 0 1634 
9 3 0 1635 1634 
6 2 1636 1634 
10 2 0 1637 
9 3 0 1638 1637 
6 2 1639 1637 
10 2 0 1640 
9 3 0 1641 1640 
6 2 1642 1640 
10 2 0 1643 
9 3 0 1644 1643 
6 2 1645 1643 
10 2 0 1646 
9 3 0 1647 1646 
6 2 1648 1646 
10 2 0 1649 
9 3 0 1650 1649 
6 2 1651 1649 
10 2 0 1652 
9 3 0 1653 1652 
6 2 1654 1652 
10 2 0 1655 
9 3 0 1656 1655 
6 2 1657 1655 
10 2 0 1658 
9 3 0 1659 1658 
6 2 1660 1658 
10 2 0 1661 
9 3 0 1662 1661 
6 2 1663 1661 
10 2 0 1664 
11 19 1611 1614 1617 1620 1623 1626 1629 1632 1635 1638 1641 1644 1647 1650 1653 1656 1659 1662 1665 
1 0 
1 0 
1 0 
1 0 
1 0 
1 0 
1 0 
1 0 
1 0 
2 2 0 1667 
3 1 1676 
4 2 0 1675 
3 1 1678 
5 3 0 1668 1677 
6 2 1680 1677 
7 3 0 1674 1679 
6 2 1682 1679 
5 3 0 1669 1681 
6 2 1684 1681 
7 3 0 1673 1683 
6 2 1686 1683 
5 3 0 1670 1685 
6 2 1688 1685 
7 3 0 1672 1687 
6 2 1690 1687 
5 3 0 1671 1689 
6 2 1692 1689 
7 3 0 1671 1691 
6 2 1694 1691 
5 3 0 1672 1693 
6 2 1696 1693 
7 3 0 1670 1695 
6 2 1698 1695 
5 3 0 1673 1697 
6 2 1700 1697 
7 3 0 1669 1699 
6 2 1702 1699 
5 3 0 1674 1701 
6 2 1704 1701 
7 3 0 1668 1703 
6 2 1706 1703 
5 3 0 1675 1705 
6 2 1708 1705 
7 3 0 1667 1707 
6 2 1710 1707 
8 3 1709 1711 0 
9 2 0 1712 
6 2 1713 1712 
10 2 0 1714 
9 3 0 1715 1714 
6 2 1716 1714 
10 2 0 1717 
9 3 0 1718 1717 
6 2 1719 1717 
10 2 0 1720 
9 3 0 1721 1720 
6 2 1722 1720 
10 2 0 1723 
9 3 0 1724 1723 
6 2 1725 1723 
10 2 0 1726 
9 3 0 1727 1726 
6 2 1728 1726 
10 2 0 1729 
9 3 0 1730 1729 
6 2 1731 1729 
10 2 0 1732 
9 3 0 1733 1732 
6 2 1734 1732 
10 2 0 1735 
11 8 1715 1718 1721 1724 1727 1730 1733 1736 
1 0 
1 0 
1 0 
1 0 
1 0 
1 0 
1 0 
1 0 
1 0 
1 0 
1 0 
1 0 
1 0 
1 0 
1 0 
2 2 0 1738 
3 1 1753 
4 2 0 1752 
3 1 1755 
5 3 0 1739 1754 
6 2 1757 1754 
7 3 0 1751 1756 
6 2 1759 1756 
5 3 0 1740 1758 
6 2 1761 1758 
7 3 0 1750 1760 
6 2 1763 1760 
5 3 0 1741 1762 
6 2 1765 1762 
7 3 0 1749 1764 
6 2 1767 1764 
5 3 0 1742 1766 
6 2 1769 1766 
7 3 0 1748 1768 
6 2 1771 1768 
5 3 0 1743 1770 
6 2 1773 1770 
7 3 0 1747 1772 
6 2 1775 1772 
5 3 0 1744 1774 
6 2 1777 1774 
7 3 0 1746 1776 
6 2 1779 1776 
5 3 0 1745 1778 
6 2 1781 1778 
7 3 0 1745 1780 
6 2 1783 1780 
5 3 0 1746 1782 
6 2 1785 1782 
7 3 0 1744 1784 
6 2 1787 1784 
5 3 0 1747 1786 
6 2 1789 1786 
7 3 0 1743 1788 
6 2 1791 1788 
5 3 0 1748 1790 
6 2 1793 1790 
7 3 0 1742 1792 
6 2 1795 1792 
5 3 0 1749 1794 
6 2 1797 1794 
7 3 0 1741 1796 
6 2 1799 1796 
5 3 0 1750 1798 
6 2 1801 1798 
7 3 0 1740 1800 
6 2 1803 1800 
5 3 0 1751 1802 
6 2 1805 1802 
7 3 0 1739 1804 
6 2 1807 1804 
5 3 0 1752 1806 
6 2 1809 1806 
7 3 0 1738 1808 
6 2 1811 1808 
8 3 1810 1812 0 
9 2 0 1813 
6 2 1814 1813 
10 2 0 1815 
9 3 0 1816 1815 
6 2 1817 1815 
10 2 0 1818 
9 3 0 1819 1818 
6 2 1820 1818 
10 2 0 1821 
9 3 0 1822 1821 
6 2 1823 1821 
10 2 0 1824 
9 3 0 1825 1824 
6 2 1826 1824 
10 2 0 1827 
9 3 0 1828 1827 
6 2 1829 1827 
10 2 0 1830 
9 3 0 1831 1830 
6 2 1832 1830 
10 2 0 1833 
9 3 0 1834 1833 
6 2 1835 1833 
10 2 0 1836 
9 3 0 1837 1836 
6 2 1838 1836 
10 2 0 1839 
9 3 0 1840 1839 
6 2 1841 1839 
10 2 0 1842 
9 3 0 1843 1842 
6 2 1844 1842 
10 2 0 1845 
9 3 0 1846 1845 
6 2 1847 1845 
10 2 0 1848 
9 3 0 1849 1848 
6 2 1850 1848 
10 2 0 1851 
9 3 0 1852 1851 
6 2 1853 1851 
10 2 0 1854 
11 14 1816 1819 1822 1825 1828 1831 1834 1837 1840 1843 1846 1849 1852 1855 
1 0 
1 0 
1 0 
1 0 
1 0 
1 0 
1 0 
1 0 
1 0 
1 0 
1 0 
2 2 0 1857 
3 1 1868 
4 2 0 1867 
3 1 1870 
5 3 0 1858 1869 
6 2 1872 1869 
7 3 0 1866 1871 
6 2 1874 1871 
5 3 0 1859 1873 
6 2 1876 1873 
7 3 0 1865 1875 
6 2 1878 1875 
5 3 0 1860 1877 
6 2 1880 1877 
7 3 0 1864 1879 
6 2 1882 1879 
5 3 0 1861 1881 
6 2 1884 1881 
7 3 0 1863 1883 
6 2 1886 1883 
5 3 0 1862 1885 
6 2 1888 1885 
7 3 0 1862 1887 
6 2 1890 1887 
5 3 0 1863 1889 
6 2 1892 1889 
7 3 0 1861 1891 
6 2 1894 1891 
5 3 0 1864 1893 
6 2 1896 1893 
7 3 0 1860 1895 
6 2 1898 1895 
5 3 0 1865 1897 
6 2 1900 1897 
7 3 0 1859 1899 
6 2 1902 1899 
5 3 0 1866 1901 
6 2 1904 1901 
7 3 0 1858 1903 
6 2 1906 1903 
5 3 0 1867 1905 
6 2 1908 1905 
7 3 0 1857 1907 
6 2 1910 1907 
8 3 1909 1911 0 
9 2 0 1912 
6 2 1913 1912 
10 2 0 1914 
9 3 0 1915 1914 
6 2 1916 1914 
10 2 0 1917 
9 3 0 1918 1917 
6 2 1919 1917 
10 2 0 1920 
9 3 0 1921 1920 
6 2 1922 1920 
10 2 0 1923 
9 3 0 1924 1923 
6 2 1925 1923 
10 2 0 1926 
9 3 0 1927 1926 
6 2 1928 1926 
10 2 0 1929 
9 3 0 1930 1929 
6 2 1931 1929 
10 2 0 1932 
9 3 0 1933 1932 
6 2 1934 1932 
10 2 0 1935 
9 3 0 1936 1935 
6 2 1937 1935 
10 2 0 1938 
9 3 0 1939 1938 
6 2 1940 1938 
10 2 0 1941 
11 10 1915 1918 1921 1924 1927 1930 1933 1936 1939 1942 
1 0 
1 0 
1 0 
1 0 
1 0 
1 0 
1 0 
1 0 
1 0 
1 0 
1 0 
1 0 
1 0 
1 0 
2 2 0 1944 
3 1 1958 
4 2 0 1957 
3 1 1960 
5 3 0 1945 1959 
6 2 1962 1959 
7 3 0 1956 1961 
6 2 1964 1961 
5 3 0 1946 1963 
6 2 1966 1963 
7 3 0 1955 1965 
6 2 1968 1965 
5 3 0 1947 1967 
6 2 1970 1967 
7 3 0 1954 1969 
6 2 1972 1969 
5 3 0 1948 1971 
6 2 1974 1971 
7 3 0 1953 1973 
6 2 1976 1973 
5 3 0 1949 1975 
6 2 1978 1975 
7 3 0 1952 1977 
6 2 1980 1977 
5 3 0 1950 1979 
6 2 1982 1979 
7 3 0 1951 1981 
6 2 1984 1981 
5 3 0 1951 1983 
6 2 1986 1983 
7 3 0 1950 1985 
6 2 1988 1985 
5 3 0 1952 1987 
6 2 1990 1987 
7 3 0 1949 1989 
6 2 1992 1989 
5 3 0 1953 1991 
6 2 1994 1991 
7 3 0 1948 1993 
6 2 1996 1993 
5 3 0 1954 1995 
6 2 1998 1995 
7 3 0 1947 1997 
6 2 2000 1997 
5 3 0 1955 1999 
6 2 2002 1999 
7 3 0 1946 2001 
6 2 2004 2001 
5 3 0 1956 2003 
6 2 2006 2003 
7 3 0 1945 2005 
6 2 2008 2005 
5 3 0 1957 2007 
6 2 2010 2007 
7 3 0 1944 2009 
6 2 2012 2009 
8 3 2011 2013 0 
9 2 0 2014 
6 2 2015 2014 
10 2 0 2016 
9 3 0 2017 2016 
6 2 2018 2016 
10 2 0 2019 
9 3 0 2020 2019 
6 2 2021 2019 
10 2 0 2022 
9 3 0 2023 2022 
6 2 2024 2022 
10 2 0 2025 
9 3 0 2026 2025 
6 2 2027 2025 
10 2 0 2028 
9 3 0 2029 2028 
6 2 2030 2028 
10 2 0 2031 
9 3 0 2032 2031 
6 2 2033 2031 
10 2 0 2034 
9 3 0 2035 2034 
6 2 2036 2034 
10 2 0 2037 
9 3 0 2038 2037 
6 2 2039 2037 
10 2 0 2040 
9 3 0 2041 2040 
6 2 2042 2040 
10 2 0 2043 
9 3 0 2044 2043 
6 2 2045 2043 
10 2 0 2046 
9 3 0 2047 2046 
6 2 2048 2046 
10 2 0 2049 
9 3 0 2050 2049 
6 2 2051 2049 
10 2 0 2052 
11 13 2017 2020 2023 2026 2029 2032 2035 2038 2041 2044 2047 2050 2053 
1 0 
1 0 
1 0 
1 0 
1 0 
1 0 
1 0 
1 0 
1 0 
1 0 
1 0 
2 2 0 2055 
3 1 2066 
4 2 0 2065 
3 1 2068 
5 3 0 2056 2067 
6 2 2070 2067 
7 3 0 2064 2069 
6 2 2072 2069 
5 3 0 2057 2071 
6 2 2074 2071 
7 3 0 2063 2073 
6 2 2076 2073 
5 3 0 2058 2075 
6 2 2078 2075 
7 3 0 2062 2077 
6 2 2080 2077 
5 3 0 2059 2079 
6 2 2082 2079 
7 3 0 2061 2081 
6 2 2084 2081 
5 3 0 2060 2083 
6 2 2086 2083 
7 3 0 2060 2085 
6 2 2088 2085 
5 3 0 2061 2087 
6 2 2090 2087 
7 3 0 2059 2089 
6 2 2092 2089 
5 3 0 2062 2091 
6 2 2094 2091 
7 3 0 2058 2093 
6 2 2096 2093 
5 3 0 2063 2095 
6 2 2098 2095 
7 3 0 2057 2097 
6 2 2100 2097 
5 3 0 2064 2099 
6 2 2102 2099 
7 3 0 2056 2101 
6 2 2104 2101 
5 3 0 2065 2103 
6 2 2106 2103 
7 3 0 2055 2105 
6 2 2108 2105 
8 3 2107 2109 0 
9 2 0 2110 
6 2 2111 2110 
10 2 0 2112 
9 3 0 2113 2112 
6 2 2114 2112 
10 2 0 2115 
9 3 0 2116 2115 
6 2 2117 2115 
10 2 0 2118 
9 3 0 2119 2118 
6 2 2120 2118 
10 2 0 2121 
9 3 0 2122 2121 
6 2 2123 2121 
10 2 0 2124 
9 3 0 2125 2124 
6 2 2126 2124 
10 2 0 2127 
9 3 0 2128 2127 
6 2 2129 2127 
10 2 0 2130 
9 3 0 2131 2130 
6 2 2132 2130 
10 2 0 2133 
9 3 0 2134 2133 
6 2 2135 2133 
10 2 0 2136 
9 3 0 2137 2136 
6 2 2138 2136 
10 2 0 2139 
11 10 2113 2116 2119 2122 2125 2128 2131 2134 2137 2140 
1 0 
1 0 
1 0 
1 0 
1 0 
1 0 
1 0 
1 0 
1 0 
1 0 
1 0 
1 0 
1 0 
1 0 
1 0 
1 0 
1 0 
1 0 
2 2 0 2142 
3 1 2160 
4 2 0 2159 
3 1 2162 
5 3 0 2143 2161 
6 2 2164 2161 
7 3 0 2158 2163 
6 2 2166 2163 
5 3 0 2144 2165 
6 2 2168 2165 
7 3 0 2157 2167 
6 2 2170 2167 
5 3 0 2145 2169 
6 2 2172 2169 
7 3 0 2156 2171 
6 2 2174 2171 
5 3 0 2146 2173 
6 2 2176 2173 
7 3 0 2155 2175 
6 2 2178 2175 
5 3 0 2147 2177 
6 2 2180 2177 
7 3 0 2154 2179 
6 2 2182 2179 
5 3 0 2148 2181 
6 2 2184 2181 
7 3 0 2153 2183 
6 2 2186 2183 
5 3 0 2149 2185 
6 2 2188 2185 
7 3 0 2152 2187 
6 2 2190 2187 
5 3 0 2150 2189 
6 2 2192 2189 
7 3 0 2151 2191 
6 2 2194 2191 
5 3 0 2151 2193 
6 2 2196 2193 
7 3 0 2150 2195 
6 2 2198 2195 
5 3 0 2152 2197 
6 2 2200 2197 
7 3 0 2149 2199 
6 2 2202 2199 
5 3 0 2153 2201 
6 2 2204 2201 
7 3 0 2148 2203 
6 2 2206 2203 
5 3 0 2154 2205 
6 2 2208 2205 
7 3 0 2147 2207 
6 2 2210 2207 
5 3 0 2155 2209 
6 2 2212 2209 
7 3 0 2146 2211 
6 2 2214 2211 
5 3 0 2156 2213 
6 2 2216 2213 
7 3 0 2145 2215 
6 2 2218 2215 
5 3 0 2157 2217 
6 2 2220 2217 
7 3 0 2144 2219 
6 2 2222 2219 
5 3 0 2158 2221 
6 2 2224 2221 
7 3 0 2143 2223 
6 2 2226 2223 
5 3 0 2159 2225 
6 2 2228 2225 
7 3 0 2142 2227 
6 2 2230 2227 
8 3 2229 2231 0 
9 2 0 2232 
6 2 2233 2232 
10 2 0 2234 
9 3 0 2235 2234 
6 2 2236 2234 
10 2 0 2237 
9 3 0 2238 2237 
6 2 2239 2237 
10 2 0 2240 
9 3 0 2241 2240 
6 2 2242 2240 
10 2 0 2243 
9 3 0 2244 2243 
6 2 2245 2243 
10 2 0 2246 
9 3 0 2247 2246 
6 2 2248 2246 
10 2 0 2249 
9 3 0 2250 2249 
6 2 2251 2249 
10 2 0 2252 
9 3 0 2253 2252 
6 2 2254 2252 
10 2 0 2255 
9 3 0 2256 2255 
6 2 2257 2255 
10 2 0 2258 
9 3 0 2259 2258 
6 2 2260 2258 
10 2 0 2261 
9 3 0 2262 2261 
6 2 2263 2261 
10 2 0 2264 
9 3 0 2265 2264 
6 2 2266 2264 
10 2 0 2267 
9 3 0 2268 2267 
6 2 2269 2267 
10 2 0 2270 
9 3 0 2271 2270 
6 2 2272 2270 
10 2 0 2273 
9 3 0 2274 2273 
6 2 2275 2273 
10 2 0 2276 
9 3 0 2277 2276 
6 2 2278 2276 
10 2 0 2279 
9 3 0 2280 2279 
6 2 2281 2279 
10 2 0 2282 
11 17 2235 2238 2241 2244 2247 2250 2253 2256 2259 2262 2265 2268 2271 2274 2277 2280 2283 
1 0 
1 0 
1 0 
1 0 
1 0 
1 0 
1 0 
1 0 
1 0 
1 0 
2 2 0 2285 
3 1 2295 
4 2 0 2294 
3 1 2297 
5 3 0 2286 2296 
6 2 2299 2296 
7 3 0 2293 2298 
6 2 2301 2298 
5 3 0 2287 2300 
6 2 2303 2300 
7 3 0 2292 2302 
6 2 2305 2302 
5 3 0 2288 2304 
6 2 2307 2304 
7 3 0 2291 2306 
6 2 2309 2306 
5 3 0 2289 2308 
6 2 2311 2308 
7 3 0 2290 2310 
6 2 2313 2310 
5 3 0 2290 2312 
6 2 2315 2312 
7 3 0 2289 2314 
6 2 2317 2314 
5 3 0 2291 2316 
6 2 2319 2316 
7 3 0 2288 2318 
6 2 2321 2318 
5 3 0 2292 2320 
6 2 2323 2320 
7 3 0 2287 2322 
6 2 2325 2322 
5 3 0 2293 2324 
6 2 2327 2324 
7 3 0 2286 2326 
6 2 2329 2326 
5 3 0 2294 2328 
6 2 2331 2328 
7 3 0 2285 2330 
6 2 2333 2330 
8 3 2332 2334 0 
9 2 0 2335 
6 2 2336 2335 
10 2 0 2337 
9 3 0 2338 2337 
6 2 2339 2337 
10 2 0 2340 
9 3 0 2341 2340 
6 2 2342 2340 
10 2 0 2343 
9 3 0 2344 2343 
6 2 2345 2343 
10 2 0 2346 
9 3 0 2347 2346 
6 2 2348 2346 
10 2 0 2349 
9 3 0 2350 2349 
6 2 2351 2349 
10 2 0 2352 
9 3 0 2353 2352 
6 2 2354 2352 
10 2 0 2355 
9 3 0 2356 2355 
6 2 2357 2355 
10 2 0 2358 
9 3 0 2359 2358 
6 2 2360 2358 
10 2 0 2361 
11 9 2338 2341 2344 2347 2350 2353 2356 2359 2362 
1 0 
1 0 
1 0 
1 0 
1 0 
1 0 
1 0 
2 2 0 2364 
3 1 2371 
4 2 0 2370 
3 1 2373 
5 3 0 2365 2372 
6 2 2375 2372 
7 3 0 2369 2374 
6 2 2377 2374 
5 3 0 2366 2376 
6 2 2379 2376 
7 3 0 2368 2378 
6 2 2381 2378 
5 3 0 2367 2380 
6 2 2383 2380 
7 3 0 2367 2382 
6 2 2385 2382 
5 3 0 2368 2384 
6 2 2387 2384 
7 3 0 2366 2386 
6 2 2389 2386 
5 3 0 2369 2388 
6 2 2391 2388 
7 3 0 2365 2390 
6 2 2393 2390 
5 3 0 2370 2392 
6 2 2395 2392 
7 3 0 2364 2394 
6 2 2397 2394 
8 3 2396 2398 0 
9 2 0 2399 
6 2 2400 2399 
10 2 0 2401 
9 3 0 2402 2401 
6 2 2403 2401 
10 2 0 2404 
9 3 0 2405 2404 
6 2 2406 2404 
10 2 0 2407 
9 3 0 2408 2407 
6 2 2409 2407 
10 2 0 2410 
9 3 0 2411 2410 
6 2 2412 2410 
10 2 0 2413 
9 3 0 2414 2413 
6 2 2415 2413 
10 2 0 2416 
11 6 2402 2405 2408 2411 2414 2417 
1 0 
1 0 
1 0 
1 0 
1 0 
1 0 
1 0 
1 0 
1 0 
1 0 
1 0 
1 0 
1 0 
1 0 
1 0 
1 0 
1 0 
2 2 0 2419 
3 1 2436 
4 2 0 2435 
3 1 2438 
5 3 0 2420 2437 
6 2 2440 2437 
7 3 0 2434 2439 
6 2 2442 2439 
5 3 0 2421 2441 
6 2 2444 2441 
7 3 0 2433 2443 
6 2 2446 2443 
5 3 0 2422 2445 
6 2 2448 2445 
7 3 0 2432 2447 
6 2 2450 2447 
5 3 0 2423 2449 
6 2 2452 2449 
7 3 0 2431 2451 
6 2 2454 2451 
5 3 0 2424 2453 
6 2 2456 2453 
7 3 0 2430 2455 
6 2 2458 2455 
5 3 0 2425 2457 
6 2 2460 2457 
7 3 0 2429 2459 
6 2 2462 2459 
5 3 0 2426 2461 
6 2 2464 2461 
7 3 0 2428 2463 
6 2 2466 2463 
5 3 0 2427 2465 
6 2 2468 2465 
7 3 0 2427 2467 
6 2 2470 2467 
5 3 0 2428 2469 
6 2 2472 2469 
7 3 0 2426 2471 
6 2 2474 2471 
5 3 0 2429 2473 
6 2 2476 2473 
7 3 0 2425 2475 
6 2 2478 2475 
5 3 0 2430 2477 
6 2 2480 2477 
7 3 0 2424 2479 
6 2 2482 2479 
5 3 0 2431 2481 
6 2 2484 2481 
7 3 0 2423 2483 
6 2 2486 2483 
5 3 0 2432 2485 
6 2 2488 2485 
7 3 0 2422 2487 
6 2 2490 2487 
5 3 0 2433 2489 
6 2 2492 2489 
7 3 0 2421 2491 
6 2 2494 2491 
5 3 0 2434 2493 
6 2 2496 2493 
7 3 0 2420 2495 
6 2 2498 2495 
5 3 0 2435 2497 
6 2 2500 2497 
7 3 0 2419 2499 
6 2 2502 2499 
8 3 2501 2503 0 
9 2 0 2504 
6 2 2505 2504 
10 2 0 2506 
9 3 0 2507 2506 
6 2 2508 2506 
10 2 0 2509 
9 3 0 2510 2509 
6 2 2511 2509 
10 2 0 2512 
9 3 0 2513 2512 
6 2 2514 2512 
10 2 0 2515 
9 3 0 2516 2515 
6 2 2517 2515 
10 2 0 2518 
9 3 0 2519 2518 
6 2 2520 2518 
10 2 0 2521 
9 3 0 2522 2521 
6 2 2523 2521 
10 2 0 2524 
9 3 0 2525 2524 
6 2 2526 2524 
10 2 0 2527 
9 3 0 2528 2527 
6 2 2529 2527 
10 2 0 2530 
9 3 0 2531 2530 
6 2 2532 2530 
10 2 0 2533 
9 3 0 2534 2533 
6 2 2535 2533 
10 2 0 2536 
9 3 0 2537 2536 
6 2 2538 2536 
10 2 0 2539 
9 3 0 2540 2539 
6 2 2541 2539 
10 2 0 2542 
9 3 0 2543 2542 
6 2 2544 2542 
10 2 0 2545 
9 3 0 2546 2545 
6 2 2547 2545 
10 2 0 2548 
9 3 0 2549 2548 
6 2 2550 2548 
10 2 0 2551 
11 16 2507 2510 2513 2516 2519 2522 2525 2528 2531 2534 2537 2540 2543 2546 2549 2552 
1 0 
1 0 
1 0 
1 0 
1 0 
1 0 
1 0 
1 0 
1 0 
1 0 
1 0 
1 0 
1 0 
1 0 
2 2 0 2554 
3 1 2568 
4 2 0 2567 
3 1 2570 
5 3 0 2555 2569 
6 2 2572 2569 
7 3 0 2566 2571 
6 2 2574 2571 
5 3 0 2556 2573 
6 2 2576 2573 
7 3 0 2565 2575 
6 2 2578 2575 
5 3 0 2557 2577 
6 2 2580 2577 
7 3 0 2564 2579 
6 2 2582 2579 
5 3 0 2558 2581 
6 2 2584 2581 
7 3 0 2563 2583 
6 2 2586 2583 
5 3 0 2559 2585 
6 2 2588 2585 
7 3 0 2562 2587 
6 2 2590 2587 
5 3 0 2560 2589 
6 2 2592 2589 
7 3 0 2561 2591 
6 2 2594 2591 
5 3 0 2561 2593 
6 2 2596 2593 
7 3 0 2560 2595 
6 2 2598 2595 
5 3 0 2562 2597 
6 2 2600 2597 
7 3 0 2559 2599 
6 2 2602 2599 
5 3 0 2563 2601 
6 2 2604 2601 
7 3 0 2558 2603 
6 2 2606 2603 
5 3 0 2564 2605 
6 2 2608 2605 
7 3 0 2557 2607 
6 2 2610 2607 
5 3 0 2565 2609 
6 2 2612 2609 
7 3 0 2556 2611 
6 2 2614 2611 
5 3 0 2566 2613 
6 2 2616 2613 
7 3 0 2555 2615 
6 2 2618 2615 
5 3 0 2567 2617 
6 2 2620 2617 
7 3 0 2554 2619 
6 2 2622 2619 
8 3 2621 2623 0 
9 2 0 2624 
6 2 2625 2624 
10 2 0 2626 
9 3 0 2627 2626 
6 2 2628 2626 
10 2 0 2629 
9 3 0 2630 2629 
6 2 2631 2629 
10 2 0 2632 
9 3 0 2633 2632 
6 2 2634 2632 
10 2 0 2635 
9 3 0 2636 2635 
6 2 2637 2635 
10 2 0 2638 
9 3 0 2639 2638 
6 2 2640 2638 
10 2 0 2641 
9 3 0 2642 2641 
6 2 2643 2641 
10 2 0 2644 
9 3 0 2645 2644 
6 2 2646 2644 
10 2 0 2647 
9 3 0 2648 2647 
6 2 2649 2647 
10 2 0 2650 
9 3 0 2651 2650 
6 2 2652 2650 
10 2 0 2653 
9 3 0 2654 2653 
6 2 2655 2653 
10 2 0 2656 
9 3 0 2657 2656 
6 2 2658 2656 
10 2 0 2659 
9 3 0 2660 2659 
6 2 2661 2659 
10 2 0 2662 
11 13 2627 2630 2633 2636 2639 2642 2645 2648 2651 2654 2657 2660 2663 
1 0 
1 0 
1 0 
1 0 
1 0 
1 0 
1 0 
1 0 
1 0 
1 0 
1 0 
2 2 0 2665 
3 1 2676 
4 2 0 2675 
3 1 2678 
5 3 0 2666 2677 
6 2 2680 2677 
7 3 0 2674 2679 
6 2 2682 2679 
5 3 0 2667 2681 
6 2 2684 2681 
7 3 0 2673 2683 
6 2 2686 2683 
5 3 0 2668 2685 
6 2 2688 2685 
7 3 0 2672 2687 
6 2 2690 2687 
5 3 0 2669 2689 
6 2 2692 2689 
7 3 0 2671 2691 
6 2 2694 2691 
5 3 0 2670 2693 
6 2 2696 2693 
7 3 0 2670 2695 
6 2 2698 2695 
5 3 0 2671 2697 
6 2 2700 2697 
7 3 0 2669 2699 
6 2 2702 2699 
5 3 0 2672 2701 
6 2 2704 2701 
7 3 0 2668 2703 
6 2 2706 2703 
5 3 0 2673 2705 
6 2 2708 2705 
7 3 0 2667 2707 
6 2 2710 2707 
5 3 0 2674 2709 
6 2 2712 2709 
7 3 0 2666 2711 
6 2 2714 2711 
5 3 0 2675 2713 
6 2 2716 2713 
7 3 0 2665 2715 
6 2 2718 2715 
8 3 2717 2719 0 
9 2 0 2720 
6 2 2721 2720 
10 2 0 2722 
9 3 0 2723 2722 
6 2 2724 2722 
10 2 0 2725 
9 3 0 2726 2725 
6 2 2727 2725 
10 2 0 2728 
9 3 0 2729 2728 
6 2 2730 2728 
10 2 0 2731 
9 3 0 2732 2731 
6 2 2733 2731 
10 2 0 2734 
9 3 0 2735 2734 
6 2 2736 2734 
10 2 0 2737 
9 3 0 2738 2737 
6 2 2739 2737 
10 2 0 2740 
9 3 0 2741 2740 
6 2 2742 2740 
10 2 0 2743 
9 3 0 2744 2743 
6 2 2745 2743 
10 2 0 2746 
9 3 0 2747 2746 
6 2 2748 2746 
10 2 0 2749 
11 10 2723 2726 2729 2732 2735 2738 2741 2744 2747 2750 
1 0 
1 0 
1 0 
1 0 
1 0 
1 0 
1 0 
1 0 
1 0 
2 2 0 2752 
3 1 2761 
4 2 0 2760 
3 1 2763 
5 3 0 2753 2762 
6 2 2765 2762 
7 3 0 2759 2764 
6 2 2767 2764 
5 3 0 2754 2766 
6 2 2769 2766 
7 3 0 2758 2768 
6 2 2771 2768 
5 3 0 2755 2770 
6 2 2773 2770 
7 3 0 2757 2772 
6 2 2775 2772 
5 3 0 2756 2774 
6 2 2777 2774 
7 3 0 2756 2776 
6 2 2779 2776 
5 3 0 2757 2778 
6 2 2781 2778 
7 3 0 2755 2780 
6 2 2783 2780 
5 3 0 2758 2782 
6 2 2785 2782 
7 3 0 2754 2784 
6 2 2787 2784 
5 3 0 2759 2786 
6 2 2789 2786 
7 3 0 2753 2788 
6 2 2791 2788 
5 3 0 2760 2790 
6 2 2793 2790 
7 3 0 2752 2792 
6 2 2795 2792 
8 3 2794 2796 0 
9 2 0 2797 
6 2 2798 2797 
10 2 0 2799 
9 3 0 2800 2799 
6 2 2801 2799 
10 2 0 2802 
9 3 0 2803 2802 
6 2 2804 2802 
10 2 0 2805 
9 3 0 2806 2805 
6 2 2807 2805 
10 2 0 2808 
9 3 0 2809 2808 
6 2 2810 2808 
10 2 0 2811 
9 3 0 2812 2811 
6 2 2813 2811 
10 2 0 2814 
9 3 0 2815 2814 
6 2 2816 2814 
10 2 0 2817 
9 3 0 2818 2817 
6 2 2819 2817 
10 2 0 2820 
11 8 2800 2803 2806 2809 2812 2815 2818 2821 
1 0 
1 0 
1 0 
1 0 
1 0 
1 0 
1 0 
1 0 
1 0 
1 0 
1 0 
1 0 
1 0 
1 0 
1 0 
1 0 
1 0 
1 0 
1 0 
1 0 
1 0 
1 0 
1 0 
2 2 0 2823 
3 1 2846 
4 2 0 2845 
3 1 2848 
5 3 0 2824 2847 
6 2 2850 2847 
7 3 0 2844 2849 
6 2 2852 2849 
5 3 0 2825 2851 
6 2 2854 2851 
7 3 0 2843 2853 
6 2 2856 2853 
5 3 0 2826 2855 
6 2 2858 2855 
7 3 0 2842 2857 
6 2 2860 2857 
5 3 0 2827 2859 
6 2 2862 2859 
7 3 0 2841 2861 
6 2 2864 2861 
5 3 0 2828 2863 
6 2 2866 2863 
7 3 0 2840 2865 
6 2 2868 2865 
5 3 0 2829 2867 
6 2 2870 2867 
7 3 0 2839 2869 
6 2 2872 2869 
5 3 0 2830 2871 
6 2 2874 2871 
7 3 0 2838 2873 
6 2 2876 2873 
5 3 0 2831 2875 
6 2 2878 2875 
7 3 0 2837 2877 
6 2 2880 2877 
5 3 0 2832 2879 
6 2 2882 2879 
7 3 0 2836 2881 
6 2 2884 2881 
5 3 0 2833 2883 
6 2 2886 2883 
7 3 0 2835 2885 
6 2 2888 2885 
5 3 0 2834 2887 
6 2 2890 2887 
7 3 0 2834 2889 
6 2 2892 2889 
5 3 0 2835 2891 
6 2 2894 2891 
7 3 0 2833 2893 
6 2 2896 2893 
5 3 0 2836 2895 
6 2 2898 2895 
7 3 0 2832 2897 
6 2 2900 2897 
5 3 0 2837 2899 
6 2 2902 2899 
7 3 0 2831 2901 
6 2 2904 2901 
5 3 0 2838 2903 
6 2 2906 2903 
7 3 0 2830 2905 
6 2 2908 2905 
5 3 0 2839 2907 
6 2 2910 2907 
7 3 0 2829 2909 
6 2 2912 2909 
5 3 0 2840 2911 
6 2 2914 2911 
7 3 0 2828 2913 
6 2 2916 2913 
5 3 0 2841 2915 
6 2 2918 2915 
7 3 0 2827 2917 
6 2 2920 2917 
5 3 0 2842 2919 
6 2 2922 2919 
7 3 0 2826 2921 
6 2 2924 2921 
5 3 0 2843 2923 
6 2 2926 2923 
7 3 0 2825 2925 
6 2 2928 2925 
5 3 0 2844 2927 
6 2 2930 2927 
7 3 0 2824 2929 
6 2 2932 2929 
5 3 0 2845 2931 
6 2 2934 2931 
7 3 0 2823 2933 
6 2 2936 2933 
8 3 2935 2937 0 
9 2 0 2938 
6 2 2939 2938 
10 2 0 2940 
9 3 0 2941 2940 
6 2 2942 2940 
10 2 0 2943 
9 3 0 2944 2943 
6 2 2945 2943 
10 2 0 2946 
9 3 0 2947 2946 
6 2 2948 2946 
10 2 0 2949 
9 3 0 2950 2949 
6 2 2951 2949 
10 2 0 2952 
9 3 0 2953 2952 
6 2 2954 2952 
10 2 0 2955 
9 3 0 2956 2955 
6 2 2957 2955 
10 2 0 2958 
9 3 0 2959 2958 
6 2 2960 2958 
10 2 0 2961 
9 3 0 2962 2961 
6 2 2963 2961 
10 2 0 2964 
9 3 0 2965 2964 
6 2 2966 2964 
10 2 0 2967 
9 3 0 2968 2967 
6 2 2969 2967 
10 2 0 2970 
9 3 0 2971 2970 
6 2 2972 2970 
10 2 0 2973 
9 3 0 2974 2973 
6 2 2975 2973 
10 2 0 2976 
9 3 0 2977 2976 
6 2 2978 2976 
10 2 0 2979 
9 3 0 2980 2979 
6 2 2981 2979 
10 2 0 2982 
9 3 0 2983 2982 
6 2 2984 2982 
10 2 0 2985 
9 3 0 2986 2985 
6 2 2987 2985 
10 2 0 2988 
9 3 0 2989 2988 
6 2 2990 2988 
10 2 0 2991 
9 3 0 2992 2991 
6 2 2993 2991 
10 2 0 2994 
9 3 0 2995 2994 
6 2 2996 2994 
10 2 0 2997 
9 3 0 2998 2997 
6 2 2999 2997 
10 2 0 3000 
9 3 0 3001 3000 
6 2 3002 3000 
10 2 0 3003 
11 22 2941 2944 2947 2950 2953 2956 2959 2962 2965 2968 2971 2974 2977 2980 2983 2986 2989 2992 2995 2998 3001 3004 
1 0 
1 0 
1 0 
1 0 
1 0 
1 0 
2 2 0 3006 
3 1 3012 
4 2 0 3011 
3 1 3014 
5 3 0 3007 3013 
6 2 3016 3013 
7 3 0 3010 3015 
6 2 3018 3015 
5 3 0 3008 3017 
6 2 3020 3017 
7 3 0 3009 3019 
6 2 3022 3019 
5 3 0 3009 3021 
6 2 3024 3021 
7 3 0 3008 3023 
6 2 3026 3023 
5 3 0 3010 3025 
6 2 3028 3025 
7 3 0 3007 3027 
6 2 3030 3027 
5 3 0 3011 3029 
6 2 3032 3029 
7 3 0 3006 3031 
6 2 3034 3031 
8 3 3033 3035 0 
9 2 0 3036 
6 2 3037 3036 
10 2 0 3038 
9 3 0 3039 3038 
6 2 3040 3038 
10 2 0 3041 
9 3 0 3042 3041 
6 2 3043 3041 
10 2 0 3044 
9 3 0 3045 3044 
6 2 3046 3044 
10 2 0 3047 
9 3 0 3048 3047 
6 2 3049 3047 
10 2 0 3050 
11 5 3039 3042 3045 3048 3051 
1 0 
1 0 
1 0 
1 0 
1 0 
1 0 
1 0 
1 0 
1 0 
1 0 
1 0 
2 2 0 3053 
3 1 3064 
4 2 0 3063 
3 1 3066 
5 3 0 3054 3065 
6 2 3068 3065 
7 3 0 3062 3067 
6 2 3070 3067 
5 3 0 3055 3069 
6 2 3072 3069 
7 3 0 3061 3071 
6 2 3074 3071 
5 3 0 3056 3073 
6 2 3076 3073 
7 3 0 3060 3075 
6 2 3078 3075 
5 3 0 3057 3077 
6 2 3080 3077 
7 3 0 3059 3079 
6 2 3082 3079 
5 3 0 3058 3081 
6 2 3084 3081 
7 3 0 3058 3083 
6 2 3086 3083 
5 3 0 3059 3085 
6 2 3088 3085 
7 3 0 3057 3087 
6 2 3090 3087 
5 3 0 3060 3089 
6 2 3092 3089 
7 3 0 3056 3091 
6 2 3094 3091 
5 3 0 3061 3093 
6 2 3096 3093 
7 3 0 3055 3095 
6 2 3098 3095 
5 3 0 3062 3097 
6 2 3100 3097 
7 3 0 3054 3099 
6 2 3102 3099 
5 3 0 3063 3101 
6 2 3104 3101 
7 3 0 3053 3103 
6 2 3106 3103 
8 3 3105 3107 0 
9 2 0 3108 
6 2 3109 3108 
10 2 0 3110 
9 3 0 3111 3110 
6 2 3112 3110 
10 2 0 3113 
9 3 0 3114 3113 
6 2 3115 3113 
10 2 0 3116 
9 3 0 3117 3116 
6 2 3118 3116 
10 2 0 3119 
9 3 0 3120 3119 
6 2 3121 3119 
10 2 0 3122 
9 3 0 3123 3122 
6 2 3124 3122 
10 2 0 3125 
9 3 0 3126 3125 
6 2 3127 3125 
10 2 0 3128 
9 3 0 3129 3128 
6 2 3130 3128 
10 2 0 3131 
9 3 0 3132 3131 
6 2 3133 3131 
10 2 0 3134 
9 3 0 3135 3134 
6 2 3136 3134 
10 2 0 3137 
11 10 3111 3114 3117 3120 3123 3126 3129 3132 3135 3138 
1 0 
1 0 
1 0 
1 0 
1 0 
1 0 
1 0 
2 2 0 3140 
3 1 3147 
4 2 0 3146 
3 1 3149 
5 3 0 3141 3148 
6 2 3151 3148 
7 3 0 3145 3150 
6 2 3153 3150 
5 3 0 3142 3152 
6 2 3155 3152 
7 3 0 3144 3154 
6 2 3157 3154 
5 3 0 3143 3156 
6 2 3159 3156 
7 3 0 3143 3158 
6 2 3161 3158 
5 3 0 3144 3160 
6 2 3163 3160 
7 3 0 3142 3162 
6 2 3165 3162 
5 3 0 3145 3164 
6 2 3167 3164 
7 3 0 3141 3166 
6 2 3169 3166 
5 3 0 3146 3168 
6 2 3171 3168 
7 3 0 3140 3170 
6 2 3173 3170 
8 3 3172 3174 0 
9 2 0 3175 
6 2 3176 3175 
10 2 0 3177 
9 3 0 3178 3177 
6 2 3179 3177 
10 2 0 3180 
9 3 0 3181 3180 
6 2 3182 3180 
10 2 0 3183 
9 3 0 3184 3183 
6 2 3185 3183 
10 2 0 3186 
9 3 0 3187 3186 
6 2 3188 3186 
10 2 0 3189 
9 3 0 3190 3189 
6 2 3191 3189 
10 2 0 3192 
11 6 3178 3181 3184 3187 3190 3193 
1 0 
1 0 
1 0 
1 0 
1 0 
1 0 
1 0 
1 0 
1 0 
1 0 
1 0 
1 0 
1 0 
1 0 
2 2 0 3195 
3 1 3209 
4 2 0 3208 
3 1 3211 
5 3 0 3196 3210 
6 2 3213 3210 
7 3 0 3207 3212 
6 2 3215 3212 
5 3 0 3197 3214 
6 2 3217 3214 
7 3 0 3206 3216 
6 2 3219 3216 
5 3 0 3198 3218 
6 2 3221 3218 
7 3 0 3205 3220 
6 2 3223 3220 
5 3 0 3199 3222 
6 2 3225 3222 
7 3 0 3204 3224 
6 2 3227 3224 
5 3 0 3200 3226 
6 2 3229 3226 
7 3 0 3203 3228 
6 2 3231 3228 
5 3 0 3201 3230 
6 2 3233 3230 
7 3 0 3202 3232 
6 2 3235 3232 
5 3 0 3202 3234 
6 2 3237 3234 
7 3 0 3201 3236 
6 2 3239 3236 
5 3 0 3203 3238 
6 2 3241 3238 
7 3 0 3200 3240 
6 2 3243 3240 
5 3 0 3204 3242 
6 2 3245 3242 
7 3 0 3199 3244 
6 2 3247 3244 
5 3 0 3205 3246 
6 2 3249 3246 
7 3 0 3198 3248 
6 2 3251 3248 
5 3 0 3206 3250 
6 2 3253 3250 
7 3 0 3197 3252 
6 2 3255 3252 
5 3 0 3207 3254 
6 2 3257 3254 
7 3 0 3196 3256 
6 2 3259 3256 
5 3 0 3208 3258 
6 2 3261 3258 
7 3 0 3195 3260 
6 2 3263 3260 
8 3 3262 3264 0 
9 2 0 3265 
6 2 3266 3265 
10 2 0 3267 
9 3 0 3268 3267 
6 2 3269 3267 
10 2 0 3270 
9 3 0 3271 3270 
6 2 3272 3270 
10 2 0 3273 
9 3 0 3274 3273 
6 2 3275 3273 
10 2 0 3276 
9 3 0 3277 3276 
6 2 3278 3276 
10 2 0 3279 
9 3 0 3280 3279 
6 2 3281 3279 
10 2 0 3282 
9 3 0 3283 3282 
6 2 3284 3282 
10 2 0 3285 
9 3 0 3286 3285 
6 2 3287 3285 
10 2 0 3288 
9 3 0 3289 3288 
6 2 3290 3288 
10 2 0 3291 
9 3 0 3292 3291 
6 2 3293 3291 
10 2 0 3294 
9 3 0 3295 3294 
6 2 3296 3294 
10 2 0 3297 
9 3 0 3298 3297 
6 2 3299 3297 
10 2 0 3300 
9 3 0 3301 3300 
6 2 3302 3300 
10 2 0 3303 
11 13 3268 3271 3274 3277 3280 3283 3286 3289 3292 3295 3298 3301 3304 
1 0 
1 0 
1 0 
1 0 
1 0 
1 0 
1 0 
1 0 
1 0 
1 0 
1 0 
1 0 
2 2 0 3306 
3 1 3318 
4 2 0 3317 
3 1 3320 
5 3 0 3307 3319 
6 2 3322 3319 
7 3 0 3316 3321 
6 2 3324 3321 
5 3 0 3308 3323 
6 2 3326 3323 
7 3 0 3315 3325 
6 2 3328 3325 
5 3 0 3309 3327 
6 2 3330 3327 
7 3 0 3314 3329 
6 2 3332 3329 
5 3 0 3310 3331 
6 2 3334 3331 
7 3 0 3313 3333 
6 2 3336 3333 
5 3 0 3311 3335 
6 2 3338 3335 
7 3 0 3312 3337 
6 2 3340 3337 
5 3 0 3312 3339 
6 2 3342 3339 
7 3 0 3311 3341 
6 2 3344 3341 
5 3 0 3313 3343 
6 2 3346 3343 
7 3 0 3310 3345 
6 2 3348 3345 
5 3 0 3314 3347 
6 2 3350 3347 
7 3 0 3309 3349 
6 2 3352 3349 
5 3 0 3315 3351 
6 2 3354 3351 
7 3 0 3308 3353 
6 2 3356 3353 
5 3 0 3316 3355 
6 2 3358 3355 
7 3 0 3307 3357 
6 2 3360 3357 
5 3 0 3317 3359 
6 2 3362 3359 
7 3 0 3306 3361 
6 2 3364 3361 
8 3 3363 3365 0 
9 2 0 3366 
6 2 3367 3366 
10 2 0 3368 
9 3 0 3369 3368 
6 2 3370 3368 
10 2 0 3371 
9 3 0 3372 3371 
6 2 3373 3371 
10 2 0 3374 
9 3 0 3375 3374 
6 2 3376 3374 
10 2 0 3377 
9 3 0 3378 3377 
6 2 3379 3377 
10 2 0 3380 
9 3 0 3381 3380 
6 2 3382 3380 
10 2 0 3383 
9 3 0 3384 3383 
6 2 3385 3383 
10 2 0 3386 
9 3 0 3387 3386 
6 2 3388 3386 
10 2 0 3389 
9 3 0 3390 3389 
6 2 3391 3389 
10 2 0 3392 
9 3 0 3393 3392 
6 2 3394 3392 
10 2 0 3395 
9 3 0 3396 3395 
6 2 3397 3395 
10 2 0 3398 
11 11 3369 3372 3375 3378 3381 3384 3387 3390 3393 3396 3399 
1 0 
1 0 
1 0 
1 0 
1 0 
1 0 
1 0 
1 0 
1 0 
1 0 
1 0 
1 0 
1 0 
1 0 
1 0 
2 2 0 3401 
3 1 3416 
4 2 0 3415 
3 1 3418 
5 3 0 3402 3417 
6 2 3420 3417 
7 3 0 3414 3419 
6 2 3422 3419 
5 3 0 3403 3421 
6 2 3424 3421 
7 3 0 3413 3423 
6 2 3426 3423 
5 3 0 3404 3425 
6 2 3428 3425 
7 3 0 3412 3427 
6 2 3430 3427 
5 3 0 3405 3429 
6 2 3432 3429 
7 3 0 3411 3431 
6 2 3434 3431 
5 3 0 3406 3433 
6 2 3436 3433 
7 3 0 3410 3435 
6 2 3438 3435 
5 3 0 3407 3437 
6 2 3440 3437 
7 3 0 3409 3439 
6 2 3442 3439 
5 3 0 3408 3441 
6 2 3444 3441 
7 3 0 3408 3443 
6 2 3446 3443 
5 3 0 3409 3445 
6 2 3448 3445 
7 3 0 3407 3447 
6 2 3450 3447 
5 3 0 3410 3449 
6 2 3452 3449 
7 3 0 3406 3451 
6 2 3454 3451 
5 3 0 3411 3453 
6 2 3456 3453 
7 3 0 3405 3455 
6 2 3458 3455 
5 3 0 3412 3457 
6 2 3460 3457 
7 3 0 3404 3459 
6 2 3462 3459 
5 3 0 3413 3461 
6 2 3464 3461 
7 3 0 3403 3463 
6 2 3466 3463 
5 3 0 3414 3465 
6 2 3468 3465 
7 3 0 3402 3467 
6 2 3470 3467 
5 3 0 3415 3469 
6 2 3472 3469 
7 3 0 3401 3471 
6 2 3474 3471 
8 3 3473 3475 0 
9 2 0 3476 
6 2 3477 3476 
10 2 0 3478 
9 3 0 3479 3478 
6 2 3480 3478 
10 2 0 3481 
9 3 0 3482 3481 
6 2 3483 3481 
10 2 0 3484 
9 3 0 3485 3484 
6 2 3486 3484 
10 2 0 3487 
9 3 0 3488 3487 
6 2 3489 3487 
10 2 0 3490 
9 3 0 3491 3490 
6 2 3492 3490 
10 2 0 3493 
9 3 0 3494 3493 
6 2 3495 3493 
10 2 0 3496 
9 3 0 3497 3496 
6 2 3498 3496 
10 2 0 3499 
9 3 0 3500 3499 
6 2 3501 3499 
10 2 0 3502 
9 3 0 3503 3502 
6 2 3504 3502 
10 2 0 3505 
9 3 0 3506 3505 
6 2 3507 3505 
10 2 0 3508 
9 3 0 3509 3508 
6 2 3510 3508 
10 2 0 3511 
9 3 0 3512 3511 
6 2 3513 3511 
10 2 0 3514 
9 3 0 3515 3514 
6 2 3516 3514 
10 2 0 3517 
11 14 3479 3482 3485 3488 3491 3494 3497 3500 3503 3506 3509 3512 3515 3518 
1 0 
1 0 
1 0 
1 0 
1 0 
1 0 
1 0 
1 0 
2 2 0 3520 
3 1 3528 
4 2 0 3527 
3 1 3530 
5 3 0 3521 3529 
6 2 3532 3529 
7 3 0 3526 3531 
6 2 3534 3531 
5 3 0 3522 3533 
6 2 3536 3533 
7 3 0 3525 3535 
6 2 3538 3535 
5 3 0 3523 3537 
6 2 3540 3537 
7 3 0 3524 3539 
6 2 3542 3539 
5 3 0 3524 3541 
6 2 3544 3541 
7 3 0 3523 3543 
6 2 3546 3543 
5 3 0 3525 3545 
6 2 3548 3545 
7 3 0 3522 3547 
6 2 3550 3547 
5 3 0 3526 3549 
6 2 3552 3549 
7 3 0 3521 3551 
6 2 3554 3551 
5 3 0 3527 3553 
6 2 3556 3553 
7 3 0 3520 3555 
6 2 3558 3555 
8 3 3557 3559 0 
9 2 0 3560 
6 2 3561 3560 
10 2 0 3562 
9 3 0 3563 3562 
6 2 3564 3562 
10 2 0 3565 
9 3 0 3566 3565 
6 2 3567 3565 
10 2 0 3568 
9 3 0 3569 3568 
6 2 3570 3568 
10 2 0 3571 
9 3 0 3572 3571 
6 2 3573 3571 
10 2 0 3574 
9 3 0 3575 3574 
6 2 3576 3574 
10 2 0 3577 
9 3 0 3578 3577 
6 2 3579 3577 
10 2 0 3580 
11 7 3563 3566 3569 3572 3575 3578 3581 
1 0 
1 0 
1 0 
1 0 
1 0 
1 0 
1 0 
1 0 
1 0 
1 0 
1 0 
1 0 
1 0 
1 0 
1 0 
1 0 
2 2 0 3583 
3 1 3599 
4 2 0 3598 
3 1 3601 
5 3 0 3584 3600 
6 2 3603 3600 
7 3 0 3597 3602 
6 2 3605 3602 
5 3 0 3585 3604 
6 2 3607 3604 
7 3 0 3596 3606 
6 2 3609 3606 
5 3 0 3586 3608 
6 2 3611 3608 
7 3 0 3595 3610 
6 2 3613 3610 
5 3 0 3587 3612 
6 2 3615 3612 
7 3 0 3594 3614 
6 2 3617 3614 
5 3 0 3588 3616 
6 2 3619 3616 
7 3 0 3593 3618 
6 2 3621 3618 
5 3 0 3589 3620 
6 2 3623 3620 
7 3 0 3592 3622 
6 2 3625 3622 
5 3 0 3590 3624 
6 2 3627 3624 
7 3 0 3591 3626 
6 2 3629 3626 
5 3 0 3591 3628 
6 2 3631 3628 
7 3 0 3590 3630 
6 2 3633 3630 
5 3 0 3592 3632 
6 2 3635 3632 
7 3 0 3589 3634 
6 2 3637 3634 
5 3 0 3593 3636 
6 2 3639 3636 
7 3 0 3588 3638 
6 2 3641 3638 
5 3 0 3594 3640 
6 2 3643 3640 
7 3 0 3587 3642 
6 2 3645 3642 
5 3 0 3595 3644 
6 2 3647 3644 
7 3 0 3586 3646 
6 2 3649 3646 
5 3 0 3596 3648 
6 2 3651 3648 
7 3 0 3585 3650 
6 2 3653 3650 
5 3 0 3597 3652 
6 2 3655 3652 
7 3 0 3584 3654 
6 2 3657 3654 
5 3 0 3598 3656 
6 2 3659 3656 
7 3 0 3583 3658 
6 2 3661 3658 
8 3 3660 3662 0 
9 2 0 3663 
6 2 3664 3663 
10 2 0 3665 
9 3 0 3666 3665 
6 2 3667 3665 
10 2 0 3668 
9 3 0 3669 3668 
6 2 3670 3668 
10 2 0 3671 
9 3 0 3672 3671 
6 2 3673 3671 
10 2 0 3674 
9 3 0 3675 3674 
6 2 3676 3674 
10 2 0 3677 
9 3 0 3678 3677 
6 2 3679 3677 
10 2 0 3680 
9 3 0 3681 3680 
6 2 3682 3680 
10 2 0 3683 
9 3 0 3684 3683 
6 2 3685 3683 
10 2 0 3686 
9 3 0 3687 3686 
6 2 3688 3686 
10 2 0 3689 
9 3 0 3690 3689 
6 2 3691 3689 
10 2 0 3692 
9 3 0 3693 3692 
6 2 3694 3692 
10 2 0 3695 
9 3 0 3696 3695 
6 2 3697 3695 
10 2 0 3698 
9 3 0 3699 3698 
6 2 3700 3698 
10 2 0 3701 
9 3 0 3702 3701 
6 2 3703 3701 
10 2 0 3704 
9 3 0 3705 3704 
6 2 3706 3704 
10 2 0 3707 
11 15 3666 3669 3672 3675 3678 3681 3684 3687 3690 3693 3696 3699 3702 3705 3708 
1 0 
1 0 
1 0 
1 0 
1 0 
1 0 
1 0 
1 0 
1 0 
1 0 
2 2 0 3710 
3 1 3720 
4 2 0 3719 
3 1 3722 
5 3 0 3711 3721 
6 2 3724 3721 
7 3 0 3718 3723 
6 2 3726 3723 
5 3 0 3712 3725 
6 2 3728 3725 
7 3 0 3717 3727 
6 2 3730 3727 
5 3 0 3713 3729 
6 2 3732 3729 
7 3 0 3716 3731 
6 2 3734 3731 
5 3 0 3714 3733 
6 2 3736 3733 
7 3 0 3715 3735 
6 2 3738 3735 
5 3 0 3715 3737 
6 2 3740 3737 
7 3 0 3714 3739 
6 2 3742 3739 
5 3 0 3716 3741 
6 2 3744 3741 
7 3 0 3713 3743 
6 2 3746 3743 
5 3 0 3717 3745 
6 2 3748 3745 
7 3 0 3712 3747 
6 2 3750 3747 
5 3 0 3718 3749 
6 2 3752 3749 
7 3 0 3711 3751 
6 2 3754 3751 
5 3 0 3719 3753 
6 2 3756 3753 
7 3 0 3710 3755 
6 2 3758 3755 
8 3 3757 3759 0 
9 2 0 3760 
6 2 3761 3760 
10 2 0 3762 
9 3 0 3763 3762 
6 2 3764 3762 
10 2 0 3765 
9 3 0 3766 3765 
6 2 3767 3765 
10 2 0 3768 
9 3 0 3769 3768 
6 2 3770 3768 
10 2 0 3771 
9 3 0 3772 3771 
6 2 3773 3771 
10 2 0 3774 
9 3 0 3775 3774 
6 2 3776 3774 
10 2 0 3777 
9 3 0 3778 3777 
6 2 3779 3777 
10 2 0 3780 
9 3 0 3781 3780 
6 2 3782 3780 
10 2 0 3783 
9 3 0 3784 3783 
6 2 3785 3783 
10 2 0 3786 
11 9 3763 3766 3769 3772 3775 3778 3781 3784 3787 
1 0 
1 0 
1 0 
1 0 
1 0 
2 2 0 3789 
3 1 3794 
4 2 0 3793 
3 1 3796 
5 3 0 3790 3795 
6 2 3798 3795 
7 3 0 3792 3797 
6 2 3800 3797 
5 3 0 3791 3799 
6 2 3802 3799 
7 3 0 3791 3801 
6 2 3804 3801 
5 3 0 3792 3803 
6 2 3806 3803 
7 3 0 3790 3805 
6 2 3808 3805 
5 3 0 3793 3807 
6 2 3810 3807 
7 3 0 3789 3809 
6 2 3812 3809 
8 3 3811 3813 0 
9 2 0 3814 
6 2 3815 3814 
10 2 0 3816 
9 3 0 3817 3816 
6 2 3818 3816 
10 2 0 3819 
9 3 0 3820 3819 
6 2 3821 3819 
10 2 0 3822 
9 3 0 3823 3822 
6 2 3824 3822 
10 2 0 3825 
11 4 3817 3820 3823 3826 
1 0 
1 0 
1 0 
1 0 
1 0 
1 0 
1 0 
1 0 
1 0 
1 0 
1 0 
1 0 
1 0 
1 0 
1 0 
1 0 
1 0 
2 2 0 3828 
3 1 3845 
4 2 0 3844 
3 1 3847 
5 3 0 3829 3846 
6 2 3849 3846 
7 3 0 3843 3848 
6 2 3851 3848 
5 3 0 3830 3850 
6 2 3853 3850 
7 3 0 3842 3852 
6 2 3855 3852 
5 3 0 3831 3854 
6 2 3857 3854 
7 3 0 3841 3856 
6 2 3859 3856 
5 3 0 3832 3858 
6 2 3861 3858 
7 3 0 3840 3860 
6 2 3863 3860 
5 3 0 3833 3862 
6 2 3865 3862 
7 3 0 3839 3864 
6 2 3867 3864 
5 3 0 3834 3866 
6 2 3869 3866 
7 3 0 3838 3868 
6 2 3871 3868 
5 3 0 3835 3870 
6 2 3873 3870 
7 3 0 3837 3872 
6 2 3875 3872 
5 3 0 3836 3874 
6 2 3877 3874 
7 3 0 3836 3876 
6 2 3879 3876 
5 3 0 3837 3878 
6 2 3881 3878 
7 3 0 3835 3880 
6 2 3883 3880 
5 3 0 3838 3882 
6 2 3885 3882 
7 3 0 3834 3884 
6 2 3887 3884 
5 3 0 3839 3886 
6 2 3889 3886 
7 3 0 3833 3888 
6 2 3891 3888 
5 3 0 3840 3890 
6 2 3893 3890 
7 3 0 3832 3892 
6 2 3895 3892 
5 3 0 3841 3894 
6 2 3897 3894 
7 3 0 3831 3896 
6 2 3899 3896 
5 3 0 3842 3898 
6 2 3901 3898 
7 3 0 3830 3900 
6 2 3903 3900 
5 3 0 3843 3902 
6 2 3905 3902 
7 3 0 3829 3904 
6 2 3907 3904 
5 3 0 3844 3906 
6 2 3909 3906 
7 3 0 3828 3908 
6 2 3911 3908 
8 3 3910 3912 0 
9 2 0 3913 
6 2 3914 3913 
10 2 0 3915 
9 3 0 3916 3915 
6 2 3917 3915 
10 2 0 3918 
9 3 0 3919 3918 
6 2 3920 3918 
10 2 0 3921 
9 3 0 3922 3921 
6 2 3923 3921 
10 2 0 3924 
9 3 0 3925 3924 
6 2 3926 3924 
10 2 0 3927 
9 3 0 3928 3927 
6 2 3929 3927 
10 2 0 3930 
9 3 0 3931 3930 
6 2 3932 3930 
10 2 0 3933 
9 3 0 3934 3933 
6 2 3935 3933 
10 2 0 3936 
9 3 0 3937 3936 
6 2 3938 3936 
10 2 0 3939 
9 3 0 3940 3939 
6 2 3941 3939 
10 2 0 3942 
9 3 0 3943 3942 
6 2 3944 3942 
10 2 0 3945 
9 3 0 3946 3945 
6 2 3947 3945 
10 2 0 3948 
9 3 0 3949 3948 
6 2 3950 3948 
10 2 0 3951 
9 3 0 3952 3951 
6 2 3953 3951 
10 2 0 3954 
9 3 0 3955 3954 
6 2 3956 3954 
10 2 0 3957 
9 3 0 3958 3957 
6 2 3959 3957 
10 2 0 3960 
11 16 3916 3919 3922 3925 3928 3931 3934 3937 3940 3943 3946 3949 3952 3955 3958 3961 
1 0 
1 0 
1 0 
1 0 
1 0 
1 0 
1 0 
1 0 
1 0 
2 2 0 3963 
3 1 3972 
4 2 0 3971 
3 1 3974 
5 3 0 3964 3973 
6 2 3976 3973 
7 3 0 3970 3975 
6 2 3978 3975 
5 3 0 3965 3977 
6 2 3980 3977 
7 3 0 3969 3979 
6 2 3982 3979 
5 3 0 3966 3981 
6 2 3984 3981 
7 3 0 3968 3983 
6 2 3986 3983 
5 3 0 3967 3985 
6 2 3988 3985 
7 3 0 3967 3987 
6 2 3990 3987 
5 3 0 3968 3989 
6 2 3992 3989 
7 3 0 3966 3991 
6 2 3994 3991 
5 3 0 3969 3993 
6 2 3996 3993 
7 3 0 3965 3995 
6 2 3998 3995 
5 3 0 3970 3997 
6 2 4000 3997 
7 3 0 3964 3999 
6 2 4002 3999 
5 3 0 3971 4001 
6 2 4004 4001 
7 3 0 3963 4003 
6 2 4006 4003 
8 3 4005 4007 0 
9 2 0 4008 
6 2 4009 4008 
10 2 0 4010 
9 3 0 4011 4010 
6 2 4012 4010 
10 2 0 4013 
9 3 0 4014 4013 
6 2 4015 4013 
10 2 0 4016 
9 3 0 4017 4016 
6 2 4018 4016 
10 2 0 4019 
9 3 0 4020 4019 
6 2 4021 4019 
10 2 0 4022 
9 3 0 4023 4022 
6 2 4024 4022 
10 2 0 4025 
9 3 0 4026 4025 
6 2 4027 4025 
10 2 0 4028 
9 3 0 4029 4028 
6 2 4030 4028 
10 2 0 4031 
11 8 4011 4014 4017 4020 4023 4026 4029 4032 
1 0 
1 0 
1 0 
1 0 
1 0 
1 0 
1 0 
1 0 
1 0 
2 2 0 4034 
3 1 4043 
4 2 0 4042 
3 1 4045 
5 3 0 4035 4044 
6 2 4047 4044 
7 3 0 4041 4046 
6 2 4049 4046 
5 3 0 4036 4048 
6 2 4051 4048 
7 3 0 4040 4050 
6 2 4053 4050 
5 3 0 4037 4052 
6 2 4055 4052 
7 3 0 4039 4054 
6 2 4057 4054 
5 3 0 4038 4056 
6 2 4059 4056 
7 3 0 4038 4058 
6 2 4061 4058 
5 3 0 4039 4060 
6 2 4063 4060 
7 3 0 4037 4062 
6 2 4065 4062 
5 3 0 4040 4064 
6 2 4067 4064 
7 3 0 4036 4066 
6 2 4069 4066 
5 3 0 4041 4068 
6 2 4071 4068 
7 3 0 4035 4070 
6 2 4073 4070 
5 3 0 4042 4072 
6 2 4075 4072 
7 3 0 4034 4074 
6 2 4077 4074 
8 3 4076 4078 0 
9 2 0 4079 
6 2 4080 4079 
10 2 0 4081 
9 3 0 4082 4081 
6 2 4083 4081 
10 2 0 4084 
9 3 0 4085 4084 
6 2 4086 4084 
10 2 0 4087 
9 3 0 4088 4087 
6 2 4089 4087 
10 2 0 4090 
9 3 0 4091 4090 
6 2 4092 4090 
10 2 0 4093 
9 3 0 4094 4093 
6 2 4095 4093 
10 2 0 4096 
9 3 0 4097 4096 
6 2 4098 4096 
10 2 0 4099 
9 3 0 4100 4099 
6 2 4101 4099 
10 2 0 4102 
11 8 4082 4085 4088 4091 4094 4097 4100 4103 
1 0 
1 0 
1 0 
1 0 
1 0 
1 0 
1 0 
1 0 
2 2 0 4105 
3 1 4113 
4 2 0 4112 
3 1 4115 
5 3 0 4106 4114 
6 2 4117 4114 
7 3 0 4111 4116 
6 2 4119 4116 
5 3 0 4107 4118 
6 2 4121 4118 
7 3 0 4110 4120 
6 2 4123 4120 
5 3 0 4108 4122 
6 2 4125 4122 
7 3 0 4109 4124 
6 2 4127 4124 
5 3 0 4109 4126 
6 2 4129 4126 
7 3 0 4108 4128 
6 2 4131 4128 
5 3 0 4110 4130 
6 2 4133 4130 
7 3 0 4107 4132 
6 2 4135 4132 
5 3 0 4111 4134 
6 2 4137 4134 
7 3 0 4106 4136 
6 2 4139 4136 
5 3 0 4112 4138 
6 2 4141 4138 
7 3 0 4105 4140 
6 2 4143 4140 
8 3 4142 4144 0 
9 2 0 4145 
6 2 4146 4145 
10 2 0 4147 
9 3 0 4148 4147 
6 2 4149 4147 
10 2 0 4150 
9 3 0 4151 4150 
6 2 4152 4150 
10 2 0 4153 
9 3 0 4154 4153 
6 2 4155 4153 
10 2 0 4156 
9 3 0 4157 4156 
6 2 4158 4156 
10 2 0 4159 
9 3 0 4160 4159 
6 2 4161 4159 
10 2 0 4162 
9 3 0 4163 4162 
6 2 4164 4162 
10 2 0 4165 
11 7 4148 4151 4154 4157 4160 4163 4166 
1 0 
1 0 
1 0 
1 0 
1 0 
1 0 
1 0 
1 0 
1 0 
1 0 
1 0 
2 2 0 4168 
3 1 4179 
4 2 0 4178 
3 1 4181 
5 3 0 4169 4180 
6 2 4183 4180 
7 3 0 4177 4182 
6 2 4185 4182 
5 3 0 4170 4184 
6 2 4187 4184 
7 3 0 4176 4186 
6 2 4189 4186 
5 3 0 4171 4188 
6 2 4191 4188 
7 3 0 4175 4190 
6 2 4193 4190 
5 3 0 4172 4192 
6 2 4195 4192 
7 3 0 4174 4194 
6 2 4197 4194 
5 3 0 4173 4196 
6 2 4199 4196 
7 3 0 4173 4198 
6 2 4201 4198 
5 3 0 4174 4200 
6 2 4203 4200 
7 3 0 4172 4202 
6 2 4205 4202 
5 3 0 4175 4204 
6 2 4207 4204 
7 3 0 4171 4206 
6 2 4209 4206 
5 3 0 4176 4208 
6 2 4211 4208 
7 3 0 4170 4210 
6 2 4213 4210 
5 3 0 4177 4212 
6 2 4215 4212 
7 3 0 4169 4214 
6 2 4217 4214 
5 3 0 4178 4216 
6 2 4219 4216 
7 3 0 4168 4218 
6 2 4221 4218 
8 3 4220 4222 0 
9 2 0 4223 
6 2 4224 4223 
10 2 0 4225 
9 3 0 4226 4225 
6 2 4227 4225 
10 2 0 4228 
9 3 0 4229 4228 
6 2 4230 4228 
10 2 0 4231 
9 3 0 4232 4231 
6 2 4233 4231 
10 2 0 4234 
9 3 0 4235 4234 
6 2 4236 4234 
10 2 0 4237 
9 3 0 4238 4237 
6 2 4239 4237 
10 2 0 4240 
9 3 0 4241 4240 
6 2 4242 4240 
10 2 0 4243 
9 3 0 4244 4243 
6 2 4245 4243 
10 2 0 4246 
9 3 0 4247 4246 
6 2 4248 4246 
10 2 0 4249 
9 3 0 4250 4249 
6 2 4251 4249 
10 2 0 4252 
11 10 4226 4229 4232 4235 4238 4241 4244 4247 4250 4253 
1 0 
1 0 
1 0 
1 0 
1 0 
1 0 
1 0 
1 0 
1 0 
1 0 
1 0 
1 0 
1 0 
1 0 
2 2 0 4255 
3 1 4269 
4 2 0 4268 
3 1 4271 
5 3 0 4256 4270 
6 2 4273 4270 
7 3 0 4267 4272 
6 2 4275 4272 
5 3 0 4257 4274 
6 2 4277 4274 
7 3 0 4266 4276 
6 2 4279 4276 
5 3 0 4258 4278 
6 2 4281 4278 
7 3 0 4265 4280 
6 2 4283 4280 
5 3 0 4259 4282 
6 2 4285 4282 
7 3 0 4264 4284 
6 2 4287 4284 
5 3 0 4260 4286 
6 2 4289 4286 
7 3 0 4263 4288 
6 2 4291 4288 
5 3 0 4261 4290 
6 2 4293 4290 
7 3 0 4262 4292 
6 2 4295 4292 
5 3 0 4262 4294 
6 2 4297 4294 
7 3 0 4261 4296 
6 2 4299 4296 
5 3 0 4263 4298 
6 2 4301 4298 
7 3 0 4260 4300 
6 2 4303 4300 
5 3 0 4264 4302 
6 2 4305 4302 
7 3 0 4259 4304 
6 2 4307 4304 
5 3 0 4265 4306 
6 2 4309 4306 
7 3 0 4258 4308 
6 2 4311 4308 
5 3 0 4266 4310 
6 2 4313 4310 
7 3 0 4257 4312 
6 2 4315 4312 
5 3 0 4267 4314 
6 2 4317 4314 
7 3 0 4256 4316 
6 2 4319 4316 
5 3 0 4268 4318 
6 2 4321 4318 
7 3 0 4255 4320 
6 2 4323 4320 
8 3 4322 4324 0 
9 2 0 4325 
6 2 4326 4325 
10 2 0 4327 
9 3 0 4328 4327 
6 2 4329 4327 
10 2 0 4330 
9 3 0 4331 4330 
6 2 4332 4330 
10 2 0 4333 
9 3 0 4334 4333 
6 2 4335 4333 
10 2 0 4336 
9 3 0 4337 4336 
6 2 4338 4336 
10 2 0 4339 
9 3 0 4340 4339 
6 2 4341 4339 
10 2 0 4342 
9 3 0 4343 4342 
6 2 4344 4342 
10 2 0 4345 
9 3 0 4346 4345 
6 2 4347 4345 
10 2 0 4348 
9 3 0 4349 4348 
6 2 4350 4348 
10 2 0 4351 
9 3 0 4352 4351 
6 2 4353 4351 
10 2 0 4354 
9 3 0 4355 4354 
6 2 4356 4354 
10 2 0 4357 
9 3 0 4358 4357 
6 2 4359 4357 
10 2 0 4360 
9 3 0 4361 4360 
6 2 4362 4360 
10 2 0 4363 
11 13 4328 4331 4334 4337 4340 4343 4346 4349 4352 4355 4358 4361 4364 
1 0 
1 0 
1 0 
1 0 
1 0 
1 0 
1 0 
1 0 
1 0 
2 2 0 4366 
3 1 4375 
4 2 0 4374 
3 1 4377 
5 3 0 4367 4376 
6 2 4379 4376 
7 3 0 4373 4378 
6 2 4381 4378 
5 3 0 4368 4380 
6 2 4383 4380 
7 3 0 4372 4382 
6 2 4385 4382 
5 3 0 4369 4384 
6 2 4387 4384 
7 3 0 4371 4386 
6 2 4389 4386 
5 3 0 4370 4388 
6 2 4391 4388 
7 3 0 4370 4390 
6 2 4393 4390 
5 3 0 4371 4392 
6 2 4395 4392 
7 3 0 4369 4394 
6 2 4397 4394 
5 3 0 4372 4396 
6 2 4399 4396 
7 3 0 4368 4398 
6 2 4401 4398 
5 3 0 4373 4400 
6 2 4403 4400 
7 3 0 4367 4402 
6 2 4405 4402 
5 3 0 4374 4404 
6 2 4407 4404 
7 3 0 4366 4406 
6 2 4409 4406 
8 3 4408 4410 0 
9 2 0 4411 
6 2 4412 4411 
10 2 0 4413 
9 3 0 4414 4413 
6 2 4415 4413 
10 2 0 4416 
9 3 0 4417 4416 
6 2 4418 4416 
10 2 0 4419 
9 3 0 4420 4419 
6 2 4421 4419 
10 2 0 4422 
9 3 0 4423 4422 
6 2 4424 4422 
10 2 0 4425 
9 3 0 4426 4425 
6 2 4427 4425 
10 2 0 4428 
9 3 0 4429 4428 
6 2 4430 4428 
10 2 0 4431 
9 3 0 4432 4431 
6 2 4433 4431 
10 2 0 4434 
11 8 4414 4417 4420 4423 4426 4429 4432 4435 
1 0 
1 0 
1 0 
1 0 
1 0 
1 0 
1 0 
1 0 
1 0 
1 0 
2 2 0 4437 
3 1 4447 
4 2 0 4446 
3 1 4449 
5 3 0 4438 4448 
6 2 4451 4448 
7 3 0 4445 4450 
6 2 4453 4450 
5 3 0 4439 4452 
6 2 4455 4452 
7 3 0 4444 4454 
6 2 4457 4454 
5 3 0 4440 4456 
6 2 4459 4456 
7 3 0 4443 4458 
6 2 4461 4458 
5 3 0 4441 4460 
6 2 4463 4460 
7 3 0 4442 4462 
6 2 4465 4462 
5 3 0 4442 4464 
6 2 4467 4464 
7 3 0 4441 4466 
6 2 4469 4466 
5 3 0 4443 4468 
6 2 4471 4468 
7 3 0 4440 4470 
6 2 4473 4470 
5 3 0 4444 4472 
6 2 4475 4472 
7 3 0 4439 4474 
6 2 4477 4474 
5 3 0 4445 4476 
6 2 4479 4476 
7 3 0 4438 4478 
6 2 4481 4478 
5 3 0 4446 4480 
6 2 4483 4480 
7 3 0 4437 4482 
6 2 4485 4482 
8 3 4484 4486 0 
9 2 0 4487 
6 2 4488 4487 
10 2 0 4489 
9 3 0 4490 4489 
6 2 4491 4489 
10 2 0 4492 
9 3 0 4493 4492 
6 2 4494 4492 
10 2 0 4495 
9 3 0 4496 4495 
6 2 4497 4495 
10 2 0 4498 
9 3 0 4499 4498 
6 2 4500 4498 
10 2 0 4501 
9 3 0 4502 4501 
6 2 4503 4501 
10 2 0 4504 
9 3 0 4505 4504 
6 2 4506 4504 
10 2 0 4507 
9 3 0 4508 4507 
6 2 4509 4507 
10 2 0 4510 
9 3 0 4511 4510 
6 2 4512 4510 
10 2 0 4513 
11 9 4490 4493 4496 4499 4502 4505 4508 4511 4514 
1 0 
1 0 
1 0 
1 0 
1 0 
1 0 
1 0 
1 0 
1 0 
2 2 0 4516 
3 1 4525 
4 2 0 4524 
3 1 4527 
5 3 0 4517 4526 
6 2 4529 4526 
7 3 0 4523 4528 
6 2 4531 4528 
5 3 0 4518 4530 
6 2 4533 4530 
7 3 0 4522 4532 
6 2 4535 4532 
5 3 0 4519 4534 
6 2 4537 4534 
7 3 0 4521 4536 
6 2 4539 4536 
5 3 0 4520 4538 
6 2 4541 4538 
7 3 0 4520 4540 
6 2 4543 4540 
5 3 0 4521 4542 
6 2 4545 4542 
7 3 0 4519 4544 
6 2 4547 4544 
5 3 0 4522 4546 
6 2 4549 4546 
7 3 0 4518 4548 
6 2 4551 4548 
5 3 0 4523 4550 
6 2 4553 4550 
7 3 0 4517 4552 
6 2 4555 4552 
5 3 0 4524 4554 
6 2 4557 4554 
7 3 0 4516 4556 
6 2 4559 4556 
8 3 4558 4560 0 
9 2 0 4561 
6 2 4562 4561 
10 2 0 4563 
9 3 0 4564 4563 
6 2 4565 4563 
10 2 0 4566 
9 3 0 4567 4566 
6 2 4568 4566 
10 2 0 4569 
9 3 0 4570 4569 
6 2 4571 4569 
10 2 0 4572 
9 3 0 4573 4572 
6 2 4574 4572 
10 2 0 4575 
9 3 0 4576 4575 
6 2 4577 4575 
10 2 0 4578 
9 3 0 4579 4578 
6 2 4580 4578 
10 2 0 4581 
9 3 0 4582 4581 
6 2 4583 4581 
10 2 0 4584 
11 8 4564 4567 4570 4573 4576 4579 4582 4585 
1 0 
1 0 
1 0 
1 0 
1 0 
1 0 
1 0 
1 0 
1 0 
1 0 
2 2 0 4587 
3 1 4597 
4 2 0 4596 
3 1 4599 
5 3 0 4588 4598 
6 2 4601 4598 
7 3 0 4595 4600 
6 2 4603 4600 
5 3 0 4589 4602 
6 2 4605 4602 
7 3 0 4594 4604 
6 2 4607 4604 
5 3 0 4590 4606 
6 2 4609 4606 
7 3 0 4593 4608 
6 2 4611 4608 
5 3 0 4591 4610 
6 2 4613 4610 
7 3 0 4592 4612 
6 2 4615 4612 
5 3 0 4592 4614 
6 2 4617 4614 
7 3 0 4591 4616 
6 2 4619 4616 
5 3 0 4593 4618 
6 2 4621 4618 
7 3 0 4590 4620 
6 2 4623 4620 
5 3 0 4594 4622 
6 2 4625 4622 
7 3 0 4589 4624 
6 2 4627 4624 
5 3 0 4595 4626 
6 2 4629 4626 
7 3 0 4588 4628 
6 2 4631 4628 
5 3 0 4596 4630 
6 2 4633 4630 
7 3 0 4587 4632 
6 2 4635 4632 
8 3 4634 4636 0 
9 2 0 4637 
6 2 4638 4637 
10 2 0 4639 
9 3 0 4640 4639 
6 2 4641 4639 
10 2 0 4642 
9 3 0 4643 4642 
6 2 4644 4642 
10 2 0 4645 
9 3 0 4646 4645 
6 2 4647 4645 
10 2 0 4648 
9 3 0 4649 4648 
6 2 4650 4648 
10 2 0 4651 
9 3 0 4652 4651 
6 2 4653 4651 
10 2 0 4654 
9 3 0 4655 4654 
6 2 4656 4654 
10 2 0 4657 
9 3 0 4658 4657 
6 2 4659 4657 
10 2 0 4660 
9 3 0 4661 4660 
6 2 4662 4660 
10 2 0 4663 
11 9 4640 4643 4646 4649 4652 4655 4658 4661 4664 
1 0 
1 0 
1 0 
1 0 
1 0 
1 0 
1 0 
1 0 
1 0 
1 0 
1 0 
1 0 
1 0 
1 0 
1 0 
1 0 
1 0 
1 0 
1 0 
1 0 
1 0 
2 2 0 4666 
3 1 4687 
4 2 0 4686 
3 1 4689 
5 3 0 4667 4688 
6 2 4691 4688 
7 3 0 4685 4690 
6 2 4693 4690 
5 3 0 4668 4692 
6 2 4695 4692 
7 3 0 4684 4694 
6 2 4697 4694 
5 3 0 4669 4696 
6 2 4699 4696 
7 3 0 4683 4698 
6 2 4701 4698 
5 3 0 4670 4700 
6 2 4703 4700 
7 3 0 4682 4702 
6 2 4705 4702 
5 3 0 4671 4704 
6 2 4707 4704 
7 3 0 4681 4706 
6 2 4709 4706 
5 3 0 4672 4708 
6 2 4711 4708 
7 3 0 4680 4710 
6 2 4713 4710 
5 3 0 4673 4712 
6 2 4715 4712 
7 3 0 4679 4714 
6 2 4717 4714 
5 3 0 4674 4716 
6 2 4719 4716 
7 3 0 4678 4718 
6 2 4721 4718 
5 3 0 4675 4720 
6 2 4723 4720 
7 3 0 4677 4722 
6 2 4725 4722 
5 3 0 4676 4724 
6 2 4727 4724 
7 3 0 4676 4726 
6 2 4729 4726 
5 3 0 4677 4728 
6 2 4731 4728 
7 3 0 4675 4730 
6 2 4733 4730 
5 3 0 4678 4732 
6 2 4735 4732 
7 3 0 4674 4734 
6 2 4737 4734 
5 3 0 4679 4736 
6 2 4739 4736 
7 3 0 4673 4738 
6 2 4741 4738 
5 3 0 4680 4740 
6 2 4743 4740 
7 3 0 4672 4742 
6 2 4745 4742 
5 3 0 4681 4744 
6 2 4747 4744 
7 3 0 4671 4746 
6 2 4749 4746 
5 3 0 4682 4748 
6 2 4751 4748 
7 3 0 4670 4750 
6 2 4753 4750 
5 3 0 4683 4752 
6 2 4755 4752 
7 3 0 4669 4754 
6 2 4757 4754 
5 3 0 4684 4756 
6 2 4759 4756 
7 3 0 4668 4758 
6 2 4761 4758 
5 3 0 4685 4760 
6 2 4763 4760 
7 3 0 4667 4762 
6 2 4765 4762 
5 3 0 4686 4764 
6 2 4767 4764 
7 3 0 4666 4766 
6 2 4769 4766 
8 3 4768 4770 0 
9 2 0 4771 
6 2 4772 4771 
10 2 0 4773 
9 3 0 4774 4773 
6 2 4775 4773 
10 2 0 4776 
9 3 0 4777 4776 
6 2 4778 4776 
10 2 0 4779 
9 3 0 4780 4779 
6 2 4781 4779 
10 2 0 4782 
9 3 0 4783 4782 
6 2 4784 4782 
10 2 0 4785 
9 3 0 4786 4785 
6 2 4787 4785 
10 2 0 4788 
9 3 0 4789 4788 
6 2 4790 4788 
10 2 0 4791 
9 3 0 4792 4791 
6 2 4793 4791 
10 2 0 4794 
9 3 0 4795 4794 
6 2 4796 4794 
10 2 0 4797 
9 3 0 4798 4797 
6 2 4799 4797 
10 2 0 4800 
9 3 0 4801 4800 
6 2 4802 4800 
10 2 0 4803 
9 3 0 4804 4803 
6 2 4805 4803 
10 2 0 4806 
9 3 0 4807 4806 
6 2 4808 4806 
10 2 0 4809 
9 3 0 4810 4809 
6 2 4811 4809 
10 2 0 4812 
9 3 0 4813 4812 
6 2 4814 4812 
10 2 0 4815 
9 3 0 4816 4815 
6 2 4817 4815 
10 2 0 4818 
9 3 0 4819 4818 
6 2 4820 4818 
10 2 0 4821 
9 3 0 4822 4821 
6 2 4823 4821 
10 2 0 4824 
9 3 0 4825 4824 
6 2 4826 4824 
10 2 0 4827 
9 3 0 4828 4827 
6 2 4829 4827 
10 2 0 4830 
11 20 4774 4777 4780 4783 4786 4789 4792 4795 4798 4801 4804 4807 4810 4813 4816 4819 4822 4825 4828 4831 
1 0 
1 0 
1 0 
1 0 
1 0 
1 0 
1 0 
1 0 
1 0 
1 0 
1 0 
1 0 
1 0 
2 2 0 4833 
3 1 4846 
4 2 0 4845 
3 1 4848 
5 3 0 4834 4847 
6 2 4850 4847 
7 3 0 4844 4849 
6 2 4852 4849 
5 3 0 4835 4851 
6 2 4854 4851 
7 3 0 4843 4853 
6 2 4856 4853 
5 3 0 4836 4855 
6 2 4858 4855 
7 3 0 4842 4857 
6 2 4860 4857 
5 3 0 4837 4859 
6 2 4862 4859 
7 3 0 4841 4861 
6 2 4864 4861 
5 3 0 4838 4863 
6 2 4866 4863 
7 3 0 4840 4865 
6 2 4868 4865 
5 3 0 4839 4867 
6 2 4870 4867 
7 3 0 4839 4869 
6 2 4872 4869 
5 3 0 4840 4871 
6 2 4874 4871 
7 3 0 4838 4873 
6 2 4876 4873 
5 3 0 4841 4875 
6 2 4878 4875 
7 3 0 4837 4877 
6 2 4880 4877 
5 3 0 4842 4879 
6 2 4882 4879 
7 3 0 4836 4881 
6 2 4884 4881 
5 3 0 4843 4883 
6 2 4886 4883 
7 3 0 4835 4885 
6 2 4888 4885 
5 3 0 4844 4887 
6 2 4890 4887 
7 3 0 4834 4889 
6 2 4892 4889 
5 3 0 4845 4891 
6 2 4894 4891 
7 3 0 4833 4893 
6 2 4896 4893 
8 3 4895 4897 0 
9 2 0 4898 
6 2 4899 4898 
10 2 0 4900 
9 3 0 4901 4900 
6 2 4902 4900 
10 2 0 4903 
9 3 0 4904 4903 
6 2 4905 4903 
10 2 0 4906 
9 3 0 4907 4906 
6 2 4908 4906 
10 2 0 4909 
9 3 0 4910 4909 
6 2 4911 4909 
10 2 0 4912 
9 3 0 4913 4912 
6 2 4914 4912 
10 2 0 4915 
9 3 0 4916 4915 
6 2 4917 4915 
10 2 0 4918 
9 3 0 4919 4918 
6 2 4920 4918 
10 2 0 4921 
9 3 0 4922 4921 
6 2 4923 4921 
10 2 0 4924 
9 3 0 4925 4924 
6 2 4926 4924 
10 2 0 4927 
9 3 0 4928 4927 
6 2 4929 4927 
10 2 0 4930 
9 3 0 4931 4930 
6 2 4932 4930 
10 2 0 4933 
11 12 4901 4904 4907 4910 4913 4916 4919 4922 4925 4928 4931 4934 
1 0 
1 0 
1 0 
1 0 
1 0 
1 0 
1 0 
1 0 
1 0 
2 2 0 4936 
3 1 4945 
4 2 0 4944 
3 1 4947 
5 3 0 4937 4946 
6 2 4949 4946 
7 3 0 4943 4948 
6 2 4951 4948 
5 3 0 4938 4950 
6 2 4953 4950 
7 3 0 4942 4952 
6 2 4955 4952 
5 3 0 4939 4954 
6 2 4957 4954 
7 3 0 4941 4956 
6 2 4959 4956 
5 3 0 4940 4958 
6 2 4961 4958 
7 3 0 4940 4960 
6 2 4963 4960 
5 3 0 4941 4962 
6 2 4965 4962 
7 3 0 4939 4964 
6 2 4967 4964 
5 3 0 4942 4966 
6 2 4969 4966 
7 3 0 4938 4968 
6 2 4971 4968 
5 3 0 4943 4970 
6 2 4973 4970 
7 3 0 4937 4972 
6 2 4975 4972 
5 3 0 4944 4974 
6 2 4977 4974 
7 3 0 4936 4976 
6 2 4979 4976 
8 3 4978 4980 0 
9 2 0 4981 
6 2 4982 4981 
10 2 0 4983 
9 3 0 4984 4983 
6 2 4985 4983 
10 2 0 4986 
9 3 0 4987 4986 
6 2 4988 4986 
10 2 0 4989 
9 3 0 4990 4989 
6 2 4991 4989 
10 2 0 4992 
9 3 0 4993 4992 
6 2 4994 4992 
10 2 0 4995 
9 3 0 4996 4995 
6 2 4997 4995 
10 2 0 4998 
9 3 0 4999 4998 
6 2 5000 4998 
10 2 0 5001 
9 3 0 5002 5001 
6 2 5003 5001 
10 2 0 5004 
11 8 4984 4987 4990 4993 4996 4999 5002 5005 
1 0 
1 0 
1 0 
1 0 
1 0 
1 0 
1 0 
1 0 
1 0 
1 0 
1 0 
1 0 
1 0 
2 2 0 5007 
3 1 5020 
4 2 0 5019 
3 1 5022 
5 3 0 5008 5021 
6 2 5024 5021 
7 3 0 5018 5023 
6 2 5026 5023 
5 3 0 5009 5025 
6 2 5028 5025 
7 3 0 5017 5027 
6 2 5030 5027 
5 3 0 5010 5029 
6 2 5032 5029 
7 3 0 5016 5031 
6 2 5034 5031 
5 3 0 5011 5033 
6 2 5036 5033 
7 3 0 5015 5035 
6 2 5038 5035 
5 3 0 5012 5037 
6 2 5040 5037 
7 3 0 5014 5039 
6 2 5042 5039 
5 3 0 5013 5041 
6 2 5044 5041 
7 3 0 5013 5043 
6 2 5046 5043 
5 3 0 5014 5045 
6 2 5048 5045 
7 3 0 5012 5047 
6 2 5050 5047 
5 3 0 5015 5049 
6 2 5052 5049 
7 3 0 5011 5051 
6 2 5054 5051 
5 3 0 5016 5053 
6 2 5056 5053 
7 3 0 5010 5055 
6 2 5058 5055 
5 3 0 5017 5057 
6 2 5060 5057 
7 3 0 5009 5059 
6 2 5062 5059 
5 3 0 5018 5061 
6 2 5064 5061 
7 3 0 5008 5063 
6 2 5066 5063 
5 3 0 5019 5065 
6 2 5068 5065 
7 3 0 5007 5067 
6 2 5070 5067 
8 3 5069 5071 0 
9 2 0 5072 
6 2 5073 5072 
10 2 0 5074 
9 3 0 5075 5074 
6 2 5076 5074 
10 2 0 5077 
9 3 0 5078 5077 
6 2 5079 5077 
10 2 0 5080 
9 3 0 5081 5080 
6 2 5082 5080 
10 2 0 5083 
9 3 0 5084 5083 
6 2 5085 5083 
10 2 0 5086 
9 3 0 5087 5086 
6 2 5088 5086 
10 2 0 5089 
9 3 0 5090 5089 
6 2 5091 5089 
10 2 0 5092 
9 3 0 5093 5092 
6 2 5094 5092 
10 2 0 5095 
9 3 0 5096 5095 
6 2 5097 5095 
10 2 0 5098 
9 3 0 5099 5098 
6 2 5100 5098 
10 2 0 5101 
9 3 0 5102 5101 
6 2 5103 5101 
10 2 0 5104 
9 3 0 5105 5104 
6 2 5106 5104 
10 2 0 5107 
11 12 5075 5078 5081 5084 5087 5090 5093 5096 5099 5102 5105 5108 
1 0 
1 0 
1 0 
1 0 
1 0 
1 0 
2 2 0 5110 
3 1 5116 
4 2 0 5115 
3 1 5118 
5 3 0 5111 5117 
6 2 5120 5117 
7 3 0 5114 5119 
6 2 5122 5119 
5 3 0 5112 5121 
6 2 5124 5121 
7 3 0 5113 5123 
6 2 5126 5123 
5 3 0 5113 5125 
6 2 5128 5125 
7 3 0 5112 5127 
6 2 5130 5127 
5 3 0 5114 5129 
6 2 5132 5129 
7 3 0 5111 5131 
6 2 5134 5131 
5 3 0 5115 5133 
6 2 5136 5133 
7 3 0 5110 5135 
6 2 5138 5135 
8 3 5137 5139 0 
9 2 0 5140 
6 2 5141 5140 
10 2 0 5142 
9 3 0 5143 5142 
6 2 5144 5142 
10 2 0 5145 
9 3 0 5146 5145 
6 2 5147 5145 
10 2 0 5148 
9 3 0 5149 5148 
6 2 5150 5148 
10 2 0 5151 
9 3 0 5152 5151 
6 2 5153 5151 
10 2 0 5154 
11 5 5143 5146 5149 5152 5155 
1 0 
1 0 
1 0 
1 0 
1 0 
1 0 
1 0 
1 0 
2 2 0 5157 
3 1 5165 
4 2 0 5164 
3 1 5167 
5 3 0 5158 5166 
6 2 5169 5166 
7 3 0 5163 5168 
6 2 5171 5168 
5 3 0 5159 5170 
6 2 5173 5170 
7 3 0 5162 5172 
6 2 5175 5172 
5 3 0 5160 5174 
6 2 5177 5174 
7 3 0 5161 5176 
6 2 5179 5176 
5 3 0 5161 5178 
6 2 5181 5178 
7 3 0 5160 5180 
6 2 5183 5180 
5 3 0 5162 5182 
6 2 5185 5182 
7 3 0 5159 5184 
6 2 5187 5184 
5 3 0 5163 5186 
6 2 5189 5186 
7 3 0 5158 5188 
6 2 5191 5188 
5 3 0 5164 5190 
6 2 5193 5190 
7 3 0 5157 5192 
6 2 5195 5192 
8 3 5194 5196 0 
9 2 0 5197 
6 2 5198 5197 
10 2 0 5199 
9 3 0 5200 5199 
6 2 5201 5199 
10 2 0 5202 
9 3 0 5203 5202 
6 2 5204 5202 
10 2 0 5205 
9 3 0 5206 5205 
6 2 5207 5205 
10 2 0 5208 
9 3 0 5209 5208 
6 2 5210 5208 
10 2 0 5211 
9 3 0 5212 5211 
6 2 5213 5211 
10 2 0 5214 
9 3 0 5215 5214 
6 2 5216 5214 
10 2 0 5217 
11 7 5200 5203 5206 5209 5212 5215 5218 
1 0 
1 0 
1 0 
1 0 
1 0 
1 0 
1 0 
1 0 
1 0 
1 0 
1 0 
1 0 
1 0 
2 2 0 5220 
3 1 5233 
4 2 0 5232 
3 1 5235 
5 3 0 5221 5234 
6 2 5237 5234 
7 3 0 5231 5236 
6 2 5239 5236 
5 3 0 5222 5238 
6 2 5241 5238 
7 3 0 5230 5240 
6 2 5243 5240 
5 3 0 5223 5242 
6 2 5245 5242 
7 3 0 5229 5244 
6 2 5247 5244 
5 3 0 5224 5246 
6 2 5249 5246 
7 3 0 5228 5248 
6 2 5251 5248 
5 3 0 5225 5250 
6 2 5253 5250 
7 3 0 5227 5252 
6 2 5255 5252 
5 3 0 5226 5254 
6 2 5257 5254 
7 3 0 5226 5256 
6 2 5259 5256 
5 3 0 5227 5258 
6 2 5261 5258 
7 3 0 5225 5260 
6 2 5263 5260 
5 3 0 5228 5262 
6 2 5265 5262 
7 3 0 5224 5264 
6 2 5267 5264 
5 3 0 5229 5266 
6 2 5269 5266 
7 3 0 5223 5268 
6 2 5271 5268 
5 3 0 5230 5270 
6 2 5273 5270 
7 3 0 5222 5272 
6 2 5275 5272 
5 3 0 5231 5274 
6 2 5277 5274 
7 3 0 5221 5276 
6 2 5279 5276 
5 3 0 5232 5278 
6 2 5281 5278 
7 3 0 5220 5280 
6 2 5283 5280 
8 3 5282 5284 0 
9 2 0 5285 
6 2 5286 5285 
10 2 0 5287 
9 3 0 5288 5287 
6 2 5289 5287 
10 2 0 5290 
9 3 0 5291 5290 
6 2 5292 5290 
10 2 0 5293 
9 3 0 5294 5293 
6 2 5295 5293 
10 2 0 5296 
9 3 0 5297 5296 
6 2 5298 5296 
10 2 0 5299 
9 3 0 5300 5299 
6 2 5301 5299 
10 2 0 5302 
9 3 0 5303 5302 
6 2 5304 5302 
10 2 0 5305 
9 3 0 5306 5305 
6 2 5307 5305 
10 2 0 5308 
9 3 0 5309 5308 
6 2 5310 5308 
10 2 0 5311 
9 3 0 5312 5311 
6 2 5313 5311 
10 2 0 5314 
9 3 0 5315 5314 
6 2 5316 5314 
10 2 0 5317 
9 3 0 5318 5317 
6 2 5319 5317 
10 2 0 5320 
11 12 5288 5291 5294 5297 5300 5303 5306 5309 5312 5315 5318 5321 
1 0 
1 0 
1 0 
1 0 
1 0 
1 0 
1 0 
1 0 
2 2 0 5323 
3 1 5331 
4 2 0 5330 
3 1 5333 
5 3 0 5324 5332 
6 2 5335 5332 
7 3 0 5329 5334 
6 2 5337 5334 
5 3 0 5325 5336 
6 2 5339 5336 
7 3 0 5328 5338 
6 2 5341 5338 
5 3 0 5326 5340 
6 2 5343 5340 
7 3 0 5327 5342 
6 2 5345 5342 
5 3 0 5327 5344 
6 2 5347 5344 
7 3 0 5326 5346 
6 2 5349 5346 
5 3 0 5328 5348 
6 2 5351 5348 
7 3 0 5325 5350 
6 2 5353 5350 
5 3 0 5329 5352 
6 2 5355 5352 
7 3 0 5324 5354 
6 2 5357 5354 
5 3 0 5330 5356 
6 2 5359 5356 
7 3 0 5323 5358 
6 2 5361 5358 
8 3 5360 5362 0 
9 2 0 5363 
6 2 5364 5363 
10 2 0 5365 
9 3 0 5366 5365 
6 2 5367 5365 
10 2 0 5368 
9 3 0 5369 5368 
6 2 5370 5368 
10 2 0 5371 
9 3 0 5372 5371 
6 2 5373 5371 
10 2 0 5374 
9 3 0 5375 5374 
6 2 5376 5374 
10 2 0 5377 
9 3 0 5378 5377 
6 2 5379 5377 
10 2 0 5380 
9 3 0 5381 5380 
6 2 5382 5380 
10 2 0 5383 
11 7 5366 5369 5372 5375 5378 5381 5384 
1 0 
1 0 
1 0 
1 0 
1 0 
1 0 
1 0 
1 0 
1 0 
1 0 
1 0 
1 0 
1 0 
1 0 
1 0 
1 0 
2 2 0 5386 
3 1 5402 
4 2 0 5401 
3 1 5404 
5 3 0 5387 5403 
6 2 5406 5403 
7 3 0 5400 5405 
6 2 5408 5405 
5 3 0 5388 5407 
6 2 5410 5407 
7 3 0 5399 5409 
6 2 5412 5409 
5 3 0 5389 5411 
6 2 5414 5411 
7 3 0 5398 5413 
6 2 5416 5413 
5 3 0 5390 5415 
6 2 5418 5415 
7 3 0 5397 5417 
6 2 5420 5417 
5 3 0 5391 5419 
6 2 5422 5419 
7 3 0 5396 5421 
6 2 5424 5421 
5 3 0 5392 5423 
6 2 5426 5423 
7 3 0 5395 5425 
6 2 5428 5425 
5 3 0 5393 5427 
6 2 5430 5427 
7 3 0 5394 5429 
6 2 5432 5429 
5 3 0 5394 5431 
6 2 5434 5431 
7 3 0 5393 5433 
6 2 5436 5433 
5 3 0 5395 5435 
6 2 5438 5435 
7 3 0 5392 5437 
6 2 5440 5437 
5 3 0 5396 5439 
6 2 5442 5439 
7 3 0 5391 5441 
6 2 5444 5441 
5 3 0 5397 5443 
6 2 5446 5443 
7 3 0 5390 5445 
6 2 5448 5445 
5 3 0 5398 5447 
6 2 5450 5447 
7 3 0 5389 5449 
6 2 5452 5449 
5 3 0 5399 5451 
6 2 5454 5451 
7 3 0 5388 5453 
6 2 5456 5453 
5 3 0 5400 5455 
6 2 5458 5455 
7 3 0 5387 5457 
6 2 5460 5457 
5 3 0 5401 5459 
6 2 5462 5459 
7 3 0 5386 5461 
6 2 5464 5461 
8 3 5463 5465 0 
9 2 0 5466 
6 2 5467 5466 
10 2 0 5468 
9 3 0 5469 5468 
6 2 5470 5468 
10 2 0 5471 
9 3 0 5472 5471 
6 2 5473 5471 
10 2 0 5474 
9 3 0 5475 5474 
6 2 5476 5474 
10 2 0 5477 
9 3 0 5478 5477 
6 2 5479 5477 
10 2 0 5480 
9 3 0 5481 5480 
6 2 5482 5480 
10 2 0 5483 
9 3 0 5484 5483 
6 2 5485 5483 
10 2 0 5486 
9 3 0 5487 5486 
6 2 5488 5486 
10 2 0 5489 
9 3 0 5490 5489 
6 2 5491 5489 
10 2 0 5492 
9 3 0 5493 5492 
6 2 5494 5492 
10 2 0 5495 
9 3 0 5496 5495 
6 2 5497 5495 
10 2 0 5498 
9 3 0 5499 5498 
6 2 5500 5498 
10 2 0 5501 
9 3 0 5502 5501 
6 2 5503 5501 
10 2 0 5504 
9 3 0 5505 5504 
6 2 5506 5504 
10 2 0 5507 
9 3 0 5508 5507 
6 2 5509 5507 
10 2 0 5510 
11 15 5469 5472 5475 5478 5481 5484 5487 5490 5493 5496 5499 5502 5505 5508 5511 
13 64 47 86 149 220 315 378 441 560 623 686 741 844 923 986 1073 1104 1159 1238 1325 1420 1507 1666 1737 1856 1943 2054 2141 2284 2363 2418 2553 2664 2751 2822 3005 3052 3139 3194 3305 3400 3519 3582 3709 3788 3827 3962 4033 4104 4167 4254 4365 4436 4515 4586 4665 4832 4935 5006 5109 5156 5219 5322 5385 5512 
