5098
0 0 
1 0 
1 0 
1 0 
1 0 
2 2 0 1 
3 1 5 
4 2 0 4 
3 1 7 
5 3 0 2 6 
6 2 9 6 
7 3 0 3 8 
6 2 11 8 
5 3 0 3 10 
6 2 13 10 
7 3 0 2 12 
6 2 15 12 
5 3 0 4 14 
6 2 17 14 
7 3 0 1 16 
6 2 19 16 
8 3 18 20 0 
9 2 0 21 
6 2 22 21 
10 2 0 23 
9 3 0 24 23 
6 2 25 23 
10 2 0 26 
9 3 0 27 26 
6 2 28 26 
10 2 0 29 
11 3 24 27 30 
1 0 
1 0 
1 0 
1 0 
1 0 
1 0 
1 0 
1 0 
2 2 0 32 
3 1 40 
4 2 0 39 
3 1 42 
5 3 0 33 41 
6 2 44 41 
7 3 0 38 43 
6 2 46 43 
5 3 0 34 45 
6 2 48 45 
7 3 0 37 47 
6 2 50 47 
5 3 0 35 49 
6 2 52 49 
7 3 0 36 51 
6 2 54 51 
5 3 0 36 53 
6 2 56 53 
7 3 0 35 55 
6 2 58 55 
5 3 0 37 57 
6 2 60 57 
7 3 0 34 59 
6 2 62 59 
5 3 0 38 61 
6 2 64 61 
7 3 0 33 63 
6 2 66 63 
5 3 0 39 65 
6 2 68 65 
7 3 0 32 67 
6 2 70 67 
8 3 69 71 0 
9 2 0 72 
6 2 73 72 
10 2 0 74 
9 3 0 75 74 
6 2 76 74 
10 2 0 77 
9 3 0 78 77 
6 2 79 77 
10 2 0 80 
9 3 0 81 80 
6 2 82 80 
10 2 0 83 
9 3 0 84 83 
6 2 85 83 
10 2 0 86 
9 3 0 87 86 
6 2 88 86 
10 2 0 89 
9 3 0 90 89 
6 2 91 89 
10 2 0 92 
11 7 75 78 81 84 87 90 93 
1 0 
1 0 
1 0 
1 0 
1 0 
1 0 
1 0 
1 0 
1 0 
1 0 
1 0 
1 0 
1 0 
1 0 
2 2 0 95 
3 1 109 
4 2 0 108 
3 1 111 
5 3 0 96 110 
6 2 113 110 
7 3 0 107 112 
6 2 115 112 
5 3 0 97 114 
6 2 117 114 
7 3 0 106 116 
6 2 119 116 
5 3 0 98 118 
6 2 121 118 
7 3 0 105 120 
6 2 123 120 
5 3 0 99 122 
6 2 125 122 
7 3 0 104 124 
6 2 127 124 
5 3 0 100 126 
6 2 129 126 
7 3 0 103 128 
6 2 131 128 
5 3 0 101 130 
6 2 133 130 
7 3 0 102 132 
6 2 135 132 
5 3 0 102 134 
6 2 137 134 
7 3 0 101 136 
6 2 139 136 
5 3 0 103 138 
6 2 141 138 
7 3 0 100 140 
6 2 143 140 
5 3 0 104 142 
6 2 145 142 
7 3 0 99 144 
6 2 147 144 
5 3 0 105 146 
6 2 149 146 
7 3 0 98 148 
6 2 151 148 
5 3 0 106 150 
6 2 153 150 
7 3 0 97 152 
6 2 155 152 
5 3 0 107 154 
6 2 157 154 
7 3 0 96 156 
6 2 159 156 
5 3 0 108 158 
6 2 161 158 
7 3 0 95 160 
6 2 163 160 
8 3 162 164 0 
9 2 0 165 
6 2 166 165 
10 2 0 167 
9 3 0 168 167 
6 2 169 167 
10 2 0 170 
9 3 0 171 170 
6 2 172 170 
10 2 0 173 
9 3 0 174 173 
6 2 175 173 
10 2 0 176 
9 3 0 177 176 
6 2 178 176 
10 2 0 179 
9 3 0 180 179 
6 2 181 179 
10 2 0 182 
9 3 0 183 182 
6 2 184 182 
10 2 0 185 
9 3 0 186 185 
6 2 187 185 
10 2 0 188 
9 3 0 189 188 
6 2 190 188 
10 2 0 191 
9 3 0 192 191 
6 2 193 191 
10 2 0 194 
9 3 0 195 194 
6 2 196 194 
10 2 0 197 
9 3 0 198 197 
6 2 199 197 
10 2 0 200 
9 3 0 201 200 
6 2 202 200 
10 2 0 203 
11 13 168 171 174 177 180 183 186 189 192 195 198 201 204 
1 0 
1 0 
1 0 
1 0 
1 0 
1 0 
1 0 
1 0 
1 0 
1 0 
1 0 
2 2 0 206 
3 1 217 
4 2 0 216 
3 1 219 
5 3 0 207 218 
6 2 221 218 
7 3 0 215 220 
6 2 223 220 
5 3 0 208 222 
6 2 225 222 
7 3 0 214 224 
6 2 227 224 
5 3 0 209 226 
6 2 229 226 
7 3 0 213 228 
6 2 231 228 
5 3 0 210 230 
6 2 233 230 
7 3 0 212 232 
6 2 235 232 
5 3 0 211 234 
6 2 237 234 
7 3 0 211 236 
6 2 239 236 
5 3 0 212 238 
6 2 241 238 
7 3 0 210 240 
6 2 243 240 
5 3 0 213 242 
6 2 245 242 
7 3 0 209 244 
6 2 247 244 
5 3 0 214 246 
6 2 249 246 
7 3 0 208 248 
6 2 251 248 
5 3 0 215 250 
6 2 253 250 
7 3 0 207 252 
6 2 255 252 
5 3 0 216 254 
6 2 257 254 
7 3 0 206 256 
6 2 259 256 
8 3 258 260 0 
9 2 0 261 
6 2 262 261 
10 2 0 263 
9 3 0 264 263 
6 2 265 263 
10 2 0 266 
9 3 0 267 266 
6 2 268 266 
10 2 0 269 
9 3 0 270 269 
6 2 271 269 
10 2 0 272 
9 3 0 273 272 
6 2 274 272 
10 2 0 275 
9 3 0 276 275 
6 2 277 275 
10 2 0 278 
9 3 0 279 278 
6 2 280 278 
10 2 0 281 
9 3 0 282 281 
6 2 283 281 
10 2 0 284 
9 3 0 285 284 
6 2 286 284 
10 2 0 287 
9 3 0 288 287 
6 2 289 287 
10 2 0 290 
11 10 264 267 270 273 276 279 282 285 288 291 
1 0 
1 0 
1 0 
1 0 
1 0 
1 0 
1 0 
1 0 
2 2 0 293 
3 1 301 
4 2 0 300 
3 1 303 
5 3 0 294 302 
6 2 305 302 
7 3 0 299 304 
6 2 307 304 
5 3 0 295 306 
6 2 309 306 
7 3 0 298 308 
6 2 311 308 
5 3 0 296 310 
6 2 313 310 
7 3 0 297 312 
6 2 315 312 
5 3 0 297 314 
6 2 317 314 
7 3 0 296 316 
6 2 319 316 
5 3 0 298 318 
6 2 321 318 
7 3 0 295 320 
6 2 323 320 
5 3 0 299 322 
6 2 325 322 
7 3 0 294 324 
6 2 327 324 
5 3 0 300 326 
6 2 329 326 
7 3 0 293 328 
6 2 331 328 
8 3 330 332 0 
9 2 0 333 
6 2 334 333 
10 2 0 335 
9 3 0 336 335 
6 2 337 335 
10 2 0 338 
9 3 0 339 338 
6 2 340 338 
10 2 0 341 
9 3 0 342 341 
6 2 343 341 
10 2 0 344 
9 3 0 345 344 
6 2 346 344 
10 2 0 347 
9 3 0 348 347 
6 2 349 347 
10 2 0 350 
9 3 0 351 350 
6 2 352 350 
10 2 0 353 
11 7 336 339 342 345 348 351 354 
1 0 
1 0 
1 0 
1 0 
1 0 
1 0 
1 0 
1 0 
1 0 
2 2 0 356 
3 1 365 
4 2 0 364 
3 1 367 
5 3 0 357 366 
6 2 369 366 
7 3 0 363 368 
6 2 371 368 
5 3 0 358 370 
6 2 373 370 
7 3 0 362 372 
6 2 375 372 
5 3 0 359 374 
6 2 377 374 
7 3 0 361 376 
6 2 379 376 
5 3 0 360 378 
6 2 381 378 
7 3 0 360 380 
6 2 383 380 
5 3 0 361 382 
6 2 385 382 
7 3 0 359 384 
6 2 387 384 
5 3 0 362 386 
6 2 389 386 
7 3 0 358 388 
6 2 391 388 
5 3 0 363 390 
6 2 393 390 
7 3 0 357 392 
6 2 395 392 
5 3 0 364 394 
6 2 397 394 
7 3 0 356 396 
6 2 399 396 
8 3 398 400 0 
9 2 0 401 
6 2 402 401 
10 2 0 403 
9 3 0 404 403 
6 2 405 403 
10 2 0 406 
9 3 0 407 406 
6 2 408 406 
10 2 0 409 
9 3 0 410 409 
6 2 411 409 
10 2 0 412 
9 3 0 413 412 
6 2 414 412 
10 2 0 415 
9 3 0 416 415 
6 2 417 415 
10 2 0 418 
9 3 0 419 418 
6 2 420 418 
10 2 0 421 
9 3 0 422 421 
6 2 423 421 
10 2 0 424 
11 8 404 407 410 413 416 419 422 425 
1 0 
1 0 
1 0 
1 0 
1 0 
1 0 
1 0 
1 0 
1 0 
1 0 
1 0 
1 0 
2 2 0 427 
3 1 439 
4 2 0 438 
3 1 441 
5 3 0 428 440 
6 2 443 440 
7 3 0 437 442 
6 2 445 442 
5 3 0 429 444 
6 2 447 444 
7 3 0 436 446 
6 2 449 446 
5 3 0 430 448 
6 2 451 448 
7 3 0 435 450 
6 2 453 450 
5 3 0 431 452 
6 2 455 452 
7 3 0 434 454 
6 2 457 454 
5 3 0 432 456 
6 2 459 456 
7 3 0 433 458 
6 2 461 458 
5 3 0 433 460 
6 2 463 460 
7 3 0 432 462 
6 2 465 462 
5 3 0 434 464 
6 2 467 464 
7 3 0 431 466 
6 2 469 466 
5 3 0 435 468 
6 2 471 468 
7 3 0 430 470 
6 2 473 470 
5 3 0 436 472 
6 2 475 472 
7 3 0 429 474 
6 2 477 474 
5 3 0 437 476 
6 2 479 476 
7 3 0 428 478 
6 2 481 478 
5 3 0 438 480 
6 2 483 480 
7 3 0 427 482 
6 2 485 482 
8 3 484 486 0 
9 2 0 487 
6 2 488 487 
10 2 0 489 
9 3 0 490 489 
6 2 491 489 
10 2 0 492 
9 3 0 493 492 
6 2 494 492 
10 2 0 495 
9 3 0 496 495 
6 2 497 495 
10 2 0 498 
9 3 0 499 498 
6 2 500 498 
10 2 0 501 
9 3 0 502 501 
6 2 503 501 
10 2 0 504 
9 3 0 505 504 
6 2 506 504 
10 2 0 507 
9 3 0 508 507 
6 2 509 507 
10 2 0 510 
9 3 0 511 510 
6 2 512 510 
10 2 0 513 
9 3 0 514 513 
6 2 515 513 
10 2 0 516 
9 3 0 517 516 
6 2 518 516 
10 2 0 519 
11 11 490 493 496 499 502 505 508 511 514 517 520 
1 0 
1 0 
1 0 
1 0 
1 0 
1 0 
1 0 
2 2 0 522 
3 1 529 
4 2 0 528 
3 1 531 
5 3 0 523 530 
6 2 533 530 
7 3 0 527 532 
6 2 535 532 
5 3 0 524 534 
6 2 537 534 
7 3 0 526 536 
6 2 539 536 
5 3 0 525 538 
6 2 541 538 
7 3 0 525 540 
6 2 543 540 
5 3 0 526 542 
6 2 545 542 
7 3 0 524 544 
6 2 547 544 
5 3 0 527 546 
6 2 549 546 
7 3 0 523 548 
6 2 551 548 
5 3 0 528 550 
6 2 553 550 
7 3 0 522 552 
6 2 555 552 
8 3 554 556 0 
9 2 0 557 
6 2 558 557 
10 2 0 559 
9 3 0 560 559 
6 2 561 559 
10 2 0 562 
9 3 0 563 562 
6 2 564 562 
10 2 0 565 
9 3 0 566 565 
6 2 567 565 
10 2 0 568 
9 3 0 569 568 
6 2 570 568 
10 2 0 571 
9 3 0 572 571 
6 2 573 571 
10 2 0 574 
11 6 560 563 566 569 572 575 
1 0 
1 0 
1 0 
1 0 
1 0 
1 0 
1 0 
1 0 
2 2 0 577 
3 1 585 
4 2 0 584 
3 1 587 
5 3 0 578 586 
6 2 589 586 
7 3 0 583 588 
6 2 591 588 
5 3 0 579 590 
6 2 593 590 
7 3 0 582 592 
6 2 595 592 
5 3 0 580 594 
6 2 597 594 
7 3 0 581 596 
6 2 599 596 
5 3 0 581 598 
6 2 601 598 
7 3 0 580 600 
6 2 603 600 
5 3 0 582 602 
6 2 605 602 
7 3 0 579 604 
6 2 607 604 
5 3 0 583 606 
6 2 609 606 
7 3 0 578 608 
6 2 611 608 
5 3 0 584 610 
6 2 613 610 
7 3 0 577 612 
6 2 615 612 
8 3 614 616 0 
9 2 0 617 
6 2 618 617 
10 2 0 619 
9 3 0 620 619 
6 2 621 619 
10 2 0 622 
9 3 0 623 622 
6 2 624 622 
10 2 0 625 
9 3 0 626 625 
6 2 627 625 
10 2 0 628 
9 3 0 629 628 
6 2 630 628 
10 2 0 631 
9 3 0 632 631 
6 2 633 631 
10 2 0 634 
9 3 0 635 634 
6 2 636 634 
10 2 0 637 
11 7 620 623 626 629 632 635 638 
1 0 
1 0 
1 0 
1 0 
1 0 
1 0 
1 0 
1 0 
1 0 
1 0 
1 0 
1 0 
2 2 0 640 
3 1 652 
4 2 0 651 
3 1 654 
5 3 0 641 653 
6 2 656 653 
7 3 0 650 655 
6 2 658 655 
5 3 0 642 657 
6 2 660 657 
7 3 0 649 659 
6 2 662 659 
5 3 0 643 661 
6 2 664 661 
7 3 0 648 663 
6 2 666 663 
5 3 0 644 665 
6 2 668 665 
7 3 0 647 667 
6 2 670 667 
5 3 0 645 669 
6 2 672 669 
7 3 0 646 671 
6 2 674 671 
5 3 0 646 673 
6 2 676 673 
7 3 0 645 675 
6 2 678 675 
5 3 0 647 677 
6 2 680 677 
7 3 0 644 679 
6 2 682 679 
5 3 0 648 681 
6 2 684 681 
7 3 0 643 683 
6 2 686 683 
5 3 0 649 685 
6 2 688 685 
7 3 0 642 687 
6 2 690 687 
5 3 0 650 689 
6 2 692 689 
7 3 0 641 691 
6 2 694 691 
5 3 0 651 693 
6 2 696 693 
7 3 0 640 695 
6 2 698 695 
8 3 697 699 0 
9 2 0 700 
6 2 701 700 
10 2 0 702 
9 3 0 703 702 
6 2 704 702 
10 2 0 705 
9 3 0 706 705 
6 2 707 705 
10 2 0 708 
9 3 0 709 708 
6 2 710 708 
10 2 0 711 
9 3 0 712 711 
6 2 713 711 
10 2 0 714 
9 3 0 715 714 
6 2 716 714 
10 2 0 717 
9 3 0 718 717 
6 2 719 717 
10 2 0 720 
9 3 0 721 720 
6 2 722 720 
10 2 0 723 
9 3 0 724 723 
6 2 725 723 
10 2 0 726 
9 3 0 727 726 
6 2 728 726 
10 2 0 729 
9 3 0 730 729 
6 2 731 729 
10 2 0 732 
11 11 703 706 709 712 715 718 721 724 727 730 733 
1 0 
1 0 
1 0 
1 0 
1 0 
1 0 
1 0 
1 0 
1 0 
1 0 
2 2 0 735 
3 1 745 
4 2 0 744 
3 1 747 
5 3 0 736 746 
6 2 749 746 
7 3 0 743 748 
6 2 751 748 
5 3 0 737 750 
6 2 753 750 
7 3 0 742 752 
6 2 755 752 
5 3 0 738 754 
6 2 757 754 
7 3 0 741 756 
6 2 759 756 
5 3 0 739 758 
6 2 761 758 
7 3 0 740 760 
6 2 763 760 
5 3 0 740 762 
6 2 765 762 
7 3 0 739 764 
6 2 767 764 
5 3 0 741 766 
6 2 769 766 
7 3 0 738 768 
6 2 771 768 
5 3 0 742 770 
6 2 773 770 
7 3 0 737 772 
6 2 775 772 
5 3 0 743 774 
6 2 777 774 
7 3 0 736 776 
6 2 779 776 
5 3 0 744 778 
6 2 781 778 
7 3 0 735 780 
6 2 783 780 
8 3 782 784 0 
9 2 0 785 
6 2 786 785 
10 2 0 787 
9 3 0 788 787 
6 2 789 787 
10 2 0 790 
9 3 0 791 790 
6 2 792 790 
10 2 0 793 
9 3 0 794 793 
6 2 795 793 
10 2 0 796 
9 3 0 797 796 
6 2 798 796 
10 2 0 799 
9 3 0 800 799 
6 2 801 799 
10 2 0 802 
9 3 0 803 802 
6 2 804 802 
10 2 0 805 
9 3 0 806 805 
6 2 807 805 
10 2 0 808 
9 3 0 809 808 
6 2 810 808 
10 2 0 811 
11 9 788 791 794 797 800 803 806 809 812 
1 0 
1 0 
1 0 
1 0 
1 0 
1 0 
1 0 
1 0 
1 0 
2 2 0 814 
3 1 823 
4 2 0 822 
3 1 825 
5 3 0 815 824 
6 2 827 824 
7 3 0 821 826 
6 2 829 826 
5 3 0 816 828 
6 2 831 828 
7 3 0 820 830 
6 2 833 830 
5 3 0 817 832 
6 2 835 832 
7 3 0 819 834 
6 2 837 834 
5 3 0 818 836 
6 2 839 836 
7 3 0 818 838 
6 2 841 838 
5 3 0 819 840 
6 2 843 840 
7 3 0 817 842 
6 2 845 842 
5 3 0 820 844 
6 2 847 844 
7 3 0 816 846 
6 2 849 846 
5 3 0 821 848 
6 2 851 848 
7 3 0 815 850 
6 2 853 850 
5 3 0 822 852 
6 2 855 852 
7 3 0 814 854 
6 2 857 854 
8 3 856 858 0 
9 2 0 859 
6 2 860 859 
10 2 0 861 
9 3 0 862 861 
6 2 863 861 
10 2 0 864 
9 3 0 865 864 
6 2 866 864 
10 2 0 867 
9 3 0 868 867 
6 2 869 867 
10 2 0 870 
9 3 0 871 870 
6 2 872 870 
10 2 0 873 
9 3 0 874 873 
6 2 875 873 
10 2 0 876 
9 3 0 877 876 
6 2 878 876 
10 2 0 879 
9 3 0 880 879 
6 2 881 879 
10 2 0 882 
11 8 862 865 868 871 874 877 880 883 
1 0 
1 0 
1 0 
1 0 
1 0 
1 0 
1 0 
1 0 
1 0 
1 0 
1 0 
1 0 
1 0 
2 2 0 885 
3 1 898 
4 2 0 897 
3 1 900 
5 3 0 886 899 
6 2 902 899 
7 3 0 896 901 
6 2 904 901 
5 3 0 887 903 
6 2 906 903 
7 3 0 895 905 
6 2 908 905 
5 3 0 888 907 
6 2 910 907 
7 3 0 894 909 
6 2 912 909 
5 3 0 889 911 
6 2 914 911 
7 3 0 893 913 
6 2 916 913 
5 3 0 890 915 
6 2 918 915 
7 3 0 892 917 
6 2 920 917 
5 3 0 891 919 
6 2 922 919 
7 3 0 891 921 
6 2 924 921 
5 3 0 892 923 
6 2 926 923 
7 3 0 890 925 
6 2 928 925 
5 3 0 893 927 
6 2 930 927 
7 3 0 889 929 
6 2 932 929 
5 3 0 894 931 
6 2 934 931 
7 3 0 888 933 
6 2 936 933 
5 3 0 895 935 
6 2 938 935 
7 3 0 887 937 
6 2 940 937 
5 3 0 896 939 
6 2 942 939 
7 3 0 886 941 
6 2 944 941 
5 3 0 897 943 
6 2 946 943 
7 3 0 885 945 
6 2 948 945 
8 3 947 949 0 
9 2 0 950 
6 2 951 950 
10 2 0 952 
9 3 0 953 952 
6 2 954 952 
10 2 0 955 
9 3 0 956 955 
6 2 957 955 
10 2 0 958 
9 3 0 959 958 
6 2 960 958 
10 2 0 961 
9 3 0 962 961 
6 2 963 961 
10 2 0 964 
9 3 0 965 964 
6 2 966 964 
10 2 0 967 
9 3 0 968 967 
6 2 969 967 
10 2 0 970 
9 3 0 971 970 
6 2 972 970 
10 2 0 973 
9 3 0 974 973 
6 2 975 973 
10 2 0 976 
9 3 0 977 976 
6 2 978 976 
10 2 0 979 
9 3 0 980 979 
6 2 981 979 
10 2 0 982 
9 3 0 983 982 
6 2 984 982 
10 2 0 985 
11 12 953 956 959 962 965 968 971 974 977 980 983 986 
1 0 
1 0 
1 0 
1 0 
1 0 
1 0 
2 2 0 988 
3 1 994 
4 2 0 993 
3 1 996 
5 3 0 989 995 
6 2 998 995 
7 3 0 992 997 
6 2 1000 997 
5 3 0 990 999 
6 2 1002 999 
7 3 0 991 1001 
6 2 1004 1001 
5 3 0 991 1003 
6 2 1006 1003 
7 3 0 990 1005 
6 2 1008 1005 
5 3 0 992 1007 
6 2 1010 1007 
7 3 0 989 1009 
6 2 1012 1009 
5 3 0 993 1011 
6 2 1014 1011 
7 3 0 988 1013 
6 2 1016 1013 
8 3 1015 1017 0 
9 2 0 1018 
6 2 1019 1018 
10 2 0 1020 
9 3 0 1021 1020 
6 2 1022 1020 
10 2 0 1023 
9 3 0 1024 1023 
6 2 1025 1023 
10 2 0 1026 
9 3 0 1027 1026 
6 2 1028 1026 
10 2 0 1029 
9 3 0 1030 1029 
6 2 1031 1029 
10 2 0 1032 
11 5 1021 1024 1027 1030 1033 
1 0 
1 0 
1 0 
1 0 
1 0 
1 0 
1 0 
1 0 
1 0 
2 2 0 1035 
3 1 1044 
4 2 0 1043 
3 1 1046 
5 3 0 1036 1045 
6 2 1048 1045 
7 3 0 1042 1047 
6 2 1050 1047 
5 3 0 1037 1049 
6 2 1052 1049 
7 3 0 1041 1051 
6 2 1054 1051 
5 3 0 1038 1053 
6 2 1056 1053 
7 3 0 1040 1055 
6 2 1058 1055 
5 3 0 1039 1057 
6 2 1060 1057 
7 3 0 1039 1059 
6 2 1062 1059 
5 3 0 1040 1061 
6 2 1064 1061 
7 3 0 1038 1063 
6 2 1066 1063 
5 3 0 1041 1065 
6 2 1068 1065 
7 3 0 1037 1067 
6 2 1070 1067 
5 3 0 1042 1069 
6 2 1072 1069 
7 3 0 1036 1071 
6 2 1074 1071 
5 3 0 1043 1073 
6 2 1076 1073 
7 3 0 1035 1075 
6 2 1078 1075 
8 3 1077 1079 0 
9 2 0 1080 
6 2 1081 1080 
10 2 0 1082 
9 3 0 1083 1082 
6 2 1084 1082 
10 2 0 1085 
9 3 0 1086 1085 
6 2 1087 1085 
10 2 0 1088 
9 3 0 1089 1088 
6 2 1090 1088 
10 2 0 1091 
9 3 0 1092 1091 
6 2 1093 1091 
10 2 0 1094 
9 3 0 1095 1094 
6 2 1096 1094 
10 2 0 1097 
9 3 0 1098 1097 
6 2 1099 1097 
10 2 0 1100 
9 3 0 1101 1100 
6 2 1102 1100 
10 2 0 1103 
11 8 1083 1086 1089 1092 1095 1098 1101 1104 
1 0 
1 0 
1 0 
1 0 
1 0 
1 0 
1 0 
2 2 0 1106 
3 1 1113 
4 2 0 1112 
3 1 1115 
5 3 0 1107 1114 
6 2 1117 1114 
7 3 0 1111 1116 
6 2 1119 1116 
5 3 0 1108 1118 
6 2 1121 1118 
7 3 0 1110 1120 
6 2 1123 1120 
5 3 0 1109 1122 
6 2 1125 1122 
7 3 0 1109 1124 
6 2 1127 1124 
5 3 0 1110 1126 
6 2 1129 1126 
7 3 0 1108 1128 
6 2 1131 1128 
5 3 0 1111 1130 
6 2 1133 1130 
7 3 0 1107 1132 
6 2 1135 1132 
5 3 0 1112 1134 
6 2 1137 1134 
7 3 0 1106 1136 
6 2 1139 1136 
8 3 1138 1140 0 
9 2 0 1141 
6 2 1142 1141 
10 2 0 1143 
9 3 0 1144 1143 
6 2 1145 1143 
10 2 0 1146 
9 3 0 1147 1146 
6 2 1148 1146 
10 2 0 1149 
9 3 0 1150 1149 
6 2 1151 1149 
10 2 0 1152 
9 3 0 1153 1152 
6 2 1154 1152 
10 2 0 1155 
9 3 0 1156 1155 
6 2 1157 1155 
10 2 0 1158 
11 6 1144 1147 1150 1153 1156 1159 
1 0 
1 0 
1 0 
1 0 
1 0 
1 0 
1 0 
1 0 
1 0 
1 0 
1 0 
1 0 
1 0 
1 0 
1 0 
1 0 
1 0 
1 0 
2 2 0 1161 
3 1 1179 
4 2 0 1178 
3 1 1181 
5 3 0 1162 1180 
6 2 1183 1180 
7 3 0 1177 1182 
6 2 1185 1182 
5 3 0 1163 1184 
6 2 1187 1184 
7 3 0 1176 1186 
6 2 1189 1186 
5 3 0 1164 1188 
6 2 1191 1188 
7 3 0 1175 1190 
6 2 1193 1190 
5 3 0 1165 1192 
6 2 1195 1192 
7 3 0 1174 1194 
6 2 1197 1194 
5 3 0 1166 1196 
6 2 1199 1196 
7 3 0 1173 1198 
6 2 1201 1198 
5 3 0 1167 1200 
6 2 1203 1200 
7 3 0 1172 1202 
6 2 1205 1202 
5 3 0 1168 1204 
6 2 1207 1204 
7 3 0 1171 1206 
6 2 1209 1206 
5 3 0 1169 1208 
6 2 1211 1208 
7 3 0 1170 1210 
6 2 1213 1210 
5 3 0 1170 1212 
6 2 1215 1212 
7 3 0 1169 1214 
6 2 1217 1214 
5 3 0 1171 1216 
6 2 1219 1216 
7 3 0 1168 1218 
6 2 1221 1218 
5 3 0 1172 1220 
6 2 1223 1220 
7 3 0 1167 1222 
6 2 1225 1222 
5 3 0 1173 1224 
6 2 1227 1224 
7 3 0 1166 1226 
6 2 1229 1226 
5 3 0 1174 1228 
6 2 1231 1228 
7 3 0 1165 1230 
6 2 1233 1230 
5 3 0 1175 1232 
6 2 1235 1232 
7 3 0 1164 1234 
6 2 1237 1234 
5 3 0 1176 1236 
6 2 1239 1236 
7 3 0 1163 1238 
6 2 1241 1238 
5 3 0 1177 1240 
6 2 1243 1240 
7 3 0 1162 1242 
6 2 1245 1242 
5 3 0 1178 1244 
6 2 1247 1244 
7 3 0 1161 1246 
6 2 1249 1246 
8 3 1248 1250 0 
9 2 0 1251 
6 2 1252 1251 
10 2 0 1253 
9 3 0 1254 1253 
6 2 1255 1253 
10 2 0 1256 
9 3 0 1257 1256 
6 2 1258 1256 
10 2 0 1259 
9 3 0 1260 1259 
6 2 1261 1259 
10 2 0 1262 
9 3 0 1263 1262 
6 2 1264 1262 
10 2 0 1265 
9 3 0 1266 1265 
6 2 1267 1265 
10 2 0 1268 
9 3 0 1269 1268 
6 2 1270 1268 
10 2 0 1271 
9 3 0 1272 1271 
6 2 1273 1271 
10 2 0 1274 
9 3 0 1275 1274 
6 2 1276 1274 
10 2 0 1277 
9 3 0 1278 1277 
6 2 1279 1277 
10 2 0 1280 
9 3 0 1281 1280 
6 2 1282 1280 
10 2 0 1283 
9 3 0 1284 1283 
6 2 1285 1283 
10 2 0 1286 
9 3 0 1287 1286 
6 2 1288 1286 
10 2 0 1289 
9 3 0 1290 1289 
6 2 1291 1289 
10 2 0 1292 
9 3 0 1293 1292 
6 2 1294 1292 
10 2 0 1295 
9 3 0 1296 1295 
6 2 1297 1295 
10 2 0 1298 
9 3 0 1299 1298 
6 2 1300 1298 
10 2 0 1301 
11 17 1254 1257 1260 1263 1266 1269 1272 1275 1278 1281 1284 1287 1290 1293 1296 1299 1302 
1 0 
1 0 
1 0 
1 0 
1 0 
1 0 
1 0 
1 0 
1 0 
1 0 
1 0 
1 0 
2 2 0 1304 
3 1 1316 
4 2 0 1315 
3 1 1318 
5 3 0 1305 1317 
6 2 1320 1317 
7 3 0 1314 1319 
6 2 1322 1319 
5 3 0 1306 1321 
6 2 1324 1321 
7 3 0 1313 1323 
6 2 1326 1323 
5 3 0 1307 1325 
6 2 1328 1325 
7 3 0 1312 1327 
6 2 1330 1327 
5 3 0 1308 1329 
6 2 1332 1329 
7 3 0 1311 1331 
6 2 1334 1331 
5 3 0 1309 1333 
6 2 1336 1333 
7 3 0 1310 1335 
6 2 1338 1335 
5 3 0 1310 1337 
6 2 1340 1337 
7 3 0 1309 1339 
6 2 1342 1339 
5 3 0 1311 1341 
6 2 1344 1341 
7 3 0 1308 1343 
6 2 1346 1343 
5 3 0 1312 1345 
6 2 1348 1345 
7 3 0 1307 1347 
6 2 1350 1347 
5 3 0 1313 1349 
6 2 1352 1349 
7 3 0 1306 1351 
6 2 1354 1351 
5 3 0 1314 1353 
6 2 1356 1353 
7 3 0 1305 1355 
6 2 1358 1355 
5 3 0 1315 1357 
6 2 1360 1357 
7 3 0 1304 1359 
6 2 1362 1359 
8 3 1361 1363 0 
9 2 0 1364 
6 2 1365 1364 
10 2 0 1366 
9 3 0 1367 1366 
6 2 1368 1366 
10 2 0 1369 
9 3 0 1370 1369 
6 2 1371 1369 
10 2 0 1372 
9 3 0 1373 1372 
6 2 1374 1372 
10 2 0 1375 
9 3 0 1376 1375 
6 2 1377 1375 
10 2 0 1378 
9 3 0 1379 1378 
6 2 1380 1378 
10 2 0 1381 
9 3 0 1382 1381 
6 2 1383 1381 
10 2 0 1384 
9 3 0 1385 1384 
6 2 1386 1384 
10 2 0 1387 
9 3 0 1388 1387 
6 2 1389 1387 
10 2 0 1390 
9 3 0 1391 1390 
6 2 1392 1390 
10 2 0 1393 
9 3 0 1394 1393 
6 2 1395 1393 
10 2 0 1396 
11 11 1367 1370 1373 1376 1379 1382 1385 1388 1391 1394 1397 
1 0 
1 0 
1 0 
1 0 
1 0 
1 0 
1 0 
1 0 
2 2 0 1399 
3 1 1407 
4 2 0 1406 
3 1 1409 
5 3 0 1400 1408 
6 2 1411 1408 
7 3 0 1405 1410 
6 2 1413 1410 
5 3 0 1401 1412 
6 2 1415 1412 
7 3 0 1404 1414 
6 2 1417 1414 
5 3 0 1402 1416 
6 2 1419 1416 
7 3 0 1403 1418 
6 2 1421 1418 
5 3 0 1403 1420 
6 2 1423 1420 
7 3 0 1402 1422 
6 2 1425 1422 
5 3 0 1404 1424 
6 2 1427 1424 
7 3 0 1401 1426 
6 2 1429 1426 
5 3 0 1405 1428 
6 2 1431 1428 
7 3 0 1400 1430 
6 2 1433 1430 
5 3 0 1406 1432 
6 2 1435 1432 
7 3 0 1399 1434 
6 2 1437 1434 
8 3 1436 1438 0 
9 2 0 1439 
6 2 1440 1439 
10 2 0 1441 
9 3 0 1442 1441 
6 2 1443 1441 
10 2 0 1444 
9 3 0 1445 1444 
6 2 1446 1444 
10 2 0 1447 
9 3 0 1448 1447 
6 2 1449 1447 
10 2 0 1450 
9 3 0 1451 1450 
6 2 1452 1450 
10 2 0 1453 
9 3 0 1454 1453 
6 2 1455 1453 
10 2 0 1456 
9 3 0 1457 1456 
6 2 1458 1456 
10 2 0 1459 
11 7 1442 1445 1448 1451 1454 1457 1460 
1 0 
1 0 
1 0 
1 0 
1 0 
1 0 
1 0 
1 0 
1 0 
1 0 
1 0 
1 0 
1 0 
1 0 
1 0 
1 0 
1 0 
2 2 0 1462 
3 1 1479 
4 2 0 1478 
3 1 1481 
5 3 0 1463 1480 
6 2 1483 1480 
7 3 0 1477 1482 
6 2 1485 1482 
5 3 0 1464 1484 
6 2 1487 1484 
7 3 0 1476 1486 
6 2 1489 1486 
5 3 0 1465 1488 
6 2 1491 1488 
7 3 0 1475 1490 
6 2 1493 1490 
5 3 0 1466 1492 
6 2 1495 1492 
7 3 0 1474 1494 
6 2 1497 1494 
5 3 0 1467 1496 
6 2 1499 1496 
7 3 0 1473 1498 
6 2 1501 1498 
5 3 0 1468 1500 
6 2 1503 1500 
7 3 0 1472 1502 
6 2 1505 1502 
5 3 0 1469 1504 
6 2 1507 1504 
7 3 0 1471 1506 
6 2 1509 1506 
5 3 0 1470 1508 
6 2 1511 1508 
7 3 0 1470 1510 
6 2 1513 1510 
5 3 0 1471 1512 
6 2 1515 1512 
7 3 0 1469 1514 
6 2 1517 1514 
5 3 0 1472 1516 
6 2 1519 1516 
7 3 0 1468 1518 
6 2 1521 1518 
5 3 0 1473 1520 
6 2 1523 1520 
7 3 0 1467 1522 
6 2 1525 1522 
5 3 0 1474 1524 
6 2 1527 1524 
7 3 0 1466 1526 
6 2 1529 1526 
5 3 0 1475 1528 
6 2 1531 1528 
7 3 0 1465 1530 
6 2 1533 1530 
5 3 0 1476 1532 
6 2 1535 1532 
7 3 0 1464 1534 
6 2 1537 1534 
5 3 0 1477 1536 
6 2 1539 1536 
7 3 0 1463 1538 
6 2 1541 1538 
5 3 0 1478 1540 
6 2 1543 1540 
7 3 0 1462 1542 
6 2 1545 1542 
8 3 1544 1546 0 
9 2 0 1547 
6 2 1548 1547 
10 2 0 1549 
9 3 0 1550 1549 
6 2 1551 1549 
10 2 0 1552 
9 3 0 1553 1552 
6 2 1554 1552 
10 2 0 1555 
9 3 0 1556 1555 
6 2 1557 1555 
10 2 0 1558 
9 3 0 1559 1558 
6 2 1560 1558 
10 2 0 1561 
9 3 0 1562 1561 
6 2 1563 1561 
10 2 0 1564 
9 3 0 1565 1564 
6 2 1566 1564 
10 2 0 1567 
9 3 0 1568 1567 
6 2 1569 1567 
10 2 0 1570 
9 3 0 1571 1570 
6 2 1572 1570 
10 2 0 1573 
9 3 0 1574 1573 
6 2 1575 1573 
10 2 0 1576 
9 3 0 1577 1576 
6 2 1578 1576 
10 2 0 1579 
9 3 0 1580 1579 
6 2 1581 1579 
10 2 0 1582 
9 3 0 1583 1582 
6 2 1584 1582 
10 2 0 1585 
9 3 0 1586 1585 
6 2 1587 1585 
10 2 0 1588 
9 3 0 1589 1588 
6 2 1590 1588 
10 2 0 1591 
9 3 0 1592 1591 
6 2 1593 1591 
10 2 0 1594 
11 16 1550 1553 1556 1559 1562 1565 1568 1571 1574 1577 1580 1583 1586 1589 1592 1595 
1 0 
1 0 
1 0 
1 0 
1 0 
1 0 
1 0 
1 0 
1 0 
2 2 0 1597 
3 1 1606 
4 2 0 1605 
3 1 1608 
5 3 0 1598 1607 
6 2 1610 1607 
7 3 0 1604 1609 
6 2 1612 1609 
5 3 0 1599 1611 
6 2 1614 1611 
7 3 0 1603 1613 
6 2 1616 1613 
5 3 0 1600 1615 
6 2 1618 1615 
7 3 0 1602 1617 
6 2 1620 1617 
5 3 0 1601 1619 
6 2 1622 1619 
7 3 0 1601 1621 
6 2 1624 1621 
5 3 0 1602 1623 
6 2 1626 1623 
7 3 0 1600 1625 
6 2 1628 1625 
5 3 0 1603 1627 
6 2 1630 1627 
7 3 0 1599 1629 
6 2 1632 1629 
5 3 0 1604 1631 
6 2 1634 1631 
7 3 0 1598 1633 
6 2 1636 1633 
5 3 0 1605 1635 
6 2 1638 1635 
7 3 0 1597 1637 
6 2 1640 1637 
8 3 1639 1641 0 
9 2 0 1642 
6 2 1643 1642 
10 2 0 1644 
9 3 0 1645 1644 
6 2 1646 1644 
10 2 0 1647 
9 3 0 1648 1647 
6 2 1649 1647 
10 2 0 1650 
9 3 0 1651 1650 
6 2 1652 1650 
10 2 0 1653 
9 3 0 1654 1653 
6 2 1655 1653 
10 2 0 1656 
9 3 0 1657 1656 
6 2 1658 1656 
10 2 0 1659 
9 3 0 1660 1659 
6 2 1661 1659 
10 2 0 1662 
9 3 0 1663 1662 
6 2 1664 1662 
10 2 0 1665 
11 8 1645 1648 1651 1654 1657 1660 1663 1666 
1 0 
1 0 
1 0 
1 0 
1 0 
1 0 
1 0 
1 0 
1 0 
1 0 
2 2 0 1668 
3 1 1678 
4 2 0 1677 
3 1 1680 
5 3 0 1669 1679 
6 2 1682 1679 
7 3 0 1676 1681 
6 2 1684 1681 
5 3 0 1670 1683 
6 2 1686 1683 
7 3 0 1675 1685 
6 2 1688 1685 
5 3 0 1671 1687 
6 2 1690 1687 
7 3 0 1674 1689 
6 2 1692 1689 
5 3 0 1672 1691 
6 2 1694 1691 
7 3 0 1673 1693 
6 2 1696 1693 
5 3 0 1673 1695 
6 2 1698 1695 
7 3 0 1672 1697 
6 2 1700 1697 
5 3 0 1674 1699 
6 2 1702 1699 
7 3 0 1671 1701 
6 2 1704 1701 
5 3 0 1675 1703 
6 2 1706 1703 
7 3 0 1670 1705 
6 2 1708 1705 
5 3 0 1676 1707 
6 2 1710 1707 
7 3 0 1669 1709 
6 2 1712 1709 
5 3 0 1677 1711 
6 2 1714 1711 
7 3 0 1668 1713 
6 2 1716 1713 
8 3 1715 1717 0 
9 2 0 1718 
6 2 1719 1718 
10 2 0 1720 
9 3 0 1721 1720 
6 2 1722 1720 
10 2 0 1723 
9 3 0 1724 1723 
6 2 1725 1723 
10 2 0 1726 
9 3 0 1727 1726 
6 2 1728 1726 
10 2 0 1729 
9 3 0 1730 1729 
6 2 1731 1729 
10 2 0 1732 
9 3 0 1733 1732 
6 2 1734 1732 
10 2 0 1735 
9 3 0 1736 1735 
6 2 1737 1735 
10 2 0 1738 
9 3 0 1739 1738 
6 2 1740 1738 
10 2 0 1741 
9 3 0 1742 1741 
6 2 1743 1741 
10 2 0 1744 
11 9 1721 1724 1727 1730 1733 1736 1739 1742 1745 
1 0 
1 0 
1 0 
1 0 
1 0 
1 0 
1 0 
1 0 
1 0 
1 0 
1 0 
1 0 
1 0 
2 2 0 1747 
3 1 1760 
4 2 0 1759 
3 1 1762 
5 3 0 1748 1761 
6 2 1764 1761 
7 3 0 1758 1763 
6 2 1766 1763 
5 3 0 1749 1765 
6 2 1768 1765 
7 3 0 1757 1767 
6 2 1770 1767 
5 3 0 1750 1769 
6 2 1772 1769 
7 3 0 1756 1771 
6 2 1774 1771 
5 3 0 1751 1773 
6 2 1776 1773 
7 3 0 1755 1775 
6 2 1778 1775 
5 3 0 1752 1777 
6 2 1780 1777 
7 3 0 1754 1779 
6 2 1782 1779 
5 3 0 1753 1781 
6 2 1784 1781 
7 3 0 1753 1783 
6 2 1786 1783 
5 3 0 1754 1785 
6 2 1788 1785 
7 3 0 1752 1787 
6 2 1790 1787 
5 3 0 1755 1789 
6 2 1792 1789 
7 3 0 1751 1791 
6 2 1794 1791 
5 3 0 1756 1793 
6 2 1796 1793 
7 3 0 1750 1795 
6 2 1798 1795 
5 3 0 1757 1797 
6 2 1800 1797 
7 3 0 1749 1799 
6 2 1802 1799 
5 3 0 1758 1801 
6 2 1804 1801 
7 3 0 1748 1803 
6 2 1806 1803 
5 3 0 1759 1805 
6 2 1808 1805 
7 3 0 1747 1807 
6 2 1810 1807 
8 3 1809 1811 0 
9 2 0 1812 
6 2 1813 1812 
10 2 0 1814 
9 3 0 1815 1814 
6 2 1816 1814 
10 2 0 1817 
9 3 0 1818 1817 
6 2 1819 1817 
10 2 0 1820 
9 3 0 1821 1820 
6 2 1822 1820 
10 2 0 1823 
9 3 0 1824 1823 
6 2 1825 1823 
10 2 0 1826 
9 3 0 1827 1826 
6 2 1828 1826 
10 2 0 1829 
9 3 0 1830 1829 
6 2 1831 1829 
10 2 0 1832 
9 3 0 1833 1832 
6 2 1834 1832 
10 2 0 1835 
9 3 0 1836 1835 
6 2 1837 1835 
10 2 0 1838 
9 3 0 1839 1838 
6 2 1840 1838 
10 2 0 1841 
9 3 0 1842 1841 
6 2 1843 1841 
10 2 0 1844 
9 3 0 1845 1844 
6 2 1846 1844 
10 2 0 1847 
11 12 1815 1818 1821 1824 1827 1830 1833 1836 1839 1842 1845 1848 
1 0 
1 0 
1 0 
1 0 
1 0 
1 0 
1 0 
1 0 
1 0 
1 0 
1 0 
1 0 
1 0 
1 0 
1 0 
2 2 0 1850 
3 1 1865 
4 2 0 1864 
3 1 1867 
5 3 0 1851 1866 
6 2 1869 1866 
7 3 0 1863 1868 
6 2 1871 1868 
5 3 0 1852 1870 
6 2 1873 1870 
7 3 0 1862 1872 
6 2 1875 1872 
5 3 0 1853 1874 
6 2 1877 1874 
7 3 0 1861 1876 
6 2 1879 1876 
5 3 0 1854 1878 
6 2 1881 1878 
7 3 0 1860 1880 
6 2 1883 1880 
5 3 0 1855 1882 
6 2 1885 1882 
7 3 0 1859 1884 
6 2 1887 1884 
5 3 0 1856 1886 
6 2 1889 1886 
7 3 0 1858 1888 
6 2 1891 1888 
5 3 0 1857 1890 
6 2 1893 1890 
7 3 0 1857 1892 
6 2 1895 1892 
5 3 0 1858 1894 
6 2 1897 1894 
7 3 0 1856 1896 
6 2 1899 1896 
5 3 0 1859 1898 
6 2 1901 1898 
7 3 0 1855 1900 
6 2 1903 1900 
5 3 0 1860 1902 
6 2 1905 1902 
7 3 0 1854 1904 
6 2 1907 1904 
5 3 0 1861 1906 
6 2 1909 1906 
7 3 0 1853 1908 
6 2 1911 1908 
5 3 0 1862 1910 
6 2 1913 1910 
7 3 0 1852 1912 
6 2 1915 1912 
5 3 0 1863 1914 
6 2 1917 1914 
7 3 0 1851 1916 
6 2 1919 1916 
5 3 0 1864 1918 
6 2 1921 1918 
7 3 0 1850 1920 
6 2 1923 1920 
8 3 1922 1924 0 
9 2 0 1925 
6 2 1926 1925 
10 2 0 1927 
9 3 0 1928 1927 
6 2 1929 1927 
10 2 0 1930 
9 3 0 1931 1930 
6 2 1932 1930 
10 2 0 1933 
9 3 0 1934 1933 
6 2 1935 1933 
10 2 0 1936 
9 3 0 1937 1936 
6 2 1938 1936 
10 2 0 1939 
9 3 0 1940 1939 
6 2 1941 1939 
10 2 0 1942 
9 3 0 1943 1942 
6 2 1944 1942 
10 2 0 1945 
9 3 0 1946 1945 
6 2 1947 1945 
10 2 0 1948 
9 3 0 1949 1948 
6 2 1950 1948 
10 2 0 1951 
9 3 0 1952 1951 
6 2 1953 1951 
10 2 0 1954 
9 3 0 1955 1954 
6 2 1956 1954 
10 2 0 1957 
9 3 0 1958 1957 
6 2 1959 1957 
10 2 0 1960 
9 3 0 1961 1960 
6 2 1962 1960 
10 2 0 1963 
9 3 0 1964 1963 
6 2 1965 1963 
10 2 0 1966 
11 14 1928 1931 1934 1937 1940 1943 1946 1949 1952 1955 1958 1961 1964 1967 
1 0 
1 0 
1 0 
1 0 
1 0 
1 0 
1 0 
1 0 
1 0 
1 0 
2 2 0 1969 
3 1 1979 
4 2 0 1978 
3 1 1981 
5 3 0 1970 1980 
6 2 1983 1980 
7 3 0 1977 1982 
6 2 1985 1982 
5 3 0 1971 1984 
6 2 1987 1984 
7 3 0 1976 1986 
6 2 1989 1986 
5 3 0 1972 1988 
6 2 1991 1988 
7 3 0 1975 1990 
6 2 1993 1990 
5 3 0 1973 1992 
6 2 1995 1992 
7 3 0 1974 1994 
6 2 1997 1994 
5 3 0 1974 1996 
6 2 1999 1996 
7 3 0 1973 1998 
6 2 2001 1998 
5 3 0 1975 2000 
6 2 2003 2000 
7 3 0 1972 2002 
6 2 2005 2002 
5 3 0 1976 2004 
6 2 2007 2004 
7 3 0 1971 2006 
6 2 2009 2006 
5 3 0 1977 2008 
6 2 2011 2008 
7 3 0 1970 2010 
6 2 2013 2010 
5 3 0 1978 2012 
6 2 2015 2012 
7 3 0 1969 2014 
6 2 2017 2014 
8 3 2016 2018 0 
9 2 0 2019 
6 2 2020 2019 
10 2 0 2021 
9 3 0 2022 2021 
6 2 2023 2021 
10 2 0 2024 
9 3 0 2025 2024 
6 2 2026 2024 
10 2 0 2027 
9 3 0 2028 2027 
6 2 2029 2027 
10 2 0 2030 
9 3 0 2031 2030 
6 2 2032 2030 
10 2 0 2033 
9 3 0 2034 2033 
6 2 2035 2033 
10 2 0 2036 
9 3 0 2037 2036 
6 2 2038 2036 
10 2 0 2039 
9 3 0 2040 2039 
6 2 2041 2039 
10 2 0 2042 
9 3 0 2043 2042 
6 2 2044 2042 
10 2 0 2045 
11 9 2022 2025 2028 2031 2034 2037 2040 2043 2046 
1 0 
1 0 
1 0 
1 0 
1 0 
1 0 
1 0 
1 0 
2 2 0 2048 
3 1 2056 
4 2 0 2055 
3 1 2058 
5 3 0 2049 2057 
6 2 2060 2057 
7 3 0 2054 2059 
6 2 2062 2059 
5 3 0 2050 2061 
6 2 2064 2061 
7 3 0 2053 2063 
6 2 2066 2063 
5 3 0 2051 2065 
6 2 2068 2065 
7 3 0 2052 2067 
6 2 2070 2067 
5 3 0 2052 2069 
6 2 2072 2069 
7 3 0 2051 2071 
6 2 2074 2071 
5 3 0 2053 2073 
6 2 2076 2073 
7 3 0 2050 2075 
6 2 2078 2075 
5 3 0 2054 2077 
6 2 2080 2077 
7 3 0 2049 2079 
6 2 2082 2079 
5 3 0 2055 2081 
6 2 2084 2081 
7 3 0 2048 2083 
6 2 2086 2083 
8 3 2085 2087 0 
9 2 0 2088 
6 2 2089 2088 
10 2 0 2090 
9 3 0 2091 2090 
6 2 2092 2090 
10 2 0 2093 
9 3 0 2094 2093 
6 2 2095 2093 
10 2 0 2096 
9 3 0 2097 2096 
6 2 2098 2096 
10 2 0 2099 
9 3 0 2100 2099 
6 2 2101 2099 
10 2 0 2102 
9 3 0 2103 2102 
6 2 2104 2102 
10 2 0 2105 
9 3 0 2106 2105 
6 2 2107 2105 
10 2 0 2108 
11 7 2091 2094 2097 2100 2103 2106 2109 
1 0 
1 0 
1 0 
1 0 
1 0 
1 0 
1 0 
1 0 
1 0 
1 0 
2 2 0 2111 
3 1 2121 
4 2 0 2120 
3 1 2123 
5 3 0 2112 2122 
6 2 2125 2122 
7 3 0 2119 2124 
6 2 2127 2124 
5 3 0 2113 2126 
6 2 2129 2126 
7 3 0 2118 2128 
6 2 2131 2128 
5 3 0 2114 2130 
6 2 2133 2130 
7 3 0 2117 2132 
6 2 2135 2132 
5 3 0 2115 2134 
6 2 2137 2134 
7 3 0 2116 2136 
6 2 2139 2136 
5 3 0 2116 2138 
6 2 2141 2138 
7 3 0 2115 2140 
6 2 2143 2140 
5 3 0 2117 2142 
6 2 2145 2142 
7 3 0 2114 2144 
6 2 2147 2144 
5 3 0 2118 2146 
6 2 2149 2146 
7 3 0 2113 2148 
6 2 2151 2148 
5 3 0 2119 2150 
6 2 2153 2150 
7 3 0 2112 2152 
6 2 2155 2152 
5 3 0 2120 2154 
6 2 2157 2154 
7 3 0 2111 2156 
6 2 2159 2156 
8 3 2158 2160 0 
9 2 0 2161 
6 2 2162 2161 
10 2 0 2163 
9 3 0 2164 2163 
6 2 2165 2163 
10 2 0 2166 
9 3 0 2167 2166 
6 2 2168 2166 
10 2 0 2169 
9 3 0 2170 2169 
6 2 2171 2169 
10 2 0 2172 
9 3 0 2173 2172 
6 2 2174 2172 
10 2 0 2175 
9 3 0 2176 2175 
6 2 2177 2175 
10 2 0 2178 
9 3 0 2179 2178 
6 2 2180 2178 
10 2 0 2181 
9 3 0 2182 2181 
6 2 2183 2181 
10 2 0 2184 
9 3 0 2185 2184 
6 2 2186 2184 
10 2 0 2187 
11 9 2164 2167 2170 2173 2176 2179 2182 2185 2188 
1 0 
1 0 
1 0 
1 0 
1 0 
1 0 
1 0 
1 0 
1 0 
1 0 
1 0 
1 0 
1 0 
1 0 
2 2 0 2190 
3 1 2204 
4 2 0 2203 
3 1 2206 
5 3 0 2191 2205 
6 2 2208 2205 
7 3 0 2202 2207 
6 2 2210 2207 
5 3 0 2192 2209 
6 2 2212 2209 
7 3 0 2201 2211 
6 2 2214 2211 
5 3 0 2193 2213 
6 2 2216 2213 
7 3 0 2200 2215 
6 2 2218 2215 
5 3 0 2194 2217 
6 2 2220 2217 
7 3 0 2199 2219 
6 2 2222 2219 
5 3 0 2195 2221 
6 2 2224 2221 
7 3 0 2198 2223 
6 2 2226 2223 
5 3 0 2196 2225 
6 2 2228 2225 
7 3 0 2197 2227 
6 2 2230 2227 
5 3 0 2197 2229 
6 2 2232 2229 
7 3 0 2196 2231 
6 2 2234 2231 
5 3 0 2198 2233 
6 2 2236 2233 
7 3 0 2195 2235 
6 2 2238 2235 
5 3 0 2199 2237 
6 2 2240 2237 
7 3 0 2194 2239 
6 2 2242 2239 
5 3 0 2200 2241 
6 2 2244 2241 
7 3 0 2193 2243 
6 2 2246 2243 
5 3 0 2201 2245 
6 2 2248 2245 
7 3 0 2192 2247 
6 2 2250 2247 
5 3 0 2202 2249 
6 2 2252 2249 
7 3 0 2191 2251 
6 2 2254 2251 
5 3 0 2203 2253 
6 2 2256 2253 
7 3 0 2190 2255 
6 2 2258 2255 
8 3 2257 2259 0 
9 2 0 2260 
6 2 2261 2260 
10 2 0 2262 
9 3 0 2263 2262 
6 2 2264 2262 
10 2 0 2265 
9 3 0 2266 2265 
6 2 2267 2265 
10 2 0 2268 
9 3 0 2269 2268 
6 2 2270 2268 
10 2 0 2271 
9 3 0 2272 2271 
6 2 2273 2271 
10 2 0 2274 
9 3 0 2275 2274 
6 2 2276 2274 
10 2 0 2277 
9 3 0 2278 2277 
6 2 2279 2277 
10 2 0 2280 
9 3 0 2281 2280 
6 2 2282 2280 
10 2 0 2283 
9 3 0 2284 2283 
6 2 2285 2283 
10 2 0 2286 
9 3 0 2287 2286 
6 2 2288 2286 
10 2 0 2289 
9 3 0 2290 2289 
6 2 2291 2289 
10 2 0 2292 
9 3 0 2293 2292 
6 2 2294 2292 
10 2 0 2295 
9 3 0 2296 2295 
6 2 2297 2295 
10 2 0 2298 
11 13 2263 2266 2269 2272 2275 2278 2281 2284 2287 2290 2293 2296 2299 
1 0 
1 0 
1 0 
1 0 
1 0 
1 0 
1 0 
1 0 
1 0 
1 0 
2 2 0 2301 
3 1 2311 
4 2 0 2310 
3 1 2313 
5 3 0 2302 2312 
6 2 2315 2312 
7 3 0 2309 2314 
6 2 2317 2314 
5 3 0 2303 2316 
6 2 2319 2316 
7 3 0 2308 2318 
6 2 2321 2318 
5 3 0 2304 2320 
6 2 2323 2320 
7 3 0 2307 2322 
6 2 2325 2322 
5 3 0 2305 2324 
6 2 2327 2324 
7 3 0 2306 2326 
6 2 2329 2326 
5 3 0 2306 2328 
6 2 2331 2328 
7 3 0 2305 2330 
6 2 2333 2330 
5 3 0 2307 2332 
6 2 2335 2332 
7 3 0 2304 2334 
6 2 2337 2334 
5 3 0 2308 2336 
6 2 2339 2336 
7 3 0 2303 2338 
6 2 2341 2338 
5 3 0 2309 2340 
6 2 2343 2340 
7 3 0 2302 2342 
6 2 2345 2342 
5 3 0 2310 2344 
6 2 2347 2344 
7 3 0 2301 2346 
6 2 2349 2346 
8 3 2348 2350 0 
9 2 0 2351 
6 2 2352 2351 
10 2 0 2353 
9 3 0 2354 2353 
6 2 2355 2353 
10 2 0 2356 
9 3 0 2357 2356 
6 2 2358 2356 
10 2 0 2359 
9 3 0 2360 2359 
6 2 2361 2359 
10 2 0 2362 
9 3 0 2363 2362 
6 2 2364 2362 
10 2 0 2365 
9 3 0 2366 2365 
6 2 2367 2365 
10 2 0 2368 
9 3 0 2369 2368 
6 2 2370 2368 
10 2 0 2371 
9 3 0 2372 2371 
6 2 2373 2371 
10 2 0 2374 
9 3 0 2375 2374 
6 2 2376 2374 
10 2 0 2377 
11 9 2354 2357 2360 2363 2366 2369 2372 2375 2378 
1 0 
1 0 
1 0 
1 0 
1 0 
1 0 
1 0 
1 0 
2 2 0 2380 
3 1 2388 
4 2 0 2387 
3 1 2390 
5 3 0 2381 2389 
6 2 2392 2389 
7 3 0 2386 2391 
6 2 2394 2391 
5 3 0 2382 2393 
6 2 2396 2393 
7 3 0 2385 2395 
6 2 2398 2395 
5 3 0 2383 2397 
6 2 2400 2397 
7 3 0 2384 2399 
6 2 2402 2399 
5 3 0 2384 2401 
6 2 2404 2401 
7 3 0 2383 2403 
6 2 2406 2403 
5 3 0 2385 2405 
6 2 2408 2405 
7 3 0 2382 2407 
6 2 2410 2407 
5 3 0 2386 2409 
6 2 2412 2409 
7 3 0 2381 2411 
6 2 2414 2411 
5 3 0 2387 2413 
6 2 2416 2413 
7 3 0 2380 2415 
6 2 2418 2415 
8 3 2417 2419 0 
9 2 0 2420 
6 2 2421 2420 
10 2 0 2422 
9 3 0 2423 2422 
6 2 2424 2422 
10 2 0 2425 
9 3 0 2426 2425 
6 2 2427 2425 
10 2 0 2428 
9 3 0 2429 2428 
6 2 2430 2428 
10 2 0 2431 
9 3 0 2432 2431 
6 2 2433 2431 
10 2 0 2434 
9 3 0 2435 2434 
6 2 2436 2434 
10 2 0 2437 
9 3 0 2438 2437 
6 2 2439 2437 
10 2 0 2440 
11 7 2423 2426 2429 2432 2435 2438 2441 
1 0 
1 0 
1 0 
1 0 
1 0 
1 0 
1 0 
1 0 
1 0 
1 0 
1 0 
1 0 
1 0 
1 0 
1 0 
1 0 
1 0 
1 0 
1 0 
1 0 
1 0 
2 2 0 2443 
3 1 2464 
4 2 0 2463 
3 1 2466 
5 3 0 2444 2465 
6 2 2468 2465 
7 3 0 2462 2467 
6 2 2470 2467 
5 3 0 2445 2469 
6 2 2472 2469 
7 3 0 2461 2471 
6 2 2474 2471 
5 3 0 2446 2473 
6 2 2476 2473 
7 3 0 2460 2475 
6 2 2478 2475 
5 3 0 2447 2477 
6 2 2480 2477 
7 3 0 2459 2479 
6 2 2482 2479 
5 3 0 2448 2481 
6 2 2484 2481 
7 3 0 2458 2483 
6 2 2486 2483 
5 3 0 2449 2485 
6 2 2488 2485 
7 3 0 2457 2487 
6 2 2490 2487 
5 3 0 2450 2489 
6 2 2492 2489 
7 3 0 2456 2491 
6 2 2494 2491 
5 3 0 2451 2493 
6 2 2496 2493 
7 3 0 2455 2495 
6 2 2498 2495 
5 3 0 2452 2497 
6 2 2500 2497 
7 3 0 2454 2499 
6 2 2502 2499 
5 3 0 2453 2501 
6 2 2504 2501 
7 3 0 2453 2503 
6 2 2506 2503 
5 3 0 2454 2505 
6 2 2508 2505 
7 3 0 2452 2507 
6 2 2510 2507 
5 3 0 2455 2509 
6 2 2512 2509 
7 3 0 2451 2511 
6 2 2514 2511 
5 3 0 2456 2513 
6 2 2516 2513 
7 3 0 2450 2515 
6 2 2518 2515 
5 3 0 2457 2517 
6 2 2520 2517 
7 3 0 2449 2519 
6 2 2522 2519 
5 3 0 2458 2521 
6 2 2524 2521 
7 3 0 2448 2523 
6 2 2526 2523 
5 3 0 2459 2525 
6 2 2528 2525 
7 3 0 2447 2527 
6 2 2530 2527 
5 3 0 2460 2529 
6 2 2532 2529 
7 3 0 2446 2531 
6 2 2534 2531 
5 3 0 2461 2533 
6 2 2536 2533 
7 3 0 2445 2535 
6 2 2538 2535 
5 3 0 2462 2537 
6 2 2540 2537 
7 3 0 2444 2539 
6 2 2542 2539 
5 3 0 2463 2541 
6 2 2544 2541 
7 3 0 2443 2543 
6 2 2546 2543 
8 3 2545 2547 0 
9 2 0 2548 
6 2 2549 2548 
10 2 0 2550 
9 3 0 2551 2550 
6 2 2552 2550 
10 2 0 2553 
9 3 0 2554 2553 
6 2 2555 2553 
10 2 0 2556 
9 3 0 2557 2556 
6 2 2558 2556 
10 2 0 2559 
9 3 0 2560 2559 
6 2 2561 2559 
10 2 0 2562 
9 3 0 2563 2562 
6 2 2564 2562 
10 2 0 2565 
9 3 0 2566 2565 
6 2 2567 2565 
10 2 0 2568 
9 3 0 2569 2568 
6 2 2570 2568 
10 2 0 2571 
9 3 0 2572 2571 
6 2 2573 2571 
10 2 0 2574 
9 3 0 2575 2574 
6 2 2576 2574 
10 2 0 2577 
9 3 0 2578 2577 
6 2 2579 2577 
10 2 0 2580 
9 3 0 2581 2580 
6 2 2582 2580 
10 2 0 2583 
9 3 0 2584 2583 
6 2 2585 2583 
10 2 0 2586 
9 3 0 2587 2586 
6 2 2588 2586 
10 2 0 2589 
9 3 0 2590 2589 
6 2 2591 2589 
10 2 0 2592 
9 3 0 2593 2592 
6 2 2594 2592 
10 2 0 2595 
9 3 0 2596 2595 
6 2 2597 2595 
10 2 0 2598 
9 3 0 2599 2598 
6 2 2600 2598 
10 2 0 2601 
9 3 0 2602 2601 
6 2 2603 2601 
10 2 0 2604 
9 3 0 2605 2604 
6 2 2606 2604 
10 2 0 2607 
11 20 2551 2554 2557 2560 2563 2566 2569 2572 2575 2578 2581 2584 2587 2590 2593 2596 2599 2602 2605 2608 
1 0 
1 0 
1 0 
1 0 
1 0 
1 0 
2 2 0 2610 
3 1 2616 
4 2 0 2615 
3 1 2618 
5 3 0 2611 2617 
6 2 2620 2617 
7 3 0 2614 2619 
6 2 2622 2619 
5 3 0 2612 2621 
6 2 2624 2621 
7 3 0 2613 2623 
6 2 2626 2623 
5 3 0 2613 2625 
6 2 2628 2625 
7 3 0 2612 2627 
6 2 2630 2627 
5 3 0 2614 2629 
6 2 2632 2629 
7 3 0 2611 2631 
6 2 2634 2631 
5 3 0 2615 2633 
6 2 2636 2633 
7 3 0 2610 2635 
6 2 2638 2635 
8 3 2637 2639 0 
9 2 0 2640 
6 2 2641 2640 
10 2 0 2642 
9 3 0 2643 2642 
6 2 2644 2642 
10 2 0 2645 
9 3 0 2646 2645 
6 2 2647 2645 
10 2 0 2648 
9 3 0 2649 2648 
6 2 2650 2648 
10 2 0 2651 
9 3 0 2652 2651 
6 2 2653 2651 
10 2 0 2654 
11 5 2643 2646 2649 2652 2655 
1 0 
1 0 
1 0 
1 0 
1 0 
1 0 
2 2 0 2657 
3 1 2663 
4 2 0 2662 
3 1 2665 
5 3 0 2658 2664 
6 2 2667 2664 
7 3 0 2661 2666 
6 2 2669 2666 
5 3 0 2659 2668 
6 2 2671 2668 
7 3 0 2660 2670 
6 2 2673 2670 
5 3 0 2660 2672 
6 2 2675 2672 
7 3 0 2659 2674 
6 2 2677 2674 
5 3 0 2661 2676 
6 2 2679 2676 
7 3 0 2658 2678 
6 2 2681 2678 
5 3 0 2662 2680 
6 2 2683 2680 
7 3 0 2657 2682 
6 2 2685 2682 
8 3 2684 2686 0 
9 2 0 2687 
6 2 2688 2687 
10 2 0 2689 
9 3 0 2690 2689 
6 2 2691 2689 
10 2 0 2692 
9 3 0 2693 2692 
6 2 2694 2692 
10 2 0 2695 
9 3 0 2696 2695 
6 2 2697 2695 
10 2 0 2698 
9 3 0 2699 2698 
6 2 2700 2698 
10 2 0 2701 
11 5 2690 2693 2696 2699 2702 
1 0 
1 0 
1 0 
1 0 
1 0 
1 0 
1 0 
1 0 
1 0 
1 0 
1 0 
1 0 
1 0 
1 0 
1 0 
1 0 
1 0 
2 2 0 2704 
3 1 2721 
4 2 0 2720 
3 1 2723 
5 3 0 2705 2722 
6 2 2725 2722 
7 3 0 2719 2724 
6 2 2727 2724 
5 3 0 2706 2726 
6 2 2729 2726 
7 3 0 2718 2728 
6 2 2731 2728 
5 3 0 2707 2730 
6 2 2733 2730 
7 3 0 2717 2732 
6 2 2735 2732 
5 3 0 2708 2734 
6 2 2737 2734 
7 3 0 2716 2736 
6 2 2739 2736 
5 3 0 2709 2738 
6 2 2741 2738 
7 3 0 2715 2740 
6 2 2743 2740 
5 3 0 2710 2742 
6 2 2745 2742 
7 3 0 2714 2744 
6 2 2747 2744 
5 3 0 2711 2746 
6 2 2749 2746 
7 3 0 2713 2748 
6 2 2751 2748 
5 3 0 2712 2750 
6 2 2753 2750 
7 3 0 2712 2752 
6 2 2755 2752 
5 3 0 2713 2754 
6 2 2757 2754 
7 3 0 2711 2756 
6 2 2759 2756 
5 3 0 2714 2758 
6 2 2761 2758 
7 3 0 2710 2760 
6 2 2763 2760 
5 3 0 2715 2762 
6 2 2765 2762 
7 3 0 2709 2764 
6 2 2767 2764 
5 3 0 2716 2766 
6 2 2769 2766 
7 3 0 2708 2768 
6 2 2771 2768 
5 3 0 2717 2770 
6 2 2773 2770 
7 3 0 2707 2772 
6 2 2775 2772 
5 3 0 2718 2774 
6 2 2777 2774 
7 3 0 2706 2776 
6 2 2779 2776 
5 3 0 2719 2778 
6 2 2781 2778 
7 3 0 2705 2780 
6 2 2783 2780 
5 3 0 2720 2782 
6 2 2785 2782 
7 3 0 2704 2784 
6 2 2787 2784 
8 3 2786 2788 0 
9 2 0 2789 
6 2 2790 2789 
10 2 0 2791 
9 3 0 2792 2791 
6 2 2793 2791 
10 2 0 2794 
9 3 0 2795 2794 
6 2 2796 2794 
10 2 0 2797 
9 3 0 2798 2797 
6 2 2799 2797 
10 2 0 2800 
9 3 0 2801 2800 
6 2 2802 2800 
10 2 0 2803 
9 3 0 2804 2803 
6 2 2805 2803 
10 2 0 2806 
9 3 0 2807 2806 
6 2 2808 2806 
10 2 0 2809 
9 3 0 2810 2809 
6 2 2811 2809 
10 2 0 2812 
9 3 0 2813 2812 
6 2 2814 2812 
10 2 0 2815 
9 3 0 2816 2815 
6 2 2817 2815 
10 2 0 2818 
9 3 0 2819 2818 
6 2 2820 2818 
10 2 0 2821 
9 3 0 2822 2821 
6 2 2823 2821 
10 2 0 2824 
9 3 0 2825 2824 
6 2 2826 2824 
10 2 0 2827 
9 3 0 2828 2827 
6 2 2829 2827 
10 2 0 2830 
9 3 0 2831 2830 
6 2 2832 2830 
10 2 0 2833 
9 3 0 2834 2833 
6 2 2835 2833 
10 2 0 2836 
11 16 2792 2795 2798 2801 2804 2807 2810 2813 2816 2819 2822 2825 2828 2831 2834 2837 
1 0 
1 0 
1 0 
1 0 
1 0 
1 0 
1 0 
1 0 
1 0 
2 2 0 2839 
3 1 2848 
4 2 0 2847 
3 1 2850 
5 3 0 2840 2849 
6 2 2852 2849 
7 3 0 2846 2851 
6 2 2854 2851 
5 3 0 2841 2853 
6 2 2856 2853 
7 3 0 2845 2855 
6 2 2858 2855 
5 3 0 2842 2857 
6 2 2860 2857 
7 3 0 2844 2859 
6 2 2862 2859 
5 3 0 2843 2861 
6 2 2864 2861 
7 3 0 2843 2863 
6 2 2866 2863 
5 3 0 2844 2865 
6 2 2868 2865 
7 3 0 2842 2867 
6 2 2870 2867 
5 3 0 2845 2869 
6 2 2872 2869 
7 3 0 2841 2871 
6 2 2874 2871 
5 3 0 2846 2873 
6 2 2876 2873 
7 3 0 2840 2875 
6 2 2878 2875 
5 3 0 2847 2877 
6 2 2880 2877 
7 3 0 2839 2879 
6 2 2882 2879 
8 3 2881 2883 0 
9 2 0 2884 
6 2 2885 2884 
10 2 0 2886 
9 3 0 2887 2886 
6 2 2888 2886 
10 2 0 2889 
9 3 0 2890 2889 
6 2 2891 2889 
10 2 0 2892 
9 3 0 2893 2892 
6 2 2894 2892 
10 2 0 2895 
9 3 0 2896 2895 
6 2 2897 2895 
10 2 0 2898 
9 3 0 2899 2898 
6 2 2900 2898 
10 2 0 2901 
9 3 0 2902 2901 
6 2 2903 2901 
10 2 0 2904 
9 3 0 2905 2904 
6 2 2906 2904 
10 2 0 2907 
11 8 2887 2890 2893 2896 2899 2902 2905 2908 
1 0 
1 0 
1 0 
1 0 
1 0 
1 0 
1 0 
1 0 
1 0 
2 2 0 2910 
3 1 2919 
4 2 0 2918 
3 1 2921 
5 3 0 2911 2920 
6 2 2923 2920 
7 3 0 2917 2922 
6 2 2925 2922 
5 3 0 2912 2924 
6 2 2927 2924 
7 3 0 2916 2926 
6 2 2929 2926 
5 3 0 2913 2928 
6 2 2931 2928 
7 3 0 2915 2930 
6 2 2933 2930 
5 3 0 2914 2932 
6 2 2935 2932 
7 3 0 2914 2934 
6 2 2937 2934 
5 3 0 2915 2936 
6 2 2939 2936 
7 3 0 2913 2938 
6 2 2941 2938 
5 3 0 2916 2940 
6 2 2943 2940 
7 3 0 2912 2942 
6 2 2945 2942 
5 3 0 2917 2944 
6 2 2947 2944 
7 3 0 2911 2946 
6 2 2949 2946 
5 3 0 2918 2948 
6 2 2951 2948 
7 3 0 2910 2950 
6 2 2953 2950 
8 3 2952 2954 0 
9 2 0 2955 
6 2 2956 2955 
10 2 0 2957 
9 3 0 2958 2957 
6 2 2959 2957 
10 2 0 2960 
9 3 0 2961 2960 
6 2 2962 2960 
10 2 0 2963 
9 3 0 2964 2963 
6 2 2965 2963 
10 2 0 2966 
9 3 0 2967 2966 
6 2 2968 2966 
10 2 0 2969 
9 3 0 2970 2969 
6 2 2971 2969 
10 2 0 2972 
9 3 0 2973 2972 
6 2 2974 2972 
10 2 0 2975 
9 3 0 2976 2975 
6 2 2977 2975 
10 2 0 2978 
11 8 2958 2961 2964 2967 2970 2973 2976 2979 
1 0 
1 0 
1 0 
1 0 
1 0 
1 0 
1 0 
1 0 
1 0 
2 2 0 2981 
3 1 2990 
4 2 0 2989 
3 1 2992 
5 3 0 2982 2991 
6 2 2994 2991 
7 3 0 2988 2993 
6 2 2996 2993 
5 3 0 2983 2995 
6 2 2998 2995 
7 3 0 2987 2997 
6 2 3000 2997 
5 3 0 2984 2999 
6 2 3002 2999 
7 3 0 2986 3001 
6 2 3004 3001 
5 3 0 2985 3003 
6 2 3006 3003 
7 3 0 2985 3005 
6 2 3008 3005 
5 3 0 2986 3007 
6 2 3010 3007 
7 3 0 2984 3009 
6 2 3012 3009 
5 3 0 2987 3011 
6 2 3014 3011 
7 3 0 2983 3013 
6 2 3016 3013 
5 3 0 2988 3015 
6 2 3018 3015 
7 3 0 2982 3017 
6 2 3020 3017 
5 3 0 2989 3019 
6 2 3022 3019 
7 3 0 2981 3021 
6 2 3024 3021 
8 3 3023 3025 0 
9 2 0 3026 
6 2 3027 3026 
10 2 0 3028 
9 3 0 3029 3028 
6 2 3030 3028 
10 2 0 3031 
9 3 0 3032 3031 
6 2 3033 3031 
10 2 0 3034 
9 3 0 3035 3034 
6 2 3036 3034 
10 2 0 3037 
9 3 0 3038 3037 
6 2 3039 3037 
10 2 0 3040 
9 3 0 3041 3040 
6 2 3042 3040 
10 2 0 3043 
9 3 0 3044 3043 
6 2 3045 3043 
10 2 0 3046 
9 3 0 3047 3046 
6 2 3048 3046 
10 2 0 3049 
11 8 3029 3032 3035 3038 3041 3044 3047 3050 
1 0 
1 0 
1 0 
1 0 
1 0 
1 0 
1 0 
1 0 
1 0 
1 0 
1 0 
1 0 
1 0 
1 0 
2 2 0 3052 
3 1 3066 
4 2 0 3065 
3 1 3068 
5 3 0 3053 3067 
6 2 3070 3067 
7 3 0 3064 3069 
6 2 3072 3069 
5 3 0 3054 3071 
6 2 3074 3071 
7 3 0 3063 3073 
6 2 3076 3073 
5 3 0 3055 3075 
6 2 3078 3075 
7 3 0 3062 3077 
6 2 3080 3077 
5 3 0 3056 3079 
6 2 3082 3079 
7 3 0 3061 3081 
6 2 3084 3081 
5 3 0 3057 3083 
6 2 3086 3083 
7 3 0 3060 3085 
6 2 3088 3085 
5 3 0 3058 3087 
6 2 3090 3087 
7 3 0 3059 3089 
6 2 3092 3089 
5 3 0 3059 3091 
6 2 3094 3091 
7 3 0 3058 3093 
6 2 3096 3093 
5 3 0 3060 3095 
6 2 3098 3095 
7 3 0 3057 3097 
6 2 3100 3097 
5 3 0 3061 3099 
6 2 3102 3099 
7 3 0 3056 3101 
6 2 3104 3101 
5 3 0 3062 3103 
6 2 3106 3103 
7 3 0 3055 3105 
6 2 3108 3105 
5 3 0 3063 3107 
6 2 3110 3107 
7 3 0 3054 3109 
6 2 3112 3109 
5 3 0 3064 3111 
6 2 3114 3111 
7 3 0 3053 3113 
6 2 3116 3113 
5 3 0 3065 3115 
6 2 3118 3115 
7 3 0 3052 3117 
6 2 3120 3117 
8 3 3119 3121 0 
9 2 0 3122 
6 2 3123 3122 
10 2 0 3124 
9 3 0 3125 3124 
6 2 3126 3124 
10 2 0 3127 
9 3 0 3128 3127 
6 2 3129 3127 
10 2 0 3130 
9 3 0 3131 3130 
6 2 3132 3130 
10 2 0 3133 
9 3 0 3134 3133 
6 2 3135 3133 
10 2 0 3136 
9 3 0 3137 3136 
6 2 3138 3136 
10 2 0 3139 
9 3 0 3140 3139 
6 2 3141 3139 
10 2 0 3142 
9 3 0 3143 3142 
6 2 3144 3142 
10 2 0 3145 
9 3 0 3146 3145 
6 2 3147 3145 
10 2 0 3148 
9 3 0 3149 3148 
6 2 3150 3148 
10 2 0 3151 
9 3 0 3152 3151 
6 2 3153 3151 
10 2 0 3154 
9 3 0 3155 3154 
6 2 3156 3154 
10 2 0 3157 
9 3 0 3158 3157 
6 2 3159 3157 
10 2 0 3160 
11 13 3125 3128 3131 3134 3137 3140 3143 3146 3149 3152 3155 3158 3161 
1 0 
1 0 
1 0 
1 0 
1 0 
1 0 
1 0 
1 0 
1 0 
1 0 
1 0 
1 0 
2 2 0 3163 
3 1 3175 
4 2 0 3174 
3 1 3177 
5 3 0 3164 3176 
6 2 3179 3176 
7 3 0 3173 3178 
6 2 3181 3178 
5 3 0 3165 3180 
6 2 3183 3180 
7 3 0 3172 3182 
6 2 3185 3182 
5 3 0 3166 3184 
6 2 3187 3184 
7 3 0 3171 3186 
6 2 3189 3186 
5 3 0 3167 3188 
6 2 3191 3188 
7 3 0 3170 3190 
6 2 3193 3190 
5 3 0 3168 3192 
6 2 3195 3192 
7 3 0 3169 3194 
6 2 3197 3194 
5 3 0 3169 3196 
6 2 3199 3196 
7 3 0 3168 3198 
6 2 3201 3198 
5 3 0 3170 3200 
6 2 3203 3200 
7 3 0 3167 3202 
6 2 3205 3202 
5 3 0 3171 3204 
6 2 3207 3204 
7 3 0 3166 3206 
6 2 3209 3206 
5 3 0 3172 3208 
6 2 3211 3208 
7 3 0 3165 3210 
6 2 3213 3210 
5 3 0 3173 3212 
6 2 3215 3212 
7 3 0 3164 3214 
6 2 3217 3214 
5 3 0 3174 3216 
6 2 3219 3216 
7 3 0 3163 3218 
6 2 3221 3218 
8 3 3220 3222 0 
9 2 0 3223 
6 2 3224 3223 
10 2 0 3225 
9 3 0 3226 3225 
6 2 3227 3225 
10 2 0 3228 
9 3 0 3229 3228 
6 2 3230 3228 
10 2 0 3231 
9 3 0 3232 3231 
6 2 3233 3231 
10 2 0 3234 
9 3 0 3235 3234 
6 2 3236 3234 
10 2 0 3237 
9 3 0 3238 3237 
6 2 3239 3237 
10 2 0 3240 
9 3 0 3241 3240 
6 2 3242 3240 
10 2 0 3243 
9 3 0 3244 3243 
6 2 3245 3243 
10 2 0 3246 
9 3 0 3247 3246 
6 2 3248 3246 
10 2 0 3249 
9 3 0 3250 3249 
6 2 3251 3249 
10 2 0 3252 
9 3 0 3253 3252 
6 2 3254 3252 
10 2 0 3255 
11 11 3226 3229 3232 3235 3238 3241 3244 3247 3250 3253 3256 
1 0 
1 0 
1 0 
1 0 
1 0 
1 0 
1 0 
1 0 
1 0 
2 2 0 3258 
3 1 3267 
4 2 0 3266 
3 1 3269 
5 3 0 3259 3268 
6 2 3271 3268 
7 3 0 3265 3270 
6 2 3273 3270 
5 3 0 3260 3272 
6 2 3275 3272 
7 3 0 3264 3274 
6 2 3277 3274 
5 3 0 3261 3276 
6 2 3279 3276 
7 3 0 3263 3278 
6 2 3281 3278 
5 3 0 3262 3280 
6 2 3283 3280 
7 3 0 3262 3282 
6 2 3285 3282 
5 3 0 3263 3284 
6 2 3287 3284 
7 3 0 3261 3286 
6 2 3289 3286 
5 3 0 3264 3288 
6 2 3291 3288 
7 3 0 3260 3290 
6 2 3293 3290 
5 3 0 3265 3292 
6 2 3295 3292 
7 3 0 3259 3294 
6 2 3297 3294 
5 3 0 3266 3296 
6 2 3299 3296 
7 3 0 3258 3298 
6 2 3301 3298 
8 3 3300 3302 0 
9 2 0 3303 
6 2 3304 3303 
10 2 0 3305 
9 3 0 3306 3305 
6 2 3307 3305 
10 2 0 3308 
9 3 0 3309 3308 
6 2 3310 3308 
10 2 0 3311 
9 3 0 3312 3311 
6 2 3313 3311 
10 2 0 3314 
9 3 0 3315 3314 
6 2 3316 3314 
10 2 0 3317 
9 3 0 3318 3317 
6 2 3319 3317 
10 2 0 3320 
9 3 0 3321 3320 
6 2 3322 3320 
10 2 0 3323 
9 3 0 3324 3323 
6 2 3325 3323 
10 2 0 3326 
11 8 3306 3309 3312 3315 3318 3321 3324 3327 
1 0 
1 0 
1 0 
1 0 
1 0 
1 0 
1 0 
1 0 
2 2 0 3329 
3 1 3337 
4 2 0 3336 
3 1 3339 
5 3 0 3330 3338 
6 2 3341 3338 
7 3 0 3335 3340 
6 2 3343 3340 
5 3 0 3331 3342 
6 2 3345 3342 
7 3 0 3334 3344 
6 2 3347 3344 
5 3 0 3332 3346 
6 2 3349 3346 
7 3 0 3333 3348 
6 2 3351 3348 
5 3 0 3333 3350 
6 2 3353 3350 
7 3 0 3332 3352 
6 2 3355 3352 
5 3 0 3334 3354 
6 2 3357 3354 
7 3 0 3331 3356 
6 2 3359 3356 
5 3 0 3335 3358 
6 2 3361 3358 
7 3 0 3330 3360 
6 2 3363 3360 
5 3 0 3336 3362 
6 2 3365 3362 
7 3 0 3329 3364 
6 2 3367 3364 
8 3 3366 3368 0 
9 2 0 3369 
6 2 3370 3369 
10 2 0 3371 
9 3 0 3372 3371 
6 2 3373 3371 
10 2 0 3374 
9 3 0 3375 3374 
6 2 3376 3374 
10 2 0 3377 
9 3 0 3378 3377 
6 2 3379 3377 
10 2 0 3380 
9 3 0 3381 3380 
6 2 3382 3380 
10 2 0 3383 
9 3 0 3384 3383 
6 2 3385 3383 
10 2 0 3386 
9 3 0 3387 3386 
6 2 3388 3386 
10 2 0 3389 
11 7 3372 3375 3378 3381 3384 3387 3390 
1 0 
1 0 
1 0 
1 0 
1 0 
1 0 
2 2 0 3392 
3 1 3398 
4 2 0 3397 
3 1 3400 
5 3 0 3393 3399 
6 2 3402 3399 
7 3 0 3396 3401 
6 2 3404 3401 
5 3 0 3394 3403 
6 2 3406 3403 
7 3 0 3395 3405 
6 2 3408 3405 
5 3 0 3395 3407 
6 2 3410 3407 
7 3 0 3394 3409 
6 2 3412 3409 
5 3 0 3396 3411 
6 2 3414 3411 
7 3 0 3393 3413 
6 2 3416 3413 
5 3 0 3397 3415 
6 2 3418 3415 
7 3 0 3392 3417 
6 2 3420 3417 
8 3 3419 3421 0 
9 2 0 3422 
6 2 3423 3422 
10 2 0 3424 
9 3 0 3425 3424 
6 2 3426 3424 
10 2 0 3427 
9 3 0 3428 3427 
6 2 3429 3427 
10 2 0 3430 
9 3 0 3431 3430 
6 2 3432 3430 
10 2 0 3433 
9 3 0 3434 3433 
6 2 3435 3433 
10 2 0 3436 
11 5 3425 3428 3431 3434 3437 
1 0 
1 0 
1 0 
1 0 
1 0 
1 0 
1 0 
1 0 
2 2 0 3439 
3 1 3447 
4 2 0 3446 
3 1 3449 
5 3 0 3440 3448 
6 2 3451 3448 
7 3 0 3445 3450 
6 2 3453 3450 
5 3 0 3441 3452 
6 2 3455 3452 
7 3 0 3444 3454 
6 2 3457 3454 
5 3 0 3442 3456 
6 2 3459 3456 
7 3 0 3443 3458 
6 2 3461 3458 
5 3 0 3443 3460 
6 2 3463 3460 
7 3 0 3442 3462 
6 2 3465 3462 
5 3 0 3444 3464 
6 2 3467 3464 
7 3 0 3441 3466 
6 2 3469 3466 
5 3 0 3445 3468 
6 2 3471 3468 
7 3 0 3440 3470 
6 2 3473 3470 
5 3 0 3446 3472 
6 2 3475 3472 
7 3 0 3439 3474 
6 2 3477 3474 
8 3 3476 3478 0 
9 2 0 3479 
6 2 3480 3479 
10 2 0 3481 
9 3 0 3482 3481 
6 2 3483 3481 
10 2 0 3484 
9 3 0 3485 3484 
6 2 3486 3484 
10 2 0 3487 
9 3 0 3488 3487 
6 2 3489 3487 
10 2 0 3490 
9 3 0 3491 3490 
6 2 3492 3490 
10 2 0 3493 
9 3 0 3494 3493 
6 2 3495 3493 
10 2 0 3496 
9 3 0 3497 3496 
6 2 3498 3496 
10 2 0 3499 
11 7 3482 3485 3488 3491 3494 3497 3500 
1 0 
1 0 
1 0 
1 0 
1 0 
1 0 
1 0 
1 0 
1 0 
1 0 
1 0 
1 0 
2 2 0 3502 
3 1 3514 
4 2 0 3513 
3 1 3516 
5 3 0 3503 3515 
6 2 3518 3515 
7 3 0 3512 3517 
6 2 3520 3517 
5 3 0 3504 3519 
6 2 3522 3519 
7 3 0 3511 3521 
6 2 3524 3521 
5 3 0 3505 3523 
6 2 3526 3523 
7 3 0 3510 3525 
6 2 3528 3525 
5 3 0 3506 3527 
6 2 3530 3527 
7 3 0 3509 3529 
6 2 3532 3529 
5 3 0 3507 3531 
6 2 3534 3531 
7 3 0 3508 3533 
6 2 3536 3533 
5 3 0 3508 3535 
6 2 3538 3535 
7 3 0 3507 3537 
6 2 3540 3537 
5 3 0 3509 3539 
6 2 3542 3539 
7 3 0 3506 3541 
6 2 3544 3541 
5 3 0 3510 3543 
6 2 3546 3543 
7 3 0 3505 3545 
6 2 3548 3545 
5 3 0 3511 3547 
6 2 3550 3547 
7 3 0 3504 3549 
6 2 3552 3549 
5 3 0 3512 3551 
6 2 3554 3551 
7 3 0 3503 3553 
6 2 3556 3553 
5 3 0 3513 3555 
6 2 3558 3555 
7 3 0 3502 3557 
6 2 3560 3557 
8 3 3559 3561 0 
9 2 0 3562 
6 2 3563 3562 
10 2 0 3564 
9 3 0 3565 3564 
6 2 3566 3564 
10 2 0 3567 
9 3 0 3568 3567 
6 2 3569 3567 
10 2 0 3570 
9 3 0 3571 3570 
6 2 3572 3570 
10 2 0 3573 
9 3 0 3574 3573 
6 2 3575 3573 
10 2 0 3576 
9 3 0 3577 3576 
6 2 3578 3576 
10 2 0 3579 
9 3 0 3580 3579 
6 2 3581 3579 
10 2 0 3582 
9 3 0 3583 3582 
6 2 3584 3582 
10 2 0 3585 
9 3 0 3586 3585 
6 2 3587 3585 
10 2 0 3588 
9 3 0 3589 3588 
6 2 3590 3588 
10 2 0 3591 
9 3 0 3592 3591 
6 2 3593 3591 
10 2 0 3594 
11 11 3565 3568 3571 3574 3577 3580 3583 3586 3589 3592 3595 
1 0 
1 0 
1 0 
1 0 
1 0 
1 0 
1 0 
1 0 
1 0 
1 0 
1 0 
2 2 0 3597 
3 1 3608 
4 2 0 3607 
3 1 3610 
5 3 0 3598 3609 
6 2 3612 3609 
7 3 0 3606 3611 
6 2 3614 3611 
5 3 0 3599 3613 
6 2 3616 3613 
7 3 0 3605 3615 
6 2 3618 3615 
5 3 0 3600 3617 
6 2 3620 3617 
7 3 0 3604 3619 
6 2 3622 3619 
5 3 0 3601 3621 
6 2 3624 3621 
7 3 0 3603 3623 
6 2 3626 3623 
5 3 0 3602 3625 
6 2 3628 3625 
7 3 0 3602 3627 
6 2 3630 3627 
5 3 0 3603 3629 
6 2 3632 3629 
7 3 0 3601 3631 
6 2 3634 3631 
5 3 0 3604 3633 
6 2 3636 3633 
7 3 0 3600 3635 
6 2 3638 3635 
5 3 0 3605 3637 
6 2 3640 3637 
7 3 0 3599 3639 
6 2 3642 3639 
5 3 0 3606 3641 
6 2 3644 3641 
7 3 0 3598 3643 
6 2 3646 3643 
5 3 0 3607 3645 
6 2 3648 3645 
7 3 0 3597 3647 
6 2 3650 3647 
8 3 3649 3651 0 
9 2 0 3652 
6 2 3653 3652 
10 2 0 3654 
9 3 0 3655 3654 
6 2 3656 3654 
10 2 0 3657 
9 3 0 3658 3657 
6 2 3659 3657 
10 2 0 3660 
9 3 0 3661 3660 
6 2 3662 3660 
10 2 0 3663 
9 3 0 3664 3663 
6 2 3665 3663 
10 2 0 3666 
9 3 0 3667 3666 
6 2 3668 3666 
10 2 0 3669 
9 3 0 3670 3669 
6 2 3671 3669 
10 2 0 3672 
9 3 0 3673 3672 
6 2 3674 3672 
10 2 0 3675 
9 3 0 3676 3675 
6 2 3677 3675 
10 2 0 3678 
9 3 0 3679 3678 
6 2 3680 3678 
10 2 0 3681 
11 10 3655 3658 3661 3664 3667 3670 3673 3676 3679 3682 
1 0 
1 0 
1 0 
1 0 
1 0 
1 0 
1 0 
1 0 
1 0 
1 0 
1 0 
2 2 0 3684 
3 1 3695 
4 2 0 3694 
3 1 3697 
5 3 0 3685 3696 
6 2 3699 3696 
7 3 0 3693 3698 
6 2 3701 3698 
5 3 0 3686 3700 
6 2 3703 3700 
7 3 0 3692 3702 
6 2 3705 3702 
5 3 0 3687 3704 
6 2 3707 3704 
7 3 0 3691 3706 
6 2 3709 3706 
5 3 0 3688 3708 
6 2 3711 3708 
7 3 0 3690 3710 
6 2 3713 3710 
5 3 0 3689 3712 
6 2 3715 3712 
7 3 0 3689 3714 
6 2 3717 3714 
5 3 0 3690 3716 
6 2 3719 3716 
7 3 0 3688 3718 
6 2 3721 3718 
5 3 0 3691 3720 
6 2 3723 3720 
7 3 0 3687 3722 
6 2 3725 3722 
5 3 0 3692 3724 
6 2 3727 3724 
7 3 0 3686 3726 
6 2 3729 3726 
5 3 0 3693 3728 
6 2 3731 3728 
7 3 0 3685 3730 
6 2 3733 3730 
5 3 0 3694 3732 
6 2 3735 3732 
7 3 0 3684 3734 
6 2 3737 3734 
8 3 3736 3738 0 
9 2 0 3739 
6 2 3740 3739 
10 2 0 3741 
9 3 0 3742 3741 
6 2 3743 3741 
10 2 0 3744 
9 3 0 3745 3744 
6 2 3746 3744 
10 2 0 3747 
9 3 0 3748 3747 
6 2 3749 3747 
10 2 0 3750 
9 3 0 3751 3750 
6 2 3752 3750 
10 2 0 3753 
9 3 0 3754 3753 
6 2 3755 3753 
10 2 0 3756 
9 3 0 3757 3756 
6 2 3758 3756 
10 2 0 3759 
9 3 0 3760 3759 
6 2 3761 3759 
10 2 0 3762 
9 3 0 3763 3762 
6 2 3764 3762 
10 2 0 3765 
9 3 0 3766 3765 
6 2 3767 3765 
10 2 0 3768 
11 10 3742 3745 3748 3751 3754 3757 3760 3763 3766 3769 
1 0 
1 0 
1 0 
1 0 
1 0 
1 0 
1 0 
1 0 
2 2 0 3771 
3 1 3779 
4 2 0 3778 
3 1 3781 
5 3 0 3772 3780 
6 2 3783 3780 
7 3 0 3777 3782 
6 2 3785 3782 
5 3 0 3773 3784 
6 2 3787 3784 
7 3 0 3776 3786 
6 2 3789 3786 
5 3 0 3774 3788 
6 2 3791 3788 
7 3 0 3775 3790 
6 2 3793 3790 
5 3 0 3775 3792 
6 2 3795 3792 
7 3 0 3774 3794 
6 2 3797 3794 
5 3 0 3776 3796 
6 2 3799 3796 
7 3 0 3773 3798 
6 2 3801 3798 
5 3 0 3777 3800 
6 2 3803 3800 
7 3 0 3772 3802 
6 2 3805 3802 
5 3 0 3778 3804 
6 2 3807 3804 
7 3 0 3771 3806 
6 2 3809 3806 
8 3 3808 3810 0 
9 2 0 3811 
6 2 3812 3811 
10 2 0 3813 
9 3 0 3814 3813 
6 2 3815 3813 
10 2 0 3816 
9 3 0 3817 3816 
6 2 3818 3816 
10 2 0 3819 
9 3 0 3820 3819 
6 2 3821 3819 
10 2 0 3822 
9 3 0 3823 3822 
6 2 3824 3822 
10 2 0 3825 
9 3 0 3826 3825 
6 2 3827 3825 
10 2 0 3828 
9 3 0 3829 3828 
6 2 3830 3828 
10 2 0 3831 
11 7 3814 3817 3820 3823 3826 3829 3832 
1 0 
1 0 
1 0 
1 0 
1 0 
2 2 0 3834 
3 1 3839 
4 2 0 3838 
3 1 3841 
5 3 0 3835 3840 
6 2 3843 3840 
7 3 0 3837 3842 
6 2 3845 3842 
5 3 0 3836 3844 
6 2 3847 3844 
7 3 0 3836 3846 
6 2 3849 3846 
5 3 0 3837 3848 
6 2 3851 3848 
7 3 0 3835 3850 
6 2 3853 3850 
5 3 0 3838 3852 
6 2 3855 3852 
7 3 0 3834 3854 
6 2 3857 3854 
8 3 3856 3858 0 
9 2 0 3859 
6 2 3860 3859 
10 2 0 3861 
9 3 0 3862 3861 
6 2 3863 3861 
10 2 0 3864 
9 3 0 3865 3864 
6 2 3866 3864 
10 2 0 3867 
9 3 0 3868 3867 
6 2 3869 3867 
10 2 0 3870 
11 4 3862 3865 3868 3871 
1 0 
1 0 
1 0 
1 0 
1 0 
1 0 
1 0 
1 0 
1 0 
1 0 
1 0 
1 0 
1 0 
2 2 0 3873 
3 1 3886 
4 2 0 3885 
3 1 3888 
5 3 0 3874 3887 
6 2 3890 3887 
7 3 0 3884 3889 
6 2 3892 3889 
5 3 0 3875 3891 
6 2 3894 3891 
7 3 0 3883 3893 
6 2 3896 3893 
5 3 0 3876 3895 
6 2 3898 3895 
7 3 0 3882 3897 
6 2 3900 3897 
5 3 0 3877 3899 
6 2 3902 3899 
7 3 0 3881 3901 
6 2 3904 3901 
5 3 0 3878 3903 
6 2 3906 3903 
7 3 0 3880 3905 
6 2 3908 3905 
5 3 0 3879 3907 
6 2 3910 3907 
7 3 0 3879 3909 
6 2 3912 3909 
5 3 0 3880 3911 
6 2 3914 3911 
7 3 0 3878 3913 
6 2 3916 3913 
5 3 0 3881 3915 
6 2 3918 3915 
7 3 0 3877 3917 
6 2 3920 3917 
5 3 0 3882 3919 
6 2 3922 3919 
7 3 0 3876 3921 
6 2 3924 3921 
5 3 0 3883 3923 
6 2 3926 3923 
7 3 0 3875 3925 
6 2 3928 3925 
5 3 0 3884 3927 
6 2 3930 3927 
7 3 0 3874 3929 
6 2 3932 3929 
5 3 0 3885 3931 
6 2 3934 3931 
7 3 0 3873 3933 
6 2 3936 3933 
8 3 3935 3937 0 
9 2 0 3938 
6 2 3939 3938 
10 2 0 3940 
9 3 0 3941 3940 
6 2 3942 3940 
10 2 0 3943 
9 3 0 3944 3943 
6 2 3945 3943 
10 2 0 3946 
9 3 0 3947 3946 
6 2 3948 3946 
10 2 0 3949 
9 3 0 3950 3949 
6 2 3951 3949 
10 2 0 3952 
9 3 0 3953 3952 
6 2 3954 3952 
10 2 0 3955 
9 3 0 3956 3955 
6 2 3957 3955 
10 2 0 3958 
9 3 0 3959 3958 
6 2 3960 3958 
10 2 0 3961 
9 3 0 3962 3961 
6 2 3963 3961 
10 2 0 3964 
9 3 0 3965 3964 
6 2 3966 3964 
10 2 0 3967 
9 3 0 3968 3967 
6 2 3969 3967 
10 2 0 3970 
9 3 0 3971 3970 
6 2 3972 3970 
10 2 0 3973 
11 12 3941 3944 3947 3950 3953 3956 3959 3962 3965 3968 3971 3974 
1 0 
1 0 
1 0 
1 0 
1 0 
2 2 0 3976 
3 1 3981 
4 2 0 3980 
3 1 3983 
5 3 0 3977 3982 
6 2 3985 3982 
7 3 0 3979 3984 
6 2 3987 3984 
5 3 0 3978 3986 
6 2 3989 3986 
7 3 0 3978 3988 
6 2 3991 3988 
5 3 0 3979 3990 
6 2 3993 3990 
7 3 0 3977 3992 
6 2 3995 3992 
5 3 0 3980 3994 
6 2 3997 3994 
7 3 0 3976 3996 
6 2 3999 3996 
8 3 3998 4000 0 
9 2 0 4001 
6 2 4002 4001 
10 2 0 4003 
9 3 0 4004 4003 
6 2 4005 4003 
10 2 0 4006 
9 3 0 4007 4006 
6 2 4008 4006 
10 2 0 4009 
9 3 0 4010 4009 
6 2 4011 4009 
10 2 0 4012 
11 4 4004 4007 4010 4013 
1 0 
1 0 
1 0 
1 0 
1 0 
1 0 
1 0 
1 0 
1 0 
1 0 
1 0 
2 2 0 4015 
3 1 4026 
4 2 0 4025 
3 1 4028 
5 3 0 4016 4027 
6 2 4030 4027 
7 3 0 4024 4029 
6 2 4032 4029 
5 3 0 4017 4031 
6 2 4034 4031 
7 3 0 4023 4033 
6 2 4036 4033 
5 3 0 4018 4035 
6 2 4038 4035 
7 3 0 4022 4037 
6 2 4040 4037 
5 3 0 4019 4039 
6 2 4042 4039 
7 3 0 4021 4041 
6 2 4044 4041 
5 3 0 4020 4043 
6 2 4046 4043 
7 3 0 4020 4045 
6 2 4048 4045 
5 3 0 4021 4047 
6 2 4050 4047 
7 3 0 4019 4049 
6 2 4052 4049 
5 3 0 4022 4051 
6 2 4054 4051 
7 3 0 4018 4053 
6 2 4056 4053 
5 3 0 4023 4055 
6 2 4058 4055 
7 3 0 4017 4057 
6 2 4060 4057 
5 3 0 4024 4059 
6 2 4062 4059 
7 3 0 4016 4061 
6 2 4064 4061 
5 3 0 4025 4063 
6 2 4066 4063 
7 3 0 4015 4065 
6 2 4068 4065 
8 3 4067 4069 0 
9 2 0 4070 
6 2 4071 4070 
10 2 0 4072 
9 3 0 4073 4072 
6 2 4074 4072 
10 2 0 4075 
9 3 0 4076 4075 
6 2 4077 4075 
10 2 0 4078 
9 3 0 4079 4078 
6 2 4080 4078 
10 2 0 4081 
9 3 0 4082 4081 
6 2 4083 4081 
10 2 0 4084 
9 3 0 4085 4084 
6 2 4086 4084 
10 2 0 4087 
9 3 0 4088 4087 
6 2 4089 4087 
10 2 0 4090 
9 3 0 4091 4090 
6 2 4092 4090 
10 2 0 4093 
9 3 0 4094 4093 
6 2 4095 4093 
10 2 0 4096 
9 3 0 4097 4096 
6 2 4098 4096 
10 2 0 4099 
11 10 4073 4076 4079 4082 4085 4088 4091 4094 4097 4100 
1 0 
1 0 
1 0 
1 0 
1 0 
1 0 
1 0 
1 0 
1 0 
1 0 
1 0 
1 0 
1 0 
1 0 
2 2 0 4102 
3 1 4116 
4 2 0 4115 
3 1 4118 
5 3 0 4103 4117 
6 2 4120 4117 
7 3 0 4114 4119 
6 2 4122 4119 
5 3 0 4104 4121 
6 2 4124 4121 
7 3 0 4113 4123 
6 2 4126 4123 
5 3 0 4105 4125 
6 2 4128 4125 
7 3 0 4112 4127 
6 2 4130 4127 
5 3 0 4106 4129 
6 2 4132 4129 
7 3 0 4111 4131 
6 2 4134 4131 
5 3 0 4107 4133 
6 2 4136 4133 
7 3 0 4110 4135 
6 2 4138 4135 
5 3 0 4108 4137 
6 2 4140 4137 
7 3 0 4109 4139 
6 2 4142 4139 
5 3 0 4109 4141 
6 2 4144 4141 
7 3 0 4108 4143 
6 2 4146 4143 
5 3 0 4110 4145 
6 2 4148 4145 
7 3 0 4107 4147 
6 2 4150 4147 
5 3 0 4111 4149 
6 2 4152 4149 
7 3 0 4106 4151 
6 2 4154 4151 
5 3 0 4112 4153 
6 2 4156 4153 
7 3 0 4105 4155 
6 2 4158 4155 
5 3 0 4113 4157 
6 2 4160 4157 
7 3 0 4104 4159 
6 2 4162 4159 
5 3 0 4114 4161 
6 2 4164 4161 
7 3 0 4103 4163 
6 2 4166 4163 
5 3 0 4115 4165 
6 2 4168 4165 
7 3 0 4102 4167 
6 2 4170 4167 
8 3 4169 4171 0 
9 2 0 4172 
6 2 4173 4172 
10 2 0 4174 
9 3 0 4175 4174 
6 2 4176 4174 
10 2 0 4177 
9 3 0 4178 4177 
6 2 4179 4177 
10 2 0 4180 
9 3 0 4181 4180 
6 2 4182 4180 
10 2 0 4183 
9 3 0 4184 4183 
6 2 4185 4183 
10 2 0 4186 
9 3 0 4187 4186 
6 2 4188 4186 
10 2 0 4189 
9 3 0 4190 4189 
6 2 4191 4189 
10 2 0 4192 
9 3 0 4193 4192 
6 2 4194 4192 
10 2 0 4195 
9 3 0 4196 4195 
6 2 4197 4195 
10 2 0 4198 
9 3 0 4199 4198 
6 2 4200 4198 
10 2 0 4201 
9 3 0 4202 4201 
6 2 4203 4201 
10 2 0 4204 
9 3 0 4205 4204 
6 2 4206 4204 
10 2 0 4207 
9 3 0 4208 4207 
6 2 4209 4207 
10 2 0 4210 
11 13 4175 4178 4181 4184 4187 4190 4193 4196 4199 4202 4205 4208 4211 
1 0 
1 0 
1 0 
1 0 
1 0 
1 0 
1 0 
1 0 
1 0 
1 0 
2 2 0 4213 
3 1 4223 
4 2 0 4222 
3 1 4225 
5 3 0 4214 4224 
6 2 4227 4224 
7 3 0 4221 4226 
6 2 4229 4226 
5 3 0 4215 4228 
6 2 4231 4228 
7 3 0 4220 4230 
6 2 4233 4230 
5 3 0 4216 4232 
6 2 4235 4232 
7 3 0 4219 4234 
6 2 4237 4234 
5 3 0 4217 4236 
6 2 4239 4236 
7 3 0 4218 4238 
6 2 4241 4238 
5 3 0 4218 4240 
6 2 4243 4240 
7 3 0 4217 4242 
6 2 4245 4242 
5 3 0 4219 4244 
6 2 4247 4244 
7 3 0 4216 4246 
6 2 4249 4246 
5 3 0 4220 4248 
6 2 4251 4248 
7 3 0 4215 4250 
6 2 4253 4250 
5 3 0 4221 4252 
6 2 4255 4252 
7 3 0 4214 4254 
6 2 4257 4254 
5 3 0 4222 4256 
6 2 4259 4256 
7 3 0 4213 4258 
6 2 4261 4258 
8 3 4260 4262 0 
9 2 0 4263 
6 2 4264 4263 
10 2 0 4265 
9 3 0 4266 4265 
6 2 4267 4265 
10 2 0 4268 
9 3 0 4269 4268 
6 2 4270 4268 
10 2 0 4271 
9 3 0 4272 4271 
6 2 4273 4271 
10 2 0 4274 
9 3 0 4275 4274 
6 2 4276 4274 
10 2 0 4277 
9 3 0 4278 4277 
6 2 4279 4277 
10 2 0 4280 
9 3 0 4281 4280 
6 2 4282 4280 
10 2 0 4283 
9 3 0 4284 4283 
6 2 4285 4283 
10 2 0 4286 
9 3 0 4287 4286 
6 2 4288 4286 
10 2 0 4289 
11 9 4266 4269 4272 4275 4278 4281 4284 4287 4290 
1 0 
1 0 
1 0 
1 0 
1 0 
1 0 
1 0 
2 2 0 4292 
3 1 4299 
4 2 0 4298 
3 1 4301 
5 3 0 4293 4300 
6 2 4303 4300 
7 3 0 4297 4302 
6 2 4305 4302 
5 3 0 4294 4304 
6 2 4307 4304 
7 3 0 4296 4306 
6 2 4309 4306 
5 3 0 4295 4308 
6 2 4311 4308 
7 3 0 4295 4310 
6 2 4313 4310 
5 3 0 4296 4312 
6 2 4315 4312 
7 3 0 4294 4314 
6 2 4317 4314 
5 3 0 4297 4316 
6 2 4319 4316 
7 3 0 4293 4318 
6 2 4321 4318 
5 3 0 4298 4320 
6 2 4323 4320 
7 3 0 4292 4322 
6 2 4325 4322 
8 3 4324 4326 0 
9 2 0 4327 
6 2 4328 4327 
10 2 0 4329 
9 3 0 4330 4329 
6 2 4331 4329 
10 2 0 4332 
9 3 0 4333 4332 
6 2 4334 4332 
10 2 0 4335 
9 3 0 4336 4335 
6 2 4337 4335 
10 2 0 4338 
9 3 0 4339 4338 
6 2 4340 4338 
10 2 0 4341 
9 3 0 4342 4341 
6 2 4343 4341 
10 2 0 4344 
11 6 4330 4333 4336 4339 4342 4345 
1 0 
1 0 
1 0 
1 0 
1 0 
1 0 
1 0 
1 0 
1 0 
1 0 
1 0 
1 0 
1 0 
1 0 
1 0 
1 0 
2 2 0 4347 
3 1 4363 
4 2 0 4362 
3 1 4365 
5 3 0 4348 4364 
6 2 4367 4364 
7 3 0 4361 4366 
6 2 4369 4366 
5 3 0 4349 4368 
6 2 4371 4368 
7 3 0 4360 4370 
6 2 4373 4370 
5 3 0 4350 4372 
6 2 4375 4372 
7 3 0 4359 4374 
6 2 4377 4374 
5 3 0 4351 4376 
6 2 4379 4376 
7 3 0 4358 4378 
6 2 4381 4378 
5 3 0 4352 4380 
6 2 4383 4380 
7 3 0 4357 4382 
6 2 4385 4382 
5 3 0 4353 4384 
6 2 4387 4384 
7 3 0 4356 4386 
6 2 4389 4386 
5 3 0 4354 4388 
6 2 4391 4388 
7 3 0 4355 4390 
6 2 4393 4390 
5 3 0 4355 4392 
6 2 4395 4392 
7 3 0 4354 4394 
6 2 4397 4394 
5 3 0 4356 4396 
6 2 4399 4396 
7 3 0 4353 4398 
6 2 4401 4398 
5 3 0 4357 4400 
6 2 4403 4400 
7 3 0 4352 4402 
6 2 4405 4402 
5 3 0 4358 4404 
6 2 4407 4404 
7 3 0 4351 4406 
6 2 4409 4406 
5 3 0 4359 4408 
6 2 4411 4408 
7 3 0 4350 4410 
6 2 4413 4410 
5 3 0 4360 4412 
6 2 4415 4412 
7 3 0 4349 4414 
6 2 4417 4414 
5 3 0 4361 4416 
6 2 4419 4416 
7 3 0 4348 4418 
6 2 4421 4418 
5 3 0 4362 4420 
6 2 4423 4420 
7 3 0 4347 4422 
6 2 4425 4422 
8 3 4424 4426 0 
9 2 0 4427 
6 2 4428 4427 
10 2 0 4429 
9 3 0 4430 4429 
6 2 4431 4429 
10 2 0 4432 
9 3 0 4433 4432 
6 2 4434 4432 
10 2 0 4435 
9 3 0 4436 4435 
6 2 4437 4435 
10 2 0 4438 
9 3 0 4439 4438 
6 2 4440 4438 
10 2 0 4441 
9 3 0 4442 4441 
6 2 4443 4441 
10 2 0 4444 
9 3 0 4445 4444 
6 2 4446 4444 
10 2 0 4447 
9 3 0 4448 4447 
6 2 4449 4447 
10 2 0 4450 
9 3 0 4451 4450 
6 2 4452 4450 
10 2 0 4453 
9 3 0 4454 4453 
6 2 4455 4453 
10 2 0 4456 
9 3 0 4457 4456 
6 2 4458 4456 
10 2 0 4459 
9 3 0 4460 4459 
6 2 4461 4459 
10 2 0 4462 
9 3 0 4463 4462 
6 2 4464 4462 
10 2 0 4465 
9 3 0 4466 4465 
6 2 4467 4465 
10 2 0 4468 
9 3 0 4469 4468 
6 2 4470 4468 
10 2 0 4471 
11 15 4430 4433 4436 4439 4442 4445 4448 4451 4454 4457 4460 4463 4466 4469 4472 
1 0 
1 0 
1 0 
1 0 
1 0 
1 0 
1 0 
1 0 
1 0 
2 2 0 4474 
3 1 4483 
4 2 0 4482 
3 1 4485 
5 3 0 4475 4484 
6 2 4487 4484 
7 3 0 4481 4486 
6 2 4489 4486 
5 3 0 4476 4488 
6 2 4491 4488 
7 3 0 4480 4490 
6 2 4493 4490 
5 3 0 4477 4492 
6 2 4495 4492 
7 3 0 4479 4494 
6 2 4497 4494 
5 3 0 4478 4496 
6 2 4499 4496 
7 3 0 4478 4498 
6 2 4501 4498 
5 3 0 4479 4500 
6 2 4503 4500 
7 3 0 4477 4502 
6 2 4505 4502 
5 3 0 4480 4504 
6 2 4507 4504 
7 3 0 4476 4506 
6 2 4509 4506 
5 3 0 4481 4508 
6 2 4511 4508 
7 3 0 4475 4510 
6 2 4513 4510 
5 3 0 4482 4512 
6 2 4515 4512 
7 3 0 4474 4514 
6 2 4517 4514 
8 3 4516 4518 0 
9 2 0 4519 
6 2 4520 4519 
10 2 0 4521 
9 3 0 4522 4521 
6 2 4523 4521 
10 2 0 4524 
9 3 0 4525 4524 
6 2 4526 4524 
10 2 0 4527 
9 3 0 4528 4527 
6 2 4529 4527 
10 2 0 4530 
9 3 0 4531 4530 
6 2 4532 4530 
10 2 0 4533 
9 3 0 4534 4533 
6 2 4535 4533 
10 2 0 4536 
9 3 0 4537 4536 
6 2 4538 4536 
10 2 0 4539 
9 3 0 4540 4539 
6 2 4541 4539 
10 2 0 4542 
11 8 4522 4525 4528 4531 4534 4537 4540 4543 
1 0 
1 0 
1 0 
1 0 
1 0 
1 0 
1 0 
1 0 
1 0 
1 0 
2 2 0 4545 
3 1 4555 
4 2 0 4554 
3 1 4557 
5 3 0 4546 4556 
6 2 4559 4556 
7 3 0 4553 4558 
6 2 4561 4558 
5 3 0 4547 4560 
6 2 4563 4560 
7 3 0 4552 4562 
6 2 4565 4562 
5 3 0 4548 4564 
6 2 4567 4564 
7 3 0 4551 4566 
6 2 4569 4566 
5 3 0 4549 4568 
6 2 4571 4568 
7 3 0 4550 4570 
6 2 4573 4570 
5 3 0 4550 4572 
6 2 4575 4572 
7 3 0 4549 4574 
6 2 4577 4574 
5 3 0 4551 4576 
6 2 4579 4576 
7 3 0 4548 4578 
6 2 4581 4578 
5 3 0 4552 4580 
6 2 4583 4580 
7 3 0 4547 4582 
6 2 4585 4582 
5 3 0 4553 4584 
6 2 4587 4584 
7 3 0 4546 4586 
6 2 4589 4586 
5 3 0 4554 4588 
6 2 4591 4588 
7 3 0 4545 4590 
6 2 4593 4590 
8 3 4592 4594 0 
9 2 0 4595 
6 2 4596 4595 
10 2 0 4597 
9 3 0 4598 4597 
6 2 4599 4597 
10 2 0 4600 
9 3 0 4601 4600 
6 2 4602 4600 
10 2 0 4603 
9 3 0 4604 4603 
6 2 4605 4603 
10 2 0 4606 
9 3 0 4607 4606 
6 2 4608 4606 
10 2 0 4609 
9 3 0 4610 4609 
6 2 4611 4609 
10 2 0 4612 
9 3 0 4613 4612 
6 2 4614 4612 
10 2 0 4615 
9 3 0 4616 4615 
6 2 4617 4615 
10 2 0 4618 
9 3 0 4619 4618 
6 2 4620 4618 
10 2 0 4621 
11 9 4598 4601 4604 4607 4610 4613 4616 4619 4622 
1 0 
1 0 
1 0 
1 0 
1 0 
1 0 
1 0 
1 0 
1 0 
1 0 
1 0 
1 0 
1 0 
1 0 
2 2 0 4624 
3 1 4638 
4 2 0 4637 
3 1 4640 
5 3 0 4625 4639 
6 2 4642 4639 
7 3 0 4636 4641 
6 2 4644 4641 
5 3 0 4626 4643 
6 2 4646 4643 
7 3 0 4635 4645 
6 2 4648 4645 
5 3 0 4627 4647 
6 2 4650 4647 
7 3 0 4634 4649 
6 2 4652 4649 
5 3 0 4628 4651 
6 2 4654 4651 
7 3 0 4633 4653 
6 2 4656 4653 
5 3 0 4629 4655 
6 2 4658 4655 
7 3 0 4632 4657 
6 2 4660 4657 
5 3 0 4630 4659 
6 2 4662 4659 
7 3 0 4631 4661 
6 2 4664 4661 
5 3 0 4631 4663 
6 2 4666 4663 
7 3 0 4630 4665 
6 2 4668 4665 
5 3 0 4632 4667 
6 2 4670 4667 
7 3 0 4629 4669 
6 2 4672 4669 
5 3 0 4633 4671 
6 2 4674 4671 
7 3 0 4628 4673 
6 2 4676 4673 
5 3 0 4634 4675 
6 2 4678 4675 
7 3 0 4627 4677 
6 2 4680 4677 
5 3 0 4635 4679 
6 2 4682 4679 
7 3 0 4626 4681 
6 2 4684 4681 
5 3 0 4636 4683 
6 2 4686 4683 
7 3 0 4625 4685 
6 2 4688 4685 
5 3 0 4637 4687 
6 2 4690 4687 
7 3 0 4624 4689 
6 2 4692 4689 
8 3 4691 4693 0 
9 2 0 4694 
6 2 4695 4694 
10 2 0 4696 
9 3 0 4697 4696 
6 2 4698 4696 
10 2 0 4699 
9 3 0 4700 4699 
6 2 4701 4699 
10 2 0 4702 
9 3 0 4703 4702 
6 2 4704 4702 
10 2 0 4705 
9 3 0 4706 4705 
6 2 4707 4705 
10 2 0 4708 
9 3 0 4709 4708 
6 2 4710 4708 
10 2 0 4711 
9 3 0 4712 4711 
6 2 4713 4711 
10 2 0 4714 
9 3 0 4715 4714 
6 2 4716 4714 
10 2 0 4717 
9 3 0 4718 4717 
6 2 4719 4717 
10 2 0 4720 
9 3 0 4721 4720 
6 2 4722 4720 
10 2 0 4723 
9 3 0 4724 4723 
6 2 4725 4723 
10 2 0 4726 
9 3 0 4727 4726 
6 2 4728 4726 
10 2 0 4729 
9 3 0 4730 4729 
6 2 4731 4729 
10 2 0 4732 
11 13 4697 4700 4703 4706 4709 4712 4715 4718 4721 4724 4727 4730 4733 
1 0 
1 0 
1 0 
1 0 
1 0 
1 0 
1 0 
2 2 0 4735 
3 1 4742 
4 2 0 4741 
3 1 4744 
5 3 0 4736 4743 
6 2 4746 4743 
7 3 0 4740 4745 
6 2 4748 4745 
5 3 0 4737 4747 
6 2 4750 4747 
7 3 0 4739 4749 
6 2 4752 4749 
5 3 0 4738 4751 
6 2 4754 4751 
7 3 0 4738 4753 
6 2 4756 4753 
5 3 0 4739 4755 
6 2 4758 4755 
7 3 0 4737 4757 
6 2 4760 4757 
5 3 0 4740 4759 
6 2 4762 4759 
7 3 0 4736 4761 
6 2 4764 4761 
5 3 0 4741 4763 
6 2 4766 4763 
7 3 0 4735 4765 
6 2 4768 4765 
8 3 4767 4769 0 
9 2 0 4770 
6 2 4771 4770 
10 2 0 4772 
9 3 0 4773 4772 
6 2 4774 4772 
10 2 0 4775 
9 3 0 4776 4775 
6 2 4777 4775 
10 2 0 4778 
9 3 0 4779 4778 
6 2 4780 4778 
10 2 0 4781 
9 3 0 4782 4781 
6 2 4783 4781 
10 2 0 4784 
9 3 0 4785 4784 
6 2 4786 4784 
10 2 0 4787 
11 6 4773 4776 4779 4782 4785 4788 
1 0 
1 0 
1 0 
1 0 
1 0 
1 0 
1 0 
1 0 
2 2 0 4790 
3 1 4798 
4 2 0 4797 
3 1 4800 
5 3 0 4791 4799 
6 2 4802 4799 
7 3 0 4796 4801 
6 2 4804 4801 
5 3 0 4792 4803 
6 2 4806 4803 
7 3 0 4795 4805 
6 2 4808 4805 
5 3 0 4793 4807 
6 2 4810 4807 
7 3 0 4794 4809 
6 2 4812 4809 
5 3 0 4794 4811 
6 2 4814 4811 
7 3 0 4793 4813 
6 2 4816 4813 
5 3 0 4795 4815 
6 2 4818 4815 
7 3 0 4792 4817 
6 2 4820 4817 
5 3 0 4796 4819 
6 2 4822 4819 
7 3 0 4791 4821 
6 2 4824 4821 
5 3 0 4797 4823 
6 2 4826 4823 
7 3 0 4790 4825 
6 2 4828 4825 
8 3 4827 4829 0 
9 2 0 4830 
6 2 4831 4830 
10 2 0 4832 
9 3 0 4833 4832 
6 2 4834 4832 
10 2 0 4835 
9 3 0 4836 4835 
6 2 4837 4835 
10 2 0 4838 
9 3 0 4839 4838 
6 2 4840 4838 
10 2 0 4841 
9 3 0 4842 4841 
6 2 4843 4841 
10 2 0 4844 
9 3 0 4845 4844 
6 2 4846 4844 
10 2 0 4847 
9 3 0 4848 4847 
6 2 4849 4847 
10 2 0 4850 
11 7 4833 4836 4839 4842 4845 4848 4851 
1 0 
1 0 
1 0 
1 0 
2 2 0 4853 
3 1 4857 
4 2 0 4856 
3 1 4859 
5 3 0 4854 4858 
6 2 4861 4858 
7 3 0 4855 4860 
6 2 4863 4860 
5 3 0 4855 4862 
6 2 4865 4862 
7 3 0 4854 4864 
6 2 4867 4864 
5 3 0 4856 4866 
6 2 4869 4866 
7 3 0 4853 4868 
6 2 4871 4868 
8 3 4870 4872 0 
9 2 0 4873 
6 2 4874 4873 
10 2 0 4875 
9 3 0 4876 4875 
6 2 4877 4875 
10 2 0 4878 
9 3 0 4879 4878 
6 2 4880 4878 
10 2 0 4881 
11 3 4876 4879 4882 
1 0 
1 0 
1 0 
1 0 
1 0 
1 0 
1 0 
1 0 
1 0 
2 2 0 4884 
3 1 4893 
4 2 0 4892 
3 1 4895 
5 3 0 4885 4894 
6 2 4897 4894 
7 3 0 4891 4896 
6 2 4899 4896 
5 3 0 4886 4898 
6 2 4901 4898 
7 3 0 4890 4900 
6 2 4903 4900 
5 3 0 4887 4902 
6 2 4905 4902 
7 3 0 4889 4904 
6 2 4907 4904 
5 3 0 4888 4906 
6 2 4909 4906 
7 3 0 4888 4908 
6 2 4911 4908 
5 3 0 4889 4910 
6 2 4913 4910 
7 3 0 4887 4912 
6 2 4915 4912 
5 3 0 4890 4914 
6 2 4917 4914 
7 3 0 4886 4916 
6 2 4919 4916 
5 3 0 4891 4918 
6 2 4921 4918 
7 3 0 4885 4920 
6 2 4923 4920 
5 3 0 4892 4922 
6 2 4925 4922 
7 3 0 4884 4924 
6 2 4927 4924 
8 3 4926 4928 0 
9 2 0 4929 
6 2 4930 4929 
10 2 0 4931 
9 3 0 4932 4931 
6 2 4933 4931 
10 2 0 4934 
9 3 0 4935 4934 
6 2 4936 4934 
10 2 0 4937 
9 3 0 4938 4937 
6 2 4939 4937 
10 2 0 4940 
9 3 0 4941 4940 
6 2 4942 4940 
10 2 0 4943 
9 3 0 4944 4943 
6 2 4945 4943 
10 2 0 4946 
9 3 0 4947 4946 
6 2 4948 4946 
10 2 0 4949 
9 3 0 4950 4949 
6 2 4951 4949 
10 2 0 4952 
11 8 4932 4935 4938 4941 4944 4947 4950 4953 
1 0 
1 0 
1 0 
1 0 
1 0 
1 0 
1 0 
1 0 
1 0 
1 0 
2 2 0 4955 
3 1 4965 
4 2 0 4964 
3 1 4967 
5 3 0 4956 4966 
6 2 4969 4966 
7 3 0 4963 4968 
6 2 4971 4968 
5 3 0 4957 4970 
6 2 4973 4970 
7 3 0 4962 4972 
6 2 4975 4972 
5 3 0 4958 4974 
6 2 4977 4974 
7 3 0 4961 4976 
6 2 4979 4976 
5 3 0 4959 4978 
6 2 4981 4978 
7 3 0 4960 4980 
6 2 4983 4980 
5 3 0 4960 4982 
6 2 4985 4982 
7 3 0 4959 4984 
6 2 4987 4984 
5 3 0 4961 4986 
6 2 4989 4986 
7 3 0 4958 4988 
6 2 4991 4988 
5 3 0 4962 4990 
6 2 4993 4990 
7 3 0 4957 4992 
6 2 4995 4992 
5 3 0 4963 4994 
6 2 4997 4994 
7 3 0 4956 4996 
6 2 4999 4996 
5 3 0 4964 4998 
6 2 5001 4998 
7 3 0 4955 5000 
6 2 5003 5000 
8 3 5002 5004 0 
9 2 0 5005 
6 2 5006 5005 
10 2 0 5007 
9 3 0 5008 5007 
6 2 5009 5007 
10 2 0 5010 
9 3 0 5011 5010 
6 2 5012 5010 
10 2 0 5013 
9 3 0 5014 5013 
6 2 5015 5013 
10 2 0 5016 
9 3 0 5017 5016 
6 2 5018 5016 
10 2 0 5019 
9 3 0 5020 5019 
6 2 5021 5019 
10 2 0 5022 
9 3 0 5023 5022 
6 2 5024 5022 
10 2 0 5025 
9 3 0 5026 5025 
6 2 5027 5025 
10 2 0 5028 
9 3 0 5029 5028 
6 2 5030 5028 
10 2 0 5031 
11 9 5008 5011 5014 5017 5020 5023 5026 5029 5032 
1 0 
1 0 
1 0 
1 0 
1 0 
1 0 
1 0 
1 0 
2 2 0 5034 
3 1 5042 
4 2 0 5041 
3 1 5044 
5 3 0 5035 5043 
6 2 5046 5043 
7 3 0 5040 5045 
6 2 5048 5045 
5 3 0 5036 5047 
6 2 5050 5047 
7 3 0 5039 5049 
6 2 5052 5049 
5 3 0 5037 5051 
6 2 5054 5051 
7 3 0 5038 5053 
6 2 5056 5053 
5 3 0 5038 5055 
6 2 5058 5055 
7 3 0 5037 5057 
6 2 5060 5057 
5 3 0 5039 5059 
6 2 5062 5059 
7 3 0 5036 5061 
6 2 5064 5061 
5 3 0 5040 5063 
6 2 5066 5063 
7 3 0 5035 5065 
6 2 5068 5065 
5 3 0 5041 5067 
6 2 5070 5067 
7 3 0 5034 5069 
6 2 5072 5069 
8 3 5071 5073 0 
9 2 0 5074 
6 2 5075 5074 
10 2 0 5076 
9 3 0 5077 5076 
6 2 5078 5076 
10 2 0 5079 
9 3 0 5080 5079 
6 2 5081 5079 
10 2 0 5082 
9 3 0 5083 5082 
6 2 5084 5082 
10 2 0 5085 
9 3 0 5086 5085 
6 2 5087 5085 
10 2 0 5088 
9 3 0 5089 5088 
6 2 5090 5088 
10 2 0 5091 
9 3 0 5092 5091 
6 2 5093 5091 
10 2 0 5094 
11 7 5077 5080 5083 5086 5089 5092 5095 
13 64 31 94 205 292 355 426 521 576 639 734 813 884 987 1034 1105 1160 1303 1398 1461 1596 1667 1746 1849 1968 2047 2110 2189 2300 2379 2442 2609 2656 2703 2838 2909 2980 3051 3162 3257 3328 3391 3438 3501 3596 3683 3770 3833 3872 3975 4014 4101 4212 4291 4346 4473 4544 4623 4734 4789 4852 4883 4954 5033 5096 
