5242
0 0 
1 0 
1 0 
1 0 
1 0 
1 0 
1 0 
1 0 
1 0 
1 0 
2 2 0 1 
3 1 10 
4 2 0 9 
3 1 12 
5 3 0 2 11 
6 2 14 11 
7 3 0 8 13 
6 2 16 13 
5 3 0 3 15 
6 2 18 15 
7 3 0 7 17 
6 2 20 17 
5 3 0 4 19 
6 2 22 19 
7 3 0 6 21 
6 2 24 21 
5 3 0 5 23 
6 2 26 23 
7 3 0 5 25 
6 2 28 25 
5 3 0 6 27 
6 2 30 27 
7 3 0 4 29 
6 2 32 29 
5 3 0 7 31 
6 2 34 31 
7 3 0 3 33 
6 2 36 33 
5 3 0 8 35 
6 2 38 35 
7 3 0 2 37 
6 2 40 37 
5 3 0 9 39 
6 2 42 39 
7 3 0 1 41 
6 2 44 41 
8 3 43 45 0 
9 2 0 46 
6 2 47 46 
10 2 0 48 
9 3 0 49 48 
6 2 50 48 
10 2 0 51 
9 3 0 52 51 
6 2 53 51 
10 2 0 54 
9 3 0 55 54 
6 2 56 54 
10 2 0 57 
9 3 0 58 57 
6 2 59 57 
10 2 0 60 
9 3 0 61 60 
6 2 62 60 
10 2 0 63 
9 3 0 64 63 
6 2 65 63 
10 2 0 66 
9 3 0 67 66 
6 2 68 66 
10 2 0 69 
11 8 49 52 55 58 61 64 67 70 
1 0 
1 0 
1 0 
1 0 
1 0 
1 0 
1 0 
1 0 
2 2 0 72 
3 1 80 
4 2 0 79 
3 1 82 
5 3 0 73 81 
6 2 84 81 
7 3 0 78 83 
6 2 86 83 
5 3 0 74 85 
6 2 88 85 
7 3 0 77 87 
6 2 90 87 
5 3 0 75 89 
6 2 92 89 
7 3 0 76 91 
6 2 94 91 
5 3 0 76 93 
6 2 96 93 
7 3 0 75 95 
6 2 98 95 
5 3 0 77 97 
6 2 100 97 
7 3 0 74 99 
6 2 102 99 
5 3 0 78 101 
6 2 104 101 
7 3 0 73 103 
6 2 106 103 
5 3 0 79 105 
6 2 108 105 
7 3 0 72 107 
6 2 110 107 
8 3 109 111 0 
9 2 0 112 
6 2 113 112 
10 2 0 114 
9 3 0 115 114 
6 2 116 114 
10 2 0 117 
9 3 0 118 117 
6 2 119 117 
10 2 0 120 
9 3 0 121 120 
6 2 122 120 
10 2 0 123 
9 3 0 124 123 
6 2 125 123 
10 2 0 126 
9 3 0 127 126 
6 2 128 126 
10 2 0 129 
9 3 0 130 129 
6 2 131 129 
10 2 0 132 
11 7 115 118 121 124 127 130 133 
1 0 
1 0 
1 0 
1 0 
1 0 
1 0 
1 0 
1 0 
1 0 
1 0 
1 0 
1 0 
2 2 0 135 
3 1 147 
4 2 0 146 
3 1 149 
5 3 0 136 148 
6 2 151 148 
7 3 0 145 150 
6 2 153 150 
5 3 0 137 152 
6 2 155 152 
7 3 0 144 154 
6 2 157 154 
5 3 0 138 156 
6 2 159 156 
7 3 0 143 158 
6 2 161 158 
5 3 0 139 160 
6 2 163 160 
7 3 0 142 162 
6 2 165 162 
5 3 0 140 164 
6 2 167 164 
7 3 0 141 166 
6 2 169 166 
5 3 0 141 168 
6 2 171 168 
7 3 0 140 170 
6 2 173 170 
5 3 0 142 172 
6 2 175 172 
7 3 0 139 174 
6 2 177 174 
5 3 0 143 176 
6 2 179 176 
7 3 0 138 178 
6 2 181 178 
5 3 0 144 180 
6 2 183 180 
7 3 0 137 182 
6 2 185 182 
5 3 0 145 184 
6 2 187 184 
7 3 0 136 186 
6 2 189 186 
5 3 0 146 188 
6 2 191 188 
7 3 0 135 190 
6 2 193 190 
8 3 192 194 0 
9 2 0 195 
6 2 196 195 
10 2 0 197 
9 3 0 198 197 
6 2 199 197 
10 2 0 200 
9 3 0 201 200 
6 2 202 200 
10 2 0 203 
9 3 0 204 203 
6 2 205 203 
10 2 0 206 
9 3 0 207 206 
6 2 208 206 
10 2 0 209 
9 3 0 210 209 
6 2 211 209 
10 2 0 212 
9 3 0 213 212 
6 2 214 212 
10 2 0 215 
9 3 0 216 215 
6 2 217 215 
10 2 0 218 
9 3 0 219 218 
6 2 220 218 
10 2 0 221 
9 3 0 222 221 
6 2 223 221 
10 2 0 224 
9 3 0 225 224 
6 2 226 224 
10 2 0 227 
11 11 198 201 204 207 210 213 216 219 222 225 228 
1 0 
1 0 
1 0 
1 0 
1 0 
1 0 
2 2 0 230 
3 1 236 
4 2 0 235 
3 1 238 
5 3 0 231 237 
6 2 240 237 
7 3 0 234 239 
6 2 242 239 
5 3 0 232 241 
6 2 244 241 
7 3 0 233 243 
6 2 246 243 
5 3 0 233 245 
6 2 248 245 
7 3 0 232 247 
6 2 250 247 
5 3 0 234 249 
6 2 252 249 
7 3 0 231 251 
6 2 254 251 
5 3 0 235 253 
6 2 256 253 
7 3 0 230 255 
6 2 258 255 
8 3 257 259 0 
9 2 0 260 
6 2 261 260 
10 2 0 262 
9 3 0 263 262 
6 2 264 262 
10 2 0 265 
9 3 0 266 265 
6 2 267 265 
10 2 0 268 
9 3 0 269 268 
6 2 270 268 
10 2 0 271 
9 3 0 272 271 
6 2 273 271 
10 2 0 274 
11 5 263 266 269 272 275 
1 0 
1 0 
1 0 
1 0 
1 0 
1 0 
1 0 
2 2 0 277 
3 1 284 
4 2 0 283 
3 1 286 
5 3 0 278 285 
6 2 288 285 
7 3 0 282 287 
6 2 290 287 
5 3 0 279 289 
6 2 292 289 
7 3 0 281 291 
6 2 294 291 
5 3 0 280 293 
6 2 296 293 
7 3 0 280 295 
6 2 298 295 
5 3 0 281 297 
6 2 300 297 
7 3 0 279 299 
6 2 302 299 
5 3 0 282 301 
6 2 304 301 
7 3 0 278 303 
6 2 306 303 
5 3 0 283 305 
6 2 308 305 
7 3 0 277 307 
6 2 310 307 
8 3 309 311 0 
9 2 0 312 
6 2 313 312 
10 2 0 314 
9 3 0 315 314 
6 2 316 314 
10 2 0 317 
9 3 0 318 317 
6 2 319 317 
10 2 0 320 
9 3 0 321 320 
6 2 322 320 
10 2 0 323 
9 3 0 324 323 
6 2 325 323 
10 2 0 326 
9 3 0 327 326 
6 2 328 326 
10 2 0 329 
11 6 315 318 321 324 327 330 
1 0 
1 0 
1 0 
1 0 
1 0 
1 0 
1 0 
1 0 
1 0 
1 0 
1 0 
1 0 
1 0 
1 0 
2 2 0 332 
3 1 346 
4 2 0 345 
3 1 348 
5 3 0 333 347 
6 2 350 347 
7 3 0 344 349 
6 2 352 349 
5 3 0 334 351 
6 2 354 351 
7 3 0 343 353 
6 2 356 353 
5 3 0 335 355 
6 2 358 355 
7 3 0 342 357 
6 2 360 357 
5 3 0 336 359 
6 2 362 359 
7 3 0 341 361 
6 2 364 361 
5 3 0 337 363 
6 2 366 363 
7 3 0 340 365 
6 2 368 365 
5 3 0 338 367 
6 2 370 367 
7 3 0 339 369 
6 2 372 369 
5 3 0 339 371 
6 2 374 371 
7 3 0 338 373 
6 2 376 373 
5 3 0 340 375 
6 2 378 375 
7 3 0 337 377 
6 2 380 377 
5 3 0 341 379 
6 2 382 379 
7 3 0 336 381 
6 2 384 381 
5 3 0 342 383 
6 2 386 383 
7 3 0 335 385 
6 2 388 385 
5 3 0 343 387 
6 2 390 387 
7 3 0 334 389 
6 2 392 389 
5 3 0 344 391 
6 2 394 391 
7 3 0 333 393 
6 2 396 393 
5 3 0 345 395 
6 2 398 395 
7 3 0 332 397 
6 2 400 397 
8 3 399 401 0 
9 2 0 402 
6 2 403 402 
10 2 0 404 
9 3 0 405 404 
6 2 406 404 
10 2 0 407 
9 3 0 408 407 
6 2 409 407 
10 2 0 410 
9 3 0 411 410 
6 2 412 410 
10 2 0 413 
9 3 0 414 413 
6 2 415 413 
10 2 0 416 
9 3 0 417 416 
6 2 418 416 
10 2 0 419 
9 3 0 420 419 
6 2 421 419 
10 2 0 422 
9 3 0 423 422 
6 2 424 422 
10 2 0 425 
9 3 0 426 425 
6 2 427 425 
10 2 0 428 
9 3 0 429 428 
6 2 430 428 
10 2 0 431 
9 3 0 432 431 
6 2 433 431 
10 2 0 434 
9 3 0 435 434 
6 2 436 434 
10 2 0 437 
9 3 0 438 437 
6 2 439 437 
10 2 0 440 
11 13 405 408 411 414 417 420 423 426 429 432 435 438 441 
1 0 
1 0 
1 0 
1 0 
1 0 
1 0 
1 0 
1 0 
1 0 
2 2 0 443 
3 1 452 
4 2 0 451 
3 1 454 
5 3 0 444 453 
6 2 456 453 
7 3 0 450 455 
6 2 458 455 
5 3 0 445 457 
6 2 460 457 
7 3 0 449 459 
6 2 462 459 
5 3 0 446 461 
6 2 464 461 
7 3 0 448 463 
6 2 466 463 
5 3 0 447 465 
6 2 468 465 
7 3 0 447 467 
6 2 470 467 
5 3 0 448 469 
6 2 472 469 
7 3 0 446 471 
6 2 474 471 
5 3 0 449 473 
6 2 476 473 
7 3 0 445 475 
6 2 478 475 
5 3 0 450 477 
6 2 480 477 
7 3 0 444 479 
6 2 482 479 
5 3 0 451 481 
6 2 484 481 
7 3 0 443 483 
6 2 486 483 
8 3 485 487 0 
9 2 0 488 
6 2 489 488 
10 2 0 490 
9 3 0 491 490 
6 2 492 490 
10 2 0 493 
9 3 0 494 493 
6 2 495 493 
10 2 0 496 
9 3 0 497 496 
6 2 498 496 
10 2 0 499 
9 3 0 500 499 
6 2 501 499 
10 2 0 502 
9 3 0 503 502 
6 2 504 502 
10 2 0 505 
9 3 0 506 505 
6 2 507 505 
10 2 0 508 
9 3 0 509 508 
6 2 510 508 
10 2 0 511 
11 8 491 494 497 500 503 506 509 512 
1 0 
1 0 
1 0 
1 0 
1 0 
1 0 
1 0 
1 0 
1 0 
1 0 
1 0 
1 0 
1 0 
2 2 0 514 
3 1 527 
4 2 0 526 
3 1 529 
5 3 0 515 528 
6 2 531 528 
7 3 0 525 530 
6 2 533 530 
5 3 0 516 532 
6 2 535 532 
7 3 0 524 534 
6 2 537 534 
5 3 0 517 536 
6 2 539 536 
7 3 0 523 538 
6 2 541 538 
5 3 0 518 540 
6 2 543 540 
7 3 0 522 542 
6 2 545 542 
5 3 0 519 544 
6 2 547 544 
7 3 0 521 546 
6 2 549 546 
5 3 0 520 548 
6 2 551 548 
7 3 0 520 550 
6 2 553 550 
5 3 0 521 552 
6 2 555 552 
7 3 0 519 554 
6 2 557 554 
5 3 0 522 556 
6 2 559 556 
7 3 0 518 558 
6 2 561 558 
5 3 0 523 560 
6 2 563 560 
7 3 0 517 562 
6 2 565 562 
5 3 0 524 564 
6 2 567 564 
7 3 0 516 566 
6 2 569 566 
5 3 0 525 568 
6 2 571 568 
7 3 0 515 570 
6 2 573 570 
5 3 0 526 572 
6 2 575 572 
7 3 0 514 574 
6 2 577 574 
8 3 576 578 0 
9 2 0 579 
6 2 580 579 
10 2 0 581 
9 3 0 582 581 
6 2 583 581 
10 2 0 584 
9 3 0 585 584 
6 2 586 584 
10 2 0 587 
9 3 0 588 587 
6 2 589 587 
10 2 0 590 
9 3 0 591 590 
6 2 592 590 
10 2 0 593 
9 3 0 594 593 
6 2 595 593 
10 2 0 596 
9 3 0 597 596 
6 2 598 596 
10 2 0 599 
9 3 0 600 599 
6 2 601 599 
10 2 0 602 
9 3 0 603 602 
6 2 604 602 
10 2 0 605 
9 3 0 606 605 
6 2 607 605 
10 2 0 608 
9 3 0 609 608 
6 2 610 608 
10 2 0 611 
9 3 0 612 611 
6 2 613 611 
10 2 0 614 
11 12 582 585 588 591 594 597 600 603 606 609 612 615 
1 0 
1 0 
1 0 
1 0 
1 0 
1 0 
1 0 
1 0 
2 2 0 617 
3 1 625 
4 2 0 624 
3 1 627 
5 3 0 618 626 
6 2 629 626 
7 3 0 623 628 
6 2 631 628 
5 3 0 619 630 
6 2 633 630 
7 3 0 622 632 
6 2 635 632 
5 3 0 620 634 
6 2 637 634 
7 3 0 621 636 
6 2 639 636 
5 3 0 621 638 
6 2 641 638 
7 3 0 620 640 
6 2 643 640 
5 3 0 622 642 
6 2 645 642 
7 3 0 619 644 
6 2 647 644 
5 3 0 623 646 
6 2 649 646 
7 3 0 618 648 
6 2 651 648 
5 3 0 624 650 
6 2 653 650 
7 3 0 617 652 
6 2 655 652 
8 3 654 656 0 
9 2 0 657 
6 2 658 657 
10 2 0 659 
9 3 0 660 659 
6 2 661 659 
10 2 0 662 
9 3 0 663 662 
6 2 664 662 
10 2 0 665 
9 3 0 666 665 
6 2 667 665 
10 2 0 668 
9 3 0 669 668 
6 2 670 668 
10 2 0 671 
9 3 0 672 671 
6 2 673 671 
10 2 0 674 
9 3 0 675 674 
6 2 676 674 
10 2 0 677 
11 7 660 663 666 669 672 675 678 
1 0 
1 0 
1 0 
1 0 
1 0 
1 0 
1 0 
1 0 
2 2 0 680 
3 1 688 
4 2 0 687 
3 1 690 
5 3 0 681 689 
6 2 692 689 
7 3 0 686 691 
6 2 694 691 
5 3 0 682 693 
6 2 696 693 
7 3 0 685 695 
6 2 698 695 
5 3 0 683 697 
6 2 700 697 
7 3 0 684 699 
6 2 702 699 
5 3 0 684 701 
6 2 704 701 
7 3 0 683 703 
6 2 706 703 
5 3 0 685 705 
6 2 708 705 
7 3 0 682 707 
6 2 710 707 
5 3 0 686 709 
6 2 712 709 
7 3 0 681 711 
6 2 714 711 
5 3 0 687 713 
6 2 716 713 
7 3 0 680 715 
6 2 718 715 
8 3 717 719 0 
9 2 0 720 
6 2 721 720 
10 2 0 722 
9 3 0 723 722 
6 2 724 722 
10 2 0 725 
9 3 0 726 725 
6 2 727 725 
10 2 0 728 
9 3 0 729 728 
6 2 730 728 
10 2 0 731 
9 3 0 732 731 
6 2 733 731 
10 2 0 734 
9 3 0 735 734 
6 2 736 734 
10 2 0 737 
9 3 0 738 737 
6 2 739 737 
10 2 0 740 
11 7 723 726 729 732 735 738 741 
1 0 
1 0 
1 0 
1 0 
1 0 
1 0 
1 0 
1 0 
1 0 
1 0 
2 2 0 743 
3 1 753 
4 2 0 752 
3 1 755 
5 3 0 744 754 
6 2 757 754 
7 3 0 751 756 
6 2 759 756 
5 3 0 745 758 
6 2 761 758 
7 3 0 750 760 
6 2 763 760 
5 3 0 746 762 
6 2 765 762 
7 3 0 749 764 
6 2 767 764 
5 3 0 747 766 
6 2 769 766 
7 3 0 748 768 
6 2 771 768 
5 3 0 748 770 
6 2 773 770 
7 3 0 747 772 
6 2 775 772 
5 3 0 749 774 
6 2 777 774 
7 3 0 746 776 
6 2 779 776 
5 3 0 750 778 
6 2 781 778 
7 3 0 745 780 
6 2 783 780 
5 3 0 751 782 
6 2 785 782 
7 3 0 744 784 
6 2 787 784 
5 3 0 752 786 
6 2 789 786 
7 3 0 743 788 
6 2 791 788 
8 3 790 792 0 
9 2 0 793 
6 2 794 793 
10 2 0 795 
9 3 0 796 795 
6 2 797 795 
10 2 0 798 
9 3 0 799 798 
6 2 800 798 
10 2 0 801 
9 3 0 802 801 
6 2 803 801 
10 2 0 804 
9 3 0 805 804 
6 2 806 804 
10 2 0 807 
9 3 0 808 807 
6 2 809 807 
10 2 0 810 
9 3 0 811 810 
6 2 812 810 
10 2 0 813 
9 3 0 814 813 
6 2 815 813 
10 2 0 816 
9 3 0 817 816 
6 2 818 816 
10 2 0 819 
11 9 796 799 802 805 808 811 814 817 820 
1 0 
1 0 
1 0 
1 0 
1 0 
1 0 
2 2 0 822 
3 1 828 
4 2 0 827 
3 1 830 
5 3 0 823 829 
6 2 832 829 
7 3 0 826 831 
6 2 834 831 
5 3 0 824 833 
6 2 836 833 
7 3 0 825 835 
6 2 838 835 
5 3 0 825 837 
6 2 840 837 
7 3 0 824 839 
6 2 842 839 
5 3 0 826 841 
6 2 844 841 
7 3 0 823 843 
6 2 846 843 
5 3 0 827 845 
6 2 848 845 
7 3 0 822 847 
6 2 850 847 
8 3 849 851 0 
9 2 0 852 
6 2 853 852 
10 2 0 854 
9 3 0 855 854 
6 2 856 854 
10 2 0 857 
9 3 0 858 857 
6 2 859 857 
10 2 0 860 
9 3 0 861 860 
6 2 862 860 
10 2 0 863 
9 3 0 864 863 
6 2 865 863 
10 2 0 866 
11 5 855 858 861 864 867 
1 0 
1 0 
1 0 
1 0 
1 0 
1 0 
1 0 
1 0 
1 0 
1 0 
1 0 
1 0 
1 0 
2 2 0 869 
3 1 882 
4 2 0 881 
3 1 884 
5 3 0 870 883 
6 2 886 883 
7 3 0 880 885 
6 2 888 885 
5 3 0 871 887 
6 2 890 887 
7 3 0 879 889 
6 2 892 889 
5 3 0 872 891 
6 2 894 891 
7 3 0 878 893 
6 2 896 893 
5 3 0 873 895 
6 2 898 895 
7 3 0 877 897 
6 2 900 897 
5 3 0 874 899 
6 2 902 899 
7 3 0 876 901 
6 2 904 901 
5 3 0 875 903 
6 2 906 903 
7 3 0 875 905 
6 2 908 905 
5 3 0 876 907 
6 2 910 907 
7 3 0 874 909 
6 2 912 909 
5 3 0 877 911 
6 2 914 911 
7 3 0 873 913 
6 2 916 913 
5 3 0 878 915 
6 2 918 915 
7 3 0 872 917 
6 2 920 917 
5 3 0 879 919 
6 2 922 919 
7 3 0 871 921 
6 2 924 921 
5 3 0 880 923 
6 2 926 923 
7 3 0 870 925 
6 2 928 925 
5 3 0 881 927 
6 2 930 927 
7 3 0 869 929 
6 2 932 929 
8 3 931 933 0 
9 2 0 934 
6 2 935 934 
10 2 0 936 
9 3 0 937 936 
6 2 938 936 
10 2 0 939 
9 3 0 940 939 
6 2 941 939 
10 2 0 942 
9 3 0 943 942 
6 2 944 942 
10 2 0 945 
9 3 0 946 945 
6 2 947 945 
10 2 0 948 
9 3 0 949 948 
6 2 950 948 
10 2 0 951 
9 3 0 952 951 
6 2 953 951 
10 2 0 954 
9 3 0 955 954 
6 2 956 954 
10 2 0 957 
9 3 0 958 957 
6 2 959 957 
10 2 0 960 
9 3 0 961 960 
6 2 962 960 
10 2 0 963 
9 3 0 964 963 
6 2 965 963 
10 2 0 966 
9 3 0 967 966 
6 2 968 966 
10 2 0 969 
11 12 937 940 943 946 949 952 955 958 961 964 967 970 
1 0 
1 0 
1 0 
1 0 
1 0 
1 0 
1 0 
1 0 
1 0 
1 0 
1 0 
1 0 
1 0 
1 0 
1 0 
1 0 
1 0 
1 0 
1 0 
1 0 
1 0 
2 2 0 972 
3 1 993 
4 2 0 992 
3 1 995 
5 3 0 973 994 
6 2 997 994 
7 3 0 991 996 
6 2 999 996 
5 3 0 974 998 
6 2 1001 998 
7 3 0 990 1000 
6 2 1003 1000 
5 3 0 975 1002 
6 2 1005 1002 
7 3 0 989 1004 
6 2 1007 1004 
5 3 0 976 1006 
6 2 1009 1006 
7 3 0 988 1008 
6 2 1011 1008 
5 3 0 977 1010 
6 2 1013 1010 
7 3 0 987 1012 
6 2 1015 1012 
5 3 0 978 1014 
6 2 1017 1014 
7 3 0 986 1016 
6 2 1019 1016 
5 3 0 979 1018 
6 2 1021 1018 
7 3 0 985 1020 
6 2 1023 1020 
5 3 0 980 1022 
6 2 1025 1022 
7 3 0 984 1024 
6 2 1027 1024 
5 3 0 981 1026 
6 2 1029 1026 
7 3 0 983 1028 
6 2 1031 1028 
5 3 0 982 1030 
6 2 1033 1030 
7 3 0 982 1032 
6 2 1035 1032 
5 3 0 983 1034 
6 2 1037 1034 
7 3 0 981 1036 
6 2 1039 1036 
5 3 0 984 1038 
6 2 1041 1038 
7 3 0 980 1040 
6 2 1043 1040 
5 3 0 985 1042 
6 2 1045 1042 
7 3 0 979 1044 
6 2 1047 1044 
5 3 0 986 1046 
6 2 1049 1046 
7 3 0 978 1048 
6 2 1051 1048 
5 3 0 987 1050 
6 2 1053 1050 
7 3 0 977 1052 
6 2 1055 1052 
5 3 0 988 1054 
6 2 1057 1054 
7 3 0 976 1056 
6 2 1059 1056 
5 3 0 989 1058 
6 2 1061 1058 
7 3 0 975 1060 
6 2 1063 1060 
5 3 0 990 1062 
6 2 1065 1062 
7 3 0 974 1064 
6 2 1067 1064 
5 3 0 991 1066 
6 2 1069 1066 
7 3 0 973 1068 
6 2 1071 1068 
5 3 0 992 1070 
6 2 1073 1070 
7 3 0 972 1072 
6 2 1075 1072 
8 3 1074 1076 0 
9 2 0 1077 
6 2 1078 1077 
10 2 0 1079 
9 3 0 1080 1079 
6 2 1081 1079 
10 2 0 1082 
9 3 0 1083 1082 
6 2 1084 1082 
10 2 0 1085 
9 3 0 1086 1085 
6 2 1087 1085 
10 2 0 1088 
9 3 0 1089 1088 
6 2 1090 1088 
10 2 0 1091 
9 3 0 1092 1091 
6 2 1093 1091 
10 2 0 1094 
9 3 0 1095 1094 
6 2 1096 1094 
10 2 0 1097 
9 3 0 1098 1097 
6 2 1099 1097 
10 2 0 1100 
9 3 0 1101 1100 
6 2 1102 1100 
10 2 0 1103 
9 3 0 1104 1103 
6 2 1105 1103 
10 2 0 1106 
9 3 0 1107 1106 
6 2 1108 1106 
10 2 0 1109 
9 3 0 1110 1109 
6 2 1111 1109 
10 2 0 1112 
9 3 0 1113 1112 
6 2 1114 1112 
10 2 0 1115 
9 3 0 1116 1115 
6 2 1117 1115 
10 2 0 1118 
9 3 0 1119 1118 
6 2 1120 1118 
10 2 0 1121 
9 3 0 1122 1121 
6 2 1123 1121 
10 2 0 1124 
9 3 0 1125 1124 
6 2 1126 1124 
10 2 0 1127 
9 3 0 1128 1127 
6 2 1129 1127 
10 2 0 1130 
9 3 0 1131 1130 
6 2 1132 1130 
10 2 0 1133 
9 3 0 1134 1133 
6 2 1135 1133 
10 2 0 1136 
11 20 1080 1083 1086 1089 1092 1095 1098 1101 1104 1107 1110 1113 1116 1119 1122 1125 1128 1131 1134 1137 
1 0 
1 0 
1 0 
1 0 
1 0 
1 0 
1 0 
2 2 0 1139 
3 1 1146 
4 2 0 1145 
3 1 1148 
5 3 0 1140 1147 
6 2 1150 1147 
7 3 0 1144 1149 
6 2 1152 1149 
5 3 0 1141 1151 
6 2 1154 1151 
7 3 0 1143 1153 
6 2 1156 1153 
5 3 0 1142 1155 
6 2 1158 1155 
7 3 0 1142 1157 
6 2 1160 1157 
5 3 0 1143 1159 
6 2 1162 1159 
7 3 0 1141 1161 
6 2 1164 1161 
5 3 0 1144 1163 
6 2 1166 1163 
7 3 0 1140 1165 
6 2 1168 1165 
5 3 0 1145 1167 
6 2 1170 1167 
7 3 0 1139 1169 
6 2 1172 1169 
8 3 1171 1173 0 
9 2 0 1174 
6 2 1175 1174 
10 2 0 1176 
9 3 0 1177 1176 
6 2 1178 1176 
10 2 0 1179 
9 3 0 1180 1179 
6 2 1181 1179 
10 2 0 1182 
9 3 0 1183 1182 
6 2 1184 1182 
10 2 0 1185 
9 3 0 1186 1185 
6 2 1187 1185 
10 2 0 1188 
9 3 0 1189 1188 
6 2 1190 1188 
10 2 0 1191 
11 6 1177 1180 1183 1186 1189 1192 
1 0 
1 0 
1 0 
1 0 
1 0 
2 2 0 1194 
3 1 1199 
4 2 0 1198 
3 1 1201 
5 3 0 1195 1200 
6 2 1203 1200 
7 3 0 1197 1202 
6 2 1205 1202 
5 3 0 1196 1204 
6 2 1207 1204 
7 3 0 1196 1206 
6 2 1209 1206 
5 3 0 1197 1208 
6 2 1211 1208 
7 3 0 1195 1210 
6 2 1213 1210 
5 3 0 1198 1212 
6 2 1215 1212 
7 3 0 1194 1214 
6 2 1217 1214 
8 3 1216 1218 0 
9 2 0 1219 
6 2 1220 1219 
10 2 0 1221 
9 3 0 1222 1221 
6 2 1223 1221 
10 2 0 1224 
9 3 0 1225 1224 
6 2 1226 1224 
10 2 0 1227 
9 3 0 1228 1227 
6 2 1229 1227 
10 2 0 1230 
11 4 1222 1225 1228 1231 
1 0 
1 0 
1 0 
1 0 
1 0 
1 0 
2 2 0 1233 
3 1 1239 
4 2 0 1238 
3 1 1241 
5 3 0 1234 1240 
6 2 1243 1240 
7 3 0 1237 1242 
6 2 1245 1242 
5 3 0 1235 1244 
6 2 1247 1244 
7 3 0 1236 1246 
6 2 1249 1246 
5 3 0 1236 1248 
6 2 1251 1248 
7 3 0 1235 1250 
6 2 1253 1250 
5 3 0 1237 1252 
6 2 1255 1252 
7 3 0 1234 1254 
6 2 1257 1254 
5 3 0 1238 1256 
6 2 1259 1256 
7 3 0 1233 1258 
6 2 1261 1258 
8 3 1260 1262 0 
9 2 0 1263 
6 2 1264 1263 
10 2 0 1265 
9 3 0 1266 1265 
6 2 1267 1265 
10 2 0 1268 
9 3 0 1269 1268 
6 2 1270 1268 
10 2 0 1271 
9 3 0 1272 1271 
6 2 1273 1271 
10 2 0 1274 
9 3 0 1275 1274 
6 2 1276 1274 
10 2 0 1277 
11 5 1266 1269 1272 1275 1278 
1 0 
1 0 
1 0 
1 0 
1 0 
1 0 
1 0 
1 0 
2 2 0 1280 
3 1 1288 
4 2 0 1287 
3 1 1290 
5 3 0 1281 1289 
6 2 1292 1289 
7 3 0 1286 1291 
6 2 1294 1291 
5 3 0 1282 1293 
6 2 1296 1293 
7 3 0 1285 1295 
6 2 1298 1295 
5 3 0 1283 1297 
6 2 1300 1297 
7 3 0 1284 1299 
6 2 1302 1299 
5 3 0 1284 1301 
6 2 1304 1301 
7 3 0 1283 1303 
6 2 1306 1303 
5 3 0 1285 1305 
6 2 1308 1305 
7 3 0 1282 1307 
6 2 1310 1307 
5 3 0 1286 1309 
6 2 1312 1309 
7 3 0 1281 1311 
6 2 1314 1311 
5 3 0 1287 1313 
6 2 1316 1313 
7 3 0 1280 1315 
6 2 1318 1315 
8 3 1317 1319 0 
9 2 0 1320 
6 2 1321 1320 
10 2 0 1322 
9 3 0 1323 1322 
6 2 1324 1322 
10 2 0 1325 
9 3 0 1326 1325 
6 2 1327 1325 
10 2 0 1328 
9 3 0 1329 1328 
6 2 1330 1328 
10 2 0 1331 
9 3 0 1332 1331 
6 2 1333 1331 
10 2 0 1334 
9 3 0 1335 1334 
6 2 1336 1334 
10 2 0 1337 
9 3 0 1338 1337 
6 2 1339 1337 
10 2 0 1340 
11 7 1323 1326 1329 1332 1335 1338 1341 
1 0 
1 0 
1 0 
1 0 
1 0 
1 0 
1 0 
2 2 0 1343 
3 1 1350 
4 2 0 1349 
3 1 1352 
5 3 0 1344 1351 
6 2 1354 1351 
7 3 0 1348 1353 
6 2 1356 1353 
5 3 0 1345 1355 
6 2 1358 1355 
7 3 0 1347 1357 
6 2 1360 1357 
5 3 0 1346 1359 
6 2 1362 1359 
7 3 0 1346 1361 
6 2 1364 1361 
5 3 0 1347 1363 
6 2 1366 1363 
7 3 0 1345 1365 
6 2 1368 1365 
5 3 0 1348 1367 
6 2 1370 1367 
7 3 0 1344 1369 
6 2 1372 1369 
5 3 0 1349 1371 
6 2 1374 1371 
7 3 0 1343 1373 
6 2 1376 1373 
8 3 1375 1377 0 
9 2 0 1378 
6 2 1379 1378 
10 2 0 1380 
9 3 0 1381 1380 
6 2 1382 1380 
10 2 0 1383 
9 3 0 1384 1383 
6 2 1385 1383 
10 2 0 1386 
9 3 0 1387 1386 
6 2 1388 1386 
10 2 0 1389 
9 3 0 1390 1389 
6 2 1391 1389 
10 2 0 1392 
9 3 0 1393 1392 
6 2 1394 1392 
10 2 0 1395 
11 6 1381 1384 1387 1390 1393 1396 
1 0 
1 0 
1 0 
1 0 
1 0 
1 0 
1 0 
2 2 0 1398 
3 1 1405 
4 2 0 1404 
3 1 1407 
5 3 0 1399 1406 
6 2 1409 1406 
7 3 0 1403 1408 
6 2 1411 1408 
5 3 0 1400 1410 
6 2 1413 1410 
7 3 0 1402 1412 
6 2 1415 1412 
5 3 0 1401 1414 
6 2 1417 1414 
7 3 0 1401 1416 
6 2 1419 1416 
5 3 0 1402 1418 
6 2 1421 1418 
7 3 0 1400 1420 
6 2 1423 1420 
5 3 0 1403 1422 
6 2 1425 1422 
7 3 0 1399 1424 
6 2 1427 1424 
5 3 0 1404 1426 
6 2 1429 1426 
7 3 0 1398 1428 
6 2 1431 1428 
8 3 1430 1432 0 
9 2 0 1433 
6 2 1434 1433 
10 2 0 1435 
9 3 0 1436 1435 
6 2 1437 1435 
10 2 0 1438 
9 3 0 1439 1438 
6 2 1440 1438 
10 2 0 1441 
9 3 0 1442 1441 
6 2 1443 1441 
10 2 0 1444 
9 3 0 1445 1444 
6 2 1446 1444 
10 2 0 1447 
9 3 0 1448 1447 
6 2 1449 1447 
10 2 0 1450 
11 6 1436 1439 1442 1445 1448 1451 
1 0 
1 0 
1 0 
1 0 
1 0 
1 0 
2 2 0 1453 
3 1 1459 
4 2 0 1458 
3 1 1461 
5 3 0 1454 1460 
6 2 1463 1460 
7 3 0 1457 1462 
6 2 1465 1462 
5 3 0 1455 1464 
6 2 1467 1464 
7 3 0 1456 1466 
6 2 1469 1466 
5 3 0 1456 1468 
6 2 1471 1468 
7 3 0 1455 1470 
6 2 1473 1470 
5 3 0 1457 1472 
6 2 1475 1472 
7 3 0 1454 1474 
6 2 1477 1474 
5 3 0 1458 1476 
6 2 1479 1476 
7 3 0 1453 1478 
6 2 1481 1478 
8 3 1480 1482 0 
9 2 0 1483 
6 2 1484 1483 
10 2 0 1485 
9 3 0 1486 1485 
6 2 1487 1485 
10 2 0 1488 
9 3 0 1489 1488 
6 2 1490 1488 
10 2 0 1491 
9 3 0 1492 1491 
6 2 1493 1491 
10 2 0 1494 
9 3 0 1495 1494 
6 2 1496 1494 
10 2 0 1497 
11 5 1486 1489 1492 1495 1498 
1 0 
1 0 
1 0 
1 0 
1 0 
1 0 
1 0 
1 0 
1 0 
1 0 
1 0 
1 0 
2 2 0 1500 
3 1 1512 
4 2 0 1511 
3 1 1514 
5 3 0 1501 1513 
6 2 1516 1513 
7 3 0 1510 1515 
6 2 1518 1515 
5 3 0 1502 1517 
6 2 1520 1517 
7 3 0 1509 1519 
6 2 1522 1519 
5 3 0 1503 1521 
6 2 1524 1521 
7 3 0 1508 1523 
6 2 1526 1523 
5 3 0 1504 1525 
6 2 1528 1525 
7 3 0 1507 1527 
6 2 1530 1527 
5 3 0 1505 1529 
6 2 1532 1529 
7 3 0 1506 1531 
6 2 1534 1531 
5 3 0 1506 1533 
6 2 1536 1533 
7 3 0 1505 1535 
6 2 1538 1535 
5 3 0 1507 1537 
6 2 1540 1537 
7 3 0 1504 1539 
6 2 1542 1539 
5 3 0 1508 1541 
6 2 1544 1541 
7 3 0 1503 1543 
6 2 1546 1543 
5 3 0 1509 1545 
6 2 1548 1545 
7 3 0 1502 1547 
6 2 1550 1547 
5 3 0 1510 1549 
6 2 1552 1549 
7 3 0 1501 1551 
6 2 1554 1551 
5 3 0 1511 1553 
6 2 1556 1553 
7 3 0 1500 1555 
6 2 1558 1555 
8 3 1557 1559 0 
9 2 0 1560 
6 2 1561 1560 
10 2 0 1562 
9 3 0 1563 1562 
6 2 1564 1562 
10 2 0 1565 
9 3 0 1566 1565 
6 2 1567 1565 
10 2 0 1568 
9 3 0 1569 1568 
6 2 1570 1568 
10 2 0 1571 
9 3 0 1572 1571 
6 2 1573 1571 
10 2 0 1574 
9 3 0 1575 1574 
6 2 1576 1574 
10 2 0 1577 
9 3 0 1578 1577 
6 2 1579 1577 
10 2 0 1580 
9 3 0 1581 1580 
6 2 1582 1580 
10 2 0 1583 
9 3 0 1584 1583 
6 2 1585 1583 
10 2 0 1586 
9 3 0 1587 1586 
6 2 1588 1586 
10 2 0 1589 
9 3 0 1590 1589 
6 2 1591 1589 
10 2 0 1592 
11 11 1563 1566 1569 1572 1575 1578 1581 1584 1587 1590 1593 
1 0 
1 0 
1 0 
1 0 
1 0 
1 0 
1 0 
1 0 
1 0 
2 2 0 1595 
3 1 1604 
4 2 0 1603 
3 1 1606 
5 3 0 1596 1605 
6 2 1608 1605 
7 3 0 1602 1607 
6 2 1610 1607 
5 3 0 1597 1609 
6 2 1612 1609 
7 3 0 1601 1611 
6 2 1614 1611 
5 3 0 1598 1613 
6 2 1616 1613 
7 3 0 1600 1615 
6 2 1618 1615 
5 3 0 1599 1617 
6 2 1620 1617 
7 3 0 1599 1619 
6 2 1622 1619 
5 3 0 1600 1621 
6 2 1624 1621 
7 3 0 1598 1623 
6 2 1626 1623 
5 3 0 1601 1625 
6 2 1628 1625 
7 3 0 1597 1627 
6 2 1630 1627 
5 3 0 1602 1629 
6 2 1632 1629 
7 3 0 1596 1631 
6 2 1634 1631 
5 3 0 1603 1633 
6 2 1636 1633 
7 3 0 1595 1635 
6 2 1638 1635 
8 3 1637 1639 0 
9 2 0 1640 
6 2 1641 1640 
10 2 0 1642 
9 3 0 1643 1642 
6 2 1644 1642 
10 2 0 1645 
9 3 0 1646 1645 
6 2 1647 1645 
10 2 0 1648 
9 3 0 1649 1648 
6 2 1650 1648 
10 2 0 1651 
9 3 0 1652 1651 
6 2 1653 1651 
10 2 0 1654 
9 3 0 1655 1654 
6 2 1656 1654 
10 2 0 1657 
9 3 0 1658 1657 
6 2 1659 1657 
10 2 0 1660 
9 3 0 1661 1660 
6 2 1662 1660 
10 2 0 1663 
11 8 1643 1646 1649 1652 1655 1658 1661 1664 
1 0 
1 0 
1 0 
1 0 
1 0 
1 0 
1 0 
1 0 
1 0 
2 2 0 1666 
3 1 1675 
4 2 0 1674 
3 1 1677 
5 3 0 1667 1676 
6 2 1679 1676 
7 3 0 1673 1678 
6 2 1681 1678 
5 3 0 1668 1680 
6 2 1683 1680 
7 3 0 1672 1682 
6 2 1685 1682 
5 3 0 1669 1684 
6 2 1687 1684 
7 3 0 1671 1686 
6 2 1689 1686 
5 3 0 1670 1688 
6 2 1691 1688 
7 3 0 1670 1690 
6 2 1693 1690 
5 3 0 1671 1692 
6 2 1695 1692 
7 3 0 1669 1694 
6 2 1697 1694 
5 3 0 1672 1696 
6 2 1699 1696 
7 3 0 1668 1698 
6 2 1701 1698 
5 3 0 1673 1700 
6 2 1703 1700 
7 3 0 1667 1702 
6 2 1705 1702 
5 3 0 1674 1704 
6 2 1707 1704 
7 3 0 1666 1706 
6 2 1709 1706 
8 3 1708 1710 0 
9 2 0 1711 
6 2 1712 1711 
10 2 0 1713 
9 3 0 1714 1713 
6 2 1715 1713 
10 2 0 1716 
9 3 0 1717 1716 
6 2 1718 1716 
10 2 0 1719 
9 3 0 1720 1719 
6 2 1721 1719 
10 2 0 1722 
9 3 0 1723 1722 
6 2 1724 1722 
10 2 0 1725 
9 3 0 1726 1725 
6 2 1727 1725 
10 2 0 1728 
9 3 0 1729 1728 
6 2 1730 1728 
10 2 0 1731 
9 3 0 1732 1731 
6 2 1733 1731 
10 2 0 1734 
11 8 1714 1717 1720 1723 1726 1729 1732 1735 
1 0 
1 0 
1 0 
1 0 
1 0 
1 0 
1 0 
1 0 
1 0 
1 0 
2 2 0 1737 
3 1 1747 
4 2 0 1746 
3 1 1749 
5 3 0 1738 1748 
6 2 1751 1748 
7 3 0 1745 1750 
6 2 1753 1750 
5 3 0 1739 1752 
6 2 1755 1752 
7 3 0 1744 1754 
6 2 1757 1754 
5 3 0 1740 1756 
6 2 1759 1756 
7 3 0 1743 1758 
6 2 1761 1758 
5 3 0 1741 1760 
6 2 1763 1760 
7 3 0 1742 1762 
6 2 1765 1762 
5 3 0 1742 1764 
6 2 1767 1764 
7 3 0 1741 1766 
6 2 1769 1766 
5 3 0 1743 1768 
6 2 1771 1768 
7 3 0 1740 1770 
6 2 1773 1770 
5 3 0 1744 1772 
6 2 1775 1772 
7 3 0 1739 1774 
6 2 1777 1774 
5 3 0 1745 1776 
6 2 1779 1776 
7 3 0 1738 1778 
6 2 1781 1778 
5 3 0 1746 1780 
6 2 1783 1780 
7 3 0 1737 1782 
6 2 1785 1782 
8 3 1784 1786 0 
9 2 0 1787 
6 2 1788 1787 
10 2 0 1789 
9 3 0 1790 1789 
6 2 1791 1789 
10 2 0 1792 
9 3 0 1793 1792 
6 2 1794 1792 
10 2 0 1795 
9 3 0 1796 1795 
6 2 1797 1795 
10 2 0 1798 
9 3 0 1799 1798 
6 2 1800 1798 
10 2 0 1801 
9 3 0 1802 1801 
6 2 1803 1801 
10 2 0 1804 
9 3 0 1805 1804 
6 2 1806 1804 
10 2 0 1807 
9 3 0 1808 1807 
6 2 1809 1807 
10 2 0 1810 
9 3 0 1811 1810 
6 2 1812 1810 
10 2 0 1813 
11 9 1790 1793 1796 1799 1802 1805 1808 1811 1814 
1 0 
1 0 
1 0 
1 0 
1 0 
1 0 
1 0 
2 2 0 1816 
3 1 1823 
4 2 0 1822 
3 1 1825 
5 3 0 1817 1824 
6 2 1827 1824 
7 3 0 1821 1826 
6 2 1829 1826 
5 3 0 1818 1828 
6 2 1831 1828 
7 3 0 1820 1830 
6 2 1833 1830 
5 3 0 1819 1832 
6 2 1835 1832 
7 3 0 1819 1834 
6 2 1837 1834 
5 3 0 1820 1836 
6 2 1839 1836 
7 3 0 1818 1838 
6 2 1841 1838 
5 3 0 1821 1840 
6 2 1843 1840 
7 3 0 1817 1842 
6 2 1845 1842 
5 3 0 1822 1844 
6 2 1847 1844 
7 3 0 1816 1846 
6 2 1849 1846 
8 3 1848 1850 0 
9 2 0 1851 
6 2 1852 1851 
10 2 0 1853 
9 3 0 1854 1853 
6 2 1855 1853 
10 2 0 1856 
9 3 0 1857 1856 
6 2 1858 1856 
10 2 0 1859 
9 3 0 1860 1859 
6 2 1861 1859 
10 2 0 1862 
9 3 0 1863 1862 
6 2 1864 1862 
10 2 0 1865 
9 3 0 1866 1865 
6 2 1867 1865 
10 2 0 1868 
11 6 1854 1857 1860 1863 1866 1869 
1 0 
1 0 
1 0 
1 0 
1 0 
1 0 
1 0 
1 0 
1 0 
1 0 
1 0 
1 0 
1 0 
2 2 0 1871 
3 1 1884 
4 2 0 1883 
3 1 1886 
5 3 0 1872 1885 
6 2 1888 1885 
7 3 0 1882 1887 
6 2 1890 1887 
5 3 0 1873 1889 
6 2 1892 1889 
7 3 0 1881 1891 
6 2 1894 1891 
5 3 0 1874 1893 
6 2 1896 1893 
7 3 0 1880 1895 
6 2 1898 1895 
5 3 0 1875 1897 
6 2 1900 1897 
7 3 0 1879 1899 
6 2 1902 1899 
5 3 0 1876 1901 
6 2 1904 1901 
7 3 0 1878 1903 
6 2 1906 1903 
5 3 0 1877 1905 
6 2 1908 1905 
7 3 0 1877 1907 
6 2 1910 1907 
5 3 0 1878 1909 
6 2 1912 1909 
7 3 0 1876 1911 
6 2 1914 1911 
5 3 0 1879 1913 
6 2 1916 1913 
7 3 0 1875 1915 
6 2 1918 1915 
5 3 0 1880 1917 
6 2 1920 1917 
7 3 0 1874 1919 
6 2 1922 1919 
5 3 0 1881 1921 
6 2 1924 1921 
7 3 0 1873 1923 
6 2 1926 1923 
5 3 0 1882 1925 
6 2 1928 1925 
7 3 0 1872 1927 
6 2 1930 1927 
5 3 0 1883 1929 
6 2 1932 1929 
7 3 0 1871 1931 
6 2 1934 1931 
8 3 1933 1935 0 
9 2 0 1936 
6 2 1937 1936 
10 2 0 1938 
9 3 0 1939 1938 
6 2 1940 1938 
10 2 0 1941 
9 3 0 1942 1941 
6 2 1943 1941 
10 2 0 1944 
9 3 0 1945 1944 
6 2 1946 1944 
10 2 0 1947 
9 3 0 1948 1947 
6 2 1949 1947 
10 2 0 1950 
9 3 0 1951 1950 
6 2 1952 1950 
10 2 0 1953 
9 3 0 1954 1953 
6 2 1955 1953 
10 2 0 1956 
9 3 0 1957 1956 
6 2 1958 1956 
10 2 0 1959 
9 3 0 1960 1959 
6 2 1961 1959 
10 2 0 1962 
9 3 0 1963 1962 
6 2 1964 1962 
10 2 0 1965 
9 3 0 1966 1965 
6 2 1967 1965 
10 2 0 1968 
9 3 0 1969 1968 
6 2 1970 1968 
10 2 0 1971 
11 12 1939 1942 1945 1948 1951 1954 1957 1960 1963 1966 1969 1972 
1 0 
1 0 
1 0 
1 0 
1 0 
2 2 0 1974 
3 1 1979 
4 2 0 1978 
3 1 1981 
5 3 0 1975 1980 
6 2 1983 1980 
7 3 0 1977 1982 
6 2 1985 1982 
5 3 0 1976 1984 
6 2 1987 1984 
7 3 0 1976 1986 
6 2 1989 1986 
5 3 0 1977 1988 
6 2 1991 1988 
7 3 0 1975 1990 
6 2 1993 1990 
5 3 0 1978 1992 
6 2 1995 1992 
7 3 0 1974 1994 
6 2 1997 1994 
8 3 1996 1998 0 
9 2 0 1999 
6 2 2000 1999 
10 2 0 2001 
9 3 0 2002 2001 
6 2 2003 2001 
10 2 0 2004 
9 3 0 2005 2004 
6 2 2006 2004 
10 2 0 2007 
9 3 0 2008 2007 
6 2 2009 2007 
10 2 0 2010 
11 4 2002 2005 2008 2011 
1 0 
1 0 
1 0 
1 0 
1 0 
1 0 
1 0 
1 0 
2 2 0 2013 
3 1 2021 
4 2 0 2020 
3 1 2023 
5 3 0 2014 2022 
6 2 2025 2022 
7 3 0 2019 2024 
6 2 2027 2024 
5 3 0 2015 2026 
6 2 2029 2026 
7 3 0 2018 2028 
6 2 2031 2028 
5 3 0 2016 2030 
6 2 2033 2030 
7 3 0 2017 2032 
6 2 2035 2032 
5 3 0 2017 2034 
6 2 2037 2034 
7 3 0 2016 2036 
6 2 2039 2036 
5 3 0 2018 2038 
6 2 2041 2038 
7 3 0 2015 2040 
6 2 2043 2040 
5 3 0 2019 2042 
6 2 2045 2042 
7 3 0 2014 2044 
6 2 2047 2044 
5 3 0 2020 2046 
6 2 2049 2046 
7 3 0 2013 2048 
6 2 2051 2048 
8 3 2050 2052 0 
9 2 0 2053 
6 2 2054 2053 
10 2 0 2055 
9 3 0 2056 2055 
6 2 2057 2055 
10 2 0 2058 
9 3 0 2059 2058 
6 2 2060 2058 
10 2 0 2061 
9 3 0 2062 2061 
6 2 2063 2061 
10 2 0 2064 
9 3 0 2065 2064 
6 2 2066 2064 
10 2 0 2067 
9 3 0 2068 2067 
6 2 2069 2067 
10 2 0 2070 
9 3 0 2071 2070 
6 2 2072 2070 
10 2 0 2073 
11 7 2056 2059 2062 2065 2068 2071 2074 
1 0 
1 0 
1 0 
1 0 
1 0 
1 0 
1 0 
1 0 
1 0 
1 0 
1 0 
1 0 
2 2 0 2076 
3 1 2088 
4 2 0 2087 
3 1 2090 
5 3 0 2077 2089 
6 2 2092 2089 
7 3 0 2086 2091 
6 2 2094 2091 
5 3 0 2078 2093 
6 2 2096 2093 
7 3 0 2085 2095 
6 2 2098 2095 
5 3 0 2079 2097 
6 2 2100 2097 
7 3 0 2084 2099 
6 2 2102 2099 
5 3 0 2080 2101 
6 2 2104 2101 
7 3 0 2083 2103 
6 2 2106 2103 
5 3 0 2081 2105 
6 2 2108 2105 
7 3 0 2082 2107 
6 2 2110 2107 
5 3 0 2082 2109 
6 2 2112 2109 
7 3 0 2081 2111 
6 2 2114 2111 
5 3 0 2083 2113 
6 2 2116 2113 
7 3 0 2080 2115 
6 2 2118 2115 
5 3 0 2084 2117 
6 2 2120 2117 
7 3 0 2079 2119 
6 2 2122 2119 
5 3 0 2085 2121 
6 2 2124 2121 
7 3 0 2078 2123 
6 2 2126 2123 
5 3 0 2086 2125 
6 2 2128 2125 
7 3 0 2077 2127 
6 2 2130 2127 
5 3 0 2087 2129 
6 2 2132 2129 
7 3 0 2076 2131 
6 2 2134 2131 
8 3 2133 2135 0 
9 2 0 2136 
6 2 2137 2136 
10 2 0 2138 
9 3 0 2139 2138 
6 2 2140 2138 
10 2 0 2141 
9 3 0 2142 2141 
6 2 2143 2141 
10 2 0 2144 
9 3 0 2145 2144 
6 2 2146 2144 
10 2 0 2147 
9 3 0 2148 2147 
6 2 2149 2147 
10 2 0 2150 
9 3 0 2151 2150 
6 2 2152 2150 
10 2 0 2153 
9 3 0 2154 2153 
6 2 2155 2153 
10 2 0 2156 
9 3 0 2157 2156 
6 2 2158 2156 
10 2 0 2159 
9 3 0 2160 2159 
6 2 2161 2159 
10 2 0 2162 
9 3 0 2163 2162 
6 2 2164 2162 
10 2 0 2165 
9 3 0 2166 2165 
6 2 2167 2165 
10 2 0 2168 
11 11 2139 2142 2145 2148 2151 2154 2157 2160 2163 2166 2169 
1 0 
1 0 
1 0 
1 0 
1 0 
1 0 
1 0 
1 0 
1 0 
1 0 
1 0 
1 0 
1 0 
1 0 
1 0 
1 0 
1 0 
1 0 
1 0 
1 0 
2 2 0 2171 
3 1 2191 
4 2 0 2190 
3 1 2193 
5 3 0 2172 2192 
6 2 2195 2192 
7 3 0 2189 2194 
6 2 2197 2194 
5 3 0 2173 2196 
6 2 2199 2196 
7 3 0 2188 2198 
6 2 2201 2198 
5 3 0 2174 2200 
6 2 2203 2200 
7 3 0 2187 2202 
6 2 2205 2202 
5 3 0 2175 2204 
6 2 2207 2204 
7 3 0 2186 2206 
6 2 2209 2206 
5 3 0 2176 2208 
6 2 2211 2208 
7 3 0 2185 2210 
6 2 2213 2210 
5 3 0 2177 2212 
6 2 2215 2212 
7 3 0 2184 2214 
6 2 2217 2214 
5 3 0 2178 2216 
6 2 2219 2216 
7 3 0 2183 2218 
6 2 2221 2218 
5 3 0 2179 2220 
6 2 2223 2220 
7 3 0 2182 2222 
6 2 2225 2222 
5 3 0 2180 2224 
6 2 2227 2224 
7 3 0 2181 2226 
6 2 2229 2226 
5 3 0 2181 2228 
6 2 2231 2228 
7 3 0 2180 2230 
6 2 2233 2230 
5 3 0 2182 2232 
6 2 2235 2232 
7 3 0 2179 2234 
6 2 2237 2234 
5 3 0 2183 2236 
6 2 2239 2236 
7 3 0 2178 2238 
6 2 2241 2238 
5 3 0 2184 2240 
6 2 2243 2240 
7 3 0 2177 2242 
6 2 2245 2242 
5 3 0 2185 2244 
6 2 2247 2244 
7 3 0 2176 2246 
6 2 2249 2246 
5 3 0 2186 2248 
6 2 2251 2248 
7 3 0 2175 2250 
6 2 2253 2250 
5 3 0 2187 2252 
6 2 2255 2252 
7 3 0 2174 2254 
6 2 2257 2254 
5 3 0 2188 2256 
6 2 2259 2256 
7 3 0 2173 2258 
6 2 2261 2258 
5 3 0 2189 2260 
6 2 2263 2260 
7 3 0 2172 2262 
6 2 2265 2262 
5 3 0 2190 2264 
6 2 2267 2264 
7 3 0 2171 2266 
6 2 2269 2266 
8 3 2268 2270 0 
9 2 0 2271 
6 2 2272 2271 
10 2 0 2273 
9 3 0 2274 2273 
6 2 2275 2273 
10 2 0 2276 
9 3 0 2277 2276 
6 2 2278 2276 
10 2 0 2279 
9 3 0 2280 2279 
6 2 2281 2279 
10 2 0 2282 
9 3 0 2283 2282 
6 2 2284 2282 
10 2 0 2285 
9 3 0 2286 2285 
6 2 2287 2285 
10 2 0 2288 
9 3 0 2289 2288 
6 2 2290 2288 
10 2 0 2291 
9 3 0 2292 2291 
6 2 2293 2291 
10 2 0 2294 
9 3 0 2295 2294 
6 2 2296 2294 
10 2 0 2297 
9 3 0 2298 2297 
6 2 2299 2297 
10 2 0 2300 
9 3 0 2301 2300 
6 2 2302 2300 
10 2 0 2303 
9 3 0 2304 2303 
6 2 2305 2303 
10 2 0 2306 
9 3 0 2307 2306 
6 2 2308 2306 
10 2 0 2309 
9 3 0 2310 2309 
6 2 2311 2309 
10 2 0 2312 
9 3 0 2313 2312 
6 2 2314 2312 
10 2 0 2315 
9 3 0 2316 2315 
6 2 2317 2315 
10 2 0 2318 
9 3 0 2319 2318 
6 2 2320 2318 
10 2 0 2321 
9 3 0 2322 2321 
6 2 2323 2321 
10 2 0 2324 
9 3 0 2325 2324 
6 2 2326 2324 
10 2 0 2327 
11 19 2274 2277 2280 2283 2286 2289 2292 2295 2298 2301 2304 2307 2310 2313 2316 2319 2322 2325 2328 
1 0 
1 0 
1 0 
1 0 
1 0 
1 0 
1 0 
1 0 
1 0 
1 0 
1 0 
1 0 
1 0 
1 0 
1 0 
1 0 
1 0 
1 0 
1 0 
1 0 
1 0 
1 0 
1 0 
2 2 0 2330 
3 1 2353 
4 2 0 2352 
3 1 2355 
5 3 0 2331 2354 
6 2 2357 2354 
7 3 0 2351 2356 
6 2 2359 2356 
5 3 0 2332 2358 
6 2 2361 2358 
7 3 0 2350 2360 
6 2 2363 2360 
5 3 0 2333 2362 
6 2 2365 2362 
7 3 0 2349 2364 
6 2 2367 2364 
5 3 0 2334 2366 
6 2 2369 2366 
7 3 0 2348 2368 
6 2 2371 2368 
5 3 0 2335 2370 
6 2 2373 2370 
7 3 0 2347 2372 
6 2 2375 2372 
5 3 0 2336 2374 
6 2 2377 2374 
7 3 0 2346 2376 
6 2 2379 2376 
5 3 0 2337 2378 
6 2 2381 2378 
7 3 0 2345 2380 
6 2 2383 2380 
5 3 0 2338 2382 
6 2 2385 2382 
7 3 0 2344 2384 
6 2 2387 2384 
5 3 0 2339 2386 
6 2 2389 2386 
7 3 0 2343 2388 
6 2 2391 2388 
5 3 0 2340 2390 
6 2 2393 2390 
7 3 0 2342 2392 
6 2 2395 2392 
5 3 0 2341 2394 
6 2 2397 2394 
7 3 0 2341 2396 
6 2 2399 2396 
5 3 0 2342 2398 
6 2 2401 2398 
7 3 0 2340 2400 
6 2 2403 2400 
5 3 0 2343 2402 
6 2 2405 2402 
7 3 0 2339 2404 
6 2 2407 2404 
5 3 0 2344 2406 
6 2 2409 2406 
7 3 0 2338 2408 
6 2 2411 2408 
5 3 0 2345 2410 
6 2 2413 2410 
7 3 0 2337 2412 
6 2 2415 2412 
5 3 0 2346 2414 
6 2 2417 2414 
7 3 0 2336 2416 
6 2 2419 2416 
5 3 0 2347 2418 
6 2 2421 2418 
7 3 0 2335 2420 
6 2 2423 2420 
5 3 0 2348 2422 
6 2 2425 2422 
7 3 0 2334 2424 
6 2 2427 2424 
5 3 0 2349 2426 
6 2 2429 2426 
7 3 0 2333 2428 
6 2 2431 2428 
5 3 0 2350 2430 
6 2 2433 2430 
7 3 0 2332 2432 
6 2 2435 2432 
5 3 0 2351 2434 
6 2 2437 2434 
7 3 0 2331 2436 
6 2 2439 2436 
5 3 0 2352 2438 
6 2 2441 2438 
7 3 0 2330 2440 
6 2 2443 2440 
8 3 2442 2444 0 
9 2 0 2445 
6 2 2446 2445 
10 2 0 2447 
9 3 0 2448 2447 
6 2 2449 2447 
10 2 0 2450 
9 3 0 2451 2450 
6 2 2452 2450 
10 2 0 2453 
9 3 0 2454 2453 
6 2 2455 2453 
10 2 0 2456 
9 3 0 2457 2456 
6 2 2458 2456 
10 2 0 2459 
9 3 0 2460 2459 
6 2 2461 2459 
10 2 0 2462 
9 3 0 2463 2462 
6 2 2464 2462 
10 2 0 2465 
9 3 0 2466 2465 
6 2 2467 2465 
10 2 0 2468 
9 3 0 2469 2468 
6 2 2470 2468 
10 2 0 2471 
9 3 0 2472 2471 
6 2 2473 2471 
10 2 0 2474 
9 3 0 2475 2474 
6 2 2476 2474 
10 2 0 2477 
9 3 0 2478 2477 
6 2 2479 2477 
10 2 0 2480 
9 3 0 2481 2480 
6 2 2482 2480 
10 2 0 2483 
9 3 0 2484 2483 
6 2 2485 2483 
10 2 0 2486 
9 3 0 2487 2486 
6 2 2488 2486 
10 2 0 2489 
9 3 0 2490 2489 
6 2 2491 2489 
10 2 0 2492 
9 3 0 2493 2492 
6 2 2494 2492 
10 2 0 2495 
9 3 0 2496 2495 
6 2 2497 2495 
10 2 0 2498 
9 3 0 2499 2498 
6 2 2500 2498 
10 2 0 2501 
9 3 0 2502 2501 
6 2 2503 2501 
10 2 0 2504 
9 3 0 2505 2504 
6 2 2506 2504 
10 2 0 2507 
9 3 0 2508 2507 
6 2 2509 2507 
10 2 0 2510 
11 22 2448 2451 2454 2457 2460 2463 2466 2469 2472 2475 2478 2481 2484 2487 2490 2493 2496 2499 2502 2505 2508 2511 
1 0 
1 0 
1 0 
1 0 
1 0 
1 0 
1 0 
1 0 
2 2 0 2513 
3 1 2521 
4 2 0 2520 
3 1 2523 
5 3 0 2514 2522 
6 2 2525 2522 
7 3 0 2519 2524 
6 2 2527 2524 
5 3 0 2515 2526 
6 2 2529 2526 
7 3 0 2518 2528 
6 2 2531 2528 
5 3 0 2516 2530 
6 2 2533 2530 
7 3 0 2517 2532 
6 2 2535 2532 
5 3 0 2517 2534 
6 2 2537 2534 
7 3 0 2516 2536 
6 2 2539 2536 
5 3 0 2518 2538 
6 2 2541 2538 
7 3 0 2515 2540 
6 2 2543 2540 
5 3 0 2519 2542 
6 2 2545 2542 
7 3 0 2514 2544 
6 2 2547 2544 
5 3 0 2520 2546 
6 2 2549 2546 
7 3 0 2513 2548 
6 2 2551 2548 
8 3 2550 2552 0 
9 2 0 2553 
6 2 2554 2553 
10 2 0 2555 
9 3 0 2556 2555 
6 2 2557 2555 
10 2 0 2558 
9 3 0 2559 2558 
6 2 2560 2558 
10 2 0 2561 
9 3 0 2562 2561 
6 2 2563 2561 
10 2 0 2564 
9 3 0 2565 2564 
6 2 2566 2564 
10 2 0 2567 
9 3 0 2568 2567 
6 2 2569 2567 
10 2 0 2570 
9 3 0 2571 2570 
6 2 2572 2570 
10 2 0 2573 
11 7 2556 2559 2562 2565 2568 2571 2574 
1 0 
1 0 
1 0 
1 0 
1 0 
1 0 
1 0 
1 0 
2 2 0 2576 
3 1 2584 
4 2 0 2583 
3 1 2586 
5 3 0 2577 2585 
6 2 2588 2585 
7 3 0 2582 2587 
6 2 2590 2587 
5 3 0 2578 2589 
6 2 2592 2589 
7 3 0 2581 2591 
6 2 2594 2591 
5 3 0 2579 2593 
6 2 2596 2593 
7 3 0 2580 2595 
6 2 2598 2595 
5 3 0 2580 2597 
6 2 2600 2597 
7 3 0 2579 2599 
6 2 2602 2599 
5 3 0 2581 2601 
6 2 2604 2601 
7 3 0 2578 2603 
6 2 2606 2603 
5 3 0 2582 2605 
6 2 2608 2605 
7 3 0 2577 2607 
6 2 2610 2607 
5 3 0 2583 2609 
6 2 2612 2609 
7 3 0 2576 2611 
6 2 2614 2611 
8 3 2613 2615 0 
9 2 0 2616 
6 2 2617 2616 
10 2 0 2618 
9 3 0 2619 2618 
6 2 2620 2618 
10 2 0 2621 
9 3 0 2622 2621 
6 2 2623 2621 
10 2 0 2624 
9 3 0 2625 2624 
6 2 2626 2624 
10 2 0 2627 
9 3 0 2628 2627 
6 2 2629 2627 
10 2 0 2630 
9 3 0 2631 2630 
6 2 2632 2630 
10 2 0 2633 
9 3 0 2634 2633 
6 2 2635 2633 
10 2 0 2636 
11 7 2619 2622 2625 2628 2631 2634 2637 
1 0 
1 0 
1 0 
1 0 
1 0 
1 0 
1 0 
1 0 
2 2 0 2639 
3 1 2647 
4 2 0 2646 
3 1 2649 
5 3 0 2640 2648 
6 2 2651 2648 
7 3 0 2645 2650 
6 2 2653 2650 
5 3 0 2641 2652 
6 2 2655 2652 
7 3 0 2644 2654 
6 2 2657 2654 
5 3 0 2642 2656 
6 2 2659 2656 
7 3 0 2643 2658 
6 2 2661 2658 
5 3 0 2643 2660 
6 2 2663 2660 
7 3 0 2642 2662 
6 2 2665 2662 
5 3 0 2644 2664 
6 2 2667 2664 
7 3 0 2641 2666 
6 2 2669 2666 
5 3 0 2645 2668 
6 2 2671 2668 
7 3 0 2640 2670 
6 2 2673 2670 
5 3 0 2646 2672 
6 2 2675 2672 
7 3 0 2639 2674 
6 2 2677 2674 
8 3 2676 2678 0 
9 2 0 2679 
6 2 2680 2679 
10 2 0 2681 
9 3 0 2682 2681 
6 2 2683 2681 
10 2 0 2684 
9 3 0 2685 2684 
6 2 2686 2684 
10 2 0 2687 
9 3 0 2688 2687 
6 2 2689 2687 
10 2 0 2690 
9 3 0 2691 2690 
6 2 2692 2690 
10 2 0 2693 
9 3 0 2694 2693 
6 2 2695 2693 
10 2 0 2696 
9 3 0 2697 2696 
6 2 2698 2696 
10 2 0 2699 
11 7 2682 2685 2688 2691 2694 2697 2700 
1 0 
1 0 
1 0 
1 0 
1 0 
1 0 
1 0 
1 0 
1 0 
2 2 0 2702 
3 1 2711 
4 2 0 2710 
3 1 2713 
5 3 0 2703 2712 
6 2 2715 2712 
7 3 0 2709 2714 
6 2 2717 2714 
5 3 0 2704 2716 
6 2 2719 2716 
7 3 0 2708 2718 
6 2 2721 2718 
5 3 0 2705 2720 
6 2 2723 2720 
7 3 0 2707 2722 
6 2 2725 2722 
5 3 0 2706 2724 
6 2 2727 2724 
7 3 0 2706 2726 
6 2 2729 2726 
5 3 0 2707 2728 
6 2 2731 2728 
7 3 0 2705 2730 
6 2 2733 2730 
5 3 0 2708 2732 
6 2 2735 2732 
7 3 0 2704 2734 
6 2 2737 2734 
5 3 0 2709 2736 
6 2 2739 2736 
7 3 0 2703 2738 
6 2 2741 2738 
5 3 0 2710 2740 
6 2 2743 2740 
7 3 0 2702 2742 
6 2 2745 2742 
8 3 2744 2746 0 
9 2 0 2747 
6 2 2748 2747 
10 2 0 2749 
9 3 0 2750 2749 
6 2 2751 2749 
10 2 0 2752 
9 3 0 2753 2752 
6 2 2754 2752 
10 2 0 2755 
9 3 0 2756 2755 
6 2 2757 2755 
10 2 0 2758 
9 3 0 2759 2758 
6 2 2760 2758 
10 2 0 2761 
9 3 0 2762 2761 
6 2 2763 2761 
10 2 0 2764 
9 3 0 2765 2764 
6 2 2766 2764 
10 2 0 2767 
9 3 0 2768 2767 
6 2 2769 2767 
10 2 0 2770 
11 8 2750 2753 2756 2759 2762 2765 2768 2771 
1 0 
1 0 
1 0 
1 0 
1 0 
1 0 
1 0 
1 0 
2 2 0 2773 
3 1 2781 
4 2 0 2780 
3 1 2783 
5 3 0 2774 2782 
6 2 2785 2782 
7 3 0 2779 2784 
6 2 2787 2784 
5 3 0 2775 2786 
6 2 2789 2786 
7 3 0 2778 2788 
6 2 2791 2788 
5 3 0 2776 2790 
6 2 2793 2790 
7 3 0 2777 2792 
6 2 2795 2792 
5 3 0 2777 2794 
6 2 2797 2794 
7 3 0 2776 2796 
6 2 2799 2796 
5 3 0 2778 2798 
6 2 2801 2798 
7 3 0 2775 2800 
6 2 2803 2800 
5 3 0 2779 2802 
6 2 2805 2802 
7 3 0 2774 2804 
6 2 2807 2804 
5 3 0 2780 2806 
6 2 2809 2806 
7 3 0 2773 2808 
6 2 2811 2808 
8 3 2810 2812 0 
9 2 0 2813 
6 2 2814 2813 
10 2 0 2815 
9 3 0 2816 2815 
6 2 2817 2815 
10 2 0 2818 
9 3 0 2819 2818 
6 2 2820 2818 
10 2 0 2821 
9 3 0 2822 2821 
6 2 2823 2821 
10 2 0 2824 
9 3 0 2825 2824 
6 2 2826 2824 
10 2 0 2827 
9 3 0 2828 2827 
6 2 2829 2827 
10 2 0 2830 
9 3 0 2831 2830 
6 2 2832 2830 
10 2 0 2833 
11 7 2816 2819 2822 2825 2828 2831 2834 
1 0 
1 0 
1 0 
1 0 
1 0 
1 0 
1 0 
1 0 
2 2 0 2836 
3 1 2844 
4 2 0 2843 
3 1 2846 
5 3 0 2837 2845 
6 2 2848 2845 
7 3 0 2842 2847 
6 2 2850 2847 
5 3 0 2838 2849 
6 2 2852 2849 
7 3 0 2841 2851 
6 2 2854 2851 
5 3 0 2839 2853 
6 2 2856 2853 
7 3 0 2840 2855 
6 2 2858 2855 
5 3 0 2840 2857 
6 2 2860 2857 
7 3 0 2839 2859 
6 2 2862 2859 
5 3 0 2841 2861 
6 2 2864 2861 
7 3 0 2838 2863 
6 2 2866 2863 
5 3 0 2842 2865 
6 2 2868 2865 
7 3 0 2837 2867 
6 2 2870 2867 
5 3 0 2843 2869 
6 2 2872 2869 
7 3 0 2836 2871 
6 2 2874 2871 
8 3 2873 2875 0 
9 2 0 2876 
6 2 2877 2876 
10 2 0 2878 
9 3 0 2879 2878 
6 2 2880 2878 
10 2 0 2881 
9 3 0 2882 2881 
6 2 2883 2881 
10 2 0 2884 
9 3 0 2885 2884 
6 2 2886 2884 
10 2 0 2887 
9 3 0 2888 2887 
6 2 2889 2887 
10 2 0 2890 
9 3 0 2891 2890 
6 2 2892 2890 
10 2 0 2893 
9 3 0 2894 2893 
6 2 2895 2893 
10 2 0 2896 
11 7 2879 2882 2885 2888 2891 2894 2897 
1 0 
1 0 
1 0 
1 0 
1 0 
1 0 
1 0 
1 0 
1 0 
1 0 
1 0 
2 2 0 2899 
3 1 2910 
4 2 0 2909 
3 1 2912 
5 3 0 2900 2911 
6 2 2914 2911 
7 3 0 2908 2913 
6 2 2916 2913 
5 3 0 2901 2915 
6 2 2918 2915 
7 3 0 2907 2917 
6 2 2920 2917 
5 3 0 2902 2919 
6 2 2922 2919 
7 3 0 2906 2921 
6 2 2924 2921 
5 3 0 2903 2923 
6 2 2926 2923 
7 3 0 2905 2925 
6 2 2928 2925 
5 3 0 2904 2927 
6 2 2930 2927 
7 3 0 2904 2929 
6 2 2932 2929 
5 3 0 2905 2931 
6 2 2934 2931 
7 3 0 2903 2933 
6 2 2936 2933 
5 3 0 2906 2935 
6 2 2938 2935 
7 3 0 2902 2937 
6 2 2940 2937 
5 3 0 2907 2939 
6 2 2942 2939 
7 3 0 2901 2941 
6 2 2944 2941 
5 3 0 2908 2943 
6 2 2946 2943 
7 3 0 2900 2945 
6 2 2948 2945 
5 3 0 2909 2947 
6 2 2950 2947 
7 3 0 2899 2949 
6 2 2952 2949 
8 3 2951 2953 0 
9 2 0 2954 
6 2 2955 2954 
10 2 0 2956 
9 3 0 2957 2956 
6 2 2958 2956 
10 2 0 2959 
9 3 0 2960 2959 
6 2 2961 2959 
10 2 0 2962 
9 3 0 2963 2962 
6 2 2964 2962 
10 2 0 2965 
9 3 0 2966 2965 
6 2 2967 2965 
10 2 0 2968 
9 3 0 2969 2968 
6 2 2970 2968 
10 2 0 2971 
9 3 0 2972 2971 
6 2 2973 2971 
10 2 0 2974 
9 3 0 2975 2974 
6 2 2976 2974 
10 2 0 2977 
9 3 0 2978 2977 
6 2 2979 2977 
10 2 0 2980 
9 3 0 2981 2980 
6 2 2982 2980 
10 2 0 2983 
11 10 2957 2960 2963 2966 2969 2972 2975 2978 2981 2984 
1 0 
1 0 
1 0 
1 0 
1 0 
1 0 
1 0 
1 0 
1 0 
1 0 
2 2 0 2986 
3 1 2996 
4 2 0 2995 
3 1 2998 
5 3 0 2987 2997 
6 2 3000 2997 
7 3 0 2994 2999 
6 2 3002 2999 
5 3 0 2988 3001 
6 2 3004 3001 
7 3 0 2993 3003 
6 2 3006 3003 
5 3 0 2989 3005 
6 2 3008 3005 
7 3 0 2992 3007 
6 2 3010 3007 
5 3 0 2990 3009 
6 2 3012 3009 
7 3 0 2991 3011 
6 2 3014 3011 
5 3 0 2991 3013 
6 2 3016 3013 
7 3 0 2990 3015 
6 2 3018 3015 
5 3 0 2992 3017 
6 2 3020 3017 
7 3 0 2989 3019 
6 2 3022 3019 
5 3 0 2993 3021 
6 2 3024 3021 
7 3 0 2988 3023 
6 2 3026 3023 
5 3 0 2994 3025 
6 2 3028 3025 
7 3 0 2987 3027 
6 2 3030 3027 
5 3 0 2995 3029 
6 2 3032 3029 
7 3 0 2986 3031 
6 2 3034 3031 
8 3 3033 3035 0 
9 2 0 3036 
6 2 3037 3036 
10 2 0 3038 
9 3 0 3039 3038 
6 2 3040 3038 
10 2 0 3041 
9 3 0 3042 3041 
6 2 3043 3041 
10 2 0 3044 
9 3 0 3045 3044 
6 2 3046 3044 
10 2 0 3047 
9 3 0 3048 3047 
6 2 3049 3047 
10 2 0 3050 
9 3 0 3051 3050 
6 2 3052 3050 
10 2 0 3053 
9 3 0 3054 3053 
6 2 3055 3053 
10 2 0 3056 
9 3 0 3057 3056 
6 2 3058 3056 
10 2 0 3059 
9 3 0 3060 3059 
6 2 3061 3059 
10 2 0 3062 
11 9 3039 3042 3045 3048 3051 3054 3057 3060 3063 
1 0 
1 0 
1 0 
1 0 
1 0 
1 0 
1 0 
1 0 
1 0 
1 0 
1 0 
1 0 
1 0 
1 0 
2 2 0 3065 
3 1 3079 
4 2 0 3078 
3 1 3081 
5 3 0 3066 3080 
6 2 3083 3080 
7 3 0 3077 3082 
6 2 3085 3082 
5 3 0 3067 3084 
6 2 3087 3084 
7 3 0 3076 3086 
6 2 3089 3086 
5 3 0 3068 3088 
6 2 3091 3088 
7 3 0 3075 3090 
6 2 3093 3090 
5 3 0 3069 3092 
6 2 3095 3092 
7 3 0 3074 3094 
6 2 3097 3094 
5 3 0 3070 3096 
6 2 3099 3096 
7 3 0 3073 3098 
6 2 3101 3098 
5 3 0 3071 3100 
6 2 3103 3100 
7 3 0 3072 3102 
6 2 3105 3102 
5 3 0 3072 3104 
6 2 3107 3104 
7 3 0 3071 3106 
6 2 3109 3106 
5 3 0 3073 3108 
6 2 3111 3108 
7 3 0 3070 3110 
6 2 3113 3110 
5 3 0 3074 3112 
6 2 3115 3112 
7 3 0 3069 3114 
6 2 3117 3114 
5 3 0 3075 3116 
6 2 3119 3116 
7 3 0 3068 3118 
6 2 3121 3118 
5 3 0 3076 3120 
6 2 3123 3120 
7 3 0 3067 3122 
6 2 3125 3122 
5 3 0 3077 3124 
6 2 3127 3124 
7 3 0 3066 3126 
6 2 3129 3126 
5 3 0 3078 3128 
6 2 3131 3128 
7 3 0 3065 3130 
6 2 3133 3130 
8 3 3132 3134 0 
9 2 0 3135 
6 2 3136 3135 
10 2 0 3137 
9 3 0 3138 3137 
6 2 3139 3137 
10 2 0 3140 
9 3 0 3141 3140 
6 2 3142 3140 
10 2 0 3143 
9 3 0 3144 3143 
6 2 3145 3143 
10 2 0 3146 
9 3 0 3147 3146 
6 2 3148 3146 
10 2 0 3149 
9 3 0 3150 3149 
6 2 3151 3149 
10 2 0 3152 
9 3 0 3153 3152 
6 2 3154 3152 
10 2 0 3155 
9 3 0 3156 3155 
6 2 3157 3155 
10 2 0 3158 
9 3 0 3159 3158 
6 2 3160 3158 
10 2 0 3161 
9 3 0 3162 3161 
6 2 3163 3161 
10 2 0 3164 
9 3 0 3165 3164 
6 2 3166 3164 
10 2 0 3167 
9 3 0 3168 3167 
6 2 3169 3167 
10 2 0 3170 
9 3 0 3171 3170 
6 2 3172 3170 
10 2 0 3173 
11 13 3138 3141 3144 3147 3150 3153 3156 3159 3162 3165 3168 3171 3174 
1 0 
1 0 
1 0 
1 0 
1 0 
1 0 
1 0 
1 0 
1 0 
1 0 
1 0 
1 0 
1 0 
1 0 
2 2 0 3176 
3 1 3190 
4 2 0 3189 
3 1 3192 
5 3 0 3177 3191 
6 2 3194 3191 
7 3 0 3188 3193 
6 2 3196 3193 
5 3 0 3178 3195 
6 2 3198 3195 
7 3 0 3187 3197 
6 2 3200 3197 
5 3 0 3179 3199 
6 2 3202 3199 
7 3 0 3186 3201 
6 2 3204 3201 
5 3 0 3180 3203 
6 2 3206 3203 
7 3 0 3185 3205 
6 2 3208 3205 
5 3 0 3181 3207 
6 2 3210 3207 
7 3 0 3184 3209 
6 2 3212 3209 
5 3 0 3182 3211 
6 2 3214 3211 
7 3 0 3183 3213 
6 2 3216 3213 
5 3 0 3183 3215 
6 2 3218 3215 
7 3 0 3182 3217 
6 2 3220 3217 
5 3 0 3184 3219 
6 2 3222 3219 
7 3 0 3181 3221 
6 2 3224 3221 
5 3 0 3185 3223 
6 2 3226 3223 
7 3 0 3180 3225 
6 2 3228 3225 
5 3 0 3186 3227 
6 2 3230 3227 
7 3 0 3179 3229 
6 2 3232 3229 
5 3 0 3187 3231 
6 2 3234 3231 
7 3 0 3178 3233 
6 2 3236 3233 
5 3 0 3188 3235 
6 2 3238 3235 
7 3 0 3177 3237 
6 2 3240 3237 
5 3 0 3189 3239 
6 2 3242 3239 
7 3 0 3176 3241 
6 2 3244 3241 
8 3 3243 3245 0 
9 2 0 3246 
6 2 3247 3246 
10 2 0 3248 
9 3 0 3249 3248 
6 2 3250 3248 
10 2 0 3251 
9 3 0 3252 3251 
6 2 3253 3251 
10 2 0 3254 
9 3 0 3255 3254 
6 2 3256 3254 
10 2 0 3257 
9 3 0 3258 3257 
6 2 3259 3257 
10 2 0 3260 
9 3 0 3261 3260 
6 2 3262 3260 
10 2 0 3263 
9 3 0 3264 3263 
6 2 3265 3263 
10 2 0 3266 
9 3 0 3267 3266 
6 2 3268 3266 
10 2 0 3269 
9 3 0 3270 3269 
6 2 3271 3269 
10 2 0 3272 
9 3 0 3273 3272 
6 2 3274 3272 
10 2 0 3275 
9 3 0 3276 3275 
6 2 3277 3275 
10 2 0 3278 
9 3 0 3279 3278 
6 2 3280 3278 
10 2 0 3281 
9 3 0 3282 3281 
6 2 3283 3281 
10 2 0 3284 
11 13 3249 3252 3255 3258 3261 3264 3267 3270 3273 3276 3279 3282 3285 
1 0 
1 0 
1 0 
1 0 
1 0 
1 0 
1 0 
1 0 
1 0 
1 0 
1 0 
1 0 
2 2 0 3287 
3 1 3299 
4 2 0 3298 
3 1 3301 
5 3 0 3288 3300 
6 2 3303 3300 
7 3 0 3297 3302 
6 2 3305 3302 
5 3 0 3289 3304 
6 2 3307 3304 
7 3 0 3296 3306 
6 2 3309 3306 
5 3 0 3290 3308 
6 2 3311 3308 
7 3 0 3295 3310 
6 2 3313 3310 
5 3 0 3291 3312 
6 2 3315 3312 
7 3 0 3294 3314 
6 2 3317 3314 
5 3 0 3292 3316 
6 2 3319 3316 
7 3 0 3293 3318 
6 2 3321 3318 
5 3 0 3293 3320 
6 2 3323 3320 
7 3 0 3292 3322 
6 2 3325 3322 
5 3 0 3294 3324 
6 2 3327 3324 
7 3 0 3291 3326 
6 2 3329 3326 
5 3 0 3295 3328 
6 2 3331 3328 
7 3 0 3290 3330 
6 2 3333 3330 
5 3 0 3296 3332 
6 2 3335 3332 
7 3 0 3289 3334 
6 2 3337 3334 
5 3 0 3297 3336 
6 2 3339 3336 
7 3 0 3288 3338 
6 2 3341 3338 
5 3 0 3298 3340 
6 2 3343 3340 
7 3 0 3287 3342 
6 2 3345 3342 
8 3 3344 3346 0 
9 2 0 3347 
6 2 3348 3347 
10 2 0 3349 
9 3 0 3350 3349 
6 2 3351 3349 
10 2 0 3352 
9 3 0 3353 3352 
6 2 3354 3352 
10 2 0 3355 
9 3 0 3356 3355 
6 2 3357 3355 
10 2 0 3358 
9 3 0 3359 3358 
6 2 3360 3358 
10 2 0 3361 
9 3 0 3362 3361 
6 2 3363 3361 
10 2 0 3364 
9 3 0 3365 3364 
6 2 3366 3364 
10 2 0 3367 
9 3 0 3368 3367 
6 2 3369 3367 
10 2 0 3370 
9 3 0 3371 3370 
6 2 3372 3370 
10 2 0 3373 
9 3 0 3374 3373 
6 2 3375 3373 
10 2 0 3376 
9 3 0 3377 3376 
6 2 3378 3376 
10 2 0 3379 
11 11 3350 3353 3356 3359 3362 3365 3368 3371 3374 3377 3380 
1 0 
1 0 
1 0 
1 0 
1 0 
1 0 
1 0 
1 0 
1 0 
1 0 
1 0 
1 0 
1 0 
1 0 
1 0 
2 2 0 3382 
3 1 3397 
4 2 0 3396 
3 1 3399 
5 3 0 3383 3398 
6 2 3401 3398 
7 3 0 3395 3400 
6 2 3403 3400 
5 3 0 3384 3402 
6 2 3405 3402 
7 3 0 3394 3404 
6 2 3407 3404 
5 3 0 3385 3406 
6 2 3409 3406 
7 3 0 3393 3408 
6 2 3411 3408 
5 3 0 3386 3410 
6 2 3413 3410 
7 3 0 3392 3412 
6 2 3415 3412 
5 3 0 3387 3414 
6 2 3417 3414 
7 3 0 3391 3416 
6 2 3419 3416 
5 3 0 3388 3418 
6 2 3421 3418 
7 3 0 3390 3420 
6 2 3423 3420 
5 3 0 3389 3422 
6 2 3425 3422 
7 3 0 3389 3424 
6 2 3427 3424 
5 3 0 3390 3426 
6 2 3429 3426 
7 3 0 3388 3428 
6 2 3431 3428 
5 3 0 3391 3430 
6 2 3433 3430 
7 3 0 3387 3432 
6 2 3435 3432 
5 3 0 3392 3434 
6 2 3437 3434 
7 3 0 3386 3436 
6 2 3439 3436 
5 3 0 3393 3438 
6 2 3441 3438 
7 3 0 3385 3440 
6 2 3443 3440 
5 3 0 3394 3442 
6 2 3445 3442 
7 3 0 3384 3444 
6 2 3447 3444 
5 3 0 3395 3446 
6 2 3449 3446 
7 3 0 3383 3448 
6 2 3451 3448 
5 3 0 3396 3450 
6 2 3453 3450 
7 3 0 3382 3452 
6 2 3455 3452 
8 3 3454 3456 0 
9 2 0 3457 
6 2 3458 3457 
10 2 0 3459 
9 3 0 3460 3459 
6 2 3461 3459 
10 2 0 3462 
9 3 0 3463 3462 
6 2 3464 3462 
10 2 0 3465 
9 3 0 3466 3465 
6 2 3467 3465 
10 2 0 3468 
9 3 0 3469 3468 
6 2 3470 3468 
10 2 0 3471 
9 3 0 3472 3471 
6 2 3473 3471 
10 2 0 3474 
9 3 0 3475 3474 
6 2 3476 3474 
10 2 0 3477 
9 3 0 3478 3477 
6 2 3479 3477 
10 2 0 3480 
9 3 0 3481 3480 
6 2 3482 3480 
10 2 0 3483 
9 3 0 3484 3483 
6 2 3485 3483 
10 2 0 3486 
9 3 0 3487 3486 
6 2 3488 3486 
10 2 0 3489 
9 3 0 3490 3489 
6 2 3491 3489 
10 2 0 3492 
9 3 0 3493 3492 
6 2 3494 3492 
10 2 0 3495 
9 3 0 3496 3495 
6 2 3497 3495 
10 2 0 3498 
11 14 3460 3463 3466 3469 3472 3475 3478 3481 3484 3487 3490 3493 3496 3499 
1 0 
1 0 
1 0 
1 0 
1 0 
1 0 
1 0 
1 0 
1 0 
1 0 
1 0 
1 0 
1 0 
2 2 0 3501 
3 1 3514 
4 2 0 3513 
3 1 3516 
5 3 0 3502 3515 
6 2 3518 3515 
7 3 0 3512 3517 
6 2 3520 3517 
5 3 0 3503 3519 
6 2 3522 3519 
7 3 0 3511 3521 
6 2 3524 3521 
5 3 0 3504 3523 
6 2 3526 3523 
7 3 0 3510 3525 
6 2 3528 3525 
5 3 0 3505 3527 
6 2 3530 3527 
7 3 0 3509 3529 
6 2 3532 3529 
5 3 0 3506 3531 
6 2 3534 3531 
7 3 0 3508 3533 
6 2 3536 3533 
5 3 0 3507 3535 
6 2 3538 3535 
7 3 0 3507 3537 
6 2 3540 3537 
5 3 0 3508 3539 
6 2 3542 3539 
7 3 0 3506 3541 
6 2 3544 3541 
5 3 0 3509 3543 
6 2 3546 3543 
7 3 0 3505 3545 
6 2 3548 3545 
5 3 0 3510 3547 
6 2 3550 3547 
7 3 0 3504 3549 
6 2 3552 3549 
5 3 0 3511 3551 
6 2 3554 3551 
7 3 0 3503 3553 
6 2 3556 3553 
5 3 0 3512 3555 
6 2 3558 3555 
7 3 0 3502 3557 
6 2 3560 3557 
5 3 0 3513 3559 
6 2 3562 3559 
7 3 0 3501 3561 
6 2 3564 3561 
8 3 3563 3565 0 
9 2 0 3566 
6 2 3567 3566 
10 2 0 3568 
9 3 0 3569 3568 
6 2 3570 3568 
10 2 0 3571 
9 3 0 3572 3571 
6 2 3573 3571 
10 2 0 3574 
9 3 0 3575 3574 
6 2 3576 3574 
10 2 0 3577 
9 3 0 3578 3577 
6 2 3579 3577 
10 2 0 3580 
9 3 0 3581 3580 
6 2 3582 3580 
10 2 0 3583 
9 3 0 3584 3583 
6 2 3585 3583 
10 2 0 3586 
9 3 0 3587 3586 
6 2 3588 3586 
10 2 0 3589 
9 3 0 3590 3589 
6 2 3591 3589 
10 2 0 3592 
9 3 0 3593 3592 
6 2 3594 3592 
10 2 0 3595 
9 3 0 3596 3595 
6 2 3597 3595 
10 2 0 3598 
9 3 0 3599 3598 
6 2 3600 3598 
10 2 0 3601 
11 12 3569 3572 3575 3578 3581 3584 3587 3590 3593 3596 3599 3602 
1 0 
1 0 
1 0 
1 0 
1 0 
1 0 
1 0 
1 0 
1 0 
1 0 
1 0 
1 0 
2 2 0 3604 
3 1 3616 
4 2 0 3615 
3 1 3618 
5 3 0 3605 3617 
6 2 3620 3617 
7 3 0 3614 3619 
6 2 3622 3619 
5 3 0 3606 3621 
6 2 3624 3621 
7 3 0 3613 3623 
6 2 3626 3623 
5 3 0 3607 3625 
6 2 3628 3625 
7 3 0 3612 3627 
6 2 3630 3627 
5 3 0 3608 3629 
6 2 3632 3629 
7 3 0 3611 3631 
6 2 3634 3631 
5 3 0 3609 3633 
6 2 3636 3633 
7 3 0 3610 3635 
6 2 3638 3635 
5 3 0 3610 3637 
6 2 3640 3637 
7 3 0 3609 3639 
6 2 3642 3639 
5 3 0 3611 3641 
6 2 3644 3641 
7 3 0 3608 3643 
6 2 3646 3643 
5 3 0 3612 3645 
6 2 3648 3645 
7 3 0 3607 3647 
6 2 3650 3647 
5 3 0 3613 3649 
6 2 3652 3649 
7 3 0 3606 3651 
6 2 3654 3651 
5 3 0 3614 3653 
6 2 3656 3653 
7 3 0 3605 3655 
6 2 3658 3655 
5 3 0 3615 3657 
6 2 3660 3657 
7 3 0 3604 3659 
6 2 3662 3659 
8 3 3661 3663 0 
9 2 0 3664 
6 2 3665 3664 
10 2 0 3666 
9 3 0 3667 3666 
6 2 3668 3666 
10 2 0 3669 
9 3 0 3670 3669 
6 2 3671 3669 
10 2 0 3672 
9 3 0 3673 3672 
6 2 3674 3672 
10 2 0 3675 
9 3 0 3676 3675 
6 2 3677 3675 
10 2 0 3678 
9 3 0 3679 3678 
6 2 3680 3678 
10 2 0 3681 
9 3 0 3682 3681 
6 2 3683 3681 
10 2 0 3684 
9 3 0 3685 3684 
6 2 3686 3684 
10 2 0 3687 
9 3 0 3688 3687 
6 2 3689 3687 
10 2 0 3690 
9 3 0 3691 3690 
6 2 3692 3690 
10 2 0 3693 
9 3 0 3694 3693 
6 2 3695 3693 
10 2 0 3696 
11 11 3667 3670 3673 3676 3679 3682 3685 3688 3691 3694 3697 
1 0 
1 0 
1 0 
1 0 
1 0 
1 0 
1 0 
1 0 
2 2 0 3699 
3 1 3707 
4 2 0 3706 
3 1 3709 
5 3 0 3700 3708 
6 2 3711 3708 
7 3 0 3705 3710 
6 2 3713 3710 
5 3 0 3701 3712 
6 2 3715 3712 
7 3 0 3704 3714 
6 2 3717 3714 
5 3 0 3702 3716 
6 2 3719 3716 
7 3 0 3703 3718 
6 2 3721 3718 
5 3 0 3703 3720 
6 2 3723 3720 
7 3 0 3702 3722 
6 2 3725 3722 
5 3 0 3704 3724 
6 2 3727 3724 
7 3 0 3701 3726 
6 2 3729 3726 
5 3 0 3705 3728 
6 2 3731 3728 
7 3 0 3700 3730 
6 2 3733 3730 
5 3 0 3706 3732 
6 2 3735 3732 
7 3 0 3699 3734 
6 2 3737 3734 
8 3 3736 3738 0 
9 2 0 3739 
6 2 3740 3739 
10 2 0 3741 
9 3 0 3742 3741 
6 2 3743 3741 
10 2 0 3744 
9 3 0 3745 3744 
6 2 3746 3744 
10 2 0 3747 
9 3 0 3748 3747 
6 2 3749 3747 
10 2 0 3750 
9 3 0 3751 3750 
6 2 3752 3750 
10 2 0 3753 
9 3 0 3754 3753 
6 2 3755 3753 
10 2 0 3756 
9 3 0 3757 3756 
6 2 3758 3756 
10 2 0 3759 
11 7 3742 3745 3748 3751 3754 3757 3760 
1 0 
1 0 
1 0 
1 0 
1 0 
1 0 
1 0 
1 0 
2 2 0 3762 
3 1 3770 
4 2 0 3769 
3 1 3772 
5 3 0 3763 3771 
6 2 3774 3771 
7 3 0 3768 3773 
6 2 3776 3773 
5 3 0 3764 3775 
6 2 3778 3775 
7 3 0 3767 3777 
6 2 3780 3777 
5 3 0 3765 3779 
6 2 3782 3779 
7 3 0 3766 3781 
6 2 3784 3781 
5 3 0 3766 3783 
6 2 3786 3783 
7 3 0 3765 3785 
6 2 3788 3785 
5 3 0 3767 3787 
6 2 3790 3787 
7 3 0 3764 3789 
6 2 3792 3789 
5 3 0 3768 3791 
6 2 3794 3791 
7 3 0 3763 3793 
6 2 3796 3793 
5 3 0 3769 3795 
6 2 3798 3795 
7 3 0 3762 3797 
6 2 3800 3797 
8 3 3799 3801 0 
9 2 0 3802 
6 2 3803 3802 
10 2 0 3804 
9 3 0 3805 3804 
6 2 3806 3804 
10 2 0 3807 
9 3 0 3808 3807 
6 2 3809 3807 
10 2 0 3810 
9 3 0 3811 3810 
6 2 3812 3810 
10 2 0 3813 
9 3 0 3814 3813 
6 2 3815 3813 
10 2 0 3816 
9 3 0 3817 3816 
6 2 3818 3816 
10 2 0 3819 
9 3 0 3820 3819 
6 2 3821 3819 
10 2 0 3822 
11 7 3805 3808 3811 3814 3817 3820 3823 
1 0 
1 0 
1 0 
1 0 
1 0 
1 0 
1 0 
1 0 
1 0 
1 0 
1 0 
2 2 0 3825 
3 1 3836 
4 2 0 3835 
3 1 3838 
5 3 0 3826 3837 
6 2 3840 3837 
7 3 0 3834 3839 
6 2 3842 3839 
5 3 0 3827 3841 
6 2 3844 3841 
7 3 0 3833 3843 
6 2 3846 3843 
5 3 0 3828 3845 
6 2 3848 3845 
7 3 0 3832 3847 
6 2 3850 3847 
5 3 0 3829 3849 
6 2 3852 3849 
7 3 0 3831 3851 
6 2 3854 3851 
5 3 0 3830 3853 
6 2 3856 3853 
7 3 0 3830 3855 
6 2 3858 3855 
5 3 0 3831 3857 
6 2 3860 3857 
7 3 0 3829 3859 
6 2 3862 3859 
5 3 0 3832 3861 
6 2 3864 3861 
7 3 0 3828 3863 
6 2 3866 3863 
5 3 0 3833 3865 
6 2 3868 3865 
7 3 0 3827 3867 
6 2 3870 3867 
5 3 0 3834 3869 
6 2 3872 3869 
7 3 0 3826 3871 
6 2 3874 3871 
5 3 0 3835 3873 
6 2 3876 3873 
7 3 0 3825 3875 
6 2 3878 3875 
8 3 3877 3879 0 
9 2 0 3880 
6 2 3881 3880 
10 2 0 3882 
9 3 0 3883 3882 
6 2 3884 3882 
10 2 0 3885 
9 3 0 3886 3885 
6 2 3887 3885 
10 2 0 3888 
9 3 0 3889 3888 
6 2 3890 3888 
10 2 0 3891 
9 3 0 3892 3891 
6 2 3893 3891 
10 2 0 3894 
9 3 0 3895 3894 
6 2 3896 3894 
10 2 0 3897 
9 3 0 3898 3897 
6 2 3899 3897 
10 2 0 3900 
9 3 0 3901 3900 
6 2 3902 3900 
10 2 0 3903 
9 3 0 3904 3903 
6 2 3905 3903 
10 2 0 3906 
9 3 0 3907 3906 
6 2 3908 3906 
10 2 0 3909 
11 10 3883 3886 3889 3892 3895 3898 3901 3904 3907 3910 
1 0 
1 0 
1 0 
1 0 
1 0 
1 0 
1 0 
1 0 
1 0 
1 0 
1 0 
2 2 0 3912 
3 1 3923 
4 2 0 3922 
3 1 3925 
5 3 0 3913 3924 
6 2 3927 3924 
7 3 0 3921 3926 
6 2 3929 3926 
5 3 0 3914 3928 
6 2 3931 3928 
7 3 0 3920 3930 
6 2 3933 3930 
5 3 0 3915 3932 
6 2 3935 3932 
7 3 0 3919 3934 
6 2 3937 3934 
5 3 0 3916 3936 
6 2 3939 3936 
7 3 0 3918 3938 
6 2 3941 3938 
5 3 0 3917 3940 
6 2 3943 3940 
7 3 0 3917 3942 
6 2 3945 3942 
5 3 0 3918 3944 
6 2 3947 3944 
7 3 0 3916 3946 
6 2 3949 3946 
5 3 0 3919 3948 
6 2 3951 3948 
7 3 0 3915 3950 
6 2 3953 3950 
5 3 0 3920 3952 
6 2 3955 3952 
7 3 0 3914 3954 
6 2 3957 3954 
5 3 0 3921 3956 
6 2 3959 3956 
7 3 0 3913 3958 
6 2 3961 3958 
5 3 0 3922 3960 
6 2 3963 3960 
7 3 0 3912 3962 
6 2 3965 3962 
8 3 3964 3966 0 
9 2 0 3967 
6 2 3968 3967 
10 2 0 3969 
9 3 0 3970 3969 
6 2 3971 3969 
10 2 0 3972 
9 3 0 3973 3972 
6 2 3974 3972 
10 2 0 3975 
9 3 0 3976 3975 
6 2 3977 3975 
10 2 0 3978 
9 3 0 3979 3978 
6 2 3980 3978 
10 2 0 3981 
9 3 0 3982 3981 
6 2 3983 3981 
10 2 0 3984 
9 3 0 3985 3984 
6 2 3986 3984 
10 2 0 3987 
9 3 0 3988 3987 
6 2 3989 3987 
10 2 0 3990 
9 3 0 3991 3990 
6 2 3992 3990 
10 2 0 3993 
9 3 0 3994 3993 
6 2 3995 3993 
10 2 0 3996 
11 10 3970 3973 3976 3979 3982 3985 3988 3991 3994 3997 
1 0 
1 0 
1 0 
1 0 
1 0 
1 0 
1 0 
1 0 
1 0 
2 2 0 3999 
3 1 4008 
4 2 0 4007 
3 1 4010 
5 3 0 4000 4009 
6 2 4012 4009 
7 3 0 4006 4011 
6 2 4014 4011 
5 3 0 4001 4013 
6 2 4016 4013 
7 3 0 4005 4015 
6 2 4018 4015 
5 3 0 4002 4017 
6 2 4020 4017 
7 3 0 4004 4019 
6 2 4022 4019 
5 3 0 4003 4021 
6 2 4024 4021 
7 3 0 4003 4023 
6 2 4026 4023 
5 3 0 4004 4025 
6 2 4028 4025 
7 3 0 4002 4027 
6 2 4030 4027 
5 3 0 4005 4029 
6 2 4032 4029 
7 3 0 4001 4031 
6 2 4034 4031 
5 3 0 4006 4033 
6 2 4036 4033 
7 3 0 4000 4035 
6 2 4038 4035 
5 3 0 4007 4037 
6 2 4040 4037 
7 3 0 3999 4039 
6 2 4042 4039 
8 3 4041 4043 0 
9 2 0 4044 
6 2 4045 4044 
10 2 0 4046 
9 3 0 4047 4046 
6 2 4048 4046 
10 2 0 4049 
9 3 0 4050 4049 
6 2 4051 4049 
10 2 0 4052 
9 3 0 4053 4052 
6 2 4054 4052 
10 2 0 4055 
9 3 0 4056 4055 
6 2 4057 4055 
10 2 0 4058 
9 3 0 4059 4058 
6 2 4060 4058 
10 2 0 4061 
9 3 0 4062 4061 
6 2 4063 4061 
10 2 0 4064 
9 3 0 4065 4064 
6 2 4066 4064 
10 2 0 4067 
11 8 4047 4050 4053 4056 4059 4062 4065 4068 
1 0 
1 0 
1 0 
1 0 
1 0 
1 0 
1 0 
2 2 0 4070 
3 1 4077 
4 2 0 4076 
3 1 4079 
5 3 0 4071 4078 
6 2 4081 4078 
7 3 0 4075 4080 
6 2 4083 4080 
5 3 0 4072 4082 
6 2 4085 4082 
7 3 0 4074 4084 
6 2 4087 4084 
5 3 0 4073 4086 
6 2 4089 4086 
7 3 0 4073 4088 
6 2 4091 4088 
5 3 0 4074 4090 
6 2 4093 4090 
7 3 0 4072 4092 
6 2 4095 4092 
5 3 0 4075 4094 
6 2 4097 4094 
7 3 0 4071 4096 
6 2 4099 4096 
5 3 0 4076 4098 
6 2 4101 4098 
7 3 0 4070 4100 
6 2 4103 4100 
8 3 4102 4104 0 
9 2 0 4105 
6 2 4106 4105 
10 2 0 4107 
9 3 0 4108 4107 
6 2 4109 4107 
10 2 0 4110 
9 3 0 4111 4110 
6 2 4112 4110 
10 2 0 4113 
9 3 0 4114 4113 
6 2 4115 4113 
10 2 0 4116 
9 3 0 4117 4116 
6 2 4118 4116 
10 2 0 4119 
9 3 0 4120 4119 
6 2 4121 4119 
10 2 0 4122 
11 6 4108 4111 4114 4117 4120 4123 
1 0 
1 0 
1 0 
1 0 
1 0 
1 0 
1 0 
1 0 
1 0 
1 0 
1 0 
1 0 
2 2 0 4125 
3 1 4137 
4 2 0 4136 
3 1 4139 
5 3 0 4126 4138 
6 2 4141 4138 
7 3 0 4135 4140 
6 2 4143 4140 
5 3 0 4127 4142 
6 2 4145 4142 
7 3 0 4134 4144 
6 2 4147 4144 
5 3 0 4128 4146 
6 2 4149 4146 
7 3 0 4133 4148 
6 2 4151 4148 
5 3 0 4129 4150 
6 2 4153 4150 
7 3 0 4132 4152 
6 2 4155 4152 
5 3 0 4130 4154 
6 2 4157 4154 
7 3 0 4131 4156 
6 2 4159 4156 
5 3 0 4131 4158 
6 2 4161 4158 
7 3 0 4130 4160 
6 2 4163 4160 
5 3 0 4132 4162 
6 2 4165 4162 
7 3 0 4129 4164 
6 2 4167 4164 
5 3 0 4133 4166 
6 2 4169 4166 
7 3 0 4128 4168 
6 2 4171 4168 
5 3 0 4134 4170 
6 2 4173 4170 
7 3 0 4127 4172 
6 2 4175 4172 
5 3 0 4135 4174 
6 2 4177 4174 
7 3 0 4126 4176 
6 2 4179 4176 
5 3 0 4136 4178 
6 2 4181 4178 
7 3 0 4125 4180 
6 2 4183 4180 
8 3 4182 4184 0 
9 2 0 4185 
6 2 4186 4185 
10 2 0 4187 
9 3 0 4188 4187 
6 2 4189 4187 
10 2 0 4190 
9 3 0 4191 4190 
6 2 4192 4190 
10 2 0 4193 
9 3 0 4194 4193 
6 2 4195 4193 
10 2 0 4196 
9 3 0 4197 4196 
6 2 4198 4196 
10 2 0 4199 
9 3 0 4200 4199 
6 2 4201 4199 
10 2 0 4202 
9 3 0 4203 4202 
6 2 4204 4202 
10 2 0 4205 
9 3 0 4206 4205 
6 2 4207 4205 
10 2 0 4208 
9 3 0 4209 4208 
6 2 4210 4208 
10 2 0 4211 
9 3 0 4212 4211 
6 2 4213 4211 
10 2 0 4214 
9 3 0 4215 4214 
6 2 4216 4214 
10 2 0 4217 
11 11 4188 4191 4194 4197 4200 4203 4206 4209 4212 4215 4218 
1 0 
1 0 
1 0 
1 0 
1 0 
1 0 
1 0 
1 0 
2 2 0 4220 
3 1 4228 
4 2 0 4227 
3 1 4230 
5 3 0 4221 4229 
6 2 4232 4229 
7 3 0 4226 4231 
6 2 4234 4231 
5 3 0 4222 4233 
6 2 4236 4233 
7 3 0 4225 4235 
6 2 4238 4235 
5 3 0 4223 4237 
6 2 4240 4237 
7 3 0 4224 4239 
6 2 4242 4239 
5 3 0 4224 4241 
6 2 4244 4241 
7 3 0 4223 4243 
6 2 4246 4243 
5 3 0 4225 4245 
6 2 4248 4245 
7 3 0 4222 4247 
6 2 4250 4247 
5 3 0 4226 4249 
6 2 4252 4249 
7 3 0 4221 4251 
6 2 4254 4251 
5 3 0 4227 4253 
6 2 4256 4253 
7 3 0 4220 4255 
6 2 4258 4255 
8 3 4257 4259 0 
9 2 0 4260 
6 2 4261 4260 
10 2 0 4262 
9 3 0 4263 4262 
6 2 4264 4262 
10 2 0 4265 
9 3 0 4266 4265 
6 2 4267 4265 
10 2 0 4268 
9 3 0 4269 4268 
6 2 4270 4268 
10 2 0 4271 
9 3 0 4272 4271 
6 2 4273 4271 
10 2 0 4274 
9 3 0 4275 4274 
6 2 4276 4274 
10 2 0 4277 
9 3 0 4278 4277 
6 2 4279 4277 
10 2 0 4280 
11 7 4263 4266 4269 4272 4275 4278 4281 
1 0 
1 0 
1 0 
1 0 
1 0 
1 0 
1 0 
1 0 
1 0 
1 0 
1 0 
2 2 0 4283 
3 1 4294 
4 2 0 4293 
3 1 4296 
5 3 0 4284 4295 
6 2 4298 4295 
7 3 0 4292 4297 
6 2 4300 4297 
5 3 0 4285 4299 
6 2 4302 4299 
7 3 0 4291 4301 
6 2 4304 4301 
5 3 0 4286 4303 
6 2 4306 4303 
7 3 0 4290 4305 
6 2 4308 4305 
5 3 0 4287 4307 
6 2 4310 4307 
7 3 0 4289 4309 
6 2 4312 4309 
5 3 0 4288 4311 
6 2 4314 4311 
7 3 0 4288 4313 
6 2 4316 4313 
5 3 0 4289 4315 
6 2 4318 4315 
7 3 0 4287 4317 
6 2 4320 4317 
5 3 0 4290 4319 
6 2 4322 4319 
7 3 0 4286 4321 
6 2 4324 4321 
5 3 0 4291 4323 
6 2 4326 4323 
7 3 0 4285 4325 
6 2 4328 4325 
5 3 0 4292 4327 
6 2 4330 4327 
7 3 0 4284 4329 
6 2 4332 4329 
5 3 0 4293 4331 
6 2 4334 4331 
7 3 0 4283 4333 
6 2 4336 4333 
8 3 4335 4337 0 
9 2 0 4338 
6 2 4339 4338 
10 2 0 4340 
9 3 0 4341 4340 
6 2 4342 4340 
10 2 0 4343 
9 3 0 4344 4343 
6 2 4345 4343 
10 2 0 4346 
9 3 0 4347 4346 
6 2 4348 4346 
10 2 0 4349 
9 3 0 4350 4349 
6 2 4351 4349 
10 2 0 4352 
9 3 0 4353 4352 
6 2 4354 4352 
10 2 0 4355 
9 3 0 4356 4355 
6 2 4357 4355 
10 2 0 4358 
9 3 0 4359 4358 
6 2 4360 4358 
10 2 0 4361 
9 3 0 4362 4361 
6 2 4363 4361 
10 2 0 4364 
9 3 0 4365 4364 
6 2 4366 4364 
10 2 0 4367 
11 10 4341 4344 4347 4350 4353 4356 4359 4362 4365 4368 
1 0 
1 0 
1 0 
1 0 
1 0 
1 0 
1 0 
1 0 
1 0 
1 0 
1 0 
2 2 0 4370 
3 1 4381 
4 2 0 4380 
3 1 4383 
5 3 0 4371 4382 
6 2 4385 4382 
7 3 0 4379 4384 
6 2 4387 4384 
5 3 0 4372 4386 
6 2 4389 4386 
7 3 0 4378 4388 
6 2 4391 4388 
5 3 0 4373 4390 
6 2 4393 4390 
7 3 0 4377 4392 
6 2 4395 4392 
5 3 0 4374 4394 
6 2 4397 4394 
7 3 0 4376 4396 
6 2 4399 4396 
5 3 0 4375 4398 
6 2 4401 4398 
7 3 0 4375 4400 
6 2 4403 4400 
5 3 0 4376 4402 
6 2 4405 4402 
7 3 0 4374 4404 
6 2 4407 4404 
5 3 0 4377 4406 
6 2 4409 4406 
7 3 0 4373 4408 
6 2 4411 4408 
5 3 0 4378 4410 
6 2 4413 4410 
7 3 0 4372 4412 
6 2 4415 4412 
5 3 0 4379 4414 
6 2 4417 4414 
7 3 0 4371 4416 
6 2 4419 4416 
5 3 0 4380 4418 
6 2 4421 4418 
7 3 0 4370 4420 
6 2 4423 4420 
8 3 4422 4424 0 
9 2 0 4425 
6 2 4426 4425 
10 2 0 4427 
9 3 0 4428 4427 
6 2 4429 4427 
10 2 0 4430 
9 3 0 4431 4430 
6 2 4432 4430 
10 2 0 4433 
9 3 0 4434 4433 
6 2 4435 4433 
10 2 0 4436 
9 3 0 4437 4436 
6 2 4438 4436 
10 2 0 4439 
9 3 0 4440 4439 
6 2 4441 4439 
10 2 0 4442 
9 3 0 4443 4442 
6 2 4444 4442 
10 2 0 4445 
9 3 0 4446 4445 
6 2 4447 4445 
10 2 0 4448 
9 3 0 4449 4448 
6 2 4450 4448 
10 2 0 4451 
9 3 0 4452 4451 
6 2 4453 4451 
10 2 0 4454 
11 10 4428 4431 4434 4437 4440 4443 4446 4449 4452 4455 
1 0 
1 0 
1 0 
1 0 
1 0 
1 0 
1 0 
1 0 
1 0 
1 0 
1 0 
1 0 
1 0 
1 0 
1 0 
1 0 
2 2 0 4457 
3 1 4473 
4 2 0 4472 
3 1 4475 
5 3 0 4458 4474 
6 2 4477 4474 
7 3 0 4471 4476 
6 2 4479 4476 
5 3 0 4459 4478 
6 2 4481 4478 
7 3 0 4470 4480 
6 2 4483 4480 
5 3 0 4460 4482 
6 2 4485 4482 
7 3 0 4469 4484 
6 2 4487 4484 
5 3 0 4461 4486 
6 2 4489 4486 
7 3 0 4468 4488 
6 2 4491 4488 
5 3 0 4462 4490 
6 2 4493 4490 
7 3 0 4467 4492 
6 2 4495 4492 
5 3 0 4463 4494 
6 2 4497 4494 
7 3 0 4466 4496 
6 2 4499 4496 
5 3 0 4464 4498 
6 2 4501 4498 
7 3 0 4465 4500 
6 2 4503 4500 
5 3 0 4465 4502 
6 2 4505 4502 
7 3 0 4464 4504 
6 2 4507 4504 
5 3 0 4466 4506 
6 2 4509 4506 
7 3 0 4463 4508 
6 2 4511 4508 
5 3 0 4467 4510 
6 2 4513 4510 
7 3 0 4462 4512 
6 2 4515 4512 
5 3 0 4468 4514 
6 2 4517 4514 
7 3 0 4461 4516 
6 2 4519 4516 
5 3 0 4469 4518 
6 2 4521 4518 
7 3 0 4460 4520 
6 2 4523 4520 
5 3 0 4470 4522 
6 2 4525 4522 
7 3 0 4459 4524 
6 2 4527 4524 
5 3 0 4471 4526 
6 2 4529 4526 
7 3 0 4458 4528 
6 2 4531 4528 
5 3 0 4472 4530 
6 2 4533 4530 
7 3 0 4457 4532 
6 2 4535 4532 
8 3 4534 4536 0 
9 2 0 4537 
6 2 4538 4537 
10 2 0 4539 
9 3 0 4540 4539 
6 2 4541 4539 
10 2 0 4542 
9 3 0 4543 4542 
6 2 4544 4542 
10 2 0 4545 
9 3 0 4546 4545 
6 2 4547 4545 
10 2 0 4548 
9 3 0 4549 4548 
6 2 4550 4548 
10 2 0 4551 
9 3 0 4552 4551 
6 2 4553 4551 
10 2 0 4554 
9 3 0 4555 4554 
6 2 4556 4554 
10 2 0 4557 
9 3 0 4558 4557 
6 2 4559 4557 
10 2 0 4560 
9 3 0 4561 4560 
6 2 4562 4560 
10 2 0 4563 
9 3 0 4564 4563 
6 2 4565 4563 
10 2 0 4566 
9 3 0 4567 4566 
6 2 4568 4566 
10 2 0 4569 
9 3 0 4570 4569 
6 2 4571 4569 
10 2 0 4572 
9 3 0 4573 4572 
6 2 4574 4572 
10 2 0 4575 
9 3 0 4576 4575 
6 2 4577 4575 
10 2 0 4578 
9 3 0 4579 4578 
6 2 4580 4578 
10 2 0 4581 
11 15 4540 4543 4546 4549 4552 4555 4558 4561 4564 4567 4570 4573 4576 4579 4582 
1 0 
1 0 
1 0 
1 0 
1 0 
1 0 
1 0 
1 0 
2 2 0 4584 
3 1 4592 
4 2 0 4591 
3 1 4594 
5 3 0 4585 4593 
6 2 4596 4593 
7 3 0 4590 4595 
6 2 4598 4595 
5 3 0 4586 4597 
6 2 4600 4597 
7 3 0 4589 4599 
6 2 4602 4599 
5 3 0 4587 4601 
6 2 4604 4601 
7 3 0 4588 4603 
6 2 4606 4603 
5 3 0 4588 4605 
6 2 4608 4605 
7 3 0 4587 4607 
6 2 4610 4607 
5 3 0 4589 4609 
6 2 4612 4609 
7 3 0 4586 4611 
6 2 4614 4611 
5 3 0 4590 4613 
6 2 4616 4613 
7 3 0 4585 4615 
6 2 4618 4615 
5 3 0 4591 4617 
6 2 4620 4617 
7 3 0 4584 4619 
6 2 4622 4619 
8 3 4621 4623 0 
9 2 0 4624 
6 2 4625 4624 
10 2 0 4626 
9 3 0 4627 4626 
6 2 4628 4626 
10 2 0 4629 
9 3 0 4630 4629 
6 2 4631 4629 
10 2 0 4632 
9 3 0 4633 4632 
6 2 4634 4632 
10 2 0 4635 
9 3 0 4636 4635 
6 2 4637 4635 
10 2 0 4638 
9 3 0 4639 4638 
6 2 4640 4638 
10 2 0 4641 
9 3 0 4642 4641 
6 2 4643 4641 
10 2 0 4644 
11 7 4627 4630 4633 4636 4639 4642 4645 
1 0 
1 0 
1 0 
1 0 
1 0 
1 0 
1 0 
1 0 
1 0 
1 0 
1 0 
1 0 
1 0 
1 0 
1 0 
1 0 
1 0 
1 0 
1 0 
1 0 
1 0 
2 2 0 4647 
3 1 4668 
4 2 0 4667 
3 1 4670 
5 3 0 4648 4669 
6 2 4672 4669 
7 3 0 4666 4671 
6 2 4674 4671 
5 3 0 4649 4673 
6 2 4676 4673 
7 3 0 4665 4675 
6 2 4678 4675 
5 3 0 4650 4677 
6 2 4680 4677 
7 3 0 4664 4679 
6 2 4682 4679 
5 3 0 4651 4681 
6 2 4684 4681 
7 3 0 4663 4683 
6 2 4686 4683 
5 3 0 4652 4685 
6 2 4688 4685 
7 3 0 4662 4687 
6 2 4690 4687 
5 3 0 4653 4689 
6 2 4692 4689 
7 3 0 4661 4691 
6 2 4694 4691 
5 3 0 4654 4693 
6 2 4696 4693 
7 3 0 4660 4695 
6 2 4698 4695 
5 3 0 4655 4697 
6 2 4700 4697 
7 3 0 4659 4699 
6 2 4702 4699 
5 3 0 4656 4701 
6 2 4704 4701 
7 3 0 4658 4703 
6 2 4706 4703 
5 3 0 4657 4705 
6 2 4708 4705 
7 3 0 4657 4707 
6 2 4710 4707 
5 3 0 4658 4709 
6 2 4712 4709 
7 3 0 4656 4711 
6 2 4714 4711 
5 3 0 4659 4713 
6 2 4716 4713 
7 3 0 4655 4715 
6 2 4718 4715 
5 3 0 4660 4717 
6 2 4720 4717 
7 3 0 4654 4719 
6 2 4722 4719 
5 3 0 4661 4721 
6 2 4724 4721 
7 3 0 4653 4723 
6 2 4726 4723 
5 3 0 4662 4725 
6 2 4728 4725 
7 3 0 4652 4727 
6 2 4730 4727 
5 3 0 4663 4729 
6 2 4732 4729 
7 3 0 4651 4731 
6 2 4734 4731 
5 3 0 4664 4733 
6 2 4736 4733 
7 3 0 4650 4735 
6 2 4738 4735 
5 3 0 4665 4737 
6 2 4740 4737 
7 3 0 4649 4739 
6 2 4742 4739 
5 3 0 4666 4741 
6 2 4744 4741 
7 3 0 4648 4743 
6 2 4746 4743 
5 3 0 4667 4745 
6 2 4748 4745 
7 3 0 4647 4747 
6 2 4750 4747 
8 3 4749 4751 0 
9 2 0 4752 
6 2 4753 4752 
10 2 0 4754 
9 3 0 4755 4754 
6 2 4756 4754 
10 2 0 4757 
9 3 0 4758 4757 
6 2 4759 4757 
10 2 0 4760 
9 3 0 4761 4760 
6 2 4762 4760 
10 2 0 4763 
9 3 0 4764 4763 
6 2 4765 4763 
10 2 0 4766 
9 3 0 4767 4766 
6 2 4768 4766 
10 2 0 4769 
9 3 0 4770 4769 
6 2 4771 4769 
10 2 0 4772 
9 3 0 4773 4772 
6 2 4774 4772 
10 2 0 4775 
9 3 0 4776 4775 
6 2 4777 4775 
10 2 0 4778 
9 3 0 4779 4778 
6 2 4780 4778 
10 2 0 4781 
9 3 0 4782 4781 
6 2 4783 4781 
10 2 0 4784 
9 3 0 4785 4784 
6 2 4786 4784 
10 2 0 4787 
9 3 0 4788 4787 
6 2 4789 4787 
10 2 0 4790 
9 3 0 4791 4790 
6 2 4792 4790 
10 2 0 4793 
9 3 0 4794 4793 
6 2 4795 4793 
10 2 0 4796 
9 3 0 4797 4796 
6 2 4798 4796 
10 2 0 4799 
9 3 0 4800 4799 
6 2 4801 4799 
10 2 0 4802 
9 3 0 4803 4802 
6 2 4804 4802 
10 2 0 4805 
9 3 0 4806 4805 
6 2 4807 4805 
10 2 0 4808 
9 3 0 4809 4808 
6 2 4810 4808 
10 2 0 4811 
11 20 4755 4758 4761 4764 4767 4770 4773 4776 4779 4782 4785 4788 4791 4794 4797 4800 4803 4806 4809 4812 
1 0 
1 0 
1 0 
1 0 
1 0 
1 0 
1 0 
1 0 
1 0 
1 0 
1 0 
1 0 
1 0 
2 2 0 4814 
3 1 4827 
4 2 0 4826 
3 1 4829 
5 3 0 4815 4828 
6 2 4831 4828 
7 3 0 4825 4830 
6 2 4833 4830 
5 3 0 4816 4832 
6 2 4835 4832 
7 3 0 4824 4834 
6 2 4837 4834 
5 3 0 4817 4836 
6 2 4839 4836 
7 3 0 4823 4838 
6 2 4841 4838 
5 3 0 4818 4840 
6 2 4843 4840 
7 3 0 4822 4842 
6 2 4845 4842 
5 3 0 4819 4844 
6 2 4847 4844 
7 3 0 4821 4846 
6 2 4849 4846 
5 3 0 4820 4848 
6 2 4851 4848 
7 3 0 4820 4850 
6 2 4853 4850 
5 3 0 4821 4852 
6 2 4855 4852 
7 3 0 4819 4854 
6 2 4857 4854 
5 3 0 4822 4856 
6 2 4859 4856 
7 3 0 4818 4858 
6 2 4861 4858 
5 3 0 4823 4860 
6 2 4863 4860 
7 3 0 4817 4862 
6 2 4865 4862 
5 3 0 4824 4864 
6 2 4867 4864 
7 3 0 4816 4866 
6 2 4869 4866 
5 3 0 4825 4868 
6 2 4871 4868 
7 3 0 4815 4870 
6 2 4873 4870 
5 3 0 4826 4872 
6 2 4875 4872 
7 3 0 4814 4874 
6 2 4877 4874 
8 3 4876 4878 0 
9 2 0 4879 
6 2 4880 4879 
10 2 0 4881 
9 3 0 4882 4881 
6 2 4883 4881 
10 2 0 4884 
9 3 0 4885 4884 
6 2 4886 4884 
10 2 0 4887 
9 3 0 4888 4887 
6 2 4889 4887 
10 2 0 4890 
9 3 0 4891 4890 
6 2 4892 4890 
10 2 0 4893 
9 3 0 4894 4893 
6 2 4895 4893 
10 2 0 4896 
9 3 0 4897 4896 
6 2 4898 4896 
10 2 0 4899 
9 3 0 4900 4899 
6 2 4901 4899 
10 2 0 4902 
9 3 0 4903 4902 
6 2 4904 4902 
10 2 0 4905 
9 3 0 4906 4905 
6 2 4907 4905 
10 2 0 4908 
9 3 0 4909 4908 
6 2 4910 4908 
10 2 0 4911 
9 3 0 4912 4911 
6 2 4913 4911 
10 2 0 4914 
11 12 4882 4885 4888 4891 4894 4897 4900 4903 4906 4909 4912 4915 
1 0 
1 0 
1 0 
1 0 
1 0 
1 0 
1 0 
1 0 
2 2 0 4917 
3 1 4925 
4 2 0 4924 
3 1 4927 
5 3 0 4918 4926 
6 2 4929 4926 
7 3 0 4923 4928 
6 2 4931 4928 
5 3 0 4919 4930 
6 2 4933 4930 
7 3 0 4922 4932 
6 2 4935 4932 
5 3 0 4920 4934 
6 2 4937 4934 
7 3 0 4921 4936 
6 2 4939 4936 
5 3 0 4921 4938 
6 2 4941 4938 
7 3 0 4920 4940 
6 2 4943 4940 
5 3 0 4922 4942 
6 2 4945 4942 
7 3 0 4919 4944 
6 2 4947 4944 
5 3 0 4923 4946 
6 2 4949 4946 
7 3 0 4918 4948 
6 2 4951 4948 
5 3 0 4924 4950 
6 2 4953 4950 
7 3 0 4917 4952 
6 2 4955 4952 
8 3 4954 4956 0 
9 2 0 4957 
6 2 4958 4957 
10 2 0 4959 
9 3 0 4960 4959 
6 2 4961 4959 
10 2 0 4962 
9 3 0 4963 4962 
6 2 4964 4962 
10 2 0 4965 
9 3 0 4966 4965 
6 2 4967 4965 
10 2 0 4968 
9 3 0 4969 4968 
6 2 4970 4968 
10 2 0 4971 
9 3 0 4972 4971 
6 2 4973 4971 
10 2 0 4974 
9 3 0 4975 4974 
6 2 4976 4974 
10 2 0 4977 
11 7 4960 4963 4966 4969 4972 4975 4978 
1 0 
1 0 
1 0 
1 0 
1 0 
1 0 
1 0 
1 0 
1 0 
1 0 
1 0 
1 0 
2 2 0 4980 
3 1 4992 
4 2 0 4991 
3 1 4994 
5 3 0 4981 4993 
6 2 4996 4993 
7 3 0 4990 4995 
6 2 4998 4995 
5 3 0 4982 4997 
6 2 5000 4997 
7 3 0 4989 4999 
6 2 5002 4999 
5 3 0 4983 5001 
6 2 5004 5001 
7 3 0 4988 5003 
6 2 5006 5003 
5 3 0 4984 5005 
6 2 5008 5005 
7 3 0 4987 5007 
6 2 5010 5007 
5 3 0 4985 5009 
6 2 5012 5009 
7 3 0 4986 5011 
6 2 5014 5011 
5 3 0 4986 5013 
6 2 5016 5013 
7 3 0 4985 5015 
6 2 5018 5015 
5 3 0 4987 5017 
6 2 5020 5017 
7 3 0 4984 5019 
6 2 5022 5019 
5 3 0 4988 5021 
6 2 5024 5021 
7 3 0 4983 5023 
6 2 5026 5023 
5 3 0 4989 5025 
6 2 5028 5025 
7 3 0 4982 5027 
6 2 5030 5027 
5 3 0 4990 5029 
6 2 5032 5029 
7 3 0 4981 5031 
6 2 5034 5031 
5 3 0 4991 5033 
6 2 5036 5033 
7 3 0 4980 5035 
6 2 5038 5035 
8 3 5037 5039 0 
9 2 0 5040 
6 2 5041 5040 
10 2 0 5042 
9 3 0 5043 5042 
6 2 5044 5042 
10 2 0 5045 
9 3 0 5046 5045 
6 2 5047 5045 
10 2 0 5048 
9 3 0 5049 5048 
6 2 5050 5048 
10 2 0 5051 
9 3 0 5052 5051 
6 2 5053 5051 
10 2 0 5054 
9 3 0 5055 5054 
6 2 5056 5054 
10 2 0 5057 
9 3 0 5058 5057 
6 2 5059 5057 
10 2 0 5060 
9 3 0 5061 5060 
6 2 5062 5060 
10 2 0 5063 
9 3 0 5064 5063 
6 2 5065 5063 
10 2 0 5066 
9 3 0 5067 5066 
6 2 5068 5066 
10 2 0 5069 
9 3 0 5070 5069 
6 2 5071 5069 
10 2 0 5072 
11 11 5043 5046 5049 5052 5055 5058 5061 5064 5067 5070 5073 
1 0 
1 0 
1 0 
1 0 
1 0 
1 0 
1 0 
1 0 
1 0 
2 2 0 5075 
3 1 5084 
4 2 0 5083 
3 1 5086 
5 3 0 5076 5085 
6 2 5088 5085 
7 3 0 5082 5087 
6 2 5090 5087 
5 3 0 5077 5089 
6 2 5092 5089 
7 3 0 5081 5091 
6 2 5094 5091 
5 3 0 5078 5093 
6 2 5096 5093 
7 3 0 5080 5095 
6 2 5098 5095 
5 3 0 5079 5097 
6 2 5100 5097 
7 3 0 5079 5099 
6 2 5102 5099 
5 3 0 5080 5101 
6 2 5104 5101 
7 3 0 5078 5103 
6 2 5106 5103 
5 3 0 5081 5105 
6 2 5108 5105 
7 3 0 5077 5107 
6 2 5110 5107 
5 3 0 5082 5109 
6 2 5112 5109 
7 3 0 5076 5111 
6 2 5114 5111 
5 3 0 5083 5113 
6 2 5116 5113 
7 3 0 5075 5115 
6 2 5118 5115 
8 3 5117 5119 0 
9 2 0 5120 
6 2 5121 5120 
10 2 0 5122 
9 3 0 5123 5122 
6 2 5124 5122 
10 2 0 5125 
9 3 0 5126 5125 
6 2 5127 5125 
10 2 0 5128 
9 3 0 5129 5128 
6 2 5130 5128 
10 2 0 5131 
9 3 0 5132 5131 
6 2 5133 5131 
10 2 0 5134 
9 3 0 5135 5134 
6 2 5136 5134 
10 2 0 5137 
9 3 0 5138 5137 
6 2 5139 5137 
10 2 0 5140 
9 3 0 5141 5140 
6 2 5142 5140 
10 2 0 5143 
11 8 5123 5126 5129 5132 5135 5138 5141 5144 
1 0 
1 0 
1 0 
1 0 
1 0 
1 0 
1 0 
1 0 
1 0 
1 0 
1 0 
1 0 
2 2 0 5146 
3 1 5158 
4 2 0 5157 
3 1 5160 
5 3 0 5147 5159 
6 2 5162 5159 
7 3 0 5156 5161 
6 2 5164 5161 
5 3 0 5148 5163 
6 2 5166 5163 
7 3 0 5155 5165 
6 2 5168 5165 
5 3 0 5149 5167 
6 2 5170 5167 
7 3 0 5154 5169 
6 2 5172 5169 
5 3 0 5150 5171 
6 2 5174 5171 
7 3 0 5153 5173 
6 2 5176 5173 
5 3 0 5151 5175 
6 2 5178 5175 
7 3 0 5152 5177 
6 2 5180 5177 
5 3 0 5152 5179 
6 2 5182 5179 
7 3 0 5151 5181 
6 2 5184 5181 
5 3 0 5153 5183 
6 2 5186 5183 
7 3 0 5150 5185 
6 2 5188 5185 
5 3 0 5154 5187 
6 2 5190 5187 
7 3 0 5149 5189 
6 2 5192 5189 
5 3 0 5155 5191 
6 2 5194 5191 
7 3 0 5148 5193 
6 2 5196 5193 
5 3 0 5156 5195 
6 2 5198 5195 
7 3 0 5147 5197 
6 2 5200 5197 
5 3 0 5157 5199 
6 2 5202 5199 
7 3 0 5146 5201 
6 2 5204 5201 
8 3 5203 5205 0 
9 2 0 5206 
6 2 5207 5206 
10 2 0 5208 
9 3 0 5209 5208 
6 2 5210 5208 
10 2 0 5211 
9 3 0 5212 5211 
6 2 5213 5211 
10 2 0 5214 
9 3 0 5215 5214 
6 2 5216 5214 
10 2 0 5217 
9 3 0 5218 5217 
6 2 5219 5217 
10 2 0 5220 
9 3 0 5221 5220 
6 2 5222 5220 
10 2 0 5223 
9 3 0 5224 5223 
6 2 5225 5223 
10 2 0 5226 
9 3 0 5227 5226 
6 2 5228 5226 
10 2 0 5229 
9 3 0 5230 5229 
6 2 5231 5229 
10 2 0 5232 
9 3 0 5233 5232 
6 2 5234 5232 
10 2 0 5235 
9 3 0 5236 5235 
6 2 5237 5235 
10 2 0 5238 
11 11 5209 5212 5215 5218 5221 5224 5227 5230 5233 5236 5239 
13 64 71 134 229 276 331 442 513 616 679 742 821 868 971 1138 1193 1232 1279 1342 1397 1452 1499 1594 1665 1736 1815 1870 1973 2012 2075 2170 2329 2512 2575 2638 2701 2772 2835 2898 2985 3064 3175 3286 3381 3500 3603 3698 3761 3824 3911 3998 4069 4124 4219 4282 4369 4456 4583 4646 4813 4916 4979 5074 5145 5240 
