5010
0 0 
1 0 
1 0 
1 0 
1 0 
1 0 
1 0 
1 0 
1 0 
2 2 0 1 
3 1 9 
4 2 0 8 
3 1 11 
5 3 0 2 10 
6 2 13 10 
7 3 0 7 12 
6 2 15 12 
5 3 0 3 14 
6 2 17 14 
7 3 0 6 16 
6 2 19 16 
5 3 0 4 18 
6 2 21 18 
7 3 0 5 20 
6 2 23 20 
5 3 0 5 22 
6 2 25 22 
7 3 0 4 24 
6 2 27 24 
5 3 0 6 26 
6 2 29 26 
7 3 0 3 28 
6 2 31 28 
5 3 0 7 30 
6 2 33 30 
7 3 0 2 32 
6 2 35 32 
5 3 0 8 34 
6 2 37 34 
7 3 0 1 36 
6 2 39 36 
8 3 38 40 0 
9 2 0 41 
6 2 42 41 
10 2 0 43 
9 3 0 44 43 
6 2 45 43 
10 2 0 46 
9 3 0 47 46 
6 2 48 46 
10 2 0 49 
9 3 0 50 49 
6 2 51 49 
10 2 0 52 
9 3 0 53 52 
6 2 54 52 
10 2 0 55 
9 3 0 56 55 
6 2 57 55 
10 2 0 58 
9 3 0 59 58 
6 2 60 58 
10 2 0 61 
11 7 44 47 50 53 56 59 62 
1 0 
1 0 
1 0 
1 0 
1 0 
1 0 
1 0 
1 0 
1 0 
2 2 0 64 
3 1 73 
4 2 0 72 
3 1 75 
5 3 0 65 74 
6 2 77 74 
7 3 0 71 76 
6 2 79 76 
5 3 0 66 78 
6 2 81 78 
7 3 0 70 80 
6 2 83 80 
5 3 0 67 82 
6 2 85 82 
7 3 0 69 84 
6 2 87 84 
5 3 0 68 86 
6 2 89 86 
7 3 0 68 88 
6 2 91 88 
5 3 0 69 90 
6 2 93 90 
7 3 0 67 92 
6 2 95 92 
5 3 0 70 94 
6 2 97 94 
7 3 0 66 96 
6 2 99 96 
5 3 0 71 98 
6 2 101 98 
7 3 0 65 100 
6 2 103 100 
5 3 0 72 102 
6 2 105 102 
7 3 0 64 104 
6 2 107 104 
8 3 106 108 0 
9 2 0 109 
6 2 110 109 
10 2 0 111 
9 3 0 112 111 
6 2 113 111 
10 2 0 114 
9 3 0 115 114 
6 2 116 114 
10 2 0 117 
9 3 0 118 117 
6 2 119 117 
10 2 0 120 
9 3 0 121 120 
6 2 122 120 
10 2 0 123 
9 3 0 124 123 
6 2 125 123 
10 2 0 126 
9 3 0 127 126 
6 2 128 126 
10 2 0 129 
9 3 0 130 129 
6 2 131 129 
10 2 0 132 
11 8 112 115 118 121 124 127 130 133 
1 0 
1 0 
1 0 
1 0 
1 0 
1 0 
1 0 
1 0 
2 2 0 135 
3 1 143 
4 2 0 142 
3 1 145 
5 3 0 136 144 
6 2 147 144 
7 3 0 141 146 
6 2 149 146 
5 3 0 137 148 
6 2 151 148 
7 3 0 140 150 
6 2 153 150 
5 3 0 138 152 
6 2 155 152 
7 3 0 139 154 
6 2 157 154 
5 3 0 139 156 
6 2 159 156 
7 3 0 138 158 
6 2 161 158 
5 3 0 140 160 
6 2 163 160 
7 3 0 137 162 
6 2 165 162 
5 3 0 141 164 
6 2 167 164 
7 3 0 136 166 
6 2 169 166 
5 3 0 142 168 
6 2 171 168 
7 3 0 135 170 
6 2 173 170 
8 3 172 174 0 
9 2 0 175 
6 2 176 175 
10 2 0 177 
9 3 0 178 177 
6 2 179 177 
10 2 0 180 
9 3 0 181 180 
6 2 182 180 
10 2 0 183 
9 3 0 184 183 
6 2 185 183 
10 2 0 186 
9 3 0 187 186 
6 2 188 186 
10 2 0 189 
9 3 0 190 189 
6 2 191 189 
10 2 0 192 
9 3 0 193 192 
6 2 194 192 
10 2 0 195 
11 7 178 181 184 187 190 193 196 
1 0 
1 0 
1 0 
1 0 
1 0 
1 0 
1 0 
1 0 
1 0 
1 0 
1 0 
1 0 
1 0 
1 0 
1 0 
1 0 
1 0 
2 2 0 198 
3 1 215 
4 2 0 214 
3 1 217 
5 3 0 199 216 
6 2 219 216 
7 3 0 213 218 
6 2 221 218 
5 3 0 200 220 
6 2 223 220 
7 3 0 212 222 
6 2 225 222 
5 3 0 201 224 
6 2 227 224 
7 3 0 211 226 
6 2 229 226 
5 3 0 202 228 
6 2 231 228 
7 3 0 210 230 
6 2 233 230 
5 3 0 203 232 
6 2 235 232 
7 3 0 209 234 
6 2 237 234 
5 3 0 204 236 
6 2 239 236 
7 3 0 208 238 
6 2 241 238 
5 3 0 205 240 
6 2 243 240 
7 3 0 207 242 
6 2 245 242 
5 3 0 206 244 
6 2 247 244 
7 3 0 206 246 
6 2 249 246 
5 3 0 207 248 
6 2 251 248 
7 3 0 205 250 
6 2 253 250 
5 3 0 208 252 
6 2 255 252 
7 3 0 204 254 
6 2 257 254 
5 3 0 209 256 
6 2 259 256 
7 3 0 203 258 
6 2 261 258 
5 3 0 210 260 
6 2 263 260 
7 3 0 202 262 
6 2 265 262 
5 3 0 211 264 
6 2 267 264 
7 3 0 201 266 
6 2 269 266 
5 3 0 212 268 
6 2 271 268 
7 3 0 200 270 
6 2 273 270 
5 3 0 213 272 
6 2 275 272 
7 3 0 199 274 
6 2 277 274 
5 3 0 214 276 
6 2 279 276 
7 3 0 198 278 
6 2 281 278 
8 3 280 282 0 
9 2 0 283 
6 2 284 283 
10 2 0 285 
9 3 0 286 285 
6 2 287 285 
10 2 0 288 
9 3 0 289 288 
6 2 290 288 
10 2 0 291 
9 3 0 292 291 
6 2 293 291 
10 2 0 294 
9 3 0 295 294 
6 2 296 294 
10 2 0 297 
9 3 0 298 297 
6 2 299 297 
10 2 0 300 
9 3 0 301 300 
6 2 302 300 
10 2 0 303 
9 3 0 304 303 
6 2 305 303 
10 2 0 306 
9 3 0 307 306 
6 2 308 306 
10 2 0 309 
9 3 0 310 309 
6 2 311 309 
10 2 0 312 
9 3 0 313 312 
6 2 314 312 
10 2 0 315 
9 3 0 316 315 
6 2 317 315 
10 2 0 318 
9 3 0 319 318 
6 2 320 318 
10 2 0 321 
9 3 0 322 321 
6 2 323 321 
10 2 0 324 
9 3 0 325 324 
6 2 326 324 
10 2 0 327 
9 3 0 328 327 
6 2 329 327 
10 2 0 330 
11 16 286 289 292 295 298 301 304 307 310 313 316 319 322 325 328 331 
1 0 
1 0 
1 0 
1 0 
1 0 
1 0 
2 2 0 333 
3 1 339 
4 2 0 338 
3 1 341 
5 3 0 334 340 
6 2 343 340 
7 3 0 337 342 
6 2 345 342 
5 3 0 335 344 
6 2 347 344 
7 3 0 336 346 
6 2 349 346 
5 3 0 336 348 
6 2 351 348 
7 3 0 335 350 
6 2 353 350 
5 3 0 337 352 
6 2 355 352 
7 3 0 334 354 
6 2 357 354 
5 3 0 338 356 
6 2 359 356 
7 3 0 333 358 
6 2 361 358 
8 3 360 362 0 
9 2 0 363 
6 2 364 363 
10 2 0 365 
9 3 0 366 365 
6 2 367 365 
10 2 0 368 
9 3 0 369 368 
6 2 370 368 
10 2 0 371 
9 3 0 372 371 
6 2 373 371 
10 2 0 374 
9 3 0 375 374 
6 2 376 374 
10 2 0 377 
11 5 366 369 372 375 378 
1 0 
1 0 
1 0 
1 0 
1 0 
1 0 
1 0 
1 0 
1 0 
1 0 
1 0 
1 0 
1 0 
2 2 0 380 
3 1 393 
4 2 0 392 
3 1 395 
5 3 0 381 394 
6 2 397 394 
7 3 0 391 396 
6 2 399 396 
5 3 0 382 398 
6 2 401 398 
7 3 0 390 400 
6 2 403 400 
5 3 0 383 402 
6 2 405 402 
7 3 0 389 404 
6 2 407 404 
5 3 0 384 406 
6 2 409 406 
7 3 0 388 408 
6 2 411 408 
5 3 0 385 410 
6 2 413 410 
7 3 0 387 412 
6 2 415 412 
5 3 0 386 414 
6 2 417 414 
7 3 0 386 416 
6 2 419 416 
5 3 0 387 418 
6 2 421 418 
7 3 0 385 420 
6 2 423 420 
5 3 0 388 422 
6 2 425 422 
7 3 0 384 424 
6 2 427 424 
5 3 0 389 426 
6 2 429 426 
7 3 0 383 428 
6 2 431 428 
5 3 0 390 430 
6 2 433 430 
7 3 0 382 432 
6 2 435 432 
5 3 0 391 434 
6 2 437 434 
7 3 0 381 436 
6 2 439 436 
5 3 0 392 438 
6 2 441 438 
7 3 0 380 440 
6 2 443 440 
8 3 442 444 0 
9 2 0 445 
6 2 446 445 
10 2 0 447 
9 3 0 448 447 
6 2 449 447 
10 2 0 450 
9 3 0 451 450 
6 2 452 450 
10 2 0 453 
9 3 0 454 453 
6 2 455 453 
10 2 0 456 
9 3 0 457 456 
6 2 458 456 
10 2 0 459 
9 3 0 460 459 
6 2 461 459 
10 2 0 462 
9 3 0 463 462 
6 2 464 462 
10 2 0 465 
9 3 0 466 465 
6 2 467 465 
10 2 0 468 
9 3 0 469 468 
6 2 470 468 
10 2 0 471 
9 3 0 472 471 
6 2 473 471 
10 2 0 474 
9 3 0 475 474 
6 2 476 474 
10 2 0 477 
9 3 0 478 477 
6 2 479 477 
10 2 0 480 
11 12 448 451 454 457 460 463 466 469 472 475 478 481 
1 0 
1 0 
1 0 
1 0 
1 0 
1 0 
1 0 
1 0 
1 0 
1 0 
1 0 
2 2 0 483 
3 1 494 
4 2 0 493 
3 1 496 
5 3 0 484 495 
6 2 498 495 
7 3 0 492 497 
6 2 500 497 
5 3 0 485 499 
6 2 502 499 
7 3 0 491 501 
6 2 504 501 
5 3 0 486 503 
6 2 506 503 
7 3 0 490 505 
6 2 508 505 
5 3 0 487 507 
6 2 510 507 
7 3 0 489 509 
6 2 512 509 
5 3 0 488 511 
6 2 514 511 
7 3 0 488 513 
6 2 516 513 
5 3 0 489 515 
6 2 518 515 
7 3 0 487 517 
6 2 520 517 
5 3 0 490 519 
6 2 522 519 
7 3 0 486 521 
6 2 524 521 
5 3 0 491 523 
6 2 526 523 
7 3 0 485 525 
6 2 528 525 
5 3 0 492 527 
6 2 530 527 
7 3 0 484 529 
6 2 532 529 
5 3 0 493 531 
6 2 534 531 
7 3 0 483 533 
6 2 536 533 
8 3 535 537 0 
9 2 0 538 
6 2 539 538 
10 2 0 540 
9 3 0 541 540 
6 2 542 540 
10 2 0 543 
9 3 0 544 543 
6 2 545 543 
10 2 0 546 
9 3 0 547 546 
6 2 548 546 
10 2 0 549 
9 3 0 550 549 
6 2 551 549 
10 2 0 552 
9 3 0 553 552 
6 2 554 552 
10 2 0 555 
9 3 0 556 555 
6 2 557 555 
10 2 0 558 
9 3 0 559 558 
6 2 560 558 
10 2 0 561 
9 3 0 562 561 
6 2 563 561 
10 2 0 564 
9 3 0 565 564 
6 2 566 564 
10 2 0 567 
11 10 541 544 547 550 553 556 559 562 565 568 
1 0 
1 0 
1 0 
1 0 
1 0 
1 0 
1 0 
1 0 
1 0 
1 0 
1 0 
2 2 0 570 
3 1 581 
4 2 0 580 
3 1 583 
5 3 0 571 582 
6 2 585 582 
7 3 0 579 584 
6 2 587 584 
5 3 0 572 586 
6 2 589 586 
7 3 0 578 588 
6 2 591 588 
5 3 0 573 590 
6 2 593 590 
7 3 0 577 592 
6 2 595 592 
5 3 0 574 594 
6 2 597 594 
7 3 0 576 596 
6 2 599 596 
5 3 0 575 598 
6 2 601 598 
7 3 0 575 600 
6 2 603 600 
5 3 0 576 602 
6 2 605 602 
7 3 0 574 604 
6 2 607 604 
5 3 0 577 606 
6 2 609 606 
7 3 0 573 608 
6 2 611 608 
5 3 0 578 610 
6 2 613 610 
7 3 0 572 612 
6 2 615 612 
5 3 0 579 614 
6 2 617 614 
7 3 0 571 616 
6 2 619 616 
5 3 0 580 618 
6 2 621 618 
7 3 0 570 620 
6 2 623 620 
8 3 622 624 0 
9 2 0 625 
6 2 626 625 
10 2 0 627 
9 3 0 628 627 
6 2 629 627 
10 2 0 630 
9 3 0 631 630 
6 2 632 630 
10 2 0 633 
9 3 0 634 633 
6 2 635 633 
10 2 0 636 
9 3 0 637 636 
6 2 638 636 
10 2 0 639 
9 3 0 640 639 
6 2 641 639 
10 2 0 642 
9 3 0 643 642 
6 2 644 642 
10 2 0 645 
9 3 0 646 645 
6 2 647 645 
10 2 0 648 
9 3 0 649 648 
6 2 650 648 
10 2 0 651 
9 3 0 652 651 
6 2 653 651 
10 2 0 654 
11 10 628 631 634 637 640 643 646 649 652 655 
1 0 
1 0 
1 0 
1 0 
1 0 
1 0 
1 0 
1 0 
1 0 
1 0 
1 0 
1 0 
1 0 
1 0 
2 2 0 657 
3 1 671 
4 2 0 670 
3 1 673 
5 3 0 658 672 
6 2 675 672 
7 3 0 669 674 
6 2 677 674 
5 3 0 659 676 
6 2 679 676 
7 3 0 668 678 
6 2 681 678 
5 3 0 660 680 
6 2 683 680 
7 3 0 667 682 
6 2 685 682 
5 3 0 661 684 
6 2 687 684 
7 3 0 666 686 
6 2 689 686 
5 3 0 662 688 
6 2 691 688 
7 3 0 665 690 
6 2 693 690 
5 3 0 663 692 
6 2 695 692 
7 3 0 664 694 
6 2 697 694 
5 3 0 664 696 
6 2 699 696 
7 3 0 663 698 
6 2 701 698 
5 3 0 665 700 
6 2 703 700 
7 3 0 662 702 
6 2 705 702 
5 3 0 666 704 
6 2 707 704 
7 3 0 661 706 
6 2 709 706 
5 3 0 667 708 
6 2 711 708 
7 3 0 660 710 
6 2 713 710 
5 3 0 668 712 
6 2 715 712 
7 3 0 659 714 
6 2 717 714 
5 3 0 669 716 
6 2 719 716 
7 3 0 658 718 
6 2 721 718 
5 3 0 670 720 
6 2 723 720 
7 3 0 657 722 
6 2 725 722 
8 3 724 726 0 
9 2 0 727 
6 2 728 727 
10 2 0 729 
9 3 0 730 729 
6 2 731 729 
10 2 0 732 
9 3 0 733 732 
6 2 734 732 
10 2 0 735 
9 3 0 736 735 
6 2 737 735 
10 2 0 738 
9 3 0 739 738 
6 2 740 738 
10 2 0 741 
9 3 0 742 741 
6 2 743 741 
10 2 0 744 
9 3 0 745 744 
6 2 746 744 
10 2 0 747 
9 3 0 748 747 
6 2 749 747 
10 2 0 750 
9 3 0 751 750 
6 2 752 750 
10 2 0 753 
9 3 0 754 753 
6 2 755 753 
10 2 0 756 
9 3 0 757 756 
6 2 758 756 
10 2 0 759 
9 3 0 760 759 
6 2 761 759 
10 2 0 762 
9 3 0 763 762 
6 2 764 762 
10 2 0 765 
11 13 730 733 736 739 742 745 748 751 754 757 760 763 766 
1 0 
1 0 
1 0 
1 0 
1 0 
1 0 
1 0 
1 0 
1 0 
1 0 
1 0 
1 0 
1 0 
2 2 0 768 
3 1 781 
4 2 0 780 
3 1 783 
5 3 0 769 782 
6 2 785 782 
7 3 0 779 784 
6 2 787 784 
5 3 0 770 786 
6 2 789 786 
7 3 0 778 788 
6 2 791 788 
5 3 0 771 790 
6 2 793 790 
7 3 0 777 792 
6 2 795 792 
5 3 0 772 794 
6 2 797 794 
7 3 0 776 796 
6 2 799 796 
5 3 0 773 798 
6 2 801 798 
7 3 0 775 800 
6 2 803 800 
5 3 0 774 802 
6 2 805 802 
7 3 0 774 804 
6 2 807 804 
5 3 0 775 806 
6 2 809 806 
7 3 0 773 808 
6 2 811 808 
5 3 0 776 810 
6 2 813 810 
7 3 0 772 812 
6 2 815 812 
5 3 0 777 814 
6 2 817 814 
7 3 0 771 816 
6 2 819 816 
5 3 0 778 818 
6 2 821 818 
7 3 0 770 820 
6 2 823 820 
5 3 0 779 822 
6 2 825 822 
7 3 0 769 824 
6 2 827 824 
5 3 0 780 826 
6 2 829 826 
7 3 0 768 828 
6 2 831 828 
8 3 830 832 0 
9 2 0 833 
6 2 834 833 
10 2 0 835 
9 3 0 836 835 
6 2 837 835 
10 2 0 838 
9 3 0 839 838 
6 2 840 838 
10 2 0 841 
9 3 0 842 841 
6 2 843 841 
10 2 0 844 
9 3 0 845 844 
6 2 846 844 
10 2 0 847 
9 3 0 848 847 
6 2 849 847 
10 2 0 850 
9 3 0 851 850 
6 2 852 850 
10 2 0 853 
9 3 0 854 853 
6 2 855 853 
10 2 0 856 
9 3 0 857 856 
6 2 858 856 
10 2 0 859 
9 3 0 860 859 
6 2 861 859 
10 2 0 862 
9 3 0 863 862 
6 2 864 862 
10 2 0 865 
9 3 0 866 865 
6 2 867 865 
10 2 0 868 
11 12 836 839 842 845 848 851 854 857 860 863 866 869 
1 0 
1 0 
1 0 
1 0 
1 0 
1 0 
1 0 
1 0 
1 0 
1 0 
1 0 
1 0 
1 0 
1 0 
1 0 
1 0 
1 0 
1 0 
1 0 
1 0 
1 0 
2 2 0 871 
3 1 892 
4 2 0 891 
3 1 894 
5 3 0 872 893 
6 2 896 893 
7 3 0 890 895 
6 2 898 895 
5 3 0 873 897 
6 2 900 897 
7 3 0 889 899 
6 2 902 899 
5 3 0 874 901 
6 2 904 901 
7 3 0 888 903 
6 2 906 903 
5 3 0 875 905 
6 2 908 905 
7 3 0 887 907 
6 2 910 907 
5 3 0 876 909 
6 2 912 909 
7 3 0 886 911 
6 2 914 911 
5 3 0 877 913 
6 2 916 913 
7 3 0 885 915 
6 2 918 915 
5 3 0 878 917 
6 2 920 917 
7 3 0 884 919 
6 2 922 919 
5 3 0 879 921 
6 2 924 921 
7 3 0 883 923 
6 2 926 923 
5 3 0 880 925 
6 2 928 925 
7 3 0 882 927 
6 2 930 927 
5 3 0 881 929 
6 2 932 929 
7 3 0 881 931 
6 2 934 931 
5 3 0 882 933 
6 2 936 933 
7 3 0 880 935 
6 2 938 935 
5 3 0 883 937 
6 2 940 937 
7 3 0 879 939 
6 2 942 939 
5 3 0 884 941 
6 2 944 941 
7 3 0 878 943 
6 2 946 943 
5 3 0 885 945 
6 2 948 945 
7 3 0 877 947 
6 2 950 947 
5 3 0 886 949 
6 2 952 949 
7 3 0 876 951 
6 2 954 951 
5 3 0 887 953 
6 2 956 953 
7 3 0 875 955 
6 2 958 955 
5 3 0 888 957 
6 2 960 957 
7 3 0 874 959 
6 2 962 959 
5 3 0 889 961 
6 2 964 961 
7 3 0 873 963 
6 2 966 963 
5 3 0 890 965 
6 2 968 965 
7 3 0 872 967 
6 2 970 967 
5 3 0 891 969 
6 2 972 969 
7 3 0 871 971 
6 2 974 971 
8 3 973 975 0 
9 2 0 976 
6 2 977 976 
10 2 0 978 
9 3 0 979 978 
6 2 980 978 
10 2 0 981 
9 3 0 982 981 
6 2 983 981 
10 2 0 984 
9 3 0 985 984 
6 2 986 984 
10 2 0 987 
9 3 0 988 987 
6 2 989 987 
10 2 0 990 
9 3 0 991 990 
6 2 992 990 
10 2 0 993 
9 3 0 994 993 
6 2 995 993 
10 2 0 996 
9 3 0 997 996 
6 2 998 996 
10 2 0 999 
9 3 0 1000 999 
6 2 1001 999 
10 2 0 1002 
9 3 0 1003 1002 
6 2 1004 1002 
10 2 0 1005 
9 3 0 1006 1005 
6 2 1007 1005 
10 2 0 1008 
9 3 0 1009 1008 
6 2 1010 1008 
10 2 0 1011 
9 3 0 1012 1011 
6 2 1013 1011 
10 2 0 1014 
9 3 0 1015 1014 
6 2 1016 1014 
10 2 0 1017 
9 3 0 1018 1017 
6 2 1019 1017 
10 2 0 1020 
9 3 0 1021 1020 
6 2 1022 1020 
10 2 0 1023 
9 3 0 1024 1023 
6 2 1025 1023 
10 2 0 1026 
9 3 0 1027 1026 
6 2 1028 1026 
10 2 0 1029 
9 3 0 1030 1029 
6 2 1031 1029 
10 2 0 1032 
9 3 0 1033 1032 
6 2 1034 1032 
10 2 0 1035 
11 20 979 982 985 988 991 994 997 1000 1003 1006 1009 1012 1015 1018 1021 1024 1027 1030 1033 1036 
1 0 
1 0 
1 0 
1 0 
1 0 
1 0 
1 0 
2 2 0 1038 
3 1 1045 
4 2 0 1044 
3 1 1047 
5 3 0 1039 1046 
6 2 1049 1046 
7 3 0 1043 1048 
6 2 1051 1048 
5 3 0 1040 1050 
6 2 1053 1050 
7 3 0 1042 1052 
6 2 1055 1052 
5 3 0 1041 1054 
6 2 1057 1054 
7 3 0 1041 1056 
6 2 1059 1056 
5 3 0 1042 1058 
6 2 1061 1058 
7 3 0 1040 1060 
6 2 1063 1060 
5 3 0 1043 1062 
6 2 1065 1062 
7 3 0 1039 1064 
6 2 1067 1064 
5 3 0 1044 1066 
6 2 1069 1066 
7 3 0 1038 1068 
6 2 1071 1068 
8 3 1070 1072 0 
9 2 0 1073 
6 2 1074 1073 
10 2 0 1075 
9 3 0 1076 1075 
6 2 1077 1075 
10 2 0 1078 
9 3 0 1079 1078 
6 2 1080 1078 
10 2 0 1081 
9 3 0 1082 1081 
6 2 1083 1081 
10 2 0 1084 
9 3 0 1085 1084 
6 2 1086 1084 
10 2 0 1087 
9 3 0 1088 1087 
6 2 1089 1087 
10 2 0 1090 
11 6 1076 1079 1082 1085 1088 1091 
1 0 
1 0 
1 0 
1 0 
1 0 
1 0 
1 0 
2 2 0 1093 
3 1 1100 
4 2 0 1099 
3 1 1102 
5 3 0 1094 1101 
6 2 1104 1101 
7 3 0 1098 1103 
6 2 1106 1103 
5 3 0 1095 1105 
6 2 1108 1105 
7 3 0 1097 1107 
6 2 1110 1107 
5 3 0 1096 1109 
6 2 1112 1109 
7 3 0 1096 1111 
6 2 1114 1111 
5 3 0 1097 1113 
6 2 1116 1113 
7 3 0 1095 1115 
6 2 1118 1115 
5 3 0 1098 1117 
6 2 1120 1117 
7 3 0 1094 1119 
6 2 1122 1119 
5 3 0 1099 1121 
6 2 1124 1121 
7 3 0 1093 1123 
6 2 1126 1123 
8 3 1125 1127 0 
9 2 0 1128 
6 2 1129 1128 
10 2 0 1130 
9 3 0 1131 1130 
6 2 1132 1130 
10 2 0 1133 
9 3 0 1134 1133 
6 2 1135 1133 
10 2 0 1136 
9 3 0 1137 1136 
6 2 1138 1136 
10 2 0 1139 
9 3 0 1140 1139 
6 2 1141 1139 
10 2 0 1142 
9 3 0 1143 1142 
6 2 1144 1142 
10 2 0 1145 
11 6 1131 1134 1137 1140 1143 1146 
1 0 
1 0 
1 0 
1 0 
1 0 
1 0 
1 0 
1 0 
1 0 
1 0 
1 0 
1 0 
1 0 
1 0 
1 0 
1 0 
1 0 
1 0 
1 0 
1 0 
1 0 
1 0 
1 0 
2 2 0 1148 
3 1 1171 
4 2 0 1170 
3 1 1173 
5 3 0 1149 1172 
6 2 1175 1172 
7 3 0 1169 1174 
6 2 1177 1174 
5 3 0 1150 1176 
6 2 1179 1176 
7 3 0 1168 1178 
6 2 1181 1178 
5 3 0 1151 1180 
6 2 1183 1180 
7 3 0 1167 1182 
6 2 1185 1182 
5 3 0 1152 1184 
6 2 1187 1184 
7 3 0 1166 1186 
6 2 1189 1186 
5 3 0 1153 1188 
6 2 1191 1188 
7 3 0 1165 1190 
6 2 1193 1190 
5 3 0 1154 1192 
6 2 1195 1192 
7 3 0 1164 1194 
6 2 1197 1194 
5 3 0 1155 1196 
6 2 1199 1196 
7 3 0 1163 1198 
6 2 1201 1198 
5 3 0 1156 1200 
6 2 1203 1200 
7 3 0 1162 1202 
6 2 1205 1202 
5 3 0 1157 1204 
6 2 1207 1204 
7 3 0 1161 1206 
6 2 1209 1206 
5 3 0 1158 1208 
6 2 1211 1208 
7 3 0 1160 1210 
6 2 1213 1210 
5 3 0 1159 1212 
6 2 1215 1212 
7 3 0 1159 1214 
6 2 1217 1214 
5 3 0 1160 1216 
6 2 1219 1216 
7 3 0 1158 1218 
6 2 1221 1218 
5 3 0 1161 1220 
6 2 1223 1220 
7 3 0 1157 1222 
6 2 1225 1222 
5 3 0 1162 1224 
6 2 1227 1224 
7 3 0 1156 1226 
6 2 1229 1226 
5 3 0 1163 1228 
6 2 1231 1228 
7 3 0 1155 1230 
6 2 1233 1230 
5 3 0 1164 1232 
6 2 1235 1232 
7 3 0 1154 1234 
6 2 1237 1234 
5 3 0 1165 1236 
6 2 1239 1236 
7 3 0 1153 1238 
6 2 1241 1238 
5 3 0 1166 1240 
6 2 1243 1240 
7 3 0 1152 1242 
6 2 1245 1242 
5 3 0 1167 1244 
6 2 1247 1244 
7 3 0 1151 1246 
6 2 1249 1246 
5 3 0 1168 1248 
6 2 1251 1248 
7 3 0 1150 1250 
6 2 1253 1250 
5 3 0 1169 1252 
6 2 1255 1252 
7 3 0 1149 1254 
6 2 1257 1254 
5 3 0 1170 1256 
6 2 1259 1256 
7 3 0 1148 1258 
6 2 1261 1258 
8 3 1260 1262 0 
9 2 0 1263 
6 2 1264 1263 
10 2 0 1265 
9 3 0 1266 1265 
6 2 1267 1265 
10 2 0 1268 
9 3 0 1269 1268 
6 2 1270 1268 
10 2 0 1271 
9 3 0 1272 1271 
6 2 1273 1271 
10 2 0 1274 
9 3 0 1275 1274 
6 2 1276 1274 
10 2 0 1277 
9 3 0 1278 1277 
6 2 1279 1277 
10 2 0 1280 
9 3 0 1281 1280 
6 2 1282 1280 
10 2 0 1283 
9 3 0 1284 1283 
6 2 1285 1283 
10 2 0 1286 
9 3 0 1287 1286 
6 2 1288 1286 
10 2 0 1289 
9 3 0 1290 1289 
6 2 1291 1289 
10 2 0 1292 
9 3 0 1293 1292 
6 2 1294 1292 
10 2 0 1295 
9 3 0 1296 1295 
6 2 1297 1295 
10 2 0 1298 
9 3 0 1299 1298 
6 2 1300 1298 
10 2 0 1301 
9 3 0 1302 1301 
6 2 1303 1301 
10 2 0 1304 
9 3 0 1305 1304 
6 2 1306 1304 
10 2 0 1307 
9 3 0 1308 1307 
6 2 1309 1307 
10 2 0 1310 
9 3 0 1311 1310 
6 2 1312 1310 
10 2 0 1313 
9 3 0 1314 1313 
6 2 1315 1313 
10 2 0 1316 
9 3 0 1317 1316 
6 2 1318 1316 
10 2 0 1319 
9 3 0 1320 1319 
6 2 1321 1319 
10 2 0 1322 
9 3 0 1323 1322 
6 2 1324 1322 
10 2 0 1325 
9 3 0 1326 1325 
6 2 1327 1325 
10 2 0 1328 
11 22 1266 1269 1272 1275 1278 1281 1284 1287 1290 1293 1296 1299 1302 1305 1308 1311 1314 1317 1320 1323 1326 1329 
1 0 
1 0 
1 0 
1 0 
1 0 
1 0 
1 0 
1 0 
1 0 
2 2 0 1331 
3 1 1340 
4 2 0 1339 
3 1 1342 
5 3 0 1332 1341 
6 2 1344 1341 
7 3 0 1338 1343 
6 2 1346 1343 
5 3 0 1333 1345 
6 2 1348 1345 
7 3 0 1337 1347 
6 2 1350 1347 
5 3 0 1334 1349 
6 2 1352 1349 
7 3 0 1336 1351 
6 2 1354 1351 
5 3 0 1335 1353 
6 2 1356 1353 
7 3 0 1335 1355 
6 2 1358 1355 
5 3 0 1336 1357 
6 2 1360 1357 
7 3 0 1334 1359 
6 2 1362 1359 
5 3 0 1337 1361 
6 2 1364 1361 
7 3 0 1333 1363 
6 2 1366 1363 
5 3 0 1338 1365 
6 2 1368 1365 
7 3 0 1332 1367 
6 2 1370 1367 
5 3 0 1339 1369 
6 2 1372 1369 
7 3 0 1331 1371 
6 2 1374 1371 
8 3 1373 1375 0 
9 2 0 1376 
6 2 1377 1376 
10 2 0 1378 
9 3 0 1379 1378 
6 2 1380 1378 
10 2 0 1381 
9 3 0 1382 1381 
6 2 1383 1381 
10 2 0 1384 
9 3 0 1385 1384 
6 2 1386 1384 
10 2 0 1387 
9 3 0 1388 1387 
6 2 1389 1387 
10 2 0 1390 
9 3 0 1391 1390 
6 2 1392 1390 
10 2 0 1393 
9 3 0 1394 1393 
6 2 1395 1393 
10 2 0 1396 
9 3 0 1397 1396 
6 2 1398 1396 
10 2 0 1399 
11 8 1379 1382 1385 1388 1391 1394 1397 1400 
1 0 
1 0 
1 0 
1 0 
1 0 
1 0 
1 0 
2 2 0 1402 
3 1 1409 
4 2 0 1408 
3 1 1411 
5 3 0 1403 1410 
6 2 1413 1410 
7 3 0 1407 1412 
6 2 1415 1412 
5 3 0 1404 1414 
6 2 1417 1414 
7 3 0 1406 1416 
6 2 1419 1416 
5 3 0 1405 1418 
6 2 1421 1418 
7 3 0 1405 1420 
6 2 1423 1420 
5 3 0 1406 1422 
6 2 1425 1422 
7 3 0 1404 1424 
6 2 1427 1424 
5 3 0 1407 1426 
6 2 1429 1426 
7 3 0 1403 1428 
6 2 1431 1428 
5 3 0 1408 1430 
6 2 1433 1430 
7 3 0 1402 1432 
6 2 1435 1432 
8 3 1434 1436 0 
9 2 0 1437 
6 2 1438 1437 
10 2 0 1439 
9 3 0 1440 1439 
6 2 1441 1439 
10 2 0 1442 
9 3 0 1443 1442 
6 2 1444 1442 
10 2 0 1445 
9 3 0 1446 1445 
6 2 1447 1445 
10 2 0 1448 
9 3 0 1449 1448 
6 2 1450 1448 
10 2 0 1451 
9 3 0 1452 1451 
6 2 1453 1451 
10 2 0 1454 
11 6 1440 1443 1446 1449 1452 1455 
1 0 
1 0 
1 0 
1 0 
1 0 
1 0 
1 0 
1 0 
1 0 
2 2 0 1457 
3 1 1466 
4 2 0 1465 
3 1 1468 
5 3 0 1458 1467 
6 2 1470 1467 
7 3 0 1464 1469 
6 2 1472 1469 
5 3 0 1459 1471 
6 2 1474 1471 
7 3 0 1463 1473 
6 2 1476 1473 
5 3 0 1460 1475 
6 2 1478 1475 
7 3 0 1462 1477 
6 2 1480 1477 
5 3 0 1461 1479 
6 2 1482 1479 
7 3 0 1461 1481 
6 2 1484 1481 
5 3 0 1462 1483 
6 2 1486 1483 
7 3 0 1460 1485 
6 2 1488 1485 
5 3 0 1463 1487 
6 2 1490 1487 
7 3 0 1459 1489 
6 2 1492 1489 
5 3 0 1464 1491 
6 2 1494 1491 
7 3 0 1458 1493 
6 2 1496 1493 
5 3 0 1465 1495 
6 2 1498 1495 
7 3 0 1457 1497 
6 2 1500 1497 
8 3 1499 1501 0 
9 2 0 1502 
6 2 1503 1502 
10 2 0 1504 
9 3 0 1505 1504 
6 2 1506 1504 
10 2 0 1507 
9 3 0 1508 1507 
6 2 1509 1507 
10 2 0 1510 
9 3 0 1511 1510 
6 2 1512 1510 
10 2 0 1513 
9 3 0 1514 1513 
6 2 1515 1513 
10 2 0 1516 
9 3 0 1517 1516 
6 2 1518 1516 
10 2 0 1519 
9 3 0 1520 1519 
6 2 1521 1519 
10 2 0 1522 
9 3 0 1523 1522 
6 2 1524 1522 
10 2 0 1525 
11 8 1505 1508 1511 1514 1517 1520 1523 1526 
1 0 
1 0 
1 0 
1 0 
1 0 
1 0 
1 0 
1 0 
1 0 
2 2 0 1528 
3 1 1537 
4 2 0 1536 
3 1 1539 
5 3 0 1529 1538 
6 2 1541 1538 
7 3 0 1535 1540 
6 2 1543 1540 
5 3 0 1530 1542 
6 2 1545 1542 
7 3 0 1534 1544 
6 2 1547 1544 
5 3 0 1531 1546 
6 2 1549 1546 
7 3 0 1533 1548 
6 2 1551 1548 
5 3 0 1532 1550 
6 2 1553 1550 
7 3 0 1532 1552 
6 2 1555 1552 
5 3 0 1533 1554 
6 2 1557 1554 
7 3 0 1531 1556 
6 2 1559 1556 
5 3 0 1534 1558 
6 2 1561 1558 
7 3 0 1530 1560 
6 2 1563 1560 
5 3 0 1535 1562 
6 2 1565 1562 
7 3 0 1529 1564 
6 2 1567 1564 
5 3 0 1536 1566 
6 2 1569 1566 
7 3 0 1528 1568 
6 2 1571 1568 
8 3 1570 1572 0 
9 2 0 1573 
6 2 1574 1573 
10 2 0 1575 
9 3 0 1576 1575 
6 2 1577 1575 
10 2 0 1578 
9 3 0 1579 1578 
6 2 1580 1578 
10 2 0 1581 
9 3 0 1582 1581 
6 2 1583 1581 
10 2 0 1584 
9 3 0 1585 1584 
6 2 1586 1584 
10 2 0 1587 
9 3 0 1588 1587 
6 2 1589 1587 
10 2 0 1590 
9 3 0 1591 1590 
6 2 1592 1590 
10 2 0 1593 
9 3 0 1594 1593 
6 2 1595 1593 
10 2 0 1596 
11 8 1576 1579 1582 1585 1588 1591 1594 1597 
1 0 
1 0 
1 0 
1 0 
1 0 
1 0 
1 0 
1 0 
1 0 
2 2 0 1599 
3 1 1608 
4 2 0 1607 
3 1 1610 
5 3 0 1600 1609 
6 2 1612 1609 
7 3 0 1606 1611 
6 2 1614 1611 
5 3 0 1601 1613 
6 2 1616 1613 
7 3 0 1605 1615 
6 2 1618 1615 
5 3 0 1602 1617 
6 2 1620 1617 
7 3 0 1604 1619 
6 2 1622 1619 
5 3 0 1603 1621 
6 2 1624 1621 
7 3 0 1603 1623 
6 2 1626 1623 
5 3 0 1604 1625 
6 2 1628 1625 
7 3 0 1602 1627 
6 2 1630 1627 
5 3 0 1605 1629 
6 2 1632 1629 
7 3 0 1601 1631 
6 2 1634 1631 
5 3 0 1606 1633 
6 2 1636 1633 
7 3 0 1600 1635 
6 2 1638 1635 
5 3 0 1607 1637 
6 2 1640 1637 
7 3 0 1599 1639 
6 2 1642 1639 
8 3 1641 1643 0 
9 2 0 1644 
6 2 1645 1644 
10 2 0 1646 
9 3 0 1647 1646 
6 2 1648 1646 
10 2 0 1649 
9 3 0 1650 1649 
6 2 1651 1649 
10 2 0 1652 
9 3 0 1653 1652 
6 2 1654 1652 
10 2 0 1655 
9 3 0 1656 1655 
6 2 1657 1655 
10 2 0 1658 
9 3 0 1659 1658 
6 2 1660 1658 
10 2 0 1661 
9 3 0 1662 1661 
6 2 1663 1661 
10 2 0 1664 
9 3 0 1665 1664 
6 2 1666 1664 
10 2 0 1667 
11 8 1647 1650 1653 1656 1659 1662 1665 1668 
1 0 
1 0 
1 0 
1 0 
2 2 0 1670 
3 1 1674 
4 2 0 1673 
3 1 1676 
5 3 0 1671 1675 
6 2 1678 1675 
7 3 0 1672 1677 
6 2 1680 1677 
5 3 0 1672 1679 
6 2 1682 1679 
7 3 0 1671 1681 
6 2 1684 1681 
5 3 0 1673 1683 
6 2 1686 1683 
7 3 0 1670 1685 
6 2 1688 1685 
8 3 1687 1689 0 
9 2 0 1690 
6 2 1691 1690 
10 2 0 1692 
9 3 0 1693 1692 
6 2 1694 1692 
10 2 0 1695 
9 3 0 1696 1695 
6 2 1697 1695 
10 2 0 1698 
11 3 1693 1696 1699 
1 0 
1 0 
1 0 
1 0 
1 0 
1 0 
1 0 
1 0 
1 0 
1 0 
1 0 
2 2 0 1701 
3 1 1712 
4 2 0 1711 
3 1 1714 
5 3 0 1702 1713 
6 2 1716 1713 
7 3 0 1710 1715 
6 2 1718 1715 
5 3 0 1703 1717 
6 2 1720 1717 
7 3 0 1709 1719 
6 2 1722 1719 
5 3 0 1704 1721 
6 2 1724 1721 
7 3 0 1708 1723 
6 2 1726 1723 
5 3 0 1705 1725 
6 2 1728 1725 
7 3 0 1707 1727 
6 2 1730 1727 
5 3 0 1706 1729 
6 2 1732 1729 
7 3 0 1706 1731 
6 2 1734 1731 
5 3 0 1707 1733 
6 2 1736 1733 
7 3 0 1705 1735 
6 2 1738 1735 
5 3 0 1708 1737 
6 2 1740 1737 
7 3 0 1704 1739 
6 2 1742 1739 
5 3 0 1709 1741 
6 2 1744 1741 
7 3 0 1703 1743 
6 2 1746 1743 
5 3 0 1710 1745 
6 2 1748 1745 
7 3 0 1702 1747 
6 2 1750 1747 
5 3 0 1711 1749 
6 2 1752 1749 
7 3 0 1701 1751 
6 2 1754 1751 
8 3 1753 1755 0 
9 2 0 1756 
6 2 1757 1756 
10 2 0 1758 
9 3 0 1759 1758 
6 2 1760 1758 
10 2 0 1761 
9 3 0 1762 1761 
6 2 1763 1761 
10 2 0 1764 
9 3 0 1765 1764 
6 2 1766 1764 
10 2 0 1767 
9 3 0 1768 1767 
6 2 1769 1767 
10 2 0 1770 
9 3 0 1771 1770 
6 2 1772 1770 
10 2 0 1773 
9 3 0 1774 1773 
6 2 1775 1773 
10 2 0 1776 
9 3 0 1777 1776 
6 2 1778 1776 
10 2 0 1779 
9 3 0 1780 1779 
6 2 1781 1779 
10 2 0 1782 
9 3 0 1783 1782 
6 2 1784 1782 
10 2 0 1785 
11 10 1759 1762 1765 1768 1771 1774 1777 1780 1783 1786 
1 0 
1 0 
1 0 
1 0 
1 0 
1 0 
1 0 
1 0 
1 0 
1 0 
1 0 
2 2 0 1788 
3 1 1799 
4 2 0 1798 
3 1 1801 
5 3 0 1789 1800 
6 2 1803 1800 
7 3 0 1797 1802 
6 2 1805 1802 
5 3 0 1790 1804 
6 2 1807 1804 
7 3 0 1796 1806 
6 2 1809 1806 
5 3 0 1791 1808 
6 2 1811 1808 
7 3 0 1795 1810 
6 2 1813 1810 
5 3 0 1792 1812 
6 2 1815 1812 
7 3 0 1794 1814 
6 2 1817 1814 
5 3 0 1793 1816 
6 2 1819 1816 
7 3 0 1793 1818 
6 2 1821 1818 
5 3 0 1794 1820 
6 2 1823 1820 
7 3 0 1792 1822 
6 2 1825 1822 
5 3 0 1795 1824 
6 2 1827 1824 
7 3 0 1791 1826 
6 2 1829 1826 
5 3 0 1796 1828 
6 2 1831 1828 
7 3 0 1790 1830 
6 2 1833 1830 
5 3 0 1797 1832 
6 2 1835 1832 
7 3 0 1789 1834 
6 2 1837 1834 
5 3 0 1798 1836 
6 2 1839 1836 
7 3 0 1788 1838 
6 2 1841 1838 
8 3 1840 1842 0 
9 2 0 1843 
6 2 1844 1843 
10 2 0 1845 
9 3 0 1846 1845 
6 2 1847 1845 
10 2 0 1848 
9 3 0 1849 1848 
6 2 1850 1848 
10 2 0 1851 
9 3 0 1852 1851 
6 2 1853 1851 
10 2 0 1854 
9 3 0 1855 1854 
6 2 1856 1854 
10 2 0 1857 
9 3 0 1858 1857 
6 2 1859 1857 
10 2 0 1860 
9 3 0 1861 1860 
6 2 1862 1860 
10 2 0 1863 
9 3 0 1864 1863 
6 2 1865 1863 
10 2 0 1866 
9 3 0 1867 1866 
6 2 1868 1866 
10 2 0 1869 
9 3 0 1870 1869 
6 2 1871 1869 
10 2 0 1872 
11 10 1846 1849 1852 1855 1858 1861 1864 1867 1870 1873 
1 0 
1 0 
1 0 
1 0 
1 0 
1 0 
1 0 
1 0 
1 0 
1 0 
1 0 
1 0 
1 0 
1 0 
2 2 0 1875 
3 1 1889 
4 2 0 1888 
3 1 1891 
5 3 0 1876 1890 
6 2 1893 1890 
7 3 0 1887 1892 
6 2 1895 1892 
5 3 0 1877 1894 
6 2 1897 1894 
7 3 0 1886 1896 
6 2 1899 1896 
5 3 0 1878 1898 
6 2 1901 1898 
7 3 0 1885 1900 
6 2 1903 1900 
5 3 0 1879 1902 
6 2 1905 1902 
7 3 0 1884 1904 
6 2 1907 1904 
5 3 0 1880 1906 
6 2 1909 1906 
7 3 0 1883 1908 
6 2 1911 1908 
5 3 0 1881 1910 
6 2 1913 1910 
7 3 0 1882 1912 
6 2 1915 1912 
5 3 0 1882 1914 
6 2 1917 1914 
7 3 0 1881 1916 
6 2 1919 1916 
5 3 0 1883 1918 
6 2 1921 1918 
7 3 0 1880 1920 
6 2 1923 1920 
5 3 0 1884 1922 
6 2 1925 1922 
7 3 0 1879 1924 
6 2 1927 1924 
5 3 0 1885 1926 
6 2 1929 1926 
7 3 0 1878 1928 
6 2 1931 1928 
5 3 0 1886 1930 
6 2 1933 1930 
7 3 0 1877 1932 
6 2 1935 1932 
5 3 0 1887 1934 
6 2 1937 1934 
7 3 0 1876 1936 
6 2 1939 1936 
5 3 0 1888 1938 
6 2 1941 1938 
7 3 0 1875 1940 
6 2 1943 1940 
8 3 1942 1944 0 
9 2 0 1945 
6 2 1946 1945 
10 2 0 1947 
9 3 0 1948 1947 
6 2 1949 1947 
10 2 0 1950 
9 3 0 1951 1950 
6 2 1952 1950 
10 2 0 1953 
9 3 0 1954 1953 
6 2 1955 1953 
10 2 0 1956 
9 3 0 1957 1956 
6 2 1958 1956 
10 2 0 1959 
9 3 0 1960 1959 
6 2 1961 1959 
10 2 0 1962 
9 3 0 1963 1962 
6 2 1964 1962 
10 2 0 1965 
9 3 0 1966 1965 
6 2 1967 1965 
10 2 0 1968 
9 3 0 1969 1968 
6 2 1970 1968 
10 2 0 1971 
9 3 0 1972 1971 
6 2 1973 1971 
10 2 0 1974 
9 3 0 1975 1974 
6 2 1976 1974 
10 2 0 1977 
9 3 0 1978 1977 
6 2 1979 1977 
10 2 0 1980 
9 3 0 1981 1980 
6 2 1982 1980 
10 2 0 1983 
11 13 1948 1951 1954 1957 1960 1963 1966 1969 1972 1975 1978 1981 1984 
1 0 
1 0 
1 0 
1 0 
1 0 
1 0 
1 0 
1 0 
1 0 
1 0 
1 0 
1 0 
1 0 
2 2 0 1986 
3 1 1999 
4 2 0 1998 
3 1 2001 
5 3 0 1987 2000 
6 2 2003 2000 
7 3 0 1997 2002 
6 2 2005 2002 
5 3 0 1988 2004 
6 2 2007 2004 
7 3 0 1996 2006 
6 2 2009 2006 
5 3 0 1989 2008 
6 2 2011 2008 
7 3 0 1995 2010 
6 2 2013 2010 
5 3 0 1990 2012 
6 2 2015 2012 
7 3 0 1994 2014 
6 2 2017 2014 
5 3 0 1991 2016 
6 2 2019 2016 
7 3 0 1993 2018 
6 2 2021 2018 
5 3 0 1992 2020 
6 2 2023 2020 
7 3 0 1992 2022 
6 2 2025 2022 
5 3 0 1993 2024 
6 2 2027 2024 
7 3 0 1991 2026 
6 2 2029 2026 
5 3 0 1994 2028 
6 2 2031 2028 
7 3 0 1990 2030 
6 2 2033 2030 
5 3 0 1995 2032 
6 2 2035 2032 
7 3 0 1989 2034 
6 2 2037 2034 
5 3 0 1996 2036 
6 2 2039 2036 
7 3 0 1988 2038 
6 2 2041 2038 
5 3 0 1997 2040 
6 2 2043 2040 
7 3 0 1987 2042 
6 2 2045 2042 
5 3 0 1998 2044 
6 2 2047 2044 
7 3 0 1986 2046 
6 2 2049 2046 
8 3 2048 2050 0 
9 2 0 2051 
6 2 2052 2051 
10 2 0 2053 
9 3 0 2054 2053 
6 2 2055 2053 
10 2 0 2056 
9 3 0 2057 2056 
6 2 2058 2056 
10 2 0 2059 
9 3 0 2060 2059 
6 2 2061 2059 
10 2 0 2062 
9 3 0 2063 2062 
6 2 2064 2062 
10 2 0 2065 
9 3 0 2066 2065 
6 2 2067 2065 
10 2 0 2068 
9 3 0 2069 2068 
6 2 2070 2068 
10 2 0 2071 
9 3 0 2072 2071 
6 2 2073 2071 
10 2 0 2074 
9 3 0 2075 2074 
6 2 2076 2074 
10 2 0 2077 
9 3 0 2078 2077 
6 2 2079 2077 
10 2 0 2080 
9 3 0 2081 2080 
6 2 2082 2080 
10 2 0 2083 
9 3 0 2084 2083 
6 2 2085 2083 
10 2 0 2086 
11 12 2054 2057 2060 2063 2066 2069 2072 2075 2078 2081 2084 2087 
1 0 
1 0 
1 0 
1 0 
1 0 
1 0 
1 0 
1 0 
1 0 
1 0 
1 0 
2 2 0 2089 
3 1 2100 
4 2 0 2099 
3 1 2102 
5 3 0 2090 2101 
6 2 2104 2101 
7 3 0 2098 2103 
6 2 2106 2103 
5 3 0 2091 2105 
6 2 2108 2105 
7 3 0 2097 2107 
6 2 2110 2107 
5 3 0 2092 2109 
6 2 2112 2109 
7 3 0 2096 2111 
6 2 2114 2111 
5 3 0 2093 2113 
6 2 2116 2113 
7 3 0 2095 2115 
6 2 2118 2115 
5 3 0 2094 2117 
6 2 2120 2117 
7 3 0 2094 2119 
6 2 2122 2119 
5 3 0 2095 2121 
6 2 2124 2121 
7 3 0 2093 2123 
6 2 2126 2123 
5 3 0 2096 2125 
6 2 2128 2125 
7 3 0 2092 2127 
6 2 2130 2127 
5 3 0 2097 2129 
6 2 2132 2129 
7 3 0 2091 2131 
6 2 2134 2131 
5 3 0 2098 2133 
6 2 2136 2133 
7 3 0 2090 2135 
6 2 2138 2135 
5 3 0 2099 2137 
6 2 2140 2137 
7 3 0 2089 2139 
6 2 2142 2139 
8 3 2141 2143 0 
9 2 0 2144 
6 2 2145 2144 
10 2 0 2146 
9 3 0 2147 2146 
6 2 2148 2146 
10 2 0 2149 
9 3 0 2150 2149 
6 2 2151 2149 
10 2 0 2152 
9 3 0 2153 2152 
6 2 2154 2152 
10 2 0 2155 
9 3 0 2156 2155 
6 2 2157 2155 
10 2 0 2158 
9 3 0 2159 2158 
6 2 2160 2158 
10 2 0 2161 
9 3 0 2162 2161 
6 2 2163 2161 
10 2 0 2164 
9 3 0 2165 2164 
6 2 2166 2164 
10 2 0 2167 
9 3 0 2168 2167 
6 2 2169 2167 
10 2 0 2170 
9 3 0 2171 2170 
6 2 2172 2170 
10 2 0 2173 
11 10 2147 2150 2153 2156 2159 2162 2165 2168 2171 2174 
1 0 
1 0 
1 0 
1 0 
1 0 
1 0 
1 0 
1 0 
1 0 
2 2 0 2176 
3 1 2185 
4 2 0 2184 
3 1 2187 
5 3 0 2177 2186 
6 2 2189 2186 
7 3 0 2183 2188 
6 2 2191 2188 
5 3 0 2178 2190 
6 2 2193 2190 
7 3 0 2182 2192 
6 2 2195 2192 
5 3 0 2179 2194 
6 2 2197 2194 
7 3 0 2181 2196 
6 2 2199 2196 
5 3 0 2180 2198 
6 2 2201 2198 
7 3 0 2180 2200 
6 2 2203 2200 
5 3 0 2181 2202 
6 2 2205 2202 
7 3 0 2179 2204 
6 2 2207 2204 
5 3 0 2182 2206 
6 2 2209 2206 
7 3 0 2178 2208 
6 2 2211 2208 
5 3 0 2183 2210 
6 2 2213 2210 
7 3 0 2177 2212 
6 2 2215 2212 
5 3 0 2184 2214 
6 2 2217 2214 
7 3 0 2176 2216 
6 2 2219 2216 
8 3 2218 2220 0 
9 2 0 2221 
6 2 2222 2221 
10 2 0 2223 
9 3 0 2224 2223 
6 2 2225 2223 
10 2 0 2226 
9 3 0 2227 2226 
6 2 2228 2226 
10 2 0 2229 
9 3 0 2230 2229 
6 2 2231 2229 
10 2 0 2232 
9 3 0 2233 2232 
6 2 2234 2232 
10 2 0 2235 
9 3 0 2236 2235 
6 2 2237 2235 
10 2 0 2238 
9 3 0 2239 2238 
6 2 2240 2238 
10 2 0 2241 
9 3 0 2242 2241 
6 2 2243 2241 
10 2 0 2244 
11 8 2224 2227 2230 2233 2236 2239 2242 2245 
1 0 
1 0 
1 0 
1 0 
1 0 
1 0 
1 0 
1 0 
1 0 
1 0 
1 0 
1 0 
2 2 0 2247 
3 1 2259 
4 2 0 2258 
3 1 2261 
5 3 0 2248 2260 
6 2 2263 2260 
7 3 0 2257 2262 
6 2 2265 2262 
5 3 0 2249 2264 
6 2 2267 2264 
7 3 0 2256 2266 
6 2 2269 2266 
5 3 0 2250 2268 
6 2 2271 2268 
7 3 0 2255 2270 
6 2 2273 2270 
5 3 0 2251 2272 
6 2 2275 2272 
7 3 0 2254 2274 
6 2 2277 2274 
5 3 0 2252 2276 
6 2 2279 2276 
7 3 0 2253 2278 
6 2 2281 2278 
5 3 0 2253 2280 
6 2 2283 2280 
7 3 0 2252 2282 
6 2 2285 2282 
5 3 0 2254 2284 
6 2 2287 2284 
7 3 0 2251 2286 
6 2 2289 2286 
5 3 0 2255 2288 
6 2 2291 2288 
7 3 0 2250 2290 
6 2 2293 2290 
5 3 0 2256 2292 
6 2 2295 2292 
7 3 0 2249 2294 
6 2 2297 2294 
5 3 0 2257 2296 
6 2 2299 2296 
7 3 0 2248 2298 
6 2 2301 2298 
5 3 0 2258 2300 
6 2 2303 2300 
7 3 0 2247 2302 
6 2 2305 2302 
8 3 2304 2306 0 
9 2 0 2307 
6 2 2308 2307 
10 2 0 2309 
9 3 0 2310 2309 
6 2 2311 2309 
10 2 0 2312 
9 3 0 2313 2312 
6 2 2314 2312 
10 2 0 2315 
9 3 0 2316 2315 
6 2 2317 2315 
10 2 0 2318 
9 3 0 2319 2318 
6 2 2320 2318 
10 2 0 2321 
9 3 0 2322 2321 
6 2 2323 2321 
10 2 0 2324 
9 3 0 2325 2324 
6 2 2326 2324 
10 2 0 2327 
9 3 0 2328 2327 
6 2 2329 2327 
10 2 0 2330 
9 3 0 2331 2330 
6 2 2332 2330 
10 2 0 2333 
9 3 0 2334 2333 
6 2 2335 2333 
10 2 0 2336 
9 3 0 2337 2336 
6 2 2338 2336 
10 2 0 2339 
11 11 2310 2313 2316 2319 2322 2325 2328 2331 2334 2337 2340 
1 0 
1 0 
1 0 
1 0 
1 0 
1 0 
1 0 
1 0 
2 2 0 2342 
3 1 2350 
4 2 0 2349 
3 1 2352 
5 3 0 2343 2351 
6 2 2354 2351 
7 3 0 2348 2353 
6 2 2356 2353 
5 3 0 2344 2355 
6 2 2358 2355 
7 3 0 2347 2357 
6 2 2360 2357 
5 3 0 2345 2359 
6 2 2362 2359 
7 3 0 2346 2361 
6 2 2364 2361 
5 3 0 2346 2363 
6 2 2366 2363 
7 3 0 2345 2365 
6 2 2368 2365 
5 3 0 2347 2367 
6 2 2370 2367 
7 3 0 2344 2369 
6 2 2372 2369 
5 3 0 2348 2371 
6 2 2374 2371 
7 3 0 2343 2373 
6 2 2376 2373 
5 3 0 2349 2375 
6 2 2378 2375 
7 3 0 2342 2377 
6 2 2380 2377 
8 3 2379 2381 0 
9 2 0 2382 
6 2 2383 2382 
10 2 0 2384 
9 3 0 2385 2384 
6 2 2386 2384 
10 2 0 2387 
9 3 0 2388 2387 
6 2 2389 2387 
10 2 0 2390 
9 3 0 2391 2390 
6 2 2392 2390 
10 2 0 2393 
9 3 0 2394 2393 
6 2 2395 2393 
10 2 0 2396 
9 3 0 2397 2396 
6 2 2398 2396 
10 2 0 2399 
9 3 0 2400 2399 
6 2 2401 2399 
10 2 0 2402 
11 7 2385 2388 2391 2394 2397 2400 2403 
1 0 
1 0 
1 0 
1 0 
1 0 
1 0 
1 0 
1 0 
1 0 
1 0 
2 2 0 2405 
3 1 2415 
4 2 0 2414 
3 1 2417 
5 3 0 2406 2416 
6 2 2419 2416 
7 3 0 2413 2418 
6 2 2421 2418 
5 3 0 2407 2420 
6 2 2423 2420 
7 3 0 2412 2422 
6 2 2425 2422 
5 3 0 2408 2424 
6 2 2427 2424 
7 3 0 2411 2426 
6 2 2429 2426 
5 3 0 2409 2428 
6 2 2431 2428 
7 3 0 2410 2430 
6 2 2433 2430 
5 3 0 2410 2432 
6 2 2435 2432 
7 3 0 2409 2434 
6 2 2437 2434 
5 3 0 2411 2436 
6 2 2439 2436 
7 3 0 2408 2438 
6 2 2441 2438 
5 3 0 2412 2440 
6 2 2443 2440 
7 3 0 2407 2442 
6 2 2445 2442 
5 3 0 2413 2444 
6 2 2447 2444 
7 3 0 2406 2446 
6 2 2449 2446 
5 3 0 2414 2448 
6 2 2451 2448 
7 3 0 2405 2450 
6 2 2453 2450 
8 3 2452 2454 0 
9 2 0 2455 
6 2 2456 2455 
10 2 0 2457 
9 3 0 2458 2457 
6 2 2459 2457 
10 2 0 2460 
9 3 0 2461 2460 
6 2 2462 2460 
10 2 0 2463 
9 3 0 2464 2463 
6 2 2465 2463 
10 2 0 2466 
9 3 0 2467 2466 
6 2 2468 2466 
10 2 0 2469 
9 3 0 2470 2469 
6 2 2471 2469 
10 2 0 2472 
9 3 0 2473 2472 
6 2 2474 2472 
10 2 0 2475 
9 3 0 2476 2475 
6 2 2477 2475 
10 2 0 2478 
9 3 0 2479 2478 
6 2 2480 2478 
10 2 0 2481 
11 9 2458 2461 2464 2467 2470 2473 2476 2479 2482 
1 0 
1 0 
1 0 
1 0 
1 0 
1 0 
1 0 
1 0 
1 0 
1 0 
1 0 
1 0 
1 0 
1 0 
2 2 0 2484 
3 1 2498 
4 2 0 2497 
3 1 2500 
5 3 0 2485 2499 
6 2 2502 2499 
7 3 0 2496 2501 
6 2 2504 2501 
5 3 0 2486 2503 
6 2 2506 2503 
7 3 0 2495 2505 
6 2 2508 2505 
5 3 0 2487 2507 
6 2 2510 2507 
7 3 0 2494 2509 
6 2 2512 2509 
5 3 0 2488 2511 
6 2 2514 2511 
7 3 0 2493 2513 
6 2 2516 2513 
5 3 0 2489 2515 
6 2 2518 2515 
7 3 0 2492 2517 
6 2 2520 2517 
5 3 0 2490 2519 
6 2 2522 2519 
7 3 0 2491 2521 
6 2 2524 2521 
5 3 0 2491 2523 
6 2 2526 2523 
7 3 0 2490 2525 
6 2 2528 2525 
5 3 0 2492 2527 
6 2 2530 2527 
7 3 0 2489 2529 
6 2 2532 2529 
5 3 0 2493 2531 
6 2 2534 2531 
7 3 0 2488 2533 
6 2 2536 2533 
5 3 0 2494 2535 
6 2 2538 2535 
7 3 0 2487 2537 
6 2 2540 2537 
5 3 0 2495 2539 
6 2 2542 2539 
7 3 0 2486 2541 
6 2 2544 2541 
5 3 0 2496 2543 
6 2 2546 2543 
7 3 0 2485 2545 
6 2 2548 2545 
5 3 0 2497 2547 
6 2 2550 2547 
7 3 0 2484 2549 
6 2 2552 2549 
8 3 2551 2553 0 
9 2 0 2554 
6 2 2555 2554 
10 2 0 2556 
9 3 0 2557 2556 
6 2 2558 2556 
10 2 0 2559 
9 3 0 2560 2559 
6 2 2561 2559 
10 2 0 2562 
9 3 0 2563 2562 
6 2 2564 2562 
10 2 0 2565 
9 3 0 2566 2565 
6 2 2567 2565 
10 2 0 2568 
9 3 0 2569 2568 
6 2 2570 2568 
10 2 0 2571 
9 3 0 2572 2571 
6 2 2573 2571 
10 2 0 2574 
9 3 0 2575 2574 
6 2 2576 2574 
10 2 0 2577 
9 3 0 2578 2577 
6 2 2579 2577 
10 2 0 2580 
9 3 0 2581 2580 
6 2 2582 2580 
10 2 0 2583 
9 3 0 2584 2583 
6 2 2585 2583 
10 2 0 2586 
9 3 0 2587 2586 
6 2 2588 2586 
10 2 0 2589 
9 3 0 2590 2589 
6 2 2591 2589 
10 2 0 2592 
11 13 2557 2560 2563 2566 2569 2572 2575 2578 2581 2584 2587 2590 2593 
1 0 
1 0 
1 0 
1 0 
1 0 
1 0 
1 0 
1 0 
1 0 
1 0 
1 0 
1 0 
1 0 
1 0 
1 0 
1 0 
1 0 
1 0 
1 0 
2 2 0 2595 
3 1 2614 
4 2 0 2613 
3 1 2616 
5 3 0 2596 2615 
6 2 2618 2615 
7 3 0 2612 2617 
6 2 2620 2617 
5 3 0 2597 2619 
6 2 2622 2619 
7 3 0 2611 2621 
6 2 2624 2621 
5 3 0 2598 2623 
6 2 2626 2623 
7 3 0 2610 2625 
6 2 2628 2625 
5 3 0 2599 2627 
6 2 2630 2627 
7 3 0 2609 2629 
6 2 2632 2629 
5 3 0 2600 2631 
6 2 2634 2631 
7 3 0 2608 2633 
6 2 2636 2633 
5 3 0 2601 2635 
6 2 2638 2635 
7 3 0 2607 2637 
6 2 2640 2637 
5 3 0 2602 2639 
6 2 2642 2639 
7 3 0 2606 2641 
6 2 2644 2641 
5 3 0 2603 2643 
6 2 2646 2643 
7 3 0 2605 2645 
6 2 2648 2645 
5 3 0 2604 2647 
6 2 2650 2647 
7 3 0 2604 2649 
6 2 2652 2649 
5 3 0 2605 2651 
6 2 2654 2651 
7 3 0 2603 2653 
6 2 2656 2653 
5 3 0 2606 2655 
6 2 2658 2655 
7 3 0 2602 2657 
6 2 2660 2657 
5 3 0 2607 2659 
6 2 2662 2659 
7 3 0 2601 2661 
6 2 2664 2661 
5 3 0 2608 2663 
6 2 2666 2663 
7 3 0 2600 2665 
6 2 2668 2665 
5 3 0 2609 2667 
6 2 2670 2667 
7 3 0 2599 2669 
6 2 2672 2669 
5 3 0 2610 2671 
6 2 2674 2671 
7 3 0 2598 2673 
6 2 2676 2673 
5 3 0 2611 2675 
6 2 2678 2675 
7 3 0 2597 2677 
6 2 2680 2677 
5 3 0 2612 2679 
6 2 2682 2679 
7 3 0 2596 2681 
6 2 2684 2681 
5 3 0 2613 2683 
6 2 2686 2683 
7 3 0 2595 2685 
6 2 2688 2685 
8 3 2687 2689 0 
9 2 0 2690 
6 2 2691 2690 
10 2 0 2692 
9 3 0 2693 2692 
6 2 2694 2692 
10 2 0 2695 
9 3 0 2696 2695 
6 2 2697 2695 
10 2 0 2698 
9 3 0 2699 2698 
6 2 2700 2698 
10 2 0 2701 
9 3 0 2702 2701 
6 2 2703 2701 
10 2 0 2704 
9 3 0 2705 2704 
6 2 2706 2704 
10 2 0 2707 
9 3 0 2708 2707 
6 2 2709 2707 
10 2 0 2710 
9 3 0 2711 2710 
6 2 2712 2710 
10 2 0 2713 
9 3 0 2714 2713 
6 2 2715 2713 
10 2 0 2716 
9 3 0 2717 2716 
6 2 2718 2716 
10 2 0 2719 
9 3 0 2720 2719 
6 2 2721 2719 
10 2 0 2722 
9 3 0 2723 2722 
6 2 2724 2722 
10 2 0 2725 
9 3 0 2726 2725 
6 2 2727 2725 
10 2 0 2728 
9 3 0 2729 2728 
6 2 2730 2728 
10 2 0 2731 
9 3 0 2732 2731 
6 2 2733 2731 
10 2 0 2734 
9 3 0 2735 2734 
6 2 2736 2734 
10 2 0 2737 
9 3 0 2738 2737 
6 2 2739 2737 
10 2 0 2740 
9 3 0 2741 2740 
6 2 2742 2740 
10 2 0 2743 
11 18 2693 2696 2699 2702 2705 2708 2711 2714 2717 2720 2723 2726 2729 2732 2735 2738 2741 2744 
1 0 
1 0 
1 0 
1 0 
1 0 
2 2 0 2746 
3 1 2751 
4 2 0 2750 
3 1 2753 
5 3 0 2747 2752 
6 2 2755 2752 
7 3 0 2749 2754 
6 2 2757 2754 
5 3 0 2748 2756 
6 2 2759 2756 
7 3 0 2748 2758 
6 2 2761 2758 
5 3 0 2749 2760 
6 2 2763 2760 
7 3 0 2747 2762 
6 2 2765 2762 
5 3 0 2750 2764 
6 2 2767 2764 
7 3 0 2746 2766 
6 2 2769 2766 
8 3 2768 2770 0 
9 2 0 2771 
6 2 2772 2771 
10 2 0 2773 
9 3 0 2774 2773 
6 2 2775 2773 
10 2 0 2776 
9 3 0 2777 2776 
6 2 2778 2776 
10 2 0 2779 
9 3 0 2780 2779 
6 2 2781 2779 
10 2 0 2782 
11 4 2774 2777 2780 2783 
1 0 
1 0 
1 0 
1 0 
1 0 
1 0 
1 0 
1 0 
1 0 
1 0 
2 2 0 2785 
3 1 2795 
4 2 0 2794 
3 1 2797 
5 3 0 2786 2796 
6 2 2799 2796 
7 3 0 2793 2798 
6 2 2801 2798 
5 3 0 2787 2800 
6 2 2803 2800 
7 3 0 2792 2802 
6 2 2805 2802 
5 3 0 2788 2804 
6 2 2807 2804 
7 3 0 2791 2806 
6 2 2809 2806 
5 3 0 2789 2808 
6 2 2811 2808 
7 3 0 2790 2810 
6 2 2813 2810 
5 3 0 2790 2812 
6 2 2815 2812 
7 3 0 2789 2814 
6 2 2817 2814 
5 3 0 2791 2816 
6 2 2819 2816 
7 3 0 2788 2818 
6 2 2821 2818 
5 3 0 2792 2820 
6 2 2823 2820 
7 3 0 2787 2822 
6 2 2825 2822 
5 3 0 2793 2824 
6 2 2827 2824 
7 3 0 2786 2826 
6 2 2829 2826 
5 3 0 2794 2828 
6 2 2831 2828 
7 3 0 2785 2830 
6 2 2833 2830 
8 3 2832 2834 0 
9 2 0 2835 
6 2 2836 2835 
10 2 0 2837 
9 3 0 2838 2837 
6 2 2839 2837 
10 2 0 2840 
9 3 0 2841 2840 
6 2 2842 2840 
10 2 0 2843 
9 3 0 2844 2843 
6 2 2845 2843 
10 2 0 2846 
9 3 0 2847 2846 
6 2 2848 2846 
10 2 0 2849 
9 3 0 2850 2849 
6 2 2851 2849 
10 2 0 2852 
9 3 0 2853 2852 
6 2 2854 2852 
10 2 0 2855 
9 3 0 2856 2855 
6 2 2857 2855 
10 2 0 2858 
9 3 0 2859 2858 
6 2 2860 2858 
10 2 0 2861 
11 9 2838 2841 2844 2847 2850 2853 2856 2859 2862 
1 0 
1 0 
1 0 
1 0 
1 0 
1 0 
1 0 
1 0 
1 0 
1 0 
2 2 0 2864 
3 1 2874 
4 2 0 2873 
3 1 2876 
5 3 0 2865 2875 
6 2 2878 2875 
7 3 0 2872 2877 
6 2 2880 2877 
5 3 0 2866 2879 
6 2 2882 2879 
7 3 0 2871 2881 
6 2 2884 2881 
5 3 0 2867 2883 
6 2 2886 2883 
7 3 0 2870 2885 
6 2 2888 2885 
5 3 0 2868 2887 
6 2 2890 2887 
7 3 0 2869 2889 
6 2 2892 2889 
5 3 0 2869 2891 
6 2 2894 2891 
7 3 0 2868 2893 
6 2 2896 2893 
5 3 0 2870 2895 
6 2 2898 2895 
7 3 0 2867 2897 
6 2 2900 2897 
5 3 0 2871 2899 
6 2 2902 2899 
7 3 0 2866 2901 
6 2 2904 2901 
5 3 0 2872 2903 
6 2 2906 2903 
7 3 0 2865 2905 
6 2 2908 2905 
5 3 0 2873 2907 
6 2 2910 2907 
7 3 0 2864 2909 
6 2 2912 2909 
8 3 2911 2913 0 
9 2 0 2914 
6 2 2915 2914 
10 2 0 2916 
9 3 0 2917 2916 
6 2 2918 2916 
10 2 0 2919 
9 3 0 2920 2919 
6 2 2921 2919 
10 2 0 2922 
9 3 0 2923 2922 
6 2 2924 2922 
10 2 0 2925 
9 3 0 2926 2925 
6 2 2927 2925 
10 2 0 2928 
9 3 0 2929 2928 
6 2 2930 2928 
10 2 0 2931 
9 3 0 2932 2931 
6 2 2933 2931 
10 2 0 2934 
9 3 0 2935 2934 
6 2 2936 2934 
10 2 0 2937 
9 3 0 2938 2937 
6 2 2939 2937 
10 2 0 2940 
11 9 2917 2920 2923 2926 2929 2932 2935 2938 2941 
1 0 
1 0 
1 0 
1 0 
1 0 
1 0 
1 0 
1 0 
1 0 
1 0 
2 2 0 2943 
3 1 2953 
4 2 0 2952 
3 1 2955 
5 3 0 2944 2954 
6 2 2957 2954 
7 3 0 2951 2956 
6 2 2959 2956 
5 3 0 2945 2958 
6 2 2961 2958 
7 3 0 2950 2960 
6 2 2963 2960 
5 3 0 2946 2962 
6 2 2965 2962 
7 3 0 2949 2964 
6 2 2967 2964 
5 3 0 2947 2966 
6 2 2969 2966 
7 3 0 2948 2968 
6 2 2971 2968 
5 3 0 2948 2970 
6 2 2973 2970 
7 3 0 2947 2972 
6 2 2975 2972 
5 3 0 2949 2974 
6 2 2977 2974 
7 3 0 2946 2976 
6 2 2979 2976 
5 3 0 2950 2978 
6 2 2981 2978 
7 3 0 2945 2980 
6 2 2983 2980 
5 3 0 2951 2982 
6 2 2985 2982 
7 3 0 2944 2984 
6 2 2987 2984 
5 3 0 2952 2986 
6 2 2989 2986 
7 3 0 2943 2988 
6 2 2991 2988 
8 3 2990 2992 0 
9 2 0 2993 
6 2 2994 2993 
10 2 0 2995 
9 3 0 2996 2995 
6 2 2997 2995 
10 2 0 2998 
9 3 0 2999 2998 
6 2 3000 2998 
10 2 0 3001 
9 3 0 3002 3001 
6 2 3003 3001 
10 2 0 3004 
9 3 0 3005 3004 
6 2 3006 3004 
10 2 0 3007 
9 3 0 3008 3007 
6 2 3009 3007 
10 2 0 3010 
9 3 0 3011 3010 
6 2 3012 3010 
10 2 0 3013 
9 3 0 3014 3013 
6 2 3015 3013 
10 2 0 3016 
9 3 0 3017 3016 
6 2 3018 3016 
10 2 0 3019 
11 9 2996 2999 3002 3005 3008 3011 3014 3017 3020 
1 0 
1 0 
1 0 
1 0 
2 2 0 3022 
3 1 3026 
4 2 0 3025 
3 1 3028 
5 3 0 3023 3027 
6 2 3030 3027 
7 3 0 3024 3029 
6 2 3032 3029 
5 3 0 3024 3031 
6 2 3034 3031 
7 3 0 3023 3033 
6 2 3036 3033 
5 3 0 3025 3035 
6 2 3038 3035 
7 3 0 3022 3037 
6 2 3040 3037 
8 3 3039 3041 0 
9 2 0 3042 
6 2 3043 3042 
10 2 0 3044 
9 3 0 3045 3044 
6 2 3046 3044 
10 2 0 3047 
9 3 0 3048 3047 
6 2 3049 3047 
10 2 0 3050 
11 3 3045 3048 3051 
1 0 
1 0 
1 0 
1 0 
1 0 
1 0 
1 0 
1 0 
2 2 0 3053 
3 1 3061 
4 2 0 3060 
3 1 3063 
5 3 0 3054 3062 
6 2 3065 3062 
7 3 0 3059 3064 
6 2 3067 3064 
5 3 0 3055 3066 
6 2 3069 3066 
7 3 0 3058 3068 
6 2 3071 3068 
5 3 0 3056 3070 
6 2 3073 3070 
7 3 0 3057 3072 
6 2 3075 3072 
5 3 0 3057 3074 
6 2 3077 3074 
7 3 0 3056 3076 
6 2 3079 3076 
5 3 0 3058 3078 
6 2 3081 3078 
7 3 0 3055 3080 
6 2 3083 3080 
5 3 0 3059 3082 
6 2 3085 3082 
7 3 0 3054 3084 
6 2 3087 3084 
5 3 0 3060 3086 
6 2 3089 3086 
7 3 0 3053 3088 
6 2 3091 3088 
8 3 3090 3092 0 
9 2 0 3093 
6 2 3094 3093 
10 2 0 3095 
9 3 0 3096 3095 
6 2 3097 3095 
10 2 0 3098 
9 3 0 3099 3098 
6 2 3100 3098 
10 2 0 3101 
9 3 0 3102 3101 
6 2 3103 3101 
10 2 0 3104 
9 3 0 3105 3104 
6 2 3106 3104 
10 2 0 3107 
9 3 0 3108 3107 
6 2 3109 3107 
10 2 0 3110 
9 3 0 3111 3110 
6 2 3112 3110 
10 2 0 3113 
11 7 3096 3099 3102 3105 3108 3111 3114 
1 0 
1 0 
1 0 
1 0 
1 0 
1 0 
1 0 
1 0 
1 0 
1 0 
1 0 
1 0 
1 0 
1 0 
2 2 0 3116 
3 1 3130 
4 2 0 3129 
3 1 3132 
5 3 0 3117 3131 
6 2 3134 3131 
7 3 0 3128 3133 
6 2 3136 3133 
5 3 0 3118 3135 
6 2 3138 3135 
7 3 0 3127 3137 
6 2 3140 3137 
5 3 0 3119 3139 
6 2 3142 3139 
7 3 0 3126 3141 
6 2 3144 3141 
5 3 0 3120 3143 
6 2 3146 3143 
7 3 0 3125 3145 
6 2 3148 3145 
5 3 0 3121 3147 
6 2 3150 3147 
7 3 0 3124 3149 
6 2 3152 3149 
5 3 0 3122 3151 
6 2 3154 3151 
7 3 0 3123 3153 
6 2 3156 3153 
5 3 0 3123 3155 
6 2 3158 3155 
7 3 0 3122 3157 
6 2 3160 3157 
5 3 0 3124 3159 
6 2 3162 3159 
7 3 0 3121 3161 
6 2 3164 3161 
5 3 0 3125 3163 
6 2 3166 3163 
7 3 0 3120 3165 
6 2 3168 3165 
5 3 0 3126 3167 
6 2 3170 3167 
7 3 0 3119 3169 
6 2 3172 3169 
5 3 0 3127 3171 
6 2 3174 3171 
7 3 0 3118 3173 
6 2 3176 3173 
5 3 0 3128 3175 
6 2 3178 3175 
7 3 0 3117 3177 
6 2 3180 3177 
5 3 0 3129 3179 
6 2 3182 3179 
7 3 0 3116 3181 
6 2 3184 3181 
8 3 3183 3185 0 
9 2 0 3186 
6 2 3187 3186 
10 2 0 3188 
9 3 0 3189 3188 
6 2 3190 3188 
10 2 0 3191 
9 3 0 3192 3191 
6 2 3193 3191 
10 2 0 3194 
9 3 0 3195 3194 
6 2 3196 3194 
10 2 0 3197 
9 3 0 3198 3197 
6 2 3199 3197 
10 2 0 3200 
9 3 0 3201 3200 
6 2 3202 3200 
10 2 0 3203 
9 3 0 3204 3203 
6 2 3205 3203 
10 2 0 3206 
9 3 0 3207 3206 
6 2 3208 3206 
10 2 0 3209 
9 3 0 3210 3209 
6 2 3211 3209 
10 2 0 3212 
9 3 0 3213 3212 
6 2 3214 3212 
10 2 0 3215 
9 3 0 3216 3215 
6 2 3217 3215 
10 2 0 3218 
9 3 0 3219 3218 
6 2 3220 3218 
10 2 0 3221 
9 3 0 3222 3221 
6 2 3223 3221 
10 2 0 3224 
11 13 3189 3192 3195 3198 3201 3204 3207 3210 3213 3216 3219 3222 3225 
1 0 
1 0 
1 0 
1 0 
1 0 
1 0 
1 0 
1 0 
2 2 0 3227 
3 1 3235 
4 2 0 3234 
3 1 3237 
5 3 0 3228 3236 
6 2 3239 3236 
7 3 0 3233 3238 
6 2 3241 3238 
5 3 0 3229 3240 
6 2 3243 3240 
7 3 0 3232 3242 
6 2 3245 3242 
5 3 0 3230 3244 
6 2 3247 3244 
7 3 0 3231 3246 
6 2 3249 3246 
5 3 0 3231 3248 
6 2 3251 3248 
7 3 0 3230 3250 
6 2 3253 3250 
5 3 0 3232 3252 
6 2 3255 3252 
7 3 0 3229 3254 
6 2 3257 3254 
5 3 0 3233 3256 
6 2 3259 3256 
7 3 0 3228 3258 
6 2 3261 3258 
5 3 0 3234 3260 
6 2 3263 3260 
7 3 0 3227 3262 
6 2 3265 3262 
8 3 3264 3266 0 
9 2 0 3267 
6 2 3268 3267 
10 2 0 3269 
9 3 0 3270 3269 
6 2 3271 3269 
10 2 0 3272 
9 3 0 3273 3272 
6 2 3274 3272 
10 2 0 3275 
9 3 0 3276 3275 
6 2 3277 3275 
10 2 0 3278 
9 3 0 3279 3278 
6 2 3280 3278 
10 2 0 3281 
9 3 0 3282 3281 
6 2 3283 3281 
10 2 0 3284 
9 3 0 3285 3284 
6 2 3286 3284 
10 2 0 3287 
11 7 3270 3273 3276 3279 3282 3285 3288 
1 0 
1 0 
1 0 
1 0 
1 0 
1 0 
1 0 
1 0 
1 0 
1 0 
2 2 0 3290 
3 1 3300 
4 2 0 3299 
3 1 3302 
5 3 0 3291 3301 
6 2 3304 3301 
7 3 0 3298 3303 
6 2 3306 3303 
5 3 0 3292 3305 
6 2 3308 3305 
7 3 0 3297 3307 
6 2 3310 3307 
5 3 0 3293 3309 
6 2 3312 3309 
7 3 0 3296 3311 
6 2 3314 3311 
5 3 0 3294 3313 
6 2 3316 3313 
7 3 0 3295 3315 
6 2 3318 3315 
5 3 0 3295 3317 
6 2 3320 3317 
7 3 0 3294 3319 
6 2 3322 3319 
5 3 0 3296 3321 
6 2 3324 3321 
7 3 0 3293 3323 
6 2 3326 3323 
5 3 0 3297 3325 
6 2 3328 3325 
7 3 0 3292 3327 
6 2 3330 3327 
5 3 0 3298 3329 
6 2 3332 3329 
7 3 0 3291 3331 
6 2 3334 3331 
5 3 0 3299 3333 
6 2 3336 3333 
7 3 0 3290 3335 
6 2 3338 3335 
8 3 3337 3339 0 
9 2 0 3340 
6 2 3341 3340 
10 2 0 3342 
9 3 0 3343 3342 
6 2 3344 3342 
10 2 0 3345 
9 3 0 3346 3345 
6 2 3347 3345 
10 2 0 3348 
9 3 0 3349 3348 
6 2 3350 3348 
10 2 0 3351 
9 3 0 3352 3351 
6 2 3353 3351 
10 2 0 3354 
9 3 0 3355 3354 
6 2 3356 3354 
10 2 0 3357 
9 3 0 3358 3357 
6 2 3359 3357 
10 2 0 3360 
9 3 0 3361 3360 
6 2 3362 3360 
10 2 0 3363 
9 3 0 3364 3363 
6 2 3365 3363 
10 2 0 3366 
11 9 3343 3346 3349 3352 3355 3358 3361 3364 3367 
1 0 
1 0 
1 0 
1 0 
1 0 
1 0 
1 0 
1 0 
1 0 
1 0 
2 2 0 3369 
3 1 3379 
4 2 0 3378 
3 1 3381 
5 3 0 3370 3380 
6 2 3383 3380 
7 3 0 3377 3382 
6 2 3385 3382 
5 3 0 3371 3384 
6 2 3387 3384 
7 3 0 3376 3386 
6 2 3389 3386 
5 3 0 3372 3388 
6 2 3391 3388 
7 3 0 3375 3390 
6 2 3393 3390 
5 3 0 3373 3392 
6 2 3395 3392 
7 3 0 3374 3394 
6 2 3397 3394 
5 3 0 3374 3396 
6 2 3399 3396 
7 3 0 3373 3398 
6 2 3401 3398 
5 3 0 3375 3400 
6 2 3403 3400 
7 3 0 3372 3402 
6 2 3405 3402 
5 3 0 3376 3404 
6 2 3407 3404 
7 3 0 3371 3406 
6 2 3409 3406 
5 3 0 3377 3408 
6 2 3411 3408 
7 3 0 3370 3410 
6 2 3413 3410 
5 3 0 3378 3412 
6 2 3415 3412 
7 3 0 3369 3414 
6 2 3417 3414 
8 3 3416 3418 0 
9 2 0 3419 
6 2 3420 3419 
10 2 0 3421 
9 3 0 3422 3421 
6 2 3423 3421 
10 2 0 3424 
9 3 0 3425 3424 
6 2 3426 3424 
10 2 0 3427 
9 3 0 3428 3427 
6 2 3429 3427 
10 2 0 3430 
9 3 0 3431 3430 
6 2 3432 3430 
10 2 0 3433 
9 3 0 3434 3433 
6 2 3435 3433 
10 2 0 3436 
9 3 0 3437 3436 
6 2 3438 3436 
10 2 0 3439 
9 3 0 3440 3439 
6 2 3441 3439 
10 2 0 3442 
9 3 0 3443 3442 
6 2 3444 3442 
10 2 0 3445 
11 9 3422 3425 3428 3431 3434 3437 3440 3443 3446 
1 0 
1 0 
1 0 
1 0 
1 0 
1 0 
1 0 
1 0 
1 0 
1 0 
1 0 
1 0 
2 2 0 3448 
3 1 3460 
4 2 0 3459 
3 1 3462 
5 3 0 3449 3461 
6 2 3464 3461 
7 3 0 3458 3463 
6 2 3466 3463 
5 3 0 3450 3465 
6 2 3468 3465 
7 3 0 3457 3467 
6 2 3470 3467 
5 3 0 3451 3469 
6 2 3472 3469 
7 3 0 3456 3471 
6 2 3474 3471 
5 3 0 3452 3473 
6 2 3476 3473 
7 3 0 3455 3475 
6 2 3478 3475 
5 3 0 3453 3477 
6 2 3480 3477 
7 3 0 3454 3479 
6 2 3482 3479 
5 3 0 3454 3481 
6 2 3484 3481 
7 3 0 3453 3483 
6 2 3486 3483 
5 3 0 3455 3485 
6 2 3488 3485 
7 3 0 3452 3487 
6 2 3490 3487 
5 3 0 3456 3489 
6 2 3492 3489 
7 3 0 3451 3491 
6 2 3494 3491 
5 3 0 3457 3493 
6 2 3496 3493 
7 3 0 3450 3495 
6 2 3498 3495 
5 3 0 3458 3497 
6 2 3500 3497 
7 3 0 3449 3499 
6 2 3502 3499 
5 3 0 3459 3501 
6 2 3504 3501 
7 3 0 3448 3503 
6 2 3506 3503 
8 3 3505 3507 0 
9 2 0 3508 
6 2 3509 3508 
10 2 0 3510 
9 3 0 3511 3510 
6 2 3512 3510 
10 2 0 3513 
9 3 0 3514 3513 
6 2 3515 3513 
10 2 0 3516 
9 3 0 3517 3516 
6 2 3518 3516 
10 2 0 3519 
9 3 0 3520 3519 
6 2 3521 3519 
10 2 0 3522 
9 3 0 3523 3522 
6 2 3524 3522 
10 2 0 3525 
9 3 0 3526 3525 
6 2 3527 3525 
10 2 0 3528 
9 3 0 3529 3528 
6 2 3530 3528 
10 2 0 3531 
9 3 0 3532 3531 
6 2 3533 3531 
10 2 0 3534 
9 3 0 3535 3534 
6 2 3536 3534 
10 2 0 3537 
9 3 0 3538 3537 
6 2 3539 3537 
10 2 0 3540 
11 11 3511 3514 3517 3520 3523 3526 3529 3532 3535 3538 3541 
1 0 
1 0 
1 0 
1 0 
1 0 
1 0 
1 0 
1 0 
1 0 
1 0 
1 0 
1 0 
1 0 
2 2 0 3543 
3 1 3556 
4 2 0 3555 
3 1 3558 
5 3 0 3544 3557 
6 2 3560 3557 
7 3 0 3554 3559 
6 2 3562 3559 
5 3 0 3545 3561 
6 2 3564 3561 
7 3 0 3553 3563 
6 2 3566 3563 
5 3 0 3546 3565 
6 2 3568 3565 
7 3 0 3552 3567 
6 2 3570 3567 
5 3 0 3547 3569 
6 2 3572 3569 
7 3 0 3551 3571 
6 2 3574 3571 
5 3 0 3548 3573 
6 2 3576 3573 
7 3 0 3550 3575 
6 2 3578 3575 
5 3 0 3549 3577 
6 2 3580 3577 
7 3 0 3549 3579 
6 2 3582 3579 
5 3 0 3550 3581 
6 2 3584 3581 
7 3 0 3548 3583 
6 2 3586 3583 
5 3 0 3551 3585 
6 2 3588 3585 
7 3 0 3547 3587 
6 2 3590 3587 
5 3 0 3552 3589 
6 2 3592 3589 
7 3 0 3546 3591 
6 2 3594 3591 
5 3 0 3553 3593 
6 2 3596 3593 
7 3 0 3545 3595 
6 2 3598 3595 
5 3 0 3554 3597 
6 2 3600 3597 
7 3 0 3544 3599 
6 2 3602 3599 
5 3 0 3555 3601 
6 2 3604 3601 
7 3 0 3543 3603 
6 2 3606 3603 
8 3 3605 3607 0 
9 2 0 3608 
6 2 3609 3608 
10 2 0 3610 
9 3 0 3611 3610 
6 2 3612 3610 
10 2 0 3613 
9 3 0 3614 3613 
6 2 3615 3613 
10 2 0 3616 
9 3 0 3617 3616 
6 2 3618 3616 
10 2 0 3619 
9 3 0 3620 3619 
6 2 3621 3619 
10 2 0 3622 
9 3 0 3623 3622 
6 2 3624 3622 
10 2 0 3625 
9 3 0 3626 3625 
6 2 3627 3625 
10 2 0 3628 
9 3 0 3629 3628 
6 2 3630 3628 
10 2 0 3631 
9 3 0 3632 3631 
6 2 3633 3631 
10 2 0 3634 
9 3 0 3635 3634 
6 2 3636 3634 
10 2 0 3637 
9 3 0 3638 3637 
6 2 3639 3637 
10 2 0 3640 
9 3 0 3641 3640 
6 2 3642 3640 
10 2 0 3643 
11 12 3611 3614 3617 3620 3623 3626 3629 3632 3635 3638 3641 3644 
1 0 
1 0 
1 0 
1 0 
1 0 
1 0 
1 0 
1 0 
1 0 
1 0 
1 0 
2 2 0 3646 
3 1 3657 
4 2 0 3656 
3 1 3659 
5 3 0 3647 3658 
6 2 3661 3658 
7 3 0 3655 3660 
6 2 3663 3660 
5 3 0 3648 3662 
6 2 3665 3662 
7 3 0 3654 3664 
6 2 3667 3664 
5 3 0 3649 3666 
6 2 3669 3666 
7 3 0 3653 3668 
6 2 3671 3668 
5 3 0 3650 3670 
6 2 3673 3670 
7 3 0 3652 3672 
6 2 3675 3672 
5 3 0 3651 3674 
6 2 3677 3674 
7 3 0 3651 3676 
6 2 3679 3676 
5 3 0 3652 3678 
6 2 3681 3678 
7 3 0 3650 3680 
6 2 3683 3680 
5 3 0 3653 3682 
6 2 3685 3682 
7 3 0 3649 3684 
6 2 3687 3684 
5 3 0 3654 3686 
6 2 3689 3686 
7 3 0 3648 3688 
6 2 3691 3688 
5 3 0 3655 3690 
6 2 3693 3690 
7 3 0 3647 3692 
6 2 3695 3692 
5 3 0 3656 3694 
6 2 3697 3694 
7 3 0 3646 3696 
6 2 3699 3696 
8 3 3698 3700 0 
9 2 0 3701 
6 2 3702 3701 
10 2 0 3703 
9 3 0 3704 3703 
6 2 3705 3703 
10 2 0 3706 
9 3 0 3707 3706 
6 2 3708 3706 
10 2 0 3709 
9 3 0 3710 3709 
6 2 3711 3709 
10 2 0 3712 
9 3 0 3713 3712 
6 2 3714 3712 
10 2 0 3715 
9 3 0 3716 3715 
6 2 3717 3715 
10 2 0 3718 
9 3 0 3719 3718 
6 2 3720 3718 
10 2 0 3721 
9 3 0 3722 3721 
6 2 3723 3721 
10 2 0 3724 
9 3 0 3725 3724 
6 2 3726 3724 
10 2 0 3727 
9 3 0 3728 3727 
6 2 3729 3727 
10 2 0 3730 
11 10 3704 3707 3710 3713 3716 3719 3722 3725 3728 3731 
1 0 
1 0 
1 0 
1 0 
1 0 
1 0 
1 0 
1 0 
1 0 
2 2 0 3733 
3 1 3742 
4 2 0 3741 
3 1 3744 
5 3 0 3734 3743 
6 2 3746 3743 
7 3 0 3740 3745 
6 2 3748 3745 
5 3 0 3735 3747 
6 2 3750 3747 
7 3 0 3739 3749 
6 2 3752 3749 
5 3 0 3736 3751 
6 2 3754 3751 
7 3 0 3738 3753 
6 2 3756 3753 
5 3 0 3737 3755 
6 2 3758 3755 
7 3 0 3737 3757 
6 2 3760 3757 
5 3 0 3738 3759 
6 2 3762 3759 
7 3 0 3736 3761 
6 2 3764 3761 
5 3 0 3739 3763 
6 2 3766 3763 
7 3 0 3735 3765 
6 2 3768 3765 
5 3 0 3740 3767 
6 2 3770 3767 
7 3 0 3734 3769 
6 2 3772 3769 
5 3 0 3741 3771 
6 2 3774 3771 
7 3 0 3733 3773 
6 2 3776 3773 
8 3 3775 3777 0 
9 2 0 3778 
6 2 3779 3778 
10 2 0 3780 
9 3 0 3781 3780 
6 2 3782 3780 
10 2 0 3783 
9 3 0 3784 3783 
6 2 3785 3783 
10 2 0 3786 
9 3 0 3787 3786 
6 2 3788 3786 
10 2 0 3789 
9 3 0 3790 3789 
6 2 3791 3789 
10 2 0 3792 
9 3 0 3793 3792 
6 2 3794 3792 
10 2 0 3795 
9 3 0 3796 3795 
6 2 3797 3795 
10 2 0 3798 
9 3 0 3799 3798 
6 2 3800 3798 
10 2 0 3801 
11 8 3781 3784 3787 3790 3793 3796 3799 3802 
1 0 
1 0 
1 0 
1 0 
1 0 
1 0 
1 0 
1 0 
2 2 0 3804 
3 1 3812 
4 2 0 3811 
3 1 3814 
5 3 0 3805 3813 
6 2 3816 3813 
7 3 0 3810 3815 
6 2 3818 3815 
5 3 0 3806 3817 
6 2 3820 3817 
7 3 0 3809 3819 
6 2 3822 3819 
5 3 0 3807 3821 
6 2 3824 3821 
7 3 0 3808 3823 
6 2 3826 3823 
5 3 0 3808 3825 
6 2 3828 3825 
7 3 0 3807 3827 
6 2 3830 3827 
5 3 0 3809 3829 
6 2 3832 3829 
7 3 0 3806 3831 
6 2 3834 3831 
5 3 0 3810 3833 
6 2 3836 3833 
7 3 0 3805 3835 
6 2 3838 3835 
5 3 0 3811 3837 
6 2 3840 3837 
7 3 0 3804 3839 
6 2 3842 3839 
8 3 3841 3843 0 
9 2 0 3844 
6 2 3845 3844 
10 2 0 3846 
9 3 0 3847 3846 
6 2 3848 3846 
10 2 0 3849 
9 3 0 3850 3849 
6 2 3851 3849 
10 2 0 3852 
9 3 0 3853 3852 
6 2 3854 3852 
10 2 0 3855 
9 3 0 3856 3855 
6 2 3857 3855 
10 2 0 3858 
9 3 0 3859 3858 
6 2 3860 3858 
10 2 0 3861 
9 3 0 3862 3861 
6 2 3863 3861 
10 2 0 3864 
11 7 3847 3850 3853 3856 3859 3862 3865 
1 0 
1 0 
1 0 
1 0 
1 0 
1 0 
2 2 0 3867 
3 1 3873 
4 2 0 3872 
3 1 3875 
5 3 0 3868 3874 
6 2 3877 3874 
7 3 0 3871 3876 
6 2 3879 3876 
5 3 0 3869 3878 
6 2 3881 3878 
7 3 0 3870 3880 
6 2 3883 3880 
5 3 0 3870 3882 
6 2 3885 3882 
7 3 0 3869 3884 
6 2 3887 3884 
5 3 0 3871 3886 
6 2 3889 3886 
7 3 0 3868 3888 
6 2 3891 3888 
5 3 0 3872 3890 
6 2 3893 3890 
7 3 0 3867 3892 
6 2 3895 3892 
8 3 3894 3896 0 
9 2 0 3897 
6 2 3898 3897 
10 2 0 3899 
9 3 0 3900 3899 
6 2 3901 3899 
10 2 0 3902 
9 3 0 3903 3902 
6 2 3904 3902 
10 2 0 3905 
9 3 0 3906 3905 
6 2 3907 3905 
10 2 0 3908 
9 3 0 3909 3908 
6 2 3910 3908 
10 2 0 3911 
11 5 3900 3903 3906 3909 3912 
1 0 
1 0 
1 0 
1 0 
1 0 
1 0 
1 0 
1 0 
1 0 
1 0 
1 0 
2 2 0 3914 
3 1 3925 
4 2 0 3924 
3 1 3927 
5 3 0 3915 3926 
6 2 3929 3926 
7 3 0 3923 3928 
6 2 3931 3928 
5 3 0 3916 3930 
6 2 3933 3930 
7 3 0 3922 3932 
6 2 3935 3932 
5 3 0 3917 3934 
6 2 3937 3934 
7 3 0 3921 3936 
6 2 3939 3936 
5 3 0 3918 3938 
6 2 3941 3938 
7 3 0 3920 3940 
6 2 3943 3940 
5 3 0 3919 3942 
6 2 3945 3942 
7 3 0 3919 3944 
6 2 3947 3944 
5 3 0 3920 3946 
6 2 3949 3946 
7 3 0 3918 3948 
6 2 3951 3948 
5 3 0 3921 3950 
6 2 3953 3950 
7 3 0 3917 3952 
6 2 3955 3952 
5 3 0 3922 3954 
6 2 3957 3954 
7 3 0 3916 3956 
6 2 3959 3956 
5 3 0 3923 3958 
6 2 3961 3958 
7 3 0 3915 3960 
6 2 3963 3960 
5 3 0 3924 3962 
6 2 3965 3962 
7 3 0 3914 3964 
6 2 3967 3964 
8 3 3966 3968 0 
9 2 0 3969 
6 2 3970 3969 
10 2 0 3971 
9 3 0 3972 3971 
6 2 3973 3971 
10 2 0 3974 
9 3 0 3975 3974 
6 2 3976 3974 
10 2 0 3977 
9 3 0 3978 3977 
6 2 3979 3977 
10 2 0 3980 
9 3 0 3981 3980 
6 2 3982 3980 
10 2 0 3983 
9 3 0 3984 3983 
6 2 3985 3983 
10 2 0 3986 
9 3 0 3987 3986 
6 2 3988 3986 
10 2 0 3989 
9 3 0 3990 3989 
6 2 3991 3989 
10 2 0 3992 
9 3 0 3993 3992 
6 2 3994 3992 
10 2 0 3995 
9 3 0 3996 3995 
6 2 3997 3995 
10 2 0 3998 
11 10 3972 3975 3978 3981 3984 3987 3990 3993 3996 3999 
1 0 
1 0 
1 0 
1 0 
1 0 
1 0 
1 0 
1 0 
1 0 
1 0 
1 0 
2 2 0 4001 
3 1 4012 
4 2 0 4011 
3 1 4014 
5 3 0 4002 4013 
6 2 4016 4013 
7 3 0 4010 4015 
6 2 4018 4015 
5 3 0 4003 4017 
6 2 4020 4017 
7 3 0 4009 4019 
6 2 4022 4019 
5 3 0 4004 4021 
6 2 4024 4021 
7 3 0 4008 4023 
6 2 4026 4023 
5 3 0 4005 4025 
6 2 4028 4025 
7 3 0 4007 4027 
6 2 4030 4027 
5 3 0 4006 4029 
6 2 4032 4029 
7 3 0 4006 4031 
6 2 4034 4031 
5 3 0 4007 4033 
6 2 4036 4033 
7 3 0 4005 4035 
6 2 4038 4035 
5 3 0 4008 4037 
6 2 4040 4037 
7 3 0 4004 4039 
6 2 4042 4039 
5 3 0 4009 4041 
6 2 4044 4041 
7 3 0 4003 4043 
6 2 4046 4043 
5 3 0 4010 4045 
6 2 4048 4045 
7 3 0 4002 4047 
6 2 4050 4047 
5 3 0 4011 4049 
6 2 4052 4049 
7 3 0 4001 4051 
6 2 4054 4051 
8 3 4053 4055 0 
9 2 0 4056 
6 2 4057 4056 
10 2 0 4058 
9 3 0 4059 4058 
6 2 4060 4058 
10 2 0 4061 
9 3 0 4062 4061 
6 2 4063 4061 
10 2 0 4064 
9 3 0 4065 4064 
6 2 4066 4064 
10 2 0 4067 
9 3 0 4068 4067 
6 2 4069 4067 
10 2 0 4070 
9 3 0 4071 4070 
6 2 4072 4070 
10 2 0 4073 
9 3 0 4074 4073 
6 2 4075 4073 
10 2 0 4076 
9 3 0 4077 4076 
6 2 4078 4076 
10 2 0 4079 
9 3 0 4080 4079 
6 2 4081 4079 
10 2 0 4082 
9 3 0 4083 4082 
6 2 4084 4082 
10 2 0 4085 
11 10 4059 4062 4065 4068 4071 4074 4077 4080 4083 4086 
1 0 
1 0 
1 0 
1 0 
1 0 
1 0 
1 0 
1 0 
1 0 
1 0 
2 2 0 4088 
3 1 4098 
4 2 0 4097 
3 1 4100 
5 3 0 4089 4099 
6 2 4102 4099 
7 3 0 4096 4101 
6 2 4104 4101 
5 3 0 4090 4103 
6 2 4106 4103 
7 3 0 4095 4105 
6 2 4108 4105 
5 3 0 4091 4107 
6 2 4110 4107 
7 3 0 4094 4109 
6 2 4112 4109 
5 3 0 4092 4111 
6 2 4114 4111 
7 3 0 4093 4113 
6 2 4116 4113 
5 3 0 4093 4115 
6 2 4118 4115 
7 3 0 4092 4117 
6 2 4120 4117 
5 3 0 4094 4119 
6 2 4122 4119 
7 3 0 4091 4121 
6 2 4124 4121 
5 3 0 4095 4123 
6 2 4126 4123 
7 3 0 4090 4125 
6 2 4128 4125 
5 3 0 4096 4127 
6 2 4130 4127 
7 3 0 4089 4129 
6 2 4132 4129 
5 3 0 4097 4131 
6 2 4134 4131 
7 3 0 4088 4133 
6 2 4136 4133 
8 3 4135 4137 0 
9 2 0 4138 
6 2 4139 4138 
10 2 0 4140 
9 3 0 4141 4140 
6 2 4142 4140 
10 2 0 4143 
9 3 0 4144 4143 
6 2 4145 4143 
10 2 0 4146 
9 3 0 4147 4146 
6 2 4148 4146 
10 2 0 4149 
9 3 0 4150 4149 
6 2 4151 4149 
10 2 0 4152 
9 3 0 4153 4152 
6 2 4154 4152 
10 2 0 4155 
9 3 0 4156 4155 
6 2 4157 4155 
10 2 0 4158 
9 3 0 4159 4158 
6 2 4160 4158 
10 2 0 4161 
9 3 0 4162 4161 
6 2 4163 4161 
10 2 0 4164 
11 9 4141 4144 4147 4150 4153 4156 4159 4162 4165 
1 0 
1 0 
1 0 
1 0 
1 0 
1 0 
1 0 
1 0 
2 2 0 4167 
3 1 4175 
4 2 0 4174 
3 1 4177 
5 3 0 4168 4176 
6 2 4179 4176 
7 3 0 4173 4178 
6 2 4181 4178 
5 3 0 4169 4180 
6 2 4183 4180 
7 3 0 4172 4182 
6 2 4185 4182 
5 3 0 4170 4184 
6 2 4187 4184 
7 3 0 4171 4186 
6 2 4189 4186 
5 3 0 4171 4188 
6 2 4191 4188 
7 3 0 4170 4190 
6 2 4193 4190 
5 3 0 4172 4192 
6 2 4195 4192 
7 3 0 4169 4194 
6 2 4197 4194 
5 3 0 4173 4196 
6 2 4199 4196 
7 3 0 4168 4198 
6 2 4201 4198 
5 3 0 4174 4200 
6 2 4203 4200 
7 3 0 4167 4202 
6 2 4205 4202 
8 3 4204 4206 0 
9 2 0 4207 
6 2 4208 4207 
10 2 0 4209 
9 3 0 4210 4209 
6 2 4211 4209 
10 2 0 4212 
9 3 0 4213 4212 
6 2 4214 4212 
10 2 0 4215 
9 3 0 4216 4215 
6 2 4217 4215 
10 2 0 4218 
9 3 0 4219 4218 
6 2 4220 4218 
10 2 0 4221 
9 3 0 4222 4221 
6 2 4223 4221 
10 2 0 4224 
9 3 0 4225 4224 
6 2 4226 4224 
10 2 0 4227 
11 7 4210 4213 4216 4219 4222 4225 4228 
1 0 
1 0 
1 0 
1 0 
1 0 
1 0 
2 2 0 4230 
3 1 4236 
4 2 0 4235 
3 1 4238 
5 3 0 4231 4237 
6 2 4240 4237 
7 3 0 4234 4239 
6 2 4242 4239 
5 3 0 4232 4241 
6 2 4244 4241 
7 3 0 4233 4243 
6 2 4246 4243 
5 3 0 4233 4245 
6 2 4248 4245 
7 3 0 4232 4247 
6 2 4250 4247 
5 3 0 4234 4249 
6 2 4252 4249 
7 3 0 4231 4251 
6 2 4254 4251 
5 3 0 4235 4253 
6 2 4256 4253 
7 3 0 4230 4255 
6 2 4258 4255 
8 3 4257 4259 0 
9 2 0 4260 
6 2 4261 4260 
10 2 0 4262 
9 3 0 4263 4262 
6 2 4264 4262 
10 2 0 4265 
9 3 0 4266 4265 
6 2 4267 4265 
10 2 0 4268 
9 3 0 4269 4268 
6 2 4270 4268 
10 2 0 4271 
9 3 0 4272 4271 
6 2 4273 4271 
10 2 0 4274 
11 5 4263 4266 4269 4272 4275 
1 0 
1 0 
1 0 
1 0 
1 0 
1 0 
1 0 
1 0 
1 0 
2 2 0 4277 
3 1 4286 
4 2 0 4285 
3 1 4288 
5 3 0 4278 4287 
6 2 4290 4287 
7 3 0 4284 4289 
6 2 4292 4289 
5 3 0 4279 4291 
6 2 4294 4291 
7 3 0 4283 4293 
6 2 4296 4293 
5 3 0 4280 4295 
6 2 4298 4295 
7 3 0 4282 4297 
6 2 4300 4297 
5 3 0 4281 4299 
6 2 4302 4299 
7 3 0 4281 4301 
6 2 4304 4301 
5 3 0 4282 4303 
6 2 4306 4303 
7 3 0 4280 4305 
6 2 4308 4305 
5 3 0 4283 4307 
6 2 4310 4307 
7 3 0 4279 4309 
6 2 4312 4309 
5 3 0 4284 4311 
6 2 4314 4311 
7 3 0 4278 4313 
6 2 4316 4313 
5 3 0 4285 4315 
6 2 4318 4315 
7 3 0 4277 4317 
6 2 4320 4317 
8 3 4319 4321 0 
9 2 0 4322 
6 2 4323 4322 
10 2 0 4324 
9 3 0 4325 4324 
6 2 4326 4324 
10 2 0 4327 
9 3 0 4328 4327 
6 2 4329 4327 
10 2 0 4330 
9 3 0 4331 4330 
6 2 4332 4330 
10 2 0 4333 
9 3 0 4334 4333 
6 2 4335 4333 
10 2 0 4336 
9 3 0 4337 4336 
6 2 4338 4336 
10 2 0 4339 
9 3 0 4340 4339 
6 2 4341 4339 
10 2 0 4342 
9 3 0 4343 4342 
6 2 4344 4342 
10 2 0 4345 
11 8 4325 4328 4331 4334 4337 4340 4343 4346 
1 0 
1 0 
1 0 
1 0 
1 0 
1 0 
1 0 
1 0 
1 0 
1 0 
1 0 
1 0 
2 2 0 4348 
3 1 4360 
4 2 0 4359 
3 1 4362 
5 3 0 4349 4361 
6 2 4364 4361 
7 3 0 4358 4363 
6 2 4366 4363 
5 3 0 4350 4365 
6 2 4368 4365 
7 3 0 4357 4367 
6 2 4370 4367 
5 3 0 4351 4369 
6 2 4372 4369 
7 3 0 4356 4371 
6 2 4374 4371 
5 3 0 4352 4373 
6 2 4376 4373 
7 3 0 4355 4375 
6 2 4378 4375 
5 3 0 4353 4377 
6 2 4380 4377 
7 3 0 4354 4379 
6 2 4382 4379 
5 3 0 4354 4381 
6 2 4384 4381 
7 3 0 4353 4383 
6 2 4386 4383 
5 3 0 4355 4385 
6 2 4388 4385 
7 3 0 4352 4387 
6 2 4390 4387 
5 3 0 4356 4389 
6 2 4392 4389 
7 3 0 4351 4391 
6 2 4394 4391 
5 3 0 4357 4393 
6 2 4396 4393 
7 3 0 4350 4395 
6 2 4398 4395 
5 3 0 4358 4397 
6 2 4400 4397 
7 3 0 4349 4399 
6 2 4402 4399 
5 3 0 4359 4401 
6 2 4404 4401 
7 3 0 4348 4403 
6 2 4406 4403 
8 3 4405 4407 0 
9 2 0 4408 
6 2 4409 4408 
10 2 0 4410 
9 3 0 4411 4410 
6 2 4412 4410 
10 2 0 4413 
9 3 0 4414 4413 
6 2 4415 4413 
10 2 0 4416 
9 3 0 4417 4416 
6 2 4418 4416 
10 2 0 4419 
9 3 0 4420 4419 
6 2 4421 4419 
10 2 0 4422 
9 3 0 4423 4422 
6 2 4424 4422 
10 2 0 4425 
9 3 0 4426 4425 
6 2 4427 4425 
10 2 0 4428 
9 3 0 4429 4428 
6 2 4430 4428 
10 2 0 4431 
9 3 0 4432 4431 
6 2 4433 4431 
10 2 0 4434 
9 3 0 4435 4434 
6 2 4436 4434 
10 2 0 4437 
9 3 0 4438 4437 
6 2 4439 4437 
10 2 0 4440 
11 11 4411 4414 4417 4420 4423 4426 4429 4432 4435 4438 4441 
1 0 
1 0 
1 0 
1 0 
1 0 
1 0 
2 2 0 4443 
3 1 4449 
4 2 0 4448 
3 1 4451 
5 3 0 4444 4450 
6 2 4453 4450 
7 3 0 4447 4452 
6 2 4455 4452 
5 3 0 4445 4454 
6 2 4457 4454 
7 3 0 4446 4456 
6 2 4459 4456 
5 3 0 4446 4458 
6 2 4461 4458 
7 3 0 4445 4460 
6 2 4463 4460 
5 3 0 4447 4462 
6 2 4465 4462 
7 3 0 4444 4464 
6 2 4467 4464 
5 3 0 4448 4466 
6 2 4469 4466 
7 3 0 4443 4468 
6 2 4471 4468 
8 3 4470 4472 0 
9 2 0 4473 
6 2 4474 4473 
10 2 0 4475 
9 3 0 4476 4475 
6 2 4477 4475 
10 2 0 4478 
9 3 0 4479 4478 
6 2 4480 4478 
10 2 0 4481 
9 3 0 4482 4481 
6 2 4483 4481 
10 2 0 4484 
9 3 0 4485 4484 
6 2 4486 4484 
10 2 0 4487 
11 5 4476 4479 4482 4485 4488 
1 0 
1 0 
1 0 
1 0 
2 2 0 4490 
3 1 4494 
4 2 0 4493 
3 1 4496 
5 3 0 4491 4495 
6 2 4498 4495 
7 3 0 4492 4497 
6 2 4500 4497 
5 3 0 4492 4499 
6 2 4502 4499 
7 3 0 4491 4501 
6 2 4504 4501 
5 3 0 4493 4503 
6 2 4506 4503 
7 3 0 4490 4505 
6 2 4508 4505 
8 3 4507 4509 0 
9 2 0 4510 
6 2 4511 4510 
10 2 0 4512 
9 3 0 4513 4512 
6 2 4514 4512 
10 2 0 4515 
9 3 0 4516 4515 
6 2 4517 4515 
10 2 0 4518 
11 3 4513 4516 4519 
1 0 
1 0 
1 0 
1 0 
1 0 
1 0 
1 0 
1 0 
1 0 
1 0 
1 0 
2 2 0 4521 
3 1 4532 
4 2 0 4531 
3 1 4534 
5 3 0 4522 4533 
6 2 4536 4533 
7 3 0 4530 4535 
6 2 4538 4535 
5 3 0 4523 4537 
6 2 4540 4537 
7 3 0 4529 4539 
6 2 4542 4539 
5 3 0 4524 4541 
6 2 4544 4541 
7 3 0 4528 4543 
6 2 4546 4543 
5 3 0 4525 4545 
6 2 4548 4545 
7 3 0 4527 4547 
6 2 4550 4547 
5 3 0 4526 4549 
6 2 4552 4549 
7 3 0 4526 4551 
6 2 4554 4551 
5 3 0 4527 4553 
6 2 4556 4553 
7 3 0 4525 4555 
6 2 4558 4555 
5 3 0 4528 4557 
6 2 4560 4557 
7 3 0 4524 4559 
6 2 4562 4559 
5 3 0 4529 4561 
6 2 4564 4561 
7 3 0 4523 4563 
6 2 4566 4563 
5 3 0 4530 4565 
6 2 4568 4565 
7 3 0 4522 4567 
6 2 4570 4567 
5 3 0 4531 4569 
6 2 4572 4569 
7 3 0 4521 4571 
6 2 4574 4571 
8 3 4573 4575 0 
9 2 0 4576 
6 2 4577 4576 
10 2 0 4578 
9 3 0 4579 4578 
6 2 4580 4578 
10 2 0 4581 
9 3 0 4582 4581 
6 2 4583 4581 
10 2 0 4584 
9 3 0 4585 4584 
6 2 4586 4584 
10 2 0 4587 
9 3 0 4588 4587 
6 2 4589 4587 
10 2 0 4590 
9 3 0 4591 4590 
6 2 4592 4590 
10 2 0 4593 
9 3 0 4594 4593 
6 2 4595 4593 
10 2 0 4596 
9 3 0 4597 4596 
6 2 4598 4596 
10 2 0 4599 
9 3 0 4600 4599 
6 2 4601 4599 
10 2 0 4602 
9 3 0 4603 4602 
6 2 4604 4602 
10 2 0 4605 
11 10 4579 4582 4585 4588 4591 4594 4597 4600 4603 4606 
1 0 
1 0 
1 0 
1 0 
2 2 0 4608 
3 1 4612 
4 2 0 4611 
3 1 4614 
5 3 0 4609 4613 
6 2 4616 4613 
7 3 0 4610 4615 
6 2 4618 4615 
5 3 0 4610 4617 
6 2 4620 4617 
7 3 0 4609 4619 
6 2 4622 4619 
5 3 0 4611 4621 
6 2 4624 4621 
7 3 0 4608 4623 
6 2 4626 4623 
8 3 4625 4627 0 
9 2 0 4628 
6 2 4629 4628 
10 2 0 4630 
9 3 0 4631 4630 
6 2 4632 4630 
10 2 0 4633 
9 3 0 4634 4633 
6 2 4635 4633 
10 2 0 4636 
11 3 4631 4634 4637 
1 0 
1 0 
1 0 
1 0 
1 0 
1 0 
1 0 
1 0 
1 0 
1 0 
2 2 0 4639 
3 1 4649 
4 2 0 4648 
3 1 4651 
5 3 0 4640 4650 
6 2 4653 4650 
7 3 0 4647 4652 
6 2 4655 4652 
5 3 0 4641 4654 
6 2 4657 4654 
7 3 0 4646 4656 
6 2 4659 4656 
5 3 0 4642 4658 
6 2 4661 4658 
7 3 0 4645 4660 
6 2 4663 4660 
5 3 0 4643 4662 
6 2 4665 4662 
7 3 0 4644 4664 
6 2 4667 4664 
5 3 0 4644 4666 
6 2 4669 4666 
7 3 0 4643 4668 
6 2 4671 4668 
5 3 0 4645 4670 
6 2 4673 4670 
7 3 0 4642 4672 
6 2 4675 4672 
5 3 0 4646 4674 
6 2 4677 4674 
7 3 0 4641 4676 
6 2 4679 4676 
5 3 0 4647 4678 
6 2 4681 4678 
7 3 0 4640 4680 
6 2 4683 4680 
5 3 0 4648 4682 
6 2 4685 4682 
7 3 0 4639 4684 
6 2 4687 4684 
8 3 4686 4688 0 
9 2 0 4689 
6 2 4690 4689 
10 2 0 4691 
9 3 0 4692 4691 
6 2 4693 4691 
10 2 0 4694 
9 3 0 4695 4694 
6 2 4696 4694 
10 2 0 4697 
9 3 0 4698 4697 
6 2 4699 4697 
10 2 0 4700 
9 3 0 4701 4700 
6 2 4702 4700 
10 2 0 4703 
9 3 0 4704 4703 
6 2 4705 4703 
10 2 0 4706 
9 3 0 4707 4706 
6 2 4708 4706 
10 2 0 4709 
9 3 0 4710 4709 
6 2 4711 4709 
10 2 0 4712 
9 3 0 4713 4712 
6 2 4714 4712 
10 2 0 4715 
11 9 4692 4695 4698 4701 4704 4707 4710 4713 4716 
1 0 
1 0 
1 0 
1 0 
2 2 0 4718 
3 1 4722 
4 2 0 4721 
3 1 4724 
5 3 0 4719 4723 
6 2 4726 4723 
7 3 0 4720 4725 
6 2 4728 4725 
5 3 0 4720 4727 
6 2 4730 4727 
7 3 0 4719 4729 
6 2 4732 4729 
5 3 0 4721 4731 
6 2 4734 4731 
7 3 0 4718 4733 
6 2 4736 4733 
8 3 4735 4737 0 
9 2 0 4738 
6 2 4739 4738 
10 2 0 4740 
9 3 0 4741 4740 
6 2 4742 4740 
10 2 0 4743 
9 3 0 4744 4743 
6 2 4745 4743 
10 2 0 4746 
11 3 4741 4744 4747 
1 0 
1 0 
1 0 
1 0 
1 0 
1 0 
1 0 
2 2 0 4749 
3 1 4756 
4 2 0 4755 
3 1 4758 
5 3 0 4750 4757 
6 2 4760 4757 
7 3 0 4754 4759 
6 2 4762 4759 
5 3 0 4751 4761 
6 2 4764 4761 
7 3 0 4753 4763 
6 2 4766 4763 
5 3 0 4752 4765 
6 2 4768 4765 
7 3 0 4752 4767 
6 2 4770 4767 
5 3 0 4753 4769 
6 2 4772 4769 
7 3 0 4751 4771 
6 2 4774 4771 
5 3 0 4754 4773 
6 2 4776 4773 
7 3 0 4750 4775 
6 2 4778 4775 
5 3 0 4755 4777 
6 2 4780 4777 
7 3 0 4749 4779 
6 2 4782 4779 
8 3 4781 4783 0 
9 2 0 4784 
6 2 4785 4784 
10 2 0 4786 
9 3 0 4787 4786 
6 2 4788 4786 
10 2 0 4789 
9 3 0 4790 4789 
6 2 4791 4789 
10 2 0 4792 
9 3 0 4793 4792 
6 2 4794 4792 
10 2 0 4795 
9 3 0 4796 4795 
6 2 4797 4795 
10 2 0 4798 
9 3 0 4799 4798 
6 2 4800 4798 
10 2 0 4801 
11 6 4787 4790 4793 4796 4799 4802 
1 0 
1 0 
1 0 
1 0 
1 0 
1 0 
1 0 
1 0 
1 0 
1 0 
1 0 
1 0 
1 0 
2 2 0 4804 
3 1 4817 
4 2 0 4816 
3 1 4819 
5 3 0 4805 4818 
6 2 4821 4818 
7 3 0 4815 4820 
6 2 4823 4820 
5 3 0 4806 4822 
6 2 4825 4822 
7 3 0 4814 4824 
6 2 4827 4824 
5 3 0 4807 4826 
6 2 4829 4826 
7 3 0 4813 4828 
6 2 4831 4828 
5 3 0 4808 4830 
6 2 4833 4830 
7 3 0 4812 4832 
6 2 4835 4832 
5 3 0 4809 4834 
6 2 4837 4834 
7 3 0 4811 4836 
6 2 4839 4836 
5 3 0 4810 4838 
6 2 4841 4838 
7 3 0 4810 4840 
6 2 4843 4840 
5 3 0 4811 4842 
6 2 4845 4842 
7 3 0 4809 4844 
6 2 4847 4844 
5 3 0 4812 4846 
6 2 4849 4846 
7 3 0 4808 4848 
6 2 4851 4848 
5 3 0 4813 4850 
6 2 4853 4850 
7 3 0 4807 4852 
6 2 4855 4852 
5 3 0 4814 4854 
6 2 4857 4854 
7 3 0 4806 4856 
6 2 4859 4856 
5 3 0 4815 4858 
6 2 4861 4858 
7 3 0 4805 4860 
6 2 4863 4860 
5 3 0 4816 4862 
6 2 4865 4862 
7 3 0 4804 4864 
6 2 4867 4864 
8 3 4866 4868 0 
9 2 0 4869 
6 2 4870 4869 
10 2 0 4871 
9 3 0 4872 4871 
6 2 4873 4871 
10 2 0 4874 
9 3 0 4875 4874 
6 2 4876 4874 
10 2 0 4877 
9 3 0 4878 4877 
6 2 4879 4877 
10 2 0 4880 
9 3 0 4881 4880 
6 2 4882 4880 
10 2 0 4883 
9 3 0 4884 4883 
6 2 4885 4883 
10 2 0 4886 
9 3 0 4887 4886 
6 2 4888 4886 
10 2 0 4889 
9 3 0 4890 4889 
6 2 4891 4889 
10 2 0 4892 
9 3 0 4893 4892 
6 2 4894 4892 
10 2 0 4895 
9 3 0 4896 4895 
6 2 4897 4895 
10 2 0 4898 
9 3 0 4899 4898 
6 2 4900 4898 
10 2 0 4901 
9 3 0 4902 4901 
6 2 4903 4901 
10 2 0 4904 
11 12 4872 4875 4878 4881 4884 4887 4890 4893 4896 4899 4902 4905 
1 0 
1 0 
1 0 
1 0 
1 0 
1 0 
2 2 0 4907 
3 1 4913 
4 2 0 4912 
3 1 4915 
5 3 0 4908 4914 
6 2 4917 4914 
7 3 0 4911 4916 
6 2 4919 4916 
5 3 0 4909 4918 
6 2 4921 4918 
7 3 0 4910 4920 
6 2 4923 4920 
5 3 0 4910 4922 
6 2 4925 4922 
7 3 0 4909 4924 
6 2 4927 4924 
5 3 0 4911 4926 
6 2 4929 4926 
7 3 0 4908 4928 
6 2 4931 4928 
5 3 0 4912 4930 
6 2 4933 4930 
7 3 0 4907 4932 
6 2 4935 4932 
8 3 4934 4936 0 
9 2 0 4937 
6 2 4938 4937 
10 2 0 4939 
9 3 0 4940 4939 
6 2 4941 4939 
10 2 0 4942 
9 3 0 4943 4942 
6 2 4944 4942 
10 2 0 4945 
9 3 0 4946 4945 
6 2 4947 4945 
10 2 0 4948 
9 3 0 4949 4948 
6 2 4950 4948 
10 2 0 4951 
11 5 4940 4943 4946 4949 4952 
1 0 
1 0 
1 0 
1 0 
1 0 
1 0 
1 0 
2 2 0 4954 
3 1 4961 
4 2 0 4960 
3 1 4963 
5 3 0 4955 4962 
6 2 4965 4962 
7 3 0 4959 4964 
6 2 4967 4964 
5 3 0 4956 4966 
6 2 4969 4966 
7 3 0 4958 4968 
6 2 4971 4968 
5 3 0 4957 4970 
6 2 4973 4970 
7 3 0 4957 4972 
6 2 4975 4972 
5 3 0 4958 4974 
6 2 4977 4974 
7 3 0 4956 4976 
6 2 4979 4976 
5 3 0 4959 4978 
6 2 4981 4978 
7 3 0 4955 4980 
6 2 4983 4980 
5 3 0 4960 4982 
6 2 4985 4982 
7 3 0 4954 4984 
6 2 4987 4984 
8 3 4986 4988 0 
9 2 0 4989 
6 2 4990 4989 
10 2 0 4991 
9 3 0 4992 4991 
6 2 4993 4991 
10 2 0 4994 
9 3 0 4995 4994 
6 2 4996 4994 
10 2 0 4997 
9 3 0 4998 4997 
6 2 4999 4997 
10 2 0 5000 
9 3 0 5001 5000 
6 2 5002 5000 
10 2 0 5003 
9 3 0 5004 5003 
6 2 5005 5003 
10 2 0 5006 
11 6 4992 4995 4998 5001 5004 5007 
13 64 63 134 197 332 379 482 569 656 767 870 1037 1092 1147 1330 1401 1456 1527 1598 1669 1700 1787 1874 1985 2088 2175 2246 2341 2404 2483 2594 2745 2784 2863 2942 3021 3052 3115 3226 3289 3368 3447 3542 3645 3732 3803 3866 3913 4000 4087 4166 4229 4276 4347 4442 4489 4520 4607 4638 4717 4748 4803 4906 4953 5008 
