76
0 0 
1 0 
1 0 
1 0 
1 0 
1 0 
2 3 4 5 0 
2 3 3 6 0 
2 3 2 7 0 
2 3 1 8 0 
1 0 
1 0 
1 0 
1 0 
1 0 
1 0 
1 0 
1 0 
1 0 
2 3 17 18 0 
2 3 16 19 0 
2 3 15 20 0 
2 3 14 21 0 
2 3 13 22 0 
1 0 
1 0 
1 0 
1 0 
2 3 26 27 0 
2 3 25 28 0 
2 3 24 29 0 
2 3 23 30 0 
2 3 12 31 0 
2 3 11 32 0 
1 0 
2 3 33 34 0 
2 3 10 35 0 
2 3 9 36 0 
3 2 0 37 
3 2 0 9 
3 2 0 1 
3 2 0 8 
3 2 0 2 
3 2 0 7 
3 2 0 3 
3 2 0 6 
3 2 0 4 
3 2 0 5 
3 2 0 36 
3 2 0 10 
3 2 0 35 
3 2 0 33 
3 2 0 11 
3 2 0 32 
3 2 0 12 
3 2 0 31 
3 2 0 23 
3 2 0 13 
3 2 0 22 
3 2 0 14 
3 2 0 21 
3 2 0 15 
3 2 0 20 
3 2 0 16 
3 2 0 19 
3 2 0 17 
3 2 0 18 
3 2 0 30 
3 2 0 24 
3 2 0 29 
3 2 0 25 
3 2 0 28 
3 2 0 26 
3 2 0 27 
3 2 0 34 
11 37 38 39 40 41 42 43 44 45 46 47 48 49 50 51 52 53 54 55 56 57 58 59 60 61 62 63 64 65 66 67 68 69 70 71 72 73 74 
