2134
0 0 
1 1 0 
1 1 0 
2 3 1 2 0 
1 1 0 
2 3 3 4 0 
3 2 0 5 
3 2 0 3 
3 2 0 1 
3 2 0 2 
3 2 0 4 
1 1 0 
1 1 0 
1 1 0 
2 3 12 13 0 
2 3 11 14 0 
3 2 0 15 
3 2 0 11 
3 2 0 14 
3 2 0 12 
3 2 0 13 
1 1 0 
1 1 0 
2 3 21 22 0 
1 1 0 
1 1 0 
2 3 24 25 0 
2 3 23 26 0 
1 1 0 
2 3 27 28 0 
3 2 0 29 
3 2 0 27 
3 2 0 23 
3 2 0 21 
3 2 0 22 
3 2 0 26 
3 2 0 24 
3 2 0 25 
3 2 0 28 
1 1 0 
1 1 0 
2 3 39 40 0 
1 1 0 
1 1 0 
2 3 42 43 0 
2 3 41 44 0 
3 2 0 45 
3 2 0 41 
3 2 0 39 
3 2 0 40 
3 2 0 44 
3 2 0 42 
3 2 0 43 
1 1 0 
1 1 0 
1 1 0 
2 3 54 55 0 
2 3 53 56 0 
3 2 0 57 
3 2 0 53 
3 2 0 56 
3 2 0 54 
3 2 0 55 
1 1 0 
1 1 0 
2 3 63 64 0 
1 1 0 
2 3 65 66 0 
1 1 0 
2 3 67 68 0 
3 2 0 69 
3 2 0 67 
3 2 0 65 
3 2 0 63 
3 2 0 64 
3 2 0 66 
3 2 0 68 
1 1 0 
1 1 0 
2 3 77 78 0 
1 1 0 
2 3 79 80 0 
3 2 0 81 
3 2 0 79 
3 2 0 77 
3 2 0 78 
3 2 0 80 
1 1 0 
1 1 0 
1 1 0 
1 1 0 
2 3 89 90 0 
2 3 88 91 0 
2 3 87 92 0 
3 2 0 93 
3 2 0 87 
3 2 0 92 
3 2 0 88 
3 2 0 91 
3 2 0 89 
3 2 0 90 
1 1 0 
1 1 0 
2 3 101 102 0 
1 1 0 
2 3 103 104 0 
1 1 0 
2 3 105 106 0 
3 2 0 107 
3 2 0 105 
3 2 0 103 
3 2 0 101 
3 2 0 102 
3 2 0 104 
3 2 0 106 
1 1 0 
1 1 0 
2 3 115 116 0 
1 1 0 
2 3 117 118 0 
1 1 0 
2 3 119 120 0 
1 1 0 
2 3 121 122 0 
3 2 0 123 
3 2 0 121 
3 2 0 119 
3 2 0 117 
3 2 0 115 
3 2 0 116 
3 2 0 118 
3 2 0 120 
3 2 0 122 
1 1 0 
1 1 0 
2 3 133 134 0 
1 1 0 
2 3 135 136 0 
1 1 0 
2 3 137 138 0 
3 2 0 139 
3 2 0 137 
3 2 0 135 
3 2 0 133 
3 2 0 134 
3 2 0 136 
3 2 0 138 
1 1 0 
1 1 0 
1 1 0 
2 3 148 149 0 
1 1 0 
1 1 0 
2 3 151 152 0 
2 3 150 153 0 
2 3 147 154 0 
3 2 0 155 
3 2 0 147 
3 2 0 154 
3 2 0 150 
3 2 0 148 
3 2 0 149 
3 2 0 153 
3 2 0 151 
3 2 0 152 
1 1 0 
1 1 0 
1 1 0 
1 1 0 
2 3 167 168 0 
2 3 166 169 0 
2 3 165 170 0 
3 2 0 171 
3 2 0 165 
3 2 0 170 
3 2 0 166 
3 2 0 169 
3 2 0 167 
3 2 0 168 
1 1 0 
1 1 0 
2 3 179 180 0 
1 1 0 
1 1 0 
2 3 182 183 0 
2 3 181 184 0 
1 1 0 
2 3 185 186 0 
3 2 0 187 
3 2 0 185 
3 2 0 181 
3 2 0 179 
3 2 0 180 
3 2 0 184 
3 2 0 182 
3 2 0 183 
3 2 0 186 
1 1 0 
1 1 0 
2 3 197 198 0 
1 1 0 
2 3 199 200 0 
1 1 0 
2 3 201 202 0 
3 2 0 203 
3 2 0 201 
3 2 0 199 
3 2 0 197 
3 2 0 198 
3 2 0 200 
3 2 0 202 
1 1 0 
1 1 0 
2 3 211 212 0 
1 1 0 
2 3 213 214 0 
3 2 0 215 
3 2 0 213 
3 2 0 211 
3 2 0 212 
3 2 0 214 
1 1 0 
1 1 0 
2 3 221 222 0 
3 2 0 223 
3 2 0 221 
3 2 0 222 
1 1 0 
1 1 0 
2 3 227 228 0 
1 1 0 
2 3 229 230 0 
1 1 0 
2 3 231 232 0 
3 2 0 233 
3 2 0 231 
3 2 0 229 
3 2 0 227 
3 2 0 228 
3 2 0 230 
3 2 0 232 
1 1 0 
1 1 0 
2 3 241 242 0 
1 1 0 
2 3 243 244 0 
1 1 0 
2 3 245 246 0 
3 2 0 247 
3 2 0 245 
3 2 0 243 
3 2 0 241 
3 2 0 242 
3 2 0 244 
3 2 0 246 
1 1 0 
1 1 0 
2 3 255 256 0 
1 1 0 
2 3 257 258 0 
1 1 0 
2 3 259 260 0 
3 2 0 261 
3 2 0 259 
3 2 0 257 
3 2 0 255 
3 2 0 256 
3 2 0 258 
3 2 0 260 
1 1 0 
1 1 0 
1 1 0 
2 3 270 271 0 
1 1 0 
2 3 272 273 0 
1 1 0 
1 1 0 
1 1 0 
1 1 0 
2 3 277 278 0 
1 1 0 
1 1 0 
2 3 280 281 0 
1 1 0 
1 1 0 
2 3 283 284 0 
1 1 0 
2 3 285 286 0 
2 3 282 287 0 
2 3 279 288 0 
2 3 276 289 0 
2 3 275 290 0 
2 3 274 291 0 
1 1 0 
2 3 292 293 0 
2 3 269 294 0 
3 2 0 295 
3 2 0 269 
3 2 0 294 
3 2 0 292 
3 2 0 274 
3 2 0 272 
3 2 0 270 
3 2 0 271 
3 2 0 273 
3 2 0 291 
3 2 0 275 
3 2 0 290 
3 2 0 276 
3 2 0 289 
3 2 0 279 
3 2 0 277 
3 2 0 278 
3 2 0 288 
3 2 0 282 
3 2 0 280 
3 2 0 281 
3 2 0 287 
3 2 0 285 
3 2 0 283 
3 2 0 284 
3 2 0 286 
3 2 0 293 
1 1 0 
1 1 0 
2 3 323 324 0 
1 1 0 
1 1 0 
1 1 0 
2 3 327 328 0 
2 3 326 329 0 
2 3 325 330 0 
1 1 0 
1 1 0 
1 1 0 
1 1 0 
2 3 334 335 0 
2 3 333 336 0 
1 1 0 
1 1 0 
2 3 338 339 0 
2 3 337 340 0 
1 1 0 
1 1 0 
1 1 0 
2 3 343 344 0 
2 3 342 345 0 
2 3 341 346 0 
1 1 0 
2 3 347 348 0 
1 1 0 
2 3 349 350 0 
1 1 0 
1 1 0 
1 1 0 
2 3 353 354 0 
1 1 0 
2 3 355 356 0 
2 3 352 357 0 
2 3 351 358 0 
1 1 0 
1 1 0 
1 1 0 
2 3 361 362 0 
1 1 0 
1 1 0 
2 3 364 365 0 
1 1 0 
1 1 0 
1 1 0 
2 3 368 369 0 
2 3 367 370 0 
2 3 366 371 0 
2 3 363 372 0 
2 3 360 373 0 
2 3 359 374 0 
1 1 0 
2 3 375 376 0 
2 3 332 377 0 
2 3 331 378 0 
3 2 0 379 
3 2 0 331 
3 2 0 325 
3 2 0 323 
3 2 0 324 
3 2 0 330 
3 2 0 326 
3 2 0 329 
3 2 0 327 
3 2 0 328 
3 2 0 378 
3 2 0 332 
3 2 0 377 
3 2 0 375 
3 2 0 359 
3 2 0 351 
3 2 0 349 
3 2 0 347 
3 2 0 341 
3 2 0 337 
3 2 0 333 
3 2 0 336 
3 2 0 334 
3 2 0 335 
3 2 0 340 
3 2 0 338 
3 2 0 339 
3 2 0 346 
3 2 0 342 
3 2 0 345 
3 2 0 343 
3 2 0 344 
3 2 0 348 
3 2 0 350 
3 2 0 358 
3 2 0 352 
3 2 0 357 
3 2 0 355 
3 2 0 353 
3 2 0 354 
3 2 0 356 
3 2 0 374 
3 2 0 360 
3 2 0 373 
3 2 0 363 
3 2 0 361 
3 2 0 362 
3 2 0 372 
3 2 0 366 
3 2 0 364 
3 2 0 365 
3 2 0 371 
3 2 0 367 
3 2 0 370 
3 2 0 368 
3 2 0 369 
3 2 0 376 
1 1 0 
1 1 0 
1 1 0 
2 3 438 439 0 
2 3 437 440 0 
3 2 0 441 
3 2 0 437 
3 2 0 440 
3 2 0 438 
3 2 0 439 
1 1 0 
1 1 0 
2 3 447 448 0 
1 1 0 
2 3 449 450 0 
1 1 0 
2 3 451 452 0 
3 2 0 453 
3 2 0 451 
3 2 0 449 
3 2 0 447 
3 2 0 448 
3 2 0 450 
3 2 0 452 
1 1 0 
1 1 0 
1 1 0 
2 3 462 463 0 
2 3 461 464 0 
3 2 0 465 
3 2 0 461 
3 2 0 464 
3 2 0 462 
3 2 0 463 
1 1 0 
1 1 0 
2 3 471 472 0 
1 1 0 
2 3 473 474 0 
1 1 0 
2 3 475 476 0 
3 2 0 477 
3 2 0 475 
3 2 0 473 
3 2 0 471 
3 2 0 472 
3 2 0 474 
3 2 0 476 
1 1 0 
1 1 0 
1 1 0 
1 1 0 
2 3 487 488 0 
2 3 486 489 0 
2 3 485 490 0 
3 2 0 491 
3 2 0 485 
3 2 0 490 
3 2 0 486 
3 2 0 489 
3 2 0 487 
3 2 0 488 
1 1 0 
1 1 0 
1 1 0 
2 3 500 501 0 
2 3 499 502 0 
3 2 0 503 
3 2 0 499 
3 2 0 502 
3 2 0 500 
3 2 0 501 
1 1 0 
1 1 0 
2 3 509 510 0 
1 1 0 
2 3 511 512 0 
1 1 0 
2 3 513 514 0 
3 2 0 515 
3 2 0 513 
3 2 0 511 
3 2 0 509 
3 2 0 510 
3 2 0 512 
3 2 0 514 
1 1 0 
1 1 0 
1 1 0 
2 3 524 525 0 
1 1 0 
2 3 526 527 0 
2 3 523 528 0 
3 2 0 529 
3 2 0 523 
3 2 0 528 
3 2 0 526 
3 2 0 524 
3 2 0 525 
3 2 0 527 
1 1 0 
1 1 0 
2 3 537 538 0 
1 1 0 
2 3 539 540 0 
3 2 0 541 
3 2 0 539 
3 2 0 537 
3 2 0 538 
3 2 0 540 
1 1 0 
1 1 0 
1 1 0 
1 1 0 
1 1 0 
1 1 0 
1 1 0 
2 3 552 553 0 
2 3 551 554 0 
2 3 550 555 0 
2 3 549 556 0 
2 3 548 557 0 
2 3 547 558 0 
1 1 0 
1 1 0 
1 1 0 
1 1 0 
2 3 562 563 0 
2 3 561 564 0 
2 3 560 565 0 
2 3 559 566 0 
1 1 0 
1 1 0 
2 3 568 569 0 
2 3 567 570 0 
1 1 0 
2 3 571 572 0 
3 2 0 573 
3 2 0 571 
3 2 0 567 
3 2 0 559 
3 2 0 547 
3 2 0 558 
3 2 0 548 
3 2 0 557 
3 2 0 549 
3 2 0 556 
3 2 0 550 
3 2 0 555 
3 2 0 551 
3 2 0 554 
3 2 0 552 
3 2 0 553 
3 2 0 566 
3 2 0 560 
3 2 0 565 
3 2 0 561 
3 2 0 564 
3 2 0 562 
3 2 0 563 
3 2 0 570 
3 2 0 568 
3 2 0 569 
3 2 0 572 
1 1 0 
1 1 0 
1 1 0 
1 1 0 
1 1 0 
2 3 604 605 0 
2 3 603 606 0 
2 3 602 607 0 
2 3 601 608 0 
3 2 0 609 
3 2 0 601 
3 2 0 608 
3 2 0 602 
3 2 0 607 
3 2 0 603 
3 2 0 606 
3 2 0 604 
3 2 0 605 
1 1 0 
1 1 0 
1 1 0 
2 3 620 621 0 
2 3 619 622 0 
1 1 0 
2 3 623 624 0 
3 2 0 625 
3 2 0 623 
3 2 0 619 
3 2 0 622 
3 2 0 620 
3 2 0 621 
3 2 0 624 
1 1 0 
1 1 0 
2 3 633 634 0 
3 2 0 635 
3 2 0 633 
3 2 0 634 
1 1 0 
1 1 0 
2 3 639 640 0 
1 1 0 
1 1 0 
2 3 642 643 0 
2 3 641 644 0 
3 2 0 645 
3 2 0 641 
3 2 0 639 
3 2 0 640 
3 2 0 644 
3 2 0 642 
3 2 0 643 
1 1 0 
1 1 0 
1 1 0 
1 1 0 
1 1 0 
2 3 656 657 0 
2 3 655 658 0 
2 3 654 659 0 
2 3 653 660 0 
3 2 0 661 
3 2 0 653 
3 2 0 660 
3 2 0 654 
3 2 0 659 
3 2 0 655 
3 2 0 658 
3 2 0 656 
3 2 0 657 
1 1 0 
1 1 0 
1 1 0 
2 3 672 673 0 
2 3 671 674 0 
3 2 0 675 
3 2 0 671 
3 2 0 674 
3 2 0 672 
3 2 0 673 
1 1 0 
1 1 0 
1 1 0 
1 1 0 
2 3 683 684 0 
1 1 0 
2 3 685 686 0 
2 3 682 687 0 
2 3 681 688 0 
3 2 0 689 
3 2 0 681 
3 2 0 688 
3 2 0 682 
3 2 0 687 
3 2 0 685 
3 2 0 683 
3 2 0 684 
3 2 0 686 
1 1 0 
1 1 0 
2 3 699 700 0 
3 2 0 701 
3 2 0 699 
3 2 0 700 
1 1 0 
1 1 0 
1 1 0 
1 1 0 
2 3 707 708 0 
2 3 706 709 0 
2 3 705 710 0 
3 2 0 711 
3 2 0 705 
3 2 0 710 
3 2 0 706 
3 2 0 709 
3 2 0 707 
3 2 0 708 
1 1 0 
1 1 0 
1 1 0 
1 1 0 
2 3 721 722 0 
2 3 720 723 0 
2 3 719 724 0 
3 2 0 725 
3 2 0 719 
3 2 0 724 
3 2 0 720 
3 2 0 723 
3 2 0 721 
3 2 0 722 
1 1 0 
1 1 0 
2 3 733 734 0 
3 2 0 735 
3 2 0 733 
3 2 0 734 
1 1 0 
1 1 0 
1 1 0 
2 3 740 741 0 
2 3 739 742 0 
1 1 0 
1 1 0 
1 1 0 
1 1 0 
1 1 0 
2 3 747 748 0 
2 3 746 749 0 
2 3 745 750 0 
1 1 0 
1 1 0 
1 1 0 
1 1 0 
2 3 754 755 0 
2 3 753 756 0 
2 3 752 757 0 
2 3 751 758 0 
1 1 0 
2 3 759 760 0 
1 1 0 
1 1 0 
2 3 762 763 0 
1 1 0 
1 1 0 
1 1 0 
2 3 766 767 0 
1 1 0 
2 3 768 769 0 
1 1 0 
1 1 0 
2 3 771 772 0 
2 3 770 773 0 
2 3 765 774 0 
2 3 764 775 0 
2 3 761 776 0 
2 3 744 777 0 
1 1 0 
2 3 778 779 0 
2 3 743 780 0 
3 2 0 781 
3 2 0 743 
3 2 0 739 
3 2 0 742 
3 2 0 740 
3 2 0 741 
3 2 0 780 
3 2 0 778 
3 2 0 744 
3 2 0 777 
3 2 0 761 
3 2 0 759 
3 2 0 751 
3 2 0 745 
3 2 0 750 
3 2 0 746 
3 2 0 749 
3 2 0 747 
3 2 0 748 
3 2 0 758 
3 2 0 752 
3 2 0 757 
3 2 0 753 
3 2 0 756 
3 2 0 754 
3 2 0 755 
3 2 0 760 
3 2 0 776 
3 2 0 764 
3 2 0 762 
3 2 0 763 
3 2 0 775 
3 2 0 765 
3 2 0 774 
3 2 0 770 
3 2 0 768 
3 2 0 766 
3 2 0 767 
3 2 0 769 
3 2 0 773 
3 2 0 771 
3 2 0 772 
3 2 0 779 
1 1 0 
1 1 0 
2 3 825 826 0 
1 1 0 
2 3 827 828 0 
1 1 0 
2 3 829 830 0 
3 2 0 831 
3 2 0 829 
3 2 0 827 
3 2 0 825 
3 2 0 826 
3 2 0 828 
3 2 0 830 
1 1 0 
1 1 0 
2 3 839 840 0 
1 1 0 
2 3 841 842 0 
3 2 0 843 
3 2 0 841 
3 2 0 839 
3 2 0 840 
3 2 0 842 
1 1 0 
1 1 0 
2 3 849 850 0 
1 1 0 
2 3 851 852 0 
3 2 0 853 
3 2 0 851 
3 2 0 849 
3 2 0 850 
3 2 0 852 
1 1 0 
1 1 0 
2 3 859 860 0 
1 1 0 
2 3 861 862 0 
3 2 0 863 
3 2 0 861 
3 2 0 859 
3 2 0 860 
3 2 0 862 
1 1 0 
1 1 0 
1 1 0 
2 3 870 871 0 
2 3 869 872 0 
3 2 0 873 
3 2 0 869 
3 2 0 872 
3 2 0 870 
3 2 0 871 
1 1 0 
1 1 0 
2 3 879 880 0 
1 1 0 
2 3 881 882 0 
1 1 0 
2 3 883 884 0 
3 2 0 885 
3 2 0 883 
3 2 0 881 
3 2 0 879 
3 2 0 880 
3 2 0 882 
3 2 0 884 
1 1 0 
1 1 0 
2 3 893 894 0 
1 1 0 
2 3 895 896 0 
3 2 0 897 
3 2 0 895 
3 2 0 893 
3 2 0 894 
3 2 0 896 
1 1 0 
1 1 0 
1 1 0 
1 1 0 
2 3 905 906 0 
2 3 904 907 0 
2 3 903 908 0 
3 2 0 909 
3 2 0 903 
3 2 0 908 
3 2 0 904 
3 2 0 907 
3 2 0 905 
3 2 0 906 
1 1 0 
1 1 0 
1 1 0 
2 3 918 919 0 
2 3 917 920 0 
3 2 0 921 
3 2 0 917 
3 2 0 920 
3 2 0 918 
3 2 0 919 
1 1 0 
1 1 0 
1 1 0 
1 1 0 
2 3 929 930 0 
2 3 928 931 0 
2 3 927 932 0 
3 2 0 933 
3 2 0 927 
3 2 0 932 
3 2 0 928 
3 2 0 931 
3 2 0 929 
3 2 0 930 
1 1 0 
1 1 0 
2 3 941 942 0 
1 1 0 
1 1 0 
2 3 944 945 0 
2 3 943 946 0 
3 2 0 947 
3 2 0 943 
3 2 0 941 
3 2 0 942 
3 2 0 946 
3 2 0 944 
3 2 0 945 
1 1 0 
1 1 0 
1 1 0 
1 1 0 
2 3 957 958 0 
2 3 956 959 0 
2 3 955 960 0 
3 2 0 961 
3 2 0 955 
3 2 0 960 
3 2 0 956 
3 2 0 959 
3 2 0 957 
3 2 0 958 
1 1 0 
1 1 0 
1 1 0 
1 1 0 
2 3 971 972 0 
2 3 970 973 0 
2 3 969 974 0 
3 2 0 975 
3 2 0 969 
3 2 0 974 
3 2 0 970 
3 2 0 973 
3 2 0 971 
3 2 0 972 
1 1 0 
1 1 0 
1 1 0 
2 3 984 985 0 
2 3 983 986 0 
1 1 0 
2 3 987 988 0 
3 2 0 989 
3 2 0 987 
3 2 0 983 
3 2 0 986 
3 2 0 984 
3 2 0 985 
3 2 0 988 
1 1 0 
1 1 0 
2 3 997 998 0 
1 1 0 
2 3 999 1000 0 
1 1 0 
2 3 1001 1002 0 
3 2 0 1003 
3 2 0 1001 
3 2 0 999 
3 2 0 997 
3 2 0 998 
3 2 0 1000 
3 2 0 1002 
1 1 0 
1 1 0 
2 3 1011 1012 0 
1 1 0 
2 3 1013 1014 0 
3 2 0 1015 
3 2 0 1013 
3 2 0 1011 
3 2 0 1012 
3 2 0 1014 
1 1 0 
1 1 0 
1 1 0 
1 1 0 
1 1 0 
2 3 1024 1025 0 
2 3 1023 1026 0 
2 3 1022 1027 0 
2 3 1021 1028 0 
3 2 0 1029 
3 2 0 1021 
3 2 0 1028 
3 2 0 1022 
3 2 0 1027 
3 2 0 1023 
3 2 0 1026 
3 2 0 1024 
3 2 0 1025 
1 1 0 
1 1 0 
2 3 1039 1040 0 
1 1 0 
1 1 0 
1 1 0 
2 3 1043 1044 0 
2 3 1042 1045 0 
1 1 0 
2 3 1046 1047 0 
1 1 0 
2 3 1048 1049 0 
1 1 0 
2 3 1050 1051 0 
1 1 0 
1 1 0 
1 1 0 
1 1 0 
2 3 1055 1056 0 
2 3 1054 1057 0 
2 3 1053 1058 0 
1 1 0 
1 1 0 
1 1 0 
2 3 1061 1062 0 
2 3 1060 1063 0 
2 3 1059 1064 0 
2 3 1052 1065 0 
1 1 0 
2 3 1066 1067 0 
2 3 1041 1068 0 
3 2 0 1069 
3 2 0 1041 
3 2 0 1039 
3 2 0 1040 
3 2 0 1068 
3 2 0 1066 
3 2 0 1052 
3 2 0 1050 
3 2 0 1048 
3 2 0 1046 
3 2 0 1042 
3 2 0 1045 
3 2 0 1043 
3 2 0 1044 
3 2 0 1047 
3 2 0 1049 
3 2 0 1051 
3 2 0 1065 
3 2 0 1059 
3 2 0 1053 
3 2 0 1058 
3 2 0 1054 
3 2 0 1057 
3 2 0 1055 
3 2 0 1056 
3 2 0 1064 
3 2 0 1060 
3 2 0 1063 
3 2 0 1061 
3 2 0 1062 
3 2 0 1067 
1 1 0 
1 1 0 
1 1 0 
2 3 1102 1103 0 
2 3 1101 1104 0 
1 1 0 
2 3 1105 1106 0 
3 2 0 1107 
3 2 0 1105 
3 2 0 1101 
3 2 0 1104 
3 2 0 1102 
3 2 0 1103 
3 2 0 1106 
1 1 0 
1 1 0 
1 1 0 
2 3 1116 1117 0 
2 3 1115 1118 0 
3 2 0 1119 
3 2 0 1115 
3 2 0 1118 
3 2 0 1116 
3 2 0 1117 
1 1 0 
1 1 0 
2 3 1125 1126 0 
1 1 0 
2 3 1127 1128 0 
1 1 0 
2 3 1129 1130 0 
3 2 0 1131 
3 2 0 1129 
3 2 0 1127 
3 2 0 1125 
3 2 0 1126 
3 2 0 1128 
3 2 0 1130 
1 1 0 
1 1 0 
1 1 0 
1 1 0 
2 3 1141 1142 0 
2 3 1140 1143 0 
2 3 1139 1144 0 
3 2 0 1145 
3 2 0 1139 
3 2 0 1144 
3 2 0 1140 
3 2 0 1143 
3 2 0 1141 
3 2 0 1142 
1 1 0 
1 1 0 
1 1 0 
2 3 1154 1155 0 
2 3 1153 1156 0 
3 2 0 1157 
3 2 0 1153 
3 2 0 1156 
3 2 0 1154 
3 2 0 1155 
1 1 0 
1 1 0 
1 1 0 
2 3 1164 1165 0 
1 1 0 
2 3 1166 1167 0 
2 3 1163 1168 0 
3 2 0 1169 
3 2 0 1163 
3 2 0 1168 
3 2 0 1166 
3 2 0 1164 
3 2 0 1165 
3 2 0 1167 
1 1 0 
1 1 0 
2 3 1177 1178 0 
1 1 0 
2 3 1179 1180 0 
3 2 0 1181 
3 2 0 1179 
3 2 0 1177 
3 2 0 1178 
3 2 0 1180 
1 1 0 
1 1 0 
1 1 0 
1 1 0 
2 3 1189 1190 0 
2 3 1188 1191 0 
2 3 1187 1192 0 
3 2 0 1193 
3 2 0 1187 
3 2 0 1192 
3 2 0 1188 
3 2 0 1191 
3 2 0 1189 
3 2 0 1190 
1 1 0 
1 1 0 
2 3 1201 1202 0 
1 1 0 
1 1 0 
1 1 0 
1 1 0 
1 1 0 
2 3 1207 1208 0 
1 1 0 
1 1 0 
2 3 1210 1211 0 
1 1 0 
1 1 0 
1 1 0 
1 1 0 
1 1 0 
1 1 0 
1 1 0 
1 1 0 
2 3 1219 1220 0 
1 1 0 
2 3 1221 1222 0 
2 3 1218 1223 0 
2 3 1217 1224 0 
1 1 0 
2 3 1225 1226 0 
2 3 1216 1227 0 
2 3 1215 1228 0 
2 3 1214 1229 0 
2 3 1213 1230 0 
2 3 1212 1231 0 
2 3 1209 1232 0 
2 3 1206 1233 0 
2 3 1205 1234 0 
2 3 1204 1235 0 
1 1 0 
2 3 1236 1237 0 
2 3 1203 1238 0 
3 2 0 1239 
3 2 0 1203 
3 2 0 1201 
3 2 0 1202 
3 2 0 1238 
3 2 0 1236 
3 2 0 1204 
3 2 0 1235 
3 2 0 1205 
3 2 0 1234 
3 2 0 1206 
3 2 0 1233 
3 2 0 1209 
3 2 0 1207 
3 2 0 1208 
3 2 0 1232 
3 2 0 1212 
3 2 0 1210 
3 2 0 1211 
3 2 0 1231 
3 2 0 1213 
3 2 0 1230 
3 2 0 1214 
3 2 0 1229 
3 2 0 1215 
3 2 0 1228 
3 2 0 1216 
3 2 0 1227 
3 2 0 1225 
3 2 0 1217 
3 2 0 1224 
3 2 0 1218 
3 2 0 1223 
3 2 0 1221 
3 2 0 1219 
3 2 0 1220 
3 2 0 1222 
3 2 0 1226 
3 2 0 1237 
1 1 0 
1 1 0 
1 1 0 
2 3 1280 1281 0 
1 1 0 
2 3 1282 1283 0 
2 3 1279 1284 0 
3 2 0 1285 
3 2 0 1279 
3 2 0 1284 
3 2 0 1282 
3 2 0 1280 
3 2 0 1281 
3 2 0 1283 
1 1 0 
1 1 0 
1 1 0 
1 1 0 
2 3 1295 1296 0 
2 3 1294 1297 0 
2 3 1293 1298 0 
3 2 0 1299 
3 2 0 1293 
3 2 0 1298 
3 2 0 1294 
3 2 0 1297 
3 2 0 1295 
3 2 0 1296 
1 1 0 
1 1 0 
2 3 1307 1308 0 
1 1 0 
1 1 0 
2 3 1310 1311 0 
2 3 1309 1312 0 
3 2 0 1313 
3 2 0 1309 
3 2 0 1307 
3 2 0 1308 
3 2 0 1312 
3 2 0 1310 
3 2 0 1311 
1 1 0 
1 1 0 
2 3 1321 1322 0 
3 2 0 1323 
3 2 0 1321 
3 2 0 1322 
1 1 0 
1 1 0 
2 3 1327 1328 0 
3 2 0 1329 
3 2 0 1327 
3 2 0 1328 
1 1 0 
1 1 0 
2 3 1333 1334 0 
1 1 0 
2 3 1335 1336 0 
1 1 0 
2 3 1337 1338 0 
3 2 0 1339 
3 2 0 1337 
3 2 0 1335 
3 2 0 1333 
3 2 0 1334 
3 2 0 1336 
3 2 0 1338 
1 1 0 
1 1 0 
2 3 1347 1348 0 
3 2 0 1349 
3 2 0 1347 
3 2 0 1348 
1 1 0 
1 1 0 
1 1 0 
1 1 0 
2 3 1355 1356 0 
2 3 1354 1357 0 
2 3 1353 1358 0 
3 2 0 1359 
3 2 0 1353 
3 2 0 1358 
3 2 0 1354 
3 2 0 1357 
3 2 0 1355 
3 2 0 1356 
1 1 0 
1 1 0 
1 1 0 
1 1 0 
2 3 1369 1370 0 
2 3 1368 1371 0 
2 3 1367 1372 0 
3 2 0 1373 
3 2 0 1367 
3 2 0 1372 
3 2 0 1368 
3 2 0 1371 
3 2 0 1369 
3 2 0 1370 
1 1 0 
1 1 0 
2 3 1381 1382 0 
1 1 0 
1 1 0 
2 3 1384 1385 0 
2 3 1383 1386 0 
3 2 0 1387 
3 2 0 1383 
3 2 0 1381 
3 2 0 1382 
3 2 0 1386 
3 2 0 1384 
3 2 0 1385 
1 1 0 
1 1 0 
1 1 0 
2 3 1396 1397 0 
2 3 1395 1398 0 
3 2 0 1399 
3 2 0 1395 
3 2 0 1398 
3 2 0 1396 
3 2 0 1397 
1 1 0 
1 1 0 
2 3 1405 1406 0 
1 1 0 
2 3 1407 1408 0 
1 1 0 
2 3 1409 1410 0 
3 2 0 1411 
3 2 0 1409 
3 2 0 1407 
3 2 0 1405 
3 2 0 1406 
3 2 0 1408 
3 2 0 1410 
1 1 0 
1 1 0 
1 1 0 
2 3 1420 1421 0 
2 3 1419 1422 0 
1 1 0 
2 3 1423 1424 0 
3 2 0 1425 
3 2 0 1423 
3 2 0 1419 
3 2 0 1422 
3 2 0 1420 
3 2 0 1421 
3 2 0 1424 
1 1 0 
1 1 0 
1 1 0 
1 1 0 
2 3 1435 1436 0 
2 3 1434 1437 0 
2 3 1433 1438 0 
3 2 0 1439 
3 2 0 1433 
3 2 0 1438 
3 2 0 1434 
3 2 0 1437 
3 2 0 1435 
3 2 0 1436 
1 1 0 
1 1 0 
2 3 1447 1448 0 
1 1 0 
2 3 1449 1450 0 
1 1 0 
2 3 1451 1452 0 
3 2 0 1453 
3 2 0 1451 
3 2 0 1449 
3 2 0 1447 
3 2 0 1448 
3 2 0 1450 
3 2 0 1452 
1 1 0 
1 1 0 
1 1 0 
1 1 0 
2 3 1463 1464 0 
2 3 1462 1465 0 
2 3 1461 1466 0 
3 2 0 1467 
3 2 0 1461 
3 2 0 1466 
3 2 0 1462 
3 2 0 1465 
3 2 0 1463 
3 2 0 1464 
1 1 0 
1 1 0 
1 1 0 
2 3 1476 1477 0 
2 3 1475 1478 0 
1 1 0 
1 1 0 
2 3 1480 1481 0 
2 3 1479 1482 0 
1 1 0 
2 3 1483 1484 0 
3 2 0 1485 
3 2 0 1483 
3 2 0 1479 
3 2 0 1475 
3 2 0 1478 
3 2 0 1476 
3 2 0 1477 
3 2 0 1482 
3 2 0 1480 
3 2 0 1481 
3 2 0 1484 
1 1 0 
1 1 0 
2 3 1497 1498 0 
1 1 0 
2 3 1499 1500 0 
1 1 0 
2 3 1501 1502 0 
3 2 0 1503 
3 2 0 1501 
3 2 0 1499 
3 2 0 1497 
3 2 0 1498 
3 2 0 1500 
3 2 0 1502 
1 1 0 
1 1 0 
1 1 0 
1 1 0 
2 3 1513 1514 0 
1 1 0 
2 3 1515 1516 0 
2 3 1512 1517 0 
2 3 1511 1518 0 
3 2 0 1519 
3 2 0 1511 
3 2 0 1518 
3 2 0 1512 
3 2 0 1517 
3 2 0 1515 
3 2 0 1513 
3 2 0 1514 
3 2 0 1516 
1 1 0 
1 1 0 
1 1 0 
2 3 1530 1531 0 
1 1 0 
2 3 1532 1533 0 
2 3 1529 1534 0 
3 2 0 1535 
3 2 0 1529 
3 2 0 1534 
3 2 0 1532 
3 2 0 1530 
3 2 0 1531 
3 2 0 1533 
1 1 0 
1 1 0 
1 1 0 
2 3 1544 1545 0 
1 1 0 
1 1 0 
1 1 0 
1 1 0 
2 3 1549 1550 0 
2 3 1548 1551 0 
1 1 0 
2 3 1552 1553 0 
2 3 1547 1554 0 
2 3 1546 1555 0 
2 3 1543 1556 0 
3 2 0 1557 
3 2 0 1543 
3 2 0 1556 
3 2 0 1546 
3 2 0 1544 
3 2 0 1545 
3 2 0 1555 
3 2 0 1547 
3 2 0 1554 
3 2 0 1552 
3 2 0 1548 
3 2 0 1551 
3 2 0 1549 
3 2 0 1550 
3 2 0 1553 
1 1 0 
1 1 0 
1 1 0 
2 3 1574 1575 0 
2 3 1573 1576 0 
1 1 0 
2 3 1577 1578 0 
3 2 0 1579 
3 2 0 1577 
3 2 0 1573 
3 2 0 1576 
3 2 0 1574 
3 2 0 1575 
3 2 0 1578 
1 1 0 
1 1 0 
1 1 0 
2 3 1588 1589 0 
2 3 1587 1590 0 
3 2 0 1591 
3 2 0 1587 
3 2 0 1590 
3 2 0 1588 
3 2 0 1589 
1 1 0 
1 1 0 
2 3 1597 1598 0 
1 1 0 
1 1 0 
2 3 1600 1601 0 
2 3 1599 1602 0 
1 1 0 
2 3 1603 1604 0 
3 2 0 1605 
3 2 0 1603 
3 2 0 1599 
3 2 0 1597 
3 2 0 1598 
3 2 0 1602 
3 2 0 1600 
3 2 0 1601 
3 2 0 1604 
1 1 0 
1 1 0 
1 1 0 
2 3 1616 1617 0 
2 3 1615 1618 0 
3 2 0 1619 
3 2 0 1615 
3 2 0 1618 
3 2 0 1616 
3 2 0 1617 
1 1 0 
1 1 0 
1 1 0 
2 3 1626 1627 0 
2 3 1625 1628 0 
1 1 0 
1 1 0 
2 3 1630 1631 0 
2 3 1629 1632 0 
1 1 0 
2 3 1633 1634 0 
3 2 0 1635 
3 2 0 1633 
3 2 0 1629 
3 2 0 1625 
3 2 0 1628 
3 2 0 1626 
3 2 0 1627 
3 2 0 1632 
3 2 0 1630 
3 2 0 1631 
3 2 0 1634 
1 1 0 
1 1 0 
1 1 0 
1 1 0 
2 3 1649 1650 0 
2 3 1648 1651 0 
2 3 1647 1652 0 
3 2 0 1653 
3 2 0 1647 
3 2 0 1652 
3 2 0 1648 
3 2 0 1651 
3 2 0 1649 
3 2 0 1650 
1 1 0 
1 1 0 
2 3 1661 1662 0 
1 1 0 
1 1 0 
2 3 1664 1665 0 
2 3 1663 1666 0 
3 2 0 1667 
3 2 0 1663 
3 2 0 1661 
3 2 0 1662 
3 2 0 1666 
3 2 0 1664 
3 2 0 1665 
1 1 0 
1 1 0 
2 3 1675 1676 0 
1 1 0 
2 3 1677 1678 0 
1 1 0 
2 3 1679 1680 0 
3 2 0 1681 
3 2 0 1679 
3 2 0 1677 
3 2 0 1675 
3 2 0 1676 
3 2 0 1678 
3 2 0 1680 
1 1 0 
1 1 0 
1 1 0 
2 3 1690 1691 0 
1 1 0 
2 3 1692 1693 0 
2 3 1689 1694 0 
3 2 0 1695 
3 2 0 1689 
3 2 0 1694 
3 2 0 1692 
3 2 0 1690 
3 2 0 1691 
3 2 0 1693 
1 1 0 
1 1 0 
1 1 0 
2 3 1704 1705 0 
1 1 0 
2 3 1706 1707 0 
2 3 1703 1708 0 
3 2 0 1709 
3 2 0 1703 
3 2 0 1708 
3 2 0 1706 
3 2 0 1704 
3 2 0 1705 
3 2 0 1707 
1 1 0 
1 1 0 
2 3 1717 1718 0 
1 1 0 
2 3 1719 1720 0 
1 1 0 
2 3 1721 1722 0 
3 2 0 1723 
3 2 0 1721 
3 2 0 1719 
3 2 0 1717 
3 2 0 1718 
3 2 0 1720 
3 2 0 1722 
1 1 0 
1 1 0 
1 1 0 
2 3 1732 1733 0 
2 3 1731 1734 0 
1 1 0 
2 3 1735 1736 0 
3 2 0 1737 
3 2 0 1735 
3 2 0 1731 
3 2 0 1734 
3 2 0 1732 
3 2 0 1733 
3 2 0 1736 
1 1 0 
1 1 0 
1 1 0 
1 1 0 
2 3 1747 1748 0 
2 3 1746 1749 0 
2 3 1745 1750 0 
3 2 0 1751 
3 2 0 1745 
3 2 0 1750 
3 2 0 1746 
3 2 0 1749 
3 2 0 1747 
3 2 0 1748 
1 1 0 
1 1 0 
1 1 0 
2 3 1760 1761 0 
2 3 1759 1762 0 
3 2 0 1763 
3 2 0 1759 
3 2 0 1762 
3 2 0 1760 
3 2 0 1761 
1 1 0 
1 1 0 
2 3 1769 1770 0 
1 1 0 
2 3 1771 1772 0 
3 2 0 1773 
3 2 0 1771 
3 2 0 1769 
3 2 0 1770 
3 2 0 1772 
1 1 0 
1 1 0 
2 3 1779 1780 0 
1 1 0 
2 3 1781 1782 0 
3 2 0 1783 
3 2 0 1781 
3 2 0 1779 
3 2 0 1780 
3 2 0 1782 
1 1 0 
1 1 0 
2 3 1789 1790 0 
1 1 0 
2 3 1791 1792 0 
1 1 0 
2 3 1793 1794 0 
3 2 0 1795 
3 2 0 1793 
3 2 0 1791 
3 2 0 1789 
3 2 0 1790 
3 2 0 1792 
3 2 0 1794 
1 1 0 
1 1 0 
1 1 0 
2 3 1804 1805 0 
2 3 1803 1806 0 
3 2 0 1807 
3 2 0 1803 
3 2 0 1806 
3 2 0 1804 
3 2 0 1805 
1 1 0 
1 1 0 
2 3 1813 1814 0 
1 1 0 
1 1 0 
2 3 1816 1817 0 
2 3 1815 1818 0 
3 2 0 1819 
3 2 0 1815 
3 2 0 1813 
3 2 0 1814 
3 2 0 1818 
3 2 0 1816 
3 2 0 1817 
1 1 0 
1 1 0 
1 1 0 
2 3 1828 1829 0 
1 1 0 
2 3 1830 1831 0 
2 3 1827 1832 0 
3 2 0 1833 
3 2 0 1827 
3 2 0 1832 
3 2 0 1830 
3 2 0 1828 
3 2 0 1829 
3 2 0 1831 
1 1 0 
1 1 0 
1 1 0 
2 3 1842 1843 0 
2 3 1841 1844 0 
3 2 0 1845 
3 2 0 1841 
3 2 0 1844 
3 2 0 1842 
3 2 0 1843 
1 1 0 
1 1 0 
1 1 0 
2 3 1852 1853 0 
2 3 1851 1854 0 
3 2 0 1855 
3 2 0 1851 
3 2 0 1854 
3 2 0 1852 
3 2 0 1853 
1 1 0 
1 1 0 
1 1 0 
2 3 1862 1863 0 
1 1 0 
2 3 1864 1865 0 
2 3 1861 1866 0 
3 2 0 1867 
3 2 0 1861 
3 2 0 1866 
3 2 0 1864 
3 2 0 1862 
3 2 0 1863 
3 2 0 1865 
1 1 0 
1 1 0 
1 1 0 
1 1 0 
2 3 1877 1878 0 
2 3 1876 1879 0 
2 3 1875 1880 0 
1 1 0 
2 3 1881 1882 0 
1 1 0 
1 1 0 
2 3 1884 1885 0 
2 3 1883 1886 0 
1 1 0 
2 3 1887 1888 0 
3 2 0 1889 
3 2 0 1887 
3 2 0 1883 
3 2 0 1881 
3 2 0 1875 
3 2 0 1880 
3 2 0 1876 
3 2 0 1879 
3 2 0 1877 
3 2 0 1878 
3 2 0 1882 
3 2 0 1886 
3 2 0 1884 
3 2 0 1885 
3 2 0 1888 
1 1 0 
1 1 0 
1 1 0 
1 1 0 
2 3 1907 1908 0 
2 3 1906 1909 0 
2 3 1905 1910 0 
3 2 0 1911 
3 2 0 1905 
3 2 0 1910 
3 2 0 1906 
3 2 0 1909 
3 2 0 1907 
3 2 0 1908 
1 1 0 
1 1 0 
2 3 1919 1920 0 
3 2 0 1921 
3 2 0 1919 
3 2 0 1920 
1 1 0 
1 1 0 
2 3 1925 1926 0 
1 1 0 
2 3 1927 1928 0 
3 2 0 1929 
3 2 0 1927 
3 2 0 1925 
3 2 0 1926 
3 2 0 1928 
1 1 0 
1 1 0 
2 3 1935 1936 0 
1 1 0 
2 3 1937 1938 0 
1 1 0 
2 3 1939 1940 0 
3 2 0 1941 
3 2 0 1939 
3 2 0 1937 
3 2 0 1935 
3 2 0 1936 
3 2 0 1938 
3 2 0 1940 
1 1 0 
1 1 0 
2 3 1949 1950 0 
1 1 0 
2 3 1951 1952 0 
3 2 0 1953 
3 2 0 1951 
3 2 0 1949 
3 2 0 1950 
3 2 0 1952 
1 1 0 
1 1 0 
2 3 1959 1960 0 
1 1 0 
2 3 1961 1962 0 
1 1 0 
2 3 1963 1964 0 
3 2 0 1965 
3 2 0 1963 
3 2 0 1961 
3 2 0 1959 
3 2 0 1960 
3 2 0 1962 
3 2 0 1964 
1 1 0 
1 1 0 
1 1 0 
1 1 0 
2 3 1975 1976 0 
2 3 1974 1977 0 
1 1 0 
1 1 0 
2 3 1979 1980 0 
1 1 0 
2 3 1981 1982 0 
2 3 1978 1983 0 
1 1 0 
1 1 0 
1 1 0 
2 3 1986 1987 0 
1 1 0 
1 1 0 
1 1 0 
1 1 0 
2 3 1991 1992 0 
2 3 1990 1993 0 
2 3 1989 1994 0 
1 1 0 
1 1 0 
1 1 0 
1 1 0 
2 3 1998 1999 0 
2 3 1997 2000 0 
2 3 1996 2001 0 
2 3 1995 2002 0 
2 3 1988 2003 0 
2 3 1985 2004 0 
1 1 0 
2 3 2005 2006 0 
2 3 1984 2007 0 
2 3 1973 2008 0 
3 2 0 2009 
3 2 0 1973 
3 2 0 2008 
3 2 0 1984 
3 2 0 1978 
3 2 0 1974 
3 2 0 1977 
3 2 0 1975 
3 2 0 1976 
3 2 0 1983 
3 2 0 1981 
3 2 0 1979 
3 2 0 1980 
3 2 0 1982 
3 2 0 2007 
3 2 0 2005 
3 2 0 1985 
3 2 0 2004 
3 2 0 1988 
3 2 0 1986 
3 2 0 1987 
3 2 0 2003 
3 2 0 1995 
3 2 0 1989 
3 2 0 1994 
3 2 0 1990 
3 2 0 1993 
3 2 0 1991 
3 2 0 1992 
3 2 0 2002 
3 2 0 1996 
3 2 0 2001 
3 2 0 1997 
3 2 0 2000 
3 2 0 1998 
3 2 0 1999 
3 2 0 2006 
1 1 0 
1 1 0 
1 1 0 
2 3 2048 2049 0 
2 3 2047 2050 0 
3 2 0 2051 
3 2 0 2047 
3 2 0 2050 
3 2 0 2048 
3 2 0 2049 
1 1 0 
1 1 0 
2 3 2057 2058 0 
3 2 0 2059 
3 2 0 2057 
3 2 0 2058 
1 1 0 
1 1 0 
2 3 2063 2064 0 
1 1 0 
2 3 2065 2066 0 
1 1 0 
1 1 0 
1 1 0 
2 3 2069 2070 0 
2 3 2068 2071 0 
2 3 2067 2072 0 
1 1 0 
2 3 2073 2074 0 
3 2 0 2075 
3 2 0 2073 
3 2 0 2067 
3 2 0 2065 
3 2 0 2063 
3 2 0 2064 
3 2 0 2066 
3 2 0 2072 
3 2 0 2068 
3 2 0 2071 
3 2 0 2069 
3 2 0 2070 
3 2 0 2074 
1 1 0 
1 1 0 
1 1 0 
2 3 2090 2091 0 
1 1 0 
1 1 0 
2 3 2093 2094 0 
2 3 2092 2095 0 
2 3 2089 2096 0 
3 2 0 2097 
3 2 0 2089 
3 2 0 2096 
3 2 0 2092 
3 2 0 2090 
3 2 0 2091 
3 2 0 2095 
3 2 0 2093 
3 2 0 2094 
1 1 0 
1 1 0 
1 1 0 
2 3 2108 2109 0 
2 3 2107 2110 0 
1 1 0 
1 1 0 
1 1 0 
2 3 2113 2114 0 
1 1 0 
2 3 2115 2116 0 
2 3 2112 2117 0 
2 3 2111 2118 0 
3 2 0 2119 
3 2 0 2111 
3 2 0 2107 
3 2 0 2110 
3 2 0 2108 
3 2 0 2109 
3 2 0 2118 
3 2 0 2112 
3 2 0 2117 
3 2 0 2115 
3 2 0 2113 
3 2 0 2114 
3 2 0 2116 
67 1066 6 7 8 9 10 16 17 18 19 20 30 31 32 33 34 35 36 37 38 46 47 48 49 50 51 52 58 59 60 61 62 70 71 72 73 74 75 76 82 83 84 85 86 94 95 96 97 98 99 100 108 109 110 111 112 113 114 124 125 126 127 128 129 130 131 132 140 141 142 143 144 145 146 156 157 158 159 160 161 162 163 164 172 173 174 175 176 177 178 188 189 190 191 192 193 194 195 196 204 205 206 207 208 209 210 216 217 218 219 220 224 225 226 234 235 236 237 238 239 240 248 249 250 251 252 253 254 262 263 264 265 266 267 268 296 297 298 299 300 301 302 303 304 305 306 307 308 309 310 311 312 313 314 315 316 317 318 319 320 321 322 380 381 382 383 384 385 386 387 388 389 390 391 392 393 394 395 396 397 398 399 400 401 402 403 404 405 406 407 408 409 410 411 412 413 414 415 416 417 418 419 420 421 422 423 424 425 426 427 428 429 430 431 432 433 434 435 436 442 443 444 445 446 454 455 456 457 458 459 460 466 467 468 469 470 478 479 480 481 482 483 484 492 493 494 495 496 497 498 504 505 506 507 508 516 517 518 519 520 521 522 530 531 532 533 534 535 536 542 543 544 545 546 574 575 576 577 578 579 580 581 582 583 584 585 586 587 588 589 590 591 592 593 594 595 596 597 598 599 600 610 611 612 613 614 615 616 617 618 626 627 628 629 630 631 632 636 637 638 646 647 648 649 650 651 652 662 663 664 665 666 667 668 669 670 676 677 678 679 680 690 691 692 693 694 695 696 697 698 702 703 704 712 713 714 715 716 717 718 726 727 728 729 730 731 732 736 737 738 782 783 784 785 786 787 788 789 790 791 792 793 794 795 796 797 798 799 800 801 802 803 804 805 806 807 808 809 810 811 812 813 814 815 816 817 818 819 820 821 822 823 824 832 833 834 835 836 837 838 844 845 846 847 848 854 855 856 857 858 864 865 866 867 868 874 875 876 877 878 886 887 888 889 890 891 892 898 899 900 901 902 910 911 912 913 914 915 916 922 923 924 925 926 934 935 936 937 938 939 940 948 949 950 951 952 953 954 962 963 964 965 966 967 968 976 977 978 979 980 981 982 990 991 992 993 994 995 996 1004 1005 1006 1007 1008 1009 1010 1016 1017 1018 1019 1020 1030 1031 1032 1033 1034 1035 1036 1037 1038 1070 1071 1072 1073 1074 1075 1076 1077 1078 1079 1080 1081 1082 1083 1084 1085 1086 1087 1088 1089 1090 1091 1092 1093 1094 1095 1096 1097 1098 1099 1100 1108 1109 1110 1111 1112 1113 1114 1120 1121 1122 1123 1124 1132 1133 1134 1135 1136 1137 1138 1146 1147 1148 1149 1150 1151 1152 1158 1159 1160 1161 1162 1170 1171 1172 1173 1174 1175 1176 1182 1183 1184 1185 1186 1194 1195 1196 1197 1198 1199 1200 1240 1241 1242 1243 1244 1245 1246 1247 1248 1249 1250 1251 1252 1253 1254 1255 1256 1257 1258 1259 1260 1261 1262 1263 1264 1265 1266 1267 1268 1269 1270 1271 1272 1273 1274 1275 1276 1277 1278 1286 1287 1288 1289 1290 1291 1292 1300 1301 1302 1303 1304 1305 1306 1314 1315 1316 1317 1318 1319 1320 1324 1325 1326 1330 1331 1332 1340 1341 1342 1343 1344 1345 1346 1350 1351 1352 1360 1361 1362 1363 1364 1365 1366 1374 1375 1376 1377 1378 1379 1380 1388 1389 1390 1391 1392 1393 1394 1400 1401 1402 1403 1404 1412 1413 1414 1415 1416 1417 1418 1426 1427 1428 1429 1430 1431 1432 1440 1441 1442 1443 1444 1445 1446 1454 1455 1456 1457 1458 1459 1460 1468 1469 1470 1471 1472 1473 1474 1486 1487 1488 1489 1490 1491 1492 1493 1494 1495 1496 1504 1505 1506 1507 1508 1509 1510 1520 1521 1522 1523 1524 1525 1526 1527 1528 1536 1537 1538 1539 1540 1541 1542 1558 1559 1560 1561 1562 1563 1564 1565 1566 1567 1568 1569 1570 1571 1572 1580 1581 1582 1583 1584 1585 1586 1592 1593 1594 1595 1596 1606 1607 1608 1609 1610 1611 1612 1613 1614 1620 1621 1622 1623 1624 1636 1637 1638 1639 1640 1641 1642 1643 1644 1645 1646 1654 1655 1656 1657 1658 1659 1660 1668 1669 1670 1671 1672 1673 1674 1682 1683 1684 1685 1686 1687 1688 1696 1697 1698 1699 1700 1701 1702 1710 1711 1712 1713 1714 1715 1716 1724 1725 1726 1727 1728 1729 1730 1738 1739 1740 1741 1742 1743 1744 1752 1753 1754 1755 1756 1757 1758 1764 1765 1766 1767 1768 1774 1775 1776 1777 1778 1784 1785 1786 1787 1788 1796 1797 1798 1799 1800 1801 1802 1808 1809 1810 1811 1812 1820 1821 1822 1823 1824 1825 1826 1834 1835 1836 1837 1838 1839 1840 1846 1847 1848 1849 1850 1856 1857 1858 1859 1860 1868 1869 1870 1871 1872 1873 1874 1890 1891 1892 1893 1894 1895 1896 1897 1898 1899 1900 1901 1902 1903 1904 1912 1913 1914 1915 1916 1917 1918 1922 1923 1924 1930 1931 1932 1933 1934 1942 1943 1944 1945 1946 1947 1948 1954 1955 1956 1957 1958 1966 1967 1968 1969 1970 1971 1972 2010 2011 2012 2013 2014 2015 2016 2017 2018 2019 2020 2021 2022 2023 2024 2025 2026 2027 2028 2029 2030 2031 2032 2033 2034 2035 2036 2037 2038 2039 2040 2041 2042 2043 2044 2045 2046 2052 2053 2054 2055 2056 2060 2061 2062 2076 2077 2078 2079 2080 2081 2082 2083 2084 2085 2086 2087 2088 2098 2099 2100 2101 2102 2103 2104 2105 2106 2120 2121 2122 2123 2124 2125 2126 2127 2128 2129 2130 2131 2132 
