244
0 0 
1 0 
1 0 
1 0 
1 0 
1 0 
1 0 
1 0 
1 0 
11 0 
11 0 
11 0 
11 0 
11 0 
11 0 
11 0 
11 0 
11 0 
11 0 
11 0 
11 0 
11 0 
11 0 
12 2 0 9 
13 1 23 
14 2 0 9 
13 1 25 
15 3 0 10 24 
16 2 27 24 
17 3 0 22 26 
16 2 29 26 
15 3 0 11 28 
16 2 31 28 
17 3 0 21 30 
16 2 33 30 
15 3 0 12 32 
16 2 35 32 
17 3 0 20 34 
16 2 37 34 
15 3 0 13 36 
16 2 39 36 
17 3 0 19 38 
16 2 41 38 
15 3 0 14 40 
16 2 43 40 
17 3 0 18 42 
16 2 45 42 
15 3 0 15 44 
16 2 47 44 
17 3 0 17 46 
16 2 49 46 
15 3 0 16 48 
16 2 51 48 
17 3 0 16 50 
16 2 53 50 
15 3 0 17 52 
16 2 55 52 
17 3 0 15 54 
16 2 57 54 
15 3 0 18 56 
16 2 59 56 
17 3 0 14 58 
16 2 61 58 
15 3 0 19 60 
16 2 63 60 
17 3 0 13 62 
16 2 65 62 
15 3 0 20 64 
16 2 67 64 
17 3 0 12 66 
16 2 69 66 
15 3 0 21 68 
16 2 71 68 
17 3 0 11 70 
16 2 73 70 
15 3 0 22 72 
16 2 75 72 
17 3 0 10 74 
16 2 77 74 
15 3 0 9 76 
16 2 79 76 
17 3 0 9 78 
16 2 81 78 
18 2 80 82 
1 0 
1 0 
1 0 
1 0 
1 0 
1 0 
1 0 
11 0 
11 0 
11 0 
11 0 
11 0 
11 0 
11 0 
11 0 
11 0 
11 0 
12 2 0 91 
13 1 101 
14 2 0 91 
13 1 103 
15 3 0 92 102 
16 2 105 102 
17 3 0 100 104 
16 2 107 104 
15 3 0 93 106 
16 2 109 106 
17 3 0 99 108 
16 2 111 108 
15 3 0 94 110 
16 2 113 110 
17 3 0 98 112 
16 2 115 112 
15 3 0 95 114 
16 2 117 114 
17 3 0 97 116 
16 2 119 116 
15 3 0 96 118 
16 2 121 118 
17 3 0 96 120 
16 2 123 120 
15 3 0 97 122 
16 2 125 122 
17 3 0 95 124 
16 2 127 124 
15 3 0 98 126 
16 2 129 126 
17 3 0 94 128 
16 2 131 128 
15 3 0 99 130 
16 2 133 130 
17 3 0 93 132 
16 2 135 132 
15 3 0 100 134 
16 2 137 134 
17 3 0 92 136 
16 2 139 136 
15 3 0 91 138 
16 2 141 138 
17 3 0 91 140 
16 2 143 140 
18 2 142 144 
1 0 
1 0 
2 2 0 1 
3 1 148 
4 2 0 147 
3 1 150 
5 3 0 2 149 
6 2 152 149 
7 3 0 146 151 
6 2 154 151 
5 3 0 3 153 
6 2 156 153 
7 3 0 145 155 
6 2 158 155 
5 3 0 4 157 
6 2 160 157 
7 3 0 90 159 
6 2 162 159 
5 3 0 5 161 
6 2 164 161 
7 3 0 89 163 
6 2 166 163 
5 3 0 6 165 
6 2 168 165 
7 3 0 88 167 
6 2 170 167 
5 3 0 7 169 
6 2 172 169 
7 3 0 87 171 
6 2 174 171 
5 3 0 8 173 
6 2 176 173 
7 3 0 86 175 
6 2 178 175 
5 3 0 83 177 
6 2 180 177 
7 3 0 85 179 
6 2 182 179 
5 3 0 84 181 
6 2 184 181 
7 3 0 84 183 
6 2 186 183 
5 3 0 85 185 
6 2 188 185 
7 3 0 83 187 
6 2 190 187 
5 3 0 86 189 
6 2 192 189 
7 3 0 8 191 
6 2 194 191 
5 3 0 87 193 
6 2 196 193 
7 3 0 7 195 
6 2 198 195 
5 3 0 88 197 
6 2 200 197 
7 3 0 6 199 
6 2 202 199 
5 3 0 89 201 
6 2 204 201 
7 3 0 5 203 
6 2 206 203 
5 3 0 90 205 
6 2 208 205 
7 3 0 4 207 
6 2 210 207 
5 3 0 145 209 
6 2 212 209 
7 3 0 3 211 
6 2 214 211 
5 3 0 146 213 
6 2 216 213 
7 3 0 2 215 
6 2 218 215 
5 3 0 147 217 
6 2 220 217 
7 3 0 1 219 
6 2 222 219 
8 3 149 223 0 
8 3 153 219 0 
8 3 157 215 0 
8 3 161 211 0 
8 3 165 207 0 
8 3 169 203 0 
8 3 173 199 0 
8 3 177 195 0 
8 3 181 191 0 
8 3 185 187 0 
8 3 189 183 0 
8 3 193 179 0 
8 3 197 175 0 
8 3 201 171 0 
8 3 205 167 0 
8 3 209 163 0 
8 3 213 159 0 
8 3 217 155 0 
8 3 221 151 0 
19 19 224 225 226 227 228 229 230 231 232 233 234 235 236 237 238 239 240 241 242 
