194
0 0 
1 0 
1 0 
1 0 
1 0 
1 0 
1 0 
1 0 
1 0 
1 0 
1 0 
1 0 
1 0 
1 0 
1 0 
1 0 
1 0 
1 0 
1 0 
1 0 
1 0 
1 0 
1 0 
1 0 
1 0 
1 0 
1 0 
1 0 
1 0 
1 0 
1 0 
1 0 
1 0 
2 2 0 1 
3 1 33 
4 2 0 32 
3 1 35 
5 3 0 2 34 
6 2 37 34 
7 3 0 31 36 
6 2 39 36 
5 3 0 3 38 
6 2 41 38 
7 3 0 30 40 
6 2 43 40 
5 3 0 4 42 
6 2 45 42 
7 3 0 29 44 
6 2 47 44 
5 3 0 5 46 
6 2 49 46 
7 3 0 28 48 
6 2 51 48 
5 3 0 6 50 
6 2 53 50 
7 3 0 27 52 
6 2 55 52 
5 3 0 7 54 
6 2 57 54 
7 3 0 26 56 
6 2 59 56 
5 3 0 8 58 
6 2 61 58 
7 3 0 25 60 
6 2 63 60 
5 3 0 9 62 
6 2 65 62 
7 3 0 24 64 
6 2 67 64 
5 3 0 10 66 
6 2 69 66 
7 3 0 23 68 
6 2 71 68 
5 3 0 11 70 
6 2 73 70 
7 3 0 22 72 
6 2 75 72 
5 3 0 12 74 
6 2 77 74 
7 3 0 21 76 
6 2 79 76 
5 3 0 13 78 
6 2 81 78 
7 3 0 20 80 
6 2 83 80 
5 3 0 14 82 
6 2 85 82 
7 3 0 19 84 
6 2 87 84 
5 3 0 15 86 
6 2 89 86 
7 3 0 18 88 
6 2 91 88 
5 3 0 16 90 
6 2 93 90 
7 3 0 17 92 
6 2 95 92 
5 3 0 17 94 
6 2 97 94 
7 3 0 16 96 
6 2 99 96 
5 3 0 18 98 
6 2 101 98 
7 3 0 15 100 
6 2 103 100 
5 3 0 19 102 
6 2 105 102 
7 3 0 14 104 
6 2 107 104 
5 3 0 20 106 
6 2 109 106 
7 3 0 13 108 
6 2 111 108 
5 3 0 21 110 
6 2 113 110 
7 3 0 12 112 
6 2 115 112 
5 3 0 22 114 
6 2 117 114 
7 3 0 11 116 
6 2 119 116 
5 3 0 23 118 
6 2 121 118 
7 3 0 10 120 
6 2 123 120 
5 3 0 24 122 
6 2 125 122 
7 3 0 9 124 
6 2 127 124 
5 3 0 25 126 
6 2 129 126 
7 3 0 8 128 
6 2 131 128 
5 3 0 26 130 
6 2 133 130 
7 3 0 7 132 
6 2 135 132 
5 3 0 27 134 
6 2 137 134 
7 3 0 6 136 
6 2 139 136 
5 3 0 28 138 
6 2 141 138 
7 3 0 5 140 
6 2 143 140 
5 3 0 29 142 
6 2 145 142 
7 3 0 4 144 
6 2 147 144 
5 3 0 30 146 
6 2 149 146 
7 3 0 3 148 
6 2 151 148 
5 3 0 31 150 
6 2 153 150 
7 3 0 2 152 
6 2 155 152 
5 3 0 32 154 
6 2 157 154 
7 3 0 1 156 
6 2 159 156 
8 3 34 160 0 
8 3 38 156 0 
8 3 42 152 0 
8 3 46 148 0 
8 3 50 144 0 
8 3 54 140 0 
8 3 58 136 0 
8 3 62 132 0 
8 3 66 128 0 
8 3 70 124 0 
8 3 74 120 0 
8 3 78 116 0 
8 3 82 112 0 
8 3 86 108 0 
8 3 90 104 0 
8 3 94 100 0 
8 3 98 96 0 
8 3 102 92 0 
8 3 106 88 0 
8 3 110 84 0 
8 3 114 80 0 
8 3 118 76 0 
8 3 122 72 0 
8 3 126 68 0 
8 3 130 64 0 
8 3 134 60 0 
8 3 138 56 0 
8 3 142 52 0 
8 3 146 48 0 
8 3 150 44 0 
8 3 154 40 0 
8 3 158 36 0 
20 32 161 162 163 164 165 166 167 168 169 170 171 172 173 174 175 176 177 178 179 180 181 182 183 184 185 186 187 188 189 190 191 192 
