311
0 0 
1 0 
1 0 
1 0 
1 0 
1 0 
1 0 
1 0 
1 0 
1 0 
11 0 
11 0 
11 0 
11 0 
11 0 
11 0 
11 0 
11 0 
11 0 
11 0 
11 0 
11 0 
11 0 
11 0 
12 2 0 10 
13 1 24 
14 2 0 10 
13 1 26 
15 3 0 11 25 
16 2 28 25 
17 3 0 23 27 
16 2 30 27 
15 3 0 12 29 
16 2 32 29 
17 3 0 22 31 
16 2 34 31 
15 3 0 13 33 
16 2 36 33 
17 3 0 21 35 
16 2 38 35 
15 3 0 14 37 
16 2 40 37 
17 3 0 20 39 
16 2 42 39 
15 3 0 15 41 
16 2 44 41 
17 3 0 19 43 
16 2 46 43 
15 3 0 16 45 
16 2 48 45 
17 3 0 18 47 
16 2 50 47 
15 3 0 17 49 
16 2 52 49 
17 3 0 17 51 
16 2 54 51 
15 3 0 18 53 
16 2 56 53 
17 3 0 16 55 
16 2 58 55 
15 3 0 19 57 
16 2 60 57 
17 3 0 15 59 
16 2 62 59 
15 3 0 20 61 
16 2 64 61 
17 3 0 14 63 
16 2 66 63 
15 3 0 21 65 
16 2 68 65 
17 3 0 13 67 
16 2 70 67 
15 3 0 22 69 
16 2 72 69 
17 3 0 12 71 
16 2 74 71 
15 3 0 23 73 
16 2 76 73 
17 3 0 11 75 
16 2 78 75 
15 3 0 10 77 
16 2 80 77 
17 3 0 10 79 
16 2 82 79 
18 2 81 83 
11 0 
11 0 
11 0 
11 0 
11 0 
11 0 
11 0 
11 0 
11 0 
12 2 0 85 
13 1 94 
14 2 0 85 
13 1 96 
15 3 0 86 95 
16 2 98 95 
17 3 0 93 97 
16 2 100 97 
15 3 0 87 99 
16 2 102 99 
17 3 0 92 101 
16 2 104 101 
15 3 0 88 103 
16 2 106 103 
17 3 0 91 105 
16 2 108 105 
15 3 0 89 107 
16 2 110 107 
17 3 0 90 109 
16 2 112 109 
15 3 0 90 111 
16 2 114 111 
17 3 0 89 113 
16 2 116 113 
15 3 0 91 115 
16 2 118 115 
17 3 0 88 117 
16 2 120 117 
15 3 0 92 119 
16 2 122 119 
17 3 0 87 121 
16 2 124 121 
15 3 0 93 123 
16 2 126 123 
17 3 0 86 125 
16 2 128 125 
15 3 0 85 127 
16 2 130 127 
17 3 0 85 129 
16 2 132 129 
18 2 131 133 
1 0 
1 0 
1 0 
1 0 
1 0 
1 0 
1 0 
1 0 
1 0 
1 0 
1 0 
1 0 
1 0 
1 0 
1 0 
1 0 
1 0 
1 0 
1 0 
1 0 
2 2 0 1 
3 1 155 
4 2 0 154 
3 1 157 
5 3 0 2 156 
6 2 159 156 
7 3 0 153 158 
6 2 161 158 
5 3 0 3 160 
6 2 163 160 
7 3 0 152 162 
6 2 165 162 
5 3 0 4 164 
6 2 167 164 
7 3 0 151 166 
6 2 169 166 
5 3 0 5 168 
6 2 171 168 
7 3 0 150 170 
6 2 173 170 
5 3 0 6 172 
6 2 175 172 
7 3 0 149 174 
6 2 177 174 
5 3 0 7 176 
6 2 179 176 
7 3 0 148 178 
6 2 181 178 
5 3 0 8 180 
6 2 183 180 
7 3 0 147 182 
6 2 185 182 
5 3 0 9 184 
6 2 187 184 
7 3 0 146 186 
6 2 189 186 
5 3 0 84 188 
6 2 191 188 
7 3 0 145 190 
6 2 193 190 
5 3 0 134 192 
6 2 195 192 
7 3 0 144 194 
6 2 197 194 
5 3 0 135 196 
6 2 199 196 
7 3 0 143 198 
6 2 201 198 
5 3 0 136 200 
6 2 203 200 
7 3 0 142 202 
6 2 205 202 
5 3 0 137 204 
6 2 207 204 
7 3 0 141 206 
6 2 209 206 
5 3 0 138 208 
6 2 211 208 
7 3 0 140 210 
6 2 213 210 
5 3 0 139 212 
6 2 215 212 
7 3 0 139 214 
6 2 217 214 
5 3 0 140 216 
6 2 219 216 
7 3 0 138 218 
6 2 221 218 
5 3 0 141 220 
6 2 223 220 
7 3 0 137 222 
6 2 225 222 
5 3 0 142 224 
6 2 227 224 
7 3 0 136 226 
6 2 229 226 
5 3 0 143 228 
6 2 231 228 
7 3 0 135 230 
6 2 233 230 
5 3 0 144 232 
6 2 235 232 
7 3 0 134 234 
6 2 237 234 
5 3 0 145 236 
6 2 239 236 
7 3 0 84 238 
6 2 241 238 
5 3 0 146 240 
6 2 243 240 
7 3 0 9 242 
6 2 245 242 
5 3 0 147 244 
6 2 247 244 
7 3 0 8 246 
6 2 249 246 
5 3 0 148 248 
6 2 251 248 
7 3 0 7 250 
6 2 253 250 
5 3 0 149 252 
6 2 255 252 
7 3 0 6 254 
6 2 257 254 
5 3 0 150 256 
6 2 259 256 
7 3 0 5 258 
6 2 261 258 
5 3 0 151 260 
6 2 263 260 
7 3 0 4 262 
6 2 265 262 
5 3 0 152 264 
6 2 267 264 
7 3 0 3 266 
6 2 269 266 
5 3 0 153 268 
6 2 271 268 
7 3 0 2 270 
6 2 273 270 
5 3 0 154 272 
6 2 275 272 
7 3 0 1 274 
6 2 277 274 
8 3 156 278 0 
8 3 160 274 0 
8 3 164 270 0 
8 3 168 266 0 
8 3 172 262 0 
8 3 176 258 0 
8 3 180 254 0 
8 3 184 250 0 
8 3 188 246 0 
8 3 192 242 0 
8 3 196 238 0 
8 3 200 234 0 
8 3 204 230 0 
8 3 208 226 0 
8 3 212 222 0 
8 3 216 218 0 
8 3 220 214 0 
8 3 224 210 0 
8 3 228 206 0 
8 3 232 202 0 
8 3 236 198 0 
8 3 240 194 0 
8 3 244 190 0 
8 3 248 186 0 
8 3 252 182 0 
8 3 256 178 0 
8 3 260 174 0 
8 3 264 170 0 
8 3 268 166 0 
8 3 272 162 0 
8 3 276 158 0 
23 31 279 280 281 282 283 284 285 286 287 288 289 290 291 292 293 294 295 296 297 298 299 300 301 302 303 304 305 306 307 308 309 
