292
0 0 
1 0 
1 0 
1 0 
1 0 
1 0 
1 0 
11 0 
11 0 
11 0 
11 0 
11 0 
11 0 
11 0 
11 0 
11 0 
11 0 
12 2 0 7 
13 1 17 
14 2 0 7 
13 1 19 
15 3 0 8 18 
16 2 21 18 
17 3 0 16 20 
16 2 23 20 
15 3 0 9 22 
16 2 25 22 
17 3 0 15 24 
16 2 27 24 
15 3 0 10 26 
16 2 29 26 
17 3 0 14 28 
16 2 31 28 
15 3 0 11 30 
16 2 33 30 
17 3 0 13 32 
16 2 35 32 
15 3 0 12 34 
16 2 37 34 
17 3 0 12 36 
16 2 39 36 
15 3 0 13 38 
16 2 41 38 
17 3 0 11 40 
16 2 43 40 
15 3 0 14 42 
16 2 45 42 
17 3 0 10 44 
16 2 47 44 
15 3 0 15 46 
16 2 49 46 
17 3 0 9 48 
16 2 51 48 
15 3 0 16 50 
16 2 53 50 
17 3 0 8 52 
16 2 55 52 
15 3 0 7 54 
16 2 57 54 
17 3 0 7 56 
16 2 59 56 
18 2 58 60 
1 0 
1 0 
1 0 
1 0 
1 0 
1 0 
1 0 
1 0 
1 0 
1 0 
1 0 
1 0 
1 0 
1 0 
1 0 
1 0 
1 0 
1 0 
1 0 
1 0 
11 0 
11 0 
11 0 
11 0 
11 0 
11 0 
11 0 
11 0 
12 2 0 82 
13 1 90 
14 2 0 82 
13 1 92 
15 3 0 83 91 
16 2 94 91 
17 3 0 89 93 
16 2 96 93 
15 3 0 84 95 
16 2 98 95 
17 3 0 88 97 
16 2 100 97 
15 3 0 85 99 
16 2 102 99 
17 3 0 87 101 
16 2 104 101 
15 3 0 86 103 
16 2 106 103 
17 3 0 86 105 
16 2 108 105 
15 3 0 87 107 
16 2 110 107 
17 3 0 85 109 
16 2 112 109 
15 3 0 88 111 
16 2 114 111 
17 3 0 84 113 
16 2 116 113 
15 3 0 89 115 
16 2 118 115 
17 3 0 83 117 
16 2 120 117 
15 3 0 82 119 
16 2 122 119 
17 3 0 82 121 
16 2 124 121 
18 2 123 125 
1 0 
1 0 
1 0 
1 0 
2 2 0 1 
3 1 131 
4 2 0 130 
3 1 133 
5 3 0 2 132 
6 2 135 132 
7 3 0 129 134 
6 2 137 134 
5 3 0 3 136 
6 2 139 136 
7 3 0 128 138 
6 2 141 138 
5 3 0 4 140 
6 2 143 140 
7 3 0 127 142 
6 2 145 142 
5 3 0 5 144 
6 2 147 144 
7 3 0 126 146 
6 2 149 146 
5 3 0 6 148 
6 2 151 148 
7 3 0 81 150 
6 2 153 150 
5 3 0 61 152 
6 2 155 152 
7 3 0 80 154 
6 2 157 154 
5 3 0 62 156 
6 2 159 156 
7 3 0 79 158 
6 2 161 158 
5 3 0 63 160 
6 2 163 160 
7 3 0 78 162 
6 2 165 162 
5 3 0 64 164 
6 2 167 164 
7 3 0 77 166 
6 2 169 166 
5 3 0 65 168 
6 2 171 168 
7 3 0 76 170 
6 2 173 170 
5 3 0 66 172 
6 2 175 172 
7 3 0 75 174 
6 2 177 174 
5 3 0 67 176 
6 2 179 176 
7 3 0 74 178 
6 2 181 178 
5 3 0 68 180 
6 2 183 180 
7 3 0 73 182 
6 2 185 182 
5 3 0 69 184 
6 2 187 184 
7 3 0 72 186 
6 2 189 186 
5 3 0 70 188 
6 2 191 188 
7 3 0 71 190 
6 2 193 190 
5 3 0 71 192 
6 2 195 192 
7 3 0 70 194 
6 2 197 194 
5 3 0 72 196 
6 2 199 196 
7 3 0 69 198 
6 2 201 198 
5 3 0 73 200 
6 2 203 200 
7 3 0 68 202 
6 2 205 202 
5 3 0 74 204 
6 2 207 204 
7 3 0 67 206 
6 2 209 206 
5 3 0 75 208 
6 2 211 208 
7 3 0 66 210 
6 2 213 210 
5 3 0 76 212 
6 2 215 212 
7 3 0 65 214 
6 2 217 214 
5 3 0 77 216 
6 2 219 216 
7 3 0 64 218 
6 2 221 218 
5 3 0 78 220 
6 2 223 220 
7 3 0 63 222 
6 2 225 222 
5 3 0 79 224 
6 2 227 224 
7 3 0 62 226 
6 2 229 226 
5 3 0 80 228 
6 2 231 228 
7 3 0 61 230 
6 2 233 230 
5 3 0 81 232 
6 2 235 232 
7 3 0 6 234 
6 2 237 234 
5 3 0 126 236 
6 2 239 236 
7 3 0 5 238 
6 2 241 238 
5 3 0 127 240 
6 2 243 240 
7 3 0 4 242 
6 2 245 242 
5 3 0 128 244 
6 2 247 244 
7 3 0 3 246 
6 2 249 246 
5 3 0 129 248 
6 2 251 248 
7 3 0 2 250 
6 2 253 250 
5 3 0 130 252 
6 2 255 252 
7 3 0 1 254 
6 2 257 254 
8 3 132 258 0 
8 3 136 254 0 
8 3 140 250 0 
8 3 144 246 0 
8 3 148 242 0 
8 3 152 238 0 
8 3 156 234 0 
8 3 160 230 0 
8 3 164 226 0 
8 3 168 222 0 
8 3 172 218 0 
8 3 176 214 0 
8 3 180 210 0 
8 3 184 206 0 
8 3 188 202 0 
8 3 192 198 0 
8 3 196 194 0 
8 3 200 190 0 
8 3 204 186 0 
8 3 208 182 0 
8 3 212 178 0 
8 3 216 174 0 
8 3 220 170 0 
8 3 224 166 0 
8 3 228 162 0 
8 3 232 158 0 
8 3 236 154 0 
8 3 240 150 0 
8 3 244 146 0 
8 3 248 142 0 
8 3 252 138 0 
8 3 256 134 0 
20 32 259 260 261 262 263 264 265 266 267 268 269 270 271 272 273 274 275 276 277 278 279 280 281 282 283 284 285 286 287 288 289 290 
