Reducing by set { 0 1 2 }
{3 4 5 6 7 8 9 {0 1 2}}
Reducing by set { 3 4 5 }
{6 7 8 9 {0 1 2} {3 4 5}}
Reducing by set { 7 8 }
{6 9 {0 1 2} {3 4 5} {7 8}}
Reducing by set { 0 1 }
{6 9 {2 {0 1}} {3 4 5} {7 8}}
Reducing by set { 4 5 }
{6 9 {2 {0 1}} {3 {4 5}} {7 8}}
----------------------test----------------------
tree before: {6 9 {2 {0 1}} {3 {4 5}} {7 8}}
invalid cnt is 0
tree: {6 9 (7 8) (0 1 2) (3 4 5)}
Check passed!
----------iso reduction 1 test passed-------------
----------------------test----------------------
tree before: {0 1 2 3 4 5 6 7 8 9}
invalid cnt is 0
tree: {0 7 (8 9) (1 2 3) (4 5 6)}
Check passed!
----------iso reduction 2 test passed-------------
----------------------test----------------------
tree before: {0 1 2 3 4 5 6 7 8 9 10 11 12 13 14}
invalid cnt is 0
tree: {1 (11 <8 5 10>) <13 12 14> (4 <2 0 3>) <7 6 9>}
Check passed!
----------iso reduction 3 test passed-------------
----------------------test----------------------
tree before: {0 1 2 3 4 5 6 7 8 9 10 11 12 13 14 15 16 17 18 19}
invalid cnt is 0
tree: {(2 (0 <1 3 4>)) (10 <11 12 13>) <15 16 17> (7 (5 <6 8 9>)) <14 18 19>}
Check passed!
----------iso reduction 4 test passed-------------
----------------------test----------------------
tree before: {0 1 2 3 4 5 6 7 8 9 10 11 12}
invalid cnt is 0
tree: {4 5 (0 8) (2 6) (3 7 (1 9)) (11 (10 12))}
Check passed!
----------iso reduction 5 test passed-------------
----------------------test----------------------
invalid cnt is 0
frontier: 1214, 1223, 1224, 1225, 1226, 1221, 1215, 1218, 1222, 1216, 1219, 1217, 1220, 
tree: {1214 1223 1224 1225 1226 (1221 (1215 1218)) (1222 (1216 1219)) (1217 1220)}
Check passed!
----------iso reduction 6 test passed-------------
----------------------test----------------------
invalid cnt is 0
frontier: 0, 7, 10, 11, 12, 13, 8, 9, 1, 2, 3, 4, 5, 6, 
tree: {0 7 10 ((11 12) 13) ((8 9) 1 2 3) (4 5 6)}
Check passed!
----------iso reduction 7 test passed-------------
----------------------test----------------------
invalid cnt is 0
frontier: 0, 5, 6, 14, 15, 16, 17, 4, 8, 2, 10, 12, 13, 11, 3, 7, 1, 9, 
tree: {0 5 6 14 15 16 17 (4 <8 2 10>) <12 13 11> (3 <7 1 9>)}
Check passed!
----------iso reduction 8 test passed-------------
----------------------test----------------------
invalid cnt is 0
[DecideQNodeDir::Warning]: 1/3 invalid
frontier: 0, 12, 9, 11, 7, 1, 2, 8, 10, 4, 6, 3, 5, 
tree: {0 12 [(9 11) 7] (1 2 (8 10)) ((4 6) 3 5)}
1 of 2is invalid.
----------iso reduction 10 test passed-------------
----------------------test----------------------
invalid cnt is 0
frontier: 0, 187, 189, 316, 317, 318, 319, 320, 321, 322, 323, 324, 325, 326, 327, 328, 329, 330, 331, 332, 333, 334, 335, 336, 337, 338, 339, 340, 341, 342, 343, 344, 345, 346, 347, 348, 349, 1, 94, 46, 139, 22, 115, 67, 160, 10, 103, 55, 148, 31, 124, 76, 169, 4, 97, 49, 142, 25, 118, 70, 163, 13, 106, 58, 151, 34, 127, 79, 172, 3, 96, 48, 141, 24, 117, 69, 162, 12, 105, 57, 150, 33, 126, 78, 171, 6, 99, 51, 144, 27, 120, 72, 165, 15, 108, 60, 153, 36, 129, 81, 174, 7, 100, 52, 145, 28, 121, 73, 166, 16, 109, 61, 154, 37, 130, 82, 175, 9, 102, 54, 147, 30, 123, 75, 168, 18, 111, 63, 156, 39, 132, 84, 177, 19, 112, 64, 157, 40, 133, 85, 178, 21, 114, 66, 159, 42, 135, 87, 180, 43, 136, 88, 181, 45, 138, 90, 183, 91, 184, 93, 186, 190, 192, 254, 194, 256, 224, 286, 196, 258, 226, 288, 210, 272, 240, 302, 198, 260, 228, 290, 212, 274, 242, 304, 204, 266, 234, 296, 218, 280, 248, 310, 200, 262, 230, 292, 214, 276, 244, 306, 206, 268, 236, 298, 220, 282, 250, 312, 202, 264, 232, 294, 216, 278, 246, 308, 208, 270, 238, 300, 222, 284, 252, 314, 191, 193, 255, 195, 257, 225, 287, 197, 259, 227, 289, 211, 273, 241, 303, 199, 261, 229, 291, 213, 275, 243, 305, 205, 267, 235, 297, 219, 281, 249, 311, 201, 263, 231, 293, 215, 277, 245, 307, 207, 269, 237, 299, 221, 283, 251, 313, 203, 265, 233, 295, 217, 279, 247, 309, 209, 271, 239, 301, 223, 285, 253, 315, 188, 92, 185, 44, 137, 89, 182, 20, 113, 65, 158, 41, 134, 86, 179, 8, 101, 53, 146, 29, 122, 74, 167, 17, 110, 62, 155, 38, 131, 83, 176, 2, 95, 47, 140, 23, 116, 68, 161, 11, 104, 56, 149, 32, 125, 77, 170, 5, 98, 50, 143, 26, 119, 71, 164, 14, 107, 59, 152, 35, 128, 80, 173, 
tree: {0 187 189 316 317 318 319 320 321 322 323 324 325 326 327 328 329 330 331 332 333 334 335 336 337 338 339 340 341 342 343 344 345 346 347 348 349 (((((1 94) (46 139)) ((22 115) (67 160))) (((10 103) (55 148)) ((31 124) (76 169)))) ((((4 97) (49 142)) ((25 118) (70 163))) (((13 106) (58 151)) ((34 127) (79 172))))) (((((3 96) (48 141)) ((24 117) (69 162))) (((12 105) (57 150)) ((33 126) (78 171)))) ((((6 99) (51 144)) ((27 120) (72 165))) (((15 108) (60 153)) ((36 129) (81 174))))) ((((7 100) (52 145)) ((28 121) (73 166))) (((16 109) (61 154)) ((37 130) (82 175)))) ((((9 102) (54 147)) ((30 123) (75 168))) (((18 111) (63 156)) ((39 132) (84 177)))) (((19 112) (64 157)) ((40 133) (85 178))) (((21 114) (66 159)) ((42 135) (87 180))) ((43 136) (88 181)) ((45 138) (90 183)) (91 184) (93 186) <190 (192 254) ((194 256) (224 286)) (((196 258) (226 288)) ((210 272) (240 302))) ((((198 260) (228 290)) ((212 274) (242 304))) (((204 266) (234 296)) ((218 280) (248 310)))) (((((200 262) (230 292)) ((214 276) (244 306))) (((206 268) (236 298)) ((220 282) (250 312)))) ((((202 264) (232 294)) ((216 278) (246 308))) (((208 270) (238 300)) ((222 284) (252 314)))))> <191 (193 255) ((195 257) (225 287)) (((197 259) (227 289)) ((211 273) (241 303))) ((((199 261) (229 291)) ((213 275) (243 305))) (((205 267) (235 297)) ((219 281) (249 311)))) (((((201 263) (231 293)) ((215 277) (245 307))) (((207 269) (237 299)) ((221 283) (251 313)))) ((((203 265) (233 295)) ((217 279) (247 309))) (((209 271) (239 301)) ((223 285) (253 315)))))> <188 (92 185) ((44 137) (89 182)) (((20 113) (65 158)) ((41 134) (86 179))) ((((8 101) (53 146)) ((29 122) (74 167))) (((17 110) (62 155)) ((38 131) (83 176)))) (((((2 95) (47 140)) ((23 116) (68 161))) (((11 104) (56 149)) ((32 125) (77 170)))) ((((5 98) (50 143)) ((26 119) (71 164))) (((14 107) (59 152)) ((35 128) (80 173)))))>}
1 of 23is invalid.
----------iso reduction 11 test passed-------------
----------------------test----------------------
invalid cnt is 1
frontier: 4, 5, 6, 3, 7, 1, 0, 2, 
tree: {4 (5 6 3 7) (1 0 2)}
1 of 2is invalid.
----------iso reduction 13 test passed-------------
