5086
0 0 
1 1 0 
1 1 0 
1 1 0 
1 1 0 
2 3 3 4 0 
2 3 2 5 0 
2 3 1 6 0 
1 1 0 
1 1 0 
1 1 0 
2 3 9 10 0 
2 3 8 11 0 
2 3 7 12 0 
1 1 0 
1 1 0 
1 1 0 
1 1 0 
2 3 16 17 0 
2 3 15 18 0 
2 3 14 19 0 
1 1 0 
1 1 0 
1 1 0 
1 1 0 
1 1 0 
2 3 24 25 0 
1 1 0 
1 1 0 
1 1 0 
1 1 0 
1 1 0 
1 1 0 
1 1 0 
1 1 0 
2 3 33 34 0 
2 3 32 35 0 
2 3 31 36 0 
2 3 30 37 0 
2 3 29 38 0 
2 3 28 39 0 
2 3 27 40 0 
2 3 26 41 0 
2 3 23 42 0 
2 3 22 43 0 
2 3 21 44 0 
2 3 20 45 0 
2 3 13 46 0 
1 1 0 
2 3 47 48 0 
3 2 0 49 
3 2 0 47 
3 2 0 13 
3 2 0 7 
3 2 0 1 
3 2 0 6 
3 2 0 2 
3 2 0 5 
3 2 0 3 
3 2 0 4 
3 2 0 12 
3 2 0 8 
3 2 0 11 
3 2 0 9 
3 2 0 10 
3 2 0 46 
3 2 0 20 
3 2 0 14 
3 2 0 19 
3 2 0 15 
3 2 0 18 
3 2 0 16 
3 2 0 17 
3 2 0 45 
3 2 0 21 
3 2 0 44 
3 2 0 22 
3 2 0 43 
3 2 0 23 
3 2 0 42 
3 2 0 26 
3 2 0 24 
3 2 0 25 
3 2 0 41 
3 2 0 27 
3 2 0 40 
3 2 0 28 
3 2 0 39 
3 2 0 29 
3 2 0 38 
3 2 0 30 
3 2 0 37 
3 2 0 31 
3 2 0 36 
3 2 0 32 
3 2 0 35 
3 2 0 33 
3 2 0 34 
3 2 0 48 
1 1 0 
1 1 0 
1 1 0 
1 1 0 
1 1 0 
2 3 102 103 0 
1 1 0 
2 3 104 105 0 
2 3 101 106 0 
1 1 0 
2 3 107 108 0 
1 1 0 
1 1 0 
1 1 0 
1 1 0 
2 3 112 113 0 
1 1 0 
1 1 0 
1 1 0 
1 1 0 
1 1 0 
1 1 0 
1 1 0 
1 1 0 
2 3 121 122 0 
1 1 0 
2 3 123 124 0 
2 3 120 125 0 
1 1 0 
1 1 0 
2 3 127 128 0 
2 3 126 129 0 
2 3 119 130 0 
2 3 118 131 0 
2 3 117 132 0 
2 3 116 133 0 
2 3 115 134 0 
2 3 114 135 0 
2 3 111 136 0 
2 3 110 137 0 
2 3 109 138 0 
2 3 100 139 0 
1 1 0 
2 3 140 141 0 
2 3 99 142 0 
3 2 0 143 
3 2 0 99 
3 2 0 142 
3 2 0 140 
3 2 0 100 
3 2 0 139 
3 2 0 109 
3 2 0 107 
3 2 0 101 
3 2 0 106 
3 2 0 104 
3 2 0 102 
3 2 0 103 
3 2 0 105 
3 2 0 108 
3 2 0 138 
3 2 0 110 
3 2 0 137 
3 2 0 111 
3 2 0 136 
3 2 0 114 
3 2 0 112 
3 2 0 113 
3 2 0 135 
3 2 0 115 
3 2 0 134 
3 2 0 116 
3 2 0 133 
3 2 0 117 
3 2 0 132 
3 2 0 118 
3 2 0 131 
3 2 0 119 
3 2 0 130 
3 2 0 126 
3 2 0 120 
3 2 0 125 
3 2 0 123 
3 2 0 121 
3 2 0 122 
3 2 0 124 
3 2 0 129 
3 2 0 127 
3 2 0 128 
3 2 0 141 
1 1 0 
1 1 0 
1 1 0 
1 1 0 
1 1 0 
2 3 192 193 0 
2 3 191 194 0 
1 1 0 
2 3 195 196 0 
1 1 0 
2 3 197 198 0 
1 1 0 
2 3 199 200 0 
1 1 0 
1 1 0 
1 1 0 
2 3 203 204 0 
2 3 202 205 0 
2 3 201 206 0 
2 3 190 207 0 
2 3 189 208 0 
1 1 0 
1 1 0 
1 1 0 
2 3 211 212 0 
1 1 0 
1 1 0 
1 1 0 
1 1 0 
1 1 0 
2 3 217 218 0 
2 3 216 219 0 
2 3 215 220 0 
1 1 0 
1 1 0 
1 1 0 
1 1 0 
2 3 224 225 0 
2 3 223 226 0 
2 3 222 227 0 
2 3 221 228 0 
1 1 0 
2 3 229 230 0 
2 3 214 231 0 
2 3 213 232 0 
2 3 210 233 0 
2 3 209 234 0 
3 2 0 235 
3 2 0 209 
3 2 0 189 
3 2 0 208 
3 2 0 190 
3 2 0 207 
3 2 0 201 
3 2 0 199 
3 2 0 197 
3 2 0 195 
3 2 0 191 
3 2 0 194 
3 2 0 192 
3 2 0 193 
3 2 0 196 
3 2 0 198 
3 2 0 200 
3 2 0 206 
3 2 0 202 
3 2 0 205 
3 2 0 203 
3 2 0 204 
3 2 0 234 
3 2 0 210 
3 2 0 233 
3 2 0 213 
3 2 0 211 
3 2 0 212 
3 2 0 232 
3 2 0 214 
3 2 0 231 
3 2 0 229 
3 2 0 221 
3 2 0 215 
3 2 0 220 
3 2 0 216 
3 2 0 219 
3 2 0 217 
3 2 0 218 
3 2 0 228 
3 2 0 222 
3 2 0 227 
3 2 0 223 
3 2 0 226 
3 2 0 224 
3 2 0 225 
3 2 0 230 
1 1 0 
1 1 0 
1 1 0 
1 1 0 
1 1 0 
2 3 286 287 0 
2 3 285 288 0 
2 3 284 289 0 
2 3 283 290 0 
1 1 0 
1 1 0 
1 1 0 
1 1 0 
1 1 0 
2 3 295 296 0 
2 3 294 297 0 
2 3 293 298 0 
1 1 0 
1 1 0 
1 1 0 
2 3 301 302 0 
1 1 0 
2 3 303 304 0 
2 3 300 305 0 
2 3 299 306 0 
2 3 292 307 0 
2 3 291 308 0 
1 1 0 
2 3 309 310 0 
1 1 0 
2 3 311 312 0 
3 2 0 313 
3 2 0 311 
3 2 0 309 
3 2 0 291 
3 2 0 283 
3 2 0 290 
3 2 0 284 
3 2 0 289 
3 2 0 285 
3 2 0 288 
3 2 0 286 
3 2 0 287 
3 2 0 308 
3 2 0 292 
3 2 0 307 
3 2 0 299 
3 2 0 293 
3 2 0 298 
3 2 0 294 
3 2 0 297 
3 2 0 295 
3 2 0 296 
3 2 0 306 
3 2 0 300 
3 2 0 305 
3 2 0 303 
3 2 0 301 
3 2 0 302 
3 2 0 304 
3 2 0 310 
3 2 0 312 
1 1 0 
1 1 0 
1 1 0 
2 3 346 347 0 
1 1 0 
1 1 0 
1 1 0 
1 1 0 
2 3 351 352 0 
2 3 350 353 0 
1 1 0 
1 1 0 
1 1 0 
1 1 0 
2 3 357 358 0 
2 3 356 359 0 
1 1 0 
1 1 0 
1 1 0 
2 3 362 363 0 
1 1 0 
1 1 0 
1 1 0 
1 1 0 
2 3 367 368 0 
2 3 366 369 0 
2 3 365 370 0 
2 3 364 371 0 
2 3 361 372 0 
2 3 360 373 0 
2 3 355 374 0 
2 3 354 375 0 
1 1 0 
2 3 376 377 0 
1 1 0 
2 3 378 379 0 
2 3 349 380 0 
2 3 348 381 0 
2 3 345 382 0 
3 2 0 383 
3 2 0 345 
3 2 0 382 
3 2 0 348 
3 2 0 346 
3 2 0 347 
3 2 0 381 
3 2 0 349 
3 2 0 380 
3 2 0 378 
3 2 0 376 
3 2 0 354 
3 2 0 350 
3 2 0 353 
3 2 0 351 
3 2 0 352 
3 2 0 375 
3 2 0 355 
3 2 0 374 
3 2 0 360 
3 2 0 356 
3 2 0 359 
3 2 0 357 
3 2 0 358 
3 2 0 373 
3 2 0 361 
3 2 0 372 
3 2 0 364 
3 2 0 362 
3 2 0 363 
3 2 0 371 
3 2 0 365 
3 2 0 370 
3 2 0 366 
3 2 0 369 
3 2 0 367 
3 2 0 368 
3 2 0 377 
3 2 0 379 
1 1 0 
1 1 0 
1 1 0 
1 1 0 
1 1 0 
2 3 426 427 0 
2 3 425 428 0 
2 3 424 429 0 
2 3 423 430 0 
1 1 0 
1 1 0 
1 1 0 
2 3 433 434 0 
1 1 0 
2 3 435 436 0 
1 1 0 
1 1 0 
2 3 438 439 0 
2 3 437 440 0 
1 1 0 
2 3 441 442 0 
1 1 0 
1 1 0 
2 3 444 445 0 
2 3 443 446 0 
2 3 432 447 0 
2 3 431 448 0 
1 1 0 
2 3 449 450 0 
3 2 0 451 
3 2 0 449 
3 2 0 431 
3 2 0 423 
3 2 0 430 
3 2 0 424 
3 2 0 429 
3 2 0 425 
3 2 0 428 
3 2 0 426 
3 2 0 427 
3 2 0 448 
3 2 0 432 
3 2 0 447 
3 2 0 443 
3 2 0 441 
3 2 0 437 
3 2 0 435 
3 2 0 433 
3 2 0 434 
3 2 0 436 
3 2 0 440 
3 2 0 438 
3 2 0 439 
3 2 0 442 
3 2 0 446 
3 2 0 444 
3 2 0 445 
3 2 0 450 
1 1 0 
1 1 0 
1 1 0 
2 3 482 483 0 
2 3 481 484 0 
1 1 0 
1 1 0 
1 1 0 
1 1 0 
1 1 0 
2 3 489 490 0 
1 1 0 
1 1 0 
1 1 0 
1 1 0 
1 1 0 
2 3 495 496 0 
2 3 494 497 0 
2 3 493 498 0 
2 3 492 499 0 
2 3 491 500 0 
2 3 488 501 0 
2 3 487 502 0 
2 3 486 503 0 
1 1 0 
2 3 504 505 0 
2 3 485 506 0 
3 2 0 507 
3 2 0 485 
3 2 0 481 
3 2 0 484 
3 2 0 482 
3 2 0 483 
3 2 0 506 
3 2 0 504 
3 2 0 486 
3 2 0 503 
3 2 0 487 
3 2 0 502 
3 2 0 488 
3 2 0 501 
3 2 0 491 
3 2 0 489 
3 2 0 490 
3 2 0 500 
3 2 0 492 
3 2 0 499 
3 2 0 493 
3 2 0 498 
3 2 0 494 
3 2 0 497 
3 2 0 495 
3 2 0 496 
3 2 0 505 
1 1 0 
1 1 0 
1 1 0 
2 3 536 537 0 
1 1 0 
1 1 0 
1 1 0 
2 3 540 541 0 
2 3 539 542 0 
2 3 538 543 0 
1 1 0 
1 1 0 
1 1 0 
1 1 0 
1 1 0 
1 1 0 
1 1 0 
1 1 0 
2 3 551 552 0 
2 3 550 553 0 
2 3 549 554 0 
2 3 548 555 0 
2 3 547 556 0 
2 3 546 557 0 
1 1 0 
1 1 0 
2 3 559 560 0 
1 1 0 
2 3 561 562 0 
1 1 0 
2 3 563 564 0 
2 3 558 565 0 
2 3 545 566 0 
2 3 544 567 0 
1 1 0 
2 3 568 569 0 
2 3 535 570 0 
3 2 0 571 
3 2 0 535 
3 2 0 570 
3 2 0 568 
3 2 0 544 
3 2 0 538 
3 2 0 536 
3 2 0 537 
3 2 0 543 
3 2 0 539 
3 2 0 542 
3 2 0 540 
3 2 0 541 
3 2 0 567 
3 2 0 545 
3 2 0 566 
3 2 0 558 
3 2 0 546 
3 2 0 557 
3 2 0 547 
3 2 0 556 
3 2 0 548 
3 2 0 555 
3 2 0 549 
3 2 0 554 
3 2 0 550 
3 2 0 553 
3 2 0 551 
3 2 0 552 
3 2 0 565 
3 2 0 563 
3 2 0 561 
3 2 0 559 
3 2 0 560 
3 2 0 562 
3 2 0 564 
3 2 0 569 
1 1 0 
1 1 0 
1 1 0 
1 1 0 
2 3 611 612 0 
2 3 610 613 0 
2 3 609 614 0 
1 1 0 
2 3 615 616 0 
1 1 0 
1 1 0 
1 1 0 
2 3 619 620 0 
1 1 0 
1 1 0 
2 3 622 623 0 
1 1 0 
1 1 0 
1 1 0 
2 3 626 627 0 
2 3 625 628 0 
2 3 624 629 0 
2 3 621 630 0 
2 3 618 631 0 
2 3 617 632 0 
1 1 0 
2 3 633 634 0 
3 2 0 635 
3 2 0 633 
3 2 0 617 
3 2 0 615 
3 2 0 609 
3 2 0 614 
3 2 0 610 
3 2 0 613 
3 2 0 611 
3 2 0 612 
3 2 0 616 
3 2 0 632 
3 2 0 618 
3 2 0 631 
3 2 0 621 
3 2 0 619 
3 2 0 620 
3 2 0 630 
3 2 0 624 
3 2 0 622 
3 2 0 623 
3 2 0 629 
3 2 0 625 
3 2 0 628 
3 2 0 626 
3 2 0 627 
3 2 0 634 
1 1 0 
1 1 0 
1 1 0 
2 3 664 665 0 
1 1 0 
1 1 0 
1 1 0 
1 1 0 
1 1 0 
2 3 670 671 0 
2 3 669 672 0 
1 1 0 
2 3 673 674 0 
2 3 668 675 0 
1 1 0 
1 1 0 
2 3 677 678 0 
1 1 0 
2 3 679 680 0 
2 3 676 681 0 
1 1 0 
2 3 682 683 0 
2 3 667 684 0 
2 3 666 685 0 
2 3 663 686 0 
3 2 0 687 
3 2 0 663 
3 2 0 686 
3 2 0 666 
3 2 0 664 
3 2 0 665 
3 2 0 685 
3 2 0 667 
3 2 0 684 
3 2 0 682 
3 2 0 676 
3 2 0 668 
3 2 0 675 
3 2 0 673 
3 2 0 669 
3 2 0 672 
3 2 0 670 
3 2 0 671 
3 2 0 674 
3 2 0 681 
3 2 0 679 
3 2 0 677 
3 2 0 678 
3 2 0 680 
3 2 0 683 
1 1 0 
1 1 0 
1 1 0 
2 3 714 715 0 
1 1 0 
1 1 0 
1 1 0 
1 1 0 
2 3 719 720 0 
2 3 718 721 0 
1 1 0 
1 1 0 
2 3 723 724 0 
2 3 722 725 0 
2 3 717 726 0 
2 3 716 727 0 
1 1 0 
1 1 0 
1 1 0 
1 1 0 
1 1 0 
1 1 0 
1 1 0 
2 3 734 735 0 
1 1 0 
1 1 0 
1 1 0 
2 3 738 739 0 
2 3 737 740 0 
2 3 736 741 0 
2 3 733 742 0 
2 3 732 743 0 
2 3 731 744 0 
2 3 730 745 0 
2 3 729 746 0 
2 3 728 747 0 
1 1 0 
2 3 748 749 0 
2 3 713 750 0 
3 2 0 751 
3 2 0 713 
3 2 0 750 
3 2 0 748 
3 2 0 728 
3 2 0 716 
3 2 0 714 
3 2 0 715 
3 2 0 727 
3 2 0 717 
3 2 0 726 
3 2 0 722 
3 2 0 718 
3 2 0 721 
3 2 0 719 
3 2 0 720 
3 2 0 725 
3 2 0 723 
3 2 0 724 
3 2 0 747 
3 2 0 729 
3 2 0 746 
3 2 0 730 
3 2 0 745 
3 2 0 731 
3 2 0 744 
3 2 0 732 
3 2 0 743 
3 2 0 733 
3 2 0 742 
3 2 0 736 
3 2 0 734 
3 2 0 735 
3 2 0 741 
3 2 0 737 
3 2 0 740 
3 2 0 738 
3 2 0 739 
3 2 0 749 
1 1 0 
1 1 0 
1 1 0 
1 1 0 
1 1 0 
2 3 794 795 0 
2 3 793 796 0 
2 3 792 797 0 
2 3 791 798 0 
1 1 0 
1 1 0 
1 1 0 
2 3 801 802 0 
1 1 0 
1 1 0 
1 1 0 
1 1 0 
1 1 0 
1 1 0 
2 3 808 809 0 
2 3 807 810 0 
2 3 806 811 0 
2 3 805 812 0 
2 3 804 813 0 
1 1 0 
1 1 0 
1 1 0 
1 1 0 
1 1 0 
2 3 818 819 0 
1 1 0 
2 3 820 821 0 
1 1 0 
1 1 0 
1 1 0 
2 3 824 825 0 
2 3 823 826 0 
2 3 822 827 0 
2 3 817 828 0 
2 3 816 829 0 
2 3 815 830 0 
2 3 814 831 0 
1 1 0 
2 3 832 833 0 
2 3 803 834 0 
2 3 800 835 0 
2 3 799 836 0 
3 2 0 837 
3 2 0 799 
3 2 0 791 
3 2 0 798 
3 2 0 792 
3 2 0 797 
3 2 0 793 
3 2 0 796 
3 2 0 794 
3 2 0 795 
3 2 0 836 
3 2 0 800 
3 2 0 835 
3 2 0 803 
3 2 0 801 
3 2 0 802 
3 2 0 834 
3 2 0 832 
3 2 0 814 
3 2 0 804 
3 2 0 813 
3 2 0 805 
3 2 0 812 
3 2 0 806 
3 2 0 811 
3 2 0 807 
3 2 0 810 
3 2 0 808 
3 2 0 809 
3 2 0 831 
3 2 0 815 
3 2 0 830 
3 2 0 816 
3 2 0 829 
3 2 0 817 
3 2 0 828 
3 2 0 822 
3 2 0 820 
3 2 0 818 
3 2 0 819 
3 2 0 821 
3 2 0 827 
3 2 0 823 
3 2 0 826 
3 2 0 824 
3 2 0 825 
3 2 0 833 
1 1 0 
1 1 0 
1 1 0 
2 3 886 887 0 
1 1 0 
1 1 0 
1 1 0 
1 1 0 
1 1 0 
2 3 892 893 0 
2 3 891 894 0 
2 3 890 895 0 
2 3 889 896 0 
2 3 888 897 0 
2 3 885 898 0 
1 1 0 
1 1 0 
1 1 0 
2 3 901 902 0 
1 1 0 
1 1 0 
1 1 0 
2 3 905 906 0 
2 3 904 907 0 
2 3 903 908 0 
2 3 900 909 0 
1 1 0 
2 3 910 911 0 
2 3 899 912 0 
3 2 0 913 
3 2 0 899 
3 2 0 885 
3 2 0 898 
3 2 0 888 
3 2 0 886 
3 2 0 887 
3 2 0 897 
3 2 0 889 
3 2 0 896 
3 2 0 890 
3 2 0 895 
3 2 0 891 
3 2 0 894 
3 2 0 892 
3 2 0 893 
3 2 0 912 
3 2 0 910 
3 2 0 900 
3 2 0 909 
3 2 0 903 
3 2 0 901 
3 2 0 902 
3 2 0 908 
3 2 0 904 
3 2 0 907 
3 2 0 905 
3 2 0 906 
3 2 0 911 
1 1 0 
1 1 0 
1 1 0 
1 1 0 
1 1 0 
1 1 0 
2 3 947 948 0 
2 3 946 949 0 
1 1 0 
1 1 0 
1 1 0 
2 3 952 953 0 
1 1 0 
1 1 0 
1 1 0 
2 3 956 957 0 
1 1 0 
1 1 0 
2 3 959 960 0 
2 3 958 961 0 
2 3 955 962 0 
1 1 0 
2 3 963 964 0 
1 1 0 
2 3 965 966 0 
2 3 954 967 0 
2 3 951 968 0 
2 3 950 969 0 
1 1 0 
2 3 970 971 0 
1 1 0 
1 1 0 
2 3 973 974 0 
1 1 0 
2 3 975 976 0 
2 3 972 977 0 
1 1 0 
2 3 978 979 0 
1 1 0 
1 1 0 
2 3 981 982 0 
1 1 0 
1 1 0 
2 3 984 985 0 
2 3 983 986 0 
1 1 0 
1 1 0 
1 1 0 
2 3 989 990 0 
2 3 988 991 0 
2 3 987 992 0 
2 3 980 993 0 
2 3 945 994 0 
2 3 944 995 0 
2 3 943 996 0 
3 2 0 997 
3 2 0 943 
3 2 0 996 
3 2 0 944 
3 2 0 995 
3 2 0 945 
3 2 0 994 
3 2 0 980 
3 2 0 978 
3 2 0 972 
3 2 0 970 
3 2 0 950 
3 2 0 946 
3 2 0 949 
3 2 0 947 
3 2 0 948 
3 2 0 969 
3 2 0 951 
3 2 0 968 
3 2 0 954 
3 2 0 952 
3 2 0 953 
3 2 0 967 
3 2 0 965 
3 2 0 963 
3 2 0 955 
3 2 0 962 
3 2 0 958 
3 2 0 956 
3 2 0 957 
3 2 0 961 
3 2 0 959 
3 2 0 960 
3 2 0 964 
3 2 0 966 
3 2 0 971 
3 2 0 977 
3 2 0 975 
3 2 0 973 
3 2 0 974 
3 2 0 976 
3 2 0 979 
3 2 0 993 
3 2 0 987 
3 2 0 983 
3 2 0 981 
3 2 0 982 
3 2 0 986 
3 2 0 984 
3 2 0 985 
3 2 0 992 
3 2 0 988 
3 2 0 991 
3 2 0 989 
3 2 0 990 
1 1 0 
1 1 0 
1 1 0 
1 1 0 
1 1 0 
2 3 1056 1057 0 
2 3 1055 1058 0 
2 3 1054 1059 0 
2 3 1053 1060 0 
3 2 0 1061 
3 2 0 1053 
3 2 0 1060 
3 2 0 1054 
3 2 0 1059 
3 2 0 1055 
3 2 0 1058 
3 2 0 1056 
3 2 0 1057 
1 1 0 
1 1 0 
1 1 0 
1 1 0 
1 1 0 
1 1 0 
1 1 0 
1 1 0 
2 3 1077 1078 0 
2 3 1076 1079 0 
2 3 1075 1080 0 
2 3 1074 1081 0 
2 3 1073 1082 0 
1 1 0 
1 1 0 
1 1 0 
1 1 0 
1 1 0 
2 3 1087 1088 0 
2 3 1086 1089 0 
2 3 1085 1090 0 
1 1 0 
2 3 1091 1092 0 
1 1 0 
2 3 1093 1094 0 
1 1 0 
1 1 0 
1 1 0 
2 3 1097 1098 0 
2 3 1096 1099 0 
1 1 0 
1 1 0 
1 1 0 
1 1 0 
2 3 1103 1104 0 
2 3 1102 1105 0 
2 3 1101 1106 0 
2 3 1100 1107 0 
1 1 0 
2 3 1108 1109 0 
2 3 1095 1110 0 
2 3 1084 1111 0 
2 3 1083 1112 0 
2 3 1072 1113 0 
2 3 1071 1114 0 
1 1 0 
1 1 0 
1 1 0 
1 1 0 
1 1 0 
1 1 0 
1 1 0 
1 1 0 
2 3 1122 1123 0 
2 3 1121 1124 0 
2 3 1120 1125 0 
2 3 1119 1126 0 
1 1 0 
2 3 1127 1128 0 
2 3 1118 1129 0 
2 3 1117 1130 0 
2 3 1116 1131 0 
2 3 1115 1132 0 
3 2 0 1133 
3 2 0 1115 
3 2 0 1071 
3 2 0 1114 
3 2 0 1072 
3 2 0 1113 
3 2 0 1083 
3 2 0 1073 
3 2 0 1082 
3 2 0 1074 
3 2 0 1081 
3 2 0 1075 
3 2 0 1080 
3 2 0 1076 
3 2 0 1079 
3 2 0 1077 
3 2 0 1078 
3 2 0 1112 
3 2 0 1084 
3 2 0 1111 
3 2 0 1095 
3 2 0 1093 
3 2 0 1091 
3 2 0 1085 
3 2 0 1090 
3 2 0 1086 
3 2 0 1089 
3 2 0 1087 
3 2 0 1088 
3 2 0 1092 
3 2 0 1094 
3 2 0 1110 
3 2 0 1108 
3 2 0 1100 
3 2 0 1096 
3 2 0 1099 
3 2 0 1097 
3 2 0 1098 
3 2 0 1107 
3 2 0 1101 
3 2 0 1106 
3 2 0 1102 
3 2 0 1105 
3 2 0 1103 
3 2 0 1104 
3 2 0 1109 
3 2 0 1132 
3 2 0 1116 
3 2 0 1131 
3 2 0 1117 
3 2 0 1130 
3 2 0 1118 
3 2 0 1129 
3 2 0 1127 
3 2 0 1119 
3 2 0 1126 
3 2 0 1120 
3 2 0 1125 
3 2 0 1121 
3 2 0 1124 
3 2 0 1122 
3 2 0 1123 
3 2 0 1128 
1 1 0 
1 1 0 
2 3 1197 1198 0 
1 1 0 
1 1 0 
1 1 0 
1 1 0 
1 1 0 
2 3 1203 1204 0 
2 3 1202 1205 0 
1 1 0 
2 3 1206 1207 0 
1 1 0 
1 1 0 
1 1 0 
1 1 0 
1 1 0 
2 3 1212 1213 0 
2 3 1211 1214 0 
2 3 1210 1215 0 
1 1 0 
1 1 0 
2 3 1217 1218 0 
2 3 1216 1219 0 
2 3 1209 1220 0 
2 3 1208 1221 0 
2 3 1201 1222 0 
2 3 1200 1223 0 
1 1 0 
1 1 0 
1 1 0 
1 1 0 
2 3 1227 1228 0 
2 3 1226 1229 0 
1 1 0 
1 1 0 
1 1 0 
2 3 1232 1233 0 
1 1 0 
1 1 0 
1 1 0 
1 1 0 
2 3 1237 1238 0 
1 1 0 
1 1 0 
1 1 0 
1 1 0 
1 1 0 
2 3 1243 1244 0 
2 3 1242 1245 0 
2 3 1241 1246 0 
2 3 1240 1247 0 
2 3 1239 1248 0 
2 3 1236 1249 0 
2 3 1235 1250 0 
2 3 1234 1251 0 
2 3 1231 1252 0 
2 3 1230 1253 0 
2 3 1225 1254 0 
2 3 1224 1255 0 
1 1 0 
2 3 1256 1257 0 
2 3 1199 1258 0 
3 2 0 1259 
3 2 0 1199 
3 2 0 1197 
3 2 0 1198 
3 2 0 1258 
3 2 0 1256 
3 2 0 1224 
3 2 0 1200 
3 2 0 1223 
3 2 0 1201 
3 2 0 1222 
3 2 0 1208 
3 2 0 1206 
3 2 0 1202 
3 2 0 1205 
3 2 0 1203 
3 2 0 1204 
3 2 0 1207 
3 2 0 1221 
3 2 0 1209 
3 2 0 1220 
3 2 0 1216 
3 2 0 1210 
3 2 0 1215 
3 2 0 1211 
3 2 0 1214 
3 2 0 1212 
3 2 0 1213 
3 2 0 1219 
3 2 0 1217 
3 2 0 1218 
3 2 0 1255 
3 2 0 1225 
3 2 0 1254 
3 2 0 1230 
3 2 0 1226 
3 2 0 1229 
3 2 0 1227 
3 2 0 1228 
3 2 0 1253 
3 2 0 1231 
3 2 0 1252 
3 2 0 1234 
3 2 0 1232 
3 2 0 1233 
3 2 0 1251 
3 2 0 1235 
3 2 0 1250 
3 2 0 1236 
3 2 0 1249 
3 2 0 1239 
3 2 0 1237 
3 2 0 1238 
3 2 0 1248 
3 2 0 1240 
3 2 0 1247 
3 2 0 1241 
3 2 0 1246 
3 2 0 1242 
3 2 0 1245 
3 2 0 1243 
3 2 0 1244 
3 2 0 1257 
1 1 0 
1 1 0 
2 3 1323 1324 0 
1 1 0 
1 1 0 
2 3 1326 1327 0 
1 1 0 
1 1 0 
1 1 0 
1 1 0 
1 1 0 
2 3 1332 1333 0 
2 3 1331 1334 0 
2 3 1330 1335 0 
2 3 1329 1336 0 
2 3 1328 1337 0 
1 1 0 
2 3 1338 1339 0 
2 3 1325 1340 0 
3 2 0 1341 
3 2 0 1325 
3 2 0 1323 
3 2 0 1324 
3 2 0 1340 
3 2 0 1338 
3 2 0 1328 
3 2 0 1326 
3 2 0 1327 
3 2 0 1337 
3 2 0 1329 
3 2 0 1336 
3 2 0 1330 
3 2 0 1335 
3 2 0 1331 
3 2 0 1334 
3 2 0 1332 
3 2 0 1333 
3 2 0 1339 
1 1 0 
1 1 0 
1 1 0 
1 1 0 
2 3 1363 1364 0 
2 3 1362 1365 0 
2 3 1361 1366 0 
1 1 0 
1 1 0 
2 3 1368 1369 0 
1 1 0 
1 1 0 
2 3 1371 1372 0 
2 3 1370 1373 0 
2 3 1367 1374 0 
1 1 0 
2 3 1375 1376 0 
1 1 0 
1 1 0 
1 1 0 
2 3 1379 1380 0 
1 1 0 
1 1 0 
1 1 0 
1 1 0 
1 1 0 
1 1 0 
1 1 0 
1 1 0 
2 3 1388 1389 0 
1 1 0 
1 1 0 
2 3 1391 1392 0 
2 3 1390 1393 0 
2 3 1387 1394 0 
2 3 1386 1395 0 
2 3 1385 1396 0 
2 3 1384 1397 0 
2 3 1383 1398 0 
2 3 1382 1399 0 
2 3 1381 1400 0 
2 3 1378 1401 0 
2 3 1377 1402 0 
1 1 0 
2 3 1403 1404 0 
3 2 0 1405 
3 2 0 1403 
3 2 0 1377 
3 2 0 1375 
3 2 0 1367 
3 2 0 1361 
3 2 0 1366 
3 2 0 1362 
3 2 0 1365 
3 2 0 1363 
3 2 0 1364 
3 2 0 1374 
3 2 0 1370 
3 2 0 1368 
3 2 0 1369 
3 2 0 1373 
3 2 0 1371 
3 2 0 1372 
3 2 0 1376 
3 2 0 1402 
3 2 0 1378 
3 2 0 1401 
3 2 0 1381 
3 2 0 1379 
3 2 0 1380 
3 2 0 1400 
3 2 0 1382 
3 2 0 1399 
3 2 0 1383 
3 2 0 1398 
3 2 0 1384 
3 2 0 1397 
3 2 0 1385 
3 2 0 1396 
3 2 0 1386 
3 2 0 1395 
3 2 0 1387 
3 2 0 1394 
3 2 0 1390 
3 2 0 1388 
3 2 0 1389 
3 2 0 1393 
3 2 0 1391 
3 2 0 1392 
3 2 0 1404 
1 1 0 
1 1 0 
1 1 0 
1 1 0 
2 3 1453 1454 0 
1 1 0 
1 1 0 
2 3 1456 1457 0 
2 3 1455 1458 0 
1 1 0 
2 3 1459 1460 0 
1 1 0 
1 1 0 
2 3 1462 1463 0 
2 3 1461 1464 0 
2 3 1452 1465 0 
1 1 0 
2 3 1466 1467 0 
2 3 1451 1468 0 
3 2 0 1469 
3 2 0 1451 
3 2 0 1468 
3 2 0 1466 
3 2 0 1452 
3 2 0 1465 
3 2 0 1461 
3 2 0 1459 
3 2 0 1455 
3 2 0 1453 
3 2 0 1454 
3 2 0 1458 
3 2 0 1456 
3 2 0 1457 
3 2 0 1460 
3 2 0 1464 
3 2 0 1462 
3 2 0 1463 
3 2 0 1467 
1 1 0 
1 1 0 
1 1 0 
1 1 0 
1 1 0 
2 3 1492 1493 0 
2 3 1491 1494 0 
1 1 0 
1 1 0 
1 1 0 
1 1 0 
2 3 1498 1499 0 
2 3 1497 1500 0 
1 1 0 
1 1 0 
1 1 0 
1 1 0 
1 1 0 
2 3 1505 1506 0 
2 3 1504 1507 0 
1 1 0 
1 1 0 
1 1 0 
2 3 1510 1511 0 
2 3 1509 1512 0 
2 3 1508 1513 0 
2 3 1503 1514 0 
2 3 1502 1515 0 
2 3 1501 1516 0 
2 3 1496 1517 0 
2 3 1495 1518 0 
2 3 1490 1519 0 
1 1 0 
2 3 1520 1521 0 
2 3 1489 1522 0 
3 2 0 1523 
3 2 0 1489 
3 2 0 1522 
3 2 0 1520 
3 2 0 1490 
3 2 0 1519 
3 2 0 1495 
3 2 0 1491 
3 2 0 1494 
3 2 0 1492 
3 2 0 1493 
3 2 0 1518 
3 2 0 1496 
3 2 0 1517 
3 2 0 1501 
3 2 0 1497 
3 2 0 1500 
3 2 0 1498 
3 2 0 1499 
3 2 0 1516 
3 2 0 1502 
3 2 0 1515 
3 2 0 1503 
3 2 0 1514 
3 2 0 1508 
3 2 0 1504 
3 2 0 1507 
3 2 0 1505 
3 2 0 1506 
3 2 0 1513 
3 2 0 1509 
3 2 0 1512 
3 2 0 1510 
3 2 0 1511 
3 2 0 1521 
1 1 0 
1 1 0 
1 1 0 
2 3 1560 1561 0 
2 3 1559 1562 0 
1 1 0 
1 1 0 
1 1 0 
2 3 1565 1566 0 
2 3 1564 1567 0 
1 1 0 
1 1 0 
1 1 0 
1 1 0 
2 3 1571 1572 0 
2 3 1570 1573 0 
2 3 1569 1574 0 
2 3 1568 1575 0 
1 1 0 
2 3 1576 1577 0 
2 3 1563 1578 0 
3 2 0 1579 
3 2 0 1563 
3 2 0 1559 
3 2 0 1562 
3 2 0 1560 
3 2 0 1561 
3 2 0 1578 
3 2 0 1576 
3 2 0 1568 
3 2 0 1564 
3 2 0 1567 
3 2 0 1565 
3 2 0 1566 
3 2 0 1575 
3 2 0 1569 
3 2 0 1574 
3 2 0 1570 
3 2 0 1573 
3 2 0 1571 
3 2 0 1572 
3 2 0 1577 
1 1 0 
1 1 0 
1 1 0 
1 1 0 
1 1 0 
2 3 1604 1605 0 
1 1 0 
1 1 0 
2 3 1607 1608 0 
1 1 0 
1 1 0 
2 3 1610 1611 0 
2 3 1609 1612 0 
2 3 1606 1613 0 
2 3 1603 1614 0 
2 3 1602 1615 0 
2 3 1601 1616 0 
1 1 0 
1 1 0 
1 1 0 
1 1 0 
1 1 0 
1 1 0 
2 3 1622 1623 0 
1 1 0 
1 1 0 
1 1 0 
2 3 1626 1627 0 
2 3 1625 1628 0 
1 1 0 
1 1 0 
1 1 0 
2 3 1631 1632 0 
2 3 1630 1633 0 
1 1 0 
1 1 0 
1 1 0 
1 1 0 
2 3 1637 1638 0 
2 3 1636 1639 0 
1 1 0 
1 1 0 
1 1 0 
1 1 0 
1 1 0 
2 3 1644 1645 0 
2 3 1643 1646 0 
2 3 1642 1647 0 
1 1 0 
2 3 1648 1649 0 
1 1 0 
1 1 0 
1 1 0 
1 1 0 
2 3 1653 1654 0 
1 1 0 
2 3 1655 1656 0 
2 3 1652 1657 0 
2 3 1651 1658 0 
2 3 1650 1659 0 
2 3 1641 1660 0 
2 3 1640 1661 0 
2 3 1635 1662 0 
2 3 1634 1663 0 
2 3 1629 1664 0 
2 3 1624 1665 0 
2 3 1621 1666 0 
1 1 0 
2 3 1667 1668 0 
2 3 1620 1669 0 
2 3 1619 1670 0 
2 3 1618 1671 0 
2 3 1617 1672 0 
3 2 0 1673 
3 2 0 1617 
3 2 0 1601 
3 2 0 1616 
3 2 0 1602 
3 2 0 1615 
3 2 0 1603 
3 2 0 1614 
3 2 0 1606 
3 2 0 1604 
3 2 0 1605 
3 2 0 1613 
3 2 0 1609 
3 2 0 1607 
3 2 0 1608 
3 2 0 1612 
3 2 0 1610 
3 2 0 1611 
3 2 0 1672 
3 2 0 1618 
3 2 0 1671 
3 2 0 1619 
3 2 0 1670 
3 2 0 1620 
3 2 0 1669 
3 2 0 1667 
3 2 0 1621 
3 2 0 1666 
3 2 0 1624 
3 2 0 1622 
3 2 0 1623 
3 2 0 1665 
3 2 0 1629 
3 2 0 1625 
3 2 0 1628 
3 2 0 1626 
3 2 0 1627 
3 2 0 1664 
3 2 0 1634 
3 2 0 1630 
3 2 0 1633 
3 2 0 1631 
3 2 0 1632 
3 2 0 1663 
3 2 0 1635 
3 2 0 1662 
3 2 0 1640 
3 2 0 1636 
3 2 0 1639 
3 2 0 1637 
3 2 0 1638 
3 2 0 1661 
3 2 0 1641 
3 2 0 1660 
3 2 0 1650 
3 2 0 1648 
3 2 0 1642 
3 2 0 1647 
3 2 0 1643 
3 2 0 1646 
3 2 0 1644 
3 2 0 1645 
3 2 0 1649 
3 2 0 1659 
3 2 0 1651 
3 2 0 1658 
3 2 0 1652 
3 2 0 1657 
3 2 0 1655 
3 2 0 1653 
3 2 0 1654 
3 2 0 1656 
3 2 0 1668 
1 1 0 
1 1 0 
1 1 0 
1 1 0 
2 3 1749 1750 0 
2 3 1748 1751 0 
2 3 1747 1752 0 
1 1 0 
2 3 1753 1754 0 
1 1 0 
1 1 0 
1 1 0 
1 1 0 
1 1 0 
2 3 1759 1760 0 
2 3 1758 1761 0 
2 3 1757 1762 0 
2 3 1756 1763 0 
1 1 0 
1 1 0 
1 1 0 
2 3 1766 1767 0 
1 1 0 
2 3 1768 1769 0 
1 1 0 
1 1 0 
2 3 1771 1772 0 
2 3 1770 1773 0 
2 3 1765 1774 0 
2 3 1764 1775 0 
2 3 1755 1776 0 
1 1 0 
2 3 1777 1778 0 
1 1 0 
1 1 0 
1 1 0 
1 1 0 
2 3 1782 1783 0 
2 3 1781 1784 0 
1 1 0 
1 1 0 
1 1 0 
1 1 0 
2 3 1788 1789 0 
2 3 1787 1790 0 
2 3 1786 1791 0 
2 3 1785 1792 0 
2 3 1780 1793 0 
1 1 0 
1 1 0 
1 1 0 
1 1 0 
1 1 0 
2 3 1798 1799 0 
2 3 1797 1800 0 
2 3 1796 1801 0 
1 1 0 
2 3 1802 1803 0 
1 1 0 
1 1 0 
1 1 0 
2 3 1806 1807 0 
2 3 1805 1808 0 
2 3 1804 1809 0 
2 3 1795 1810 0 
2 3 1794 1811 0 
1 1 0 
2 3 1812 1813 0 
2 3 1779 1814 0 
3 2 0 1815 
3 2 0 1779 
3 2 0 1777 
3 2 0 1755 
3 2 0 1753 
3 2 0 1747 
3 2 0 1752 
3 2 0 1748 
3 2 0 1751 
3 2 0 1749 
3 2 0 1750 
3 2 0 1754 
3 2 0 1776 
3 2 0 1764 
3 2 0 1756 
3 2 0 1763 
3 2 0 1757 
3 2 0 1762 
3 2 0 1758 
3 2 0 1761 
3 2 0 1759 
3 2 0 1760 
3 2 0 1775 
3 2 0 1765 
3 2 0 1774 
3 2 0 1770 
3 2 0 1768 
3 2 0 1766 
3 2 0 1767 
3 2 0 1769 
3 2 0 1773 
3 2 0 1771 
3 2 0 1772 
3 2 0 1778 
3 2 0 1814 
3 2 0 1812 
3 2 0 1794 
3 2 0 1780 
3 2 0 1793 
3 2 0 1785 
3 2 0 1781 
3 2 0 1784 
3 2 0 1782 
3 2 0 1783 
3 2 0 1792 
3 2 0 1786 
3 2 0 1791 
3 2 0 1787 
3 2 0 1790 
3 2 0 1788 
3 2 0 1789 
3 2 0 1811 
3 2 0 1795 
3 2 0 1810 
3 2 0 1804 
3 2 0 1802 
3 2 0 1796 
3 2 0 1801 
3 2 0 1797 
3 2 0 1800 
3 2 0 1798 
3 2 0 1799 
3 2 0 1803 
3 2 0 1809 
3 2 0 1805 
3 2 0 1808 
3 2 0 1806 
3 2 0 1807 
3 2 0 1813 
1 1 0 
1 1 0 
1 1 0 
1 1 0 
1 1 0 
2 3 1888 1889 0 
2 3 1887 1890 0 
2 3 1886 1891 0 
1 1 0 
2 3 1892 1893 0 
1 1 0 
1 1 0 
1 1 0 
2 3 1896 1897 0 
1 1 0 
2 3 1898 1899 0 
1 1 0 
2 3 1900 1901 0 
2 3 1895 1902 0 
1 1 0 
2 3 1903 1904 0 
1 1 0 
1 1 0 
2 3 1906 1907 0 
1 1 0 
1 1 0 
1 1 0 
2 3 1910 1911 0 
2 3 1909 1912 0 
2 3 1908 1913 0 
2 3 1905 1914 0 
2 3 1894 1915 0 
2 3 1885 1916 0 
1 1 0 
1 1 0 
1 1 0 
1 1 0 
1 1 0 
1 1 0 
1 1 0 
1 1 0 
1 1 0 
1 1 0 
1 1 0 
1 1 0 
1 1 0 
1 1 0 
2 3 1930 1931 0 
2 3 1929 1932 0 
2 3 1928 1933 0 
1 1 0 
2 3 1934 1935 0 
1 1 0 
2 3 1936 1937 0 
1 1 0 
1 1 0 
1 1 0 
2 3 1940 1941 0 
2 3 1939 1942 0 
1 1 0 
1 1 0 
1 1 0 
1 1 0 
2 3 1946 1947 0 
2 3 1945 1948 0 
1 1 0 
1 1 0 
2 3 1950 1951 0 
2 3 1949 1952 0 
2 3 1944 1953 0 
2 3 1943 1954 0 
2 3 1938 1955 0 
2 3 1927 1956 0 
2 3 1926 1957 0 
2 3 1925 1958 0 
2 3 1924 1959 0 
2 3 1923 1960 0 
2 3 1922 1961 0 
2 3 1921 1962 0 
2 3 1920 1963 0 
1 1 0 
2 3 1964 1965 0 
2 3 1919 1966 0 
2 3 1918 1967 0 
2 3 1917 1968 0 
3 2 0 1969 
3 2 0 1917 
3 2 0 1885 
3 2 0 1916 
3 2 0 1894 
3 2 0 1892 
3 2 0 1886 
3 2 0 1891 
3 2 0 1887 
3 2 0 1890 
3 2 0 1888 
3 2 0 1889 
3 2 0 1893 
3 2 0 1915 
3 2 0 1905 
3 2 0 1903 
3 2 0 1895 
3 2 0 1902 
3 2 0 1900 
3 2 0 1898 
3 2 0 1896 
3 2 0 1897 
3 2 0 1899 
3 2 0 1901 
3 2 0 1904 
3 2 0 1914 
3 2 0 1908 
3 2 0 1906 
3 2 0 1907 
3 2 0 1913 
3 2 0 1909 
3 2 0 1912 
3 2 0 1910 
3 2 0 1911 
3 2 0 1968 
3 2 0 1918 
3 2 0 1967 
3 2 0 1919 
3 2 0 1966 
3 2 0 1964 
3 2 0 1920 
3 2 0 1963 
3 2 0 1921 
3 2 0 1962 
3 2 0 1922 
3 2 0 1961 
3 2 0 1923 
3 2 0 1960 
3 2 0 1924 
3 2 0 1959 
3 2 0 1925 
3 2 0 1958 
3 2 0 1926 
3 2 0 1957 
3 2 0 1927 
3 2 0 1956 
3 2 0 1938 
3 2 0 1936 
3 2 0 1934 
3 2 0 1928 
3 2 0 1933 
3 2 0 1929 
3 2 0 1932 
3 2 0 1930 
3 2 0 1931 
3 2 0 1935 
3 2 0 1937 
3 2 0 1955 
3 2 0 1943 
3 2 0 1939 
3 2 0 1942 
3 2 0 1940 
3 2 0 1941 
3 2 0 1954 
3 2 0 1944 
3 2 0 1953 
3 2 0 1949 
3 2 0 1945 
3 2 0 1948 
3 2 0 1946 
3 2 0 1947 
3 2 0 1952 
3 2 0 1950 
3 2 0 1951 
3 2 0 1965 
1 1 0 
1 1 0 
2 3 2055 2056 0 
1 1 0 
1 1 0 
1 1 0 
1 1 0 
1 1 0 
1 1 0 
1 1 0 
2 3 2063 2064 0 
2 3 2062 2065 0 
1 1 0 
1 1 0 
2 3 2067 2068 0 
2 3 2066 2069 0 
2 3 2061 2070 0 
2 3 2060 2071 0 
2 3 2059 2072 0 
2 3 2058 2073 0 
2 3 2057 2074 0 
1 1 0 
2 3 2075 2076 0 
1 1 0 
2 3 2077 2078 0 
1 1 0 
1 1 0 
1 1 0 
1 1 0 
2 3 2082 2083 0 
1 1 0 
1 1 0 
1 1 0 
2 3 2086 2087 0 
2 3 2085 2088 0 
2 3 2084 2089 0 
2 3 2081 2090 0 
2 3 2080 2091 0 
2 3 2079 2092 0 
1 1 0 
2 3 2093 2094 0 
3 2 0 2095 
3 2 0 2093 
3 2 0 2079 
3 2 0 2077 
3 2 0 2075 
3 2 0 2057 
3 2 0 2055 
3 2 0 2056 
3 2 0 2074 
3 2 0 2058 
3 2 0 2073 
3 2 0 2059 
3 2 0 2072 
3 2 0 2060 
3 2 0 2071 
3 2 0 2061 
3 2 0 2070 
3 2 0 2066 
3 2 0 2062 
3 2 0 2065 
3 2 0 2063 
3 2 0 2064 
3 2 0 2069 
3 2 0 2067 
3 2 0 2068 
3 2 0 2076 
3 2 0 2078 
3 2 0 2092 
3 2 0 2080 
3 2 0 2091 
3 2 0 2081 
3 2 0 2090 
3 2 0 2084 
3 2 0 2082 
3 2 0 2083 
3 2 0 2089 
3 2 0 2085 
3 2 0 2088 
3 2 0 2086 
3 2 0 2087 
3 2 0 2094 
1 1 0 
1 1 0 
1 1 0 
2 3 2138 2139 0 
1 1 0 
1 1 0 
2 3 2141 2142 0 
1 1 0 
2 3 2143 2144 0 
2 3 2140 2145 0 
2 3 2137 2146 0 
3 2 0 2147 
3 2 0 2137 
3 2 0 2146 
3 2 0 2140 
3 2 0 2138 
3 2 0 2139 
3 2 0 2145 
3 2 0 2143 
3 2 0 2141 
3 2 0 2142 
3 2 0 2144 
1 1 0 
1 1 0 
1 1 0 
1 1 0 
1 1 0 
1 1 0 
2 3 2163 2164 0 
1 1 0 
2 3 2165 2166 0 
2 3 2162 2167 0 
2 3 2161 2168 0 
1 1 0 
2 3 2169 2170 0 
1 1 0 
1 1 0 
1 1 0 
1 1 0 
2 3 2174 2175 0 
2 3 2173 2176 0 
2 3 2172 2177 0 
1 1 0 
1 1 0 
2 3 2179 2180 0 
2 3 2178 2181 0 
1 1 0 
1 1 0 
1 1 0 
1 1 0 
2 3 2185 2186 0 
2 3 2184 2187 0 
1 1 0 
1 1 0 
1 1 0 
1 1 0 
2 3 2191 2192 0 
1 1 0 
2 3 2193 2194 0 
1 1 0 
1 1 0 
2 3 2196 2197 0 
2 3 2195 2198 0 
1 1 0 
2 3 2199 2200 0 
1 1 0 
1 1 0 
2 3 2202 2203 0 
2 3 2201 2204 0 
2 3 2190 2205 0 
2 3 2189 2206 0 
2 3 2188 2207 0 
2 3 2183 2208 0 
2 3 2182 2209 0 
2 3 2171 2210 0 
2 3 2160 2211 0 
2 3 2159 2212 0 
1 1 0 
2 3 2213 2214 0 
3 2 0 2215 
3 2 0 2213 
3 2 0 2159 
3 2 0 2212 
3 2 0 2160 
3 2 0 2211 
3 2 0 2171 
3 2 0 2169 
3 2 0 2161 
3 2 0 2168 
3 2 0 2162 
3 2 0 2167 
3 2 0 2165 
3 2 0 2163 
3 2 0 2164 
3 2 0 2166 
3 2 0 2170 
3 2 0 2210 
3 2 0 2182 
3 2 0 2178 
3 2 0 2172 
3 2 0 2177 
3 2 0 2173 
3 2 0 2176 
3 2 0 2174 
3 2 0 2175 
3 2 0 2181 
3 2 0 2179 
3 2 0 2180 
3 2 0 2209 
3 2 0 2183 
3 2 0 2208 
3 2 0 2188 
3 2 0 2184 
3 2 0 2187 
3 2 0 2185 
3 2 0 2186 
3 2 0 2207 
3 2 0 2189 
3 2 0 2206 
3 2 0 2190 
3 2 0 2205 
3 2 0 2201 
3 2 0 2199 
3 2 0 2195 
3 2 0 2193 
3 2 0 2191 
3 2 0 2192 
3 2 0 2194 
3 2 0 2198 
3 2 0 2196 
3 2 0 2197 
3 2 0 2200 
3 2 0 2204 
3 2 0 2202 
3 2 0 2203 
3 2 0 2214 
1 1 0 
1 1 0 
1 1 0 
2 3 2274 2275 0 
2 3 2273 2276 0 
1 1 0 
1 1 0 
1 1 0 
1 1 0 
2 3 2280 2281 0 
1 1 0 
2 3 2282 2283 0 
1 1 0 
2 3 2284 2285 0 
2 3 2279 2286 0 
2 3 2278 2287 0 
1 1 0 
2 3 2288 2289 0 
2 3 2277 2290 0 
3 2 0 2291 
3 2 0 2277 
3 2 0 2273 
3 2 0 2276 
3 2 0 2274 
3 2 0 2275 
3 2 0 2290 
3 2 0 2288 
3 2 0 2278 
3 2 0 2287 
3 2 0 2279 
3 2 0 2286 
3 2 0 2284 
3 2 0 2282 
3 2 0 2280 
3 2 0 2281 
3 2 0 2283 
3 2 0 2285 
3 2 0 2289 
1 1 0 
1 1 0 
2 3 2311 2312 0 
1 1 0 
1 1 0 
2 3 2314 2315 0 
1 1 0 
1 1 0 
2 3 2317 2318 0 
2 3 2316 2319 0 
2 3 2313 2320 0 
3 2 0 2321 
3 2 0 2313 
3 2 0 2311 
3 2 0 2312 
3 2 0 2320 
3 2 0 2316 
3 2 0 2314 
3 2 0 2315 
3 2 0 2319 
3 2 0 2317 
3 2 0 2318 
1 1 0 
1 1 0 
1 1 0 
1 1 0 
2 3 2335 2336 0 
1 1 0 
2 3 2337 2338 0 
1 1 0 
1 1 0 
1 1 0 
2 3 2341 2342 0 
2 3 2340 2343 0 
2 3 2339 2344 0 
1 1 0 
2 3 2345 2346 0 
1 1 0 
1 1 0 
1 1 0 
2 3 2349 2350 0 
1 1 0 
1 1 0 
1 1 0 
1 1 0 
1 1 0 
1 1 0 
2 3 2356 2357 0 
2 3 2355 2358 0 
2 3 2354 2359 0 
2 3 2353 2360 0 
2 3 2352 2361 0 
2 3 2351 2362 0 
2 3 2348 2363 0 
1 1 0 
2 3 2364 2365 0 
2 3 2347 2366 0 
2 3 2334 2367 0 
2 3 2333 2368 0 
3 2 0 2369 
3 2 0 2333 
3 2 0 2368 
3 2 0 2334 
3 2 0 2367 
3 2 0 2347 
3 2 0 2345 
3 2 0 2339 
3 2 0 2337 
3 2 0 2335 
3 2 0 2336 
3 2 0 2338 
3 2 0 2344 
3 2 0 2340 
3 2 0 2343 
3 2 0 2341 
3 2 0 2342 
3 2 0 2346 
3 2 0 2366 
3 2 0 2364 
3 2 0 2348 
3 2 0 2363 
3 2 0 2351 
3 2 0 2349 
3 2 0 2350 
3 2 0 2362 
3 2 0 2352 
3 2 0 2361 
3 2 0 2353 
3 2 0 2360 
3 2 0 2354 
3 2 0 2359 
3 2 0 2355 
3 2 0 2358 
3 2 0 2356 
3 2 0 2357 
3 2 0 2365 
1 1 0 
1 1 0 
1 1 0 
1 1 0 
1 1 0 
2 3 2410 2411 0 
2 3 2409 2412 0 
2 3 2408 2413 0 
2 3 2407 2414 0 
1 1 0 
1 1 0 
1 1 0 
1 1 0 
1 1 0 
2 3 2419 2420 0 
2 3 2418 2421 0 
2 3 2417 2422 0 
1 1 0 
1 1 0 
1 1 0 
2 3 2425 2426 0 
2 3 2424 2427 0 
2 3 2423 2428 0 
2 3 2416 2429 0 
1 1 0 
2 3 2430 2431 0 
2 3 2415 2432 0 
3 2 0 2433 
3 2 0 2415 
3 2 0 2407 
3 2 0 2414 
3 2 0 2408 
3 2 0 2413 
3 2 0 2409 
3 2 0 2412 
3 2 0 2410 
3 2 0 2411 
3 2 0 2432 
3 2 0 2430 
3 2 0 2416 
3 2 0 2429 
3 2 0 2423 
3 2 0 2417 
3 2 0 2422 
3 2 0 2418 
3 2 0 2421 
3 2 0 2419 
3 2 0 2420 
3 2 0 2428 
3 2 0 2424 
3 2 0 2427 
3 2 0 2425 
3 2 0 2426 
3 2 0 2431 
1 1 0 
1 1 0 
1 1 0 
1 1 0 
1 1 0 
1 1 0 
1 1 0 
1 1 0 
1 1 0 
1 1 0 
2 3 2469 2470 0 
2 3 2468 2471 0 
1 1 0 
1 1 0 
1 1 0 
2 3 2474 2475 0 
1 1 0 
2 3 2476 2477 0 
2 3 2473 2478 0 
2 3 2472 2479 0 
2 3 2467 2480 0 
2 3 2466 2481 0 
2 3 2465 2482 0 
2 3 2464 2483 0 
2 3 2463 2484 0 
2 3 2462 2485 0 
1 1 0 
2 3 2486 2487 0 
2 3 2461 2488 0 
3 2 0 2489 
3 2 0 2461 
3 2 0 2488 
3 2 0 2486 
3 2 0 2462 
3 2 0 2485 
3 2 0 2463 
3 2 0 2484 
3 2 0 2464 
3 2 0 2483 
3 2 0 2465 
3 2 0 2482 
3 2 0 2466 
3 2 0 2481 
3 2 0 2467 
3 2 0 2480 
3 2 0 2472 
3 2 0 2468 
3 2 0 2471 
3 2 0 2469 
3 2 0 2470 
3 2 0 2479 
3 2 0 2473 
3 2 0 2478 
3 2 0 2476 
3 2 0 2474 
3 2 0 2475 
3 2 0 2477 
3 2 0 2487 
1 1 0 
1 1 0 
1 1 0 
2 3 2520 2521 0 
2 3 2519 2522 0 
1 1 0 
1 1 0 
1 1 0 
1 1 0 
2 3 2526 2527 0 
2 3 2525 2528 0 
1 1 0 
1 1 0 
1 1 0 
1 1 0 
2 3 2532 2533 0 
2 3 2531 2534 0 
1 1 0 
1 1 0 
1 1 0 
1 1 0 
2 3 2538 2539 0 
1 1 0 
2 3 2540 2541 0 
2 3 2537 2542 0 
1 1 0 
1 1 0 
1 1 0 
2 3 2545 2546 0 
2 3 2544 2547 0 
2 3 2543 2548 0 
2 3 2536 2549 0 
2 3 2535 2550 0 
2 3 2530 2551 0 
2 3 2529 2552 0 
2 3 2524 2553 0 
2 3 2523 2554 0 
1 1 0 
2 3 2555 2556 0 
3 2 0 2557 
3 2 0 2555 
3 2 0 2523 
3 2 0 2519 
3 2 0 2522 
3 2 0 2520 
3 2 0 2521 
3 2 0 2554 
3 2 0 2524 
3 2 0 2553 
3 2 0 2529 
3 2 0 2525 
3 2 0 2528 
3 2 0 2526 
3 2 0 2527 
3 2 0 2552 
3 2 0 2530 
3 2 0 2551 
3 2 0 2535 
3 2 0 2531 
3 2 0 2534 
3 2 0 2532 
3 2 0 2533 
3 2 0 2550 
3 2 0 2536 
3 2 0 2549 
3 2 0 2543 
3 2 0 2537 
3 2 0 2542 
3 2 0 2540 
3 2 0 2538 
3 2 0 2539 
3 2 0 2541 
3 2 0 2548 
3 2 0 2544 
3 2 0 2547 
3 2 0 2545 
3 2 0 2546 
3 2 0 2556 
1 1 0 
1 1 0 
1 1 0 
2 3 2598 2599 0 
1 1 0 
1 1 0 
2 3 2601 2602 0 
2 3 2600 2603 0 
1 1 0 
2 3 2604 2605 0 
1 1 0 
1 1 0 
1 1 0 
1 1 0 
1 1 0 
1 1 0 
2 3 2611 2612 0 
2 3 2610 2613 0 
2 3 2609 2614 0 
2 3 2608 2615 0 
2 3 2607 2616 0 
1 1 0 
2 3 2617 2618 0 
1 1 0 
1 1 0 
1 1 0 
1 1 0 
1 1 0 
1 1 0 
1 1 0 
2 3 2625 2626 0 
1 1 0 
1 1 0 
1 1 0 
2 3 2629 2630 0 
2 3 2628 2631 0 
2 3 2627 2632 0 
2 3 2624 2633 0 
2 3 2623 2634 0 
1 1 0 
1 1 0 
1 1 0 
1 1 0 
1 1 0 
2 3 2639 2640 0 
2 3 2638 2641 0 
2 3 2637 2642 0 
2 3 2636 2643 0 
2 3 2635 2644 0 
2 3 2622 2645 0 
2 3 2621 2646 0 
2 3 2620 2647 0 
2 3 2619 2648 0 
2 3 2606 2649 0 
2 3 2597 2650 0 
1 1 0 
1 1 0 
1 1 0 
1 1 0 
1 1 0 
2 3 2655 2656 0 
1 1 0 
1 1 0 
1 1 0 
1 1 0 
1 1 0 
1 1 0 
1 1 0 
2 3 2663 2664 0 
2 3 2662 2665 0 
2 3 2661 2666 0 
2 3 2660 2667 0 
2 3 2659 2668 0 
2 3 2658 2669 0 
2 3 2657 2670 0 
1 1 0 
2 3 2671 2672 0 
2 3 2654 2673 0 
2 3 2653 2674 0 
2 3 2652 2675 0 
2 3 2651 2676 0 
3 2 0 2677 
3 2 0 2651 
3 2 0 2597 
3 2 0 2650 
3 2 0 2606 
3 2 0 2604 
3 2 0 2600 
3 2 0 2598 
3 2 0 2599 
3 2 0 2603 
3 2 0 2601 
3 2 0 2602 
3 2 0 2605 
3 2 0 2649 
3 2 0 2619 
3 2 0 2617 
3 2 0 2607 
3 2 0 2616 
3 2 0 2608 
3 2 0 2615 
3 2 0 2609 
3 2 0 2614 
3 2 0 2610 
3 2 0 2613 
3 2 0 2611 
3 2 0 2612 
3 2 0 2618 
3 2 0 2648 
3 2 0 2620 
3 2 0 2647 
3 2 0 2621 
3 2 0 2646 
3 2 0 2622 
3 2 0 2645 
3 2 0 2635 
3 2 0 2623 
3 2 0 2634 
3 2 0 2624 
3 2 0 2633 
3 2 0 2627 
3 2 0 2625 
3 2 0 2626 
3 2 0 2632 
3 2 0 2628 
3 2 0 2631 
3 2 0 2629 
3 2 0 2630 
3 2 0 2644 
3 2 0 2636 
3 2 0 2643 
3 2 0 2637 
3 2 0 2642 
3 2 0 2638 
3 2 0 2641 
3 2 0 2639 
3 2 0 2640 
3 2 0 2676 
3 2 0 2652 
3 2 0 2675 
3 2 0 2653 
3 2 0 2674 
3 2 0 2654 
3 2 0 2673 
3 2 0 2671 
3 2 0 2657 
3 2 0 2655 
3 2 0 2656 
3 2 0 2670 
3 2 0 2658 
3 2 0 2669 
3 2 0 2659 
3 2 0 2668 
3 2 0 2660 
3 2 0 2667 
3 2 0 2661 
3 2 0 2666 
3 2 0 2662 
3 2 0 2665 
3 2 0 2663 
3 2 0 2664 
3 2 0 2672 
1 1 0 
1 1 0 
1 1 0 
1 1 0 
2 3 2761 2762 0 
1 1 0 
2 3 2763 2764 0 
1 1 0 
1 1 0 
1 1 0 
1 1 0 
1 1 0 
1 1 0 
1 1 0 
2 3 2771 2772 0 
1 1 0 
2 3 2773 2774 0 
1 1 0 
2 3 2775 2776 0 
2 3 2770 2777 0 
1 1 0 
1 1 0 
1 1 0 
1 1 0 
1 1 0 
2 3 2782 2783 0 
2 3 2781 2784 0 
2 3 2780 2785 0 
1 1 0 
2 3 2786 2787 0 
2 3 2779 2788 0 
2 3 2778 2789 0 
2 3 2769 2790 0 
2 3 2768 2791 0 
2 3 2767 2792 0 
2 3 2766 2793 0 
2 3 2765 2794 0 
2 3 2760 2795 0 
2 3 2759 2796 0 
1 1 0 
2 3 2797 2798 0 
1 1 0 
1 1 0 
1 1 0 
2 3 2801 2802 0 
1 1 0 
1 1 0 
2 3 2804 2805 0 
2 3 2803 2806 0 
2 3 2800 2807 0 
2 3 2799 2808 0 
1 1 0 
2 3 2809 2810 0 
3 2 0 2811 
3 2 0 2809 
3 2 0 2799 
3 2 0 2797 
3 2 0 2759 
3 2 0 2796 
3 2 0 2760 
3 2 0 2795 
3 2 0 2765 
3 2 0 2763 
3 2 0 2761 
3 2 0 2762 
3 2 0 2764 
3 2 0 2794 
3 2 0 2766 
3 2 0 2793 
3 2 0 2767 
3 2 0 2792 
3 2 0 2768 
3 2 0 2791 
3 2 0 2769 
3 2 0 2790 
3 2 0 2778 
3 2 0 2770 
3 2 0 2777 
3 2 0 2775 
3 2 0 2773 
3 2 0 2771 
3 2 0 2772 
3 2 0 2774 
3 2 0 2776 
3 2 0 2789 
3 2 0 2779 
3 2 0 2788 
3 2 0 2786 
3 2 0 2780 
3 2 0 2785 
3 2 0 2781 
3 2 0 2784 
3 2 0 2782 
3 2 0 2783 
3 2 0 2787 
3 2 0 2798 
3 2 0 2808 
3 2 0 2800 
3 2 0 2807 
3 2 0 2803 
3 2 0 2801 
3 2 0 2802 
3 2 0 2806 
3 2 0 2804 
3 2 0 2805 
3 2 0 2810 
1 1 0 
1 1 0 
1 1 0 
1 1 0 
2 3 2867 2868 0 
2 3 2866 2869 0 
2 3 2865 2870 0 
1 1 0 
1 1 0 
2 3 2872 2873 0 
1 1 0 
1 1 0 
1 1 0 
2 3 2876 2877 0 
2 3 2875 2878 0 
2 3 2874 2879 0 
2 3 2871 2880 0 
1 1 0 
2 3 2881 2882 0 
1 1 0 
1 1 0 
1 1 0 
1 1 0 
2 3 2886 2887 0 
2 3 2885 2888 0 
2 3 2884 2889 0 
1 1 0 
1 1 0 
2 3 2891 2892 0 
1 1 0 
1 1 0 
2 3 2894 2895 0 
2 3 2893 2896 0 
2 3 2890 2897 0 
2 3 2883 2898 0 
1 1 0 
2 3 2899 2900 0 
3 2 0 2901 
3 2 0 2899 
3 2 0 2883 
3 2 0 2881 
3 2 0 2871 
3 2 0 2865 
3 2 0 2870 
3 2 0 2866 
3 2 0 2869 
3 2 0 2867 
3 2 0 2868 
3 2 0 2880 
3 2 0 2874 
3 2 0 2872 
3 2 0 2873 
3 2 0 2879 
3 2 0 2875 
3 2 0 2878 
3 2 0 2876 
3 2 0 2877 
3 2 0 2882 
3 2 0 2898 
3 2 0 2890 
3 2 0 2884 
3 2 0 2889 
3 2 0 2885 
3 2 0 2888 
3 2 0 2886 
3 2 0 2887 
3 2 0 2897 
3 2 0 2893 
3 2 0 2891 
3 2 0 2892 
3 2 0 2896 
3 2 0 2894 
3 2 0 2895 
3 2 0 2900 
1 1 0 
1 1 0 
2 3 2939 2940 0 
1 1 0 
1 1 0 
1 1 0 
2 3 2943 2944 0 
2 3 2942 2945 0 
1 1 0 
1 1 0 
1 1 0 
2 3 2948 2949 0 
2 3 2947 2950 0 
2 3 2946 2951 0 
1 1 0 
2 3 2952 2953 0 
1 1 0 
1 1 0 
1 1 0 
1 1 0 
2 3 2957 2958 0 
2 3 2956 2959 0 
1 1 0 
1 1 0 
2 3 2961 2962 0 
2 3 2960 2963 0 
2 3 2955 2964 0 
2 3 2954 2965 0 
1 1 0 
1 1 0 
1 1 0 
1 1 0 
2 3 2969 2970 0 
1 1 0 
1 1 0 
2 3 2972 2973 0 
1 1 0 
2 3 2974 2975 0 
1 1 0 
1 1 0 
2 3 2977 2978 0 
2 3 2976 2979 0 
2 3 2971 2980 0 
2 3 2968 2981 0 
2 3 2967 2982 0 
2 3 2966 2983 0 
1 1 0 
2 3 2984 2985 0 
2 3 2941 2986 0 
3 2 0 2987 
3 2 0 2941 
3 2 0 2939 
3 2 0 2940 
3 2 0 2986 
3 2 0 2984 
3 2 0 2966 
3 2 0 2954 
3 2 0 2952 
3 2 0 2946 
3 2 0 2942 
3 2 0 2945 
3 2 0 2943 
3 2 0 2944 
3 2 0 2951 
3 2 0 2947 
3 2 0 2950 
3 2 0 2948 
3 2 0 2949 
3 2 0 2953 
3 2 0 2965 
3 2 0 2955 
3 2 0 2964 
3 2 0 2960 
3 2 0 2956 
3 2 0 2959 
3 2 0 2957 
3 2 0 2958 
3 2 0 2963 
3 2 0 2961 
3 2 0 2962 
3 2 0 2983 
3 2 0 2967 
3 2 0 2982 
3 2 0 2968 
3 2 0 2981 
3 2 0 2971 
3 2 0 2969 
3 2 0 2970 
3 2 0 2980 
3 2 0 2976 
3 2 0 2974 
3 2 0 2972 
3 2 0 2973 
3 2 0 2975 
3 2 0 2979 
3 2 0 2977 
3 2 0 2978 
3 2 0 2985 
1 1 0 
1 1 0 
1 1 0 
1 1 0 
1 1 0 
2 3 3040 3041 0 
1 1 0 
1 1 0 
1 1 0 
2 3 3044 3045 0 
2 3 3043 3046 0 
2 3 3042 3047 0 
2 3 3039 3048 0 
2 3 3038 3049 0 
2 3 3037 3050 0 
1 1 0 
1 1 0 
1 1 0 
1 1 0 
2 3 3054 3055 0 
2 3 3053 3056 0 
1 1 0 
2 3 3057 3058 0 
1 1 0 
1 1 0 
1 1 0 
1 1 0 
1 1 0 
2 3 3063 3064 0 
1 1 0 
2 3 3065 3066 0 
2 3 3062 3067 0 
2 3 3061 3068 0 
2 3 3060 3069 0 
2 3 3059 3070 0 
1 1 0 
2 3 3071 3072 0 
2 3 3052 3073 0 
2 3 3051 3074 0 
3 2 0 3075 
3 2 0 3051 
3 2 0 3037 
3 2 0 3050 
3 2 0 3038 
3 2 0 3049 
3 2 0 3039 
3 2 0 3048 
3 2 0 3042 
3 2 0 3040 
3 2 0 3041 
3 2 0 3047 
3 2 0 3043 
3 2 0 3046 
3 2 0 3044 
3 2 0 3045 
3 2 0 3074 
3 2 0 3052 
3 2 0 3073 
3 2 0 3071 
3 2 0 3059 
3 2 0 3057 
3 2 0 3053 
3 2 0 3056 
3 2 0 3054 
3 2 0 3055 
3 2 0 3058 
3 2 0 3070 
3 2 0 3060 
3 2 0 3069 
3 2 0 3061 
3 2 0 3068 
3 2 0 3062 
3 2 0 3067 
3 2 0 3065 
3 2 0 3063 
3 2 0 3064 
3 2 0 3066 
3 2 0 3072 
1 1 0 
1 1 0 
1 1 0 
2 3 3116 3117 0 
1 1 0 
2 3 3118 3119 0 
2 3 3115 3120 0 
3 2 0 3121 
3 2 0 3115 
3 2 0 3120 
3 2 0 3118 
3 2 0 3116 
3 2 0 3117 
3 2 0 3119 
1 1 0 
1 1 0 
1 1 0 
1 1 0 
1 1 0 
2 3 3132 3133 0 
2 3 3131 3134 0 
1 1 0 
1 1 0 
2 3 3136 3137 0 
2 3 3135 3138 0 
1 1 0 
1 1 0 
2 3 3140 3141 0 
2 3 3139 3142 0 
2 3 3130 3143 0 
1 1 0 
2 3 3144 3145 0 
1 1 0 
1 1 0 
1 1 0 
2 3 3148 3149 0 
2 3 3147 3150 0 
1 1 0 
1 1 0 
1 1 0 
1 1 0 
1 1 0 
1 1 0 
1 1 0 
1 1 0 
2 3 3158 3159 0 
2 3 3157 3160 0 
1 1 0 
1 1 0 
2 3 3162 3163 0 
2 3 3161 3164 0 
2 3 3156 3165 0 
2 3 3155 3166 0 
2 3 3154 3167 0 
2 3 3153 3168 0 
2 3 3152 3169 0 
2 3 3151 3170 0 
2 3 3146 3171 0 
1 1 0 
2 3 3172 3173 0 
1 1 0 
2 3 3174 3175 0 
2 3 3129 3176 0 
3 2 0 3177 
3 2 0 3129 
3 2 0 3176 
3 2 0 3174 
3 2 0 3172 
3 2 0 3146 
3 2 0 3144 
3 2 0 3130 
3 2 0 3143 
3 2 0 3139 
3 2 0 3135 
3 2 0 3131 
3 2 0 3134 
3 2 0 3132 
3 2 0 3133 
3 2 0 3138 
3 2 0 3136 
3 2 0 3137 
3 2 0 3142 
3 2 0 3140 
3 2 0 3141 
3 2 0 3145 
3 2 0 3171 
3 2 0 3151 
3 2 0 3147 
3 2 0 3150 
3 2 0 3148 
3 2 0 3149 
3 2 0 3170 
3 2 0 3152 
3 2 0 3169 
3 2 0 3153 
3 2 0 3168 
3 2 0 3154 
3 2 0 3167 
3 2 0 3155 
3 2 0 3166 
3 2 0 3156 
3 2 0 3165 
3 2 0 3161 
3 2 0 3157 
3 2 0 3160 
3 2 0 3158 
3 2 0 3159 
3 2 0 3164 
3 2 0 3162 
3 2 0 3163 
3 2 0 3173 
3 2 0 3175 
1 1 0 
1 1 0 
2 3 3227 3228 0 
1 1 0 
1 1 0 
1 1 0 
1 1 0 
2 3 3232 3233 0 
1 1 0 
2 3 3234 3235 0 
1 1 0 
2 3 3236 3237 0 
1 1 0 
2 3 3238 3239 0 
1 1 0 
1 1 0 
1 1 0 
2 3 3242 3243 0 
2 3 3241 3244 0 
2 3 3240 3245 0 
2 3 3231 3246 0 
1 1 0 
1 1 0 
1 1 0 
2 3 3249 3250 0 
1 1 0 
2 3 3251 3252 0 
2 3 3248 3253 0 
1 1 0 
1 1 0 
1 1 0 
2 3 3256 3257 0 
2 3 3255 3258 0 
1 1 0 
1 1 0 
2 3 3260 3261 0 
2 3 3259 3262 0 
2 3 3254 3263 0 
2 3 3247 3264 0 
1 1 0 
2 3 3265 3266 0 
2 3 3230 3267 0 
2 3 3229 3268 0 
3 2 0 3269 
3 2 0 3229 
3 2 0 3227 
3 2 0 3228 
3 2 0 3268 
3 2 0 3230 
3 2 0 3267 
3 2 0 3265 
3 2 0 3247 
3 2 0 3231 
3 2 0 3246 
3 2 0 3240 
3 2 0 3238 
3 2 0 3236 
3 2 0 3234 
3 2 0 3232 
3 2 0 3233 
3 2 0 3235 
3 2 0 3237 
3 2 0 3239 
3 2 0 3245 
3 2 0 3241 
3 2 0 3244 
3 2 0 3242 
3 2 0 3243 
3 2 0 3264 
3 2 0 3254 
3 2 0 3248 
3 2 0 3253 
3 2 0 3251 
3 2 0 3249 
3 2 0 3250 
3 2 0 3252 
3 2 0 3263 
3 2 0 3259 
3 2 0 3255 
3 2 0 3258 
3 2 0 3256 
3 2 0 3257 
3 2 0 3262 
3 2 0 3260 
3 2 0 3261 
3 2 0 3266 
1 1 0 
1 1 0 
1 1 0 
2 3 3314 3315 0 
1 1 0 
1 1 0 
2 3 3317 3318 0 
1 1 0 
1 1 0 
1 1 0 
1 1 0 
2 3 3322 3323 0 
1 1 0 
2 3 3324 3325 0 
2 3 3321 3326 0 
1 1 0 
1 1 0 
1 1 0 
2 3 3329 3330 0 
2 3 3328 3331 0 
2 3 3327 3332 0 
2 3 3320 3333 0 
2 3 3319 3334 0 
2 3 3316 3335 0 
1 1 0 
2 3 3336 3337 0 
2 3 3313 3338 0 
3 2 0 3339 
3 2 0 3313 
3 2 0 3338 
3 2 0 3336 
3 2 0 3316 
3 2 0 3314 
3 2 0 3315 
3 2 0 3335 
3 2 0 3319 
3 2 0 3317 
3 2 0 3318 
3 2 0 3334 
3 2 0 3320 
3 2 0 3333 
3 2 0 3327 
3 2 0 3321 
3 2 0 3326 
3 2 0 3324 
3 2 0 3322 
3 2 0 3323 
3 2 0 3325 
3 2 0 3332 
3 2 0 3328 
3 2 0 3331 
3 2 0 3329 
3 2 0 3330 
3 2 0 3337 
1 1 0 
1 1 0 
1 1 0 
1 1 0 
2 3 3369 3370 0 
1 1 0 
1 1 0 
1 1 0 
2 3 3373 3374 0 
1 1 0 
2 3 3375 3376 0 
1 1 0 
1 1 0 
1 1 0 
2 3 3379 3380 0 
2 3 3378 3381 0 
2 3 3377 3382 0 
1 1 0 
2 3 3383 3384 0 
1 1 0 
2 3 3385 3386 0 
1 1 0 
1 1 0 
2 3 3388 3389 0 
1 1 0 
1 1 0 
1 1 0 
2 3 3392 3393 0 
2 3 3391 3394 0 
2 3 3390 3395 0 
2 3 3387 3396 0 
2 3 3372 3397 0 
2 3 3371 3398 0 
2 3 3368 3399 0 
2 3 3367 3400 0 
1 1 0 
1 1 0 
1 1 0 
1 1 0 
2 3 3404 3405 0 
2 3 3403 3406 0 
1 1 0 
1 1 0 
1 1 0 
1 1 0 
1 1 0 
2 3 3411 3412 0 
2 3 3410 3413 0 
2 3 3409 3414 0 
2 3 3408 3415 0 
1 1 0 
2 3 3416 3417 0 
2 3 3407 3418 0 
2 3 3402 3419 0 
2 3 3401 3420 0 
3 2 0 3421 
3 2 0 3401 
3 2 0 3367 
3 2 0 3400 
3 2 0 3368 
3 2 0 3399 
3 2 0 3371 
3 2 0 3369 
3 2 0 3370 
3 2 0 3398 
3 2 0 3372 
3 2 0 3397 
3 2 0 3387 
3 2 0 3385 
3 2 0 3383 
3 2 0 3377 
3 2 0 3375 
3 2 0 3373 
3 2 0 3374 
3 2 0 3376 
3 2 0 3382 
3 2 0 3378 
3 2 0 3381 
3 2 0 3379 
3 2 0 3380 
3 2 0 3384 
3 2 0 3386 
3 2 0 3396 
3 2 0 3390 
3 2 0 3388 
3 2 0 3389 
3 2 0 3395 
3 2 0 3391 
3 2 0 3394 
3 2 0 3392 
3 2 0 3393 
3 2 0 3420 
3 2 0 3402 
3 2 0 3419 
3 2 0 3407 
3 2 0 3403 
3 2 0 3406 
3 2 0 3404 
3 2 0 3405 
3 2 0 3418 
3 2 0 3416 
3 2 0 3408 
3 2 0 3415 
3 2 0 3409 
3 2 0 3414 
3 2 0 3410 
3 2 0 3413 
3 2 0 3411 
3 2 0 3412 
3 2 0 3417 
1 1 0 
1 1 0 
2 3 3477 3478 0 
1 1 0 
1 1 0 
1 1 0 
2 3 3481 3482 0 
2 3 3480 3483 0 
2 3 3479 3484 0 
1 1 0 
2 3 3485 3486 0 
1 1 0 
1 1 0 
1 1 0 
1 1 0 
2 3 3490 3491 0 
1 1 0 
1 1 0 
2 3 3493 3494 0 
2 3 3492 3495 0 
2 3 3489 3496 0 
1 1 0 
2 3 3497 3498 0 
1 1 0 
1 1 0 
1 1 0 
1 1 0 
2 3 3502 3503 0 
2 3 3501 3504 0 
1 1 0 
1 1 0 
2 3 3506 3507 0 
2 3 3505 3508 0 
1 1 0 
1 1 0 
1 1 0 
1 1 0 
2 3 3512 3513 0 
2 3 3511 3514 0 
1 1 0 
1 1 0 
1 1 0 
2 3 3517 3518 0 
1 1 0 
2 3 3519 3520 0 
2 3 3516 3521 0 
2 3 3515 3522 0 
2 3 3510 3523 0 
2 3 3509 3524 0 
2 3 3500 3525 0 
1 1 0 
1 1 0 
1 1 0 
1 1 0 
2 3 3529 3530 0 
2 3 3528 3531 0 
2 3 3527 3532 0 
1 1 0 
1 1 0 
2 3 3534 3535 0 
1 1 0 
2 3 3536 3537 0 
2 3 3533 3538 0 
2 3 3526 3539 0 
2 3 3499 3540 0 
2 3 3488 3541 0 
2 3 3487 3542 0 
1 1 0 
2 3 3543 3544 0 
3 2 0 3545 
3 2 0 3543 
3 2 0 3487 
3 2 0 3485 
3 2 0 3479 
3 2 0 3477 
3 2 0 3478 
3 2 0 3484 
3 2 0 3480 
3 2 0 3483 
3 2 0 3481 
3 2 0 3482 
3 2 0 3486 
3 2 0 3542 
3 2 0 3488 
3 2 0 3541 
3 2 0 3499 
3 2 0 3497 
3 2 0 3489 
3 2 0 3496 
3 2 0 3492 
3 2 0 3490 
3 2 0 3491 
3 2 0 3495 
3 2 0 3493 
3 2 0 3494 
3 2 0 3498 
3 2 0 3540 
3 2 0 3526 
3 2 0 3500 
3 2 0 3525 
3 2 0 3509 
3 2 0 3505 
3 2 0 3501 
3 2 0 3504 
3 2 0 3502 
3 2 0 3503 
3 2 0 3508 
3 2 0 3506 
3 2 0 3507 
3 2 0 3524 
3 2 0 3510 
3 2 0 3523 
3 2 0 3515 
3 2 0 3511 
3 2 0 3514 
3 2 0 3512 
3 2 0 3513 
3 2 0 3522 
3 2 0 3516 
3 2 0 3521 
3 2 0 3519 
3 2 0 3517 
3 2 0 3518 
3 2 0 3520 
3 2 0 3539 
3 2 0 3533 
3 2 0 3527 
3 2 0 3532 
3 2 0 3528 
3 2 0 3531 
3 2 0 3529 
3 2 0 3530 
3 2 0 3538 
3 2 0 3536 
3 2 0 3534 
3 2 0 3535 
3 2 0 3537 
3 2 0 3544 
1 1 0 
1 1 0 
1 1 0 
2 3 3616 3617 0 
1 1 0 
1 1 0 
1 1 0 
2 3 3620 3621 0 
2 3 3619 3622 0 
1 1 0 
2 3 3623 3624 0 
2 3 3618 3625 0 
1 1 0 
2 3 3626 3627 0 
2 3 3615 3628 0 
3 2 0 3629 
3 2 0 3615 
3 2 0 3628 
3 2 0 3626 
3 2 0 3618 
3 2 0 3616 
3 2 0 3617 
3 2 0 3625 
3 2 0 3623 
3 2 0 3619 
3 2 0 3622 
3 2 0 3620 
3 2 0 3621 
3 2 0 3624 
3 2 0 3627 
1 1 0 
1 1 0 
1 1 0 
1 1 0 
2 3 3647 3648 0 
2 3 3646 3649 0 
1 1 0 
1 1 0 
1 1 0 
1 1 0 
2 3 3653 3654 0 
2 3 3652 3655 0 
1 1 0 
2 3 3656 3657 0 
2 3 3651 3658 0 
1 1 0 
2 3 3659 3660 0 
1 1 0 
2 3 3661 3662 0 
2 3 3650 3663 0 
1 1 0 
2 3 3664 3665 0 
2 3 3645 3666 0 
3 2 0 3667 
3 2 0 3645 
3 2 0 3666 
3 2 0 3664 
3 2 0 3650 
3 2 0 3646 
3 2 0 3649 
3 2 0 3647 
3 2 0 3648 
3 2 0 3663 
3 2 0 3661 
3 2 0 3659 
3 2 0 3651 
3 2 0 3658 
3 2 0 3656 
3 2 0 3652 
3 2 0 3655 
3 2 0 3653 
3 2 0 3654 
3 2 0 3657 
3 2 0 3660 
3 2 0 3662 
3 2 0 3665 
1 1 0 
1 1 0 
1 1 0 
1 1 0 
1 1 0 
1 1 0 
1 1 0 
2 3 3696 3697 0 
2 3 3695 3698 0 
2 3 3694 3699 0 
2 3 3693 3700 0 
2 3 3692 3701 0 
2 3 3691 3702 0 
1 1 0 
1 1 0 
1 1 0 
2 3 3705 3706 0 
2 3 3704 3707 0 
2 3 3703 3708 0 
1 1 0 
1 1 0 
1 1 0 
1 1 0 
1 1 0 
2 3 3713 3714 0 
2 3 3712 3715 0 
1 1 0 
1 1 0 
1 1 0 
1 1 0 
1 1 0 
2 3 3720 3721 0 
2 3 3719 3722 0 
2 3 3718 3723 0 
2 3 3717 3724 0 
2 3 3716 3725 0 
2 3 3711 3726 0 
1 1 0 
2 3 3727 3728 0 
2 3 3710 3729 0 
2 3 3709 3730 0 
3 2 0 3731 
3 2 0 3709 
3 2 0 3703 
3 2 0 3691 
3 2 0 3702 
3 2 0 3692 
3 2 0 3701 
3 2 0 3693 
3 2 0 3700 
3 2 0 3694 
3 2 0 3699 
3 2 0 3695 
3 2 0 3698 
3 2 0 3696 
3 2 0 3697 
3 2 0 3708 
3 2 0 3704 
3 2 0 3707 
3 2 0 3705 
3 2 0 3706 
3 2 0 3730 
3 2 0 3710 
3 2 0 3729 
3 2 0 3727 
3 2 0 3711 
3 2 0 3726 
3 2 0 3716 
3 2 0 3712 
3 2 0 3715 
3 2 0 3713 
3 2 0 3714 
3 2 0 3725 
3 2 0 3717 
3 2 0 3724 
3 2 0 3718 
3 2 0 3723 
3 2 0 3719 
3 2 0 3722 
3 2 0 3720 
3 2 0 3721 
3 2 0 3728 
1 1 0 
1 1 0 
2 3 3773 3774 0 
1 1 0 
1 1 0 
1 1 0 
2 3 3777 3778 0 
1 1 0 
1 1 0 
1 1 0 
2 3 3781 3782 0 
1 1 0 
1 1 0 
1 1 0 
1 1 0 
2 3 3786 3787 0 
1 1 0 
1 1 0 
1 1 0 
2 3 3790 3791 0 
2 3 3789 3792 0 
2 3 3788 3793 0 
2 3 3785 3794 0 
2 3 3784 3795 0 
2 3 3783 3796 0 
1 1 0 
2 3 3797 3798 0 
1 1 0 
1 1 0 
1 1 0 
1 1 0 
1 1 0 
2 3 3803 3804 0 
1 1 0 
1 1 0 
2 3 3806 3807 0 
2 3 3805 3808 0 
2 3 3802 3809 0 
2 3 3801 3810 0 
2 3 3800 3811 0 
2 3 3799 3812 0 
2 3 3780 3813 0 
2 3 3779 3814 0 
2 3 3776 3815 0 
2 3 3775 3816 0 
1 1 0 
2 3 3817 3818 0 
3 2 0 3819 
3 2 0 3817 
3 2 0 3775 
3 2 0 3773 
3 2 0 3774 
3 2 0 3816 
3 2 0 3776 
3 2 0 3815 
3 2 0 3779 
3 2 0 3777 
3 2 0 3778 
3 2 0 3814 
3 2 0 3780 
3 2 0 3813 
3 2 0 3799 
3 2 0 3797 
3 2 0 3783 
3 2 0 3781 
3 2 0 3782 
3 2 0 3796 
3 2 0 3784 
3 2 0 3795 
3 2 0 3785 
3 2 0 3794 
3 2 0 3788 
3 2 0 3786 
3 2 0 3787 
3 2 0 3793 
3 2 0 3789 
3 2 0 3792 
3 2 0 3790 
3 2 0 3791 
3 2 0 3798 
3 2 0 3812 
3 2 0 3800 
3 2 0 3811 
3 2 0 3801 
3 2 0 3810 
3 2 0 3802 
3 2 0 3809 
3 2 0 3805 
3 2 0 3803 
3 2 0 3804 
3 2 0 3808 
3 2 0 3806 
3 2 0 3807 
3 2 0 3818 
1 1 0 
1 1 0 
2 3 3867 3868 0 
1 1 0 
1 1 0 
1 1 0 
1 1 0 
2 3 3872 3873 0 
1 1 0 
1 1 0 
1 1 0 
2 3 3876 3877 0 
2 3 3875 3878 0 
2 3 3874 3879 0 
2 3 3871 3880 0 
2 3 3870 3881 0 
1 1 0 
2 3 3882 3883 0 
1 1 0 
1 1 0 
1 1 0 
1 1 0 
2 3 3887 3888 0 
2 3 3886 3889 0 
2 3 3885 3890 0 
2 3 3884 3891 0 
1 1 0 
2 3 3892 3893 0 
2 3 3869 3894 0 
3 2 0 3895 
3 2 0 3869 
3 2 0 3867 
3 2 0 3868 
3 2 0 3894 
3 2 0 3892 
3 2 0 3884 
3 2 0 3882 
3 2 0 3870 
3 2 0 3881 
3 2 0 3871 
3 2 0 3880 
3 2 0 3874 
3 2 0 3872 
3 2 0 3873 
3 2 0 3879 
3 2 0 3875 
3 2 0 3878 
3 2 0 3876 
3 2 0 3877 
3 2 0 3883 
3 2 0 3891 
3 2 0 3885 
3 2 0 3890 
3 2 0 3886 
3 2 0 3889 
3 2 0 3887 
3 2 0 3888 
3 2 0 3893 
1 1 0 
1 1 0 
1 1 0 
1 1 0 
2 3 3927 3928 0 
2 3 3926 3929 0 
2 3 3925 3930 0 
1 1 0 
1 1 0 
2 3 3932 3933 0 
1 1 0 
2 3 3934 3935 0 
1 1 0 
1 1 0 
1 1 0 
1 1 0 
2 3 3939 3940 0 
2 3 3938 3941 0 
1 1 0 
1 1 0 
1 1 0 
2 3 3944 3945 0 
2 3 3943 3946 0 
2 3 3942 3947 0 
2 3 3937 3948 0 
2 3 3936 3949 0 
2 3 3931 3950 0 
1 1 0 
2 3 3951 3952 0 
3 2 0 3953 
3 2 0 3951 
3 2 0 3931 
3 2 0 3925 
3 2 0 3930 
3 2 0 3926 
3 2 0 3929 
3 2 0 3927 
3 2 0 3928 
3 2 0 3950 
3 2 0 3936 
3 2 0 3934 
3 2 0 3932 
3 2 0 3933 
3 2 0 3935 
3 2 0 3949 
3 2 0 3937 
3 2 0 3948 
3 2 0 3942 
3 2 0 3938 
3 2 0 3941 
3 2 0 3939 
3 2 0 3940 
3 2 0 3947 
3 2 0 3943 
3 2 0 3946 
3 2 0 3944 
3 2 0 3945 
3 2 0 3952 
1 1 0 
1 1 0 
1 1 0 
1 1 0 
1 1 0 
2 3 3986 3987 0 
2 3 3985 3988 0 
2 3 3984 3989 0 
2 3 3983 3990 0 
3 2 0 3991 
3 2 0 3983 
3 2 0 3990 
3 2 0 3984 
3 2 0 3989 
3 2 0 3985 
3 2 0 3988 
3 2 0 3986 
3 2 0 3987 
1 1 0 
1 1 0 
1 1 0 
1 1 0 
1 1 0 
2 3 4004 4005 0 
2 3 4003 4006 0 
2 3 4002 4007 0 
2 3 4001 4008 0 
1 1 0 
1 1 0 
1 1 0 
2 3 4011 4012 0 
2 3 4010 4013 0 
2 3 4009 4014 0 
1 1 0 
1 1 0 
1 1 0 
1 1 0 
1 1 0 
2 3 4019 4020 0 
2 3 4018 4021 0 
1 1 0 
1 1 0 
1 1 0 
1 1 0 
2 3 4025 4026 0 
2 3 4024 4027 0 
2 3 4023 4028 0 
2 3 4022 4029 0 
2 3 4017 4030 0 
2 3 4016 4031 0 
1 1 0 
2 3 4032 4033 0 
2 3 4015 4034 0 
3 2 0 4035 
3 2 0 4015 
3 2 0 4009 
3 2 0 4001 
3 2 0 4008 
3 2 0 4002 
3 2 0 4007 
3 2 0 4003 
3 2 0 4006 
3 2 0 4004 
3 2 0 4005 
3 2 0 4014 
3 2 0 4010 
3 2 0 4013 
3 2 0 4011 
3 2 0 4012 
3 2 0 4034 
3 2 0 4032 
3 2 0 4016 
3 2 0 4031 
3 2 0 4017 
3 2 0 4030 
3 2 0 4022 
3 2 0 4018 
3 2 0 4021 
3 2 0 4019 
3 2 0 4020 
3 2 0 4029 
3 2 0 4023 
3 2 0 4028 
3 2 0 4024 
3 2 0 4027 
3 2 0 4025 
3 2 0 4026 
3 2 0 4033 
1 1 0 
1 1 0 
2 3 4071 4072 0 
1 1 0 
1 1 0 
1 1 0 
1 1 0 
1 1 0 
1 1 0 
1 1 0 
2 3 4079 4080 0 
1 1 0 
2 3 4081 4082 0 
2 3 4078 4083 0 
2 3 4077 4084 0 
2 3 4076 4085 0 
1 1 0 
2 3 4086 4087 0 
1 1 0 
2 3 4088 4089 0 
2 3 4075 4090 0 
2 3 4074 4091 0 
1 1 0 
1 1 0 
1 1 0 
2 3 4094 4095 0 
2 3 4093 4096 0 
2 3 4092 4097 0 
1 1 0 
2 3 4098 4099 0 
2 3 4073 4100 0 
3 2 0 4101 
3 2 0 4073 
3 2 0 4071 
3 2 0 4072 
3 2 0 4100 
3 2 0 4098 
3 2 0 4092 
3 2 0 4074 
3 2 0 4091 
3 2 0 4075 
3 2 0 4090 
3 2 0 4088 
3 2 0 4086 
3 2 0 4076 
3 2 0 4085 
3 2 0 4077 
3 2 0 4084 
3 2 0 4078 
3 2 0 4083 
3 2 0 4081 
3 2 0 4079 
3 2 0 4080 
3 2 0 4082 
3 2 0 4087 
3 2 0 4089 
3 2 0 4097 
3 2 0 4093 
3 2 0 4096 
3 2 0 4094 
3 2 0 4095 
3 2 0 4099 
1 1 0 
1 1 0 
2 3 4133 4134 0 
1 1 0 
1 1 0 
2 3 4136 4137 0 
1 1 0 
1 1 0 
2 3 4139 4140 0 
2 3 4138 4141 0 
2 3 4135 4142 0 
1 1 0 
1 1 0 
2 3 4144 4145 0 
1 1 0 
2 3 4146 4147 0 
2 3 4143 4148 0 
3 2 0 4149 
3 2 0 4143 
3 2 0 4135 
3 2 0 4133 
3 2 0 4134 
3 2 0 4142 
3 2 0 4138 
3 2 0 4136 
3 2 0 4137 
3 2 0 4141 
3 2 0 4139 
3 2 0 4140 
3 2 0 4148 
3 2 0 4146 
3 2 0 4144 
3 2 0 4145 
3 2 0 4147 
1 1 0 
1 1 0 
2 3 4167 4168 0 
1 1 0 
1 1 0 
1 1 0 
1 1 0 
1 1 0 
1 1 0 
2 3 4174 4175 0 
2 3 4173 4176 0 
2 3 4172 4177 0 
2 3 4171 4178 0 
1 1 0 
2 3 4179 4180 0 
1 1 0 
1 1 0 
1 1 0 
2 3 4183 4184 0 
1 1 0 
1 1 0 
2 3 4186 4187 0 
1 1 0 
2 3 4188 4189 0 
2 3 4185 4190 0 
2 3 4182 4191 0 
2 3 4181 4192 0 
1 1 0 
2 3 4193 4194 0 
2 3 4170 4195 0 
2 3 4169 4196 0 
3 2 0 4197 
3 2 0 4169 
3 2 0 4167 
3 2 0 4168 
3 2 0 4196 
3 2 0 4170 
3 2 0 4195 
3 2 0 4193 
3 2 0 4181 
3 2 0 4179 
3 2 0 4171 
3 2 0 4178 
3 2 0 4172 
3 2 0 4177 
3 2 0 4173 
3 2 0 4176 
3 2 0 4174 
3 2 0 4175 
3 2 0 4180 
3 2 0 4192 
3 2 0 4182 
3 2 0 4191 
3 2 0 4185 
3 2 0 4183 
3 2 0 4184 
3 2 0 4190 
3 2 0 4188 
3 2 0 4186 
3 2 0 4187 
3 2 0 4189 
3 2 0 4194 
1 1 0 
1 1 0 
1 1 0 
1 1 0 
1 1 0 
2 3 4232 4233 0 
2 3 4231 4234 0 
2 3 4230 4235 0 
2 3 4229 4236 0 
1 1 0 
1 1 0 
1 1 0 
1 1 0 
1 1 0 
2 3 4241 4242 0 
2 3 4240 4243 0 
1 1 0 
1 1 0 
1 1 0 
2 3 4246 4247 0 
2 3 4245 4248 0 
2 3 4244 4249 0 
2 3 4239 4250 0 
1 1 0 
1 1 0 
1 1 0 
1 1 0 
2 3 4254 4255 0 
2 3 4253 4256 0 
2 3 4252 4257 0 
1 1 0 
1 1 0 
1 1 0 
1 1 0 
2 3 4261 4262 0 
1 1 0 
1 1 0 
1 1 0 
1 1 0 
1 1 0 
1 1 0 
2 3 4268 4269 0 
2 3 4267 4270 0 
2 3 4266 4271 0 
2 3 4265 4272 0 
1 1 0 
2 3 4273 4274 0 
1 1 0 
1 1 0 
2 3 4276 4277 0 
1 1 0 
1 1 0 
1 1 0 
1 1 0 
2 3 4281 4282 0 
2 3 4280 4283 0 
2 3 4279 4284 0 
2 3 4278 4285 0 
2 3 4275 4286 0 
2 3 4264 4287 0 
2 3 4263 4288 0 
2 3 4260 4289 0 
2 3 4259 4290 0 
2 3 4258 4291 0 
1 1 0 
2 3 4292 4293 0 
2 3 4251 4294 0 
2 3 4238 4295 0 
2 3 4237 4296 0 
3 2 0 4297 
3 2 0 4237 
3 2 0 4229 
3 2 0 4236 
3 2 0 4230 
3 2 0 4235 
3 2 0 4231 
3 2 0 4234 
3 2 0 4232 
3 2 0 4233 
3 2 0 4296 
3 2 0 4238 
3 2 0 4295 
3 2 0 4251 
3 2 0 4239 
3 2 0 4250 
3 2 0 4244 
3 2 0 4240 
3 2 0 4243 
3 2 0 4241 
3 2 0 4242 
3 2 0 4249 
3 2 0 4245 
3 2 0 4248 
3 2 0 4246 
3 2 0 4247 
3 2 0 4294 
3 2 0 4292 
3 2 0 4258 
3 2 0 4252 
3 2 0 4257 
3 2 0 4253 
3 2 0 4256 
3 2 0 4254 
3 2 0 4255 
3 2 0 4291 
3 2 0 4259 
3 2 0 4290 
3 2 0 4260 
3 2 0 4289 
3 2 0 4263 
3 2 0 4261 
3 2 0 4262 
3 2 0 4288 
3 2 0 4264 
3 2 0 4287 
3 2 0 4275 
3 2 0 4273 
3 2 0 4265 
3 2 0 4272 
3 2 0 4266 
3 2 0 4271 
3 2 0 4267 
3 2 0 4270 
3 2 0 4268 
3 2 0 4269 
3 2 0 4274 
3 2 0 4286 
3 2 0 4278 
3 2 0 4276 
3 2 0 4277 
3 2 0 4285 
3 2 0 4279 
3 2 0 4284 
3 2 0 4280 
3 2 0 4283 
3 2 0 4281 
3 2 0 4282 
3 2 0 4293 
1 1 0 
1 1 0 
1 1 0 
2 3 4368 4369 0 
1 1 0 
1 1 0 
1 1 0 
1 1 0 
2 3 4373 4374 0 
2 3 4372 4375 0 
2 3 4371 4376 0 
2 3 4370 4377 0 
1 1 0 
2 3 4378 4379 0 
2 3 4367 4380 0 
1 1 0 
1 1 0 
1 1 0 
1 1 0 
1 1 0 
2 3 4385 4386 0 
1 1 0 
1 1 0 
1 1 0 
1 1 0 
1 1 0 
2 3 4391 4392 0 
1 1 0 
1 1 0 
1 1 0 
2 3 4395 4396 0 
1 1 0 
2 3 4397 4398 0 
1 1 0 
1 1 0 
2 3 4400 4401 0 
2 3 4399 4402 0 
1 1 0 
2 3 4403 4404 0 
1 1 0 
1 1 0 
1 1 0 
1 1 0 
2 3 4408 4409 0 
1 1 0 
1 1 0 
1 1 0 
1 1 0 
1 1 0 
1 1 0 
2 3 4415 4416 0 
2 3 4414 4417 0 
2 3 4413 4418 0 
2 3 4412 4419 0 
2 3 4411 4420 0 
2 3 4410 4421 0 
2 3 4407 4422 0 
2 3 4406 4423 0 
2 3 4405 4424 0 
2 3 4394 4425 0 
2 3 4393 4426 0 
2 3 4390 4427 0 
2 3 4389 4428 0 
2 3 4388 4429 0 
2 3 4387 4430 0 
2 3 4384 4431 0 
1 1 0 
2 3 4432 4433 0 
2 3 4383 4434 0 
2 3 4382 4435 0 
2 3 4381 4436 0 
3 2 0 4437 
3 2 0 4381 
3 2 0 4367 
3 2 0 4380 
3 2 0 4378 
3 2 0 4370 
3 2 0 4368 
3 2 0 4369 
3 2 0 4377 
3 2 0 4371 
3 2 0 4376 
3 2 0 4372 
3 2 0 4375 
3 2 0 4373 
3 2 0 4374 
3 2 0 4379 
3 2 0 4436 
3 2 0 4382 
3 2 0 4435 
3 2 0 4383 
3 2 0 4434 
3 2 0 4432 
3 2 0 4384 
3 2 0 4431 
3 2 0 4387 
3 2 0 4385 
3 2 0 4386 
3 2 0 4430 
3 2 0 4388 
3 2 0 4429 
3 2 0 4389 
3 2 0 4428 
3 2 0 4390 
3 2 0 4427 
3 2 0 4393 
3 2 0 4391 
3 2 0 4392 
3 2 0 4426 
3 2 0 4394 
3 2 0 4425 
3 2 0 4405 
3 2 0 4403 
3 2 0 4399 
3 2 0 4397 
3 2 0 4395 
3 2 0 4396 
3 2 0 4398 
3 2 0 4402 
3 2 0 4400 
3 2 0 4401 
3 2 0 4404 
3 2 0 4424 
3 2 0 4406 
3 2 0 4423 
3 2 0 4407 
3 2 0 4422 
3 2 0 4410 
3 2 0 4408 
3 2 0 4409 
3 2 0 4421 
3 2 0 4411 
3 2 0 4420 
3 2 0 4412 
3 2 0 4419 
3 2 0 4413 
3 2 0 4418 
3 2 0 4414 
3 2 0 4417 
3 2 0 4415 
3 2 0 4416 
3 2 0 4433 
1 1 0 
1 1 0 
1 1 0 
1 1 0 
1 1 0 
2 3 4512 4513 0 
1 1 0 
1 1 0 
1 1 0 
2 3 4516 4517 0 
2 3 4515 4518 0 
2 3 4514 4519 0 
2 3 4511 4520 0 
2 3 4510 4521 0 
2 3 4509 4522 0 
1 1 0 
1 1 0 
1 1 0 
1 1 0 
1 1 0 
1 1 0 
2 3 4528 4529 0 
1 1 0 
1 1 0 
1 1 0 
1 1 0 
1 1 0 
2 3 4534 4535 0 
1 1 0 
2 3 4536 4537 0 
1 1 0 
2 3 4538 4539 0 
2 3 4533 4540 0 
2 3 4532 4541 0 
1 1 0 
1 1 0 
1 1 0 
2 3 4544 4545 0 
1 1 0 
1 1 0 
1 1 0 
2 3 4548 4549 0 
2 3 4547 4550 0 
2 3 4546 4551 0 
2 3 4543 4552 0 
2 3 4542 4553 0 
2 3 4531 4554 0 
2 3 4530 4555 0 
1 1 0 
1 1 0 
2 3 4557 4558 0 
1 1 0 
2 3 4559 4560 0 
1 1 0 
2 3 4561 4562 0 
1 1 0 
1 1 0 
1 1 0 
2 3 4565 4566 0 
2 3 4564 4567 0 
2 3 4563 4568 0 
2 3 4556 4569 0 
2 3 4527 4570 0 
2 3 4526 4571 0 
1 1 0 
2 3 4572 4573 0 
2 3 4525 4574 0 
2 3 4524 4575 0 
2 3 4523 4576 0 
3 2 0 4577 
3 2 0 4523 
3 2 0 4509 
3 2 0 4522 
3 2 0 4510 
3 2 0 4521 
3 2 0 4511 
3 2 0 4520 
3 2 0 4514 
3 2 0 4512 
3 2 0 4513 
3 2 0 4519 
3 2 0 4515 
3 2 0 4518 
3 2 0 4516 
3 2 0 4517 
3 2 0 4576 
3 2 0 4524 
3 2 0 4575 
3 2 0 4525 
3 2 0 4574 
3 2 0 4572 
3 2 0 4526 
3 2 0 4571 
3 2 0 4527 
3 2 0 4570 
3 2 0 4556 
3 2 0 4530 
3 2 0 4528 
3 2 0 4529 
3 2 0 4555 
3 2 0 4531 
3 2 0 4554 
3 2 0 4542 
3 2 0 4532 
3 2 0 4541 
3 2 0 4533 
3 2 0 4540 
3 2 0 4538 
3 2 0 4536 
3 2 0 4534 
3 2 0 4535 
3 2 0 4537 
3 2 0 4539 
3 2 0 4553 
3 2 0 4543 
3 2 0 4552 
3 2 0 4546 
3 2 0 4544 
3 2 0 4545 
3 2 0 4551 
3 2 0 4547 
3 2 0 4550 
3 2 0 4548 
3 2 0 4549 
3 2 0 4569 
3 2 0 4563 
3 2 0 4561 
3 2 0 4559 
3 2 0 4557 
3 2 0 4558 
3 2 0 4560 
3 2 0 4562 
3 2 0 4568 
3 2 0 4564 
3 2 0 4567 
3 2 0 4565 
3 2 0 4566 
3 2 0 4573 
1 1 0 
1 1 0 
1 1 0 
2 3 4648 4649 0 
2 3 4647 4650 0 
1 1 0 
2 3 4651 4652 0 
1 1 0 
1 1 0 
1 1 0 
1 1 0 
1 1 0 
2 3 4657 4658 0 
2 3 4656 4659 0 
2 3 4655 4660 0 
2 3 4654 4661 0 
2 3 4653 4662 0 
1 1 0 
1 1 0 
2 3 4664 4665 0 
1 1 0 
2 3 4666 4667 0 
2 3 4663 4668 0 
3 2 0 4669 
3 2 0 4663 
3 2 0 4653 
3 2 0 4651 
3 2 0 4647 
3 2 0 4650 
3 2 0 4648 
3 2 0 4649 
3 2 0 4652 
3 2 0 4662 
3 2 0 4654 
3 2 0 4661 
3 2 0 4655 
3 2 0 4660 
3 2 0 4656 
3 2 0 4659 
3 2 0 4657 
3 2 0 4658 
3 2 0 4668 
3 2 0 4666 
3 2 0 4664 
3 2 0 4665 
3 2 0 4667 
1 1 0 
1 1 0 
1 1 0 
1 1 0 
2 3 4695 4696 0 
2 3 4694 4697 0 
1 1 0 
1 1 0 
1 1 0 
1 1 0 
1 1 0 
1 1 0 
2 3 4703 4704 0 
2 3 4702 4705 0 
2 3 4701 4706 0 
2 3 4700 4707 0 
1 1 0 
2 3 4708 4709 0 
1 1 0 
1 1 0 
1 1 0 
1 1 0 
2 3 4713 4714 0 
2 3 4712 4715 0 
2 3 4711 4716 0 
2 3 4710 4717 0 
1 1 0 
2 3 4718 4719 0 
2 3 4699 4720 0 
2 3 4698 4721 0 
2 3 4693 4722 0 
1 1 0 
1 1 0 
1 1 0 
1 1 0 
1 1 0 
1 1 0 
2 3 4728 4729 0 
2 3 4727 4730 0 
2 3 4726 4731 0 
1 1 0 
2 3 4732 4733 0 
2 3 4725 4734 0 
2 3 4724 4735 0 
2 3 4723 4736 0 
3 2 0 4737 
3 2 0 4723 
3 2 0 4693 
3 2 0 4722 
3 2 0 4698 
3 2 0 4694 
3 2 0 4697 
3 2 0 4695 
3 2 0 4696 
3 2 0 4721 
3 2 0 4699 
3 2 0 4720 
3 2 0 4718 
3 2 0 4710 
3 2 0 4708 
3 2 0 4700 
3 2 0 4707 
3 2 0 4701 
3 2 0 4706 
3 2 0 4702 
3 2 0 4705 
3 2 0 4703 
3 2 0 4704 
3 2 0 4709 
3 2 0 4717 
3 2 0 4711 
3 2 0 4716 
3 2 0 4712 
3 2 0 4715 
3 2 0 4713 
3 2 0 4714 
3 2 0 4719 
3 2 0 4736 
3 2 0 4724 
3 2 0 4735 
3 2 0 4725 
3 2 0 4734 
3 2 0 4732 
3 2 0 4726 
3 2 0 4731 
3 2 0 4727 
3 2 0 4730 
3 2 0 4728 
3 2 0 4729 
3 2 0 4733 
1 1 0 
1 1 0 
2 3 4783 4784 0 
1 1 0 
1 1 0 
1 1 0 
2 3 4787 4788 0 
2 3 4786 4789 0 
2 3 4785 4790 0 
1 1 0 
1 1 0 
1 1 0 
2 3 4793 4794 0 
1 1 0 
1 1 0 
2 3 4796 4797 0 
2 3 4795 4798 0 
1 1 0 
2 3 4799 4800 0 
1 1 0 
1 1 0 
1 1 0 
2 3 4803 4804 0 
2 3 4802 4805 0 
1 1 0 
1 1 0 
1 1 0 
2 3 4808 4809 0 
1 1 0 
2 3 4810 4811 0 
2 3 4807 4812 0 
2 3 4806 4813 0 
2 3 4801 4814 0 
2 3 4792 4815 0 
1 1 0 
2 3 4816 4817 0 
2 3 4791 4818 0 
3 2 0 4819 
3 2 0 4791 
3 2 0 4785 
3 2 0 4783 
3 2 0 4784 
3 2 0 4790 
3 2 0 4786 
3 2 0 4789 
3 2 0 4787 
3 2 0 4788 
3 2 0 4818 
3 2 0 4816 
3 2 0 4792 
3 2 0 4815 
3 2 0 4801 
3 2 0 4799 
3 2 0 4795 
3 2 0 4793 
3 2 0 4794 
3 2 0 4798 
3 2 0 4796 
3 2 0 4797 
3 2 0 4800 
3 2 0 4814 
3 2 0 4806 
3 2 0 4802 
3 2 0 4805 
3 2 0 4803 
3 2 0 4804 
3 2 0 4813 
3 2 0 4807 
3 2 0 4812 
3 2 0 4810 
3 2 0 4808 
3 2 0 4809 
3 2 0 4811 
3 2 0 4817 
1 1 0 
1 1 0 
1 1 0 
1 1 0 
2 3 4859 4860 0 
1 1 0 
1 1 0 
1 1 0 
1 1 0 
2 3 4864 4865 0 
1 1 0 
1 1 0 
2 3 4867 4868 0 
2 3 4866 4869 0 
1 1 0 
2 3 4870 4871 0 
2 3 4863 4872 0 
1 1 0 
1 1 0 
1 1 0 
1 1 0 
1 1 0 
2 3 4877 4878 0 
2 3 4876 4879 0 
2 3 4875 4880 0 
2 3 4874 4881 0 
2 3 4873 4882 0 
1 1 0 
1 1 0 
1 1 0 
1 1 0 
1 1 0 
2 3 4887 4888 0 
1 1 0 
1 1 0 
1 1 0 
2 3 4891 4892 0 
2 3 4890 4893 0 
2 3 4889 4894 0 
2 3 4886 4895 0 
2 3 4885 4896 0 
2 3 4884 4897 0 
2 3 4883 4898 0 
2 3 4862 4899 0 
2 3 4861 4900 0 
2 3 4858 4901 0 
2 3 4857 4902 0 
3 2 0 4903 
3 2 0 4857 
3 2 0 4902 
3 2 0 4858 
3 2 0 4901 
3 2 0 4861 
3 2 0 4859 
3 2 0 4860 
3 2 0 4900 
3 2 0 4862 
3 2 0 4899 
3 2 0 4883 
3 2 0 4873 
3 2 0 4863 
3 2 0 4872 
3 2 0 4870 
3 2 0 4866 
3 2 0 4864 
3 2 0 4865 
3 2 0 4869 
3 2 0 4867 
3 2 0 4868 
3 2 0 4871 
3 2 0 4882 
3 2 0 4874 
3 2 0 4881 
3 2 0 4875 
3 2 0 4880 
3 2 0 4876 
3 2 0 4879 
3 2 0 4877 
3 2 0 4878 
3 2 0 4898 
3 2 0 4884 
3 2 0 4897 
3 2 0 4885 
3 2 0 4896 
3 2 0 4886 
3 2 0 4895 
3 2 0 4889 
3 2 0 4887 
3 2 0 4888 
3 2 0 4894 
3 2 0 4890 
3 2 0 4893 
3 2 0 4891 
3 2 0 4892 
1 1 0 
1 1 0 
2 3 4951 4952 0 
1 1 0 
1 1 0 
1 1 0 
1 1 0 
2 3 4956 4957 0 
2 3 4955 4958 0 
2 3 4954 4959 0 
2 3 4953 4960 0 
1 1 0 
2 3 4961 4962 0 
1 1 0 
2 3 4963 4964 0 
1 1 0 
1 1 0 
1 1 0 
1 1 0 
1 1 0 
1 1 0 
1 1 0 
1 1 0 
2 3 4972 4973 0 
2 3 4971 4974 0 
2 3 4970 4975 0 
2 3 4969 4976 0 
2 3 4968 4977 0 
2 3 4967 4978 0 
2 3 4966 4979 0 
2 3 4965 4980 0 
1 1 0 
2 3 4981 4982 0 
1 1 0 
1 1 0 
2 3 4984 4985 0 
1 1 0 
1 1 0 
1 1 0 
1 1 0 
2 3 4989 4990 0 
1 1 0 
1 1 0 
1 1 0 
1 1 0 
2 3 4994 4995 0 
1 1 0 
1 1 0 
1 1 0 
1 1 0 
1 1 0 
1 1 0 
2 3 5001 5002 0 
2 3 5000 5003 0 
2 3 4999 5004 0 
2 3 4998 5005 0 
2 3 4997 5006 0 
2 3 4996 5007 0 
2 3 4993 5008 0 
2 3 4992 5009 0 
2 3 4991 5010 0 
2 3 4988 5011 0 
2 3 4987 5012 0 
2 3 4986 5013 0 
2 3 4983 5014 0 
1 1 0 
2 3 5015 5016 0 
3 2 0 5017 
3 2 0 5015 
3 2 0 4983 
3 2 0 4981 
3 2 0 4965 
3 2 0 4963 
3 2 0 4961 
3 2 0 4953 
3 2 0 4951 
3 2 0 4952 
3 2 0 4960 
3 2 0 4954 
3 2 0 4959 
3 2 0 4955 
3 2 0 4958 
3 2 0 4956 
3 2 0 4957 
3 2 0 4962 
3 2 0 4964 
3 2 0 4980 
3 2 0 4966 
3 2 0 4979 
3 2 0 4967 
3 2 0 4978 
3 2 0 4968 
3 2 0 4977 
3 2 0 4969 
3 2 0 4976 
3 2 0 4970 
3 2 0 4975 
3 2 0 4971 
3 2 0 4974 
3 2 0 4972 
3 2 0 4973 
3 2 0 4982 
3 2 0 5014 
3 2 0 4986 
3 2 0 4984 
3 2 0 4985 
3 2 0 5013 
3 2 0 4987 
3 2 0 5012 
3 2 0 4988 
3 2 0 5011 
3 2 0 4991 
3 2 0 4989 
3 2 0 4990 
3 2 0 5010 
3 2 0 4992 
3 2 0 5009 
3 2 0 4993 
3 2 0 5008 
3 2 0 4996 
3 2 0 4994 
3 2 0 4995 
3 2 0 5007 
3 2 0 4997 
3 2 0 5006 
3 2 0 4998 
3 2 0 5005 
3 2 0 4999 
3 2 0 5004 
3 2 0 5000 
3 2 0 5003 
3 2 0 5001 
3 2 0 5002 
3 2 0 5016 
6 2542 50 51 52 53 54 55 56 57 58 59 60 61 62 63 64 65 66 67 68 69 70 71 72 73 74 75 76 77 78 79 80 81 82 83 84 85 86 87 88 89 90 91 92 93 94 95 96 97 98 144 145 146 147 148 149 150 151 152 153 154 155 156 157 158 159 160 161 162 163 164 165 166 167 168 169 170 171 172 173 174 175 176 177 178 179 180 181 182 183 184 185 186 187 188 236 237 238 239 240 241 242 243 244 245 246 247 248 249 250 251 252 253 254 255 256 257 258 259 260 261 262 263 264 265 266 267 268 269 270 271 272 273 274 275 276 277 278 279 280 281 282 314 315 316 317 318 319 320 321 322 323 324 325 326 327 328 329 330 331 332 333 334 335 336 337 338 339 340 341 342 343 344 384 385 386 387 388 389 390 391 392 393 394 395 396 397 398 399 400 401 402 403 404 405 406 407 408 409 410 411 412 413 414 415 416 417 418 419 420 421 422 452 453 454 455 456 457 458 459 460 461 462 463 464 465 466 467 468 469 470 471 472 473 474 475 476 477 478 479 480 508 509 510 511 512 513 514 515 516 517 518 519 520 521 522 523 524 525 526 527 528 529 530 531 532 533 534 572 573 574 575 576 577 578 579 580 581 582 583 584 585 586 587 588 589 590 591 592 593 594 595 596 597 598 599 600 601 602 603 604 605 606 607 608 636 637 638 639 640 641 642 643 644 645 646 647 648 649 650 651 652 653 654 655 656 657 658 659 660 661 662 688 689 690 691 692 693 694 695 696 697 698 699 700 701 702 703 704 705 706 707 708 709 710 711 712 752 753 754 755 756 757 758 759 760 761 762 763 764 765 766 767 768 769 770 771 772 773 774 775 776 777 778 779 780 781 782 783 784 785 786 787 788 789 790 838 839 840 841 842 843 844 845 846 847 848 849 850 851 852 853 854 855 856 857 858 859 860 861 862 863 864 865 866 867 868 869 870 871 872 873 874 875 876 877 878 879 880 881 882 883 884 914 915 916 917 918 919 920 921 922 923 924 925 926 927 928 929 930 931 932 933 934 935 936 937 938 939 940 941 942 998 999 1000 1001 1002 1003 1004 1005 1006 1007 1008 1009 1010 1011 1012 1013 1014 1015 1016 1017 1018 1019 1020 1021 1022 1023 1024 1025 1026 1027 1028 1029 1030 1031 1032 1033 1034 1035 1036 1037 1038 1039 1040 1041 1042 1043 1044 1045 1046 1047 1048 1049 1050 1051 1052 1062 1063 1064 1065 1066 1067 1068 1069 1070 1134 1135 1136 1137 1138 1139 1140 1141 1142 1143 1144 1145 1146 1147 1148 1149 1150 1151 1152 1153 1154 1155 1156 1157 1158 1159 1160 1161 1162 1163 1164 1165 1166 1167 1168 1169 1170 1171 1172 1173 1174 1175 1176 1177 1178 1179 1180 1181 1182 1183 1184 1185 1186 1187 1188 1189 1190 1191 1192 1193 1194 1195 1196 1260 1261 1262 1263 1264 1265 1266 1267 1268 1269 1270 1271 1272 1273 1274 1275 1276 1277 1278 1279 1280 1281 1282 1283 1284 1285 1286 1287 1288 1289 1290 1291 1292 1293 1294 1295 1296 1297 1298 1299 1300 1301 1302 1303 1304 1305 1306 1307 1308 1309 1310 1311 1312 1313 1314 1315 1316 1317 1318 1319 1320 1321 1322 1342 1343 1344 1345 1346 1347 1348 1349 1350 1351 1352 1353 1354 1355 1356 1357 1358 1359 1360 1406 1407 1408 1409 1410 1411 1412 1413 1414 1415 1416 1417 1418 1419 1420 1421 1422 1423 1424 1425 1426 1427 1428 1429 1430 1431 1432 1433 1434 1435 1436 1437 1438 1439 1440 1441 1442 1443 1444 1445 1446 1447 1448 1449 1450 1470 1471 1472 1473 1474 1475 1476 1477 1478 1479 1480 1481 1482 1483 1484 1485 1486 1487 1488 1524 1525 1526 1527 1528 1529 1530 1531 1532 1533 1534 1535 1536 1537 1538 1539 1540 1541 1542 1543 1544 1545 1546 1547 1548 1549 1550 1551 1552 1553 1554 1555 1556 1557 1558 1580 1581 1582 1583 1584 1585 1586 1587 1588 1589 1590 1591 1592 1593 1594 1595 1596 1597 1598 1599 1600 1674 1675 1676 1677 1678 1679 1680 1681 1682 1683 1684 1685 1686 1687 1688 1689 1690 1691 1692 1693 1694 1695 1696 1697 1698 1699 1700 1701 1702 1703 1704 1705 1706 1707 1708 1709 1710 1711 1712 1713 1714 1715 1716 1717 1718 1719 1720 1721 1722 1723 1724 1725 1726 1727 1728 1729 1730 1731 1732 1733 1734 1735 1736 1737 1738 1739 1740 1741 1742 1743 1744 1745 1746 1816 1817 1818 1819 1820 1821 1822 1823 1824 1825 1826 1827 1828 1829 1830 1831 1832 1833 1834 1835 1836 1837 1838 1839 1840 1841 1842 1843 1844 1845 1846 1847 1848 1849 1850 1851 1852 1853 1854 1855 1856 1857 1858 1859 1860 1861 1862 1863 1864 1865 1866 1867 1868 1869 1870 1871 1872 1873 1874 1875 1876 1877 1878 1879 1880 1881 1882 1883 1884 1970 1971 1972 1973 1974 1975 1976 1977 1978 1979 1980 1981 1982 1983 1984 1985 1986 1987 1988 1989 1990 1991 1992 1993 1994 1995 1996 1997 1998 1999 2000 2001 2002 2003 2004 2005 2006 2007 2008 2009 2010 2011 2012 2013 2014 2015 2016 2017 2018 2019 2020 2021 2022 2023 2024 2025 2026 2027 2028 2029 2030 2031 2032 2033 2034 2035 2036 2037 2038 2039 2040 2041 2042 2043 2044 2045 2046 2047 2048 2049 2050 2051 2052 2053 2054 2096 2097 2098 2099 2100 2101 2102 2103 2104 2105 2106 2107 2108 2109 2110 2111 2112 2113 2114 2115 2116 2117 2118 2119 2120 2121 2122 2123 2124 2125 2126 2127 2128 2129 2130 2131 2132 2133 2134 2135 2136 2148 2149 2150 2151 2152 2153 2154 2155 2156 2157 2158 2216 2217 2218 2219 2220 2221 2222 2223 2224 2225 2226 2227 2228 2229 2230 2231 2232 2233 2234 2235 2236 2237 2238 2239 2240 2241 2242 2243 2244 2245 2246 2247 2248 2249 2250 2251 2252 2253 2254 2255 2256 2257 2258 2259 2260 2261 2262 2263 2264 2265 2266 2267 2268 2269 2270 2271 2272 2292 2293 2294 2295 2296 2297 2298 2299 2300 2301 2302 2303 2304 2305 2306 2307 2308 2309 2310 2322 2323 2324 2325 2326 2327 2328 2329 2330 2331 2332 2370 2371 2372 2373 2374 2375 2376 2377 2378 2379 2380 2381 2382 2383 2384 2385 2386 2387 2388 2389 2390 2391 2392 2393 2394 2395 2396 2397 2398 2399 2400 2401 2402 2403 2404 2405 2406 2434 2435 2436 2437 2438 2439 2440 2441 2442 2443 2444 2445 2446 2447 2448 2449 2450 2451 2452 2453 2454 2455 2456 2457 2458 2459 2460 2490 2491 2492 2493 2494 2495 2496 2497 2498 2499 2500 2501 2502 2503 2504 2505 2506 2507 2508 2509 2510 2511 2512 2513 2514 2515 2516 2517 2518 2558 2559 2560 2561 2562 2563 2564 2565 2566 2567 2568 2569 2570 2571 2572 2573 2574 2575 2576 2577 2578 2579 2580 2581 2582 2583 2584 2585 2586 2587 2588 2589 2590 2591 2592 2593 2594 2595 2596 2678 2679 2680 2681 2682 2683 2684 2685 2686 2687 2688 2689 2690 2691 2692 2693 2694 2695 2696 2697 2698 2699 2700 2701 2702 2703 2704 2705 2706 2707 2708 2709 2710 2711 2712 2713 2714 2715 2716 2717 2718 2719 2720 2721 2722 2723 2724 2725 2726 2727 2728 2729 2730 2731 2732 2733 2734 2735 2736 2737 2738 2739 2740 2741 2742 2743 2744 2745 2746 2747 2748 2749 2750 2751 2752 2753 2754 2755 2756 2757 2758 2812 2813 2814 2815 2816 2817 2818 2819 2820 2821 2822 2823 2824 2825 2826 2827 2828 2829 2830 2831 2832 2833 2834 2835 2836 2837 2838 2839 2840 2841 2842 2843 2844 2845 2846 2847 2848 2849 2850 2851 2852 2853 2854 2855 2856 2857 2858 2859 2860 2861 2862 2863 2864 2902 2903 2904 2905 2906 2907 2908 2909 2910 2911 2912 2913 2914 2915 2916 2917 2918 2919 2920 2921 2922 2923 2924 2925 2926 2927 2928 2929 2930 2931 2932 2933 2934 2935 2936 2937 2938 2988 2989 2990 2991 2992 2993 2994 2995 2996 2997 2998 2999 3000 3001 3002 3003 3004 3005 3006 3007 3008 3009 3010 3011 3012 3013 3014 3015 3016 3017 3018 3019 3020 3021 3022 3023 3024 3025 3026 3027 3028 3029 3030 3031 3032 3033 3034 3035 3036 3076 3077 3078 3079 3080 3081 3082 3083 3084 3085 3086 3087 3088 3089 3090 3091 3092 3093 3094 3095 3096 3097 3098 3099 3100 3101 3102 3103 3104 3105 3106 3107 3108 3109 3110 3111 3112 3113 3114 3122 3123 3124 3125 3126 3127 3128 3178 3179 3180 3181 3182 3183 3184 3185 3186 3187 3188 3189 3190 3191 3192 3193 3194 3195 3196 3197 3198 3199 3200 3201 3202 3203 3204 3205 3206 3207 3208 3209 3210 3211 3212 3213 3214 3215 3216 3217 3218 3219 3220 3221 3222 3223 3224 3225 3226 3270 3271 3272 3273 3274 3275 3276 3277 3278 3279 3280 3281 3282 3283 3284 3285 3286 3287 3288 3289 3290 3291 3292 3293 3294 3295 3296 3297 3298 3299 3300 3301 3302 3303 3304 3305 3306 3307 3308 3309 3310 3311 3312 3340 3341 3342 3343 3344 3345 3346 3347 3348 3349 3350 3351 3352 3353 3354 3355 3356 3357 3358 3359 3360 3361 3362 3363 3364 3365 3366 3422 3423 3424 3425 3426 3427 3428 3429 3430 3431 3432 3433 3434 3435 3436 3437 3438 3439 3440 3441 3442 3443 3444 3445 3446 3447 3448 3449 3450 3451 3452 3453 3454 3455 3456 3457 3458 3459 3460 3461 3462 3463 3464 3465 3466 3467 3468 3469 3470 3471 3472 3473 3474 3475 3476 3546 3547 3548 3549 3550 3551 3552 3553 3554 3555 3556 3557 3558 3559 3560 3561 3562 3563 3564 3565 3566 3567 3568 3569 3570 3571 3572 3573 3574 3575 3576 3577 3578 3579 3580 3581 3582 3583 3584 3585 3586 3587 3588 3589 3590 3591 3592 3593 3594 3595 3596 3597 3598 3599 3600 3601 3602 3603 3604 3605 3606 3607 3608 3609 3610 3611 3612 3613 3614 3630 3631 3632 3633 3634 3635 3636 3637 3638 3639 3640 3641 3642 3643 3644 3668 3669 3670 3671 3672 3673 3674 3675 3676 3677 3678 3679 3680 3681 3682 3683 3684 3685 3686 3687 3688 3689 3690 3732 3733 3734 3735 3736 3737 3738 3739 3740 3741 3742 3743 3744 3745 3746 3747 3748 3749 3750 3751 3752 3753 3754 3755 3756 3757 3758 3759 3760 3761 3762 3763 3764 3765 3766 3767 3768 3769 3770 3771 3772 3820 3821 3822 3823 3824 3825 3826 3827 3828 3829 3830 3831 3832 3833 3834 3835 3836 3837 3838 3839 3840 3841 3842 3843 3844 3845 3846 3847 3848 3849 3850 3851 3852 3853 3854 3855 3856 3857 3858 3859 3860 3861 3862 3863 3864 3865 3866 3896 3897 3898 3899 3900 3901 3902 3903 3904 3905 3906 3907 3908 3909 3910 3911 3912 3913 3914 3915 3916 3917 3918 3919 3920 3921 3922 3923 3924 3954 3955 3956 3957 3958 3959 3960 3961 3962 3963 3964 3965 3966 3967 3968 3969 3970 3971 3972 3973 3974 3975 3976 3977 3978 3979 3980 3981 3982 3992 3993 3994 3995 3996 3997 3998 3999 4000 4036 4037 4038 4039 4040 4041 4042 4043 4044 4045 4046 4047 4048 4049 4050 4051 4052 4053 4054 4055 4056 4057 4058 4059 4060 4061 4062 4063 4064 4065 4066 4067 4068 4069 4070 4102 4103 4104 4105 4106 4107 4108 4109 4110 4111 4112 4113 4114 4115 4116 4117 4118 4119 4120 4121 4122 4123 4124 4125 4126 4127 4128 4129 4130 4131 4132 4150 4151 4152 4153 4154 4155 4156 4157 4158 4159 4160 4161 4162 4163 4164 4165 4166 4198 4199 4200 4201 4202 4203 4204 4205 4206 4207 4208 4209 4210 4211 4212 4213 4214 4215 4216 4217 4218 4219 4220 4221 4222 4223 4224 4225 4226 4227 4228 4298 4299 4300 4301 4302 4303 4304 4305 4306 4307 4308 4309 4310 4311 4312 4313 4314 4315 4316 4317 4318 4319 4320 4321 4322 4323 4324 4325 4326 4327 4328 4329 4330 4331 4332 4333 4334 4335 4336 4337 4338 4339 4340 4341 4342 4343 4344 4345 4346 4347 4348 4349 4350 4351 4352 4353 4354 4355 4356 4357 4358 4359 4360 4361 4362 4363 4364 4365 4366 4438 4439 4440 4441 4442 4443 4444 4445 4446 4447 4448 4449 4450 4451 4452 4453 4454 4455 4456 4457 4458 4459 4460 4461 4462 4463 4464 4465 4466 4467 4468 4469 4470 4471 4472 4473 4474 4475 4476 4477 4478 4479 4480 4481 4482 4483 4484 4485 4486 4487 4488 4489 4490 4491 4492 4493 4494 4495 4496 4497 4498 4499 4500 4501 4502 4503 4504 4505 4506 4507 4508 4578 4579 4580 4581 4582 4583 4584 4585 4586 4587 4588 4589 4590 4591 4592 4593 4594 4595 4596 4597 4598 4599 4600 4601 4602 4603 4604 4605 4606 4607 4608 4609 4610 4611 4612 4613 4614 4615 4616 4617 4618 4619 4620 4621 4622 4623 4624 4625 4626 4627 4628 4629 4630 4631 4632 4633 4634 4635 4636 4637 4638 4639 4640 4641 4642 4643 4644 4645 4646 4670 4671 4672 4673 4674 4675 4676 4677 4678 4679 4680 4681 4682 4683 4684 4685 4686 4687 4688 4689 4690 4691 4692 4738 4739 4740 4741 4742 4743 4744 4745 4746 4747 4748 4749 4750 4751 4752 4753 4754 4755 4756 4757 4758 4759 4760 4761 4762 4763 4764 4765 4766 4767 4768 4769 4770 4771 4772 4773 4774 4775 4776 4777 4778 4779 4780 4781 4782 4820 4821 4822 4823 4824 4825 4826 4827 4828 4829 4830 4831 4832 4833 4834 4835 4836 4837 4838 4839 4840 4841 4842 4843 4844 4845 4846 4847 4848 4849 4850 4851 4852 4853 4854 4855 4856 4904 4905 4906 4907 4908 4909 4910 4911 4912 4913 4914 4915 4916 4917 4918 4919 4920 4921 4922 4923 4924 4925 4926 4927 4928 4929 4930 4931 4932 4933 4934 4935 4936 4937 4938 4939 4940 4941 4942 4943 4944 4945 4946 4947 4948 4949 4950 5018 5019 5020 5021 5022 5023 5024 5025 5026 5027 5028 5029 5030 5031 5032 5033 5034 5035 5036 5037 5038 5039 5040 5041 5042 5043 5044 5045 5046 5047 5048 5049 5050 5051 5052 5053 5054 5055 5056 5057 5058 5059 5060 5061 5062 5063 5064 5065 5066 5067 5068 5069 5070 5071 5072 5073 5074 5075 5076 5077 5078 5079 5080 5081 5082 5083 5084 
