5134
0 0 
1 1 0 
1 1 0 
1 1 0 
2 3 2 3 0 
1 1 0 
1 1 0 
1 1 0 
1 1 0 
1 1 0 
2 3 8 9 0 
1 1 0 
2 3 10 11 0 
2 3 7 12 0 
2 3 6 13 0 
2 3 5 14 0 
1 1 0 
2 3 15 16 0 
1 1 0 
1 1 0 
1 1 0 
2 3 19 20 0 
2 3 18 21 0 
1 1 0 
1 1 0 
1 1 0 
2 3 24 25 0 
1 1 0 
1 1 0 
2 3 27 28 0 
2 3 26 29 0 
2 3 23 30 0 
2 3 22 31 0 
1 1 0 
2 3 32 33 0 
1 1 0 
1 1 0 
1 1 0 
2 3 36 37 0 
2 3 35 38 0 
2 3 34 39 0 
1 1 0 
2 3 40 41 0 
1 1 0 
2 3 42 43 0 
1 1 0 
1 1 0 
1 1 0 
1 1 0 
2 3 47 48 0 
2 3 46 49 0 
2 3 45 50 0 
2 3 44 51 0 
2 3 17 52 0 
1 1 0 
2 3 53 54 0 
1 1 0 
2 3 55 56 0 
2 3 4 57 0 
2 3 1 58 0 
3 2 0 59 
3 2 0 1 
3 2 0 58 
3 2 0 4 
3 2 0 2 
3 2 0 3 
3 2 0 57 
3 2 0 55 
3 2 0 53 
3 2 0 17 
3 2 0 15 
3 2 0 5 
3 2 0 14 
3 2 0 6 
3 2 0 13 
3 2 0 7 
3 2 0 12 
3 2 0 10 
3 2 0 8 
3 2 0 9 
3 2 0 11 
3 2 0 16 
3 2 0 52 
3 2 0 44 
3 2 0 42 
3 2 0 40 
3 2 0 34 
3 2 0 32 
3 2 0 22 
3 2 0 18 
3 2 0 21 
3 2 0 19 
3 2 0 20 
3 2 0 31 
3 2 0 23 
3 2 0 30 
3 2 0 26 
3 2 0 24 
3 2 0 25 
3 2 0 29 
3 2 0 27 
3 2 0 28 
3 2 0 33 
3 2 0 39 
3 2 0 35 
3 2 0 38 
3 2 0 36 
3 2 0 37 
3 2 0 41 
3 2 0 43 
3 2 0 51 
3 2 0 45 
3 2 0 50 
3 2 0 46 
3 2 0 49 
3 2 0 47 
3 2 0 48 
3 2 0 54 
3 2 0 56 
1 1 0 
1 1 0 
1 1 0 
1 1 0 
1 1 0 
2 3 122 123 0 
2 3 121 124 0 
2 3 120 125 0 
1 1 0 
1 1 0 
2 3 127 128 0 
2 3 126 129 0 
2 3 119 130 0 
1 1 0 
2 3 131 132 0 
1 1 0 
1 1 0 
1 1 0 
1 1 0 
1 1 0 
1 1 0 
2 3 138 139 0 
2 3 137 140 0 
2 3 136 141 0 
2 3 135 142 0 
2 3 134 143 0 
2 3 133 144 0 
1 1 0 
2 3 145 146 0 
3 2 0 147 
3 2 0 145 
3 2 0 133 
3 2 0 131 
3 2 0 119 
3 2 0 130 
3 2 0 126 
3 2 0 120 
3 2 0 125 
3 2 0 121 
3 2 0 124 
3 2 0 122 
3 2 0 123 
3 2 0 129 
3 2 0 127 
3 2 0 128 
3 2 0 132 
3 2 0 144 
3 2 0 134 
3 2 0 143 
3 2 0 135 
3 2 0 142 
3 2 0 136 
3 2 0 141 
3 2 0 137 
3 2 0 140 
3 2 0 138 
3 2 0 139 
3 2 0 146 
1 1 0 
1 1 0 
1 1 0 
1 1 0 
1 1 0 
1 1 0 
1 1 0 
2 3 182 183 0 
2 3 181 184 0 
2 3 180 185 0 
2 3 179 186 0 
1 1 0 
1 1 0 
1 1 0 
1 1 0 
1 1 0 
1 1 0 
2 3 192 193 0 
1 1 0 
1 1 0 
2 3 195 196 0 
2 3 194 197 0 
1 1 0 
2 3 198 199 0 
1 1 0 
1 1 0 
1 1 0 
1 1 0 
2 3 203 204 0 
2 3 202 205 0 
2 3 201 206 0 
2 3 200 207 0 
2 3 191 208 0 
2 3 190 209 0 
2 3 189 210 0 
2 3 188 211 0 
2 3 187 212 0 
2 3 178 213 0 
2 3 177 214 0 
1 1 0 
2 3 215 216 0 
3 2 0 217 
3 2 0 215 
3 2 0 177 
3 2 0 214 
3 2 0 178 
3 2 0 213 
3 2 0 187 
3 2 0 179 
3 2 0 186 
3 2 0 180 
3 2 0 185 
3 2 0 181 
3 2 0 184 
3 2 0 182 
3 2 0 183 
3 2 0 212 
3 2 0 188 
3 2 0 211 
3 2 0 189 
3 2 0 210 
3 2 0 190 
3 2 0 209 
3 2 0 191 
3 2 0 208 
3 2 0 200 
3 2 0 198 
3 2 0 194 
3 2 0 192 
3 2 0 193 
3 2 0 197 
3 2 0 195 
3 2 0 196 
3 2 0 199 
3 2 0 207 
3 2 0 201 
3 2 0 206 
3 2 0 202 
3 2 0 205 
3 2 0 203 
3 2 0 204 
3 2 0 216 
1 1 0 
1 1 0 
1 1 0 
2 3 260 261 0 
2 3 259 262 0 
1 1 0 
1 1 0 
1 1 0 
2 3 265 266 0 
1 1 0 
1 1 0 
1 1 0 
1 1 0 
2 3 270 271 0 
1 1 0 
2 3 272 273 0 
1 1 0 
1 1 0 
1 1 0 
2 3 276 277 0 
2 3 275 278 0 
1 1 0 
1 1 0 
2 3 280 281 0 
1 1 0 
1 1 0 
1 1 0 
1 1 0 
1 1 0 
2 3 286 287 0 
1 1 0 
2 3 288 289 0 
2 3 285 290 0 
2 3 284 291 0 
2 3 283 292 0 
2 3 282 293 0 
2 3 279 294 0 
2 3 274 295 0 
2 3 269 296 0 
2 3 268 297 0 
2 3 267 298 0 
2 3 264 299 0 
2 3 263 300 0 
1 1 0 
2 3 301 302 0 
3 2 0 303 
3 2 0 301 
3 2 0 263 
3 2 0 259 
3 2 0 262 
3 2 0 260 
3 2 0 261 
3 2 0 300 
3 2 0 264 
3 2 0 299 
3 2 0 267 
3 2 0 265 
3 2 0 266 
3 2 0 298 
3 2 0 268 
3 2 0 297 
3 2 0 269 
3 2 0 296 
3 2 0 274 
3 2 0 272 
3 2 0 270 
3 2 0 271 
3 2 0 273 
3 2 0 295 
3 2 0 279 
3 2 0 275 
3 2 0 278 
3 2 0 276 
3 2 0 277 
3 2 0 294 
3 2 0 282 
3 2 0 280 
3 2 0 281 
3 2 0 293 
3 2 0 283 
3 2 0 292 
3 2 0 284 
3 2 0 291 
3 2 0 285 
3 2 0 290 
3 2 0 288 
3 2 0 286 
3 2 0 287 
3 2 0 289 
3 2 0 302 
1 1 0 
1 1 0 
2 3 349 350 0 
1 1 0 
1 1 0 
1 1 0 
2 3 353 354 0 
2 3 352 355 0 
2 3 351 356 0 
1 1 0 
1 1 0 
2 3 358 359 0 
2 3 357 360 0 
3 2 0 361 
3 2 0 357 
3 2 0 351 
3 2 0 349 
3 2 0 350 
3 2 0 356 
3 2 0 352 
3 2 0 355 
3 2 0 353 
3 2 0 354 
3 2 0 360 
3 2 0 358 
3 2 0 359 
1 1 0 
1 1 0 
1 1 0 
1 1 0 
1 1 0 
1 1 0 
1 1 0 
1 1 0 
1 1 0 
2 3 382 383 0 
1 1 0 
2 3 384 385 0 
2 3 381 386 0 
2 3 380 387 0 
1 1 0 
2 3 388 389 0 
2 3 379 390 0 
2 3 378 391 0 
2 3 377 392 0 
2 3 376 393 0 
1 1 0 
2 3 394 395 0 
2 3 375 396 0 
3 2 0 397 
3 2 0 375 
3 2 0 396 
3 2 0 394 
3 2 0 376 
3 2 0 393 
3 2 0 377 
3 2 0 392 
3 2 0 378 
3 2 0 391 
3 2 0 379 
3 2 0 390 
3 2 0 388 
3 2 0 380 
3 2 0 387 
3 2 0 381 
3 2 0 386 
3 2 0 384 
3 2 0 382 
3 2 0 383 
3 2 0 385 
3 2 0 389 
3 2 0 395 
1 1 0 
1 1 0 
1 1 0 
2 3 422 423 0 
2 3 421 424 0 
1 1 0 
1 1 0 
1 1 0 
2 3 427 428 0 
2 3 426 429 0 
2 3 425 430 0 
3 2 0 431 
3 2 0 425 
3 2 0 421 
3 2 0 424 
3 2 0 422 
3 2 0 423 
3 2 0 430 
3 2 0 426 
3 2 0 429 
3 2 0 427 
3 2 0 428 
1 1 0 
1 1 0 
1 1 0 
2 3 444 445 0 
1 1 0 
1 1 0 
1 1 0 
2 3 448 449 0 
1 1 0 
1 1 0 
2 3 451 452 0 
2 3 450 453 0 
2 3 447 454 0 
2 3 446 455 0 
2 3 443 456 0 
1 1 0 
2 3 457 458 0 
1 1 0 
1 1 0 
1 1 0 
2 3 461 462 0 
1 1 0 
1 1 0 
2 3 464 465 0 
2 3 463 466 0 
2 3 460 467 0 
1 1 0 
1 1 0 
1 1 0 
2 3 470 471 0 
2 3 469 472 0 
1 1 0 
1 1 0 
1 1 0 
2 3 475 476 0 
2 3 474 477 0 
1 1 0 
1 1 0 
1 1 0 
1 1 0 
1 1 0 
2 3 482 483 0 
1 1 0 
2 3 484 485 0 
2 3 481 486 0 
2 3 480 487 0 
1 1 0 
2 3 488 489 0 
2 3 479 490 0 
2 3 478 491 0 
2 3 473 492 0 
2 3 468 493 0 
2 3 459 494 0 
1 1 0 
2 3 495 496 0 
3 2 0 497 
3 2 0 495 
3 2 0 459 
3 2 0 457 
3 2 0 443 
3 2 0 456 
3 2 0 446 
3 2 0 444 
3 2 0 445 
3 2 0 455 
3 2 0 447 
3 2 0 454 
3 2 0 450 
3 2 0 448 
3 2 0 449 
3 2 0 453 
3 2 0 451 
3 2 0 452 
3 2 0 458 
3 2 0 494 
3 2 0 468 
3 2 0 460 
3 2 0 467 
3 2 0 463 
3 2 0 461 
3 2 0 462 
3 2 0 466 
3 2 0 464 
3 2 0 465 
3 2 0 493 
3 2 0 473 
3 2 0 469 
3 2 0 472 
3 2 0 470 
3 2 0 471 
3 2 0 492 
3 2 0 478 
3 2 0 474 
3 2 0 477 
3 2 0 475 
3 2 0 476 
3 2 0 491 
3 2 0 479 
3 2 0 490 
3 2 0 488 
3 2 0 480 
3 2 0 487 
3 2 0 481 
3 2 0 486 
3 2 0 484 
3 2 0 482 
3 2 0 483 
3 2 0 485 
3 2 0 489 
3 2 0 496 
1 1 0 
1 1 0 
1 1 0 
1 1 0 
2 3 555 556 0 
2 3 554 557 0 
2 3 553 558 0 
1 1 0 
1 1 0 
1 1 0 
2 3 561 562 0 
1 1 0 
2 3 563 564 0 
1 1 0 
1 1 0 
1 1 0 
1 1 0 
2 3 568 569 0 
2 3 567 570 0 
1 1 0 
2 3 571 572 0 
2 3 566 573 0 
2 3 565 574 0 
2 3 560 575 0 
2 3 559 576 0 
1 1 0 
2 3 577 578 0 
3 2 0 579 
3 2 0 577 
3 2 0 559 
3 2 0 553 
3 2 0 558 
3 2 0 554 
3 2 0 557 
3 2 0 555 
3 2 0 556 
3 2 0 576 
3 2 0 560 
3 2 0 575 
3 2 0 565 
3 2 0 563 
3 2 0 561 
3 2 0 562 
3 2 0 564 
3 2 0 574 
3 2 0 566 
3 2 0 573 
3 2 0 571 
3 2 0 567 
3 2 0 570 
3 2 0 568 
3 2 0 569 
3 2 0 572 
3 2 0 578 
1 1 0 
1 1 0 
2 3 607 608 0 
1 1 0 
1 1 0 
1 1 0 
1 1 0 
2 3 612 613 0 
2 3 611 614 0 
2 3 610 615 0 
2 3 609 616 0 
1 1 0 
2 3 617 618 0 
1 1 0 
2 3 619 620 0 
1 1 0 
1 1 0 
1 1 0 
2 3 623 624 0 
2 3 622 625 0 
1 1 0 
1 1 0 
1 1 0 
2 3 628 629 0 
2 3 627 630 0 
1 1 0 
1 1 0 
1 1 0 
1 1 0 
2 3 634 635 0 
2 3 633 636 0 
2 3 632 637 0 
2 3 631 638 0 
2 3 626 639 0 
2 3 621 640 0 
1 1 0 
2 3 641 642 0 
1 1 0 
1 1 0 
2 3 644 645 0 
1 1 0 
1 1 0 
1 1 0 
2 3 648 649 0 
2 3 647 650 0 
2 3 646 651 0 
1 1 0 
1 1 0 
1 1 0 
1 1 0 
1 1 0 
1 1 0 
1 1 0 
1 1 0 
1 1 0 
2 3 660 661 0 
2 3 659 662 0 
2 3 658 663 0 
2 3 657 664 0 
1 1 0 
1 1 0 
2 3 666 667 0 
2 3 665 668 0 
2 3 656 669 0 
2 3 655 670 0 
2 3 654 671 0 
2 3 653 672 0 
2 3 652 673 0 
2 3 643 674 0 
1 1 0 
2 3 675 676 0 
1 1 0 
1 1 0 
1 1 0 
2 3 679 680 0 
2 3 678 681 0 
1 1 0 
1 1 0 
1 1 0 
1 1 0 
2 3 685 686 0 
1 1 0 
1 1 0 
2 3 688 689 0 
2 3 687 690 0 
2 3 684 691 0 
2 3 683 692 0 
2 3 682 693 0 
2 3 677 694 0 
1 1 0 
2 3 695 696 0 
3 2 0 697 
3 2 0 695 
3 2 0 677 
3 2 0 675 
3 2 0 643 
3 2 0 641 
3 2 0 621 
3 2 0 619 
3 2 0 617 
3 2 0 609 
3 2 0 607 
3 2 0 608 
3 2 0 616 
3 2 0 610 
3 2 0 615 
3 2 0 611 
3 2 0 614 
3 2 0 612 
3 2 0 613 
3 2 0 618 
3 2 0 620 
3 2 0 640 
3 2 0 626 
3 2 0 622 
3 2 0 625 
3 2 0 623 
3 2 0 624 
3 2 0 639 
3 2 0 631 
3 2 0 627 
3 2 0 630 
3 2 0 628 
3 2 0 629 
3 2 0 638 
3 2 0 632 
3 2 0 637 
3 2 0 633 
3 2 0 636 
3 2 0 634 
3 2 0 635 
3 2 0 642 
3 2 0 674 
3 2 0 652 
3 2 0 646 
3 2 0 644 
3 2 0 645 
3 2 0 651 
3 2 0 647 
3 2 0 650 
3 2 0 648 
3 2 0 649 
3 2 0 673 
3 2 0 653 
3 2 0 672 
3 2 0 654 
3 2 0 671 
3 2 0 655 
3 2 0 670 
3 2 0 656 
3 2 0 669 
3 2 0 665 
3 2 0 657 
3 2 0 664 
3 2 0 658 
3 2 0 663 
3 2 0 659 
3 2 0 662 
3 2 0 660 
3 2 0 661 
3 2 0 668 
3 2 0 666 
3 2 0 667 
3 2 0 676 
3 2 0 694 
3 2 0 682 
3 2 0 678 
3 2 0 681 
3 2 0 679 
3 2 0 680 
3 2 0 693 
3 2 0 683 
3 2 0 692 
3 2 0 684 
3 2 0 691 
3 2 0 687 
3 2 0 685 
3 2 0 686 
3 2 0 690 
3 2 0 688 
3 2 0 689 
3 2 0 696 
1 1 0 
1 1 0 
1 1 0 
1 1 0 
2 3 791 792 0 
2 3 790 793 0 
2 3 789 794 0 
1 1 0 
2 3 795 796 0 
3 2 0 797 
3 2 0 795 
3 2 0 789 
3 2 0 794 
3 2 0 790 
3 2 0 793 
3 2 0 791 
3 2 0 792 
3 2 0 796 
1 1 0 
1 1 0 
1 1 0 
1 1 0 
2 3 809 810 0 
1 1 0 
1 1 0 
2 3 812 813 0 
2 3 811 814 0 
1 1 0 
2 3 815 816 0 
1 1 0 
2 3 817 818 0 
1 1 0 
2 3 819 820 0 
1 1 0 
2 3 821 822 0 
1 1 0 
1 1 0 
1 1 0 
2 3 825 826 0 
2 3 824 827 0 
2 3 823 828 0 
1 1 0 
1 1 0 
2 3 830 831 0 
2 3 829 832 0 
2 3 808 833 0 
2 3 807 834 0 
1 1 0 
1 1 0 
1 1 0 
2 3 837 838 0 
1 1 0 
1 1 0 
1 1 0 
1 1 0 
2 3 842 843 0 
1 1 0 
2 3 844 845 0 
1 1 0 
2 3 846 847 0 
2 3 841 848 0 
1 1 0 
1 1 0 
1 1 0 
1 1 0 
1 1 0 
2 3 853 854 0 
2 3 852 855 0 
2 3 851 856 0 
2 3 850 857 0 
2 3 849 858 0 
2 3 840 859 0 
1 1 0 
2 3 860 861 0 
2 3 839 862 0 
2 3 836 863 0 
2 3 835 864 0 
3 2 0 865 
3 2 0 835 
3 2 0 807 
3 2 0 834 
3 2 0 808 
3 2 0 833 
3 2 0 829 
3 2 0 823 
3 2 0 821 
3 2 0 819 
3 2 0 817 
3 2 0 815 
3 2 0 811 
3 2 0 809 
3 2 0 810 
3 2 0 814 
3 2 0 812 
3 2 0 813 
3 2 0 816 
3 2 0 818 
3 2 0 820 
3 2 0 822 
3 2 0 828 
3 2 0 824 
3 2 0 827 
3 2 0 825 
3 2 0 826 
3 2 0 832 
3 2 0 830 
3 2 0 831 
3 2 0 864 
3 2 0 836 
3 2 0 863 
3 2 0 839 
3 2 0 837 
3 2 0 838 
3 2 0 862 
3 2 0 860 
3 2 0 840 
3 2 0 859 
3 2 0 849 
3 2 0 841 
3 2 0 848 
3 2 0 846 
3 2 0 844 
3 2 0 842 
3 2 0 843 
3 2 0 845 
3 2 0 847 
3 2 0 858 
3 2 0 850 
3 2 0 857 
3 2 0 851 
3 2 0 856 
3 2 0 852 
3 2 0 855 
3 2 0 853 
3 2 0 854 
3 2 0 861 
1 1 0 
1 1 0 
1 1 0 
1 1 0 
2 3 927 928 0 
1 1 0 
1 1 0 
1 1 0 
2 3 931 932 0 
2 3 930 933 0 
1 1 0 
2 3 934 935 0 
2 3 929 936 0 
2 3 926 937 0 
2 3 925 938 0 
1 1 0 
1 1 0 
1 1 0 
1 1 0 
1 1 0 
1 1 0 
1 1 0 
1 1 0 
2 3 946 947 0 
1 1 0 
1 1 0 
1 1 0 
1 1 0 
1 1 0 
2 3 952 953 0 
1 1 0 
2 3 954 955 0 
2 3 951 956 0 
2 3 950 957 0 
2 3 949 958 0 
2 3 948 959 0 
2 3 945 960 0 
2 3 944 961 0 
2 3 943 962 0 
2 3 942 963 0 
1 1 0 
2 3 964 965 0 
2 3 941 966 0 
2 3 940 967 0 
2 3 939 968 0 
3 2 0 969 
3 2 0 939 
3 2 0 925 
3 2 0 938 
3 2 0 926 
3 2 0 937 
3 2 0 929 
3 2 0 927 
3 2 0 928 
3 2 0 936 
3 2 0 934 
3 2 0 930 
3 2 0 933 
3 2 0 931 
3 2 0 932 
3 2 0 935 
3 2 0 968 
3 2 0 940 
3 2 0 967 
3 2 0 941 
3 2 0 966 
3 2 0 964 
3 2 0 942 
3 2 0 963 
3 2 0 943 
3 2 0 962 
3 2 0 944 
3 2 0 961 
3 2 0 945 
3 2 0 960 
3 2 0 948 
3 2 0 946 
3 2 0 947 
3 2 0 959 
3 2 0 949 
3 2 0 958 
3 2 0 950 
3 2 0 957 
3 2 0 951 
3 2 0 956 
3 2 0 954 
3 2 0 952 
3 2 0 953 
3 2 0 955 
3 2 0 965 
1 1 0 
1 1 0 
1 1 0 
2 3 1016 1017 0 
2 3 1015 1018 0 
1 1 0 
1 1 0 
2 3 1020 1021 0 
2 3 1019 1022 0 
1 1 0 
2 3 1023 1024 0 
1 1 0 
2 3 1025 1026 0 
1 1 0 
1 1 0 
1 1 0 
2 3 1029 1030 0 
1 1 0 
1 1 0 
1 1 0 
1 1 0 
1 1 0 
2 3 1035 1036 0 
2 3 1034 1037 0 
2 3 1033 1038 0 
2 3 1032 1039 0 
2 3 1031 1040 0 
2 3 1028 1041 0 
2 3 1027 1042 0 
1 1 0 
2 3 1043 1044 0 
3 2 0 1045 
3 2 0 1043 
3 2 0 1027 
3 2 0 1025 
3 2 0 1023 
3 2 0 1019 
3 2 0 1015 
3 2 0 1018 
3 2 0 1016 
3 2 0 1017 
3 2 0 1022 
3 2 0 1020 
3 2 0 1021 
3 2 0 1024 
3 2 0 1026 
3 2 0 1042 
3 2 0 1028 
3 2 0 1041 
3 2 0 1031 
3 2 0 1029 
3 2 0 1030 
3 2 0 1040 
3 2 0 1032 
3 2 0 1039 
3 2 0 1033 
3 2 0 1038 
3 2 0 1034 
3 2 0 1037 
3 2 0 1035 
3 2 0 1036 
3 2 0 1044 
1 1 0 
1 1 0 
1 1 0 
1 1 0 
2 3 1079 1080 0 
2 3 1078 1081 0 
1 1 0 
1 1 0 
1 1 0 
1 1 0 
1 1 0 
1 1 0 
1 1 0 
2 3 1088 1089 0 
2 3 1087 1090 0 
1 1 0 
1 1 0 
1 1 0 
1 1 0 
1 1 0 
2 3 1095 1096 0 
2 3 1094 1097 0 
2 3 1093 1098 0 
2 3 1092 1099 0 
2 3 1091 1100 0 
2 3 1086 1101 0 
2 3 1085 1102 0 
1 1 0 
2 3 1103 1104 0 
1 1 0 
1 1 0 
2 3 1106 1107 0 
1 1 0 
1 1 0 
1 1 0 
1 1 0 
2 3 1111 1112 0 
1 1 0 
2 3 1113 1114 0 
1 1 0 
1 1 0 
1 1 0 
2 3 1117 1118 0 
1 1 0 
2 3 1119 1120 0 
2 3 1116 1121 0 
2 3 1115 1122 0 
1 1 0 
2 3 1123 1124 0 
1 1 0 
1 1 0 
2 3 1126 1127 0 
1 1 0 
2 3 1128 1129 0 
2 3 1125 1130 0 
2 3 1110 1131 0 
2 3 1109 1132 0 
2 3 1108 1133 0 
2 3 1105 1134 0 
2 3 1084 1135 0 
1 1 0 
2 3 1136 1137 0 
2 3 1083 1138 0 
2 3 1082 1139 0 
2 3 1077 1140 0 
3 2 0 1141 
3 2 0 1077 
3 2 0 1140 
3 2 0 1082 
3 2 0 1078 
3 2 0 1081 
3 2 0 1079 
3 2 0 1080 
3 2 0 1139 
3 2 0 1083 
3 2 0 1138 
3 2 0 1136 
3 2 0 1084 
3 2 0 1135 
3 2 0 1105 
3 2 0 1103 
3 2 0 1085 
3 2 0 1102 
3 2 0 1086 
3 2 0 1101 
3 2 0 1091 
3 2 0 1087 
3 2 0 1090 
3 2 0 1088 
3 2 0 1089 
3 2 0 1100 
3 2 0 1092 
3 2 0 1099 
3 2 0 1093 
3 2 0 1098 
3 2 0 1094 
3 2 0 1097 
3 2 0 1095 
3 2 0 1096 
3 2 0 1104 
3 2 0 1134 
3 2 0 1108 
3 2 0 1106 
3 2 0 1107 
3 2 0 1133 
3 2 0 1109 
3 2 0 1132 
3 2 0 1110 
3 2 0 1131 
3 2 0 1125 
3 2 0 1123 
3 2 0 1115 
3 2 0 1113 
3 2 0 1111 
3 2 0 1112 
3 2 0 1114 
3 2 0 1122 
3 2 0 1116 
3 2 0 1121 
3 2 0 1119 
3 2 0 1117 
3 2 0 1118 
3 2 0 1120 
3 2 0 1124 
3 2 0 1130 
3 2 0 1128 
3 2 0 1126 
3 2 0 1127 
3 2 0 1129 
3 2 0 1137 
1 1 0 
1 1 0 
1 1 0 
2 3 1208 1209 0 
2 3 1207 1210 0 
1 1 0 
1 1 0 
1 1 0 
1 1 0 
1 1 0 
1 1 0 
2 3 1216 1217 0 
2 3 1215 1218 0 
2 3 1214 1219 0 
2 3 1213 1220 0 
1 1 0 
1 1 0 
1 1 0 
1 1 0 
1 1 0 
2 3 1225 1226 0 
2 3 1224 1227 0 
2 3 1223 1228 0 
2 3 1222 1229 0 
2 3 1221 1230 0 
2 3 1212 1231 0 
2 3 1211 1232 0 
1 1 0 
2 3 1233 1234 0 
3 2 0 1235 
3 2 0 1233 
3 2 0 1211 
3 2 0 1207 
3 2 0 1210 
3 2 0 1208 
3 2 0 1209 
3 2 0 1232 
3 2 0 1212 
3 2 0 1231 
3 2 0 1221 
3 2 0 1213 
3 2 0 1220 
3 2 0 1214 
3 2 0 1219 
3 2 0 1215 
3 2 0 1218 
3 2 0 1216 
3 2 0 1217 
3 2 0 1230 
3 2 0 1222 
3 2 0 1229 
3 2 0 1223 
3 2 0 1228 
3 2 0 1224 
3 2 0 1227 
3 2 0 1225 
3 2 0 1226 
3 2 0 1234 
1 1 0 
1 1 0 
2 3 1265 1266 0 
1 1 0 
1 1 0 
2 3 1268 1269 0 
2 3 1267 1270 0 
1 1 0 
1 1 0 
1 1 0 
1 1 0 
1 1 0 
1 1 0 
1 1 0 
1 1 0 
2 3 1278 1279 0 
2 3 1277 1280 0 
2 3 1276 1281 0 
2 3 1275 1282 0 
1 1 0 
1 1 0 
1 1 0 
1 1 0 
2 3 1286 1287 0 
2 3 1285 1288 0 
1 1 0 
1 1 0 
1 1 0 
1 1 0 
2 3 1292 1293 0 
2 3 1291 1294 0 
1 1 0 
1 1 0 
1 1 0 
1 1 0 
2 3 1298 1299 0 
2 3 1297 1300 0 
2 3 1296 1301 0 
2 3 1295 1302 0 
2 3 1290 1303 0 
2 3 1289 1304 0 
2 3 1284 1305 0 
2 3 1283 1306 0 
2 3 1274 1307 0 
2 3 1273 1308 0 
2 3 1272 1309 0 
1 1 0 
2 3 1310 1311 0 
2 3 1271 1312 0 
3 2 0 1313 
3 2 0 1271 
3 2 0 1267 
3 2 0 1265 
3 2 0 1266 
3 2 0 1270 
3 2 0 1268 
3 2 0 1269 
3 2 0 1312 
3 2 0 1310 
3 2 0 1272 
3 2 0 1309 
3 2 0 1273 
3 2 0 1308 
3 2 0 1274 
3 2 0 1307 
3 2 0 1283 
3 2 0 1275 
3 2 0 1282 
3 2 0 1276 
3 2 0 1281 
3 2 0 1277 
3 2 0 1280 
3 2 0 1278 
3 2 0 1279 
3 2 0 1306 
3 2 0 1284 
3 2 0 1305 
3 2 0 1289 
3 2 0 1285 
3 2 0 1288 
3 2 0 1286 
3 2 0 1287 
3 2 0 1304 
3 2 0 1290 
3 2 0 1303 
3 2 0 1295 
3 2 0 1291 
3 2 0 1294 
3 2 0 1292 
3 2 0 1293 
3 2 0 1302 
3 2 0 1296 
3 2 0 1301 
3 2 0 1297 
3 2 0 1300 
3 2 0 1298 
3 2 0 1299 
3 2 0 1311 
1 1 0 
1 1 0 
1 1 0 
2 3 1364 1365 0 
2 3 1363 1366 0 
1 1 0 
1 1 0 
1 1 0 
1 1 0 
1 1 0 
2 3 1371 1372 0 
1 1 0 
1 1 0 
2 3 1374 1375 0 
2 3 1373 1376 0 
2 3 1370 1377 0 
2 3 1369 1378 0 
2 3 1368 1379 0 
2 3 1367 1380 0 
1 1 0 
1 1 0 
1 1 0 
1 1 0 
1 1 0 
2 3 1385 1386 0 
2 3 1384 1387 0 
1 1 0 
1 1 0 
1 1 0 
2 3 1390 1391 0 
2 3 1389 1392 0 
2 3 1388 1393 0 
2 3 1383 1394 0 
1 1 0 
2 3 1395 1396 0 
2 3 1382 1397 0 
2 3 1381 1398 0 
1 1 0 
2 3 1399 1400 0 
1 1 0 
1 1 0 
1 1 0 
1 1 0 
1 1 0 
2 3 1405 1406 0 
2 3 1404 1407 0 
2 3 1403 1408 0 
1 1 0 
1 1 0 
1 1 0 
1 1 0 
1 1 0 
2 3 1413 1414 0 
2 3 1412 1415 0 
2 3 1411 1416 0 
2 3 1410 1417 0 
1 1 0 
1 1 0 
2 3 1419 1420 0 
2 3 1418 1421 0 
2 3 1409 1422 0 
2 3 1402 1423 0 
2 3 1401 1424 0 
1 1 0 
2 3 1425 1426 0 
3 2 0 1427 
3 2 0 1425 
3 2 0 1401 
3 2 0 1399 
3 2 0 1381 
3 2 0 1367 
3 2 0 1363 
3 2 0 1366 
3 2 0 1364 
3 2 0 1365 
3 2 0 1380 
3 2 0 1368 
3 2 0 1379 
3 2 0 1369 
3 2 0 1378 
3 2 0 1370 
3 2 0 1377 
3 2 0 1373 
3 2 0 1371 
3 2 0 1372 
3 2 0 1376 
3 2 0 1374 
3 2 0 1375 
3 2 0 1398 
3 2 0 1382 
3 2 0 1397 
3 2 0 1395 
3 2 0 1383 
3 2 0 1394 
3 2 0 1388 
3 2 0 1384 
3 2 0 1387 
3 2 0 1385 
3 2 0 1386 
3 2 0 1393 
3 2 0 1389 
3 2 0 1392 
3 2 0 1390 
3 2 0 1391 
3 2 0 1396 
3 2 0 1400 
3 2 0 1424 
3 2 0 1402 
3 2 0 1423 
3 2 0 1409 
3 2 0 1403 
3 2 0 1408 
3 2 0 1404 
3 2 0 1407 
3 2 0 1405 
3 2 0 1406 
3 2 0 1422 
3 2 0 1418 
3 2 0 1410 
3 2 0 1417 
3 2 0 1411 
3 2 0 1416 
3 2 0 1412 
3 2 0 1415 
3 2 0 1413 
3 2 0 1414 
3 2 0 1421 
3 2 0 1419 
3 2 0 1420 
3 2 0 1426 
1 1 0 
1 1 0 
1 1 0 
2 3 1494 1495 0 
1 1 0 
2 3 1496 1497 0 
2 3 1493 1498 0 
1 1 0 
2 3 1499 1500 0 
1 1 0 
2 3 1501 1502 0 
1 1 0 
2 3 1503 1504 0 
1 1 0 
1 1 0 
2 3 1506 1507 0 
1 1 0 
2 3 1508 1509 0 
1 1 0 
2 3 1510 1511 0 
1 1 0 
2 3 1512 1513 0 
2 3 1505 1514 0 
1 1 0 
2 3 1515 1516 0 
3 2 0 1517 
3 2 0 1515 
3 2 0 1505 
3 2 0 1503 
3 2 0 1501 
3 2 0 1499 
3 2 0 1493 
3 2 0 1498 
3 2 0 1496 
3 2 0 1494 
3 2 0 1495 
3 2 0 1497 
3 2 0 1500 
3 2 0 1502 
3 2 0 1504 
3 2 0 1514 
3 2 0 1512 
3 2 0 1510 
3 2 0 1508 
3 2 0 1506 
3 2 0 1507 
3 2 0 1509 
3 2 0 1511 
3 2 0 1513 
3 2 0 1516 
1 1 0 
1 1 0 
1 1 0 
1 1 0 
2 3 1545 1546 0 
2 3 1544 1547 0 
1 1 0 
2 3 1548 1549 0 
2 3 1543 1550 0 
3 2 0 1551 
3 2 0 1543 
3 2 0 1550 
3 2 0 1548 
3 2 0 1544 
3 2 0 1547 
3 2 0 1545 
3 2 0 1546 
3 2 0 1549 
1 1 0 
1 1 0 
1 1 0 
2 3 1562 1563 0 
2 3 1561 1564 0 
1 1 0 
2 3 1565 1566 0 
1 1 0 
1 1 0 
1 1 0 
2 3 1569 1570 0 
1 1 0 
2 3 1571 1572 0 
2 3 1568 1573 0 
2 3 1567 1574 0 
1 1 0 
1 1 0 
2 3 1576 1577 0 
1 1 0 
1 1 0 
2 3 1579 1580 0 
2 3 1578 1581 0 
2 3 1575 1582 0 
1 1 0 
2 3 1583 1584 0 
1 1 0 
2 3 1585 1586 0 
1 1 0 
1 1 0 
1 1 0 
2 3 1589 1590 0 
1 1 0 
2 3 1591 1592 0 
1 1 0 
2 3 1593 1594 0 
1 1 0 
1 1 0 
1 1 0 
1 1 0 
1 1 0 
1 1 0 
1 1 0 
2 3 1601 1602 0 
2 3 1600 1603 0 
2 3 1599 1604 0 
2 3 1598 1605 0 
2 3 1597 1606 0 
2 3 1596 1607 0 
2 3 1595 1608 0 
2 3 1588 1609 0 
2 3 1587 1610 0 
1 1 0 
2 3 1611 1612 0 
3 2 0 1613 
3 2 0 1611 
3 2 0 1587 
3 2 0 1585 
3 2 0 1583 
3 2 0 1575 
3 2 0 1567 
3 2 0 1565 
3 2 0 1561 
3 2 0 1564 
3 2 0 1562 
3 2 0 1563 
3 2 0 1566 
3 2 0 1574 
3 2 0 1568 
3 2 0 1573 
3 2 0 1571 
3 2 0 1569 
3 2 0 1570 
3 2 0 1572 
3 2 0 1582 
3 2 0 1578 
3 2 0 1576 
3 2 0 1577 
3 2 0 1581 
3 2 0 1579 
3 2 0 1580 
3 2 0 1584 
3 2 0 1586 
3 2 0 1610 
3 2 0 1588 
3 2 0 1609 
3 2 0 1595 
3 2 0 1593 
3 2 0 1591 
3 2 0 1589 
3 2 0 1590 
3 2 0 1592 
3 2 0 1594 
3 2 0 1608 
3 2 0 1596 
3 2 0 1607 
3 2 0 1597 
3 2 0 1606 
3 2 0 1598 
3 2 0 1605 
3 2 0 1599 
3 2 0 1604 
3 2 0 1600 
3 2 0 1603 
3 2 0 1601 
3 2 0 1602 
3 2 0 1612 
1 1 0 
1 1 0 
1 1 0 
1 1 0 
1 1 0 
1 1 0 
2 3 1671 1672 0 
2 3 1670 1673 0 
1 1 0 
1 1 0 
1 1 0 
1 1 0 
2 3 1677 1678 0 
2 3 1676 1679 0 
2 3 1675 1680 0 
2 3 1674 1681 0 
2 3 1669 1682 0 
2 3 1668 1683 0 
2 3 1667 1684 0 
1 1 0 
1 1 0 
1 1 0 
1 1 0 
1 1 0 
1 1 0 
2 3 1690 1691 0 
2 3 1689 1692 0 
1 1 0 
1 1 0 
1 1 0 
1 1 0 
2 3 1696 1697 0 
2 3 1695 1698 0 
1 1 0 
1 1 0 
1 1 0 
2 3 1701 1702 0 
1 1 0 
2 3 1703 1704 0 
2 3 1700 1705 0 
2 3 1699 1706 0 
2 3 1694 1707 0 
2 3 1693 1708 0 
2 3 1688 1709 0 
1 1 0 
2 3 1710 1711 0 
2 3 1687 1712 0 
2 3 1686 1713 0 
2 3 1685 1714 0 
3 2 0 1715 
3 2 0 1685 
3 2 0 1667 
3 2 0 1684 
3 2 0 1668 
3 2 0 1683 
3 2 0 1669 
3 2 0 1682 
3 2 0 1674 
3 2 0 1670 
3 2 0 1673 
3 2 0 1671 
3 2 0 1672 
3 2 0 1681 
3 2 0 1675 
3 2 0 1680 
3 2 0 1676 
3 2 0 1679 
3 2 0 1677 
3 2 0 1678 
3 2 0 1714 
3 2 0 1686 
3 2 0 1713 
3 2 0 1687 
3 2 0 1712 
3 2 0 1710 
3 2 0 1688 
3 2 0 1709 
3 2 0 1693 
3 2 0 1689 
3 2 0 1692 
3 2 0 1690 
3 2 0 1691 
3 2 0 1708 
3 2 0 1694 
3 2 0 1707 
3 2 0 1699 
3 2 0 1695 
3 2 0 1698 
3 2 0 1696 
3 2 0 1697 
3 2 0 1706 
3 2 0 1700 
3 2 0 1705 
3 2 0 1703 
3 2 0 1701 
3 2 0 1702 
3 2 0 1704 
3 2 0 1711 
1 1 0 
1 1 0 
1 1 0 
2 3 1766 1767 0 
1 1 0 
2 3 1768 1769 0 
1 1 0 
2 3 1770 1771 0 
1 1 0 
2 3 1772 1773 0 
2 3 1765 1774 0 
1 1 0 
1 1 0 
1 1 0 
1 1 0 
1 1 0 
2 3 1779 1780 0 
2 3 1778 1781 0 
2 3 1777 1782 0 
1 1 0 
1 1 0 
1 1 0 
1 1 0 
1 1 0 
2 3 1787 1788 0 
2 3 1786 1789 0 
2 3 1785 1790 0 
2 3 1784 1791 0 
2 3 1783 1792 0 
2 3 1776 1793 0 
2 3 1775 1794 0 
1 1 0 
1 1 0 
1 1 0 
1 1 0 
1 1 0 
1 1 0 
1 1 0 
2 3 1801 1802 0 
2 3 1800 1803 0 
2 3 1799 1804 0 
2 3 1798 1805 0 
2 3 1797 1806 0 
2 3 1796 1807 0 
1 1 0 
2 3 1808 1809 0 
2 3 1795 1810 0 
3 2 0 1811 
3 2 0 1795 
3 2 0 1775 
3 2 0 1765 
3 2 0 1774 
3 2 0 1772 
3 2 0 1770 
3 2 0 1768 
3 2 0 1766 
3 2 0 1767 
3 2 0 1769 
3 2 0 1771 
3 2 0 1773 
3 2 0 1794 
3 2 0 1776 
3 2 0 1793 
3 2 0 1783 
3 2 0 1777 
3 2 0 1782 
3 2 0 1778 
3 2 0 1781 
3 2 0 1779 
3 2 0 1780 
3 2 0 1792 
3 2 0 1784 
3 2 0 1791 
3 2 0 1785 
3 2 0 1790 
3 2 0 1786 
3 2 0 1789 
3 2 0 1787 
3 2 0 1788 
3 2 0 1810 
3 2 0 1808 
3 2 0 1796 
3 2 0 1807 
3 2 0 1797 
3 2 0 1806 
3 2 0 1798 
3 2 0 1805 
3 2 0 1799 
3 2 0 1804 
3 2 0 1800 
3 2 0 1803 
3 2 0 1801 
3 2 0 1802 
3 2 0 1809 
1 1 0 
1 1 0 
1 1 0 
1 1 0 
1 1 0 
1 1 0 
2 3 1863 1864 0 
2 3 1862 1865 0 
1 1 0 
1 1 0 
1 1 0 
2 3 1868 1869 0 
2 3 1867 1870 0 
2 3 1866 1871 0 
1 1 0 
2 3 1872 1873 0 
2 3 1861 1874 0 
2 3 1860 1875 0 
2 3 1859 1876 0 
3 2 0 1877 
3 2 0 1859 
3 2 0 1876 
3 2 0 1860 
3 2 0 1875 
3 2 0 1861 
3 2 0 1874 
3 2 0 1872 
3 2 0 1866 
3 2 0 1862 
3 2 0 1865 
3 2 0 1863 
3 2 0 1864 
3 2 0 1871 
3 2 0 1867 
3 2 0 1870 
3 2 0 1868 
3 2 0 1869 
3 2 0 1873 
1 1 0 
1 1 0 
1 1 0 
2 3 1898 1899 0 
1 1 0 
1 1 0 
2 3 1901 1902 0 
2 3 1900 1903 0 
2 3 1897 1904 0 
1 1 0 
2 3 1905 1906 0 
3 2 0 1907 
3 2 0 1905 
3 2 0 1897 
3 2 0 1904 
3 2 0 1900 
3 2 0 1898 
3 2 0 1899 
3 2 0 1903 
3 2 0 1901 
3 2 0 1902 
3 2 0 1906 
1 1 0 
1 1 0 
1 1 0 
1 1 0 
1 1 0 
1 1 0 
1 1 0 
2 3 1924 1925 0 
2 3 1923 1926 0 
2 3 1922 1927 0 
2 3 1921 1928 0 
2 3 1920 1929 0 
1 1 0 
1 1 0 
1 1 0 
1 1 0 
1 1 0 
1 1 0 
1 1 0 
2 3 1936 1937 0 
1 1 0 
2 3 1938 1939 0 
2 3 1935 1940 0 
2 3 1934 1941 0 
2 3 1933 1942 0 
2 3 1932 1943 0 
2 3 1931 1944 0 
2 3 1930 1945 0 
1 1 0 
2 3 1946 1947 0 
2 3 1919 1948 0 
3 2 0 1949 
3 2 0 1919 
3 2 0 1948 
3 2 0 1946 
3 2 0 1930 
3 2 0 1920 
3 2 0 1929 
3 2 0 1921 
3 2 0 1928 
3 2 0 1922 
3 2 0 1927 
3 2 0 1923 
3 2 0 1926 
3 2 0 1924 
3 2 0 1925 
3 2 0 1945 
3 2 0 1931 
3 2 0 1944 
3 2 0 1932 
3 2 0 1943 
3 2 0 1933 
3 2 0 1942 
3 2 0 1934 
3 2 0 1941 
3 2 0 1935 
3 2 0 1940 
3 2 0 1938 
3 2 0 1936 
3 2 0 1937 
3 2 0 1939 
3 2 0 1947 
1 1 0 
1 1 0 
1 1 0 
2 3 1982 1983 0 
2 3 1981 1984 0 
1 1 0 
2 3 1985 1986 0 
1 1 0 
1 1 0 
2 3 1988 1989 0 
1 1 0 
1 1 0 
1 1 0 
2 3 1992 1993 0 
2 3 1991 1994 0 
2 3 1990 1995 0 
2 3 1987 1996 0 
1 1 0 
2 3 1997 1998 0 
1 1 0 
1 1 0 
1 1 0 
2 3 2001 2002 0 
2 3 2000 2003 0 
2 3 1999 2004 0 
1 1 0 
1 1 0 
1 1 0 
1 1 0 
2 3 2008 2009 0 
1 1 0 
2 3 2010 2011 0 
1 1 0 
1 1 0 
1 1 0 
1 1 0 
2 3 2015 2016 0 
2 3 2014 2017 0 
2 3 2013 2018 0 
2 3 2012 2019 0 
2 3 2007 2020 0 
2 3 2006 2021 0 
1 1 0 
2 3 2022 2023 0 
2 3 2005 2024 0 
3 2 0 2025 
3 2 0 2005 
3 2 0 1999 
3 2 0 1997 
3 2 0 1987 
3 2 0 1985 
3 2 0 1981 
3 2 0 1984 
3 2 0 1982 
3 2 0 1983 
3 2 0 1986 
3 2 0 1996 
3 2 0 1990 
3 2 0 1988 
3 2 0 1989 
3 2 0 1995 
3 2 0 1991 
3 2 0 1994 
3 2 0 1992 
3 2 0 1993 
3 2 0 1998 
3 2 0 2004 
3 2 0 2000 
3 2 0 2003 
3 2 0 2001 
3 2 0 2002 
3 2 0 2024 
3 2 0 2022 
3 2 0 2006 
3 2 0 2021 
3 2 0 2007 
3 2 0 2020 
3 2 0 2012 
3 2 0 2010 
3 2 0 2008 
3 2 0 2009 
3 2 0 2011 
3 2 0 2019 
3 2 0 2013 
3 2 0 2018 
3 2 0 2014 
3 2 0 2017 
3 2 0 2015 
3 2 0 2016 
3 2 0 2023 
1 1 0 
1 1 0 
1 1 0 
1 1 0 
1 1 0 
2 3 2074 2075 0 
2 3 2073 2076 0 
1 1 0 
1 1 0 
1 1 0 
1 1 0 
1 1 0 
1 1 0 
1 1 0 
1 1 0 
2 3 2084 2085 0 
2 3 2083 2086 0 
1 1 0 
2 3 2087 2088 0 
2 3 2082 2089 0 
1 1 0 
2 3 2090 2091 0 
1 1 0 
2 3 2092 2093 0 
1 1 0 
1 1 0 
1 1 0 
1 1 0 
2 3 2097 2098 0 
2 3 2096 2099 0 
2 3 2095 2100 0 
2 3 2094 2101 0 
2 3 2081 2102 0 
2 3 2080 2103 0 
2 3 2079 2104 0 
2 3 2078 2105 0 
2 3 2077 2106 0 
2 3 2072 2107 0 
1 1 0 
2 3 2108 2109 0 
2 3 2071 2110 0 
3 2 0 2111 
3 2 0 2071 
3 2 0 2110 
3 2 0 2108 
3 2 0 2072 
3 2 0 2107 
3 2 0 2077 
3 2 0 2073 
3 2 0 2076 
3 2 0 2074 
3 2 0 2075 
3 2 0 2106 
3 2 0 2078 
3 2 0 2105 
3 2 0 2079 
3 2 0 2104 
3 2 0 2080 
3 2 0 2103 
3 2 0 2081 
3 2 0 2102 
3 2 0 2094 
3 2 0 2092 
3 2 0 2090 
3 2 0 2082 
3 2 0 2089 
3 2 0 2087 
3 2 0 2083 
3 2 0 2086 
3 2 0 2084 
3 2 0 2085 
3 2 0 2088 
3 2 0 2091 
3 2 0 2093 
3 2 0 2101 
3 2 0 2095 
3 2 0 2100 
3 2 0 2096 
3 2 0 2099 
3 2 0 2097 
3 2 0 2098 
3 2 0 2109 
1 1 0 
1 1 0 
1 1 0 
1 1 0 
1 1 0 
2 3 2156 2157 0 
2 3 2155 2158 0 
2 3 2154 2159 0 
2 3 2153 2160 0 
3 2 0 2161 
3 2 0 2153 
3 2 0 2160 
3 2 0 2154 
3 2 0 2159 
3 2 0 2155 
3 2 0 2158 
3 2 0 2156 
3 2 0 2157 
1 1 0 
1 1 0 
1 1 0 
1 1 0 
1 1 0 
2 3 2174 2175 0 
2 3 2173 2176 0 
2 3 2172 2177 0 
2 3 2171 2178 0 
1 1 0 
1 1 0 
1 1 0 
1 1 0 
1 1 0 
2 3 2183 2184 0 
1 1 0 
1 1 0 
1 1 0 
1 1 0 
2 3 2188 2189 0 
2 3 2187 2190 0 
1 1 0 
1 1 0 
1 1 0 
2 3 2193 2194 0 
2 3 2192 2195 0 
2 3 2191 2196 0 
2 3 2186 2197 0 
1 1 0 
2 3 2198 2199 0 
1 1 0 
1 1 0 
2 3 2201 2202 0 
1 1 0 
1 1 0 
1 1 0 
2 3 2205 2206 0 
2 3 2204 2207 0 
2 3 2203 2208 0 
1 1 0 
2 3 2209 2210 0 
1 1 0 
1 1 0 
2 3 2212 2213 0 
2 3 2211 2214 0 
1 1 0 
2 3 2215 2216 0 
1 1 0 
1 1 0 
1 1 0 
2 3 2219 2220 0 
2 3 2218 2221 0 
2 3 2217 2222 0 
2 3 2200 2223 0 
2 3 2185 2224 0 
2 3 2182 2225 0 
2 3 2181 2226 0 
1 1 0 
2 3 2227 2228 0 
2 3 2180 2229 0 
2 3 2179 2230 0 
3 2 0 2231 
3 2 0 2179 
3 2 0 2171 
3 2 0 2178 
3 2 0 2172 
3 2 0 2177 
3 2 0 2173 
3 2 0 2176 
3 2 0 2174 
3 2 0 2175 
3 2 0 2230 
3 2 0 2180 
3 2 0 2229 
3 2 0 2227 
3 2 0 2181 
3 2 0 2226 
3 2 0 2182 
3 2 0 2225 
3 2 0 2185 
3 2 0 2183 
3 2 0 2184 
3 2 0 2224 
3 2 0 2200 
3 2 0 2198 
3 2 0 2186 
3 2 0 2197 
3 2 0 2191 
3 2 0 2187 
3 2 0 2190 
3 2 0 2188 
3 2 0 2189 
3 2 0 2196 
3 2 0 2192 
3 2 0 2195 
3 2 0 2193 
3 2 0 2194 
3 2 0 2199 
3 2 0 2223 
3 2 0 2217 
3 2 0 2215 
3 2 0 2211 
3 2 0 2209 
3 2 0 2203 
3 2 0 2201 
3 2 0 2202 
3 2 0 2208 
3 2 0 2204 
3 2 0 2207 
3 2 0 2205 
3 2 0 2206 
3 2 0 2210 
3 2 0 2214 
3 2 0 2212 
3 2 0 2213 
3 2 0 2216 
3 2 0 2222 
3 2 0 2218 
3 2 0 2221 
3 2 0 2219 
3 2 0 2220 
3 2 0 2228 
1 1 0 
1 1 0 
2 3 2293 2294 0 
1 1 0 
2 3 2295 2296 0 
3 2 0 2297 
3 2 0 2295 
3 2 0 2293 
3 2 0 2294 
3 2 0 2296 
1 1 0 
1 1 0 
1 1 0 
2 3 2304 2305 0 
1 1 0 
1 1 0 
1 1 0 
2 3 2308 2309 0 
2 3 2307 2310 0 
1 1 0 
1 1 0 
2 3 2312 2313 0 
2 3 2311 2314 0 
2 3 2306 2315 0 
1 1 0 
2 3 2316 2317 0 
2 3 2303 2318 0 
3 2 0 2319 
3 2 0 2303 
3 2 0 2318 
3 2 0 2316 
3 2 0 2306 
3 2 0 2304 
3 2 0 2305 
3 2 0 2315 
3 2 0 2311 
3 2 0 2307 
3 2 0 2310 
3 2 0 2308 
3 2 0 2309 
3 2 0 2314 
3 2 0 2312 
3 2 0 2313 
3 2 0 2317 
1 1 0 
1 1 0 
1 1 0 
1 1 0 
2 3 2339 2340 0 
1 1 0 
1 1 0 
1 1 0 
1 1 0 
1 1 0 
1 1 0 
2 3 2346 2347 0 
2 3 2345 2348 0 
2 3 2344 2349 0 
2 3 2343 2350 0 
2 3 2342 2351 0 
2 3 2341 2352 0 
2 3 2338 2353 0 
2 3 2337 2354 0 
1 1 0 
1 1 0 
1 1 0 
2 3 2357 2358 0 
2 3 2356 2359 0 
1 1 0 
1 1 0 
1 1 0 
2 3 2362 2363 0 
2 3 2361 2364 0 
1 1 0 
1 1 0 
1 1 0 
1 1 0 
1 1 0 
2 3 2369 2370 0 
1 1 0 
2 3 2371 2372 0 
2 3 2368 2373 0 
2 3 2367 2374 0 
1 1 0 
1 1 0 
2 3 2376 2377 0 
2 3 2375 2378 0 
2 3 2366 2379 0 
1 1 0 
1 1 0 
2 3 2381 2382 0 
1 1 0 
2 3 2383 2384 0 
2 3 2380 2385 0 
2 3 2365 2386 0 
2 3 2360 2387 0 
1 1 0 
2 3 2388 2389 0 
2 3 2355 2390 0 
3 2 0 2391 
3 2 0 2355 
3 2 0 2337 
3 2 0 2354 
3 2 0 2338 
3 2 0 2353 
3 2 0 2341 
3 2 0 2339 
3 2 0 2340 
3 2 0 2352 
3 2 0 2342 
3 2 0 2351 
3 2 0 2343 
3 2 0 2350 
3 2 0 2344 
3 2 0 2349 
3 2 0 2345 
3 2 0 2348 
3 2 0 2346 
3 2 0 2347 
3 2 0 2390 
3 2 0 2388 
3 2 0 2360 
3 2 0 2356 
3 2 0 2359 
3 2 0 2357 
3 2 0 2358 
3 2 0 2387 
3 2 0 2365 
3 2 0 2361 
3 2 0 2364 
3 2 0 2362 
3 2 0 2363 
3 2 0 2386 
3 2 0 2380 
3 2 0 2366 
3 2 0 2379 
3 2 0 2375 
3 2 0 2367 
3 2 0 2374 
3 2 0 2368 
3 2 0 2373 
3 2 0 2371 
3 2 0 2369 
3 2 0 2370 
3 2 0 2372 
3 2 0 2378 
3 2 0 2376 
3 2 0 2377 
3 2 0 2385 
3 2 0 2383 
3 2 0 2381 
3 2 0 2382 
3 2 0 2384 
3 2 0 2389 
1 1 0 
1 1 0 
2 3 2447 2448 0 
1 1 0 
1 1 0 
2 3 2450 2451 0 
1 1 0 
1 1 0 
1 1 0 
1 1 0 
1 1 0 
1 1 0 
2 3 2457 2458 0 
2 3 2456 2459 0 
2 3 2455 2460 0 
2 3 2454 2461 0 
2 3 2453 2462 0 
2 3 2452 2463 0 
1 1 0 
2 3 2464 2465 0 
2 3 2449 2466 0 
3 2 0 2467 
3 2 0 2449 
3 2 0 2447 
3 2 0 2448 
3 2 0 2466 
3 2 0 2464 
3 2 0 2452 
3 2 0 2450 
3 2 0 2451 
3 2 0 2463 
3 2 0 2453 
3 2 0 2462 
3 2 0 2454 
3 2 0 2461 
3 2 0 2455 
3 2 0 2460 
3 2 0 2456 
3 2 0 2459 
3 2 0 2457 
3 2 0 2458 
3 2 0 2465 
1 1 0 
1 1 0 
1 1 0 
1 1 0 
1 1 0 
1 1 0 
2 3 2493 2494 0 
2 3 2492 2495 0 
2 3 2491 2496 0 
1 1 0 
2 3 2497 2498 0 
1 1 0 
1 1 0 
2 3 2500 2501 0 
1 1 0 
2 3 2502 2503 0 
1 1 0 
1 1 0 
2 3 2505 2506 0 
2 3 2504 2507 0 
1 1 0 
1 1 0 
1 1 0 
1 1 0 
2 3 2511 2512 0 
2 3 2510 2513 0 
2 3 2509 2514 0 
2 3 2508 2515 0 
2 3 2499 2516 0 
1 1 0 
1 1 0 
2 3 2518 2519 0 
2 3 2517 2520 0 
1 1 0 
1 1 0 
1 1 0 
2 3 2523 2524 0 
2 3 2522 2525 0 
2 3 2521 2526 0 
2 3 2490 2527 0 
1 1 0 
2 3 2528 2529 0 
2 3 2489 2530 0 
3 2 0 2531 
3 2 0 2489 
3 2 0 2530 
3 2 0 2528 
3 2 0 2490 
3 2 0 2527 
3 2 0 2521 
3 2 0 2517 
3 2 0 2499 
3 2 0 2497 
3 2 0 2491 
3 2 0 2496 
3 2 0 2492 
3 2 0 2495 
3 2 0 2493 
3 2 0 2494 
3 2 0 2498 
3 2 0 2516 
3 2 0 2508 
3 2 0 2504 
3 2 0 2502 
3 2 0 2500 
3 2 0 2501 
3 2 0 2503 
3 2 0 2507 
3 2 0 2505 
3 2 0 2506 
3 2 0 2515 
3 2 0 2509 
3 2 0 2514 
3 2 0 2510 
3 2 0 2513 
3 2 0 2511 
3 2 0 2512 
3 2 0 2520 
3 2 0 2518 
3 2 0 2519 
3 2 0 2526 
3 2 0 2522 
3 2 0 2525 
3 2 0 2523 
3 2 0 2524 
3 2 0 2529 
1 1 0 
1 1 0 
1 1 0 
2 3 2576 2577 0 
1 1 0 
1 1 0 
2 3 2579 2580 0 
2 3 2578 2581 0 
1 1 0 
2 3 2582 2583 0 
1 1 0 
2 3 2584 2585 0 
1 1 0 
1 1 0 
2 3 2587 2588 0 
2 3 2586 2589 0 
1 1 0 
2 3 2590 2591 0 
1 1 0 
1 1 0 
1 1 0 
1 1 0 
2 3 2595 2596 0 
2 3 2594 2597 0 
2 3 2593 2598 0 
2 3 2592 2599 0 
1 1 0 
2 3 2600 2601 0 
2 3 2575 2602 0 
3 2 0 2603 
3 2 0 2575 
3 2 0 2602 
3 2 0 2600 
3 2 0 2592 
3 2 0 2590 
3 2 0 2586 
3 2 0 2584 
3 2 0 2582 
3 2 0 2578 
3 2 0 2576 
3 2 0 2577 
3 2 0 2581 
3 2 0 2579 
3 2 0 2580 
3 2 0 2583 
3 2 0 2585 
3 2 0 2589 
3 2 0 2587 
3 2 0 2588 
3 2 0 2591 
3 2 0 2599 
3 2 0 2593 
3 2 0 2598 
3 2 0 2594 
3 2 0 2597 
3 2 0 2595 
3 2 0 2596 
3 2 0 2601 
1 1 0 
1 1 0 
1 1 0 
1 1 0 
1 1 0 
1 1 0 
1 1 0 
1 1 0 
1 1 0 
1 1 0 
1 1 0 
2 3 2642 2643 0 
2 3 2641 2644 0 
1 1 0 
2 3 2645 2646 0 
1 1 0 
2 3 2647 2648 0 
1 1 0 
2 3 2649 2650 0 
2 3 2640 2651 0 
1 1 0 
1 1 0 
1 1 0 
2 3 2654 2655 0 
2 3 2653 2656 0 
2 3 2652 2657 0 
1 1 0 
1 1 0 
1 1 0 
1 1 0 
1 1 0 
1 1 0 
2 3 2663 2664 0 
2 3 2662 2665 0 
2 3 2661 2666 0 
2 3 2660 2667 0 
2 3 2659 2668 0 
2 3 2658 2669 0 
2 3 2639 2670 0 
2 3 2638 2671 0 
2 3 2637 2672 0 
2 3 2636 2673 0 
1 1 0 
2 3 2674 2675 0 
2 3 2635 2676 0 
2 3 2634 2677 0 
2 3 2633 2678 0 
3 2 0 2679 
3 2 0 2633 
3 2 0 2678 
3 2 0 2634 
3 2 0 2677 
3 2 0 2635 
3 2 0 2676 
3 2 0 2674 
3 2 0 2636 
3 2 0 2673 
3 2 0 2637 
3 2 0 2672 
3 2 0 2638 
3 2 0 2671 
3 2 0 2639 
3 2 0 2670 
3 2 0 2658 
3 2 0 2652 
3 2 0 2640 
3 2 0 2651 
3 2 0 2649 
3 2 0 2647 
3 2 0 2645 
3 2 0 2641 
3 2 0 2644 
3 2 0 2642 
3 2 0 2643 
3 2 0 2646 
3 2 0 2648 
3 2 0 2650 
3 2 0 2657 
3 2 0 2653 
3 2 0 2656 
3 2 0 2654 
3 2 0 2655 
3 2 0 2669 
3 2 0 2659 
3 2 0 2668 
3 2 0 2660 
3 2 0 2667 
3 2 0 2661 
3 2 0 2666 
3 2 0 2662 
3 2 0 2665 
3 2 0 2663 
3 2 0 2664 
3 2 0 2675 
1 1 0 
1 1 0 
1 1 0 
1 1 0 
2 3 2729 2730 0 
1 1 0 
2 3 2731 2732 0 
1 1 0 
1 1 0 
1 1 0 
2 3 2735 2736 0 
1 1 0 
1 1 0 
1 1 0 
2 3 2739 2740 0 
1 1 0 
2 3 2741 2742 0 
2 3 2738 2743 0 
1 1 0 
1 1 0 
1 1 0 
2 3 2746 2747 0 
2 3 2745 2748 0 
2 3 2744 2749 0 
2 3 2737 2750 0 
1 1 0 
1 1 0 
1 1 0 
1 1 0 
1 1 0 
2 3 2755 2756 0 
2 3 2754 2757 0 
2 3 2753 2758 0 
2 3 2752 2759 0 
2 3 2751 2760 0 
2 3 2734 2761 0 
2 3 2733 2762 0 
2 3 2728 2763 0 
2 3 2727 2764 0 
1 1 0 
1 1 0 
1 1 0 
1 1 0 
1 1 0 
2 3 2769 2770 0 
2 3 2768 2771 0 
2 3 2767 2772 0 
1 1 0 
1 1 0 
1 1 0 
1 1 0 
1 1 0 
2 3 2777 2778 0 
2 3 2776 2779 0 
2 3 2775 2780 0 
1 1 0 
1 1 0 
2 3 2782 2783 0 
1 1 0 
2 3 2784 2785 0 
1 1 0 
2 3 2786 2787 0 
2 3 2781 2788 0 
2 3 2774 2789 0 
2 3 2773 2790 0 
1 1 0 
1 1 0 
1 1 0 
1 1 0 
1 1 0 
1 1 0 
2 3 2796 2797 0 
2 3 2795 2798 0 
1 1 0 
1 1 0 
2 3 2800 2801 0 
2 3 2799 2802 0 
2 3 2794 2803 0 
2 3 2793 2804 0 
1 1 0 
2 3 2805 2806 0 
2 3 2792 2807 0 
2 3 2791 2808 0 
2 3 2766 2809 0 
2 3 2765 2810 0 
3 2 0 2811 
3 2 0 2765 
3 2 0 2727 
3 2 0 2764 
3 2 0 2728 
3 2 0 2763 
3 2 0 2733 
3 2 0 2731 
3 2 0 2729 
3 2 0 2730 
3 2 0 2732 
3 2 0 2762 
3 2 0 2734 
3 2 0 2761 
3 2 0 2751 
3 2 0 2737 
3 2 0 2735 
3 2 0 2736 
3 2 0 2750 
3 2 0 2744 
3 2 0 2738 
3 2 0 2743 
3 2 0 2741 
3 2 0 2739 
3 2 0 2740 
3 2 0 2742 
3 2 0 2749 
3 2 0 2745 
3 2 0 2748 
3 2 0 2746 
3 2 0 2747 
3 2 0 2760 
3 2 0 2752 
3 2 0 2759 
3 2 0 2753 
3 2 0 2758 
3 2 0 2754 
3 2 0 2757 
3 2 0 2755 
3 2 0 2756 
3 2 0 2810 
3 2 0 2766 
3 2 0 2809 
3 2 0 2791 
3 2 0 2773 
3 2 0 2767 
3 2 0 2772 
3 2 0 2768 
3 2 0 2771 
3 2 0 2769 
3 2 0 2770 
3 2 0 2790 
3 2 0 2774 
3 2 0 2789 
3 2 0 2781 
3 2 0 2775 
3 2 0 2780 
3 2 0 2776 
3 2 0 2779 
3 2 0 2777 
3 2 0 2778 
3 2 0 2788 
3 2 0 2786 
3 2 0 2784 
3 2 0 2782 
3 2 0 2783 
3 2 0 2785 
3 2 0 2787 
3 2 0 2808 
3 2 0 2792 
3 2 0 2807 
3 2 0 2805 
3 2 0 2793 
3 2 0 2804 
3 2 0 2794 
3 2 0 2803 
3 2 0 2799 
3 2 0 2795 
3 2 0 2798 
3 2 0 2796 
3 2 0 2797 
3 2 0 2802 
3 2 0 2800 
3 2 0 2801 
3 2 0 2806 
1 1 0 
1 1 0 
1 1 0 
1 1 0 
1 1 0 
1 1 0 
2 3 2901 2902 0 
2 3 2900 2903 0 
1 1 0 
1 1 0 
1 1 0 
2 3 2906 2907 0 
2 3 2905 2908 0 
2 3 2904 2909 0 
2 3 2899 2910 0 
2 3 2898 2911 0 
2 3 2897 2912 0 
1 1 0 
2 3 2913 2914 0 
1 1 0 
2 3 2915 2916 0 
1 1 0 
1 1 0 
1 1 0 
1 1 0 
1 1 0 
2 3 2921 2922 0 
2 3 2920 2923 0 
1 1 0 
1 1 0 
2 3 2925 2926 0 
2 3 2924 2927 0 
1 1 0 
2 3 2928 2929 0 
1 1 0 
2 3 2930 2931 0 
1 1 0 
2 3 2932 2933 0 
1 1 0 
1 1 0 
2 3 2935 2936 0 
1 1 0 
2 3 2937 2938 0 
2 3 2934 2939 0 
2 3 2919 2940 0 
2 3 2918 2941 0 
2 3 2917 2942 0 
1 1 0 
2 3 2943 2944 0 
3 2 0 2945 
3 2 0 2943 
3 2 0 2917 
3 2 0 2915 
3 2 0 2913 
3 2 0 2897 
3 2 0 2912 
3 2 0 2898 
3 2 0 2911 
3 2 0 2899 
3 2 0 2910 
3 2 0 2904 
3 2 0 2900 
3 2 0 2903 
3 2 0 2901 
3 2 0 2902 
3 2 0 2909 
3 2 0 2905 
3 2 0 2908 
3 2 0 2906 
3 2 0 2907 
3 2 0 2914 
3 2 0 2916 
3 2 0 2942 
3 2 0 2918 
3 2 0 2941 
3 2 0 2919 
3 2 0 2940 
3 2 0 2934 
3 2 0 2932 
3 2 0 2930 
3 2 0 2928 
3 2 0 2924 
3 2 0 2920 
3 2 0 2923 
3 2 0 2921 
3 2 0 2922 
3 2 0 2927 
3 2 0 2925 
3 2 0 2926 
3 2 0 2929 
3 2 0 2931 
3 2 0 2933 
3 2 0 2939 
3 2 0 2937 
3 2 0 2935 
3 2 0 2936 
3 2 0 2938 
3 2 0 2944 
1 1 0 
1 1 0 
1 1 0 
1 1 0 
2 3 2997 2998 0 
2 3 2996 2999 0 
2 3 2995 3000 0 
1 1 0 
1 1 0 
1 1 0 
2 3 3003 3004 0 
1 1 0 
1 1 0 
1 1 0 
1 1 0 
2 3 3008 3009 0 
2 3 3007 3010 0 
1 1 0 
1 1 0 
2 3 3012 3013 0 
2 3 3011 3014 0 
2 3 3006 3015 0 
2 3 3005 3016 0 
2 3 3002 3017 0 
2 3 3001 3018 0 
1 1 0 
2 3 3019 3020 0 
1 1 0 
2 3 3021 3022 0 
1 1 0 
1 1 0 
1 1 0 
1 1 0 
2 3 3026 3027 0 
2 3 3025 3028 0 
2 3 3024 3029 0 
1 1 0 
1 1 0 
1 1 0 
1 1 0 
1 1 0 
1 1 0 
1 1 0 
2 3 3036 3037 0 
1 1 0 
1 1 0 
2 3 3039 3040 0 
1 1 0 
2 3 3041 3042 0 
2 3 3038 3043 0 
2 3 3035 3044 0 
2 3 3034 3045 0 
1 1 0 
2 3 3046 3047 0 
2 3 3033 3048 0 
2 3 3032 3049 0 
2 3 3031 3050 0 
2 3 3030 3051 0 
2 3 3023 3052 0 
1 1 0 
2 3 3053 3054 0 
3 2 0 3055 
3 2 0 3053 
3 2 0 3023 
3 2 0 3021 
3 2 0 3019 
3 2 0 3001 
3 2 0 2995 
3 2 0 3000 
3 2 0 2996 
3 2 0 2999 
3 2 0 2997 
3 2 0 2998 
3 2 0 3018 
3 2 0 3002 
3 2 0 3017 
3 2 0 3005 
3 2 0 3003 
3 2 0 3004 
3 2 0 3016 
3 2 0 3006 
3 2 0 3015 
3 2 0 3011 
3 2 0 3007 
3 2 0 3010 
3 2 0 3008 
3 2 0 3009 
3 2 0 3014 
3 2 0 3012 
3 2 0 3013 
3 2 0 3020 
3 2 0 3022 
3 2 0 3052 
3 2 0 3030 
3 2 0 3024 
3 2 0 3029 
3 2 0 3025 
3 2 0 3028 
3 2 0 3026 
3 2 0 3027 
3 2 0 3051 
3 2 0 3031 
3 2 0 3050 
3 2 0 3032 
3 2 0 3049 
3 2 0 3033 
3 2 0 3048 
3 2 0 3046 
3 2 0 3034 
3 2 0 3045 
3 2 0 3035 
3 2 0 3044 
3 2 0 3038 
3 2 0 3036 
3 2 0 3037 
3 2 0 3043 
3 2 0 3041 
3 2 0 3039 
3 2 0 3040 
3 2 0 3042 
3 2 0 3047 
3 2 0 3054 
1 1 0 
1 1 0 
2 3 3117 3118 0 
1 1 0 
1 1 0 
1 1 0 
2 3 3121 3122 0 
2 3 3120 3123 0 
2 3 3119 3124 0 
1 1 0 
1 1 0 
1 1 0 
1 1 0 
1 1 0 
1 1 0 
2 3 3130 3131 0 
2 3 3129 3132 0 
2 3 3128 3133 0 
2 3 3127 3134 0 
1 1 0 
1 1 0 
1 1 0 
1 1 0 
1 1 0 
1 1 0 
2 3 3140 3141 0 
1 1 0 
1 1 0 
2 3 3143 3144 0 
2 3 3142 3145 0 
2 3 3139 3146 0 
2 3 3138 3147 0 
2 3 3137 3148 0 
1 1 0 
2 3 3149 3150 0 
1 1 0 
2 3 3151 3152 0 
1 1 0 
2 3 3153 3154 0 
1 1 0 
1 1 0 
1 1 0 
2 3 3157 3158 0 
2 3 3156 3159 0 
2 3 3155 3160 0 
1 1 0 
2 3 3161 3162 0 
1 1 0 
1 1 0 
2 3 3164 3165 0 
1 1 0 
1 1 0 
1 1 0 
2 3 3168 3169 0 
2 3 3167 3170 0 
2 3 3166 3171 0 
2 3 3163 3172 0 
1 1 0 
2 3 3173 3174 0 
2 3 3136 3175 0 
2 3 3135 3176 0 
2 3 3126 3177 0 
2 3 3125 3178 0 
3 2 0 3179 
3 2 0 3125 
3 2 0 3119 
3 2 0 3117 
3 2 0 3118 
3 2 0 3124 
3 2 0 3120 
3 2 0 3123 
3 2 0 3121 
3 2 0 3122 
3 2 0 3178 
3 2 0 3126 
3 2 0 3177 
3 2 0 3135 
3 2 0 3127 
3 2 0 3134 
3 2 0 3128 
3 2 0 3133 
3 2 0 3129 
3 2 0 3132 
3 2 0 3130 
3 2 0 3131 
3 2 0 3176 
3 2 0 3136 
3 2 0 3175 
3 2 0 3173 
3 2 0 3163 
3 2 0 3161 
3 2 0 3155 
3 2 0 3153 
3 2 0 3151 
3 2 0 3149 
3 2 0 3137 
3 2 0 3148 
3 2 0 3138 
3 2 0 3147 
3 2 0 3139 
3 2 0 3146 
3 2 0 3142 
3 2 0 3140 
3 2 0 3141 
3 2 0 3145 
3 2 0 3143 
3 2 0 3144 
3 2 0 3150 
3 2 0 3152 
3 2 0 3154 
3 2 0 3160 
3 2 0 3156 
3 2 0 3159 
3 2 0 3157 
3 2 0 3158 
3 2 0 3162 
3 2 0 3172 
3 2 0 3166 
3 2 0 3164 
3 2 0 3165 
3 2 0 3171 
3 2 0 3167 
3 2 0 3170 
3 2 0 3168 
3 2 0 3169 
3 2 0 3174 
1 1 0 
1 1 0 
1 1 0 
1 1 0 
1 1 0 
2 3 3246 3247 0 
2 3 3245 3248 0 
1 1 0 
1 1 0 
1 1 0 
1 1 0 
1 1 0 
1 1 0 
1 1 0 
2 3 3255 3256 0 
2 3 3254 3257 0 
2 3 3253 3258 0 
2 3 3252 3259 0 
2 3 3251 3260 0 
1 1 0 
2 3 3261 3262 0 
2 3 3250 3263 0 
2 3 3249 3264 0 
2 3 3244 3265 0 
2 3 3243 3266 0 
3 2 0 3267 
3 2 0 3243 
3 2 0 3266 
3 2 0 3244 
3 2 0 3265 
3 2 0 3249 
3 2 0 3245 
3 2 0 3248 
3 2 0 3246 
3 2 0 3247 
3 2 0 3264 
3 2 0 3250 
3 2 0 3263 
3 2 0 3261 
3 2 0 3251 
3 2 0 3260 
3 2 0 3252 
3 2 0 3259 
3 2 0 3253 
3 2 0 3258 
3 2 0 3254 
3 2 0 3257 
3 2 0 3255 
3 2 0 3256 
3 2 0 3262 
1 1 0 
1 1 0 
1 1 0 
1 1 0 
1 1 0 
1 1 0 
1 1 0 
1 1 0 
2 3 3299 3300 0 
1 1 0 
1 1 0 
1 1 0 
1 1 0 
2 3 3304 3305 0 
2 3 3303 3306 0 
2 3 3302 3307 0 
2 3 3301 3308 0 
2 3 3298 3309 0 
2 3 3297 3310 0 
2 3 3296 3311 0 
2 3 3295 3312 0 
2 3 3294 3313 0 
2 3 3293 3314 0 
1 1 0 
1 1 0 
1 1 0 
1 1 0 
2 3 3318 3319 0 
1 1 0 
1 1 0 
1 1 0 
1 1 0 
2 3 3323 3324 0 
1 1 0 
2 3 3325 3326 0 
2 3 3322 3327 0 
2 3 3321 3328 0 
2 3 3320 3329 0 
2 3 3317 3330 0 
2 3 3316 3331 0 
2 3 3315 3332 0 
3 2 0 3333 
3 2 0 3315 
3 2 0 3293 
3 2 0 3314 
3 2 0 3294 
3 2 0 3313 
3 2 0 3295 
3 2 0 3312 
3 2 0 3296 
3 2 0 3311 
3 2 0 3297 
3 2 0 3310 
3 2 0 3298 
3 2 0 3309 
3 2 0 3301 
3 2 0 3299 
3 2 0 3300 
3 2 0 3308 
3 2 0 3302 
3 2 0 3307 
3 2 0 3303 
3 2 0 3306 
3 2 0 3304 
3 2 0 3305 
3 2 0 3332 
3 2 0 3316 
3 2 0 3331 
3 2 0 3317 
3 2 0 3330 
3 2 0 3320 
3 2 0 3318 
3 2 0 3319 
3 2 0 3329 
3 2 0 3321 
3 2 0 3328 
3 2 0 3322 
3 2 0 3327 
3 2 0 3325 
3 2 0 3323 
3 2 0 3324 
3 2 0 3326 
1 1 0 
1 1 0 
1 1 0 
1 1 0 
1 1 0 
1 1 0 
2 3 3379 3380 0 
2 3 3378 3381 0 
1 1 0 
1 1 0 
1 1 0 
2 3 3384 3385 0 
1 1 0 
2 3 3386 3387 0 
2 3 3383 3388 0 
2 3 3382 3389 0 
2 3 3377 3390 0 
2 3 3376 3391 0 
2 3 3375 3392 0 
1 1 0 
1 1 0 
1 1 0 
1 1 0 
2 3 3396 3397 0 
1 1 0 
2 3 3398 3399 0 
2 3 3395 3400 0 
1 1 0 
1 1 0 
1 1 0 
2 3 3403 3404 0 
1 1 0 
1 1 0 
2 3 3406 3407 0 
2 3 3405 3408 0 
1 1 0 
1 1 0 
1 1 0 
2 3 3411 3412 0 
2 3 3410 3413 0 
2 3 3409 3414 0 
2 3 3402 3415 0 
2 3 3401 3416 0 
1 1 0 
2 3 3417 3418 0 
2 3 3394 3419 0 
2 3 3393 3420 0 
3 2 0 3421 
3 2 0 3393 
3 2 0 3375 
3 2 0 3392 
3 2 0 3376 
3 2 0 3391 
3 2 0 3377 
3 2 0 3390 
3 2 0 3382 
3 2 0 3378 
3 2 0 3381 
3 2 0 3379 
3 2 0 3380 
3 2 0 3389 
3 2 0 3383 
3 2 0 3388 
3 2 0 3386 
3 2 0 3384 
3 2 0 3385 
3 2 0 3387 
3 2 0 3420 
3 2 0 3394 
3 2 0 3419 
3 2 0 3417 
3 2 0 3401 
3 2 0 3395 
3 2 0 3400 
3 2 0 3398 
3 2 0 3396 
3 2 0 3397 
3 2 0 3399 
3 2 0 3416 
3 2 0 3402 
3 2 0 3415 
3 2 0 3409 
3 2 0 3405 
3 2 0 3403 
3 2 0 3404 
3 2 0 3408 
3 2 0 3406 
3 2 0 3407 
3 2 0 3414 
3 2 0 3410 
3 2 0 3413 
3 2 0 3411 
3 2 0 3412 
3 2 0 3418 
1 1 0 
1 1 0 
1 1 0 
2 3 3470 3471 0 
2 3 3469 3472 0 
1 1 0 
1 1 0 
1 1 0 
1 1 0 
2 3 3476 3477 0 
2 3 3475 3478 0 
2 3 3474 3479 0 
2 3 3473 3480 0 
1 1 0 
1 1 0 
1 1 0 
1 1 0 
1 1 0 
1 1 0 
2 3 3486 3487 0 
2 3 3485 3488 0 
1 1 0 
1 1 0 
1 1 0 
1 1 0 
2 3 3492 3493 0 
2 3 3491 3494 0 
1 1 0 
1 1 0 
1 1 0 
1 1 0 
2 3 3498 3499 0 
1 1 0 
1 1 0 
2 3 3501 3502 0 
1 1 0 
1 1 0 
2 3 3504 3505 0 
2 3 3503 3506 0 
2 3 3500 3507 0 
1 1 0 
2 3 3508 3509 0 
1 1 0 
2 3 3510 3511 0 
1 1 0 
2 3 3512 3513 0 
1 1 0 
1 1 0 
1 1 0 
1 1 0 
1 1 0 
1 1 0 
2 3 3519 3520 0 
2 3 3518 3521 0 
2 3 3517 3522 0 
2 3 3516 3523 0 
2 3 3515 3524 0 
2 3 3514 3525 0 
2 3 3497 3526 0 
2 3 3496 3527 0 
2 3 3495 3528 0 
2 3 3490 3529 0 
2 3 3489 3530 0 
2 3 3484 3531 0 
1 1 0 
2 3 3532 3533 0 
2 3 3483 3534 0 
2 3 3482 3535 0 
2 3 3481 3536 0 
3 2 0 3537 
3 2 0 3481 
3 2 0 3473 
3 2 0 3469 
3 2 0 3472 
3 2 0 3470 
3 2 0 3471 
3 2 0 3480 
3 2 0 3474 
3 2 0 3479 
3 2 0 3475 
3 2 0 3478 
3 2 0 3476 
3 2 0 3477 
3 2 0 3536 
3 2 0 3482 
3 2 0 3535 
3 2 0 3483 
3 2 0 3534 
3 2 0 3532 
3 2 0 3484 
3 2 0 3531 
3 2 0 3489 
3 2 0 3485 
3 2 0 3488 
3 2 0 3486 
3 2 0 3487 
3 2 0 3530 
3 2 0 3490 
3 2 0 3529 
3 2 0 3495 
3 2 0 3491 
3 2 0 3494 
3 2 0 3492 
3 2 0 3493 
3 2 0 3528 
3 2 0 3496 
3 2 0 3527 
3 2 0 3497 
3 2 0 3526 
3 2 0 3514 
3 2 0 3512 
3 2 0 3510 
3 2 0 3508 
3 2 0 3500 
3 2 0 3498 
3 2 0 3499 
3 2 0 3507 
3 2 0 3503 
3 2 0 3501 
3 2 0 3502 
3 2 0 3506 
3 2 0 3504 
3 2 0 3505 
3 2 0 3509 
3 2 0 3511 
3 2 0 3513 
3 2 0 3525 
3 2 0 3515 
3 2 0 3524 
3 2 0 3516 
3 2 0 3523 
3 2 0 3517 
3 2 0 3522 
3 2 0 3518 
3 2 0 3521 
3 2 0 3519 
3 2 0 3520 
3 2 0 3533 
1 1 0 
1 1 0 
1 1 0 
1 1 0 
1 1 0 
1 1 0 
1 1 0 
2 3 3612 3613 0 
2 3 3611 3614 0 
2 3 3610 3615 0 
2 3 3609 3616 0 
2 3 3608 3617 0 
2 3 3607 3618 0 
1 1 0 
1 1 0 
1 1 0 
1 1 0 
1 1 0 
1 1 0 
1 1 0 
2 3 3625 3626 0 
2 3 3624 3627 0 
1 1 0 
1 1 0 
2 3 3629 3630 0 
1 1 0 
2 3 3631 3632 0 
2 3 3628 3633 0 
2 3 3623 3634 0 
2 3 3622 3635 0 
2 3 3621 3636 0 
1 1 0 
1 1 0 
1 1 0 
1 1 0 
1 1 0 
2 3 3641 3642 0 
2 3 3640 3643 0 
2 3 3639 3644 0 
1 1 0 
2 3 3645 3646 0 
2 3 3638 3647 0 
1 1 0 
2 3 3648 3649 0 
1 1 0 
1 1 0 
1 1 0 
2 3 3652 3653 0 
1 1 0 
1 1 0 
1 1 0 
1 1 0 
2 3 3657 3658 0 
2 3 3656 3659 0 
1 1 0 
1 1 0 
1 1 0 
1 1 0 
1 1 0 
2 3 3664 3665 0 
2 3 3663 3666 0 
2 3 3662 3667 0 
2 3 3661 3668 0 
2 3 3660 3669 0 
2 3 3655 3670 0 
2 3 3654 3671 0 
2 3 3651 3672 0 
2 3 3650 3673 0 
2 3 3637 3674 0 
2 3 3620 3675 0 
1 1 0 
2 3 3676 3677 0 
2 3 3619 3678 0 
3 2 0 3679 
3 2 0 3619 
3 2 0 3607 
3 2 0 3618 
3 2 0 3608 
3 2 0 3617 
3 2 0 3609 
3 2 0 3616 
3 2 0 3610 
3 2 0 3615 
3 2 0 3611 
3 2 0 3614 
3 2 0 3612 
3 2 0 3613 
3 2 0 3678 
3 2 0 3676 
3 2 0 3620 
3 2 0 3675 
3 2 0 3637 
3 2 0 3621 
3 2 0 3636 
3 2 0 3622 
3 2 0 3635 
3 2 0 3623 
3 2 0 3634 
3 2 0 3628 
3 2 0 3624 
3 2 0 3627 
3 2 0 3625 
3 2 0 3626 
3 2 0 3633 
3 2 0 3631 
3 2 0 3629 
3 2 0 3630 
3 2 0 3632 
3 2 0 3674 
3 2 0 3650 
3 2 0 3648 
3 2 0 3638 
3 2 0 3647 
3 2 0 3645 
3 2 0 3639 
3 2 0 3644 
3 2 0 3640 
3 2 0 3643 
3 2 0 3641 
3 2 0 3642 
3 2 0 3646 
3 2 0 3649 
3 2 0 3673 
3 2 0 3651 
3 2 0 3672 
3 2 0 3654 
3 2 0 3652 
3 2 0 3653 
3 2 0 3671 
3 2 0 3655 
3 2 0 3670 
3 2 0 3660 
3 2 0 3656 
3 2 0 3659 
3 2 0 3657 
3 2 0 3658 
3 2 0 3669 
3 2 0 3661 
3 2 0 3668 
3 2 0 3662 
3 2 0 3667 
3 2 0 3663 
3 2 0 3666 
3 2 0 3664 
3 2 0 3665 
3 2 0 3677 
1 1 0 
1 1 0 
1 1 0 
2 3 3754 3755 0 
1 1 0 
2 3 3756 3757 0 
2 3 3753 3758 0 
1 1 0 
1 1 0 
1 1 0 
1 1 0 
2 3 3762 3763 0 
2 3 3761 3764 0 
2 3 3760 3765 0 
1 1 0 
2 3 3766 3767 0 
2 3 3759 3768 0 
3 2 0 3769 
3 2 0 3759 
3 2 0 3753 
3 2 0 3758 
3 2 0 3756 
3 2 0 3754 
3 2 0 3755 
3 2 0 3757 
3 2 0 3768 
3 2 0 3766 
3 2 0 3760 
3 2 0 3765 
3 2 0 3761 
3 2 0 3764 
3 2 0 3762 
3 2 0 3763 
3 2 0 3767 
1 1 0 
1 1 0 
1 1 0 
2 3 3788 3789 0 
2 3 3787 3790 0 
1 1 0 
1 1 0 
1 1 0 
1 1 0 
1 1 0 
1 1 0 
1 1 0 
1 1 0 
2 3 3798 3799 0 
2 3 3797 3800 0 
2 3 3796 3801 0 
2 3 3795 3802 0 
2 3 3794 3803 0 
2 3 3793 3804 0 
2 3 3792 3805 0 
2 3 3791 3806 0 
1 1 0 
2 3 3807 3808 0 
3 2 0 3809 
3 2 0 3807 
3 2 0 3791 
3 2 0 3787 
3 2 0 3790 
3 2 0 3788 
3 2 0 3789 
3 2 0 3806 
3 2 0 3792 
3 2 0 3805 
3 2 0 3793 
3 2 0 3804 
3 2 0 3794 
3 2 0 3803 
3 2 0 3795 
3 2 0 3802 
3 2 0 3796 
3 2 0 3801 
3 2 0 3797 
3 2 0 3800 
3 2 0 3798 
3 2 0 3799 
3 2 0 3808 
1 1 0 
1 1 0 
1 1 0 
1 1 0 
2 3 3835 3836 0 
2 3 3834 3837 0 
2 3 3833 3838 0 
1 1 0 
1 1 0 
1 1 0 
1 1 0 
2 3 3842 3843 0 
2 3 3841 3844 0 
2 3 3840 3845 0 
2 3 3839 3846 0 
1 1 0 
2 3 3847 3848 0 
3 2 0 3849 
3 2 0 3847 
3 2 0 3839 
3 2 0 3833 
3 2 0 3838 
3 2 0 3834 
3 2 0 3837 
3 2 0 3835 
3 2 0 3836 
3 2 0 3846 
3 2 0 3840 
3 2 0 3845 
3 2 0 3841 
3 2 0 3844 
3 2 0 3842 
3 2 0 3843 
3 2 0 3848 
1 1 0 
1 1 0 
1 1 0 
2 3 3868 3869 0 
1 1 0 
2 3 3870 3871 0 
1 1 0 
2 3 3872 3873 0 
2 3 3867 3874 0 
1 1 0 
2 3 3875 3876 0 
1 1 0 
2 3 3877 3878 0 
1 1 0 
1 1 0 
1 1 0 
1 1 0 
2 3 3882 3883 0 
1 1 0 
2 3 3884 3885 0 
1 1 0 
1 1 0 
2 3 3887 3888 0 
2 3 3886 3889 0 
2 3 3881 3890 0 
1 1 0 
2 3 3891 3892 0 
1 1 0 
1 1 0 
1 1 0 
1 1 0 
2 3 3896 3897 0 
2 3 3895 3898 0 
2 3 3894 3899 0 
2 3 3893 3900 0 
2 3 3880 3901 0 
2 3 3879 3902 0 
1 1 0 
2 3 3903 3904 0 
3 2 0 3905 
3 2 0 3903 
3 2 0 3879 
3 2 0 3877 
3 2 0 3875 
3 2 0 3867 
3 2 0 3874 
3 2 0 3872 
3 2 0 3870 
3 2 0 3868 
3 2 0 3869 
3 2 0 3871 
3 2 0 3873 
3 2 0 3876 
3 2 0 3878 
3 2 0 3902 
3 2 0 3880 
3 2 0 3901 
3 2 0 3893 
3 2 0 3891 
3 2 0 3881 
3 2 0 3890 
3 2 0 3886 
3 2 0 3884 
3 2 0 3882 
3 2 0 3883 
3 2 0 3885 
3 2 0 3889 
3 2 0 3887 
3 2 0 3888 
3 2 0 3892 
3 2 0 3900 
3 2 0 3894 
3 2 0 3899 
3 2 0 3895 
3 2 0 3898 
3 2 0 3896 
3 2 0 3897 
3 2 0 3904 
1 1 0 
1 1 0 
1 1 0 
1 1 0 
1 1 0 
1 1 0 
1 1 0 
1 1 0 
2 3 3951 3952 0 
1 1 0 
2 3 3953 3954 0 
2 3 3950 3955 0 
1 1 0 
1 1 0 
1 1 0 
2 3 3958 3959 0 
2 3 3957 3960 0 
2 3 3956 3961 0 
2 3 3949 3962 0 
2 3 3948 3963 0 
2 3 3947 3964 0 
2 3 3946 3965 0 
2 3 3945 3966 0 
1 1 0 
1 1 0 
1 1 0 
2 3 3969 3970 0 
1 1 0 
1 1 0 
1 1 0 
2 3 3973 3974 0 
2 3 3972 3975 0 
2 3 3971 3976 0 
1 1 0 
1 1 0 
1 1 0 
2 3 3979 3980 0 
2 3 3978 3981 0 
1 1 0 
2 3 3982 3983 0 
2 3 3977 3984 0 
2 3 3968 3985 0 
2 3 3967 3986 0 
3 2 0 3987 
3 2 0 3967 
3 2 0 3945 
3 2 0 3966 
3 2 0 3946 
3 2 0 3965 
3 2 0 3947 
3 2 0 3964 
3 2 0 3948 
3 2 0 3963 
3 2 0 3949 
3 2 0 3962 
3 2 0 3956 
3 2 0 3950 
3 2 0 3955 
3 2 0 3953 
3 2 0 3951 
3 2 0 3952 
3 2 0 3954 
3 2 0 3961 
3 2 0 3957 
3 2 0 3960 
3 2 0 3958 
3 2 0 3959 
3 2 0 3986 
3 2 0 3968 
3 2 0 3985 
3 2 0 3977 
3 2 0 3971 
3 2 0 3969 
3 2 0 3970 
3 2 0 3976 
3 2 0 3972 
3 2 0 3975 
3 2 0 3973 
3 2 0 3974 
3 2 0 3984 
3 2 0 3982 
3 2 0 3978 
3 2 0 3981 
3 2 0 3979 
3 2 0 3980 
3 2 0 3983 
1 1 0 
1 1 0 
1 1 0 
2 3 4032 4033 0 
1 1 0 
2 3 4034 4035 0 
1 1 0 
1 1 0 
1 1 0 
2 3 4038 4039 0 
1 1 0 
2 3 4040 4041 0 
1 1 0 
2 3 4042 4043 0 
2 3 4037 4044 0 
2 3 4036 4045 0 
1 1 0 
2 3 4046 4047 0 
1 1 0 
1 1 0 
1 1 0 
2 3 4050 4051 0 
1 1 0 
1 1 0 
2 3 4053 4054 0 
1 1 0 
2 3 4055 4056 0 
1 1 0 
2 3 4057 4058 0 
1 1 0 
1 1 0 
2 3 4060 4061 0 
1 1 0 
2 3 4062 4063 0 
2 3 4059 4064 0 
2 3 4052 4065 0 
2 3 4049 4066 0 
2 3 4048 4067 0 
1 1 0 
1 1 0 
2 3 4069 4070 0 
2 3 4068 4071 0 
2 3 4031 4072 0 
3 2 0 4073 
3 2 0 4031 
3 2 0 4072 
3 2 0 4068 
3 2 0 4048 
3 2 0 4046 
3 2 0 4036 
3 2 0 4034 
3 2 0 4032 
3 2 0 4033 
3 2 0 4035 
3 2 0 4045 
3 2 0 4037 
3 2 0 4044 
3 2 0 4042 
3 2 0 4040 
3 2 0 4038 
3 2 0 4039 
3 2 0 4041 
3 2 0 4043 
3 2 0 4047 
3 2 0 4067 
3 2 0 4049 
3 2 0 4066 
3 2 0 4052 
3 2 0 4050 
3 2 0 4051 
3 2 0 4065 
3 2 0 4059 
3 2 0 4057 
3 2 0 4055 
3 2 0 4053 
3 2 0 4054 
3 2 0 4056 
3 2 0 4058 
3 2 0 4064 
3 2 0 4062 
3 2 0 4060 
3 2 0 4061 
3 2 0 4063 
3 2 0 4071 
3 2 0 4069 
3 2 0 4070 
1 1 0 
1 1 0 
1 1 0 
2 3 4118 4119 0 
1 1 0 
1 1 0 
2 3 4121 4122 0 
2 3 4120 4123 0 
1 1 0 
2 3 4124 4125 0 
2 3 4117 4126 0 
1 1 0 
1 1 0 
2 3 4128 4129 0 
2 3 4127 4130 0 
1 1 0 
1 1 0 
2 3 4132 4133 0 
2 3 4131 4134 0 
1 1 0 
2 3 4135 4136 0 
3 2 0 4137 
3 2 0 4135 
3 2 0 4131 
3 2 0 4127 
3 2 0 4117 
3 2 0 4126 
3 2 0 4124 
3 2 0 4120 
3 2 0 4118 
3 2 0 4119 
3 2 0 4123 
3 2 0 4121 
3 2 0 4122 
3 2 0 4125 
3 2 0 4130 
3 2 0 4128 
3 2 0 4129 
3 2 0 4134 
3 2 0 4132 
3 2 0 4133 
3 2 0 4136 
1 1 0 
1 1 0 
2 3 4159 4160 0 
1 1 0 
1 1 0 
1 1 0 
1 1 0 
1 1 0 
1 1 0 
2 3 4166 4167 0 
2 3 4165 4168 0 
1 1 0 
1 1 0 
1 1 0 
2 3 4171 4172 0 
2 3 4170 4173 0 
2 3 4169 4174 0 
2 3 4164 4175 0 
2 3 4163 4176 0 
2 3 4162 4177 0 
2 3 4161 4178 0 
1 1 0 
2 3 4179 4180 0 
1 1 0 
2 3 4181 4182 0 
1 1 0 
1 1 0 
1 1 0 
2 3 4185 4186 0 
1 1 0 
1 1 0 
1 1 0 
1 1 0 
2 3 4190 4191 0 
1 1 0 
1 1 0 
1 1 0 
1 1 0 
2 3 4195 4196 0 
2 3 4194 4197 0 
2 3 4193 4198 0 
2 3 4192 4199 0 
2 3 4189 4200 0 
2 3 4188 4201 0 
2 3 4187 4202 0 
2 3 4184 4203 0 
2 3 4183 4204 0 
1 1 0 
2 3 4205 4206 0 
3 2 0 4207 
3 2 0 4205 
3 2 0 4183 
3 2 0 4181 
3 2 0 4179 
3 2 0 4161 
3 2 0 4159 
3 2 0 4160 
3 2 0 4178 
3 2 0 4162 
3 2 0 4177 
3 2 0 4163 
3 2 0 4176 
3 2 0 4164 
3 2 0 4175 
3 2 0 4169 
3 2 0 4165 
3 2 0 4168 
3 2 0 4166 
3 2 0 4167 
3 2 0 4174 
3 2 0 4170 
3 2 0 4173 
3 2 0 4171 
3 2 0 4172 
3 2 0 4180 
3 2 0 4182 
3 2 0 4204 
3 2 0 4184 
3 2 0 4203 
3 2 0 4187 
3 2 0 4185 
3 2 0 4186 
3 2 0 4202 
3 2 0 4188 
3 2 0 4201 
3 2 0 4189 
3 2 0 4200 
3 2 0 4192 
3 2 0 4190 
3 2 0 4191 
3 2 0 4199 
3 2 0 4193 
3 2 0 4198 
3 2 0 4194 
3 2 0 4197 
3 2 0 4195 
3 2 0 4196 
3 2 0 4206 
1 1 0 
1 1 0 
1 1 0 
1 1 0 
1 1 0 
2 3 4260 4261 0 
1 1 0 
2 3 4262 4263 0 
2 3 4259 4264 0 
1 1 0 
1 1 0 
1 1 0 
2 3 4267 4268 0 
1 1 0 
1 1 0 
2 3 4270 4271 0 
1 1 0 
1 1 0 
2 3 4273 4274 0 
1 1 0 
1 1 0 
1 1 0 
2 3 4277 4278 0 
1 1 0 
1 1 0 
1 1 0 
2 3 4281 4282 0 
2 3 4280 4283 0 
2 3 4279 4284 0 
2 3 4276 4285 0 
2 3 4275 4286 0 
2 3 4272 4287 0 
2 3 4269 4288 0 
2 3 4266 4289 0 
2 3 4265 4290 0 
2 3 4258 4291 0 
2 3 4257 4292 0 
1 1 0 
1 1 0 
1 1 0 
2 3 4295 4296 0 
1 1 0 
1 1 0 
1 1 0 
1 1 0 
2 3 4300 4301 0 
2 3 4299 4302 0 
1 1 0 
1 1 0 
1 1 0 
1 1 0 
2 3 4306 4307 0 
2 3 4305 4308 0 
2 3 4304 4309 0 
2 3 4303 4310 0 
2 3 4298 4311 0 
1 1 0 
2 3 4312 4313 0 
1 1 0 
1 1 0 
2 3 4315 4316 0 
2 3 4314 4317 0 
1 1 0 
1 1 0 
1 1 0 
1 1 0 
1 1 0 
2 3 4322 4323 0 
1 1 0 
2 3 4324 4325 0 
1 1 0 
1 1 0 
2 3 4327 4328 0 
2 3 4326 4329 0 
1 1 0 
2 3 4330 4331 0 
1 1 0 
1 1 0 
1 1 0 
2 3 4334 4335 0 
2 3 4333 4336 0 
2 3 4332 4337 0 
2 3 4321 4338 0 
2 3 4320 4339 0 
2 3 4319 4340 0 
2 3 4318 4341 0 
1 1 0 
2 3 4342 4343 0 
2 3 4297 4344 0 
2 3 4294 4345 0 
2 3 4293 4346 0 
3 2 0 4347 
3 2 0 4293 
3 2 0 4257 
3 2 0 4292 
3 2 0 4258 
3 2 0 4291 
3 2 0 4265 
3 2 0 4259 
3 2 0 4264 
3 2 0 4262 
3 2 0 4260 
3 2 0 4261 
3 2 0 4263 
3 2 0 4290 
3 2 0 4266 
3 2 0 4289 
3 2 0 4269 
3 2 0 4267 
3 2 0 4268 
3 2 0 4288 
3 2 0 4272 
3 2 0 4270 
3 2 0 4271 
3 2 0 4287 
3 2 0 4275 
3 2 0 4273 
3 2 0 4274 
3 2 0 4286 
3 2 0 4276 
3 2 0 4285 
3 2 0 4279 
3 2 0 4277 
3 2 0 4278 
3 2 0 4284 
3 2 0 4280 
3 2 0 4283 
3 2 0 4281 
3 2 0 4282 
3 2 0 4346 
3 2 0 4294 
3 2 0 4345 
3 2 0 4297 
3 2 0 4295 
3 2 0 4296 
3 2 0 4344 
3 2 0 4342 
3 2 0 4318 
3 2 0 4314 
3 2 0 4312 
3 2 0 4298 
3 2 0 4311 
3 2 0 4303 
3 2 0 4299 
3 2 0 4302 
3 2 0 4300 
3 2 0 4301 
3 2 0 4310 
3 2 0 4304 
3 2 0 4309 
3 2 0 4305 
3 2 0 4308 
3 2 0 4306 
3 2 0 4307 
3 2 0 4313 
3 2 0 4317 
3 2 0 4315 
3 2 0 4316 
3 2 0 4341 
3 2 0 4319 
3 2 0 4340 
3 2 0 4320 
3 2 0 4339 
3 2 0 4321 
3 2 0 4338 
3 2 0 4332 
3 2 0 4330 
3 2 0 4326 
3 2 0 4324 
3 2 0 4322 
3 2 0 4323 
3 2 0 4325 
3 2 0 4329 
3 2 0 4327 
3 2 0 4328 
3 2 0 4331 
3 2 0 4337 
3 2 0 4333 
3 2 0 4336 
3 2 0 4334 
3 2 0 4335 
3 2 0 4343 
1 1 0 
1 1 0 
1 1 0 
2 3 4440 4441 0 
1 1 0 
2 3 4442 4443 0 
2 3 4439 4444 0 
1 1 0 
1 1 0 
1 1 0 
2 3 4447 4448 0 
1 1 0 
1 1 0 
1 1 0 
1 1 0 
1 1 0 
2 3 4453 4454 0 
2 3 4452 4455 0 
2 3 4451 4456 0 
1 1 0 
1 1 0 
1 1 0 
2 3 4459 4460 0 
2 3 4458 4461 0 
2 3 4457 4462 0 
2 3 4450 4463 0 
2 3 4449 4464 0 
2 3 4446 4465 0 
2 3 4445 4466 0 
1 1 0 
1 1 0 
1 1 0 
2 3 4469 4470 0 
1 1 0 
2 3 4471 4472 0 
2 3 4468 4473 0 
1 1 0 
1 1 0 
1 1 0 
1 1 0 
2 3 4477 4478 0 
1 1 0 
1 1 0 
2 3 4480 4481 0 
2 3 4479 4482 0 
2 3 4476 4483 0 
2 3 4475 4484 0 
2 3 4474 4485 0 
1 1 0 
2 3 4486 4487 0 
2 3 4467 4488 0 
3 2 0 4489 
3 2 0 4467 
3 2 0 4445 
3 2 0 4439 
3 2 0 4444 
3 2 0 4442 
3 2 0 4440 
3 2 0 4441 
3 2 0 4443 
3 2 0 4466 
3 2 0 4446 
3 2 0 4465 
3 2 0 4449 
3 2 0 4447 
3 2 0 4448 
3 2 0 4464 
3 2 0 4450 
3 2 0 4463 
3 2 0 4457 
3 2 0 4451 
3 2 0 4456 
3 2 0 4452 
3 2 0 4455 
3 2 0 4453 
3 2 0 4454 
3 2 0 4462 
3 2 0 4458 
3 2 0 4461 
3 2 0 4459 
3 2 0 4460 
3 2 0 4488 
3 2 0 4486 
3 2 0 4474 
3 2 0 4468 
3 2 0 4473 
3 2 0 4471 
3 2 0 4469 
3 2 0 4470 
3 2 0 4472 
3 2 0 4485 
3 2 0 4475 
3 2 0 4484 
3 2 0 4476 
3 2 0 4483 
3 2 0 4479 
3 2 0 4477 
3 2 0 4478 
3 2 0 4482 
3 2 0 4480 
3 2 0 4481 
3 2 0 4487 
1 1 0 
1 1 0 
1 1 0 
2 3 4542 4543 0 
1 1 0 
2 3 4544 4545 0 
1 1 0 
2 3 4546 4547 0 
1 1 0 
1 1 0 
1 1 0 
1 1 0 
1 1 0 
2 3 4552 4553 0 
2 3 4551 4554 0 
2 3 4550 4555 0 
2 3 4549 4556 0 
2 3 4548 4557 0 
1 1 0 
2 3 4558 4559 0 
2 3 4541 4560 0 
3 2 0 4561 
3 2 0 4541 
3 2 0 4560 
3 2 0 4558 
3 2 0 4548 
3 2 0 4546 
3 2 0 4544 
3 2 0 4542 
3 2 0 4543 
3 2 0 4545 
3 2 0 4547 
3 2 0 4557 
3 2 0 4549 
3 2 0 4556 
3 2 0 4550 
3 2 0 4555 
3 2 0 4551 
3 2 0 4554 
3 2 0 4552 
3 2 0 4553 
3 2 0 4559 
1 1 0 
1 1 0 
1 1 0 
1 1 0 
2 3 4585 4586 0 
2 3 4584 4587 0 
2 3 4583 4588 0 
1 1 0 
2 3 4589 4590 0 
1 1 0 
1 1 0 
1 1 0 
1 1 0 
2 3 4594 4595 0 
1 1 0 
1 1 0 
2 3 4597 4598 0 
1 1 0 
1 1 0 
1 1 0 
2 3 4601 4602 0 
2 3 4600 4603 0 
2 3 4599 4604 0 
2 3 4596 4605 0 
2 3 4593 4606 0 
1 1 0 
1 1 0 
1 1 0 
2 3 4609 4610 0 
2 3 4608 4611 0 
1 1 0 
2 3 4612 4613 0 
2 3 4607 4614 0 
2 3 4592 4615 0 
2 3 4591 4616 0 
3 2 0 4617 
3 2 0 4591 
3 2 0 4589 
3 2 0 4583 
3 2 0 4588 
3 2 0 4584 
3 2 0 4587 
3 2 0 4585 
3 2 0 4586 
3 2 0 4590 
3 2 0 4616 
3 2 0 4592 
3 2 0 4615 
3 2 0 4607 
3 2 0 4593 
3 2 0 4606 
3 2 0 4596 
3 2 0 4594 
3 2 0 4595 
3 2 0 4605 
3 2 0 4599 
3 2 0 4597 
3 2 0 4598 
3 2 0 4604 
3 2 0 4600 
3 2 0 4603 
3 2 0 4601 
3 2 0 4602 
3 2 0 4614 
3 2 0 4612 
3 2 0 4608 
3 2 0 4611 
3 2 0 4609 
3 2 0 4610 
3 2 0 4613 
1 1 0 
1 1 0 
1 1 0 
2 3 4654 4655 0 
2 3 4653 4656 0 
1 1 0 
2 3 4657 4658 0 
1 1 0 
1 1 0 
1 1 0 
2 3 4661 4662 0 
2 3 4660 4663 0 
1 1 0 
2 3 4664 4665 0 
1 1 0 
1 1 0 
1 1 0 
2 3 4668 4669 0 
2 3 4667 4670 0 
2 3 4666 4671 0 
1 1 0 
2 3 4672 4673 0 
1 1 0 
1 1 0 
1 1 0 
2 3 4676 4677 0 
2 3 4675 4678 0 
2 3 4674 4679 0 
2 3 4659 4680 0 
1 1 0 
2 3 4681 4682 0 
3 2 0 4683 
3 2 0 4681 
3 2 0 4659 
3 2 0 4657 
3 2 0 4653 
3 2 0 4656 
3 2 0 4654 
3 2 0 4655 
3 2 0 4658 
3 2 0 4680 
3 2 0 4674 
3 2 0 4672 
3 2 0 4666 
3 2 0 4664 
3 2 0 4660 
3 2 0 4663 
3 2 0 4661 
3 2 0 4662 
3 2 0 4665 
3 2 0 4671 
3 2 0 4667 
3 2 0 4670 
3 2 0 4668 
3 2 0 4669 
3 2 0 4673 
3 2 0 4679 
3 2 0 4675 
3 2 0 4678 
3 2 0 4676 
3 2 0 4677 
3 2 0 4682 
1 1 0 
1 1 0 
1 1 0 
1 1 0 
2 3 4717 4718 0 
2 3 4716 4719 0 
1 1 0 
1 1 0 
2 3 4721 4722 0 
1 1 0 
1 1 0 
1 1 0 
2 3 4725 4726 0 
1 1 0 
2 3 4727 4728 0 
1 1 0 
1 1 0 
1 1 0 
1 1 0 
2 3 4732 4733 0 
2 3 4731 4734 0 
2 3 4730 4735 0 
2 3 4729 4736 0 
2 3 4724 4737 0 
2 3 4723 4738 0 
2 3 4720 4739 0 
2 3 4715 4740 0 
1 1 0 
2 3 4741 4742 0 
1 1 0 
1 1 0 
1 1 0 
1 1 0 
1 1 0 
1 1 0 
1 1 0 
2 3 4749 4750 0 
2 3 4748 4751 0 
2 3 4747 4752 0 
2 3 4746 4753 0 
2 3 4745 4754 0 
1 1 0 
1 1 0 
1 1 0 
1 1 0 
1 1 0 
1 1 0 
2 3 4760 4761 0 
1 1 0 
2 3 4762 4763 0 
2 3 4759 4764 0 
2 3 4758 4765 0 
2 3 4757 4766 0 
2 3 4756 4767 0 
2 3 4755 4768 0 
2 3 4744 4769 0 
2 3 4743 4770 0 
1 1 0 
2 3 4771 4772 0 
3 2 0 4773 
3 2 0 4771 
3 2 0 4743 
3 2 0 4741 
3 2 0 4715 
3 2 0 4740 
3 2 0 4720 
3 2 0 4716 
3 2 0 4719 
3 2 0 4717 
3 2 0 4718 
3 2 0 4739 
3 2 0 4723 
3 2 0 4721 
3 2 0 4722 
3 2 0 4738 
3 2 0 4724 
3 2 0 4737 
3 2 0 4729 
3 2 0 4727 
3 2 0 4725 
3 2 0 4726 
3 2 0 4728 
3 2 0 4736 
3 2 0 4730 
3 2 0 4735 
3 2 0 4731 
3 2 0 4734 
3 2 0 4732 
3 2 0 4733 
3 2 0 4742 
3 2 0 4770 
3 2 0 4744 
3 2 0 4769 
3 2 0 4755 
3 2 0 4745 
3 2 0 4754 
3 2 0 4746 
3 2 0 4753 
3 2 0 4747 
3 2 0 4752 
3 2 0 4748 
3 2 0 4751 
3 2 0 4749 
3 2 0 4750 
3 2 0 4768 
3 2 0 4756 
3 2 0 4767 
3 2 0 4757 
3 2 0 4766 
3 2 0 4758 
3 2 0 4765 
3 2 0 4759 
3 2 0 4764 
3 2 0 4762 
3 2 0 4760 
3 2 0 4761 
3 2 0 4763 
3 2 0 4772 
1 1 0 
1 1 0 
1 1 0 
1 1 0 
1 1 0 
2 3 4836 4837 0 
1 1 0 
1 1 0 
1 1 0 
2 3 4840 4841 0 
2 3 4839 4842 0 
2 3 4838 4843 0 
2 3 4835 4844 0 
2 3 4834 4845 0 
2 3 4833 4846 0 
1 1 0 
2 3 4847 4848 0 
1 1 0 
1 1 0 
1 1 0 
2 3 4851 4852 0 
2 3 4850 4853 0 
1 1 0 
1 1 0 
2 3 4855 4856 0 
1 1 0 
1 1 0 
2 3 4858 4859 0 
1 1 0 
1 1 0 
1 1 0 
1 1 0 
2 3 4863 4864 0 
2 3 4862 4865 0 
1 1 0 
1 1 0 
1 1 0 
2 3 4868 4869 0 
2 3 4867 4870 0 
2 3 4866 4871 0 
2 3 4861 4872 0 
2 3 4860 4873 0 
2 3 4857 4874 0 
2 3 4854 4875 0 
2 3 4849 4876 0 
1 1 0 
2 3 4877 4878 0 
3 2 0 4879 
3 2 0 4877 
3 2 0 4849 
3 2 0 4847 
3 2 0 4833 
3 2 0 4846 
3 2 0 4834 
3 2 0 4845 
3 2 0 4835 
3 2 0 4844 
3 2 0 4838 
3 2 0 4836 
3 2 0 4837 
3 2 0 4843 
3 2 0 4839 
3 2 0 4842 
3 2 0 4840 
3 2 0 4841 
3 2 0 4848 
3 2 0 4876 
3 2 0 4854 
3 2 0 4850 
3 2 0 4853 
3 2 0 4851 
3 2 0 4852 
3 2 0 4875 
3 2 0 4857 
3 2 0 4855 
3 2 0 4856 
3 2 0 4874 
3 2 0 4860 
3 2 0 4858 
3 2 0 4859 
3 2 0 4873 
3 2 0 4861 
3 2 0 4872 
3 2 0 4866 
3 2 0 4862 
3 2 0 4865 
3 2 0 4863 
3 2 0 4864 
3 2 0 4871 
3 2 0 4867 
3 2 0 4870 
3 2 0 4868 
3 2 0 4869 
3 2 0 4878 
1 1 0 
1 1 0 
1 1 0 
1 1 0 
1 1 0 
2 3 4930 4931 0 
2 3 4929 4932 0 
1 1 0 
1 1 0 
1 1 0 
2 3 4935 4936 0 
2 3 4934 4937 0 
2 3 4933 4938 0 
2 3 4928 4939 0 
1 1 0 
2 3 4940 4941 0 
2 3 4927 4942 0 
3 2 0 4943 
3 2 0 4927 
3 2 0 4942 
3 2 0 4940 
3 2 0 4928 
3 2 0 4939 
3 2 0 4933 
3 2 0 4929 
3 2 0 4932 
3 2 0 4930 
3 2 0 4931 
3 2 0 4938 
3 2 0 4934 
3 2 0 4937 
3 2 0 4935 
3 2 0 4936 
3 2 0 4941 
1 1 0 
1 1 0 
1 1 0 
2 3 4962 4963 0 
2 3 4961 4964 0 
1 1 0 
1 1 0 
1 1 0 
1 1 0 
1 1 0 
1 1 0 
2 3 4970 4971 0 
2 3 4969 4972 0 
2 3 4968 4973 0 
2 3 4967 4974 0 
2 3 4966 4975 0 
2 3 4965 4976 0 
1 1 0 
2 3 4977 4978 0 
3 2 0 4979 
3 2 0 4977 
3 2 0 4965 
3 2 0 4961 
3 2 0 4964 
3 2 0 4962 
3 2 0 4963 
3 2 0 4976 
3 2 0 4966 
3 2 0 4975 
3 2 0 4967 
3 2 0 4974 
3 2 0 4968 
3 2 0 4973 
3 2 0 4969 
3 2 0 4972 
3 2 0 4970 
3 2 0 4971 
3 2 0 4978 
1 1 0 
1 1 0 
1 1 0 
1 1 0 
1 1 0 
1 1 0 
2 3 5003 5004 0 
2 3 5002 5005 0 
2 3 5001 5006 0 
1 1 0 
1 1 0 
1 1 0 
2 3 5009 5010 0 
2 3 5008 5011 0 
2 3 5007 5012 0 
2 3 5000 5013 0 
1 1 0 
1 1 0 
1 1 0 
1 1 0 
1 1 0 
1 1 0 
1 1 0 
2 3 5020 5021 0 
2 3 5019 5022 0 
2 3 5018 5023 0 
1 1 0 
2 3 5024 5025 0 
1 1 0 
1 1 0 
1 1 0 
2 3 5028 5029 0 
1 1 0 
2 3 5030 5031 0 
2 3 5027 5032 0 
2 3 5026 5033 0 
2 3 5017 5034 0 
2 3 5016 5035 0 
1 1 0 
2 3 5036 5037 0 
1 1 0 
1 1 0 
1 1 0 
1 1 0 
1 1 0 
1 1 0 
1 1 0 
1 1 0 
1 1 0 
2 3 5046 5047 0 
2 3 5045 5048 0 
1 1 0 
1 1 0 
2 3 5050 5051 0 
2 3 5049 5052 0 
2 3 5044 5053 0 
2 3 5043 5054 0 
2 3 5042 5055 0 
2 3 5041 5056 0 
2 3 5040 5057 0 
2 3 5039 5058 0 
2 3 5038 5059 0 
1 1 0 
2 3 5060 5061 0 
2 3 5015 5062 0 
2 3 5014 5063 0 
2 3 4999 5064 0 
3 2 0 5065 
3 2 0 4999 
3 2 0 5064 
3 2 0 5014 
3 2 0 5000 
3 2 0 5013 
3 2 0 5007 
3 2 0 5001 
3 2 0 5006 
3 2 0 5002 
3 2 0 5005 
3 2 0 5003 
3 2 0 5004 
3 2 0 5012 
3 2 0 5008 
3 2 0 5011 
3 2 0 5009 
3 2 0 5010 
3 2 0 5063 
3 2 0 5015 
3 2 0 5062 
3 2 0 5060 
3 2 0 5038 
3 2 0 5036 
3 2 0 5016 
3 2 0 5035 
3 2 0 5017 
3 2 0 5034 
3 2 0 5026 
3 2 0 5024 
3 2 0 5018 
3 2 0 5023 
3 2 0 5019 
3 2 0 5022 
3 2 0 5020 
3 2 0 5021 
3 2 0 5025 
3 2 0 5033 
3 2 0 5027 
3 2 0 5032 
3 2 0 5030 
3 2 0 5028 
3 2 0 5029 
3 2 0 5031 
3 2 0 5037 
3 2 0 5059 
3 2 0 5039 
3 2 0 5058 
3 2 0 5040 
3 2 0 5057 
3 2 0 5041 
3 2 0 5056 
3 2 0 5042 
3 2 0 5055 
3 2 0 5043 
3 2 0 5054 
3 2 0 5044 
3 2 0 5053 
3 2 0 5049 
3 2 0 5045 
3 2 0 5048 
3 2 0 5046 
3 2 0 5047 
3 2 0 5052 
3 2 0 5050 
3 2 0 5051 
3 2 0 5061 
22 2566 60 61 62 63 64 65 66 67 68 69 70 71 72 73 74 75 76 77 78 79 80 81 82 83 84 85 86 87 88 89 90 91 92 93 94 95 96 97 98 99 100 101 102 103 104 105 106 107 108 109 110 111 112 113 114 115 116 117 118 148 149 150 151 152 153 154 155 156 157 158 159 160 161 162 163 164 165 166 167 168 169 170 171 172 173 174 175 176 218 219 220 221 222 223 224 225 226 227 228 229 230 231 232 233 234 235 236 237 238 239 240 241 242 243 244 245 246 247 248 249 250 251 252 253 254 255 256 257 258 304 305 306 307 308 309 310 311 312 313 314 315 316 317 318 319 320 321 322 323 324 325 326 327 328 329 330 331 332 333 334 335 336 337 338 339 340 341 342 343 344 345 346 347 348 362 363 364 365 366 367 368 369 370 371 372 373 374 398 399 400 401 402 403 404 405 406 407 408 409 410 411 412 413 414 415 416 417 418 419 420 432 433 434 435 436 437 438 439 440 441 442 498 499 500 501 502 503 504 505 506 507 508 509 510 511 512 513 514 515 516 517 518 519 520 521 522 523 524 525 526 527 528 529 530 531 532 533 534 535 536 537 538 539 540 541 542 543 544 545 546 547 548 549 550 551 552 580 581 582 583 584 585 586 587 588 589 590 591 592 593 594 595 596 597 598 599 600 601 602 603 604 605 606 698 699 700 701 702 703 704 705 706 707 708 709 710 711 712 713 714 715 716 717 718 719 720 721 722 723 724 725 726 727 728 729 730 731 732 733 734 735 736 737 738 739 740 741 742 743 744 745 746 747 748 749 750 751 752 753 754 755 756 757 758 759 760 761 762 763 764 765 766 767 768 769 770 771 772 773 774 775 776 777 778 779 780 781 782 783 784 785 786 787 788 798 799 800 801 802 803 804 805 806 866 867 868 869 870 871 872 873 874 875 876 877 878 879 880 881 882 883 884 885 886 887 888 889 890 891 892 893 894 895 896 897 898 899 900 901 902 903 904 905 906 907 908 909 910 911 912 913 914 915 916 917 918 919 920 921 922 923 924 970 971 972 973 974 975 976 977 978 979 980 981 982 983 984 985 986 987 988 989 990 991 992 993 994 995 996 997 998 999 1000 1001 1002 1003 1004 1005 1006 1007 1008 1009 1010 1011 1012 1013 1014 1046 1047 1048 1049 1050 1051 1052 1053 1054 1055 1056 1057 1058 1059 1060 1061 1062 1063 1064 1065 1066 1067 1068 1069 1070 1071 1072 1073 1074 1075 1076 1142 1143 1144 1145 1146 1147 1148 1149 1150 1151 1152 1153 1154 1155 1156 1157 1158 1159 1160 1161 1162 1163 1164 1165 1166 1167 1168 1169 1170 1171 1172 1173 1174 1175 1176 1177 1178 1179 1180 1181 1182 1183 1184 1185 1186 1187 1188 1189 1190 1191 1192 1193 1194 1195 1196 1197 1198 1199 1200 1201 1202 1203 1204 1205 1206 1236 1237 1238 1239 1240 1241 1242 1243 1244 1245 1246 1247 1248 1249 1250 1251 1252 1253 1254 1255 1256 1257 1258 1259 1260 1261 1262 1263 1264 1314 1315 1316 1317 1318 1319 1320 1321 1322 1323 1324 1325 1326 1327 1328 1329 1330 1331 1332 1333 1334 1335 1336 1337 1338 1339 1340 1341 1342 1343 1344 1345 1346 1347 1348 1349 1350 1351 1352 1353 1354 1355 1356 1357 1358 1359 1360 1361 1362 1428 1429 1430 1431 1432 1433 1434 1435 1436 1437 1438 1439 1440 1441 1442 1443 1444 1445 1446 1447 1448 1449 1450 1451 1452 1453 1454 1455 1456 1457 1458 1459 1460 1461 1462 1463 1464 1465 1466 1467 1468 1469 1470 1471 1472 1473 1474 1475 1476 1477 1478 1479 1480 1481 1482 1483 1484 1485 1486 1487 1488 1489 1490 1491 1492 1518 1519 1520 1521 1522 1523 1524 1525 1526 1527 1528 1529 1530 1531 1532 1533 1534 1535 1536 1537 1538 1539 1540 1541 1542 1552 1553 1554 1555 1556 1557 1558 1559 1560 1614 1615 1616 1617 1618 1619 1620 1621 1622 1623 1624 1625 1626 1627 1628 1629 1630 1631 1632 1633 1634 1635 1636 1637 1638 1639 1640 1641 1642 1643 1644 1645 1646 1647 1648 1649 1650 1651 1652 1653 1654 1655 1656 1657 1658 1659 1660 1661 1662 1663 1664 1665 1666 1716 1717 1718 1719 1720 1721 1722 1723 1724 1725 1726 1727 1728 1729 1730 1731 1732 1733 1734 1735 1736 1737 1738 1739 1740 1741 1742 1743 1744 1745 1746 1747 1748 1749 1750 1751 1752 1753 1754 1755 1756 1757 1758 1759 1760 1761 1762 1763 1764 1812 1813 1814 1815 1816 1817 1818 1819 1820 1821 1822 1823 1824 1825 1826 1827 1828 1829 1830 1831 1832 1833 1834 1835 1836 1837 1838 1839 1840 1841 1842 1843 1844 1845 1846 1847 1848 1849 1850 1851 1852 1853 1854 1855 1856 1857 1858 1878 1879 1880 1881 1882 1883 1884 1885 1886 1887 1888 1889 1890 1891 1892 1893 1894 1895 1896 1908 1909 1910 1911 1912 1913 1914 1915 1916 1917 1918 1950 1951 1952 1953 1954 1955 1956 1957 1958 1959 1960 1961 1962 1963 1964 1965 1966 1967 1968 1969 1970 1971 1972 1973 1974 1975 1976 1977 1978 1979 1980 2026 2027 2028 2029 2030 2031 2032 2033 2034 2035 2036 2037 2038 2039 2040 2041 2042 2043 2044 2045 2046 2047 2048 2049 2050 2051 2052 2053 2054 2055 2056 2057 2058 2059 2060 2061 2062 2063 2064 2065 2066 2067 2068 2069 2070 2112 2113 2114 2115 2116 2117 2118 2119 2120 2121 2122 2123 2124 2125 2126 2127 2128 2129 2130 2131 2132 2133 2134 2135 2136 2137 2138 2139 2140 2141 2142 2143 2144 2145 2146 2147 2148 2149 2150 2151 2152 2162 2163 2164 2165 2166 2167 2168 2169 2170 2232 2233 2234 2235 2236 2237 2238 2239 2240 2241 2242 2243 2244 2245 2246 2247 2248 2249 2250 2251 2252 2253 2254 2255 2256 2257 2258 2259 2260 2261 2262 2263 2264 2265 2266 2267 2268 2269 2270 2271 2272 2273 2274 2275 2276 2277 2278 2279 2280 2281 2282 2283 2284 2285 2286 2287 2288 2289 2290 2291 2292 2298 2299 2300 2301 2302 2320 2321 2322 2323 2324 2325 2326 2327 2328 2329 2330 2331 2332 2333 2334 2335 2336 2392 2393 2394 2395 2396 2397 2398 2399 2400 2401 2402 2403 2404 2405 2406 2407 2408 2409 2410 2411 2412 2413 2414 2415 2416 2417 2418 2419 2420 2421 2422 2423 2424 2425 2426 2427 2428 2429 2430 2431 2432 2433 2434 2435 2436 2437 2438 2439 2440 2441 2442 2443 2444 2445 2446 2468 2469 2470 2471 2472 2473 2474 2475 2476 2477 2478 2479 2480 2481 2482 2483 2484 2485 2486 2487 2488 2532 2533 2534 2535 2536 2537 2538 2539 2540 2541 2542 2543 2544 2545 2546 2547 2548 2549 2550 2551 2552 2553 2554 2555 2556 2557 2558 2559 2560 2561 2562 2563 2564 2565 2566 2567 2568 2569 2570 2571 2572 2573 2574 2604 2605 2606 2607 2608 2609 2610 2611 2612 2613 2614 2615 2616 2617 2618 2619 2620 2621 2622 2623 2624 2625 2626 2627 2628 2629 2630 2631 2632 2680 2681 2682 2683 2684 2685 2686 2687 2688 2689 2690 2691 2692 2693 2694 2695 2696 2697 2698 2699 2700 2701 2702 2703 2704 2705 2706 2707 2708 2709 2710 2711 2712 2713 2714 2715 2716 2717 2718 2719 2720 2721 2722 2723 2724 2725 2726 2812 2813 2814 2815 2816 2817 2818 2819 2820 2821 2822 2823 2824 2825 2826 2827 2828 2829 2830 2831 2832 2833 2834 2835 2836 2837 2838 2839 2840 2841 2842 2843 2844 2845 2846 2847 2848 2849 2850 2851 2852 2853 2854 2855 2856 2857 2858 2859 2860 2861 2862 2863 2864 2865 2866 2867 2868 2869 2870 2871 2872 2873 2874 2875 2876 2877 2878 2879 2880 2881 2882 2883 2884 2885 2886 2887 2888 2889 2890 2891 2892 2893 2894 2895 2896 2946 2947 2948 2949 2950 2951 2952 2953 2954 2955 2956 2957 2958 2959 2960 2961 2962 2963 2964 2965 2966 2967 2968 2969 2970 2971 2972 2973 2974 2975 2976 2977 2978 2979 2980 2981 2982 2983 2984 2985 2986 2987 2988 2989 2990 2991 2992 2993 2994 3056 3057 3058 3059 3060 3061 3062 3063 3064 3065 3066 3067 3068 3069 3070 3071 3072 3073 3074 3075 3076 3077 3078 3079 3080 3081 3082 3083 3084 3085 3086 3087 3088 3089 3090 3091 3092 3093 3094 3095 3096 3097 3098 3099 3100 3101 3102 3103 3104 3105 3106 3107 3108 3109 3110 3111 3112 3113 3114 3115 3116 3180 3181 3182 3183 3184 3185 3186 3187 3188 3189 3190 3191 3192 3193 3194 3195 3196 3197 3198 3199 3200 3201 3202 3203 3204 3205 3206 3207 3208 3209 3210 3211 3212 3213 3214 3215 3216 3217 3218 3219 3220 3221 3222 3223 3224 3225 3226 3227 3228 3229 3230 3231 3232 3233 3234 3235 3236 3237 3238 3239 3240 3241 3242 3268 3269 3270 3271 3272 3273 3274 3275 3276 3277 3278 3279 3280 3281 3282 3283 3284 3285 3286 3287 3288 3289 3290 3291 3292 3334 3335 3336 3337 3338 3339 3340 3341 3342 3343 3344 3345 3346 3347 3348 3349 3350 3351 3352 3353 3354 3355 3356 3357 3358 3359 3360 3361 3362 3363 3364 3365 3366 3367 3368 3369 3370 3371 3372 3373 3374 3422 3423 3424 3425 3426 3427 3428 3429 3430 3431 3432 3433 3434 3435 3436 3437 3438 3439 3440 3441 3442 3443 3444 3445 3446 3447 3448 3449 3450 3451 3452 3453 3454 3455 3456 3457 3458 3459 3460 3461 3462 3463 3464 3465 3466 3467 3468 3538 3539 3540 3541 3542 3543 3544 3545 3546 3547 3548 3549 3550 3551 3552 3553 3554 3555 3556 3557 3558 3559 3560 3561 3562 3563 3564 3565 3566 3567 3568 3569 3570 3571 3572 3573 3574 3575 3576 3577 3578 3579 3580 3581 3582 3583 3584 3585 3586 3587 3588 3589 3590 3591 3592 3593 3594 3595 3596 3597 3598 3599 3600 3601 3602 3603 3604 3605 3606 3680 3681 3682 3683 3684 3685 3686 3687 3688 3689 3690 3691 3692 3693 3694 3695 3696 3697 3698 3699 3700 3701 3702 3703 3704 3705 3706 3707 3708 3709 3710 3711 3712 3713 3714 3715 3716 3717 3718 3719 3720 3721 3722 3723 3724 3725 3726 3727 3728 3729 3730 3731 3732 3733 3734 3735 3736 3737 3738 3739 3740 3741 3742 3743 3744 3745 3746 3747 3748 3749 3750 3751 3752 3770 3771 3772 3773 3774 3775 3776 3777 3778 3779 3780 3781 3782 3783 3784 3785 3786 3810 3811 3812 3813 3814 3815 3816 3817 3818 3819 3820 3821 3822 3823 3824 3825 3826 3827 3828 3829 3830 3831 3832 3850 3851 3852 3853 3854 3855 3856 3857 3858 3859 3860 3861 3862 3863 3864 3865 3866 3906 3907 3908 3909 3910 3911 3912 3913 3914 3915 3916 3917 3918 3919 3920 3921 3922 3923 3924 3925 3926 3927 3928 3929 3930 3931 3932 3933 3934 3935 3936 3937 3938 3939 3940 3941 3942 3943 3944 3988 3989 3990 3991 3992 3993 3994 3995 3996 3997 3998 3999 4000 4001 4002 4003 4004 4005 4006 4007 4008 4009 4010 4011 4012 4013 4014 4015 4016 4017 4018 4019 4020 4021 4022 4023 4024 4025 4026 4027 4028 4029 4030 4074 4075 4076 4077 4078 4079 4080 4081 4082 4083 4084 4085 4086 4087 4088 4089 4090 4091 4092 4093 4094 4095 4096 4097 4098 4099 4100 4101 4102 4103 4104 4105 4106 4107 4108 4109 4110 4111 4112 4113 4114 4115 4116 4138 4139 4140 4141 4142 4143 4144 4145 4146 4147 4148 4149 4150 4151 4152 4153 4154 4155 4156 4157 4158 4208 4209 4210 4211 4212 4213 4214 4215 4216 4217 4218 4219 4220 4221 4222 4223 4224 4225 4226 4227 4228 4229 4230 4231 4232 4233 4234 4235 4236 4237 4238 4239 4240 4241 4242 4243 4244 4245 4246 4247 4248 4249 4250 4251 4252 4253 4254 4255 4256 4348 4349 4350 4351 4352 4353 4354 4355 4356 4357 4358 4359 4360 4361 4362 4363 4364 4365 4366 4367 4368 4369 4370 4371 4372 4373 4374 4375 4376 4377 4378 4379 4380 4381 4382 4383 4384 4385 4386 4387 4388 4389 4390 4391 4392 4393 4394 4395 4396 4397 4398 4399 4400 4401 4402 4403 4404 4405 4406 4407 4408 4409 4410 4411 4412 4413 4414 4415 4416 4417 4418 4419 4420 4421 4422 4423 4424 4425 4426 4427 4428 4429 4430 4431 4432 4433 4434 4435 4436 4437 4438 4490 4491 4492 4493 4494 4495 4496 4497 4498 4499 4500 4501 4502 4503 4504 4505 4506 4507 4508 4509 4510 4511 4512 4513 4514 4515 4516 4517 4518 4519 4520 4521 4522 4523 4524 4525 4526 4527 4528 4529 4530 4531 4532 4533 4534 4535 4536 4537 4538 4539 4540 4562 4563 4564 4565 4566 4567 4568 4569 4570 4571 4572 4573 4574 4575 4576 4577 4578 4579 4580 4581 4582 4618 4619 4620 4621 4622 4623 4624 4625 4626 4627 4628 4629 4630 4631 4632 4633 4634 4635 4636 4637 4638 4639 4640 4641 4642 4643 4644 4645 4646 4647 4648 4649 4650 4651 4652 4684 4685 4686 4687 4688 4689 4690 4691 4692 4693 4694 4695 4696 4697 4698 4699 4700 4701 4702 4703 4704 4705 4706 4707 4708 4709 4710 4711 4712 4713 4714 4774 4775 4776 4777 4778 4779 4780 4781 4782 4783 4784 4785 4786 4787 4788 4789 4790 4791 4792 4793 4794 4795 4796 4797 4798 4799 4800 4801 4802 4803 4804 4805 4806 4807 4808 4809 4810 4811 4812 4813 4814 4815 4816 4817 4818 4819 4820 4821 4822 4823 4824 4825 4826 4827 4828 4829 4830 4831 4832 4880 4881 4882 4883 4884 4885 4886 4887 4888 4889 4890 4891 4892 4893 4894 4895 4896 4897 4898 4899 4900 4901 4902 4903 4904 4905 4906 4907 4908 4909 4910 4911 4912 4913 4914 4915 4916 4917 4918 4919 4920 4921 4922 4923 4924 4925 4926 4944 4945 4946 4947 4948 4949 4950 4951 4952 4953 4954 4955 4956 4957 4958 4959 4960 4980 4981 4982 4983 4984 4985 4986 4987 4988 4989 4990 4991 4992 4993 4994 4995 4996 4997 4998 5066 5067 5068 5069 5070 5071 5072 5073 5074 5075 5076 5077 5078 5079 5080 5081 5082 5083 5084 5085 5086 5087 5088 5089 5090 5091 5092 5093 5094 5095 5096 5097 5098 5099 5100 5101 5102 5103 5104 5105 5106 5107 5108 5109 5110 5111 5112 5113 5114 5115 5116 5117 5118 5119 5120 5121 5122 5123 5124 5125 5126 5127 5128 5129 5130 5131 5132 
