4194
0 0 
1 1 0 
1 1 0 
1 1 0 
1 1 0 
1 1 0 
2 3 4 5 0 
2 3 3 6 0 
1 1 0 
1 1 0 
1 1 0 
2 3 9 10 0 
1 1 0 
1 1 0 
1 1 0 
1 1 0 
2 3 14 15 0 
2 3 13 16 0 
1 1 0 
2 3 17 18 0 
1 1 0 
1 1 0 
2 3 20 21 0 
2 3 19 22 0 
1 1 0 
2 3 23 24 0 
1 1 0 
1 1 0 
2 3 26 27 0 
2 3 25 28 0 
1 1 0 
2 3 29 30 0 
1 1 0 
2 3 31 32 0 
1 1 0 
1 1 0 
1 1 0 
2 3 35 36 0 
2 3 34 37 0 
2 3 33 38 0 
2 3 12 39 0 
2 3 11 40 0 
2 3 8 41 0 
2 3 7 42 0 
2 3 2 43 0 
2 3 1 44 0 
1 1 0 
1 1 0 
1 1 0 
2 3 47 48 0 
1 1 0 
1 1 0 
1 1 0 
1 1 0 
1 1 0 
2 3 53 54 0 
1 1 0 
2 3 55 56 0 
2 3 52 57 0 
2 3 51 58 0 
2 3 50 59 0 
2 3 49 60 0 
2 3 46 61 0 
2 3 45 62 0 
1 1 0 
2 3 63 64 0 
3 2 0 65 
3 2 0 63 
3 2 0 45 
3 2 0 1 
3 2 0 44 
3 2 0 2 
3 2 0 43 
3 2 0 7 
3 2 0 3 
3 2 0 6 
3 2 0 4 
3 2 0 5 
3 2 0 42 
3 2 0 8 
3 2 0 41 
3 2 0 11 
3 2 0 9 
3 2 0 10 
3 2 0 40 
3 2 0 12 
3 2 0 39 
3 2 0 33 
3 2 0 31 
3 2 0 29 
3 2 0 25 
3 2 0 23 
3 2 0 19 
3 2 0 17 
3 2 0 13 
3 2 0 16 
3 2 0 14 
3 2 0 15 
3 2 0 18 
3 2 0 22 
3 2 0 20 
3 2 0 21 
3 2 0 24 
3 2 0 28 
3 2 0 26 
3 2 0 27 
3 2 0 30 
3 2 0 32 
3 2 0 38 
3 2 0 34 
3 2 0 37 
3 2 0 35 
3 2 0 36 
3 2 0 62 
3 2 0 46 
3 2 0 61 
3 2 0 49 
3 2 0 47 
3 2 0 48 
3 2 0 60 
3 2 0 50 
3 2 0 59 
3 2 0 51 
3 2 0 58 
3 2 0 52 
3 2 0 57 
3 2 0 55 
3 2 0 53 
3 2 0 54 
3 2 0 56 
3 2 0 64 
1 1 0 
1 1 0 
1 1 0 
1 1 0 
2 3 133 134 0 
2 3 132 135 0 
2 3 131 136 0 
1 1 0 
1 1 0 
2 3 138 139 0 
2 3 137 140 0 
1 1 0 
1 1 0 
1 1 0 
1 1 0 
2 3 144 145 0 
2 3 143 146 0 
1 1 0 
1 1 0 
2 3 148 149 0 
1 1 0 
1 1 0 
2 3 151 152 0 
2 3 150 153 0 
1 1 0 
1 1 0 
1 1 0 
2 3 156 157 0 
1 1 0 
2 3 158 159 0 
1 1 0 
1 1 0 
1 1 0 
1 1 0 
2 3 163 164 0 
2 3 162 165 0 
2 3 161 166 0 
2 3 160 167 0 
2 3 155 168 0 
2 3 154 169 0 
1 1 0 
2 3 170 171 0 
2 3 147 172 0 
2 3 142 173 0 
2 3 141 174 0 
3 2 0 175 
3 2 0 141 
3 2 0 137 
3 2 0 131 
3 2 0 136 
3 2 0 132 
3 2 0 135 
3 2 0 133 
3 2 0 134 
3 2 0 140 
3 2 0 138 
3 2 0 139 
3 2 0 174 
3 2 0 142 
3 2 0 173 
3 2 0 147 
3 2 0 143 
3 2 0 146 
3 2 0 144 
3 2 0 145 
3 2 0 172 
3 2 0 170 
3 2 0 154 
3 2 0 150 
3 2 0 148 
3 2 0 149 
3 2 0 153 
3 2 0 151 
3 2 0 152 
3 2 0 169 
3 2 0 155 
3 2 0 168 
3 2 0 160 
3 2 0 158 
3 2 0 156 
3 2 0 157 
3 2 0 159 
3 2 0 167 
3 2 0 161 
3 2 0 166 
3 2 0 162 
3 2 0 165 
3 2 0 163 
3 2 0 164 
3 2 0 171 
1 1 0 
1 1 0 
1 1 0 
2 3 222 223 0 
2 3 221 224 0 
1 1 0 
1 1 0 
2 3 226 227 0 
2 3 225 228 0 
1 1 0 
1 1 0 
1 1 0 
2 3 231 232 0 
1 1 0 
2 3 233 234 0 
1 1 0 
1 1 0 
2 3 236 237 0 
2 3 235 238 0 
2 3 230 239 0 
2 3 229 240 0 
1 1 0 
1 1 0 
1 1 0 
1 1 0 
2 3 244 245 0 
2 3 243 246 0 
2 3 242 247 0 
1 1 0 
2 3 248 249 0 
1 1 0 
2 3 250 251 0 
2 3 241 252 0 
3 2 0 253 
3 2 0 241 
3 2 0 229 
3 2 0 225 
3 2 0 221 
3 2 0 224 
3 2 0 222 
3 2 0 223 
3 2 0 228 
3 2 0 226 
3 2 0 227 
3 2 0 240 
3 2 0 230 
3 2 0 239 
3 2 0 235 
3 2 0 233 
3 2 0 231 
3 2 0 232 
3 2 0 234 
3 2 0 238 
3 2 0 236 
3 2 0 237 
3 2 0 252 
3 2 0 250 
3 2 0 248 
3 2 0 242 
3 2 0 247 
3 2 0 243 
3 2 0 246 
3 2 0 244 
3 2 0 245 
3 2 0 249 
3 2 0 251 
1 1 0 
1 1 0 
1 1 0 
1 1 0 
1 1 0 
1 1 0 
1 1 0 
1 1 0 
2 3 293 294 0 
2 3 292 295 0 
1 1 0 
1 1 0 
1 1 0 
2 3 298 299 0 
2 3 297 300 0 
2 3 296 301 0 
2 3 291 302 0 
1 1 0 
1 1 0 
1 1 0 
1 1 0 
1 1 0 
1 1 0 
1 1 0 
1 1 0 
1 1 0 
1 1 0 
2 3 312 313 0 
2 3 311 314 0 
1 1 0 
1 1 0 
1 1 0 
1 1 0 
2 3 318 319 0 
2 3 317 320 0 
1 1 0 
2 3 321 322 0 
2 3 316 323 0 
2 3 315 324 0 
2 3 310 325 0 
2 3 309 326 0 
2 3 308 327 0 
1 1 0 
1 1 0 
1 1 0 
2 3 330 331 0 
1 1 0 
2 3 332 333 0 
2 3 329 334 0 
2 3 328 335 0 
2 3 307 336 0 
2 3 306 337 0 
2 3 305 338 0 
2 3 304 339 0 
2 3 303 340 0 
2 3 290 341 0 
2 3 289 342 0 
2 3 288 343 0 
2 3 287 344 0 
1 1 0 
2 3 345 346 0 
3 2 0 347 
3 2 0 345 
3 2 0 287 
3 2 0 344 
3 2 0 288 
3 2 0 343 
3 2 0 289 
3 2 0 342 
3 2 0 290 
3 2 0 341 
3 2 0 303 
3 2 0 291 
3 2 0 302 
3 2 0 296 
3 2 0 292 
3 2 0 295 
3 2 0 293 
3 2 0 294 
3 2 0 301 
3 2 0 297 
3 2 0 300 
3 2 0 298 
3 2 0 299 
3 2 0 340 
3 2 0 304 
3 2 0 339 
3 2 0 305 
3 2 0 338 
3 2 0 306 
3 2 0 337 
3 2 0 307 
3 2 0 336 
3 2 0 328 
3 2 0 308 
3 2 0 327 
3 2 0 309 
3 2 0 326 
3 2 0 310 
3 2 0 325 
3 2 0 315 
3 2 0 311 
3 2 0 314 
3 2 0 312 
3 2 0 313 
3 2 0 324 
3 2 0 316 
3 2 0 323 
3 2 0 321 
3 2 0 317 
3 2 0 320 
3 2 0 318 
3 2 0 319 
3 2 0 322 
3 2 0 335 
3 2 0 329 
3 2 0 334 
3 2 0 332 
3 2 0 330 
3 2 0 331 
3 2 0 333 
3 2 0 346 
1 1 0 
1 1 0 
1 1 0 
1 1 0 
2 3 411 412 0 
2 3 410 413 0 
1 1 0 
1 1 0 
2 3 415 416 0 
2 3 414 417 0 
2 3 409 418 0 
1 1 0 
1 1 0 
1 1 0 
2 3 421 422 0 
1 1 0 
1 1 0 
1 1 0 
2 3 425 426 0 
1 1 0 
2 3 427 428 0 
1 1 0 
1 1 0 
2 3 430 431 0 
2 3 429 432 0 
1 1 0 
2 3 433 434 0 
1 1 0 
1 1 0 
2 3 436 437 0 
2 3 435 438 0 
2 3 424 439 0 
1 1 0 
2 3 440 441 0 
2 3 423 442 0 
2 3 420 443 0 
2 3 419 444 0 
3 2 0 445 
3 2 0 419 
3 2 0 409 
3 2 0 418 
3 2 0 414 
3 2 0 410 
3 2 0 413 
3 2 0 411 
3 2 0 412 
3 2 0 417 
3 2 0 415 
3 2 0 416 
3 2 0 444 
3 2 0 420 
3 2 0 443 
3 2 0 423 
3 2 0 421 
3 2 0 422 
3 2 0 442 
3 2 0 440 
3 2 0 424 
3 2 0 439 
3 2 0 435 
3 2 0 433 
3 2 0 429 
3 2 0 427 
3 2 0 425 
3 2 0 426 
3 2 0 428 
3 2 0 432 
3 2 0 430 
3 2 0 431 
3 2 0 434 
3 2 0 438 
3 2 0 436 
3 2 0 437 
3 2 0 441 
1 1 0 
1 1 0 
2 3 483 484 0 
1 1 0 
2 3 485 486 0 
1 1 0 
2 3 487 488 0 
1 1 0 
1 1 0 
2 3 490 491 0 
1 1 0 
2 3 492 493 0 
2 3 489 494 0 
3 2 0 495 
3 2 0 489 
3 2 0 487 
3 2 0 485 
3 2 0 483 
3 2 0 484 
3 2 0 486 
3 2 0 488 
3 2 0 494 
3 2 0 492 
3 2 0 490 
3 2 0 491 
3 2 0 493 
1 1 0 
1 1 0 
1 1 0 
1 1 0 
1 1 0 
1 1 0 
1 1 0 
1 1 0 
2 3 515 516 0 
2 3 514 517 0 
2 3 513 518 0 
2 3 512 519 0 
2 3 511 520 0 
2 3 510 521 0 
1 1 0 
2 3 522 523 0 
2 3 509 524 0 
1 1 0 
2 3 525 526 0 
3 2 0 527 
3 2 0 525 
3 2 0 509 
3 2 0 524 
3 2 0 522 
3 2 0 510 
3 2 0 521 
3 2 0 511 
3 2 0 520 
3 2 0 512 
3 2 0 519 
3 2 0 513 
3 2 0 518 
3 2 0 514 
3 2 0 517 
3 2 0 515 
3 2 0 516 
3 2 0 523 
3 2 0 526 
1 1 0 
1 1 0 
2 3 547 548 0 
1 1 0 
1 1 0 
1 1 0 
1 1 0 
1 1 0 
2 3 553 554 0 
1 1 0 
2 3 555 556 0 
1 1 0 
2 3 557 558 0 
1 1 0 
1 1 0 
1 1 0 
2 3 561 562 0 
2 3 560 563 0 
2 3 559 564 0 
2 3 552 565 0 
2 3 551 566 0 
2 3 550 567 0 
1 1 0 
2 3 568 569 0 
1 1 0 
1 1 0 
1 1 0 
2 3 572 573 0 
2 3 571 574 0 
1 1 0 
2 3 575 576 0 
2 3 570 577 0 
2 3 549 578 0 
3 2 0 579 
3 2 0 549 
3 2 0 547 
3 2 0 548 
3 2 0 578 
3 2 0 570 
3 2 0 568 
3 2 0 550 
3 2 0 567 
3 2 0 551 
3 2 0 566 
3 2 0 552 
3 2 0 565 
3 2 0 559 
3 2 0 557 
3 2 0 555 
3 2 0 553 
3 2 0 554 
3 2 0 556 
3 2 0 558 
3 2 0 564 
3 2 0 560 
3 2 0 563 
3 2 0 561 
3 2 0 562 
3 2 0 569 
3 2 0 577 
3 2 0 575 
3 2 0 571 
3 2 0 574 
3 2 0 572 
3 2 0 573 
3 2 0 576 
1 1 0 
1 1 0 
1 1 0 
2 3 614 615 0 
1 1 0 
1 1 0 
2 3 617 618 0 
2 3 616 619 0 
2 3 613 620 0 
1 1 0 
1 1 0 
1 1 0 
2 3 623 624 0 
2 3 622 625 0 
2 3 621 626 0 
1 1 0 
1 1 0 
1 1 0 
2 3 629 630 0 
1 1 0 
1 1 0 
1 1 0 
2 3 633 634 0 
2 3 632 635 0 
2 3 631 636 0 
2 3 628 637 0 
2 3 627 638 0 
1 1 0 
2 3 639 640 0 
3 2 0 641 
3 2 0 639 
3 2 0 627 
3 2 0 621 
3 2 0 613 
3 2 0 620 
3 2 0 616 
3 2 0 614 
3 2 0 615 
3 2 0 619 
3 2 0 617 
3 2 0 618 
3 2 0 626 
3 2 0 622 
3 2 0 625 
3 2 0 623 
3 2 0 624 
3 2 0 638 
3 2 0 628 
3 2 0 637 
3 2 0 631 
3 2 0 629 
3 2 0 630 
3 2 0 636 
3 2 0 632 
3 2 0 635 
3 2 0 633 
3 2 0 634 
3 2 0 640 
1 1 0 
1 1 0 
2 3 671 672 0 
1 1 0 
1 1 0 
1 1 0 
2 3 675 676 0 
2 3 674 677 0 
1 1 0 
1 1 0 
1 1 0 
2 3 680 681 0 
1 1 0 
1 1 0 
1 1 0 
2 3 684 685 0 
1 1 0 
1 1 0 
1 1 0 
1 1 0 
2 3 689 690 0 
2 3 688 691 0 
2 3 687 692 0 
2 3 686 693 0 
2 3 683 694 0 
2 3 682 695 0 
1 1 0 
2 3 696 697 0 
1 1 0 
1 1 0 
2 3 699 700 0 
1 1 0 
1 1 0 
1 1 0 
1 1 0 
1 1 0 
1 1 0 
2 3 706 707 0 
2 3 705 708 0 
2 3 704 709 0 
2 3 703 710 0 
1 1 0 
1 1 0 
2 3 712 713 0 
2 3 711 714 0 
2 3 702 715 0 
2 3 701 716 0 
2 3 698 717 0 
2 3 679 718 0 
2 3 678 719 0 
1 1 0 
2 3 720 721 0 
2 3 673 722 0 
3 2 0 723 
3 2 0 673 
3 2 0 671 
3 2 0 672 
3 2 0 722 
3 2 0 720 
3 2 0 678 
3 2 0 674 
3 2 0 677 
3 2 0 675 
3 2 0 676 
3 2 0 719 
3 2 0 679 
3 2 0 718 
3 2 0 698 
3 2 0 696 
3 2 0 682 
3 2 0 680 
3 2 0 681 
3 2 0 695 
3 2 0 683 
3 2 0 694 
3 2 0 686 
3 2 0 684 
3 2 0 685 
3 2 0 693 
3 2 0 687 
3 2 0 692 
3 2 0 688 
3 2 0 691 
3 2 0 689 
3 2 0 690 
3 2 0 697 
3 2 0 717 
3 2 0 701 
3 2 0 699 
3 2 0 700 
3 2 0 716 
3 2 0 702 
3 2 0 715 
3 2 0 711 
3 2 0 703 
3 2 0 710 
3 2 0 704 
3 2 0 709 
3 2 0 705 
3 2 0 708 
3 2 0 706 
3 2 0 707 
3 2 0 714 
3 2 0 712 
3 2 0 713 
3 2 0 721 
1 1 0 
1 1 0 
1 1 0 
1 1 0 
1 1 0 
2 3 780 781 0 
1 1 0 
2 3 782 783 0 
2 3 779 784 0 
1 1 0 
1 1 0 
1 1 0 
1 1 0 
1 1 0 
2 3 789 790 0 
2 3 788 791 0 
2 3 787 792 0 
1 1 0 
1 1 0 
1 1 0 
1 1 0 
2 3 796 797 0 
2 3 795 798 0 
1 1 0 
1 1 0 
1 1 0 
2 3 801 802 0 
1 1 0 
1 1 0 
1 1 0 
1 1 0 
2 3 806 807 0 
2 3 805 808 0 
2 3 804 809 0 
2 3 803 810 0 
2 3 800 811 0 
2 3 799 812 0 
2 3 794 813 0 
2 3 793 814 0 
2 3 786 815 0 
2 3 785 816 0 
2 3 778 817 0 
1 1 0 
2 3 818 819 0 
2 3 777 820 0 
3 2 0 821 
3 2 0 777 
3 2 0 820 
3 2 0 818 
3 2 0 778 
3 2 0 817 
3 2 0 785 
3 2 0 779 
3 2 0 784 
3 2 0 782 
3 2 0 780 
3 2 0 781 
3 2 0 783 
3 2 0 816 
3 2 0 786 
3 2 0 815 
3 2 0 793 
3 2 0 787 
3 2 0 792 
3 2 0 788 
3 2 0 791 
3 2 0 789 
3 2 0 790 
3 2 0 814 
3 2 0 794 
3 2 0 813 
3 2 0 799 
3 2 0 795 
3 2 0 798 
3 2 0 796 
3 2 0 797 
3 2 0 812 
3 2 0 800 
3 2 0 811 
3 2 0 803 
3 2 0 801 
3 2 0 802 
3 2 0 810 
3 2 0 804 
3 2 0 809 
3 2 0 805 
3 2 0 808 
3 2 0 806 
3 2 0 807 
3 2 0 819 
1 1 0 
1 1 0 
1 1 0 
2 3 868 869 0 
2 3 867 870 0 
1 1 0 
2 3 871 872 0 
1 1 0 
1 1 0 
1 1 0 
2 3 875 876 0 
2 3 874 877 0 
1 1 0 
1 1 0 
1 1 0 
2 3 880 881 0 
2 3 879 882 0 
2 3 878 883 0 
2 3 873 884 0 
1 1 0 
2 3 885 886 0 
1 1 0 
1 1 0 
1 1 0 
1 1 0 
2 3 890 891 0 
1 1 0 
1 1 0 
1 1 0 
2 3 894 895 0 
1 1 0 
1 1 0 
2 3 897 898 0 
2 3 896 899 0 
2 3 893 900 0 
2 3 892 901 0 
2 3 889 902 0 
2 3 888 903 0 
1 1 0 
2 3 904 905 0 
2 3 887 906 0 
3 2 0 907 
3 2 0 887 
3 2 0 885 
3 2 0 873 
3 2 0 871 
3 2 0 867 
3 2 0 870 
3 2 0 868 
3 2 0 869 
3 2 0 872 
3 2 0 884 
3 2 0 878 
3 2 0 874 
3 2 0 877 
3 2 0 875 
3 2 0 876 
3 2 0 883 
3 2 0 879 
3 2 0 882 
3 2 0 880 
3 2 0 881 
3 2 0 886 
3 2 0 906 
3 2 0 904 
3 2 0 888 
3 2 0 903 
3 2 0 889 
3 2 0 902 
3 2 0 892 
3 2 0 890 
3 2 0 891 
3 2 0 901 
3 2 0 893 
3 2 0 900 
3 2 0 896 
3 2 0 894 
3 2 0 895 
3 2 0 899 
3 2 0 897 
3 2 0 898 
3 2 0 905 
1 1 0 
1 1 0 
1 1 0 
1 1 0 
1 1 0 
1 1 0 
1 1 0 
2 3 954 955 0 
2 3 953 956 0 
2 3 952 957 0 
2 3 951 958 0 
1 1 0 
2 3 959 960 0 
2 3 950 961 0 
2 3 949 962 0 
3 2 0 963 
3 2 0 949 
3 2 0 962 
3 2 0 950 
3 2 0 961 
3 2 0 959 
3 2 0 951 
3 2 0 958 
3 2 0 952 
3 2 0 957 
3 2 0 953 
3 2 0 956 
3 2 0 954 
3 2 0 955 
3 2 0 960 
1 1 0 
1 1 0 
2 3 979 980 0 
1 1 0 
1 1 0 
1 1 0 
1 1 0 
2 3 984 985 0 
1 1 0 
2 3 986 987 0 
2 3 983 988 0 
2 3 982 989 0 
2 3 981 990 0 
1 1 0 
1 1 0 
1 1 0 
1 1 0 
2 3 994 995 0 
2 3 993 996 0 
1 1 0 
2 3 997 998 0 
2 3 992 999 0 
1 1 0 
2 3 1000 1001 0 
2 3 991 1002 0 
3 2 0 1003 
3 2 0 991 
3 2 0 981 
3 2 0 979 
3 2 0 980 
3 2 0 990 
3 2 0 982 
3 2 0 989 
3 2 0 983 
3 2 0 988 
3 2 0 986 
3 2 0 984 
3 2 0 985 
3 2 0 987 
3 2 0 1002 
3 2 0 1000 
3 2 0 992 
3 2 0 999 
3 2 0 997 
3 2 0 993 
3 2 0 996 
3 2 0 994 
3 2 0 995 
3 2 0 998 
3 2 0 1001 
1 1 0 
1 1 0 
1 1 0 
1 1 0 
2 3 1031 1032 0 
2 3 1030 1033 0 
1 1 0 
2 3 1034 1035 0 
1 1 0 
1 1 0 
1 1 0 
2 3 1038 1039 0 
2 3 1037 1040 0 
2 3 1036 1041 0 
2 3 1029 1042 0 
1 1 0 
2 3 1043 1044 0 
1 1 0 
2 3 1045 1046 0 
1 1 0 
1 1 0 
1 1 0 
1 1 0 
2 3 1050 1051 0 
1 1 0 
2 3 1052 1053 0 
1 1 0 
2 3 1054 1055 0 
1 1 0 
1 1 0 
1 1 0 
1 1 0 
2 3 1059 1060 0 
2 3 1058 1061 0 
2 3 1057 1062 0 
2 3 1056 1063 0 
2 3 1049 1064 0 
2 3 1048 1065 0 
2 3 1047 1066 0 
1 1 0 
2 3 1067 1068 0 
3 2 0 1069 
3 2 0 1067 
3 2 0 1047 
3 2 0 1045 
3 2 0 1043 
3 2 0 1029 
3 2 0 1042 
3 2 0 1036 
3 2 0 1034 
3 2 0 1030 
3 2 0 1033 
3 2 0 1031 
3 2 0 1032 
3 2 0 1035 
3 2 0 1041 
3 2 0 1037 
3 2 0 1040 
3 2 0 1038 
3 2 0 1039 
3 2 0 1044 
3 2 0 1046 
3 2 0 1066 
3 2 0 1048 
3 2 0 1065 
3 2 0 1049 
3 2 0 1064 
3 2 0 1056 
3 2 0 1054 
3 2 0 1052 
3 2 0 1050 
3 2 0 1051 
3 2 0 1053 
3 2 0 1055 
3 2 0 1063 
3 2 0 1057 
3 2 0 1062 
3 2 0 1058 
3 2 0 1061 
3 2 0 1059 
3 2 0 1060 
3 2 0 1068 
1 1 0 
1 1 0 
1 1 0 
1 1 0 
2 3 1113 1114 0 
2 3 1112 1115 0 
2 3 1111 1116 0 
1 1 0 
1 1 0 
1 1 0 
1 1 0 
2 3 1120 1121 0 
2 3 1119 1122 0 
1 1 0 
1 1 0 
1 1 0 
1 1 0 
2 3 1126 1127 0 
2 3 1125 1128 0 
2 3 1124 1129 0 
1 1 0 
2 3 1130 1131 0 
2 3 1123 1132 0 
2 3 1118 1133 0 
2 3 1117 1134 0 
3 2 0 1135 
3 2 0 1117 
3 2 0 1111 
3 2 0 1116 
3 2 0 1112 
3 2 0 1115 
3 2 0 1113 
3 2 0 1114 
3 2 0 1134 
3 2 0 1118 
3 2 0 1133 
3 2 0 1123 
3 2 0 1119 
3 2 0 1122 
3 2 0 1120 
3 2 0 1121 
3 2 0 1132 
3 2 0 1130 
3 2 0 1124 
3 2 0 1129 
3 2 0 1125 
3 2 0 1128 
3 2 0 1126 
3 2 0 1127 
3 2 0 1131 
1 1 0 
1 1 0 
1 1 0 
1 1 0 
2 3 1163 1164 0 
1 1 0 
1 1 0 
1 1 0 
2 3 1167 1168 0 
2 3 1166 1169 0 
2 3 1165 1170 0 
2 3 1162 1171 0 
2 3 1161 1172 0 
1 1 0 
1 1 0 
1 1 0 
1 1 0 
1 1 0 
1 1 0 
2 3 1178 1179 0 
1 1 0 
1 1 0 
1 1 0 
2 3 1182 1183 0 
1 1 0 
2 3 1184 1185 0 
2 3 1181 1186 0 
2 3 1180 1187 0 
2 3 1177 1188 0 
1 1 0 
1 1 0 
2 3 1190 1191 0 
2 3 1189 1192 0 
2 3 1176 1193 0 
2 3 1175 1194 0 
1 1 0 
1 1 0 
1 1 0 
1 1 0 
1 1 0 
1 1 0 
2 3 1200 1201 0 
2 3 1199 1202 0 
2 3 1198 1203 0 
2 3 1197 1204 0 
2 3 1196 1205 0 
2 3 1195 1206 0 
2 3 1174 1207 0 
1 1 0 
2 3 1208 1209 0 
2 3 1173 1210 0 
3 2 0 1211 
3 2 0 1173 
3 2 0 1161 
3 2 0 1172 
3 2 0 1162 
3 2 0 1171 
3 2 0 1165 
3 2 0 1163 
3 2 0 1164 
3 2 0 1170 
3 2 0 1166 
3 2 0 1169 
3 2 0 1167 
3 2 0 1168 
3 2 0 1210 
3 2 0 1208 
3 2 0 1174 
3 2 0 1207 
3 2 0 1195 
3 2 0 1175 
3 2 0 1194 
3 2 0 1176 
3 2 0 1193 
3 2 0 1189 
3 2 0 1177 
3 2 0 1188 
3 2 0 1180 
3 2 0 1178 
3 2 0 1179 
3 2 0 1187 
3 2 0 1181 
3 2 0 1186 
3 2 0 1184 
3 2 0 1182 
3 2 0 1183 
3 2 0 1185 
3 2 0 1192 
3 2 0 1190 
3 2 0 1191 
3 2 0 1206 
3 2 0 1196 
3 2 0 1205 
3 2 0 1197 
3 2 0 1204 
3 2 0 1198 
3 2 0 1203 
3 2 0 1199 
3 2 0 1202 
3 2 0 1200 
3 2 0 1201 
3 2 0 1209 
1 1 0 
1 1 0 
2 3 1263 1264 0 
1 1 0 
1 1 0 
1 1 0 
2 3 1267 1268 0 
1 1 0 
1 1 0 
2 3 1270 1271 0 
2 3 1269 1272 0 
1 1 0 
2 3 1273 1274 0 
1 1 0 
1 1 0 
1 1 0 
1 1 0 
2 3 1278 1279 0 
1 1 0 
2 3 1280 1281 0 
2 3 1277 1282 0 
1 1 0 
1 1 0 
1 1 0 
2 3 1285 1286 0 
1 1 0 
1 1 0 
1 1 0 
2 3 1289 1290 0 
2 3 1288 1291 0 
2 3 1287 1292 0 
2 3 1284 1293 0 
2 3 1283 1294 0 
2 3 1276 1295 0 
2 3 1275 1296 0 
2 3 1266 1297 0 
1 1 0 
2 3 1298 1299 0 
2 3 1265 1300 0 
3 2 0 1301 
3 2 0 1265 
3 2 0 1263 
3 2 0 1264 
3 2 0 1300 
3 2 0 1298 
3 2 0 1266 
3 2 0 1297 
3 2 0 1275 
3 2 0 1273 
3 2 0 1269 
3 2 0 1267 
3 2 0 1268 
3 2 0 1272 
3 2 0 1270 
3 2 0 1271 
3 2 0 1274 
3 2 0 1296 
3 2 0 1276 
3 2 0 1295 
3 2 0 1283 
3 2 0 1277 
3 2 0 1282 
3 2 0 1280 
3 2 0 1278 
3 2 0 1279 
3 2 0 1281 
3 2 0 1294 
3 2 0 1284 
3 2 0 1293 
3 2 0 1287 
3 2 0 1285 
3 2 0 1286 
3 2 0 1292 
3 2 0 1288 
3 2 0 1291 
3 2 0 1289 
3 2 0 1290 
3 2 0 1299 
1 1 0 
1 1 0 
1 1 0 
2 3 1342 1343 0 
1 1 0 
1 1 0 
2 3 1345 1346 0 
2 3 1344 1347 0 
2 3 1341 1348 0 
1 1 0 
1 1 0 
1 1 0 
1 1 0 
2 3 1352 1353 0 
2 3 1351 1354 0 
1 1 0 
2 3 1355 1356 0 
1 1 0 
1 1 0 
2 3 1358 1359 0 
2 3 1357 1360 0 
2 3 1350 1361 0 
2 3 1349 1362 0 
1 1 0 
1 1 0 
1 1 0 
1 1 0 
1 1 0 
1 1 0 
1 1 0 
2 3 1369 1370 0 
2 3 1368 1371 0 
2 3 1367 1372 0 
2 3 1366 1373 0 
2 3 1365 1374 0 
2 3 1364 1375 0 
1 1 0 
2 3 1376 1377 0 
2 3 1363 1378 0 
3 2 0 1379 
3 2 0 1363 
3 2 0 1349 
3 2 0 1341 
3 2 0 1348 
3 2 0 1344 
3 2 0 1342 
3 2 0 1343 
3 2 0 1347 
3 2 0 1345 
3 2 0 1346 
3 2 0 1362 
3 2 0 1350 
3 2 0 1361 
3 2 0 1357 
3 2 0 1355 
3 2 0 1351 
3 2 0 1354 
3 2 0 1352 
3 2 0 1353 
3 2 0 1356 
3 2 0 1360 
3 2 0 1358 
3 2 0 1359 
3 2 0 1378 
3 2 0 1376 
3 2 0 1364 
3 2 0 1375 
3 2 0 1365 
3 2 0 1374 
3 2 0 1366 
3 2 0 1373 
3 2 0 1367 
3 2 0 1372 
3 2 0 1368 
3 2 0 1371 
3 2 0 1369 
3 2 0 1370 
3 2 0 1377 
1 1 0 
1 1 0 
1 1 0 
1 1 0 
1 1 0 
1 1 0 
1 1 0 
1 1 0 
2 3 1425 1426 0 
1 1 0 
2 3 1427 1428 0 
2 3 1424 1429 0 
2 3 1423 1430 0 
2 3 1422 1431 0 
2 3 1421 1432 0 
2 3 1420 1433 0 
2 3 1419 1434 0 
1 1 0 
2 3 1435 1436 0 
3 2 0 1437 
3 2 0 1435 
3 2 0 1419 
3 2 0 1434 
3 2 0 1420 
3 2 0 1433 
3 2 0 1421 
3 2 0 1432 
3 2 0 1422 
3 2 0 1431 
3 2 0 1423 
3 2 0 1430 
3 2 0 1424 
3 2 0 1429 
3 2 0 1427 
3 2 0 1425 
3 2 0 1426 
3 2 0 1428 
3 2 0 1436 
1 1 0 
1 1 0 
1 1 0 
2 3 1458 1459 0 
1 1 0 
1 1 0 
2 3 1461 1462 0 
2 3 1460 1463 0 
1 1 0 
2 3 1464 1465 0 
2 3 1457 1466 0 
3 2 0 1467 
3 2 0 1457 
3 2 0 1466 
3 2 0 1464 
3 2 0 1460 
3 2 0 1458 
3 2 0 1459 
3 2 0 1463 
3 2 0 1461 
3 2 0 1462 
3 2 0 1465 
1 1 0 
1 1 0 
2 3 1479 1480 0 
1 1 0 
1 1 0 
2 3 1482 1483 0 
1 1 0 
1 1 0 
1 1 0 
2 3 1486 1487 0 
2 3 1485 1488 0 
2 3 1484 1489 0 
2 3 1481 1490 0 
1 1 0 
2 3 1491 1492 0 
3 2 0 1493 
3 2 0 1491 
3 2 0 1481 
3 2 0 1479 
3 2 0 1480 
3 2 0 1490 
3 2 0 1484 
3 2 0 1482 
3 2 0 1483 
3 2 0 1489 
3 2 0 1485 
3 2 0 1488 
3 2 0 1486 
3 2 0 1487 
3 2 0 1492 
1 1 0 
1 1 0 
1 1 0 
2 3 1510 1511 0 
2 3 1509 1512 0 
1 1 0 
1 1 0 
1 1 0 
1 1 0 
1 1 0 
2 3 1517 1518 0 
1 1 0 
2 3 1519 1520 0 
2 3 1516 1521 0 
2 3 1515 1522 0 
2 3 1514 1523 0 
1 1 0 
1 1 0 
1 1 0 
2 3 1526 1527 0 
1 1 0 
2 3 1528 1529 0 
1 1 0 
2 3 1530 1531 0 
2 3 1525 1532 0 
2 3 1524 1533 0 
1 1 0 
2 3 1534 1535 0 
2 3 1513 1536 0 
3 2 0 1537 
3 2 0 1513 
3 2 0 1509 
3 2 0 1512 
3 2 0 1510 
3 2 0 1511 
3 2 0 1536 
3 2 0 1534 
3 2 0 1524 
3 2 0 1514 
3 2 0 1523 
3 2 0 1515 
3 2 0 1522 
3 2 0 1516 
3 2 0 1521 
3 2 0 1519 
3 2 0 1517 
3 2 0 1518 
3 2 0 1520 
3 2 0 1533 
3 2 0 1525 
3 2 0 1532 
3 2 0 1530 
3 2 0 1528 
3 2 0 1526 
3 2 0 1527 
3 2 0 1529 
3 2 0 1531 
3 2 0 1535 
1 1 0 
1 1 0 
1 1 0 
1 1 0 
1 1 0 
2 3 1570 1571 0 
2 3 1569 1572 0 
1 1 0 
1 1 0 
1 1 0 
1 1 0 
2 3 1576 1577 0 
2 3 1575 1578 0 
2 3 1574 1579 0 
2 3 1573 1580 0 
2 3 1568 1581 0 
1 1 0 
2 3 1582 1583 0 
2 3 1567 1584 0 
3 2 0 1585 
3 2 0 1567 
3 2 0 1584 
3 2 0 1582 
3 2 0 1568 
3 2 0 1581 
3 2 0 1573 
3 2 0 1569 
3 2 0 1572 
3 2 0 1570 
3 2 0 1571 
3 2 0 1580 
3 2 0 1574 
3 2 0 1579 
3 2 0 1575 
3 2 0 1578 
3 2 0 1576 
3 2 0 1577 
3 2 0 1583 
1 1 0 
1 1 0 
1 1 0 
1 1 0 
2 3 1607 1608 0 
2 3 1606 1609 0 
1 1 0 
2 3 1610 1611 0 
1 1 0 
1 1 0 
1 1 0 
2 3 1614 1615 0 
2 3 1613 1616 0 
2 3 1612 1617 0 
1 1 0 
1 1 0 
2 3 1619 1620 0 
2 3 1618 1621 0 
1 1 0 
1 1 0 
1 1 0 
1 1 0 
1 1 0 
1 1 0 
2 3 1627 1628 0 
1 1 0 
2 3 1629 1630 0 
2 3 1626 1631 0 
1 1 0 
2 3 1632 1633 0 
2 3 1625 1634 0 
2 3 1624 1635 0 
2 3 1623 1636 0 
1 1 0 
2 3 1637 1638 0 
2 3 1622 1639 0 
2 3 1605 1640 0 
3 2 0 1641 
3 2 0 1605 
3 2 0 1640 
3 2 0 1622 
3 2 0 1618 
3 2 0 1612 
3 2 0 1610 
3 2 0 1606 
3 2 0 1609 
3 2 0 1607 
3 2 0 1608 
3 2 0 1611 
3 2 0 1617 
3 2 0 1613 
3 2 0 1616 
3 2 0 1614 
3 2 0 1615 
3 2 0 1621 
3 2 0 1619 
3 2 0 1620 
3 2 0 1639 
3 2 0 1637 
3 2 0 1623 
3 2 0 1636 
3 2 0 1624 
3 2 0 1635 
3 2 0 1625 
3 2 0 1634 
3 2 0 1632 
3 2 0 1626 
3 2 0 1631 
3 2 0 1629 
3 2 0 1627 
3 2 0 1628 
3 2 0 1630 
3 2 0 1633 
3 2 0 1638 
1 1 0 
1 1 0 
2 3 1679 1680 0 
1 1 0 
1 1 0 
2 3 1682 1683 0 
1 1 0 
1 1 0 
1 1 0 
1 1 0 
1 1 0 
1 1 0 
2 3 1689 1690 0 
2 3 1688 1691 0 
1 1 0 
1 1 0 
1 1 0 
2 3 1694 1695 0 
2 3 1693 1696 0 
2 3 1692 1697 0 
2 3 1687 1698 0 
2 3 1686 1699 0 
2 3 1685 1700 0 
2 3 1684 1701 0 
1 1 0 
2 3 1702 1703 0 
2 3 1681 1704 0 
3 2 0 1705 
3 2 0 1681 
3 2 0 1679 
3 2 0 1680 
3 2 0 1704 
3 2 0 1702 
3 2 0 1684 
3 2 0 1682 
3 2 0 1683 
3 2 0 1701 
3 2 0 1685 
3 2 0 1700 
3 2 0 1686 
3 2 0 1699 
3 2 0 1687 
3 2 0 1698 
3 2 0 1692 
3 2 0 1688 
3 2 0 1691 
3 2 0 1689 
3 2 0 1690 
3 2 0 1697 
3 2 0 1693 
3 2 0 1696 
3 2 0 1694 
3 2 0 1695 
3 2 0 1703 
1 1 0 
1 1 0 
1 1 0 
2 3 1734 1735 0 
1 1 0 
2 3 1736 1737 0 
1 1 0 
1 1 0 
2 3 1739 1740 0 
2 3 1738 1741 0 
1 1 0 
2 3 1742 1743 0 
1 1 0 
1 1 0 
2 3 1745 1746 0 
2 3 1744 1747 0 
1 1 0 
1 1 0 
1 1 0 
1 1 0 
1 1 0 
1 1 0 
1 1 0 
1 1 0 
2 3 1755 1756 0 
2 3 1754 1757 0 
2 3 1753 1758 0 
2 3 1752 1759 0 
1 1 0 
2 3 1760 1761 0 
1 1 0 
1 1 0 
1 1 0 
2 3 1764 1765 0 
1 1 0 
2 3 1766 1767 0 
2 3 1763 1768 0 
1 1 0 
1 1 0 
2 3 1770 1771 0 
2 3 1769 1772 0 
2 3 1762 1773 0 
2 3 1751 1774 0 
2 3 1750 1775 0 
2 3 1749 1776 0 
2 3 1748 1777 0 
2 3 1733 1778 0 
1 1 0 
1 1 0 
1 1 0 
1 1 0 
1 1 0 
1 1 0 
1 1 0 
1 1 0 
1 1 0 
2 3 1787 1788 0 
2 3 1786 1789 0 
2 3 1785 1790 0 
2 3 1784 1791 0 
2 3 1783 1792 0 
2 3 1782 1793 0 
2 3 1781 1794 0 
2 3 1780 1795 0 
1 1 0 
2 3 1796 1797 0 
2 3 1779 1798 0 
3 2 0 1799 
3 2 0 1779 
3 2 0 1733 
3 2 0 1778 
3 2 0 1748 
3 2 0 1744 
3 2 0 1742 
3 2 0 1738 
3 2 0 1736 
3 2 0 1734 
3 2 0 1735 
3 2 0 1737 
3 2 0 1741 
3 2 0 1739 
3 2 0 1740 
3 2 0 1743 
3 2 0 1747 
3 2 0 1745 
3 2 0 1746 
3 2 0 1777 
3 2 0 1749 
3 2 0 1776 
3 2 0 1750 
3 2 0 1775 
3 2 0 1751 
3 2 0 1774 
3 2 0 1762 
3 2 0 1760 
3 2 0 1752 
3 2 0 1759 
3 2 0 1753 
3 2 0 1758 
3 2 0 1754 
3 2 0 1757 
3 2 0 1755 
3 2 0 1756 
3 2 0 1761 
3 2 0 1773 
3 2 0 1769 
3 2 0 1763 
3 2 0 1768 
3 2 0 1766 
3 2 0 1764 
3 2 0 1765 
3 2 0 1767 
3 2 0 1772 
3 2 0 1770 
3 2 0 1771 
3 2 0 1798 
3 2 0 1796 
3 2 0 1780 
3 2 0 1795 
3 2 0 1781 
3 2 0 1794 
3 2 0 1782 
3 2 0 1793 
3 2 0 1783 
3 2 0 1792 
3 2 0 1784 
3 2 0 1791 
3 2 0 1785 
3 2 0 1790 
3 2 0 1786 
3 2 0 1789 
3 2 0 1787 
3 2 0 1788 
3 2 0 1797 
1 1 0 
1 1 0 
1 1 0 
2 3 1868 1869 0 
2 3 1867 1870 0 
1 1 0 
1 1 0 
1 1 0 
1 1 0 
1 1 0 
2 3 1875 1876 0 
1 1 0 
1 1 0 
1 1 0 
2 3 1879 1880 0 
1 1 0 
1 1 0 
2 3 1882 1883 0 
2 3 1881 1884 0 
2 3 1878 1885 0 
2 3 1877 1886 0 
2 3 1874 1887 0 
2 3 1873 1888 0 
2 3 1872 1889 0 
2 3 1871 1890 0 
1 1 0 
2 3 1891 1892 0 
1 1 0 
2 3 1893 1894 0 
3 2 0 1895 
3 2 0 1893 
3 2 0 1891 
3 2 0 1871 
3 2 0 1867 
3 2 0 1870 
3 2 0 1868 
3 2 0 1869 
3 2 0 1890 
3 2 0 1872 
3 2 0 1889 
3 2 0 1873 
3 2 0 1888 
3 2 0 1874 
3 2 0 1887 
3 2 0 1877 
3 2 0 1875 
3 2 0 1876 
3 2 0 1886 
3 2 0 1878 
3 2 0 1885 
3 2 0 1881 
3 2 0 1879 
3 2 0 1880 
3 2 0 1884 
3 2 0 1882 
3 2 0 1883 
3 2 0 1892 
3 2 0 1894 
1 1 0 
1 1 0 
1 1 0 
2 3 1926 1927 0 
1 1 0 
2 3 1928 1929 0 
1 1 0 
2 3 1930 1931 0 
2 3 1925 1932 0 
1 1 0 
1 1 0 
1 1 0 
2 3 1935 1936 0 
2 3 1934 1937 0 
2 3 1933 1938 0 
1 1 0 
1 1 0 
1 1 0 
1 1 0 
1 1 0 
1 1 0 
1 1 0 
2 3 1945 1946 0 
1 1 0 
1 1 0 
1 1 0 
2 3 1949 1950 0 
2 3 1948 1951 0 
2 3 1947 1952 0 
2 3 1944 1953 0 
2 3 1943 1954 0 
2 3 1942 1955 0 
2 3 1941 1956 0 
2 3 1940 1957 0 
1 1 0 
2 3 1958 1959 0 
2 3 1939 1960 0 
3 2 0 1961 
3 2 0 1939 
3 2 0 1933 
3 2 0 1925 
3 2 0 1932 
3 2 0 1930 
3 2 0 1928 
3 2 0 1926 
3 2 0 1927 
3 2 0 1929 
3 2 0 1931 
3 2 0 1938 
3 2 0 1934 
3 2 0 1937 
3 2 0 1935 
3 2 0 1936 
3 2 0 1960 
3 2 0 1958 
3 2 0 1940 
3 2 0 1957 
3 2 0 1941 
3 2 0 1956 
3 2 0 1942 
3 2 0 1955 
3 2 0 1943 
3 2 0 1954 
3 2 0 1944 
3 2 0 1953 
3 2 0 1947 
3 2 0 1945 
3 2 0 1946 
3 2 0 1952 
3 2 0 1948 
3 2 0 1951 
3 2 0 1949 
3 2 0 1950 
3 2 0 1959 
1 1 0 
1 1 0 
1 1 0 
2 3 2000 2001 0 
1 1 0 
1 1 0 
1 1 0 
1 1 0 
1 1 0 
2 3 2006 2007 0 
1 1 0 
1 1 0 
1 1 0 
1 1 0 
1 1 0 
2 3 2012 2013 0 
2 3 2011 2014 0 
1 1 0 
1 1 0 
1 1 0 
1 1 0 
1 1 0 
2 3 2019 2020 0 
2 3 2018 2021 0 
2 3 2017 2022 0 
2 3 2016 2023 0 
2 3 2015 2024 0 
2 3 2010 2025 0 
2 3 2009 2026 0 
2 3 2008 2027 0 
2 3 2005 2028 0 
2 3 2004 2029 0 
2 3 2003 2030 0 
2 3 2002 2031 0 
1 1 0 
2 3 2032 2033 0 
2 3 1999 2034 0 
3 2 0 2035 
3 2 0 1999 
3 2 0 2034 
3 2 0 2032 
3 2 0 2002 
3 2 0 2000 
3 2 0 2001 
3 2 0 2031 
3 2 0 2003 
3 2 0 2030 
3 2 0 2004 
3 2 0 2029 
3 2 0 2005 
3 2 0 2028 
3 2 0 2008 
3 2 0 2006 
3 2 0 2007 
3 2 0 2027 
3 2 0 2009 
3 2 0 2026 
3 2 0 2010 
3 2 0 2025 
3 2 0 2015 
3 2 0 2011 
3 2 0 2014 
3 2 0 2012 
3 2 0 2013 
3 2 0 2024 
3 2 0 2016 
3 2 0 2023 
3 2 0 2017 
3 2 0 2022 
3 2 0 2018 
3 2 0 2021 
3 2 0 2019 
3 2 0 2020 
3 2 0 2033 
1 1 0 
1 1 0 
1 1 0 
1 1 0 
2 3 2075 2076 0 
2 3 2074 2077 0 
2 3 2073 2078 0 
3 2 0 2079 
3 2 0 2073 
3 2 0 2078 
3 2 0 2074 
3 2 0 2077 
3 2 0 2075 
3 2 0 2076 
1 1 0 
1 1 0 
1 1 0 
2 3 2088 2089 0 
2 3 2087 2090 0 
1 1 0 
1 1 0 
1 1 0 
1 1 0 
2 3 2094 2095 0 
2 3 2093 2096 0 
2 3 2092 2097 0 
2 3 2091 2098 0 
1 1 0 
1 1 0 
1 1 0 
1 1 0 
2 3 2102 2103 0 
1 1 0 
1 1 0 
2 3 2105 2106 0 
1 1 0 
2 3 2107 2108 0 
2 3 2104 2109 0 
2 3 2101 2110 0 
2 3 2100 2111 0 
2 3 2099 2112 0 
1 1 0 
1 1 0 
1 1 0 
2 3 2115 2116 0 
1 1 0 
2 3 2117 2118 0 
2 3 2114 2119 0 
1 1 0 
2 3 2120 2121 0 
2 3 2113 2122 0 
3 2 0 2123 
3 2 0 2113 
3 2 0 2099 
3 2 0 2091 
3 2 0 2087 
3 2 0 2090 
3 2 0 2088 
3 2 0 2089 
3 2 0 2098 
3 2 0 2092 
3 2 0 2097 
3 2 0 2093 
3 2 0 2096 
3 2 0 2094 
3 2 0 2095 
3 2 0 2112 
3 2 0 2100 
3 2 0 2111 
3 2 0 2101 
3 2 0 2110 
3 2 0 2104 
3 2 0 2102 
3 2 0 2103 
3 2 0 2109 
3 2 0 2107 
3 2 0 2105 
3 2 0 2106 
3 2 0 2108 
3 2 0 2122 
3 2 0 2120 
3 2 0 2114 
3 2 0 2119 
3 2 0 2117 
3 2 0 2115 
3 2 0 2116 
3 2 0 2118 
3 2 0 2121 
1 1 0 
1 1 0 
2 3 2161 2162 0 
1 1 0 
2 3 2163 2164 0 
1 1 0 
1 1 0 
1 1 0 
1 1 0 
1 1 0 
2 3 2169 2170 0 
2 3 2168 2171 0 
1 1 0 
1 1 0 
2 3 2173 2174 0 
1 1 0 
1 1 0 
2 3 2176 2177 0 
1 1 0 
1 1 0 
1 1 0 
2 3 2180 2181 0 
1 1 0 
2 3 2182 2183 0 
1 1 0 
2 3 2184 2185 0 
2 3 2179 2186 0 
2 3 2178 2187 0 
2 3 2175 2188 0 
2 3 2172 2189 0 
2 3 2167 2190 0 
2 3 2166 2191 0 
1 1 0 
2 3 2192 2193 0 
2 3 2165 2194 0 
3 2 0 2195 
3 2 0 2165 
3 2 0 2163 
3 2 0 2161 
3 2 0 2162 
3 2 0 2164 
3 2 0 2194 
3 2 0 2192 
3 2 0 2166 
3 2 0 2191 
3 2 0 2167 
3 2 0 2190 
3 2 0 2172 
3 2 0 2168 
3 2 0 2171 
3 2 0 2169 
3 2 0 2170 
3 2 0 2189 
3 2 0 2175 
3 2 0 2173 
3 2 0 2174 
3 2 0 2188 
3 2 0 2178 
3 2 0 2176 
3 2 0 2177 
3 2 0 2187 
3 2 0 2179 
3 2 0 2186 
3 2 0 2184 
3 2 0 2182 
3 2 0 2180 
3 2 0 2181 
3 2 0 2183 
3 2 0 2185 
3 2 0 2193 
1 1 0 
1 1 0 
2 3 2231 2232 0 
1 1 0 
2 3 2233 2234 0 
1 1 0 
2 3 2235 2236 0 
1 1 0 
1 1 0 
2 3 2238 2239 0 
1 1 0 
2 3 2240 2241 0 
2 3 2237 2242 0 
1 1 0 
2 3 2243 2244 0 
1 1 0 
1 1 0 
1 1 0 
1 1 0 
2 3 2248 2249 0 
1 1 0 
2 3 2250 2251 0 
2 3 2247 2252 0 
2 3 2246 2253 0 
1 1 0 
2 3 2254 2255 0 
2 3 2245 2256 0 
3 2 0 2257 
3 2 0 2245 
3 2 0 2243 
3 2 0 2237 
3 2 0 2235 
3 2 0 2233 
3 2 0 2231 
3 2 0 2232 
3 2 0 2234 
3 2 0 2236 
3 2 0 2242 
3 2 0 2240 
3 2 0 2238 
3 2 0 2239 
3 2 0 2241 
3 2 0 2244 
3 2 0 2256 
3 2 0 2254 
3 2 0 2246 
3 2 0 2253 
3 2 0 2247 
3 2 0 2252 
3 2 0 2250 
3 2 0 2248 
3 2 0 2249 
3 2 0 2251 
3 2 0 2255 
1 1 0 
1 1 0 
1 1 0 
2 3 2286 2287 0 
2 3 2285 2288 0 
1 1 0 
1 1 0 
1 1 0 
1 1 0 
2 3 2292 2293 0 
1 1 0 
2 3 2294 2295 0 
2 3 2291 2296 0 
2 3 2290 2297 0 
2 3 2289 2298 0 
1 1 0 
1 1 0 
1 1 0 
1 1 0 
2 3 2302 2303 0 
2 3 2301 2304 0 
1 1 0 
1 1 0 
2 3 2306 2307 0 
2 3 2305 2308 0 
2 3 2300 2309 0 
1 1 0 
2 3 2310 2311 0 
2 3 2299 2312 0 
3 2 0 2313 
3 2 0 2299 
3 2 0 2289 
3 2 0 2285 
3 2 0 2288 
3 2 0 2286 
3 2 0 2287 
3 2 0 2298 
3 2 0 2290 
3 2 0 2297 
3 2 0 2291 
3 2 0 2296 
3 2 0 2294 
3 2 0 2292 
3 2 0 2293 
3 2 0 2295 
3 2 0 2312 
3 2 0 2310 
3 2 0 2300 
3 2 0 2309 
3 2 0 2305 
3 2 0 2301 
3 2 0 2304 
3 2 0 2302 
3 2 0 2303 
3 2 0 2308 
3 2 0 2306 
3 2 0 2307 
3 2 0 2311 
1 1 0 
1 1 0 
1 1 0 
1 1 0 
2 3 2345 2346 0 
1 1 0 
1 1 0 
1 1 0 
1 1 0 
2 3 2350 2351 0 
2 3 2349 2352 0 
2 3 2348 2353 0 
1 1 0 
1 1 0 
1 1 0 
1 1 0 
1 1 0 
1 1 0 
1 1 0 
1 1 0 
2 3 2361 2362 0 
2 3 2360 2363 0 
1 1 0 
1 1 0 
2 3 2365 2366 0 
2 3 2364 2367 0 
2 3 2359 2368 0 
2 3 2358 2369 0 
2 3 2357 2370 0 
2 3 2356 2371 0 
2 3 2355 2372 0 
2 3 2354 2373 0 
2 3 2347 2374 0 
2 3 2344 2375 0 
2 3 2343 2376 0 
1 1 0 
1 1 0 
1 1 0 
1 1 0 
1 1 0 
1 1 0 
1 1 0 
1 1 0 
2 3 2384 2385 0 
2 3 2383 2386 0 
1 1 0 
1 1 0 
1 1 0 
1 1 0 
1 1 0 
2 3 2391 2392 0 
1 1 0 
2 3 2393 2394 0 
2 3 2390 2395 0 
1 1 0 
1 1 0 
1 1 0 
1 1 0 
1 1 0 
2 3 2400 2401 0 
2 3 2399 2402 0 
2 3 2398 2403 0 
2 3 2397 2404 0 
2 3 2396 2405 0 
2 3 2389 2406 0 
2 3 2388 2407 0 
2 3 2387 2408 0 
2 3 2382 2409 0 
2 3 2381 2410 0 
2 3 2380 2411 0 
1 1 0 
2 3 2412 2413 0 
2 3 2379 2414 0 
2 3 2378 2415 0 
2 3 2377 2416 0 
3 2 0 2417 
3 2 0 2377 
3 2 0 2343 
3 2 0 2376 
3 2 0 2344 
3 2 0 2375 
3 2 0 2347 
3 2 0 2345 
3 2 0 2346 
3 2 0 2374 
3 2 0 2354 
3 2 0 2348 
3 2 0 2353 
3 2 0 2349 
3 2 0 2352 
3 2 0 2350 
3 2 0 2351 
3 2 0 2373 
3 2 0 2355 
3 2 0 2372 
3 2 0 2356 
3 2 0 2371 
3 2 0 2357 
3 2 0 2370 
3 2 0 2358 
3 2 0 2369 
3 2 0 2359 
3 2 0 2368 
3 2 0 2364 
3 2 0 2360 
3 2 0 2363 
3 2 0 2361 
3 2 0 2362 
3 2 0 2367 
3 2 0 2365 
3 2 0 2366 
3 2 0 2416 
3 2 0 2378 
3 2 0 2415 
3 2 0 2379 
3 2 0 2414 
3 2 0 2412 
3 2 0 2380 
3 2 0 2411 
3 2 0 2381 
3 2 0 2410 
3 2 0 2382 
3 2 0 2409 
3 2 0 2387 
3 2 0 2383 
3 2 0 2386 
3 2 0 2384 
3 2 0 2385 
3 2 0 2408 
3 2 0 2388 
3 2 0 2407 
3 2 0 2389 
3 2 0 2406 
3 2 0 2396 
3 2 0 2390 
3 2 0 2395 
3 2 0 2393 
3 2 0 2391 
3 2 0 2392 
3 2 0 2394 
3 2 0 2405 
3 2 0 2397 
3 2 0 2404 
3 2 0 2398 
3 2 0 2403 
3 2 0 2399 
3 2 0 2402 
3 2 0 2400 
3 2 0 2401 
3 2 0 2413 
1 1 0 
1 1 0 
1 1 0 
1 1 0 
2 3 2495 2496 0 
2 3 2494 2497 0 
1 1 0 
1 1 0 
1 1 0 
2 3 2500 2501 0 
2 3 2499 2502 0 
2 3 2498 2503 0 
2 3 2493 2504 0 
1 1 0 
1 1 0 
1 1 0 
1 1 0 
1 1 0 
1 1 0 
1 1 0 
2 3 2511 2512 0 
2 3 2510 2513 0 
2 3 2509 2514 0 
2 3 2508 2515 0 
2 3 2507 2516 0 
1 1 0 
2 3 2517 2518 0 
1 1 0 
2 3 2519 2520 0 
1 1 0 
1 1 0 
1 1 0 
2 3 2523 2524 0 
2 3 2522 2525 0 
1 1 0 
1 1 0 
1 1 0 
1 1 0 
2 3 2529 2530 0 
2 3 2528 2531 0 
2 3 2527 2532 0 
2 3 2526 2533 0 
2 3 2521 2534 0 
1 1 0 
2 3 2535 2536 0 
2 3 2506 2537 0 
2 3 2505 2538 0 
3 2 0 2539 
3 2 0 2505 
3 2 0 2493 
3 2 0 2504 
3 2 0 2498 
3 2 0 2494 
3 2 0 2497 
3 2 0 2495 
3 2 0 2496 
3 2 0 2503 
3 2 0 2499 
3 2 0 2502 
3 2 0 2500 
3 2 0 2501 
3 2 0 2538 
3 2 0 2506 
3 2 0 2537 
3 2 0 2535 
3 2 0 2521 
3 2 0 2519 
3 2 0 2517 
3 2 0 2507 
3 2 0 2516 
3 2 0 2508 
3 2 0 2515 
3 2 0 2509 
3 2 0 2514 
3 2 0 2510 
3 2 0 2513 
3 2 0 2511 
3 2 0 2512 
3 2 0 2518 
3 2 0 2520 
3 2 0 2534 
3 2 0 2526 
3 2 0 2522 
3 2 0 2525 
3 2 0 2523 
3 2 0 2524 
3 2 0 2533 
3 2 0 2527 
3 2 0 2532 
3 2 0 2528 
3 2 0 2531 
3 2 0 2529 
3 2 0 2530 
3 2 0 2536 
1 1 0 
1 1 0 
2 3 2587 2588 0 
1 1 0 
1 1 0 
1 1 0 
1 1 0 
2 3 2592 2593 0 
2 3 2591 2594 0 
1 1 0 
1 1 0 
2 3 2596 2597 0 
2 3 2595 2598 0 
1 1 0 
1 1 0 
1 1 0 
1 1 0 
2 3 2602 2603 0 
2 3 2601 2604 0 
2 3 2600 2605 0 
2 3 2599 2606 0 
2 3 2590 2607 0 
2 3 2589 2608 0 
1 1 0 
1 1 0 
2 3 2610 2611 0 
1 1 0 
1 1 0 
1 1 0 
1 1 0 
1 1 0 
1 1 0 
1 1 0 
2 3 2618 2619 0 
2 3 2617 2620 0 
2 3 2616 2621 0 
1 1 0 
2 3 2622 2623 0 
1 1 0 
1 1 0 
1 1 0 
1 1 0 
1 1 0 
2 3 2628 2629 0 
2 3 2627 2630 0 
2 3 2626 2631 0 
2 3 2625 2632 0 
2 3 2624 2633 0 
2 3 2615 2634 0 
2 3 2614 2635 0 
2 3 2613 2636 0 
2 3 2612 2637 0 
1 1 0 
2 3 2638 2639 0 
2 3 2609 2640 0 
3 2 0 2641 
3 2 0 2609 
3 2 0 2589 
3 2 0 2587 
3 2 0 2588 
3 2 0 2608 
3 2 0 2590 
3 2 0 2607 
3 2 0 2599 
3 2 0 2595 
3 2 0 2591 
3 2 0 2594 
3 2 0 2592 
3 2 0 2593 
3 2 0 2598 
3 2 0 2596 
3 2 0 2597 
3 2 0 2606 
3 2 0 2600 
3 2 0 2605 
3 2 0 2601 
3 2 0 2604 
3 2 0 2602 
3 2 0 2603 
3 2 0 2640 
3 2 0 2638 
3 2 0 2612 
3 2 0 2610 
3 2 0 2611 
3 2 0 2637 
3 2 0 2613 
3 2 0 2636 
3 2 0 2614 
3 2 0 2635 
3 2 0 2615 
3 2 0 2634 
3 2 0 2624 
3 2 0 2622 
3 2 0 2616 
3 2 0 2621 
3 2 0 2617 
3 2 0 2620 
3 2 0 2618 
3 2 0 2619 
3 2 0 2623 
3 2 0 2633 
3 2 0 2625 
3 2 0 2632 
3 2 0 2626 
3 2 0 2631 
3 2 0 2627 
3 2 0 2630 
3 2 0 2628 
3 2 0 2629 
3 2 0 2639 
1 1 0 
1 1 0 
1 1 0 
1 1 0 
2 3 2699 2700 0 
1 1 0 
2 3 2701 2702 0 
1 1 0 
1 1 0 
1 1 0 
1 1 0 
2 3 2706 2707 0 
1 1 0 
2 3 2708 2709 0 
2 3 2705 2710 0 
1 1 0 
1 1 0 
1 1 0 
2 3 2713 2714 0 
2 3 2712 2715 0 
2 3 2711 2716 0 
2 3 2704 2717 0 
2 3 2703 2718 0 
1 1 0 
2 3 2719 2720 0 
2 3 2698 2721 0 
2 3 2697 2722 0 
3 2 0 2723 
3 2 0 2697 
3 2 0 2722 
3 2 0 2698 
3 2 0 2721 
3 2 0 2719 
3 2 0 2703 
3 2 0 2701 
3 2 0 2699 
3 2 0 2700 
3 2 0 2702 
3 2 0 2718 
3 2 0 2704 
3 2 0 2717 
3 2 0 2711 
3 2 0 2705 
3 2 0 2710 
3 2 0 2708 
3 2 0 2706 
3 2 0 2707 
3 2 0 2709 
3 2 0 2716 
3 2 0 2712 
3 2 0 2715 
3 2 0 2713 
3 2 0 2714 
3 2 0 2720 
1 1 0 
1 1 0 
1 1 0 
2 3 2752 2753 0 
2 3 2751 2754 0 
1 1 0 
2 3 2755 2756 0 
1 1 0 
1 1 0 
1 1 0 
2 3 2759 2760 0 
2 3 2758 2761 0 
2 3 2757 2762 0 
1 1 0 
1 1 0 
1 1 0 
1 1 0 
1 1 0 
1 1 0 
2 3 2768 2769 0 
2 3 2767 2770 0 
2 3 2766 2771 0 
2 3 2765 2772 0 
2 3 2764 2773 0 
1 1 0 
2 3 2774 2775 0 
2 3 2763 2776 0 
3 2 0 2777 
3 2 0 2763 
3 2 0 2757 
3 2 0 2755 
3 2 0 2751 
3 2 0 2754 
3 2 0 2752 
3 2 0 2753 
3 2 0 2756 
3 2 0 2762 
3 2 0 2758 
3 2 0 2761 
3 2 0 2759 
3 2 0 2760 
3 2 0 2776 
3 2 0 2774 
3 2 0 2764 
3 2 0 2773 
3 2 0 2765 
3 2 0 2772 
3 2 0 2766 
3 2 0 2771 
3 2 0 2767 
3 2 0 2770 
3 2 0 2768 
3 2 0 2769 
3 2 0 2775 
1 1 0 
1 1 0 
1 1 0 
1 1 0 
2 3 2807 2808 0 
1 1 0 
2 3 2809 2810 0 
1 1 0 
1 1 0 
2 3 2812 2813 0 
2 3 2811 2814 0 
2 3 2806 2815 0 
2 3 2805 2816 0 
1 1 0 
2 3 2817 2818 0 
1 1 0 
2 3 2819 2820 0 
1 1 0 
1 1 0 
1 1 0 
2 3 2823 2824 0 
1 1 0 
1 1 0 
1 1 0 
1 1 0 
2 3 2828 2829 0 
1 1 0 
1 1 0 
2 3 2831 2832 0 
1 1 0 
1 1 0 
1 1 0 
2 3 2835 2836 0 
2 3 2834 2837 0 
2 3 2833 2838 0 
2 3 2830 2839 0 
2 3 2827 2840 0 
2 3 2826 2841 0 
2 3 2825 2842 0 
2 3 2822 2843 0 
2 3 2821 2844 0 
1 1 0 
2 3 2845 2846 0 
3 2 0 2847 
3 2 0 2845 
3 2 0 2821 
3 2 0 2819 
3 2 0 2817 
3 2 0 2805 
3 2 0 2816 
3 2 0 2806 
3 2 0 2815 
3 2 0 2811 
3 2 0 2809 
3 2 0 2807 
3 2 0 2808 
3 2 0 2810 
3 2 0 2814 
3 2 0 2812 
3 2 0 2813 
3 2 0 2818 
3 2 0 2820 
3 2 0 2844 
3 2 0 2822 
3 2 0 2843 
3 2 0 2825 
3 2 0 2823 
3 2 0 2824 
3 2 0 2842 
3 2 0 2826 
3 2 0 2841 
3 2 0 2827 
3 2 0 2840 
3 2 0 2830 
3 2 0 2828 
3 2 0 2829 
3 2 0 2839 
3 2 0 2833 
3 2 0 2831 
3 2 0 2832 
3 2 0 2838 
3 2 0 2834 
3 2 0 2837 
3 2 0 2835 
3 2 0 2836 
3 2 0 2846 
1 1 0 
1 1 0 
1 1 0 
2 3 2892 2893 0 
1 1 0 
2 3 2894 2895 0 
1 1 0 
1 1 0 
2 3 2897 2898 0 
2 3 2896 2899 0 
1 1 0 
2 3 2900 2901 0 
2 3 2891 2902 0 
1 1 0 
1 1 0 
1 1 0 
2 3 2905 2906 0 
1 1 0 
1 1 0 
1 1 0 
2 3 2909 2910 0 
1 1 0 
2 3 2911 2912 0 
2 3 2908 2913 0 
2 3 2907 2914 0 
2 3 2904 2915 0 
2 3 2903 2916 0 
1 1 0 
1 1 0 
2 3 2918 2919 0 
2 3 2917 2920 0 
3 2 0 2921 
3 2 0 2917 
3 2 0 2903 
3 2 0 2891 
3 2 0 2902 
3 2 0 2900 
3 2 0 2896 
3 2 0 2894 
3 2 0 2892 
3 2 0 2893 
3 2 0 2895 
3 2 0 2899 
3 2 0 2897 
3 2 0 2898 
3 2 0 2901 
3 2 0 2916 
3 2 0 2904 
3 2 0 2915 
3 2 0 2907 
3 2 0 2905 
3 2 0 2906 
3 2 0 2914 
3 2 0 2908 
3 2 0 2913 
3 2 0 2911 
3 2 0 2909 
3 2 0 2910 
3 2 0 2912 
3 2 0 2920 
3 2 0 2918 
3 2 0 2919 
1 1 0 
1 1 0 
1 1 0 
1 1 0 
1 1 0 
1 1 0 
2 3 2957 2958 0 
2 3 2956 2959 0 
2 3 2955 2960 0 
2 3 2954 2961 0 
1 1 0 
2 3 2962 2963 0 
2 3 2953 2964 0 
3 2 0 2965 
3 2 0 2953 
3 2 0 2964 
3 2 0 2962 
3 2 0 2954 
3 2 0 2961 
3 2 0 2955 
3 2 0 2960 
3 2 0 2956 
3 2 0 2959 
3 2 0 2957 
3 2 0 2958 
3 2 0 2963 
1 1 0 
1 1 0 
1 1 0 
2 3 2980 2981 0 
1 1 0 
2 3 2982 2983 0 
1 1 0 
2 3 2984 2985 0 
2 3 2979 2986 0 
3 2 0 2987 
3 2 0 2979 
3 2 0 2986 
3 2 0 2984 
3 2 0 2982 
3 2 0 2980 
3 2 0 2981 
3 2 0 2983 
3 2 0 2985 
1 1 0 
1 1 0 
2 3 2997 2998 0 
1 1 0 
2 3 2999 3000 0 
1 1 0 
1 1 0 
1 1 0 
2 3 3003 3004 0 
1 1 0 
1 1 0 
1 1 0 
2 3 3007 3008 0 
2 3 3006 3009 0 
1 1 0 
1 1 0 
1 1 0 
1 1 0 
2 3 3013 3014 0 
2 3 3012 3015 0 
2 3 3011 3016 0 
1 1 0 
2 3 3017 3018 0 
2 3 3010 3019 0 
2 3 3005 3020 0 
2 3 3002 3021 0 
2 3 3001 3022 0 
3 2 0 3023 
3 2 0 3001 
3 2 0 2999 
3 2 0 2997 
3 2 0 2998 
3 2 0 3000 
3 2 0 3022 
3 2 0 3002 
3 2 0 3021 
3 2 0 3005 
3 2 0 3003 
3 2 0 3004 
3 2 0 3020 
3 2 0 3010 
3 2 0 3006 
3 2 0 3009 
3 2 0 3007 
3 2 0 3008 
3 2 0 3019 
3 2 0 3017 
3 2 0 3011 
3 2 0 3016 
3 2 0 3012 
3 2 0 3015 
3 2 0 3013 
3 2 0 3014 
3 2 0 3018 
1 1 0 
1 1 0 
2 3 3051 3052 0 
1 1 0 
1 1 0 
1 1 0 
1 1 0 
2 3 3056 3057 0 
2 3 3055 3058 0 
2 3 3054 3059 0 
2 3 3053 3060 0 
1 1 0 
1 1 0 
1 1 0 
1 1 0 
1 1 0 
2 3 3065 3066 0 
1 1 0 
1 1 0 
1 1 0 
1 1 0 
2 3 3070 3071 0 
2 3 3069 3072 0 
1 1 0 
1 1 0 
2 3 3074 3075 0 
1 1 0 
1 1 0 
1 1 0 
1 1 0 
2 3 3079 3080 0 
2 3 3078 3081 0 
2 3 3077 3082 0 
2 3 3076 3083 0 
2 3 3073 3084 0 
2 3 3068 3085 0 
2 3 3067 3086 0 
2 3 3064 3087 0 
2 3 3063 3088 0 
2 3 3062 3089 0 
1 1 0 
2 3 3090 3091 0 
2 3 3061 3092 0 
3 2 0 3093 
3 2 0 3061 
3 2 0 3053 
3 2 0 3051 
3 2 0 3052 
3 2 0 3060 
3 2 0 3054 
3 2 0 3059 
3 2 0 3055 
3 2 0 3058 
3 2 0 3056 
3 2 0 3057 
3 2 0 3092 
3 2 0 3090 
3 2 0 3062 
3 2 0 3089 
3 2 0 3063 
3 2 0 3088 
3 2 0 3064 
3 2 0 3087 
3 2 0 3067 
3 2 0 3065 
3 2 0 3066 
3 2 0 3086 
3 2 0 3068 
3 2 0 3085 
3 2 0 3073 
3 2 0 3069 
3 2 0 3072 
3 2 0 3070 
3 2 0 3071 
3 2 0 3084 
3 2 0 3076 
3 2 0 3074 
3 2 0 3075 
3 2 0 3083 
3 2 0 3077 
3 2 0 3082 
3 2 0 3078 
3 2 0 3081 
3 2 0 3079 
3 2 0 3080 
3 2 0 3091 
1 1 0 
1 1 0 
1 1 0 
1 1 0 
1 1 0 
1 1 0 
1 1 0 
1 1 0 
2 3 3143 3144 0 
2 3 3142 3145 0 
2 3 3141 3146 0 
2 3 3140 3147 0 
2 3 3139 3148 0 
2 3 3138 3149 0 
1 1 0 
2 3 3150 3151 0 
2 3 3137 3152 0 
3 2 0 3153 
3 2 0 3137 
3 2 0 3152 
3 2 0 3150 
3 2 0 3138 
3 2 0 3149 
3 2 0 3139 
3 2 0 3148 
3 2 0 3140 
3 2 0 3147 
3 2 0 3141 
3 2 0 3146 
3 2 0 3142 
3 2 0 3145 
3 2 0 3143 
3 2 0 3144 
3 2 0 3151 
1 1 0 
1 1 0 
1 1 0 
2 3 3172 3173 0 
2 3 3171 3174 0 
1 1 0 
1 1 0 
1 1 0 
2 3 3177 3178 0 
1 1 0 
2 3 3179 3180 0 
2 3 3176 3181 0 
2 3 3175 3182 0 
1 1 0 
2 3 3183 3184 0 
3 2 0 3185 
3 2 0 3183 
3 2 0 3175 
3 2 0 3171 
3 2 0 3174 
3 2 0 3172 
3 2 0 3173 
3 2 0 3182 
3 2 0 3176 
3 2 0 3181 
3 2 0 3179 
3 2 0 3177 
3 2 0 3178 
3 2 0 3180 
3 2 0 3184 
1 1 0 
1 1 0 
1 1 0 
1 1 0 
1 1 0 
2 3 3204 3205 0 
2 3 3203 3206 0 
1 1 0 
1 1 0 
1 1 0 
1 1 0 
1 1 0 
1 1 0 
2 3 3212 3213 0 
2 3 3211 3214 0 
2 3 3210 3215 0 
2 3 3209 3216 0 
2 3 3208 3217 0 
2 3 3207 3218 0 
1 1 0 
1 1 0 
2 3 3220 3221 0 
2 3 3219 3222 0 
2 3 3202 3223 0 
1 1 0 
2 3 3224 3225 0 
2 3 3201 3226 0 
3 2 0 3227 
3 2 0 3201 
3 2 0 3226 
3 2 0 3224 
3 2 0 3202 
3 2 0 3223 
3 2 0 3219 
3 2 0 3207 
3 2 0 3203 
3 2 0 3206 
3 2 0 3204 
3 2 0 3205 
3 2 0 3218 
3 2 0 3208 
3 2 0 3217 
3 2 0 3209 
3 2 0 3216 
3 2 0 3210 
3 2 0 3215 
3 2 0 3211 
3 2 0 3214 
3 2 0 3212 
3 2 0 3213 
3 2 0 3222 
3 2 0 3220 
3 2 0 3221 
3 2 0 3225 
1 1 0 
1 1 0 
2 3 3255 3256 0 
1 1 0 
1 1 0 
1 1 0 
1 1 0 
2 3 3260 3261 0 
2 3 3259 3262 0 
1 1 0 
1 1 0 
2 3 3264 3265 0 
2 3 3263 3266 0 
2 3 3258 3267 0 
1 1 0 
1 1 0 
1 1 0 
1 1 0 
1 1 0 
2 3 3272 3273 0 
2 3 3271 3274 0 
2 3 3270 3275 0 
2 3 3269 3276 0 
2 3 3268 3277 0 
1 1 0 
2 3 3278 3279 0 
2 3 3257 3280 0 
3 2 0 3281 
3 2 0 3257 
3 2 0 3255 
3 2 0 3256 
3 2 0 3280 
3 2 0 3278 
3 2 0 3268 
3 2 0 3258 
3 2 0 3267 
3 2 0 3263 
3 2 0 3259 
3 2 0 3262 
3 2 0 3260 
3 2 0 3261 
3 2 0 3266 
3 2 0 3264 
3 2 0 3265 
3 2 0 3277 
3 2 0 3269 
3 2 0 3276 
3 2 0 3270 
3 2 0 3275 
3 2 0 3271 
3 2 0 3274 
3 2 0 3272 
3 2 0 3273 
3 2 0 3279 
1 1 0 
1 1 0 
1 1 0 
1 1 0 
1 1 0 
1 1 0 
1 1 0 
1 1 0 
1 1 0 
1 1 0 
1 1 0 
2 3 3318 3319 0 
2 3 3317 3320 0 
1 1 0 
1 1 0 
2 3 3322 3323 0 
1 1 0 
1 1 0 
1 1 0 
1 1 0 
1 1 0 
1 1 0 
2 3 3329 3330 0 
2 3 3328 3331 0 
2 3 3327 3332 0 
2 3 3326 3333 0 
2 3 3325 3334 0 
1 1 0 
1 1 0 
2 3 3336 3337 0 
2 3 3335 3338 0 
1 1 0 
1 1 0 
1 1 0 
1 1 0 
2 3 3342 3343 0 
2 3 3341 3344 0 
1 1 0 
1 1 0 
2 3 3346 3347 0 
1 1 0 
2 3 3348 3349 0 
1 1 0 
1 1 0 
2 3 3351 3352 0 
1 1 0 
2 3 3353 3354 0 
1 1 0 
1 1 0 
2 3 3356 3357 0 
2 3 3355 3358 0 
2 3 3350 3359 0 
1 1 0 
2 3 3360 3361 0 
1 1 0 
1 1 0 
1 1 0 
1 1 0 
2 3 3365 3366 0 
1 1 0 
1 1 0 
2 3 3368 3369 0 
1 1 0 
1 1 0 
2 3 3371 3372 0 
1 1 0 
1 1 0 
2 3 3374 3375 0 
2 3 3373 3376 0 
2 3 3370 3377 0 
2 3 3367 3378 0 
2 3 3364 3379 0 
2 3 3363 3380 0 
2 3 3362 3381 0 
2 3 3345 3382 0 
2 3 3340 3383 0 
2 3 3339 3384 0 
2 3 3324 3385 0 
2 3 3321 3386 0 
2 3 3316 3387 0 
2 3 3315 3388 0 
2 3 3314 3389 0 
2 3 3313 3390 0 
2 3 3312 3391 0 
2 3 3311 3392 0 
2 3 3310 3393 0 
1 1 0 
2 3 3394 3395 0 
2 3 3309 3396 0 
3 2 0 3397 
3 2 0 3309 
3 2 0 3396 
3 2 0 3394 
3 2 0 3310 
3 2 0 3393 
3 2 0 3311 
3 2 0 3392 
3 2 0 3312 
3 2 0 3391 
3 2 0 3313 
3 2 0 3390 
3 2 0 3314 
3 2 0 3389 
3 2 0 3315 
3 2 0 3388 
3 2 0 3316 
3 2 0 3387 
3 2 0 3321 
3 2 0 3317 
3 2 0 3320 
3 2 0 3318 
3 2 0 3319 
3 2 0 3386 
3 2 0 3324 
3 2 0 3322 
3 2 0 3323 
3 2 0 3385 
3 2 0 3339 
3 2 0 3335 
3 2 0 3325 
3 2 0 3334 
3 2 0 3326 
3 2 0 3333 
3 2 0 3327 
3 2 0 3332 
3 2 0 3328 
3 2 0 3331 
3 2 0 3329 
3 2 0 3330 
3 2 0 3338 
3 2 0 3336 
3 2 0 3337 
3 2 0 3384 
3 2 0 3340 
3 2 0 3383 
3 2 0 3345 
3 2 0 3341 
3 2 0 3344 
3 2 0 3342 
3 2 0 3343 
3 2 0 3382 
3 2 0 3362 
3 2 0 3360 
3 2 0 3350 
3 2 0 3348 
3 2 0 3346 
3 2 0 3347 
3 2 0 3349 
3 2 0 3359 
3 2 0 3355 
3 2 0 3353 
3 2 0 3351 
3 2 0 3352 
3 2 0 3354 
3 2 0 3358 
3 2 0 3356 
3 2 0 3357 
3 2 0 3361 
3 2 0 3381 
3 2 0 3363 
3 2 0 3380 
3 2 0 3364 
3 2 0 3379 
3 2 0 3367 
3 2 0 3365 
3 2 0 3366 
3 2 0 3378 
3 2 0 3370 
3 2 0 3368 
3 2 0 3369 
3 2 0 3377 
3 2 0 3373 
3 2 0 3371 
3 2 0 3372 
3 2 0 3376 
3 2 0 3374 
3 2 0 3375 
3 2 0 3395 
1 1 0 
1 1 0 
1 1 0 
1 1 0 
1 1 0 
2 3 3490 3491 0 
2 3 3489 3492 0 
2 3 3488 3493 0 
2 3 3487 3494 0 
1 1 0 
1 1 0 
2 3 3496 3497 0 
1 1 0 
2 3 3498 3499 0 
2 3 3495 3500 0 
3 2 0 3501 
3 2 0 3495 
3 2 0 3487 
3 2 0 3494 
3 2 0 3488 
3 2 0 3493 
3 2 0 3489 
3 2 0 3492 
3 2 0 3490 
3 2 0 3491 
3 2 0 3500 
3 2 0 3498 
3 2 0 3496 
3 2 0 3497 
3 2 0 3499 
1 1 0 
1 1 0 
1 1 0 
1 1 0 
1 1 0 
2 3 3520 3521 0 
2 3 3519 3522 0 
1 1 0 
1 1 0 
1 1 0 
1 1 0 
1 1 0 
2 3 3527 3528 0 
2 3 3526 3529 0 
2 3 3525 3530 0 
1 1 0 
1 1 0 
1 1 0 
1 1 0 
1 1 0 
1 1 0 
2 3 3536 3537 0 
1 1 0 
2 3 3538 3539 0 
2 3 3535 3540 0 
1 1 0 
1 1 0 
2 3 3542 3543 0 
2 3 3541 3544 0 
2 3 3534 3545 0 
2 3 3533 3546 0 
2 3 3532 3547 0 
2 3 3531 3548 0 
2 3 3524 3549 0 
2 3 3523 3550 0 
2 3 3518 3551 0 
1 1 0 
2 3 3552 3553 0 
2 3 3517 3554 0 
3 2 0 3555 
3 2 0 3517 
3 2 0 3554 
3 2 0 3552 
3 2 0 3518 
3 2 0 3551 
3 2 0 3523 
3 2 0 3519 
3 2 0 3522 
3 2 0 3520 
3 2 0 3521 
3 2 0 3550 
3 2 0 3524 
3 2 0 3549 
3 2 0 3531 
3 2 0 3525 
3 2 0 3530 
3 2 0 3526 
3 2 0 3529 
3 2 0 3527 
3 2 0 3528 
3 2 0 3548 
3 2 0 3532 
3 2 0 3547 
3 2 0 3533 
3 2 0 3546 
3 2 0 3534 
3 2 0 3545 
3 2 0 3541 
3 2 0 3535 
3 2 0 3540 
3 2 0 3538 
3 2 0 3536 
3 2 0 3537 
3 2 0 3539 
3 2 0 3544 
3 2 0 3542 
3 2 0 3543 
3 2 0 3553 
1 1 0 
1 1 0 
2 3 3595 3596 0 
1 1 0 
1 1 0 
1 1 0 
1 1 0 
1 1 0 
1 1 0 
2 3 3602 3603 0 
2 3 3601 3604 0 
2 3 3600 3605 0 
2 3 3599 3606 0 
2 3 3598 3607 0 
2 3 3597 3608 0 
3 2 0 3609 
3 2 0 3597 
3 2 0 3595 
3 2 0 3596 
3 2 0 3608 
3 2 0 3598 
3 2 0 3607 
3 2 0 3599 
3 2 0 3606 
3 2 0 3600 
3 2 0 3605 
3 2 0 3601 
3 2 0 3604 
3 2 0 3602 
3 2 0 3603 
1 1 0 
1 1 0 
1 1 0 
1 1 0 
1 1 0 
1 1 0 
2 3 3629 3630 0 
2 3 3628 3631 0 
2 3 3627 3632 0 
2 3 3626 3633 0 
2 3 3625 3634 0 
1 1 0 
1 1 0 
1 1 0 
1 1 0 
1 1 0 
1 1 0 
1 1 0 
2 3 3641 3642 0 
1 1 0 
1 1 0 
1 1 0 
2 3 3645 3646 0 
2 3 3644 3647 0 
2 3 3643 3648 0 
2 3 3640 3649 0 
2 3 3639 3650 0 
2 3 3638 3651 0 
2 3 3637 3652 0 
2 3 3636 3653 0 
1 1 0 
2 3 3654 3655 0 
2 3 3635 3656 0 
3 2 0 3657 
3 2 0 3635 
3 2 0 3625 
3 2 0 3634 
3 2 0 3626 
3 2 0 3633 
3 2 0 3627 
3 2 0 3632 
3 2 0 3628 
3 2 0 3631 
3 2 0 3629 
3 2 0 3630 
3 2 0 3656 
3 2 0 3654 
3 2 0 3636 
3 2 0 3653 
3 2 0 3637 
3 2 0 3652 
3 2 0 3638 
3 2 0 3651 
3 2 0 3639 
3 2 0 3650 
3 2 0 3640 
3 2 0 3649 
3 2 0 3643 
3 2 0 3641 
3 2 0 3642 
3 2 0 3648 
3 2 0 3644 
3 2 0 3647 
3 2 0 3645 
3 2 0 3646 
3 2 0 3655 
1 1 0 
1 1 0 
1 1 0 
1 1 0 
1 1 0 
2 3 3694 3695 0 
2 3 3693 3696 0 
1 1 0 
2 3 3697 3698 0 
2 3 3692 3699 0 
2 3 3691 3700 0 
3 2 0 3701 
3 2 0 3691 
3 2 0 3700 
3 2 0 3692 
3 2 0 3699 
3 2 0 3697 
3 2 0 3693 
3 2 0 3696 
3 2 0 3694 
3 2 0 3695 
3 2 0 3698 
1 1 0 
1 1 0 
1 1 0 
2 3 3714 3715 0 
2 3 3713 3716 0 
1 1 0 
1 1 0 
2 3 3718 3719 0 
1 1 0 
2 3 3720 3721 0 
1 1 0 
1 1 0 
2 3 3723 3724 0 
2 3 3722 3725 0 
1 1 0 
2 3 3726 3727 0 
1 1 0 
1 1 0 
2 3 3729 3730 0 
2 3 3728 3731 0 
2 3 3717 3732 0 
1 1 0 
2 3 3733 3734 0 
3 2 0 3735 
3 2 0 3733 
3 2 0 3717 
3 2 0 3713 
3 2 0 3716 
3 2 0 3714 
3 2 0 3715 
3 2 0 3732 
3 2 0 3728 
3 2 0 3726 
3 2 0 3722 
3 2 0 3720 
3 2 0 3718 
3 2 0 3719 
3 2 0 3721 
3 2 0 3725 
3 2 0 3723 
3 2 0 3724 
3 2 0 3727 
3 2 0 3731 
3 2 0 3729 
3 2 0 3730 
3 2 0 3734 
1 1 0 
1 1 0 
2 3 3759 3760 0 
1 1 0 
1 1 0 
1 1 0 
2 3 3763 3764 0 
2 3 3762 3765 0 
2 3 3761 3766 0 
1 1 0 
2 3 3767 3768 0 
3 2 0 3769 
3 2 0 3767 
3 2 0 3761 
3 2 0 3759 
3 2 0 3760 
3 2 0 3766 
3 2 0 3762 
3 2 0 3765 
3 2 0 3763 
3 2 0 3764 
3 2 0 3768 
1 1 0 
1 1 0 
1 1 0 
1 1 0 
1 1 0 
1 1 0 
2 3 3785 3786 0 
2 3 3784 3787 0 
2 3 3783 3788 0 
2 3 3782 3789 0 
2 3 3781 3790 0 
1 1 0 
1 1 0 
1 1 0 
2 3 3793 3794 0 
1 1 0 
1 1 0 
1 1 0 
1 1 0 
2 3 3798 3799 0 
2 3 3797 3800 0 
2 3 3796 3801 0 
2 3 3795 3802 0 
2 3 3792 3803 0 
1 1 0 
2 3 3804 3805 0 
2 3 3791 3806 0 
3 2 0 3807 
3 2 0 3791 
3 2 0 3781 
3 2 0 3790 
3 2 0 3782 
3 2 0 3789 
3 2 0 3783 
3 2 0 3788 
3 2 0 3784 
3 2 0 3787 
3 2 0 3785 
3 2 0 3786 
3 2 0 3806 
3 2 0 3804 
3 2 0 3792 
3 2 0 3803 
3 2 0 3795 
3 2 0 3793 
3 2 0 3794 
3 2 0 3802 
3 2 0 3796 
3 2 0 3801 
3 2 0 3797 
3 2 0 3800 
3 2 0 3798 
3 2 0 3799 
3 2 0 3805 
1 1 0 
1 1 0 
1 1 0 
1 1 0 
2 3 3837 3838 0 
2 3 3836 3839 0 
2 3 3835 3840 0 
1 1 0 
1 1 0 
1 1 0 
1 1 0 
1 1 0 
1 1 0 
1 1 0 
2 3 3847 3848 0 
2 3 3846 3849 0 
2 3 3845 3850 0 
2 3 3844 3851 0 
2 3 3843 3852 0 
1 1 0 
1 1 0 
1 1 0 
2 3 3855 3856 0 
1 1 0 
2 3 3857 3858 0 
1 1 0 
2 3 3859 3860 0 
1 1 0 
2 3 3861 3862 0 
1 1 0 
2 3 3863 3864 0 
1 1 0 
1 1 0 
1 1 0 
1 1 0 
2 3 3868 3869 0 
2 3 3867 3870 0 
2 3 3866 3871 0 
2 3 3865 3872 0 
2 3 3854 3873 0 
2 3 3853 3874 0 
2 3 3842 3875 0 
2 3 3841 3876 0 
1 1 0 
2 3 3877 3878 0 
1 1 0 
2 3 3879 3880 0 
1 1 0 
1 1 0 
2 3 3882 3883 0 
1 1 0 
1 1 0 
1 1 0 
1 1 0 
2 3 3887 3888 0 
2 3 3886 3889 0 
2 3 3885 3890 0 
2 3 3884 3891 0 
1 1 0 
1 1 0 
1 1 0 
1 1 0 
1 1 0 
2 3 3896 3897 0 
2 3 3895 3898 0 
2 3 3894 3899 0 
2 3 3893 3900 0 
2 3 3892 3901 0 
2 3 3881 3902 0 
1 1 0 
2 3 3903 3904 0 
3 2 0 3905 
3 2 0 3903 
3 2 0 3881 
3 2 0 3879 
3 2 0 3877 
3 2 0 3841 
3 2 0 3835 
3 2 0 3840 
3 2 0 3836 
3 2 0 3839 
3 2 0 3837 
3 2 0 3838 
3 2 0 3876 
3 2 0 3842 
3 2 0 3875 
3 2 0 3853 
3 2 0 3843 
3 2 0 3852 
3 2 0 3844 
3 2 0 3851 
3 2 0 3845 
3 2 0 3850 
3 2 0 3846 
3 2 0 3849 
3 2 0 3847 
3 2 0 3848 
3 2 0 3874 
3 2 0 3854 
3 2 0 3873 
3 2 0 3865 
3 2 0 3863 
3 2 0 3861 
3 2 0 3859 
3 2 0 3857 
3 2 0 3855 
3 2 0 3856 
3 2 0 3858 
3 2 0 3860 
3 2 0 3862 
3 2 0 3864 
3 2 0 3872 
3 2 0 3866 
3 2 0 3871 
3 2 0 3867 
3 2 0 3870 
3 2 0 3868 
3 2 0 3869 
3 2 0 3878 
3 2 0 3880 
3 2 0 3902 
3 2 0 3892 
3 2 0 3884 
3 2 0 3882 
3 2 0 3883 
3 2 0 3891 
3 2 0 3885 
3 2 0 3890 
3 2 0 3886 
3 2 0 3889 
3 2 0 3887 
3 2 0 3888 
3 2 0 3901 
3 2 0 3893 
3 2 0 3900 
3 2 0 3894 
3 2 0 3899 
3 2 0 3895 
3 2 0 3898 
3 2 0 3896 
3 2 0 3897 
3 2 0 3904 
1 1 0 
1 1 0 
1 1 0 
2 3 3978 3979 0 
2 3 3977 3980 0 
1 1 0 
1 1 0 
2 3 3982 3983 0 
2 3 3981 3984 0 
1 1 0 
2 3 3985 3986 0 
3 2 0 3987 
3 2 0 3985 
3 2 0 3981 
3 2 0 3977 
3 2 0 3980 
3 2 0 3978 
3 2 0 3979 
3 2 0 3984 
3 2 0 3982 
3 2 0 3983 
3 2 0 3986 
1 1 0 
1 1 0 
1 1 0 
1 1 0 
1 1 0 
1 1 0 
2 3 4003 4004 0 
2 3 4002 4005 0 
2 3 4001 4006 0 
2 3 4000 4007 0 
1 1 0 
2 3 4008 4009 0 
2 3 3999 4010 0 
1 1 0 
1 1 0 
1 1 0 
2 3 4013 4014 0 
2 3 4012 4015 0 
2 3 4011 4016 0 
1 1 0 
2 3 4017 4018 0 
3 2 0 4019 
3 2 0 4017 
3 2 0 4011 
3 2 0 3999 
3 2 0 4010 
3 2 0 4008 
3 2 0 4000 
3 2 0 4007 
3 2 0 4001 
3 2 0 4006 
3 2 0 4002 
3 2 0 4005 
3 2 0 4003 
3 2 0 4004 
3 2 0 4009 
3 2 0 4016 
3 2 0 4012 
3 2 0 4015 
3 2 0 4013 
3 2 0 4014 
3 2 0 4018 
1 1 0 
1 1 0 
1 1 0 
1 1 0 
1 1 0 
2 3 4044 4045 0 
2 3 4043 4046 0 
2 3 4042 4047 0 
2 3 4041 4048 0 
1 1 0 
1 1 0 
1 1 0 
2 3 4051 4052 0 
1 1 0 
1 1 0 
2 3 4054 4055 0 
1 1 0 
1 1 0 
1 1 0 
2 3 4058 4059 0 
2 3 4057 4060 0 
2 3 4056 4061 0 
1 1 0 
1 1 0 
1 1 0 
1 1 0 
1 1 0 
1 1 0 
2 3 4067 4068 0 
2 3 4066 4069 0 
2 3 4065 4070 0 
2 3 4064 4071 0 
2 3 4063 4072 0 
2 3 4062 4073 0 
1 1 0 
2 3 4074 4075 0 
2 3 4053 4076 0 
2 3 4050 4077 0 
2 3 4049 4078 0 
3 2 0 4079 
3 2 0 4049 
3 2 0 4041 
3 2 0 4048 
3 2 0 4042 
3 2 0 4047 
3 2 0 4043 
3 2 0 4046 
3 2 0 4044 
3 2 0 4045 
3 2 0 4078 
3 2 0 4050 
3 2 0 4077 
3 2 0 4053 
3 2 0 4051 
3 2 0 4052 
3 2 0 4076 
3 2 0 4074 
3 2 0 4062 
3 2 0 4056 
3 2 0 4054 
3 2 0 4055 
3 2 0 4061 
3 2 0 4057 
3 2 0 4060 
3 2 0 4058 
3 2 0 4059 
3 2 0 4073 
3 2 0 4063 
3 2 0 4072 
3 2 0 4064 
3 2 0 4071 
3 2 0 4065 
3 2 0 4070 
3 2 0 4066 
3 2 0 4069 
3 2 0 4067 
3 2 0 4068 
3 2 0 4075 
1 1 0 
1 1 0 
2 3 4119 4120 0 
1 1 0 
1 1 0 
1 1 0 
1 1 0 
1 1 0 
1 1 0 
2 3 4126 4127 0 
2 3 4125 4128 0 
2 3 4124 4129 0 
2 3 4123 4130 0 
2 3 4122 4131 0 
1 1 0 
2 3 4132 4133 0 
1 1 0 
1 1 0 
1 1 0 
2 3 4136 4137 0 
2 3 4135 4138 0 
2 3 4134 4139 0 
1 1 0 
1 1 0 
1 1 0 
1 1 0 
1 1 0 
1 1 0 
2 3 4145 4146 0 
2 3 4144 4147 0 
2 3 4143 4148 0 
2 3 4142 4149 0 
2 3 4141 4150 0 
2 3 4140 4151 0 
1 1 0 
2 3 4152 4153 0 
2 3 4121 4154 0 
3 2 0 4155 
3 2 0 4121 
3 2 0 4119 
3 2 0 4120 
3 2 0 4154 
3 2 0 4152 
3 2 0 4140 
3 2 0 4134 
3 2 0 4132 
3 2 0 4122 
3 2 0 4131 
3 2 0 4123 
3 2 0 4130 
3 2 0 4124 
3 2 0 4129 
3 2 0 4125 
3 2 0 4128 
3 2 0 4126 
3 2 0 4127 
3 2 0 4133 
3 2 0 4139 
3 2 0 4135 
3 2 0 4138 
3 2 0 4136 
3 2 0 4137 
3 2 0 4151 
3 2 0 4141 
3 2 0 4150 
3 2 0 4142 
3 2 0 4149 
3 2 0 4143 
3 2 0 4148 
3 2 0 4144 
3 2 0 4147 
3 2 0 4145 
3 2 0 4146 
3 2 0 4153 
23 2096 66 67 68 69 70 71 72 73 74 75 76 77 78 79 80 81 82 83 84 85 86 87 88 89 90 91 92 93 94 95 96 97 98 99 100 101 102 103 104 105 106 107 108 109 110 111 112 113 114 115 116 117 118 119 120 121 122 123 124 125 126 127 128 129 130 176 177 178 179 180 181 182 183 184 185 186 187 188 189 190 191 192 193 194 195 196 197 198 199 200 201 202 203 204 205 206 207 208 209 210 211 212 213 214 215 216 217 218 219 220 254 255 256 257 258 259 260 261 262 263 264 265 266 267 268 269 270 271 272 273 274 275 276 277 278 279 280 281 282 283 284 285 286 348 349 350 351 352 353 354 355 356 357 358 359 360 361 362 363 364 365 366 367 368 369 370 371 372 373 374 375 376 377 378 379 380 381 382 383 384 385 386 387 388 389 390 391 392 393 394 395 396 397 398 399 400 401 402 403 404 405 406 407 408 446 447 448 449 450 451 452 453 454 455 456 457 458 459 460 461 462 463 464 465 466 467 468 469 470 471 472 473 474 475 476 477 478 479 480 481 482 496 497 498 499 500 501 502 503 504 505 506 507 508 528 529 530 531 532 533 534 535 536 537 538 539 540 541 542 543 544 545 546 580 581 582 583 584 585 586 587 588 589 590 591 592 593 594 595 596 597 598 599 600 601 602 603 604 605 606 607 608 609 610 611 612 642 643 644 645 646 647 648 649 650 651 652 653 654 655 656 657 658 659 660 661 662 663 664 665 666 667 668 669 670 724 725 726 727 728 729 730 731 732 733 734 735 736 737 738 739 740 741 742 743 744 745 746 747 748 749 750 751 752 753 754 755 756 757 758 759 760 761 762 763 764 765 766 767 768 769 770 771 772 773 774 775 776 822 823 824 825 826 827 828 829 830 831 832 833 834 835 836 837 838 839 840 841 842 843 844 845 846 847 848 849 850 851 852 853 854 855 856 857 858 859 860 861 862 863 864 865 866 908 909 910 911 912 913 914 915 916 917 918 919 920 921 922 923 924 925 926 927 928 929 930 931 932 933 934 935 936 937 938 939 940 941 942 943 944 945 946 947 948 964 965 966 967 968 969 970 971 972 973 974 975 976 977 978 1004 1005 1006 1007 1008 1009 1010 1011 1012 1013 1014 1015 1016 1017 1018 1019 1020 1021 1022 1023 1024 1025 1026 1027 1028 1070 1071 1072 1073 1074 1075 1076 1077 1078 1079 1080 1081 1082 1083 1084 1085 1086 1087 1088 1089 1090 1091 1092 1093 1094 1095 1096 1097 1098 1099 1100 1101 1102 1103 1104 1105 1106 1107 1108 1109 1110 1136 1137 1138 1139 1140 1141 1142 1143 1144 1145 1146 1147 1148 1149 1150 1151 1152 1153 1154 1155 1156 1157 1158 1159 1160 1212 1213 1214 1215 1216 1217 1218 1219 1220 1221 1222 1223 1224 1225 1226 1227 1228 1229 1230 1231 1232 1233 1234 1235 1236 1237 1238 1239 1240 1241 1242 1243 1244 1245 1246 1247 1248 1249 1250 1251 1252 1253 1254 1255 1256 1257 1258 1259 1260 1261 1262 1302 1303 1304 1305 1306 1307 1308 1309 1310 1311 1312 1313 1314 1315 1316 1317 1318 1319 1320 1321 1322 1323 1324 1325 1326 1327 1328 1329 1330 1331 1332 1333 1334 1335 1336 1337 1338 1339 1340 1380 1381 1382 1383 1384 1385 1386 1387 1388 1389 1390 1391 1392 1393 1394 1395 1396 1397 1398 1399 1400 1401 1402 1403 1404 1405 1406 1407 1408 1409 1410 1411 1412 1413 1414 1415 1416 1417 1418 1438 1439 1440 1441 1442 1443 1444 1445 1446 1447 1448 1449 1450 1451 1452 1453 1454 1455 1456 1468 1469 1470 1471 1472 1473 1474 1475 1476 1477 1478 1494 1495 1496 1497 1498 1499 1500 1501 1502 1503 1504 1505 1506 1507 1508 1538 1539 1540 1541 1542 1543 1544 1545 1546 1547 1548 1549 1550 1551 1552 1553 1554 1555 1556 1557 1558 1559 1560 1561 1562 1563 1564 1565 1566 1586 1587 1588 1589 1590 1591 1592 1593 1594 1595 1596 1597 1598 1599 1600 1601 1602 1603 1604 1642 1643 1644 1645 1646 1647 1648 1649 1650 1651 1652 1653 1654 1655 1656 1657 1658 1659 1660 1661 1662 1663 1664 1665 1666 1667 1668 1669 1670 1671 1672 1673 1674 1675 1676 1677 1678 1706 1707 1708 1709 1710 1711 1712 1713 1714 1715 1716 1717 1718 1719 1720 1721 1722 1723 1724 1725 1726 1727 1728 1729 1730 1731 1732 1800 1801 1802 1803 1804 1805 1806 1807 1808 1809 1810 1811 1812 1813 1814 1815 1816 1817 1818 1819 1820 1821 1822 1823 1824 1825 1826 1827 1828 1829 1830 1831 1832 1833 1834 1835 1836 1837 1838 1839 1840 1841 1842 1843 1844 1845 1846 1847 1848 1849 1850 1851 1852 1853 1854 1855 1856 1857 1858 1859 1860 1861 1862 1863 1864 1865 1866 1896 1897 1898 1899 1900 1901 1902 1903 1904 1905 1906 1907 1908 1909 1910 1911 1912 1913 1914 1915 1916 1917 1918 1919 1920 1921 1922 1923 1924 1962 1963 1964 1965 1966 1967 1968 1969 1970 1971 1972 1973 1974 1975 1976 1977 1978 1979 1980 1981 1982 1983 1984 1985 1986 1987 1988 1989 1990 1991 1992 1993 1994 1995 1996 1997 1998 2036 2037 2038 2039 2040 2041 2042 2043 2044 2045 2046 2047 2048 2049 2050 2051 2052 2053 2054 2055 2056 2057 2058 2059 2060 2061 2062 2063 2064 2065 2066 2067 2068 2069 2070 2071 2072 2080 2081 2082 2083 2084 2085 2086 2124 2125 2126 2127 2128 2129 2130 2131 2132 2133 2134 2135 2136 2137 2138 2139 2140 2141 2142 2143 2144 2145 2146 2147 2148 2149 2150 2151 2152 2153 2154 2155 2156 2157 2158 2159 2160 2196 2197 2198 2199 2200 2201 2202 2203 2204 2205 2206 2207 2208 2209 2210 2211 2212 2213 2214 2215 2216 2217 2218 2219 2220 2221 2222 2223 2224 2225 2226 2227 2228 2229 2230 2258 2259 2260 2261 2262 2263 2264 2265 2266 2267 2268 2269 2270 2271 2272 2273 2274 2275 2276 2277 2278 2279 2280 2281 2282 2283 2284 2314 2315 2316 2317 2318 2319 2320 2321 2322 2323 2324 2325 2326 2327 2328 2329 2330 2331 2332 2333 2334 2335 2336 2337 2338 2339 2340 2341 2342 2418 2419 2420 2421 2422 2423 2424 2425 2426 2427 2428 2429 2430 2431 2432 2433 2434 2435 2436 2437 2438 2439 2440 2441 2442 2443 2444 2445 2446 2447 2448 2449 2450 2451 2452 2453 2454 2455 2456 2457 2458 2459 2460 2461 2462 2463 2464 2465 2466 2467 2468 2469 2470 2471 2472 2473 2474 2475 2476 2477 2478 2479 2480 2481 2482 2483 2484 2485 2486 2487 2488 2489 2490 2491 2492 2540 2541 2542 2543 2544 2545 2546 2547 2548 2549 2550 2551 2552 2553 2554 2555 2556 2557 2558 2559 2560 2561 2562 2563 2564 2565 2566 2567 2568 2569 2570 2571 2572 2573 2574 2575 2576 2577 2578 2579 2580 2581 2582 2583 2584 2585 2586 2642 2643 2644 2645 2646 2647 2648 2649 2650 2651 2652 2653 2654 2655 2656 2657 2658 2659 2660 2661 2662 2663 2664 2665 2666 2667 2668 2669 2670 2671 2672 2673 2674 2675 2676 2677 2678 2679 2680 2681 2682 2683 2684 2685 2686 2687 2688 2689 2690 2691 2692 2693 2694 2695 2696 2724 2725 2726 2727 2728 2729 2730 2731 2732 2733 2734 2735 2736 2737 2738 2739 2740 2741 2742 2743 2744 2745 2746 2747 2748 2749 2750 2778 2779 2780 2781 2782 2783 2784 2785 2786 2787 2788 2789 2790 2791 2792 2793 2794 2795 2796 2797 2798 2799 2800 2801 2802 2803 2804 2848 2849 2850 2851 2852 2853 2854 2855 2856 2857 2858 2859 2860 2861 2862 2863 2864 2865 2866 2867 2868 2869 2870 2871 2872 2873 2874 2875 2876 2877 2878 2879 2880 2881 2882 2883 2884 2885 2886 2887 2888 2889 2890 2922 2923 2924 2925 2926 2927 2928 2929 2930 2931 2932 2933 2934 2935 2936 2937 2938 2939 2940 2941 2942 2943 2944 2945 2946 2947 2948 2949 2950 2951 2952 2966 2967 2968 2969 2970 2971 2972 2973 2974 2975 2976 2977 2978 2988 2989 2990 2991 2992 2993 2994 2995 2996 3024 3025 3026 3027 3028 3029 3030 3031 3032 3033 3034 3035 3036 3037 3038 3039 3040 3041 3042 3043 3044 3045 3046 3047 3048 3049 3050 3094 3095 3096 3097 3098 3099 3100 3101 3102 3103 3104 3105 3106 3107 3108 3109 3110 3111 3112 3113 3114 3115 3116 3117 3118 3119 3120 3121 3122 3123 3124 3125 3126 3127 3128 3129 3130 3131 3132 3133 3134 3135 3136 3154 3155 3156 3157 3158 3159 3160 3161 3162 3163 3164 3165 3166 3167 3168 3169 3170 3186 3187 3188 3189 3190 3191 3192 3193 3194 3195 3196 3197 3198 3199 3200 3228 3229 3230 3231 3232 3233 3234 3235 3236 3237 3238 3239 3240 3241 3242 3243 3244 3245 3246 3247 3248 3249 3250 3251 3252 3253 3254 3282 3283 3284 3285 3286 3287 3288 3289 3290 3291 3292 3293 3294 3295 3296 3297 3298 3299 3300 3301 3302 3303 3304 3305 3306 3307 3308 3398 3399 3400 3401 3402 3403 3404 3405 3406 3407 3408 3409 3410 3411 3412 3413 3414 3415 3416 3417 3418 3419 3420 3421 3422 3423 3424 3425 3426 3427 3428 3429 3430 3431 3432 3433 3434 3435 3436 3437 3438 3439 3440 3441 3442 3443 3444 3445 3446 3447 3448 3449 3450 3451 3452 3453 3454 3455 3456 3457 3458 3459 3460 3461 3462 3463 3464 3465 3466 3467 3468 3469 3470 3471 3472 3473 3474 3475 3476 3477 3478 3479 3480 3481 3482 3483 3484 3485 3486 3502 3503 3504 3505 3506 3507 3508 3509 3510 3511 3512 3513 3514 3515 3516 3556 3557 3558 3559 3560 3561 3562 3563 3564 3565 3566 3567 3568 3569 3570 3571 3572 3573 3574 3575 3576 3577 3578 3579 3580 3581 3582 3583 3584 3585 3586 3587 3588 3589 3590 3591 3592 3593 3594 3610 3611 3612 3613 3614 3615 3616 3617 3618 3619 3620 3621 3622 3623 3624 3658 3659 3660 3661 3662 3663 3664 3665 3666 3667 3668 3669 3670 3671 3672 3673 3674 3675 3676 3677 3678 3679 3680 3681 3682 3683 3684 3685 3686 3687 3688 3689 3690 3702 3703 3704 3705 3706 3707 3708 3709 3710 3711 3712 3736 3737 3738 3739 3740 3741 3742 3743 3744 3745 3746 3747 3748 3749 3750 3751 3752 3753 3754 3755 3756 3757 3758 3770 3771 3772 3773 3774 3775 3776 3777 3778 3779 3780 3808 3809 3810 3811 3812 3813 3814 3815 3816 3817 3818 3819 3820 3821 3822 3823 3824 3825 3826 3827 3828 3829 3830 3831 3832 3833 3834 3906 3907 3908 3909 3910 3911 3912 3913 3914 3915 3916 3917 3918 3919 3920 3921 3922 3923 3924 3925 3926 3927 3928 3929 3930 3931 3932 3933 3934 3935 3936 3937 3938 3939 3940 3941 3942 3943 3944 3945 3946 3947 3948 3949 3950 3951 3952 3953 3954 3955 3956 3957 3958 3959 3960 3961 3962 3963 3964 3965 3966 3967 3968 3969 3970 3971 3972 3973 3974 3975 3976 3988 3989 3990 3991 3992 3993 3994 3995 3996 3997 3998 4020 4021 4022 4023 4024 4025 4026 4027 4028 4029 4030 4031 4032 4033 4034 4035 4036 4037 4038 4039 4040 4080 4081 4082 4083 4084 4085 4086 4087 4088 4089 4090 4091 4092 4093 4094 4095 4096 4097 4098 4099 4100 4101 4102 4103 4104 4105 4106 4107 4108 4109 4110 4111 4112 4113 4114 4115 4116 4117 4118 4156 4157 4158 4159 4160 4161 4162 4163 4164 4165 4166 4167 4168 4169 4170 4171 4172 4173 4174 4175 4176 4177 4178 4179 4180 4181 4182 4183 4184 4185 4186 4187 4188 4189 4190 4191 4192 
