4802
0 0 
1 1 0 
1 1 0 
2 3 1 2 0 
1 1 0 
1 1 0 
2 3 4 5 0 
2 3 3 6 0 
1 1 0 
2 3 7 8 0 
1 1 0 
1 1 0 
2 3 10 11 0 
1 1 0 
2 3 12 13 0 
2 3 9 14 0 
1 1 0 
2 3 15 16 0 
1 1 0 
1 1 0 
1 1 0 
2 3 19 20 0 
2 3 18 21 0 
1 1 0 
1 1 0 
2 3 23 24 0 
2 3 22 25 0 
2 3 17 26 0 
1 1 0 
2 3 27 28 0 
3 2 0 29 
3 2 0 27 
3 2 0 17 
3 2 0 15 
3 2 0 9 
3 2 0 7 
3 2 0 3 
3 2 0 1 
3 2 0 2 
3 2 0 6 
3 2 0 4 
3 2 0 5 
3 2 0 8 
3 2 0 14 
3 2 0 12 
3 2 0 10 
3 2 0 11 
3 2 0 13 
3 2 0 16 
3 2 0 26 
3 2 0 22 
3 2 0 18 
3 2 0 21 
3 2 0 19 
3 2 0 20 
3 2 0 25 
3 2 0 23 
3 2 0 24 
3 2 0 28 
1 1 0 
1 1 0 
1 1 0 
1 1 0 
1 1 0 
1 1 0 
2 3 63 64 0 
2 3 62 65 0 
2 3 61 66 0 
1 1 0 
1 1 0 
1 1 0 
1 1 0 
1 1 0 
2 3 71 72 0 
2 3 70 73 0 
2 3 69 74 0 
1 1 0 
2 3 75 76 0 
1 1 0 
1 1 0 
1 1 0 
2 3 79 80 0 
2 3 78 81 0 
1 1 0 
1 1 0 
1 1 0 
1 1 0 
2 3 85 86 0 
1 1 0 
1 1 0 
1 1 0 
1 1 0 
1 1 0 
2 3 91 92 0 
2 3 90 93 0 
2 3 89 94 0 
2 3 88 95 0 
2 3 87 96 0 
2 3 84 97 0 
2 3 83 98 0 
2 3 82 99 0 
2 3 77 100 0 
2 3 68 101 0 
2 3 67 102 0 
2 3 60 103 0 
1 1 0 
2 3 104 105 0 
2 3 59 106 0 
3 2 0 107 
3 2 0 59 
3 2 0 106 
3 2 0 104 
3 2 0 60 
3 2 0 103 
3 2 0 67 
3 2 0 61 
3 2 0 66 
3 2 0 62 
3 2 0 65 
3 2 0 63 
3 2 0 64 
3 2 0 102 
3 2 0 68 
3 2 0 101 
3 2 0 77 
3 2 0 75 
3 2 0 69 
3 2 0 74 
3 2 0 70 
3 2 0 73 
3 2 0 71 
3 2 0 72 
3 2 0 76 
3 2 0 100 
3 2 0 82 
3 2 0 78 
3 2 0 81 
3 2 0 79 
3 2 0 80 
3 2 0 99 
3 2 0 83 
3 2 0 98 
3 2 0 84 
3 2 0 97 
3 2 0 87 
3 2 0 85 
3 2 0 86 
3 2 0 96 
3 2 0 88 
3 2 0 95 
3 2 0 89 
3 2 0 94 
3 2 0 90 
3 2 0 93 
3 2 0 91 
3 2 0 92 
3 2 0 105 
1 1 0 
1 1 0 
2 3 157 158 0 
1 1 0 
2 3 159 160 0 
1 1 0 
2 3 161 162 0 
1 1 0 
2 3 163 164 0 
1 1 0 
1 1 0 
1 1 0 
2 3 167 168 0 
2 3 166 169 0 
1 1 0 
1 1 0 
2 3 171 172 0 
2 3 170 173 0 
2 3 165 174 0 
1 1 0 
2 3 175 176 0 
1 1 0 
1 1 0 
1 1 0 
1 1 0 
1 1 0 
1 1 0 
1 1 0 
1 1 0 
1 1 0 
2 3 185 186 0 
2 3 184 187 0 
2 3 183 188 0 
2 3 182 189 0 
1 1 0 
1 1 0 
1 1 0 
1 1 0 
2 3 193 194 0 
2 3 192 195 0 
2 3 191 196 0 
2 3 190 197 0 
2 3 181 198 0 
2 3 180 199 0 
1 1 0 
1 1 0 
1 1 0 
1 1 0 
1 1 0 
1 1 0 
1 1 0 
2 3 206 207 0 
2 3 205 208 0 
2 3 204 209 0 
2 3 203 210 0 
2 3 202 211 0 
2 3 201 212 0 
2 3 200 213 0 
2 3 179 214 0 
1 1 0 
2 3 215 216 0 
2 3 178 217 0 
2 3 177 218 0 
3 2 0 219 
3 2 0 177 
3 2 0 175 
3 2 0 165 
3 2 0 163 
3 2 0 161 
3 2 0 159 
3 2 0 157 
3 2 0 158 
3 2 0 160 
3 2 0 162 
3 2 0 164 
3 2 0 174 
3 2 0 170 
3 2 0 166 
3 2 0 169 
3 2 0 167 
3 2 0 168 
3 2 0 173 
3 2 0 171 
3 2 0 172 
3 2 0 176 
3 2 0 218 
3 2 0 178 
3 2 0 217 
3 2 0 215 
3 2 0 179 
3 2 0 214 
3 2 0 200 
3 2 0 180 
3 2 0 199 
3 2 0 181 
3 2 0 198 
3 2 0 190 
3 2 0 182 
3 2 0 189 
3 2 0 183 
3 2 0 188 
3 2 0 184 
3 2 0 187 
3 2 0 185 
3 2 0 186 
3 2 0 197 
3 2 0 191 
3 2 0 196 
3 2 0 192 
3 2 0 195 
3 2 0 193 
3 2 0 194 
3 2 0 213 
3 2 0 201 
3 2 0 212 
3 2 0 202 
3 2 0 211 
3 2 0 203 
3 2 0 210 
3 2 0 204 
3 2 0 209 
3 2 0 205 
3 2 0 208 
3 2 0 206 
3 2 0 207 
3 2 0 216 
1 1 0 
1 1 0 
1 1 0 
1 1 0 
2 3 285 286 0 
2 3 284 287 0 
2 3 283 288 0 
1 1 0 
1 1 0 
1 1 0 
2 3 291 292 0 
2 3 290 293 0 
1 1 0 
2 3 294 295 0 
1 1 0 
2 3 296 297 0 
1 1 0 
1 1 0 
1 1 0 
2 3 300 301 0 
2 3 299 302 0 
2 3 298 303 0 
1 1 0 
2 3 304 305 0 
2 3 289 306 0 
3 2 0 307 
3 2 0 289 
3 2 0 283 
3 2 0 288 
3 2 0 284 
3 2 0 287 
3 2 0 285 
3 2 0 286 
3 2 0 306 
3 2 0 304 
3 2 0 298 
3 2 0 296 
3 2 0 294 
3 2 0 290 
3 2 0 293 
3 2 0 291 
3 2 0 292 
3 2 0 295 
3 2 0 297 
3 2 0 303 
3 2 0 299 
3 2 0 302 
3 2 0 300 
3 2 0 301 
3 2 0 305 
1 1 0 
1 1 0 
2 3 333 334 0 
1 1 0 
1 1 0 
1 1 0 
2 3 337 338 0 
1 1 0 
1 1 0 
1 1 0 
2 3 341 342 0 
2 3 340 343 0 
2 3 339 344 0 
2 3 336 345 0 
1 1 0 
2 3 346 347 0 
1 1 0 
1 1 0 
1 1 0 
1 1 0 
1 1 0 
1 1 0 
2 3 353 354 0 
1 1 0 
2 3 355 356 0 
1 1 0 
2 3 357 358 0 
1 1 0 
1 1 0 
2 3 360 361 0 
1 1 0 
2 3 362 363 0 
1 1 0 
1 1 0 
2 3 365 366 0 
2 3 364 367 0 
1 1 0 
1 1 0 
1 1 0 
1 1 0 
2 3 371 372 0 
2 3 370 373 0 
2 3 369 374 0 
2 3 368 375 0 
2 3 359 376 0 
2 3 352 377 0 
2 3 351 378 0 
2 3 350 379 0 
2 3 349 380 0 
2 3 348 381 0 
1 1 0 
2 3 382 383 0 
2 3 335 384 0 
3 2 0 385 
3 2 0 335 
3 2 0 333 
3 2 0 334 
3 2 0 384 
3 2 0 382 
3 2 0 348 
3 2 0 346 
3 2 0 336 
3 2 0 345 
3 2 0 339 
3 2 0 337 
3 2 0 338 
3 2 0 344 
3 2 0 340 
3 2 0 343 
3 2 0 341 
3 2 0 342 
3 2 0 347 
3 2 0 381 
3 2 0 349 
3 2 0 380 
3 2 0 350 
3 2 0 379 
3 2 0 351 
3 2 0 378 
3 2 0 352 
3 2 0 377 
3 2 0 359 
3 2 0 357 
3 2 0 355 
3 2 0 353 
3 2 0 354 
3 2 0 356 
3 2 0 358 
3 2 0 376 
3 2 0 368 
3 2 0 364 
3 2 0 362 
3 2 0 360 
3 2 0 361 
3 2 0 363 
3 2 0 367 
3 2 0 365 
3 2 0 366 
3 2 0 375 
3 2 0 369 
3 2 0 374 
3 2 0 370 
3 2 0 373 
3 2 0 371 
3 2 0 372 
3 2 0 383 
1 1 0 
1 1 0 
1 1 0 
1 1 0 
1 1 0 
1 1 0 
1 1 0 
1 1 0 
2 3 445 446 0 
1 1 0 
2 3 447 448 0 
2 3 444 449 0 
2 3 443 450 0 
2 3 442 451 0 
2 3 441 452 0 
2 3 440 453 0 
1 1 0 
2 3 454 455 0 
2 3 439 456 0 
3 2 0 457 
3 2 0 439 
3 2 0 456 
3 2 0 454 
3 2 0 440 
3 2 0 453 
3 2 0 441 
3 2 0 452 
3 2 0 442 
3 2 0 451 
3 2 0 443 
3 2 0 450 
3 2 0 444 
3 2 0 449 
3 2 0 447 
3 2 0 445 
3 2 0 446 
3 2 0 448 
3 2 0 455 
1 1 0 
1 1 0 
1 1 0 
2 3 478 479 0 
1 1 0 
2 3 480 481 0 
1 1 0 
2 3 482 483 0 
2 3 477 484 0 
1 1 0 
2 3 485 486 0 
3 2 0 487 
3 2 0 485 
3 2 0 477 
3 2 0 484 
3 2 0 482 
3 2 0 480 
3 2 0 478 
3 2 0 479 
3 2 0 481 
3 2 0 483 
3 2 0 486 
1 1 0 
1 1 0 
1 1 0 
2 3 500 501 0 
2 3 499 502 0 
1 1 0 
1 1 0 
1 1 0 
1 1 0 
1 1 0 
2 3 507 508 0 
2 3 506 509 0 
1 1 0 
2 3 510 511 0 
2 3 505 512 0 
2 3 504 513 0 
1 1 0 
2 3 514 515 0 
1 1 0 
1 1 0 
2 3 517 518 0 
2 3 516 519 0 
1 1 0 
1 1 0 
1 1 0 
1 1 0 
1 1 0 
1 1 0 
2 3 525 526 0 
2 3 524 527 0 
1 1 0 
2 3 528 529 0 
1 1 0 
2 3 530 531 0 
1 1 0 
2 3 532 533 0 
2 3 523 534 0 
1 1 0 
1 1 0 
1 1 0 
1 1 0 
2 3 538 539 0 
2 3 537 540 0 
1 1 0 
1 1 0 
2 3 542 543 0 
1 1 0 
1 1 0 
1 1 0 
1 1 0 
2 3 547 548 0 
2 3 546 549 0 
2 3 545 550 0 
1 1 0 
1 1 0 
1 1 0 
1 1 0 
2 3 554 555 0 
2 3 553 556 0 
2 3 552 557 0 
2 3 551 558 0 
2 3 544 559 0 
2 3 541 560 0 
2 3 536 561 0 
2 3 535 562 0 
2 3 522 563 0 
2 3 521 564 0 
2 3 520 565 0 
1 1 0 
2 3 566 567 0 
2 3 503 568 0 
3 2 0 569 
3 2 0 503 
3 2 0 499 
3 2 0 502 
3 2 0 500 
3 2 0 501 
3 2 0 568 
3 2 0 566 
3 2 0 520 
3 2 0 516 
3 2 0 514 
3 2 0 504 
3 2 0 513 
3 2 0 505 
3 2 0 512 
3 2 0 510 
3 2 0 506 
3 2 0 509 
3 2 0 507 
3 2 0 508 
3 2 0 511 
3 2 0 515 
3 2 0 519 
3 2 0 517 
3 2 0 518 
3 2 0 565 
3 2 0 521 
3 2 0 564 
3 2 0 522 
3 2 0 563 
3 2 0 535 
3 2 0 523 
3 2 0 534 
3 2 0 532 
3 2 0 530 
3 2 0 528 
3 2 0 524 
3 2 0 527 
3 2 0 525 
3 2 0 526 
3 2 0 529 
3 2 0 531 
3 2 0 533 
3 2 0 562 
3 2 0 536 
3 2 0 561 
3 2 0 541 
3 2 0 537 
3 2 0 540 
3 2 0 538 
3 2 0 539 
3 2 0 560 
3 2 0 544 
3 2 0 542 
3 2 0 543 
3 2 0 559 
3 2 0 551 
3 2 0 545 
3 2 0 550 
3 2 0 546 
3 2 0 549 
3 2 0 547 
3 2 0 548 
3 2 0 558 
3 2 0 552 
3 2 0 557 
3 2 0 553 
3 2 0 556 
3 2 0 554 
3 2 0 555 
3 2 0 567 
1 1 0 
1 1 0 
1 1 0 
1 1 0 
1 1 0 
1 1 0 
1 1 0 
2 3 646 647 0 
2 3 645 648 0 
2 3 644 649 0 
2 3 643 650 0 
1 1 0 
1 1 0 
1 1 0 
2 3 653 654 0 
1 1 0 
2 3 655 656 0 
2 3 652 657 0 
2 3 651 658 0 
1 1 0 
2 3 659 660 0 
1 1 0 
1 1 0 
1 1 0 
2 3 663 664 0 
1 1 0 
2 3 665 666 0 
2 3 662 667 0 
1 1 0 
1 1 0 
1 1 0 
1 1 0 
1 1 0 
1 1 0 
1 1 0 
2 3 674 675 0 
1 1 0 
2 3 676 677 0 
1 1 0 
1 1 0 
2 3 679 680 0 
2 3 678 681 0 
2 3 673 682 0 
2 3 672 683 0 
2 3 671 684 0 
2 3 670 685 0 
2 3 669 686 0 
2 3 668 687 0 
2 3 661 688 0 
2 3 642 689 0 
1 1 0 
2 3 690 691 0 
2 3 641 692 0 
3 2 0 693 
3 2 0 641 
3 2 0 692 
3 2 0 690 
3 2 0 642 
3 2 0 689 
3 2 0 661 
3 2 0 659 
3 2 0 651 
3 2 0 643 
3 2 0 650 
3 2 0 644 
3 2 0 649 
3 2 0 645 
3 2 0 648 
3 2 0 646 
3 2 0 647 
3 2 0 658 
3 2 0 652 
3 2 0 657 
3 2 0 655 
3 2 0 653 
3 2 0 654 
3 2 0 656 
3 2 0 660 
3 2 0 688 
3 2 0 668 
3 2 0 662 
3 2 0 667 
3 2 0 665 
3 2 0 663 
3 2 0 664 
3 2 0 666 
3 2 0 687 
3 2 0 669 
3 2 0 686 
3 2 0 670 
3 2 0 685 
3 2 0 671 
3 2 0 684 
3 2 0 672 
3 2 0 683 
3 2 0 673 
3 2 0 682 
3 2 0 678 
3 2 0 676 
3 2 0 674 
3 2 0 675 
3 2 0 677 
3 2 0 681 
3 2 0 679 
3 2 0 680 
3 2 0 691 
1 1 0 
1 1 0 
1 1 0 
1 1 0 
2 3 749 750 0 
2 3 748 751 0 
2 3 747 752 0 
1 1 0 
1 1 0 
1 1 0 
2 3 755 756 0 
2 3 754 757 0 
2 3 753 758 0 
1 1 0 
2 3 759 760 0 
1 1 0 
1 1 0 
1 1 0 
1 1 0 
1 1 0 
2 3 765 766 0 
2 3 764 767 0 
2 3 763 768 0 
2 3 762 769 0 
2 3 761 770 0 
1 1 0 
2 3 771 772 0 
3 2 0 773 
3 2 0 771 
3 2 0 761 
3 2 0 759 
3 2 0 753 
3 2 0 747 
3 2 0 752 
3 2 0 748 
3 2 0 751 
3 2 0 749 
3 2 0 750 
3 2 0 758 
3 2 0 754 
3 2 0 757 
3 2 0 755 
3 2 0 756 
3 2 0 760 
3 2 0 770 
3 2 0 762 
3 2 0 769 
3 2 0 763 
3 2 0 768 
3 2 0 764 
3 2 0 767 
3 2 0 765 
3 2 0 766 
3 2 0 772 
1 1 0 
1 1 0 
1 1 0 
1 1 0 
2 3 803 804 0 
2 3 802 805 0 
2 3 801 806 0 
1 1 0 
1 1 0 
1 1 0 
1 1 0 
2 3 810 811 0 
1 1 0 
2 3 812 813 0 
1 1 0 
2 3 814 815 0 
2 3 809 816 0 
2 3 808 817 0 
2 3 807 818 0 
3 2 0 819 
3 2 0 807 
3 2 0 801 
3 2 0 806 
3 2 0 802 
3 2 0 805 
3 2 0 803 
3 2 0 804 
3 2 0 818 
3 2 0 808 
3 2 0 817 
3 2 0 809 
3 2 0 816 
3 2 0 814 
3 2 0 812 
3 2 0 810 
3 2 0 811 
3 2 0 813 
3 2 0 815 
1 1 0 
1 1 0 
2 3 839 840 0 
1 1 0 
1 1 0 
2 3 842 843 0 
2 3 841 844 0 
1 1 0 
1 1 0 
1 1 0 
2 3 847 848 0 
1 1 0 
1 1 0 
1 1 0 
1 1 0 
2 3 852 853 0 
1 1 0 
1 1 0 
1 1 0 
2 3 856 857 0 
2 3 855 858 0 
2 3 854 859 0 
1 1 0 
2 3 860 861 0 
2 3 851 862 0 
1 1 0 
1 1 0 
1 1 0 
1 1 0 
2 3 866 867 0 
2 3 865 868 0 
2 3 864 869 0 
2 3 863 870 0 
2 3 850 871 0 
2 3 849 872 0 
2 3 846 873 0 
2 3 845 874 0 
1 1 0 
2 3 875 876 0 
1 1 0 
2 3 877 878 0 
1 1 0 
1 1 0 
1 1 0 
1 1 0 
1 1 0 
2 3 883 884 0 
2 3 882 885 0 
2 3 881 886 0 
2 3 880 887 0 
1 1 0 
1 1 0 
1 1 0 
1 1 0 
1 1 0 
2 3 892 893 0 
2 3 891 894 0 
2 3 890 895 0 
2 3 889 896 0 
2 3 888 897 0 
2 3 879 898 0 
1 1 0 
2 3 899 900 0 
3 2 0 901 
3 2 0 899 
3 2 0 879 
3 2 0 877 
3 2 0 875 
3 2 0 845 
3 2 0 841 
3 2 0 839 
3 2 0 840 
3 2 0 844 
3 2 0 842 
3 2 0 843 
3 2 0 874 
3 2 0 846 
3 2 0 873 
3 2 0 849 
3 2 0 847 
3 2 0 848 
3 2 0 872 
3 2 0 850 
3 2 0 871 
3 2 0 863 
3 2 0 851 
3 2 0 862 
3 2 0 860 
3 2 0 854 
3 2 0 852 
3 2 0 853 
3 2 0 859 
3 2 0 855 
3 2 0 858 
3 2 0 856 
3 2 0 857 
3 2 0 861 
3 2 0 870 
3 2 0 864 
3 2 0 869 
3 2 0 865 
3 2 0 868 
3 2 0 866 
3 2 0 867 
3 2 0 876 
3 2 0 878 
3 2 0 898 
3 2 0 888 
3 2 0 880 
3 2 0 887 
3 2 0 881 
3 2 0 886 
3 2 0 882 
3 2 0 885 
3 2 0 883 
3 2 0 884 
3 2 0 897 
3 2 0 889 
3 2 0 896 
3 2 0 890 
3 2 0 895 
3 2 0 891 
3 2 0 894 
3 2 0 892 
3 2 0 893 
3 2 0 900 
1 1 0 
1 1 0 
1 1 0 
1 1 0 
1 1 0 
2 3 968 969 0 
1 1 0 
1 1 0 
1 1 0 
2 3 972 973 0 
2 3 971 974 0 
2 3 970 975 0 
2 3 967 976 0 
2 3 966 977 0 
2 3 965 978 0 
1 1 0 
1 1 0 
1 1 0 
1 1 0 
1 1 0 
1 1 0 
2 3 984 985 0 
2 3 983 986 0 
1 1 0 
2 3 987 988 0 
2 3 982 989 0 
2 3 981 990 0 
2 3 980 991 0 
2 3 979 992 0 
3 2 0 993 
3 2 0 979 
3 2 0 965 
3 2 0 978 
3 2 0 966 
3 2 0 977 
3 2 0 967 
3 2 0 976 
3 2 0 970 
3 2 0 968 
3 2 0 969 
3 2 0 975 
3 2 0 971 
3 2 0 974 
3 2 0 972 
3 2 0 973 
3 2 0 992 
3 2 0 980 
3 2 0 991 
3 2 0 981 
3 2 0 990 
3 2 0 982 
3 2 0 989 
3 2 0 987 
3 2 0 983 
3 2 0 986 
3 2 0 984 
3 2 0 985 
3 2 0 988 
1 1 0 
1 1 0 
1 1 0 
1 1 0 
1 1 0 
2 3 1026 1027 0 
2 3 1025 1028 0 
2 3 1024 1029 0 
1 1 0 
2 3 1030 1031 0 
1 1 0 
2 3 1032 1033 0 
1 1 0 
2 3 1034 1035 0 
2 3 1023 1036 0 
3 2 0 1037 
3 2 0 1023 
3 2 0 1036 
3 2 0 1034 
3 2 0 1032 
3 2 0 1030 
3 2 0 1024 
3 2 0 1029 
3 2 0 1025 
3 2 0 1028 
3 2 0 1026 
3 2 0 1027 
3 2 0 1031 
3 2 0 1033 
3 2 0 1035 
1 1 0 
1 1 0 
2 3 1053 1054 0 
1 1 0 
1 1 0 
1 1 0 
1 1 0 
2 3 1058 1059 0 
1 1 0 
1 1 0 
1 1 0 
2 3 1062 1063 0 
1 1 0 
1 1 0 
1 1 0 
1 1 0 
1 1 0 
1 1 0 
2 3 1069 1070 0 
2 3 1068 1071 0 
2 3 1067 1072 0 
2 3 1066 1073 0 
2 3 1065 1074 0 
2 3 1064 1075 0 
2 3 1061 1076 0 
2 3 1060 1077 0 
2 3 1057 1078 0 
2 3 1056 1079 0 
1 1 0 
2 3 1080 1081 0 
2 3 1055 1082 0 
3 2 0 1083 
3 2 0 1055 
3 2 0 1053 
3 2 0 1054 
3 2 0 1082 
3 2 0 1080 
3 2 0 1056 
3 2 0 1079 
3 2 0 1057 
3 2 0 1078 
3 2 0 1060 
3 2 0 1058 
3 2 0 1059 
3 2 0 1077 
3 2 0 1061 
3 2 0 1076 
3 2 0 1064 
3 2 0 1062 
3 2 0 1063 
3 2 0 1075 
3 2 0 1065 
3 2 0 1074 
3 2 0 1066 
3 2 0 1073 
3 2 0 1067 
3 2 0 1072 
3 2 0 1068 
3 2 0 1071 
3 2 0 1069 
3 2 0 1070 
3 2 0 1081 
1 1 0 
1 1 0 
1 1 0 
1 1 0 
1 1 0 
1 1 0 
2 3 1119 1120 0 
1 1 0 
2 3 1121 1122 0 
1 1 0 
2 3 1123 1124 0 
1 1 0 
2 3 1125 1126 0 
2 3 1118 1127 0 
2 3 1117 1128 0 
2 3 1116 1129 0 
2 3 1115 1130 0 
1 1 0 
1 1 0 
1 1 0 
2 3 1133 1134 0 
2 3 1132 1135 0 
2 3 1131 1136 0 
3 2 0 1137 
3 2 0 1131 
3 2 0 1115 
3 2 0 1130 
3 2 0 1116 
3 2 0 1129 
3 2 0 1117 
3 2 0 1128 
3 2 0 1118 
3 2 0 1127 
3 2 0 1125 
3 2 0 1123 
3 2 0 1121 
3 2 0 1119 
3 2 0 1120 
3 2 0 1122 
3 2 0 1124 
3 2 0 1126 
3 2 0 1136 
3 2 0 1132 
3 2 0 1135 
3 2 0 1133 
3 2 0 1134 
1 1 0 
1 1 0 
1 1 0 
1 1 0 
1 1 0 
2 3 1164 1165 0 
2 3 1163 1166 0 
2 3 1162 1167 0 
2 3 1161 1168 0 
3 2 0 1169 
3 2 0 1161 
3 2 0 1168 
3 2 0 1162 
3 2 0 1167 
3 2 0 1163 
3 2 0 1166 
3 2 0 1164 
3 2 0 1165 
1 1 0 
1 1 0 
2 3 1179 1180 0 
1 1 0 
1 1 0 
1 1 0 
1 1 0 
2 3 1184 1185 0 
2 3 1183 1186 0 
1 1 0 
1 1 0 
1 1 0 
2 3 1189 1190 0 
1 1 0 
1 1 0 
1 1 0 
2 3 1193 1194 0 
1 1 0 
2 3 1195 1196 0 
1 1 0 
1 1 0 
2 3 1198 1199 0 
2 3 1197 1200 0 
1 1 0 
2 3 1201 1202 0 
1 1 0 
2 3 1203 1204 0 
2 3 1192 1205 0 
2 3 1191 1206 0 
2 3 1188 1207 0 
2 3 1187 1208 0 
2 3 1182 1209 0 
2 3 1181 1210 0 
1 1 0 
2 3 1211 1212 0 
1 1 0 
2 3 1213 1214 0 
1 1 0 
1 1 0 
1 1 0 
2 3 1217 1218 0 
2 3 1216 1219 0 
1 1 0 
1 1 0 
1 1 0 
1 1 0 
2 3 1223 1224 0 
2 3 1222 1225 0 
2 3 1221 1226 0 
2 3 1220 1227 0 
1 1 0 
1 1 0 
1 1 0 
2 3 1230 1231 0 
2 3 1229 1232 0 
1 1 0 
1 1 0 
1 1 0 
1 1 0 
2 3 1236 1237 0 
2 3 1235 1238 0 
2 3 1234 1239 0 
2 3 1233 1240 0 
2 3 1228 1241 0 
2 3 1215 1242 0 
1 1 0 
2 3 1243 1244 0 
3 2 0 1245 
3 2 0 1243 
3 2 0 1215 
3 2 0 1213 
3 2 0 1211 
3 2 0 1181 
3 2 0 1179 
3 2 0 1180 
3 2 0 1210 
3 2 0 1182 
3 2 0 1209 
3 2 0 1187 
3 2 0 1183 
3 2 0 1186 
3 2 0 1184 
3 2 0 1185 
3 2 0 1208 
3 2 0 1188 
3 2 0 1207 
3 2 0 1191 
3 2 0 1189 
3 2 0 1190 
3 2 0 1206 
3 2 0 1192 
3 2 0 1205 
3 2 0 1203 
3 2 0 1201 
3 2 0 1197 
3 2 0 1195 
3 2 0 1193 
3 2 0 1194 
3 2 0 1196 
3 2 0 1200 
3 2 0 1198 
3 2 0 1199 
3 2 0 1202 
3 2 0 1204 
3 2 0 1212 
3 2 0 1214 
3 2 0 1242 
3 2 0 1228 
3 2 0 1220 
3 2 0 1216 
3 2 0 1219 
3 2 0 1217 
3 2 0 1218 
3 2 0 1227 
3 2 0 1221 
3 2 0 1226 
3 2 0 1222 
3 2 0 1225 
3 2 0 1223 
3 2 0 1224 
3 2 0 1241 
3 2 0 1233 
3 2 0 1229 
3 2 0 1232 
3 2 0 1230 
3 2 0 1231 
3 2 0 1240 
3 2 0 1234 
3 2 0 1239 
3 2 0 1235 
3 2 0 1238 
3 2 0 1236 
3 2 0 1237 
3 2 0 1244 
1 1 0 
1 1 0 
1 1 0 
1 1 0 
2 3 1315 1316 0 
1 1 0 
1 1 0 
1 1 0 
2 3 1319 1320 0 
1 1 0 
2 3 1321 1322 0 
2 3 1318 1323 0 
2 3 1317 1324 0 
2 3 1314 1325 0 
2 3 1313 1326 0 
3 2 0 1327 
3 2 0 1313 
3 2 0 1326 
3 2 0 1314 
3 2 0 1325 
3 2 0 1317 
3 2 0 1315 
3 2 0 1316 
3 2 0 1324 
3 2 0 1318 
3 2 0 1323 
3 2 0 1321 
3 2 0 1319 
3 2 0 1320 
3 2 0 1322 
1 1 0 
1 1 0 
1 1 0 
1 1 0 
1 1 0 
1 1 0 
1 1 0 
2 3 1348 1349 0 
2 3 1347 1350 0 
2 3 1346 1351 0 
1 1 0 
1 1 0 
1 1 0 
2 3 1354 1355 0 
1 1 0 
1 1 0 
2 3 1357 1358 0 
2 3 1356 1359 0 
2 3 1353 1360 0 
2 3 1352 1361 0 
2 3 1345 1362 0 
2 3 1344 1363 0 
2 3 1343 1364 0 
1 1 0 
1 1 0 
1 1 0 
1 1 0 
2 3 1368 1369 0 
2 3 1367 1370 0 
1 1 0 
1 1 0 
1 1 0 
1 1 0 
1 1 0 
2 3 1375 1376 0 
1 1 0 
1 1 0 
1 1 0 
1 1 0 
2 3 1380 1381 0 
2 3 1379 1382 0 
1 1 0 
1 1 0 
2 3 1384 1385 0 
2 3 1383 1386 0 
2 3 1378 1387 0 
2 3 1377 1388 0 
2 3 1374 1389 0 
2 3 1373 1390 0 
2 3 1372 1391 0 
1 1 0 
2 3 1392 1393 0 
2 3 1371 1394 0 
2 3 1366 1395 0 
2 3 1365 1396 0 
3 2 0 1397 
3 2 0 1365 
3 2 0 1343 
3 2 0 1364 
3 2 0 1344 
3 2 0 1363 
3 2 0 1345 
3 2 0 1362 
3 2 0 1352 
3 2 0 1346 
3 2 0 1351 
3 2 0 1347 
3 2 0 1350 
3 2 0 1348 
3 2 0 1349 
3 2 0 1361 
3 2 0 1353 
3 2 0 1360 
3 2 0 1356 
3 2 0 1354 
3 2 0 1355 
3 2 0 1359 
3 2 0 1357 
3 2 0 1358 
3 2 0 1396 
3 2 0 1366 
3 2 0 1395 
3 2 0 1371 
3 2 0 1367 
3 2 0 1370 
3 2 0 1368 
3 2 0 1369 
3 2 0 1394 
3 2 0 1392 
3 2 0 1372 
3 2 0 1391 
3 2 0 1373 
3 2 0 1390 
3 2 0 1374 
3 2 0 1389 
3 2 0 1377 
3 2 0 1375 
3 2 0 1376 
3 2 0 1388 
3 2 0 1378 
3 2 0 1387 
3 2 0 1383 
3 2 0 1379 
3 2 0 1382 
3 2 0 1380 
3 2 0 1381 
3 2 0 1386 
3 2 0 1384 
3 2 0 1385 
3 2 0 1393 
1 1 0 
1 1 0 
1 1 0 
1 1 0 
2 3 1455 1456 0 
1 1 0 
1 1 0 
1 1 0 
2 3 1459 1460 0 
1 1 0 
1 1 0 
1 1 0 
1 1 0 
2 3 1464 1465 0 
2 3 1463 1466 0 
2 3 1462 1467 0 
2 3 1461 1468 0 
1 1 0 
2 3 1469 1470 0 
1 1 0 
1 1 0 
1 1 0 
1 1 0 
2 3 1474 1475 0 
1 1 0 
1 1 0 
1 1 0 
2 3 1478 1479 0 
1 1 0 
2 3 1480 1481 0 
2 3 1477 1482 0 
2 3 1476 1483 0 
2 3 1473 1484 0 
2 3 1472 1485 0 
2 3 1471 1486 0 
2 3 1458 1487 0 
2 3 1457 1488 0 
2 3 1454 1489 0 
1 1 0 
2 3 1490 1491 0 
2 3 1453 1492 0 
3 2 0 1493 
3 2 0 1453 
3 2 0 1492 
3 2 0 1490 
3 2 0 1454 
3 2 0 1489 
3 2 0 1457 
3 2 0 1455 
3 2 0 1456 
3 2 0 1488 
3 2 0 1458 
3 2 0 1487 
3 2 0 1471 
3 2 0 1469 
3 2 0 1461 
3 2 0 1459 
3 2 0 1460 
3 2 0 1468 
3 2 0 1462 
3 2 0 1467 
3 2 0 1463 
3 2 0 1466 
3 2 0 1464 
3 2 0 1465 
3 2 0 1470 
3 2 0 1486 
3 2 0 1472 
3 2 0 1485 
3 2 0 1473 
3 2 0 1484 
3 2 0 1476 
3 2 0 1474 
3 2 0 1475 
3 2 0 1483 
3 2 0 1477 
3 2 0 1482 
3 2 0 1480 
3 2 0 1478 
3 2 0 1479 
3 2 0 1481 
3 2 0 1491 
1 1 0 
1 1 0 
1 1 0 
1 1 0 
2 3 1537 1538 0 
1 1 0 
1 1 0 
1 1 0 
2 3 1541 1542 0 
2 3 1540 1543 0 
1 1 0 
1 1 0 
1 1 0 
2 3 1546 1547 0 
1 1 0 
1 1 0 
1 1 0 
1 1 0 
2 3 1551 1552 0 
2 3 1550 1553 0 
1 1 0 
2 3 1554 1555 0 
1 1 0 
2 3 1556 1557 0 
1 1 0 
2 3 1558 1559 0 
2 3 1549 1560 0 
2 3 1548 1561 0 
2 3 1545 1562 0 
2 3 1544 1563 0 
1 1 0 
1 1 0 
1 1 0 
2 3 1566 1567 0 
1 1 0 
2 3 1568 1569 0 
1 1 0 
1 1 0 
1 1 0 
1 1 0 
2 3 1573 1574 0 
2 3 1572 1575 0 
2 3 1571 1576 0 
2 3 1570 1577 0 
2 3 1565 1578 0 
2 3 1564 1579 0 
2 3 1539 1580 0 
2 3 1536 1581 0 
2 3 1535 1582 0 
1 1 0 
1 1 0 
1 1 0 
1 1 0 
1 1 0 
2 3 1587 1588 0 
2 3 1586 1589 0 
2 3 1585 1590 0 
1 1 0 
2 3 1591 1592 0 
2 3 1584 1593 0 
2 3 1583 1594 0 
3 2 0 1595 
3 2 0 1583 
3 2 0 1535 
3 2 0 1582 
3 2 0 1536 
3 2 0 1581 
3 2 0 1539 
3 2 0 1537 
3 2 0 1538 
3 2 0 1580 
3 2 0 1564 
3 2 0 1544 
3 2 0 1540 
3 2 0 1543 
3 2 0 1541 
3 2 0 1542 
3 2 0 1563 
3 2 0 1545 
3 2 0 1562 
3 2 0 1548 
3 2 0 1546 
3 2 0 1547 
3 2 0 1561 
3 2 0 1549 
3 2 0 1560 
3 2 0 1558 
3 2 0 1556 
3 2 0 1554 
3 2 0 1550 
3 2 0 1553 
3 2 0 1551 
3 2 0 1552 
3 2 0 1555 
3 2 0 1557 
3 2 0 1559 
3 2 0 1579 
3 2 0 1565 
3 2 0 1578 
3 2 0 1570 
3 2 0 1568 
3 2 0 1566 
3 2 0 1567 
3 2 0 1569 
3 2 0 1577 
3 2 0 1571 
3 2 0 1576 
3 2 0 1572 
3 2 0 1575 
3 2 0 1573 
3 2 0 1574 
3 2 0 1594 
3 2 0 1584 
3 2 0 1593 
3 2 0 1591 
3 2 0 1585 
3 2 0 1590 
3 2 0 1586 
3 2 0 1589 
3 2 0 1587 
3 2 0 1588 
3 2 0 1592 
1 1 0 
1 1 0 
1 1 0 
1 1 0 
1 1 0 
2 3 1660 1661 0 
2 3 1659 1662 0 
1 1 0 
1 1 0 
1 1 0 
1 1 0 
2 3 1666 1667 0 
2 3 1665 1668 0 
2 3 1664 1669 0 
2 3 1663 1670 0 
2 3 1658 1671 0 
1 1 0 
2 3 1672 1673 0 
2 3 1657 1674 0 
3 2 0 1675 
3 2 0 1657 
3 2 0 1674 
3 2 0 1672 
3 2 0 1658 
3 2 0 1671 
3 2 0 1663 
3 2 0 1659 
3 2 0 1662 
3 2 0 1660 
3 2 0 1661 
3 2 0 1670 
3 2 0 1664 
3 2 0 1669 
3 2 0 1665 
3 2 0 1668 
3 2 0 1666 
3 2 0 1667 
3 2 0 1673 
1 1 0 
1 1 0 
1 1 0 
2 3 1696 1697 0 
1 1 0 
1 1 0 
1 1 0 
2 3 1700 1701 0 
2 3 1699 1702 0 
2 3 1698 1703 0 
1 1 0 
1 1 0 
1 1 0 
1 1 0 
1 1 0 
2 3 1708 1709 0 
2 3 1707 1710 0 
2 3 1706 1711 0 
1 1 0 
2 3 1712 1713 0 
1 1 0 
1 1 0 
1 1 0 
1 1 0 
1 1 0 
1 1 0 
2 3 1719 1720 0 
2 3 1718 1721 0 
2 3 1717 1722 0 
2 3 1716 1723 0 
2 3 1715 1724 0 
2 3 1714 1725 0 
2 3 1705 1726 0 
2 3 1704 1727 0 
1 1 0 
2 3 1728 1729 0 
2 3 1695 1730 0 
3 2 0 1731 
3 2 0 1695 
3 2 0 1730 
3 2 0 1728 
3 2 0 1704 
3 2 0 1698 
3 2 0 1696 
3 2 0 1697 
3 2 0 1703 
3 2 0 1699 
3 2 0 1702 
3 2 0 1700 
3 2 0 1701 
3 2 0 1727 
3 2 0 1705 
3 2 0 1726 
3 2 0 1714 
3 2 0 1712 
3 2 0 1706 
3 2 0 1711 
3 2 0 1707 
3 2 0 1710 
3 2 0 1708 
3 2 0 1709 
3 2 0 1713 
3 2 0 1725 
3 2 0 1715 
3 2 0 1724 
3 2 0 1716 
3 2 0 1723 
3 2 0 1717 
3 2 0 1722 
3 2 0 1718 
3 2 0 1721 
3 2 0 1719 
3 2 0 1720 
3 2 0 1729 
1 1 0 
1 1 0 
1 1 0 
2 3 1770 1771 0 
1 1 0 
1 1 0 
1 1 0 
1 1 0 
2 3 1775 1776 0 
2 3 1774 1777 0 
1 1 0 
1 1 0 
1 1 0 
1 1 0 
1 1 0 
1 1 0 
2 3 1783 1784 0 
1 1 0 
1 1 0 
1 1 0 
2 3 1787 1788 0 
1 1 0 
1 1 0 
1 1 0 
2 3 1791 1792 0 
1 1 0 
1 1 0 
1 1 0 
1 1 0 
2 3 1796 1797 0 
2 3 1795 1798 0 
2 3 1794 1799 0 
2 3 1793 1800 0 
2 3 1790 1801 0 
2 3 1789 1802 0 
2 3 1786 1803 0 
2 3 1785 1804 0 
2 3 1782 1805 0 
2 3 1781 1806 0 
2 3 1780 1807 0 
2 3 1779 1808 0 
2 3 1778 1809 0 
2 3 1773 1810 0 
1 1 0 
2 3 1811 1812 0 
2 3 1772 1813 0 
2 3 1769 1814 0 
3 2 0 1815 
3 2 0 1769 
3 2 0 1814 
3 2 0 1772 
3 2 0 1770 
3 2 0 1771 
3 2 0 1813 
3 2 0 1811 
3 2 0 1773 
3 2 0 1810 
3 2 0 1778 
3 2 0 1774 
3 2 0 1777 
3 2 0 1775 
3 2 0 1776 
3 2 0 1809 
3 2 0 1779 
3 2 0 1808 
3 2 0 1780 
3 2 0 1807 
3 2 0 1781 
3 2 0 1806 
3 2 0 1782 
3 2 0 1805 
3 2 0 1785 
3 2 0 1783 
3 2 0 1784 
3 2 0 1804 
3 2 0 1786 
3 2 0 1803 
3 2 0 1789 
3 2 0 1787 
3 2 0 1788 
3 2 0 1802 
3 2 0 1790 
3 2 0 1801 
3 2 0 1793 
3 2 0 1791 
3 2 0 1792 
3 2 0 1800 
3 2 0 1794 
3 2 0 1799 
3 2 0 1795 
3 2 0 1798 
3 2 0 1796 
3 2 0 1797 
3 2 0 1812 
1 1 0 
1 1 0 
1 1 0 
1 1 0 
1 1 0 
2 3 1866 1867 0 
2 3 1865 1868 0 
1 1 0 
2 3 1869 1870 0 
1 1 0 
1 1 0 
1 1 0 
1 1 0 
1 1 0 
1 1 0 
2 3 1876 1877 0 
2 3 1875 1878 0 
2 3 1874 1879 0 
1 1 0 
1 1 0 
1 1 0 
2 3 1882 1883 0 
1 1 0 
2 3 1884 1885 0 
2 3 1881 1886 0 
2 3 1880 1887 0 
2 3 1873 1888 0 
2 3 1872 1889 0 
2 3 1871 1890 0 
2 3 1864 1891 0 
1 1 0 
2 3 1892 1893 0 
2 3 1863 1894 0 
3 2 0 1895 
3 2 0 1863 
3 2 0 1894 
3 2 0 1892 
3 2 0 1864 
3 2 0 1891 
3 2 0 1871 
3 2 0 1869 
3 2 0 1865 
3 2 0 1868 
3 2 0 1866 
3 2 0 1867 
3 2 0 1870 
3 2 0 1890 
3 2 0 1872 
3 2 0 1889 
3 2 0 1873 
3 2 0 1888 
3 2 0 1880 
3 2 0 1874 
3 2 0 1879 
3 2 0 1875 
3 2 0 1878 
3 2 0 1876 
3 2 0 1877 
3 2 0 1887 
3 2 0 1881 
3 2 0 1886 
3 2 0 1884 
3 2 0 1882 
3 2 0 1883 
3 2 0 1885 
3 2 0 1893 
1 1 0 
1 1 0 
1 1 0 
1 1 0 
2 3 1931 1932 0 
2 3 1930 1933 0 
1 1 0 
1 1 0 
1 1 0 
2 3 1936 1937 0 
2 3 1935 1938 0 
2 3 1934 1939 0 
2 3 1929 1940 0 
1 1 0 
2 3 1941 1942 0 
3 2 0 1943 
3 2 0 1941 
3 2 0 1929 
3 2 0 1940 
3 2 0 1934 
3 2 0 1930 
3 2 0 1933 
3 2 0 1931 
3 2 0 1932 
3 2 0 1939 
3 2 0 1935 
3 2 0 1938 
3 2 0 1936 
3 2 0 1937 
3 2 0 1942 
1 1 0 
1 1 0 
2 3 1959 1960 0 
1 1 0 
1 1 0 
1 1 0 
1 1 0 
2 3 1964 1965 0 
2 3 1963 1966 0 
2 3 1962 1967 0 
1 1 0 
1 1 0 
2 3 1969 1970 0 
2 3 1968 1971 0 
1 1 0 
2 3 1972 1973 0 
1 1 0 
2 3 1974 1975 0 
1 1 0 
1 1 0 
1 1 0 
1 1 0 
1 1 0 
1 1 0 
2 3 1981 1982 0 
2 3 1980 1983 0 
1 1 0 
1 1 0 
1 1 0 
2 3 1986 1987 0 
2 3 1985 1988 0 
2 3 1984 1989 0 
2 3 1979 1990 0 
2 3 1978 1991 0 
1 1 0 
1 1 0 
2 3 1993 1994 0 
1 1 0 
2 3 1995 1996 0 
2 3 1992 1997 0 
2 3 1977 1998 0 
2 3 1976 1999 0 
1 1 0 
1 1 0 
1 1 0 
1 1 0 
1 1 0 
1 1 0 
2 3 2005 2006 0 
1 1 0 
1 1 0 
2 3 2008 2009 0 
2 3 2007 2010 0 
2 3 2004 2011 0 
2 3 2003 2012 0 
2 3 2002 2013 0 
2 3 2001 2014 0 
2 3 2000 2015 0 
1 1 0 
2 3 2016 2017 0 
2 3 1961 2018 0 
3 2 0 2019 
3 2 0 1961 
3 2 0 1959 
3 2 0 1960 
3 2 0 2018 
3 2 0 2016 
3 2 0 2000 
3 2 0 1976 
3 2 0 1974 
3 2 0 1972 
3 2 0 1968 
3 2 0 1962 
3 2 0 1967 
3 2 0 1963 
3 2 0 1966 
3 2 0 1964 
3 2 0 1965 
3 2 0 1971 
3 2 0 1969 
3 2 0 1970 
3 2 0 1973 
3 2 0 1975 
3 2 0 1999 
3 2 0 1977 
3 2 0 1998 
3 2 0 1992 
3 2 0 1978 
3 2 0 1991 
3 2 0 1979 
3 2 0 1990 
3 2 0 1984 
3 2 0 1980 
3 2 0 1983 
3 2 0 1981 
3 2 0 1982 
3 2 0 1989 
3 2 0 1985 
3 2 0 1988 
3 2 0 1986 
3 2 0 1987 
3 2 0 1997 
3 2 0 1995 
3 2 0 1993 
3 2 0 1994 
3 2 0 1996 
3 2 0 2015 
3 2 0 2001 
3 2 0 2014 
3 2 0 2002 
3 2 0 2013 
3 2 0 2003 
3 2 0 2012 
3 2 0 2004 
3 2 0 2011 
3 2 0 2007 
3 2 0 2005 
3 2 0 2006 
3 2 0 2010 
3 2 0 2008 
3 2 0 2009 
3 2 0 2017 
1 1 0 
1 1 0 
1 1 0 
2 3 2082 2083 0 
2 3 2081 2084 0 
1 1 0 
1 1 0 
1 1 0 
2 3 2087 2088 0 
1 1 0 
1 1 0 
1 1 0 
1 1 0 
2 3 2092 2093 0 
2 3 2091 2094 0 
2 3 2090 2095 0 
2 3 2089 2096 0 
2 3 2086 2097 0 
1 1 0 
2 3 2098 2099 0 
2 3 2085 2100 0 
3 2 0 2101 
3 2 0 2085 
3 2 0 2081 
3 2 0 2084 
3 2 0 2082 
3 2 0 2083 
3 2 0 2100 
3 2 0 2098 
3 2 0 2086 
3 2 0 2097 
3 2 0 2089 
3 2 0 2087 
3 2 0 2088 
3 2 0 2096 
3 2 0 2090 
3 2 0 2095 
3 2 0 2091 
3 2 0 2094 
3 2 0 2092 
3 2 0 2093 
3 2 0 2099 
1 1 0 
1 1 0 
1 1 0 
1 1 0 
1 1 0 
1 1 0 
2 3 2127 2128 0 
2 3 2126 2129 0 
1 1 0 
1 1 0 
2 3 2131 2132 0 
2 3 2130 2133 0 
2 3 2125 2134 0 
2 3 2124 2135 0 
2 3 2123 2136 0 
1 1 0 
1 1 0 
1 1 0 
1 1 0 
1 1 0 
1 1 0 
1 1 0 
1 1 0 
1 1 0 
1 1 0 
1 1 0 
1 1 0 
2 3 2148 2149 0 
2 3 2147 2150 0 
2 3 2146 2151 0 
1 1 0 
1 1 0 
1 1 0 
2 3 2154 2155 0 
2 3 2153 2156 0 
1 1 0 
1 1 0 
1 1 0 
1 1 0 
1 1 0 
2 3 2161 2162 0 
2 3 2160 2163 0 
2 3 2159 2164 0 
1 1 0 
1 1 0 
1 1 0 
2 3 2167 2168 0 
2 3 2166 2169 0 
2 3 2165 2170 0 
2 3 2158 2171 0 
2 3 2157 2172 0 
2 3 2152 2173 0 
2 3 2145 2174 0 
2 3 2144 2175 0 
2 3 2143 2176 0 
2 3 2142 2177 0 
2 3 2141 2178 0 
2 3 2140 2179 0 
1 1 0 
2 3 2180 2181 0 
2 3 2139 2182 0 
2 3 2138 2183 0 
2 3 2137 2184 0 
3 2 0 2185 
3 2 0 2137 
3 2 0 2123 
3 2 0 2136 
3 2 0 2124 
3 2 0 2135 
3 2 0 2125 
3 2 0 2134 
3 2 0 2130 
3 2 0 2126 
3 2 0 2129 
3 2 0 2127 
3 2 0 2128 
3 2 0 2133 
3 2 0 2131 
3 2 0 2132 
3 2 0 2184 
3 2 0 2138 
3 2 0 2183 
3 2 0 2139 
3 2 0 2182 
3 2 0 2180 
3 2 0 2140 
3 2 0 2179 
3 2 0 2141 
3 2 0 2178 
3 2 0 2142 
3 2 0 2177 
3 2 0 2143 
3 2 0 2176 
3 2 0 2144 
3 2 0 2175 
3 2 0 2145 
3 2 0 2174 
3 2 0 2152 
3 2 0 2146 
3 2 0 2151 
3 2 0 2147 
3 2 0 2150 
3 2 0 2148 
3 2 0 2149 
3 2 0 2173 
3 2 0 2157 
3 2 0 2153 
3 2 0 2156 
3 2 0 2154 
3 2 0 2155 
3 2 0 2172 
3 2 0 2158 
3 2 0 2171 
3 2 0 2165 
3 2 0 2159 
3 2 0 2164 
3 2 0 2160 
3 2 0 2163 
3 2 0 2161 
3 2 0 2162 
3 2 0 2170 
3 2 0 2166 
3 2 0 2169 
3 2 0 2167 
3 2 0 2168 
3 2 0 2181 
1 1 0 
1 1 0 
2 3 2249 2250 0 
1 1 0 
1 1 0 
1 1 0 
2 3 2253 2254 0 
1 1 0 
2 3 2255 2256 0 
2 3 2252 2257 0 
2 3 2251 2258 0 
1 1 0 
1 1 0 
1 1 0 
2 3 2261 2262 0 
1 1 0 
1 1 0 
1 1 0 
1 1 0 
1 1 0 
1 1 0 
2 3 2268 2269 0 
1 1 0 
1 1 0 
1 1 0 
1 1 0 
1 1 0 
1 1 0 
2 3 2275 2276 0 
2 3 2274 2277 0 
1 1 0 
2 3 2278 2279 0 
1 1 0 
2 3 2280 2281 0 
1 1 0 
1 1 0 
2 3 2283 2284 0 
2 3 2282 2285 0 
2 3 2273 2286 0 
2 3 2272 2287 0 
2 3 2271 2288 0 
2 3 2270 2289 0 
2 3 2267 2290 0 
2 3 2266 2291 0 
2 3 2265 2292 0 
2 3 2264 2293 0 
2 3 2263 2294 0 
2 3 2260 2295 0 
1 1 0 
2 3 2296 2297 0 
2 3 2259 2298 0 
3 2 0 2299 
3 2 0 2259 
3 2 0 2251 
3 2 0 2249 
3 2 0 2250 
3 2 0 2258 
3 2 0 2252 
3 2 0 2257 
3 2 0 2255 
3 2 0 2253 
3 2 0 2254 
3 2 0 2256 
3 2 0 2298 
3 2 0 2296 
3 2 0 2260 
3 2 0 2295 
3 2 0 2263 
3 2 0 2261 
3 2 0 2262 
3 2 0 2294 
3 2 0 2264 
3 2 0 2293 
3 2 0 2265 
3 2 0 2292 
3 2 0 2266 
3 2 0 2291 
3 2 0 2267 
3 2 0 2290 
3 2 0 2270 
3 2 0 2268 
3 2 0 2269 
3 2 0 2289 
3 2 0 2271 
3 2 0 2288 
3 2 0 2272 
3 2 0 2287 
3 2 0 2273 
3 2 0 2286 
3 2 0 2282 
3 2 0 2280 
3 2 0 2278 
3 2 0 2274 
3 2 0 2277 
3 2 0 2275 
3 2 0 2276 
3 2 0 2279 
3 2 0 2281 
3 2 0 2285 
3 2 0 2283 
3 2 0 2284 
3 2 0 2297 
1 1 0 
1 1 0 
1 1 0 
1 1 0 
1 1 0 
2 3 2354 2355 0 
2 3 2353 2356 0 
1 1 0 
2 3 2357 2358 0 
1 1 0 
1 1 0 
1 1 0 
2 3 2361 2362 0 
1 1 0 
1 1 0 
2 3 2364 2365 0 
1 1 0 
2 3 2366 2367 0 
1 1 0 
1 1 0 
1 1 0 
1 1 0 
2 3 2371 2372 0 
2 3 2370 2373 0 
1 1 0 
1 1 0 
2 3 2375 2376 0 
1 1 0 
2 3 2377 2378 0 
2 3 2374 2379 0 
2 3 2369 2380 0 
2 3 2368 2381 0 
2 3 2363 2382 0 
2 3 2360 2383 0 
2 3 2359 2384 0 
2 3 2352 2385 0 
1 1 0 
2 3 2386 2387 0 
2 3 2351 2388 0 
3 2 0 2389 
3 2 0 2351 
3 2 0 2388 
3 2 0 2386 
3 2 0 2352 
3 2 0 2385 
3 2 0 2359 
3 2 0 2357 
3 2 0 2353 
3 2 0 2356 
3 2 0 2354 
3 2 0 2355 
3 2 0 2358 
3 2 0 2384 
3 2 0 2360 
3 2 0 2383 
3 2 0 2363 
3 2 0 2361 
3 2 0 2362 
3 2 0 2382 
3 2 0 2368 
3 2 0 2366 
3 2 0 2364 
3 2 0 2365 
3 2 0 2367 
3 2 0 2381 
3 2 0 2369 
3 2 0 2380 
3 2 0 2374 
3 2 0 2370 
3 2 0 2373 
3 2 0 2371 
3 2 0 2372 
3 2 0 2379 
3 2 0 2377 
3 2 0 2375 
3 2 0 2376 
3 2 0 2378 
3 2 0 2387 
1 1 0 
1 1 0 
1 1 0 
1 1 0 
1 1 0 
1 1 0 
2 3 2433 2434 0 
2 3 2432 2435 0 
2 3 2431 2436 0 
1 1 0 
1 1 0 
1 1 0 
1 1 0 
1 1 0 
1 1 0 
1 1 0 
1 1 0 
2 3 2444 2445 0 
2 3 2443 2446 0 
1 1 0 
1 1 0 
1 1 0 
2 3 2449 2450 0 
2 3 2448 2451 0 
2 3 2447 2452 0 
2 3 2442 2453 0 
2 3 2441 2454 0 
2 3 2440 2455 0 
2 3 2439 2456 0 
2 3 2438 2457 0 
2 3 2437 2458 0 
2 3 2430 2459 0 
1 1 0 
2 3 2460 2461 0 
2 3 2429 2462 0 
3 2 0 2463 
3 2 0 2429 
3 2 0 2462 
3 2 0 2460 
3 2 0 2430 
3 2 0 2459 
3 2 0 2437 
3 2 0 2431 
3 2 0 2436 
3 2 0 2432 
3 2 0 2435 
3 2 0 2433 
3 2 0 2434 
3 2 0 2458 
3 2 0 2438 
3 2 0 2457 
3 2 0 2439 
3 2 0 2456 
3 2 0 2440 
3 2 0 2455 
3 2 0 2441 
3 2 0 2454 
3 2 0 2442 
3 2 0 2453 
3 2 0 2447 
3 2 0 2443 
3 2 0 2446 
3 2 0 2444 
3 2 0 2445 
3 2 0 2452 
3 2 0 2448 
3 2 0 2451 
3 2 0 2449 
3 2 0 2450 
3 2 0 2461 
1 1 0 
1 1 0 
1 1 0 
2 3 2500 2501 0 
1 1 0 
1 1 0 
1 1 0 
1 1 0 
1 1 0 
2 3 2506 2507 0 
2 3 2505 2508 0 
1 1 0 
2 3 2509 2510 0 
1 1 0 
2 3 2511 2512 0 
1 1 0 
2 3 2513 2514 0 
1 1 0 
2 3 2515 2516 0 
2 3 2504 2517 0 
2 3 2503 2518 0 
2 3 2502 2519 0 
1 1 0 
2 3 2520 2521 0 
2 3 2499 2522 0 
3 2 0 2523 
3 2 0 2499 
3 2 0 2522 
3 2 0 2520 
3 2 0 2502 
3 2 0 2500 
3 2 0 2501 
3 2 0 2519 
3 2 0 2503 
3 2 0 2518 
3 2 0 2504 
3 2 0 2517 
3 2 0 2515 
3 2 0 2513 
3 2 0 2511 
3 2 0 2509 
3 2 0 2505 
3 2 0 2508 
3 2 0 2506 
3 2 0 2507 
3 2 0 2510 
3 2 0 2512 
3 2 0 2514 
3 2 0 2516 
3 2 0 2521 
1 1 0 
1 1 0 
1 1 0 
1 1 0 
1 1 0 
1 1 0 
1 1 0 
2 3 2554 2555 0 
2 3 2553 2556 0 
2 3 2552 2557 0 
2 3 2551 2558 0 
1 1 0 
1 1 0 
1 1 0 
2 3 2561 2562 0 
1 1 0 
1 1 0 
1 1 0 
1 1 0 
1 1 0 
2 3 2567 2568 0 
1 1 0 
2 3 2569 2570 0 
2 3 2566 2571 0 
2 3 2565 2572 0 
2 3 2564 2573 0 
2 3 2563 2574 0 
2 3 2560 2575 0 
2 3 2559 2576 0 
1 1 0 
2 3 2577 2578 0 
2 3 2550 2579 0 
2 3 2549 2580 0 
3 2 0 2581 
3 2 0 2549 
3 2 0 2580 
3 2 0 2550 
3 2 0 2579 
3 2 0 2577 
3 2 0 2559 
3 2 0 2551 
3 2 0 2558 
3 2 0 2552 
3 2 0 2557 
3 2 0 2553 
3 2 0 2556 
3 2 0 2554 
3 2 0 2555 
3 2 0 2576 
3 2 0 2560 
3 2 0 2575 
3 2 0 2563 
3 2 0 2561 
3 2 0 2562 
3 2 0 2574 
3 2 0 2564 
3 2 0 2573 
3 2 0 2565 
3 2 0 2572 
3 2 0 2566 
3 2 0 2571 
3 2 0 2569 
3 2 0 2567 
3 2 0 2568 
3 2 0 2570 
3 2 0 2578 
1 1 0 
1 1 0 
1 1 0 
2 3 2616 2617 0 
2 3 2615 2618 0 
1 1 0 
1 1 0 
1 1 0 
1 1 0 
1 1 0 
2 3 2623 2624 0 
1 1 0 
2 3 2625 2626 0 
2 3 2622 2627 0 
2 3 2621 2628 0 
1 1 0 
2 3 2629 2630 0 
1 1 0 
1 1 0 
2 3 2632 2633 0 
2 3 2631 2634 0 
2 3 2620 2635 0 
2 3 2619 2636 0 
1 1 0 
1 1 0 
2 3 2638 2639 0 
1 1 0 
2 3 2640 2641 0 
2 3 2637 2642 0 
3 2 0 2643 
3 2 0 2637 
3 2 0 2619 
3 2 0 2615 
3 2 0 2618 
3 2 0 2616 
3 2 0 2617 
3 2 0 2636 
3 2 0 2620 
3 2 0 2635 
3 2 0 2631 
3 2 0 2629 
3 2 0 2621 
3 2 0 2628 
3 2 0 2622 
3 2 0 2627 
3 2 0 2625 
3 2 0 2623 
3 2 0 2624 
3 2 0 2626 
3 2 0 2630 
3 2 0 2634 
3 2 0 2632 
3 2 0 2633 
3 2 0 2642 
3 2 0 2640 
3 2 0 2638 
3 2 0 2639 
3 2 0 2641 
1 1 0 
1 1 0 
1 1 0 
1 1 0 
2 3 2675 2676 0 
1 1 0 
1 1 0 
2 3 2678 2679 0 
2 3 2677 2680 0 
1 1 0 
1 1 0 
1 1 0 
2 3 2683 2684 0 
1 1 0 
2 3 2685 2686 0 
1 1 0 
2 3 2687 2688 0 
1 1 0 
2 3 2689 2690 0 
1 1 0 
1 1 0 
1 1 0 
2 3 2693 2694 0 
1 1 0 
2 3 2695 2696 0 
2 3 2692 2697 0 
1 1 0 
1 1 0 
1 1 0 
2 3 2700 2701 0 
2 3 2699 2702 0 
2 3 2698 2703 0 
2 3 2691 2704 0 
2 3 2682 2705 0 
2 3 2681 2706 0 
2 3 2674 2707 0 
1 1 0 
2 3 2708 2709 0 
2 3 2673 2710 0 
3 2 0 2711 
3 2 0 2673 
3 2 0 2710 
3 2 0 2708 
3 2 0 2674 
3 2 0 2707 
3 2 0 2681 
3 2 0 2677 
3 2 0 2675 
3 2 0 2676 
3 2 0 2680 
3 2 0 2678 
3 2 0 2679 
3 2 0 2706 
3 2 0 2682 
3 2 0 2705 
3 2 0 2691 
3 2 0 2689 
3 2 0 2687 
3 2 0 2685 
3 2 0 2683 
3 2 0 2684 
3 2 0 2686 
3 2 0 2688 
3 2 0 2690 
3 2 0 2704 
3 2 0 2698 
3 2 0 2692 
3 2 0 2697 
3 2 0 2695 
3 2 0 2693 
3 2 0 2694 
3 2 0 2696 
3 2 0 2703 
3 2 0 2699 
3 2 0 2702 
3 2 0 2700 
3 2 0 2701 
3 2 0 2709 
1 1 0 
1 1 0 
1 1 0 
1 1 0 
1 1 0 
1 1 0 
1 1 0 
2 3 2756 2757 0 
2 3 2755 2758 0 
2 3 2754 2759 0 
2 3 2753 2760 0 
2 3 2752 2761 0 
2 3 2751 2762 0 
1 1 0 
2 3 2763 2764 0 
1 1 0 
2 3 2765 2766 0 
1 1 0 
1 1 0 
1 1 0 
1 1 0 
1 1 0 
1 1 0 
1 1 0 
1 1 0 
2 3 2774 2775 0 
2 3 2773 2776 0 
2 3 2772 2777 0 
2 3 2771 2778 0 
2 3 2770 2779 0 
2 3 2769 2780 0 
2 3 2768 2781 0 
2 3 2767 2782 0 
1 1 0 
2 3 2783 2784 0 
3 2 0 2785 
3 2 0 2783 
3 2 0 2767 
3 2 0 2765 
3 2 0 2763 
3 2 0 2751 
3 2 0 2762 
3 2 0 2752 
3 2 0 2761 
3 2 0 2753 
3 2 0 2760 
3 2 0 2754 
3 2 0 2759 
3 2 0 2755 
3 2 0 2758 
3 2 0 2756 
3 2 0 2757 
3 2 0 2764 
3 2 0 2766 
3 2 0 2782 
3 2 0 2768 
3 2 0 2781 
3 2 0 2769 
3 2 0 2780 
3 2 0 2770 
3 2 0 2779 
3 2 0 2771 
3 2 0 2778 
3 2 0 2772 
3 2 0 2777 
3 2 0 2773 
3 2 0 2776 
3 2 0 2774 
3 2 0 2775 
3 2 0 2784 
1 1 0 
1 1 0 
1 1 0 
1 1 0 
1 1 0 
2 3 2824 2825 0 
2 3 2823 2826 0 
2 3 2822 2827 0 
2 3 2821 2828 0 
1 1 0 
1 1 0 
1 1 0 
2 3 2831 2832 0 
1 1 0 
1 1 0 
2 3 2834 2835 0 
2 3 2833 2836 0 
2 3 2830 2837 0 
2 3 2829 2838 0 
1 1 0 
2 3 2839 2840 0 
1 1 0 
2 3 2841 2842 0 
1 1 0 
1 1 0 
2 3 2844 2845 0 
1 1 0 
1 1 0 
1 1 0 
1 1 0 
1 1 0 
1 1 0 
2 3 2851 2852 0 
2 3 2850 2853 0 
2 3 2849 2854 0 
2 3 2848 2855 0 
2 3 2847 2856 0 
2 3 2846 2857 0 
2 3 2843 2858 0 
1 1 0 
2 3 2859 2860 0 
1 1 0 
1 1 0 
1 1 0 
1 1 0 
2 3 2864 2865 0 
1 1 0 
1 1 0 
1 1 0 
1 1 0 
1 1 0 
2 3 2870 2871 0 
2 3 2869 2872 0 
2 3 2868 2873 0 
2 3 2867 2874 0 
2 3 2866 2875 0 
2 3 2863 2876 0 
2 3 2862 2877 0 
2 3 2861 2878 0 
1 1 0 
2 3 2879 2880 0 
3 2 0 2881 
3 2 0 2879 
3 2 0 2861 
3 2 0 2859 
3 2 0 2843 
3 2 0 2841 
3 2 0 2839 
3 2 0 2829 
3 2 0 2821 
3 2 0 2828 
3 2 0 2822 
3 2 0 2827 
3 2 0 2823 
3 2 0 2826 
3 2 0 2824 
3 2 0 2825 
3 2 0 2838 
3 2 0 2830 
3 2 0 2837 
3 2 0 2833 
3 2 0 2831 
3 2 0 2832 
3 2 0 2836 
3 2 0 2834 
3 2 0 2835 
3 2 0 2840 
3 2 0 2842 
3 2 0 2858 
3 2 0 2846 
3 2 0 2844 
3 2 0 2845 
3 2 0 2857 
3 2 0 2847 
3 2 0 2856 
3 2 0 2848 
3 2 0 2855 
3 2 0 2849 
3 2 0 2854 
3 2 0 2850 
3 2 0 2853 
3 2 0 2851 
3 2 0 2852 
3 2 0 2860 
3 2 0 2878 
3 2 0 2862 
3 2 0 2877 
3 2 0 2863 
3 2 0 2876 
3 2 0 2866 
3 2 0 2864 
3 2 0 2865 
3 2 0 2875 
3 2 0 2867 
3 2 0 2874 
3 2 0 2868 
3 2 0 2873 
3 2 0 2869 
3 2 0 2872 
3 2 0 2870 
3 2 0 2871 
3 2 0 2880 
1 1 0 
1 1 0 
1 1 0 
1 1 0 
1 1 0 
2 3 2946 2947 0 
2 3 2945 2948 0 
2 3 2944 2949 0 
2 3 2943 2950 0 
1 1 0 
1 1 0 
1 1 0 
1 1 0 
1 1 0 
1 1 0 
1 1 0 
2 3 2957 2958 0 
2 3 2956 2959 0 
2 3 2955 2960 0 
2 3 2954 2961 0 
2 3 2953 2962 0 
1 1 0 
1 1 0 
1 1 0 
1 1 0 
2 3 2966 2967 0 
1 1 0 
1 1 0 
2 3 2969 2970 0 
2 3 2968 2971 0 
2 3 2965 2972 0 
1 1 0 
2 3 2973 2974 0 
2 3 2964 2975 0 
2 3 2963 2976 0 
2 3 2952 2977 0 
2 3 2951 2978 0 
3 2 0 2979 
3 2 0 2951 
3 2 0 2943 
3 2 0 2950 
3 2 0 2944 
3 2 0 2949 
3 2 0 2945 
3 2 0 2948 
3 2 0 2946 
3 2 0 2947 
3 2 0 2978 
3 2 0 2952 
3 2 0 2977 
3 2 0 2963 
3 2 0 2953 
3 2 0 2962 
3 2 0 2954 
3 2 0 2961 
3 2 0 2955 
3 2 0 2960 
3 2 0 2956 
3 2 0 2959 
3 2 0 2957 
3 2 0 2958 
3 2 0 2976 
3 2 0 2964 
3 2 0 2975 
3 2 0 2973 
3 2 0 2965 
3 2 0 2972 
3 2 0 2968 
3 2 0 2966 
3 2 0 2967 
3 2 0 2971 
3 2 0 2969 
3 2 0 2970 
3 2 0 2974 
1 1 0 
1 1 0 
2 3 3017 3018 0 
1 1 0 
1 1 0 
2 3 3020 3021 0 
1 1 0 
1 1 0 
1 1 0 
1 1 0 
1 1 0 
1 1 0 
2 3 3027 3028 0 
2 3 3026 3029 0 
2 3 3025 3030 0 
1 1 0 
1 1 0 
1 1 0 
1 1 0 
1 1 0 
1 1 0 
2 3 3036 3037 0 
2 3 3035 3038 0 
2 3 3034 3039 0 
2 3 3033 3040 0 
2 3 3032 3041 0 
2 3 3031 3042 0 
2 3 3024 3043 0 
2 3 3023 3044 0 
2 3 3022 3045 0 
2 3 3019 3046 0 
1 1 0 
2 3 3047 3048 0 
3 2 0 3049 
3 2 0 3047 
3 2 0 3019 
3 2 0 3017 
3 2 0 3018 
3 2 0 3046 
3 2 0 3022 
3 2 0 3020 
3 2 0 3021 
3 2 0 3045 
3 2 0 3023 
3 2 0 3044 
3 2 0 3024 
3 2 0 3043 
3 2 0 3031 
3 2 0 3025 
3 2 0 3030 
3 2 0 3026 
3 2 0 3029 
3 2 0 3027 
3 2 0 3028 
3 2 0 3042 
3 2 0 3032 
3 2 0 3041 
3 2 0 3033 
3 2 0 3040 
3 2 0 3034 
3 2 0 3039 
3 2 0 3035 
3 2 0 3038 
3 2 0 3036 
3 2 0 3037 
3 2 0 3048 
1 1 0 
1 1 0 
1 1 0 
2 3 3084 3085 0 
2 3 3083 3086 0 
1 1 0 
1 1 0 
2 3 3088 3089 0 
2 3 3087 3090 0 
1 1 0 
1 1 0 
1 1 0 
1 1 0 
2 3 3094 3095 0 
1 1 0 
2 3 3096 3097 0 
2 3 3093 3098 0 
2 3 3092 3099 0 
1 1 0 
2 3 3100 3101 0 
2 3 3091 3102 0 
3 2 0 3103 
3 2 0 3091 
3 2 0 3087 
3 2 0 3083 
3 2 0 3086 
3 2 0 3084 
3 2 0 3085 
3 2 0 3090 
3 2 0 3088 
3 2 0 3089 
3 2 0 3102 
3 2 0 3100 
3 2 0 3092 
3 2 0 3099 
3 2 0 3093 
3 2 0 3098 
3 2 0 3096 
3 2 0 3094 
3 2 0 3095 
3 2 0 3097 
3 2 0 3101 
1 1 0 
1 1 0 
1 1 0 
1 1 0 
1 1 0 
2 3 3128 3129 0 
1 1 0 
2 3 3130 3131 0 
2 3 3127 3132 0 
1 1 0 
1 1 0 
1 1 0 
1 1 0 
2 3 3136 3137 0 
2 3 3135 3138 0 
2 3 3134 3139 0 
2 3 3133 3140 0 
2 3 3126 3141 0 
1 1 0 
2 3 3142 3143 0 
2 3 3125 3144 0 
3 2 0 3145 
3 2 0 3125 
3 2 0 3144 
3 2 0 3142 
3 2 0 3126 
3 2 0 3141 
3 2 0 3133 
3 2 0 3127 
3 2 0 3132 
3 2 0 3130 
3 2 0 3128 
3 2 0 3129 
3 2 0 3131 
3 2 0 3140 
3 2 0 3134 
3 2 0 3139 
3 2 0 3135 
3 2 0 3138 
3 2 0 3136 
3 2 0 3137 
3 2 0 3143 
1 1 0 
1 1 0 
1 1 0 
1 1 0 
2 3 3169 3170 0 
1 1 0 
1 1 0 
1 1 0 
1 1 0 
2 3 3174 3175 0 
2 3 3173 3176 0 
2 3 3172 3177 0 
2 3 3171 3178 0 
2 3 3168 3179 0 
2 3 3167 3180 0 
1 1 0 
1 1 0 
1 1 0 
1 1 0 
1 1 0 
1 1 0 
2 3 3186 3187 0 
2 3 3185 3188 0 
2 3 3184 3189 0 
1 1 0 
1 1 0 
1 1 0 
1 1 0 
1 1 0 
1 1 0 
1 1 0 
1 1 0 
2 3 3197 3198 0 
1 1 0 
2 3 3199 3200 0 
2 3 3196 3201 0 
1 1 0 
2 3 3202 3203 0 
2 3 3195 3204 0 
2 3 3194 3205 0 
2 3 3193 3206 0 
1 1 0 
1 1 0 
1 1 0 
1 1 0 
2 3 3210 3211 0 
2 3 3209 3212 0 
1 1 0 
1 1 0 
1 1 0 
1 1 0 
2 3 3216 3217 0 
2 3 3215 3218 0 
1 1 0 
1 1 0 
2 3 3220 3221 0 
2 3 3219 3222 0 
1 1 0 
2 3 3223 3224 0 
1 1 0 
2 3 3225 3226 0 
1 1 0 
1 1 0 
1 1 0 
1 1 0 
1 1 0 
1 1 0 
2 3 3232 3233 0 
2 3 3231 3234 0 
1 1 0 
1 1 0 
1 1 0 
1 1 0 
1 1 0 
1 1 0 
1 1 0 
2 3 3241 3242 0 
2 3 3240 3243 0 
2 3 3239 3244 0 
2 3 3238 3245 0 
2 3 3237 3246 0 
2 3 3236 3247 0 
2 3 3235 3248 0 
2 3 3230 3249 0 
2 3 3229 3250 0 
2 3 3228 3251 0 
2 3 3227 3252 0 
2 3 3214 3253 0 
2 3 3213 3254 0 
2 3 3208 3255 0 
2 3 3207 3256 0 
2 3 3192 3257 0 
1 1 0 
2 3 3258 3259 0 
2 3 3191 3260 0 
2 3 3190 3261 0 
2 3 3183 3262 0 
2 3 3182 3263 0 
2 3 3181 3264 0 
3 2 0 3265 
3 2 0 3181 
3 2 0 3167 
3 2 0 3180 
3 2 0 3168 
3 2 0 3179 
3 2 0 3171 
3 2 0 3169 
3 2 0 3170 
3 2 0 3178 
3 2 0 3172 
3 2 0 3177 
3 2 0 3173 
3 2 0 3176 
3 2 0 3174 
3 2 0 3175 
3 2 0 3264 
3 2 0 3182 
3 2 0 3263 
3 2 0 3183 
3 2 0 3262 
3 2 0 3190 
3 2 0 3184 
3 2 0 3189 
3 2 0 3185 
3 2 0 3188 
3 2 0 3186 
3 2 0 3187 
3 2 0 3261 
3 2 0 3191 
3 2 0 3260 
3 2 0 3258 
3 2 0 3192 
3 2 0 3257 
3 2 0 3207 
3 2 0 3193 
3 2 0 3206 
3 2 0 3194 
3 2 0 3205 
3 2 0 3195 
3 2 0 3204 
3 2 0 3202 
3 2 0 3196 
3 2 0 3201 
3 2 0 3199 
3 2 0 3197 
3 2 0 3198 
3 2 0 3200 
3 2 0 3203 
3 2 0 3256 
3 2 0 3208 
3 2 0 3255 
3 2 0 3213 
3 2 0 3209 
3 2 0 3212 
3 2 0 3210 
3 2 0 3211 
3 2 0 3254 
3 2 0 3214 
3 2 0 3253 
3 2 0 3227 
3 2 0 3225 
3 2 0 3223 
3 2 0 3219 
3 2 0 3215 
3 2 0 3218 
3 2 0 3216 
3 2 0 3217 
3 2 0 3222 
3 2 0 3220 
3 2 0 3221 
3 2 0 3224 
3 2 0 3226 
3 2 0 3252 
3 2 0 3228 
3 2 0 3251 
3 2 0 3229 
3 2 0 3250 
3 2 0 3230 
3 2 0 3249 
3 2 0 3235 
3 2 0 3231 
3 2 0 3234 
3 2 0 3232 
3 2 0 3233 
3 2 0 3248 
3 2 0 3236 
3 2 0 3247 
3 2 0 3237 
3 2 0 3246 
3 2 0 3238 
3 2 0 3245 
3 2 0 3239 
3 2 0 3244 
3 2 0 3240 
3 2 0 3243 
3 2 0 3241 
3 2 0 3242 
3 2 0 3259 
1 1 0 
1 1 0 
2 3 3365 3366 0 
1 1 0 
1 1 0 
1 1 0 
1 1 0 
2 3 3370 3371 0 
1 1 0 
2 3 3372 3373 0 
2 3 3369 3374 0 
2 3 3368 3375 0 
1 1 0 
1 1 0 
1 1 0 
1 1 0 
2 3 3379 3380 0 
2 3 3378 3381 0 
2 3 3377 3382 0 
2 3 3376 3383 0 
2 3 3367 3384 0 
1 1 0 
2 3 3385 3386 0 
1 1 0 
1 1 0 
1 1 0 
1 1 0 
2 3 3390 3391 0 
1 1 0 
1 1 0 
1 1 0 
1 1 0 
2 3 3395 3396 0 
1 1 0 
1 1 0 
2 3 3398 3399 0 
1 1 0 
1 1 0 
1 1 0 
2 3 3402 3403 0 
1 1 0 
1 1 0 
2 3 3405 3406 0 
1 1 0 
2 3 3407 3408 0 
1 1 0 
1 1 0 
1 1 0 
2 3 3411 3412 0 
2 3 3410 3413 0 
2 3 3409 3414 0 
2 3 3404 3415 0 
2 3 3401 3416 0 
2 3 3400 3417 0 
2 3 3397 3418 0 
2 3 3394 3419 0 
2 3 3393 3420 0 
2 3 3392 3421 0 
2 3 3389 3422 0 
2 3 3388 3423 0 
2 3 3387 3424 0 
1 1 0 
2 3 3425 3426 0 
1 1 0 
2 3 3427 3428 0 
1 1 0 
1 1 0 
1 1 0 
1 1 0 
2 3 3432 3433 0 
1 1 0 
2 3 3434 3435 0 
2 3 3431 3436 0 
2 3 3430 3437 0 
2 3 3429 3438 0 
1 1 0 
2 3 3439 3440 0 
3 2 0 3441 
3 2 0 3439 
3 2 0 3429 
3 2 0 3427 
3 2 0 3425 
3 2 0 3387 
3 2 0 3385 
3 2 0 3367 
3 2 0 3365 
3 2 0 3366 
3 2 0 3384 
3 2 0 3376 
3 2 0 3368 
3 2 0 3375 
3 2 0 3369 
3 2 0 3374 
3 2 0 3372 
3 2 0 3370 
3 2 0 3371 
3 2 0 3373 
3 2 0 3383 
3 2 0 3377 
3 2 0 3382 
3 2 0 3378 
3 2 0 3381 
3 2 0 3379 
3 2 0 3380 
3 2 0 3386 
3 2 0 3424 
3 2 0 3388 
3 2 0 3423 
3 2 0 3389 
3 2 0 3422 
3 2 0 3392 
3 2 0 3390 
3 2 0 3391 
3 2 0 3421 
3 2 0 3393 
3 2 0 3420 
3 2 0 3394 
3 2 0 3419 
3 2 0 3397 
3 2 0 3395 
3 2 0 3396 
3 2 0 3418 
3 2 0 3400 
3 2 0 3398 
3 2 0 3399 
3 2 0 3417 
3 2 0 3401 
3 2 0 3416 
3 2 0 3404 
3 2 0 3402 
3 2 0 3403 
3 2 0 3415 
3 2 0 3409 
3 2 0 3407 
3 2 0 3405 
3 2 0 3406 
3 2 0 3408 
3 2 0 3414 
3 2 0 3410 
3 2 0 3413 
3 2 0 3411 
3 2 0 3412 
3 2 0 3426 
3 2 0 3428 
3 2 0 3438 
3 2 0 3430 
3 2 0 3437 
3 2 0 3431 
3 2 0 3436 
3 2 0 3434 
3 2 0 3432 
3 2 0 3433 
3 2 0 3435 
3 2 0 3440 
1 1 0 
1 1 0 
2 3 3519 3520 0 
1 1 0 
2 3 3521 3522 0 
1 1 0 
1 1 0 
2 3 3524 3525 0 
2 3 3523 3526 0 
1 1 0 
2 3 3527 3528 0 
3 2 0 3529 
3 2 0 3527 
3 2 0 3523 
3 2 0 3521 
3 2 0 3519 
3 2 0 3520 
3 2 0 3522 
3 2 0 3526 
3 2 0 3524 
3 2 0 3525 
3 2 0 3528 
1 1 0 
1 1 0 
1 1 0 
2 3 3542 3543 0 
1 1 0 
1 1 0 
1 1 0 
1 1 0 
2 3 3547 3548 0 
2 3 3546 3549 0 
1 1 0 
1 1 0 
1 1 0 
2 3 3552 3553 0 
2 3 3551 3554 0 
2 3 3550 3555 0 
2 3 3545 3556 0 
2 3 3544 3557 0 
2 3 3541 3558 0 
1 1 0 
2 3 3559 3560 0 
1 1 0 
1 1 0 
1 1 0 
1 1 0 
2 3 3564 3565 0 
1 1 0 
2 3 3566 3567 0 
1 1 0 
1 1 0 
2 3 3569 3570 0 
2 3 3568 3571 0 
2 3 3563 3572 0 
2 3 3562 3573 0 
2 3 3561 3574 0 
1 1 0 
2 3 3575 3576 0 
3 2 0 3577 
3 2 0 3575 
3 2 0 3561 
3 2 0 3559 
3 2 0 3541 
3 2 0 3558 
3 2 0 3544 
3 2 0 3542 
3 2 0 3543 
3 2 0 3557 
3 2 0 3545 
3 2 0 3556 
3 2 0 3550 
3 2 0 3546 
3 2 0 3549 
3 2 0 3547 
3 2 0 3548 
3 2 0 3555 
3 2 0 3551 
3 2 0 3554 
3 2 0 3552 
3 2 0 3553 
3 2 0 3560 
3 2 0 3574 
3 2 0 3562 
3 2 0 3573 
3 2 0 3563 
3 2 0 3572 
3 2 0 3568 
3 2 0 3566 
3 2 0 3564 
3 2 0 3565 
3 2 0 3567 
3 2 0 3571 
3 2 0 3569 
3 2 0 3570 
3 2 0 3576 
1 1 0 
1 1 0 
1 1 0 
1 1 0 
2 3 3617 3618 0 
2 3 3616 3619 0 
2 3 3615 3620 0 
1 1 0 
1 1 0 
1 1 0 
1 1 0 
1 1 0 
1 1 0 
1 1 0 
2 3 3627 3628 0 
1 1 0 
1 1 0 
1 1 0 
2 3 3631 3632 0 
2 3 3630 3633 0 
2 3 3629 3634 0 
2 3 3626 3635 0 
2 3 3625 3636 0 
2 3 3624 3637 0 
2 3 3623 3638 0 
2 3 3622 3639 0 
1 1 0 
2 3 3640 3641 0 
2 3 3621 3642 0 
3 2 0 3643 
3 2 0 3621 
3 2 0 3615 
3 2 0 3620 
3 2 0 3616 
3 2 0 3619 
3 2 0 3617 
3 2 0 3618 
3 2 0 3642 
3 2 0 3640 
3 2 0 3622 
3 2 0 3639 
3 2 0 3623 
3 2 0 3638 
3 2 0 3624 
3 2 0 3637 
3 2 0 3625 
3 2 0 3636 
3 2 0 3626 
3 2 0 3635 
3 2 0 3629 
3 2 0 3627 
3 2 0 3628 
3 2 0 3634 
3 2 0 3630 
3 2 0 3633 
3 2 0 3631 
3 2 0 3632 
3 2 0 3641 
1 1 0 
1 1 0 
1 1 0 
2 3 3674 3675 0 
2 3 3673 3676 0 
1 1 0 
1 1 0 
1 1 0 
1 1 0 
2 3 3680 3681 0 
1 1 0 
2 3 3682 3683 0 
2 3 3679 3684 0 
2 3 3678 3685 0 
2 3 3677 3686 0 
1 1 0 
2 3 3687 3688 0 
1 1 0 
2 3 3689 3690 0 
1 1 0 
1 1 0 
2 3 3692 3693 0 
1 1 0 
1 1 0 
1 1 0 
2 3 3696 3697 0 
2 3 3695 3698 0 
2 3 3694 3699 0 
2 3 3691 3700 0 
1 1 0 
2 3 3701 3702 0 
3 2 0 3703 
3 2 0 3701 
3 2 0 3691 
3 2 0 3689 
3 2 0 3687 
3 2 0 3677 
3 2 0 3673 
3 2 0 3676 
3 2 0 3674 
3 2 0 3675 
3 2 0 3686 
3 2 0 3678 
3 2 0 3685 
3 2 0 3679 
3 2 0 3684 
3 2 0 3682 
3 2 0 3680 
3 2 0 3681 
3 2 0 3683 
3 2 0 3688 
3 2 0 3690 
3 2 0 3700 
3 2 0 3694 
3 2 0 3692 
3 2 0 3693 
3 2 0 3699 
3 2 0 3695 
3 2 0 3698 
3 2 0 3696 
3 2 0 3697 
3 2 0 3702 
1 1 0 
1 1 0 
2 3 3735 3736 0 
1 1 0 
2 3 3737 3738 0 
1 1 0 
1 1 0 
2 3 3740 3741 0 
2 3 3739 3742 0 
1 1 0 
2 3 3743 3744 0 
3 2 0 3745 
3 2 0 3743 
3 2 0 3739 
3 2 0 3737 
3 2 0 3735 
3 2 0 3736 
3 2 0 3738 
3 2 0 3742 
3 2 0 3740 
3 2 0 3741 
3 2 0 3744 
1 1 0 
1 1 0 
2 3 3757 3758 0 
1 1 0 
1 1 0 
1 1 0 
2 3 3761 3762 0 
1 1 0 
1 1 0 
1 1 0 
2 3 3765 3766 0 
1 1 0 
1 1 0 
2 3 3768 3769 0 
2 3 3767 3770 0 
1 1 0 
2 3 3771 3772 0 
1 1 0 
1 1 0 
2 3 3774 3775 0 
2 3 3773 3776 0 
2 3 3764 3777 0 
2 3 3763 3778 0 
2 3 3760 3779 0 
2 3 3759 3780 0 
1 1 0 
2 3 3781 3782 0 
1 1 0 
2 3 3783 3784 0 
1 1 0 
1 1 0 
1 1 0 
2 3 3787 3788 0 
1 1 0 
1 1 0 
2 3 3790 3791 0 
2 3 3789 3792 0 
1 1 0 
2 3 3793 3794 0 
1 1 0 
1 1 0 
1 1 0 
1 1 0 
1 1 0 
1 1 0 
2 3 3800 3801 0 
2 3 3799 3802 0 
1 1 0 
2 3 3803 3804 0 
2 3 3798 3805 0 
2 3 3797 3806 0 
2 3 3796 3807 0 
2 3 3795 3808 0 
2 3 3786 3809 0 
2 3 3785 3810 0 
1 1 0 
2 3 3811 3812 0 
3 2 0 3813 
3 2 0 3811 
3 2 0 3785 
3 2 0 3783 
3 2 0 3781 
3 2 0 3759 
3 2 0 3757 
3 2 0 3758 
3 2 0 3780 
3 2 0 3760 
3 2 0 3779 
3 2 0 3763 
3 2 0 3761 
3 2 0 3762 
3 2 0 3778 
3 2 0 3764 
3 2 0 3777 
3 2 0 3773 
3 2 0 3771 
3 2 0 3767 
3 2 0 3765 
3 2 0 3766 
3 2 0 3770 
3 2 0 3768 
3 2 0 3769 
3 2 0 3772 
3 2 0 3776 
3 2 0 3774 
3 2 0 3775 
3 2 0 3782 
3 2 0 3784 
3 2 0 3810 
3 2 0 3786 
3 2 0 3809 
3 2 0 3795 
3 2 0 3793 
3 2 0 3789 
3 2 0 3787 
3 2 0 3788 
3 2 0 3792 
3 2 0 3790 
3 2 0 3791 
3 2 0 3794 
3 2 0 3808 
3 2 0 3796 
3 2 0 3807 
3 2 0 3797 
3 2 0 3806 
3 2 0 3798 
3 2 0 3805 
3 2 0 3803 
3 2 0 3799 
3 2 0 3802 
3 2 0 3800 
3 2 0 3801 
3 2 0 3804 
3 2 0 3812 
1 1 0 
1 1 0 
1 1 0 
2 3 3872 3873 0 
2 3 3871 3874 0 
1 1 0 
1 1 0 
1 1 0 
2 3 3877 3878 0 
1 1 0 
1 1 0 
1 1 0 
1 1 0 
1 1 0 
1 1 0 
1 1 0 
2 3 3885 3886 0 
2 3 3884 3887 0 
2 3 3883 3888 0 
2 3 3882 3889 0 
2 3 3881 3890 0 
2 3 3880 3891 0 
1 1 0 
2 3 3892 3893 0 
2 3 3879 3894 0 
2 3 3876 3895 0 
2 3 3875 3896 0 
3 2 0 3897 
3 2 0 3875 
3 2 0 3871 
3 2 0 3874 
3 2 0 3872 
3 2 0 3873 
3 2 0 3896 
3 2 0 3876 
3 2 0 3895 
3 2 0 3879 
3 2 0 3877 
3 2 0 3878 
3 2 0 3894 
3 2 0 3892 
3 2 0 3880 
3 2 0 3891 
3 2 0 3881 
3 2 0 3890 
3 2 0 3882 
3 2 0 3889 
3 2 0 3883 
3 2 0 3888 
3 2 0 3884 
3 2 0 3887 
3 2 0 3885 
3 2 0 3886 
3 2 0 3893 
1 1 0 
1 1 0 
1 1 0 
2 3 3926 3927 0 
1 1 0 
1 1 0 
2 3 3929 3930 0 
2 3 3928 3931 0 
2 3 3925 3932 0 
1 1 0 
1 1 0 
1 1 0 
1 1 0 
1 1 0 
2 3 3937 3938 0 
1 1 0 
2 3 3939 3940 0 
1 1 0 
1 1 0 
2 3 3942 3943 0 
2 3 3941 3944 0 
1 1 0 
2 3 3945 3946 0 
1 1 0 
2 3 3947 3948 0 
1 1 0 
1 1 0 
2 3 3950 3951 0 
1 1 0 
1 1 0 
1 1 0 
2 3 3954 3955 0 
2 3 3953 3956 0 
2 3 3952 3957 0 
2 3 3949 3958 0 
2 3 3936 3959 0 
2 3 3935 3960 0 
2 3 3934 3961 0 
1 1 0 
2 3 3962 3963 0 
2 3 3933 3964 0 
3 2 0 3965 
3 2 0 3933 
3 2 0 3925 
3 2 0 3932 
3 2 0 3928 
3 2 0 3926 
3 2 0 3927 
3 2 0 3931 
3 2 0 3929 
3 2 0 3930 
3 2 0 3964 
3 2 0 3962 
3 2 0 3934 
3 2 0 3961 
3 2 0 3935 
3 2 0 3960 
3 2 0 3936 
3 2 0 3959 
3 2 0 3949 
3 2 0 3947 
3 2 0 3945 
3 2 0 3941 
3 2 0 3939 
3 2 0 3937 
3 2 0 3938 
3 2 0 3940 
3 2 0 3944 
3 2 0 3942 
3 2 0 3943 
3 2 0 3946 
3 2 0 3948 
3 2 0 3958 
3 2 0 3952 
3 2 0 3950 
3 2 0 3951 
3 2 0 3957 
3 2 0 3953 
3 2 0 3956 
3 2 0 3954 
3 2 0 3955 
3 2 0 3963 
1 1 0 
1 1 0 
1 1 0 
1 1 0 
2 3 4009 4010 0 
2 3 4008 4011 0 
2 3 4007 4012 0 
1 1 0 
1 1 0 
1 1 0 
2 3 4015 4016 0 
1 1 0 
1 1 0 
1 1 0 
1 1 0 
2 3 4020 4021 0 
2 3 4019 4022 0 
2 3 4018 4023 0 
2 3 4017 4024 0 
2 3 4014 4025 0 
2 3 4013 4026 0 
1 1 0 
1 1 0 
1 1 0 
1 1 0 
1 1 0 
1 1 0 
1 1 0 
2 3 4033 4034 0 
2 3 4032 4035 0 
2 3 4031 4036 0 
2 3 4030 4037 0 
2 3 4029 4038 0 
2 3 4028 4039 0 
2 3 4027 4040 0 
1 1 0 
2 3 4041 4042 0 
1 1 0 
2 3 4043 4044 0 
1 1 0 
1 1 0 
1 1 0 
1 1 0 
2 3 4048 4049 0 
2 3 4047 4050 0 
1 1 0 
1 1 0 
1 1 0 
1 1 0 
2 3 4054 4055 0 
2 3 4053 4056 0 
2 3 4052 4057 0 
2 3 4051 4058 0 
1 1 0 
1 1 0 
1 1 0 
2 3 4061 4062 0 
1 1 0 
1 1 0 
1 1 0 
2 3 4065 4066 0 
2 3 4064 4067 0 
2 3 4063 4068 0 
2 3 4060 4069 0 
2 3 4059 4070 0 
2 3 4046 4071 0 
2 3 4045 4072 0 
1 1 0 
2 3 4073 4074 0 
3 2 0 4075 
3 2 0 4073 
3 2 0 4045 
3 2 0 4043 
3 2 0 4041 
3 2 0 4027 
3 2 0 4013 
3 2 0 4007 
3 2 0 4012 
3 2 0 4008 
3 2 0 4011 
3 2 0 4009 
3 2 0 4010 
3 2 0 4026 
3 2 0 4014 
3 2 0 4025 
3 2 0 4017 
3 2 0 4015 
3 2 0 4016 
3 2 0 4024 
3 2 0 4018 
3 2 0 4023 
3 2 0 4019 
3 2 0 4022 
3 2 0 4020 
3 2 0 4021 
3 2 0 4040 
3 2 0 4028 
3 2 0 4039 
3 2 0 4029 
3 2 0 4038 
3 2 0 4030 
3 2 0 4037 
3 2 0 4031 
3 2 0 4036 
3 2 0 4032 
3 2 0 4035 
3 2 0 4033 
3 2 0 4034 
3 2 0 4042 
3 2 0 4044 
3 2 0 4072 
3 2 0 4046 
3 2 0 4071 
3 2 0 4059 
3 2 0 4051 
3 2 0 4047 
3 2 0 4050 
3 2 0 4048 
3 2 0 4049 
3 2 0 4058 
3 2 0 4052 
3 2 0 4057 
3 2 0 4053 
3 2 0 4056 
3 2 0 4054 
3 2 0 4055 
3 2 0 4070 
3 2 0 4060 
3 2 0 4069 
3 2 0 4063 
3 2 0 4061 
3 2 0 4062 
3 2 0 4068 
3 2 0 4064 
3 2 0 4067 
3 2 0 4065 
3 2 0 4066 
3 2 0 4074 
1 1 0 
1 1 0 
2 3 4145 4146 0 
1 1 0 
1 1 0 
1 1 0 
2 3 4149 4150 0 
2 3 4148 4151 0 
1 1 0 
2 3 4152 4153 0 
2 3 4147 4154 0 
3 2 0 4155 
3 2 0 4147 
3 2 0 4145 
3 2 0 4146 
3 2 0 4154 
3 2 0 4152 
3 2 0 4148 
3 2 0 4151 
3 2 0 4149 
3 2 0 4150 
3 2 0 4153 
1 1 0 
1 1 0 
1 1 0 
2 3 4168 4169 0 
2 3 4167 4170 0 
1 1 0 
1 1 0 
2 3 4172 4173 0 
2 3 4171 4174 0 
1 1 0 
1 1 0 
2 3 4176 4177 0 
1 1 0 
1 1 0 
1 1 0 
2 3 4180 4181 0 
1 1 0 
1 1 0 
2 3 4183 4184 0 
2 3 4182 4185 0 
2 3 4179 4186 0 
2 3 4178 4187 0 
1 1 0 
2 3 4188 4189 0 
2 3 4175 4190 0 
3 2 0 4191 
3 2 0 4175 
3 2 0 4171 
3 2 0 4167 
3 2 0 4170 
3 2 0 4168 
3 2 0 4169 
3 2 0 4174 
3 2 0 4172 
3 2 0 4173 
3 2 0 4190 
3 2 0 4188 
3 2 0 4178 
3 2 0 4176 
3 2 0 4177 
3 2 0 4187 
3 2 0 4179 
3 2 0 4186 
3 2 0 4182 
3 2 0 4180 
3 2 0 4181 
3 2 0 4185 
3 2 0 4183 
3 2 0 4184 
3 2 0 4189 
1 1 0 
1 1 0 
1 1 0 
1 1 0 
1 1 0 
2 3 4220 4221 0 
2 3 4219 4222 0 
2 3 4218 4223 0 
1 1 0 
2 3 4224 4225 0 
2 3 4217 4226 0 
3 2 0 4227 
3 2 0 4217 
3 2 0 4226 
3 2 0 4224 
3 2 0 4218 
3 2 0 4223 
3 2 0 4219 
3 2 0 4222 
3 2 0 4220 
3 2 0 4221 
3 2 0 4225 
1 1 0 
1 1 0 
1 1 0 
1 1 0 
2 3 4241 4242 0 
2 3 4240 4243 0 
2 3 4239 4244 0 
1 1 0 
2 3 4245 4246 0 
1 1 0 
2 3 4247 4248 0 
1 1 0 
1 1 0 
1 1 0 
1 1 0 
2 3 4252 4253 0 
2 3 4251 4254 0 
1 1 0 
2 3 4255 4256 0 
2 3 4250 4257 0 
2 3 4249 4258 0 
1 1 0 
1 1 0 
1 1 0 
2 3 4261 4262 0 
1 1 0 
1 1 0 
1 1 0 
1 1 0 
1 1 0 
1 1 0 
1 1 0 
1 1 0 
1 1 0 
2 3 4271 4272 0 
1 1 0 
2 3 4273 4274 0 
1 1 0 
2 3 4275 4276 0 
1 1 0 
2 3 4277 4278 0 
1 1 0 
2 3 4279 4280 0 
1 1 0 
2 3 4281 4282 0 
1 1 0 
2 3 4283 4284 0 
1 1 0 
2 3 4285 4286 0 
1 1 0 
1 1 0 
1 1 0 
1 1 0 
1 1 0 
1 1 0 
2 3 4292 4293 0 
2 3 4291 4294 0 
2 3 4290 4295 0 
2 3 4289 4296 0 
2 3 4288 4297 0 
2 3 4287 4298 0 
2 3 4270 4299 0 
2 3 4269 4300 0 
2 3 4268 4301 0 
2 3 4267 4302 0 
2 3 4266 4303 0 
2 3 4265 4304 0 
2 3 4264 4305 0 
1 1 0 
1 1 0 
1 1 0 
1 1 0 
1 1 0 
2 3 4310 4311 0 
2 3 4309 4312 0 
2 3 4308 4313 0 
2 3 4307 4314 0 
2 3 4306 4315 0 
2 3 4263 4316 0 
2 3 4260 4317 0 
2 3 4259 4318 0 
1 1 0 
2 3 4319 4320 0 
3 2 0 4321 
3 2 0 4319 
3 2 0 4259 
3 2 0 4249 
3 2 0 4247 
3 2 0 4245 
3 2 0 4239 
3 2 0 4244 
3 2 0 4240 
3 2 0 4243 
3 2 0 4241 
3 2 0 4242 
3 2 0 4246 
3 2 0 4248 
3 2 0 4258 
3 2 0 4250 
3 2 0 4257 
3 2 0 4255 
3 2 0 4251 
3 2 0 4254 
3 2 0 4252 
3 2 0 4253 
3 2 0 4256 
3 2 0 4318 
3 2 0 4260 
3 2 0 4317 
3 2 0 4263 
3 2 0 4261 
3 2 0 4262 
3 2 0 4316 
3 2 0 4306 
3 2 0 4264 
3 2 0 4305 
3 2 0 4265 
3 2 0 4304 
3 2 0 4266 
3 2 0 4303 
3 2 0 4267 
3 2 0 4302 
3 2 0 4268 
3 2 0 4301 
3 2 0 4269 
3 2 0 4300 
3 2 0 4270 
3 2 0 4299 
3 2 0 4287 
3 2 0 4285 
3 2 0 4283 
3 2 0 4281 
3 2 0 4279 
3 2 0 4277 
3 2 0 4275 
3 2 0 4273 
3 2 0 4271 
3 2 0 4272 
3 2 0 4274 
3 2 0 4276 
3 2 0 4278 
3 2 0 4280 
3 2 0 4282 
3 2 0 4284 
3 2 0 4286 
3 2 0 4298 
3 2 0 4288 
3 2 0 4297 
3 2 0 4289 
3 2 0 4296 
3 2 0 4290 
3 2 0 4295 
3 2 0 4291 
3 2 0 4294 
3 2 0 4292 
3 2 0 4293 
3 2 0 4315 
3 2 0 4307 
3 2 0 4314 
3 2 0 4308 
3 2 0 4313 
3 2 0 4309 
3 2 0 4312 
3 2 0 4310 
3 2 0 4311 
3 2 0 4320 
1 1 0 
1 1 0 
1 1 0 
2 3 4406 4407 0 
2 3 4405 4408 0 
1 1 0 
1 1 0 
1 1 0 
2 3 4411 4412 0 
1 1 0 
1 1 0 
1 1 0 
2 3 4415 4416 0 
1 1 0 
1 1 0 
2 3 4418 4419 0 
2 3 4417 4420 0 
2 3 4414 4421 0 
2 3 4413 4422 0 
2 3 4410 4423 0 
2 3 4409 4424 0 
1 1 0 
1 1 0 
1 1 0 
1 1 0 
2 3 4428 4429 0 
2 3 4427 4430 0 
1 1 0 
1 1 0 
2 3 4432 4433 0 
2 3 4431 4434 0 
2 3 4426 4435 0 
1 1 0 
2 3 4436 4437 0 
2 3 4425 4438 0 
3 2 0 4439 
3 2 0 4425 
3 2 0 4409 
3 2 0 4405 
3 2 0 4408 
3 2 0 4406 
3 2 0 4407 
3 2 0 4424 
3 2 0 4410 
3 2 0 4423 
3 2 0 4413 
3 2 0 4411 
3 2 0 4412 
3 2 0 4422 
3 2 0 4414 
3 2 0 4421 
3 2 0 4417 
3 2 0 4415 
3 2 0 4416 
3 2 0 4420 
3 2 0 4418 
3 2 0 4419 
3 2 0 4438 
3 2 0 4436 
3 2 0 4426 
3 2 0 4435 
3 2 0 4431 
3 2 0 4427 
3 2 0 4430 
3 2 0 4428 
3 2 0 4429 
3 2 0 4434 
3 2 0 4432 
3 2 0 4433 
3 2 0 4437 
1 1 0 
1 1 0 
1 1 0 
2 3 4476 4477 0 
1 1 0 
2 3 4478 4479 0 
1 1 0 
2 3 4480 4481 0 
2 3 4475 4482 0 
1 1 0 
1 1 0 
1 1 0 
1 1 0 
2 3 4486 4487 0 
2 3 4485 4488 0 
1 1 0 
1 1 0 
1 1 0 
1 1 0 
1 1 0 
2 3 4493 4494 0 
2 3 4492 4495 0 
2 3 4491 4496 0 
2 3 4490 4497 0 
2 3 4489 4498 0 
1 1 0 
2 3 4499 4500 0 
1 1 0 
2 3 4501 4502 0 
1 1 0 
1 1 0 
1 1 0 
1 1 0 
2 3 4506 4507 0 
2 3 4505 4508 0 
2 3 4504 4509 0 
2 3 4503 4510 0 
2 3 4484 4511 0 
2 3 4483 4512 0 
1 1 0 
1 1 0 
1 1 0 
1 1 0 
2 3 4516 4517 0 
2 3 4515 4518 0 
2 3 4514 4519 0 
2 3 4513 4520 0 
3 2 0 4521 
3 2 0 4513 
3 2 0 4483 
3 2 0 4475 
3 2 0 4482 
3 2 0 4480 
3 2 0 4478 
3 2 0 4476 
3 2 0 4477 
3 2 0 4479 
3 2 0 4481 
3 2 0 4512 
3 2 0 4484 
3 2 0 4511 
3 2 0 4503 
3 2 0 4501 
3 2 0 4499 
3 2 0 4489 
3 2 0 4485 
3 2 0 4488 
3 2 0 4486 
3 2 0 4487 
3 2 0 4498 
3 2 0 4490 
3 2 0 4497 
3 2 0 4491 
3 2 0 4496 
3 2 0 4492 
3 2 0 4495 
3 2 0 4493 
3 2 0 4494 
3 2 0 4500 
3 2 0 4502 
3 2 0 4510 
3 2 0 4504 
3 2 0 4509 
3 2 0 4505 
3 2 0 4508 
3 2 0 4506 
3 2 0 4507 
3 2 0 4520 
3 2 0 4514 
3 2 0 4519 
3 2 0 4515 
3 2 0 4518 
3 2 0 4516 
3 2 0 4517 
1 1 0 
1 1 0 
1 1 0 
2 3 4570 4571 0 
2 3 4569 4572 0 
1 1 0 
2 3 4573 4574 0 
1 1 0 
1 1 0 
1 1 0 
2 3 4577 4578 0 
1 1 0 
1 1 0 
2 3 4580 4581 0 
1 1 0 
1 1 0 
1 1 0 
1 1 0 
2 3 4585 4586 0 
2 3 4584 4587 0 
1 1 0 
1 1 0 
1 1 0 
1 1 0 
2 3 4591 4592 0 
2 3 4590 4593 0 
2 3 4589 4594 0 
2 3 4588 4595 0 
2 3 4583 4596 0 
2 3 4582 4597 0 
2 3 4579 4598 0 
2 3 4576 4599 0 
2 3 4575 4600 0 
1 1 0 
2 3 4601 4602 0 
3 2 0 4603 
3 2 0 4601 
3 2 0 4575 
3 2 0 4573 
3 2 0 4569 
3 2 0 4572 
3 2 0 4570 
3 2 0 4571 
3 2 0 4574 
3 2 0 4600 
3 2 0 4576 
3 2 0 4599 
3 2 0 4579 
3 2 0 4577 
3 2 0 4578 
3 2 0 4598 
3 2 0 4582 
3 2 0 4580 
3 2 0 4581 
3 2 0 4597 
3 2 0 4583 
3 2 0 4596 
3 2 0 4588 
3 2 0 4584 
3 2 0 4587 
3 2 0 4585 
3 2 0 4586 
3 2 0 4595 
3 2 0 4589 
3 2 0 4594 
3 2 0 4590 
3 2 0 4593 
3 2 0 4591 
3 2 0 4592 
3 2 0 4602 
1 1 0 
1 1 0 
1 1 0 
1 1 0 
1 1 0 
2 3 4642 4643 0 
2 3 4641 4644 0 
1 1 0 
1 1 0 
1 1 0 
1 1 0 
2 3 4648 4649 0 
2 3 4647 4650 0 
2 3 4646 4651 0 
2 3 4645 4652 0 
2 3 4640 4653 0 
2 3 4639 4654 0 
1 1 0 
1 1 0 
1 1 0 
2 3 4657 4658 0 
1 1 0 
1 1 0 
1 1 0 
1 1 0 
2 3 4662 4663 0 
2 3 4661 4664 0 
1 1 0 
2 3 4665 4666 0 
2 3 4660 4667 0 
2 3 4659 4668 0 
2 3 4656 4669 0 
2 3 4655 4670 0 
3 2 0 4671 
3 2 0 4655 
3 2 0 4639 
3 2 0 4654 
3 2 0 4640 
3 2 0 4653 
3 2 0 4645 
3 2 0 4641 
3 2 0 4644 
3 2 0 4642 
3 2 0 4643 
3 2 0 4652 
3 2 0 4646 
3 2 0 4651 
3 2 0 4647 
3 2 0 4650 
3 2 0 4648 
3 2 0 4649 
3 2 0 4670 
3 2 0 4656 
3 2 0 4669 
3 2 0 4659 
3 2 0 4657 
3 2 0 4658 
3 2 0 4668 
3 2 0 4660 
3 2 0 4667 
3 2 0 4665 
3 2 0 4661 
3 2 0 4664 
3 2 0 4662 
3 2 0 4663 
3 2 0 4666 
1 1 0 
1 1 0 
1 1 0 
2 3 4706 4707 0 
1 1 0 
2 3 4708 4709 0 
1 1 0 
1 1 0 
1 1 0 
1 1 0 
2 3 4713 4714 0 
2 3 4712 4715 0 
1 1 0 
1 1 0 
2 3 4717 4718 0 
2 3 4716 4719 0 
2 3 4711 4720 0 
2 3 4710 4721 0 
2 3 4705 4722 0 
1 1 0 
1 1 0 
1 1 0 
2 3 4725 4726 0 
1 1 0 
2 3 4727 4728 0 
1 1 0 
2 3 4729 4730 0 
2 3 4724 4731 0 
2 3 4723 4732 0 
3 2 0 4733 
3 2 0 4723 
3 2 0 4705 
3 2 0 4722 
3 2 0 4710 
3 2 0 4708 
3 2 0 4706 
3 2 0 4707 
3 2 0 4709 
3 2 0 4721 
3 2 0 4711 
3 2 0 4720 
3 2 0 4716 
3 2 0 4712 
3 2 0 4715 
3 2 0 4713 
3 2 0 4714 
3 2 0 4719 
3 2 0 4717 
3 2 0 4718 
3 2 0 4732 
3 2 0 4724 
3 2 0 4731 
3 2 0 4729 
3 2 0 4727 
3 2 0 4725 
3 2 0 4726 
3 2 0 4728 
3 2 0 4730 
1 1 0 
1 1 0 
2 3 4763 4764 0 
1 1 0 
1 1 0 
1 1 0 
2 3 4767 4768 0 
2 3 4766 4769 0 
1 1 0 
1 1 0 
1 1 0 
1 1 0 
2 3 4773 4774 0 
2 3 4772 4775 0 
2 3 4771 4776 0 
2 3 4770 4777 0 
2 3 4765 4778 0 
1 1 0 
2 3 4779 4780 0 
3 2 0 4781 
3 2 0 4779 
3 2 0 4765 
3 2 0 4763 
3 2 0 4764 
3 2 0 4778 
3 2 0 4770 
3 2 0 4766 
3 2 0 4769 
3 2 0 4767 
3 2 0 4768 
3 2 0 4777 
3 2 0 4771 
3 2 0 4776 
3 2 0 4772 
3 2 0 4775 
3 2 0 4773 
3 2 0 4774 
3 2 0 4780 
25 2400 30 31 32 33 34 35 36 37 38 39 40 41 42 43 44 45 46 47 48 49 50 51 52 53 54 55 56 57 58 108 109 110 111 112 113 114 115 116 117 118 119 120 121 122 123 124 125 126 127 128 129 130 131 132 133 134 135 136 137 138 139 140 141 142 143 144 145 146 147 148 149 150 151 152 153 154 155 156 220 221 222 223 224 225 226 227 228 229 230 231 232 233 234 235 236 237 238 239 240 241 242 243 244 245 246 247 248 249 250 251 252 253 254 255 256 257 258 259 260 261 262 263 264 265 266 267 268 269 270 271 272 273 274 275 276 277 278 279 280 281 282 308 309 310 311 312 313 314 315 316 317 318 319 320 321 322 323 324 325 326 327 328 329 330 331 332 386 387 388 389 390 391 392 393 394 395 396 397 398 399 400 401 402 403 404 405 406 407 408 409 410 411 412 413 414 415 416 417 418 419 420 421 422 423 424 425 426 427 428 429 430 431 432 433 434 435 436 437 438 458 459 460 461 462 463 464 465 466 467 468 469 470 471 472 473 474 475 476 488 489 490 491 492 493 494 495 496 497 498 570 571 572 573 574 575 576 577 578 579 580 581 582 583 584 585 586 587 588 589 590 591 592 593 594 595 596 597 598 599 600 601 602 603 604 605 606 607 608 609 610 611 612 613 614 615 616 617 618 619 620 621 622 623 624 625 626 627 628 629 630 631 632 633 634 635 636 637 638 639 640 694 695 696 697 698 699 700 701 702 703 704 705 706 707 708 709 710 711 712 713 714 715 716 717 718 719 720 721 722 723 724 725 726 727 728 729 730 731 732 733 734 735 736 737 738 739 740 741 742 743 744 745 746 774 775 776 777 778 779 780 781 782 783 784 785 786 787 788 789 790 791 792 793 794 795 796 797 798 799 800 820 821 822 823 824 825 826 827 828 829 830 831 832 833 834 835 836 837 838 902 903 904 905 906 907 908 909 910 911 912 913 914 915 916 917 918 919 920 921 922 923 924 925 926 927 928 929 930 931 932 933 934 935 936 937 938 939 940 941 942 943 944 945 946 947 948 949 950 951 952 953 954 955 956 957 958 959 960 961 962 963 964 994 995 996 997 998 999 1000 1001 1002 1003 1004 1005 1006 1007 1008 1009 1010 1011 1012 1013 1014 1015 1016 1017 1018 1019 1020 1021 1022 1038 1039 1040 1041 1042 1043 1044 1045 1046 1047 1048 1049 1050 1051 1052 1084 1085 1086 1087 1088 1089 1090 1091 1092 1093 1094 1095 1096 1097 1098 1099 1100 1101 1102 1103 1104 1105 1106 1107 1108 1109 1110 1111 1112 1113 1114 1138 1139 1140 1141 1142 1143 1144 1145 1146 1147 1148 1149 1150 1151 1152 1153 1154 1155 1156 1157 1158 1159 1160 1170 1171 1172 1173 1174 1175 1176 1177 1178 1246 1247 1248 1249 1250 1251 1252 1253 1254 1255 1256 1257 1258 1259 1260 1261 1262 1263 1264 1265 1266 1267 1268 1269 1270 1271 1272 1273 1274 1275 1276 1277 1278 1279 1280 1281 1282 1283 1284 1285 1286 1287 1288 1289 1290 1291 1292 1293 1294 1295 1296 1297 1298 1299 1300 1301 1302 1303 1304 1305 1306 1307 1308 1309 1310 1311 1312 1328 1329 1330 1331 1332 1333 1334 1335 1336 1337 1338 1339 1340 1341 1342 1398 1399 1400 1401 1402 1403 1404 1405 1406 1407 1408 1409 1410 1411 1412 1413 1414 1415 1416 1417 1418 1419 1420 1421 1422 1423 1424 1425 1426 1427 1428 1429 1430 1431 1432 1433 1434 1435 1436 1437 1438 1439 1440 1441 1442 1443 1444 1445 1446 1447 1448 1449 1450 1451 1452 1494 1495 1496 1497 1498 1499 1500 1501 1502 1503 1504 1505 1506 1507 1508 1509 1510 1511 1512 1513 1514 1515 1516 1517 1518 1519 1520 1521 1522 1523 1524 1525 1526 1527 1528 1529 1530 1531 1532 1533 1534 1596 1597 1598 1599 1600 1601 1602 1603 1604 1605 1606 1607 1608 1609 1610 1611 1612 1613 1614 1615 1616 1617 1618 1619 1620 1621 1622 1623 1624 1625 1626 1627 1628 1629 1630 1631 1632 1633 1634 1635 1636 1637 1638 1639 1640 1641 1642 1643 1644 1645 1646 1647 1648 1649 1650 1651 1652 1653 1654 1655 1656 1676 1677 1678 1679 1680 1681 1682 1683 1684 1685 1686 1687 1688 1689 1690 1691 1692 1693 1694 1732 1733 1734 1735 1736 1737 1738 1739 1740 1741 1742 1743 1744 1745 1746 1747 1748 1749 1750 1751 1752 1753 1754 1755 1756 1757 1758 1759 1760 1761 1762 1763 1764 1765 1766 1767 1768 1816 1817 1818 1819 1820 1821 1822 1823 1824 1825 1826 1827 1828 1829 1830 1831 1832 1833 1834 1835 1836 1837 1838 1839 1840 1841 1842 1843 1844 1845 1846 1847 1848 1849 1850 1851 1852 1853 1854 1855 1856 1857 1858 1859 1860 1861 1862 1896 1897 1898 1899 1900 1901 1902 1903 1904 1905 1906 1907 1908 1909 1910 1911 1912 1913 1914 1915 1916 1917 1918 1919 1920 1921 1922 1923 1924 1925 1926 1927 1928 1944 1945 1946 1947 1948 1949 1950 1951 1952 1953 1954 1955 1956 1957 1958 2020 2021 2022 2023 2024 2025 2026 2027 2028 2029 2030 2031 2032 2033 2034 2035 2036 2037 2038 2039 2040 2041 2042 2043 2044 2045 2046 2047 2048 2049 2050 2051 2052 2053 2054 2055 2056 2057 2058 2059 2060 2061 2062 2063 2064 2065 2066 2067 2068 2069 2070 2071 2072 2073 2074 2075 2076 2077 2078 2079 2080 2102 2103 2104 2105 2106 2107 2108 2109 2110 2111 2112 2113 2114 2115 2116 2117 2118 2119 2120 2121 2122 2186 2187 2188 2189 2190 2191 2192 2193 2194 2195 2196 2197 2198 2199 2200 2201 2202 2203 2204 2205 2206 2207 2208 2209 2210 2211 2212 2213 2214 2215 2216 2217 2218 2219 2220 2221 2222 2223 2224 2225 2226 2227 2228 2229 2230 2231 2232 2233 2234 2235 2236 2237 2238 2239 2240 2241 2242 2243 2244 2245 2246 2247 2248 2300 2301 2302 2303 2304 2305 2306 2307 2308 2309 2310 2311 2312 2313 2314 2315 2316 2317 2318 2319 2320 2321 2322 2323 2324 2325 2326 2327 2328 2329 2330 2331 2332 2333 2334 2335 2336 2337 2338 2339 2340 2341 2342 2343 2344 2345 2346 2347 2348 2349 2350 2390 2391 2392 2393 2394 2395 2396 2397 2398 2399 2400 2401 2402 2403 2404 2405 2406 2407 2408 2409 2410 2411 2412 2413 2414 2415 2416 2417 2418 2419 2420 2421 2422 2423 2424 2425 2426 2427 2428 2464 2465 2466 2467 2468 2469 2470 2471 2472 2473 2474 2475 2476 2477 2478 2479 2480 2481 2482 2483 2484 2485 2486 2487 2488 2489 2490 2491 2492 2493 2494 2495 2496 2497 2498 2524 2525 2526 2527 2528 2529 2530 2531 2532 2533 2534 2535 2536 2537 2538 2539 2540 2541 2542 2543 2544 2545 2546 2547 2548 2582 2583 2584 2585 2586 2587 2588 2589 2590 2591 2592 2593 2594 2595 2596 2597 2598 2599 2600 2601 2602 2603 2604 2605 2606 2607 2608 2609 2610 2611 2612 2613 2614 2644 2645 2646 2647 2648 2649 2650 2651 2652 2653 2654 2655 2656 2657 2658 2659 2660 2661 2662 2663 2664 2665 2666 2667 2668 2669 2670 2671 2672 2712 2713 2714 2715 2716 2717 2718 2719 2720 2721 2722 2723 2724 2725 2726 2727 2728 2729 2730 2731 2732 2733 2734 2735 2736 2737 2738 2739 2740 2741 2742 2743 2744 2745 2746 2747 2748 2749 2750 2786 2787 2788 2789 2790 2791 2792 2793 2794 2795 2796 2797 2798 2799 2800 2801 2802 2803 2804 2805 2806 2807 2808 2809 2810 2811 2812 2813 2814 2815 2816 2817 2818 2819 2820 2882 2883 2884 2885 2886 2887 2888 2889 2890 2891 2892 2893 2894 2895 2896 2897 2898 2899 2900 2901 2902 2903 2904 2905 2906 2907 2908 2909 2910 2911 2912 2913 2914 2915 2916 2917 2918 2919 2920 2921 2922 2923 2924 2925 2926 2927 2928 2929 2930 2931 2932 2933 2934 2935 2936 2937 2938 2939 2940 2941 2942 2980 2981 2982 2983 2984 2985 2986 2987 2988 2989 2990 2991 2992 2993 2994 2995 2996 2997 2998 2999 3000 3001 3002 3003 3004 3005 3006 3007 3008 3009 3010 3011 3012 3013 3014 3015 3016 3050 3051 3052 3053 3054 3055 3056 3057 3058 3059 3060 3061 3062 3063 3064 3065 3066 3067 3068 3069 3070 3071 3072 3073 3074 3075 3076 3077 3078 3079 3080 3081 3082 3104 3105 3106 3107 3108 3109 3110 3111 3112 3113 3114 3115 3116 3117 3118 3119 3120 3121 3122 3123 3124 3146 3147 3148 3149 3150 3151 3152 3153 3154 3155 3156 3157 3158 3159 3160 3161 3162 3163 3164 3165 3166 3266 3267 3268 3269 3270 3271 3272 3273 3274 3275 3276 3277 3278 3279 3280 3281 3282 3283 3284 3285 3286 3287 3288 3289 3290 3291 3292 3293 3294 3295 3296 3297 3298 3299 3300 3301 3302 3303 3304 3305 3306 3307 3308 3309 3310 3311 3312 3313 3314 3315 3316 3317 3318 3319 3320 3321 3322 3323 3324 3325 3326 3327 3328 3329 3330 3331 3332 3333 3334 3335 3336 3337 3338 3339 3340 3341 3342 3343 3344 3345 3346 3347 3348 3349 3350 3351 3352 3353 3354 3355 3356 3357 3358 3359 3360 3361 3362 3363 3364 3442 3443 3444 3445 3446 3447 3448 3449 3450 3451 3452 3453 3454 3455 3456 3457 3458 3459 3460 3461 3462 3463 3464 3465 3466 3467 3468 3469 3470 3471 3472 3473 3474 3475 3476 3477 3478 3479 3480 3481 3482 3483 3484 3485 3486 3487 3488 3489 3490 3491 3492 3493 3494 3495 3496 3497 3498 3499 3500 3501 3502 3503 3504 3505 3506 3507 3508 3509 3510 3511 3512 3513 3514 3515 3516 3517 3518 3530 3531 3532 3533 3534 3535 3536 3537 3538 3539 3540 3578 3579 3580 3581 3582 3583 3584 3585 3586 3587 3588 3589 3590 3591 3592 3593 3594 3595 3596 3597 3598 3599 3600 3601 3602 3603 3604 3605 3606 3607 3608 3609 3610 3611 3612 3613 3614 3644 3645 3646 3647 3648 3649 3650 3651 3652 3653 3654 3655 3656 3657 3658 3659 3660 3661 3662 3663 3664 3665 3666 3667 3668 3669 3670 3671 3672 3704 3705 3706 3707 3708 3709 3710 3711 3712 3713 3714 3715 3716 3717 3718 3719 3720 3721 3722 3723 3724 3725 3726 3727 3728 3729 3730 3731 3732 3733 3734 3746 3747 3748 3749 3750 3751 3752 3753 3754 3755 3756 3814 3815 3816 3817 3818 3819 3820 3821 3822 3823 3824 3825 3826 3827 3828 3829 3830 3831 3832 3833 3834 3835 3836 3837 3838 3839 3840 3841 3842 3843 3844 3845 3846 3847 3848 3849 3850 3851 3852 3853 3854 3855 3856 3857 3858 3859 3860 3861 3862 3863 3864 3865 3866 3867 3868 3869 3870 3898 3899 3900 3901 3902 3903 3904 3905 3906 3907 3908 3909 3910 3911 3912 3913 3914 3915 3916 3917 3918 3919 3920 3921 3922 3923 3924 3966 3967 3968 3969 3970 3971 3972 3973 3974 3975 3976 3977 3978 3979 3980 3981 3982 3983 3984 3985 3986 3987 3988 3989 3990 3991 3992 3993 3994 3995 3996 3997 3998 3999 4000 4001 4002 4003 4004 4005 4006 4076 4077 4078 4079 4080 4081 4082 4083 4084 4085 4086 4087 4088 4089 4090 4091 4092 4093 4094 4095 4096 4097 4098 4099 4100 4101 4102 4103 4104 4105 4106 4107 4108 4109 4110 4111 4112 4113 4114 4115 4116 4117 4118 4119 4120 4121 4122 4123 4124 4125 4126 4127 4128 4129 4130 4131 4132 4133 4134 4135 4136 4137 4138 4139 4140 4141 4142 4143 4144 4156 4157 4158 4159 4160 4161 4162 4163 4164 4165 4166 4192 4193 4194 4195 4196 4197 4198 4199 4200 4201 4202 4203 4204 4205 4206 4207 4208 4209 4210 4211 4212 4213 4214 4215 4216 4228 4229 4230 4231 4232 4233 4234 4235 4236 4237 4238 4322 4323 4324 4325 4326 4327 4328 4329 4330 4331 4332 4333 4334 4335 4336 4337 4338 4339 4340 4341 4342 4343 4344 4345 4346 4347 4348 4349 4350 4351 4352 4353 4354 4355 4356 4357 4358 4359 4360 4361 4362 4363 4364 4365 4366 4367 4368 4369 4370 4371 4372 4373 4374 4375 4376 4377 4378 4379 4380 4381 4382 4383 4384 4385 4386 4387 4388 4389 4390 4391 4392 4393 4394 4395 4396 4397 4398 4399 4400 4401 4402 4403 4404 4440 4441 4442 4443 4444 4445 4446 4447 4448 4449 4450 4451 4452 4453 4454 4455 4456 4457 4458 4459 4460 4461 4462 4463 4464 4465 4466 4467 4468 4469 4470 4471 4472 4473 4474 4522 4523 4524 4525 4526 4527 4528 4529 4530 4531 4532 4533 4534 4535 4536 4537 4538 4539 4540 4541 4542 4543 4544 4545 4546 4547 4548 4549 4550 4551 4552 4553 4554 4555 4556 4557 4558 4559 4560 4561 4562 4563 4564 4565 4566 4567 4568 4604 4605 4606 4607 4608 4609 4610 4611 4612 4613 4614 4615 4616 4617 4618 4619 4620 4621 4622 4623 4624 4625 4626 4627 4628 4629 4630 4631 4632 4633 4634 4635 4636 4637 4638 4672 4673 4674 4675 4676 4677 4678 4679 4680 4681 4682 4683 4684 4685 4686 4687 4688 4689 4690 4691 4692 4693 4694 4695 4696 4697 4698 4699 4700 4701 4702 4703 4704 4734 4735 4736 4737 4738 4739 4740 4741 4742 4743 4744 4745 4746 4747 4748 4749 4750 4751 4752 4753 4754 4755 4756 4757 4758 4759 4760 4761 4762 4782 4783 4784 4785 4786 4787 4788 4789 4790 4791 4792 4793 4794 4795 4796 4797 4798 4799 4800 
