4842
0 0 
1 1 0 
1 1 0 
2 3 1 2 0 
1 1 0 
1 1 0 
2 3 4 5 0 
2 3 3 6 0 
1 1 0 
2 3 7 8 0 
3 2 0 9 
3 2 0 7 
3 2 0 3 
3 2 0 1 
3 2 0 2 
3 2 0 6 
3 2 0 4 
3 2 0 5 
3 2 0 8 
1 1 0 
1 1 0 
2 3 19 20 0 
1 1 0 
1 1 0 
2 3 22 23 0 
2 3 21 24 0 
1 1 0 
1 1 0 
1 1 0 
2 3 27 28 0 
1 1 0 
2 3 29 30 0 
1 1 0 
2 3 31 32 0 
1 1 0 
1 1 0 
2 3 34 35 0 
2 3 33 36 0 
2 3 26 37 0 
2 3 25 38 0 
1 1 0 
1 1 0 
1 1 0 
2 3 41 42 0 
2 3 40 43 0 
1 1 0 
2 3 44 45 0 
2 3 39 46 0 
3 2 0 47 
3 2 0 39 
3 2 0 25 
3 2 0 21 
3 2 0 19 
3 2 0 20 
3 2 0 24 
3 2 0 22 
3 2 0 23 
3 2 0 38 
3 2 0 26 
3 2 0 37 
3 2 0 33 
3 2 0 31 
3 2 0 29 
3 2 0 27 
3 2 0 28 
3 2 0 30 
3 2 0 32 
3 2 0 36 
3 2 0 34 
3 2 0 35 
3 2 0 46 
3 2 0 44 
3 2 0 40 
3 2 0 43 
3 2 0 41 
3 2 0 42 
3 2 0 45 
1 1 0 
1 1 0 
1 1 0 
2 3 78 79 0 
1 1 0 
1 1 0 
1 1 0 
1 1 0 
1 1 0 
2 3 84 85 0 
2 3 83 86 0 
2 3 82 87 0 
1 1 0 
1 1 0 
1 1 0 
1 1 0 
2 3 91 92 0 
2 3 90 93 0 
1 1 0 
1 1 0 
2 3 95 96 0 
2 3 94 97 0 
2 3 89 98 0 
2 3 88 99 0 
2 3 81 100 0 
1 1 0 
1 1 0 
1 1 0 
1 1 0 
1 1 0 
2 3 105 106 0 
2 3 104 107 0 
2 3 103 108 0 
2 3 102 109 0 
2 3 101 110 0 
2 3 80 111 0 
2 3 77 112 0 
3 2 0 113 
3 2 0 77 
3 2 0 112 
3 2 0 80 
3 2 0 78 
3 2 0 79 
3 2 0 111 
3 2 0 101 
3 2 0 81 
3 2 0 100 
3 2 0 88 
3 2 0 82 
3 2 0 87 
3 2 0 83 
3 2 0 86 
3 2 0 84 
3 2 0 85 
3 2 0 99 
3 2 0 89 
3 2 0 98 
3 2 0 94 
3 2 0 90 
3 2 0 93 
3 2 0 91 
3 2 0 92 
3 2 0 97 
3 2 0 95 
3 2 0 96 
3 2 0 110 
3 2 0 102 
3 2 0 109 
3 2 0 103 
3 2 0 108 
3 2 0 104 
3 2 0 107 
3 2 0 105 
3 2 0 106 
1 1 0 
1 1 0 
1 1 0 
1 1 0 
1 1 0 
1 1 0 
1 1 0 
2 3 156 157 0 
2 3 155 158 0 
2 3 154 159 0 
2 3 153 160 0 
2 3 152 161 0 
1 1 0 
1 1 0 
1 1 0 
2 3 164 165 0 
1 1 0 
1 1 0 
1 1 0 
1 1 0 
2 3 169 170 0 
2 3 168 171 0 
1 1 0 
2 3 172 173 0 
1 1 0 
1 1 0 
1 1 0 
1 1 0 
1 1 0 
2 3 178 179 0 
1 1 0 
1 1 0 
1 1 0 
2 3 182 183 0 
1 1 0 
1 1 0 
1 1 0 
2 3 186 187 0 
1 1 0 
1 1 0 
1 1 0 
2 3 190 191 0 
2 3 189 192 0 
2 3 188 193 0 
2 3 185 194 0 
2 3 184 195 0 
2 3 181 196 0 
2 3 180 197 0 
2 3 177 198 0 
2 3 176 199 0 
2 3 175 200 0 
2 3 174 201 0 
2 3 167 202 0 
1 1 0 
2 3 203 204 0 
1 1 0 
2 3 205 206 0 
2 3 166 207 0 
2 3 163 208 0 
2 3 162 209 0 
2 3 151 210 0 
3 2 0 211 
3 2 0 151 
3 2 0 210 
3 2 0 162 
3 2 0 152 
3 2 0 161 
3 2 0 153 
3 2 0 160 
3 2 0 154 
3 2 0 159 
3 2 0 155 
3 2 0 158 
3 2 0 156 
3 2 0 157 
3 2 0 209 
3 2 0 163 
3 2 0 208 
3 2 0 166 
3 2 0 164 
3 2 0 165 
3 2 0 207 
3 2 0 205 
3 2 0 203 
3 2 0 167 
3 2 0 202 
3 2 0 174 
3 2 0 172 
3 2 0 168 
3 2 0 171 
3 2 0 169 
3 2 0 170 
3 2 0 173 
3 2 0 201 
3 2 0 175 
3 2 0 200 
3 2 0 176 
3 2 0 199 
3 2 0 177 
3 2 0 198 
3 2 0 180 
3 2 0 178 
3 2 0 179 
3 2 0 197 
3 2 0 181 
3 2 0 196 
3 2 0 184 
3 2 0 182 
3 2 0 183 
3 2 0 195 
3 2 0 185 
3 2 0 194 
3 2 0 188 
3 2 0 186 
3 2 0 187 
3 2 0 193 
3 2 0 189 
3 2 0 192 
3 2 0 190 
3 2 0 191 
3 2 0 204 
3 2 0 206 
1 1 0 
1 1 0 
1 1 0 
1 1 0 
2 3 275 276 0 
2 3 274 277 0 
1 1 0 
1 1 0 
1 1 0 
1 1 0 
2 3 281 282 0 
2 3 280 283 0 
2 3 279 284 0 
2 3 278 285 0 
1 1 0 
2 3 286 287 0 
2 3 273 288 0 
3 2 0 289 
3 2 0 273 
3 2 0 288 
3 2 0 286 
3 2 0 278 
3 2 0 274 
3 2 0 277 
3 2 0 275 
3 2 0 276 
3 2 0 285 
3 2 0 279 
3 2 0 284 
3 2 0 280 
3 2 0 283 
3 2 0 281 
3 2 0 282 
3 2 0 287 
1 1 0 
1 1 0 
1 1 0 
2 3 308 309 0 
2 3 307 310 0 
1 1 0 
1 1 0 
1 1 0 
1 1 0 
1 1 0 
1 1 0 
1 1 0 
1 1 0 
2 3 318 319 0 
2 3 317 320 0 
2 3 316 321 0 
2 3 315 322 0 
2 3 314 323 0 
1 1 0 
2 3 324 325 0 
2 3 313 326 0 
2 3 312 327 0 
2 3 311 328 0 
3 2 0 329 
3 2 0 311 
3 2 0 307 
3 2 0 310 
3 2 0 308 
3 2 0 309 
3 2 0 328 
3 2 0 312 
3 2 0 327 
3 2 0 313 
3 2 0 326 
3 2 0 324 
3 2 0 314 
3 2 0 323 
3 2 0 315 
3 2 0 322 
3 2 0 316 
3 2 0 321 
3 2 0 317 
3 2 0 320 
3 2 0 318 
3 2 0 319 
3 2 0 325 
1 1 0 
1 1 0 
1 1 0 
1 1 0 
2 3 355 356 0 
1 1 0 
2 3 357 358 0 
1 1 0 
1 1 0 
1 1 0 
1 1 0 
1 1 0 
1 1 0 
1 1 0 
1 1 0 
2 3 366 367 0 
2 3 365 368 0 
2 3 364 369 0 
2 3 363 370 0 
2 3 362 371 0 
2 3 361 372 0 
2 3 360 373 0 
1 1 0 
1 1 0 
1 1 0 
1 1 0 
1 1 0 
2 3 378 379 0 
2 3 377 380 0 
2 3 376 381 0 
2 3 375 382 0 
2 3 374 383 0 
2 3 359 384 0 
2 3 354 385 0 
2 3 353 386 0 
1 1 0 
2 3 387 388 0 
1 1 0 
1 1 0 
2 3 390 391 0 
1 1 0 
2 3 392 393 0 
1 1 0 
1 1 0 
1 1 0 
1 1 0 
1 1 0 
1 1 0 
1 1 0 
1 1 0 
1 1 0 
1 1 0 
2 3 403 404 0 
1 1 0 
2 3 405 406 0 
2 3 402 407 0 
2 3 401 408 0 
2 3 400 409 0 
2 3 399 410 0 
2 3 398 411 0 
2 3 397 412 0 
2 3 396 413 0 
2 3 395 414 0 
2 3 394 415 0 
2 3 389 416 0 
1 1 0 
2 3 417 418 0 
3 2 0 419 
3 2 0 417 
3 2 0 389 
3 2 0 387 
3 2 0 353 
3 2 0 386 
3 2 0 354 
3 2 0 385 
3 2 0 359 
3 2 0 357 
3 2 0 355 
3 2 0 356 
3 2 0 358 
3 2 0 384 
3 2 0 374 
3 2 0 360 
3 2 0 373 
3 2 0 361 
3 2 0 372 
3 2 0 362 
3 2 0 371 
3 2 0 363 
3 2 0 370 
3 2 0 364 
3 2 0 369 
3 2 0 365 
3 2 0 368 
3 2 0 366 
3 2 0 367 
3 2 0 383 
3 2 0 375 
3 2 0 382 
3 2 0 376 
3 2 0 381 
3 2 0 377 
3 2 0 380 
3 2 0 378 
3 2 0 379 
3 2 0 388 
3 2 0 416 
3 2 0 394 
3 2 0 392 
3 2 0 390 
3 2 0 391 
3 2 0 393 
3 2 0 415 
3 2 0 395 
3 2 0 414 
3 2 0 396 
3 2 0 413 
3 2 0 397 
3 2 0 412 
3 2 0 398 
3 2 0 411 
3 2 0 399 
3 2 0 410 
3 2 0 400 
3 2 0 409 
3 2 0 401 
3 2 0 408 
3 2 0 402 
3 2 0 407 
3 2 0 405 
3 2 0 403 
3 2 0 404 
3 2 0 406 
3 2 0 418 
1 1 0 
1 1 0 
1 1 0 
2 3 488 489 0 
2 3 487 490 0 
1 1 0 
1 1 0 
2 3 492 493 0 
1 1 0 
2 3 494 495 0 
1 1 0 
1 1 0 
1 1 0 
1 1 0 
2 3 499 500 0 
2 3 498 501 0 
1 1 0 
1 1 0 
1 1 0 
2 3 504 505 0 
2 3 503 506 0 
2 3 502 507 0 
2 3 497 508 0 
2 3 496 509 0 
1 1 0 
2 3 510 511 0 
2 3 491 512 0 
3 2 0 513 
3 2 0 491 
3 2 0 487 
3 2 0 490 
3 2 0 488 
3 2 0 489 
3 2 0 512 
3 2 0 510 
3 2 0 496 
3 2 0 494 
3 2 0 492 
3 2 0 493 
3 2 0 495 
3 2 0 509 
3 2 0 497 
3 2 0 508 
3 2 0 502 
3 2 0 498 
3 2 0 501 
3 2 0 499 
3 2 0 500 
3 2 0 507 
3 2 0 503 
3 2 0 506 
3 2 0 504 
3 2 0 505 
3 2 0 511 
1 1 0 
1 1 0 
1 1 0 
1 1 0 
1 1 0 
2 3 544 545 0 
2 3 543 546 0 
2 3 542 547 0 
2 3 541 548 0 
1 1 0 
1 1 0 
2 3 550 551 0 
1 1 0 
2 3 552 553 0 
1 1 0 
1 1 0 
1 1 0 
2 3 556 557 0 
2 3 555 558 0 
2 3 554 559 0 
1 1 0 
2 3 560 561 0 
2 3 549 562 0 
3 2 0 563 
3 2 0 549 
3 2 0 541 
3 2 0 548 
3 2 0 542 
3 2 0 547 
3 2 0 543 
3 2 0 546 
3 2 0 544 
3 2 0 545 
3 2 0 562 
3 2 0 560 
3 2 0 554 
3 2 0 552 
3 2 0 550 
3 2 0 551 
3 2 0 553 
3 2 0 559 
3 2 0 555 
3 2 0 558 
3 2 0 556 
3 2 0 557 
3 2 0 561 
1 1 0 
1 1 0 
1 1 0 
1 1 0 
1 1 0 
2 3 590 591 0 
2 3 589 592 0 
2 3 588 593 0 
2 3 587 594 0 
1 1 0 
1 1 0 
1 1 0 
1 1 0 
1 1 0 
2 3 599 600 0 
2 3 598 601 0 
2 3 597 602 0 
2 3 596 603 0 
2 3 595 604 0 
1 1 0 
1 1 0 
2 3 606 607 0 
2 3 605 608 0 
1 1 0 
1 1 0 
1 1 0 
2 3 611 612 0 
1 1 0 
1 1 0 
2 3 614 615 0 
2 3 613 616 0 
2 3 610 617 0 
2 3 609 618 0 
1 1 0 
2 3 619 620 0 
3 2 0 621 
3 2 0 619 
3 2 0 609 
3 2 0 605 
3 2 0 595 
3 2 0 587 
3 2 0 594 
3 2 0 588 
3 2 0 593 
3 2 0 589 
3 2 0 592 
3 2 0 590 
3 2 0 591 
3 2 0 604 
3 2 0 596 
3 2 0 603 
3 2 0 597 
3 2 0 602 
3 2 0 598 
3 2 0 601 
3 2 0 599 
3 2 0 600 
3 2 0 608 
3 2 0 606 
3 2 0 607 
3 2 0 618 
3 2 0 610 
3 2 0 617 
3 2 0 613 
3 2 0 611 
3 2 0 612 
3 2 0 616 
3 2 0 614 
3 2 0 615 
3 2 0 620 
1 1 0 
1 1 0 
2 3 657 658 0 
1 1 0 
1 1 0 
2 3 660 661 0 
1 1 0 
1 1 0 
1 1 0 
1 1 0 
2 3 665 666 0 
2 3 664 667 0 
1 1 0 
1 1 0 
2 3 669 670 0 
2 3 668 671 0 
1 1 0 
2 3 672 673 0 
1 1 0 
1 1 0 
2 3 675 676 0 
1 1 0 
1 1 0 
1 1 0 
2 3 679 680 0 
2 3 678 681 0 
2 3 677 682 0 
2 3 674 683 0 
2 3 663 684 0 
2 3 662 685 0 
1 1 0 
1 1 0 
1 1 0 
1 1 0 
2 3 689 690 0 
2 3 688 691 0 
2 3 687 692 0 
1 1 0 
2 3 693 694 0 
2 3 686 695 0 
2 3 659 696 0 
3 2 0 697 
3 2 0 659 
3 2 0 657 
3 2 0 658 
3 2 0 696 
3 2 0 686 
3 2 0 662 
3 2 0 660 
3 2 0 661 
3 2 0 685 
3 2 0 663 
3 2 0 684 
3 2 0 674 
3 2 0 672 
3 2 0 668 
3 2 0 664 
3 2 0 667 
3 2 0 665 
3 2 0 666 
3 2 0 671 
3 2 0 669 
3 2 0 670 
3 2 0 673 
3 2 0 683 
3 2 0 677 
3 2 0 675 
3 2 0 676 
3 2 0 682 
3 2 0 678 
3 2 0 681 
3 2 0 679 
3 2 0 680 
3 2 0 695 
3 2 0 693 
3 2 0 687 
3 2 0 692 
3 2 0 688 
3 2 0 691 
3 2 0 689 
3 2 0 690 
3 2 0 694 
1 1 0 
1 1 0 
1 1 0 
1 1 0 
1 1 0 
1 1 0 
1 1 0 
1 1 0 
2 3 745 746 0 
1 1 0 
1 1 0 
1 1 0 
1 1 0 
2 3 750 751 0 
2 3 749 752 0 
2 3 748 753 0 
1 1 0 
1 1 0 
1 1 0 
1 1 0 
1 1 0 
1 1 0 
2 3 759 760 0 
2 3 758 761 0 
2 3 757 762 0 
2 3 756 763 0 
2 3 755 764 0 
2 3 754 765 0 
2 3 747 766 0 
2 3 744 767 0 
2 3 743 768 0 
2 3 742 769 0 
2 3 741 770 0 
1 1 0 
2 3 771 772 0 
2 3 740 773 0 
2 3 739 774 0 
3 2 0 775 
3 2 0 739 
3 2 0 774 
3 2 0 740 
3 2 0 773 
3 2 0 771 
3 2 0 741 
3 2 0 770 
3 2 0 742 
3 2 0 769 
3 2 0 743 
3 2 0 768 
3 2 0 744 
3 2 0 767 
3 2 0 747 
3 2 0 745 
3 2 0 746 
3 2 0 766 
3 2 0 754 
3 2 0 748 
3 2 0 753 
3 2 0 749 
3 2 0 752 
3 2 0 750 
3 2 0 751 
3 2 0 765 
3 2 0 755 
3 2 0 764 
3 2 0 756 
3 2 0 763 
3 2 0 757 
3 2 0 762 
3 2 0 758 
3 2 0 761 
3 2 0 759 
3 2 0 760 
3 2 0 772 
1 1 0 
1 1 0 
1 1 0 
1 1 0 
1 1 0 
2 3 816 817 0 
2 3 815 818 0 
2 3 814 819 0 
1 1 0 
1 1 0 
1 1 0 
1 1 0 
1 1 0 
1 1 0 
2 3 825 826 0 
2 3 824 827 0 
2 3 823 828 0 
2 3 822 829 0 
1 1 0 
2 3 830 831 0 
2 3 821 832 0 
2 3 820 833 0 
2 3 813 834 0 
1 1 0 
2 3 835 836 0 
1 1 0 
2 3 837 838 0 
1 1 0 
1 1 0 
2 3 840 841 0 
1 1 0 
1 1 0 
2 3 843 844 0 
2 3 842 845 0 
1 1 0 
1 1 0 
1 1 0 
2 3 848 849 0 
1 1 0 
2 3 850 851 0 
2 3 847 852 0 
2 3 846 853 0 
2 3 839 854 0 
1 1 0 
2 3 855 856 0 
3 2 0 857 
3 2 0 855 
3 2 0 839 
3 2 0 837 
3 2 0 835 
3 2 0 813 
3 2 0 834 
3 2 0 820 
3 2 0 814 
3 2 0 819 
3 2 0 815 
3 2 0 818 
3 2 0 816 
3 2 0 817 
3 2 0 833 
3 2 0 821 
3 2 0 832 
3 2 0 830 
3 2 0 822 
3 2 0 829 
3 2 0 823 
3 2 0 828 
3 2 0 824 
3 2 0 827 
3 2 0 825 
3 2 0 826 
3 2 0 831 
3 2 0 836 
3 2 0 838 
3 2 0 854 
3 2 0 846 
3 2 0 842 
3 2 0 840 
3 2 0 841 
3 2 0 845 
3 2 0 843 
3 2 0 844 
3 2 0 853 
3 2 0 847 
3 2 0 852 
3 2 0 850 
3 2 0 848 
3 2 0 849 
3 2 0 851 
3 2 0 856 
1 1 0 
1 1 0 
1 1 0 
2 3 904 905 0 
1 1 0 
1 1 0 
2 3 907 908 0 
1 1 0 
1 1 0 
1 1 0 
1 1 0 
1 1 0 
2 3 913 914 0 
1 1 0 
1 1 0 
2 3 916 917 0 
2 3 915 918 0 
2 3 912 919 0 
2 3 911 920 0 
2 3 910 921 0 
2 3 909 922 0 
2 3 906 923 0 
2 3 903 924 0 
1 1 0 
2 3 925 926 0 
1 1 0 
2 3 927 928 0 
1 1 0 
1 1 0 
2 3 930 931 0 
1 1 0 
1 1 0 
1 1 0 
1 1 0 
1 1 0 
2 3 936 937 0 
2 3 935 938 0 
1 1 0 
1 1 0 
1 1 0 
1 1 0 
2 3 942 943 0 
2 3 941 944 0 
2 3 940 945 0 
2 3 939 946 0 
2 3 934 947 0 
2 3 933 948 0 
2 3 932 949 0 
2 3 929 950 0 
1 1 0 
2 3 951 952 0 
3 2 0 953 
3 2 0 951 
3 2 0 929 
3 2 0 927 
3 2 0 925 
3 2 0 903 
3 2 0 924 
3 2 0 906 
3 2 0 904 
3 2 0 905 
3 2 0 923 
3 2 0 909 
3 2 0 907 
3 2 0 908 
3 2 0 922 
3 2 0 910 
3 2 0 921 
3 2 0 911 
3 2 0 920 
3 2 0 912 
3 2 0 919 
3 2 0 915 
3 2 0 913 
3 2 0 914 
3 2 0 918 
3 2 0 916 
3 2 0 917 
3 2 0 926 
3 2 0 928 
3 2 0 950 
3 2 0 932 
3 2 0 930 
3 2 0 931 
3 2 0 949 
3 2 0 933 
3 2 0 948 
3 2 0 934 
3 2 0 947 
3 2 0 939 
3 2 0 935 
3 2 0 938 
3 2 0 936 
3 2 0 937 
3 2 0 946 
3 2 0 940 
3 2 0 945 
3 2 0 941 
3 2 0 944 
3 2 0 942 
3 2 0 943 
3 2 0 952 
1 1 0 
1 1 0 
2 3 1005 1006 0 
1 1 0 
1 1 0 
1 1 0 
2 3 1009 1010 0 
2 3 1008 1011 0 
2 3 1007 1012 0 
1 1 0 
1 1 0 
2 3 1014 1015 0 
2 3 1013 1016 0 
1 1 0 
2 3 1017 1018 0 
1 1 0 
1 1 0 
1 1 0 
2 3 1021 1022 0 
2 3 1020 1023 0 
2 3 1019 1024 0 
1 1 0 
2 3 1025 1026 0 
3 2 0 1027 
3 2 0 1025 
3 2 0 1019 
3 2 0 1017 
3 2 0 1013 
3 2 0 1007 
3 2 0 1005 
3 2 0 1006 
3 2 0 1012 
3 2 0 1008 
3 2 0 1011 
3 2 0 1009 
3 2 0 1010 
3 2 0 1016 
3 2 0 1014 
3 2 0 1015 
3 2 0 1018 
3 2 0 1024 
3 2 0 1020 
3 2 0 1023 
3 2 0 1021 
3 2 0 1022 
3 2 0 1026 
1 1 0 
1 1 0 
1 1 0 
1 1 0 
2 3 1053 1054 0 
1 1 0 
1 1 0 
1 1 0 
2 3 1057 1058 0 
1 1 0 
2 3 1059 1060 0 
1 1 0 
2 3 1061 1062 0 
2 3 1056 1063 0 
1 1 0 
1 1 0 
1 1 0 
1 1 0 
1 1 0 
1 1 0 
1 1 0 
1 1 0 
2 3 1071 1072 0 
1 1 0 
2 3 1073 1074 0 
2 3 1070 1075 0 
2 3 1069 1076 0 
2 3 1068 1077 0 
2 3 1067 1078 0 
2 3 1066 1079 0 
2 3 1065 1080 0 
2 3 1064 1081 0 
2 3 1055 1082 0 
2 3 1052 1083 0 
1 1 0 
2 3 1084 1085 0 
2 3 1051 1086 0 
3 2 0 1087 
3 2 0 1051 
3 2 0 1086 
3 2 0 1084 
3 2 0 1052 
3 2 0 1083 
3 2 0 1055 
3 2 0 1053 
3 2 0 1054 
3 2 0 1082 
3 2 0 1064 
3 2 0 1056 
3 2 0 1063 
3 2 0 1061 
3 2 0 1059 
3 2 0 1057 
3 2 0 1058 
3 2 0 1060 
3 2 0 1062 
3 2 0 1081 
3 2 0 1065 
3 2 0 1080 
3 2 0 1066 
3 2 0 1079 
3 2 0 1067 
3 2 0 1078 
3 2 0 1068 
3 2 0 1077 
3 2 0 1069 
3 2 0 1076 
3 2 0 1070 
3 2 0 1075 
3 2 0 1073 
3 2 0 1071 
3 2 0 1072 
3 2 0 1074 
3 2 0 1085 
1 1 0 
1 1 0 
1 1 0 
1 1 0 
1 1 0 
1 1 0 
2 3 1129 1130 0 
2 3 1128 1131 0 
1 1 0 
2 3 1132 1133 0 
2 3 1127 1134 0 
1 1 0 
2 3 1135 1136 0 
1 1 0 
1 1 0 
1 1 0 
2 3 1139 1140 0 
2 3 1138 1141 0 
1 1 0 
1 1 0 
1 1 0 
1 1 0 
1 1 0 
1 1 0 
1 1 0 
1 1 0 
2 3 1149 1150 0 
2 3 1148 1151 0 
2 3 1147 1152 0 
2 3 1146 1153 0 
2 3 1145 1154 0 
2 3 1144 1155 0 
2 3 1143 1156 0 
2 3 1142 1157 0 
2 3 1137 1158 0 
2 3 1126 1159 0 
1 1 0 
2 3 1160 1161 0 
1 1 0 
2 3 1162 1163 0 
1 1 0 
1 1 0 
1 1 0 
1 1 0 
2 3 1167 1168 0 
1 1 0 
1 1 0 
1 1 0 
1 1 0 
1 1 0 
2 3 1173 1174 0 
2 3 1172 1175 0 
1 1 0 
1 1 0 
1 1 0 
2 3 1178 1179 0 
1 1 0 
2 3 1180 1181 0 
2 3 1177 1182 0 
2 3 1176 1183 0 
2 3 1171 1184 0 
2 3 1170 1185 0 
2 3 1169 1186 0 
2 3 1166 1187 0 
2 3 1165 1188 0 
1 1 0 
1 1 0 
2 3 1190 1191 0 
2 3 1189 1192 0 
2 3 1164 1193 0 
1 1 0 
2 3 1194 1195 0 
2 3 1125 1196 0 
3 2 0 1197 
3 2 0 1125 
3 2 0 1196 
3 2 0 1194 
3 2 0 1164 
3 2 0 1162 
3 2 0 1160 
3 2 0 1126 
3 2 0 1159 
3 2 0 1137 
3 2 0 1135 
3 2 0 1127 
3 2 0 1134 
3 2 0 1132 
3 2 0 1128 
3 2 0 1131 
3 2 0 1129 
3 2 0 1130 
3 2 0 1133 
3 2 0 1136 
3 2 0 1158 
3 2 0 1142 
3 2 0 1138 
3 2 0 1141 
3 2 0 1139 
3 2 0 1140 
3 2 0 1157 
3 2 0 1143 
3 2 0 1156 
3 2 0 1144 
3 2 0 1155 
3 2 0 1145 
3 2 0 1154 
3 2 0 1146 
3 2 0 1153 
3 2 0 1147 
3 2 0 1152 
3 2 0 1148 
3 2 0 1151 
3 2 0 1149 
3 2 0 1150 
3 2 0 1161 
3 2 0 1163 
3 2 0 1193 
3 2 0 1189 
3 2 0 1165 
3 2 0 1188 
3 2 0 1166 
3 2 0 1187 
3 2 0 1169 
3 2 0 1167 
3 2 0 1168 
3 2 0 1186 
3 2 0 1170 
3 2 0 1185 
3 2 0 1171 
3 2 0 1184 
3 2 0 1176 
3 2 0 1172 
3 2 0 1175 
3 2 0 1173 
3 2 0 1174 
3 2 0 1183 
3 2 0 1177 
3 2 0 1182 
3 2 0 1180 
3 2 0 1178 
3 2 0 1179 
3 2 0 1181 
3 2 0 1192 
3 2 0 1190 
3 2 0 1191 
3 2 0 1195 
1 1 0 
1 1 0 
1 1 0 
2 3 1272 1273 0 
1 1 0 
1 1 0 
1 1 0 
2 3 1276 1277 0 
1 1 0 
2 3 1278 1279 0 
1 1 0 
1 1 0 
2 3 1281 1282 0 
1 1 0 
1 1 0 
1 1 0 
1 1 0 
2 3 1286 1287 0 
2 3 1285 1288 0 
1 1 0 
1 1 0 
1 1 0 
2 3 1291 1292 0 
2 3 1290 1293 0 
2 3 1289 1294 0 
2 3 1284 1295 0 
2 3 1283 1296 0 
1 1 0 
2 3 1297 1298 0 
1 1 0 
2 3 1299 1300 0 
1 1 0 
1 1 0 
2 3 1302 1303 0 
1 1 0 
2 3 1304 1305 0 
1 1 0 
1 1 0 
1 1 0 
1 1 0 
1 1 0 
1 1 0 
1 1 0 
1 1 0 
2 3 1313 1314 0 
2 3 1312 1315 0 
2 3 1311 1316 0 
2 3 1310 1317 0 
2 3 1309 1318 0 
2 3 1308 1319 0 
2 3 1307 1320 0 
2 3 1306 1321 0 
2 3 1301 1322 0 
2 3 1280 1323 0 
2 3 1275 1324 0 
2 3 1274 1325 0 
1 1 0 
2 3 1326 1327 0 
1 1 0 
2 3 1328 1329 0 
2 3 1271 1330 0 
3 2 0 1331 
3 2 0 1271 
3 2 0 1330 
3 2 0 1328 
3 2 0 1326 
3 2 0 1274 
3 2 0 1272 
3 2 0 1273 
3 2 0 1325 
3 2 0 1275 
3 2 0 1324 
3 2 0 1280 
3 2 0 1278 
3 2 0 1276 
3 2 0 1277 
3 2 0 1279 
3 2 0 1323 
3 2 0 1301 
3 2 0 1299 
3 2 0 1297 
3 2 0 1283 
3 2 0 1281 
3 2 0 1282 
3 2 0 1296 
3 2 0 1284 
3 2 0 1295 
3 2 0 1289 
3 2 0 1285 
3 2 0 1288 
3 2 0 1286 
3 2 0 1287 
3 2 0 1294 
3 2 0 1290 
3 2 0 1293 
3 2 0 1291 
3 2 0 1292 
3 2 0 1298 
3 2 0 1300 
3 2 0 1322 
3 2 0 1306 
3 2 0 1304 
3 2 0 1302 
3 2 0 1303 
3 2 0 1305 
3 2 0 1321 
3 2 0 1307 
3 2 0 1320 
3 2 0 1308 
3 2 0 1319 
3 2 0 1309 
3 2 0 1318 
3 2 0 1310 
3 2 0 1317 
3 2 0 1311 
3 2 0 1316 
3 2 0 1312 
3 2 0 1315 
3 2 0 1313 
3 2 0 1314 
3 2 0 1327 
3 2 0 1329 
1 1 0 
1 1 0 
1 1 0 
1 1 0 
2 3 1395 1396 0 
2 3 1394 1397 0 
2 3 1393 1398 0 
3 2 0 1399 
3 2 0 1393 
3 2 0 1398 
3 2 0 1394 
3 2 0 1397 
3 2 0 1395 
3 2 0 1396 
1 1 0 
1 1 0 
2 3 1407 1408 0 
1 1 0 
2 3 1409 1410 0 
1 1 0 
1 1 0 
1 1 0 
2 3 1413 1414 0 
2 3 1412 1415 0 
1 1 0 
2 3 1416 1417 0 
2 3 1411 1418 0 
3 2 0 1419 
3 2 0 1411 
3 2 0 1409 
3 2 0 1407 
3 2 0 1408 
3 2 0 1410 
3 2 0 1418 
3 2 0 1416 
3 2 0 1412 
3 2 0 1415 
3 2 0 1413 
3 2 0 1414 
3 2 0 1417 
1 1 0 
1 1 0 
1 1 0 
1 1 0 
2 3 1435 1436 0 
2 3 1434 1437 0 
2 3 1433 1438 0 
1 1 0 
2 3 1439 1440 0 
1 1 0 
1 1 0 
1 1 0 
2 3 1443 1444 0 
2 3 1442 1445 0 
1 1 0 
2 3 1446 1447 0 
1 1 0 
2 3 1448 1449 0 
1 1 0 
1 1 0 
1 1 0 
1 1 0 
2 3 1453 1454 0 
2 3 1452 1455 0 
2 3 1451 1456 0 
2 3 1450 1457 0 
2 3 1441 1458 0 
1 1 0 
2 3 1459 1460 0 
1 1 0 
1 1 0 
1 1 0 
1 1 0 
1 1 0 
2 3 1465 1466 0 
2 3 1464 1467 0 
2 3 1463 1468 0 
2 3 1462 1469 0 
2 3 1461 1470 0 
1 1 0 
2 3 1471 1472 0 
3 2 0 1473 
3 2 0 1471 
3 2 0 1461 
3 2 0 1459 
3 2 0 1441 
3 2 0 1439 
3 2 0 1433 
3 2 0 1438 
3 2 0 1434 
3 2 0 1437 
3 2 0 1435 
3 2 0 1436 
3 2 0 1440 
3 2 0 1458 
3 2 0 1450 
3 2 0 1448 
3 2 0 1446 
3 2 0 1442 
3 2 0 1445 
3 2 0 1443 
3 2 0 1444 
3 2 0 1447 
3 2 0 1449 
3 2 0 1457 
3 2 0 1451 
3 2 0 1456 
3 2 0 1452 
3 2 0 1455 
3 2 0 1453 
3 2 0 1454 
3 2 0 1460 
3 2 0 1470 
3 2 0 1462 
3 2 0 1469 
3 2 0 1463 
3 2 0 1468 
3 2 0 1464 
3 2 0 1467 
3 2 0 1465 
3 2 0 1466 
3 2 0 1472 
1 1 0 
1 1 0 
1 1 0 
1 1 0 
2 3 1517 1518 0 
2 3 1516 1519 0 
1 1 0 
1 1 0 
1 1 0 
1 1 0 
2 3 1523 1524 0 
2 3 1522 1525 0 
2 3 1521 1526 0 
1 1 0 
2 3 1527 1528 0 
2 3 1520 1529 0 
2 3 1515 1530 0 
3 2 0 1531 
3 2 0 1515 
3 2 0 1530 
3 2 0 1520 
3 2 0 1516 
3 2 0 1519 
3 2 0 1517 
3 2 0 1518 
3 2 0 1529 
3 2 0 1527 
3 2 0 1521 
3 2 0 1526 
3 2 0 1522 
3 2 0 1525 
3 2 0 1523 
3 2 0 1524 
3 2 0 1528 
1 1 0 
1 1 0 
2 3 1549 1550 0 
1 1 0 
1 1 0 
1 1 0 
1 1 0 
2 3 1554 1555 0 
1 1 0 
2 3 1556 1557 0 
1 1 0 
2 3 1558 1559 0 
1 1 0 
1 1 0 
1 1 0 
1 1 0 
1 1 0 
1 1 0 
1 1 0 
1 1 0 
2 3 1567 1568 0 
2 3 1566 1569 0 
2 3 1565 1570 0 
2 3 1564 1571 0 
2 3 1563 1572 0 
2 3 1562 1573 0 
2 3 1561 1574 0 
2 3 1560 1575 0 
2 3 1553 1576 0 
2 3 1552 1577 0 
2 3 1551 1578 0 
1 1 0 
1 1 0 
1 1 0 
2 3 1581 1582 0 
2 3 1580 1583 0 
1 1 0 
2 3 1584 1585 0 
2 3 1579 1586 0 
3 2 0 1587 
3 2 0 1579 
3 2 0 1551 
3 2 0 1549 
3 2 0 1550 
3 2 0 1578 
3 2 0 1552 
3 2 0 1577 
3 2 0 1553 
3 2 0 1576 
3 2 0 1560 
3 2 0 1558 
3 2 0 1556 
3 2 0 1554 
3 2 0 1555 
3 2 0 1557 
3 2 0 1559 
3 2 0 1575 
3 2 0 1561 
3 2 0 1574 
3 2 0 1562 
3 2 0 1573 
3 2 0 1563 
3 2 0 1572 
3 2 0 1564 
3 2 0 1571 
3 2 0 1565 
3 2 0 1570 
3 2 0 1566 
3 2 0 1569 
3 2 0 1567 
3 2 0 1568 
3 2 0 1586 
3 2 0 1584 
3 2 0 1580 
3 2 0 1583 
3 2 0 1581 
3 2 0 1582 
3 2 0 1585 
1 1 0 
1 1 0 
2 3 1627 1628 0 
1 1 0 
2 3 1629 1630 0 
1 1 0 
1 1 0 
1 1 0 
2 3 1633 1634 0 
2 3 1632 1635 0 
2 3 1631 1636 0 
1 1 0 
1 1 0 
1 1 0 
1 1 0 
1 1 0 
1 1 0 
1 1 0 
1 1 0 
2 3 1644 1645 0 
1 1 0 
2 3 1646 1647 0 
1 1 0 
2 3 1648 1649 0 
1 1 0 
1 1 0 
1 1 0 
2 3 1652 1653 0 
2 3 1651 1654 0 
2 3 1650 1655 0 
2 3 1643 1656 0 
1 1 0 
1 1 0 
1 1 0 
2 3 1659 1660 0 
1 1 0 
1 1 0 
1 1 0 
1 1 0 
2 3 1664 1665 0 
2 3 1663 1666 0 
2 3 1662 1667 0 
2 3 1661 1668 0 
2 3 1658 1669 0 
2 3 1657 1670 0 
2 3 1642 1671 0 
2 3 1641 1672 0 
2 3 1640 1673 0 
1 1 0 
2 3 1674 1675 0 
2 3 1639 1676 0 
2 3 1638 1677 0 
2 3 1637 1678 0 
3 2 0 1679 
3 2 0 1637 
3 2 0 1631 
3 2 0 1629 
3 2 0 1627 
3 2 0 1628 
3 2 0 1630 
3 2 0 1636 
3 2 0 1632 
3 2 0 1635 
3 2 0 1633 
3 2 0 1634 
3 2 0 1678 
3 2 0 1638 
3 2 0 1677 
3 2 0 1639 
3 2 0 1676 
3 2 0 1674 
3 2 0 1640 
3 2 0 1673 
3 2 0 1641 
3 2 0 1672 
3 2 0 1642 
3 2 0 1671 
3 2 0 1657 
3 2 0 1643 
3 2 0 1656 
3 2 0 1650 
3 2 0 1648 
3 2 0 1646 
3 2 0 1644 
3 2 0 1645 
3 2 0 1647 
3 2 0 1649 
3 2 0 1655 
3 2 0 1651 
3 2 0 1654 
3 2 0 1652 
3 2 0 1653 
3 2 0 1670 
3 2 0 1658 
3 2 0 1669 
3 2 0 1661 
3 2 0 1659 
3 2 0 1660 
3 2 0 1668 
3 2 0 1662 
3 2 0 1667 
3 2 0 1663 
3 2 0 1666 
3 2 0 1664 
3 2 0 1665 
3 2 0 1675 
1 1 0 
1 1 0 
1 1 0 
2 3 1734 1735 0 
1 1 0 
1 1 0 
1 1 0 
2 3 1738 1739 0 
2 3 1737 1740 0 
2 3 1736 1741 0 
2 3 1733 1742 0 
1 1 0 
1 1 0 
1 1 0 
2 3 1745 1746 0 
1 1 0 
1 1 0 
1 1 0 
1 1 0 
2 3 1750 1751 0 
1 1 0 
2 3 1752 1753 0 
2 3 1749 1754 0 
1 1 0 
1 1 0 
1 1 0 
1 1 0 
2 3 1758 1759 0 
2 3 1757 1760 0 
2 3 1756 1761 0 
2 3 1755 1762 0 
2 3 1748 1763 0 
1 1 0 
2 3 1764 1765 0 
2 3 1747 1766 0 
2 3 1744 1767 0 
2 3 1743 1768 0 
3 2 0 1769 
3 2 0 1743 
3 2 0 1733 
3 2 0 1742 
3 2 0 1736 
3 2 0 1734 
3 2 0 1735 
3 2 0 1741 
3 2 0 1737 
3 2 0 1740 
3 2 0 1738 
3 2 0 1739 
3 2 0 1768 
3 2 0 1744 
3 2 0 1767 
3 2 0 1747 
3 2 0 1745 
3 2 0 1746 
3 2 0 1766 
3 2 0 1764 
3 2 0 1748 
3 2 0 1763 
3 2 0 1755 
3 2 0 1749 
3 2 0 1754 
3 2 0 1752 
3 2 0 1750 
3 2 0 1751 
3 2 0 1753 
3 2 0 1762 
3 2 0 1756 
3 2 0 1761 
3 2 0 1757 
3 2 0 1760 
3 2 0 1758 
3 2 0 1759 
3 2 0 1765 
1 1 0 
1 1 0 
1 1 0 
1 1 0 
1 1 0 
1 1 0 
1 1 0 
2 3 1812 1813 0 
2 3 1811 1814 0 
2 3 1810 1815 0 
2 3 1809 1816 0 
1 1 0 
2 3 1817 1818 0 
1 1 0 
1 1 0 
1 1 0 
1 1 0 
2 3 1822 1823 0 
1 1 0 
2 3 1824 1825 0 
2 3 1821 1826 0 
2 3 1820 1827 0 
2 3 1819 1828 0 
2 3 1808 1829 0 
2 3 1807 1830 0 
1 1 0 
1 1 0 
1 1 0 
1 1 0 
1 1 0 
2 3 1835 1836 0 
1 1 0 
2 3 1837 1838 0 
2 3 1834 1839 0 
2 3 1833 1840 0 
1 1 0 
2 3 1841 1842 0 
2 3 1832 1843 0 
2 3 1831 1844 0 
3 2 0 1845 
3 2 0 1831 
3 2 0 1807 
3 2 0 1830 
3 2 0 1808 
3 2 0 1829 
3 2 0 1819 
3 2 0 1817 
3 2 0 1809 
3 2 0 1816 
3 2 0 1810 
3 2 0 1815 
3 2 0 1811 
3 2 0 1814 
3 2 0 1812 
3 2 0 1813 
3 2 0 1818 
3 2 0 1828 
3 2 0 1820 
3 2 0 1827 
3 2 0 1821 
3 2 0 1826 
3 2 0 1824 
3 2 0 1822 
3 2 0 1823 
3 2 0 1825 
3 2 0 1844 
3 2 0 1832 
3 2 0 1843 
3 2 0 1841 
3 2 0 1833 
3 2 0 1840 
3 2 0 1834 
3 2 0 1839 
3 2 0 1837 
3 2 0 1835 
3 2 0 1836 
3 2 0 1838 
3 2 0 1842 
1 1 0 
1 1 0 
1 1 0 
2 3 1886 1887 0 
1 1 0 
1 1 0 
1 1 0 
2 3 1890 1891 0 
2 3 1889 1892 0 
2 3 1888 1893 0 
2 3 1885 1894 0 
1 1 0 
1 1 0 
1 1 0 
1 1 0 
1 1 0 
1 1 0 
1 1 0 
2 3 1901 1902 0 
2 3 1900 1903 0 
2 3 1899 1904 0 
1 1 0 
2 3 1905 1906 0 
2 3 1898 1907 0 
2 3 1897 1908 0 
2 3 1896 1909 0 
2 3 1895 1910 0 
3 2 0 1911 
3 2 0 1895 
3 2 0 1885 
3 2 0 1894 
3 2 0 1888 
3 2 0 1886 
3 2 0 1887 
3 2 0 1893 
3 2 0 1889 
3 2 0 1892 
3 2 0 1890 
3 2 0 1891 
3 2 0 1910 
3 2 0 1896 
3 2 0 1909 
3 2 0 1897 
3 2 0 1908 
3 2 0 1898 
3 2 0 1907 
3 2 0 1905 
3 2 0 1899 
3 2 0 1904 
3 2 0 1900 
3 2 0 1903 
3 2 0 1901 
3 2 0 1902 
3 2 0 1906 
1 1 0 
1 1 0 
1 1 0 
2 3 1940 1941 0 
2 3 1939 1942 0 
1 1 0 
1 1 0 
1 1 0 
2 3 1945 1946 0 
2 3 1944 1947 0 
1 1 0 
1 1 0 
1 1 0 
1 1 0 
1 1 0 
1 1 0 
1 1 0 
1 1 0 
1 1 0 
1 1 0 
2 3 1957 1958 0 
2 3 1956 1959 0 
2 3 1955 1960 0 
2 3 1954 1961 0 
2 3 1953 1962 0 
1 1 0 
2 3 1963 1964 0 
1 1 0 
1 1 0 
1 1 0 
1 1 0 
2 3 1968 1969 0 
1 1 0 
2 3 1970 1971 0 
2 3 1967 1972 0 
2 3 1966 1973 0 
2 3 1965 1974 0 
2 3 1952 1975 0 
2 3 1951 1976 0 
2 3 1950 1977 0 
2 3 1949 1978 0 
2 3 1948 1979 0 
2 3 1943 1980 0 
3 2 0 1981 
3 2 0 1943 
3 2 0 1939 
3 2 0 1942 
3 2 0 1940 
3 2 0 1941 
3 2 0 1980 
3 2 0 1948 
3 2 0 1944 
3 2 0 1947 
3 2 0 1945 
3 2 0 1946 
3 2 0 1979 
3 2 0 1949 
3 2 0 1978 
3 2 0 1950 
3 2 0 1977 
3 2 0 1951 
3 2 0 1976 
3 2 0 1952 
3 2 0 1975 
3 2 0 1965 
3 2 0 1963 
3 2 0 1953 
3 2 0 1962 
3 2 0 1954 
3 2 0 1961 
3 2 0 1955 
3 2 0 1960 
3 2 0 1956 
3 2 0 1959 
3 2 0 1957 
3 2 0 1958 
3 2 0 1964 
3 2 0 1974 
3 2 0 1966 
3 2 0 1973 
3 2 0 1967 
3 2 0 1972 
3 2 0 1970 
3 2 0 1968 
3 2 0 1969 
3 2 0 1971 
1 1 0 
1 1 0 
1 1 0 
1 1 0 
2 3 2027 2028 0 
2 3 2026 2029 0 
2 3 2025 2030 0 
1 1 0 
1 1 0 
1 1 0 
1 1 0 
2 3 2034 2035 0 
2 3 2033 2036 0 
1 1 0 
1 1 0 
1 1 0 
2 3 2039 2040 0 
2 3 2038 2041 0 
2 3 2037 2042 0 
2 3 2032 2043 0 
2 3 2031 2044 0 
1 1 0 
1 1 0 
1 1 0 
1 1 0 
1 1 0 
2 3 2049 2050 0 
2 3 2048 2051 0 
1 1 0 
1 1 0 
1 1 0 
1 1 0 
2 3 2055 2056 0 
2 3 2054 2057 0 
1 1 0 
1 1 0 
1 1 0 
2 3 2060 2061 0 
1 1 0 
2 3 2062 2063 0 
2 3 2059 2064 0 
2 3 2058 2065 0 
2 3 2053 2066 0 
2 3 2052 2067 0 
2 3 2047 2068 0 
2 3 2046 2069 0 
1 1 0 
2 3 2070 2071 0 
2 3 2045 2072 0 
3 2 0 2073 
3 2 0 2045 
3 2 0 2031 
3 2 0 2025 
3 2 0 2030 
3 2 0 2026 
3 2 0 2029 
3 2 0 2027 
3 2 0 2028 
3 2 0 2044 
3 2 0 2032 
3 2 0 2043 
3 2 0 2037 
3 2 0 2033 
3 2 0 2036 
3 2 0 2034 
3 2 0 2035 
3 2 0 2042 
3 2 0 2038 
3 2 0 2041 
3 2 0 2039 
3 2 0 2040 
3 2 0 2072 
3 2 0 2070 
3 2 0 2046 
3 2 0 2069 
3 2 0 2047 
3 2 0 2068 
3 2 0 2052 
3 2 0 2048 
3 2 0 2051 
3 2 0 2049 
3 2 0 2050 
3 2 0 2067 
3 2 0 2053 
3 2 0 2066 
3 2 0 2058 
3 2 0 2054 
3 2 0 2057 
3 2 0 2055 
3 2 0 2056 
3 2 0 2065 
3 2 0 2059 
3 2 0 2064 
3 2 0 2062 
3 2 0 2060 
3 2 0 2061 
3 2 0 2063 
3 2 0 2071 
1 1 0 
1 1 0 
2 3 2123 2124 0 
1 1 0 
1 1 0 
2 3 2126 2127 0 
2 3 2125 2128 0 
1 1 0 
2 3 2129 2130 0 
1 1 0 
2 3 2131 2132 0 
1 1 0 
1 1 0 
1 1 0 
1 1 0 
2 3 2136 2137 0 
2 3 2135 2138 0 
2 3 2134 2139 0 
1 1 0 
1 1 0 
1 1 0 
2 3 2142 2143 0 
1 1 0 
1 1 0 
1 1 0 
2 3 2146 2147 0 
1 1 0 
1 1 0 
1 1 0 
1 1 0 
1 1 0 
1 1 0 
2 3 2153 2154 0 
1 1 0 
2 3 2155 2156 0 
2 3 2152 2157 0 
2 3 2151 2158 0 
2 3 2150 2159 0 
2 3 2149 2160 0 
2 3 2148 2161 0 
2 3 2145 2162 0 
2 3 2144 2163 0 
2 3 2141 2164 0 
2 3 2140 2165 0 
1 1 0 
1 1 0 
1 1 0 
2 3 2168 2169 0 
2 3 2167 2170 0 
2 3 2166 2171 0 
2 3 2133 2172 0 
1 1 0 
2 3 2173 2174 0 
3 2 0 2175 
3 2 0 2173 
3 2 0 2133 
3 2 0 2131 
3 2 0 2129 
3 2 0 2125 
3 2 0 2123 
3 2 0 2124 
3 2 0 2128 
3 2 0 2126 
3 2 0 2127 
3 2 0 2130 
3 2 0 2132 
3 2 0 2172 
3 2 0 2166 
3 2 0 2140 
3 2 0 2134 
3 2 0 2139 
3 2 0 2135 
3 2 0 2138 
3 2 0 2136 
3 2 0 2137 
3 2 0 2165 
3 2 0 2141 
3 2 0 2164 
3 2 0 2144 
3 2 0 2142 
3 2 0 2143 
3 2 0 2163 
3 2 0 2145 
3 2 0 2162 
3 2 0 2148 
3 2 0 2146 
3 2 0 2147 
3 2 0 2161 
3 2 0 2149 
3 2 0 2160 
3 2 0 2150 
3 2 0 2159 
3 2 0 2151 
3 2 0 2158 
3 2 0 2152 
3 2 0 2157 
3 2 0 2155 
3 2 0 2153 
3 2 0 2154 
3 2 0 2156 
3 2 0 2171 
3 2 0 2167 
3 2 0 2170 
3 2 0 2168 
3 2 0 2169 
3 2 0 2174 
1 1 0 
1 1 0 
1 1 0 
1 1 0 
1 1 0 
2 3 2232 2233 0 
2 3 2231 2234 0 
2 3 2230 2235 0 
1 1 0 
1 1 0 
2 3 2237 2238 0 
2 3 2236 2239 0 
1 1 0 
1 1 0 
1 1 0 
1 1 0 
2 3 2243 2244 0 
1 1 0 
2 3 2245 2246 0 
2 3 2242 2247 0 
2 3 2241 2248 0 
2 3 2240 2249 0 
2 3 2229 2250 0 
1 1 0 
1 1 0 
1 1 0 
1 1 0 
1 1 0 
1 1 0 
2 3 2256 2257 0 
2 3 2255 2258 0 
1 1 0 
2 3 2259 2260 0 
1 1 0 
1 1 0 
2 3 2262 2263 0 
1 1 0 
2 3 2264 2265 0 
1 1 0 
1 1 0 
2 3 2267 2268 0 
2 3 2266 2269 0 
2 3 2261 2270 0 
1 1 0 
2 3 2271 2272 0 
2 3 2254 2273 0 
2 3 2253 2274 0 
2 3 2252 2275 0 
2 3 2251 2276 0 
3 2 0 2277 
3 2 0 2251 
3 2 0 2229 
3 2 0 2250 
3 2 0 2240 
3 2 0 2236 
3 2 0 2230 
3 2 0 2235 
3 2 0 2231 
3 2 0 2234 
3 2 0 2232 
3 2 0 2233 
3 2 0 2239 
3 2 0 2237 
3 2 0 2238 
3 2 0 2249 
3 2 0 2241 
3 2 0 2248 
3 2 0 2242 
3 2 0 2247 
3 2 0 2245 
3 2 0 2243 
3 2 0 2244 
3 2 0 2246 
3 2 0 2276 
3 2 0 2252 
3 2 0 2275 
3 2 0 2253 
3 2 0 2274 
3 2 0 2254 
3 2 0 2273 
3 2 0 2271 
3 2 0 2261 
3 2 0 2259 
3 2 0 2255 
3 2 0 2258 
3 2 0 2256 
3 2 0 2257 
3 2 0 2260 
3 2 0 2270 
3 2 0 2266 
3 2 0 2264 
3 2 0 2262 
3 2 0 2263 
3 2 0 2265 
3 2 0 2269 
3 2 0 2267 
3 2 0 2268 
3 2 0 2272 
1 1 0 
1 1 0 
1 1 0 
1 1 0 
2 3 2329 2330 0 
2 3 2328 2331 0 
2 3 2327 2332 0 
1 1 0 
1 1 0 
1 1 0 
2 3 2335 2336 0 
1 1 0 
1 1 0 
2 3 2338 2339 0 
2 3 2337 2340 0 
2 3 2334 2341 0 
2 3 2333 2342 0 
1 1 0 
1 1 0 
1 1 0 
1 1 0 
1 1 0 
1 1 0 
1 1 0 
2 3 2349 2350 0 
2 3 2348 2351 0 
2 3 2347 2352 0 
2 3 2346 2353 0 
2 3 2345 2354 0 
2 3 2344 2355 0 
1 1 0 
1 1 0 
1 1 0 
2 3 2358 2359 0 
1 1 0 
1 1 0 
1 1 0 
1 1 0 
2 3 2363 2364 0 
2 3 2362 2365 0 
2 3 2361 2366 0 
2 3 2360 2367 0 
2 3 2357 2368 0 
2 3 2356 2369 0 
1 1 0 
2 3 2370 2371 0 
2 3 2343 2372 0 
3 2 0 2373 
3 2 0 2343 
3 2 0 2333 
3 2 0 2327 
3 2 0 2332 
3 2 0 2328 
3 2 0 2331 
3 2 0 2329 
3 2 0 2330 
3 2 0 2342 
3 2 0 2334 
3 2 0 2341 
3 2 0 2337 
3 2 0 2335 
3 2 0 2336 
3 2 0 2340 
3 2 0 2338 
3 2 0 2339 
3 2 0 2372 
3 2 0 2370 
3 2 0 2356 
3 2 0 2344 
3 2 0 2355 
3 2 0 2345 
3 2 0 2354 
3 2 0 2346 
3 2 0 2353 
3 2 0 2347 
3 2 0 2352 
3 2 0 2348 
3 2 0 2351 
3 2 0 2349 
3 2 0 2350 
3 2 0 2369 
3 2 0 2357 
3 2 0 2368 
3 2 0 2360 
3 2 0 2358 
3 2 0 2359 
3 2 0 2367 
3 2 0 2361 
3 2 0 2366 
3 2 0 2362 
3 2 0 2365 
3 2 0 2363 
3 2 0 2364 
3 2 0 2371 
1 1 0 
1 1 0 
2 3 2421 2422 0 
1 1 0 
2 3 2423 2424 0 
1 1 0 
2 3 2425 2426 0 
1 1 0 
1 1 0 
1 1 0 
2 3 2429 2430 0 
1 1 0 
1 1 0 
1 1 0 
1 1 0 
2 3 2434 2435 0 
2 3 2433 2436 0 
2 3 2432 2437 0 
1 1 0 
2 3 2438 2439 0 
2 3 2431 2440 0 
2 3 2428 2441 0 
2 3 2427 2442 0 
3 2 0 2443 
3 2 0 2427 
3 2 0 2425 
3 2 0 2423 
3 2 0 2421 
3 2 0 2422 
3 2 0 2424 
3 2 0 2426 
3 2 0 2442 
3 2 0 2428 
3 2 0 2441 
3 2 0 2431 
3 2 0 2429 
3 2 0 2430 
3 2 0 2440 
3 2 0 2438 
3 2 0 2432 
3 2 0 2437 
3 2 0 2433 
3 2 0 2436 
3 2 0 2434 
3 2 0 2435 
3 2 0 2439 
1 1 0 
1 1 0 
1 1 0 
1 1 0 
2 3 2469 2470 0 
2 3 2468 2471 0 
2 3 2467 2472 0 
1 1 0 
1 1 0 
1 1 0 
1 1 0 
1 1 0 
1 1 0 
1 1 0 
1 1 0 
1 1 0 
2 3 2481 2482 0 
2 3 2480 2483 0 
2 3 2479 2484 0 
2 3 2478 2485 0 
2 3 2477 2486 0 
2 3 2476 2487 0 
2 3 2475 2488 0 
2 3 2474 2489 0 
2 3 2473 2490 0 
1 1 0 
2 3 2491 2492 0 
1 1 0 
1 1 0 
2 3 2494 2495 0 
1 1 0 
1 1 0 
2 3 2497 2498 0 
1 1 0 
2 3 2499 2500 0 
1 1 0 
1 1 0 
1 1 0 
2 3 2503 2504 0 
1 1 0 
1 1 0 
2 3 2506 2507 0 
2 3 2505 2508 0 
1 1 0 
1 1 0 
1 1 0 
1 1 0 
2 3 2512 2513 0 
1 1 0 
1 1 0 
1 1 0 
1 1 0 
1 1 0 
2 3 2518 2519 0 
1 1 0 
2 3 2520 2521 0 
1 1 0 
1 1 0 
1 1 0 
2 3 2524 2525 0 
1 1 0 
1 1 0 
2 3 2527 2528 0 
1 1 0 
2 3 2529 2530 0 
2 3 2526 2531 0 
2 3 2523 2532 0 
2 3 2522 2533 0 
2 3 2517 2534 0 
2 3 2516 2535 0 
2 3 2515 2536 0 
2 3 2514 2537 0 
2 3 2511 2538 0 
1 1 0 
2 3 2539 2540 0 
2 3 2510 2541 0 
2 3 2509 2542 0 
2 3 2502 2543 0 
2 3 2501 2544 0 
2 3 2496 2545 0 
2 3 2493 2546 0 
1 1 0 
2 3 2547 2548 0 
3 2 0 2549 
3 2 0 2547 
3 2 0 2493 
3 2 0 2491 
3 2 0 2473 
3 2 0 2467 
3 2 0 2472 
3 2 0 2468 
3 2 0 2471 
3 2 0 2469 
3 2 0 2470 
3 2 0 2490 
3 2 0 2474 
3 2 0 2489 
3 2 0 2475 
3 2 0 2488 
3 2 0 2476 
3 2 0 2487 
3 2 0 2477 
3 2 0 2486 
3 2 0 2478 
3 2 0 2485 
3 2 0 2479 
3 2 0 2484 
3 2 0 2480 
3 2 0 2483 
3 2 0 2481 
3 2 0 2482 
3 2 0 2492 
3 2 0 2546 
3 2 0 2496 
3 2 0 2494 
3 2 0 2495 
3 2 0 2545 
3 2 0 2501 
3 2 0 2499 
3 2 0 2497 
3 2 0 2498 
3 2 0 2500 
3 2 0 2544 
3 2 0 2502 
3 2 0 2543 
3 2 0 2509 
3 2 0 2505 
3 2 0 2503 
3 2 0 2504 
3 2 0 2508 
3 2 0 2506 
3 2 0 2507 
3 2 0 2542 
3 2 0 2510 
3 2 0 2541 
3 2 0 2539 
3 2 0 2511 
3 2 0 2538 
3 2 0 2514 
3 2 0 2512 
3 2 0 2513 
3 2 0 2537 
3 2 0 2515 
3 2 0 2536 
3 2 0 2516 
3 2 0 2535 
3 2 0 2517 
3 2 0 2534 
3 2 0 2522 
3 2 0 2520 
3 2 0 2518 
3 2 0 2519 
3 2 0 2521 
3 2 0 2533 
3 2 0 2523 
3 2 0 2532 
3 2 0 2526 
3 2 0 2524 
3 2 0 2525 
3 2 0 2531 
3 2 0 2529 
3 2 0 2527 
3 2 0 2528 
3 2 0 2530 
3 2 0 2540 
3 2 0 2548 
1 1 0 
1 1 0 
2 3 2633 2634 0 
1 1 0 
1 1 0 
1 1 0 
1 1 0 
1 1 0 
2 3 2639 2640 0 
2 3 2638 2641 0 
2 3 2637 2642 0 
2 3 2636 2643 0 
2 3 2635 2644 0 
1 1 0 
2 3 2645 2646 0 
1 1 0 
2 3 2647 2648 0 
1 1 0 
1 1 0 
1 1 0 
1 1 0 
1 1 0 
1 1 0 
1 1 0 
1 1 0 
2 3 2656 2657 0 
2 3 2655 2658 0 
2 3 2654 2659 0 
2 3 2653 2660 0 
1 1 0 
2 3 2661 2662 0 
1 1 0 
1 1 0 
1 1 0 
1 1 0 
1 1 0 
1 1 0 
2 3 2668 2669 0 
1 1 0 
2 3 2670 2671 0 
2 3 2667 2672 0 
2 3 2666 2673 0 
2 3 2665 2674 0 
2 3 2664 2675 0 
2 3 2663 2676 0 
2 3 2652 2677 0 
2 3 2651 2678 0 
2 3 2650 2679 0 
2 3 2649 2680 0 
1 1 0 
2 3 2681 2682 0 
3 2 0 2683 
3 2 0 2681 
3 2 0 2649 
3 2 0 2647 
3 2 0 2645 
3 2 0 2635 
3 2 0 2633 
3 2 0 2634 
3 2 0 2644 
3 2 0 2636 
3 2 0 2643 
3 2 0 2637 
3 2 0 2642 
3 2 0 2638 
3 2 0 2641 
3 2 0 2639 
3 2 0 2640 
3 2 0 2646 
3 2 0 2648 
3 2 0 2680 
3 2 0 2650 
3 2 0 2679 
3 2 0 2651 
3 2 0 2678 
3 2 0 2652 
3 2 0 2677 
3 2 0 2663 
3 2 0 2661 
3 2 0 2653 
3 2 0 2660 
3 2 0 2654 
3 2 0 2659 
3 2 0 2655 
3 2 0 2658 
3 2 0 2656 
3 2 0 2657 
3 2 0 2662 
3 2 0 2676 
3 2 0 2664 
3 2 0 2675 
3 2 0 2665 
3 2 0 2674 
3 2 0 2666 
3 2 0 2673 
3 2 0 2667 
3 2 0 2672 
3 2 0 2670 
3 2 0 2668 
3 2 0 2669 
3 2 0 2671 
3 2 0 2682 
1 1 0 
1 1 0 
1 1 0 
1 1 0 
1 1 0 
2 3 2738 2739 0 
2 3 2737 2740 0 
1 1 0 
2 3 2741 2742 0 
1 1 0 
1 1 0 
2 3 2744 2745 0 
2 3 2743 2746 0 
2 3 2736 2747 0 
1 1 0 
1 1 0 
2 3 2749 2750 0 
2 3 2748 2751 0 
1 1 0 
2 3 2752 2753 0 
2 3 2735 2754 0 
3 2 0 2755 
3 2 0 2735 
3 2 0 2754 
3 2 0 2752 
3 2 0 2748 
3 2 0 2736 
3 2 0 2747 
3 2 0 2743 
3 2 0 2741 
3 2 0 2737 
3 2 0 2740 
3 2 0 2738 
3 2 0 2739 
3 2 0 2742 
3 2 0 2746 
3 2 0 2744 
3 2 0 2745 
3 2 0 2751 
3 2 0 2749 
3 2 0 2750 
3 2 0 2753 
1 1 0 
1 1 0 
1 1 0 
1 1 0 
1 1 0 
2 3 2780 2781 0 
2 3 2779 2782 0 
2 3 2778 2783 0 
2 3 2777 2784 0 
1 1 0 
1 1 0 
2 3 2786 2787 0 
2 3 2785 2788 0 
1 1 0 
1 1 0 
1 1 0 
1 1 0 
2 3 2792 2793 0 
1 1 0 
1 1 0 
1 1 0 
1 1 0 
1 1 0 
1 1 0 
2 3 2799 2800 0 
1 1 0 
2 3 2801 2802 0 
2 3 2798 2803 0 
2 3 2797 2804 0 
2 3 2796 2805 0 
2 3 2795 2806 0 
2 3 2794 2807 0 
2 3 2791 2808 0 
2 3 2790 2809 0 
1 1 0 
2 3 2810 2811 0 
2 3 2789 2812 0 
3 2 0 2813 
3 2 0 2789 
3 2 0 2785 
3 2 0 2777 
3 2 0 2784 
3 2 0 2778 
3 2 0 2783 
3 2 0 2779 
3 2 0 2782 
3 2 0 2780 
3 2 0 2781 
3 2 0 2788 
3 2 0 2786 
3 2 0 2787 
3 2 0 2812 
3 2 0 2810 
3 2 0 2790 
3 2 0 2809 
3 2 0 2791 
3 2 0 2808 
3 2 0 2794 
3 2 0 2792 
3 2 0 2793 
3 2 0 2807 
3 2 0 2795 
3 2 0 2806 
3 2 0 2796 
3 2 0 2805 
3 2 0 2797 
3 2 0 2804 
3 2 0 2798 
3 2 0 2803 
3 2 0 2801 
3 2 0 2799 
3 2 0 2800 
3 2 0 2802 
3 2 0 2811 
1 1 0 
1 1 0 
1 1 0 
1 1 0 
1 1 0 
2 3 2854 2855 0 
2 3 2853 2856 0 
1 1 0 
2 3 2857 2858 0 
1 1 0 
1 1 0 
1 1 0 
2 3 2861 2862 0 
1 1 0 
2 3 2863 2864 0 
2 3 2860 2865 0 
1 1 0 
2 3 2866 2867 0 
2 3 2859 2868 0 
2 3 2852 2869 0 
2 3 2851 2870 0 
3 2 0 2871 
3 2 0 2851 
3 2 0 2870 
3 2 0 2852 
3 2 0 2869 
3 2 0 2859 
3 2 0 2857 
3 2 0 2853 
3 2 0 2856 
3 2 0 2854 
3 2 0 2855 
3 2 0 2858 
3 2 0 2868 
3 2 0 2866 
3 2 0 2860 
3 2 0 2865 
3 2 0 2863 
3 2 0 2861 
3 2 0 2862 
3 2 0 2864 
3 2 0 2867 
1 1 0 
1 1 0 
1 1 0 
2 3 2894 2895 0 
1 1 0 
2 3 2896 2897 0 
2 3 2893 2898 0 
1 1 0 
1 1 0 
1 1 0 
1 1 0 
1 1 0 
1 1 0 
2 3 2904 2905 0 
1 1 0 
1 1 0 
1 1 0 
2 3 2908 2909 0 
2 3 2907 2910 0 
2 3 2906 2911 0 
2 3 2903 2912 0 
2 3 2902 2913 0 
2 3 2901 2914 0 
2 3 2900 2915 0 
2 3 2899 2916 0 
1 1 0 
2 3 2917 2918 0 
3 2 0 2919 
3 2 0 2917 
3 2 0 2899 
3 2 0 2893 
3 2 0 2898 
3 2 0 2896 
3 2 0 2894 
3 2 0 2895 
3 2 0 2897 
3 2 0 2916 
3 2 0 2900 
3 2 0 2915 
3 2 0 2901 
3 2 0 2914 
3 2 0 2902 
3 2 0 2913 
3 2 0 2903 
3 2 0 2912 
3 2 0 2906 
3 2 0 2904 
3 2 0 2905 
3 2 0 2911 
3 2 0 2907 
3 2 0 2910 
3 2 0 2908 
3 2 0 2909 
3 2 0 2918 
1 1 0 
1 1 0 
1 1 0 
1 1 0 
1 1 0 
1 1 0 
1 1 0 
2 3 2952 2953 0 
2 3 2951 2954 0 
2 3 2950 2955 0 
2 3 2949 2956 0 
1 1 0 
2 3 2957 2958 0 
1 1 0 
1 1 0 
1 1 0 
1 1 0 
1 1 0 
1 1 0 
1 1 0 
1 1 0 
1 1 0 
2 3 2967 2968 0 
2 3 2966 2969 0 
1 1 0 
1 1 0 
1 1 0 
1 1 0 
2 3 2973 2974 0 
2 3 2972 2975 0 
2 3 2971 2976 0 
2 3 2970 2977 0 
2 3 2965 2978 0 
2 3 2964 2979 0 
2 3 2963 2980 0 
2 3 2962 2981 0 
2 3 2961 2982 0 
2 3 2960 2983 0 
2 3 2959 2984 0 
2 3 2948 2985 0 
1 1 0 
2 3 2986 2987 0 
2 3 2947 2988 0 
3 2 0 2989 
3 2 0 2947 
3 2 0 2988 
3 2 0 2986 
3 2 0 2948 
3 2 0 2985 
3 2 0 2959 
3 2 0 2957 
3 2 0 2949 
3 2 0 2956 
3 2 0 2950 
3 2 0 2955 
3 2 0 2951 
3 2 0 2954 
3 2 0 2952 
3 2 0 2953 
3 2 0 2958 
3 2 0 2984 
3 2 0 2960 
3 2 0 2983 
3 2 0 2961 
3 2 0 2982 
3 2 0 2962 
3 2 0 2981 
3 2 0 2963 
3 2 0 2980 
3 2 0 2964 
3 2 0 2979 
3 2 0 2965 
3 2 0 2978 
3 2 0 2970 
3 2 0 2966 
3 2 0 2969 
3 2 0 2967 
3 2 0 2968 
3 2 0 2977 
3 2 0 2971 
3 2 0 2976 
3 2 0 2972 
3 2 0 2975 
3 2 0 2973 
3 2 0 2974 
3 2 0 2987 
1 1 0 
1 1 0 
1 1 0 
2 3 3034 3035 0 
1 1 0 
2 3 3036 3037 0 
1 1 0 
1 1 0 
2 3 3039 3040 0 
2 3 3038 3041 0 
1 1 0 
2 3 3042 3043 0 
1 1 0 
1 1 0 
2 3 3045 3046 0 
2 3 3044 3047 0 
1 1 0 
1 1 0 
1 1 0 
1 1 0 
1 1 0 
2 3 3052 3053 0 
2 3 3051 3054 0 
2 3 3050 3055 0 
1 1 0 
2 3 3056 3057 0 
2 3 3049 3058 0 
2 3 3048 3059 0 
1 1 0 
1 1 0 
2 3 3061 3062 0 
2 3 3060 3063 0 
1 1 0 
2 3 3064 3065 0 
1 1 0 
1 1 0 
2 3 3067 3068 0 
2 3 3066 3069 0 
1 1 0 
2 3 3070 3071 0 
1 1 0 
1 1 0 
1 1 0 
2 3 3074 3075 0 
2 3 3073 3076 0 
2 3 3072 3077 0 
1 1 0 
1 1 0 
1 1 0 
1 1 0 
2 3 3081 3082 0 
2 3 3080 3083 0 
2 3 3079 3084 0 
2 3 3078 3085 0 
1 1 0 
2 3 3086 3087 0 
2 3 3033 3088 0 
3 2 0 3089 
3 2 0 3033 
3 2 0 3088 
3 2 0 3086 
3 2 0 3078 
3 2 0 3072 
3 2 0 3070 
3 2 0 3066 
3 2 0 3064 
3 2 0 3060 
3 2 0 3048 
3 2 0 3044 
3 2 0 3042 
3 2 0 3038 
3 2 0 3036 
3 2 0 3034 
3 2 0 3035 
3 2 0 3037 
3 2 0 3041 
3 2 0 3039 
3 2 0 3040 
3 2 0 3043 
3 2 0 3047 
3 2 0 3045 
3 2 0 3046 
3 2 0 3059 
3 2 0 3049 
3 2 0 3058 
3 2 0 3056 
3 2 0 3050 
3 2 0 3055 
3 2 0 3051 
3 2 0 3054 
3 2 0 3052 
3 2 0 3053 
3 2 0 3057 
3 2 0 3063 
3 2 0 3061 
3 2 0 3062 
3 2 0 3065 
3 2 0 3069 
3 2 0 3067 
3 2 0 3068 
3 2 0 3071 
3 2 0 3077 
3 2 0 3073 
3 2 0 3076 
3 2 0 3074 
3 2 0 3075 
3 2 0 3085 
3 2 0 3079 
3 2 0 3084 
3 2 0 3080 
3 2 0 3083 
3 2 0 3081 
3 2 0 3082 
3 2 0 3087 
1 1 0 
1 1 0 
2 3 3147 3148 0 
1 1 0 
1 1 0 
1 1 0 
2 3 3151 3152 0 
2 3 3150 3153 0 
2 3 3149 3154 0 
1 1 0 
1 1 0 
1 1 0 
1 1 0 
2 3 3158 3159 0 
2 3 3157 3160 0 
1 1 0 
1 1 0 
2 3 3162 3163 0 
2 3 3161 3164 0 
2 3 3156 3165 0 
1 1 0 
2 3 3166 3167 0 
1 1 0 
1 1 0 
1 1 0 
1 1 0 
2 3 3171 3172 0 
2 3 3170 3173 0 
2 3 3169 3174 0 
2 3 3168 3175 0 
1 1 0 
2 3 3176 3177 0 
2 3 3155 3178 0 
3 2 0 3179 
3 2 0 3155 
3 2 0 3149 
3 2 0 3147 
3 2 0 3148 
3 2 0 3154 
3 2 0 3150 
3 2 0 3153 
3 2 0 3151 
3 2 0 3152 
3 2 0 3178 
3 2 0 3176 
3 2 0 3168 
3 2 0 3166 
3 2 0 3156 
3 2 0 3165 
3 2 0 3161 
3 2 0 3157 
3 2 0 3160 
3 2 0 3158 
3 2 0 3159 
3 2 0 3164 
3 2 0 3162 
3 2 0 3163 
3 2 0 3167 
3 2 0 3175 
3 2 0 3169 
3 2 0 3174 
3 2 0 3170 
3 2 0 3173 
3 2 0 3171 
3 2 0 3172 
3 2 0 3177 
1 1 0 
1 1 0 
1 1 0 
1 1 0 
2 3 3215 3216 0 
1 1 0 
1 1 0 
1 1 0 
1 1 0 
2 3 3220 3221 0 
2 3 3219 3222 0 
2 3 3218 3223 0 
2 3 3217 3224 0 
2 3 3214 3225 0 
1 1 0 
2 3 3226 3227 0 
2 3 3213 3228 0 
3 2 0 3229 
3 2 0 3213 
3 2 0 3228 
3 2 0 3226 
3 2 0 3214 
3 2 0 3225 
3 2 0 3217 
3 2 0 3215 
3 2 0 3216 
3 2 0 3224 
3 2 0 3218 
3 2 0 3223 
3 2 0 3219 
3 2 0 3222 
3 2 0 3220 
3 2 0 3221 
3 2 0 3227 
1 1 0 
1 1 0 
1 1 0 
1 1 0 
1 1 0 
1 1 0 
1 1 0 
1 1 0 
2 3 3253 3254 0 
2 3 3252 3255 0 
1 1 0 
1 1 0 
1 1 0 
1 1 0 
1 1 0 
1 1 0 
2 3 3261 3262 0 
2 3 3260 3263 0 
2 3 3259 3264 0 
2 3 3258 3265 0 
2 3 3257 3266 0 
2 3 3256 3267 0 
2 3 3251 3268 0 
2 3 3250 3269 0 
2 3 3249 3270 0 
2 3 3248 3271 0 
1 1 0 
2 3 3272 3273 0 
2 3 3247 3274 0 
3 2 0 3275 
3 2 0 3247 
3 2 0 3274 
3 2 0 3272 
3 2 0 3248 
3 2 0 3271 
3 2 0 3249 
3 2 0 3270 
3 2 0 3250 
3 2 0 3269 
3 2 0 3251 
3 2 0 3268 
3 2 0 3256 
3 2 0 3252 
3 2 0 3255 
3 2 0 3253 
3 2 0 3254 
3 2 0 3267 
3 2 0 3257 
3 2 0 3266 
3 2 0 3258 
3 2 0 3265 
3 2 0 3259 
3 2 0 3264 
3 2 0 3260 
3 2 0 3263 
3 2 0 3261 
3 2 0 3262 
3 2 0 3273 
1 1 0 
1 1 0 
1 1 0 
1 1 0 
1 1 0 
2 3 3308 3309 0 
2 3 3307 3310 0 
2 3 3306 3311 0 
2 3 3305 3312 0 
1 1 0 
1 1 0 
1 1 0 
2 3 3315 3316 0 
1 1 0 
1 1 0 
1 1 0 
2 3 3319 3320 0 
2 3 3318 3321 0 
2 3 3317 3322 0 
1 1 0 
2 3 3323 3324 0 
2 3 3314 3325 0 
2 3 3313 3326 0 
3 2 0 3327 
3 2 0 3313 
3 2 0 3305 
3 2 0 3312 
3 2 0 3306 
3 2 0 3311 
3 2 0 3307 
3 2 0 3310 
3 2 0 3308 
3 2 0 3309 
3 2 0 3326 
3 2 0 3314 
3 2 0 3325 
3 2 0 3323 
3 2 0 3317 
3 2 0 3315 
3 2 0 3316 
3 2 0 3322 
3 2 0 3318 
3 2 0 3321 
3 2 0 3319 
3 2 0 3320 
3 2 0 3324 
1 1 0 
1 1 0 
1 1 0 
2 3 3352 3353 0 
2 3 3351 3354 0 
1 1 0 
1 1 0 
2 3 3356 3357 0 
2 3 3355 3358 0 
1 1 0 
1 1 0 
1 1 0 
2 3 3361 3362 0 
1 1 0 
2 3 3363 3364 0 
1 1 0 
1 1 0 
2 3 3366 3367 0 
2 3 3365 3368 0 
2 3 3360 3369 0 
2 3 3359 3370 0 
1 1 0 
2 3 3371 3372 0 
1 1 0 
1 1 0 
1 1 0 
2 3 3375 3376 0 
2 3 3374 3377 0 
1 1 0 
1 1 0 
1 1 0 
1 1 0 
1 1 0 
2 3 3382 3383 0 
2 3 3381 3384 0 
1 1 0 
1 1 0 
1 1 0 
1 1 0 
1 1 0 
2 3 3389 3390 0 
2 3 3388 3391 0 
1 1 0 
1 1 0 
2 3 3393 3394 0 
2 3 3392 3395 0 
2 3 3387 3396 0 
2 3 3386 3397 0 
2 3 3385 3398 0 
2 3 3380 3399 0 
2 3 3379 3400 0 
2 3 3378 3401 0 
2 3 3373 3402 0 
1 1 0 
2 3 3403 3404 0 
3 2 0 3405 
3 2 0 3403 
3 2 0 3373 
3 2 0 3371 
3 2 0 3359 
3 2 0 3355 
3 2 0 3351 
3 2 0 3354 
3 2 0 3352 
3 2 0 3353 
3 2 0 3358 
3 2 0 3356 
3 2 0 3357 
3 2 0 3370 
3 2 0 3360 
3 2 0 3369 
3 2 0 3365 
3 2 0 3363 
3 2 0 3361 
3 2 0 3362 
3 2 0 3364 
3 2 0 3368 
3 2 0 3366 
3 2 0 3367 
3 2 0 3372 
3 2 0 3402 
3 2 0 3378 
3 2 0 3374 
3 2 0 3377 
3 2 0 3375 
3 2 0 3376 
3 2 0 3401 
3 2 0 3379 
3 2 0 3400 
3 2 0 3380 
3 2 0 3399 
3 2 0 3385 
3 2 0 3381 
3 2 0 3384 
3 2 0 3382 
3 2 0 3383 
3 2 0 3398 
3 2 0 3386 
3 2 0 3397 
3 2 0 3387 
3 2 0 3396 
3 2 0 3392 
3 2 0 3388 
3 2 0 3391 
3 2 0 3389 
3 2 0 3390 
3 2 0 3395 
3 2 0 3393 
3 2 0 3394 
3 2 0 3404 
1 1 0 
1 1 0 
1 1 0 
2 3 3462 3463 0 
1 1 0 
1 1 0 
1 1 0 
1 1 0 
1 1 0 
2 3 3468 3469 0 
2 3 3467 3470 0 
2 3 3466 3471 0 
1 1 0 
1 1 0 
2 3 3473 3474 0 
2 3 3472 3475 0 
2 3 3465 3476 0 
2 3 3464 3477 0 
2 3 3461 3478 0 
1 1 0 
1 1 0 
1 1 0 
2 3 3481 3482 0 
1 1 0 
1 1 0 
2 3 3484 3485 0 
2 3 3483 3486 0 
1 1 0 
1 1 0 
1 1 0 
1 1 0 
2 3 3490 3491 0 
2 3 3489 3492 0 
1 1 0 
1 1 0 
2 3 3494 3495 0 
2 3 3493 3496 0 
2 3 3488 3497 0 
1 1 0 
2 3 3498 3499 0 
1 1 0 
1 1 0 
1 1 0 
1 1 0 
1 1 0 
1 1 0 
1 1 0 
2 3 3506 3507 0 
2 3 3505 3508 0 
2 3 3504 3509 0 
2 3 3503 3510 0 
2 3 3502 3511 0 
2 3 3501 3512 0 
2 3 3500 3513 0 
2 3 3487 3514 0 
2 3 3480 3515 0 
2 3 3479 3516 0 
3 2 0 3517 
3 2 0 3479 
3 2 0 3461 
3 2 0 3478 
3 2 0 3464 
3 2 0 3462 
3 2 0 3463 
3 2 0 3477 
3 2 0 3465 
3 2 0 3476 
3 2 0 3472 
3 2 0 3466 
3 2 0 3471 
3 2 0 3467 
3 2 0 3470 
3 2 0 3468 
3 2 0 3469 
3 2 0 3475 
3 2 0 3473 
3 2 0 3474 
3 2 0 3516 
3 2 0 3480 
3 2 0 3515 
3 2 0 3487 
3 2 0 3483 
3 2 0 3481 
3 2 0 3482 
3 2 0 3486 
3 2 0 3484 
3 2 0 3485 
3 2 0 3514 
3 2 0 3500 
3 2 0 3498 
3 2 0 3488 
3 2 0 3497 
3 2 0 3493 
3 2 0 3489 
3 2 0 3492 
3 2 0 3490 
3 2 0 3491 
3 2 0 3496 
3 2 0 3494 
3 2 0 3495 
3 2 0 3499 
3 2 0 3513 
3 2 0 3501 
3 2 0 3512 
3 2 0 3502 
3 2 0 3511 
3 2 0 3503 
3 2 0 3510 
3 2 0 3504 
3 2 0 3509 
3 2 0 3505 
3 2 0 3508 
3 2 0 3506 
3 2 0 3507 
1 1 0 
1 1 0 
1 1 0 
2 3 3576 3577 0 
1 1 0 
1 1 0 
2 3 3579 3580 0 
1 1 0 
2 3 3581 3582 0 
1 1 0 
1 1 0 
2 3 3584 3585 0 
2 3 3583 3586 0 
1 1 0 
2 3 3587 3588 0 
2 3 3578 3589 0 
2 3 3575 3590 0 
1 1 0 
1 1 0 
1 1 0 
1 1 0 
1 1 0 
1 1 0 
2 3 3596 3597 0 
2 3 3595 3598 0 
1 1 0 
1 1 0 
1 1 0 
1 1 0 
2 3 3602 3603 0 
1 1 0 
2 3 3604 3605 0 
2 3 3601 3606 0 
2 3 3600 3607 0 
2 3 3599 3608 0 
2 3 3594 3609 0 
1 1 0 
2 3 3610 3611 0 
2 3 3593 3612 0 
2 3 3592 3613 0 
2 3 3591 3614 0 
3 2 0 3615 
3 2 0 3591 
3 2 0 3575 
3 2 0 3590 
3 2 0 3578 
3 2 0 3576 
3 2 0 3577 
3 2 0 3589 
3 2 0 3587 
3 2 0 3583 
3 2 0 3581 
3 2 0 3579 
3 2 0 3580 
3 2 0 3582 
3 2 0 3586 
3 2 0 3584 
3 2 0 3585 
3 2 0 3588 
3 2 0 3614 
3 2 0 3592 
3 2 0 3613 
3 2 0 3593 
3 2 0 3612 
3 2 0 3610 
3 2 0 3594 
3 2 0 3609 
3 2 0 3599 
3 2 0 3595 
3 2 0 3598 
3 2 0 3596 
3 2 0 3597 
3 2 0 3608 
3 2 0 3600 
3 2 0 3607 
3 2 0 3601 
3 2 0 3606 
3 2 0 3604 
3 2 0 3602 
3 2 0 3603 
3 2 0 3605 
3 2 0 3611 
1 1 0 
1 1 0 
2 3 3657 3658 0 
1 1 0 
1 1 0 
1 1 0 
2 3 3661 3662 0 
2 3 3660 3663 0 
2 3 3659 3664 0 
1 1 0 
1 1 0 
1 1 0 
1 1 0 
2 3 3668 3669 0 
2 3 3667 3670 0 
1 1 0 
1 1 0 
1 1 0 
2 3 3673 3674 0 
1 1 0 
2 3 3675 3676 0 
1 1 0 
2 3 3677 3678 0 
1 1 0 
1 1 0 
2 3 3680 3681 0 
1 1 0 
1 1 0 
2 3 3683 3684 0 
2 3 3682 3685 0 
2 3 3679 3686 0 
2 3 3672 3687 0 
2 3 3671 3688 0 
2 3 3666 3689 0 
1 1 0 
2 3 3690 3691 0 
2 3 3665 3692 0 
3 2 0 3693 
3 2 0 3665 
3 2 0 3659 
3 2 0 3657 
3 2 0 3658 
3 2 0 3664 
3 2 0 3660 
3 2 0 3663 
3 2 0 3661 
3 2 0 3662 
3 2 0 3692 
3 2 0 3690 
3 2 0 3666 
3 2 0 3689 
3 2 0 3671 
3 2 0 3667 
3 2 0 3670 
3 2 0 3668 
3 2 0 3669 
3 2 0 3688 
3 2 0 3672 
3 2 0 3687 
3 2 0 3679 
3 2 0 3677 
3 2 0 3675 
3 2 0 3673 
3 2 0 3674 
3 2 0 3676 
3 2 0 3678 
3 2 0 3686 
3 2 0 3682 
3 2 0 3680 
3 2 0 3681 
3 2 0 3685 
3 2 0 3683 
3 2 0 3684 
3 2 0 3691 
1 1 0 
1 1 0 
2 3 3731 3732 0 
1 1 0 
1 1 0 
2 3 3734 3735 0 
1 1 0 
1 1 0 
1 1 0 
2 3 3738 3739 0 
2 3 3737 3740 0 
2 3 3736 3741 0 
2 3 3733 3742 0 
1 1 0 
2 3 3743 3744 0 
3 2 0 3745 
3 2 0 3743 
3 2 0 3733 
3 2 0 3731 
3 2 0 3732 
3 2 0 3742 
3 2 0 3736 
3 2 0 3734 
3 2 0 3735 
3 2 0 3741 
3 2 0 3737 
3 2 0 3740 
3 2 0 3738 
3 2 0 3739 
3 2 0 3744 
1 1 0 
1 1 0 
1 1 0 
1 1 0 
1 1 0 
1 1 0 
2 3 3765 3766 0 
1 1 0 
1 1 0 
1 1 0 
1 1 0 
1 1 0 
1 1 0 
2 3 3772 3773 0 
1 1 0 
1 1 0 
1 1 0 
1 1 0 
2 3 3777 3778 0 
2 3 3776 3779 0 
2 3 3775 3780 0 
2 3 3774 3781 0 
2 3 3771 3782 0 
2 3 3770 3783 0 
2 3 3769 3784 0 
2 3 3768 3785 0 
2 3 3767 3786 0 
2 3 3764 3787 0 
2 3 3763 3788 0 
2 3 3762 3789 0 
2 3 3761 3790 0 
1 1 0 
2 3 3791 3792 0 
1 1 0 
2 3 3793 3794 0 
1 1 0 
1 1 0 
1 1 0 
2 3 3797 3798 0 
1 1 0 
2 3 3799 3800 0 
1 1 0 
1 1 0 
1 1 0 
2 3 3803 3804 0 
2 3 3802 3805 0 
2 3 3801 3806 0 
2 3 3796 3807 0 
2 3 3795 3808 0 
1 1 0 
2 3 3809 3810 0 
3 2 0 3811 
3 2 0 3809 
3 2 0 3795 
3 2 0 3793 
3 2 0 3791 
3 2 0 3761 
3 2 0 3790 
3 2 0 3762 
3 2 0 3789 
3 2 0 3763 
3 2 0 3788 
3 2 0 3764 
3 2 0 3787 
3 2 0 3767 
3 2 0 3765 
3 2 0 3766 
3 2 0 3786 
3 2 0 3768 
3 2 0 3785 
3 2 0 3769 
3 2 0 3784 
3 2 0 3770 
3 2 0 3783 
3 2 0 3771 
3 2 0 3782 
3 2 0 3774 
3 2 0 3772 
3 2 0 3773 
3 2 0 3781 
3 2 0 3775 
3 2 0 3780 
3 2 0 3776 
3 2 0 3779 
3 2 0 3777 
3 2 0 3778 
3 2 0 3792 
3 2 0 3794 
3 2 0 3808 
3 2 0 3796 
3 2 0 3807 
3 2 0 3801 
3 2 0 3799 
3 2 0 3797 
3 2 0 3798 
3 2 0 3800 
3 2 0 3806 
3 2 0 3802 
3 2 0 3805 
3 2 0 3803 
3 2 0 3804 
3 2 0 3810 
1 1 0 
1 1 0 
2 3 3863 3864 0 
1 1 0 
1 1 0 
1 1 0 
2 3 3867 3868 0 
1 1 0 
2 3 3869 3870 0 
1 1 0 
1 1 0 
1 1 0 
2 3 3873 3874 0 
2 3 3872 3875 0 
2 3 3871 3876 0 
2 3 3866 3877 0 
1 1 0 
2 3 3878 3879 0 
2 3 3865 3880 0 
3 2 0 3881 
3 2 0 3865 
3 2 0 3863 
3 2 0 3864 
3 2 0 3880 
3 2 0 3878 
3 2 0 3866 
3 2 0 3877 
3 2 0 3871 
3 2 0 3869 
3 2 0 3867 
3 2 0 3868 
3 2 0 3870 
3 2 0 3876 
3 2 0 3872 
3 2 0 3875 
3 2 0 3873 
3 2 0 3874 
3 2 0 3879 
1 1 0 
1 1 0 
2 3 3901 3902 0 
1 1 0 
2 3 3903 3904 0 
1 1 0 
2 3 3905 3906 0 
1 1 0 
1 1 0 
1 1 0 
1 1 0 
2 3 3910 3911 0 
1 1 0 
2 3 3912 3913 0 
2 3 3909 3914 0 
1 1 0 
1 1 0 
2 3 3916 3917 0 
2 3 3915 3918 0 
1 1 0 
2 3 3919 3920 0 
1 1 0 
1 1 0 
2 3 3922 3923 0 
1 1 0 
1 1 0 
1 1 0 
1 1 0 
2 3 3927 3928 0 
2 3 3926 3929 0 
2 3 3925 3930 0 
2 3 3924 3931 0 
2 3 3921 3932 0 
2 3 3908 3933 0 
2 3 3907 3934 0 
1 1 0 
2 3 3935 3936 0 
1 1 0 
1 1 0 
1 1 0 
1 1 0 
2 3 3940 3941 0 
2 3 3939 3942 0 
2 3 3938 3943 0 
1 1 0 
2 3 3944 3945 0 
2 3 3937 3946 0 
3 2 0 3947 
3 2 0 3937 
3 2 0 3935 
3 2 0 3907 
3 2 0 3905 
3 2 0 3903 
3 2 0 3901 
3 2 0 3902 
3 2 0 3904 
3 2 0 3906 
3 2 0 3934 
3 2 0 3908 
3 2 0 3933 
3 2 0 3921 
3 2 0 3919 
3 2 0 3915 
3 2 0 3909 
3 2 0 3914 
3 2 0 3912 
3 2 0 3910 
3 2 0 3911 
3 2 0 3913 
3 2 0 3918 
3 2 0 3916 
3 2 0 3917 
3 2 0 3920 
3 2 0 3932 
3 2 0 3924 
3 2 0 3922 
3 2 0 3923 
3 2 0 3931 
3 2 0 3925 
3 2 0 3930 
3 2 0 3926 
3 2 0 3929 
3 2 0 3927 
3 2 0 3928 
3 2 0 3936 
3 2 0 3946 
3 2 0 3944 
3 2 0 3938 
3 2 0 3943 
3 2 0 3939 
3 2 0 3942 
3 2 0 3940 
3 2 0 3941 
3 2 0 3945 
1 1 0 
1 1 0 
2 3 3995 3996 0 
1 1 0 
1 1 0 
1 1 0 
1 1 0 
2 3 4000 4001 0 
2 3 3999 4002 0 
1 1 0 
2 3 4003 4004 0 
2 3 3998 4005 0 
1 1 0 
1 1 0 
1 1 0 
2 3 4008 4009 0 
1 1 0 
1 1 0 
1 1 0 
1 1 0 
2 3 4013 4014 0 
2 3 4012 4015 0 
1 1 0 
2 3 4016 4017 0 
1 1 0 
1 1 0 
1 1 0 
1 1 0 
2 3 4021 4022 0 
1 1 0 
1 1 0 
1 1 0 
1 1 0 
1 1 0 
1 1 0 
1 1 0 
1 1 0 
2 3 4030 4031 0 
2 3 4029 4032 0 
2 3 4028 4033 0 
2 3 4027 4034 0 
2 3 4026 4035 0 
2 3 4025 4036 0 
2 3 4024 4037 0 
2 3 4023 4038 0 
2 3 4020 4039 0 
2 3 4019 4040 0 
2 3 4018 4041 0 
2 3 4011 4042 0 
2 3 4010 4043 0 
2 3 4007 4044 0 
1 1 0 
2 3 4045 4046 0 
2 3 4006 4047 0 
2 3 3997 4048 0 
3 2 0 4049 
3 2 0 3997 
3 2 0 3995 
3 2 0 3996 
3 2 0 4048 
3 2 0 4006 
3 2 0 3998 
3 2 0 4005 
3 2 0 4003 
3 2 0 3999 
3 2 0 4002 
3 2 0 4000 
3 2 0 4001 
3 2 0 4004 
3 2 0 4047 
3 2 0 4045 
3 2 0 4007 
3 2 0 4044 
3 2 0 4010 
3 2 0 4008 
3 2 0 4009 
3 2 0 4043 
3 2 0 4011 
3 2 0 4042 
3 2 0 4018 
3 2 0 4016 
3 2 0 4012 
3 2 0 4015 
3 2 0 4013 
3 2 0 4014 
3 2 0 4017 
3 2 0 4041 
3 2 0 4019 
3 2 0 4040 
3 2 0 4020 
3 2 0 4039 
3 2 0 4023 
3 2 0 4021 
3 2 0 4022 
3 2 0 4038 
3 2 0 4024 
3 2 0 4037 
3 2 0 4025 
3 2 0 4036 
3 2 0 4026 
3 2 0 4035 
3 2 0 4027 
3 2 0 4034 
3 2 0 4028 
3 2 0 4033 
3 2 0 4029 
3 2 0 4032 
3 2 0 4030 
3 2 0 4031 
3 2 0 4046 
1 1 0 
1 1 0 
2 3 4105 4106 0 
1 1 0 
1 1 0 
1 1 0 
1 1 0 
2 3 4110 4111 0 
2 3 4109 4112 0 
2 3 4108 4113 0 
1 1 0 
2 3 4114 4115 0 
2 3 4107 4116 0 
3 2 0 4117 
3 2 0 4107 
3 2 0 4105 
3 2 0 4106 
3 2 0 4116 
3 2 0 4114 
3 2 0 4108 
3 2 0 4113 
3 2 0 4109 
3 2 0 4112 
3 2 0 4110 
3 2 0 4111 
3 2 0 4115 
1 1 0 
1 1 0 
1 1 0 
1 1 0 
2 3 4133 4134 0 
2 3 4132 4135 0 
1 1 0 
1 1 0 
1 1 0 
2 3 4138 4139 0 
1 1 0 
1 1 0 
1 1 0 
1 1 0 
2 3 4143 4144 0 
1 1 0 
1 1 0 
2 3 4146 4147 0 
2 3 4145 4148 0 
1 1 0 
1 1 0 
1 1 0 
1 1 0 
2 3 4152 4153 0 
2 3 4151 4154 0 
2 3 4150 4155 0 
2 3 4149 4156 0 
2 3 4142 4157 0 
2 3 4141 4158 0 
1 1 0 
2 3 4159 4160 0 
2 3 4140 4161 0 
2 3 4137 4162 0 
2 3 4136 4163 0 
2 3 4131 4164 0 
3 2 0 4165 
3 2 0 4131 
3 2 0 4164 
3 2 0 4136 
3 2 0 4132 
3 2 0 4135 
3 2 0 4133 
3 2 0 4134 
3 2 0 4163 
3 2 0 4137 
3 2 0 4162 
3 2 0 4140 
3 2 0 4138 
3 2 0 4139 
3 2 0 4161 
3 2 0 4159 
3 2 0 4141 
3 2 0 4158 
3 2 0 4142 
3 2 0 4157 
3 2 0 4149 
3 2 0 4145 
3 2 0 4143 
3 2 0 4144 
3 2 0 4148 
3 2 0 4146 
3 2 0 4147 
3 2 0 4156 
3 2 0 4150 
3 2 0 4155 
3 2 0 4151 
3 2 0 4154 
3 2 0 4152 
3 2 0 4153 
3 2 0 4160 
1 1 0 
1 1 0 
1 1 0 
2 3 4202 4203 0 
2 3 4201 4204 0 
1 1 0 
1 1 0 
2 3 4206 4207 0 
1 1 0 
2 3 4208 4209 0 
2 3 4205 4210 0 
1 1 0 
1 1 0 
2 3 4212 4213 0 
2 3 4211 4214 0 
1 1 0 
2 3 4215 4216 0 
1 1 0 
2 3 4217 4218 0 
1 1 0 
1 1 0 
2 3 4220 4221 0 
1 1 0 
1 1 0 
1 1 0 
1 1 0 
2 3 4225 4226 0 
2 3 4224 4227 0 
2 3 4223 4228 0 
2 3 4222 4229 0 
2 3 4219 4230 0 
1 1 0 
2 3 4231 4232 0 
3 2 0 4233 
3 2 0 4231 
3 2 0 4219 
3 2 0 4217 
3 2 0 4215 
3 2 0 4211 
3 2 0 4205 
3 2 0 4201 
3 2 0 4204 
3 2 0 4202 
3 2 0 4203 
3 2 0 4210 
3 2 0 4208 
3 2 0 4206 
3 2 0 4207 
3 2 0 4209 
3 2 0 4214 
3 2 0 4212 
3 2 0 4213 
3 2 0 4216 
3 2 0 4218 
3 2 0 4230 
3 2 0 4222 
3 2 0 4220 
3 2 0 4221 
3 2 0 4229 
3 2 0 4223 
3 2 0 4228 
3 2 0 4224 
3 2 0 4227 
3 2 0 4225 
3 2 0 4226 
3 2 0 4232 
1 1 0 
1 1 0 
2 3 4267 4268 0 
1 1 0 
1 1 0 
1 1 0 
2 3 4271 4272 0 
1 1 0 
1 1 0 
2 3 4274 4275 0 
2 3 4273 4276 0 
2 3 4270 4277 0 
2 3 4269 4278 0 
1 1 0 
2 3 4279 4280 0 
1 1 0 
1 1 0 
1 1 0 
1 1 0 
1 1 0 
1 1 0 
2 3 4286 4287 0 
2 3 4285 4288 0 
1 1 0 
1 1 0 
1 1 0 
1 1 0 
2 3 4292 4293 0 
1 1 0 
1 1 0 
1 1 0 
1 1 0 
2 3 4297 4298 0 
2 3 4296 4299 0 
2 3 4295 4300 0 
2 3 4294 4301 0 
1 1 0 
2 3 4302 4303 0 
1 1 0 
1 1 0 
2 3 4305 4306 0 
1 1 0 
1 1 0 
1 1 0 
1 1 0 
2 3 4310 4311 0 
2 3 4309 4312 0 
2 3 4308 4313 0 
2 3 4307 4314 0 
1 1 0 
1 1 0 
1 1 0 
1 1 0 
2 3 4318 4319 0 
2 3 4317 4320 0 
2 3 4316 4321 0 
2 3 4315 4322 0 
2 3 4304 4323 0 
2 3 4291 4324 0 
2 3 4290 4325 0 
2 3 4289 4326 0 
2 3 4284 4327 0 
2 3 4283 4328 0 
2 3 4282 4329 0 
1 1 0 
1 1 0 
2 3 4331 4332 0 
2 3 4330 4333 0 
2 3 4281 4334 0 
1 1 0 
2 3 4335 4336 0 
3 2 0 4337 
3 2 0 4335 
3 2 0 4281 
3 2 0 4279 
3 2 0 4269 
3 2 0 4267 
3 2 0 4268 
3 2 0 4278 
3 2 0 4270 
3 2 0 4277 
3 2 0 4273 
3 2 0 4271 
3 2 0 4272 
3 2 0 4276 
3 2 0 4274 
3 2 0 4275 
3 2 0 4280 
3 2 0 4334 
3 2 0 4330 
3 2 0 4282 
3 2 0 4329 
3 2 0 4283 
3 2 0 4328 
3 2 0 4284 
3 2 0 4327 
3 2 0 4289 
3 2 0 4285 
3 2 0 4288 
3 2 0 4286 
3 2 0 4287 
3 2 0 4326 
3 2 0 4290 
3 2 0 4325 
3 2 0 4291 
3 2 0 4324 
3 2 0 4304 
3 2 0 4302 
3 2 0 4294 
3 2 0 4292 
3 2 0 4293 
3 2 0 4301 
3 2 0 4295 
3 2 0 4300 
3 2 0 4296 
3 2 0 4299 
3 2 0 4297 
3 2 0 4298 
3 2 0 4303 
3 2 0 4323 
3 2 0 4315 
3 2 0 4307 
3 2 0 4305 
3 2 0 4306 
3 2 0 4314 
3 2 0 4308 
3 2 0 4313 
3 2 0 4309 
3 2 0 4312 
3 2 0 4310 
3 2 0 4311 
3 2 0 4322 
3 2 0 4316 
3 2 0 4321 
3 2 0 4317 
3 2 0 4320 
3 2 0 4318 
3 2 0 4319 
3 2 0 4333 
3 2 0 4331 
3 2 0 4332 
3 2 0 4336 
1 1 0 
1 1 0 
2 3 4409 4410 0 
1 1 0 
2 3 4411 4412 0 
1 1 0 
1 1 0 
1 1 0 
1 1 0 
2 3 4416 4417 0 
1 1 0 
1 1 0 
1 1 0 
2 3 4420 4421 0 
2 3 4419 4422 0 
2 3 4418 4423 0 
1 1 0 
2 3 4424 4425 0 
2 3 4415 4426 0 
2 3 4414 4427 0 
2 3 4413 4428 0 
3 2 0 4429 
3 2 0 4413 
3 2 0 4411 
3 2 0 4409 
3 2 0 4410 
3 2 0 4412 
3 2 0 4428 
3 2 0 4414 
3 2 0 4427 
3 2 0 4415 
3 2 0 4426 
3 2 0 4424 
3 2 0 4418 
3 2 0 4416 
3 2 0 4417 
3 2 0 4423 
3 2 0 4419 
3 2 0 4422 
3 2 0 4420 
3 2 0 4421 
3 2 0 4425 
1 1 0 
1 1 0 
1 1 0 
2 3 4452 4453 0 
2 3 4451 4454 0 
1 1 0 
1 1 0 
1 1 0 
1 1 0 
1 1 0 
1 1 0 
2 3 4460 4461 0 
2 3 4459 4462 0 
2 3 4458 4463 0 
1 1 0 
1 1 0 
1 1 0 
1 1 0 
2 3 4467 4468 0 
2 3 4466 4469 0 
2 3 4465 4470 0 
2 3 4464 4471 0 
1 1 0 
2 3 4472 4473 0 
1 1 0 
1 1 0 
1 1 0 
1 1 0 
2 3 4477 4478 0 
2 3 4476 4479 0 
1 1 0 
1 1 0 
2 3 4481 4482 0 
2 3 4480 4483 0 
2 3 4475 4484 0 
2 3 4474 4485 0 
1 1 0 
1 1 0 
1 1 0 
1 1 0 
2 3 4489 4490 0 
1 1 0 
2 3 4491 4492 0 
1 1 0 
1 1 0 
1 1 0 
2 3 4495 4496 0 
2 3 4494 4497 0 
1 1 0 
1 1 0 
1 1 0 
1 1 0 
2 3 4501 4502 0 
2 3 4500 4503 0 
2 3 4499 4504 0 
2 3 4498 4505 0 
2 3 4493 4506 0 
2 3 4488 4507 0 
2 3 4487 4508 0 
2 3 4486 4509 0 
2 3 4457 4510 0 
2 3 4456 4511 0 
1 1 0 
2 3 4512 4513 0 
2 3 4455 4514 0 
3 2 0 4515 
3 2 0 4455 
3 2 0 4451 
3 2 0 4454 
3 2 0 4452 
3 2 0 4453 
3 2 0 4514 
3 2 0 4512 
3 2 0 4456 
3 2 0 4511 
3 2 0 4457 
3 2 0 4510 
3 2 0 4486 
3 2 0 4474 
3 2 0 4472 
3 2 0 4464 
3 2 0 4458 
3 2 0 4463 
3 2 0 4459 
3 2 0 4462 
3 2 0 4460 
3 2 0 4461 
3 2 0 4471 
3 2 0 4465 
3 2 0 4470 
3 2 0 4466 
3 2 0 4469 
3 2 0 4467 
3 2 0 4468 
3 2 0 4473 
3 2 0 4485 
3 2 0 4475 
3 2 0 4484 
3 2 0 4480 
3 2 0 4476 
3 2 0 4479 
3 2 0 4477 
3 2 0 4478 
3 2 0 4483 
3 2 0 4481 
3 2 0 4482 
3 2 0 4509 
3 2 0 4487 
3 2 0 4508 
3 2 0 4488 
3 2 0 4507 
3 2 0 4493 
3 2 0 4491 
3 2 0 4489 
3 2 0 4490 
3 2 0 4492 
3 2 0 4506 
3 2 0 4498 
3 2 0 4494 
3 2 0 4497 
3 2 0 4495 
3 2 0 4496 
3 2 0 4505 
3 2 0 4499 
3 2 0 4504 
3 2 0 4500 
3 2 0 4503 
3 2 0 4501 
3 2 0 4502 
3 2 0 4513 
1 1 0 
1 1 0 
1 1 0 
1 1 0 
2 3 4583 4584 0 
2 3 4582 4585 0 
1 1 0 
1 1 0 
1 1 0 
1 1 0 
1 1 0 
1 1 0 
1 1 0 
2 3 4592 4593 0 
2 3 4591 4594 0 
2 3 4590 4595 0 
2 3 4589 4596 0 
2 3 4588 4597 0 
2 3 4587 4598 0 
2 3 4586 4599 0 
1 1 0 
2 3 4600 4601 0 
2 3 4581 4602 0 
3 2 0 4603 
3 2 0 4581 
3 2 0 4602 
3 2 0 4600 
3 2 0 4586 
3 2 0 4582 
3 2 0 4585 
3 2 0 4583 
3 2 0 4584 
3 2 0 4599 
3 2 0 4587 
3 2 0 4598 
3 2 0 4588 
3 2 0 4597 
3 2 0 4589 
3 2 0 4596 
3 2 0 4590 
3 2 0 4595 
3 2 0 4591 
3 2 0 4594 
3 2 0 4592 
3 2 0 4593 
3 2 0 4601 
1 1 0 
1 1 0 
1 1 0 
2 3 4628 4629 0 
1 1 0 
1 1 0 
2 3 4631 4632 0 
1 1 0 
2 3 4633 4634 0 
1 1 0 
1 1 0 
1 1 0 
1 1 0 
1 1 0 
1 1 0 
1 1 0 
1 1 0 
2 3 4642 4643 0 
2 3 4641 4644 0 
2 3 4640 4645 0 
2 3 4639 4646 0 
2 3 4638 4647 0 
2 3 4637 4648 0 
2 3 4636 4649 0 
2 3 4635 4650 0 
2 3 4630 4651 0 
1 1 0 
2 3 4652 4653 0 
2 3 4627 4654 0 
3 2 0 4655 
3 2 0 4627 
3 2 0 4654 
3 2 0 4652 
3 2 0 4630 
3 2 0 4628 
3 2 0 4629 
3 2 0 4651 
3 2 0 4635 
3 2 0 4633 
3 2 0 4631 
3 2 0 4632 
3 2 0 4634 
3 2 0 4650 
3 2 0 4636 
3 2 0 4649 
3 2 0 4637 
3 2 0 4648 
3 2 0 4638 
3 2 0 4647 
3 2 0 4639 
3 2 0 4646 
3 2 0 4640 
3 2 0 4645 
3 2 0 4641 
3 2 0 4644 
3 2 0 4642 
3 2 0 4643 
3 2 0 4653 
1 1 0 
1 1 0 
1 1 0 
1 1 0 
2 3 4687 4688 0 
2 3 4686 4689 0 
1 1 0 
1 1 0 
1 1 0 
1 1 0 
2 3 4693 4694 0 
2 3 4692 4695 0 
1 1 0 
1 1 0 
1 1 0 
1 1 0 
1 1 0 
2 3 4700 4701 0 
2 3 4699 4702 0 
2 3 4698 4703 0 
2 3 4697 4704 0 
2 3 4696 4705 0 
2 3 4691 4706 0 
2 3 4690 4707 0 
2 3 4685 4708 0 
1 1 0 
1 1 0 
1 1 0 
1 1 0 
2 3 4712 4713 0 
1 1 0 
2 3 4714 4715 0 
2 3 4711 4716 0 
2 3 4710 4717 0 
2 3 4709 4718 0 
3 2 0 4719 
3 2 0 4709 
3 2 0 4685 
3 2 0 4708 
3 2 0 4690 
3 2 0 4686 
3 2 0 4689 
3 2 0 4687 
3 2 0 4688 
3 2 0 4707 
3 2 0 4691 
3 2 0 4706 
3 2 0 4696 
3 2 0 4692 
3 2 0 4695 
3 2 0 4693 
3 2 0 4694 
3 2 0 4705 
3 2 0 4697 
3 2 0 4704 
3 2 0 4698 
3 2 0 4703 
3 2 0 4699 
3 2 0 4702 
3 2 0 4700 
3 2 0 4701 
3 2 0 4718 
3 2 0 4710 
3 2 0 4717 
3 2 0 4711 
3 2 0 4716 
3 2 0 4714 
3 2 0 4712 
3 2 0 4713 
3 2 0 4715 
1 1 0 
1 1 0 
1 1 0 
2 3 4756 4757 0 
2 3 4755 4758 0 
1 1 0 
1 1 0 
1 1 0 
1 1 0 
1 1 0 
1 1 0 
1 1 0 
2 3 4765 4766 0 
1 1 0 
1 1 0 
1 1 0 
1 1 0 
1 1 0 
2 3 4771 4772 0 
2 3 4770 4773 0 
2 3 4769 4774 0 
1 1 0 
2 3 4775 4776 0 
1 1 0 
2 3 4777 4778 0 
1 1 0 
1 1 0 
1 1 0 
2 3 4781 4782 0 
2 3 4780 4783 0 
1 1 0 
1 1 0 
2 3 4785 4786 0 
2 3 4784 4787 0 
2 3 4779 4788 0 
2 3 4768 4789 0 
2 3 4767 4790 0 
2 3 4764 4791 0 
2 3 4763 4792 0 
2 3 4762 4793 0 
2 3 4761 4794 0 
2 3 4760 4795 0 
2 3 4759 4796 0 
3 2 0 4797 
3 2 0 4759 
3 2 0 4755 
3 2 0 4758 
3 2 0 4756 
3 2 0 4757 
3 2 0 4796 
3 2 0 4760 
3 2 0 4795 
3 2 0 4761 
3 2 0 4794 
3 2 0 4762 
3 2 0 4793 
3 2 0 4763 
3 2 0 4792 
3 2 0 4764 
3 2 0 4791 
3 2 0 4767 
3 2 0 4765 
3 2 0 4766 
3 2 0 4790 
3 2 0 4768 
3 2 0 4789 
3 2 0 4779 
3 2 0 4777 
3 2 0 4775 
3 2 0 4769 
3 2 0 4774 
3 2 0 4770 
3 2 0 4773 
3 2 0 4771 
3 2 0 4772 
3 2 0 4776 
3 2 0 4778 
3 2 0 4788 
3 2 0 4784 
3 2 0 4780 
3 2 0 4783 
3 2 0 4781 
3 2 0 4782 
3 2 0 4787 
3 2 0 4785 
3 2 0 4786 
26 2420 10 11 12 13 14 15 16 17 18 48 49 50 51 52 53 54 55 56 57 58 59 60 61 62 63 64 65 66 67 68 69 70 71 72 73 74 75 76 114 115 116 117 118 119 120 121 122 123 124 125 126 127 128 129 130 131 132 133 134 135 136 137 138 139 140 141 142 143 144 145 146 147 148 149 150 212 213 214 215 216 217 218 219 220 221 222 223 224 225 226 227 228 229 230 231 232 233 234 235 236 237 238 239 240 241 242 243 244 245 246 247 248 249 250 251 252 253 254 255 256 257 258 259 260 261 262 263 264 265 266 267 268 269 270 271 272 290 291 292 293 294 295 296 297 298 299 300 301 302 303 304 305 306 330 331 332 333 334 335 336 337 338 339 340 341 342 343 344 345 346 347 348 349 350 351 352 420 421 422 423 424 425 426 427 428 429 430 431 432 433 434 435 436 437 438 439 440 441 442 443 444 445 446 447 448 449 450 451 452 453 454 455 456 457 458 459 460 461 462 463 464 465 466 467 468 469 470 471 472 473 474 475 476 477 478 479 480 481 482 483 484 485 486 514 515 516 517 518 519 520 521 522 523 524 525 526 527 528 529 530 531 532 533 534 535 536 537 538 539 540 564 565 566 567 568 569 570 571 572 573 574 575 576 577 578 579 580 581 582 583 584 585 586 622 623 624 625 626 627 628 629 630 631 632 633 634 635 636 637 638 639 640 641 642 643 644 645 646 647 648 649 650 651 652 653 654 655 656 698 699 700 701 702 703 704 705 706 707 708 709 710 711 712 713 714 715 716 717 718 719 720 721 722 723 724 725 726 727 728 729 730 731 732 733 734 735 736 737 738 776 777 778 779 780 781 782 783 784 785 786 787 788 789 790 791 792 793 794 795 796 797 798 799 800 801 802 803 804 805 806 807 808 809 810 811 812 858 859 860 861 862 863 864 865 866 867 868 869 870 871 872 873 874 875 876 877 878 879 880 881 882 883 884 885 886 887 888 889 890 891 892 893 894 895 896 897 898 899 900 901 902 954 955 956 957 958 959 960 961 962 963 964 965 966 967 968 969 970 971 972 973 974 975 976 977 978 979 980 981 982 983 984 985 986 987 988 989 990 991 992 993 994 995 996 997 998 999 1000 1001 1002 1003 1004 1028 1029 1030 1031 1032 1033 1034 1035 1036 1037 1038 1039 1040 1041 1042 1043 1044 1045 1046 1047 1048 1049 1050 1088 1089 1090 1091 1092 1093 1094 1095 1096 1097 1098 1099 1100 1101 1102 1103 1104 1105 1106 1107 1108 1109 1110 1111 1112 1113 1114 1115 1116 1117 1118 1119 1120 1121 1122 1123 1124 1198 1199 1200 1201 1202 1203 1204 1205 1206 1207 1208 1209 1210 1211 1212 1213 1214 1215 1216 1217 1218 1219 1220 1221 1222 1223 1224 1225 1226 1227 1228 1229 1230 1231 1232 1233 1234 1235 1236 1237 1238 1239 1240 1241 1242 1243 1244 1245 1246 1247 1248 1249 1250 1251 1252 1253 1254 1255 1256 1257 1258 1259 1260 1261 1262 1263 1264 1265 1266 1267 1268 1269 1270 1332 1333 1334 1335 1336 1337 1338 1339 1340 1341 1342 1343 1344 1345 1346 1347 1348 1349 1350 1351 1352 1353 1354 1355 1356 1357 1358 1359 1360 1361 1362 1363 1364 1365 1366 1367 1368 1369 1370 1371 1372 1373 1374 1375 1376 1377 1378 1379 1380 1381 1382 1383 1384 1385 1386 1387 1388 1389 1390 1391 1392 1400 1401 1402 1403 1404 1405 1406 1420 1421 1422 1423 1424 1425 1426 1427 1428 1429 1430 1431 1432 1474 1475 1476 1477 1478 1479 1480 1481 1482 1483 1484 1485 1486 1487 1488 1489 1490 1491 1492 1493 1494 1495 1496 1497 1498 1499 1500 1501 1502 1503 1504 1505 1506 1507 1508 1509 1510 1511 1512 1513 1514 1532 1533 1534 1535 1536 1537 1538 1539 1540 1541 1542 1543 1544 1545 1546 1547 1548 1588 1589 1590 1591 1592 1593 1594 1595 1596 1597 1598 1599 1600 1601 1602 1603 1604 1605 1606 1607 1608 1609 1610 1611 1612 1613 1614 1615 1616 1617 1618 1619 1620 1621 1622 1623 1624 1625 1626 1680 1681 1682 1683 1684 1685 1686 1687 1688 1689 1690 1691 1692 1693 1694 1695 1696 1697 1698 1699 1700 1701 1702 1703 1704 1705 1706 1707 1708 1709 1710 1711 1712 1713 1714 1715 1716 1717 1718 1719 1720 1721 1722 1723 1724 1725 1726 1727 1728 1729 1730 1731 1732 1770 1771 1772 1773 1774 1775 1776 1777 1778 1779 1780 1781 1782 1783 1784 1785 1786 1787 1788 1789 1790 1791 1792 1793 1794 1795 1796 1797 1798 1799 1800 1801 1802 1803 1804 1805 1806 1846 1847 1848 1849 1850 1851 1852 1853 1854 1855 1856 1857 1858 1859 1860 1861 1862 1863 1864 1865 1866 1867 1868 1869 1870 1871 1872 1873 1874 1875 1876 1877 1878 1879 1880 1881 1882 1883 1884 1912 1913 1914 1915 1916 1917 1918 1919 1920 1921 1922 1923 1924 1925 1926 1927 1928 1929 1930 1931 1932 1933 1934 1935 1936 1937 1938 1982 1983 1984 1985 1986 1987 1988 1989 1990 1991 1992 1993 1994 1995 1996 1997 1998 1999 2000 2001 2002 2003 2004 2005 2006 2007 2008 2009 2010 2011 2012 2013 2014 2015 2016 2017 2018 2019 2020 2021 2022 2023 2024 2074 2075 2076 2077 2078 2079 2080 2081 2082 2083 2084 2085 2086 2087 2088 2089 2090 2091 2092 2093 2094 2095 2096 2097 2098 2099 2100 2101 2102 2103 2104 2105 2106 2107 2108 2109 2110 2111 2112 2113 2114 2115 2116 2117 2118 2119 2120 2121 2122 2176 2177 2178 2179 2180 2181 2182 2183 2184 2185 2186 2187 2188 2189 2190 2191 2192 2193 2194 2195 2196 2197 2198 2199 2200 2201 2202 2203 2204 2205 2206 2207 2208 2209 2210 2211 2212 2213 2214 2215 2216 2217 2218 2219 2220 2221 2222 2223 2224 2225 2226 2227 2228 2278 2279 2280 2281 2282 2283 2284 2285 2286 2287 2288 2289 2290 2291 2292 2293 2294 2295 2296 2297 2298 2299 2300 2301 2302 2303 2304 2305 2306 2307 2308 2309 2310 2311 2312 2313 2314 2315 2316 2317 2318 2319 2320 2321 2322 2323 2324 2325 2326 2374 2375 2376 2377 2378 2379 2380 2381 2382 2383 2384 2385 2386 2387 2388 2389 2390 2391 2392 2393 2394 2395 2396 2397 2398 2399 2400 2401 2402 2403 2404 2405 2406 2407 2408 2409 2410 2411 2412 2413 2414 2415 2416 2417 2418 2419 2420 2444 2445 2446 2447 2448 2449 2450 2451 2452 2453 2454 2455 2456 2457 2458 2459 2460 2461 2462 2463 2464 2465 2466 2550 2551 2552 2553 2554 2555 2556 2557 2558 2559 2560 2561 2562 2563 2564 2565 2566 2567 2568 2569 2570 2571 2572 2573 2574 2575 2576 2577 2578 2579 2580 2581 2582 2583 2584 2585 2586 2587 2588 2589 2590 2591 2592 2593 2594 2595 2596 2597 2598 2599 2600 2601 2602 2603 2604 2605 2606 2607 2608 2609 2610 2611 2612 2613 2614 2615 2616 2617 2618 2619 2620 2621 2622 2623 2624 2625 2626 2627 2628 2629 2630 2631 2632 2684 2685 2686 2687 2688 2689 2690 2691 2692 2693 2694 2695 2696 2697 2698 2699 2700 2701 2702 2703 2704 2705 2706 2707 2708 2709 2710 2711 2712 2713 2714 2715 2716 2717 2718 2719 2720 2721 2722 2723 2724 2725 2726 2727 2728 2729 2730 2731 2732 2733 2734 2756 2757 2758 2759 2760 2761 2762 2763 2764 2765 2766 2767 2768 2769 2770 2771 2772 2773 2774 2775 2776 2814 2815 2816 2817 2818 2819 2820 2821 2822 2823 2824 2825 2826 2827 2828 2829 2830 2831 2832 2833 2834 2835 2836 2837 2838 2839 2840 2841 2842 2843 2844 2845 2846 2847 2848 2849 2850 2872 2873 2874 2875 2876 2877 2878 2879 2880 2881 2882 2883 2884 2885 2886 2887 2888 2889 2890 2891 2892 2920 2921 2922 2923 2924 2925 2926 2927 2928 2929 2930 2931 2932 2933 2934 2935 2936 2937 2938 2939 2940 2941 2942 2943 2944 2945 2946 2990 2991 2992 2993 2994 2995 2996 2997 2998 2999 3000 3001 3002 3003 3004 3005 3006 3007 3008 3009 3010 3011 3012 3013 3014 3015 3016 3017 3018 3019 3020 3021 3022 3023 3024 3025 3026 3027 3028 3029 3030 3031 3032 3090 3091 3092 3093 3094 3095 3096 3097 3098 3099 3100 3101 3102 3103 3104 3105 3106 3107 3108 3109 3110 3111 3112 3113 3114 3115 3116 3117 3118 3119 3120 3121 3122 3123 3124 3125 3126 3127 3128 3129 3130 3131 3132 3133 3134 3135 3136 3137 3138 3139 3140 3141 3142 3143 3144 3145 3146 3180 3181 3182 3183 3184 3185 3186 3187 3188 3189 3190 3191 3192 3193 3194 3195 3196 3197 3198 3199 3200 3201 3202 3203 3204 3205 3206 3207 3208 3209 3210 3211 3212 3230 3231 3232 3233 3234 3235 3236 3237 3238 3239 3240 3241 3242 3243 3244 3245 3246 3276 3277 3278 3279 3280 3281 3282 3283 3284 3285 3286 3287 3288 3289 3290 3291 3292 3293 3294 3295 3296 3297 3298 3299 3300 3301 3302 3303 3304 3328 3329 3330 3331 3332 3333 3334 3335 3336 3337 3338 3339 3340 3341 3342 3343 3344 3345 3346 3347 3348 3349 3350 3406 3407 3408 3409 3410 3411 3412 3413 3414 3415 3416 3417 3418 3419 3420 3421 3422 3423 3424 3425 3426 3427 3428 3429 3430 3431 3432 3433 3434 3435 3436 3437 3438 3439 3440 3441 3442 3443 3444 3445 3446 3447 3448 3449 3450 3451 3452 3453 3454 3455 3456 3457 3458 3459 3460 3518 3519 3520 3521 3522 3523 3524 3525 3526 3527 3528 3529 3530 3531 3532 3533 3534 3535 3536 3537 3538 3539 3540 3541 3542 3543 3544 3545 3546 3547 3548 3549 3550 3551 3552 3553 3554 3555 3556 3557 3558 3559 3560 3561 3562 3563 3564 3565 3566 3567 3568 3569 3570 3571 3572 3573 3574 3616 3617 3618 3619 3620 3621 3622 3623 3624 3625 3626 3627 3628 3629 3630 3631 3632 3633 3634 3635 3636 3637 3638 3639 3640 3641 3642 3643 3644 3645 3646 3647 3648 3649 3650 3651 3652 3653 3654 3655 3656 3694 3695 3696 3697 3698 3699 3700 3701 3702 3703 3704 3705 3706 3707 3708 3709 3710 3711 3712 3713 3714 3715 3716 3717 3718 3719 3720 3721 3722 3723 3724 3725 3726 3727 3728 3729 3730 3746 3747 3748 3749 3750 3751 3752 3753 3754 3755 3756 3757 3758 3759 3760 3812 3813 3814 3815 3816 3817 3818 3819 3820 3821 3822 3823 3824 3825 3826 3827 3828 3829 3830 3831 3832 3833 3834 3835 3836 3837 3838 3839 3840 3841 3842 3843 3844 3845 3846 3847 3848 3849 3850 3851 3852 3853 3854 3855 3856 3857 3858 3859 3860 3861 3862 3882 3883 3884 3885 3886 3887 3888 3889 3890 3891 3892 3893 3894 3895 3896 3897 3898 3899 3900 3948 3949 3950 3951 3952 3953 3954 3955 3956 3957 3958 3959 3960 3961 3962 3963 3964 3965 3966 3967 3968 3969 3970 3971 3972 3973 3974 3975 3976 3977 3978 3979 3980 3981 3982 3983 3984 3985 3986 3987 3988 3989 3990 3991 3992 3993 3994 4050 4051 4052 4053 4054 4055 4056 4057 4058 4059 4060 4061 4062 4063 4064 4065 4066 4067 4068 4069 4070 4071 4072 4073 4074 4075 4076 4077 4078 4079 4080 4081 4082 4083 4084 4085 4086 4087 4088 4089 4090 4091 4092 4093 4094 4095 4096 4097 4098 4099 4100 4101 4102 4103 4104 4118 4119 4120 4121 4122 4123 4124 4125 4126 4127 4128 4129 4130 4166 4167 4168 4169 4170 4171 4172 4173 4174 4175 4176 4177 4178 4179 4180 4181 4182 4183 4184 4185 4186 4187 4188 4189 4190 4191 4192 4193 4194 4195 4196 4197 4198 4199 4200 4234 4235 4236 4237 4238 4239 4240 4241 4242 4243 4244 4245 4246 4247 4248 4249 4250 4251 4252 4253 4254 4255 4256 4257 4258 4259 4260 4261 4262 4263 4264 4265 4266 4338 4339 4340 4341 4342 4343 4344 4345 4346 4347 4348 4349 4350 4351 4352 4353 4354 4355 4356 4357 4358 4359 4360 4361 4362 4363 4364 4365 4366 4367 4368 4369 4370 4371 4372 4373 4374 4375 4376 4377 4378 4379 4380 4381 4382 4383 4384 4385 4386 4387 4388 4389 4390 4391 4392 4393 4394 4395 4396 4397 4398 4399 4400 4401 4402 4403 4404 4405 4406 4407 4408 4430 4431 4432 4433 4434 4435 4436 4437 4438 4439 4440 4441 4442 4443 4444 4445 4446 4447 4448 4449 4450 4516 4517 4518 4519 4520 4521 4522 4523 4524 4525 4526 4527 4528 4529 4530 4531 4532 4533 4534 4535 4536 4537 4538 4539 4540 4541 4542 4543 4544 4545 4546 4547 4548 4549 4550 4551 4552 4553 4554 4555 4556 4557 4558 4559 4560 4561 4562 4563 4564 4565 4566 4567 4568 4569 4570 4571 4572 4573 4574 4575 4576 4577 4578 4579 4580 4604 4605 4606 4607 4608 4609 4610 4611 4612 4613 4614 4615 4616 4617 4618 4619 4620 4621 4622 4623 4624 4625 4626 4656 4657 4658 4659 4660 4661 4662 4663 4664 4665 4666 4667 4668 4669 4670 4671 4672 4673 4674 4675 4676 4677 4678 4679 4680 4681 4682 4683 4684 4720 4721 4722 4723 4724 4725 4726 4727 4728 4729 4730 4731 4732 4733 4734 4735 4736 4737 4738 4739 4740 4741 4742 4743 4744 4745 4746 4747 4748 4749 4750 4751 4752 4753 4754 4798 4799 4800 4801 4802 4803 4804 4805 4806 4807 4808 4809 4810 4811 4812 4813 4814 4815 4816 4817 4818 4819 4820 4821 4822 4823 4824 4825 4826 4827 4828 4829 4830 4831 4832 4833 4834 4835 4836 4837 4838 4839 4840 
