4622
0 0 
1 1 0 
1 1 0 
1 1 0 
1 1 0 
2 3 3 4 0 
2 3 2 5 0 
2 3 1 6 0 
1 1 0 
1 1 0 
2 3 8 9 0 
1 1 0 
1 1 0 
2 3 11 12 0 
1 1 0 
1 1 0 
1 1 0 
2 3 15 16 0 
2 3 14 17 0 
2 3 13 18 0 
2 3 10 19 0 
2 3 7 20 0 
1 1 0 
1 1 0 
2 3 22 23 0 
1 1 0 
1 1 0 
1 1 0 
2 3 26 27 0 
1 1 0 
1 1 0 
1 1 0 
1 1 0 
2 3 31 32 0 
2 3 30 33 0 
2 3 29 34 0 
2 3 28 35 0 
2 3 25 36 0 
1 1 0 
1 1 0 
1 1 0 
1 1 0 
2 3 40 41 0 
2 3 39 42 0 
2 3 38 43 0 
2 3 37 44 0 
1 1 0 
2 3 45 46 0 
1 1 0 
2 3 47 48 0 
1 1 0 
1 1 0 
1 1 0 
2 3 51 52 0 
1 1 0 
1 1 0 
1 1 0 
2 3 55 56 0 
2 3 54 57 0 
2 3 53 58 0 
2 3 50 59 0 
1 1 0 
2 3 60 61 0 
1 1 0 
1 1 0 
1 1 0 
1 1 0 
2 3 65 66 0 
2 3 64 67 0 
2 3 63 68 0 
2 3 62 69 0 
2 3 49 70 0 
2 3 24 71 0 
1 1 0 
1 1 0 
1 1 0 
2 3 74 75 0 
2 3 73 76 0 
2 3 72 77 0 
1 1 0 
2 3 78 79 0 
2 3 21 80 0 
3 2 0 81 
3 2 0 21 
3 2 0 7 
3 2 0 1 
3 2 0 6 
3 2 0 2 
3 2 0 5 
3 2 0 3 
3 2 0 4 
3 2 0 20 
3 2 0 10 
3 2 0 8 
3 2 0 9 
3 2 0 19 
3 2 0 13 
3 2 0 11 
3 2 0 12 
3 2 0 18 
3 2 0 14 
3 2 0 17 
3 2 0 15 
3 2 0 16 
3 2 0 80 
3 2 0 78 
3 2 0 72 
3 2 0 24 
3 2 0 22 
3 2 0 23 
3 2 0 71 
3 2 0 49 
3 2 0 47 
3 2 0 45 
3 2 0 37 
3 2 0 25 
3 2 0 36 
3 2 0 28 
3 2 0 26 
3 2 0 27 
3 2 0 35 
3 2 0 29 
3 2 0 34 
3 2 0 30 
3 2 0 33 
3 2 0 31 
3 2 0 32 
3 2 0 44 
3 2 0 38 
3 2 0 43 
3 2 0 39 
3 2 0 42 
3 2 0 40 
3 2 0 41 
3 2 0 46 
3 2 0 48 
3 2 0 70 
3 2 0 62 
3 2 0 60 
3 2 0 50 
3 2 0 59 
3 2 0 53 
3 2 0 51 
3 2 0 52 
3 2 0 58 
3 2 0 54 
3 2 0 57 
3 2 0 55 
3 2 0 56 
3 2 0 61 
3 2 0 69 
3 2 0 63 
3 2 0 68 
3 2 0 64 
3 2 0 67 
3 2 0 65 
3 2 0 66 
3 2 0 77 
3 2 0 73 
3 2 0 76 
3 2 0 74 
3 2 0 75 
3 2 0 79 
1 1 0 
1 1 0 
1 1 0 
1 1 0 
2 3 165 166 0 
2 3 164 167 0 
1 1 0 
2 3 168 169 0 
2 3 163 170 0 
3 2 0 171 
3 2 0 163 
3 2 0 170 
3 2 0 168 
3 2 0 164 
3 2 0 167 
3 2 0 165 
3 2 0 166 
3 2 0 169 
1 1 0 
1 1 0 
1 1 0 
1 1 0 
1 1 0 
2 3 184 185 0 
2 3 183 186 0 
2 3 182 187 0 
2 3 181 188 0 
1 1 0 
1 1 0 
2 3 190 191 0 
2 3 189 192 0 
1 1 0 
2 3 193 194 0 
1 1 0 
1 1 0 
1 1 0 
2 3 197 198 0 
1 1 0 
1 1 0 
1 1 0 
2 3 201 202 0 
2 3 200 203 0 
2 3 199 204 0 
2 3 196 205 0 
2 3 195 206 0 
1 1 0 
2 3 207 208 0 
3 2 0 209 
3 2 0 207 
3 2 0 195 
3 2 0 193 
3 2 0 189 
3 2 0 181 
3 2 0 188 
3 2 0 182 
3 2 0 187 
3 2 0 183 
3 2 0 186 
3 2 0 184 
3 2 0 185 
3 2 0 192 
3 2 0 190 
3 2 0 191 
3 2 0 194 
3 2 0 206 
3 2 0 196 
3 2 0 205 
3 2 0 199 
3 2 0 197 
3 2 0 198 
3 2 0 204 
3 2 0 200 
3 2 0 203 
3 2 0 201 
3 2 0 202 
3 2 0 208 
1 1 0 
1 1 0 
1 1 0 
2 3 240 241 0 
1 1 0 
1 1 0 
1 1 0 
2 3 244 245 0 
1 1 0 
1 1 0 
1 1 0 
1 1 0 
2 3 249 250 0 
2 3 248 251 0 
1 1 0 
1 1 0 
1 1 0 
2 3 254 255 0 
1 1 0 
1 1 0 
2 3 257 258 0 
2 3 256 259 0 
2 3 253 260 0 
2 3 252 261 0 
1 1 0 
1 1 0 
1 1 0 
1 1 0 
1 1 0 
2 3 266 267 0 
1 1 0 
2 3 268 269 0 
2 3 265 270 0 
2 3 264 271 0 
2 3 263 272 0 
2 3 262 273 0 
2 3 247 274 0 
2 3 246 275 0 
2 3 243 276 0 
2 3 242 277 0 
1 1 0 
2 3 278 279 0 
2 3 239 280 0 
3 2 0 281 
3 2 0 239 
3 2 0 280 
3 2 0 278 
3 2 0 242 
3 2 0 240 
3 2 0 241 
3 2 0 277 
3 2 0 243 
3 2 0 276 
3 2 0 246 
3 2 0 244 
3 2 0 245 
3 2 0 275 
3 2 0 247 
3 2 0 274 
3 2 0 262 
3 2 0 252 
3 2 0 248 
3 2 0 251 
3 2 0 249 
3 2 0 250 
3 2 0 261 
3 2 0 253 
3 2 0 260 
3 2 0 256 
3 2 0 254 
3 2 0 255 
3 2 0 259 
3 2 0 257 
3 2 0 258 
3 2 0 273 
3 2 0 263 
3 2 0 272 
3 2 0 264 
3 2 0 271 
3 2 0 265 
3 2 0 270 
3 2 0 268 
3 2 0 266 
3 2 0 267 
3 2 0 269 
3 2 0 279 
1 1 0 
1 1 0 
1 1 0 
2 3 326 327 0 
1 1 0 
1 1 0 
1 1 0 
1 1 0 
2 3 331 332 0 
2 3 330 333 0 
1 1 0 
1 1 0 
1 1 0 
2 3 336 337 0 
2 3 335 338 0 
2 3 334 339 0 
2 3 329 340 0 
2 3 328 341 0 
1 1 0 
2 3 342 343 0 
1 1 0 
1 1 0 
1 1 0 
2 3 346 347 0 
1 1 0 
1 1 0 
1 1 0 
1 1 0 
1 1 0 
2 3 352 353 0 
2 3 351 354 0 
2 3 350 355 0 
2 3 349 356 0 
2 3 348 357 0 
1 1 0 
1 1 0 
1 1 0 
2 3 360 361 0 
1 1 0 
1 1 0 
1 1 0 
1 1 0 
2 3 365 366 0 
2 3 364 367 0 
1 1 0 
2 3 368 369 0 
2 3 363 370 0 
2 3 362 371 0 
2 3 359 372 0 
2 3 358 373 0 
2 3 345 374 0 
2 3 344 375 0 
1 1 0 
2 3 376 377 0 
2 3 325 378 0 
3 2 0 379 
3 2 0 325 
3 2 0 378 
3 2 0 376 
3 2 0 344 
3 2 0 342 
3 2 0 328 
3 2 0 326 
3 2 0 327 
3 2 0 341 
3 2 0 329 
3 2 0 340 
3 2 0 334 
3 2 0 330 
3 2 0 333 
3 2 0 331 
3 2 0 332 
3 2 0 339 
3 2 0 335 
3 2 0 338 
3 2 0 336 
3 2 0 337 
3 2 0 343 
3 2 0 375 
3 2 0 345 
3 2 0 374 
3 2 0 358 
3 2 0 348 
3 2 0 346 
3 2 0 347 
3 2 0 357 
3 2 0 349 
3 2 0 356 
3 2 0 350 
3 2 0 355 
3 2 0 351 
3 2 0 354 
3 2 0 352 
3 2 0 353 
3 2 0 373 
3 2 0 359 
3 2 0 372 
3 2 0 362 
3 2 0 360 
3 2 0 361 
3 2 0 371 
3 2 0 363 
3 2 0 370 
3 2 0 368 
3 2 0 364 
3 2 0 367 
3 2 0 365 
3 2 0 366 
3 2 0 369 
3 2 0 377 
1 1 0 
1 1 0 
1 1 0 
1 1 0 
2 3 437 438 0 
2 3 436 439 0 
1 1 0 
1 1 0 
1 1 0 
2 3 442 443 0 
1 1 0 
1 1 0 
1 1 0 
2 3 446 447 0 
2 3 445 448 0 
2 3 444 449 0 
1 1 0 
1 1 0 
2 3 451 452 0 
2 3 450 453 0 
2 3 441 454 0 
2 3 440 455 0 
1 1 0 
2 3 456 457 0 
2 3 435 458 0 
3 2 0 459 
3 2 0 435 
3 2 0 458 
3 2 0 456 
3 2 0 440 
3 2 0 436 
3 2 0 439 
3 2 0 437 
3 2 0 438 
3 2 0 455 
3 2 0 441 
3 2 0 454 
3 2 0 450 
3 2 0 444 
3 2 0 442 
3 2 0 443 
3 2 0 449 
3 2 0 445 
3 2 0 448 
3 2 0 446 
3 2 0 447 
3 2 0 453 
3 2 0 451 
3 2 0 452 
3 2 0 457 
1 1 0 
1 1 0 
1 1 0 
1 1 0 
2 3 487 488 0 
2 3 486 489 0 
2 3 485 490 0 
1 1 0 
1 1 0 
1 1 0 
1 1 0 
1 1 0 
2 3 495 496 0 
2 3 494 497 0 
1 1 0 
2 3 498 499 0 
2 3 493 500 0 
2 3 492 501 0 
2 3 491 502 0 
3 2 0 503 
3 2 0 491 
3 2 0 485 
3 2 0 490 
3 2 0 486 
3 2 0 489 
3 2 0 487 
3 2 0 488 
3 2 0 502 
3 2 0 492 
3 2 0 501 
3 2 0 493 
3 2 0 500 
3 2 0 498 
3 2 0 494 
3 2 0 497 
3 2 0 495 
3 2 0 496 
3 2 0 499 
1 1 0 
1 1 0 
2 3 523 524 0 
1 1 0 
2 3 525 526 0 
1 1 0 
1 1 0 
1 1 0 
1 1 0 
2 3 530 531 0 
2 3 529 532 0 
1 1 0 
1 1 0 
1 1 0 
1 1 0 
1 1 0 
2 3 537 538 0 
2 3 536 539 0 
2 3 535 540 0 
1 1 0 
1 1 0 
1 1 0 
1 1 0 
2 3 544 545 0 
2 3 543 546 0 
2 3 542 547 0 
1 1 0 
1 1 0 
2 3 549 550 0 
2 3 548 551 0 
2 3 541 552 0 
1 1 0 
1 1 0 
2 3 554 555 0 
2 3 553 556 0 
2 3 534 557 0 
2 3 533 558 0 
2 3 528 559 0 
1 1 0 
2 3 560 561 0 
2 3 527 562 0 
3 2 0 563 
3 2 0 527 
3 2 0 525 
3 2 0 523 
3 2 0 524 
3 2 0 526 
3 2 0 562 
3 2 0 560 
3 2 0 528 
3 2 0 559 
3 2 0 533 
3 2 0 529 
3 2 0 532 
3 2 0 530 
3 2 0 531 
3 2 0 558 
3 2 0 534 
3 2 0 557 
3 2 0 553 
3 2 0 541 
3 2 0 535 
3 2 0 540 
3 2 0 536 
3 2 0 539 
3 2 0 537 
3 2 0 538 
3 2 0 552 
3 2 0 548 
3 2 0 542 
3 2 0 547 
3 2 0 543 
3 2 0 546 
3 2 0 544 
3 2 0 545 
3 2 0 551 
3 2 0 549 
3 2 0 550 
3 2 0 556 
3 2 0 554 
3 2 0 555 
3 2 0 561 
1 1 0 
1 1 0 
1 1 0 
1 1 0 
1 1 0 
1 1 0 
2 3 609 610 0 
2 3 608 611 0 
2 3 607 612 0 
1 1 0 
1 1 0 
1 1 0 
1 1 0 
1 1 0 
1 1 0 
2 3 618 619 0 
2 3 617 620 0 
1 1 0 
2 3 621 622 0 
2 3 616 623 0 
2 3 615 624 0 
1 1 0 
1 1 0 
1 1 0 
2 3 627 628 0 
2 3 626 629 0 
2 3 625 630 0 
2 3 614 631 0 
2 3 613 632 0 
2 3 606 633 0 
1 1 0 
2 3 634 635 0 
2 3 605 636 0 
3 2 0 637 
3 2 0 605 
3 2 0 636 
3 2 0 634 
3 2 0 606 
3 2 0 633 
3 2 0 613 
3 2 0 607 
3 2 0 612 
3 2 0 608 
3 2 0 611 
3 2 0 609 
3 2 0 610 
3 2 0 632 
3 2 0 614 
3 2 0 631 
3 2 0 625 
3 2 0 615 
3 2 0 624 
3 2 0 616 
3 2 0 623 
3 2 0 621 
3 2 0 617 
3 2 0 620 
3 2 0 618 
3 2 0 619 
3 2 0 622 
3 2 0 630 
3 2 0 626 
3 2 0 629 
3 2 0 627 
3 2 0 628 
3 2 0 635 
1 1 0 
1 1 0 
1 1 0 
2 3 672 673 0 
1 1 0 
2 3 674 675 0 
2 3 671 676 0 
1 1 0 
2 3 677 678 0 
3 2 0 679 
3 2 0 677 
3 2 0 671 
3 2 0 676 
3 2 0 674 
3 2 0 672 
3 2 0 673 
3 2 0 675 
3 2 0 678 
1 1 0 
1 1 0 
1 1 0 
2 3 690 691 0 
1 1 0 
1 1 0 
1 1 0 
2 3 694 695 0 
2 3 693 696 0 
2 3 692 697 0 
2 3 689 698 0 
1 1 0 
1 1 0 
1 1 0 
1 1 0 
1 1 0 
2 3 703 704 0 
1 1 0 
2 3 705 706 0 
2 3 702 707 0 
2 3 701 708 0 
2 3 700 709 0 
2 3 699 710 0 
1 1 0 
1 1 0 
2 3 712 713 0 
1 1 0 
1 1 0 
2 3 715 716 0 
1 1 0 
1 1 0 
2 3 718 719 0 
2 3 717 720 0 
1 1 0 
2 3 721 722 0 
1 1 0 
2 3 723 724 0 
1 1 0 
1 1 0 
1 1 0 
2 3 727 728 0 
2 3 726 729 0 
1 1 0 
1 1 0 
1 1 0 
2 3 732 733 0 
2 3 731 734 0 
2 3 730 735 0 
2 3 725 736 0 
2 3 714 737 0 
1 1 0 
2 3 738 739 0 
2 3 711 740 0 
3 2 0 741 
3 2 0 711 
3 2 0 699 
3 2 0 689 
3 2 0 698 
3 2 0 692 
3 2 0 690 
3 2 0 691 
3 2 0 697 
3 2 0 693 
3 2 0 696 
3 2 0 694 
3 2 0 695 
3 2 0 710 
3 2 0 700 
3 2 0 709 
3 2 0 701 
3 2 0 708 
3 2 0 702 
3 2 0 707 
3 2 0 705 
3 2 0 703 
3 2 0 704 
3 2 0 706 
3 2 0 740 
3 2 0 738 
3 2 0 714 
3 2 0 712 
3 2 0 713 
3 2 0 737 
3 2 0 725 
3 2 0 723 
3 2 0 721 
3 2 0 717 
3 2 0 715 
3 2 0 716 
3 2 0 720 
3 2 0 718 
3 2 0 719 
3 2 0 722 
3 2 0 724 
3 2 0 736 
3 2 0 730 
3 2 0 726 
3 2 0 729 
3 2 0 727 
3 2 0 728 
3 2 0 735 
3 2 0 731 
3 2 0 734 
3 2 0 732 
3 2 0 733 
3 2 0 739 
1 1 0 
1 1 0 
1 1 0 
2 3 796 797 0 
1 1 0 
2 3 798 799 0 
1 1 0 
2 3 800 801 0 
1 1 0 
1 1 0 
2 3 803 804 0 
2 3 802 805 0 
1 1 0 
2 3 806 807 0 
2 3 795 808 0 
1 1 0 
1 1 0 
1 1 0 
1 1 0 
1 1 0 
1 1 0 
2 3 814 815 0 
2 3 813 816 0 
1 1 0 
1 1 0 
1 1 0 
2 3 819 820 0 
2 3 818 821 0 
2 3 817 822 0 
1 1 0 
1 1 0 
1 1 0 
1 1 0 
2 3 826 827 0 
2 3 825 828 0 
2 3 824 829 0 
2 3 823 830 0 
2 3 812 831 0 
2 3 811 832 0 
2 3 810 833 0 
1 1 0 
2 3 834 835 0 
2 3 809 836 0 
3 2 0 837 
3 2 0 809 
3 2 0 795 
3 2 0 808 
3 2 0 806 
3 2 0 802 
3 2 0 800 
3 2 0 798 
3 2 0 796 
3 2 0 797 
3 2 0 799 
3 2 0 801 
3 2 0 805 
3 2 0 803 
3 2 0 804 
3 2 0 807 
3 2 0 836 
3 2 0 834 
3 2 0 810 
3 2 0 833 
3 2 0 811 
3 2 0 832 
3 2 0 812 
3 2 0 831 
3 2 0 823 
3 2 0 817 
3 2 0 813 
3 2 0 816 
3 2 0 814 
3 2 0 815 
3 2 0 822 
3 2 0 818 
3 2 0 821 
3 2 0 819 
3 2 0 820 
3 2 0 830 
3 2 0 824 
3 2 0 829 
3 2 0 825 
3 2 0 828 
3 2 0 826 
3 2 0 827 
3 2 0 835 
1 1 0 
1 1 0 
1 1 0 
1 1 0 
1 1 0 
1 1 0 
1 1 0 
1 1 0 
2 3 887 888 0 
2 3 886 889 0 
2 3 885 890 0 
2 3 884 891 0 
1 1 0 
2 3 892 893 0 
1 1 0 
1 1 0 
1 1 0 
2 3 896 897 0 
1 1 0 
1 1 0 
2 3 899 900 0 
1 1 0 
1 1 0 
1 1 0 
1 1 0 
2 3 904 905 0 
2 3 903 906 0 
2 3 902 907 0 
2 3 901 908 0 
2 3 898 909 0 
2 3 895 910 0 
2 3 894 911 0 
2 3 883 912 0 
2 3 882 913 0 
1 1 0 
2 3 914 915 0 
2 3 881 916 0 
3 2 0 917 
3 2 0 881 
3 2 0 916 
3 2 0 914 
3 2 0 882 
3 2 0 913 
3 2 0 883 
3 2 0 912 
3 2 0 894 
3 2 0 892 
3 2 0 884 
3 2 0 891 
3 2 0 885 
3 2 0 890 
3 2 0 886 
3 2 0 889 
3 2 0 887 
3 2 0 888 
3 2 0 893 
3 2 0 911 
3 2 0 895 
3 2 0 910 
3 2 0 898 
3 2 0 896 
3 2 0 897 
3 2 0 909 
3 2 0 901 
3 2 0 899 
3 2 0 900 
3 2 0 908 
3 2 0 902 
3 2 0 907 
3 2 0 903 
3 2 0 906 
3 2 0 904 
3 2 0 905 
3 2 0 915 
1 1 0 
1 1 0 
1 1 0 
2 3 956 957 0 
1 1 0 
1 1 0 
1 1 0 
1 1 0 
1 1 0 
2 3 962 963 0 
2 3 961 964 0 
2 3 960 965 0 
2 3 959 966 0 
2 3 958 967 0 
1 1 0 
2 3 968 969 0 
2 3 955 970 0 
3 2 0 971 
3 2 0 955 
3 2 0 970 
3 2 0 968 
3 2 0 958 
3 2 0 956 
3 2 0 957 
3 2 0 967 
3 2 0 959 
3 2 0 966 
3 2 0 960 
3 2 0 965 
3 2 0 961 
3 2 0 964 
3 2 0 962 
3 2 0 963 
3 2 0 969 
1 1 0 
1 1 0 
1 1 0 
1 1 0 
1 1 0 
1 1 0 
2 3 993 994 0 
2 3 992 995 0 
2 3 991 996 0 
2 3 990 997 0 
1 1 0 
2 3 998 999 0 
2 3 989 1000 0 
3 2 0 1001 
3 2 0 989 
3 2 0 1000 
3 2 0 998 
3 2 0 990 
3 2 0 997 
3 2 0 991 
3 2 0 996 
3 2 0 992 
3 2 0 995 
3 2 0 993 
3 2 0 994 
3 2 0 999 
1 1 0 
1 1 0 
1 1 0 
1 1 0 
2 3 1017 1018 0 
1 1 0 
1 1 0 
1 1 0 
1 1 0 
1 1 0 
2 3 1023 1024 0 
2 3 1022 1025 0 
2 3 1021 1026 0 
2 3 1020 1027 0 
2 3 1019 1028 0 
2 3 1016 1029 0 
2 3 1015 1030 0 
1 1 0 
1 1 0 
1 1 0 
1 1 0 
2 3 1034 1035 0 
2 3 1033 1036 0 
1 1 0 
2 3 1037 1038 0 
1 1 0 
1 1 0 
2 3 1040 1041 0 
1 1 0 
2 3 1042 1043 0 
1 1 0 
1 1 0 
2 3 1045 1046 0 
2 3 1044 1047 0 
2 3 1039 1048 0 
2 3 1032 1049 0 
1 1 0 
2 3 1050 1051 0 
2 3 1031 1052 0 
3 2 0 1053 
3 2 0 1031 
3 2 0 1015 
3 2 0 1030 
3 2 0 1016 
3 2 0 1029 
3 2 0 1019 
3 2 0 1017 
3 2 0 1018 
3 2 0 1028 
3 2 0 1020 
3 2 0 1027 
3 2 0 1021 
3 2 0 1026 
3 2 0 1022 
3 2 0 1025 
3 2 0 1023 
3 2 0 1024 
3 2 0 1052 
3 2 0 1050 
3 2 0 1032 
3 2 0 1049 
3 2 0 1039 
3 2 0 1037 
3 2 0 1033 
3 2 0 1036 
3 2 0 1034 
3 2 0 1035 
3 2 0 1038 
3 2 0 1048 
3 2 0 1044 
3 2 0 1042 
3 2 0 1040 
3 2 0 1041 
3 2 0 1043 
3 2 0 1047 
3 2 0 1045 
3 2 0 1046 
3 2 0 1051 
1 1 0 
1 1 0 
1 1 0 
2 3 1094 1095 0 
2 3 1093 1096 0 
1 1 0 
1 1 0 
1 1 0 
1 1 0 
1 1 0 
1 1 0 
1 1 0 
1 1 0 
1 1 0 
2 3 1105 1106 0 
2 3 1104 1107 0 
2 3 1103 1108 0 
1 1 0 
2 3 1109 1110 0 
2 3 1102 1111 0 
1 1 0 
1 1 0 
1 1 0 
2 3 1114 1115 0 
2 3 1113 1116 0 
2 3 1112 1117 0 
2 3 1101 1118 0 
2 3 1100 1119 0 
2 3 1099 1120 0 
2 3 1098 1121 0 
1 1 0 
2 3 1122 1123 0 
2 3 1097 1124 0 
3 2 0 1125 
3 2 0 1097 
3 2 0 1093 
3 2 0 1096 
3 2 0 1094 
3 2 0 1095 
3 2 0 1124 
3 2 0 1122 
3 2 0 1098 
3 2 0 1121 
3 2 0 1099 
3 2 0 1120 
3 2 0 1100 
3 2 0 1119 
3 2 0 1101 
3 2 0 1118 
3 2 0 1112 
3 2 0 1102 
3 2 0 1111 
3 2 0 1109 
3 2 0 1103 
3 2 0 1108 
3 2 0 1104 
3 2 0 1107 
3 2 0 1105 
3 2 0 1106 
3 2 0 1110 
3 2 0 1117 
3 2 0 1113 
3 2 0 1116 
3 2 0 1114 
3 2 0 1115 
3 2 0 1123 
1 1 0 
1 1 0 
1 1 0 
2 3 1160 1161 0 
1 1 0 
1 1 0 
2 3 1163 1164 0 
2 3 1162 1165 0 
1 1 0 
1 1 0 
1 1 0 
2 3 1168 1169 0 
2 3 1167 1170 0 
2 3 1166 1171 0 
1 1 0 
2 3 1172 1173 0 
2 3 1159 1174 0 
3 2 0 1175 
3 2 0 1159 
3 2 0 1174 
3 2 0 1172 
3 2 0 1166 
3 2 0 1162 
3 2 0 1160 
3 2 0 1161 
3 2 0 1165 
3 2 0 1163 
3 2 0 1164 
3 2 0 1171 
3 2 0 1167 
3 2 0 1170 
3 2 0 1168 
3 2 0 1169 
3 2 0 1173 
1 1 0 
1 1 0 
1 1 0 
2 3 1194 1195 0 
2 3 1193 1196 0 
1 1 0 
1 1 0 
1 1 0 
2 3 1199 1200 0 
1 1 0 
1 1 0 
2 3 1202 1203 0 
1 1 0 
1 1 0 
2 3 1205 1206 0 
2 3 1204 1207 0 
1 1 0 
2 3 1208 1209 0 
1 1 0 
1 1 0 
2 3 1211 1212 0 
2 3 1210 1213 0 
1 1 0 
1 1 0 
1 1 0 
2 3 1216 1217 0 
1 1 0 
2 3 1218 1219 0 
2 3 1215 1220 0 
2 3 1214 1221 0 
2 3 1201 1222 0 
2 3 1198 1223 0 
2 3 1197 1224 0 
1 1 0 
1 1 0 
2 3 1226 1227 0 
2 3 1225 1228 0 
3 2 0 1229 
3 2 0 1225 
3 2 0 1197 
3 2 0 1193 
3 2 0 1196 
3 2 0 1194 
3 2 0 1195 
3 2 0 1224 
3 2 0 1198 
3 2 0 1223 
3 2 0 1201 
3 2 0 1199 
3 2 0 1200 
3 2 0 1222 
3 2 0 1214 
3 2 0 1210 
3 2 0 1208 
3 2 0 1204 
3 2 0 1202 
3 2 0 1203 
3 2 0 1207 
3 2 0 1205 
3 2 0 1206 
3 2 0 1209 
3 2 0 1213 
3 2 0 1211 
3 2 0 1212 
3 2 0 1221 
3 2 0 1215 
3 2 0 1220 
3 2 0 1218 
3 2 0 1216 
3 2 0 1217 
3 2 0 1219 
3 2 0 1228 
3 2 0 1226 
3 2 0 1227 
1 1 0 
1 1 0 
2 3 1267 1268 0 
1 1 0 
2 3 1269 1270 0 
1 1 0 
1 1 0 
2 3 1272 1273 0 
1 1 0 
1 1 0 
2 3 1275 1276 0 
1 1 0 
2 3 1277 1278 0 
2 3 1274 1279 0 
2 3 1271 1280 0 
1 1 0 
1 1 0 
1 1 0 
1 1 0 
2 3 1284 1285 0 
2 3 1283 1286 0 
2 3 1282 1287 0 
2 3 1281 1288 0 
1 1 0 
2 3 1289 1290 0 
3 2 0 1291 
3 2 0 1289 
3 2 0 1281 
3 2 0 1271 
3 2 0 1269 
3 2 0 1267 
3 2 0 1268 
3 2 0 1270 
3 2 0 1280 
3 2 0 1274 
3 2 0 1272 
3 2 0 1273 
3 2 0 1279 
3 2 0 1277 
3 2 0 1275 
3 2 0 1276 
3 2 0 1278 
3 2 0 1288 
3 2 0 1282 
3 2 0 1287 
3 2 0 1283 
3 2 0 1286 
3 2 0 1284 
3 2 0 1285 
3 2 0 1290 
1 1 0 
1 1 0 
1 1 0 
2 3 1318 1319 0 
1 1 0 
1 1 0 
1 1 0 
2 3 1322 1323 0 
2 3 1321 1324 0 
1 1 0 
2 3 1325 1326 0 
1 1 0 
1 1 0 
2 3 1328 1329 0 
2 3 1327 1330 0 
2 3 1320 1331 0 
2 3 1317 1332 0 
1 1 0 
2 3 1333 1334 0 
1 1 0 
1 1 0 
1 1 0 
1 1 0 
2 3 1338 1339 0 
1 1 0 
2 3 1340 1341 0 
2 3 1337 1342 0 
1 1 0 
2 3 1343 1344 0 
1 1 0 
1 1 0 
2 3 1346 1347 0 
2 3 1345 1348 0 
2 3 1336 1349 0 
2 3 1335 1350 0 
1 1 0 
2 3 1351 1352 0 
3 2 0 1353 
3 2 0 1351 
3 2 0 1335 
3 2 0 1333 
3 2 0 1317 
3 2 0 1332 
3 2 0 1320 
3 2 0 1318 
3 2 0 1319 
3 2 0 1331 
3 2 0 1327 
3 2 0 1325 
3 2 0 1321 
3 2 0 1324 
3 2 0 1322 
3 2 0 1323 
3 2 0 1326 
3 2 0 1330 
3 2 0 1328 
3 2 0 1329 
3 2 0 1334 
3 2 0 1350 
3 2 0 1336 
3 2 0 1349 
3 2 0 1345 
3 2 0 1343 
3 2 0 1337 
3 2 0 1342 
3 2 0 1340 
3 2 0 1338 
3 2 0 1339 
3 2 0 1341 
3 2 0 1344 
3 2 0 1348 
3 2 0 1346 
3 2 0 1347 
3 2 0 1352 
1 1 0 
1 1 0 
1 1 0 
1 1 0 
1 1 0 
2 3 1394 1395 0 
1 1 0 
1 1 0 
1 1 0 
2 3 1398 1399 0 
2 3 1397 1400 0 
2 3 1396 1401 0 
1 1 0 
2 3 1402 1403 0 
1 1 0 
1 1 0 
2 3 1405 1406 0 
2 3 1404 1407 0 
2 3 1393 1408 0 
2 3 1392 1409 0 
1 1 0 
1 1 0 
1 1 0 
2 3 1412 1413 0 
2 3 1411 1414 0 
1 1 0 
2 3 1415 1416 0 
2 3 1410 1417 0 
2 3 1391 1418 0 
3 2 0 1419 
3 2 0 1391 
3 2 0 1418 
3 2 0 1410 
3 2 0 1392 
3 2 0 1409 
3 2 0 1393 
3 2 0 1408 
3 2 0 1404 
3 2 0 1402 
3 2 0 1396 
3 2 0 1394 
3 2 0 1395 
3 2 0 1401 
3 2 0 1397 
3 2 0 1400 
3 2 0 1398 
3 2 0 1399 
3 2 0 1403 
3 2 0 1407 
3 2 0 1405 
3 2 0 1406 
3 2 0 1417 
3 2 0 1415 
3 2 0 1411 
3 2 0 1414 
3 2 0 1412 
3 2 0 1413 
3 2 0 1416 
1 1 0 
1 1 0 
1 1 0 
2 3 1450 1451 0 
1 1 0 
1 1 0 
1 1 0 
2 3 1454 1455 0 
2 3 1453 1456 0 
2 3 1452 1457 0 
2 3 1449 1458 0 
1 1 0 
2 3 1459 1460 0 
1 1 0 
2 3 1461 1462 0 
1 1 0 
1 1 0 
1 1 0 
2 3 1465 1466 0 
1 1 0 
1 1 0 
1 1 0 
2 3 1469 1470 0 
2 3 1468 1471 0 
1 1 0 
1 1 0 
1 1 0 
1 1 0 
1 1 0 
1 1 0 
1 1 0 
2 3 1478 1479 0 
2 3 1477 1480 0 
2 3 1476 1481 0 
2 3 1475 1482 0 
2 3 1474 1483 0 
2 3 1473 1484 0 
2 3 1472 1485 0 
2 3 1467 1486 0 
2 3 1464 1487 0 
2 3 1463 1488 0 
1 1 0 
2 3 1489 1490 0 
3 2 0 1491 
3 2 0 1489 
3 2 0 1463 
3 2 0 1461 
3 2 0 1459 
3 2 0 1449 
3 2 0 1458 
3 2 0 1452 
3 2 0 1450 
3 2 0 1451 
3 2 0 1457 
3 2 0 1453 
3 2 0 1456 
3 2 0 1454 
3 2 0 1455 
3 2 0 1460 
3 2 0 1462 
3 2 0 1488 
3 2 0 1464 
3 2 0 1487 
3 2 0 1467 
3 2 0 1465 
3 2 0 1466 
3 2 0 1486 
3 2 0 1472 
3 2 0 1468 
3 2 0 1471 
3 2 0 1469 
3 2 0 1470 
3 2 0 1485 
3 2 0 1473 
3 2 0 1484 
3 2 0 1474 
3 2 0 1483 
3 2 0 1475 
3 2 0 1482 
3 2 0 1476 
3 2 0 1481 
3 2 0 1477 
3 2 0 1480 
3 2 0 1478 
3 2 0 1479 
3 2 0 1490 
1 1 0 
1 1 0 
1 1 0 
2 3 1536 1537 0 
2 3 1535 1538 0 
1 1 0 
2 3 1539 1540 0 
1 1 0 
1 1 0 
1 1 0 
1 1 0 
1 1 0 
1 1 0 
2 3 1546 1547 0 
2 3 1545 1548 0 
2 3 1544 1549 0 
2 3 1543 1550 0 
2 3 1542 1551 0 
1 1 0 
2 3 1552 1553 0 
2 3 1541 1554 0 
3 2 0 1555 
3 2 0 1541 
3 2 0 1539 
3 2 0 1535 
3 2 0 1538 
3 2 0 1536 
3 2 0 1537 
3 2 0 1540 
3 2 0 1554 
3 2 0 1552 
3 2 0 1542 
3 2 0 1551 
3 2 0 1543 
3 2 0 1550 
3 2 0 1544 
3 2 0 1549 
3 2 0 1545 
3 2 0 1548 
3 2 0 1546 
3 2 0 1547 
3 2 0 1553 
1 1 0 
1 1 0 
2 3 1577 1578 0 
1 1 0 
2 3 1579 1580 0 
1 1 0 
2 3 1581 1582 0 
1 1 0 
1 1 0 
1 1 0 
1 1 0 
1 1 0 
1 1 0 
2 3 1588 1589 0 
2 3 1587 1590 0 
2 3 1586 1591 0 
2 3 1585 1592 0 
2 3 1584 1593 0 
2 3 1583 1594 0 
1 1 0 
2 3 1595 1596 0 
3 2 0 1597 
3 2 0 1595 
3 2 0 1583 
3 2 0 1581 
3 2 0 1579 
3 2 0 1577 
3 2 0 1578 
3 2 0 1580 
3 2 0 1582 
3 2 0 1594 
3 2 0 1584 
3 2 0 1593 
3 2 0 1585 
3 2 0 1592 
3 2 0 1586 
3 2 0 1591 
3 2 0 1587 
3 2 0 1590 
3 2 0 1588 
3 2 0 1589 
3 2 0 1596 
1 1 0 
1 1 0 
2 3 1619 1620 0 
1 1 0 
1 1 0 
2 3 1622 1623 0 
1 1 0 
1 1 0 
1 1 0 
2 3 1626 1627 0 
2 3 1625 1628 0 
1 1 0 
1 1 0 
2 3 1630 1631 0 
2 3 1629 1632 0 
2 3 1624 1633 0 
1 1 0 
2 3 1634 1635 0 
2 3 1621 1636 0 
3 2 0 1637 
3 2 0 1621 
3 2 0 1619 
3 2 0 1620 
3 2 0 1636 
3 2 0 1634 
3 2 0 1624 
3 2 0 1622 
3 2 0 1623 
3 2 0 1633 
3 2 0 1629 
3 2 0 1625 
3 2 0 1628 
3 2 0 1626 
3 2 0 1627 
3 2 0 1632 
3 2 0 1630 
3 2 0 1631 
3 2 0 1635 
1 1 0 
1 1 0 
2 3 1657 1658 0 
1 1 0 
1 1 0 
1 1 0 
1 1 0 
1 1 0 
2 3 1663 1664 0 
1 1 0 
1 1 0 
2 3 1666 1667 0 
2 3 1665 1668 0 
2 3 1662 1669 0 
1 1 0 
2 3 1670 1671 0 
2 3 1661 1672 0 
2 3 1660 1673 0 
2 3 1659 1674 0 
3 2 0 1675 
3 2 0 1659 
3 2 0 1657 
3 2 0 1658 
3 2 0 1674 
3 2 0 1660 
3 2 0 1673 
3 2 0 1661 
3 2 0 1672 
3 2 0 1670 
3 2 0 1662 
3 2 0 1669 
3 2 0 1665 
3 2 0 1663 
3 2 0 1664 
3 2 0 1668 
3 2 0 1666 
3 2 0 1667 
3 2 0 1671 
1 1 0 
1 1 0 
1 1 0 
1 1 0 
1 1 0 
1 1 0 
2 3 1699 1700 0 
1 1 0 
2 3 1701 1702 0 
1 1 0 
2 3 1703 1704 0 
1 1 0 
1 1 0 
2 3 1706 1707 0 
1 1 0 
2 3 1708 1709 0 
2 3 1705 1710 0 
1 1 0 
2 3 1711 1712 0 
1 1 0 
2 3 1713 1714 0 
1 1 0 
1 1 0 
2 3 1716 1717 0 
1 1 0 
2 3 1718 1719 0 
2 3 1715 1720 0 
2 3 1698 1721 0 
2 3 1697 1722 0 
2 3 1696 1723 0 
2 3 1695 1724 0 
1 1 0 
1 1 0 
1 1 0 
1 1 0 
2 3 1728 1729 0 
2 3 1727 1730 0 
1 1 0 
1 1 0 
1 1 0 
2 3 1733 1734 0 
1 1 0 
2 3 1735 1736 0 
2 3 1732 1737 0 
2 3 1731 1738 0 
1 1 0 
1 1 0 
1 1 0 
2 3 1741 1742 0 
1 1 0 
1 1 0 
1 1 0 
2 3 1745 1746 0 
1 1 0 
1 1 0 
1 1 0 
2 3 1749 1750 0 
2 3 1748 1751 0 
2 3 1747 1752 0 
2 3 1744 1753 0 
2 3 1743 1754 0 
2 3 1740 1755 0 
1 1 0 
2 3 1756 1757 0 
2 3 1739 1758 0 
2 3 1726 1759 0 
2 3 1725 1760 0 
3 2 0 1761 
3 2 0 1725 
3 2 0 1695 
3 2 0 1724 
3 2 0 1696 
3 2 0 1723 
3 2 0 1697 
3 2 0 1722 
3 2 0 1698 
3 2 0 1721 
3 2 0 1715 
3 2 0 1713 
3 2 0 1711 
3 2 0 1705 
3 2 0 1703 
3 2 0 1701 
3 2 0 1699 
3 2 0 1700 
3 2 0 1702 
3 2 0 1704 
3 2 0 1710 
3 2 0 1708 
3 2 0 1706 
3 2 0 1707 
3 2 0 1709 
3 2 0 1712 
3 2 0 1714 
3 2 0 1720 
3 2 0 1718 
3 2 0 1716 
3 2 0 1717 
3 2 0 1719 
3 2 0 1760 
3 2 0 1726 
3 2 0 1759 
3 2 0 1739 
3 2 0 1731 
3 2 0 1727 
3 2 0 1730 
3 2 0 1728 
3 2 0 1729 
3 2 0 1738 
3 2 0 1732 
3 2 0 1737 
3 2 0 1735 
3 2 0 1733 
3 2 0 1734 
3 2 0 1736 
3 2 0 1758 
3 2 0 1756 
3 2 0 1740 
3 2 0 1755 
3 2 0 1743 
3 2 0 1741 
3 2 0 1742 
3 2 0 1754 
3 2 0 1744 
3 2 0 1753 
3 2 0 1747 
3 2 0 1745 
3 2 0 1746 
3 2 0 1752 
3 2 0 1748 
3 2 0 1751 
3 2 0 1749 
3 2 0 1750 
3 2 0 1757 
1 1 0 
1 1 0 
2 3 1829 1830 0 
1 1 0 
1 1 0 
1 1 0 
2 3 1833 1834 0 
1 1 0 
2 3 1835 1836 0 
1 1 0 
1 1 0 
1 1 0 
1 1 0 
2 3 1840 1841 0 
2 3 1839 1842 0 
2 3 1838 1843 0 
2 3 1837 1844 0 
2 3 1832 1845 0 
2 3 1831 1846 0 
1 1 0 
1 1 0 
1 1 0 
1 1 0 
1 1 0 
1 1 0 
1 1 0 
1 1 0 
2 3 1854 1855 0 
2 3 1853 1856 0 
1 1 0 
1 1 0 
1 1 0 
1 1 0 
2 3 1860 1861 0 
1 1 0 
1 1 0 
2 3 1863 1864 0 
2 3 1862 1865 0 
2 3 1859 1866 0 
2 3 1858 1867 0 
2 3 1857 1868 0 
2 3 1852 1869 0 
2 3 1851 1870 0 
2 3 1850 1871 0 
2 3 1849 1872 0 
1 1 0 
2 3 1873 1874 0 
2 3 1848 1875 0 
2 3 1847 1876 0 
3 2 0 1877 
3 2 0 1847 
3 2 0 1831 
3 2 0 1829 
3 2 0 1830 
3 2 0 1846 
3 2 0 1832 
3 2 0 1845 
3 2 0 1837 
3 2 0 1835 
3 2 0 1833 
3 2 0 1834 
3 2 0 1836 
3 2 0 1844 
3 2 0 1838 
3 2 0 1843 
3 2 0 1839 
3 2 0 1842 
3 2 0 1840 
3 2 0 1841 
3 2 0 1876 
3 2 0 1848 
3 2 0 1875 
3 2 0 1873 
3 2 0 1849 
3 2 0 1872 
3 2 0 1850 
3 2 0 1871 
3 2 0 1851 
3 2 0 1870 
3 2 0 1852 
3 2 0 1869 
3 2 0 1857 
3 2 0 1853 
3 2 0 1856 
3 2 0 1854 
3 2 0 1855 
3 2 0 1868 
3 2 0 1858 
3 2 0 1867 
3 2 0 1859 
3 2 0 1866 
3 2 0 1862 
3 2 0 1860 
3 2 0 1861 
3 2 0 1865 
3 2 0 1863 
3 2 0 1864 
3 2 0 1874 
1 1 0 
1 1 0 
2 3 1927 1928 0 
1 1 0 
1 1 0 
1 1 0 
1 1 0 
1 1 0 
1 1 0 
2 3 1934 1935 0 
2 3 1933 1936 0 
2 3 1932 1937 0 
2 3 1931 1938 0 
2 3 1930 1939 0 
2 3 1929 1940 0 
1 1 0 
1 1 0 
1 1 0 
2 3 1943 1944 0 
2 3 1942 1945 0 
1 1 0 
2 3 1946 1947 0 
2 3 1941 1948 0 
3 2 0 1949 
3 2 0 1941 
3 2 0 1929 
3 2 0 1927 
3 2 0 1928 
3 2 0 1940 
3 2 0 1930 
3 2 0 1939 
3 2 0 1931 
3 2 0 1938 
3 2 0 1932 
3 2 0 1937 
3 2 0 1933 
3 2 0 1936 
3 2 0 1934 
3 2 0 1935 
3 2 0 1948 
3 2 0 1946 
3 2 0 1942 
3 2 0 1945 
3 2 0 1943 
3 2 0 1944 
3 2 0 1947 
1 1 0 
1 1 0 
1 1 0 
1 1 0 
1 1 0 
2 3 1976 1977 0 
2 3 1975 1978 0 
1 1 0 
1 1 0 
1 1 0 
2 3 1981 1982 0 
2 3 1980 1983 0 
2 3 1979 1984 0 
2 3 1974 1985 0 
2 3 1973 1986 0 
1 1 0 
1 1 0 
1 1 0 
1 1 0 
1 1 0 
2 3 1991 1992 0 
2 3 1990 1993 0 
2 3 1989 1994 0 
1 1 0 
1 1 0 
1 1 0 
1 1 0 
1 1 0 
1 1 0 
2 3 2000 2001 0 
2 3 1999 2002 0 
2 3 1998 2003 0 
2 3 1997 2004 0 
2 3 1996 2005 0 
1 1 0 
2 3 2006 2007 0 
2 3 1995 2008 0 
2 3 1988 2009 0 
2 3 1987 2010 0 
3 2 0 2011 
3 2 0 1987 
3 2 0 1973 
3 2 0 1986 
3 2 0 1974 
3 2 0 1985 
3 2 0 1979 
3 2 0 1975 
3 2 0 1978 
3 2 0 1976 
3 2 0 1977 
3 2 0 1984 
3 2 0 1980 
3 2 0 1983 
3 2 0 1981 
3 2 0 1982 
3 2 0 2010 
3 2 0 1988 
3 2 0 2009 
3 2 0 1995 
3 2 0 1989 
3 2 0 1994 
3 2 0 1990 
3 2 0 1993 
3 2 0 1991 
3 2 0 1992 
3 2 0 2008 
3 2 0 2006 
3 2 0 1996 
3 2 0 2005 
3 2 0 1997 
3 2 0 2004 
3 2 0 1998 
3 2 0 2003 
3 2 0 1999 
3 2 0 2002 
3 2 0 2000 
3 2 0 2001 
3 2 0 2007 
1 1 0 
1 1 0 
1 1 0 
1 1 0 
2 3 2053 2054 0 
1 1 0 
1 1 0 
2 3 2056 2057 0 
2 3 2055 2058 0 
2 3 2052 2059 0 
1 1 0 
1 1 0 
1 1 0 
2 3 2062 2063 0 
1 1 0 
1 1 0 
1 1 0 
2 3 2066 2067 0 
2 3 2065 2068 0 
2 3 2064 2069 0 
2 3 2061 2070 0 
2 3 2060 2071 0 
2 3 2051 2072 0 
1 1 0 
1 1 0 
1 1 0 
1 1 0 
1 1 0 
2 3 2077 2078 0 
1 1 0 
2 3 2079 2080 0 
1 1 0 
2 3 2081 2082 0 
1 1 0 
1 1 0 
1 1 0 
1 1 0 
2 3 2086 2087 0 
1 1 0 
1 1 0 
2 3 2089 2090 0 
2 3 2088 2091 0 
2 3 2085 2092 0 
2 3 2084 2093 0 
2 3 2083 2094 0 
2 3 2076 2095 0 
1 1 0 
2 3 2096 2097 0 
2 3 2075 2098 0 
2 3 2074 2099 0 
2 3 2073 2100 0 
3 2 0 2101 
3 2 0 2073 
3 2 0 2051 
3 2 0 2072 
3 2 0 2060 
3 2 0 2052 
3 2 0 2059 
3 2 0 2055 
3 2 0 2053 
3 2 0 2054 
3 2 0 2058 
3 2 0 2056 
3 2 0 2057 
3 2 0 2071 
3 2 0 2061 
3 2 0 2070 
3 2 0 2064 
3 2 0 2062 
3 2 0 2063 
3 2 0 2069 
3 2 0 2065 
3 2 0 2068 
3 2 0 2066 
3 2 0 2067 
3 2 0 2100 
3 2 0 2074 
3 2 0 2099 
3 2 0 2075 
3 2 0 2098 
3 2 0 2096 
3 2 0 2076 
3 2 0 2095 
3 2 0 2083 
3 2 0 2081 
3 2 0 2079 
3 2 0 2077 
3 2 0 2078 
3 2 0 2080 
3 2 0 2082 
3 2 0 2094 
3 2 0 2084 
3 2 0 2093 
3 2 0 2085 
3 2 0 2092 
3 2 0 2088 
3 2 0 2086 
3 2 0 2087 
3 2 0 2091 
3 2 0 2089 
3 2 0 2090 
3 2 0 2097 
1 1 0 
1 1 0 
1 1 0 
1 1 0 
1 1 0 
2 3 2156 2157 0 
1 1 0 
1 1 0 
2 3 2159 2160 0 
2 3 2158 2161 0 
1 1 0 
2 3 2162 2163 0 
1 1 0 
2 3 2164 2165 0 
1 1 0 
1 1 0 
2 3 2167 2168 0 
1 1 0 
1 1 0 
1 1 0 
2 3 2171 2172 0 
1 1 0 
1 1 0 
2 3 2174 2175 0 
1 1 0 
2 3 2176 2177 0 
2 3 2173 2178 0 
2 3 2170 2179 0 
2 3 2169 2180 0 
2 3 2166 2181 0 
2 3 2155 2182 0 
2 3 2154 2183 0 
1 1 0 
2 3 2184 2185 0 
2 3 2153 2186 0 
3 2 0 2187 
3 2 0 2153 
3 2 0 2186 
3 2 0 2184 
3 2 0 2154 
3 2 0 2183 
3 2 0 2155 
3 2 0 2182 
3 2 0 2166 
3 2 0 2164 
3 2 0 2162 
3 2 0 2158 
3 2 0 2156 
3 2 0 2157 
3 2 0 2161 
3 2 0 2159 
3 2 0 2160 
3 2 0 2163 
3 2 0 2165 
3 2 0 2181 
3 2 0 2169 
3 2 0 2167 
3 2 0 2168 
3 2 0 2180 
3 2 0 2170 
3 2 0 2179 
3 2 0 2173 
3 2 0 2171 
3 2 0 2172 
3 2 0 2178 
3 2 0 2176 
3 2 0 2174 
3 2 0 2175 
3 2 0 2177 
3 2 0 2185 
1 1 0 
1 1 0 
2 3 2223 2224 0 
1 1 0 
1 1 0 
2 3 2226 2227 0 
2 3 2225 2228 0 
1 1 0 
1 1 0 
1 1 0 
1 1 0 
2 3 2232 2233 0 
1 1 0 
2 3 2234 2235 0 
1 1 0 
1 1 0 
1 1 0 
1 1 0 
1 1 0 
1 1 0 
2 3 2241 2242 0 
2 3 2240 2243 0 
2 3 2239 2244 0 
1 1 0 
2 3 2245 2246 0 
2 3 2238 2247 0 
1 1 0 
1 1 0 
1 1 0 
2 3 2250 2251 0 
1 1 0 
1 1 0 
1 1 0 
1 1 0 
1 1 0 
1 1 0 
2 3 2257 2258 0 
2 3 2256 2259 0 
2 3 2255 2260 0 
2 3 2254 2261 0 
2 3 2253 2262 0 
2 3 2252 2263 0 
2 3 2249 2264 0 
2 3 2248 2265 0 
2 3 2237 2266 0 
2 3 2236 2267 0 
2 3 2231 2268 0 
2 3 2230 2269 0 
1 1 0 
2 3 2270 2271 0 
2 3 2229 2272 0 
3 2 0 2273 
3 2 0 2229 
3 2 0 2225 
3 2 0 2223 
3 2 0 2224 
3 2 0 2228 
3 2 0 2226 
3 2 0 2227 
3 2 0 2272 
3 2 0 2270 
3 2 0 2230 
3 2 0 2269 
3 2 0 2231 
3 2 0 2268 
3 2 0 2236 
3 2 0 2234 
3 2 0 2232 
3 2 0 2233 
3 2 0 2235 
3 2 0 2267 
3 2 0 2237 
3 2 0 2266 
3 2 0 2248 
3 2 0 2238 
3 2 0 2247 
3 2 0 2245 
3 2 0 2239 
3 2 0 2244 
3 2 0 2240 
3 2 0 2243 
3 2 0 2241 
3 2 0 2242 
3 2 0 2246 
3 2 0 2265 
3 2 0 2249 
3 2 0 2264 
3 2 0 2252 
3 2 0 2250 
3 2 0 2251 
3 2 0 2263 
3 2 0 2253 
3 2 0 2262 
3 2 0 2254 
3 2 0 2261 
3 2 0 2255 
3 2 0 2260 
3 2 0 2256 
3 2 0 2259 
3 2 0 2257 
3 2 0 2258 
3 2 0 2271 
1 1 0 
1 1 0 
1 1 0 
2 3 2326 2327 0 
2 3 2325 2328 0 
1 1 0 
1 1 0 
2 3 2330 2331 0 
2 3 2329 2332 0 
1 1 0 
2 3 2333 2334 0 
3 2 0 2335 
3 2 0 2333 
3 2 0 2329 
3 2 0 2325 
3 2 0 2328 
3 2 0 2326 
3 2 0 2327 
3 2 0 2332 
3 2 0 2330 
3 2 0 2331 
3 2 0 2334 
1 1 0 
1 1 0 
2 3 2347 2348 0 
1 1 0 
1 1 0 
1 1 0 
1 1 0 
2 3 2352 2353 0 
2 3 2351 2354 0 
2 3 2350 2355 0 
2 3 2349 2356 0 
1 1 0 
2 3 2357 2358 0 
1 1 0 
1 1 0 
1 1 0 
1 1 0 
1 1 0 
1 1 0 
2 3 2364 2365 0 
2 3 2363 2366 0 
2 3 2362 2367 0 
2 3 2361 2368 0 
2 3 2360 2369 0 
2 3 2359 2370 0 
1 1 0 
2 3 2371 2372 0 
3 2 0 2373 
3 2 0 2371 
3 2 0 2359 
3 2 0 2357 
3 2 0 2349 
3 2 0 2347 
3 2 0 2348 
3 2 0 2356 
3 2 0 2350 
3 2 0 2355 
3 2 0 2351 
3 2 0 2354 
3 2 0 2352 
3 2 0 2353 
3 2 0 2358 
3 2 0 2370 
3 2 0 2360 
3 2 0 2369 
3 2 0 2361 
3 2 0 2368 
3 2 0 2362 
3 2 0 2367 
3 2 0 2363 
3 2 0 2366 
3 2 0 2364 
3 2 0 2365 
3 2 0 2372 
1 1 0 
1 1 0 
1 1 0 
1 1 0 
1 1 0 
1 1 0 
2 3 2405 2406 0 
2 3 2404 2407 0 
1 1 0 
1 1 0 
1 1 0 
1 1 0 
1 1 0 
1 1 0 
2 3 2413 2414 0 
2 3 2412 2415 0 
1 1 0 
1 1 0 
1 1 0 
2 3 2418 2419 0 
2 3 2417 2420 0 
2 3 2416 2421 0 
2 3 2411 2422 0 
2 3 2410 2423 0 
2 3 2409 2424 0 
2 3 2408 2425 0 
2 3 2403 2426 0 
2 3 2402 2427 0 
1 1 0 
2 3 2428 2429 0 
2 3 2401 2430 0 
3 2 0 2431 
3 2 0 2401 
3 2 0 2430 
3 2 0 2428 
3 2 0 2402 
3 2 0 2427 
3 2 0 2403 
3 2 0 2426 
3 2 0 2408 
3 2 0 2404 
3 2 0 2407 
3 2 0 2405 
3 2 0 2406 
3 2 0 2425 
3 2 0 2409 
3 2 0 2424 
3 2 0 2410 
3 2 0 2423 
3 2 0 2411 
3 2 0 2422 
3 2 0 2416 
3 2 0 2412 
3 2 0 2415 
3 2 0 2413 
3 2 0 2414 
3 2 0 2421 
3 2 0 2417 
3 2 0 2420 
3 2 0 2418 
3 2 0 2419 
3 2 0 2429 
1 1 0 
1 1 0 
2 3 2463 2464 0 
1 1 0 
1 1 0 
1 1 0 
2 3 2467 2468 0 
1 1 0 
2 3 2469 2470 0 
2 3 2466 2471 0 
2 3 2465 2472 0 
1 1 0 
1 1 0 
1 1 0 
2 3 2475 2476 0 
1 1 0 
2 3 2477 2478 0 
1 1 0 
1 1 0 
2 3 2480 2481 0 
2 3 2479 2482 0 
1 1 0 
1 1 0 
2 3 2484 2485 0 
2 3 2483 2486 0 
1 1 0 
2 3 2487 2488 0 
2 3 2474 2489 0 
2 3 2473 2490 0 
3 2 0 2491 
3 2 0 2473 
3 2 0 2465 
3 2 0 2463 
3 2 0 2464 
3 2 0 2472 
3 2 0 2466 
3 2 0 2471 
3 2 0 2469 
3 2 0 2467 
3 2 0 2468 
3 2 0 2470 
3 2 0 2490 
3 2 0 2474 
3 2 0 2489 
3 2 0 2487 
3 2 0 2483 
3 2 0 2479 
3 2 0 2477 
3 2 0 2475 
3 2 0 2476 
3 2 0 2478 
3 2 0 2482 
3 2 0 2480 
3 2 0 2481 
3 2 0 2486 
3 2 0 2484 
3 2 0 2485 
3 2 0 2488 
1 1 0 
1 1 0 
1 1 0 
1 1 0 
2 3 2523 2524 0 
1 1 0 
1 1 0 
1 1 0 
2 3 2527 2528 0 
1 1 0 
1 1 0 
1 1 0 
2 3 2531 2532 0 
2 3 2530 2533 0 
2 3 2529 2534 0 
2 3 2526 2535 0 
2 3 2525 2536 0 
2 3 2522 2537 0 
1 1 0 
2 3 2538 2539 0 
2 3 2521 2540 0 
3 2 0 2541 
3 2 0 2521 
3 2 0 2540 
3 2 0 2538 
3 2 0 2522 
3 2 0 2537 
3 2 0 2525 
3 2 0 2523 
3 2 0 2524 
3 2 0 2536 
3 2 0 2526 
3 2 0 2535 
3 2 0 2529 
3 2 0 2527 
3 2 0 2528 
3 2 0 2534 
3 2 0 2530 
3 2 0 2533 
3 2 0 2531 
3 2 0 2532 
3 2 0 2539 
1 1 0 
1 1 0 
1 1 0 
1 1 0 
1 1 0 
2 3 2566 2567 0 
2 3 2565 2568 0 
2 3 2564 2569 0 
2 3 2563 2570 0 
1 1 0 
1 1 0 
1 1 0 
1 1 0 
2 3 2574 2575 0 
1 1 0 
2 3 2576 2577 0 
1 1 0 
1 1 0 
2 3 2579 2580 0 
2 3 2578 2581 0 
2 3 2573 2582 0 
1 1 0 
1 1 0 
1 1 0 
1 1 0 
1 1 0 
2 3 2587 2588 0 
1 1 0 
1 1 0 
1 1 0 
2 3 2591 2592 0 
2 3 2590 2593 0 
2 3 2589 2594 0 
2 3 2586 2595 0 
1 1 0 
2 3 2596 2597 0 
2 3 2585 2598 0 
2 3 2584 2599 0 
2 3 2583 2600 0 
2 3 2572 2601 0 
2 3 2571 2602 0 
3 2 0 2603 
3 2 0 2571 
3 2 0 2563 
3 2 0 2570 
3 2 0 2564 
3 2 0 2569 
3 2 0 2565 
3 2 0 2568 
3 2 0 2566 
3 2 0 2567 
3 2 0 2602 
3 2 0 2572 
3 2 0 2601 
3 2 0 2583 
3 2 0 2573 
3 2 0 2582 
3 2 0 2578 
3 2 0 2576 
3 2 0 2574 
3 2 0 2575 
3 2 0 2577 
3 2 0 2581 
3 2 0 2579 
3 2 0 2580 
3 2 0 2600 
3 2 0 2584 
3 2 0 2599 
3 2 0 2585 
3 2 0 2598 
3 2 0 2596 
3 2 0 2586 
3 2 0 2595 
3 2 0 2589 
3 2 0 2587 
3 2 0 2588 
3 2 0 2594 
3 2 0 2590 
3 2 0 2593 
3 2 0 2591 
3 2 0 2592 
3 2 0 2597 
1 1 0 
1 1 0 
1 1 0 
1 1 0 
1 1 0 
1 1 0 
2 3 2649 2650 0 
2 3 2648 2651 0 
2 3 2647 2652 0 
1 1 0 
1 1 0 
1 1 0 
1 1 0 
2 3 2656 2657 0 
2 3 2655 2658 0 
1 1 0 
2 3 2659 2660 0 
2 3 2654 2661 0 
2 3 2653 2662 0 
2 3 2646 2663 0 
1 1 0 
2 3 2664 2665 0 
2 3 2645 2666 0 
3 2 0 2667 
3 2 0 2645 
3 2 0 2666 
3 2 0 2664 
3 2 0 2646 
3 2 0 2663 
3 2 0 2653 
3 2 0 2647 
3 2 0 2652 
3 2 0 2648 
3 2 0 2651 
3 2 0 2649 
3 2 0 2650 
3 2 0 2662 
3 2 0 2654 
3 2 0 2661 
3 2 0 2659 
3 2 0 2655 
3 2 0 2658 
3 2 0 2656 
3 2 0 2657 
3 2 0 2660 
3 2 0 2665 
1 1 0 
1 1 0 
1 1 0 
1 1 0 
1 1 0 
1 1 0 
2 3 2695 2696 0 
2 3 2694 2697 0 
2 3 2693 2698 0 
2 3 2692 2699 0 
1 1 0 
1 1 0 
1 1 0 
2 3 2702 2703 0 
1 1 0 
1 1 0 
2 3 2705 2706 0 
1 1 0 
2 3 2707 2708 0 
1 1 0 
1 1 0 
2 3 2710 2711 0 
2 3 2709 2712 0 
2 3 2704 2713 0 
1 1 0 
2 3 2714 2715 0 
1 1 0 
1 1 0 
1 1 0 
1 1 0 
1 1 0 
1 1 0 
1 1 0 
2 3 2722 2723 0 
2 3 2721 2724 0 
2 3 2720 2725 0 
2 3 2719 2726 0 
2 3 2718 2727 0 
2 3 2717 2728 0 
1 1 0 
2 3 2729 2730 0 
1 1 0 
1 1 0 
2 3 2732 2733 0 
2 3 2731 2734 0 
1 1 0 
1 1 0 
2 3 2736 2737 0 
1 1 0 
1 1 0 
1 1 0 
2 3 2740 2741 0 
2 3 2739 2742 0 
2 3 2738 2743 0 
1 1 0 
2 3 2744 2745 0 
2 3 2735 2746 0 
2 3 2716 2747 0 
2 3 2701 2748 0 
2 3 2700 2749 0 
1 1 0 
2 3 2750 2751 0 
2 3 2691 2752 0 
3 2 0 2753 
3 2 0 2691 
3 2 0 2752 
3 2 0 2750 
3 2 0 2700 
3 2 0 2692 
3 2 0 2699 
3 2 0 2693 
3 2 0 2698 
3 2 0 2694 
3 2 0 2697 
3 2 0 2695 
3 2 0 2696 
3 2 0 2749 
3 2 0 2701 
3 2 0 2748 
3 2 0 2716 
3 2 0 2714 
3 2 0 2704 
3 2 0 2702 
3 2 0 2703 
3 2 0 2713 
3 2 0 2709 
3 2 0 2707 
3 2 0 2705 
3 2 0 2706 
3 2 0 2708 
3 2 0 2712 
3 2 0 2710 
3 2 0 2711 
3 2 0 2715 
3 2 0 2747 
3 2 0 2735 
3 2 0 2731 
3 2 0 2729 
3 2 0 2717 
3 2 0 2728 
3 2 0 2718 
3 2 0 2727 
3 2 0 2719 
3 2 0 2726 
3 2 0 2720 
3 2 0 2725 
3 2 0 2721 
3 2 0 2724 
3 2 0 2722 
3 2 0 2723 
3 2 0 2730 
3 2 0 2734 
3 2 0 2732 
3 2 0 2733 
3 2 0 2746 
3 2 0 2744 
3 2 0 2738 
3 2 0 2736 
3 2 0 2737 
3 2 0 2743 
3 2 0 2739 
3 2 0 2742 
3 2 0 2740 
3 2 0 2741 
3 2 0 2745 
3 2 0 2751 
1 1 0 
1 1 0 
1 1 0 
1 1 0 
2 3 2819 2820 0 
2 3 2818 2821 0 
2 3 2817 2822 0 
1 1 0 
1 1 0 
1 1 0 
2 3 2825 2826 0 
1 1 0 
1 1 0 
1 1 0 
1 1 0 
2 3 2830 2831 0 
1 1 0 
1 1 0 
1 1 0 
2 3 2834 2835 0 
2 3 2833 2836 0 
2 3 2832 2837 0 
2 3 2829 2838 0 
2 3 2828 2839 0 
2 3 2827 2840 0 
2 3 2824 2841 0 
1 1 0 
2 3 2842 2843 0 
2 3 2823 2844 0 
3 2 0 2845 
3 2 0 2823 
3 2 0 2817 
3 2 0 2822 
3 2 0 2818 
3 2 0 2821 
3 2 0 2819 
3 2 0 2820 
3 2 0 2844 
3 2 0 2842 
3 2 0 2824 
3 2 0 2841 
3 2 0 2827 
3 2 0 2825 
3 2 0 2826 
3 2 0 2840 
3 2 0 2828 
3 2 0 2839 
3 2 0 2829 
3 2 0 2838 
3 2 0 2832 
3 2 0 2830 
3 2 0 2831 
3 2 0 2837 
3 2 0 2833 
3 2 0 2836 
3 2 0 2834 
3 2 0 2835 
3 2 0 2843 
1 1 0 
1 1 0 
1 1 0 
1 1 0 
1 1 0 
2 3 2878 2879 0 
1 1 0 
1 1 0 
1 1 0 
2 3 2882 2883 0 
1 1 0 
1 1 0 
1 1 0 
1 1 0 
2 3 2887 2888 0 
2 3 2886 2889 0 
2 3 2885 2890 0 
2 3 2884 2891 0 
2 3 2881 2892 0 
2 3 2880 2893 0 
2 3 2877 2894 0 
2 3 2876 2895 0 
2 3 2875 2896 0 
1 1 0 
1 1 0 
1 1 0 
2 3 2899 2900 0 
1 1 0 
1 1 0 
1 1 0 
2 3 2903 2904 0 
2 3 2902 2905 0 
2 3 2901 2906 0 
2 3 2898 2907 0 
2 3 2897 2908 0 
1 1 0 
1 1 0 
1 1 0 
1 1 0 
1 1 0 
1 1 0 
2 3 2914 2915 0 
2 3 2913 2916 0 
2 3 2912 2917 0 
1 1 0 
2 3 2918 2919 0 
2 3 2911 2920 0 
2 3 2910 2921 0 
2 3 2909 2922 0 
3 2 0 2923 
3 2 0 2909 
3 2 0 2897 
3 2 0 2875 
3 2 0 2896 
3 2 0 2876 
3 2 0 2895 
3 2 0 2877 
3 2 0 2894 
3 2 0 2880 
3 2 0 2878 
3 2 0 2879 
3 2 0 2893 
3 2 0 2881 
3 2 0 2892 
3 2 0 2884 
3 2 0 2882 
3 2 0 2883 
3 2 0 2891 
3 2 0 2885 
3 2 0 2890 
3 2 0 2886 
3 2 0 2889 
3 2 0 2887 
3 2 0 2888 
3 2 0 2908 
3 2 0 2898 
3 2 0 2907 
3 2 0 2901 
3 2 0 2899 
3 2 0 2900 
3 2 0 2906 
3 2 0 2902 
3 2 0 2905 
3 2 0 2903 
3 2 0 2904 
3 2 0 2922 
3 2 0 2910 
3 2 0 2921 
3 2 0 2911 
3 2 0 2920 
3 2 0 2918 
3 2 0 2912 
3 2 0 2917 
3 2 0 2913 
3 2 0 2916 
3 2 0 2914 
3 2 0 2915 
3 2 0 2919 
1 1 0 
1 1 0 
2 3 2973 2974 0 
1 1 0 
1 1 0 
1 1 0 
2 3 2977 2978 0 
2 3 2976 2979 0 
2 3 2975 2980 0 
1 1 0 
1 1 0 
1 1 0 
2 3 2983 2984 0 
1 1 0 
1 1 0 
1 1 0 
1 1 0 
1 1 0 
1 1 0 
2 3 2990 2991 0 
1 1 0 
1 1 0 
1 1 0 
1 1 0 
1 1 0 
1 1 0 
2 3 2997 2998 0 
2 3 2996 2999 0 
2 3 2995 3000 0 
2 3 2994 3001 0 
2 3 2993 3002 0 
2 3 2992 3003 0 
1 1 0 
2 3 3004 3005 0 
1 1 0 
1 1 0 
1 1 0 
1 1 0 
1 1 0 
1 1 0 
1 1 0 
1 1 0 
2 3 3013 3014 0 
2 3 3012 3015 0 
2 3 3011 3016 0 
2 3 3010 3017 0 
2 3 3009 3018 0 
2 3 3008 3019 0 
2 3 3007 3020 0 
1 1 0 
2 3 3021 3022 0 
2 3 3006 3023 0 
2 3 2989 3024 0 
2 3 2988 3025 0 
2 3 2987 3026 0 
2 3 2986 3027 0 
2 3 2985 3028 0 
2 3 2982 3029 0 
1 1 0 
2 3 3030 3031 0 
2 3 2981 3032 0 
3 2 0 3033 
3 2 0 2981 
3 2 0 2975 
3 2 0 2973 
3 2 0 2974 
3 2 0 2980 
3 2 0 2976 
3 2 0 2979 
3 2 0 2977 
3 2 0 2978 
3 2 0 3032 
3 2 0 3030 
3 2 0 2982 
3 2 0 3029 
3 2 0 2985 
3 2 0 2983 
3 2 0 2984 
3 2 0 3028 
3 2 0 2986 
3 2 0 3027 
3 2 0 2987 
3 2 0 3026 
3 2 0 2988 
3 2 0 3025 
3 2 0 2989 
3 2 0 3024 
3 2 0 3006 
3 2 0 3004 
3 2 0 2992 
3 2 0 2990 
3 2 0 2991 
3 2 0 3003 
3 2 0 2993 
3 2 0 3002 
3 2 0 2994 
3 2 0 3001 
3 2 0 2995 
3 2 0 3000 
3 2 0 2996 
3 2 0 2999 
3 2 0 2997 
3 2 0 2998 
3 2 0 3005 
3 2 0 3023 
3 2 0 3021 
3 2 0 3007 
3 2 0 3020 
3 2 0 3008 
3 2 0 3019 
3 2 0 3009 
3 2 0 3018 
3 2 0 3010 
3 2 0 3017 
3 2 0 3011 
3 2 0 3016 
3 2 0 3012 
3 2 0 3015 
3 2 0 3013 
3 2 0 3014 
3 2 0 3022 
3 2 0 3031 
1 1 0 
1 1 0 
1 1 0 
1 1 0 
1 1 0 
2 3 3098 3099 0 
2 3 3097 3100 0 
1 1 0 
1 1 0 
1 1 0 
2 3 3103 3104 0 
1 1 0 
2 3 3105 3106 0 
2 3 3102 3107 0 
2 3 3101 3108 0 
2 3 3096 3109 0 
2 3 3095 3110 0 
1 1 0 
2 3 3111 3112 0 
1 1 0 
2 3 3113 3114 0 
1 1 0 
1 1 0 
2 3 3116 3117 0 
1 1 0 
1 1 0 
1 1 0 
2 3 3120 3121 0 
1 1 0 
2 3 3122 3123 0 
2 3 3119 3124 0 
2 3 3118 3125 0 
2 3 3115 3126 0 
1 1 0 
2 3 3127 3128 0 
3 2 0 3129 
3 2 0 3127 
3 2 0 3115 
3 2 0 3113 
3 2 0 3111 
3 2 0 3095 
3 2 0 3110 
3 2 0 3096 
3 2 0 3109 
3 2 0 3101 
3 2 0 3097 
3 2 0 3100 
3 2 0 3098 
3 2 0 3099 
3 2 0 3108 
3 2 0 3102 
3 2 0 3107 
3 2 0 3105 
3 2 0 3103 
3 2 0 3104 
3 2 0 3106 
3 2 0 3112 
3 2 0 3114 
3 2 0 3126 
3 2 0 3118 
3 2 0 3116 
3 2 0 3117 
3 2 0 3125 
3 2 0 3119 
3 2 0 3124 
3 2 0 3122 
3 2 0 3120 
3 2 0 3121 
3 2 0 3123 
3 2 0 3128 
1 1 0 
1 1 0 
1 1 0 
1 1 0 
1 1 0 
1 1 0 
1 1 0 
1 1 0 
2 3 3171 3172 0 
2 3 3170 3173 0 
2 3 3169 3174 0 
2 3 3168 3175 0 
2 3 3167 3176 0 
2 3 3166 3177 0 
1 1 0 
2 3 3178 3179 0 
1 1 0 
1 1 0 
1 1 0 
1 1 0 
1 1 0 
2 3 3184 3185 0 
2 3 3183 3186 0 
2 3 3182 3187 0 
1 1 0 
2 3 3188 3189 0 
1 1 0 
1 1 0 
1 1 0 
1 1 0 
1 1 0 
2 3 3194 3195 0 
2 3 3193 3196 0 
2 3 3192 3197 0 
2 3 3191 3198 0 
2 3 3190 3199 0 
1 1 0 
2 3 3200 3201 0 
1 1 0 
1 1 0 
2 3 3203 3204 0 
1 1 0 
1 1 0 
1 1 0 
1 1 0 
2 3 3208 3209 0 
2 3 3207 3210 0 
1 1 0 
1 1 0 
1 1 0 
1 1 0 
1 1 0 
1 1 0 
2 3 3216 3217 0 
2 3 3215 3218 0 
2 3 3214 3219 0 
2 3 3213 3220 0 
2 3 3212 3221 0 
2 3 3211 3222 0 
2 3 3206 3223 0 
2 3 3205 3224 0 
2 3 3202 3225 0 
2 3 3181 3226 0 
2 3 3180 3227 0 
1 1 0 
2 3 3228 3229 0 
2 3 3165 3230 0 
3 2 0 3231 
3 2 0 3165 
3 2 0 3230 
3 2 0 3228 
3 2 0 3180 
3 2 0 3178 
3 2 0 3166 
3 2 0 3177 
3 2 0 3167 
3 2 0 3176 
3 2 0 3168 
3 2 0 3175 
3 2 0 3169 
3 2 0 3174 
3 2 0 3170 
3 2 0 3173 
3 2 0 3171 
3 2 0 3172 
3 2 0 3179 
3 2 0 3227 
3 2 0 3181 
3 2 0 3226 
3 2 0 3202 
3 2 0 3200 
3 2 0 3190 
3 2 0 3188 
3 2 0 3182 
3 2 0 3187 
3 2 0 3183 
3 2 0 3186 
3 2 0 3184 
3 2 0 3185 
3 2 0 3189 
3 2 0 3199 
3 2 0 3191 
3 2 0 3198 
3 2 0 3192 
3 2 0 3197 
3 2 0 3193 
3 2 0 3196 
3 2 0 3194 
3 2 0 3195 
3 2 0 3201 
3 2 0 3225 
3 2 0 3205 
3 2 0 3203 
3 2 0 3204 
3 2 0 3224 
3 2 0 3206 
3 2 0 3223 
3 2 0 3211 
3 2 0 3207 
3 2 0 3210 
3 2 0 3208 
3 2 0 3209 
3 2 0 3222 
3 2 0 3212 
3 2 0 3221 
3 2 0 3213 
3 2 0 3220 
3 2 0 3214 
3 2 0 3219 
3 2 0 3215 
3 2 0 3218 
3 2 0 3216 
3 2 0 3217 
3 2 0 3229 
1 1 0 
1 1 0 
1 1 0 
1 1 0 
1 1 0 
2 3 3302 3303 0 
2 3 3301 3304 0 
2 3 3300 3305 0 
2 3 3299 3306 0 
1 1 0 
1 1 0 
1 1 0 
1 1 0 
2 3 3310 3311 0 
2 3 3309 3312 0 
2 3 3308 3313 0 
1 1 0 
2 3 3314 3315 0 
1 1 0 
2 3 3316 3317 0 
1 1 0 
1 1 0 
1 1 0 
1 1 0 
2 3 3321 3322 0 
1 1 0 
2 3 3323 3324 0 
1 1 0 
2 3 3325 3326 0 
2 3 3320 3327 0 
2 3 3319 3328 0 
2 3 3318 3329 0 
1 1 0 
2 3 3330 3331 0 
2 3 3307 3332 0 
3 2 0 3333 
3 2 0 3307 
3 2 0 3299 
3 2 0 3306 
3 2 0 3300 
3 2 0 3305 
3 2 0 3301 
3 2 0 3304 
3 2 0 3302 
3 2 0 3303 
3 2 0 3332 
3 2 0 3330 
3 2 0 3318 
3 2 0 3316 
3 2 0 3314 
3 2 0 3308 
3 2 0 3313 
3 2 0 3309 
3 2 0 3312 
3 2 0 3310 
3 2 0 3311 
3 2 0 3315 
3 2 0 3317 
3 2 0 3329 
3 2 0 3319 
3 2 0 3328 
3 2 0 3320 
3 2 0 3327 
3 2 0 3325 
3 2 0 3323 
3 2 0 3321 
3 2 0 3322 
3 2 0 3324 
3 2 0 3326 
3 2 0 3331 
1 1 0 
1 1 0 
1 1 0 
2 3 3370 3371 0 
1 1 0 
1 1 0 
2 3 3373 3374 0 
2 3 3372 3375 0 
1 1 0 
2 3 3376 3377 0 
2 3 3369 3378 0 
1 1 0 
1 1 0 
1 1 0 
2 3 3381 3382 0 
2 3 3380 3383 0 
2 3 3379 3384 0 
1 1 0 
1 1 0 
1 1 0 
1 1 0 
1 1 0 
1 1 0 
2 3 3390 3391 0 
2 3 3389 3392 0 
2 3 3388 3393 0 
1 1 0 
1 1 0 
1 1 0 
2 3 3396 3397 0 
2 3 3395 3398 0 
2 3 3394 3399 0 
2 3 3387 3400 0 
2 3 3386 3401 0 
1 1 0 
2 3 3402 3403 0 
2 3 3385 3404 0 
3 2 0 3405 
3 2 0 3385 
3 2 0 3379 
3 2 0 3369 
3 2 0 3378 
3 2 0 3376 
3 2 0 3372 
3 2 0 3370 
3 2 0 3371 
3 2 0 3375 
3 2 0 3373 
3 2 0 3374 
3 2 0 3377 
3 2 0 3384 
3 2 0 3380 
3 2 0 3383 
3 2 0 3381 
3 2 0 3382 
3 2 0 3404 
3 2 0 3402 
3 2 0 3386 
3 2 0 3401 
3 2 0 3387 
3 2 0 3400 
3 2 0 3394 
3 2 0 3388 
3 2 0 3393 
3 2 0 3389 
3 2 0 3392 
3 2 0 3390 
3 2 0 3391 
3 2 0 3399 
3 2 0 3395 
3 2 0 3398 
3 2 0 3396 
3 2 0 3397 
3 2 0 3403 
1 1 0 
1 1 0 
1 1 0 
1 1 0 
1 1 0 
2 3 3446 3447 0 
2 3 3445 3448 0 
2 3 3444 3449 0 
2 3 3443 3450 0 
1 1 0 
1 1 0 
1 1 0 
1 1 0 
1 1 0 
1 1 0 
2 3 3456 3457 0 
2 3 3455 3458 0 
2 3 3454 3459 0 
2 3 3453 3460 0 
2 3 3452 3461 0 
1 1 0 
2 3 3462 3463 0 
2 3 3451 3464 0 
3 2 0 3465 
3 2 0 3451 
3 2 0 3443 
3 2 0 3450 
3 2 0 3444 
3 2 0 3449 
3 2 0 3445 
3 2 0 3448 
3 2 0 3446 
3 2 0 3447 
3 2 0 3464 
3 2 0 3462 
3 2 0 3452 
3 2 0 3461 
3 2 0 3453 
3 2 0 3460 
3 2 0 3454 
3 2 0 3459 
3 2 0 3455 
3 2 0 3458 
3 2 0 3456 
3 2 0 3457 
3 2 0 3463 
1 1 0 
1 1 0 
1 1 0 
2 3 3490 3491 0 
2 3 3489 3492 0 
1 1 0 
1 1 0 
1 1 0 
1 1 0 
2 3 3496 3497 0 
2 3 3495 3498 0 
1 1 0 
1 1 0 
1 1 0 
2 3 3501 3502 0 
1 1 0 
2 3 3503 3504 0 
1 1 0 
1 1 0 
2 3 3506 3507 0 
2 3 3505 3508 0 
1 1 0 
2 3 3509 3510 0 
2 3 3500 3511 0 
2 3 3499 3512 0 
2 3 3494 3513 0 
2 3 3493 3514 0 
1 1 0 
2 3 3515 3516 0 
1 1 0 
2 3 3517 3518 0 
1 1 0 
1 1 0 
1 1 0 
2 3 3521 3522 0 
2 3 3520 3523 0 
1 1 0 
1 1 0 
1 1 0 
2 3 3526 3527 0 
2 3 3525 3528 0 
2 3 3524 3529 0 
1 1 0 
1 1 0 
1 1 0 
2 3 3532 3533 0 
2 3 3531 3534 0 
2 3 3530 3535 0 
2 3 3519 3536 0 
1 1 0 
2 3 3537 3538 0 
3 2 0 3539 
3 2 0 3537 
3 2 0 3519 
3 2 0 3517 
3 2 0 3515 
3 2 0 3493 
3 2 0 3489 
3 2 0 3492 
3 2 0 3490 
3 2 0 3491 
3 2 0 3514 
3 2 0 3494 
3 2 0 3513 
3 2 0 3499 
3 2 0 3495 
3 2 0 3498 
3 2 0 3496 
3 2 0 3497 
3 2 0 3512 
3 2 0 3500 
3 2 0 3511 
3 2 0 3509 
3 2 0 3505 
3 2 0 3503 
3 2 0 3501 
3 2 0 3502 
3 2 0 3504 
3 2 0 3508 
3 2 0 3506 
3 2 0 3507 
3 2 0 3510 
3 2 0 3516 
3 2 0 3518 
3 2 0 3536 
3 2 0 3530 
3 2 0 3524 
3 2 0 3520 
3 2 0 3523 
3 2 0 3521 
3 2 0 3522 
3 2 0 3529 
3 2 0 3525 
3 2 0 3528 
3 2 0 3526 
3 2 0 3527 
3 2 0 3535 
3 2 0 3531 
3 2 0 3534 
3 2 0 3532 
3 2 0 3533 
3 2 0 3538 
1 1 0 
1 1 0 
1 1 0 
1 1 0 
1 1 0 
1 1 0 
2 3 3595 3596 0 
2 3 3594 3597 0 
2 3 3593 3598 0 
1 1 0 
2 3 3599 3600 0 
2 3 3592 3601 0 
1 1 0 
2 3 3602 3603 0 
2 3 3591 3604 0 
3 2 0 3605 
3 2 0 3591 
3 2 0 3604 
3 2 0 3602 
3 2 0 3592 
3 2 0 3601 
3 2 0 3599 
3 2 0 3593 
3 2 0 3598 
3 2 0 3594 
3 2 0 3597 
3 2 0 3595 
3 2 0 3596 
3 2 0 3600 
3 2 0 3603 
1 1 0 
1 1 0 
1 1 0 
1 1 0 
1 1 0 
2 3 3624 3625 0 
2 3 3623 3626 0 
1 1 0 
1 1 0 
1 1 0 
1 1 0 
1 1 0 
2 3 3631 3632 0 
2 3 3630 3633 0 
2 3 3629 3634 0 
1 1 0 
2 3 3635 3636 0 
1 1 0 
1 1 0 
1 1 0 
2 3 3639 3640 0 
2 3 3638 3641 0 
2 3 3637 3642 0 
1 1 0 
2 3 3643 3644 0 
1 1 0 
1 1 0 
1 1 0 
2 3 3647 3648 0 
2 3 3646 3649 0 
2 3 3645 3650 0 
2 3 3628 3651 0 
2 3 3627 3652 0 
2 3 3622 3653 0 
1 1 0 
2 3 3654 3655 0 
2 3 3621 3656 0 
3 2 0 3657 
3 2 0 3621 
3 2 0 3656 
3 2 0 3654 
3 2 0 3622 
3 2 0 3653 
3 2 0 3627 
3 2 0 3623 
3 2 0 3626 
3 2 0 3624 
3 2 0 3625 
3 2 0 3652 
3 2 0 3628 
3 2 0 3651 
3 2 0 3645 
3 2 0 3643 
3 2 0 3637 
3 2 0 3635 
3 2 0 3629 
3 2 0 3634 
3 2 0 3630 
3 2 0 3633 
3 2 0 3631 
3 2 0 3632 
3 2 0 3636 
3 2 0 3642 
3 2 0 3638 
3 2 0 3641 
3 2 0 3639 
3 2 0 3640 
3 2 0 3644 
3 2 0 3650 
3 2 0 3646 
3 2 0 3649 
3 2 0 3647 
3 2 0 3648 
3 2 0 3655 
1 1 0 
1 1 0 
2 3 3695 3696 0 
1 1 0 
1 1 0 
1 1 0 
1 1 0 
2 3 3700 3701 0 
2 3 3699 3702 0 
2 3 3698 3703 0 
2 3 3697 3704 0 
1 1 0 
2 3 3705 3706 0 
1 1 0 
1 1 0 
1 1 0 
1 1 0 
1 1 0 
1 1 0 
1 1 0 
2 3 3713 3714 0 
2 3 3712 3715 0 
1 1 0 
2 3 3716 3717 0 
2 3 3711 3718 0 
2 3 3710 3719 0 
1 1 0 
1 1 0 
1 1 0 
2 3 3722 3723 0 
1 1 0 
1 1 0 
1 1 0 
1 1 0 
2 3 3727 3728 0 
1 1 0 
2 3 3729 3730 0 
1 1 0 
1 1 0 
2 3 3732 3733 0 
2 3 3731 3734 0 
1 1 0 
2 3 3735 3736 0 
1 1 0 
1 1 0 
2 3 3738 3739 0 
2 3 3737 3740 0 
2 3 3726 3741 0 
2 3 3725 3742 0 
2 3 3724 3743 0 
2 3 3721 3744 0 
2 3 3720 3745 0 
2 3 3709 3746 0 
2 3 3708 3747 0 
2 3 3707 3748 0 
1 1 0 
2 3 3749 3750 0 
3 2 0 3751 
3 2 0 3749 
3 2 0 3707 
3 2 0 3705 
3 2 0 3697 
3 2 0 3695 
3 2 0 3696 
3 2 0 3704 
3 2 0 3698 
3 2 0 3703 
3 2 0 3699 
3 2 0 3702 
3 2 0 3700 
3 2 0 3701 
3 2 0 3706 
3 2 0 3748 
3 2 0 3708 
3 2 0 3747 
3 2 0 3709 
3 2 0 3746 
3 2 0 3720 
3 2 0 3710 
3 2 0 3719 
3 2 0 3711 
3 2 0 3718 
3 2 0 3716 
3 2 0 3712 
3 2 0 3715 
3 2 0 3713 
3 2 0 3714 
3 2 0 3717 
3 2 0 3745 
3 2 0 3721 
3 2 0 3744 
3 2 0 3724 
3 2 0 3722 
3 2 0 3723 
3 2 0 3743 
3 2 0 3725 
3 2 0 3742 
3 2 0 3726 
3 2 0 3741 
3 2 0 3737 
3 2 0 3735 
3 2 0 3731 
3 2 0 3729 
3 2 0 3727 
3 2 0 3728 
3 2 0 3730 
3 2 0 3734 
3 2 0 3732 
3 2 0 3733 
3 2 0 3736 
3 2 0 3740 
3 2 0 3738 
3 2 0 3739 
3 2 0 3750 
1 1 0 
1 1 0 
1 1 0 
1 1 0 
2 3 3811 3812 0 
1 1 0 
1 1 0 
2 3 3814 3815 0 
2 3 3813 3816 0 
2 3 3810 3817 0 
2 3 3809 3818 0 
1 1 0 
2 3 3819 3820 0 
1 1 0 
1 1 0 
1 1 0 
2 3 3823 3824 0 
2 3 3822 3825 0 
1 1 0 
1 1 0 
1 1 0 
1 1 0 
2 3 3829 3830 0 
2 3 3828 3831 0 
2 3 3827 3832 0 
2 3 3826 3833 0 
2 3 3821 3834 0 
1 1 0 
2 3 3835 3836 0 
3 2 0 3837 
3 2 0 3835 
3 2 0 3821 
3 2 0 3819 
3 2 0 3809 
3 2 0 3818 
3 2 0 3810 
3 2 0 3817 
3 2 0 3813 
3 2 0 3811 
3 2 0 3812 
3 2 0 3816 
3 2 0 3814 
3 2 0 3815 
3 2 0 3820 
3 2 0 3834 
3 2 0 3826 
3 2 0 3822 
3 2 0 3825 
3 2 0 3823 
3 2 0 3824 
3 2 0 3833 
3 2 0 3827 
3 2 0 3832 
3 2 0 3828 
3 2 0 3831 
3 2 0 3829 
3 2 0 3830 
3 2 0 3836 
1 1 0 
1 1 0 
2 3 3867 3868 0 
1 1 0 
1 1 0 
1 1 0 
1 1 0 
2 3 3872 3873 0 
1 1 0 
1 1 0 
1 1 0 
1 1 0 
2 3 3877 3878 0 
2 3 3876 3879 0 
1 1 0 
1 1 0 
1 1 0 
1 1 0 
2 3 3883 3884 0 
1 1 0 
1 1 0 
1 1 0 
1 1 0 
2 3 3888 3889 0 
2 3 3887 3890 0 
2 3 3886 3891 0 
2 3 3885 3892 0 
2 3 3882 3893 0 
1 1 0 
2 3 3894 3895 0 
1 1 0 
1 1 0 
1 1 0 
2 3 3898 3899 0 
1 1 0 
1 1 0 
1 1 0 
2 3 3902 3903 0 
1 1 0 
1 1 0 
1 1 0 
2 3 3906 3907 0 
2 3 3905 3908 0 
2 3 3904 3909 0 
2 3 3901 3910 0 
2 3 3900 3911 0 
1 1 0 
2 3 3912 3913 0 
1 1 0 
1 1 0 
1 1 0 
1 1 0 
2 3 3917 3918 0 
2 3 3916 3919 0 
2 3 3915 3920 0 
1 1 0 
2 3 3921 3922 0 
1 1 0 
1 1 0 
1 1 0 
1 1 0 
1 1 0 
2 3 3927 3928 0 
2 3 3926 3929 0 
2 3 3925 3930 0 
1 1 0 
1 1 0 
2 3 3932 3933 0 
2 3 3931 3934 0 
2 3 3924 3935 0 
2 3 3923 3936 0 
2 3 3914 3937 0 
2 3 3897 3938 0 
2 3 3896 3939 0 
2 3 3881 3940 0 
2 3 3880 3941 0 
2 3 3875 3942 0 
2 3 3874 3943 0 
2 3 3871 3944 0 
2 3 3870 3945 0 
1 1 0 
2 3 3946 3947 0 
2 3 3869 3948 0 
3 2 0 3949 
3 2 0 3869 
3 2 0 3867 
3 2 0 3868 
3 2 0 3948 
3 2 0 3946 
3 2 0 3870 
3 2 0 3945 
3 2 0 3871 
3 2 0 3944 
3 2 0 3874 
3 2 0 3872 
3 2 0 3873 
3 2 0 3943 
3 2 0 3875 
3 2 0 3942 
3 2 0 3880 
3 2 0 3876 
3 2 0 3879 
3 2 0 3877 
3 2 0 3878 
3 2 0 3941 
3 2 0 3881 
3 2 0 3940 
3 2 0 3896 
3 2 0 3894 
3 2 0 3882 
3 2 0 3893 
3 2 0 3885 
3 2 0 3883 
3 2 0 3884 
3 2 0 3892 
3 2 0 3886 
3 2 0 3891 
3 2 0 3887 
3 2 0 3890 
3 2 0 3888 
3 2 0 3889 
3 2 0 3895 
3 2 0 3939 
3 2 0 3897 
3 2 0 3938 
3 2 0 3914 
3 2 0 3912 
3 2 0 3900 
3 2 0 3898 
3 2 0 3899 
3 2 0 3911 
3 2 0 3901 
3 2 0 3910 
3 2 0 3904 
3 2 0 3902 
3 2 0 3903 
3 2 0 3909 
3 2 0 3905 
3 2 0 3908 
3 2 0 3906 
3 2 0 3907 
3 2 0 3913 
3 2 0 3937 
3 2 0 3923 
3 2 0 3921 
3 2 0 3915 
3 2 0 3920 
3 2 0 3916 
3 2 0 3919 
3 2 0 3917 
3 2 0 3918 
3 2 0 3922 
3 2 0 3936 
3 2 0 3924 
3 2 0 3935 
3 2 0 3931 
3 2 0 3925 
3 2 0 3930 
3 2 0 3926 
3 2 0 3929 
3 2 0 3927 
3 2 0 3928 
3 2 0 3934 
3 2 0 3932 
3 2 0 3933 
3 2 0 3947 
1 1 0 
1 1 0 
1 1 0 
2 3 4034 4035 0 
1 1 0 
2 3 4036 4037 0 
1 1 0 
2 3 4038 4039 0 
2 3 4033 4040 0 
1 1 0 
2 3 4041 4042 0 
3 2 0 4043 
3 2 0 4041 
3 2 0 4033 
3 2 0 4040 
3 2 0 4038 
3 2 0 4036 
3 2 0 4034 
3 2 0 4035 
3 2 0 4037 
3 2 0 4039 
3 2 0 4042 
1 1 0 
1 1 0 
1 1 0 
1 1 0 
2 3 4057 4058 0 
2 3 4056 4059 0 
1 1 0 
1 1 0 
1 1 0 
1 1 0 
1 1 0 
2 3 4064 4065 0 
2 3 4063 4066 0 
2 3 4062 4067 0 
2 3 4061 4068 0 
2 3 4060 4069 0 
2 3 4055 4070 0 
1 1 0 
2 3 4071 4072 0 
3 2 0 4073 
3 2 0 4071 
3 2 0 4055 
3 2 0 4070 
3 2 0 4060 
3 2 0 4056 
3 2 0 4059 
3 2 0 4057 
3 2 0 4058 
3 2 0 4069 
3 2 0 4061 
3 2 0 4068 
3 2 0 4062 
3 2 0 4067 
3 2 0 4063 
3 2 0 4066 
3 2 0 4064 
3 2 0 4065 
3 2 0 4072 
1 1 0 
1 1 0 
1 1 0 
1 1 0 
2 3 4095 4096 0 
2 3 4094 4097 0 
1 1 0 
2 3 4098 4099 0 
1 1 0 
2 3 4100 4101 0 
1 1 0 
1 1 0 
1 1 0 
2 3 4104 4105 0 
2 3 4103 4106 0 
2 3 4102 4107 0 
2 3 4093 4108 0 
1 1 0 
2 3 4109 4110 0 
1 1 0 
1 1 0 
1 1 0 
2 3 4113 4114 0 
1 1 0 
1 1 0 
1 1 0 
1 1 0 
2 3 4118 4119 0 
2 3 4117 4120 0 
2 3 4116 4121 0 
2 3 4115 4122 0 
1 1 0 
2 3 4123 4124 0 
1 1 0 
1 1 0 
1 1 0 
2 3 4127 4128 0 
2 3 4126 4129 0 
1 1 0 
1 1 0 
1 1 0 
2 3 4132 4133 0 
1 1 0 
1 1 0 
1 1 0 
2 3 4136 4137 0 
2 3 4135 4138 0 
2 3 4134 4139 0 
2 3 4131 4140 0 
2 3 4130 4141 0 
2 3 4125 4142 0 
2 3 4112 4143 0 
2 3 4111 4144 0 
1 1 0 
2 3 4145 4146 0 
3 2 0 4147 
3 2 0 4145 
3 2 0 4111 
3 2 0 4109 
3 2 0 4093 
3 2 0 4108 
3 2 0 4102 
3 2 0 4100 
3 2 0 4098 
3 2 0 4094 
3 2 0 4097 
3 2 0 4095 
3 2 0 4096 
3 2 0 4099 
3 2 0 4101 
3 2 0 4107 
3 2 0 4103 
3 2 0 4106 
3 2 0 4104 
3 2 0 4105 
3 2 0 4110 
3 2 0 4144 
3 2 0 4112 
3 2 0 4143 
3 2 0 4125 
3 2 0 4123 
3 2 0 4115 
3 2 0 4113 
3 2 0 4114 
3 2 0 4122 
3 2 0 4116 
3 2 0 4121 
3 2 0 4117 
3 2 0 4120 
3 2 0 4118 
3 2 0 4119 
3 2 0 4124 
3 2 0 4142 
3 2 0 4130 
3 2 0 4126 
3 2 0 4129 
3 2 0 4127 
3 2 0 4128 
3 2 0 4141 
3 2 0 4131 
3 2 0 4140 
3 2 0 4134 
3 2 0 4132 
3 2 0 4133 
3 2 0 4139 
3 2 0 4135 
3 2 0 4138 
3 2 0 4136 
3 2 0 4137 
3 2 0 4146 
1 1 0 
1 1 0 
2 3 4203 4204 0 
1 1 0 
1 1 0 
1 1 0 
2 3 4207 4208 0 
2 3 4206 4209 0 
2 3 4205 4210 0 
1 1 0 
1 1 0 
1 1 0 
1 1 0 
1 1 0 
1 1 0 
1 1 0 
1 1 0 
1 1 0 
1 1 0 
2 3 4220 4221 0 
1 1 0 
2 3 4222 4223 0 
2 3 4219 4224 0 
1 1 0 
2 3 4225 4226 0 
2 3 4218 4227 0 
1 1 0 
2 3 4228 4229 0 
2 3 4217 4230 0 
2 3 4216 4231 0 
2 3 4215 4232 0 
2 3 4214 4233 0 
2 3 4213 4234 0 
2 3 4212 4235 0 
1 1 0 
2 3 4236 4237 0 
2 3 4211 4238 0 
3 2 0 4239 
3 2 0 4211 
3 2 0 4205 
3 2 0 4203 
3 2 0 4204 
3 2 0 4210 
3 2 0 4206 
3 2 0 4209 
3 2 0 4207 
3 2 0 4208 
3 2 0 4238 
3 2 0 4236 
3 2 0 4212 
3 2 0 4235 
3 2 0 4213 
3 2 0 4234 
3 2 0 4214 
3 2 0 4233 
3 2 0 4215 
3 2 0 4232 
3 2 0 4216 
3 2 0 4231 
3 2 0 4217 
3 2 0 4230 
3 2 0 4228 
3 2 0 4218 
3 2 0 4227 
3 2 0 4225 
3 2 0 4219 
3 2 0 4224 
3 2 0 4222 
3 2 0 4220 
3 2 0 4221 
3 2 0 4223 
3 2 0 4226 
3 2 0 4229 
3 2 0 4237 
1 1 0 
1 1 0 
1 1 0 
1 1 0 
2 3 4279 4280 0 
1 1 0 
1 1 0 
1 1 0 
2 3 4283 4284 0 
2 3 4282 4285 0 
2 3 4281 4286 0 
1 1 0 
1 1 0 
1 1 0 
1 1 0 
2 3 4290 4291 0 
2 3 4289 4292 0 
1 1 0 
1 1 0 
1 1 0 
1 1 0 
1 1 0 
1 1 0 
1 1 0 
2 3 4299 4300 0 
2 3 4298 4301 0 
2 3 4297 4302 0 
2 3 4296 4303 0 
2 3 4295 4304 0 
2 3 4294 4305 0 
2 3 4293 4306 0 
2 3 4288 4307 0 
2 3 4287 4308 0 
2 3 4278 4309 0 
2 3 4277 4310 0 
1 1 0 
2 3 4311 4312 0 
1 1 0 
2 3 4313 4314 0 
1 1 0 
1 1 0 
1 1 0 
1 1 0 
1 1 0 
2 3 4319 4320 0 
2 3 4318 4321 0 
1 1 0 
1 1 0 
1 1 0 
2 3 4324 4325 0 
2 3 4323 4326 0 
2 3 4322 4327 0 
2 3 4317 4328 0 
2 3 4316 4329 0 
2 3 4315 4330 0 
1 1 0 
2 3 4331 4332 0 
3 2 0 4333 
3 2 0 4331 
3 2 0 4315 
3 2 0 4313 
3 2 0 4311 
3 2 0 4277 
3 2 0 4310 
3 2 0 4278 
3 2 0 4309 
3 2 0 4287 
3 2 0 4281 
3 2 0 4279 
3 2 0 4280 
3 2 0 4286 
3 2 0 4282 
3 2 0 4285 
3 2 0 4283 
3 2 0 4284 
3 2 0 4308 
3 2 0 4288 
3 2 0 4307 
3 2 0 4293 
3 2 0 4289 
3 2 0 4292 
3 2 0 4290 
3 2 0 4291 
3 2 0 4306 
3 2 0 4294 
3 2 0 4305 
3 2 0 4295 
3 2 0 4304 
3 2 0 4296 
3 2 0 4303 
3 2 0 4297 
3 2 0 4302 
3 2 0 4298 
3 2 0 4301 
3 2 0 4299 
3 2 0 4300 
3 2 0 4312 
3 2 0 4314 
3 2 0 4330 
3 2 0 4316 
3 2 0 4329 
3 2 0 4317 
3 2 0 4328 
3 2 0 4322 
3 2 0 4318 
3 2 0 4321 
3 2 0 4319 
3 2 0 4320 
3 2 0 4327 
3 2 0 4323 
3 2 0 4326 
3 2 0 4324 
3 2 0 4325 
3 2 0 4332 
1 1 0 
1 1 0 
1 1 0 
1 1 0 
1 1 0 
2 3 4394 4395 0 
1 1 0 
2 3 4396 4397 0 
1 1 0 
2 3 4398 4399 0 
2 3 4393 4400 0 
1 1 0 
1 1 0 
2 3 4402 4403 0 
2 3 4401 4404 0 
2 3 4392 4405 0 
1 1 0 
1 1 0 
1 1 0 
1 1 0 
2 3 4409 4410 0 
1 1 0 
1 1 0 
1 1 0 
2 3 4413 4414 0 
1 1 0 
2 3 4415 4416 0 
2 3 4412 4417 0 
2 3 4411 4418 0 
2 3 4408 4419 0 
2 3 4407 4420 0 
2 3 4406 4421 0 
1 1 0 
2 3 4422 4423 0 
2 3 4391 4424 0 
3 2 0 4425 
3 2 0 4391 
3 2 0 4424 
3 2 0 4422 
3 2 0 4406 
3 2 0 4392 
3 2 0 4405 
3 2 0 4401 
3 2 0 4393 
3 2 0 4400 
3 2 0 4398 
3 2 0 4396 
3 2 0 4394 
3 2 0 4395 
3 2 0 4397 
3 2 0 4399 
3 2 0 4404 
3 2 0 4402 
3 2 0 4403 
3 2 0 4421 
3 2 0 4407 
3 2 0 4420 
3 2 0 4408 
3 2 0 4419 
3 2 0 4411 
3 2 0 4409 
3 2 0 4410 
3 2 0 4418 
3 2 0 4412 
3 2 0 4417 
3 2 0 4415 
3 2 0 4413 
3 2 0 4414 
3 2 0 4416 
3 2 0 4423 
1 1 0 
1 1 0 
1 1 0 
2 3 4462 4463 0 
1 1 0 
1 1 0 
1 1 0 
2 3 4466 4467 0 
2 3 4465 4468 0 
2 3 4464 4469 0 
2 3 4461 4470 0 
1 1 0 
1 1 0 
1 1 0 
1 1 0 
2 3 4474 4475 0 
1 1 0 
1 1 0 
1 1 0 
1 1 0 
1 1 0 
1 1 0 
1 1 0 
2 3 4482 4483 0 
2 3 4481 4484 0 
2 3 4480 4485 0 
2 3 4479 4486 0 
2 3 4478 4487 0 
2 3 4477 4488 0 
2 3 4476 4489 0 
1 1 0 
2 3 4490 4491 0 
2 3 4473 4492 0 
2 3 4472 4493 0 
2 3 4471 4494 0 
3 2 0 4495 
3 2 0 4471 
3 2 0 4461 
3 2 0 4470 
3 2 0 4464 
3 2 0 4462 
3 2 0 4463 
3 2 0 4469 
3 2 0 4465 
3 2 0 4468 
3 2 0 4466 
3 2 0 4467 
3 2 0 4494 
3 2 0 4472 
3 2 0 4493 
3 2 0 4473 
3 2 0 4492 
3 2 0 4490 
3 2 0 4476 
3 2 0 4474 
3 2 0 4475 
3 2 0 4489 
3 2 0 4477 
3 2 0 4488 
3 2 0 4478 
3 2 0 4487 
3 2 0 4479 
3 2 0 4486 
3 2 0 4480 
3 2 0 4485 
3 2 0 4481 
3 2 0 4484 
3 2 0 4482 
3 2 0 4483 
3 2 0 4491 
1 1 0 
1 1 0 
1 1 0 
2 3 4532 4533 0 
2 3 4531 4534 0 
1 1 0 
1 1 0 
1 1 0 
1 1 0 
1 1 0 
1 1 0 
2 3 4540 4541 0 
2 3 4539 4542 0 
2 3 4538 4543 0 
2 3 4537 4544 0 
2 3 4536 4545 0 
2 3 4535 4546 0 
1 1 0 
1 1 0 
1 1 0 
2 3 4549 4550 0 
1 1 0 
2 3 4551 4552 0 
1 1 0 
1 1 0 
1 1 0 
1 1 0 
1 1 0 
1 1 0 
2 3 4558 4559 0 
2 3 4557 4560 0 
1 1 0 
1 1 0 
1 1 0 
2 3 4563 4564 0 
2 3 4562 4565 0 
2 3 4561 4566 0 
2 3 4556 4567 0 
2 3 4555 4568 0 
2 3 4554 4569 0 
2 3 4553 4570 0 
2 3 4548 4571 0 
1 1 0 
2 3 4572 4573 0 
2 3 4547 4574 0 
3 2 0 4575 
3 2 0 4547 
3 2 0 4535 
3 2 0 4531 
3 2 0 4534 
3 2 0 4532 
3 2 0 4533 
3 2 0 4546 
3 2 0 4536 
3 2 0 4545 
3 2 0 4537 
3 2 0 4544 
3 2 0 4538 
3 2 0 4543 
3 2 0 4539 
3 2 0 4542 
3 2 0 4540 
3 2 0 4541 
3 2 0 4574 
3 2 0 4572 
3 2 0 4548 
3 2 0 4571 
3 2 0 4553 
3 2 0 4551 
3 2 0 4549 
3 2 0 4550 
3 2 0 4552 
3 2 0 4570 
3 2 0 4554 
3 2 0 4569 
3 2 0 4555 
3 2 0 4568 
3 2 0 4556 
3 2 0 4567 
3 2 0 4561 
3 2 0 4557 
3 2 0 4560 
3 2 0 4558 
3 2 0 4559 
3 2 0 4566 
3 2 0 4562 
3 2 0 4565 
3 2 0 4563 
3 2 0 4564 
3 2 0 4573 
28 2310 82 83 84 85 86 87 88 89 90 91 92 93 94 95 96 97 98 99 100 101 102 103 104 105 106 107 108 109 110 111 112 113 114 115 116 117 118 119 120 121 122 123 124 125 126 127 128 129 130 131 132 133 134 135 136 137 138 139 140 141 142 143 144 145 146 147 148 149 150 151 152 153 154 155 156 157 158 159 160 161 162 172 173 174 175 176 177 178 179 180 210 211 212 213 214 215 216 217 218 219 220 221 222 223 224 225 226 227 228 229 230 231 232 233 234 235 236 237 238 282 283 284 285 286 287 288 289 290 291 292 293 294 295 296 297 298 299 300 301 302 303 304 305 306 307 308 309 310 311 312 313 314 315 316 317 318 319 320 321 322 323 324 380 381 382 383 384 385 386 387 388 389 390 391 392 393 394 395 396 397 398 399 400 401 402 403 404 405 406 407 408 409 410 411 412 413 414 415 416 417 418 419 420 421 422 423 424 425 426 427 428 429 430 431 432 433 434 460 461 462 463 464 465 466 467 468 469 470 471 472 473 474 475 476 477 478 479 480 481 482 483 484 504 505 506 507 508 509 510 511 512 513 514 515 516 517 518 519 520 521 522 564 565 566 567 568 569 570 571 572 573 574 575 576 577 578 579 580 581 582 583 584 585 586 587 588 589 590 591 592 593 594 595 596 597 598 599 600 601 602 603 604 638 639 640 641 642 643 644 645 646 647 648 649 650 651 652 653 654 655 656 657 658 659 660 661 662 663 664 665 666 667 668 669 670 680 681 682 683 684 685 686 687 688 742 743 744 745 746 747 748 749 750 751 752 753 754 755 756 757 758 759 760 761 762 763 764 765 766 767 768 769 770 771 772 773 774 775 776 777 778 779 780 781 782 783 784 785 786 787 788 789 790 791 792 793 794 838 839 840 841 842 843 844 845 846 847 848 849 850 851 852 853 854 855 856 857 858 859 860 861 862 863 864 865 866 867 868 869 870 871 872 873 874 875 876 877 878 879 880 918 919 920 921 922 923 924 925 926 927 928 929 930 931 932 933 934 935 936 937 938 939 940 941 942 943 944 945 946 947 948 949 950 951 952 953 954 972 973 974 975 976 977 978 979 980 981 982 983 984 985 986 987 988 1002 1003 1004 1005 1006 1007 1008 1009 1010 1011 1012 1013 1014 1054 1055 1056 1057 1058 1059 1060 1061 1062 1063 1064 1065 1066 1067 1068 1069 1070 1071 1072 1073 1074 1075 1076 1077 1078 1079 1080 1081 1082 1083 1084 1085 1086 1087 1088 1089 1090 1091 1092 1126 1127 1128 1129 1130 1131 1132 1133 1134 1135 1136 1137 1138 1139 1140 1141 1142 1143 1144 1145 1146 1147 1148 1149 1150 1151 1152 1153 1154 1155 1156 1157 1158 1176 1177 1178 1179 1180 1181 1182 1183 1184 1185 1186 1187 1188 1189 1190 1191 1192 1230 1231 1232 1233 1234 1235 1236 1237 1238 1239 1240 1241 1242 1243 1244 1245 1246 1247 1248 1249 1250 1251 1252 1253 1254 1255 1256 1257 1258 1259 1260 1261 1262 1263 1264 1265 1266 1292 1293 1294 1295 1296 1297 1298 1299 1300 1301 1302 1303 1304 1305 1306 1307 1308 1309 1310 1311 1312 1313 1314 1315 1316 1354 1355 1356 1357 1358 1359 1360 1361 1362 1363 1364 1365 1366 1367 1368 1369 1370 1371 1372 1373 1374 1375 1376 1377 1378 1379 1380 1381 1382 1383 1384 1385 1386 1387 1388 1389 1390 1420 1421 1422 1423 1424 1425 1426 1427 1428 1429 1430 1431 1432 1433 1434 1435 1436 1437 1438 1439 1440 1441 1442 1443 1444 1445 1446 1447 1448 1492 1493 1494 1495 1496 1497 1498 1499 1500 1501 1502 1503 1504 1505 1506 1507 1508 1509 1510 1511 1512 1513 1514 1515 1516 1517 1518 1519 1520 1521 1522 1523 1524 1525 1526 1527 1528 1529 1530 1531 1532 1533 1534 1556 1557 1558 1559 1560 1561 1562 1563 1564 1565 1566 1567 1568 1569 1570 1571 1572 1573 1574 1575 1576 1598 1599 1600 1601 1602 1603 1604 1605 1606 1607 1608 1609 1610 1611 1612 1613 1614 1615 1616 1617 1618 1638 1639 1640 1641 1642 1643 1644 1645 1646 1647 1648 1649 1650 1651 1652 1653 1654 1655 1656 1676 1677 1678 1679 1680 1681 1682 1683 1684 1685 1686 1687 1688 1689 1690 1691 1692 1693 1694 1762 1763 1764 1765 1766 1767 1768 1769 1770 1771 1772 1773 1774 1775 1776 1777 1778 1779 1780 1781 1782 1783 1784 1785 1786 1787 1788 1789 1790 1791 1792 1793 1794 1795 1796 1797 1798 1799 1800 1801 1802 1803 1804 1805 1806 1807 1808 1809 1810 1811 1812 1813 1814 1815 1816 1817 1818 1819 1820 1821 1822 1823 1824 1825 1826 1827 1828 1878 1879 1880 1881 1882 1883 1884 1885 1886 1887 1888 1889 1890 1891 1892 1893 1894 1895 1896 1897 1898 1899 1900 1901 1902 1903 1904 1905 1906 1907 1908 1909 1910 1911 1912 1913 1914 1915 1916 1917 1918 1919 1920 1921 1922 1923 1924 1925 1926 1950 1951 1952 1953 1954 1955 1956 1957 1958 1959 1960 1961 1962 1963 1964 1965 1966 1967 1968 1969 1970 1971 1972 2012 2013 2014 2015 2016 2017 2018 2019 2020 2021 2022 2023 2024 2025 2026 2027 2028 2029 2030 2031 2032 2033 2034 2035 2036 2037 2038 2039 2040 2041 2042 2043 2044 2045 2046 2047 2048 2049 2050 2102 2103 2104 2105 2106 2107 2108 2109 2110 2111 2112 2113 2114 2115 2116 2117 2118 2119 2120 2121 2122 2123 2124 2125 2126 2127 2128 2129 2130 2131 2132 2133 2134 2135 2136 2137 2138 2139 2140 2141 2142 2143 2144 2145 2146 2147 2148 2149 2150 2151 2152 2188 2189 2190 2191 2192 2193 2194 2195 2196 2197 2198 2199 2200 2201 2202 2203 2204 2205 2206 2207 2208 2209 2210 2211 2212 2213 2214 2215 2216 2217 2218 2219 2220 2221 2222 2274 2275 2276 2277 2278 2279 2280 2281 2282 2283 2284 2285 2286 2287 2288 2289 2290 2291 2292 2293 2294 2295 2296 2297 2298 2299 2300 2301 2302 2303 2304 2305 2306 2307 2308 2309 2310 2311 2312 2313 2314 2315 2316 2317 2318 2319 2320 2321 2322 2323 2324 2336 2337 2338 2339 2340 2341 2342 2343 2344 2345 2346 2374 2375 2376 2377 2378 2379 2380 2381 2382 2383 2384 2385 2386 2387 2388 2389 2390 2391 2392 2393 2394 2395 2396 2397 2398 2399 2400 2432 2433 2434 2435 2436 2437 2438 2439 2440 2441 2442 2443 2444 2445 2446 2447 2448 2449 2450 2451 2452 2453 2454 2455 2456 2457 2458 2459 2460 2461 2462 2492 2493 2494 2495 2496 2497 2498 2499 2500 2501 2502 2503 2504 2505 2506 2507 2508 2509 2510 2511 2512 2513 2514 2515 2516 2517 2518 2519 2520 2542 2543 2544 2545 2546 2547 2548 2549 2550 2551 2552 2553 2554 2555 2556 2557 2558 2559 2560 2561 2562 2604 2605 2606 2607 2608 2609 2610 2611 2612 2613 2614 2615 2616 2617 2618 2619 2620 2621 2622 2623 2624 2625 2626 2627 2628 2629 2630 2631 2632 2633 2634 2635 2636 2637 2638 2639 2640 2641 2642 2643 2644 2668 2669 2670 2671 2672 2673 2674 2675 2676 2677 2678 2679 2680 2681 2682 2683 2684 2685 2686 2687 2688 2689 2690 2754 2755 2756 2757 2758 2759 2760 2761 2762 2763 2764 2765 2766 2767 2768 2769 2770 2771 2772 2773 2774 2775 2776 2777 2778 2779 2780 2781 2782 2783 2784 2785 2786 2787 2788 2789 2790 2791 2792 2793 2794 2795 2796 2797 2798 2799 2800 2801 2802 2803 2804 2805 2806 2807 2808 2809 2810 2811 2812 2813 2814 2815 2816 2846 2847 2848 2849 2850 2851 2852 2853 2854 2855 2856 2857 2858 2859 2860 2861 2862 2863 2864 2865 2866 2867 2868 2869 2870 2871 2872 2873 2874 2924 2925 2926 2927 2928 2929 2930 2931 2932 2933 2934 2935 2936 2937 2938 2939 2940 2941 2942 2943 2944 2945 2946 2947 2948 2949 2950 2951 2952 2953 2954 2955 2956 2957 2958 2959 2960 2961 2962 2963 2964 2965 2966 2967 2968 2969 2970 2971 2972 3034 3035 3036 3037 3038 3039 3040 3041 3042 3043 3044 3045 3046 3047 3048 3049 3050 3051 3052 3053 3054 3055 3056 3057 3058 3059 3060 3061 3062 3063 3064 3065 3066 3067 3068 3069 3070 3071 3072 3073 3074 3075 3076 3077 3078 3079 3080 3081 3082 3083 3084 3085 3086 3087 3088 3089 3090 3091 3092 3093 3094 3130 3131 3132 3133 3134 3135 3136 3137 3138 3139 3140 3141 3142 3143 3144 3145 3146 3147 3148 3149 3150 3151 3152 3153 3154 3155 3156 3157 3158 3159 3160 3161 3162 3163 3164 3232 3233 3234 3235 3236 3237 3238 3239 3240 3241 3242 3243 3244 3245 3246 3247 3248 3249 3250 3251 3252 3253 3254 3255 3256 3257 3258 3259 3260 3261 3262 3263 3264 3265 3266 3267 3268 3269 3270 3271 3272 3273 3274 3275 3276 3277 3278 3279 3280 3281 3282 3283 3284 3285 3286 3287 3288 3289 3290 3291 3292 3293 3294 3295 3296 3297 3298 3334 3335 3336 3337 3338 3339 3340 3341 3342 3343 3344 3345 3346 3347 3348 3349 3350 3351 3352 3353 3354 3355 3356 3357 3358 3359 3360 3361 3362 3363 3364 3365 3366 3367 3368 3406 3407 3408 3409 3410 3411 3412 3413 3414 3415 3416 3417 3418 3419 3420 3421 3422 3423 3424 3425 3426 3427 3428 3429 3430 3431 3432 3433 3434 3435 3436 3437 3438 3439 3440 3441 3442 3466 3467 3468 3469 3470 3471 3472 3473 3474 3475 3476 3477 3478 3479 3480 3481 3482 3483 3484 3485 3486 3487 3488 3540 3541 3542 3543 3544 3545 3546 3547 3548 3549 3550 3551 3552 3553 3554 3555 3556 3557 3558 3559 3560 3561 3562 3563 3564 3565 3566 3567 3568 3569 3570 3571 3572 3573 3574 3575 3576 3577 3578 3579 3580 3581 3582 3583 3584 3585 3586 3587 3588 3589 3590 3606 3607 3608 3609 3610 3611 3612 3613 3614 3615 3616 3617 3618 3619 3620 3658 3659 3660 3661 3662 3663 3664 3665 3666 3667 3668 3669 3670 3671 3672 3673 3674 3675 3676 3677 3678 3679 3680 3681 3682 3683 3684 3685 3686 3687 3688 3689 3690 3691 3692 3693 3694 3752 3753 3754 3755 3756 3757 3758 3759 3760 3761 3762 3763 3764 3765 3766 3767 3768 3769 3770 3771 3772 3773 3774 3775 3776 3777 3778 3779 3780 3781 3782 3783 3784 3785 3786 3787 3788 3789 3790 3791 3792 3793 3794 3795 3796 3797 3798 3799 3800 3801 3802 3803 3804 3805 3806 3807 3808 3838 3839 3840 3841 3842 3843 3844 3845 3846 3847 3848 3849 3850 3851 3852 3853 3854 3855 3856 3857 3858 3859 3860 3861 3862 3863 3864 3865 3866 3950 3951 3952 3953 3954 3955 3956 3957 3958 3959 3960 3961 3962 3963 3964 3965 3966 3967 3968 3969 3970 3971 3972 3973 3974 3975 3976 3977 3978 3979 3980 3981 3982 3983 3984 3985 3986 3987 3988 3989 3990 3991 3992 3993 3994 3995 3996 3997 3998 3999 4000 4001 4002 4003 4004 4005 4006 4007 4008 4009 4010 4011 4012 4013 4014 4015 4016 4017 4018 4019 4020 4021 4022 4023 4024 4025 4026 4027 4028 4029 4030 4031 4032 4044 4045 4046 4047 4048 4049 4050 4051 4052 4053 4054 4074 4075 4076 4077 4078 4079 4080 4081 4082 4083 4084 4085 4086 4087 4088 4089 4090 4091 4092 4148 4149 4150 4151 4152 4153 4154 4155 4156 4157 4158 4159 4160 4161 4162 4163 4164 4165 4166 4167 4168 4169 4170 4171 4172 4173 4174 4175 4176 4177 4178 4179 4180 4181 4182 4183 4184 4185 4186 4187 4188 4189 4190 4191 4192 4193 4194 4195 4196 4197 4198 4199 4200 4201 4202 4240 4241 4242 4243 4244 4245 4246 4247 4248 4249 4250 4251 4252 4253 4254 4255 4256 4257 4258 4259 4260 4261 4262 4263 4264 4265 4266 4267 4268 4269 4270 4271 4272 4273 4274 4275 4276 4334 4335 4336 4337 4338 4339 4340 4341 4342 4343 4344 4345 4346 4347 4348 4349 4350 4351 4352 4353 4354 4355 4356 4357 4358 4359 4360 4361 4362 4363 4364 4365 4366 4367 4368 4369 4370 4371 4372 4373 4374 4375 4376 4377 4378 4379 4380 4381 4382 4383 4384 4385 4386 4387 4388 4389 4390 4426 4427 4428 4429 4430 4431 4432 4433 4434 4435 4436 4437 4438 4439 4440 4441 4442 4443 4444 4445 4446 4447 4448 4449 4450 4451 4452 4453 4454 4455 4456 4457 4458 4459 4460 4496 4497 4498 4499 4500 4501 4502 4503 4504 4505 4506 4507 4508 4509 4510 4511 4512 4513 4514 4515 4516 4517 4518 4519 4520 4521 4522 4523 4524 4525 4526 4527 4528 4529 4530 4576 4577 4578 4579 4580 4581 4582 4583 4584 4585 4586 4587 4588 4589 4590 4591 4592 4593 4594 4595 4596 4597 4598 4599 4600 4601 4602 4603 4604 4605 4606 4607 4608 4609 4610 4611 4612 4613 4614 4615 4616 4617 4618 4619 4620 
