4974
0 0 
1 1 0 
1 1 0 
1 1 0 
1 1 0 
1 1 0 
1 1 0 
1 1 0 
2 3 6 7 0 
2 3 5 8 0 
2 3 4 9 0 
1 1 0 
1 1 0 
1 1 0 
1 1 0 
1 1 0 
1 1 0 
1 1 0 
2 3 16 17 0 
1 1 0 
1 1 0 
2 3 19 20 0 
2 3 18 21 0 
2 3 15 22 0 
2 3 14 23 0 
2 3 13 24 0 
2 3 12 25 0 
2 3 11 26 0 
2 3 10 27 0 
2 3 3 28 0 
2 3 2 29 0 
1 1 0 
1 1 0 
1 1 0 
1 1 0 
1 1 0 
1 1 0 
1 1 0 
2 3 36 37 0 
1 1 0 
1 1 0 
1 1 0 
1 1 0 
2 3 41 42 0 
1 1 0 
1 1 0 
2 3 44 45 0 
1 1 0 
1 1 0 
1 1 0 
1 1 0 
1 1 0 
1 1 0 
1 1 0 
1 1 0 
1 1 0 
2 3 54 55 0 
2 3 53 56 0 
2 3 52 57 0 
2 3 51 58 0 
2 3 50 59 0 
2 3 49 60 0 
2 3 48 61 0 
2 3 47 62 0 
2 3 46 63 0 
2 3 43 64 0 
2 3 40 65 0 
2 3 39 66 0 
2 3 38 67 0 
2 3 35 68 0 
2 3 34 69 0 
2 3 33 70 0 
2 3 32 71 0 
2 3 31 72 0 
2 3 30 73 0 
1 1 0 
2 3 74 75 0 
2 3 1 76 0 
3 2 0 77 
3 2 0 1 
3 2 0 76 
3 2 0 74 
3 2 0 30 
3 2 0 2 
3 2 0 29 
3 2 0 3 
3 2 0 28 
3 2 0 10 
3 2 0 4 
3 2 0 9 
3 2 0 5 
3 2 0 8 
3 2 0 6 
3 2 0 7 
3 2 0 27 
3 2 0 11 
3 2 0 26 
3 2 0 12 
3 2 0 25 
3 2 0 13 
3 2 0 24 
3 2 0 14 
3 2 0 23 
3 2 0 15 
3 2 0 22 
3 2 0 18 
3 2 0 16 
3 2 0 17 
3 2 0 21 
3 2 0 19 
3 2 0 20 
3 2 0 73 
3 2 0 31 
3 2 0 72 
3 2 0 32 
3 2 0 71 
3 2 0 33 
3 2 0 70 
3 2 0 34 
3 2 0 69 
3 2 0 35 
3 2 0 68 
3 2 0 38 
3 2 0 36 
3 2 0 37 
3 2 0 67 
3 2 0 39 
3 2 0 66 
3 2 0 40 
3 2 0 65 
3 2 0 43 
3 2 0 41 
3 2 0 42 
3 2 0 64 
3 2 0 46 
3 2 0 44 
3 2 0 45 
3 2 0 63 
3 2 0 47 
3 2 0 62 
3 2 0 48 
3 2 0 61 
3 2 0 49 
3 2 0 60 
3 2 0 50 
3 2 0 59 
3 2 0 51 
3 2 0 58 
3 2 0 52 
3 2 0 57 
3 2 0 53 
3 2 0 56 
3 2 0 54 
3 2 0 55 
3 2 0 75 
1 1 0 
1 1 0 
2 3 155 156 0 
1 1 0 
2 3 157 158 0 
1 1 0 
1 1 0 
2 3 160 161 0 
1 1 0 
1 1 0 
1 1 0 
2 3 164 165 0 
1 1 0 
2 3 166 167 0 
1 1 0 
2 3 168 169 0 
1 1 0 
1 1 0 
2 3 171 172 0 
2 3 170 173 0 
1 1 0 
2 3 174 175 0 
1 1 0 
1 1 0 
1 1 0 
1 1 0 
1 1 0 
2 3 180 181 0 
1 1 0 
1 1 0 
1 1 0 
2 3 184 185 0 
2 3 183 186 0 
2 3 182 187 0 
2 3 179 188 0 
2 3 178 189 0 
2 3 177 190 0 
2 3 176 191 0 
2 3 163 192 0 
2 3 162 193 0 
2 3 159 194 0 
1 1 0 
2 3 195 196 0 
3 2 0 197 
3 2 0 195 
3 2 0 159 
3 2 0 157 
3 2 0 155 
3 2 0 156 
3 2 0 158 
3 2 0 194 
3 2 0 162 
3 2 0 160 
3 2 0 161 
3 2 0 193 
3 2 0 163 
3 2 0 192 
3 2 0 176 
3 2 0 174 
3 2 0 170 
3 2 0 168 
3 2 0 166 
3 2 0 164 
3 2 0 165 
3 2 0 167 
3 2 0 169 
3 2 0 173 
3 2 0 171 
3 2 0 172 
3 2 0 175 
3 2 0 191 
3 2 0 177 
3 2 0 190 
3 2 0 178 
3 2 0 189 
3 2 0 179 
3 2 0 188 
3 2 0 182 
3 2 0 180 
3 2 0 181 
3 2 0 187 
3 2 0 183 
3 2 0 186 
3 2 0 184 
3 2 0 185 
3 2 0 196 
1 1 0 
1 1 0 
1 1 0 
1 1 0 
2 3 243 244 0 
2 3 242 245 0 
2 3 241 246 0 
1 1 0 
1 1 0 
1 1 0 
1 1 0 
2 3 250 251 0 
2 3 249 252 0 
2 3 248 253 0 
2 3 247 254 0 
1 1 0 
1 1 0 
2 3 256 257 0 
1 1 0 
2 3 258 259 0 
2 3 255 260 0 
3 2 0 261 
3 2 0 255 
3 2 0 247 
3 2 0 241 
3 2 0 246 
3 2 0 242 
3 2 0 245 
3 2 0 243 
3 2 0 244 
3 2 0 254 
3 2 0 248 
3 2 0 253 
3 2 0 249 
3 2 0 252 
3 2 0 250 
3 2 0 251 
3 2 0 260 
3 2 0 258 
3 2 0 256 
3 2 0 257 
3 2 0 259 
1 1 0 
1 1 0 
2 3 283 284 0 
1 1 0 
1 1 0 
1 1 0 
1 1 0 
2 3 288 289 0 
2 3 287 290 0 
1 1 0 
1 1 0 
2 3 292 293 0 
2 3 291 294 0 
1 1 0 
1 1 0 
1 1 0 
2 3 297 298 0 
2 3 296 299 0 
2 3 295 300 0 
2 3 286 301 0 
1 1 0 
2 3 302 303 0 
2 3 285 304 0 
3 2 0 305 
3 2 0 285 
3 2 0 283 
3 2 0 284 
3 2 0 304 
3 2 0 302 
3 2 0 286 
3 2 0 301 
3 2 0 295 
3 2 0 291 
3 2 0 287 
3 2 0 290 
3 2 0 288 
3 2 0 289 
3 2 0 294 
3 2 0 292 
3 2 0 293 
3 2 0 300 
3 2 0 296 
3 2 0 299 
3 2 0 297 
3 2 0 298 
3 2 0 303 
1 1 0 
1 1 0 
1 1 0 
1 1 0 
1 1 0 
2 3 332 333 0 
1 1 0 
2 3 334 335 0 
1 1 0 
1 1 0 
1 1 0 
1 1 0 
1 1 0 
2 3 340 341 0 
1 1 0 
2 3 342 343 0 
1 1 0 
1 1 0 
2 3 345 346 0 
2 3 344 347 0 
2 3 339 348 0 
2 3 338 349 0 
1 1 0 
2 3 350 351 0 
1 1 0 
2 3 352 353 0 
1 1 0 
1 1 0 
2 3 355 356 0 
1 1 0 
2 3 357 358 0 
1 1 0 
1 1 0 
2 3 360 361 0 
2 3 359 362 0 
2 3 354 363 0 
1 1 0 
2 3 364 365 0 
1 1 0 
2 3 366 367 0 
1 1 0 
1 1 0 
1 1 0 
1 1 0 
2 3 371 372 0 
2 3 370 373 0 
2 3 369 374 0 
2 3 368 375 0 
1 1 0 
2 3 376 377 0 
1 1 0 
1 1 0 
1 1 0 
1 1 0 
2 3 381 382 0 
1 1 0 
2 3 383 384 0 
2 3 380 385 0 
2 3 379 386 0 
2 3 378 387 0 
2 3 337 388 0 
2 3 336 389 0 
2 3 331 390 0 
1 1 0 
2 3 391 392 0 
2 3 330 393 0 
2 3 329 394 0 
3 2 0 395 
3 2 0 329 
3 2 0 394 
3 2 0 330 
3 2 0 393 
3 2 0 391 
3 2 0 331 
3 2 0 390 
3 2 0 336 
3 2 0 334 
3 2 0 332 
3 2 0 333 
3 2 0 335 
3 2 0 389 
3 2 0 337 
3 2 0 388 
3 2 0 378 
3 2 0 376 
3 2 0 368 
3 2 0 366 
3 2 0 364 
3 2 0 354 
3 2 0 352 
3 2 0 350 
3 2 0 338 
3 2 0 349 
3 2 0 339 
3 2 0 348 
3 2 0 344 
3 2 0 342 
3 2 0 340 
3 2 0 341 
3 2 0 343 
3 2 0 347 
3 2 0 345 
3 2 0 346 
3 2 0 351 
3 2 0 353 
3 2 0 363 
3 2 0 359 
3 2 0 357 
3 2 0 355 
3 2 0 356 
3 2 0 358 
3 2 0 362 
3 2 0 360 
3 2 0 361 
3 2 0 365 
3 2 0 367 
3 2 0 375 
3 2 0 369 
3 2 0 374 
3 2 0 370 
3 2 0 373 
3 2 0 371 
3 2 0 372 
3 2 0 377 
3 2 0 387 
3 2 0 379 
3 2 0 386 
3 2 0 380 
3 2 0 385 
3 2 0 383 
3 2 0 381 
3 2 0 382 
3 2 0 384 
3 2 0 392 
1 1 0 
1 1 0 
1 1 0 
1 1 0 
1 1 0 
2 3 466 467 0 
2 3 465 468 0 
1 1 0 
1 1 0 
1 1 0 
1 1 0 
2 3 472 473 0 
1 1 0 
1 1 0 
1 1 0 
1 1 0 
1 1 0 
1 1 0 
1 1 0 
1 1 0 
2 3 481 482 0 
1 1 0 
2 3 483 484 0 
2 3 480 485 0 
2 3 479 486 0 
2 3 478 487 0 
2 3 477 488 0 
2 3 476 489 0 
2 3 475 490 0 
2 3 474 491 0 
2 3 471 492 0 
2 3 470 493 0 
2 3 469 494 0 
2 3 464 495 0 
2 3 463 496 0 
1 1 0 
1 1 0 
2 3 498 499 0 
1 1 0 
1 1 0 
1 1 0 
1 1 0 
1 1 0 
1 1 0 
1 1 0 
2 3 506 507 0 
2 3 505 508 0 
2 3 504 509 0 
2 3 503 510 0 
2 3 502 511 0 
2 3 501 512 0 
2 3 500 513 0 
1 1 0 
2 3 514 515 0 
2 3 497 516 0 
3 2 0 517 
3 2 0 497 
3 2 0 463 
3 2 0 496 
3 2 0 464 
3 2 0 495 
3 2 0 469 
3 2 0 465 
3 2 0 468 
3 2 0 466 
3 2 0 467 
3 2 0 494 
3 2 0 470 
3 2 0 493 
3 2 0 471 
3 2 0 492 
3 2 0 474 
3 2 0 472 
3 2 0 473 
3 2 0 491 
3 2 0 475 
3 2 0 490 
3 2 0 476 
3 2 0 489 
3 2 0 477 
3 2 0 488 
3 2 0 478 
3 2 0 487 
3 2 0 479 
3 2 0 486 
3 2 0 480 
3 2 0 485 
3 2 0 483 
3 2 0 481 
3 2 0 482 
3 2 0 484 
3 2 0 516 
3 2 0 514 
3 2 0 500 
3 2 0 498 
3 2 0 499 
3 2 0 513 
3 2 0 501 
3 2 0 512 
3 2 0 502 
3 2 0 511 
3 2 0 503 
3 2 0 510 
3 2 0 504 
3 2 0 509 
3 2 0 505 
3 2 0 508 
3 2 0 506 
3 2 0 507 
3 2 0 515 
1 1 0 
1 1 0 
2 3 573 574 0 
1 1 0 
1 1 0 
1 1 0 
1 1 0 
2 3 578 579 0 
2 3 577 580 0 
2 3 576 581 0 
2 3 575 582 0 
1 1 0 
1 1 0 
1 1 0 
1 1 0 
2 3 586 587 0 
1 1 0 
2 3 588 589 0 
1 1 0 
1 1 0 
1 1 0 
1 1 0 
2 3 593 594 0 
2 3 592 595 0 
2 3 591 596 0 
2 3 590 597 0 
2 3 585 598 0 
2 3 584 599 0 
1 1 0 
2 3 600 601 0 
2 3 583 602 0 
3 2 0 603 
3 2 0 583 
3 2 0 575 
3 2 0 573 
3 2 0 574 
3 2 0 582 
3 2 0 576 
3 2 0 581 
3 2 0 577 
3 2 0 580 
3 2 0 578 
3 2 0 579 
3 2 0 602 
3 2 0 600 
3 2 0 584 
3 2 0 599 
3 2 0 585 
3 2 0 598 
3 2 0 590 
3 2 0 588 
3 2 0 586 
3 2 0 587 
3 2 0 589 
3 2 0 597 
3 2 0 591 
3 2 0 596 
3 2 0 592 
3 2 0 595 
3 2 0 593 
3 2 0 594 
3 2 0 601 
1 1 0 
1 1 0 
1 1 0 
1 1 0 
2 3 637 638 0 
1 1 0 
1 1 0 
1 1 0 
1 1 0 
1 1 0 
1 1 0 
2 3 644 645 0 
2 3 643 646 0 
2 3 642 647 0 
2 3 641 648 0 
2 3 640 649 0 
2 3 639 650 0 
1 1 0 
2 3 651 652 0 
1 1 0 
1 1 0 
2 3 654 655 0 
1 1 0 
1 1 0 
1 1 0 
1 1 0 
2 3 659 660 0 
2 3 658 661 0 
2 3 657 662 0 
2 3 656 663 0 
2 3 653 664 0 
2 3 636 665 0 
1 1 0 
2 3 666 667 0 
2 3 635 668 0 
3 2 0 669 
3 2 0 635 
3 2 0 668 
3 2 0 666 
3 2 0 636 
3 2 0 665 
3 2 0 653 
3 2 0 651 
3 2 0 639 
3 2 0 637 
3 2 0 638 
3 2 0 650 
3 2 0 640 
3 2 0 649 
3 2 0 641 
3 2 0 648 
3 2 0 642 
3 2 0 647 
3 2 0 643 
3 2 0 646 
3 2 0 644 
3 2 0 645 
3 2 0 652 
3 2 0 664 
3 2 0 656 
3 2 0 654 
3 2 0 655 
3 2 0 663 
3 2 0 657 
3 2 0 662 
3 2 0 658 
3 2 0 661 
3 2 0 659 
3 2 0 660 
3 2 0 667 
1 1 0 
1 1 0 
2 3 705 706 0 
1 1 0 
2 3 707 708 0 
1 1 0 
1 1 0 
1 1 0 
2 3 711 712 0 
1 1 0 
1 1 0 
1 1 0 
1 1 0 
2 3 716 717 0 
2 3 715 718 0 
2 3 714 719 0 
2 3 713 720 0 
2 3 710 721 0 
2 3 709 722 0 
1 1 0 
2 3 723 724 0 
1 1 0 
2 3 725 726 0 
1 1 0 
1 1 0 
2 3 728 729 0 
1 1 0 
1 1 0 
1 1 0 
1 1 0 
1 1 0 
2 3 734 735 0 
2 3 733 736 0 
2 3 732 737 0 
2 3 731 738 0 
2 3 730 739 0 
2 3 727 740 0 
1 1 0 
2 3 741 742 0 
3 2 0 743 
3 2 0 741 
3 2 0 727 
3 2 0 725 
3 2 0 723 
3 2 0 709 
3 2 0 707 
3 2 0 705 
3 2 0 706 
3 2 0 708 
3 2 0 722 
3 2 0 710 
3 2 0 721 
3 2 0 713 
3 2 0 711 
3 2 0 712 
3 2 0 720 
3 2 0 714 
3 2 0 719 
3 2 0 715 
3 2 0 718 
3 2 0 716 
3 2 0 717 
3 2 0 724 
3 2 0 726 
3 2 0 740 
3 2 0 730 
3 2 0 728 
3 2 0 729 
3 2 0 739 
3 2 0 731 
3 2 0 738 
3 2 0 732 
3 2 0 737 
3 2 0 733 
3 2 0 736 
3 2 0 734 
3 2 0 735 
3 2 0 742 
1 1 0 
1 1 0 
2 3 783 784 0 
1 1 0 
1 1 0 
1 1 0 
1 1 0 
2 3 788 789 0 
2 3 787 790 0 
2 3 786 791 0 
2 3 785 792 0 
1 1 0 
1 1 0 
1 1 0 
1 1 0 
1 1 0 
2 3 797 798 0 
2 3 796 799 0 
2 3 795 800 0 
2 3 794 801 0 
1 1 0 
2 3 802 803 0 
2 3 793 804 0 
3 2 0 805 
3 2 0 793 
3 2 0 785 
3 2 0 783 
3 2 0 784 
3 2 0 792 
3 2 0 786 
3 2 0 791 
3 2 0 787 
3 2 0 790 
3 2 0 788 
3 2 0 789 
3 2 0 804 
3 2 0 802 
3 2 0 794 
3 2 0 801 
3 2 0 795 
3 2 0 800 
3 2 0 796 
3 2 0 799 
3 2 0 797 
3 2 0 798 
3 2 0 803 
1 1 0 
1 1 0 
1 1 0 
1 1 0 
2 3 831 832 0 
2 3 830 833 0 
1 1 0 
2 3 834 835 0 
1 1 0 
2 3 836 837 0 
1 1 0 
1 1 0 
1 1 0 
1 1 0 
2 3 841 842 0 
2 3 840 843 0 
1 1 0 
1 1 0 
1 1 0 
2 3 846 847 0 
2 3 845 848 0 
2 3 844 849 0 
2 3 839 850 0 
2 3 838 851 0 
1 1 0 
2 3 852 853 0 
2 3 829 854 0 
3 2 0 855 
3 2 0 829 
3 2 0 854 
3 2 0 852 
3 2 0 838 
3 2 0 836 
3 2 0 834 
3 2 0 830 
3 2 0 833 
3 2 0 831 
3 2 0 832 
3 2 0 835 
3 2 0 837 
3 2 0 851 
3 2 0 839 
3 2 0 850 
3 2 0 844 
3 2 0 840 
3 2 0 843 
3 2 0 841 
3 2 0 842 
3 2 0 849 
3 2 0 845 
3 2 0 848 
3 2 0 846 
3 2 0 847 
3 2 0 853 
1 1 0 
1 1 0 
1 1 0 
1 1 0 
1 1 0 
2 3 886 887 0 
2 3 885 888 0 
2 3 884 889 0 
2 3 883 890 0 
1 1 0 
1 1 0 
1 1 0 
2 3 893 894 0 
2 3 892 895 0 
2 3 891 896 0 
1 1 0 
1 1 0 
1 1 0 
1 1 0 
2 3 900 901 0 
2 3 899 902 0 
2 3 898 903 0 
2 3 897 904 0 
1 1 0 
2 3 905 906 0 
3 2 0 907 
3 2 0 905 
3 2 0 897 
3 2 0 891 
3 2 0 883 
3 2 0 890 
3 2 0 884 
3 2 0 889 
3 2 0 885 
3 2 0 888 
3 2 0 886 
3 2 0 887 
3 2 0 896 
3 2 0 892 
3 2 0 895 
3 2 0 893 
3 2 0 894 
3 2 0 904 
3 2 0 898 
3 2 0 903 
3 2 0 899 
3 2 0 902 
3 2 0 900 
3 2 0 901 
3 2 0 906 
1 1 0 
1 1 0 
1 1 0 
1 1 0 
2 3 935 936 0 
2 3 934 937 0 
1 1 0 
1 1 0 
1 1 0 
1 1 0 
2 3 941 942 0 
2 3 940 943 0 
1 1 0 
1 1 0 
1 1 0 
1 1 0 
1 1 0 
2 3 948 949 0 
2 3 947 950 0 
2 3 946 951 0 
1 1 0 
1 1 0 
1 1 0 
1 1 0 
1 1 0 
1 1 0 
2 3 957 958 0 
2 3 956 959 0 
2 3 955 960 0 
1 1 0 
1 1 0 
1 1 0 
2 3 963 964 0 
2 3 962 965 0 
2 3 961 966 0 
2 3 954 967 0 
2 3 953 968 0 
2 3 952 969 0 
2 3 945 970 0 
2 3 944 971 0 
2 3 939 972 0 
2 3 938 973 0 
1 1 0 
2 3 974 975 0 
2 3 933 976 0 
3 2 0 977 
3 2 0 933 
3 2 0 976 
3 2 0 974 
3 2 0 938 
3 2 0 934 
3 2 0 937 
3 2 0 935 
3 2 0 936 
3 2 0 973 
3 2 0 939 
3 2 0 972 
3 2 0 944 
3 2 0 940 
3 2 0 943 
3 2 0 941 
3 2 0 942 
3 2 0 971 
3 2 0 945 
3 2 0 970 
3 2 0 952 
3 2 0 946 
3 2 0 951 
3 2 0 947 
3 2 0 950 
3 2 0 948 
3 2 0 949 
3 2 0 969 
3 2 0 953 
3 2 0 968 
3 2 0 954 
3 2 0 967 
3 2 0 961 
3 2 0 955 
3 2 0 960 
3 2 0 956 
3 2 0 959 
3 2 0 957 
3 2 0 958 
3 2 0 966 
3 2 0 962 
3 2 0 965 
3 2 0 963 
3 2 0 964 
3 2 0 975 
1 1 0 
1 1 0 
2 3 1023 1024 0 
1 1 0 
1 1 0 
1 1 0 
1 1 0 
1 1 0 
1 1 0 
1 1 0 
1 1 0 
1 1 0 
2 3 1033 1034 0 
2 3 1032 1035 0 
1 1 0 
1 1 0 
1 1 0 
1 1 0 
1 1 0 
2 3 1040 1041 0 
2 3 1039 1042 0 
2 3 1038 1043 0 
2 3 1037 1044 0 
2 3 1036 1045 0 
2 3 1031 1046 0 
1 1 0 
1 1 0 
1 1 0 
1 1 0 
2 3 1050 1051 0 
2 3 1049 1052 0 
1 1 0 
1 1 0 
1 1 0 
1 1 0 
2 3 1056 1057 0 
2 3 1055 1058 0 
1 1 0 
2 3 1059 1060 0 
1 1 0 
1 1 0 
1 1 0 
2 3 1063 1064 0 
2 3 1062 1065 0 
2 3 1061 1066 0 
1 1 0 
2 3 1067 1068 0 
1 1 0 
1 1 0 
2 3 1070 1071 0 
2 3 1069 1072 0 
2 3 1054 1073 0 
2 3 1053 1074 0 
2 3 1048 1075 0 
2 3 1047 1076 0 
2 3 1030 1077 0 
2 3 1029 1078 0 
2 3 1028 1079 0 
1 1 0 
2 3 1080 1081 0 
2 3 1027 1082 0 
2 3 1026 1083 0 
2 3 1025 1084 0 
1 1 0 
2 3 1085 1086 0 
3 2 0 1087 
3 2 0 1085 
3 2 0 1025 
3 2 0 1023 
3 2 0 1024 
3 2 0 1084 
3 2 0 1026 
3 2 0 1083 
3 2 0 1027 
3 2 0 1082 
3 2 0 1080 
3 2 0 1028 
3 2 0 1079 
3 2 0 1029 
3 2 0 1078 
3 2 0 1030 
3 2 0 1077 
3 2 0 1047 
3 2 0 1031 
3 2 0 1046 
3 2 0 1036 
3 2 0 1032 
3 2 0 1035 
3 2 0 1033 
3 2 0 1034 
3 2 0 1045 
3 2 0 1037 
3 2 0 1044 
3 2 0 1038 
3 2 0 1043 
3 2 0 1039 
3 2 0 1042 
3 2 0 1040 
3 2 0 1041 
3 2 0 1076 
3 2 0 1048 
3 2 0 1075 
3 2 0 1053 
3 2 0 1049 
3 2 0 1052 
3 2 0 1050 
3 2 0 1051 
3 2 0 1074 
3 2 0 1054 
3 2 0 1073 
3 2 0 1069 
3 2 0 1067 
3 2 0 1061 
3 2 0 1059 
3 2 0 1055 
3 2 0 1058 
3 2 0 1056 
3 2 0 1057 
3 2 0 1060 
3 2 0 1066 
3 2 0 1062 
3 2 0 1065 
3 2 0 1063 
3 2 0 1064 
3 2 0 1068 
3 2 0 1072 
3 2 0 1070 
3 2 0 1071 
3 2 0 1081 
3 2 0 1086 
1 1 0 
1 1 0 
2 3 1153 1154 0 
1 1 0 
2 3 1155 1156 0 
1 1 0 
1 1 0 
2 3 1158 1159 0 
2 3 1157 1160 0 
1 1 0 
2 3 1161 1162 0 
1 1 0 
1 1 0 
1 1 0 
1 1 0 
2 3 1166 1167 0 
2 3 1165 1168 0 
1 1 0 
1 1 0 
2 3 1170 1171 0 
1 1 0 
1 1 0 
1 1 0 
1 1 0 
1 1 0 
2 3 1176 1177 0 
2 3 1175 1178 0 
2 3 1174 1179 0 
2 3 1173 1180 0 
2 3 1172 1181 0 
1 1 0 
1 1 0 
1 1 0 
1 1 0 
1 1 0 
2 3 1186 1187 0 
2 3 1185 1188 0 
1 1 0 
1 1 0 
1 1 0 
1 1 0 
1 1 0 
1 1 0 
2 3 1194 1195 0 
1 1 0 
2 3 1196 1197 0 
1 1 0 
1 1 0 
1 1 0 
2 3 1200 1201 0 
2 3 1199 1202 0 
2 3 1198 1203 0 
1 1 0 
2 3 1204 1205 0 
1 1 0 
2 3 1206 1207 0 
1 1 0 
1 1 0 
2 3 1209 1210 0 
1 1 0 
1 1 0 
1 1 0 
2 3 1213 1214 0 
2 3 1212 1215 0 
2 3 1211 1216 0 
2 3 1208 1217 0 
2 3 1193 1218 0 
2 3 1192 1219 0 
2 3 1191 1220 0 
2 3 1190 1221 0 
2 3 1189 1222 0 
2 3 1184 1223 0 
2 3 1183 1224 0 
2 3 1182 1225 0 
2 3 1169 1226 0 
2 3 1164 1227 0 
1 1 0 
2 3 1228 1229 0 
2 3 1163 1230 0 
3 2 0 1231 
3 2 0 1163 
3 2 0 1161 
3 2 0 1157 
3 2 0 1155 
3 2 0 1153 
3 2 0 1154 
3 2 0 1156 
3 2 0 1160 
3 2 0 1158 
3 2 0 1159 
3 2 0 1162 
3 2 0 1230 
3 2 0 1228 
3 2 0 1164 
3 2 0 1227 
3 2 0 1169 
3 2 0 1165 
3 2 0 1168 
3 2 0 1166 
3 2 0 1167 
3 2 0 1226 
3 2 0 1182 
3 2 0 1172 
3 2 0 1170 
3 2 0 1171 
3 2 0 1181 
3 2 0 1173 
3 2 0 1180 
3 2 0 1174 
3 2 0 1179 
3 2 0 1175 
3 2 0 1178 
3 2 0 1176 
3 2 0 1177 
3 2 0 1225 
3 2 0 1183 
3 2 0 1224 
3 2 0 1184 
3 2 0 1223 
3 2 0 1189 
3 2 0 1185 
3 2 0 1188 
3 2 0 1186 
3 2 0 1187 
3 2 0 1222 
3 2 0 1190 
3 2 0 1221 
3 2 0 1191 
3 2 0 1220 
3 2 0 1192 
3 2 0 1219 
3 2 0 1193 
3 2 0 1218 
3 2 0 1208 
3 2 0 1206 
3 2 0 1204 
3 2 0 1198 
3 2 0 1196 
3 2 0 1194 
3 2 0 1195 
3 2 0 1197 
3 2 0 1203 
3 2 0 1199 
3 2 0 1202 
3 2 0 1200 
3 2 0 1201 
3 2 0 1205 
3 2 0 1207 
3 2 0 1217 
3 2 0 1211 
3 2 0 1209 
3 2 0 1210 
3 2 0 1216 
3 2 0 1212 
3 2 0 1215 
3 2 0 1213 
3 2 0 1214 
3 2 0 1229 
1 1 0 
1 1 0 
1 1 0 
1 1 0 
1 1 0 
1 1 0 
1 1 0 
2 3 1316 1317 0 
2 3 1315 1318 0 
2 3 1314 1319 0 
1 1 0 
1 1 0 
1 1 0 
1 1 0 
1 1 0 
2 3 1324 1325 0 
2 3 1323 1326 0 
1 1 0 
1 1 0 
1 1 0 
2 3 1329 1330 0 
2 3 1328 1331 0 
1 1 0 
2 3 1332 1333 0 
2 3 1327 1334 0 
1 1 0 
2 3 1335 1336 0 
1 1 0 
2 3 1337 1338 0 
1 1 0 
1 1 0 
1 1 0 
1 1 0 
2 3 1342 1343 0 
2 3 1341 1344 0 
1 1 0 
2 3 1345 1346 0 
2 3 1340 1347 0 
2 3 1339 1348 0 
2 3 1322 1349 0 
2 3 1321 1350 0 
2 3 1320 1351 0 
2 3 1313 1352 0 
1 1 0 
1 1 0 
1 1 0 
2 3 1355 1356 0 
2 3 1354 1357 0 
2 3 1353 1358 0 
1 1 0 
2 3 1359 1360 0 
2 3 1312 1361 0 
2 3 1311 1362 0 
3 2 0 1363 
3 2 0 1311 
3 2 0 1362 
3 2 0 1312 
3 2 0 1361 
3 2 0 1359 
3 2 0 1353 
3 2 0 1313 
3 2 0 1352 
3 2 0 1320 
3 2 0 1314 
3 2 0 1319 
3 2 0 1315 
3 2 0 1318 
3 2 0 1316 
3 2 0 1317 
3 2 0 1351 
3 2 0 1321 
3 2 0 1350 
3 2 0 1322 
3 2 0 1349 
3 2 0 1339 
3 2 0 1337 
3 2 0 1335 
3 2 0 1327 
3 2 0 1323 
3 2 0 1326 
3 2 0 1324 
3 2 0 1325 
3 2 0 1334 
3 2 0 1332 
3 2 0 1328 
3 2 0 1331 
3 2 0 1329 
3 2 0 1330 
3 2 0 1333 
3 2 0 1336 
3 2 0 1338 
3 2 0 1348 
3 2 0 1340 
3 2 0 1347 
3 2 0 1345 
3 2 0 1341 
3 2 0 1344 
3 2 0 1342 
3 2 0 1343 
3 2 0 1346 
3 2 0 1358 
3 2 0 1354 
3 2 0 1357 
3 2 0 1355 
3 2 0 1356 
3 2 0 1360 
1 1 0 
1 1 0 
1 1 0 
2 3 1418 1419 0 
1 1 0 
1 1 0 
1 1 0 
1 1 0 
2 3 1423 1424 0 
2 3 1422 1425 0 
1 1 0 
2 3 1426 1427 0 
1 1 0 
1 1 0 
2 3 1429 1430 0 
1 1 0 
1 1 0 
1 1 0 
2 3 1433 1434 0 
2 3 1432 1435 0 
1 1 0 
1 1 0 
1 1 0 
2 3 1438 1439 0 
1 1 0 
1 1 0 
1 1 0 
1 1 0 
1 1 0 
1 1 0 
1 1 0 
2 3 1446 1447 0 
2 3 1445 1448 0 
2 3 1444 1449 0 
1 1 0 
2 3 1450 1451 0 
2 3 1443 1452 0 
2 3 1442 1453 0 
2 3 1441 1454 0 
2 3 1440 1455 0 
2 3 1437 1456 0 
2 3 1436 1457 0 
2 3 1431 1458 0 
2 3 1428 1459 0 
2 3 1421 1460 0 
2 3 1420 1461 0 
1 1 0 
1 1 0 
1 1 0 
1 1 0 
1 1 0 
1 1 0 
1 1 0 
1 1 0 
2 3 1469 1470 0 
2 3 1468 1471 0 
2 3 1467 1472 0 
2 3 1466 1473 0 
2 3 1465 1474 0 
2 3 1464 1475 0 
2 3 1463 1476 0 
2 3 1462 1477 0 
1 1 0 
2 3 1478 1479 0 
2 3 1417 1480 0 
3 2 0 1481 
3 2 0 1417 
3 2 0 1480 
3 2 0 1478 
3 2 0 1462 
3 2 0 1420 
3 2 0 1418 
3 2 0 1419 
3 2 0 1461 
3 2 0 1421 
3 2 0 1460 
3 2 0 1428 
3 2 0 1426 
3 2 0 1422 
3 2 0 1425 
3 2 0 1423 
3 2 0 1424 
3 2 0 1427 
3 2 0 1459 
3 2 0 1431 
3 2 0 1429 
3 2 0 1430 
3 2 0 1458 
3 2 0 1436 
3 2 0 1432 
3 2 0 1435 
3 2 0 1433 
3 2 0 1434 
3 2 0 1457 
3 2 0 1437 
3 2 0 1456 
3 2 0 1440 
3 2 0 1438 
3 2 0 1439 
3 2 0 1455 
3 2 0 1441 
3 2 0 1454 
3 2 0 1442 
3 2 0 1453 
3 2 0 1443 
3 2 0 1452 
3 2 0 1450 
3 2 0 1444 
3 2 0 1449 
3 2 0 1445 
3 2 0 1448 
3 2 0 1446 
3 2 0 1447 
3 2 0 1451 
3 2 0 1477 
3 2 0 1463 
3 2 0 1476 
3 2 0 1464 
3 2 0 1475 
3 2 0 1465 
3 2 0 1474 
3 2 0 1466 
3 2 0 1473 
3 2 0 1467 
3 2 0 1472 
3 2 0 1468 
3 2 0 1471 
3 2 0 1469 
3 2 0 1470 
3 2 0 1479 
1 1 0 
1 1 0 
1 1 0 
2 3 1548 1549 0 
2 3 1547 1550 0 
1 1 0 
1 1 0 
1 1 0 
1 1 0 
2 3 1554 1555 0 
2 3 1553 1556 0 
2 3 1552 1557 0 
2 3 1551 1558 0 
1 1 0 
2 3 1559 1560 0 
3 2 0 1561 
3 2 0 1559 
3 2 0 1551 
3 2 0 1547 
3 2 0 1550 
3 2 0 1548 
3 2 0 1549 
3 2 0 1558 
3 2 0 1552 
3 2 0 1557 
3 2 0 1553 
3 2 0 1556 
3 2 0 1554 
3 2 0 1555 
3 2 0 1560 
1 1 0 
1 1 0 
1 1 0 
2 3 1578 1579 0 
1 1 0 
1 1 0 
1 1 0 
1 1 0 
1 1 0 
1 1 0 
2 3 1585 1586 0 
1 1 0 
2 3 1587 1588 0 
2 3 1584 1589 0 
2 3 1583 1590 0 
1 1 0 
1 1 0 
2 3 1592 1593 0 
2 3 1591 1594 0 
2 3 1582 1595 0 
1 1 0 
1 1 0 
2 3 1597 1598 0 
2 3 1596 1599 0 
1 1 0 
2 3 1600 1601 0 
2 3 1581 1602 0 
2 3 1580 1603 0 
2 3 1577 1604 0 
3 2 0 1605 
3 2 0 1577 
3 2 0 1604 
3 2 0 1580 
3 2 0 1578 
3 2 0 1579 
3 2 0 1603 
3 2 0 1581 
3 2 0 1602 
3 2 0 1600 
3 2 0 1596 
3 2 0 1582 
3 2 0 1595 
3 2 0 1591 
3 2 0 1583 
3 2 0 1590 
3 2 0 1584 
3 2 0 1589 
3 2 0 1587 
3 2 0 1585 
3 2 0 1586 
3 2 0 1588 
3 2 0 1594 
3 2 0 1592 
3 2 0 1593 
3 2 0 1599 
3 2 0 1597 
3 2 0 1598 
3 2 0 1601 
1 1 0 
1 1 0 
1 1 0 
1 1 0 
1 1 0 
1 1 0 
2 3 1639 1640 0 
1 1 0 
2 3 1641 1642 0 
1 1 0 
2 3 1643 1644 0 
1 1 0 
2 3 1645 1646 0 
1 1 0 
1 1 0 
2 3 1648 1649 0 
2 3 1647 1650 0 
1 1 0 
2 3 1651 1652 0 
1 1 0 
1 1 0 
2 3 1654 1655 0 
2 3 1653 1656 0 
2 3 1638 1657 0 
2 3 1637 1658 0 
2 3 1636 1659 0 
1 1 0 
2 3 1660 1661 0 
2 3 1635 1662 0 
3 2 0 1663 
3 2 0 1635 
3 2 0 1662 
3 2 0 1660 
3 2 0 1636 
3 2 0 1659 
3 2 0 1637 
3 2 0 1658 
3 2 0 1638 
3 2 0 1657 
3 2 0 1653 
3 2 0 1651 
3 2 0 1647 
3 2 0 1645 
3 2 0 1643 
3 2 0 1641 
3 2 0 1639 
3 2 0 1640 
3 2 0 1642 
3 2 0 1644 
3 2 0 1646 
3 2 0 1650 
3 2 0 1648 
3 2 0 1649 
3 2 0 1652 
3 2 0 1656 
3 2 0 1654 
3 2 0 1655 
3 2 0 1661 
1 1 0 
1 1 0 
1 1 0 
2 3 1694 1695 0 
2 3 1693 1696 0 
1 1 0 
2 3 1697 1698 0 
1 1 0 
1 1 0 
1 1 0 
2 3 1701 1702 0 
1 1 0 
1 1 0 
1 1 0 
2 3 1705 1706 0 
2 3 1704 1707 0 
2 3 1703 1708 0 
1 1 0 
2 3 1709 1710 0 
2 3 1700 1711 0 
2 3 1699 1712 0 
1 1 0 
1 1 0 
1 1 0 
2 3 1715 1716 0 
2 3 1714 1717 0 
1 1 0 
2 3 1718 1719 0 
2 3 1713 1720 0 
3 2 0 1721 
3 2 0 1713 
3 2 0 1699 
3 2 0 1697 
3 2 0 1693 
3 2 0 1696 
3 2 0 1694 
3 2 0 1695 
3 2 0 1698 
3 2 0 1712 
3 2 0 1700 
3 2 0 1711 
3 2 0 1709 
3 2 0 1703 
3 2 0 1701 
3 2 0 1702 
3 2 0 1708 
3 2 0 1704 
3 2 0 1707 
3 2 0 1705 
3 2 0 1706 
3 2 0 1710 
3 2 0 1720 
3 2 0 1718 
3 2 0 1714 
3 2 0 1717 
3 2 0 1715 
3 2 0 1716 
3 2 0 1719 
1 1 0 
1 1 0 
1 1 0 
1 1 0 
1 1 0 
2 3 1754 1755 0 
2 3 1753 1756 0 
1 1 0 
1 1 0 
1 1 0 
1 1 0 
2 3 1760 1761 0 
2 3 1759 1762 0 
1 1 0 
1 1 0 
1 1 0 
1 1 0 
2 3 1766 1767 0 
2 3 1765 1768 0 
2 3 1764 1769 0 
2 3 1763 1770 0 
2 3 1758 1771 0 
2 3 1757 1772 0 
2 3 1752 1773 0 
1 1 0 
2 3 1774 1775 0 
2 3 1751 1776 0 
3 2 0 1777 
3 2 0 1751 
3 2 0 1776 
3 2 0 1774 
3 2 0 1752 
3 2 0 1773 
3 2 0 1757 
3 2 0 1753 
3 2 0 1756 
3 2 0 1754 
3 2 0 1755 
3 2 0 1772 
3 2 0 1758 
3 2 0 1771 
3 2 0 1763 
3 2 0 1759 
3 2 0 1762 
3 2 0 1760 
3 2 0 1761 
3 2 0 1770 
3 2 0 1764 
3 2 0 1769 
3 2 0 1765 
3 2 0 1768 
3 2 0 1766 
3 2 0 1767 
3 2 0 1775 
1 1 0 
1 1 0 
1 1 0 
1 1 0 
1 1 0 
1 1 0 
1 1 0 
1 1 0 
2 3 1811 1812 0 
1 1 0 
1 1 0 
1 1 0 
2 3 1815 1816 0 
2 3 1814 1817 0 
2 3 1813 1818 0 
1 1 0 
2 3 1819 1820 0 
1 1 0 
1 1 0 
1 1 0 
1 1 0 
2 3 1824 1825 0 
2 3 1823 1826 0 
1 1 0 
1 1 0 
1 1 0 
1 1 0 
2 3 1830 1831 0 
2 3 1829 1832 0 
1 1 0 
1 1 0 
2 3 1834 1835 0 
2 3 1833 1836 0 
1 1 0 
1 1 0 
2 3 1838 1839 0 
1 1 0 
1 1 0 
1 1 0 
1 1 0 
2 3 1843 1844 0 
2 3 1842 1845 0 
2 3 1841 1846 0 
2 3 1840 1847 0 
2 3 1837 1848 0 
2 3 1828 1849 0 
2 3 1827 1850 0 
2 3 1822 1851 0 
2 3 1821 1852 0 
2 3 1810 1853 0 
2 3 1809 1854 0 
2 3 1808 1855 0 
2 3 1807 1856 0 
1 1 0 
2 3 1857 1858 0 
2 3 1806 1859 0 
2 3 1805 1860 0 
3 2 0 1861 
3 2 0 1805 
3 2 0 1860 
3 2 0 1806 
3 2 0 1859 
3 2 0 1857 
3 2 0 1807 
3 2 0 1856 
3 2 0 1808 
3 2 0 1855 
3 2 0 1809 
3 2 0 1854 
3 2 0 1810 
3 2 0 1853 
3 2 0 1821 
3 2 0 1819 
3 2 0 1813 
3 2 0 1811 
3 2 0 1812 
3 2 0 1818 
3 2 0 1814 
3 2 0 1817 
3 2 0 1815 
3 2 0 1816 
3 2 0 1820 
3 2 0 1852 
3 2 0 1822 
3 2 0 1851 
3 2 0 1827 
3 2 0 1823 
3 2 0 1826 
3 2 0 1824 
3 2 0 1825 
3 2 0 1850 
3 2 0 1828 
3 2 0 1849 
3 2 0 1837 
3 2 0 1833 
3 2 0 1829 
3 2 0 1832 
3 2 0 1830 
3 2 0 1831 
3 2 0 1836 
3 2 0 1834 
3 2 0 1835 
3 2 0 1848 
3 2 0 1840 
3 2 0 1838 
3 2 0 1839 
3 2 0 1847 
3 2 0 1841 
3 2 0 1846 
3 2 0 1842 
3 2 0 1845 
3 2 0 1843 
3 2 0 1844 
3 2 0 1858 
1 1 0 
1 1 0 
1 1 0 
2 3 1920 1921 0 
1 1 0 
2 3 1922 1923 0 
1 1 0 
1 1 0 
1 1 0 
1 1 0 
2 3 1927 1928 0 
2 3 1926 1929 0 
2 3 1925 1930 0 
2 3 1924 1931 0 
1 1 0 
2 3 1932 1933 0 
1 1 0 
2 3 1934 1935 0 
1 1 0 
1 1 0 
2 3 1937 1938 0 
2 3 1936 1939 0 
2 3 1919 1940 0 
1 1 0 
1 1 0 
1 1 0 
1 1 0 
2 3 1944 1945 0 
1 1 0 
1 1 0 
1 1 0 
2 3 1948 1949 0 
1 1 0 
2 3 1950 1951 0 
1 1 0 
1 1 0 
1 1 0 
1 1 0 
2 3 1955 1956 0 
2 3 1954 1957 0 
2 3 1953 1958 0 
2 3 1952 1959 0 
2 3 1947 1960 0 
2 3 1946 1961 0 
2 3 1943 1962 0 
1 1 0 
2 3 1963 1964 0 
1 1 0 
2 3 1965 1966 0 
1 1 0 
2 3 1967 1968 0 
1 1 0 
1 1 0 
1 1 0 
1 1 0 
1 1 0 
2 3 1973 1974 0 
1 1 0 
1 1 0 
1 1 0 
2 3 1977 1978 0 
2 3 1976 1979 0 
2 3 1975 1980 0 
1 1 0 
1 1 0 
2 3 1982 1983 0 
2 3 1981 1984 0 
2 3 1972 1985 0 
2 3 1971 1986 0 
2 3 1970 1987 0 
2 3 1969 1988 0 
2 3 1942 1989 0 
2 3 1941 1990 0 
1 1 0 
2 3 1991 1992 0 
3 2 0 1993 
3 2 0 1991 
3 2 0 1941 
3 2 0 1919 
3 2 0 1940 
3 2 0 1936 
3 2 0 1934 
3 2 0 1932 
3 2 0 1924 
3 2 0 1922 
3 2 0 1920 
3 2 0 1921 
3 2 0 1923 
3 2 0 1931 
3 2 0 1925 
3 2 0 1930 
3 2 0 1926 
3 2 0 1929 
3 2 0 1927 
3 2 0 1928 
3 2 0 1933 
3 2 0 1935 
3 2 0 1939 
3 2 0 1937 
3 2 0 1938 
3 2 0 1990 
3 2 0 1942 
3 2 0 1989 
3 2 0 1969 
3 2 0 1967 
3 2 0 1965 
3 2 0 1963 
3 2 0 1943 
3 2 0 1962 
3 2 0 1946 
3 2 0 1944 
3 2 0 1945 
3 2 0 1961 
3 2 0 1947 
3 2 0 1960 
3 2 0 1952 
3 2 0 1950 
3 2 0 1948 
3 2 0 1949 
3 2 0 1951 
3 2 0 1959 
3 2 0 1953 
3 2 0 1958 
3 2 0 1954 
3 2 0 1957 
3 2 0 1955 
3 2 0 1956 
3 2 0 1964 
3 2 0 1966 
3 2 0 1968 
3 2 0 1988 
3 2 0 1970 
3 2 0 1987 
3 2 0 1971 
3 2 0 1986 
3 2 0 1972 
3 2 0 1985 
3 2 0 1981 
3 2 0 1975 
3 2 0 1973 
3 2 0 1974 
3 2 0 1980 
3 2 0 1976 
3 2 0 1979 
3 2 0 1977 
3 2 0 1978 
3 2 0 1984 
3 2 0 1982 
3 2 0 1983 
3 2 0 1992 
1 1 0 
1 1 0 
1 1 0 
2 3 2070 2071 0 
1 1 0 
1 1 0 
2 3 2073 2074 0 
1 1 0 
1 1 0 
1 1 0 
2 3 2077 2078 0 
2 3 2076 2079 0 
2 3 2075 2080 0 
2 3 2072 2081 0 
2 3 2069 2082 0 
1 1 0 
1 1 0 
1 1 0 
2 3 2085 2086 0 
1 1 0 
1 1 0 
1 1 0 
1 1 0 
1 1 0 
1 1 0 
1 1 0 
1 1 0 
1 1 0 
1 1 0 
1 1 0 
2 3 2097 2098 0 
2 3 2096 2099 0 
1 1 0 
1 1 0 
1 1 0 
1 1 0 
2 3 2103 2104 0 
1 1 0 
2 3 2105 2106 0 
2 3 2102 2107 0 
2 3 2101 2108 0 
2 3 2100 2109 0 
2 3 2095 2110 0 
2 3 2094 2111 0 
2 3 2093 2112 0 
2 3 2092 2113 0 
2 3 2091 2114 0 
2 3 2090 2115 0 
2 3 2089 2116 0 
2 3 2088 2117 0 
1 1 0 
2 3 2118 2119 0 
2 3 2087 2120 0 
2 3 2084 2121 0 
2 3 2083 2122 0 
3 2 0 2123 
3 2 0 2083 
3 2 0 2069 
3 2 0 2082 
3 2 0 2072 
3 2 0 2070 
3 2 0 2071 
3 2 0 2081 
3 2 0 2075 
3 2 0 2073 
3 2 0 2074 
3 2 0 2080 
3 2 0 2076 
3 2 0 2079 
3 2 0 2077 
3 2 0 2078 
3 2 0 2122 
3 2 0 2084 
3 2 0 2121 
3 2 0 2087 
3 2 0 2085 
3 2 0 2086 
3 2 0 2120 
3 2 0 2118 
3 2 0 2088 
3 2 0 2117 
3 2 0 2089 
3 2 0 2116 
3 2 0 2090 
3 2 0 2115 
3 2 0 2091 
3 2 0 2114 
3 2 0 2092 
3 2 0 2113 
3 2 0 2093 
3 2 0 2112 
3 2 0 2094 
3 2 0 2111 
3 2 0 2095 
3 2 0 2110 
3 2 0 2100 
3 2 0 2096 
3 2 0 2099 
3 2 0 2097 
3 2 0 2098 
3 2 0 2109 
3 2 0 2101 
3 2 0 2108 
3 2 0 2102 
3 2 0 2107 
3 2 0 2105 
3 2 0 2103 
3 2 0 2104 
3 2 0 2106 
3 2 0 2119 
1 1 0 
1 1 0 
1 1 0 
1 1 0 
1 1 0 
2 3 2182 2183 0 
2 3 2181 2184 0 
1 1 0 
1 1 0 
1 1 0 
1 1 0 
1 1 0 
2 3 2189 2190 0 
2 3 2188 2191 0 
2 3 2187 2192 0 
2 3 2186 2193 0 
2 3 2185 2194 0 
2 3 2180 2195 0 
1 1 0 
2 3 2196 2197 0 
2 3 2179 2198 0 
3 2 0 2199 
3 2 0 2179 
3 2 0 2198 
3 2 0 2196 
3 2 0 2180 
3 2 0 2195 
3 2 0 2185 
3 2 0 2181 
3 2 0 2184 
3 2 0 2182 
3 2 0 2183 
3 2 0 2194 
3 2 0 2186 
3 2 0 2193 
3 2 0 2187 
3 2 0 2192 
3 2 0 2188 
3 2 0 2191 
3 2 0 2189 
3 2 0 2190 
3 2 0 2197 
1 1 0 
1 1 0 
2 3 2221 2222 0 
1 1 0 
1 1 0 
2 3 2224 2225 0 
1 1 0 
1 1 0 
2 3 2227 2228 0 
2 3 2226 2229 0 
1 1 0 
1 1 0 
2 3 2231 2232 0 
1 1 0 
2 3 2233 2234 0 
2 3 2230 2235 0 
2 3 2223 2236 0 
3 2 0 2237 
3 2 0 2223 
3 2 0 2221 
3 2 0 2222 
3 2 0 2236 
3 2 0 2230 
3 2 0 2226 
3 2 0 2224 
3 2 0 2225 
3 2 0 2229 
3 2 0 2227 
3 2 0 2228 
3 2 0 2235 
3 2 0 2233 
3 2 0 2231 
3 2 0 2232 
3 2 0 2234 
1 1 0 
1 1 0 
1 1 0 
2 3 2256 2257 0 
1 1 0 
1 1 0 
1 1 0 
2 3 2260 2261 0 
1 1 0 
1 1 0 
1 1 0 
2 3 2264 2265 0 
2 3 2263 2266 0 
2 3 2262 2267 0 
2 3 2259 2268 0 
2 3 2258 2269 0 
2 3 2255 2270 0 
1 1 0 
1 1 0 
1 1 0 
2 3 2273 2274 0 
1 1 0 
1 1 0 
2 3 2276 2277 0 
1 1 0 
1 1 0 
2 3 2279 2280 0 
2 3 2278 2281 0 
1 1 0 
1 1 0 
1 1 0 
1 1 0 
2 3 2285 2286 0 
2 3 2284 2287 0 
2 3 2283 2288 0 
2 3 2282 2289 0 
1 1 0 
2 3 2290 2291 0 
2 3 2275 2292 0 
2 3 2272 2293 0 
2 3 2271 2294 0 
3 2 0 2295 
3 2 0 2271 
3 2 0 2255 
3 2 0 2270 
3 2 0 2258 
3 2 0 2256 
3 2 0 2257 
3 2 0 2269 
3 2 0 2259 
3 2 0 2268 
3 2 0 2262 
3 2 0 2260 
3 2 0 2261 
3 2 0 2267 
3 2 0 2263 
3 2 0 2266 
3 2 0 2264 
3 2 0 2265 
3 2 0 2294 
3 2 0 2272 
3 2 0 2293 
3 2 0 2275 
3 2 0 2273 
3 2 0 2274 
3 2 0 2292 
3 2 0 2290 
3 2 0 2282 
3 2 0 2278 
3 2 0 2276 
3 2 0 2277 
3 2 0 2281 
3 2 0 2279 
3 2 0 2280 
3 2 0 2289 
3 2 0 2283 
3 2 0 2288 
3 2 0 2284 
3 2 0 2287 
3 2 0 2285 
3 2 0 2286 
3 2 0 2291 
1 1 0 
1 1 0 
1 1 0 
1 1 0 
1 1 0 
2 3 2340 2341 0 
2 3 2339 2342 0 
1 1 0 
1 1 0 
1 1 0 
2 3 2345 2346 0 
1 1 0 
1 1 0 
2 3 2348 2349 0 
2 3 2347 2350 0 
2 3 2344 2351 0 
2 3 2343 2352 0 
2 3 2338 2353 0 
1 1 0 
2 3 2354 2355 0 
1 1 0 
2 3 2356 2357 0 
1 1 0 
1 1 0 
1 1 0 
1 1 0 
2 3 2361 2362 0 
1 1 0 
1 1 0 
2 3 2364 2365 0 
1 1 0 
2 3 2366 2367 0 
1 1 0 
1 1 0 
2 3 2369 2370 0 
2 3 2368 2371 0 
2 3 2363 2372 0 
2 3 2360 2373 0 
2 3 2359 2374 0 
2 3 2358 2375 0 
1 1 0 
2 3 2376 2377 0 
2 3 2337 2378 0 
3 2 0 2379 
3 2 0 2337 
3 2 0 2378 
3 2 0 2376 
3 2 0 2358 
3 2 0 2356 
3 2 0 2354 
3 2 0 2338 
3 2 0 2353 
3 2 0 2343 
3 2 0 2339 
3 2 0 2342 
3 2 0 2340 
3 2 0 2341 
3 2 0 2352 
3 2 0 2344 
3 2 0 2351 
3 2 0 2347 
3 2 0 2345 
3 2 0 2346 
3 2 0 2350 
3 2 0 2348 
3 2 0 2349 
3 2 0 2355 
3 2 0 2357 
3 2 0 2375 
3 2 0 2359 
3 2 0 2374 
3 2 0 2360 
3 2 0 2373 
3 2 0 2363 
3 2 0 2361 
3 2 0 2362 
3 2 0 2372 
3 2 0 2368 
3 2 0 2366 
3 2 0 2364 
3 2 0 2365 
3 2 0 2367 
3 2 0 2371 
3 2 0 2369 
3 2 0 2370 
3 2 0 2377 
1 1 0 
1 1 0 
1 1 0 
1 1 0 
1 1 0 
1 1 0 
1 1 0 
1 1 0 
2 3 2429 2430 0 
2 3 2428 2431 0 
2 3 2427 2432 0 
2 3 2426 2433 0 
2 3 2425 2434 0 
2 3 2424 2435 0 
2 3 2423 2436 0 
1 1 0 
2 3 2437 2438 0 
1 1 0 
2 3 2439 2440 0 
1 1 0 
1 1 0 
1 1 0 
1 1 0 
1 1 0 
2 3 2445 2446 0 
1 1 0 
1 1 0 
1 1 0 
2 3 2449 2450 0 
2 3 2448 2451 0 
2 3 2447 2452 0 
2 3 2444 2453 0 
2 3 2443 2454 0 
2 3 2442 2455 0 
2 3 2441 2456 0 
1 1 0 
2 3 2457 2458 0 
3 2 0 2459 
3 2 0 2457 
3 2 0 2441 
3 2 0 2439 
3 2 0 2437 
3 2 0 2423 
3 2 0 2436 
3 2 0 2424 
3 2 0 2435 
3 2 0 2425 
3 2 0 2434 
3 2 0 2426 
3 2 0 2433 
3 2 0 2427 
3 2 0 2432 
3 2 0 2428 
3 2 0 2431 
3 2 0 2429 
3 2 0 2430 
3 2 0 2438 
3 2 0 2440 
3 2 0 2456 
3 2 0 2442 
3 2 0 2455 
3 2 0 2443 
3 2 0 2454 
3 2 0 2444 
3 2 0 2453 
3 2 0 2447 
3 2 0 2445 
3 2 0 2446 
3 2 0 2452 
3 2 0 2448 
3 2 0 2451 
3 2 0 2449 
3 2 0 2450 
3 2 0 2458 
1 1 0 
1 1 0 
1 1 0 
1 1 0 
2 3 2499 2500 0 
1 1 0 
1 1 0 
2 3 2502 2503 0 
1 1 0 
1 1 0 
1 1 0 
1 1 0 
2 3 2507 2508 0 
2 3 2506 2509 0 
2 3 2505 2510 0 
2 3 2504 2511 0 
2 3 2501 2512 0 
2 3 2498 2513 0 
2 3 2497 2514 0 
1 1 0 
2 3 2515 2516 0 
1 1 0 
1 1 0 
1 1 0 
1 1 0 
1 1 0 
1 1 0 
2 3 2522 2523 0 
1 1 0 
2 3 2524 2525 0 
2 3 2521 2526 0 
2 3 2520 2527 0 
2 3 2519 2528 0 
2 3 2518 2529 0 
2 3 2517 2530 0 
1 1 0 
2 3 2531 2532 0 
3 2 0 2533 
3 2 0 2531 
3 2 0 2517 
3 2 0 2515 
3 2 0 2497 
3 2 0 2514 
3 2 0 2498 
3 2 0 2513 
3 2 0 2501 
3 2 0 2499 
3 2 0 2500 
3 2 0 2512 
3 2 0 2504 
3 2 0 2502 
3 2 0 2503 
3 2 0 2511 
3 2 0 2505 
3 2 0 2510 
3 2 0 2506 
3 2 0 2509 
3 2 0 2507 
3 2 0 2508 
3 2 0 2516 
3 2 0 2530 
3 2 0 2518 
3 2 0 2529 
3 2 0 2519 
3 2 0 2528 
3 2 0 2520 
3 2 0 2527 
3 2 0 2521 
3 2 0 2526 
3 2 0 2524 
3 2 0 2522 
3 2 0 2523 
3 2 0 2525 
3 2 0 2532 
1 1 0 
1 1 0 
2 3 2571 2572 0 
1 1 0 
1 1 0 
2 3 2574 2575 0 
1 1 0 
1 1 0 
1 1 0 
1 1 0 
1 1 0 
2 3 2580 2581 0 
2 3 2579 2582 0 
2 3 2578 2583 0 
2 3 2577 2584 0 
2 3 2576 2585 0 
2 3 2573 2586 0 
1 1 0 
2 3 2587 2588 0 
1 1 0 
2 3 2589 2590 0 
1 1 0 
1 1 0 
2 3 2592 2593 0 
1 1 0 
1 1 0 
2 3 2595 2596 0 
2 3 2594 2597 0 
1 1 0 
1 1 0 
1 1 0 
1 1 0 
1 1 0 
2 3 2602 2603 0 
2 3 2601 2604 0 
2 3 2600 2605 0 
2 3 2599 2606 0 
2 3 2598 2607 0 
2 3 2591 2608 0 
1 1 0 
2 3 2609 2610 0 
3 2 0 2611 
3 2 0 2609 
3 2 0 2591 
3 2 0 2589 
3 2 0 2587 
3 2 0 2573 
3 2 0 2571 
3 2 0 2572 
3 2 0 2586 
3 2 0 2576 
3 2 0 2574 
3 2 0 2575 
3 2 0 2585 
3 2 0 2577 
3 2 0 2584 
3 2 0 2578 
3 2 0 2583 
3 2 0 2579 
3 2 0 2582 
3 2 0 2580 
3 2 0 2581 
3 2 0 2588 
3 2 0 2590 
3 2 0 2608 
3 2 0 2598 
3 2 0 2594 
3 2 0 2592 
3 2 0 2593 
3 2 0 2597 
3 2 0 2595 
3 2 0 2596 
3 2 0 2607 
3 2 0 2599 
3 2 0 2606 
3 2 0 2600 
3 2 0 2605 
3 2 0 2601 
3 2 0 2604 
3 2 0 2602 
3 2 0 2603 
3 2 0 2610 
1 1 0 
1 1 0 
1 1 0 
2 3 2654 2655 0 
1 1 0 
1 1 0 
1 1 0 
2 3 2658 2659 0 
2 3 2657 2660 0 
2 3 2656 2661 0 
2 3 2653 2662 0 
1 1 0 
2 3 2663 2664 0 
1 1 0 
1 1 0 
1 1 0 
1 1 0 
1 1 0 
2 3 2669 2670 0 
1 1 0 
2 3 2671 2672 0 
2 3 2668 2673 0 
2 3 2667 2674 0 
2 3 2666 2675 0 
2 3 2665 2676 0 
1 1 0 
2 3 2677 2678 0 
3 2 0 2679 
3 2 0 2677 
3 2 0 2665 
3 2 0 2663 
3 2 0 2653 
3 2 0 2662 
3 2 0 2656 
3 2 0 2654 
3 2 0 2655 
3 2 0 2661 
3 2 0 2657 
3 2 0 2660 
3 2 0 2658 
3 2 0 2659 
3 2 0 2664 
3 2 0 2676 
3 2 0 2666 
3 2 0 2675 
3 2 0 2667 
3 2 0 2674 
3 2 0 2668 
3 2 0 2673 
3 2 0 2671 
3 2 0 2669 
3 2 0 2670 
3 2 0 2672 
3 2 0 2678 
1 1 0 
1 1 0 
1 1 0 
1 1 0 
1 1 0 
2 3 2710 2711 0 
2 3 2709 2712 0 
2 3 2708 2713 0 
2 3 2707 2714 0 
1 1 0 
1 1 0 
1 1 0 
2 3 2717 2718 0 
1 1 0 
2 3 2719 2720 0 
2 3 2716 2721 0 
1 1 0 
2 3 2722 2723 0 
2 3 2715 2724 0 
3 2 0 2725 
3 2 0 2715 
3 2 0 2707 
3 2 0 2714 
3 2 0 2708 
3 2 0 2713 
3 2 0 2709 
3 2 0 2712 
3 2 0 2710 
3 2 0 2711 
3 2 0 2724 
3 2 0 2722 
3 2 0 2716 
3 2 0 2721 
3 2 0 2719 
3 2 0 2717 
3 2 0 2718 
3 2 0 2720 
3 2 0 2723 
1 1 0 
1 1 0 
1 1 0 
1 1 0 
2 3 2747 2748 0 
2 3 2746 2749 0 
1 1 0 
1 1 0 
1 1 0 
1 1 0 
2 3 2753 2754 0 
2 3 2752 2755 0 
2 3 2751 2756 0 
2 3 2750 2757 0 
1 1 0 
2 3 2758 2759 0 
2 3 2745 2760 0 
3 2 0 2761 
3 2 0 2745 
3 2 0 2760 
3 2 0 2758 
3 2 0 2750 
3 2 0 2746 
3 2 0 2749 
3 2 0 2747 
3 2 0 2748 
3 2 0 2757 
3 2 0 2751 
3 2 0 2756 
3 2 0 2752 
3 2 0 2755 
3 2 0 2753 
3 2 0 2754 
3 2 0 2759 
1 1 0 
1 1 0 
1 1 0 
2 3 2780 2781 0 
2 3 2779 2782 0 
1 1 0 
1 1 0 
1 1 0 
1 1 0 
2 3 2786 2787 0 
2 3 2785 2788 0 
1 1 0 
1 1 0 
2 3 2790 2791 0 
2 3 2789 2792 0 
2 3 2784 2793 0 
1 1 0 
2 3 2794 2795 0 
2 3 2783 2796 0 
3 2 0 2797 
3 2 0 2783 
3 2 0 2779 
3 2 0 2782 
3 2 0 2780 
3 2 0 2781 
3 2 0 2796 
3 2 0 2794 
3 2 0 2784 
3 2 0 2793 
3 2 0 2789 
3 2 0 2785 
3 2 0 2788 
3 2 0 2786 
3 2 0 2787 
3 2 0 2792 
3 2 0 2790 
3 2 0 2791 
3 2 0 2795 
1 1 0 
1 1 0 
1 1 0 
1 1 0 
1 1 0 
1 1 0 
2 3 2821 2822 0 
2 3 2820 2823 0 
2 3 2819 2824 0 
1 1 0 
1 1 0 
2 3 2826 2827 0 
1 1 0 
1 1 0 
1 1 0 
1 1 0 
1 1 0 
2 3 2832 2833 0 
2 3 2831 2834 0 
1 1 0 
1 1 0 
1 1 0 
1 1 0 
2 3 2838 2839 0 
2 3 2837 2840 0 
1 1 0 
1 1 0 
1 1 0 
1 1 0 
1 1 0 
1 1 0 
2 3 2846 2847 0 
2 3 2845 2848 0 
1 1 0 
1 1 0 
1 1 0 
2 3 2851 2852 0 
2 3 2850 2853 0 
2 3 2849 2854 0 
2 3 2844 2855 0 
2 3 2843 2856 0 
2 3 2842 2857 0 
2 3 2841 2858 0 
2 3 2836 2859 0 
2 3 2835 2860 0 
2 3 2830 2861 0 
2 3 2829 2862 0 
2 3 2828 2863 0 
2 3 2825 2864 0 
2 3 2818 2865 0 
1 1 0 
2 3 2866 2867 0 
2 3 2817 2868 0 
3 2 0 2869 
3 2 0 2817 
3 2 0 2868 
3 2 0 2866 
3 2 0 2818 
3 2 0 2865 
3 2 0 2825 
3 2 0 2819 
3 2 0 2824 
3 2 0 2820 
3 2 0 2823 
3 2 0 2821 
3 2 0 2822 
3 2 0 2864 
3 2 0 2828 
3 2 0 2826 
3 2 0 2827 
3 2 0 2863 
3 2 0 2829 
3 2 0 2862 
3 2 0 2830 
3 2 0 2861 
3 2 0 2835 
3 2 0 2831 
3 2 0 2834 
3 2 0 2832 
3 2 0 2833 
3 2 0 2860 
3 2 0 2836 
3 2 0 2859 
3 2 0 2841 
3 2 0 2837 
3 2 0 2840 
3 2 0 2838 
3 2 0 2839 
3 2 0 2858 
3 2 0 2842 
3 2 0 2857 
3 2 0 2843 
3 2 0 2856 
3 2 0 2844 
3 2 0 2855 
3 2 0 2849 
3 2 0 2845 
3 2 0 2848 
3 2 0 2846 
3 2 0 2847 
3 2 0 2854 
3 2 0 2850 
3 2 0 2853 
3 2 0 2851 
3 2 0 2852 
3 2 0 2867 
1 1 0 
1 1 0 
1 1 0 
1 1 0 
2 3 2925 2926 0 
1 1 0 
1 1 0 
1 1 0 
1 1 0 
1 1 0 
2 3 2931 2932 0 
2 3 2930 2933 0 
2 3 2929 2934 0 
2 3 2928 2935 0 
2 3 2927 2936 0 
1 1 0 
2 3 2937 2938 0 
1 1 0 
1 1 0 
1 1 0 
1 1 0 
2 3 2942 2943 0 
1 1 0 
1 1 0 
2 3 2945 2946 0 
2 3 2944 2947 0 
1 1 0 
1 1 0 
1 1 0 
1 1 0 
1 1 0 
1 1 0 
1 1 0 
1 1 0 
1 1 0 
2 3 2956 2957 0 
2 3 2955 2958 0 
2 3 2954 2959 0 
2 3 2953 2960 0 
1 1 0 
1 1 0 
1 1 0 
1 1 0 
1 1 0 
2 3 2965 2966 0 
2 3 2964 2967 0 
2 3 2963 2968 0 
1 1 0 
1 1 0 
2 3 2970 2971 0 
2 3 2969 2972 0 
2 3 2962 2973 0 
2 3 2961 2974 0 
2 3 2952 2975 0 
2 3 2951 2976 0 
2 3 2950 2977 0 
2 3 2949 2978 0 
2 3 2948 2979 0 
2 3 2941 2980 0 
2 3 2940 2981 0 
2 3 2939 2982 0 
2 3 2924 2983 0 
2 3 2923 2984 0 
1 1 0 
2 3 2985 2986 0 
3 2 0 2987 
3 2 0 2985 
3 2 0 2923 
3 2 0 2984 
3 2 0 2924 
3 2 0 2983 
3 2 0 2939 
3 2 0 2937 
3 2 0 2927 
3 2 0 2925 
3 2 0 2926 
3 2 0 2936 
3 2 0 2928 
3 2 0 2935 
3 2 0 2929 
3 2 0 2934 
3 2 0 2930 
3 2 0 2933 
3 2 0 2931 
3 2 0 2932 
3 2 0 2938 
3 2 0 2982 
3 2 0 2940 
3 2 0 2981 
3 2 0 2941 
3 2 0 2980 
3 2 0 2948 
3 2 0 2944 
3 2 0 2942 
3 2 0 2943 
3 2 0 2947 
3 2 0 2945 
3 2 0 2946 
3 2 0 2979 
3 2 0 2949 
3 2 0 2978 
3 2 0 2950 
3 2 0 2977 
3 2 0 2951 
3 2 0 2976 
3 2 0 2952 
3 2 0 2975 
3 2 0 2961 
3 2 0 2953 
3 2 0 2960 
3 2 0 2954 
3 2 0 2959 
3 2 0 2955 
3 2 0 2958 
3 2 0 2956 
3 2 0 2957 
3 2 0 2974 
3 2 0 2962 
3 2 0 2973 
3 2 0 2969 
3 2 0 2963 
3 2 0 2968 
3 2 0 2964 
3 2 0 2967 
3 2 0 2965 
3 2 0 2966 
3 2 0 2972 
3 2 0 2970 
3 2 0 2971 
3 2 0 2986 
1 1 0 
1 1 0 
2 3 3053 3054 0 
1 1 0 
2 3 3055 3056 0 
1 1 0 
1 1 0 
1 1 0 
2 3 3059 3060 0 
1 1 0 
1 1 0 
2 3 3062 3063 0 
2 3 3061 3064 0 
2 3 3058 3065 0 
2 3 3057 3066 0 
1 1 0 
2 3 3067 3068 0 
1 1 0 
2 3 3069 3070 0 
1 1 0 
1 1 0 
1 1 0 
2 3 3073 3074 0 
2 3 3072 3075 0 
1 1 0 
1 1 0 
2 3 3077 3078 0 
1 1 0 
1 1 0 
1 1 0 
2 3 3081 3082 0 
1 1 0 
1 1 0 
1 1 0 
2 3 3085 3086 0 
1 1 0 
1 1 0 
1 1 0 
1 1 0 
2 3 3090 3091 0 
2 3 3089 3092 0 
2 3 3088 3093 0 
2 3 3087 3094 0 
2 3 3084 3095 0 
2 3 3083 3096 0 
2 3 3080 3097 0 
1 1 0 
2 3 3098 3099 0 
1 1 0 
1 1 0 
1 1 0 
1 1 0 
2 3 3103 3104 0 
2 3 3102 3105 0 
1 1 0 
1 1 0 
1 1 0 
2 3 3108 3109 0 
1 1 0 
1 1 0 
1 1 0 
1 1 0 
1 1 0 
2 3 3114 3115 0 
2 3 3113 3116 0 
1 1 0 
1 1 0 
2 3 3118 3119 0 
2 3 3117 3120 0 
2 3 3112 3121 0 
2 3 3111 3122 0 
2 3 3110 3123 0 
2 3 3107 3124 0 
2 3 3106 3125 0 
2 3 3101 3126 0 
2 3 3100 3127 0 
2 3 3079 3128 0 
2 3 3076 3129 0 
2 3 3071 3130 0 
1 1 0 
2 3 3131 3132 0 
3 2 0 3133 
3 2 0 3131 
3 2 0 3071 
3 2 0 3069 
3 2 0 3067 
3 2 0 3057 
3 2 0 3055 
3 2 0 3053 
3 2 0 3054 
3 2 0 3056 
3 2 0 3066 
3 2 0 3058 
3 2 0 3065 
3 2 0 3061 
3 2 0 3059 
3 2 0 3060 
3 2 0 3064 
3 2 0 3062 
3 2 0 3063 
3 2 0 3068 
3 2 0 3070 
3 2 0 3130 
3 2 0 3076 
3 2 0 3072 
3 2 0 3075 
3 2 0 3073 
3 2 0 3074 
3 2 0 3129 
3 2 0 3079 
3 2 0 3077 
3 2 0 3078 
3 2 0 3128 
3 2 0 3100 
3 2 0 3098 
3 2 0 3080 
3 2 0 3097 
3 2 0 3083 
3 2 0 3081 
3 2 0 3082 
3 2 0 3096 
3 2 0 3084 
3 2 0 3095 
3 2 0 3087 
3 2 0 3085 
3 2 0 3086 
3 2 0 3094 
3 2 0 3088 
3 2 0 3093 
3 2 0 3089 
3 2 0 3092 
3 2 0 3090 
3 2 0 3091 
3 2 0 3099 
3 2 0 3127 
3 2 0 3101 
3 2 0 3126 
3 2 0 3106 
3 2 0 3102 
3 2 0 3105 
3 2 0 3103 
3 2 0 3104 
3 2 0 3125 
3 2 0 3107 
3 2 0 3124 
3 2 0 3110 
3 2 0 3108 
3 2 0 3109 
3 2 0 3123 
3 2 0 3111 
3 2 0 3122 
3 2 0 3112 
3 2 0 3121 
3 2 0 3117 
3 2 0 3113 
3 2 0 3116 
3 2 0 3114 
3 2 0 3115 
3 2 0 3120 
3 2 0 3118 
3 2 0 3119 
3 2 0 3132 
1 1 0 
1 1 0 
1 1 0 
2 3 3216 3217 0 
2 3 3215 3218 0 
1 1 0 
1 1 0 
1 1 0 
2 3 3221 3222 0 
1 1 0 
1 1 0 
1 1 0 
1 1 0 
1 1 0 
2 3 3227 3228 0 
1 1 0 
1 1 0 
1 1 0 
1 1 0 
2 3 3232 3233 0 
1 1 0 
2 3 3234 3235 0 
2 3 3231 3236 0 
2 3 3230 3237 0 
2 3 3229 3238 0 
2 3 3226 3239 0 
2 3 3225 3240 0 
2 3 3224 3241 0 
2 3 3223 3242 0 
2 3 3220 3243 0 
1 1 0 
2 3 3244 3245 0 
2 3 3219 3246 0 
3 2 0 3247 
3 2 0 3219 
3 2 0 3215 
3 2 0 3218 
3 2 0 3216 
3 2 0 3217 
3 2 0 3246 
3 2 0 3244 
3 2 0 3220 
3 2 0 3243 
3 2 0 3223 
3 2 0 3221 
3 2 0 3222 
3 2 0 3242 
3 2 0 3224 
3 2 0 3241 
3 2 0 3225 
3 2 0 3240 
3 2 0 3226 
3 2 0 3239 
3 2 0 3229 
3 2 0 3227 
3 2 0 3228 
3 2 0 3238 
3 2 0 3230 
3 2 0 3237 
3 2 0 3231 
3 2 0 3236 
3 2 0 3234 
3 2 0 3232 
3 2 0 3233 
3 2 0 3235 
3 2 0 3245 
1 1 0 
1 1 0 
2 3 3281 3282 0 
1 1 0 
1 1 0 
1 1 0 
1 1 0 
1 1 0 
1 1 0 
1 1 0 
2 3 3289 3290 0 
1 1 0 
1 1 0 
1 1 0 
1 1 0 
2 3 3294 3295 0 
2 3 3293 3296 0 
2 3 3292 3297 0 
2 3 3291 3298 0 
2 3 3288 3299 0 
2 3 3287 3300 0 
2 3 3286 3301 0 
1 1 0 
2 3 3302 3303 0 
1 1 0 
1 1 0 
1 1 0 
1 1 0 
1 1 0 
2 3 3308 3309 0 
1 1 0 
2 3 3310 3311 0 
2 3 3307 3312 0 
2 3 3306 3313 0 
1 1 0 
2 3 3314 3315 0 
1 1 0 
1 1 0 
2 3 3317 3318 0 
1 1 0 
2 3 3319 3320 0 
1 1 0 
1 1 0 
2 3 3322 3323 0 
2 3 3321 3324 0 
2 3 3316 3325 0 
1 1 0 
2 3 3326 3327 0 
2 3 3305 3328 0 
1 1 0 
2 3 3329 3330 0 
1 1 0 
1 1 0 
1 1 0 
2 3 3333 3334 0 
1 1 0 
2 3 3335 3336 0 
1 1 0 
2 3 3337 3338 0 
2 3 3332 3339 0 
2 3 3331 3340 0 
2 3 3304 3341 0 
2 3 3285 3342 0 
2 3 3284 3343 0 
1 1 0 
2 3 3344 3345 0 
2 3 3283 3346 0 
3 2 0 3347 
3 2 0 3283 
3 2 0 3281 
3 2 0 3282 
3 2 0 3346 
3 2 0 3344 
3 2 0 3284 
3 2 0 3343 
3 2 0 3285 
3 2 0 3342 
3 2 0 3304 
3 2 0 3302 
3 2 0 3286 
3 2 0 3301 
3 2 0 3287 
3 2 0 3300 
3 2 0 3288 
3 2 0 3299 
3 2 0 3291 
3 2 0 3289 
3 2 0 3290 
3 2 0 3298 
3 2 0 3292 
3 2 0 3297 
3 2 0 3293 
3 2 0 3296 
3 2 0 3294 
3 2 0 3295 
3 2 0 3303 
3 2 0 3341 
3 2 0 3331 
3 2 0 3329 
3 2 0 3305 
3 2 0 3328 
3 2 0 3326 
3 2 0 3316 
3 2 0 3314 
3 2 0 3306 
3 2 0 3313 
3 2 0 3307 
3 2 0 3312 
3 2 0 3310 
3 2 0 3308 
3 2 0 3309 
3 2 0 3311 
3 2 0 3315 
3 2 0 3325 
3 2 0 3321 
3 2 0 3319 
3 2 0 3317 
3 2 0 3318 
3 2 0 3320 
3 2 0 3324 
3 2 0 3322 
3 2 0 3323 
3 2 0 3327 
3 2 0 3330 
3 2 0 3340 
3 2 0 3332 
3 2 0 3339 
3 2 0 3337 
3 2 0 3335 
3 2 0 3333 
3 2 0 3334 
3 2 0 3336 
3 2 0 3338 
3 2 0 3345 
1 1 0 
1 1 0 
1 1 0 
1 1 0 
1 1 0 
2 3 3418 3419 0 
2 3 3417 3420 0 
2 3 3416 3421 0 
2 3 3415 3422 0 
1 1 0 
1 1 0 
1 1 0 
1 1 0 
2 3 3426 3427 0 
1 1 0 
2 3 3428 3429 0 
2 3 3425 3430 0 
1 1 0 
1 1 0 
1 1 0 
2 3 3433 3434 0 
2 3 3432 3435 0 
2 3 3431 3436 0 
2 3 3424 3437 0 
2 3 3423 3438 0 
1 1 0 
2 3 3439 3440 0 
1 1 0 
1 1 0 
1 1 0 
1 1 0 
2 3 3444 3445 0 
1 1 0 
2 3 3446 3447 0 
2 3 3443 3448 0 
2 3 3442 3449 0 
2 3 3441 3450 0 
1 1 0 
2 3 3451 3452 0 
3 2 0 3453 
3 2 0 3451 
3 2 0 3441 
3 2 0 3439 
3 2 0 3423 
3 2 0 3415 
3 2 0 3422 
3 2 0 3416 
3 2 0 3421 
3 2 0 3417 
3 2 0 3420 
3 2 0 3418 
3 2 0 3419 
3 2 0 3438 
3 2 0 3424 
3 2 0 3437 
3 2 0 3431 
3 2 0 3425 
3 2 0 3430 
3 2 0 3428 
3 2 0 3426 
3 2 0 3427 
3 2 0 3429 
3 2 0 3436 
3 2 0 3432 
3 2 0 3435 
3 2 0 3433 
3 2 0 3434 
3 2 0 3440 
3 2 0 3450 
3 2 0 3442 
3 2 0 3449 
3 2 0 3443 
3 2 0 3448 
3 2 0 3446 
3 2 0 3444 
3 2 0 3445 
3 2 0 3447 
3 2 0 3452 
1 1 0 
1 1 0 
2 3 3493 3494 0 
1 1 0 
2 3 3495 3496 0 
1 1 0 
1 1 0 
1 1 0 
1 1 0 
2 3 3500 3501 0 
2 3 3499 3502 0 
2 3 3498 3503 0 
2 3 3497 3504 0 
1 1 0 
1 1 0 
1 1 0 
2 3 3507 3508 0 
1 1 0 
1 1 0 
1 1 0 
1 1 0 
1 1 0 
2 3 3513 3514 0 
2 3 3512 3515 0 
1 1 0 
1 1 0 
1 1 0 
1 1 0 
1 1 0 
2 3 3520 3521 0 
2 3 3519 3522 0 
2 3 3518 3523 0 
2 3 3517 3524 0 
2 3 3516 3525 0 
2 3 3511 3526 0 
2 3 3510 3527 0 
1 1 0 
2 3 3528 3529 0 
2 3 3509 3530 0 
2 3 3506 3531 0 
2 3 3505 3532 0 
3 2 0 3533 
3 2 0 3505 
3 2 0 3497 
3 2 0 3495 
3 2 0 3493 
3 2 0 3494 
3 2 0 3496 
3 2 0 3504 
3 2 0 3498 
3 2 0 3503 
3 2 0 3499 
3 2 0 3502 
3 2 0 3500 
3 2 0 3501 
3 2 0 3532 
3 2 0 3506 
3 2 0 3531 
3 2 0 3509 
3 2 0 3507 
3 2 0 3508 
3 2 0 3530 
3 2 0 3528 
3 2 0 3510 
3 2 0 3527 
3 2 0 3511 
3 2 0 3526 
3 2 0 3516 
3 2 0 3512 
3 2 0 3515 
3 2 0 3513 
3 2 0 3514 
3 2 0 3525 
3 2 0 3517 
3 2 0 3524 
3 2 0 3518 
3 2 0 3523 
3 2 0 3519 
3 2 0 3522 
3 2 0 3520 
3 2 0 3521 
3 2 0 3529 
1 1 0 
1 1 0 
2 3 3575 3576 0 
1 1 0 
2 3 3577 3578 0 
1 1 0 
2 3 3579 3580 0 
1 1 0 
1 1 0 
1 1 0 
2 3 3583 3584 0 
2 3 3582 3585 0 
1 1 0 
2 3 3586 3587 0 
1 1 0 
1 1 0 
2 3 3589 3590 0 
1 1 0 
1 1 0 
2 3 3592 3593 0 
2 3 3591 3594 0 
1 1 0 
2 3 3595 3596 0 
2 3 3588 3597 0 
2 3 3581 3598 0 
1 1 0 
1 1 0 
1 1 0 
1 1 0 
1 1 0 
2 3 3603 3604 0 
1 1 0 
2 3 3605 3606 0 
2 3 3602 3607 0 
2 3 3601 3608 0 
2 3 3600 3609 0 
1 1 0 
2 3 3610 3611 0 
2 3 3599 3612 0 
3 2 0 3613 
3 2 0 3599 
3 2 0 3581 
3 2 0 3579 
3 2 0 3577 
3 2 0 3575 
3 2 0 3576 
3 2 0 3578 
3 2 0 3580 
3 2 0 3598 
3 2 0 3588 
3 2 0 3586 
3 2 0 3582 
3 2 0 3585 
3 2 0 3583 
3 2 0 3584 
3 2 0 3587 
3 2 0 3597 
3 2 0 3595 
3 2 0 3591 
3 2 0 3589 
3 2 0 3590 
3 2 0 3594 
3 2 0 3592 
3 2 0 3593 
3 2 0 3596 
3 2 0 3612 
3 2 0 3610 
3 2 0 3600 
3 2 0 3609 
3 2 0 3601 
3 2 0 3608 
3 2 0 3602 
3 2 0 3607 
3 2 0 3605 
3 2 0 3603 
3 2 0 3604 
3 2 0 3606 
3 2 0 3611 
1 1 0 
1 1 0 
1 1 0 
2 3 3654 3655 0 
2 3 3653 3656 0 
1 1 0 
1 1 0 
1 1 0 
2 3 3659 3660 0 
1 1 0 
1 1 0 
1 1 0 
1 1 0 
2 3 3664 3665 0 
2 3 3663 3666 0 
1 1 0 
1 1 0 
2 3 3668 3669 0 
2 3 3667 3670 0 
2 3 3662 3671 0 
2 3 3661 3672 0 
2 3 3658 3673 0 
1 1 0 
2 3 3674 3675 0 
2 3 3657 3676 0 
3 2 0 3677 
3 2 0 3657 
3 2 0 3653 
3 2 0 3656 
3 2 0 3654 
3 2 0 3655 
3 2 0 3676 
3 2 0 3674 
3 2 0 3658 
3 2 0 3673 
3 2 0 3661 
3 2 0 3659 
3 2 0 3660 
3 2 0 3672 
3 2 0 3662 
3 2 0 3671 
3 2 0 3667 
3 2 0 3663 
3 2 0 3666 
3 2 0 3664 
3 2 0 3665 
3 2 0 3670 
3 2 0 3668 
3 2 0 3669 
3 2 0 3675 
1 1 0 
1 1 0 
1 1 0 
2 3 3704 3705 0 
2 3 3703 3706 0 
1 1 0 
1 1 0 
1 1 0 
1 1 0 
2 3 3710 3711 0 
1 1 0 
1 1 0 
1 1 0 
1 1 0 
2 3 3715 3716 0 
2 3 3714 3717 0 
2 3 3713 3718 0 
1 1 0 
1 1 0 
1 1 0 
1 1 0 
2 3 3722 3723 0 
1 1 0 
1 1 0 
1 1 0 
2 3 3726 3727 0 
1 1 0 
2 3 3728 3729 0 
2 3 3725 3730 0 
2 3 3724 3731 0 
2 3 3721 3732 0 
1 1 0 
1 1 0 
1 1 0 
1 1 0 
2 3 3736 3737 0 
2 3 3735 3738 0 
2 3 3734 3739 0 
2 3 3733 3740 0 
2 3 3720 3741 0 
2 3 3719 3742 0 
2 3 3712 3743 0 
2 3 3709 3744 0 
2 3 3708 3745 0 
1 1 0 
2 3 3746 3747 0 
2 3 3707 3748 0 
3 2 0 3749 
3 2 0 3707 
3 2 0 3703 
3 2 0 3706 
3 2 0 3704 
3 2 0 3705 
3 2 0 3748 
3 2 0 3746 
3 2 0 3708 
3 2 0 3745 
3 2 0 3709 
3 2 0 3744 
3 2 0 3712 
3 2 0 3710 
3 2 0 3711 
3 2 0 3743 
3 2 0 3719 
3 2 0 3713 
3 2 0 3718 
3 2 0 3714 
3 2 0 3717 
3 2 0 3715 
3 2 0 3716 
3 2 0 3742 
3 2 0 3720 
3 2 0 3741 
3 2 0 3733 
3 2 0 3721 
3 2 0 3732 
3 2 0 3724 
3 2 0 3722 
3 2 0 3723 
3 2 0 3731 
3 2 0 3725 
3 2 0 3730 
3 2 0 3728 
3 2 0 3726 
3 2 0 3727 
3 2 0 3729 
3 2 0 3740 
3 2 0 3734 
3 2 0 3739 
3 2 0 3735 
3 2 0 3738 
3 2 0 3736 
3 2 0 3737 
3 2 0 3747 
1 1 0 
1 1 0 
1 1 0 
1 1 0 
1 1 0 
2 3 3800 3801 0 
2 3 3799 3802 0 
2 3 3798 3803 0 
1 1 0 
2 3 3804 3805 0 
2 3 3797 3806 0 
3 2 0 3807 
3 2 0 3797 
3 2 0 3806 
3 2 0 3804 
3 2 0 3798 
3 2 0 3803 
3 2 0 3799 
3 2 0 3802 
3 2 0 3800 
3 2 0 3801 
3 2 0 3805 
1 1 0 
1 1 0 
1 1 0 
1 1 0 
2 3 3821 3822 0 
2 3 3820 3823 0 
2 3 3819 3824 0 
1 1 0 
1 1 0 
1 1 0 
1 1 0 
1 1 0 
2 3 3829 3830 0 
2 3 3828 3831 0 
1 1 0 
2 3 3832 3833 0 
2 3 3827 3834 0 
2 3 3826 3835 0 
2 3 3825 3836 0 
3 2 0 3837 
3 2 0 3825 
3 2 0 3819 
3 2 0 3824 
3 2 0 3820 
3 2 0 3823 
3 2 0 3821 
3 2 0 3822 
3 2 0 3836 
3 2 0 3826 
3 2 0 3835 
3 2 0 3827 
3 2 0 3834 
3 2 0 3832 
3 2 0 3828 
3 2 0 3831 
3 2 0 3829 
3 2 0 3830 
3 2 0 3833 
1 1 0 
1 1 0 
1 1 0 
1 1 0 
2 3 3859 3860 0 
2 3 3858 3861 0 
2 3 3857 3862 0 
1 1 0 
2 3 3863 3864 0 
1 1 0 
2 3 3865 3866 0 
1 1 0 
1 1 0 
1 1 0 
1 1 0 
1 1 0 
2 3 3871 3872 0 
2 3 3870 3873 0 
2 3 3869 3874 0 
1 1 0 
2 3 3875 3876 0 
2 3 3868 3877 0 
2 3 3867 3878 0 
3 2 0 3879 
3 2 0 3867 
3 2 0 3865 
3 2 0 3863 
3 2 0 3857 
3 2 0 3862 
3 2 0 3858 
3 2 0 3861 
3 2 0 3859 
3 2 0 3860 
3 2 0 3864 
3 2 0 3866 
3 2 0 3878 
3 2 0 3868 
3 2 0 3877 
3 2 0 3875 
3 2 0 3869 
3 2 0 3874 
3 2 0 3870 
3 2 0 3873 
3 2 0 3871 
3 2 0 3872 
3 2 0 3876 
1 1 0 
1 1 0 
1 1 0 
1 1 0 
1 1 0 
1 1 0 
1 1 0 
1 1 0 
2 3 3909 3910 0 
2 3 3908 3911 0 
2 3 3907 3912 0 
2 3 3906 3913 0 
2 3 3905 3914 0 
2 3 3904 3915 0 
1 1 0 
1 1 0 
1 1 0 
1 1 0 
1 1 0 
1 1 0 
1 1 0 
1 1 0 
1 1 0 
1 1 0 
2 3 3925 3926 0 
2 3 3924 3927 0 
1 1 0 
1 1 0 
1 1 0 
1 1 0 
2 3 3931 3932 0 
2 3 3930 3933 0 
2 3 3929 3934 0 
2 3 3928 3935 0 
1 1 0 
2 3 3936 3937 0 
1 1 0 
1 1 0 
1 1 0 
2 3 3940 3941 0 
1 1 0 
2 3 3942 3943 0 
2 3 3939 3944 0 
2 3 3938 3945 0 
2 3 3923 3946 0 
2 3 3922 3947 0 
2 3 3921 3948 0 
2 3 3920 3949 0 
2 3 3919 3950 0 
2 3 3918 3951 0 
2 3 3917 3952 0 
2 3 3916 3953 0 
1 1 0 
2 3 3954 3955 0 
2 3 3903 3956 0 
3 2 0 3957 
3 2 0 3903 
3 2 0 3956 
3 2 0 3954 
3 2 0 3916 
3 2 0 3904 
3 2 0 3915 
3 2 0 3905 
3 2 0 3914 
3 2 0 3906 
3 2 0 3913 
3 2 0 3907 
3 2 0 3912 
3 2 0 3908 
3 2 0 3911 
3 2 0 3909 
3 2 0 3910 
3 2 0 3953 
3 2 0 3917 
3 2 0 3952 
3 2 0 3918 
3 2 0 3951 
3 2 0 3919 
3 2 0 3950 
3 2 0 3920 
3 2 0 3949 
3 2 0 3921 
3 2 0 3948 
3 2 0 3922 
3 2 0 3947 
3 2 0 3923 
3 2 0 3946 
3 2 0 3938 
3 2 0 3936 
3 2 0 3928 
3 2 0 3924 
3 2 0 3927 
3 2 0 3925 
3 2 0 3926 
3 2 0 3935 
3 2 0 3929 
3 2 0 3934 
3 2 0 3930 
3 2 0 3933 
3 2 0 3931 
3 2 0 3932 
3 2 0 3937 
3 2 0 3945 
3 2 0 3939 
3 2 0 3944 
3 2 0 3942 
3 2 0 3940 
3 2 0 3941 
3 2 0 3943 
3 2 0 3955 
1 1 0 
1 1 0 
1 1 0 
2 3 4014 4015 0 
2 3 4013 4016 0 
1 1 0 
2 3 4017 4018 0 
1 1 0 
1 1 0 
2 3 4020 4021 0 
2 3 4019 4022 0 
1 1 0 
1 1 0 
1 1 0 
1 1 0 
1 1 0 
1 1 0 
2 3 4028 4029 0 
1 1 0 
1 1 0 
2 3 4031 4032 0 
2 3 4030 4033 0 
2 3 4027 4034 0 
2 3 4026 4035 0 
2 3 4025 4036 0 
2 3 4024 4037 0 
1 1 0 
2 3 4038 4039 0 
2 3 4023 4040 0 
3 2 0 4041 
3 2 0 4023 
3 2 0 4019 
3 2 0 4017 
3 2 0 4013 
3 2 0 4016 
3 2 0 4014 
3 2 0 4015 
3 2 0 4018 
3 2 0 4022 
3 2 0 4020 
3 2 0 4021 
3 2 0 4040 
3 2 0 4038 
3 2 0 4024 
3 2 0 4037 
3 2 0 4025 
3 2 0 4036 
3 2 0 4026 
3 2 0 4035 
3 2 0 4027 
3 2 0 4034 
3 2 0 4030 
3 2 0 4028 
3 2 0 4029 
3 2 0 4033 
3 2 0 4031 
3 2 0 4032 
3 2 0 4039 
1 1 0 
1 1 0 
1 1 0 
1 1 0 
2 3 4073 4074 0 
1 1 0 
1 1 0 
1 1 0 
2 3 4077 4078 0 
2 3 4076 4079 0 
2 3 4075 4080 0 
1 1 0 
1 1 0 
2 3 4082 4083 0 
1 1 0 
2 3 4084 4085 0 
1 1 0 
1 1 0 
2 3 4087 4088 0 
2 3 4086 4089 0 
2 3 4081 4090 0 
2 3 4072 4091 0 
2 3 4071 4092 0 
1 1 0 
2 3 4093 4094 0 
3 2 0 4095 
3 2 0 4093 
3 2 0 4071 
3 2 0 4092 
3 2 0 4072 
3 2 0 4091 
3 2 0 4081 
3 2 0 4075 
3 2 0 4073 
3 2 0 4074 
3 2 0 4080 
3 2 0 4076 
3 2 0 4079 
3 2 0 4077 
3 2 0 4078 
3 2 0 4090 
3 2 0 4086 
3 2 0 4084 
3 2 0 4082 
3 2 0 4083 
3 2 0 4085 
3 2 0 4089 
3 2 0 4087 
3 2 0 4088 
3 2 0 4094 
1 1 0 
1 1 0 
2 3 4121 4122 0 
1 1 0 
1 1 0 
1 1 0 
2 3 4125 4126 0 
1 1 0 
1 1 0 
1 1 0 
1 1 0 
2 3 4130 4131 0 
2 3 4129 4132 0 
1 1 0 
2 3 4133 4134 0 
2 3 4128 4135 0 
2 3 4127 4136 0 
2 3 4124 4137 0 
1 1 0 
2 3 4138 4139 0 
1 1 0 
2 3 4140 4141 0 
1 1 0 
1 1 0 
1 1 0 
1 1 0 
1 1 0 
2 3 4146 4147 0 
2 3 4145 4148 0 
1 1 0 
2 3 4149 4150 0 
1 1 0 
2 3 4151 4152 0 
1 1 0 
2 3 4153 4154 0 
1 1 0 
2 3 4155 4156 0 
1 1 0 
1 1 0 
2 3 4158 4159 0 
2 3 4157 4160 0 
2 3 4144 4161 0 
2 3 4143 4162 0 
2 3 4142 4163 0 
1 1 0 
2 3 4164 4165 0 
2 3 4123 4166 0 
3 2 0 4167 
3 2 0 4123 
3 2 0 4121 
3 2 0 4122 
3 2 0 4166 
3 2 0 4164 
3 2 0 4142 
3 2 0 4140 
3 2 0 4138 
3 2 0 4124 
3 2 0 4137 
3 2 0 4127 
3 2 0 4125 
3 2 0 4126 
3 2 0 4136 
3 2 0 4128 
3 2 0 4135 
3 2 0 4133 
3 2 0 4129 
3 2 0 4132 
3 2 0 4130 
3 2 0 4131 
3 2 0 4134 
3 2 0 4139 
3 2 0 4141 
3 2 0 4163 
3 2 0 4143 
3 2 0 4162 
3 2 0 4144 
3 2 0 4161 
3 2 0 4157 
3 2 0 4155 
3 2 0 4153 
3 2 0 4151 
3 2 0 4149 
3 2 0 4145 
3 2 0 4148 
3 2 0 4146 
3 2 0 4147 
3 2 0 4150 
3 2 0 4152 
3 2 0 4154 
3 2 0 4156 
3 2 0 4160 
3 2 0 4158 
3 2 0 4159 
3 2 0 4165 
1 1 0 
1 1 0 
1 1 0 
1 1 0 
2 3 4217 4218 0 
2 3 4216 4219 0 
1 1 0 
1 1 0 
2 3 4221 4222 0 
1 1 0 
1 1 0 
1 1 0 
1 1 0 
1 1 0 
1 1 0 
1 1 0 
2 3 4229 4230 0 
2 3 4228 4231 0 
2 3 4227 4232 0 
2 3 4226 4233 0 
2 3 4225 4234 0 
2 3 4224 4235 0 
2 3 4223 4236 0 
2 3 4220 4237 0 
2 3 4215 4238 0 
1 1 0 
1 1 0 
1 1 0 
2 3 4241 4242 0 
1 1 0 
1 1 0 
2 3 4244 4245 0 
1 1 0 
1 1 0 
2 3 4247 4248 0 
1 1 0 
1 1 0 
1 1 0 
1 1 0 
2 3 4252 4253 0 
2 3 4251 4254 0 
2 3 4250 4255 0 
2 3 4249 4256 0 
2 3 4246 4257 0 
1 1 0 
1 1 0 
2 3 4259 4260 0 
2 3 4258 4261 0 
1 1 0 
2 3 4262 4263 0 
2 3 4243 4264 0 
2 3 4240 4265 0 
2 3 4239 4266 0 
3 2 0 4267 
3 2 0 4239 
3 2 0 4215 
3 2 0 4238 
3 2 0 4220 
3 2 0 4216 
3 2 0 4219 
3 2 0 4217 
3 2 0 4218 
3 2 0 4237 
3 2 0 4223 
3 2 0 4221 
3 2 0 4222 
3 2 0 4236 
3 2 0 4224 
3 2 0 4235 
3 2 0 4225 
3 2 0 4234 
3 2 0 4226 
3 2 0 4233 
3 2 0 4227 
3 2 0 4232 
3 2 0 4228 
3 2 0 4231 
3 2 0 4229 
3 2 0 4230 
3 2 0 4266 
3 2 0 4240 
3 2 0 4265 
3 2 0 4243 
3 2 0 4241 
3 2 0 4242 
3 2 0 4264 
3 2 0 4262 
3 2 0 4258 
3 2 0 4246 
3 2 0 4244 
3 2 0 4245 
3 2 0 4257 
3 2 0 4249 
3 2 0 4247 
3 2 0 4248 
3 2 0 4256 
3 2 0 4250 
3 2 0 4255 
3 2 0 4251 
3 2 0 4254 
3 2 0 4252 
3 2 0 4253 
3 2 0 4261 
3 2 0 4259 
3 2 0 4260 
3 2 0 4263 
1 1 0 
1 1 0 
1 1 0 
2 3 4322 4323 0 
1 1 0 
1 1 0 
1 1 0 
1 1 0 
1 1 0 
2 3 4328 4329 0 
1 1 0 
2 3 4330 4331 0 
1 1 0 
1 1 0 
2 3 4333 4334 0 
2 3 4332 4335 0 
2 3 4327 4336 0 
2 3 4326 4337 0 
2 3 4325 4338 0 
2 3 4324 4339 0 
2 3 4321 4340 0 
1 1 0 
2 3 4341 4342 0 
1 1 0 
2 3 4343 4344 0 
1 1 0 
1 1 0 
1 1 0 
1 1 0 
2 3 4348 4349 0 
1 1 0 
2 3 4350 4351 0 
1 1 0 
1 1 0 
1 1 0 
2 3 4354 4355 0 
2 3 4353 4356 0 
2 3 4352 4357 0 
2 3 4347 4358 0 
2 3 4346 4359 0 
2 3 4345 4360 0 
1 1 0 
2 3 4361 4362 0 
3 2 0 4363 
3 2 0 4361 
3 2 0 4345 
3 2 0 4343 
3 2 0 4341 
3 2 0 4321 
3 2 0 4340 
3 2 0 4324 
3 2 0 4322 
3 2 0 4323 
3 2 0 4339 
3 2 0 4325 
3 2 0 4338 
3 2 0 4326 
3 2 0 4337 
3 2 0 4327 
3 2 0 4336 
3 2 0 4332 
3 2 0 4330 
3 2 0 4328 
3 2 0 4329 
3 2 0 4331 
3 2 0 4335 
3 2 0 4333 
3 2 0 4334 
3 2 0 4342 
3 2 0 4344 
3 2 0 4360 
3 2 0 4346 
3 2 0 4359 
3 2 0 4347 
3 2 0 4358 
3 2 0 4352 
3 2 0 4350 
3 2 0 4348 
3 2 0 4349 
3 2 0 4351 
3 2 0 4357 
3 2 0 4353 
3 2 0 4356 
3 2 0 4354 
3 2 0 4355 
3 2 0 4362 
1 1 0 
1 1 0 
2 3 4407 4408 0 
1 1 0 
2 3 4409 4410 0 
1 1 0 
1 1 0 
1 1 0 
1 1 0 
1 1 0 
2 3 4415 4416 0 
2 3 4414 4417 0 
2 3 4413 4418 0 
2 3 4412 4419 0 
1 1 0 
2 3 4420 4421 0 
2 3 4411 4422 0 
3 2 0 4423 
3 2 0 4411 
3 2 0 4409 
3 2 0 4407 
3 2 0 4408 
3 2 0 4410 
3 2 0 4422 
3 2 0 4420 
3 2 0 4412 
3 2 0 4419 
3 2 0 4413 
3 2 0 4418 
3 2 0 4414 
3 2 0 4417 
3 2 0 4415 
3 2 0 4416 
3 2 0 4421 
1 1 0 
1 1 0 
1 1 0 
1 1 0 
1 1 0 
2 3 4444 4445 0 
2 3 4443 4446 0 
1 1 0 
1 1 0 
1 1 0 
1 1 0 
1 1 0 
1 1 0 
1 1 0 
1 1 0 
2 3 4454 4455 0 
2 3 4453 4456 0 
1 1 0 
1 1 0 
1 1 0 
2 3 4459 4460 0 
2 3 4458 4461 0 
2 3 4457 4462 0 
2 3 4452 4463 0 
2 3 4451 4464 0 
2 3 4450 4465 0 
2 3 4449 4466 0 
2 3 4448 4467 0 
2 3 4447 4468 0 
2 3 4442 4469 0 
1 1 0 
2 3 4470 4471 0 
2 3 4441 4472 0 
3 2 0 4473 
3 2 0 4441 
3 2 0 4472 
3 2 0 4470 
3 2 0 4442 
3 2 0 4469 
3 2 0 4447 
3 2 0 4443 
3 2 0 4446 
3 2 0 4444 
3 2 0 4445 
3 2 0 4468 
3 2 0 4448 
3 2 0 4467 
3 2 0 4449 
3 2 0 4466 
3 2 0 4450 
3 2 0 4465 
3 2 0 4451 
3 2 0 4464 
3 2 0 4452 
3 2 0 4463 
3 2 0 4457 
3 2 0 4453 
3 2 0 4456 
3 2 0 4454 
3 2 0 4455 
3 2 0 4462 
3 2 0 4458 
3 2 0 4461 
3 2 0 4459 
3 2 0 4460 
3 2 0 4471 
1 1 0 
1 1 0 
1 1 0 
2 3 4508 4509 0 
2 3 4507 4510 0 
1 1 0 
1 1 0 
1 1 0 
2 3 4513 4514 0 
1 1 0 
1 1 0 
1 1 0 
1 1 0 
2 3 4518 4519 0 
2 3 4517 4520 0 
1 1 0 
1 1 0 
1 1 0 
1 1 0 
1 1 0 
1 1 0 
1 1 0 
1 1 0 
2 3 4528 4529 0 
2 3 4527 4530 0 
2 3 4526 4531 0 
2 3 4525 4532 0 
2 3 4524 4533 0 
2 3 4523 4534 0 
2 3 4522 4535 0 
2 3 4521 4536 0 
2 3 4516 4537 0 
2 3 4515 4538 0 
2 3 4512 4539 0 
2 3 4511 4540 0 
1 1 0 
2 3 4541 4542 0 
3 2 0 4543 
3 2 0 4541 
3 2 0 4511 
3 2 0 4507 
3 2 0 4510 
3 2 0 4508 
3 2 0 4509 
3 2 0 4540 
3 2 0 4512 
3 2 0 4539 
3 2 0 4515 
3 2 0 4513 
3 2 0 4514 
3 2 0 4538 
3 2 0 4516 
3 2 0 4537 
3 2 0 4521 
3 2 0 4517 
3 2 0 4520 
3 2 0 4518 
3 2 0 4519 
3 2 0 4536 
3 2 0 4522 
3 2 0 4535 
3 2 0 4523 
3 2 0 4534 
3 2 0 4524 
3 2 0 4533 
3 2 0 4525 
3 2 0 4532 
3 2 0 4526 
3 2 0 4531 
3 2 0 4527 
3 2 0 4530 
3 2 0 4528 
3 2 0 4529 
3 2 0 4542 
1 1 0 
1 1 0 
1 1 0 
1 1 0 
2 3 4583 4584 0 
2 3 4582 4585 0 
2 3 4581 4586 0 
1 1 0 
1 1 0 
1 1 0 
1 1 0 
1 1 0 
2 3 4591 4592 0 
2 3 4590 4593 0 
2 3 4589 4594 0 
2 3 4588 4595 0 
2 3 4587 4596 0 
1 1 0 
2 3 4597 4598 0 
3 2 0 4599 
3 2 0 4597 
3 2 0 4587 
3 2 0 4581 
3 2 0 4586 
3 2 0 4582 
3 2 0 4585 
3 2 0 4583 
3 2 0 4584 
3 2 0 4596 
3 2 0 4588 
3 2 0 4595 
3 2 0 4589 
3 2 0 4594 
3 2 0 4590 
3 2 0 4593 
3 2 0 4591 
3 2 0 4592 
3 2 0 4598 
1 1 0 
1 1 0 
2 3 4619 4620 0 
1 1 0 
2 3 4621 4622 0 
1 1 0 
1 1 0 
2 3 4624 4625 0 
1 1 0 
2 3 4626 4627 0 
2 3 4623 4628 0 
1 1 0 
2 3 4629 4630 0 
1 1 0 
2 3 4631 4632 0 
1 1 0 
1 1 0 
1 1 0 
2 3 4635 4636 0 
2 3 4634 4637 0 
2 3 4633 4638 0 
1 1 0 
2 3 4639 4640 0 
3 2 0 4641 
3 2 0 4639 
3 2 0 4633 
3 2 0 4631 
3 2 0 4629 
3 2 0 4623 
3 2 0 4621 
3 2 0 4619 
3 2 0 4620 
3 2 0 4622 
3 2 0 4628 
3 2 0 4626 
3 2 0 4624 
3 2 0 4625 
3 2 0 4627 
3 2 0 4630 
3 2 0 4632 
3 2 0 4638 
3 2 0 4634 
3 2 0 4637 
3 2 0 4635 
3 2 0 4636 
3 2 0 4640 
1 1 0 
1 1 0 
1 1 0 
2 3 4666 4667 0 
2 3 4665 4668 0 
1 1 0 
1 1 0 
2 3 4670 4671 0 
1 1 0 
1 1 0 
1 1 0 
1 1 0 
1 1 0 
2 3 4676 4677 0 
2 3 4675 4678 0 
2 3 4674 4679 0 
1 1 0 
1 1 0 
1 1 0 
1 1 0 
2 3 4683 4684 0 
2 3 4682 4685 0 
2 3 4681 4686 0 
2 3 4680 4687 0 
2 3 4673 4688 0 
2 3 4672 4689 0 
2 3 4669 4690 0 
1 1 0 
2 3 4691 4692 0 
1 1 0 
1 1 0 
1 1 0 
1 1 0 
1 1 0 
2 3 4697 4698 0 
2 3 4696 4699 0 
2 3 4695 4700 0 
1 1 0 
1 1 0 
2 3 4702 4703 0 
2 3 4701 4704 0 
2 3 4694 4705 0 
2 3 4693 4706 0 
1 1 0 
2 3 4707 4708 0 
1 1 0 
1 1 0 
1 1 0 
1 1 0 
1 1 0 
1 1 0 
1 1 0 
1 1 0 
2 3 4716 4717 0 
2 3 4715 4718 0 
2 3 4714 4719 0 
2 3 4713 4720 0 
2 3 4712 4721 0 
2 3 4711 4722 0 
2 3 4710 4723 0 
2 3 4709 4724 0 
1 1 0 
2 3 4725 4726 0 
3 2 0 4727 
3 2 0 4725 
3 2 0 4709 
3 2 0 4707 
3 2 0 4693 
3 2 0 4691 
3 2 0 4669 
3 2 0 4665 
3 2 0 4668 
3 2 0 4666 
3 2 0 4667 
3 2 0 4690 
3 2 0 4672 
3 2 0 4670 
3 2 0 4671 
3 2 0 4689 
3 2 0 4673 
3 2 0 4688 
3 2 0 4680 
3 2 0 4674 
3 2 0 4679 
3 2 0 4675 
3 2 0 4678 
3 2 0 4676 
3 2 0 4677 
3 2 0 4687 
3 2 0 4681 
3 2 0 4686 
3 2 0 4682 
3 2 0 4685 
3 2 0 4683 
3 2 0 4684 
3 2 0 4692 
3 2 0 4706 
3 2 0 4694 
3 2 0 4705 
3 2 0 4701 
3 2 0 4695 
3 2 0 4700 
3 2 0 4696 
3 2 0 4699 
3 2 0 4697 
3 2 0 4698 
3 2 0 4704 
3 2 0 4702 
3 2 0 4703 
3 2 0 4708 
3 2 0 4724 
3 2 0 4710 
3 2 0 4723 
3 2 0 4711 
3 2 0 4722 
3 2 0 4712 
3 2 0 4721 
3 2 0 4713 
3 2 0 4720 
3 2 0 4714 
3 2 0 4719 
3 2 0 4715 
3 2 0 4718 
3 2 0 4716 
3 2 0 4717 
3 2 0 4726 
1 1 0 
1 1 0 
2 3 4791 4792 0 
1 1 0 
1 1 0 
2 3 4794 4795 0 
1 1 0 
1 1 0 
1 1 0 
2 3 4798 4799 0 
2 3 4797 4800 0 
2 3 4796 4801 0 
1 1 0 
2 3 4802 4803 0 
1 1 0 
1 1 0 
2 3 4805 4806 0 
2 3 4804 4807 0 
2 3 4793 4808 0 
1 1 0 
2 3 4809 4810 0 
1 1 0 
1 1 0 
1 1 0 
1 1 0 
1 1 0 
2 3 4815 4816 0 
2 3 4814 4817 0 
2 3 4813 4818 0 
2 3 4812 4819 0 
2 3 4811 4820 0 
1 1 0 
2 3 4821 4822 0 
3 2 0 4823 
3 2 0 4821 
3 2 0 4811 
3 2 0 4809 
3 2 0 4793 
3 2 0 4791 
3 2 0 4792 
3 2 0 4808 
3 2 0 4804 
3 2 0 4802 
3 2 0 4796 
3 2 0 4794 
3 2 0 4795 
3 2 0 4801 
3 2 0 4797 
3 2 0 4800 
3 2 0 4798 
3 2 0 4799 
3 2 0 4803 
3 2 0 4807 
3 2 0 4805 
3 2 0 4806 
3 2 0 4810 
3 2 0 4820 
3 2 0 4812 
3 2 0 4819 
3 2 0 4813 
3 2 0 4818 
3 2 0 4814 
3 2 0 4817 
3 2 0 4815 
3 2 0 4816 
3 2 0 4822 
1 1 0 
1 1 0 
1 1 0 
1 1 0 
1 1 0 
2 3 4860 4861 0 
1 1 0 
1 1 0 
1 1 0 
2 3 4864 4865 0 
1 1 0 
2 3 4866 4867 0 
2 3 4863 4868 0 
2 3 4862 4869 0 
2 3 4859 4870 0 
1 1 0 
1 1 0 
1 1 0 
1 1 0 
1 1 0 
1 1 0 
2 3 4876 4877 0 
2 3 4875 4878 0 
2 3 4874 4879 0 
1 1 0 
1 1 0 
1 1 0 
1 1 0 
2 3 4883 4884 0 
1 1 0 
2 3 4885 4886 0 
2 3 4882 4887 0 
2 3 4881 4888 0 
2 3 4880 4889 0 
2 3 4873 4890 0 
2 3 4872 4891 0 
2 3 4871 4892 0 
2 3 4858 4893 0 
1 1 0 
2 3 4894 4895 0 
2 3 4857 4896 0 
3 2 0 4897 
3 2 0 4857 
3 2 0 4896 
3 2 0 4894 
3 2 0 4858 
3 2 0 4893 
3 2 0 4871 
3 2 0 4859 
3 2 0 4870 
3 2 0 4862 
3 2 0 4860 
3 2 0 4861 
3 2 0 4869 
3 2 0 4863 
3 2 0 4868 
3 2 0 4866 
3 2 0 4864 
3 2 0 4865 
3 2 0 4867 
3 2 0 4892 
3 2 0 4872 
3 2 0 4891 
3 2 0 4873 
3 2 0 4890 
3 2 0 4880 
3 2 0 4874 
3 2 0 4879 
3 2 0 4875 
3 2 0 4878 
3 2 0 4876 
3 2 0 4877 
3 2 0 4889 
3 2 0 4881 
3 2 0 4888 
3 2 0 4882 
3 2 0 4887 
3 2 0 4885 
3 2 0 4883 
3 2 0 4884 
3 2 0 4886 
3 2 0 4895 
1 1 0 
1 1 0 
1 1 0 
1 1 0 
2 3 4941 4942 0 
1 1 0 
1 1 0 
1 1 0 
1 1 0 
2 3 4946 4947 0 
2 3 4945 4948 0 
2 3 4944 4949 0 
2 3 4943 4950 0 
2 3 4940 4951 0 
1 1 0 
2 3 4952 4953 0 
2 3 4939 4954 0 
3 2 0 4955 
3 2 0 4939 
3 2 0 4954 
3 2 0 4952 
3 2 0 4940 
3 2 0 4951 
3 2 0 4943 
3 2 0 4941 
3 2 0 4942 
3 2 0 4950 
3 2 0 4944 
3 2 0 4949 
3 2 0 4945 
3 2 0 4948 
3 2 0 4946 
3 2 0 4947 
3 2 0 4953 
33 2486 78 79 80 81 82 83 84 85 86 87 88 89 90 91 92 93 94 95 96 97 98 99 100 101 102 103 104 105 106 107 108 109 110 111 112 113 114 115 116 117 118 119 120 121 122 123 124 125 126 127 128 129 130 131 132 133 134 135 136 137 138 139 140 141 142 143 144 145 146 147 148 149 150 151 152 153 154 198 199 200 201 202 203 204 205 206 207 208 209 210 211 212 213 214 215 216 217 218 219 220 221 222 223 224 225 226 227 228 229 230 231 232 233 234 235 236 237 238 239 240 262 263 264 265 266 267 268 269 270 271 272 273 274 275 276 277 278 279 280 281 282 306 307 308 309 310 311 312 313 314 315 316 317 318 319 320 321 322 323 324 325 326 327 328 396 397 398 399 400 401 402 403 404 405 406 407 408 409 410 411 412 413 414 415 416 417 418 419 420 421 422 423 424 425 426 427 428 429 430 431 432 433 434 435 436 437 438 439 440 441 442 443 444 445 446 447 448 449 450 451 452 453 454 455 456 457 458 459 460 461 462 518 519 520 521 522 523 524 525 526 527 528 529 530 531 532 533 534 535 536 537 538 539 540 541 542 543 544 545 546 547 548 549 550 551 552 553 554 555 556 557 558 559 560 561 562 563 564 565 566 567 568 569 570 571 572 604 605 606 607 608 609 610 611 612 613 614 615 616 617 618 619 620 621 622 623 624 625 626 627 628 629 630 631 632 633 634 670 671 672 673 674 675 676 677 678 679 680 681 682 683 684 685 686 687 688 689 690 691 692 693 694 695 696 697 698 699 700 701 702 703 704 744 745 746 747 748 749 750 751 752 753 754 755 756 757 758 759 760 761 762 763 764 765 766 767 768 769 770 771 772 773 774 775 776 777 778 779 780 781 782 806 807 808 809 810 811 812 813 814 815 816 817 818 819 820 821 822 823 824 825 826 827 828 856 857 858 859 860 861 862 863 864 865 866 867 868 869 870 871 872 873 874 875 876 877 878 879 880 881 882 908 909 910 911 912 913 914 915 916 917 918 919 920 921 922 923 924 925 926 927 928 929 930 931 932 978 979 980 981 982 983 984 985 986 987 988 989 990 991 992 993 994 995 996 997 998 999 1000 1001 1002 1003 1004 1005 1006 1007 1008 1009 1010 1011 1012 1013 1014 1015 1016 1017 1018 1019 1020 1021 1022 1088 1089 1090 1091 1092 1093 1094 1095 1096 1097 1098 1099 1100 1101 1102 1103 1104 1105 1106 1107 1108 1109 1110 1111 1112 1113 1114 1115 1116 1117 1118 1119 1120 1121 1122 1123 1124 1125 1126 1127 1128 1129 1130 1131 1132 1133 1134 1135 1136 1137 1138 1139 1140 1141 1142 1143 1144 1145 1146 1147 1148 1149 1150 1151 1152 1232 1233 1234 1235 1236 1237 1238 1239 1240 1241 1242 1243 1244 1245 1246 1247 1248 1249 1250 1251 1252 1253 1254 1255 1256 1257 1258 1259 1260 1261 1262 1263 1264 1265 1266 1267 1268 1269 1270 1271 1272 1273 1274 1275 1276 1277 1278 1279 1280 1281 1282 1283 1284 1285 1286 1287 1288 1289 1290 1291 1292 1293 1294 1295 1296 1297 1298 1299 1300 1301 1302 1303 1304 1305 1306 1307 1308 1309 1310 1364 1365 1366 1367 1368 1369 1370 1371 1372 1373 1374 1375 1376 1377 1378 1379 1380 1381 1382 1383 1384 1385 1386 1387 1388 1389 1390 1391 1392 1393 1394 1395 1396 1397 1398 1399 1400 1401 1402 1403 1404 1405 1406 1407 1408 1409 1410 1411 1412 1413 1414 1415 1416 1482 1483 1484 1485 1486 1487 1488 1489 1490 1491 1492 1493 1494 1495 1496 1497 1498 1499 1500 1501 1502 1503 1504 1505 1506 1507 1508 1509 1510 1511 1512 1513 1514 1515 1516 1517 1518 1519 1520 1521 1522 1523 1524 1525 1526 1527 1528 1529 1530 1531 1532 1533 1534 1535 1536 1537 1538 1539 1540 1541 1542 1543 1544 1545 1546 1562 1563 1564 1565 1566 1567 1568 1569 1570 1571 1572 1573 1574 1575 1576 1606 1607 1608 1609 1610 1611 1612 1613 1614 1615 1616 1617 1618 1619 1620 1621 1622 1623 1624 1625 1626 1627 1628 1629 1630 1631 1632 1633 1634 1664 1665 1666 1667 1668 1669 1670 1671 1672 1673 1674 1675 1676 1677 1678 1679 1680 1681 1682 1683 1684 1685 1686 1687 1688 1689 1690 1691 1692 1722 1723 1724 1725 1726 1727 1728 1729 1730 1731 1732 1733 1734 1735 1736 1737 1738 1739 1740 1741 1742 1743 1744 1745 1746 1747 1748 1749 1750 1778 1779 1780 1781 1782 1783 1784 1785 1786 1787 1788 1789 1790 1791 1792 1793 1794 1795 1796 1797 1798 1799 1800 1801 1802 1803 1804 1862 1863 1864 1865 1866 1867 1868 1869 1870 1871 1872 1873 1874 1875 1876 1877 1878 1879 1880 1881 1882 1883 1884 1885 1886 1887 1888 1889 1890 1891 1892 1893 1894 1895 1896 1897 1898 1899 1900 1901 1902 1903 1904 1905 1906 1907 1908 1909 1910 1911 1912 1913 1914 1915 1916 1917 1918 1994 1995 1996 1997 1998 1999 2000 2001 2002 2003 2004 2005 2006 2007 2008 2009 2010 2011 2012 2013 2014 2015 2016 2017 2018 2019 2020 2021 2022 2023 2024 2025 2026 2027 2028 2029 2030 2031 2032 2033 2034 2035 2036 2037 2038 2039 2040 2041 2042 2043 2044 2045 2046 2047 2048 2049 2050 2051 2052 2053 2054 2055 2056 2057 2058 2059 2060 2061 2062 2063 2064 2065 2066 2067 2068 2124 2125 2126 2127 2128 2129 2130 2131 2132 2133 2134 2135 2136 2137 2138 2139 2140 2141 2142 2143 2144 2145 2146 2147 2148 2149 2150 2151 2152 2153 2154 2155 2156 2157 2158 2159 2160 2161 2162 2163 2164 2165 2166 2167 2168 2169 2170 2171 2172 2173 2174 2175 2176 2177 2178 2200 2201 2202 2203 2204 2205 2206 2207 2208 2209 2210 2211 2212 2213 2214 2215 2216 2217 2218 2219 2220 2238 2239 2240 2241 2242 2243 2244 2245 2246 2247 2248 2249 2250 2251 2252 2253 2254 2296 2297 2298 2299 2300 2301 2302 2303 2304 2305 2306 2307 2308 2309 2310 2311 2312 2313 2314 2315 2316 2317 2318 2319 2320 2321 2322 2323 2324 2325 2326 2327 2328 2329 2330 2331 2332 2333 2334 2335 2336 2380 2381 2382 2383 2384 2385 2386 2387 2388 2389 2390 2391 2392 2393 2394 2395 2396 2397 2398 2399 2400 2401 2402 2403 2404 2405 2406 2407 2408 2409 2410 2411 2412 2413 2414 2415 2416 2417 2418 2419 2420 2421 2422 2460 2461 2462 2463 2464 2465 2466 2467 2468 2469 2470 2471 2472 2473 2474 2475 2476 2477 2478 2479 2480 2481 2482 2483 2484 2485 2486 2487 2488 2489 2490 2491 2492 2493 2494 2495 2496 2534 2535 2536 2537 2538 2539 2540 2541 2542 2543 2544 2545 2546 2547 2548 2549 2550 2551 2552 2553 2554 2555 2556 2557 2558 2559 2560 2561 2562 2563 2564 2565 2566 2567 2568 2569 2570 2612 2613 2614 2615 2616 2617 2618 2619 2620 2621 2622 2623 2624 2625 2626 2627 2628 2629 2630 2631 2632 2633 2634 2635 2636 2637 2638 2639 2640 2641 2642 2643 2644 2645 2646 2647 2648 2649 2650 2651 2652 2680 2681 2682 2683 2684 2685 2686 2687 2688 2689 2690 2691 2692 2693 2694 2695 2696 2697 2698 2699 2700 2701 2702 2703 2704 2705 2706 2726 2727 2728 2729 2730 2731 2732 2733 2734 2735 2736 2737 2738 2739 2740 2741 2742 2743 2744 2762 2763 2764 2765 2766 2767 2768 2769 2770 2771 2772 2773 2774 2775 2776 2777 2778 2798 2799 2800 2801 2802 2803 2804 2805 2806 2807 2808 2809 2810 2811 2812 2813 2814 2815 2816 2870 2871 2872 2873 2874 2875 2876 2877 2878 2879 2880 2881 2882 2883 2884 2885 2886 2887 2888 2889 2890 2891 2892 2893 2894 2895 2896 2897 2898 2899 2900 2901 2902 2903 2904 2905 2906 2907 2908 2909 2910 2911 2912 2913 2914 2915 2916 2917 2918 2919 2920 2921 2922 2988 2989 2990 2991 2992 2993 2994 2995 2996 2997 2998 2999 3000 3001 3002 3003 3004 3005 3006 3007 3008 3009 3010 3011 3012 3013 3014 3015 3016 3017 3018 3019 3020 3021 3022 3023 3024 3025 3026 3027 3028 3029 3030 3031 3032 3033 3034 3035 3036 3037 3038 3039 3040 3041 3042 3043 3044 3045 3046 3047 3048 3049 3050 3051 3052 3134 3135 3136 3137 3138 3139 3140 3141 3142 3143 3144 3145 3146 3147 3148 3149 3150 3151 3152 3153 3154 3155 3156 3157 3158 3159 3160 3161 3162 3163 3164 3165 3166 3167 3168 3169 3170 3171 3172 3173 3174 3175 3176 3177 3178 3179 3180 3181 3182 3183 3184 3185 3186 3187 3188 3189 3190 3191 3192 3193 3194 3195 3196 3197 3198 3199 3200 3201 3202 3203 3204 3205 3206 3207 3208 3209 3210 3211 3212 3213 3214 3248 3249 3250 3251 3252 3253 3254 3255 3256 3257 3258 3259 3260 3261 3262 3263 3264 3265 3266 3267 3268 3269 3270 3271 3272 3273 3274 3275 3276 3277 3278 3279 3280 3348 3349 3350 3351 3352 3353 3354 3355 3356 3357 3358 3359 3360 3361 3362 3363 3364 3365 3366 3367 3368 3369 3370 3371 3372 3373 3374 3375 3376 3377 3378 3379 3380 3381 3382 3383 3384 3385 3386 3387 3388 3389 3390 3391 3392 3393 3394 3395 3396 3397 3398 3399 3400 3401 3402 3403 3404 3405 3406 3407 3408 3409 3410 3411 3412 3413 3414 3454 3455 3456 3457 3458 3459 3460 3461 3462 3463 3464 3465 3466 3467 3468 3469 3470 3471 3472 3473 3474 3475 3476 3477 3478 3479 3480 3481 3482 3483 3484 3485 3486 3487 3488 3489 3490 3491 3492 3534 3535 3536 3537 3538 3539 3540 3541 3542 3543 3544 3545 3546 3547 3548 3549 3550 3551 3552 3553 3554 3555 3556 3557 3558 3559 3560 3561 3562 3563 3564 3565 3566 3567 3568 3569 3570 3571 3572 3573 3574 3614 3615 3616 3617 3618 3619 3620 3621 3622 3623 3624 3625 3626 3627 3628 3629 3630 3631 3632 3633 3634 3635 3636 3637 3638 3639 3640 3641 3642 3643 3644 3645 3646 3647 3648 3649 3650 3651 3652 3678 3679 3680 3681 3682 3683 3684 3685 3686 3687 3688 3689 3690 3691 3692 3693 3694 3695 3696 3697 3698 3699 3700 3701 3702 3750 3751 3752 3753 3754 3755 3756 3757 3758 3759 3760 3761 3762 3763 3764 3765 3766 3767 3768 3769 3770 3771 3772 3773 3774 3775 3776 3777 3778 3779 3780 3781 3782 3783 3784 3785 3786 3787 3788 3789 3790 3791 3792 3793 3794 3795 3796 3808 3809 3810 3811 3812 3813 3814 3815 3816 3817 3818 3838 3839 3840 3841 3842 3843 3844 3845 3846 3847 3848 3849 3850 3851 3852 3853 3854 3855 3856 3880 3881 3882 3883 3884 3885 3886 3887 3888 3889 3890 3891 3892 3893 3894 3895 3896 3897 3898 3899 3900 3901 3902 3958 3959 3960 3961 3962 3963 3964 3965 3966 3967 3968 3969 3970 3971 3972 3973 3974 3975 3976 3977 3978 3979 3980 3981 3982 3983 3984 3985 3986 3987 3988 3989 3990 3991 3992 3993 3994 3995 3996 3997 3998 3999 4000 4001 4002 4003 4004 4005 4006 4007 4008 4009 4010 4011 4012 4042 4043 4044 4045 4046 4047 4048 4049 4050 4051 4052 4053 4054 4055 4056 4057 4058 4059 4060 4061 4062 4063 4064 4065 4066 4067 4068 4069 4070 4096 4097 4098 4099 4100 4101 4102 4103 4104 4105 4106 4107 4108 4109 4110 4111 4112 4113 4114 4115 4116 4117 4118 4119 4120 4168 4169 4170 4171 4172 4173 4174 4175 4176 4177 4178 4179 4180 4181 4182 4183 4184 4185 4186 4187 4188 4189 4190 4191 4192 4193 4194 4195 4196 4197 4198 4199 4200 4201 4202 4203 4204 4205 4206 4207 4208 4209 4210 4211 4212 4213 4214 4268 4269 4270 4271 4272 4273 4274 4275 4276 4277 4278 4279 4280 4281 4282 4283 4284 4285 4286 4287 4288 4289 4290 4291 4292 4293 4294 4295 4296 4297 4298 4299 4300 4301 4302 4303 4304 4305 4306 4307 4308 4309 4310 4311 4312 4313 4314 4315 4316 4317 4318 4319 4320 4364 4365 4366 4367 4368 4369 4370 4371 4372 4373 4374 4375 4376 4377 4378 4379 4380 4381 4382 4383 4384 4385 4386 4387 4388 4389 4390 4391 4392 4393 4394 4395 4396 4397 4398 4399 4400 4401 4402 4403 4404 4405 4406 4424 4425 4426 4427 4428 4429 4430 4431 4432 4433 4434 4435 4436 4437 4438 4439 4440 4474 4475 4476 4477 4478 4479 4480 4481 4482 4483 4484 4485 4486 4487 4488 4489 4490 4491 4492 4493 4494 4495 4496 4497 4498 4499 4500 4501 4502 4503 4504 4505 4506 4544 4545 4546 4547 4548 4549 4550 4551 4552 4553 4554 4555 4556 4557 4558 4559 4560 4561 4562 4563 4564 4565 4566 4567 4568 4569 4570 4571 4572 4573 4574 4575 4576 4577 4578 4579 4580 4600 4601 4602 4603 4604 4605 4606 4607 4608 4609 4610 4611 4612 4613 4614 4615 4616 4617 4618 4642 4643 4644 4645 4646 4647 4648 4649 4650 4651 4652 4653 4654 4655 4656 4657 4658 4659 4660 4661 4662 4663 4664 4728 4729 4730 4731 4732 4733 4734 4735 4736 4737 4738 4739 4740 4741 4742 4743 4744 4745 4746 4747 4748 4749 4750 4751 4752 4753 4754 4755 4756 4757 4758 4759 4760 4761 4762 4763 4764 4765 4766 4767 4768 4769 4770 4771 4772 4773 4774 4775 4776 4777 4778 4779 4780 4781 4782 4783 4784 4785 4786 4787 4788 4789 4790 4824 4825 4826 4827 4828 4829 4830 4831 4832 4833 4834 4835 4836 4837 4838 4839 4840 4841 4842 4843 4844 4845 4846 4847 4848 4849 4850 4851 4852 4853 4854 4855 4856 4898 4899 4900 4901 4902 4903 4904 4905 4906 4907 4908 4909 4910 4911 4912 4913 4914 4915 4916 4917 4918 4919 4920 4921 4922 4923 4924 4925 4926 4927 4928 4929 4930 4931 4932 4933 4934 4935 4936 4937 4938 4956 4957 4958 4959 4960 4961 4962 4963 4964 4965 4966 4967 4968 4969 4970 4971 4972 
