5174
0 0 
1 1 0 
1 1 0 
1 1 0 
1 1 0 
1 1 0 
1 1 0 
1 1 0 
2 3 6 7 0 
2 3 5 8 0 
2 3 4 9 0 
2 3 3 10 0 
2 3 2 11 0 
2 3 1 12 0 
1 1 0 
1 1 0 
1 1 0 
1 1 0 
1 1 0 
1 1 0 
1 1 0 
2 3 19 20 0 
2 3 18 21 0 
2 3 17 22 0 
2 3 16 23 0 
1 1 0 
1 1 0 
1 1 0 
2 3 26 27 0 
1 1 0 
1 1 0 
1 1 0 
2 3 30 31 0 
2 3 29 32 0 
2 3 28 33 0 
1 1 0 
2 3 34 35 0 
1 1 0 
2 3 36 37 0 
1 1 0 
1 1 0 
1 1 0 
2 3 40 41 0 
1 1 0 
2 3 42 43 0 
2 3 39 44 0 
2 3 38 45 0 
2 3 25 46 0 
2 3 24 47 0 
2 3 15 48 0 
2 3 14 49 0 
1 1 0 
2 3 50 51 0 
2 3 13 52 0 
3 2 0 53 
3 2 0 13 
3 2 0 1 
3 2 0 12 
3 2 0 2 
3 2 0 11 
3 2 0 3 
3 2 0 10 
3 2 0 4 
3 2 0 9 
3 2 0 5 
3 2 0 8 
3 2 0 6 
3 2 0 7 
3 2 0 52 
3 2 0 50 
3 2 0 14 
3 2 0 49 
3 2 0 15 
3 2 0 48 
3 2 0 24 
3 2 0 16 
3 2 0 23 
3 2 0 17 
3 2 0 22 
3 2 0 18 
3 2 0 21 
3 2 0 19 
3 2 0 20 
3 2 0 47 
3 2 0 25 
3 2 0 46 
3 2 0 38 
3 2 0 36 
3 2 0 34 
3 2 0 28 
3 2 0 26 
3 2 0 27 
3 2 0 33 
3 2 0 29 
3 2 0 32 
3 2 0 30 
3 2 0 31 
3 2 0 35 
3 2 0 37 
3 2 0 45 
3 2 0 39 
3 2 0 44 
3 2 0 42 
3 2 0 40 
3 2 0 41 
3 2 0 43 
3 2 0 51 
1 1 0 
1 1 0 
1 1 0 
1 1 0 
1 1 0 
2 3 110 111 0 
2 3 109 112 0 
1 1 0 
1 1 0 
2 3 114 115 0 
2 3 113 116 0 
1 1 0 
1 1 0 
1 1 0 
1 1 0 
1 1 0 
1 1 0 
2 3 122 123 0 
2 3 121 124 0 
1 1 0 
1 1 0 
1 1 0 
1 1 0 
1 1 0 
1 1 0 
2 3 130 131 0 
2 3 129 132 0 
2 3 128 133 0 
1 1 0 
1 1 0 
1 1 0 
2 3 136 137 0 
1 1 0 
1 1 0 
2 3 139 140 0 
2 3 138 141 0 
2 3 135 142 0 
2 3 134 143 0 
2 3 127 144 0 
2 3 126 145 0 
2 3 125 146 0 
2 3 120 147 0 
2 3 119 148 0 
2 3 118 149 0 
2 3 117 150 0 
2 3 108 151 0 
1 1 0 
2 3 152 153 0 
2 3 107 154 0 
3 2 0 155 
3 2 0 107 
3 2 0 154 
3 2 0 152 
3 2 0 108 
3 2 0 151 
3 2 0 117 
3 2 0 113 
3 2 0 109 
3 2 0 112 
3 2 0 110 
3 2 0 111 
3 2 0 116 
3 2 0 114 
3 2 0 115 
3 2 0 150 
3 2 0 118 
3 2 0 149 
3 2 0 119 
3 2 0 148 
3 2 0 120 
3 2 0 147 
3 2 0 125 
3 2 0 121 
3 2 0 124 
3 2 0 122 
3 2 0 123 
3 2 0 146 
3 2 0 126 
3 2 0 145 
3 2 0 127 
3 2 0 144 
3 2 0 134 
3 2 0 128 
3 2 0 133 
3 2 0 129 
3 2 0 132 
3 2 0 130 
3 2 0 131 
3 2 0 143 
3 2 0 135 
3 2 0 142 
3 2 0 138 
3 2 0 136 
3 2 0 137 
3 2 0 141 
3 2 0 139 
3 2 0 140 
3 2 0 153 
1 1 0 
1 1 0 
1 1 0 
2 3 206 207 0 
2 3 205 208 0 
1 1 0 
2 3 209 210 0 
1 1 0 
1 1 0 
2 3 212 213 0 
1 1 0 
1 1 0 
1 1 0 
2 3 216 217 0 
2 3 215 218 0 
2 3 214 219 0 
2 3 211 220 0 
1 1 0 
2 3 221 222 0 
1 1 0 
2 3 223 224 0 
1 1 0 
1 1 0 
1 1 0 
1 1 0 
2 3 228 229 0 
2 3 227 230 0 
2 3 226 231 0 
1 1 0 
1 1 0 
1 1 0 
2 3 234 235 0 
1 1 0 
1 1 0 
1 1 0 
2 3 238 239 0 
1 1 0 
1 1 0 
2 3 241 242 0 
2 3 240 243 0 
2 3 237 244 0 
2 3 236 245 0 
1 1 0 
1 1 0 
2 3 247 248 0 
2 3 246 249 0 
1 1 0 
2 3 250 251 0 
1 1 0 
1 1 0 
1 1 0 
1 1 0 
2 3 255 256 0 
2 3 254 257 0 
1 1 0 
1 1 0 
2 3 259 260 0 
2 3 258 261 0 
1 1 0 
1 1 0 
1 1 0 
1 1 0 
2 3 265 266 0 
1 1 0 
2 3 267 268 0 
1 1 0 
1 1 0 
2 3 270 271 0 
2 3 269 272 0 
2 3 264 273 0 
2 3 263 274 0 
2 3 262 275 0 
2 3 253 276 0 
2 3 252 277 0 
2 3 233 278 0 
2 3 232 279 0 
2 3 225 280 0 
1 1 0 
2 3 281 282 0 
3 2 0 283 
3 2 0 281 
3 2 0 225 
3 2 0 223 
3 2 0 221 
3 2 0 211 
3 2 0 209 
3 2 0 205 
3 2 0 208 
3 2 0 206 
3 2 0 207 
3 2 0 210 
3 2 0 220 
3 2 0 214 
3 2 0 212 
3 2 0 213 
3 2 0 219 
3 2 0 215 
3 2 0 218 
3 2 0 216 
3 2 0 217 
3 2 0 222 
3 2 0 224 
3 2 0 280 
3 2 0 232 
3 2 0 226 
3 2 0 231 
3 2 0 227 
3 2 0 230 
3 2 0 228 
3 2 0 229 
3 2 0 279 
3 2 0 233 
3 2 0 278 
3 2 0 252 
3 2 0 250 
3 2 0 246 
3 2 0 236 
3 2 0 234 
3 2 0 235 
3 2 0 245 
3 2 0 237 
3 2 0 244 
3 2 0 240 
3 2 0 238 
3 2 0 239 
3 2 0 243 
3 2 0 241 
3 2 0 242 
3 2 0 249 
3 2 0 247 
3 2 0 248 
3 2 0 251 
3 2 0 277 
3 2 0 253 
3 2 0 276 
3 2 0 262 
3 2 0 258 
3 2 0 254 
3 2 0 257 
3 2 0 255 
3 2 0 256 
3 2 0 261 
3 2 0 259 
3 2 0 260 
3 2 0 275 
3 2 0 263 
3 2 0 274 
3 2 0 264 
3 2 0 273 
3 2 0 269 
3 2 0 267 
3 2 0 265 
3 2 0 266 
3 2 0 268 
3 2 0 272 
3 2 0 270 
3 2 0 271 
3 2 0 282 
1 1 0 
1 1 0 
1 1 0 
1 1 0 
1 1 0 
1 1 0 
2 3 367 368 0 
1 1 0 
2 3 369 370 0 
1 1 0 
2 3 371 372 0 
1 1 0 
2 3 373 374 0 
1 1 0 
1 1 0 
2 3 376 377 0 
1 1 0 
1 1 0 
1 1 0 
1 1 0 
2 3 381 382 0 
2 3 380 383 0 
2 3 379 384 0 
2 3 378 385 0 
2 3 375 386 0 
2 3 366 387 0 
2 3 365 388 0 
1 1 0 
1 1 0 
1 1 0 
1 1 0 
2 3 392 393 0 
2 3 391 394 0 
2 3 390 395 0 
2 3 389 396 0 
1 1 0 
1 1 0 
1 1 0 
1 1 0 
2 3 400 401 0 
2 3 399 402 0 
2 3 398 403 0 
2 3 397 404 0 
1 1 0 
2 3 405 406 0 
2 3 364 407 0 
2 3 363 408 0 
3 2 0 409 
3 2 0 363 
3 2 0 408 
3 2 0 364 
3 2 0 407 
3 2 0 405 
3 2 0 397 
3 2 0 389 
3 2 0 365 
3 2 0 388 
3 2 0 366 
3 2 0 387 
3 2 0 375 
3 2 0 373 
3 2 0 371 
3 2 0 369 
3 2 0 367 
3 2 0 368 
3 2 0 370 
3 2 0 372 
3 2 0 374 
3 2 0 386 
3 2 0 378 
3 2 0 376 
3 2 0 377 
3 2 0 385 
3 2 0 379 
3 2 0 384 
3 2 0 380 
3 2 0 383 
3 2 0 381 
3 2 0 382 
3 2 0 396 
3 2 0 390 
3 2 0 395 
3 2 0 391 
3 2 0 394 
3 2 0 392 
3 2 0 393 
3 2 0 404 
3 2 0 398 
3 2 0 403 
3 2 0 399 
3 2 0 402 
3 2 0 400 
3 2 0 401 
3 2 0 406 
1 1 0 
1 1 0 
1 1 0 
1 1 0 
2 3 459 460 0 
2 3 458 461 0 
2 3 457 462 0 
1 1 0 
2 3 463 464 0 
1 1 0 
2 3 465 466 0 
1 1 0 
1 1 0 
1 1 0 
1 1 0 
1 1 0 
2 3 471 472 0 
1 1 0 
2 3 473 474 0 
1 1 0 
2 3 475 476 0 
1 1 0 
2 3 477 478 0 
2 3 470 479 0 
1 1 0 
1 1 0 
1 1 0 
2 3 482 483 0 
2 3 481 484 0 
2 3 480 485 0 
2 3 469 486 0 
2 3 468 487 0 
1 1 0 
2 3 488 489 0 
1 1 0 
2 3 490 491 0 
1 1 0 
1 1 0 
2 3 493 494 0 
1 1 0 
1 1 0 
1 1 0 
1 1 0 
2 3 498 499 0 
2 3 497 500 0 
2 3 496 501 0 
2 3 495 502 0 
2 3 492 503 0 
2 3 467 504 0 
1 1 0 
2 3 505 506 0 
3 2 0 507 
3 2 0 505 
3 2 0 467 
3 2 0 465 
3 2 0 463 
3 2 0 457 
3 2 0 462 
3 2 0 458 
3 2 0 461 
3 2 0 459 
3 2 0 460 
3 2 0 464 
3 2 0 466 
3 2 0 504 
3 2 0 492 
3 2 0 490 
3 2 0 488 
3 2 0 468 
3 2 0 487 
3 2 0 469 
3 2 0 486 
3 2 0 480 
3 2 0 470 
3 2 0 479 
3 2 0 477 
3 2 0 475 
3 2 0 473 
3 2 0 471 
3 2 0 472 
3 2 0 474 
3 2 0 476 
3 2 0 478 
3 2 0 485 
3 2 0 481 
3 2 0 484 
3 2 0 482 
3 2 0 483 
3 2 0 489 
3 2 0 491 
3 2 0 503 
3 2 0 495 
3 2 0 493 
3 2 0 494 
3 2 0 502 
3 2 0 496 
3 2 0 501 
3 2 0 497 
3 2 0 500 
3 2 0 498 
3 2 0 499 
3 2 0 506 
1 1 0 
1 1 0 
2 3 559 560 0 
1 1 0 
1 1 0 
2 3 562 563 0 
2 3 561 564 0 
1 1 0 
1 1 0 
1 1 0 
1 1 0 
2 3 568 569 0 
2 3 567 570 0 
1 1 0 
1 1 0 
1 1 0 
1 1 0 
2 3 574 575 0 
1 1 0 
2 3 576 577 0 
2 3 573 578 0 
1 1 0 
2 3 579 580 0 
2 3 572 581 0 
2 3 571 582 0 
2 3 566 583 0 
2 3 565 584 0 
1 1 0 
2 3 585 586 0 
1 1 0 
2 3 587 588 0 
1 1 0 
1 1 0 
1 1 0 
2 3 591 592 0 
2 3 590 593 0 
1 1 0 
1 1 0 
1 1 0 
1 1 0 
1 1 0 
1 1 0 
2 3 599 600 0 
1 1 0 
1 1 0 
1 1 0 
2 3 603 604 0 
2 3 602 605 0 
2 3 601 606 0 
2 3 598 607 0 
2 3 597 608 0 
2 3 596 609 0 
2 3 595 610 0 
2 3 594 611 0 
2 3 589 612 0 
1 1 0 
2 3 613 614 0 
3 2 0 615 
3 2 0 613 
3 2 0 589 
3 2 0 587 
3 2 0 585 
3 2 0 565 
3 2 0 561 
3 2 0 559 
3 2 0 560 
3 2 0 564 
3 2 0 562 
3 2 0 563 
3 2 0 584 
3 2 0 566 
3 2 0 583 
3 2 0 571 
3 2 0 567 
3 2 0 570 
3 2 0 568 
3 2 0 569 
3 2 0 582 
3 2 0 572 
3 2 0 581 
3 2 0 579 
3 2 0 573 
3 2 0 578 
3 2 0 576 
3 2 0 574 
3 2 0 575 
3 2 0 577 
3 2 0 580 
3 2 0 586 
3 2 0 588 
3 2 0 612 
3 2 0 594 
3 2 0 590 
3 2 0 593 
3 2 0 591 
3 2 0 592 
3 2 0 611 
3 2 0 595 
3 2 0 610 
3 2 0 596 
3 2 0 609 
3 2 0 597 
3 2 0 608 
3 2 0 598 
3 2 0 607 
3 2 0 601 
3 2 0 599 
3 2 0 600 
3 2 0 606 
3 2 0 602 
3 2 0 605 
3 2 0 603 
3 2 0 604 
3 2 0 614 
1 1 0 
1 1 0 
1 1 0 
2 3 674 675 0 
2 3 673 676 0 
1 1 0 
1 1 0 
1 1 0 
1 1 0 
2 3 680 681 0 
1 1 0 
1 1 0 
1 1 0 
1 1 0 
1 1 0 
2 3 686 687 0 
1 1 0 
2 3 688 689 0 
1 1 0 
1 1 0 
2 3 691 692 0 
2 3 690 693 0 
2 3 685 694 0 
2 3 684 695 0 
1 1 0 
1 1 0 
1 1 0 
1 1 0 
2 3 699 700 0 
2 3 698 701 0 
2 3 697 702 0 
2 3 696 703 0 
1 1 0 
1 1 0 
2 3 705 706 0 
2 3 704 707 0 
2 3 683 708 0 
2 3 682 709 0 
2 3 679 710 0 
1 1 0 
2 3 711 712 0 
1 1 0 
2 3 713 714 0 
1 1 0 
1 1 0 
1 1 0 
1 1 0 
1 1 0 
2 3 719 720 0 
2 3 718 721 0 
1 1 0 
1 1 0 
1 1 0 
1 1 0 
1 1 0 
2 3 726 727 0 
2 3 725 728 0 
2 3 724 729 0 
2 3 723 730 0 
2 3 722 731 0 
2 3 717 732 0 
2 3 716 733 0 
2 3 715 734 0 
1 1 0 
2 3 735 736 0 
2 3 678 737 0 
2 3 677 738 0 
3 2 0 739 
3 2 0 677 
3 2 0 673 
3 2 0 676 
3 2 0 674 
3 2 0 675 
3 2 0 738 
3 2 0 678 
3 2 0 737 
3 2 0 735 
3 2 0 715 
3 2 0 713 
3 2 0 711 
3 2 0 679 
3 2 0 710 
3 2 0 682 
3 2 0 680 
3 2 0 681 
3 2 0 709 
3 2 0 683 
3 2 0 708 
3 2 0 704 
3 2 0 696 
3 2 0 684 
3 2 0 695 
3 2 0 685 
3 2 0 694 
3 2 0 690 
3 2 0 688 
3 2 0 686 
3 2 0 687 
3 2 0 689 
3 2 0 693 
3 2 0 691 
3 2 0 692 
3 2 0 703 
3 2 0 697 
3 2 0 702 
3 2 0 698 
3 2 0 701 
3 2 0 699 
3 2 0 700 
3 2 0 707 
3 2 0 705 
3 2 0 706 
3 2 0 712 
3 2 0 714 
3 2 0 734 
3 2 0 716 
3 2 0 733 
3 2 0 717 
3 2 0 732 
3 2 0 722 
3 2 0 718 
3 2 0 721 
3 2 0 719 
3 2 0 720 
3 2 0 731 
3 2 0 723 
3 2 0 730 
3 2 0 724 
3 2 0 729 
3 2 0 725 
3 2 0 728 
3 2 0 726 
3 2 0 727 
3 2 0 736 
1 1 0 
1 1 0 
1 1 0 
2 3 808 809 0 
1 1 0 
1 1 0 
1 1 0 
1 1 0 
1 1 0 
2 3 814 815 0 
1 1 0 
2 3 816 817 0 
2 3 813 818 0 
2 3 812 819 0 
2 3 811 820 0 
1 1 0 
2 3 821 822 0 
2 3 810 823 0 
2 3 807 824 0 
3 2 0 825 
3 2 0 807 
3 2 0 824 
3 2 0 810 
3 2 0 808 
3 2 0 809 
3 2 0 823 
3 2 0 821 
3 2 0 811 
3 2 0 820 
3 2 0 812 
3 2 0 819 
3 2 0 813 
3 2 0 818 
3 2 0 816 
3 2 0 814 
3 2 0 815 
3 2 0 817 
3 2 0 822 
1 1 0 
1 1 0 
1 1 0 
2 3 846 847 0 
2 3 845 848 0 
1 1 0 
1 1 0 
1 1 0 
2 3 851 852 0 
1 1 0 
1 1 0 
1 1 0 
1 1 0 
1 1 0 
2 3 857 858 0 
1 1 0 
1 1 0 
1 1 0 
1 1 0 
1 1 0 
1 1 0 
2 3 864 865 0 
2 3 863 866 0 
1 1 0 
1 1 0 
1 1 0 
2 3 869 870 0 
2 3 868 871 0 
2 3 867 872 0 
2 3 862 873 0 
2 3 861 874 0 
2 3 860 875 0 
2 3 859 876 0 
2 3 856 877 0 
2 3 855 878 0 
2 3 854 879 0 
1 1 0 
2 3 880 881 0 
1 1 0 
1 1 0 
1 1 0 
1 1 0 
2 3 885 886 0 
2 3 884 887 0 
2 3 883 888 0 
1 1 0 
1 1 0 
1 1 0 
1 1 0 
2 3 892 893 0 
2 3 891 894 0 
2 3 890 895 0 
2 3 889 896 0 
2 3 882 897 0 
1 1 0 
2 3 898 899 0 
1 1 0 
1 1 0 
1 1 0 
1 1 0 
1 1 0 
2 3 904 905 0 
2 3 903 906 0 
1 1 0 
1 1 0 
1 1 0 
2 3 909 910 0 
2 3 908 911 0 
2 3 907 912 0 
2 3 902 913 0 
2 3 901 914 0 
2 3 900 915 0 
1 1 0 
1 1 0 
2 3 917 918 0 
2 3 916 919 0 
1 1 0 
2 3 920 921 0 
2 3 853 922 0 
2 3 850 923 0 
2 3 849 924 0 
3 2 0 925 
3 2 0 849 
3 2 0 845 
3 2 0 848 
3 2 0 846 
3 2 0 847 
3 2 0 924 
3 2 0 850 
3 2 0 923 
3 2 0 853 
3 2 0 851 
3 2 0 852 
3 2 0 922 
3 2 0 920 
3 2 0 916 
3 2 0 900 
3 2 0 898 
3 2 0 882 
3 2 0 880 
3 2 0 854 
3 2 0 879 
3 2 0 855 
3 2 0 878 
3 2 0 856 
3 2 0 877 
3 2 0 859 
3 2 0 857 
3 2 0 858 
3 2 0 876 
3 2 0 860 
3 2 0 875 
3 2 0 861 
3 2 0 874 
3 2 0 862 
3 2 0 873 
3 2 0 867 
3 2 0 863 
3 2 0 866 
3 2 0 864 
3 2 0 865 
3 2 0 872 
3 2 0 868 
3 2 0 871 
3 2 0 869 
3 2 0 870 
3 2 0 881 
3 2 0 897 
3 2 0 889 
3 2 0 883 
3 2 0 888 
3 2 0 884 
3 2 0 887 
3 2 0 885 
3 2 0 886 
3 2 0 896 
3 2 0 890 
3 2 0 895 
3 2 0 891 
3 2 0 894 
3 2 0 892 
3 2 0 893 
3 2 0 899 
3 2 0 915 
3 2 0 901 
3 2 0 914 
3 2 0 902 
3 2 0 913 
3 2 0 907 
3 2 0 903 
3 2 0 906 
3 2 0 904 
3 2 0 905 
3 2 0 912 
3 2 0 908 
3 2 0 911 
3 2 0 909 
3 2 0 910 
3 2 0 919 
3 2 0 917 
3 2 0 918 
3 2 0 921 
1 1 0 
1 1 0 
1 1 0 
2 3 1008 1009 0 
1 1 0 
2 3 1010 1011 0 
2 3 1007 1012 0 
1 1 0 
1 1 0 
1 1 0 
2 3 1015 1016 0 
2 3 1014 1017 0 
2 3 1013 1018 0 
1 1 0 
1 1 0 
1 1 0 
1 1 0 
2 3 1022 1023 0 
2 3 1021 1024 0 
2 3 1020 1025 0 
1 1 0 
2 3 1026 1027 0 
2 3 1019 1028 0 
3 2 0 1029 
3 2 0 1019 
3 2 0 1013 
3 2 0 1007 
3 2 0 1012 
3 2 0 1010 
3 2 0 1008 
3 2 0 1009 
3 2 0 1011 
3 2 0 1018 
3 2 0 1014 
3 2 0 1017 
3 2 0 1015 
3 2 0 1016 
3 2 0 1028 
3 2 0 1026 
3 2 0 1020 
3 2 0 1025 
3 2 0 1021 
3 2 0 1024 
3 2 0 1022 
3 2 0 1023 
3 2 0 1027 
1 1 0 
1 1 0 
2 3 1053 1054 0 
1 1 0 
1 1 0 
2 3 1056 1057 0 
2 3 1055 1058 0 
1 1 0 
2 3 1059 1060 0 
1 1 0 
1 1 0 
2 3 1062 1063 0 
2 3 1061 1064 0 
3 2 0 1065 
3 2 0 1061 
3 2 0 1059 
3 2 0 1055 
3 2 0 1053 
3 2 0 1054 
3 2 0 1058 
3 2 0 1056 
3 2 0 1057 
3 2 0 1060 
3 2 0 1064 
3 2 0 1062 
3 2 0 1063 
1 1 0 
1 1 0 
1 1 0 
2 3 1080 1081 0 
1 1 0 
2 3 1082 1083 0 
1 1 0 
1 1 0 
1 1 0 
1 1 0 
1 1 0 
1 1 0 
2 3 1089 1090 0 
2 3 1088 1091 0 
2 3 1087 1092 0 
1 1 0 
1 1 0 
1 1 0 
1 1 0 
2 3 1096 1097 0 
2 3 1095 1098 0 
2 3 1094 1099 0 
2 3 1093 1100 0 
2 3 1086 1101 0 
2 3 1085 1102 0 
2 3 1084 1103 0 
2 3 1079 1104 0 
1 1 0 
2 3 1105 1106 0 
3 2 0 1107 
3 2 0 1105 
3 2 0 1079 
3 2 0 1104 
3 2 0 1084 
3 2 0 1082 
3 2 0 1080 
3 2 0 1081 
3 2 0 1083 
3 2 0 1103 
3 2 0 1085 
3 2 0 1102 
3 2 0 1086 
3 2 0 1101 
3 2 0 1093 
3 2 0 1087 
3 2 0 1092 
3 2 0 1088 
3 2 0 1091 
3 2 0 1089 
3 2 0 1090 
3 2 0 1100 
3 2 0 1094 
3 2 0 1099 
3 2 0 1095 
3 2 0 1098 
3 2 0 1096 
3 2 0 1097 
3 2 0 1106 
1 1 0 
1 1 0 
1 1 0 
2 3 1138 1139 0 
2 3 1137 1140 0 
1 1 0 
1 1 0 
1 1 0 
1 1 0 
1 1 0 
1 1 0 
2 3 1146 1147 0 
2 3 1145 1148 0 
2 3 1144 1149 0 
2 3 1143 1150 0 
2 3 1142 1151 0 
1 1 0 
2 3 1152 1153 0 
2 3 1141 1154 0 
3 2 0 1155 
3 2 0 1141 
3 2 0 1137 
3 2 0 1140 
3 2 0 1138 
3 2 0 1139 
3 2 0 1154 
3 2 0 1152 
3 2 0 1142 
3 2 0 1151 
3 2 0 1143 
3 2 0 1150 
3 2 0 1144 
3 2 0 1149 
3 2 0 1145 
3 2 0 1148 
3 2 0 1146 
3 2 0 1147 
3 2 0 1153 
1 1 0 
1 1 0 
1 1 0 
2 3 1176 1177 0 
1 1 0 
2 3 1178 1179 0 
2 3 1175 1180 0 
1 1 0 
1 1 0 
1 1 0 
2 3 1183 1184 0 
1 1 0 
1 1 0 
1 1 0 
1 1 0 
1 1 0 
2 3 1189 1190 0 
2 3 1188 1191 0 
2 3 1187 1192 0 
1 1 0 
1 1 0 
2 3 1194 1195 0 
2 3 1193 1196 0 
2 3 1186 1197 0 
1 1 0 
2 3 1198 1199 0 
2 3 1185 1200 0 
2 3 1182 1201 0 
2 3 1181 1202 0 
3 2 0 1203 
3 2 0 1181 
3 2 0 1175 
3 2 0 1180 
3 2 0 1178 
3 2 0 1176 
3 2 0 1177 
3 2 0 1179 
3 2 0 1202 
3 2 0 1182 
3 2 0 1201 
3 2 0 1185 
3 2 0 1183 
3 2 0 1184 
3 2 0 1200 
3 2 0 1198 
3 2 0 1186 
3 2 0 1197 
3 2 0 1193 
3 2 0 1187 
3 2 0 1192 
3 2 0 1188 
3 2 0 1191 
3 2 0 1189 
3 2 0 1190 
3 2 0 1196 
3 2 0 1194 
3 2 0 1195 
3 2 0 1199 
1 1 0 
1 1 0 
1 1 0 
1 1 0 
2 3 1235 1236 0 
1 1 0 
1 1 0 
1 1 0 
2 3 1239 1240 0 
2 3 1238 1241 0 
2 3 1237 1242 0 
1 1 0 
2 3 1243 1244 0 
1 1 0 
1 1 0 
1 1 0 
1 1 0 
2 3 1248 1249 0 
1 1 0 
2 3 1250 1251 0 
2 3 1247 1252 0 
2 3 1246 1253 0 
2 3 1245 1254 0 
2 3 1234 1255 0 
1 1 0 
2 3 1256 1257 0 
2 3 1233 1258 0 
3 2 0 1259 
3 2 0 1233 
3 2 0 1258 
3 2 0 1256 
3 2 0 1234 
3 2 0 1255 
3 2 0 1245 
3 2 0 1243 
3 2 0 1237 
3 2 0 1235 
3 2 0 1236 
3 2 0 1242 
3 2 0 1238 
3 2 0 1241 
3 2 0 1239 
3 2 0 1240 
3 2 0 1244 
3 2 0 1254 
3 2 0 1246 
3 2 0 1253 
3 2 0 1247 
3 2 0 1252 
3 2 0 1250 
3 2 0 1248 
3 2 0 1249 
3 2 0 1251 
3 2 0 1257 
1 1 0 
1 1 0 
1 1 0 
2 3 1288 1289 0 
1 1 0 
1 1 0 
1 1 0 
2 3 1292 1293 0 
2 3 1291 1294 0 
1 1 0 
1 1 0 
1 1 0 
1 1 0 
1 1 0 
2 3 1299 1300 0 
2 3 1298 1301 0 
2 3 1297 1302 0 
2 3 1296 1303 0 
2 3 1295 1304 0 
2 3 1290 1305 0 
1 1 0 
2 3 1306 1307 0 
2 3 1287 1308 0 
3 2 0 1309 
3 2 0 1287 
3 2 0 1308 
3 2 0 1306 
3 2 0 1290 
3 2 0 1288 
3 2 0 1289 
3 2 0 1305 
3 2 0 1295 
3 2 0 1291 
3 2 0 1294 
3 2 0 1292 
3 2 0 1293 
3 2 0 1304 
3 2 0 1296 
3 2 0 1303 
3 2 0 1297 
3 2 0 1302 
3 2 0 1298 
3 2 0 1301 
3 2 0 1299 
3 2 0 1300 
3 2 0 1307 
1 1 0 
1 1 0 
2 3 1333 1334 0 
1 1 0 
1 1 0 
1 1 0 
1 1 0 
1 1 0 
2 3 1339 1340 0 
2 3 1338 1341 0 
1 1 0 
1 1 0 
1 1 0 
2 3 1344 1345 0 
1 1 0 
1 1 0 
1 1 0 
1 1 0 
2 3 1349 1350 0 
2 3 1348 1351 0 
2 3 1347 1352 0 
1 1 0 
1 1 0 
1 1 0 
2 3 1355 1356 0 
1 1 0 
1 1 0 
1 1 0 
2 3 1359 1360 0 
2 3 1358 1361 0 
1 1 0 
2 3 1362 1363 0 
1 1 0 
1 1 0 
1 1 0 
2 3 1366 1367 0 
2 3 1365 1368 0 
2 3 1364 1369 0 
2 3 1357 1370 0 
2 3 1354 1371 0 
2 3 1353 1372 0 
2 3 1346 1373 0 
1 1 0 
2 3 1374 1375 0 
1 1 0 
2 3 1376 1377 0 
2 3 1343 1378 0 
2 3 1342 1379 0 
1 1 0 
2 3 1380 1381 0 
2 3 1337 1382 0 
2 3 1336 1383 0 
2 3 1335 1384 0 
3 2 0 1385 
3 2 0 1335 
3 2 0 1333 
3 2 0 1334 
3 2 0 1384 
3 2 0 1336 
3 2 0 1383 
3 2 0 1337 
3 2 0 1382 
3 2 0 1380 
3 2 0 1342 
3 2 0 1338 
3 2 0 1341 
3 2 0 1339 
3 2 0 1340 
3 2 0 1379 
3 2 0 1343 
3 2 0 1378 
3 2 0 1376 
3 2 0 1374 
3 2 0 1346 
3 2 0 1344 
3 2 0 1345 
3 2 0 1373 
3 2 0 1353 
3 2 0 1347 
3 2 0 1352 
3 2 0 1348 
3 2 0 1351 
3 2 0 1349 
3 2 0 1350 
3 2 0 1372 
3 2 0 1354 
3 2 0 1371 
3 2 0 1357 
3 2 0 1355 
3 2 0 1356 
3 2 0 1370 
3 2 0 1364 
3 2 0 1362 
3 2 0 1358 
3 2 0 1361 
3 2 0 1359 
3 2 0 1360 
3 2 0 1363 
3 2 0 1369 
3 2 0 1365 
3 2 0 1368 
3 2 0 1366 
3 2 0 1367 
3 2 0 1375 
3 2 0 1377 
3 2 0 1381 
1 1 0 
1 1 0 
1 1 0 
1 1 0 
2 3 1441 1442 0 
1 1 0 
1 1 0 
1 1 0 
2 3 1445 1446 0 
2 3 1444 1447 0 
2 3 1443 1448 0 
2 3 1440 1449 0 
2 3 1439 1450 0 
1 1 0 
1 1 0 
1 1 0 
2 3 1453 1454 0 
1 1 0 
1 1 0 
2 3 1456 1457 0 
1 1 0 
1 1 0 
1 1 0 
2 3 1460 1461 0 
1 1 0 
1 1 0 
2 3 1463 1464 0 
2 3 1462 1465 0 
2 3 1459 1466 0 
2 3 1458 1467 0 
2 3 1455 1468 0 
1 1 0 
2 3 1469 1470 0 
2 3 1452 1471 0 
2 3 1451 1472 0 
1 1 0 
2 3 1473 1474 0 
1 1 0 
1 1 0 
1 1 0 
2 3 1477 1478 0 
2 3 1476 1479 0 
1 1 0 
1 1 0 
2 3 1481 1482 0 
2 3 1480 1483 0 
2 3 1475 1484 0 
1 1 0 
2 3 1485 1486 0 
3 2 0 1487 
3 2 0 1485 
3 2 0 1475 
3 2 0 1473 
3 2 0 1451 
3 2 0 1439 
3 2 0 1450 
3 2 0 1440 
3 2 0 1449 
3 2 0 1443 
3 2 0 1441 
3 2 0 1442 
3 2 0 1448 
3 2 0 1444 
3 2 0 1447 
3 2 0 1445 
3 2 0 1446 
3 2 0 1472 
3 2 0 1452 
3 2 0 1471 
3 2 0 1469 
3 2 0 1455 
3 2 0 1453 
3 2 0 1454 
3 2 0 1468 
3 2 0 1458 
3 2 0 1456 
3 2 0 1457 
3 2 0 1467 
3 2 0 1459 
3 2 0 1466 
3 2 0 1462 
3 2 0 1460 
3 2 0 1461 
3 2 0 1465 
3 2 0 1463 
3 2 0 1464 
3 2 0 1470 
3 2 0 1474 
3 2 0 1484 
3 2 0 1480 
3 2 0 1476 
3 2 0 1479 
3 2 0 1477 
3 2 0 1478 
3 2 0 1483 
3 2 0 1481 
3 2 0 1482 
3 2 0 1486 
1 1 0 
1 1 0 
1 1 0 
1 1 0 
1 1 0 
1 1 0 
1 1 0 
1 1 0 
2 3 1543 1544 0 
2 3 1542 1545 0 
2 3 1541 1546 0 
2 3 1540 1547 0 
2 3 1539 1548 0 
2 3 1538 1549 0 
2 3 1537 1550 0 
1 1 0 
1 1 0 
1 1 0 
1 1 0 
1 1 0 
1 1 0 
2 3 1556 1557 0 
1 1 0 
2 3 1558 1559 0 
2 3 1555 1560 0 
1 1 0 
1 1 0 
1 1 0 
2 3 1563 1564 0 
1 1 0 
1 1 0 
2 3 1566 1567 0 
2 3 1565 1568 0 
2 3 1562 1569 0 
2 3 1561 1570 0 
2 3 1554 1571 0 
1 1 0 
2 3 1572 1573 0 
2 3 1553 1574 0 
2 3 1552 1575 0 
2 3 1551 1576 0 
3 2 0 1577 
3 2 0 1551 
3 2 0 1537 
3 2 0 1550 
3 2 0 1538 
3 2 0 1549 
3 2 0 1539 
3 2 0 1548 
3 2 0 1540 
3 2 0 1547 
3 2 0 1541 
3 2 0 1546 
3 2 0 1542 
3 2 0 1545 
3 2 0 1543 
3 2 0 1544 
3 2 0 1576 
3 2 0 1552 
3 2 0 1575 
3 2 0 1553 
3 2 0 1574 
3 2 0 1572 
3 2 0 1554 
3 2 0 1571 
3 2 0 1561 
3 2 0 1555 
3 2 0 1560 
3 2 0 1558 
3 2 0 1556 
3 2 0 1557 
3 2 0 1559 
3 2 0 1570 
3 2 0 1562 
3 2 0 1569 
3 2 0 1565 
3 2 0 1563 
3 2 0 1564 
3 2 0 1568 
3 2 0 1566 
3 2 0 1567 
3 2 0 1573 
1 1 0 
1 1 0 
2 3 1619 1620 0 
1 1 0 
1 1 0 
1 1 0 
1 1 0 
2 3 1624 1625 0 
2 3 1623 1626 0 
2 3 1622 1627 0 
1 1 0 
1 1 0 
1 1 0 
2 3 1630 1631 0 
1 1 0 
1 1 0 
1 1 0 
1 1 0 
1 1 0 
2 3 1636 1637 0 
2 3 1635 1638 0 
2 3 1634 1639 0 
2 3 1633 1640 0 
2 3 1632 1641 0 
2 3 1629 1642 0 
2 3 1628 1643 0 
1 1 0 
2 3 1644 1645 0 
2 3 1621 1646 0 
3 2 0 1647 
3 2 0 1621 
3 2 0 1619 
3 2 0 1620 
3 2 0 1646 
3 2 0 1644 
3 2 0 1628 
3 2 0 1622 
3 2 0 1627 
3 2 0 1623 
3 2 0 1626 
3 2 0 1624 
3 2 0 1625 
3 2 0 1643 
3 2 0 1629 
3 2 0 1642 
3 2 0 1632 
3 2 0 1630 
3 2 0 1631 
3 2 0 1641 
3 2 0 1633 
3 2 0 1640 
3 2 0 1634 
3 2 0 1639 
3 2 0 1635 
3 2 0 1638 
3 2 0 1636 
3 2 0 1637 
3 2 0 1645 
1 1 0 
1 1 0 
1 1 0 
1 1 0 
2 3 1679 1680 0 
1 1 0 
1 1 0 
1 1 0 
1 1 0 
1 1 0 
1 1 0 
2 3 1686 1687 0 
1 1 0 
2 3 1688 1689 0 
2 3 1685 1690 0 
2 3 1684 1691 0 
2 3 1683 1692 0 
1 1 0 
2 3 1693 1694 0 
1 1 0 
1 1 0 
1 1 0 
2 3 1697 1698 0 
2 3 1696 1699 0 
2 3 1695 1700 0 
2 3 1682 1701 0 
2 3 1681 1702 0 
1 1 0 
2 3 1703 1704 0 
2 3 1678 1705 0 
2 3 1677 1706 0 
3 2 0 1707 
3 2 0 1677 
3 2 0 1706 
3 2 0 1678 
3 2 0 1705 
3 2 0 1703 
3 2 0 1681 
3 2 0 1679 
3 2 0 1680 
3 2 0 1702 
3 2 0 1682 
3 2 0 1701 
3 2 0 1695 
3 2 0 1693 
3 2 0 1683 
3 2 0 1692 
3 2 0 1684 
3 2 0 1691 
3 2 0 1685 
3 2 0 1690 
3 2 0 1688 
3 2 0 1686 
3 2 0 1687 
3 2 0 1689 
3 2 0 1694 
3 2 0 1700 
3 2 0 1696 
3 2 0 1699 
3 2 0 1697 
3 2 0 1698 
3 2 0 1704 
1 1 0 
1 1 0 
1 1 0 
1 1 0 
1 1 0 
1 1 0 
2 3 1743 1744 0 
2 3 1742 1745 0 
2 3 1741 1746 0 
1 1 0 
1 1 0 
1 1 0 
2 3 1749 1750 0 
1 1 0 
1 1 0 
2 3 1752 1753 0 
1 1 0 
2 3 1754 1755 0 
1 1 0 
1 1 0 
1 1 0 
1 1 0 
2 3 1759 1760 0 
2 3 1758 1761 0 
2 3 1757 1762 0 
2 3 1756 1763 0 
1 1 0 
2 3 1764 1765 0 
1 1 0 
1 1 0 
2 3 1767 1768 0 
2 3 1766 1769 0 
1 1 0 
2 3 1770 1771 0 
1 1 0 
2 3 1772 1773 0 
2 3 1751 1774 0 
2 3 1748 1775 0 
2 3 1747 1776 0 
2 3 1740 1777 0 
1 1 0 
2 3 1778 1779 0 
2 3 1739 1780 0 
3 2 0 1781 
3 2 0 1739 
3 2 0 1780 
3 2 0 1778 
3 2 0 1740 
3 2 0 1777 
3 2 0 1747 
3 2 0 1741 
3 2 0 1746 
3 2 0 1742 
3 2 0 1745 
3 2 0 1743 
3 2 0 1744 
3 2 0 1776 
3 2 0 1748 
3 2 0 1775 
3 2 0 1751 
3 2 0 1749 
3 2 0 1750 
3 2 0 1774 
3 2 0 1772 
3 2 0 1770 
3 2 0 1766 
3 2 0 1764 
3 2 0 1756 
3 2 0 1754 
3 2 0 1752 
3 2 0 1753 
3 2 0 1755 
3 2 0 1763 
3 2 0 1757 
3 2 0 1762 
3 2 0 1758 
3 2 0 1761 
3 2 0 1759 
3 2 0 1760 
3 2 0 1765 
3 2 0 1769 
3 2 0 1767 
3 2 0 1768 
3 2 0 1771 
3 2 0 1773 
3 2 0 1779 
1 1 0 
1 1 0 
1 1 0 
1 1 0 
1 1 0 
1 1 0 
1 1 0 
2 3 1830 1831 0 
2 3 1829 1832 0 
1 1 0 
2 3 1833 1834 0 
1 1 0 
1 1 0 
1 1 0 
1 1 0 
1 1 0 
2 3 1839 1840 0 
2 3 1838 1841 0 
1 1 0 
1 1 0 
2 3 1843 1844 0 
2 3 1842 1845 0 
2 3 1837 1846 0 
1 1 0 
1 1 0 
1 1 0 
1 1 0 
1 1 0 
2 3 1851 1852 0 
1 1 0 
1 1 0 
1 1 0 
2 3 1855 1856 0 
2 3 1854 1857 0 
2 3 1853 1858 0 
2 3 1850 1859 0 
2 3 1849 1860 0 
2 3 1848 1861 0 
2 3 1847 1862 0 
2 3 1836 1863 0 
2 3 1835 1864 0 
1 1 0 
1 1 0 
1 1 0 
2 3 1867 1868 0 
2 3 1866 1869 0 
1 1 0 
1 1 0 
1 1 0 
2 3 1872 1873 0 
2 3 1871 1874 0 
2 3 1870 1875 0 
2 3 1865 1876 0 
2 3 1828 1877 0 
2 3 1827 1878 0 
1 1 0 
1 1 0 
1 1 0 
1 1 0 
2 3 1882 1883 0 
2 3 1881 1884 0 
1 1 0 
1 1 0 
1 1 0 
2 3 1887 1888 0 
1 1 0 
1 1 0 
2 3 1890 1891 0 
2 3 1889 1892 0 
2 3 1886 1893 0 
2 3 1885 1894 0 
2 3 1880 1895 0 
2 3 1879 1896 0 
2 3 1826 1897 0 
1 1 0 
2 3 1898 1899 0 
2 3 1825 1900 0 
3 2 0 1901 
3 2 0 1825 
3 2 0 1900 
3 2 0 1898 
3 2 0 1826 
3 2 0 1897 
3 2 0 1879 
3 2 0 1827 
3 2 0 1878 
3 2 0 1828 
3 2 0 1877 
3 2 0 1865 
3 2 0 1835 
3 2 0 1833 
3 2 0 1829 
3 2 0 1832 
3 2 0 1830 
3 2 0 1831 
3 2 0 1834 
3 2 0 1864 
3 2 0 1836 
3 2 0 1863 
3 2 0 1847 
3 2 0 1837 
3 2 0 1846 
3 2 0 1842 
3 2 0 1838 
3 2 0 1841 
3 2 0 1839 
3 2 0 1840 
3 2 0 1845 
3 2 0 1843 
3 2 0 1844 
3 2 0 1862 
3 2 0 1848 
3 2 0 1861 
3 2 0 1849 
3 2 0 1860 
3 2 0 1850 
3 2 0 1859 
3 2 0 1853 
3 2 0 1851 
3 2 0 1852 
3 2 0 1858 
3 2 0 1854 
3 2 0 1857 
3 2 0 1855 
3 2 0 1856 
3 2 0 1876 
3 2 0 1870 
3 2 0 1866 
3 2 0 1869 
3 2 0 1867 
3 2 0 1868 
3 2 0 1875 
3 2 0 1871 
3 2 0 1874 
3 2 0 1872 
3 2 0 1873 
3 2 0 1896 
3 2 0 1880 
3 2 0 1895 
3 2 0 1885 
3 2 0 1881 
3 2 0 1884 
3 2 0 1882 
3 2 0 1883 
3 2 0 1894 
3 2 0 1886 
3 2 0 1893 
3 2 0 1889 
3 2 0 1887 
3 2 0 1888 
3 2 0 1892 
3 2 0 1890 
3 2 0 1891 
3 2 0 1899 
1 1 0 
1 1 0 
1 1 0 
1 1 0 
1 1 0 
2 3 1982 1983 0 
2 3 1981 1984 0 
1 1 0 
1 1 0 
1 1 0 
1 1 0 
2 3 1988 1989 0 
2 3 1987 1990 0 
2 3 1986 1991 0 
2 3 1985 1992 0 
2 3 1980 1993 0 
1 1 0 
2 3 1994 1995 0 
2 3 1979 1996 0 
3 2 0 1997 
3 2 0 1979 
3 2 0 1996 
3 2 0 1994 
3 2 0 1980 
3 2 0 1993 
3 2 0 1985 
3 2 0 1981 
3 2 0 1984 
3 2 0 1982 
3 2 0 1983 
3 2 0 1992 
3 2 0 1986 
3 2 0 1991 
3 2 0 1987 
3 2 0 1990 
3 2 0 1988 
3 2 0 1989 
3 2 0 1995 
1 1 0 
1 1 0 
1 1 0 
1 1 0 
2 3 2019 2020 0 
2 3 2018 2021 0 
1 1 0 
2 3 2022 2023 0 
1 1 0 
2 3 2024 2025 0 
1 1 0 
2 3 2026 2027 0 
1 1 0 
1 1 0 
1 1 0 
1 1 0 
1 1 0 
1 1 0 
1 1 0 
1 1 0 
1 1 0 
2 3 2036 2037 0 
2 3 2035 2038 0 
2 3 2034 2039 0 
2 3 2033 2040 0 
2 3 2032 2041 0 
2 3 2031 2042 0 
2 3 2030 2043 0 
2 3 2029 2044 0 
2 3 2028 2045 0 
1 1 0 
2 3 2046 2047 0 
2 3 2017 2048 0 
3 2 0 2049 
3 2 0 2017 
3 2 0 2048 
3 2 0 2046 
3 2 0 2028 
3 2 0 2026 
3 2 0 2024 
3 2 0 2022 
3 2 0 2018 
3 2 0 2021 
3 2 0 2019 
3 2 0 2020 
3 2 0 2023 
3 2 0 2025 
3 2 0 2027 
3 2 0 2045 
3 2 0 2029 
3 2 0 2044 
3 2 0 2030 
3 2 0 2043 
3 2 0 2031 
3 2 0 2042 
3 2 0 2032 
3 2 0 2041 
3 2 0 2033 
3 2 0 2040 
3 2 0 2034 
3 2 0 2039 
3 2 0 2035 
3 2 0 2038 
3 2 0 2036 
3 2 0 2037 
3 2 0 2047 
1 1 0 
1 1 0 
1 1 0 
1 1 0 
1 1 0 
2 3 2086 2087 0 
2 3 2085 2088 0 
2 3 2084 2089 0 
1 1 0 
1 1 0 
1 1 0 
2 3 2092 2093 0 
1 1 0 
2 3 2094 2095 0 
2 3 2091 2096 0 
2 3 2090 2097 0 
1 1 0 
2 3 2098 2099 0 
2 3 2083 2100 0 
3 2 0 2101 
3 2 0 2083 
3 2 0 2100 
3 2 0 2098 
3 2 0 2090 
3 2 0 2084 
3 2 0 2089 
3 2 0 2085 
3 2 0 2088 
3 2 0 2086 
3 2 0 2087 
3 2 0 2097 
3 2 0 2091 
3 2 0 2096 
3 2 0 2094 
3 2 0 2092 
3 2 0 2093 
3 2 0 2095 
3 2 0 2099 
1 1 0 
1 1 0 
2 3 2121 2122 0 
1 1 0 
2 3 2123 2124 0 
1 1 0 
1 1 0 
2 3 2126 2127 0 
1 1 0 
2 3 2128 2129 0 
2 3 2125 2130 0 
3 2 0 2131 
3 2 0 2125 
3 2 0 2123 
3 2 0 2121 
3 2 0 2122 
3 2 0 2124 
3 2 0 2130 
3 2 0 2128 
3 2 0 2126 
3 2 0 2127 
3 2 0 2129 
1 1 0 
1 1 0 
1 1 0 
1 1 0 
1 1 0 
2 3 2146 2147 0 
2 3 2145 2148 0 
1 1 0 
1 1 0 
1 1 0 
1 1 0 
2 3 2152 2153 0 
2 3 2151 2154 0 
1 1 0 
2 3 2155 2156 0 
2 3 2150 2157 0 
2 3 2149 2158 0 
1 1 0 
2 3 2159 2160 0 
1 1 0 
1 1 0 
2 3 2162 2163 0 
1 1 0 
1 1 0 
1 1 0 
1 1 0 
1 1 0 
2 3 2168 2169 0 
2 3 2167 2170 0 
2 3 2166 2171 0 
2 3 2165 2172 0 
2 3 2164 2173 0 
1 1 0 
2 3 2174 2175 0 
1 1 0 
1 1 0 
1 1 0 
1 1 0 
1 1 0 
1 1 0 
1 1 0 
1 1 0 
1 1 0 
1 1 0 
2 3 2185 2186 0 
2 3 2184 2187 0 
2 3 2183 2188 0 
2 3 2182 2189 0 
2 3 2181 2190 0 
2 3 2180 2191 0 
2 3 2179 2192 0 
2 3 2178 2193 0 
2 3 2177 2194 0 
2 3 2176 2195 0 
2 3 2161 2196 0 
2 3 2144 2197 0 
1 1 0 
2 3 2198 2199 0 
2 3 2143 2200 0 
3 2 0 2201 
3 2 0 2143 
3 2 0 2200 
3 2 0 2198 
3 2 0 2144 
3 2 0 2197 
3 2 0 2161 
3 2 0 2159 
3 2 0 2149 
3 2 0 2145 
3 2 0 2148 
3 2 0 2146 
3 2 0 2147 
3 2 0 2158 
3 2 0 2150 
3 2 0 2157 
3 2 0 2155 
3 2 0 2151 
3 2 0 2154 
3 2 0 2152 
3 2 0 2153 
3 2 0 2156 
3 2 0 2160 
3 2 0 2196 
3 2 0 2176 
3 2 0 2174 
3 2 0 2164 
3 2 0 2162 
3 2 0 2163 
3 2 0 2173 
3 2 0 2165 
3 2 0 2172 
3 2 0 2166 
3 2 0 2171 
3 2 0 2167 
3 2 0 2170 
3 2 0 2168 
3 2 0 2169 
3 2 0 2175 
3 2 0 2195 
3 2 0 2177 
3 2 0 2194 
3 2 0 2178 
3 2 0 2193 
3 2 0 2179 
3 2 0 2192 
3 2 0 2180 
3 2 0 2191 
3 2 0 2181 
3 2 0 2190 
3 2 0 2182 
3 2 0 2189 
3 2 0 2183 
3 2 0 2188 
3 2 0 2184 
3 2 0 2187 
3 2 0 2185 
3 2 0 2186 
3 2 0 2199 
1 1 0 
1 1 0 
2 3 2261 2262 0 
1 1 0 
2 3 2263 2264 0 
1 1 0 
2 3 2265 2266 0 
1 1 0 
2 3 2267 2268 0 
1 1 0 
1 1 0 
1 1 0 
2 3 2271 2272 0 
2 3 2270 2273 0 
1 1 0 
2 3 2274 2275 0 
2 3 2269 2276 0 
3 2 0 2277 
3 2 0 2269 
3 2 0 2267 
3 2 0 2265 
3 2 0 2263 
3 2 0 2261 
3 2 0 2262 
3 2 0 2264 
3 2 0 2266 
3 2 0 2268 
3 2 0 2276 
3 2 0 2274 
3 2 0 2270 
3 2 0 2273 
3 2 0 2271 
3 2 0 2272 
3 2 0 2275 
1 1 0 
1 1 0 
1 1 0 
2 3 2296 2297 0 
2 3 2295 2298 0 
1 1 0 
1 1 0 
1 1 0 
1 1 0 
2 3 2302 2303 0 
2 3 2301 2304 0 
2 3 2300 2305 0 
2 3 2299 2306 0 
1 1 0 
1 1 0 
2 3 2308 2309 0 
2 3 2307 2310 0 
3 2 0 2311 
3 2 0 2307 
3 2 0 2299 
3 2 0 2295 
3 2 0 2298 
3 2 0 2296 
3 2 0 2297 
3 2 0 2306 
3 2 0 2300 
3 2 0 2305 
3 2 0 2301 
3 2 0 2304 
3 2 0 2302 
3 2 0 2303 
3 2 0 2310 
3 2 0 2308 
3 2 0 2309 
1 1 0 
1 1 0 
1 1 0 
2 3 2330 2331 0 
1 1 0 
2 3 2332 2333 0 
2 3 2329 2334 0 
1 1 0 
1 1 0 
1 1 0 
2 3 2337 2338 0 
1 1 0 
1 1 0 
2 3 2340 2341 0 
2 3 2339 2342 0 
2 3 2336 2343 0 
2 3 2335 2344 0 
1 1 0 
1 1 0 
1 1 0 
1 1 0 
1 1 0 
1 1 0 
2 3 2350 2351 0 
2 3 2349 2352 0 
2 3 2348 2353 0 
2 3 2347 2354 0 
2 3 2346 2355 0 
1 1 0 
2 3 2356 2357 0 
2 3 2345 2358 0 
3 2 0 2359 
3 2 0 2345 
3 2 0 2335 
3 2 0 2329 
3 2 0 2334 
3 2 0 2332 
3 2 0 2330 
3 2 0 2331 
3 2 0 2333 
3 2 0 2344 
3 2 0 2336 
3 2 0 2343 
3 2 0 2339 
3 2 0 2337 
3 2 0 2338 
3 2 0 2342 
3 2 0 2340 
3 2 0 2341 
3 2 0 2358 
3 2 0 2356 
3 2 0 2346 
3 2 0 2355 
3 2 0 2347 
3 2 0 2354 
3 2 0 2348 
3 2 0 2353 
3 2 0 2349 
3 2 0 2352 
3 2 0 2350 
3 2 0 2351 
3 2 0 2357 
1 1 0 
1 1 0 
1 1 0 
2 3 2392 2393 0 
2 3 2391 2394 0 
1 1 0 
1 1 0 
1 1 0 
2 3 2397 2398 0 
1 1 0 
1 1 0 
1 1 0 
1 1 0 
1 1 0 
1 1 0 
1 1 0 
2 3 2405 2406 0 
2 3 2404 2407 0 
2 3 2403 2408 0 
2 3 2402 2409 0 
2 3 2401 2410 0 
2 3 2400 2411 0 
2 3 2399 2412 0 
1 1 0 
2 3 2413 2414 0 
1 1 0 
1 1 0 
2 3 2416 2417 0 
1 1 0 
1 1 0 
1 1 0 
2 3 2420 2421 0 
1 1 0 
1 1 0 
1 1 0 
1 1 0 
2 3 2425 2426 0 
2 3 2424 2427 0 
2 3 2423 2428 0 
2 3 2422 2429 0 
2 3 2419 2430 0 
2 3 2418 2431 0 
2 3 2415 2432 0 
2 3 2396 2433 0 
1 1 0 
2 3 2434 2435 0 
2 3 2395 2436 0 
3 2 0 2437 
3 2 0 2395 
3 2 0 2391 
3 2 0 2394 
3 2 0 2392 
3 2 0 2393 
3 2 0 2436 
3 2 0 2434 
3 2 0 2396 
3 2 0 2433 
3 2 0 2415 
3 2 0 2413 
3 2 0 2399 
3 2 0 2397 
3 2 0 2398 
3 2 0 2412 
3 2 0 2400 
3 2 0 2411 
3 2 0 2401 
3 2 0 2410 
3 2 0 2402 
3 2 0 2409 
3 2 0 2403 
3 2 0 2408 
3 2 0 2404 
3 2 0 2407 
3 2 0 2405 
3 2 0 2406 
3 2 0 2414 
3 2 0 2432 
3 2 0 2418 
3 2 0 2416 
3 2 0 2417 
3 2 0 2431 
3 2 0 2419 
3 2 0 2430 
3 2 0 2422 
3 2 0 2420 
3 2 0 2421 
3 2 0 2429 
3 2 0 2423 
3 2 0 2428 
3 2 0 2424 
3 2 0 2427 
3 2 0 2425 
3 2 0 2426 
3 2 0 2435 
1 1 0 
1 1 0 
1 1 0 
2 3 2486 2487 0 
1 1 0 
2 3 2488 2489 0 
2 3 2485 2490 0 
3 2 0 2491 
3 2 0 2485 
3 2 0 2490 
3 2 0 2488 
3 2 0 2486 
3 2 0 2487 
3 2 0 2489 
1 1 0 
1 1 0 
1 1 0 
1 1 0 
2 3 2501 2502 0 
2 3 2500 2503 0 
1 1 0 
1 1 0 
1 1 0 
1 1 0 
2 3 2507 2508 0 
1 1 0 
2 3 2509 2510 0 
2 3 2506 2511 0 
2 3 2505 2512 0 
2 3 2504 2513 0 
2 3 2499 2514 0 
1 1 0 
1 1 0 
1 1 0 
2 3 2517 2518 0 
1 1 0 
1 1 0 
2 3 2520 2521 0 
1 1 0 
1 1 0 
1 1 0 
2 3 2524 2525 0 
2 3 2523 2526 0 
2 3 2522 2527 0 
2 3 2519 2528 0 
2 3 2516 2529 0 
2 3 2515 2530 0 
3 2 0 2531 
3 2 0 2515 
3 2 0 2499 
3 2 0 2514 
3 2 0 2504 
3 2 0 2500 
3 2 0 2503 
3 2 0 2501 
3 2 0 2502 
3 2 0 2513 
3 2 0 2505 
3 2 0 2512 
3 2 0 2506 
3 2 0 2511 
3 2 0 2509 
3 2 0 2507 
3 2 0 2508 
3 2 0 2510 
3 2 0 2530 
3 2 0 2516 
3 2 0 2529 
3 2 0 2519 
3 2 0 2517 
3 2 0 2518 
3 2 0 2528 
3 2 0 2522 
3 2 0 2520 
3 2 0 2521 
3 2 0 2527 
3 2 0 2523 
3 2 0 2526 
3 2 0 2524 
3 2 0 2525 
1 1 0 
1 1 0 
1 1 0 
1 1 0 
1 1 0 
2 3 2568 2569 0 
2 3 2567 2570 0 
2 3 2566 2571 0 
2 3 2565 2572 0 
1 1 0 
1 1 0 
1 1 0 
1 1 0 
2 3 2576 2577 0 
1 1 0 
2 3 2578 2579 0 
2 3 2575 2580 0 
2 3 2574 2581 0 
2 3 2573 2582 0 
1 1 0 
1 1 0 
1 1 0 
2 3 2585 2586 0 
2 3 2584 2587 0 
2 3 2583 2588 0 
1 1 0 
2 3 2589 2590 0 
3 2 0 2591 
3 2 0 2589 
3 2 0 2583 
3 2 0 2573 
3 2 0 2565 
3 2 0 2572 
3 2 0 2566 
3 2 0 2571 
3 2 0 2567 
3 2 0 2570 
3 2 0 2568 
3 2 0 2569 
3 2 0 2582 
3 2 0 2574 
3 2 0 2581 
3 2 0 2575 
3 2 0 2580 
3 2 0 2578 
3 2 0 2576 
3 2 0 2577 
3 2 0 2579 
3 2 0 2588 
3 2 0 2584 
3 2 0 2587 
3 2 0 2585 
3 2 0 2586 
3 2 0 2590 
1 1 0 
1 1 0 
1 1 0 
1 1 0 
1 1 0 
1 1 0 
1 1 0 
1 1 0 
2 3 2625 2626 0 
2 3 2624 2627 0 
2 3 2623 2628 0 
1 1 0 
1 1 0 
1 1 0 
2 3 2631 2632 0 
2 3 2630 2633 0 
2 3 2629 2634 0 
2 3 2622 2635 0 
2 3 2621 2636 0 
2 3 2620 2637 0 
2 3 2619 2638 0 
3 2 0 2639 
3 2 0 2619 
3 2 0 2638 
3 2 0 2620 
3 2 0 2637 
3 2 0 2621 
3 2 0 2636 
3 2 0 2622 
3 2 0 2635 
3 2 0 2629 
3 2 0 2623 
3 2 0 2628 
3 2 0 2624 
3 2 0 2627 
3 2 0 2625 
3 2 0 2626 
3 2 0 2634 
3 2 0 2630 
3 2 0 2633 
3 2 0 2631 
3 2 0 2632 
1 1 0 
1 1 0 
2 3 2661 2662 0 
1 1 0 
1 1 0 
1 1 0 
2 3 2665 2666 0 
1 1 0 
2 3 2667 2668 0 
1 1 0 
1 1 0 
2 3 2670 2671 0 
1 1 0 
1 1 0 
2 3 2673 2674 0 
1 1 0 
1 1 0 
2 3 2676 2677 0 
2 3 2675 2678 0 
2 3 2672 2679 0 
2 3 2669 2680 0 
2 3 2664 2681 0 
2 3 2663 2682 0 
1 1 0 
2 3 2683 2684 0 
3 2 0 2685 
3 2 0 2683 
3 2 0 2663 
3 2 0 2661 
3 2 0 2662 
3 2 0 2682 
3 2 0 2664 
3 2 0 2681 
3 2 0 2669 
3 2 0 2667 
3 2 0 2665 
3 2 0 2666 
3 2 0 2668 
3 2 0 2680 
3 2 0 2672 
3 2 0 2670 
3 2 0 2671 
3 2 0 2679 
3 2 0 2675 
3 2 0 2673 
3 2 0 2674 
3 2 0 2678 
3 2 0 2676 
3 2 0 2677 
3 2 0 2684 
1 1 0 
1 1 0 
1 1 0 
1 1 0 
1 1 0 
2 3 2714 2715 0 
1 1 0 
1 1 0 
1 1 0 
1 1 0 
1 1 0 
1 1 0 
2 3 2721 2722 0 
2 3 2720 2723 0 
1 1 0 
2 3 2724 2725 0 
2 3 2719 2726 0 
2 3 2718 2727 0 
2 3 2717 2728 0 
2 3 2716 2729 0 
2 3 2713 2730 0 
2 3 2712 2731 0 
2 3 2711 2732 0 
1 1 0 
2 3 2733 2734 0 
1 1 0 
2 3 2735 2736 0 
1 1 0 
1 1 0 
1 1 0 
2 3 2739 2740 0 
1 1 0 
1 1 0 
2 3 2742 2743 0 
1 1 0 
1 1 0 
2 3 2745 2746 0 
1 1 0 
2 3 2747 2748 0 
1 1 0 
1 1 0 
1 1 0 
1 1 0 
2 3 2752 2753 0 
2 3 2751 2754 0 
2 3 2750 2755 0 
2 3 2749 2756 0 
2 3 2744 2757 0 
2 3 2741 2758 0 
2 3 2738 2759 0 
2 3 2737 2760 0 
1 1 0 
2 3 2761 2762 0 
3 2 0 2763 
3 2 0 2761 
3 2 0 2737 
3 2 0 2735 
3 2 0 2733 
3 2 0 2711 
3 2 0 2732 
3 2 0 2712 
3 2 0 2731 
3 2 0 2713 
3 2 0 2730 
3 2 0 2716 
3 2 0 2714 
3 2 0 2715 
3 2 0 2729 
3 2 0 2717 
3 2 0 2728 
3 2 0 2718 
3 2 0 2727 
3 2 0 2719 
3 2 0 2726 
3 2 0 2724 
3 2 0 2720 
3 2 0 2723 
3 2 0 2721 
3 2 0 2722 
3 2 0 2725 
3 2 0 2734 
3 2 0 2736 
3 2 0 2760 
3 2 0 2738 
3 2 0 2759 
3 2 0 2741 
3 2 0 2739 
3 2 0 2740 
3 2 0 2758 
3 2 0 2744 
3 2 0 2742 
3 2 0 2743 
3 2 0 2757 
3 2 0 2749 
3 2 0 2747 
3 2 0 2745 
3 2 0 2746 
3 2 0 2748 
3 2 0 2756 
3 2 0 2750 
3 2 0 2755 
3 2 0 2751 
3 2 0 2754 
3 2 0 2752 
3 2 0 2753 
3 2 0 2762 
1 1 0 
1 1 0 
2 3 2817 2818 0 
1 1 0 
1 1 0 
1 1 0 
1 1 0 
1 1 0 
2 3 2823 2824 0 
2 3 2822 2825 0 
2 3 2821 2826 0 
1 1 0 
1 1 0 
1 1 0 
2 3 2829 2830 0 
1 1 0 
1 1 0 
1 1 0 
1 1 0 
1 1 0 
1 1 0 
2 3 2836 2837 0 
1 1 0 
2 3 2838 2839 0 
2 3 2835 2840 0 
2 3 2834 2841 0 
2 3 2833 2842 0 
2 3 2832 2843 0 
2 3 2831 2844 0 
2 3 2828 2845 0 
2 3 2827 2846 0 
2 3 2820 2847 0 
2 3 2819 2848 0 
1 1 0 
2 3 2849 2850 0 
3 2 0 2851 
3 2 0 2849 
3 2 0 2819 
3 2 0 2817 
3 2 0 2818 
3 2 0 2848 
3 2 0 2820 
3 2 0 2847 
3 2 0 2827 
3 2 0 2821 
3 2 0 2826 
3 2 0 2822 
3 2 0 2825 
3 2 0 2823 
3 2 0 2824 
3 2 0 2846 
3 2 0 2828 
3 2 0 2845 
3 2 0 2831 
3 2 0 2829 
3 2 0 2830 
3 2 0 2844 
3 2 0 2832 
3 2 0 2843 
3 2 0 2833 
3 2 0 2842 
3 2 0 2834 
3 2 0 2841 
3 2 0 2835 
3 2 0 2840 
3 2 0 2838 
3 2 0 2836 
3 2 0 2837 
3 2 0 2839 
3 2 0 2850 
1 1 0 
1 1 0 
1 1 0 
1 1 0 
1 1 0 
1 1 0 
1 1 0 
2 3 2892 2893 0 
2 3 2891 2894 0 
1 1 0 
1 1 0 
1 1 0 
1 1 0 
2 3 2898 2899 0 
2 3 2897 2900 0 
2 3 2896 2901 0 
2 3 2895 2902 0 
2 3 2890 2903 0 
2 3 2889 2904 0 
2 3 2888 2905 0 
2 3 2887 2906 0 
1 1 0 
1 1 0 
1 1 0 
1 1 0 
2 3 2910 2911 0 
2 3 2909 2912 0 
1 1 0 
1 1 0 
1 1 0 
2 3 2915 2916 0 
2 3 2914 2917 0 
1 1 0 
1 1 0 
1 1 0 
1 1 0 
1 1 0 
1 1 0 
1 1 0 
2 3 2924 2925 0 
1 1 0 
1 1 0 
1 1 0 
2 3 2928 2929 0 
1 1 0 
1 1 0 
2 3 2931 2932 0 
2 3 2930 2933 0 
2 3 2927 2934 0 
2 3 2926 2935 0 
2 3 2923 2936 0 
2 3 2922 2937 0 
2 3 2921 2938 0 
2 3 2920 2939 0 
2 3 2919 2940 0 
2 3 2918 2941 0 
1 1 0 
2 3 2942 2943 0 
2 3 2913 2944 0 
2 3 2908 2945 0 
2 3 2907 2946 0 
3 2 0 2947 
3 2 0 2907 
3 2 0 2887 
3 2 0 2906 
3 2 0 2888 
3 2 0 2905 
3 2 0 2889 
3 2 0 2904 
3 2 0 2890 
3 2 0 2903 
3 2 0 2895 
3 2 0 2891 
3 2 0 2894 
3 2 0 2892 
3 2 0 2893 
3 2 0 2902 
3 2 0 2896 
3 2 0 2901 
3 2 0 2897 
3 2 0 2900 
3 2 0 2898 
3 2 0 2899 
3 2 0 2946 
3 2 0 2908 
3 2 0 2945 
3 2 0 2913 
3 2 0 2909 
3 2 0 2912 
3 2 0 2910 
3 2 0 2911 
3 2 0 2944 
3 2 0 2942 
3 2 0 2918 
3 2 0 2914 
3 2 0 2917 
3 2 0 2915 
3 2 0 2916 
3 2 0 2941 
3 2 0 2919 
3 2 0 2940 
3 2 0 2920 
3 2 0 2939 
3 2 0 2921 
3 2 0 2938 
3 2 0 2922 
3 2 0 2937 
3 2 0 2923 
3 2 0 2936 
3 2 0 2926 
3 2 0 2924 
3 2 0 2925 
3 2 0 2935 
3 2 0 2927 
3 2 0 2934 
3 2 0 2930 
3 2 0 2928 
3 2 0 2929 
3 2 0 2933 
3 2 0 2931 
3 2 0 2932 
3 2 0 2943 
1 1 0 
1 1 0 
1 1 0 
1 1 0 
2 3 3011 3012 0 
2 3 3010 3013 0 
1 1 0 
1 1 0 
1 1 0 
2 3 3016 3017 0 
2 3 3015 3018 0 
2 3 3014 3019 0 
1 1 0 
1 1 0 
1 1 0 
2 3 3022 3023 0 
1 1 0 
2 3 3024 3025 0 
1 1 0 
1 1 0 
2 3 3027 3028 0 
2 3 3026 3029 0 
2 3 3021 3030 0 
1 1 0 
2 3 3031 3032 0 
1 1 0 
1 1 0 
1 1 0 
2 3 3035 3036 0 
1 1 0 
1 1 0 
1 1 0 
1 1 0 
2 3 3040 3041 0 
2 3 3039 3042 0 
1 1 0 
1 1 0 
1 1 0 
1 1 0 
2 3 3046 3047 0 
2 3 3045 3048 0 
1 1 0 
2 3 3049 3050 0 
2 3 3044 3051 0 
2 3 3043 3052 0 
1 1 0 
2 3 3053 3054 0 
1 1 0 
1 1 0 
1 1 0 
2 3 3057 3058 0 
2 3 3056 3059 0 
2 3 3055 3060 0 
1 1 0 
2 3 3061 3062 0 
1 1 0 
2 3 3063 3064 0 
1 1 0 
1 1 0 
1 1 0 
1 1 0 
2 3 3068 3069 0 
1 1 0 
2 3 3070 3071 0 
2 3 3067 3072 0 
1 1 0 
2 3 3073 3074 0 
2 3 3066 3075 0 
2 3 3065 3076 0 
2 3 3038 3077 0 
2 3 3037 3078 0 
2 3 3034 3079 0 
2 3 3033 3080 0 
1 1 0 
2 3 3081 3082 0 
2 3 3020 3083 0 
2 3 3009 3084 0 
3 2 0 3085 
3 2 0 3009 
3 2 0 3084 
3 2 0 3020 
3 2 0 3014 
3 2 0 3010 
3 2 0 3013 
3 2 0 3011 
3 2 0 3012 
3 2 0 3019 
3 2 0 3015 
3 2 0 3018 
3 2 0 3016 
3 2 0 3017 
3 2 0 3083 
3 2 0 3081 
3 2 0 3033 
3 2 0 3031 
3 2 0 3021 
3 2 0 3030 
3 2 0 3026 
3 2 0 3024 
3 2 0 3022 
3 2 0 3023 
3 2 0 3025 
3 2 0 3029 
3 2 0 3027 
3 2 0 3028 
3 2 0 3032 
3 2 0 3080 
3 2 0 3034 
3 2 0 3079 
3 2 0 3037 
3 2 0 3035 
3 2 0 3036 
3 2 0 3078 
3 2 0 3038 
3 2 0 3077 
3 2 0 3065 
3 2 0 3063 
3 2 0 3061 
3 2 0 3055 
3 2 0 3053 
3 2 0 3043 
3 2 0 3039 
3 2 0 3042 
3 2 0 3040 
3 2 0 3041 
3 2 0 3052 
3 2 0 3044 
3 2 0 3051 
3 2 0 3049 
3 2 0 3045 
3 2 0 3048 
3 2 0 3046 
3 2 0 3047 
3 2 0 3050 
3 2 0 3054 
3 2 0 3060 
3 2 0 3056 
3 2 0 3059 
3 2 0 3057 
3 2 0 3058 
3 2 0 3062 
3 2 0 3064 
3 2 0 3076 
3 2 0 3066 
3 2 0 3075 
3 2 0 3073 
3 2 0 3067 
3 2 0 3072 
3 2 0 3070 
3 2 0 3068 
3 2 0 3069 
3 2 0 3071 
3 2 0 3074 
3 2 0 3082 
1 1 0 
1 1 0 
2 3 3163 3164 0 
1 1 0 
1 1 0 
1 1 0 
2 3 3167 3168 0 
2 3 3166 3169 0 
1 1 0 
2 3 3170 3171 0 
2 3 3165 3172 0 
3 2 0 3173 
3 2 0 3165 
3 2 0 3163 
3 2 0 3164 
3 2 0 3172 
3 2 0 3170 
3 2 0 3166 
3 2 0 3169 
3 2 0 3167 
3 2 0 3168 
3 2 0 3171 
1 1 0 
1 1 0 
1 1 0 
1 1 0 
2 3 3187 3188 0 
1 1 0 
1 1 0 
2 3 3190 3191 0 
2 3 3189 3192 0 
1 1 0 
1 1 0 
1 1 0 
2 3 3195 3196 0 
1 1 0 
1 1 0 
1 1 0 
1 1 0 
1 1 0 
1 1 0 
2 3 3202 3203 0 
1 1 0 
1 1 0 
2 3 3205 3206 0 
2 3 3204 3207 0 
2 3 3201 3208 0 
2 3 3200 3209 0 
1 1 0 
1 1 0 
2 3 3211 3212 0 
1 1 0 
1 1 0 
2 3 3214 3215 0 
2 3 3213 3216 0 
2 3 3210 3217 0 
2 3 3199 3218 0 
2 3 3198 3219 0 
2 3 3197 3220 0 
2 3 3194 3221 0 
2 3 3193 3222 0 
2 3 3186 3223 0 
1 1 0 
2 3 3224 3225 0 
2 3 3185 3226 0 
3 2 0 3227 
3 2 0 3185 
3 2 0 3226 
3 2 0 3224 
3 2 0 3186 
3 2 0 3223 
3 2 0 3193 
3 2 0 3189 
3 2 0 3187 
3 2 0 3188 
3 2 0 3192 
3 2 0 3190 
3 2 0 3191 
3 2 0 3222 
3 2 0 3194 
3 2 0 3221 
3 2 0 3197 
3 2 0 3195 
3 2 0 3196 
3 2 0 3220 
3 2 0 3198 
3 2 0 3219 
3 2 0 3199 
3 2 0 3218 
3 2 0 3210 
3 2 0 3200 
3 2 0 3209 
3 2 0 3201 
3 2 0 3208 
3 2 0 3204 
3 2 0 3202 
3 2 0 3203 
3 2 0 3207 
3 2 0 3205 
3 2 0 3206 
3 2 0 3217 
3 2 0 3213 
3 2 0 3211 
3 2 0 3212 
3 2 0 3216 
3 2 0 3214 
3 2 0 3215 
3 2 0 3225 
1 1 0 
1 1 0 
1 1 0 
2 3 3272 3273 0 
2 3 3271 3274 0 
1 1 0 
1 1 0 
1 1 0 
1 1 0 
1 1 0 
2 3 3279 3280 0 
2 3 3278 3281 0 
2 3 3277 3282 0 
2 3 3276 3283 0 
2 3 3275 3284 0 
1 1 0 
1 1 0 
1 1 0 
2 3 3287 3288 0 
1 1 0 
1 1 0 
1 1 0 
2 3 3291 3292 0 
2 3 3290 3293 0 
1 1 0 
1 1 0 
2 3 3295 3296 0 
2 3 3294 3297 0 
2 3 3289 3298 0 
1 1 0 
1 1 0 
1 1 0 
2 3 3301 3302 0 
1 1 0 
1 1 0 
1 1 0 
2 3 3305 3306 0 
2 3 3304 3307 0 
2 3 3303 3308 0 
1 1 0 
2 3 3309 3310 0 
1 1 0 
1 1 0 
2 3 3312 3313 0 
1 1 0 
1 1 0 
1 1 0 
2 3 3316 3317 0 
2 3 3315 3318 0 
2 3 3314 3319 0 
2 3 3311 3320 0 
2 3 3300 3321 0 
2 3 3299 3322 0 
1 1 0 
2 3 3323 3324 0 
1 1 0 
1 1 0 
1 1 0 
2 3 3327 3328 0 
2 3 3326 3329 0 
2 3 3325 3330 0 
2 3 3286 3331 0 
1 1 0 
2 3 3332 3333 0 
2 3 3285 3334 0 
3 2 0 3335 
3 2 0 3285 
3 2 0 3275 
3 2 0 3271 
3 2 0 3274 
3 2 0 3272 
3 2 0 3273 
3 2 0 3284 
3 2 0 3276 
3 2 0 3283 
3 2 0 3277 
3 2 0 3282 
3 2 0 3278 
3 2 0 3281 
3 2 0 3279 
3 2 0 3280 
3 2 0 3334 
3 2 0 3332 
3 2 0 3286 
3 2 0 3331 
3 2 0 3325 
3 2 0 3323 
3 2 0 3299 
3 2 0 3289 
3 2 0 3287 
3 2 0 3288 
3 2 0 3298 
3 2 0 3294 
3 2 0 3290 
3 2 0 3293 
3 2 0 3291 
3 2 0 3292 
3 2 0 3297 
3 2 0 3295 
3 2 0 3296 
3 2 0 3322 
3 2 0 3300 
3 2 0 3321 
3 2 0 3311 
3 2 0 3309 
3 2 0 3303 
3 2 0 3301 
3 2 0 3302 
3 2 0 3308 
3 2 0 3304 
3 2 0 3307 
3 2 0 3305 
3 2 0 3306 
3 2 0 3310 
3 2 0 3320 
3 2 0 3314 
3 2 0 3312 
3 2 0 3313 
3 2 0 3319 
3 2 0 3315 
3 2 0 3318 
3 2 0 3316 
3 2 0 3317 
3 2 0 3324 
3 2 0 3330 
3 2 0 3326 
3 2 0 3329 
3 2 0 3327 
3 2 0 3328 
3 2 0 3333 
1 1 0 
1 1 0 
1 1 0 
1 1 0 
1 1 0 
1 1 0 
1 1 0 
1 1 0 
2 3 3407 3408 0 
1 1 0 
1 1 0 
1 1 0 
1 1 0 
1 1 0 
2 3 3413 3414 0 
1 1 0 
1 1 0 
2 3 3416 3417 0 
2 3 3415 3418 0 
2 3 3412 3419 0 
2 3 3411 3420 0 
2 3 3410 3421 0 
2 3 3409 3422 0 
1 1 0 
1 1 0 
1 1 0 
1 1 0 
2 3 3426 3427 0 
2 3 3425 3428 0 
1 1 0 
2 3 3429 3430 0 
1 1 0 
1 1 0 
2 3 3432 3433 0 
1 1 0 
1 1 0 
2 3 3435 3436 0 
1 1 0 
2 3 3437 3438 0 
2 3 3434 3439 0 
1 1 0 
2 3 3440 3441 0 
1 1 0 
1 1 0 
1 1 0 
2 3 3444 3445 0 
1 1 0 
2 3 3446 3447 0 
2 3 3443 3448 0 
2 3 3442 3449 0 
2 3 3431 3450 0 
1 1 0 
2 3 3451 3452 0 
2 3 3424 3453 0 
2 3 3423 3454 0 
2 3 3406 3455 0 
2 3 3405 3456 0 
2 3 3404 3457 0 
2 3 3403 3458 0 
2 3 3402 3459 0 
1 1 0 
2 3 3460 3461 0 
2 3 3401 3462 0 
3 2 0 3463 
3 2 0 3401 
3 2 0 3462 
3 2 0 3460 
3 2 0 3402 
3 2 0 3459 
3 2 0 3403 
3 2 0 3458 
3 2 0 3404 
3 2 0 3457 
3 2 0 3405 
3 2 0 3456 
3 2 0 3406 
3 2 0 3455 
3 2 0 3423 
3 2 0 3409 
3 2 0 3407 
3 2 0 3408 
3 2 0 3422 
3 2 0 3410 
3 2 0 3421 
3 2 0 3411 
3 2 0 3420 
3 2 0 3412 
3 2 0 3419 
3 2 0 3415 
3 2 0 3413 
3 2 0 3414 
3 2 0 3418 
3 2 0 3416 
3 2 0 3417 
3 2 0 3454 
3 2 0 3424 
3 2 0 3453 
3 2 0 3451 
3 2 0 3431 
3 2 0 3429 
3 2 0 3425 
3 2 0 3428 
3 2 0 3426 
3 2 0 3427 
3 2 0 3430 
3 2 0 3450 
3 2 0 3442 
3 2 0 3440 
3 2 0 3434 
3 2 0 3432 
3 2 0 3433 
3 2 0 3439 
3 2 0 3437 
3 2 0 3435 
3 2 0 3436 
3 2 0 3438 
3 2 0 3441 
3 2 0 3449 
3 2 0 3443 
3 2 0 3448 
3 2 0 3446 
3 2 0 3444 
3 2 0 3445 
3 2 0 3447 
3 2 0 3452 
3 2 0 3461 
1 1 0 
1 1 0 
1 1 0 
2 3 3528 3529 0 
2 3 3527 3530 0 
1 1 0 
1 1 0 
1 1 0 
1 1 0 
2 3 3534 3535 0 
2 3 3533 3536 0 
1 1 0 
1 1 0 
1 1 0 
2 3 3539 3540 0 
1 1 0 
2 3 3541 3542 0 
1 1 0 
2 3 3543 3544 0 
1 1 0 
1 1 0 
2 3 3546 3547 0 
1 1 0 
2 3 3548 3549 0 
2 3 3545 3550 0 
2 3 3538 3551 0 
1 1 0 
1 1 0 
2 3 3553 3554 0 
1 1 0 
1 1 0 
1 1 0 
1 1 0 
2 3 3558 3559 0 
2 3 3557 3560 0 
1 1 0 
1 1 0 
1 1 0 
2 3 3563 3564 0 
2 3 3562 3565 0 
2 3 3561 3566 0 
2 3 3556 3567 0 
2 3 3555 3568 0 
2 3 3552 3569 0 
2 3 3537 3570 0 
1 1 0 
2 3 3571 3572 0 
2 3 3532 3573 0 
2 3 3531 3574 0 
3 2 0 3575 
3 2 0 3531 
3 2 0 3527 
3 2 0 3530 
3 2 0 3528 
3 2 0 3529 
3 2 0 3574 
3 2 0 3532 
3 2 0 3573 
3 2 0 3571 
3 2 0 3537 
3 2 0 3533 
3 2 0 3536 
3 2 0 3534 
3 2 0 3535 
3 2 0 3570 
3 2 0 3552 
3 2 0 3538 
3 2 0 3551 
3 2 0 3545 
3 2 0 3543 
3 2 0 3541 
3 2 0 3539 
3 2 0 3540 
3 2 0 3542 
3 2 0 3544 
3 2 0 3550 
3 2 0 3548 
3 2 0 3546 
3 2 0 3547 
3 2 0 3549 
3 2 0 3569 
3 2 0 3555 
3 2 0 3553 
3 2 0 3554 
3 2 0 3568 
3 2 0 3556 
3 2 0 3567 
3 2 0 3561 
3 2 0 3557 
3 2 0 3560 
3 2 0 3558 
3 2 0 3559 
3 2 0 3566 
3 2 0 3562 
3 2 0 3565 
3 2 0 3563 
3 2 0 3564 
3 2 0 3572 
1 1 0 
1 1 0 
2 3 3625 3626 0 
1 1 0 
1 1 0 
1 1 0 
1 1 0 
2 3 3630 3631 0 
2 3 3629 3632 0 
2 3 3628 3633 0 
2 3 3627 3634 0 
1 1 0 
1 1 0 
1 1 0 
1 1 0 
1 1 0 
1 1 0 
1 1 0 
2 3 3641 3642 0 
2 3 3640 3643 0 
2 3 3639 3644 0 
2 3 3638 3645 0 
2 3 3637 3646 0 
2 3 3636 3647 0 
2 3 3635 3648 0 
1 1 0 
1 1 0 
2 3 3650 3651 0 
1 1 0 
1 1 0 
1 1 0 
1 1 0 
1 1 0 
2 3 3656 3657 0 
1 1 0 
2 3 3658 3659 0 
2 3 3655 3660 0 
1 1 0 
1 1 0 
1 1 0 
1 1 0 
2 3 3664 3665 0 
2 3 3663 3666 0 
2 3 3662 3667 0 
2 3 3661 3668 0 
2 3 3654 3669 0 
2 3 3653 3670 0 
2 3 3652 3671 0 
1 1 0 
2 3 3672 3673 0 
2 3 3649 3674 0 
3 2 0 3675 
3 2 0 3649 
3 2 0 3635 
3 2 0 3627 
3 2 0 3625 
3 2 0 3626 
3 2 0 3634 
3 2 0 3628 
3 2 0 3633 
3 2 0 3629 
3 2 0 3632 
3 2 0 3630 
3 2 0 3631 
3 2 0 3648 
3 2 0 3636 
3 2 0 3647 
3 2 0 3637 
3 2 0 3646 
3 2 0 3638 
3 2 0 3645 
3 2 0 3639 
3 2 0 3644 
3 2 0 3640 
3 2 0 3643 
3 2 0 3641 
3 2 0 3642 
3 2 0 3674 
3 2 0 3672 
3 2 0 3652 
3 2 0 3650 
3 2 0 3651 
3 2 0 3671 
3 2 0 3653 
3 2 0 3670 
3 2 0 3654 
3 2 0 3669 
3 2 0 3661 
3 2 0 3655 
3 2 0 3660 
3 2 0 3658 
3 2 0 3656 
3 2 0 3657 
3 2 0 3659 
3 2 0 3668 
3 2 0 3662 
3 2 0 3667 
3 2 0 3663 
3 2 0 3666 
3 2 0 3664 
3 2 0 3665 
3 2 0 3673 
1 1 0 
1 1 0 
2 3 3727 3728 0 
1 1 0 
1 1 0 
1 1 0 
2 3 3731 3732 0 
1 1 0 
2 3 3733 3734 0 
1 1 0 
1 1 0 
2 3 3736 3737 0 
1 1 0 
1 1 0 
1 1 0 
2 3 3740 3741 0 
2 3 3739 3742 0 
2 3 3738 3743 0 
2 3 3735 3744 0 
1 1 0 
1 1 0 
1 1 0 
2 3 3747 3748 0 
2 3 3746 3749 0 
2 3 3745 3750 0 
2 3 3730 3751 0 
2 3 3729 3752 0 
1 1 0 
2 3 3753 3754 0 
1 1 0 
2 3 3755 3756 0 
1 1 0 
1 1 0 
1 1 0 
1 1 0 
1 1 0 
1 1 0 
2 3 3762 3763 0 
1 1 0 
1 1 0 
2 3 3765 3766 0 
2 3 3764 3767 0 
1 1 0 
1 1 0 
1 1 0 
1 1 0 
2 3 3771 3772 0 
1 1 0 
2 3 3773 3774 0 
1 1 0 
2 3 3775 3776 0 
2 3 3770 3777 0 
2 3 3769 3778 0 
2 3 3768 3779 0 
2 3 3761 3780 0 
2 3 3760 3781 0 
2 3 3759 3782 0 
2 3 3758 3783 0 
2 3 3757 3784 0 
1 1 0 
2 3 3785 3786 0 
3 2 0 3787 
3 2 0 3785 
3 2 0 3757 
3 2 0 3755 
3 2 0 3753 
3 2 0 3729 
3 2 0 3727 
3 2 0 3728 
3 2 0 3752 
3 2 0 3730 
3 2 0 3751 
3 2 0 3745 
3 2 0 3735 
3 2 0 3733 
3 2 0 3731 
3 2 0 3732 
3 2 0 3734 
3 2 0 3744 
3 2 0 3738 
3 2 0 3736 
3 2 0 3737 
3 2 0 3743 
3 2 0 3739 
3 2 0 3742 
3 2 0 3740 
3 2 0 3741 
3 2 0 3750 
3 2 0 3746 
3 2 0 3749 
3 2 0 3747 
3 2 0 3748 
3 2 0 3754 
3 2 0 3756 
3 2 0 3784 
3 2 0 3758 
3 2 0 3783 
3 2 0 3759 
3 2 0 3782 
3 2 0 3760 
3 2 0 3781 
3 2 0 3761 
3 2 0 3780 
3 2 0 3768 
3 2 0 3764 
3 2 0 3762 
3 2 0 3763 
3 2 0 3767 
3 2 0 3765 
3 2 0 3766 
3 2 0 3779 
3 2 0 3769 
3 2 0 3778 
3 2 0 3770 
3 2 0 3777 
3 2 0 3775 
3 2 0 3773 
3 2 0 3771 
3 2 0 3772 
3 2 0 3774 
3 2 0 3776 
3 2 0 3786 
1 1 0 
1 1 0 
1 1 0 
1 1 0 
1 1 0 
2 3 3852 3853 0 
2 3 3851 3854 0 
1 1 0 
2 3 3855 3856 0 
1 1 0 
2 3 3857 3858 0 
1 1 0 
1 1 0 
1 1 0 
2 3 3861 3862 0 
2 3 3860 3863 0 
2 3 3859 3864 0 
2 3 3850 3865 0 
1 1 0 
2 3 3866 3867 0 
2 3 3849 3868 0 
3 2 0 3869 
3 2 0 3849 
3 2 0 3868 
3 2 0 3866 
3 2 0 3850 
3 2 0 3865 
3 2 0 3859 
3 2 0 3857 
3 2 0 3855 
3 2 0 3851 
3 2 0 3854 
3 2 0 3852 
3 2 0 3853 
3 2 0 3856 
3 2 0 3858 
3 2 0 3864 
3 2 0 3860 
3 2 0 3863 
3 2 0 3861 
3 2 0 3862 
3 2 0 3867 
1 1 0 
1 1 0 
1 1 0 
2 3 3892 3893 0 
2 3 3891 3894 0 
1 1 0 
1 1 0 
1 1 0 
2 3 3897 3898 0 
1 1 0 
1 1 0 
1 1 0 
1 1 0 
1 1 0 
2 3 3903 3904 0 
2 3 3902 3905 0 
1 1 0 
1 1 0 
1 1 0 
1 1 0 
2 3 3909 3910 0 
2 3 3908 3911 0 
2 3 3907 3912 0 
2 3 3906 3913 0 
2 3 3901 3914 0 
1 1 0 
1 1 0 
1 1 0 
2 3 3917 3918 0 
1 1 0 
1 1 0 
2 3 3920 3921 0 
2 3 3919 3922 0 
2 3 3916 3923 0 
2 3 3915 3924 0 
2 3 3900 3925 0 
1 1 0 
2 3 3926 3927 0 
2 3 3899 3928 0 
2 3 3896 3929 0 
2 3 3895 3930 0 
3 2 0 3931 
3 2 0 3895 
3 2 0 3891 
3 2 0 3894 
3 2 0 3892 
3 2 0 3893 
3 2 0 3930 
3 2 0 3896 
3 2 0 3929 
3 2 0 3899 
3 2 0 3897 
3 2 0 3898 
3 2 0 3928 
3 2 0 3926 
3 2 0 3900 
3 2 0 3925 
3 2 0 3915 
3 2 0 3901 
3 2 0 3914 
3 2 0 3906 
3 2 0 3902 
3 2 0 3905 
3 2 0 3903 
3 2 0 3904 
3 2 0 3913 
3 2 0 3907 
3 2 0 3912 
3 2 0 3908 
3 2 0 3911 
3 2 0 3909 
3 2 0 3910 
3 2 0 3924 
3 2 0 3916 
3 2 0 3923 
3 2 0 3919 
3 2 0 3917 
3 2 0 3918 
3 2 0 3922 
3 2 0 3920 
3 2 0 3921 
3 2 0 3927 
1 1 0 
1 1 0 
1 1 0 
1 1 0 
2 3 3975 3976 0 
2 3 3974 3977 0 
1 1 0 
2 3 3978 3979 0 
1 1 0 
1 1 0 
1 1 0 
2 3 3982 3983 0 
2 3 3981 3984 0 
2 3 3980 3985 0 
1 1 0 
2 3 3986 3987 0 
1 1 0 
1 1 0 
2 3 3989 3990 0 
1 1 0 
1 1 0 
1 1 0 
2 3 3993 3994 0 
2 3 3992 3995 0 
2 3 3991 3996 0 
2 3 3988 3997 0 
2 3 3973 3998 0 
1 1 0 
1 1 0 
1 1 0 
1 1 0 
2 3 4002 4003 0 
2 3 4001 4004 0 
1 1 0 
1 1 0 
1 1 0 
1 1 0 
2 3 4008 4009 0 
2 3 4007 4010 0 
2 3 4006 4011 0 
2 3 4005 4012 0 
1 1 0 
1 1 0 
1 1 0 
1 1 0 
1 1 0 
1 1 0 
1 1 0 
1 1 0 
1 1 0 
1 1 0 
1 1 0 
2 3 4023 4024 0 
2 3 4022 4025 0 
2 3 4021 4026 0 
2 3 4020 4027 0 
2 3 4019 4028 0 
2 3 4018 4029 0 
2 3 4017 4030 0 
2 3 4016 4031 0 
2 3 4015 4032 0 
2 3 4014 4033 0 
1 1 0 
2 3 4034 4035 0 
2 3 4013 4036 0 
2 3 4000 4037 0 
2 3 3999 4038 0 
3 2 0 4039 
3 2 0 3999 
3 2 0 3973 
3 2 0 3998 
3 2 0 3988 
3 2 0 3986 
3 2 0 3980 
3 2 0 3978 
3 2 0 3974 
3 2 0 3977 
3 2 0 3975 
3 2 0 3976 
3 2 0 3979 
3 2 0 3985 
3 2 0 3981 
3 2 0 3984 
3 2 0 3982 
3 2 0 3983 
3 2 0 3987 
3 2 0 3997 
3 2 0 3991 
3 2 0 3989 
3 2 0 3990 
3 2 0 3996 
3 2 0 3992 
3 2 0 3995 
3 2 0 3993 
3 2 0 3994 
3 2 0 4038 
3 2 0 4000 
3 2 0 4037 
3 2 0 4013 
3 2 0 4005 
3 2 0 4001 
3 2 0 4004 
3 2 0 4002 
3 2 0 4003 
3 2 0 4012 
3 2 0 4006 
3 2 0 4011 
3 2 0 4007 
3 2 0 4010 
3 2 0 4008 
3 2 0 4009 
3 2 0 4036 
3 2 0 4034 
3 2 0 4014 
3 2 0 4033 
3 2 0 4015 
3 2 0 4032 
3 2 0 4016 
3 2 0 4031 
3 2 0 4017 
3 2 0 4030 
3 2 0 4018 
3 2 0 4029 
3 2 0 4019 
3 2 0 4028 
3 2 0 4020 
3 2 0 4027 
3 2 0 4021 
3 2 0 4026 
3 2 0 4022 
3 2 0 4025 
3 2 0 4023 
3 2 0 4024 
3 2 0 4035 
1 1 0 
1 1 0 
1 1 0 
2 3 4108 4109 0 
1 1 0 
2 3 4110 4111 0 
2 3 4107 4112 0 
1 1 0 
1 1 0 
1 1 0 
2 3 4115 4116 0 
2 3 4114 4117 0 
1 1 0 
1 1 0 
1 1 0 
2 3 4120 4121 0 
2 3 4119 4122 0 
2 3 4118 4123 0 
1 1 0 
1 1 0 
1 1 0 
1 1 0 
2 3 4127 4128 0 
2 3 4126 4129 0 
1 1 0 
1 1 0 
1 1 0 
2 3 4132 4133 0 
1 1 0 
2 3 4134 4135 0 
1 1 0 
1 1 0 
2 3 4137 4138 0 
2 3 4136 4139 0 
2 3 4131 4140 0 
2 3 4130 4141 0 
1 1 0 
1 1 0 
1 1 0 
1 1 0 
2 3 4145 4146 0 
2 3 4144 4147 0 
2 3 4143 4148 0 
2 3 4142 4149 0 
2 3 4125 4150 0 
2 3 4124 4151 0 
2 3 4113 4152 0 
1 1 0 
2 3 4153 4154 0 
3 2 0 4155 
3 2 0 4153 
3 2 0 4113 
3 2 0 4107 
3 2 0 4112 
3 2 0 4110 
3 2 0 4108 
3 2 0 4109 
3 2 0 4111 
3 2 0 4152 
3 2 0 4124 
3 2 0 4118 
3 2 0 4114 
3 2 0 4117 
3 2 0 4115 
3 2 0 4116 
3 2 0 4123 
3 2 0 4119 
3 2 0 4122 
3 2 0 4120 
3 2 0 4121 
3 2 0 4151 
3 2 0 4125 
3 2 0 4150 
3 2 0 4142 
3 2 0 4130 
3 2 0 4126 
3 2 0 4129 
3 2 0 4127 
3 2 0 4128 
3 2 0 4141 
3 2 0 4131 
3 2 0 4140 
3 2 0 4136 
3 2 0 4134 
3 2 0 4132 
3 2 0 4133 
3 2 0 4135 
3 2 0 4139 
3 2 0 4137 
3 2 0 4138 
3 2 0 4149 
3 2 0 4143 
3 2 0 4148 
3 2 0 4144 
3 2 0 4147 
3 2 0 4145 
3 2 0 4146 
3 2 0 4154 
1 1 0 
1 1 0 
1 1 0 
1 1 0 
2 3 4207 4208 0 
1 1 0 
2 3 4209 4210 0 
1 1 0 
1 1 0 
2 3 4212 4213 0 
2 3 4211 4214 0 
2 3 4206 4215 0 
2 3 4205 4216 0 
1 1 0 
1 1 0 
1 1 0 
1 1 0 
1 1 0 
1 1 0 
2 3 4222 4223 0 
2 3 4221 4224 0 
1 1 0 
1 1 0 
1 1 0 
2 3 4227 4228 0 
1 1 0 
2 3 4229 4230 0 
1 1 0 
1 1 0 
1 1 0 
2 3 4233 4234 0 
2 3 4232 4235 0 
1 1 0 
1 1 0 
2 3 4237 4238 0 
2 3 4236 4239 0 
2 3 4231 4240 0 
2 3 4226 4241 0 
2 3 4225 4242 0 
2 3 4220 4243 0 
1 1 0 
2 3 4244 4245 0 
2 3 4219 4246 0 
2 3 4218 4247 0 
2 3 4217 4248 0 
3 2 0 4249 
3 2 0 4217 
3 2 0 4205 
3 2 0 4216 
3 2 0 4206 
3 2 0 4215 
3 2 0 4211 
3 2 0 4209 
3 2 0 4207 
3 2 0 4208 
3 2 0 4210 
3 2 0 4214 
3 2 0 4212 
3 2 0 4213 
3 2 0 4248 
3 2 0 4218 
3 2 0 4247 
3 2 0 4219 
3 2 0 4246 
3 2 0 4244 
3 2 0 4220 
3 2 0 4243 
3 2 0 4225 
3 2 0 4221 
3 2 0 4224 
3 2 0 4222 
3 2 0 4223 
3 2 0 4242 
3 2 0 4226 
3 2 0 4241 
3 2 0 4231 
3 2 0 4229 
3 2 0 4227 
3 2 0 4228 
3 2 0 4230 
3 2 0 4240 
3 2 0 4236 
3 2 0 4232 
3 2 0 4235 
3 2 0 4233 
3 2 0 4234 
3 2 0 4239 
3 2 0 4237 
3 2 0 4238 
3 2 0 4245 
1 1 0 
1 1 0 
1 1 0 
1 1 0 
1 1 0 
2 3 4298 4299 0 
2 3 4297 4300 0 
1 1 0 
1 1 0 
1 1 0 
2 3 4303 4304 0 
1 1 0 
1 1 0 
2 3 4306 4307 0 
2 3 4305 4308 0 
2 3 4302 4309 0 
2 3 4301 4310 0 
2 3 4296 4311 0 
2 3 4295 4312 0 
1 1 0 
1 1 0 
2 3 4314 4315 0 
2 3 4313 4316 0 
1 1 0 
2 3 4317 4318 0 
1 1 0 
2 3 4319 4320 0 
1 1 0 
2 3 4321 4322 0 
1 1 0 
1 1 0 
2 3 4324 4325 0 
1 1 0 
2 3 4326 4327 0 
1 1 0 
2 3 4328 4329 0 
1 1 0 
2 3 4330 4331 0 
2 3 4323 4332 0 
3 2 0 4333 
3 2 0 4323 
3 2 0 4321 
3 2 0 4319 
3 2 0 4317 
3 2 0 4313 
3 2 0 4295 
3 2 0 4312 
3 2 0 4296 
3 2 0 4311 
3 2 0 4301 
3 2 0 4297 
3 2 0 4300 
3 2 0 4298 
3 2 0 4299 
3 2 0 4310 
3 2 0 4302 
3 2 0 4309 
3 2 0 4305 
3 2 0 4303 
3 2 0 4304 
3 2 0 4308 
3 2 0 4306 
3 2 0 4307 
3 2 0 4316 
3 2 0 4314 
3 2 0 4315 
3 2 0 4318 
3 2 0 4320 
3 2 0 4322 
3 2 0 4332 
3 2 0 4330 
3 2 0 4328 
3 2 0 4326 
3 2 0 4324 
3 2 0 4325 
3 2 0 4327 
3 2 0 4329 
3 2 0 4331 
1 1 0 
1 1 0 
1 1 0 
1 1 0 
2 3 4375 4376 0 
1 1 0 
2 3 4377 4378 0 
1 1 0 
2 3 4379 4380 0 
2 3 4374 4381 0 
2 3 4373 4382 0 
1 1 0 
1 1 0 
1 1 0 
1 1 0 
1 1 0 
1 1 0 
2 3 4388 4389 0 
2 3 4387 4390 0 
2 3 4386 4391 0 
1 1 0 
1 1 0 
1 1 0 
1 1 0 
2 3 4395 4396 0 
2 3 4394 4397 0 
1 1 0 
1 1 0 
2 3 4399 4400 0 
1 1 0 
2 3 4401 4402 0 
2 3 4398 4403 0 
1 1 0 
2 3 4404 4405 0 
1 1 0 
1 1 0 
1 1 0 
2 3 4408 4409 0 
2 3 4407 4410 0 
1 1 0 
1 1 0 
1 1 0 
2 3 4413 4414 0 
2 3 4412 4415 0 
1 1 0 
2 3 4416 4417 0 
2 3 4411 4418 0 
2 3 4406 4419 0 
2 3 4393 4420 0 
2 3 4392 4421 0 
1 1 0 
2 3 4422 4423 0 
2 3 4385 4424 0 
2 3 4384 4425 0 
2 3 4383 4426 0 
3 2 0 4427 
3 2 0 4383 
3 2 0 4373 
3 2 0 4382 
3 2 0 4374 
3 2 0 4381 
3 2 0 4379 
3 2 0 4377 
3 2 0 4375 
3 2 0 4376 
3 2 0 4378 
3 2 0 4380 
3 2 0 4426 
3 2 0 4384 
3 2 0 4425 
3 2 0 4385 
3 2 0 4424 
3 2 0 4422 
3 2 0 4392 
3 2 0 4386 
3 2 0 4391 
3 2 0 4387 
3 2 0 4390 
3 2 0 4388 
3 2 0 4389 
3 2 0 4421 
3 2 0 4393 
3 2 0 4420 
3 2 0 4406 
3 2 0 4404 
3 2 0 4398 
3 2 0 4394 
3 2 0 4397 
3 2 0 4395 
3 2 0 4396 
3 2 0 4403 
3 2 0 4401 
3 2 0 4399 
3 2 0 4400 
3 2 0 4402 
3 2 0 4405 
3 2 0 4419 
3 2 0 4411 
3 2 0 4407 
3 2 0 4410 
3 2 0 4408 
3 2 0 4409 
3 2 0 4418 
3 2 0 4416 
3 2 0 4412 
3 2 0 4415 
3 2 0 4413 
3 2 0 4414 
3 2 0 4417 
3 2 0 4423 
1 1 0 
1 1 0 
1 1 0 
2 3 4484 4485 0 
1 1 0 
1 1 0 
1 1 0 
2 3 4488 4489 0 
1 1 0 
1 1 0 
2 3 4491 4492 0 
2 3 4490 4493 0 
1 1 0 
2 3 4494 4495 0 
2 3 4487 4496 0 
2 3 4486 4497 0 
1 1 0 
2 3 4498 4499 0 
2 3 4483 4500 0 
3 2 0 4501 
3 2 0 4483 
3 2 0 4500 
3 2 0 4498 
3 2 0 4486 
3 2 0 4484 
3 2 0 4485 
3 2 0 4497 
3 2 0 4487 
3 2 0 4496 
3 2 0 4494 
3 2 0 4490 
3 2 0 4488 
3 2 0 4489 
3 2 0 4493 
3 2 0 4491 
3 2 0 4492 
3 2 0 4495 
3 2 0 4499 
1 1 0 
1 1 0 
1 1 0 
2 3 4522 4523 0 
1 1 0 
1 1 0 
2 3 4525 4526 0 
2 3 4524 4527 0 
2 3 4521 4528 0 
1 1 0 
1 1 0 
1 1 0 
2 3 4531 4532 0 
1 1 0 
1 1 0 
1 1 0 
1 1 0 
1 1 0 
1 1 0 
2 3 4538 4539 0 
2 3 4537 4540 0 
2 3 4536 4541 0 
1 1 0 
2 3 4542 4543 0 
1 1 0 
2 3 4544 4545 0 
1 1 0 
2 3 4546 4547 0 
1 1 0 
2 3 4548 4549 0 
2 3 4535 4550 0 
2 3 4534 4551 0 
2 3 4533 4552 0 
1 1 0 
1 1 0 
2 3 4554 4555 0 
2 3 4553 4556 0 
2 3 4530 4557 0 
2 3 4529 4558 0 
1 1 0 
2 3 4559 4560 0 
1 1 0 
1 1 0 
2 3 4562 4563 0 
1 1 0 
2 3 4564 4565 0 
2 3 4561 4566 0 
3 2 0 4567 
3 2 0 4561 
3 2 0 4559 
3 2 0 4529 
3 2 0 4521 
3 2 0 4528 
3 2 0 4524 
3 2 0 4522 
3 2 0 4523 
3 2 0 4527 
3 2 0 4525 
3 2 0 4526 
3 2 0 4558 
3 2 0 4530 
3 2 0 4557 
3 2 0 4553 
3 2 0 4533 
3 2 0 4531 
3 2 0 4532 
3 2 0 4552 
3 2 0 4534 
3 2 0 4551 
3 2 0 4535 
3 2 0 4550 
3 2 0 4548 
3 2 0 4546 
3 2 0 4544 
3 2 0 4542 
3 2 0 4536 
3 2 0 4541 
3 2 0 4537 
3 2 0 4540 
3 2 0 4538 
3 2 0 4539 
3 2 0 4543 
3 2 0 4545 
3 2 0 4547 
3 2 0 4549 
3 2 0 4556 
3 2 0 4554 
3 2 0 4555 
3 2 0 4560 
3 2 0 4566 
3 2 0 4564 
3 2 0 4562 
3 2 0 4563 
3 2 0 4565 
1 1 0 
1 1 0 
2 3 4615 4616 0 
1 1 0 
1 1 0 
1 1 0 
1 1 0 
1 1 0 
2 3 4621 4622 0 
2 3 4620 4623 0 
1 1 0 
2 3 4624 4625 0 
2 3 4619 4626 0 
1 1 0 
1 1 0 
1 1 0 
2 3 4629 4630 0 
2 3 4628 4631 0 
1 1 0 
2 3 4632 4633 0 
2 3 4627 4634 0 
2 3 4618 4635 0 
2 3 4617 4636 0 
3 2 0 4637 
3 2 0 4617 
3 2 0 4615 
3 2 0 4616 
3 2 0 4636 
3 2 0 4618 
3 2 0 4635 
3 2 0 4627 
3 2 0 4619 
3 2 0 4626 
3 2 0 4624 
3 2 0 4620 
3 2 0 4623 
3 2 0 4621 
3 2 0 4622 
3 2 0 4625 
3 2 0 4634 
3 2 0 4632 
3 2 0 4628 
3 2 0 4631 
3 2 0 4629 
3 2 0 4630 
3 2 0 4633 
1 1 0 
1 1 0 
1 1 0 
2 3 4662 4663 0 
1 1 0 
2 3 4664 4665 0 
1 1 0 
2 3 4666 4667 0 
2 3 4661 4668 0 
1 1 0 
1 1 0 
1 1 0 
2 3 4671 4672 0 
1 1 0 
1 1 0 
1 1 0 
2 3 4675 4676 0 
2 3 4674 4677 0 
1 1 0 
1 1 0 
1 1 0 
2 3 4680 4681 0 
2 3 4679 4682 0 
2 3 4678 4683 0 
1 1 0 
1 1 0 
1 1 0 
2 3 4686 4687 0 
1 1 0 
1 1 0 
2 3 4689 4690 0 
2 3 4688 4691 0 
1 1 0 
1 1 0 
1 1 0 
2 3 4694 4695 0 
2 3 4693 4696 0 
1 1 0 
1 1 0 
1 1 0 
2 3 4699 4700 0 
2 3 4698 4701 0 
2 3 4697 4702 0 
2 3 4692 4703 0 
2 3 4685 4704 0 
2 3 4684 4705 0 
2 3 4673 4706 0 
2 3 4670 4707 0 
2 3 4669 4708 0 
1 1 0 
2 3 4709 4710 0 
3 2 0 4711 
3 2 0 4709 
3 2 0 4669 
3 2 0 4661 
3 2 0 4668 
3 2 0 4666 
3 2 0 4664 
3 2 0 4662 
3 2 0 4663 
3 2 0 4665 
3 2 0 4667 
3 2 0 4708 
3 2 0 4670 
3 2 0 4707 
3 2 0 4673 
3 2 0 4671 
3 2 0 4672 
3 2 0 4706 
3 2 0 4684 
3 2 0 4678 
3 2 0 4674 
3 2 0 4677 
3 2 0 4675 
3 2 0 4676 
3 2 0 4683 
3 2 0 4679 
3 2 0 4682 
3 2 0 4680 
3 2 0 4681 
3 2 0 4705 
3 2 0 4685 
3 2 0 4704 
3 2 0 4692 
3 2 0 4688 
3 2 0 4686 
3 2 0 4687 
3 2 0 4691 
3 2 0 4689 
3 2 0 4690 
3 2 0 4703 
3 2 0 4697 
3 2 0 4693 
3 2 0 4696 
3 2 0 4694 
3 2 0 4695 
3 2 0 4702 
3 2 0 4698 
3 2 0 4701 
3 2 0 4699 
3 2 0 4700 
3 2 0 4710 
1 1 0 
1 1 0 
1 1 0 
1 1 0 
1 1 0 
2 3 4766 4767 0 
2 3 4765 4768 0 
1 1 0 
1 1 0 
1 1 0 
2 3 4771 4772 0 
2 3 4770 4773 0 
2 3 4769 4774 0 
2 3 4764 4775 0 
2 3 4763 4776 0 
1 1 0 
1 1 0 
1 1 0 
2 3 4779 4780 0 
1 1 0 
1 1 0 
2 3 4782 4783 0 
1 1 0 
1 1 0 
2 3 4785 4786 0 
1 1 0 
1 1 0 
1 1 0 
1 1 0 
1 1 0 
1 1 0 
1 1 0 
1 1 0 
1 1 0 
1 1 0 
2 3 4796 4797 0 
1 1 0 
1 1 0 
2 3 4799 4800 0 
1 1 0 
1 1 0 
1 1 0 
2 3 4803 4804 0 
2 3 4802 4805 0 
2 3 4801 4806 0 
1 1 0 
2 3 4807 4808 0 
2 3 4798 4809 0 
2 3 4795 4810 0 
2 3 4794 4811 0 
2 3 4793 4812 0 
2 3 4792 4813 0 
2 3 4791 4814 0 
2 3 4790 4815 0 
2 3 4789 4816 0 
2 3 4788 4817 0 
2 3 4787 4818 0 
2 3 4784 4819 0 
1 1 0 
2 3 4820 4821 0 
2 3 4781 4822 0 
2 3 4778 4823 0 
2 3 4777 4824 0 
3 2 0 4825 
3 2 0 4777 
3 2 0 4763 
3 2 0 4776 
3 2 0 4764 
3 2 0 4775 
3 2 0 4769 
3 2 0 4765 
3 2 0 4768 
3 2 0 4766 
3 2 0 4767 
3 2 0 4774 
3 2 0 4770 
3 2 0 4773 
3 2 0 4771 
3 2 0 4772 
3 2 0 4824 
3 2 0 4778 
3 2 0 4823 
3 2 0 4781 
3 2 0 4779 
3 2 0 4780 
3 2 0 4822 
3 2 0 4820 
3 2 0 4784 
3 2 0 4782 
3 2 0 4783 
3 2 0 4819 
3 2 0 4787 
3 2 0 4785 
3 2 0 4786 
3 2 0 4818 
3 2 0 4788 
3 2 0 4817 
3 2 0 4789 
3 2 0 4816 
3 2 0 4790 
3 2 0 4815 
3 2 0 4791 
3 2 0 4814 
3 2 0 4792 
3 2 0 4813 
3 2 0 4793 
3 2 0 4812 
3 2 0 4794 
3 2 0 4811 
3 2 0 4795 
3 2 0 4810 
3 2 0 4798 
3 2 0 4796 
3 2 0 4797 
3 2 0 4809 
3 2 0 4807 
3 2 0 4801 
3 2 0 4799 
3 2 0 4800 
3 2 0 4806 
3 2 0 4802 
3 2 0 4805 
3 2 0 4803 
3 2 0 4804 
3 2 0 4808 
3 2 0 4821 
1 1 0 
1 1 0 
1 1 0 
1 1 0 
1 1 0 
2 3 4892 4893 0 
1 1 0 
2 3 4894 4895 0 
2 3 4891 4896 0 
1 1 0 
1 1 0 
1 1 0 
1 1 0 
1 1 0 
2 3 4901 4902 0 
2 3 4900 4903 0 
1 1 0 
1 1 0 
1 1 0 
1 1 0 
2 3 4907 4908 0 
2 3 4906 4909 0 
1 1 0 
1 1 0 
1 1 0 
1 1 0 
2 3 4913 4914 0 
2 3 4912 4915 0 
2 3 4911 4916 0 
2 3 4910 4917 0 
2 3 4905 4918 0 
2 3 4904 4919 0 
2 3 4899 4920 0 
2 3 4898 4921 0 
1 1 0 
2 3 4922 4923 0 
2 3 4897 4924 0 
2 3 4890 4925 0 
2 3 4889 4926 0 
3 2 0 4927 
3 2 0 4889 
3 2 0 4926 
3 2 0 4890 
3 2 0 4925 
3 2 0 4897 
3 2 0 4891 
3 2 0 4896 
3 2 0 4894 
3 2 0 4892 
3 2 0 4893 
3 2 0 4895 
3 2 0 4924 
3 2 0 4922 
3 2 0 4898 
3 2 0 4921 
3 2 0 4899 
3 2 0 4920 
3 2 0 4904 
3 2 0 4900 
3 2 0 4903 
3 2 0 4901 
3 2 0 4902 
3 2 0 4919 
3 2 0 4905 
3 2 0 4918 
3 2 0 4910 
3 2 0 4906 
3 2 0 4909 
3 2 0 4907 
3 2 0 4908 
3 2 0 4917 
3 2 0 4911 
3 2 0 4916 
3 2 0 4912 
3 2 0 4915 
3 2 0 4913 
3 2 0 4914 
3 2 0 4923 
1 1 0 
1 1 0 
1 1 0 
2 3 4968 4969 0 
1 1 0 
1 1 0 
2 3 4971 4972 0 
2 3 4970 4973 0 
2 3 4967 4974 0 
1 1 0 
1 1 0 
1 1 0 
1 1 0 
1 1 0 
1 1 0 
2 3 4980 4981 0 
2 3 4979 4982 0 
2 3 4978 4983 0 
2 3 4977 4984 0 
1 1 0 
1 1 0 
1 1 0 
1 1 0 
1 1 0 
2 3 4989 4990 0 
1 1 0 
2 3 4991 4992 0 
1 1 0 
2 3 4993 4994 0 
2 3 4988 4995 0 
2 3 4987 4996 0 
2 3 4986 4997 0 
2 3 4985 4998 0 
2 3 4976 4999 0 
2 3 4975 5000 0 
1 1 0 
1 1 0 
2 3 5002 5003 0 
1 1 0 
1 1 0 
1 1 0 
1 1 0 
2 3 5007 5008 0 
1 1 0 
2 3 5009 5010 0 
2 3 5006 5011 0 
2 3 5005 5012 0 
2 3 5004 5013 0 
1 1 0 
2 3 5014 5015 0 
2 3 5001 5016 0 
3 2 0 5017 
3 2 0 5001 
3 2 0 4975 
3 2 0 4967 
3 2 0 4974 
3 2 0 4970 
3 2 0 4968 
3 2 0 4969 
3 2 0 4973 
3 2 0 4971 
3 2 0 4972 
3 2 0 5000 
3 2 0 4976 
3 2 0 4999 
3 2 0 4985 
3 2 0 4977 
3 2 0 4984 
3 2 0 4978 
3 2 0 4983 
3 2 0 4979 
3 2 0 4982 
3 2 0 4980 
3 2 0 4981 
3 2 0 4998 
3 2 0 4986 
3 2 0 4997 
3 2 0 4987 
3 2 0 4996 
3 2 0 4988 
3 2 0 4995 
3 2 0 4993 
3 2 0 4991 
3 2 0 4989 
3 2 0 4990 
3 2 0 4992 
3 2 0 4994 
3 2 0 5016 
3 2 0 5014 
3 2 0 5004 
3 2 0 5002 
3 2 0 5003 
3 2 0 5013 
3 2 0 5005 
3 2 0 5012 
3 2 0 5006 
3 2 0 5011 
3 2 0 5009 
3 2 0 5007 
3 2 0 5008 
3 2 0 5010 
3 2 0 5015 
1 1 0 
1 1 0 
1 1 0 
2 3 5070 5071 0 
2 3 5069 5072 0 
1 1 0 
1 1 0 
1 1 0 
2 3 5075 5076 0 
2 3 5074 5077 0 
2 3 5073 5078 0 
1 1 0 
2 3 5079 5080 0 
3 2 0 5081 
3 2 0 5079 
3 2 0 5073 
3 2 0 5069 
3 2 0 5072 
3 2 0 5070 
3 2 0 5071 
3 2 0 5078 
3 2 0 5074 
3 2 0 5077 
3 2 0 5075 
3 2 0 5076 
3 2 0 5080 
1 1 0 
1 1 0 
1 1 0 
1 1 0 
1 1 0 
1 1 0 
1 1 0 
2 3 5100 5101 0 
1 1 0 
1 1 0 
2 3 5103 5104 0 
2 3 5102 5105 0 
2 3 5099 5106 0 
2 3 5098 5107 0 
2 3 5097 5108 0 
1 1 0 
1 1 0 
1 1 0 
2 3 5111 5112 0 
1 1 0 
1 1 0 
1 1 0 
1 1 0 
2 3 5116 5117 0 
2 3 5115 5118 0 
1 1 0 
1 1 0 
1 1 0 
2 3 5121 5122 0 
2 3 5120 5123 0 
2 3 5119 5124 0 
2 3 5114 5125 0 
2 3 5113 5126 0 
2 3 5110 5127 0 
2 3 5109 5128 0 
1 1 0 
2 3 5129 5130 0 
2 3 5096 5131 0 
2 3 5095 5132 0 
3 2 0 5133 
3 2 0 5095 
3 2 0 5132 
3 2 0 5096 
3 2 0 5131 
3 2 0 5129 
3 2 0 5109 
3 2 0 5097 
3 2 0 5108 
3 2 0 5098 
3 2 0 5107 
3 2 0 5099 
3 2 0 5106 
3 2 0 5102 
3 2 0 5100 
3 2 0 5101 
3 2 0 5105 
3 2 0 5103 
3 2 0 5104 
3 2 0 5128 
3 2 0 5110 
3 2 0 5127 
3 2 0 5113 
3 2 0 5111 
3 2 0 5112 
3 2 0 5126 
3 2 0 5114 
3 2 0 5125 
3 2 0 5119 
3 2 0 5115 
3 2 0 5118 
3 2 0 5116 
3 2 0 5117 
3 2 0 5124 
3 2 0 5120 
3 2 0 5123 
3 2 0 5121 
3 2 0 5122 
3 2 0 5130 
8 2586 54 55 56 57 58 59 60 61 62 63 64 65 66 67 68 69 70 71 72 73 74 75 76 77 78 79 80 81 82 83 84 85 86 87 88 89 90 91 92 93 94 95 96 97 98 99 100 101 102 103 104 105 106 156 157 158 159 160 161 162 163 164 165 166 167 168 169 170 171 172 173 174 175 176 177 178 179 180 181 182 183 184 185 186 187 188 189 190 191 192 193 194 195 196 197 198 199 200 201 202 203 204 284 285 286 287 288 289 290 291 292 293 294 295 296 297 298 299 300 301 302 303 304 305 306 307 308 309 310 311 312 313 314 315 316 317 318 319 320 321 322 323 324 325 326 327 328 329 330 331 332 333 334 335 336 337 338 339 340 341 342 343 344 345 346 347 348 349 350 351 352 353 354 355 356 357 358 359 360 361 362 410 411 412 413 414 415 416 417 418 419 420 421 422 423 424 425 426 427 428 429 430 431 432 433 434 435 436 437 438 439 440 441 442 443 444 445 446 447 448 449 450 451 452 453 454 455 456 508 509 510 511 512 513 514 515 516 517 518 519 520 521 522 523 524 525 526 527 528 529 530 531 532 533 534 535 536 537 538 539 540 541 542 543 544 545 546 547 548 549 550 551 552 553 554 555 556 557 558 616 617 618 619 620 621 622 623 624 625 626 627 628 629 630 631 632 633 634 635 636 637 638 639 640 641 642 643 644 645 646 647 648 649 650 651 652 653 654 655 656 657 658 659 660 661 662 663 664 665 666 667 668 669 670 671 672 740 741 742 743 744 745 746 747 748 749 750 751 752 753 754 755 756 757 758 759 760 761 762 763 764 765 766 767 768 769 770 771 772 773 774 775 776 777 778 779 780 781 782 783 784 785 786 787 788 789 790 791 792 793 794 795 796 797 798 799 800 801 802 803 804 805 806 826 827 828 829 830 831 832 833 834 835 836 837 838 839 840 841 842 843 844 926 927 928 929 930 931 932 933 934 935 936 937 938 939 940 941 942 943 944 945 946 947 948 949 950 951 952 953 954 955 956 957 958 959 960 961 962 963 964 965 966 967 968 969 970 971 972 973 974 975 976 977 978 979 980 981 982 983 984 985 986 987 988 989 990 991 992 993 994 995 996 997 998 999 1000 1001 1002 1003 1004 1005 1006 1030 1031 1032 1033 1034 1035 1036 1037 1038 1039 1040 1041 1042 1043 1044 1045 1046 1047 1048 1049 1050 1051 1052 1066 1067 1068 1069 1070 1071 1072 1073 1074 1075 1076 1077 1078 1108 1109 1110 1111 1112 1113 1114 1115 1116 1117 1118 1119 1120 1121 1122 1123 1124 1125 1126 1127 1128 1129 1130 1131 1132 1133 1134 1135 1136 1156 1157 1158 1159 1160 1161 1162 1163 1164 1165 1166 1167 1168 1169 1170 1171 1172 1173 1174 1204 1205 1206 1207 1208 1209 1210 1211 1212 1213 1214 1215 1216 1217 1218 1219 1220 1221 1222 1223 1224 1225 1226 1227 1228 1229 1230 1231 1232 1260 1261 1262 1263 1264 1265 1266 1267 1268 1269 1270 1271 1272 1273 1274 1275 1276 1277 1278 1279 1280 1281 1282 1283 1284 1285 1286 1310 1311 1312 1313 1314 1315 1316 1317 1318 1319 1320 1321 1322 1323 1324 1325 1326 1327 1328 1329 1330 1331 1332 1386 1387 1388 1389 1390 1391 1392 1393 1394 1395 1396 1397 1398 1399 1400 1401 1402 1403 1404 1405 1406 1407 1408 1409 1410 1411 1412 1413 1414 1415 1416 1417 1418 1419 1420 1421 1422 1423 1424 1425 1426 1427 1428 1429 1430 1431 1432 1433 1434 1435 1436 1437 1438 1488 1489 1490 1491 1492 1493 1494 1495 1496 1497 1498 1499 1500 1501 1502 1503 1504 1505 1506 1507 1508 1509 1510 1511 1512 1513 1514 1515 1516 1517 1518 1519 1520 1521 1522 1523 1524 1525 1526 1527 1528 1529 1530 1531 1532 1533 1534 1535 1536 1578 1579 1580 1581 1582 1583 1584 1585 1586 1587 1588 1589 1590 1591 1592 1593 1594 1595 1596 1597 1598 1599 1600 1601 1602 1603 1604 1605 1606 1607 1608 1609 1610 1611 1612 1613 1614 1615 1616 1617 1618 1648 1649 1650 1651 1652 1653 1654 1655 1656 1657 1658 1659 1660 1661 1662 1663 1664 1665 1666 1667 1668 1669 1670 1671 1672 1673 1674 1675 1676 1708 1709 1710 1711 1712 1713 1714 1715 1716 1717 1718 1719 1720 1721 1722 1723 1724 1725 1726 1727 1728 1729 1730 1731 1732 1733 1734 1735 1736 1737 1738 1782 1783 1784 1785 1786 1787 1788 1789 1790 1791 1792 1793 1794 1795 1796 1797 1798 1799 1800 1801 1802 1803 1804 1805 1806 1807 1808 1809 1810 1811 1812 1813 1814 1815 1816 1817 1818 1819 1820 1821 1822 1823 1824 1902 1903 1904 1905 1906 1907 1908 1909 1910 1911 1912 1913 1914 1915 1916 1917 1918 1919 1920 1921 1922 1923 1924 1925 1926 1927 1928 1929 1930 1931 1932 1933 1934 1935 1936 1937 1938 1939 1940 1941 1942 1943 1944 1945 1946 1947 1948 1949 1950 1951 1952 1953 1954 1955 1956 1957 1958 1959 1960 1961 1962 1963 1964 1965 1966 1967 1968 1969 1970 1971 1972 1973 1974 1975 1976 1977 1978 1998 1999 2000 2001 2002 2003 2004 2005 2006 2007 2008 2009 2010 2011 2012 2013 2014 2015 2016 2050 2051 2052 2053 2054 2055 2056 2057 2058 2059 2060 2061 2062 2063 2064 2065 2066 2067 2068 2069 2070 2071 2072 2073 2074 2075 2076 2077 2078 2079 2080 2081 2082 2102 2103 2104 2105 2106 2107 2108 2109 2110 2111 2112 2113 2114 2115 2116 2117 2118 2119 2120 2132 2133 2134 2135 2136 2137 2138 2139 2140 2141 2142 2202 2203 2204 2205 2206 2207 2208 2209 2210 2211 2212 2213 2214 2215 2216 2217 2218 2219 2220 2221 2222 2223 2224 2225 2226 2227 2228 2229 2230 2231 2232 2233 2234 2235 2236 2237 2238 2239 2240 2241 2242 2243 2244 2245 2246 2247 2248 2249 2250 2251 2252 2253 2254 2255 2256 2257 2258 2259 2260 2278 2279 2280 2281 2282 2283 2284 2285 2286 2287 2288 2289 2290 2291 2292 2293 2294 2312 2313 2314 2315 2316 2317 2318 2319 2320 2321 2322 2323 2324 2325 2326 2327 2328 2360 2361 2362 2363 2364 2365 2366 2367 2368 2369 2370 2371 2372 2373 2374 2375 2376 2377 2378 2379 2380 2381 2382 2383 2384 2385 2386 2387 2388 2389 2390 2438 2439 2440 2441 2442 2443 2444 2445 2446 2447 2448 2449 2450 2451 2452 2453 2454 2455 2456 2457 2458 2459 2460 2461 2462 2463 2464 2465 2466 2467 2468 2469 2470 2471 2472 2473 2474 2475 2476 2477 2478 2479 2480 2481 2482 2483 2484 2492 2493 2494 2495 2496 2497 2498 2532 2533 2534 2535 2536 2537 2538 2539 2540 2541 2542 2543 2544 2545 2546 2547 2548 2549 2550 2551 2552 2553 2554 2555 2556 2557 2558 2559 2560 2561 2562 2563 2564 2592 2593 2594 2595 2596 2597 2598 2599 2600 2601 2602 2603 2604 2605 2606 2607 2608 2609 2610 2611 2612 2613 2614 2615 2616 2617 2618 2640 2641 2642 2643 2644 2645 2646 2647 2648 2649 2650 2651 2652 2653 2654 2655 2656 2657 2658 2659 2660 2686 2687 2688 2689 2690 2691 2692 2693 2694 2695 2696 2697 2698 2699 2700 2701 2702 2703 2704 2705 2706 2707 2708 2709 2710 2764 2765 2766 2767 2768 2769 2770 2771 2772 2773 2774 2775 2776 2777 2778 2779 2780 2781 2782 2783 2784 2785 2786 2787 2788 2789 2790 2791 2792 2793 2794 2795 2796 2797 2798 2799 2800 2801 2802 2803 2804 2805 2806 2807 2808 2809 2810 2811 2812 2813 2814 2815 2816 2852 2853 2854 2855 2856 2857 2858 2859 2860 2861 2862 2863 2864 2865 2866 2867 2868 2869 2870 2871 2872 2873 2874 2875 2876 2877 2878 2879 2880 2881 2882 2883 2884 2885 2886 2948 2949 2950 2951 2952 2953 2954 2955 2956 2957 2958 2959 2960 2961 2962 2963 2964 2965 2966 2967 2968 2969 2970 2971 2972 2973 2974 2975 2976 2977 2978 2979 2980 2981 2982 2983 2984 2985 2986 2987 2988 2989 2990 2991 2992 2993 2994 2995 2996 2997 2998 2999 3000 3001 3002 3003 3004 3005 3006 3007 3008 3086 3087 3088 3089 3090 3091 3092 3093 3094 3095 3096 3097 3098 3099 3100 3101 3102 3103 3104 3105 3106 3107 3108 3109 3110 3111 3112 3113 3114 3115 3116 3117 3118 3119 3120 3121 3122 3123 3124 3125 3126 3127 3128 3129 3130 3131 3132 3133 3134 3135 3136 3137 3138 3139 3140 3141 3142 3143 3144 3145 3146 3147 3148 3149 3150 3151 3152 3153 3154 3155 3156 3157 3158 3159 3160 3161 3162 3174 3175 3176 3177 3178 3179 3180 3181 3182 3183 3184 3228 3229 3230 3231 3232 3233 3234 3235 3236 3237 3238 3239 3240 3241 3242 3243 3244 3245 3246 3247 3248 3249 3250 3251 3252 3253 3254 3255 3256 3257 3258 3259 3260 3261 3262 3263 3264 3265 3266 3267 3268 3269 3270 3336 3337 3338 3339 3340 3341 3342 3343 3344 3345 3346 3347 3348 3349 3350 3351 3352 3353 3354 3355 3356 3357 3358 3359 3360 3361 3362 3363 3364 3365 3366 3367 3368 3369 3370 3371 3372 3373 3374 3375 3376 3377 3378 3379 3380 3381 3382 3383 3384 3385 3386 3387 3388 3389 3390 3391 3392 3393 3394 3395 3396 3397 3398 3399 3400 3464 3465 3466 3467 3468 3469 3470 3471 3472 3473 3474 3475 3476 3477 3478 3479 3480 3481 3482 3483 3484 3485 3486 3487 3488 3489 3490 3491 3492 3493 3494 3495 3496 3497 3498 3499 3500 3501 3502 3503 3504 3505 3506 3507 3508 3509 3510 3511 3512 3513 3514 3515 3516 3517 3518 3519 3520 3521 3522 3523 3524 3525 3526 3576 3577 3578 3579 3580 3581 3582 3583 3584 3585 3586 3587 3588 3589 3590 3591 3592 3593 3594 3595 3596 3597 3598 3599 3600 3601 3602 3603 3604 3605 3606 3607 3608 3609 3610 3611 3612 3613 3614 3615 3616 3617 3618 3619 3620 3621 3622 3623 3624 3676 3677 3678 3679 3680 3681 3682 3683 3684 3685 3686 3687 3688 3689 3690 3691 3692 3693 3694 3695 3696 3697 3698 3699 3700 3701 3702 3703 3704 3705 3706 3707 3708 3709 3710 3711 3712 3713 3714 3715 3716 3717 3718 3719 3720 3721 3722 3723 3724 3725 3726 3788 3789 3790 3791 3792 3793 3794 3795 3796 3797 3798 3799 3800 3801 3802 3803 3804 3805 3806 3807 3808 3809 3810 3811 3812 3813 3814 3815 3816 3817 3818 3819 3820 3821 3822 3823 3824 3825 3826 3827 3828 3829 3830 3831 3832 3833 3834 3835 3836 3837 3838 3839 3840 3841 3842 3843 3844 3845 3846 3847 3848 3870 3871 3872 3873 3874 3875 3876 3877 3878 3879 3880 3881 3882 3883 3884 3885 3886 3887 3888 3889 3890 3932 3933 3934 3935 3936 3937 3938 3939 3940 3941 3942 3943 3944 3945 3946 3947 3948 3949 3950 3951 3952 3953 3954 3955 3956 3957 3958 3959 3960 3961 3962 3963 3964 3965 3966 3967 3968 3969 3970 3971 3972 4040 4041 4042 4043 4044 4045 4046 4047 4048 4049 4050 4051 4052 4053 4054 4055 4056 4057 4058 4059 4060 4061 4062 4063 4064 4065 4066 4067 4068 4069 4070 4071 4072 4073 4074 4075 4076 4077 4078 4079 4080 4081 4082 4083 4084 4085 4086 4087 4088 4089 4090 4091 4092 4093 4094 4095 4096 4097 4098 4099 4100 4101 4102 4103 4104 4105 4106 4156 4157 4158 4159 4160 4161 4162 4163 4164 4165 4166 4167 4168 4169 4170 4171 4172 4173 4174 4175 4176 4177 4178 4179 4180 4181 4182 4183 4184 4185 4186 4187 4188 4189 4190 4191 4192 4193 4194 4195 4196 4197 4198 4199 4200 4201 4202 4203 4204 4250 4251 4252 4253 4254 4255 4256 4257 4258 4259 4260 4261 4262 4263 4264 4265 4266 4267 4268 4269 4270 4271 4272 4273 4274 4275 4276 4277 4278 4279 4280 4281 4282 4283 4284 4285 4286 4287 4288 4289 4290 4291 4292 4293 4294 4334 4335 4336 4337 4338 4339 4340 4341 4342 4343 4344 4345 4346 4347 4348 4349 4350 4351 4352 4353 4354 4355 4356 4357 4358 4359 4360 4361 4362 4363 4364 4365 4366 4367 4368 4369 4370 4371 4372 4428 4429 4430 4431 4432 4433 4434 4435 4436 4437 4438 4439 4440 4441 4442 4443 4444 4445 4446 4447 4448 4449 4450 4451 4452 4453 4454 4455 4456 4457 4458 4459 4460 4461 4462 4463 4464 4465 4466 4467 4468 4469 4470 4471 4472 4473 4474 4475 4476 4477 4478 4479 4480 4481 4482 4502 4503 4504 4505 4506 4507 4508 4509 4510 4511 4512 4513 4514 4515 4516 4517 4518 4519 4520 4568 4569 4570 4571 4572 4573 4574 4575 4576 4577 4578 4579 4580 4581 4582 4583 4584 4585 4586 4587 4588 4589 4590 4591 4592 4593 4594 4595 4596 4597 4598 4599 4600 4601 4602 4603 4604 4605 4606 4607 4608 4609 4610 4611 4612 4613 4614 4638 4639 4640 4641 4642 4643 4644 4645 4646 4647 4648 4649 4650 4651 4652 4653 4654 4655 4656 4657 4658 4659 4660 4712 4713 4714 4715 4716 4717 4718 4719 4720 4721 4722 4723 4724 4725 4726 4727 4728 4729 4730 4731 4732 4733 4734 4735 4736 4737 4738 4739 4740 4741 4742 4743 4744 4745 4746 4747 4748 4749 4750 4751 4752 4753 4754 4755 4756 4757 4758 4759 4760 4761 4762 4826 4827 4828 4829 4830 4831 4832 4833 4834 4835 4836 4837 4838 4839 4840 4841 4842 4843 4844 4845 4846 4847 4848 4849 4850 4851 4852 4853 4854 4855 4856 4857 4858 4859 4860 4861 4862 4863 4864 4865 4866 4867 4868 4869 4870 4871 4872 4873 4874 4875 4876 4877 4878 4879 4880 4881 4882 4883 4884 4885 4886 4887 4888 4928 4929 4930 4931 4932 4933 4934 4935 4936 4937 4938 4939 4940 4941 4942 4943 4944 4945 4946 4947 4948 4949 4950 4951 4952 4953 4954 4955 4956 4957 4958 4959 4960 4961 4962 4963 4964 4965 4966 5018 5019 5020 5021 5022 5023 5024 5025 5026 5027 5028 5029 5030 5031 5032 5033 5034 5035 5036 5037 5038 5039 5040 5041 5042 5043 5044 5045 5046 5047 5048 5049 5050 5051 5052 5053 5054 5055 5056 5057 5058 5059 5060 5061 5062 5063 5064 5065 5066 5067 5068 5082 5083 5084 5085 5086 5087 5088 5089 5090 5091 5092 5093 5094 5134 5135 5136 5137 5138 5139 5140 5141 5142 5143 5144 5145 5146 5147 5148 5149 5150 5151 5152 5153 5154 5155 5156 5157 5158 5159 5160 5161 5162 5163 5164 5165 5166 5167 5168 5169 5170 5171 5172 
