5158
0 0 
1 1 0 
1 1 0 
1 1 0 
1 1 0 
1 1 0 
1 1 0 
2 3 5 6 0 
2 3 4 7 0 
1 1 0 
1 1 0 
2 3 9 10 0 
2 3 8 11 0 
2 3 3 12 0 
2 3 2 13 0 
1 1 0 
1 1 0 
2 3 15 16 0 
2 3 14 17 0 
2 3 1 18 0 
3 2 0 19 
3 2 0 1 
3 2 0 18 
3 2 0 14 
3 2 0 2 
3 2 0 13 
3 2 0 3 
3 2 0 12 
3 2 0 8 
3 2 0 4 
3 2 0 7 
3 2 0 5 
3 2 0 6 
3 2 0 11 
3 2 0 9 
3 2 0 10 
3 2 0 17 
3 2 0 15 
3 2 0 16 
1 1 0 
1 1 0 
1 1 0 
2 3 40 41 0 
1 1 0 
2 3 42 43 0 
2 3 39 44 0 
1 1 0 
1 1 0 
1 1 0 
2 3 47 48 0 
1 1 0 
2 3 49 50 0 
1 1 0 
2 3 51 52 0 
1 1 0 
1 1 0 
1 1 0 
1 1 0 
2 3 56 57 0 
2 3 55 58 0 
2 3 54 59 0 
2 3 53 60 0 
2 3 46 61 0 
2 3 45 62 0 
1 1 0 
1 1 0 
1 1 0 
2 3 65 66 0 
1 1 0 
2 3 67 68 0 
1 1 0 
1 1 0 
1 1 0 
2 3 71 72 0 
2 3 70 73 0 
2 3 69 74 0 
2 3 64 75 0 
1 1 0 
2 3 76 77 0 
2 3 63 78 0 
3 2 0 79 
3 2 0 63 
3 2 0 45 
3 2 0 39 
3 2 0 44 
3 2 0 42 
3 2 0 40 
3 2 0 41 
3 2 0 43 
3 2 0 62 
3 2 0 46 
3 2 0 61 
3 2 0 53 
3 2 0 51 
3 2 0 49 
3 2 0 47 
3 2 0 48 
3 2 0 50 
3 2 0 52 
3 2 0 60 
3 2 0 54 
3 2 0 59 
3 2 0 55 
3 2 0 58 
3 2 0 56 
3 2 0 57 
3 2 0 78 
3 2 0 76 
3 2 0 64 
3 2 0 75 
3 2 0 69 
3 2 0 67 
3 2 0 65 
3 2 0 66 
3 2 0 68 
3 2 0 74 
3 2 0 70 
3 2 0 73 
3 2 0 71 
3 2 0 72 
3 2 0 77 
1 1 0 
1 1 0 
1 1 0 
1 1 0 
2 3 123 124 0 
1 1 0 
1 1 0 
1 1 0 
1 1 0 
1 1 0 
2 3 129 130 0 
1 1 0 
1 1 0 
1 1 0 
1 1 0 
2 3 134 135 0 
1 1 0 
2 3 136 137 0 
2 3 133 138 0 
2 3 132 139 0 
2 3 131 140 0 
2 3 128 141 0 
2 3 127 142 0 
2 3 126 143 0 
1 1 0 
2 3 144 145 0 
2 3 125 146 0 
2 3 122 147 0 
2 3 121 148 0 
3 2 0 149 
3 2 0 121 
3 2 0 148 
3 2 0 122 
3 2 0 147 
3 2 0 125 
3 2 0 123 
3 2 0 124 
3 2 0 146 
3 2 0 144 
3 2 0 126 
3 2 0 143 
3 2 0 127 
3 2 0 142 
3 2 0 128 
3 2 0 141 
3 2 0 131 
3 2 0 129 
3 2 0 130 
3 2 0 140 
3 2 0 132 
3 2 0 139 
3 2 0 133 
3 2 0 138 
3 2 0 136 
3 2 0 134 
3 2 0 135 
3 2 0 137 
3 2 0 145 
1 1 0 
1 1 0 
1 1 0 
1 1 0 
1 1 0 
1 1 0 
1 1 0 
1 1 0 
2 3 185 186 0 
2 3 184 187 0 
2 3 183 188 0 
1 1 0 
1 1 0 
1 1 0 
1 1 0 
2 3 192 193 0 
2 3 191 194 0 
1 1 0 
1 1 0 
1 1 0 
1 1 0 
1 1 0 
2 3 199 200 0 
2 3 198 201 0 
2 3 197 202 0 
1 1 0 
1 1 0 
1 1 0 
2 3 205 206 0 
2 3 204 207 0 
2 3 203 208 0 
2 3 196 209 0 
2 3 195 210 0 
1 1 0 
1 1 0 
1 1 0 
2 3 213 214 0 
2 3 212 215 0 
2 3 211 216 0 
2 3 190 217 0 
2 3 189 218 0 
2 3 182 219 0 
2 3 181 220 0 
2 3 180 221 0 
2 3 179 222 0 
1 1 0 
1 1 0 
1 1 0 
1 1 0 
1 1 0 
1 1 0 
2 3 228 229 0 
2 3 227 230 0 
1 1 0 
1 1 0 
2 3 232 233 0 
1 1 0 
2 3 234 235 0 
2 3 231 236 0 
2 3 226 237 0 
2 3 225 238 0 
2 3 224 239 0 
2 3 223 240 0 
3 2 0 241 
3 2 0 223 
3 2 0 179 
3 2 0 222 
3 2 0 180 
3 2 0 221 
3 2 0 181 
3 2 0 220 
3 2 0 182 
3 2 0 219 
3 2 0 189 
3 2 0 183 
3 2 0 188 
3 2 0 184 
3 2 0 187 
3 2 0 185 
3 2 0 186 
3 2 0 218 
3 2 0 190 
3 2 0 217 
3 2 0 211 
3 2 0 195 
3 2 0 191 
3 2 0 194 
3 2 0 192 
3 2 0 193 
3 2 0 210 
3 2 0 196 
3 2 0 209 
3 2 0 203 
3 2 0 197 
3 2 0 202 
3 2 0 198 
3 2 0 201 
3 2 0 199 
3 2 0 200 
3 2 0 208 
3 2 0 204 
3 2 0 207 
3 2 0 205 
3 2 0 206 
3 2 0 216 
3 2 0 212 
3 2 0 215 
3 2 0 213 
3 2 0 214 
3 2 0 240 
3 2 0 224 
3 2 0 239 
3 2 0 225 
3 2 0 238 
3 2 0 226 
3 2 0 237 
3 2 0 231 
3 2 0 227 
3 2 0 230 
3 2 0 228 
3 2 0 229 
3 2 0 236 
3 2 0 234 
3 2 0 232 
3 2 0 233 
3 2 0 235 
1 1 0 
1 1 0 
1 1 0 
1 1 0 
1 1 0 
1 1 0 
1 1 0 
2 3 310 311 0 
1 1 0 
1 1 0 
1 1 0 
2 3 314 315 0 
2 3 313 316 0 
1 1 0 
1 1 0 
1 1 0 
1 1 0 
1 1 0 
1 1 0 
2 3 322 323 0 
2 3 321 324 0 
2 3 320 325 0 
2 3 319 326 0 
2 3 318 327 0 
2 3 317 328 0 
2 3 312 329 0 
2 3 309 330 0 
2 3 308 331 0 
2 3 307 332 0 
2 3 306 333 0 
2 3 305 334 0 
1 1 0 
1 1 0 
1 1 0 
1 1 0 
1 1 0 
1 1 0 
1 1 0 
1 1 0 
2 3 342 343 0 
1 1 0 
1 1 0 
1 1 0 
1 1 0 
1 1 0 
1 1 0 
1 1 0 
1 1 0 
2 3 351 352 0 
1 1 0 
2 3 353 354 0 
1 1 0 
2 3 355 356 0 
2 3 350 357 0 
2 3 349 358 0 
2 3 348 359 0 
2 3 347 360 0 
2 3 346 361 0 
2 3 345 362 0 
2 3 344 363 0 
2 3 341 364 0 
2 3 340 365 0 
2 3 339 366 0 
2 3 338 367 0 
1 1 0 
2 3 368 369 0 
2 3 337 370 0 
2 3 336 371 0 
2 3 335 372 0 
3 2 0 373 
3 2 0 335 
3 2 0 305 
3 2 0 334 
3 2 0 306 
3 2 0 333 
3 2 0 307 
3 2 0 332 
3 2 0 308 
3 2 0 331 
3 2 0 309 
3 2 0 330 
3 2 0 312 
3 2 0 310 
3 2 0 311 
3 2 0 329 
3 2 0 317 
3 2 0 313 
3 2 0 316 
3 2 0 314 
3 2 0 315 
3 2 0 328 
3 2 0 318 
3 2 0 327 
3 2 0 319 
3 2 0 326 
3 2 0 320 
3 2 0 325 
3 2 0 321 
3 2 0 324 
3 2 0 322 
3 2 0 323 
3 2 0 372 
3 2 0 336 
3 2 0 371 
3 2 0 337 
3 2 0 370 
3 2 0 368 
3 2 0 338 
3 2 0 367 
3 2 0 339 
3 2 0 366 
3 2 0 340 
3 2 0 365 
3 2 0 341 
3 2 0 364 
3 2 0 344 
3 2 0 342 
3 2 0 343 
3 2 0 363 
3 2 0 345 
3 2 0 362 
3 2 0 346 
3 2 0 361 
3 2 0 347 
3 2 0 360 
3 2 0 348 
3 2 0 359 
3 2 0 349 
3 2 0 358 
3 2 0 350 
3 2 0 357 
3 2 0 355 
3 2 0 353 
3 2 0 351 
3 2 0 352 
3 2 0 354 
3 2 0 356 
3 2 0 369 
1 1 0 
1 1 0 
1 1 0 
2 3 444 445 0 
1 1 0 
1 1 0 
1 1 0 
1 1 0 
1 1 0 
2 3 450 451 0 
2 3 449 452 0 
1 1 0 
1 1 0 
2 3 454 455 0 
2 3 453 456 0 
2 3 448 457 0 
2 3 447 458 0 
2 3 446 459 0 
2 3 443 460 0 
1 1 0 
2 3 461 462 0 
1 1 0 
2 3 463 464 0 
1 1 0 
1 1 0 
2 3 466 467 0 
1 1 0 
1 1 0 
1 1 0 
2 3 470 471 0 
1 1 0 
1 1 0 
1 1 0 
1 1 0 
1 1 0 
2 3 476 477 0 
1 1 0 
1 1 0 
1 1 0 
2 3 480 481 0 
1 1 0 
1 1 0 
1 1 0 
2 3 484 485 0 
2 3 483 486 0 
2 3 482 487 0 
1 1 0 
1 1 0 
1 1 0 
2 3 490 491 0 
1 1 0 
2 3 492 493 0 
2 3 489 494 0 
2 3 488 495 0 
2 3 479 496 0 
2 3 478 497 0 
2 3 475 498 0 
2 3 474 499 0 
2 3 473 500 0 
2 3 472 501 0 
2 3 469 502 0 
2 3 468 503 0 
2 3 465 504 0 
1 1 0 
2 3 505 506 0 
3 2 0 507 
3 2 0 505 
3 2 0 465 
3 2 0 463 
3 2 0 461 
3 2 0 443 
3 2 0 460 
3 2 0 446 
3 2 0 444 
3 2 0 445 
3 2 0 459 
3 2 0 447 
3 2 0 458 
3 2 0 448 
3 2 0 457 
3 2 0 453 
3 2 0 449 
3 2 0 452 
3 2 0 450 
3 2 0 451 
3 2 0 456 
3 2 0 454 
3 2 0 455 
3 2 0 462 
3 2 0 464 
3 2 0 504 
3 2 0 468 
3 2 0 466 
3 2 0 467 
3 2 0 503 
3 2 0 469 
3 2 0 502 
3 2 0 472 
3 2 0 470 
3 2 0 471 
3 2 0 501 
3 2 0 473 
3 2 0 500 
3 2 0 474 
3 2 0 499 
3 2 0 475 
3 2 0 498 
3 2 0 478 
3 2 0 476 
3 2 0 477 
3 2 0 497 
3 2 0 479 
3 2 0 496 
3 2 0 488 
3 2 0 482 
3 2 0 480 
3 2 0 481 
3 2 0 487 
3 2 0 483 
3 2 0 486 
3 2 0 484 
3 2 0 485 
3 2 0 495 
3 2 0 489 
3 2 0 494 
3 2 0 492 
3 2 0 490 
3 2 0 491 
3 2 0 493 
3 2 0 506 
1 1 0 
1 1 0 
1 1 0 
2 3 574 575 0 
1 1 0 
2 3 576 577 0 
1 1 0 
1 1 0 
2 3 579 580 0 
1 1 0 
1 1 0 
1 1 0 
1 1 0 
2 3 584 585 0 
2 3 583 586 0 
2 3 582 587 0 
2 3 581 588 0 
2 3 578 589 0 
1 1 0 
2 3 590 591 0 
2 3 573 592 0 
3 2 0 593 
3 2 0 573 
3 2 0 592 
3 2 0 590 
3 2 0 578 
3 2 0 576 
3 2 0 574 
3 2 0 575 
3 2 0 577 
3 2 0 589 
3 2 0 581 
3 2 0 579 
3 2 0 580 
3 2 0 588 
3 2 0 582 
3 2 0 587 
3 2 0 583 
3 2 0 586 
3 2 0 584 
3 2 0 585 
3 2 0 591 
1 1 0 
1 1 0 
1 1 0 
1 1 0 
1 1 0 
1 1 0 
1 1 0 
1 1 0 
2 3 621 622 0 
2 3 620 623 0 
2 3 619 624 0 
2 3 618 625 0 
2 3 617 626 0 
2 3 616 627 0 
1 1 0 
2 3 628 629 0 
2 3 615 630 0 
3 2 0 631 
3 2 0 615 
3 2 0 630 
3 2 0 628 
3 2 0 616 
3 2 0 627 
3 2 0 617 
3 2 0 626 
3 2 0 618 
3 2 0 625 
3 2 0 619 
3 2 0 624 
3 2 0 620 
3 2 0 623 
3 2 0 621 
3 2 0 622 
3 2 0 629 
1 1 0 
1 1 0 
1 1 0 
1 1 0 
2 3 651 652 0 
2 3 650 653 0 
2 3 649 654 0 
1 1 0 
1 1 0 
1 1 0 
1 1 0 
1 1 0 
1 1 0 
2 3 660 661 0 
1 1 0 
2 3 662 663 0 
1 1 0 
1 1 0 
1 1 0 
1 1 0 
2 3 667 668 0 
2 3 666 669 0 
2 3 665 670 0 
1 1 0 
2 3 671 672 0 
1 1 0 
1 1 0 
1 1 0 
2 3 675 676 0 
1 1 0 
2 3 677 678 0 
1 1 0 
2 3 679 680 0 
1 1 0 
1 1 0 
1 1 0 
2 3 683 684 0 
2 3 682 685 0 
2 3 681 686 0 
2 3 674 687 0 
2 3 673 688 0 
2 3 664 689 0 
1 1 0 
2 3 690 691 0 
1 1 0 
2 3 692 693 0 
1 1 0 
1 1 0 
1 1 0 
1 1 0 
1 1 0 
1 1 0 
2 3 699 700 0 
2 3 698 701 0 
2 3 697 702 0 
2 3 696 703 0 
2 3 695 704 0 
2 3 694 705 0 
2 3 659 706 0 
2 3 658 707 0 
1 1 0 
2 3 708 709 0 
2 3 657 710 0 
2 3 656 711 0 
2 3 655 712 0 
3 2 0 713 
3 2 0 655 
3 2 0 649 
3 2 0 654 
3 2 0 650 
3 2 0 653 
3 2 0 651 
3 2 0 652 
3 2 0 712 
3 2 0 656 
3 2 0 711 
3 2 0 657 
3 2 0 710 
3 2 0 708 
3 2 0 658 
3 2 0 707 
3 2 0 659 
3 2 0 706 
3 2 0 694 
3 2 0 692 
3 2 0 690 
3 2 0 664 
3 2 0 662 
3 2 0 660 
3 2 0 661 
3 2 0 663 
3 2 0 689 
3 2 0 673 
3 2 0 671 
3 2 0 665 
3 2 0 670 
3 2 0 666 
3 2 0 669 
3 2 0 667 
3 2 0 668 
3 2 0 672 
3 2 0 688 
3 2 0 674 
3 2 0 687 
3 2 0 681 
3 2 0 679 
3 2 0 677 
3 2 0 675 
3 2 0 676 
3 2 0 678 
3 2 0 680 
3 2 0 686 
3 2 0 682 
3 2 0 685 
3 2 0 683 
3 2 0 684 
3 2 0 691 
3 2 0 693 
3 2 0 705 
3 2 0 695 
3 2 0 704 
3 2 0 696 
3 2 0 703 
3 2 0 697 
3 2 0 702 
3 2 0 698 
3 2 0 701 
3 2 0 699 
3 2 0 700 
3 2 0 709 
1 1 0 
1 1 0 
1 1 0 
2 3 780 781 0 
1 1 0 
1 1 0 
1 1 0 
2 3 784 785 0 
1 1 0 
1 1 0 
1 1 0 
1 1 0 
2 3 789 790 0 
2 3 788 791 0 
1 1 0 
2 3 792 793 0 
1 1 0 
1 1 0 
1 1 0 
2 3 796 797 0 
2 3 795 798 0 
1 1 0 
1 1 0 
1 1 0 
1 1 0 
2 3 802 803 0 
1 1 0 
2 3 804 805 0 
2 3 801 806 0 
2 3 800 807 0 
2 3 799 808 0 
2 3 794 809 0 
2 3 787 810 0 
2 3 786 811 0 
2 3 783 812 0 
1 1 0 
2 3 813 814 0 
2 3 782 815 0 
2 3 779 816 0 
3 2 0 817 
3 2 0 779 
3 2 0 816 
3 2 0 782 
3 2 0 780 
3 2 0 781 
3 2 0 815 
3 2 0 813 
3 2 0 783 
3 2 0 812 
3 2 0 786 
3 2 0 784 
3 2 0 785 
3 2 0 811 
3 2 0 787 
3 2 0 810 
3 2 0 794 
3 2 0 792 
3 2 0 788 
3 2 0 791 
3 2 0 789 
3 2 0 790 
3 2 0 793 
3 2 0 809 
3 2 0 799 
3 2 0 795 
3 2 0 798 
3 2 0 796 
3 2 0 797 
3 2 0 808 
3 2 0 800 
3 2 0 807 
3 2 0 801 
3 2 0 806 
3 2 0 804 
3 2 0 802 
3 2 0 803 
3 2 0 805 
3 2 0 814 
1 1 0 
1 1 0 
1 1 0 
2 3 858 859 0 
2 3 857 860 0 
1 1 0 
1 1 0 
1 1 0 
1 1 0 
1 1 0 
2 3 865 866 0 
2 3 864 867 0 
2 3 863 868 0 
2 3 862 869 0 
1 1 0 
1 1 0 
1 1 0 
2 3 872 873 0 
2 3 871 874 0 
1 1 0 
1 1 0 
1 1 0 
1 1 0 
1 1 0 
1 1 0 
2 3 880 881 0 
2 3 879 882 0 
1 1 0 
1 1 0 
2 3 884 885 0 
1 1 0 
2 3 886 887 0 
2 3 883 888 0 
2 3 878 889 0 
2 3 877 890 0 
2 3 876 891 0 
2 3 875 892 0 
2 3 870 893 0 
1 1 0 
2 3 894 895 0 
2 3 861 896 0 
3 2 0 897 
3 2 0 861 
3 2 0 857 
3 2 0 860 
3 2 0 858 
3 2 0 859 
3 2 0 896 
3 2 0 894 
3 2 0 870 
3 2 0 862 
3 2 0 869 
3 2 0 863 
3 2 0 868 
3 2 0 864 
3 2 0 867 
3 2 0 865 
3 2 0 866 
3 2 0 893 
3 2 0 875 
3 2 0 871 
3 2 0 874 
3 2 0 872 
3 2 0 873 
3 2 0 892 
3 2 0 876 
3 2 0 891 
3 2 0 877 
3 2 0 890 
3 2 0 878 
3 2 0 889 
3 2 0 883 
3 2 0 879 
3 2 0 882 
3 2 0 880 
3 2 0 881 
3 2 0 888 
3 2 0 886 
3 2 0 884 
3 2 0 885 
3 2 0 887 
3 2 0 895 
1 1 0 
1 1 0 
1 1 0 
1 1 0 
2 3 941 942 0 
1 1 0 
2 3 943 944 0 
2 3 940 945 0 
1 1 0 
2 3 946 947 0 
2 3 939 948 0 
3 2 0 949 
3 2 0 939 
3 2 0 948 
3 2 0 946 
3 2 0 940 
3 2 0 945 
3 2 0 943 
3 2 0 941 
3 2 0 942 
3 2 0 944 
3 2 0 947 
1 1 0 
1 1 0 
1 1 0 
1 1 0 
2 3 963 964 0 
2 3 962 965 0 
2 3 961 966 0 
1 1 0 
2 3 967 968 0 
1 1 0 
1 1 0 
1 1 0 
1 1 0 
1 1 0 
1 1 0 
2 3 974 975 0 
1 1 0 
1 1 0 
1 1 0 
1 1 0 
2 3 979 980 0 
2 3 978 981 0 
2 3 977 982 0 
1 1 0 
1 1 0 
1 1 0 
1 1 0 
2 3 986 987 0 
2 3 985 988 0 
2 3 984 989 0 
2 3 983 990 0 
2 3 976 991 0 
2 3 973 992 0 
2 3 972 993 0 
2 3 971 994 0 
2 3 970 995 0 
2 3 969 996 0 
1 1 0 
1 1 0 
1 1 0 
1 1 0 
2 3 1000 1001 0 
2 3 999 1002 0 
2 3 998 1003 0 
1 1 0 
2 3 1004 1005 0 
2 3 997 1006 0 
3 2 0 1007 
3 2 0 997 
3 2 0 969 
3 2 0 967 
3 2 0 961 
3 2 0 966 
3 2 0 962 
3 2 0 965 
3 2 0 963 
3 2 0 964 
3 2 0 968 
3 2 0 996 
3 2 0 970 
3 2 0 995 
3 2 0 971 
3 2 0 994 
3 2 0 972 
3 2 0 993 
3 2 0 973 
3 2 0 992 
3 2 0 976 
3 2 0 974 
3 2 0 975 
3 2 0 991 
3 2 0 983 
3 2 0 977 
3 2 0 982 
3 2 0 978 
3 2 0 981 
3 2 0 979 
3 2 0 980 
3 2 0 990 
3 2 0 984 
3 2 0 989 
3 2 0 985 
3 2 0 988 
3 2 0 986 
3 2 0 987 
3 2 0 1006 
3 2 0 1004 
3 2 0 998 
3 2 0 1003 
3 2 0 999 
3 2 0 1002 
3 2 0 1000 
3 2 0 1001 
3 2 0 1005 
1 1 0 
1 1 0 
1 1 0 
1 1 0 
1 1 0 
2 3 1058 1059 0 
1 1 0 
2 3 1060 1061 0 
2 3 1057 1062 0 
2 3 1056 1063 0 
2 3 1055 1064 0 
1 1 0 
1 1 0 
1 1 0 
1 1 0 
2 3 1068 1069 0 
1 1 0 
1 1 0 
1 1 0 
2 3 1072 1073 0 
2 3 1071 1074 0 
1 1 0 
1 1 0 
1 1 0 
2 3 1077 1078 0 
1 1 0 
1 1 0 
2 3 1080 1081 0 
2 3 1079 1082 0 
2 3 1076 1083 0 
2 3 1075 1084 0 
1 1 0 
2 3 1085 1086 0 
2 3 1070 1087 0 
2 3 1067 1088 0 
2 3 1066 1089 0 
2 3 1065 1090 0 
3 2 0 1091 
3 2 0 1065 
3 2 0 1055 
3 2 0 1064 
3 2 0 1056 
3 2 0 1063 
3 2 0 1057 
3 2 0 1062 
3 2 0 1060 
3 2 0 1058 
3 2 0 1059 
3 2 0 1061 
3 2 0 1090 
3 2 0 1066 
3 2 0 1089 
3 2 0 1067 
3 2 0 1088 
3 2 0 1070 
3 2 0 1068 
3 2 0 1069 
3 2 0 1087 
3 2 0 1085 
3 2 0 1075 
3 2 0 1071 
3 2 0 1074 
3 2 0 1072 
3 2 0 1073 
3 2 0 1084 
3 2 0 1076 
3 2 0 1083 
3 2 0 1079 
3 2 0 1077 
3 2 0 1078 
3 2 0 1082 
3 2 0 1080 
3 2 0 1081 
3 2 0 1086 
1 1 0 
1 1 0 
1 1 0 
1 1 0 
1 1 0 
1 1 0 
1 1 0 
2 3 1134 1135 0 
1 1 0 
2 3 1136 1137 0 
2 3 1133 1138 0 
2 3 1132 1139 0 
2 3 1131 1140 0 
2 3 1130 1141 0 
2 3 1129 1142 0 
1 1 0 
1 1 0 
1 1 0 
1 1 0 
1 1 0 
2 3 1147 1148 0 
2 3 1146 1149 0 
2 3 1145 1150 0 
1 1 0 
1 1 0 
1 1 0 
1 1 0 
2 3 1154 1155 0 
1 1 0 
1 1 0 
1 1 0 
1 1 0 
1 1 0 
1 1 0 
1 1 0 
2 3 1162 1163 0 
2 3 1161 1164 0 
1 1 0 
1 1 0 
1 1 0 
2 3 1167 1168 0 
2 3 1166 1169 0 
2 3 1165 1170 0 
2 3 1160 1171 0 
2 3 1159 1172 0 
1 1 0 
1 1 0 
2 3 1174 1175 0 
2 3 1173 1176 0 
2 3 1158 1177 0 
2 3 1157 1178 0 
2 3 1156 1179 0 
2 3 1153 1180 0 
1 1 0 
2 3 1181 1182 0 
2 3 1152 1183 0 
2 3 1151 1184 0 
2 3 1144 1185 0 
2 3 1143 1186 0 
3 2 0 1187 
3 2 0 1143 
3 2 0 1129 
3 2 0 1142 
3 2 0 1130 
3 2 0 1141 
3 2 0 1131 
3 2 0 1140 
3 2 0 1132 
3 2 0 1139 
3 2 0 1133 
3 2 0 1138 
3 2 0 1136 
3 2 0 1134 
3 2 0 1135 
3 2 0 1137 
3 2 0 1186 
3 2 0 1144 
3 2 0 1185 
3 2 0 1151 
3 2 0 1145 
3 2 0 1150 
3 2 0 1146 
3 2 0 1149 
3 2 0 1147 
3 2 0 1148 
3 2 0 1184 
3 2 0 1152 
3 2 0 1183 
3 2 0 1181 
3 2 0 1153 
3 2 0 1180 
3 2 0 1156 
3 2 0 1154 
3 2 0 1155 
3 2 0 1179 
3 2 0 1157 
3 2 0 1178 
3 2 0 1158 
3 2 0 1177 
3 2 0 1173 
3 2 0 1159 
3 2 0 1172 
3 2 0 1160 
3 2 0 1171 
3 2 0 1165 
3 2 0 1161 
3 2 0 1164 
3 2 0 1162 
3 2 0 1163 
3 2 0 1170 
3 2 0 1166 
3 2 0 1169 
3 2 0 1167 
3 2 0 1168 
3 2 0 1176 
3 2 0 1174 
3 2 0 1175 
3 2 0 1182 
1 1 0 
1 1 0 
2 3 1247 1248 0 
3 2 0 1249 
3 2 0 1247 
3 2 0 1248 
1 1 0 
1 1 0 
1 1 0 
1 1 0 
1 1 0 
2 3 1256 1257 0 
2 3 1255 1258 0 
2 3 1254 1259 0 
2 3 1253 1260 0 
1 1 0 
2 3 1261 1262 0 
1 1 0 
2 3 1263 1264 0 
1 1 0 
1 1 0 
1 1 0 
1 1 0 
1 1 0 
2 3 1269 1270 0 
2 3 1268 1271 0 
1 1 0 
1 1 0 
1 1 0 
2 3 1274 1275 0 
2 3 1273 1276 0 
2 3 1272 1277 0 
2 3 1267 1278 0 
2 3 1266 1279 0 
2 3 1265 1280 0 
1 1 0 
2 3 1281 1282 0 
3 2 0 1283 
3 2 0 1281 
3 2 0 1265 
3 2 0 1263 
3 2 0 1261 
3 2 0 1253 
3 2 0 1260 
3 2 0 1254 
3 2 0 1259 
3 2 0 1255 
3 2 0 1258 
3 2 0 1256 
3 2 0 1257 
3 2 0 1262 
3 2 0 1264 
3 2 0 1280 
3 2 0 1266 
3 2 0 1279 
3 2 0 1267 
3 2 0 1278 
3 2 0 1272 
3 2 0 1268 
3 2 0 1271 
3 2 0 1269 
3 2 0 1270 
3 2 0 1277 
3 2 0 1273 
3 2 0 1276 
3 2 0 1274 
3 2 0 1275 
3 2 0 1282 
1 1 0 
1 1 0 
2 3 1315 1316 0 
1 1 0 
1 1 0 
1 1 0 
2 3 1319 1320 0 
1 1 0 
1 1 0 
1 1 0 
2 3 1323 1324 0 
2 3 1322 1325 0 
2 3 1321 1326 0 
2 3 1318 1327 0 
2 3 1317 1328 0 
1 1 0 
2 3 1329 1330 0 
3 2 0 1331 
3 2 0 1329 
3 2 0 1317 
3 2 0 1315 
3 2 0 1316 
3 2 0 1328 
3 2 0 1318 
3 2 0 1327 
3 2 0 1321 
3 2 0 1319 
3 2 0 1320 
3 2 0 1326 
3 2 0 1322 
3 2 0 1325 
3 2 0 1323 
3 2 0 1324 
3 2 0 1330 
1 1 0 
1 1 0 
1 1 0 
2 3 1350 1351 0 
1 1 0 
1 1 0 
1 1 0 
1 1 0 
1 1 0 
1 1 0 
1 1 0 
1 1 0 
1 1 0 
2 3 1360 1361 0 
2 3 1359 1362 0 
2 3 1358 1363 0 
2 3 1357 1364 0 
2 3 1356 1365 0 
2 3 1355 1366 0 
2 3 1354 1367 0 
2 3 1353 1368 0 
2 3 1352 1369 0 
1 1 0 
1 1 0 
2 3 1371 1372 0 
2 3 1370 1373 0 
2 3 1349 1374 0 
3 2 0 1375 
3 2 0 1349 
3 2 0 1374 
3 2 0 1370 
3 2 0 1352 
3 2 0 1350 
3 2 0 1351 
3 2 0 1369 
3 2 0 1353 
3 2 0 1368 
3 2 0 1354 
3 2 0 1367 
3 2 0 1355 
3 2 0 1366 
3 2 0 1356 
3 2 0 1365 
3 2 0 1357 
3 2 0 1364 
3 2 0 1358 
3 2 0 1363 
3 2 0 1359 
3 2 0 1362 
3 2 0 1360 
3 2 0 1361 
3 2 0 1373 
3 2 0 1371 
3 2 0 1372 
1 1 0 
1 1 0 
1 1 0 
1 1 0 
1 1 0 
1 1 0 
2 3 1407 1408 0 
2 3 1406 1409 0 
1 1 0 
2 3 1410 1411 0 
2 3 1405 1412 0 
1 1 0 
1 1 0 
2 3 1414 1415 0 
2 3 1413 1416 0 
1 1 0 
1 1 0 
1 1 0 
1 1 0 
1 1 0 
2 3 1421 1422 0 
2 3 1420 1423 0 
2 3 1419 1424 0 
1 1 0 
2 3 1425 1426 0 
1 1 0 
1 1 0 
1 1 0 
1 1 0 
2 3 1430 1431 0 
2 3 1429 1432 0 
2 3 1428 1433 0 
2 3 1427 1434 0 
2 3 1418 1435 0 
2 3 1417 1436 0 
2 3 1404 1437 0 
1 1 0 
2 3 1438 1439 0 
2 3 1403 1440 0 
3 2 0 1441 
3 2 0 1403 
3 2 0 1440 
3 2 0 1438 
3 2 0 1404 
3 2 0 1437 
3 2 0 1417 
3 2 0 1413 
3 2 0 1405 
3 2 0 1412 
3 2 0 1410 
3 2 0 1406 
3 2 0 1409 
3 2 0 1407 
3 2 0 1408 
3 2 0 1411 
3 2 0 1416 
3 2 0 1414 
3 2 0 1415 
3 2 0 1436 
3 2 0 1418 
3 2 0 1435 
3 2 0 1427 
3 2 0 1425 
3 2 0 1419 
3 2 0 1424 
3 2 0 1420 
3 2 0 1423 
3 2 0 1421 
3 2 0 1422 
3 2 0 1426 
3 2 0 1434 
3 2 0 1428 
3 2 0 1433 
3 2 0 1429 
3 2 0 1432 
3 2 0 1430 
3 2 0 1431 
3 2 0 1439 
1 1 0 
1 1 0 
1 1 0 
2 3 1482 1483 0 
2 3 1481 1484 0 
1 1 0 
1 1 0 
1 1 0 
1 1 0 
1 1 0 
2 3 1489 1490 0 
2 3 1488 1491 0 
2 3 1487 1492 0 
2 3 1486 1493 0 
1 1 0 
2 3 1494 1495 0 
2 3 1485 1496 0 
3 2 0 1497 
3 2 0 1485 
3 2 0 1481 
3 2 0 1484 
3 2 0 1482 
3 2 0 1483 
3 2 0 1496 
3 2 0 1494 
3 2 0 1486 
3 2 0 1493 
3 2 0 1487 
3 2 0 1492 
3 2 0 1488 
3 2 0 1491 
3 2 0 1489 
3 2 0 1490 
3 2 0 1495 
1 1 0 
1 1 0 
1 1 0 
1 1 0 
1 1 0 
1 1 0 
1 1 0 
1 1 0 
1 1 0 
2 3 1522 1523 0 
2 3 1521 1524 0 
2 3 1520 1525 0 
1 1 0 
2 3 1526 1527 0 
2 3 1519 1528 0 
1 1 0 
1 1 0 
2 3 1530 1531 0 
1 1 0 
1 1 0 
1 1 0 
1 1 0 
2 3 1535 1536 0 
1 1 0 
1 1 0 
2 3 1538 1539 0 
1 1 0 
1 1 0 
1 1 0 
1 1 0 
2 3 1543 1544 0 
2 3 1542 1545 0 
1 1 0 
2 3 1546 1547 0 
2 3 1541 1548 0 
1 1 0 
2 3 1549 1550 0 
1 1 0 
2 3 1551 1552 0 
2 3 1540 1553 0 
2 3 1537 1554 0 
2 3 1534 1555 0 
2 3 1533 1556 0 
2 3 1532 1557 0 
2 3 1529 1558 0 
2 3 1518 1559 0 
2 3 1517 1560 0 
2 3 1516 1561 0 
2 3 1515 1562 0 
1 1 0 
1 1 0 
1 1 0 
1 1 0 
2 3 1566 1567 0 
2 3 1565 1568 0 
2 3 1564 1569 0 
2 3 1563 1570 0 
3 2 0 1571 
3 2 0 1563 
3 2 0 1515 
3 2 0 1562 
3 2 0 1516 
3 2 0 1561 
3 2 0 1517 
3 2 0 1560 
3 2 0 1518 
3 2 0 1559 
3 2 0 1529 
3 2 0 1519 
3 2 0 1528 
3 2 0 1526 
3 2 0 1520 
3 2 0 1525 
3 2 0 1521 
3 2 0 1524 
3 2 0 1522 
3 2 0 1523 
3 2 0 1527 
3 2 0 1558 
3 2 0 1532 
3 2 0 1530 
3 2 0 1531 
3 2 0 1557 
3 2 0 1533 
3 2 0 1556 
3 2 0 1534 
3 2 0 1555 
3 2 0 1537 
3 2 0 1535 
3 2 0 1536 
3 2 0 1554 
3 2 0 1540 
3 2 0 1538 
3 2 0 1539 
3 2 0 1553 
3 2 0 1551 
3 2 0 1549 
3 2 0 1541 
3 2 0 1548 
3 2 0 1546 
3 2 0 1542 
3 2 0 1545 
3 2 0 1543 
3 2 0 1544 
3 2 0 1547 
3 2 0 1550 
3 2 0 1552 
3 2 0 1570 
3 2 0 1564 
3 2 0 1569 
3 2 0 1565 
3 2 0 1568 
3 2 0 1566 
3 2 0 1567 
1 1 0 
1 1 0 
1 1 0 
2 3 1630 1631 0 
2 3 1629 1632 0 
1 1 0 
1 1 0 
1 1 0 
1 1 0 
2 3 1636 1637 0 
2 3 1635 1638 0 
2 3 1634 1639 0 
2 3 1633 1640 0 
1 1 0 
2 3 1641 1642 0 
1 1 0 
1 1 0 
1 1 0 
1 1 0 
2 3 1646 1647 0 
2 3 1645 1648 0 
1 1 0 
1 1 0 
1 1 0 
1 1 0 
1 1 0 
1 1 0 
2 3 1654 1655 0 
2 3 1653 1656 0 
2 3 1652 1657 0 
2 3 1651 1658 0 
2 3 1650 1659 0 
2 3 1649 1660 0 
2 3 1644 1661 0 
1 1 0 
2 3 1662 1663 0 
1 1 0 
1 1 0 
2 3 1665 1666 0 
1 1 0 
1 1 0 
1 1 0 
1 1 0 
2 3 1670 1671 0 
1 1 0 
2 3 1672 1673 0 
2 3 1669 1674 0 
2 3 1668 1675 0 
2 3 1667 1676 0 
2 3 1664 1677 0 
2 3 1643 1678 0 
1 1 0 
2 3 1679 1680 0 
3 2 0 1681 
3 2 0 1679 
3 2 0 1643 
3 2 0 1641 
3 2 0 1633 
3 2 0 1629 
3 2 0 1632 
3 2 0 1630 
3 2 0 1631 
3 2 0 1640 
3 2 0 1634 
3 2 0 1639 
3 2 0 1635 
3 2 0 1638 
3 2 0 1636 
3 2 0 1637 
3 2 0 1642 
3 2 0 1678 
3 2 0 1664 
3 2 0 1662 
3 2 0 1644 
3 2 0 1661 
3 2 0 1649 
3 2 0 1645 
3 2 0 1648 
3 2 0 1646 
3 2 0 1647 
3 2 0 1660 
3 2 0 1650 
3 2 0 1659 
3 2 0 1651 
3 2 0 1658 
3 2 0 1652 
3 2 0 1657 
3 2 0 1653 
3 2 0 1656 
3 2 0 1654 
3 2 0 1655 
3 2 0 1663 
3 2 0 1677 
3 2 0 1667 
3 2 0 1665 
3 2 0 1666 
3 2 0 1676 
3 2 0 1668 
3 2 0 1675 
3 2 0 1669 
3 2 0 1674 
3 2 0 1672 
3 2 0 1670 
3 2 0 1671 
3 2 0 1673 
3 2 0 1680 
1 1 0 
1 1 0 
1 1 0 
1 1 0 
1 1 0 
2 3 1738 1739 0 
2 3 1737 1740 0 
1 1 0 
1 1 0 
1 1 0 
1 1 0 
1 1 0 
1 1 0 
2 3 1746 1747 0 
2 3 1745 1748 0 
2 3 1744 1749 0 
2 3 1743 1750 0 
2 3 1742 1751 0 
2 3 1741 1752 0 
2 3 1736 1753 0 
1 1 0 
2 3 1754 1755 0 
2 3 1735 1756 0 
3 2 0 1757 
3 2 0 1735 
3 2 0 1756 
3 2 0 1754 
3 2 0 1736 
3 2 0 1753 
3 2 0 1741 
3 2 0 1737 
3 2 0 1740 
3 2 0 1738 
3 2 0 1739 
3 2 0 1752 
3 2 0 1742 
3 2 0 1751 
3 2 0 1743 
3 2 0 1750 
3 2 0 1744 
3 2 0 1749 
3 2 0 1745 
3 2 0 1748 
3 2 0 1746 
3 2 0 1747 
3 2 0 1755 
1 1 0 
1 1 0 
1 1 0 
2 3 1782 1783 0 
2 3 1781 1784 0 
1 1 0 
1 1 0 
1 1 0 
2 3 1787 1788 0 
1 1 0 
2 3 1789 1790 0 
1 1 0 
2 3 1791 1792 0 
1 1 0 
1 1 0 
2 3 1794 1795 0 
1 1 0 
1 1 0 
1 1 0 
2 3 1798 1799 0 
1 1 0 
2 3 1800 1801 0 
2 3 1797 1802 0 
2 3 1796 1803 0 
2 3 1793 1804 0 
2 3 1786 1805 0 
2 3 1785 1806 0 
1 1 0 
2 3 1807 1808 0 
3 2 0 1809 
3 2 0 1807 
3 2 0 1785 
3 2 0 1781 
3 2 0 1784 
3 2 0 1782 
3 2 0 1783 
3 2 0 1806 
3 2 0 1786 
3 2 0 1805 
3 2 0 1793 
3 2 0 1791 
3 2 0 1789 
3 2 0 1787 
3 2 0 1788 
3 2 0 1790 
3 2 0 1792 
3 2 0 1804 
3 2 0 1796 
3 2 0 1794 
3 2 0 1795 
3 2 0 1803 
3 2 0 1797 
3 2 0 1802 
3 2 0 1800 
3 2 0 1798 
3 2 0 1799 
3 2 0 1801 
3 2 0 1808 
1 1 0 
1 1 0 
1 1 0 
1 1 0 
1 1 0 
1 1 0 
2 3 1843 1844 0 
2 3 1842 1845 0 
1 1 0 
1 1 0 
2 3 1847 1848 0 
2 3 1846 1849 0 
2 3 1841 1850 0 
2 3 1840 1851 0 
2 3 1839 1852 0 
1 1 0 
2 3 1853 1854 0 
3 2 0 1855 
3 2 0 1853 
3 2 0 1839 
3 2 0 1852 
3 2 0 1840 
3 2 0 1851 
3 2 0 1841 
3 2 0 1850 
3 2 0 1846 
3 2 0 1842 
3 2 0 1845 
3 2 0 1843 
3 2 0 1844 
3 2 0 1849 
3 2 0 1847 
3 2 0 1848 
3 2 0 1854 
1 1 0 
1 1 0 
1 1 0 
1 1 0 
1 1 0 
2 3 1876 1877 0 
1 1 0 
1 1 0 
2 3 1879 1880 0 
2 3 1878 1881 0 
2 3 1875 1882 0 
2 3 1874 1883 0 
2 3 1873 1884 0 
1 1 0 
1 1 0 
1 1 0 
2 3 1887 1888 0 
1 1 0 
1 1 0 
1 1 0 
1 1 0 
1 1 0 
2 3 1893 1894 0 
2 3 1892 1895 0 
2 3 1891 1896 0 
2 3 1890 1897 0 
1 1 0 
2 3 1898 1899 0 
1 1 0 
1 1 0 
1 1 0 
2 3 1902 1903 0 
1 1 0 
1 1 0 
1 1 0 
1 1 0 
1 1 0 
1 1 0 
1 1 0 
2 3 1910 1911 0 
2 3 1909 1912 0 
2 3 1908 1913 0 
2 3 1907 1914 0 
1 1 0 
1 1 0 
1 1 0 
1 1 0 
2 3 1918 1919 0 
2 3 1917 1920 0 
2 3 1916 1921 0 
2 3 1915 1922 0 
2 3 1906 1923 0 
2 3 1905 1924 0 
2 3 1904 1925 0 
2 3 1901 1926 0 
2 3 1900 1927 0 
1 1 0 
2 3 1928 1929 0 
2 3 1889 1930 0 
2 3 1886 1931 0 
2 3 1885 1932 0 
3 2 0 1933 
3 2 0 1885 
3 2 0 1873 
3 2 0 1884 
3 2 0 1874 
3 2 0 1883 
3 2 0 1875 
3 2 0 1882 
3 2 0 1878 
3 2 0 1876 
3 2 0 1877 
3 2 0 1881 
3 2 0 1879 
3 2 0 1880 
3 2 0 1932 
3 2 0 1886 
3 2 0 1931 
3 2 0 1889 
3 2 0 1887 
3 2 0 1888 
3 2 0 1930 
3 2 0 1928 
3 2 0 1900 
3 2 0 1898 
3 2 0 1890 
3 2 0 1897 
3 2 0 1891 
3 2 0 1896 
3 2 0 1892 
3 2 0 1895 
3 2 0 1893 
3 2 0 1894 
3 2 0 1899 
3 2 0 1927 
3 2 0 1901 
3 2 0 1926 
3 2 0 1904 
3 2 0 1902 
3 2 0 1903 
3 2 0 1925 
3 2 0 1905 
3 2 0 1924 
3 2 0 1906 
3 2 0 1923 
3 2 0 1915 
3 2 0 1907 
3 2 0 1914 
3 2 0 1908 
3 2 0 1913 
3 2 0 1909 
3 2 0 1912 
3 2 0 1910 
3 2 0 1911 
3 2 0 1922 
3 2 0 1916 
3 2 0 1921 
3 2 0 1917 
3 2 0 1920 
3 2 0 1918 
3 2 0 1919 
3 2 0 1929 
1 1 0 
1 1 0 
1 1 0 
1 1 0 
1 1 0 
2 3 1998 1999 0 
2 3 1997 2000 0 
2 3 1996 2001 0 
2 3 1995 2002 0 
1 1 0 
1 1 0 
1 1 0 
2 3 2005 2006 0 
1 1 0 
1 1 0 
1 1 0 
2 3 2009 2010 0 
1 1 0 
2 3 2011 2012 0 
1 1 0 
2 3 2013 2014 0 
1 1 0 
1 1 0 
2 3 2016 2017 0 
2 3 2015 2018 0 
2 3 2008 2019 0 
1 1 0 
2 3 2020 2021 0 
2 3 2007 2022 0 
2 3 2004 2023 0 
2 3 2003 2024 0 
3 2 0 2025 
3 2 0 2003 
3 2 0 1995 
3 2 0 2002 
3 2 0 1996 
3 2 0 2001 
3 2 0 1997 
3 2 0 2000 
3 2 0 1998 
3 2 0 1999 
3 2 0 2024 
3 2 0 2004 
3 2 0 2023 
3 2 0 2007 
3 2 0 2005 
3 2 0 2006 
3 2 0 2022 
3 2 0 2020 
3 2 0 2008 
3 2 0 2019 
3 2 0 2015 
3 2 0 2013 
3 2 0 2011 
3 2 0 2009 
3 2 0 2010 
3 2 0 2012 
3 2 0 2014 
3 2 0 2018 
3 2 0 2016 
3 2 0 2017 
3 2 0 2021 
1 1 0 
1 1 0 
1 1 0 
1 1 0 
2 3 2059 2060 0 
1 1 0 
1 1 0 
1 1 0 
1 1 0 
2 3 2064 2065 0 
2 3 2063 2066 0 
2 3 2062 2067 0 
1 1 0 
1 1 0 
1 1 0 
1 1 0 
1 1 0 
1 1 0 
1 1 0 
1 1 0 
1 1 0 
1 1 0 
1 1 0 
1 1 0 
2 3 2079 2080 0 
2 3 2078 2081 0 
2 3 2077 2082 0 
2 3 2076 2083 0 
2 3 2075 2084 0 
2 3 2074 2085 0 
2 3 2073 2086 0 
2 3 2072 2087 0 
2 3 2071 2088 0 
2 3 2070 2089 0 
2 3 2069 2090 0 
2 3 2068 2091 0 
2 3 2061 2092 0 
1 1 0 
2 3 2093 2094 0 
2 3 2058 2095 0 
2 3 2057 2096 0 
3 2 0 2097 
3 2 0 2057 
3 2 0 2096 
3 2 0 2058 
3 2 0 2095 
3 2 0 2093 
3 2 0 2061 
3 2 0 2059 
3 2 0 2060 
3 2 0 2092 
3 2 0 2068 
3 2 0 2062 
3 2 0 2067 
3 2 0 2063 
3 2 0 2066 
3 2 0 2064 
3 2 0 2065 
3 2 0 2091 
3 2 0 2069 
3 2 0 2090 
3 2 0 2070 
3 2 0 2089 
3 2 0 2071 
3 2 0 2088 
3 2 0 2072 
3 2 0 2087 
3 2 0 2073 
3 2 0 2086 
3 2 0 2074 
3 2 0 2085 
3 2 0 2075 
3 2 0 2084 
3 2 0 2076 
3 2 0 2083 
3 2 0 2077 
3 2 0 2082 
3 2 0 2078 
3 2 0 2081 
3 2 0 2079 
3 2 0 2080 
3 2 0 2094 
1 1 0 
1 1 0 
1 1 0 
2 3 2140 2141 0 
1 1 0 
1 1 0 
1 1 0 
1 1 0 
1 1 0 
1 1 0 
2 3 2147 2148 0 
2 3 2146 2149 0 
1 1 0 
1 1 0 
1 1 0 
2 3 2152 2153 0 
2 3 2151 2154 0 
2 3 2150 2155 0 
1 1 0 
1 1 0 
1 1 0 
1 1 0 
1 1 0 
1 1 0 
2 3 2161 2162 0 
1 1 0 
1 1 0 
1 1 0 
2 3 2165 2166 0 
1 1 0 
1 1 0 
2 3 2168 2169 0 
2 3 2167 2170 0 
2 3 2164 2171 0 
2 3 2163 2172 0 
1 1 0 
1 1 0 
1 1 0 
1 1 0 
1 1 0 
1 1 0 
1 1 0 
2 3 2179 2180 0 
1 1 0 
1 1 0 
2 3 2182 2183 0 
2 3 2181 2184 0 
2 3 2178 2185 0 
2 3 2177 2186 0 
2 3 2176 2187 0 
2 3 2175 2188 0 
2 3 2174 2189 0 
2 3 2173 2190 0 
2 3 2160 2191 0 
2 3 2159 2192 0 
2 3 2158 2193 0 
2 3 2157 2194 0 
2 3 2156 2195 0 
2 3 2145 2196 0 
2 3 2144 2197 0 
2 3 2143 2198 0 
2 3 2142 2199 0 
1 1 0 
2 3 2200 2201 0 
2 3 2139 2202 0 
3 2 0 2203 
3 2 0 2139 
3 2 0 2202 
3 2 0 2200 
3 2 0 2142 
3 2 0 2140 
3 2 0 2141 
3 2 0 2199 
3 2 0 2143 
3 2 0 2198 
3 2 0 2144 
3 2 0 2197 
3 2 0 2145 
3 2 0 2196 
3 2 0 2156 
3 2 0 2150 
3 2 0 2146 
3 2 0 2149 
3 2 0 2147 
3 2 0 2148 
3 2 0 2155 
3 2 0 2151 
3 2 0 2154 
3 2 0 2152 
3 2 0 2153 
3 2 0 2195 
3 2 0 2157 
3 2 0 2194 
3 2 0 2158 
3 2 0 2193 
3 2 0 2159 
3 2 0 2192 
3 2 0 2160 
3 2 0 2191 
3 2 0 2173 
3 2 0 2163 
3 2 0 2161 
3 2 0 2162 
3 2 0 2172 
3 2 0 2164 
3 2 0 2171 
3 2 0 2167 
3 2 0 2165 
3 2 0 2166 
3 2 0 2170 
3 2 0 2168 
3 2 0 2169 
3 2 0 2190 
3 2 0 2174 
3 2 0 2189 
3 2 0 2175 
3 2 0 2188 
3 2 0 2176 
3 2 0 2187 
3 2 0 2177 
3 2 0 2186 
3 2 0 2178 
3 2 0 2185 
3 2 0 2181 
3 2 0 2179 
3 2 0 2180 
3 2 0 2184 
3 2 0 2182 
3 2 0 2183 
3 2 0 2201 
1 1 0 
1 1 0 
1 1 0 
1 1 0 
2 3 2271 2272 0 
1 1 0 
2 3 2273 2274 0 
1 1 0 
1 1 0 
1 1 0 
2 3 2277 2278 0 
1 1 0 
1 1 0 
1 1 0 
1 1 0 
1 1 0 
2 3 2283 2284 0 
1 1 0 
1 1 0 
2 3 2286 2287 0 
2 3 2285 2288 0 
2 3 2282 2289 0 
2 3 2281 2290 0 
1 1 0 
1 1 0 
1 1 0 
1 1 0 
1 1 0 
2 3 2295 2296 0 
1 1 0 
1 1 0 
1 1 0 
2 3 2299 2300 0 
1 1 0 
2 3 2301 2302 0 
2 3 2298 2303 0 
2 3 2297 2304 0 
2 3 2294 2305 0 
2 3 2293 2306 0 
2 3 2292 2307 0 
2 3 2291 2308 0 
2 3 2280 2309 0 
2 3 2279 2310 0 
2 3 2276 2311 0 
2 3 2275 2312 0 
2 3 2270 2313 0 
2 3 2269 2314 0 
3 2 0 2315 
3 2 0 2269 
3 2 0 2314 
3 2 0 2270 
3 2 0 2313 
3 2 0 2275 
3 2 0 2273 
3 2 0 2271 
3 2 0 2272 
3 2 0 2274 
3 2 0 2312 
3 2 0 2276 
3 2 0 2311 
3 2 0 2279 
3 2 0 2277 
3 2 0 2278 
3 2 0 2310 
3 2 0 2280 
3 2 0 2309 
3 2 0 2291 
3 2 0 2281 
3 2 0 2290 
3 2 0 2282 
3 2 0 2289 
3 2 0 2285 
3 2 0 2283 
3 2 0 2284 
3 2 0 2288 
3 2 0 2286 
3 2 0 2287 
3 2 0 2308 
3 2 0 2292 
3 2 0 2307 
3 2 0 2293 
3 2 0 2306 
3 2 0 2294 
3 2 0 2305 
3 2 0 2297 
3 2 0 2295 
3 2 0 2296 
3 2 0 2304 
3 2 0 2298 
3 2 0 2303 
3 2 0 2301 
3 2 0 2299 
3 2 0 2300 
3 2 0 2302 
1 1 0 
1 1 0 
1 1 0 
1 1 0 
1 1 0 
2 3 2366 2367 0 
2 3 2365 2368 0 
2 3 2364 2369 0 
2 3 2363 2370 0 
1 1 0 
2 3 2371 2372 0 
3 2 0 2373 
3 2 0 2371 
3 2 0 2363 
3 2 0 2370 
3 2 0 2364 
3 2 0 2369 
3 2 0 2365 
3 2 0 2368 
3 2 0 2366 
3 2 0 2367 
3 2 0 2372 
1 1 0 
1 1 0 
1 1 0 
1 1 0 
1 1 0 
1 1 0 
2 3 2389 2390 0 
1 1 0 
1 1 0 
1 1 0 
2 3 2393 2394 0 
2 3 2392 2395 0 
2 3 2391 2396 0 
2 3 2388 2397 0 
2 3 2387 2398 0 
2 3 2386 2399 0 
1 1 0 
2 3 2400 2401 0 
2 3 2385 2402 0 
3 2 0 2403 
3 2 0 2385 
3 2 0 2402 
3 2 0 2400 
3 2 0 2386 
3 2 0 2399 
3 2 0 2387 
3 2 0 2398 
3 2 0 2388 
3 2 0 2397 
3 2 0 2391 
3 2 0 2389 
3 2 0 2390 
3 2 0 2396 
3 2 0 2392 
3 2 0 2395 
3 2 0 2393 
3 2 0 2394 
3 2 0 2401 
1 1 0 
1 1 0 
1 1 0 
1 1 0 
2 3 2425 2426 0 
1 1 0 
2 3 2427 2428 0 
2 3 2424 2429 0 
2 3 2423 2430 0 
1 1 0 
1 1 0 
1 1 0 
1 1 0 
2 3 2434 2435 0 
1 1 0 
1 1 0 
2 3 2437 2438 0 
2 3 2436 2439 0 
2 3 2433 2440 0 
1 1 0 
1 1 0 
1 1 0 
1 1 0 
2 3 2444 2445 0 
2 3 2443 2446 0 
1 1 0 
1 1 0 
1 1 0 
1 1 0 
1 1 0 
1 1 0 
1 1 0 
1 1 0 
2 3 2454 2455 0 
2 3 2453 2456 0 
2 3 2452 2457 0 
2 3 2451 2458 0 
1 1 0 
2 3 2459 2460 0 
1 1 0 
1 1 0 
1 1 0 
1 1 0 
2 3 2464 2465 0 
1 1 0 
2 3 2466 2467 0 
2 3 2463 2468 0 
1 1 0 
1 1 0 
1 1 0 
2 3 2471 2472 0 
2 3 2470 2473 0 
2 3 2469 2474 0 
2 3 2462 2475 0 
2 3 2461 2476 0 
2 3 2450 2477 0 
2 3 2449 2478 0 
2 3 2448 2479 0 
2 3 2447 2480 0 
2 3 2442 2481 0 
1 1 0 
2 3 2482 2483 0 
2 3 2441 2484 0 
2 3 2432 2485 0 
2 3 2431 2486 0 
3 2 0 2487 
3 2 0 2431 
3 2 0 2423 
3 2 0 2430 
3 2 0 2424 
3 2 0 2429 
3 2 0 2427 
3 2 0 2425 
3 2 0 2426 
3 2 0 2428 
3 2 0 2486 
3 2 0 2432 
3 2 0 2485 
3 2 0 2441 
3 2 0 2433 
3 2 0 2440 
3 2 0 2436 
3 2 0 2434 
3 2 0 2435 
3 2 0 2439 
3 2 0 2437 
3 2 0 2438 
3 2 0 2484 
3 2 0 2482 
3 2 0 2442 
3 2 0 2481 
3 2 0 2447 
3 2 0 2443 
3 2 0 2446 
3 2 0 2444 
3 2 0 2445 
3 2 0 2480 
3 2 0 2448 
3 2 0 2479 
3 2 0 2449 
3 2 0 2478 
3 2 0 2450 
3 2 0 2477 
3 2 0 2461 
3 2 0 2459 
3 2 0 2451 
3 2 0 2458 
3 2 0 2452 
3 2 0 2457 
3 2 0 2453 
3 2 0 2456 
3 2 0 2454 
3 2 0 2455 
3 2 0 2460 
3 2 0 2476 
3 2 0 2462 
3 2 0 2475 
3 2 0 2469 
3 2 0 2463 
3 2 0 2468 
3 2 0 2466 
3 2 0 2464 
3 2 0 2465 
3 2 0 2467 
3 2 0 2474 
3 2 0 2470 
3 2 0 2473 
3 2 0 2471 
3 2 0 2472 
3 2 0 2483 
1 1 0 
1 1 0 
2 3 2553 2554 0 
1 1 0 
2 3 2555 2556 0 
1 1 0 
1 1 0 
1 1 0 
1 1 0 
2 3 2560 2561 0 
2 3 2559 2562 0 
1 1 0 
1 1 0 
1 1 0 
1 1 0 
2 3 2566 2567 0 
2 3 2565 2568 0 
1 1 0 
1 1 0 
1 1 0 
1 1 0 
1 1 0 
1 1 0 
2 3 2574 2575 0 
2 3 2573 2576 0 
2 3 2572 2577 0 
2 3 2571 2578 0 
2 3 2570 2579 0 
2 3 2569 2580 0 
2 3 2564 2581 0 
2 3 2563 2582 0 
2 3 2558 2583 0 
1 1 0 
2 3 2584 2585 0 
2 3 2557 2586 0 
3 2 0 2587 
3 2 0 2557 
3 2 0 2555 
3 2 0 2553 
3 2 0 2554 
3 2 0 2556 
3 2 0 2586 
3 2 0 2584 
3 2 0 2558 
3 2 0 2583 
3 2 0 2563 
3 2 0 2559 
3 2 0 2562 
3 2 0 2560 
3 2 0 2561 
3 2 0 2582 
3 2 0 2564 
3 2 0 2581 
3 2 0 2569 
3 2 0 2565 
3 2 0 2568 
3 2 0 2566 
3 2 0 2567 
3 2 0 2580 
3 2 0 2570 
3 2 0 2579 
3 2 0 2571 
3 2 0 2578 
3 2 0 2572 
3 2 0 2577 
3 2 0 2573 
3 2 0 2576 
3 2 0 2574 
3 2 0 2575 
3 2 0 2585 
1 1 0 
1 1 0 
1 1 0 
1 1 0 
1 1 0 
2 3 2626 2627 0 
1 1 0 
2 3 2628 2629 0 
2 3 2625 2630 0 
1 1 0 
2 3 2631 2632 0 
2 3 2624 2633 0 
1 1 0 
1 1 0 
1 1 0 
2 3 2636 2637 0 
2 3 2635 2638 0 
2 3 2634 2639 0 
2 3 2623 2640 0 
1 1 0 
2 3 2641 2642 0 
3 2 0 2643 
3 2 0 2641 
3 2 0 2623 
3 2 0 2640 
3 2 0 2634 
3 2 0 2624 
3 2 0 2633 
3 2 0 2631 
3 2 0 2625 
3 2 0 2630 
3 2 0 2628 
3 2 0 2626 
3 2 0 2627 
3 2 0 2629 
3 2 0 2632 
3 2 0 2639 
3 2 0 2635 
3 2 0 2638 
3 2 0 2636 
3 2 0 2637 
3 2 0 2642 
1 1 0 
1 1 0 
1 1 0 
1 1 0 
1 1 0 
1 1 0 
1 1 0 
2 3 2670 2671 0 
2 3 2669 2672 0 
2 3 2668 2673 0 
1 1 0 
1 1 0 
2 3 2675 2676 0 
1 1 0 
2 3 2677 2678 0 
2 3 2674 2679 0 
2 3 2667 2680 0 
2 3 2666 2681 0 
2 3 2665 2682 0 
1 1 0 
2 3 2683 2684 0 
3 2 0 2685 
3 2 0 2683 
3 2 0 2665 
3 2 0 2682 
3 2 0 2666 
3 2 0 2681 
3 2 0 2667 
3 2 0 2680 
3 2 0 2674 
3 2 0 2668 
3 2 0 2673 
3 2 0 2669 
3 2 0 2672 
3 2 0 2670 
3 2 0 2671 
3 2 0 2679 
3 2 0 2677 
3 2 0 2675 
3 2 0 2676 
3 2 0 2678 
3 2 0 2684 
1 1 0 
1 1 0 
1 1 0 
2 3 2708 2709 0 
2 3 2707 2710 0 
1 1 0 
1 1 0 
1 1 0 
1 1 0 
1 1 0 
2 3 2715 2716 0 
2 3 2714 2717 0 
1 1 0 
2 3 2718 2719 0 
2 3 2713 2720 0 
2 3 2712 2721 0 
2 3 2711 2722 0 
1 1 0 
2 3 2723 2724 0 
1 1 0 
2 3 2725 2726 0 
1 1 0 
1 1 0 
1 1 0 
1 1 0 
2 3 2730 2731 0 
1 1 0 
1 1 0 
1 1 0 
1 1 0 
2 3 2735 2736 0 
2 3 2734 2737 0 
2 3 2733 2738 0 
2 3 2732 2739 0 
2 3 2729 2740 0 
2 3 2728 2741 0 
2 3 2727 2742 0 
1 1 0 
2 3 2743 2744 0 
3 2 0 2745 
3 2 0 2743 
3 2 0 2727 
3 2 0 2725 
3 2 0 2723 
3 2 0 2711 
3 2 0 2707 
3 2 0 2710 
3 2 0 2708 
3 2 0 2709 
3 2 0 2722 
3 2 0 2712 
3 2 0 2721 
3 2 0 2713 
3 2 0 2720 
3 2 0 2718 
3 2 0 2714 
3 2 0 2717 
3 2 0 2715 
3 2 0 2716 
3 2 0 2719 
3 2 0 2724 
3 2 0 2726 
3 2 0 2742 
3 2 0 2728 
3 2 0 2741 
3 2 0 2729 
3 2 0 2740 
3 2 0 2732 
3 2 0 2730 
3 2 0 2731 
3 2 0 2739 
3 2 0 2733 
3 2 0 2738 
3 2 0 2734 
3 2 0 2737 
3 2 0 2735 
3 2 0 2736 
3 2 0 2744 
1 1 0 
1 1 0 
1 1 0 
1 1 0 
1 1 0 
2 3 2788 2789 0 
1 1 0 
2 3 2790 2791 0 
1 1 0 
2 3 2792 2793 0 
2 3 2787 2794 0 
2 3 2786 2795 0 
2 3 2785 2796 0 
1 1 0 
2 3 2797 2798 0 
1 1 0 
2 3 2799 2800 0 
1 1 0 
1 1 0 
1 1 0 
2 3 2803 2804 0 
2 3 2802 2805 0 
1 1 0 
1 1 0 
1 1 0 
1 1 0 
1 1 0 
2 3 2810 2811 0 
1 1 0 
1 1 0 
1 1 0 
2 3 2814 2815 0 
1 1 0 
1 1 0 
2 3 2817 2818 0 
2 3 2816 2819 0 
1 1 0 
1 1 0 
2 3 2821 2822 0 
1 1 0 
1 1 0 
2 3 2824 2825 0 
2 3 2823 2826 0 
1 1 0 
2 3 2827 2828 0 
1 1 0 
1 1 0 
1 1 0 
1 1 0 
2 3 2832 2833 0 
2 3 2831 2834 0 
2 3 2830 2835 0 
2 3 2829 2836 0 
2 3 2820 2837 0 
2 3 2813 2838 0 
2 3 2812 2839 0 
2 3 2809 2840 0 
2 3 2808 2841 0 
2 3 2807 2842 0 
2 3 2806 2843 0 
2 3 2801 2844 0 
1 1 0 
2 3 2845 2846 0 
3 2 0 2847 
3 2 0 2845 
3 2 0 2801 
3 2 0 2799 
3 2 0 2797 
3 2 0 2785 
3 2 0 2796 
3 2 0 2786 
3 2 0 2795 
3 2 0 2787 
3 2 0 2794 
3 2 0 2792 
3 2 0 2790 
3 2 0 2788 
3 2 0 2789 
3 2 0 2791 
3 2 0 2793 
3 2 0 2798 
3 2 0 2800 
3 2 0 2844 
3 2 0 2806 
3 2 0 2802 
3 2 0 2805 
3 2 0 2803 
3 2 0 2804 
3 2 0 2843 
3 2 0 2807 
3 2 0 2842 
3 2 0 2808 
3 2 0 2841 
3 2 0 2809 
3 2 0 2840 
3 2 0 2812 
3 2 0 2810 
3 2 0 2811 
3 2 0 2839 
3 2 0 2813 
3 2 0 2838 
3 2 0 2820 
3 2 0 2816 
3 2 0 2814 
3 2 0 2815 
3 2 0 2819 
3 2 0 2817 
3 2 0 2818 
3 2 0 2837 
3 2 0 2829 
3 2 0 2827 
3 2 0 2823 
3 2 0 2821 
3 2 0 2822 
3 2 0 2826 
3 2 0 2824 
3 2 0 2825 
3 2 0 2828 
3 2 0 2836 
3 2 0 2830 
3 2 0 2835 
3 2 0 2831 
3 2 0 2834 
3 2 0 2832 
3 2 0 2833 
3 2 0 2846 
1 1 0 
1 1 0 
1 1 0 
2 3 2912 2913 0 
1 1 0 
2 3 2914 2915 0 
2 3 2911 2916 0 
3 2 0 2917 
3 2 0 2911 
3 2 0 2916 
3 2 0 2914 
3 2 0 2912 
3 2 0 2913 
3 2 0 2915 
1 1 0 
1 1 0 
1 1 0 
1 1 0 
2 3 2927 2928 0 
1 1 0 
1 1 0 
1 1 0 
1 1 0 
1 1 0 
1 1 0 
1 1 0 
2 3 2935 2936 0 
1 1 0 
2 3 2937 2938 0 
1 1 0 
1 1 0 
2 3 2940 2941 0 
2 3 2939 2942 0 
1 1 0 
2 3 2943 2944 0 
1 1 0 
1 1 0 
2 3 2946 2947 0 
2 3 2945 2948 0 
2 3 2934 2949 0 
2 3 2933 2950 0 
2 3 2932 2951 0 
2 3 2931 2952 0 
2 3 2930 2953 0 
2 3 2929 2954 0 
2 3 2926 2955 0 
1 1 0 
2 3 2956 2957 0 
2 3 2925 2958 0 
3 2 0 2959 
3 2 0 2925 
3 2 0 2958 
3 2 0 2956 
3 2 0 2926 
3 2 0 2955 
3 2 0 2929 
3 2 0 2927 
3 2 0 2928 
3 2 0 2954 
3 2 0 2930 
3 2 0 2953 
3 2 0 2931 
3 2 0 2952 
3 2 0 2932 
3 2 0 2951 
3 2 0 2933 
3 2 0 2950 
3 2 0 2934 
3 2 0 2949 
3 2 0 2945 
3 2 0 2943 
3 2 0 2939 
3 2 0 2937 
3 2 0 2935 
3 2 0 2936 
3 2 0 2938 
3 2 0 2942 
3 2 0 2940 
3 2 0 2941 
3 2 0 2944 
3 2 0 2948 
3 2 0 2946 
3 2 0 2947 
3 2 0 2957 
1 1 0 
1 1 0 
1 1 0 
2 3 2996 2997 0 
2 3 2995 2998 0 
1 1 0 
1 1 0 
1 1 0 
1 1 0 
2 3 3002 3003 0 
2 3 3001 3004 0 
2 3 3000 3005 0 
2 3 2999 3006 0 
1 1 0 
1 1 0 
1 1 0 
2 3 3009 3010 0 
1 1 0 
1 1 0 
1 1 0 
2 3 3013 3014 0 
1 1 0 
2 3 3015 3016 0 
1 1 0 
2 3 3017 3018 0 
1 1 0 
2 3 3019 3020 0 
1 1 0 
2 3 3021 3022 0 
1 1 0 
2 3 3023 3024 0 
1 1 0 
2 3 3025 3026 0 
2 3 3012 3027 0 
2 3 3011 3028 0 
1 1 0 
1 1 0 
1 1 0 
1 1 0 
1 1 0 
1 1 0 
2 3 3034 3035 0 
2 3 3033 3036 0 
1 1 0 
1 1 0 
1 1 0 
1 1 0 
1 1 0 
2 3 3041 3042 0 
2 3 3040 3043 0 
2 3 3039 3044 0 
2 3 3038 3045 0 
2 3 3037 3046 0 
2 3 3032 3047 0 
2 3 3031 3048 0 
2 3 3030 3049 0 
2 3 3029 3050 0 
2 3 3008 3051 0 
2 3 3007 3052 0 
1 1 0 
2 3 3053 3054 0 
3 2 0 3055 
3 2 0 3053 
3 2 0 3007 
3 2 0 2999 
3 2 0 2995 
3 2 0 2998 
3 2 0 2996 
3 2 0 2997 
3 2 0 3006 
3 2 0 3000 
3 2 0 3005 
3 2 0 3001 
3 2 0 3004 
3 2 0 3002 
3 2 0 3003 
3 2 0 3052 
3 2 0 3008 
3 2 0 3051 
3 2 0 3029 
3 2 0 3011 
3 2 0 3009 
3 2 0 3010 
3 2 0 3028 
3 2 0 3012 
3 2 0 3027 
3 2 0 3025 
3 2 0 3023 
3 2 0 3021 
3 2 0 3019 
3 2 0 3017 
3 2 0 3015 
3 2 0 3013 
3 2 0 3014 
3 2 0 3016 
3 2 0 3018 
3 2 0 3020 
3 2 0 3022 
3 2 0 3024 
3 2 0 3026 
3 2 0 3050 
3 2 0 3030 
3 2 0 3049 
3 2 0 3031 
3 2 0 3048 
3 2 0 3032 
3 2 0 3047 
3 2 0 3037 
3 2 0 3033 
3 2 0 3036 
3 2 0 3034 
3 2 0 3035 
3 2 0 3046 
3 2 0 3038 
3 2 0 3045 
3 2 0 3039 
3 2 0 3044 
3 2 0 3040 
3 2 0 3043 
3 2 0 3041 
3 2 0 3042 
3 2 0 3054 
1 1 0 
1 1 0 
1 1 0 
2 3 3118 3119 0 
2 3 3117 3120 0 
1 1 0 
1 1 0 
1 1 0 
1 1 0 
1 1 0 
2 3 3125 3126 0 
1 1 0 
1 1 0 
2 3 3128 3129 0 
2 3 3127 3130 0 
2 3 3124 3131 0 
2 3 3123 3132 0 
2 3 3122 3133 0 
2 3 3121 3134 0 
1 1 0 
2 3 3135 3136 0 
1 1 0 
2 3 3137 3138 0 
1 1 0 
1 1 0 
2 3 3140 3141 0 
1 1 0 
1 1 0 
1 1 0 
2 3 3144 3145 0 
1 1 0 
2 3 3146 3147 0 
1 1 0 
1 1 0 
1 1 0 
2 3 3150 3151 0 
1 1 0 
1 1 0 
1 1 0 
2 3 3154 3155 0 
2 3 3153 3156 0 
1 1 0 
1 1 0 
2 3 3158 3159 0 
2 3 3157 3160 0 
2 3 3152 3161 0 
1 1 0 
2 3 3162 3163 0 
1 1 0 
1 1 0 
1 1 0 
2 3 3166 3167 0 
2 3 3165 3168 0 
1 1 0 
1 1 0 
2 3 3170 3171 0 
2 3 3169 3172 0 
2 3 3164 3173 0 
2 3 3149 3174 0 
2 3 3148 3175 0 
1 1 0 
2 3 3176 3177 0 
1 1 0 
1 1 0 
1 1 0 
1 1 0 
1 1 0 
1 1 0 
1 1 0 
2 3 3184 3185 0 
2 3 3183 3186 0 
2 3 3182 3187 0 
2 3 3181 3188 0 
2 3 3180 3189 0 
2 3 3179 3190 0 
2 3 3178 3191 0 
2 3 3143 3192 0 
2 3 3142 3193 0 
2 3 3139 3194 0 
1 1 0 
2 3 3195 3196 0 
3 2 0 3197 
3 2 0 3195 
3 2 0 3139 
3 2 0 3137 
3 2 0 3135 
3 2 0 3121 
3 2 0 3117 
3 2 0 3120 
3 2 0 3118 
3 2 0 3119 
3 2 0 3134 
3 2 0 3122 
3 2 0 3133 
3 2 0 3123 
3 2 0 3132 
3 2 0 3124 
3 2 0 3131 
3 2 0 3127 
3 2 0 3125 
3 2 0 3126 
3 2 0 3130 
3 2 0 3128 
3 2 0 3129 
3 2 0 3136 
3 2 0 3138 
3 2 0 3194 
3 2 0 3142 
3 2 0 3140 
3 2 0 3141 
3 2 0 3193 
3 2 0 3143 
3 2 0 3192 
3 2 0 3178 
3 2 0 3176 
3 2 0 3148 
3 2 0 3146 
3 2 0 3144 
3 2 0 3145 
3 2 0 3147 
3 2 0 3175 
3 2 0 3149 
3 2 0 3174 
3 2 0 3164 
3 2 0 3162 
3 2 0 3152 
3 2 0 3150 
3 2 0 3151 
3 2 0 3161 
3 2 0 3157 
3 2 0 3153 
3 2 0 3156 
3 2 0 3154 
3 2 0 3155 
3 2 0 3160 
3 2 0 3158 
3 2 0 3159 
3 2 0 3163 
3 2 0 3173 
3 2 0 3169 
3 2 0 3165 
3 2 0 3168 
3 2 0 3166 
3 2 0 3167 
3 2 0 3172 
3 2 0 3170 
3 2 0 3171 
3 2 0 3177 
3 2 0 3191 
3 2 0 3179 
3 2 0 3190 
3 2 0 3180 
3 2 0 3189 
3 2 0 3181 
3 2 0 3188 
3 2 0 3182 
3 2 0 3187 
3 2 0 3183 
3 2 0 3186 
3 2 0 3184 
3 2 0 3185 
3 2 0 3196 
1 1 0 
1 1 0 
1 1 0 
1 1 0 
1 1 0 
2 3 3282 3283 0 
1 1 0 
1 1 0 
2 3 3285 3286 0 
2 3 3284 3287 0 
2 3 3281 3288 0 
2 3 3280 3289 0 
1 1 0 
1 1 0 
1 1 0 
2 3 3292 3293 0 
1 1 0 
1 1 0 
1 1 0 
1 1 0 
1 1 0 
1 1 0 
2 3 3299 3300 0 
1 1 0 
1 1 0 
1 1 0 
2 3 3303 3304 0 
2 3 3302 3305 0 
2 3 3301 3306 0 
2 3 3298 3307 0 
2 3 3297 3308 0 
2 3 3296 3309 0 
2 3 3295 3310 0 
2 3 3294 3311 0 
1 1 0 
2 3 3312 3313 0 
1 1 0 
1 1 0 
1 1 0 
1 1 0 
1 1 0 
1 1 0 
1 1 0 
1 1 0 
1 1 0 
2 3 3322 3323 0 
2 3 3321 3324 0 
2 3 3320 3325 0 
1 1 0 
1 1 0 
1 1 0 
1 1 0 
1 1 0 
2 3 3330 3331 0 
2 3 3329 3332 0 
2 3 3328 3333 0 
2 3 3327 3334 0 
2 3 3326 3335 0 
2 3 3319 3336 0 
2 3 3318 3337 0 
2 3 3317 3338 0 
2 3 3316 3339 0 
2 3 3315 3340 0 
2 3 3314 3341 0 
2 3 3291 3342 0 
2 3 3290 3343 0 
1 1 0 
2 3 3344 3345 0 
2 3 3279 3346 0 
3 2 0 3347 
3 2 0 3279 
3 2 0 3346 
3 2 0 3344 
3 2 0 3290 
3 2 0 3280 
3 2 0 3289 
3 2 0 3281 
3 2 0 3288 
3 2 0 3284 
3 2 0 3282 
3 2 0 3283 
3 2 0 3287 
3 2 0 3285 
3 2 0 3286 
3 2 0 3343 
3 2 0 3291 
3 2 0 3342 
3 2 0 3314 
3 2 0 3312 
3 2 0 3294 
3 2 0 3292 
3 2 0 3293 
3 2 0 3311 
3 2 0 3295 
3 2 0 3310 
3 2 0 3296 
3 2 0 3309 
3 2 0 3297 
3 2 0 3308 
3 2 0 3298 
3 2 0 3307 
3 2 0 3301 
3 2 0 3299 
3 2 0 3300 
3 2 0 3306 
3 2 0 3302 
3 2 0 3305 
3 2 0 3303 
3 2 0 3304 
3 2 0 3313 
3 2 0 3341 
3 2 0 3315 
3 2 0 3340 
3 2 0 3316 
3 2 0 3339 
3 2 0 3317 
3 2 0 3338 
3 2 0 3318 
3 2 0 3337 
3 2 0 3319 
3 2 0 3336 
3 2 0 3326 
3 2 0 3320 
3 2 0 3325 
3 2 0 3321 
3 2 0 3324 
3 2 0 3322 
3 2 0 3323 
3 2 0 3335 
3 2 0 3327 
3 2 0 3334 
3 2 0 3328 
3 2 0 3333 
3 2 0 3329 
3 2 0 3332 
3 2 0 3330 
3 2 0 3331 
3 2 0 3345 
1 1 0 
1 1 0 
1 1 0 
2 3 3418 3419 0 
1 1 0 
2 3 3420 3421 0 
1 1 0 
2 3 3422 3423 0 
2 3 3417 3424 0 
1 1 0 
1 1 0 
1 1 0 
1 1 0 
2 3 3428 3429 0 
1 1 0 
2 3 3430 3431 0 
2 3 3427 3432 0 
1 1 0 
2 3 3433 3434 0 
1 1 0 
1 1 0 
1 1 0 
1 1 0 
2 3 3438 3439 0 
1 1 0 
1 1 0 
1 1 0 
2 3 3442 3443 0 
1 1 0 
1 1 0 
1 1 0 
1 1 0 
1 1 0 
2 3 3448 3449 0 
2 3 3447 3450 0 
2 3 3446 3451 0 
2 3 3445 3452 0 
2 3 3444 3453 0 
2 3 3441 3454 0 
2 3 3440 3455 0 
2 3 3437 3456 0 
2 3 3436 3457 0 
2 3 3435 3458 0 
2 3 3426 3459 0 
2 3 3425 3460 0 
1 1 0 
1 1 0 
1 1 0 
2 3 3463 3464 0 
1 1 0 
2 3 3465 3466 0 
2 3 3462 3467 0 
2 3 3461 3468 0 
3 2 0 3469 
3 2 0 3461 
3 2 0 3425 
3 2 0 3417 
3 2 0 3424 
3 2 0 3422 
3 2 0 3420 
3 2 0 3418 
3 2 0 3419 
3 2 0 3421 
3 2 0 3423 
3 2 0 3460 
3 2 0 3426 
3 2 0 3459 
3 2 0 3435 
3 2 0 3433 
3 2 0 3427 
3 2 0 3432 
3 2 0 3430 
3 2 0 3428 
3 2 0 3429 
3 2 0 3431 
3 2 0 3434 
3 2 0 3458 
3 2 0 3436 
3 2 0 3457 
3 2 0 3437 
3 2 0 3456 
3 2 0 3440 
3 2 0 3438 
3 2 0 3439 
3 2 0 3455 
3 2 0 3441 
3 2 0 3454 
3 2 0 3444 
3 2 0 3442 
3 2 0 3443 
3 2 0 3453 
3 2 0 3445 
3 2 0 3452 
3 2 0 3446 
3 2 0 3451 
3 2 0 3447 
3 2 0 3450 
3 2 0 3448 
3 2 0 3449 
3 2 0 3468 
3 2 0 3462 
3 2 0 3467 
3 2 0 3465 
3 2 0 3463 
3 2 0 3464 
3 2 0 3466 
1 1 0 
1 1 0 
2 3 3523 3524 0 
1 1 0 
1 1 0 
1 1 0 
1 1 0 
2 3 3528 3529 0 
2 3 3527 3530 0 
2 3 3526 3531 0 
1 1 0 
1 1 0 
2 3 3533 3534 0 
2 3 3532 3535 0 
1 1 0 
2 3 3536 3537 0 
1 1 0 
1 1 0 
1 1 0 
2 3 3540 3541 0 
1 1 0 
1 1 0 
1 1 0 
1 1 0 
2 3 3545 3546 0 
2 3 3544 3547 0 
1 1 0 
1 1 0 
2 3 3549 3550 0 
2 3 3548 3551 0 
2 3 3543 3552 0 
2 3 3542 3553 0 
2 3 3539 3554 0 
2 3 3538 3555 0 
1 1 0 
2 3 3556 3557 0 
2 3 3525 3558 0 
3 2 0 3559 
3 2 0 3525 
3 2 0 3523 
3 2 0 3524 
3 2 0 3558 
3 2 0 3556 
3 2 0 3538 
3 2 0 3536 
3 2 0 3532 
3 2 0 3526 
3 2 0 3531 
3 2 0 3527 
3 2 0 3530 
3 2 0 3528 
3 2 0 3529 
3 2 0 3535 
3 2 0 3533 
3 2 0 3534 
3 2 0 3537 
3 2 0 3555 
3 2 0 3539 
3 2 0 3554 
3 2 0 3542 
3 2 0 3540 
3 2 0 3541 
3 2 0 3553 
3 2 0 3543 
3 2 0 3552 
3 2 0 3548 
3 2 0 3544 
3 2 0 3547 
3 2 0 3545 
3 2 0 3546 
3 2 0 3551 
3 2 0 3549 
3 2 0 3550 
3 2 0 3557 
1 1 0 
1 1 0 
1 1 0 
2 3 3598 3599 0 
2 3 3597 3600 0 
1 1 0 
2 3 3601 3602 0 
1 1 0 
1 1 0 
1 1 0 
2 3 3605 3606 0 
1 1 0 
1 1 0 
1 1 0 
2 3 3609 3610 0 
1 1 0 
1 1 0 
1 1 0 
1 1 0 
2 3 3614 3615 0 
2 3 3613 3616 0 
2 3 3612 3617 0 
2 3 3611 3618 0 
2 3 3608 3619 0 
2 3 3607 3620 0 
2 3 3604 3621 0 
2 3 3603 3622 0 
1 1 0 
1 1 0 
1 1 0 
2 3 3625 3626 0 
1 1 0 
1 1 0 
2 3 3628 3629 0 
2 3 3627 3630 0 
1 1 0 
1 1 0 
1 1 0 
2 3 3633 3634 0 
2 3 3632 3635 0 
1 1 0 
1 1 0 
1 1 0 
1 1 0 
2 3 3639 3640 0 
2 3 3638 3641 0 
2 3 3637 3642 0 
2 3 3636 3643 0 
2 3 3631 3644 0 
2 3 3624 3645 0 
1 1 0 
2 3 3646 3647 0 
2 3 3623 3648 0 
3 2 0 3649 
3 2 0 3623 
3 2 0 3603 
3 2 0 3601 
3 2 0 3597 
3 2 0 3600 
3 2 0 3598 
3 2 0 3599 
3 2 0 3602 
3 2 0 3622 
3 2 0 3604 
3 2 0 3621 
3 2 0 3607 
3 2 0 3605 
3 2 0 3606 
3 2 0 3620 
3 2 0 3608 
3 2 0 3619 
3 2 0 3611 
3 2 0 3609 
3 2 0 3610 
3 2 0 3618 
3 2 0 3612 
3 2 0 3617 
3 2 0 3613 
3 2 0 3616 
3 2 0 3614 
3 2 0 3615 
3 2 0 3648 
3 2 0 3646 
3 2 0 3624 
3 2 0 3645 
3 2 0 3631 
3 2 0 3627 
3 2 0 3625 
3 2 0 3626 
3 2 0 3630 
3 2 0 3628 
3 2 0 3629 
3 2 0 3644 
3 2 0 3636 
3 2 0 3632 
3 2 0 3635 
3 2 0 3633 
3 2 0 3634 
3 2 0 3643 
3 2 0 3637 
3 2 0 3642 
3 2 0 3638 
3 2 0 3641 
3 2 0 3639 
3 2 0 3640 
3 2 0 3647 
1 1 0 
1 1 0 
1 1 0 
1 1 0 
1 1 0 
1 1 0 
2 3 3707 3708 0 
2 3 3706 3709 0 
1 1 0 
1 1 0 
1 1 0 
2 3 3712 3713 0 
2 3 3711 3714 0 
2 3 3710 3715 0 
1 1 0 
2 3 3716 3717 0 
2 3 3705 3718 0 
2 3 3704 3719 0 
2 3 3703 3720 0 
1 1 0 
1 1 0 
1 1 0 
1 1 0 
1 1 0 
1 1 0 
2 3 3726 3727 0 
1 1 0 
1 1 0 
1 1 0 
2 3 3730 3731 0 
1 1 0 
2 3 3732 3733 0 
1 1 0 
1 1 0 
2 3 3735 3736 0 
2 3 3734 3737 0 
2 3 3729 3738 0 
2 3 3728 3739 0 
1 1 0 
2 3 3740 3741 0 
2 3 3725 3742 0 
2 3 3724 3743 0 
2 3 3723 3744 0 
2 3 3722 3745 0 
2 3 3721 3746 0 
3 2 0 3747 
3 2 0 3721 
3 2 0 3703 
3 2 0 3720 
3 2 0 3704 
3 2 0 3719 
3 2 0 3705 
3 2 0 3718 
3 2 0 3716 
3 2 0 3710 
3 2 0 3706 
3 2 0 3709 
3 2 0 3707 
3 2 0 3708 
3 2 0 3715 
3 2 0 3711 
3 2 0 3714 
3 2 0 3712 
3 2 0 3713 
3 2 0 3717 
3 2 0 3746 
3 2 0 3722 
3 2 0 3745 
3 2 0 3723 
3 2 0 3744 
3 2 0 3724 
3 2 0 3743 
3 2 0 3725 
3 2 0 3742 
3 2 0 3740 
3 2 0 3728 
3 2 0 3726 
3 2 0 3727 
3 2 0 3739 
3 2 0 3729 
3 2 0 3738 
3 2 0 3734 
3 2 0 3732 
3 2 0 3730 
3 2 0 3731 
3 2 0 3733 
3 2 0 3737 
3 2 0 3735 
3 2 0 3736 
3 2 0 3741 
1 1 0 
1 1 0 
1 1 0 
1 1 0 
2 3 3795 3796 0 
1 1 0 
1 1 0 
1 1 0 
1 1 0 
2 3 3800 3801 0 
2 3 3799 3802 0 
1 1 0 
1 1 0 
1 1 0 
1 1 0 
2 3 3806 3807 0 
2 3 3805 3808 0 
1 1 0 
2 3 3809 3810 0 
1 1 0 
1 1 0 
1 1 0 
1 1 0 
2 3 3814 3815 0 
2 3 3813 3816 0 
2 3 3812 3817 0 
2 3 3811 3818 0 
2 3 3804 3819 0 
2 3 3803 3820 0 
2 3 3798 3821 0 
1 1 0 
2 3 3822 3823 0 
2 3 3797 3824 0 
2 3 3794 3825 0 
2 3 3793 3826 0 
3 2 0 3827 
3 2 0 3793 
3 2 0 3826 
3 2 0 3794 
3 2 0 3825 
3 2 0 3797 
3 2 0 3795 
3 2 0 3796 
3 2 0 3824 
3 2 0 3822 
3 2 0 3798 
3 2 0 3821 
3 2 0 3803 
3 2 0 3799 
3 2 0 3802 
3 2 0 3800 
3 2 0 3801 
3 2 0 3820 
3 2 0 3804 
3 2 0 3819 
3 2 0 3811 
3 2 0 3809 
3 2 0 3805 
3 2 0 3808 
3 2 0 3806 
3 2 0 3807 
3 2 0 3810 
3 2 0 3818 
3 2 0 3812 
3 2 0 3817 
3 2 0 3813 
3 2 0 3816 
3 2 0 3814 
3 2 0 3815 
3 2 0 3823 
1 1 0 
1 1 0 
2 3 3863 3864 0 
1 1 0 
1 1 0 
1 1 0 
1 1 0 
2 3 3868 3869 0 
1 1 0 
1 1 0 
2 3 3871 3872 0 
2 3 3870 3873 0 
1 1 0 
2 3 3874 3875 0 
2 3 3867 3876 0 
2 3 3866 3877 0 
2 3 3865 3878 0 
1 1 0 
1 1 0 
1 1 0 
2 3 3881 3882 0 
2 3 3880 3883 0 
2 3 3879 3884 0 
1 1 0 
2 3 3885 3886 0 
3 2 0 3887 
3 2 0 3885 
3 2 0 3879 
3 2 0 3865 
3 2 0 3863 
3 2 0 3864 
3 2 0 3878 
3 2 0 3866 
3 2 0 3877 
3 2 0 3867 
3 2 0 3876 
3 2 0 3874 
3 2 0 3870 
3 2 0 3868 
3 2 0 3869 
3 2 0 3873 
3 2 0 3871 
3 2 0 3872 
3 2 0 3875 
3 2 0 3884 
3 2 0 3880 
3 2 0 3883 
3 2 0 3881 
3 2 0 3882 
3 2 0 3886 
1 1 0 
1 1 0 
2 3 3913 3914 0 
1 1 0 
1 1 0 
1 1 0 
1 1 0 
2 3 3918 3919 0 
2 3 3917 3920 0 
1 1 0 
1 1 0 
1 1 0 
1 1 0 
2 3 3924 3925 0 
1 1 0 
1 1 0 
1 1 0 
2 3 3928 3929 0 
2 3 3927 3930 0 
2 3 3926 3931 0 
1 1 0 
2 3 3932 3933 0 
1 1 0 
1 1 0 
2 3 3935 3936 0 
2 3 3934 3937 0 
2 3 3923 3938 0 
2 3 3922 3939 0 
2 3 3921 3940 0 
2 3 3916 3941 0 
1 1 0 
2 3 3942 3943 0 
2 3 3915 3944 0 
3 2 0 3945 
3 2 0 3915 
3 2 0 3913 
3 2 0 3914 
3 2 0 3944 
3 2 0 3942 
3 2 0 3916 
3 2 0 3941 
3 2 0 3921 
3 2 0 3917 
3 2 0 3920 
3 2 0 3918 
3 2 0 3919 
3 2 0 3940 
3 2 0 3922 
3 2 0 3939 
3 2 0 3923 
3 2 0 3938 
3 2 0 3934 
3 2 0 3932 
3 2 0 3926 
3 2 0 3924 
3 2 0 3925 
3 2 0 3931 
3 2 0 3927 
3 2 0 3930 
3 2 0 3928 
3 2 0 3929 
3 2 0 3933 
3 2 0 3937 
3 2 0 3935 
3 2 0 3936 
3 2 0 3943 
1 1 0 
1 1 0 
2 3 3979 3980 0 
1 1 0 
2 3 3981 3982 0 
1 1 0 
1 1 0 
1 1 0 
2 3 3985 3986 0 
2 3 3984 3987 0 
1 1 0 
1 1 0 
1 1 0 
1 1 0 
2 3 3991 3992 0 
1 1 0 
1 1 0 
1 1 0 
2 3 3995 3996 0 
2 3 3994 3997 0 
2 3 3993 3998 0 
2 3 3990 3999 0 
2 3 3989 4000 0 
2 3 3988 4001 0 
2 3 3983 4002 0 
1 1 0 
2 3 4003 4004 0 
3 2 0 4005 
3 2 0 4003 
3 2 0 3983 
3 2 0 3981 
3 2 0 3979 
3 2 0 3980 
3 2 0 3982 
3 2 0 4002 
3 2 0 3988 
3 2 0 3984 
3 2 0 3987 
3 2 0 3985 
3 2 0 3986 
3 2 0 4001 
3 2 0 3989 
3 2 0 4000 
3 2 0 3990 
3 2 0 3999 
3 2 0 3993 
3 2 0 3991 
3 2 0 3992 
3 2 0 3998 
3 2 0 3994 
3 2 0 3997 
3 2 0 3995 
3 2 0 3996 
3 2 0 4004 
1 1 0 
1 1 0 
1 1 0 
1 1 0 
1 1 0 
1 1 0 
1 1 0 
2 3 4038 4039 0 
2 3 4037 4040 0 
1 1 0 
1 1 0 
2 3 4042 4043 0 
2 3 4041 4044 0 
2 3 4036 4045 0 
2 3 4035 4046 0 
2 3 4034 4047 0 
2 3 4033 4048 0 
1 1 0 
2 3 4049 4050 0 
1 1 0 
1 1 0 
1 1 0 
1 1 0 
1 1 0 
1 1 0 
1 1 0 
2 3 4057 4058 0 
1 1 0 
2 3 4059 4060 0 
1 1 0 
2 3 4061 4062 0 
1 1 0 
2 3 4063 4064 0 
1 1 0 
2 3 4065 4066 0 
1 1 0 
2 3 4067 4068 0 
2 3 4056 4069 0 
2 3 4055 4070 0 
2 3 4054 4071 0 
2 3 4053 4072 0 
2 3 4052 4073 0 
2 3 4051 4074 0 
1 1 0 
2 3 4075 4076 0 
3 2 0 4077 
3 2 0 4075 
3 2 0 4051 
3 2 0 4049 
3 2 0 4033 
3 2 0 4048 
3 2 0 4034 
3 2 0 4047 
3 2 0 4035 
3 2 0 4046 
3 2 0 4036 
3 2 0 4045 
3 2 0 4041 
3 2 0 4037 
3 2 0 4040 
3 2 0 4038 
3 2 0 4039 
3 2 0 4044 
3 2 0 4042 
3 2 0 4043 
3 2 0 4050 
3 2 0 4074 
3 2 0 4052 
3 2 0 4073 
3 2 0 4053 
3 2 0 4072 
3 2 0 4054 
3 2 0 4071 
3 2 0 4055 
3 2 0 4070 
3 2 0 4056 
3 2 0 4069 
3 2 0 4067 
3 2 0 4065 
3 2 0 4063 
3 2 0 4061 
3 2 0 4059 
3 2 0 4057 
3 2 0 4058 
3 2 0 4060 
3 2 0 4062 
3 2 0 4064 
3 2 0 4066 
3 2 0 4068 
3 2 0 4076 
1 1 0 
1 1 0 
1 1 0 
2 3 4124 4125 0 
1 1 0 
2 3 4126 4127 0 
1 1 0 
2 3 4128 4129 0 
1 1 0 
1 1 0 
1 1 0 
1 1 0 
2 3 4133 4134 0 
2 3 4132 4135 0 
1 1 0 
1 1 0 
1 1 0 
2 3 4138 4139 0 
2 3 4137 4140 0 
2 3 4136 4141 0 
2 3 4131 4142 0 
2 3 4130 4143 0 
2 3 4123 4144 0 
1 1 0 
1 1 0 
1 1 0 
2 3 4147 4148 0 
1 1 0 
2 3 4149 4150 0 
1 1 0 
1 1 0 
1 1 0 
1 1 0 
2 3 4154 4155 0 
2 3 4153 4156 0 
2 3 4152 4157 0 
2 3 4151 4158 0 
1 1 0 
2 3 4159 4160 0 
1 1 0 
1 1 0 
1 1 0 
2 3 4163 4164 0 
1 1 0 
2 3 4165 4166 0 
2 3 4162 4167 0 
1 1 0 
1 1 0 
1 1 0 
1 1 0 
1 1 0 
2 3 4172 4173 0 
1 1 0 
2 3 4174 4175 0 
2 3 4171 4176 0 
2 3 4170 4177 0 
2 3 4169 4178 0 
2 3 4168 4179 0 
1 1 0 
2 3 4180 4181 0 
2 3 4161 4182 0 
2 3 4146 4183 0 
2 3 4145 4184 0 
3 2 0 4185 
3 2 0 4145 
3 2 0 4123 
3 2 0 4144 
3 2 0 4130 
3 2 0 4128 
3 2 0 4126 
3 2 0 4124 
3 2 0 4125 
3 2 0 4127 
3 2 0 4129 
3 2 0 4143 
3 2 0 4131 
3 2 0 4142 
3 2 0 4136 
3 2 0 4132 
3 2 0 4135 
3 2 0 4133 
3 2 0 4134 
3 2 0 4141 
3 2 0 4137 
3 2 0 4140 
3 2 0 4138 
3 2 0 4139 
3 2 0 4184 
3 2 0 4146 
3 2 0 4183 
3 2 0 4161 
3 2 0 4159 
3 2 0 4151 
3 2 0 4149 
3 2 0 4147 
3 2 0 4148 
3 2 0 4150 
3 2 0 4158 
3 2 0 4152 
3 2 0 4157 
3 2 0 4153 
3 2 0 4156 
3 2 0 4154 
3 2 0 4155 
3 2 0 4160 
3 2 0 4182 
3 2 0 4180 
3 2 0 4168 
3 2 0 4162 
3 2 0 4167 
3 2 0 4165 
3 2 0 4163 
3 2 0 4164 
3 2 0 4166 
3 2 0 4179 
3 2 0 4169 
3 2 0 4178 
3 2 0 4170 
3 2 0 4177 
3 2 0 4171 
3 2 0 4176 
3 2 0 4174 
3 2 0 4172 
3 2 0 4173 
3 2 0 4175 
3 2 0 4181 
1 1 0 
1 1 0 
1 1 0 
2 3 4250 4251 0 
1 1 0 
1 1 0 
1 1 0 
1 1 0 
1 1 0 
1 1 0 
1 1 0 
2 3 4258 4259 0 
2 3 4257 4260 0 
1 1 0 
1 1 0 
1 1 0 
1 1 0 
2 3 4264 4265 0 
2 3 4263 4266 0 
2 3 4262 4267 0 
2 3 4261 4268 0 
2 3 4256 4269 0 
2 3 4255 4270 0 
2 3 4254 4271 0 
2 3 4253 4272 0 
2 3 4252 4273 0 
2 3 4249 4274 0 
1 1 0 
2 3 4275 4276 0 
1 1 0 
2 3 4277 4278 0 
1 1 0 
1 1 0 
1 1 0 
1 1 0 
2 3 4282 4283 0 
1 1 0 
1 1 0 
1 1 0 
2 3 4286 4287 0 
2 3 4285 4288 0 
2 3 4284 4289 0 
1 1 0 
1 1 0 
1 1 0 
1 1 0 
1 1 0 
1 1 0 
2 3 4295 4296 0 
1 1 0 
2 3 4297 4298 0 
1 1 0 
1 1 0 
2 3 4300 4301 0 
2 3 4299 4302 0 
1 1 0 
1 1 0 
2 3 4304 4305 0 
2 3 4303 4306 0 
2 3 4294 4307 0 
2 3 4293 4308 0 
2 3 4292 4309 0 
2 3 4291 4310 0 
2 3 4290 4311 0 
2 3 4281 4312 0 
2 3 4280 4313 0 
2 3 4279 4314 0 
1 1 0 
2 3 4315 4316 0 
3 2 0 4317 
3 2 0 4315 
3 2 0 4279 
3 2 0 4277 
3 2 0 4275 
3 2 0 4249 
3 2 0 4274 
3 2 0 4252 
3 2 0 4250 
3 2 0 4251 
3 2 0 4273 
3 2 0 4253 
3 2 0 4272 
3 2 0 4254 
3 2 0 4271 
3 2 0 4255 
3 2 0 4270 
3 2 0 4256 
3 2 0 4269 
3 2 0 4261 
3 2 0 4257 
3 2 0 4260 
3 2 0 4258 
3 2 0 4259 
3 2 0 4268 
3 2 0 4262 
3 2 0 4267 
3 2 0 4263 
3 2 0 4266 
3 2 0 4264 
3 2 0 4265 
3 2 0 4276 
3 2 0 4278 
3 2 0 4314 
3 2 0 4280 
3 2 0 4313 
3 2 0 4281 
3 2 0 4312 
3 2 0 4290 
3 2 0 4284 
3 2 0 4282 
3 2 0 4283 
3 2 0 4289 
3 2 0 4285 
3 2 0 4288 
3 2 0 4286 
3 2 0 4287 
3 2 0 4311 
3 2 0 4291 
3 2 0 4310 
3 2 0 4292 
3 2 0 4309 
3 2 0 4293 
3 2 0 4308 
3 2 0 4294 
3 2 0 4307 
3 2 0 4303 
3 2 0 4299 
3 2 0 4297 
3 2 0 4295 
3 2 0 4296 
3 2 0 4298 
3 2 0 4302 
3 2 0 4300 
3 2 0 4301 
3 2 0 4306 
3 2 0 4304 
3 2 0 4305 
3 2 0 4316 
1 1 0 
1 1 0 
1 1 0 
2 3 4388 4389 0 
2 3 4387 4390 0 
1 1 0 
1 1 0 
1 1 0 
1 1 0 
2 3 4394 4395 0 
1 1 0 
1 1 0 
1 1 0 
1 1 0 
1 1 0 
1 1 0 
2 3 4401 4402 0 
2 3 4400 4403 0 
1 1 0 
1 1 0 
1 1 0 
1 1 0 
1 1 0 
1 1 0 
1 1 0 
1 1 0 
2 3 4411 4412 0 
2 3 4410 4413 0 
2 3 4409 4414 0 
2 3 4408 4415 0 
2 3 4407 4416 0 
2 3 4406 4417 0 
2 3 4405 4418 0 
2 3 4404 4419 0 
2 3 4399 4420 0 
2 3 4398 4421 0 
2 3 4397 4422 0 
2 3 4396 4423 0 
1 1 0 
2 3 4424 4425 0 
2 3 4393 4426 0 
2 3 4392 4427 0 
2 3 4391 4428 0 
3 2 0 4429 
3 2 0 4391 
3 2 0 4387 
3 2 0 4390 
3 2 0 4388 
3 2 0 4389 
3 2 0 4428 
3 2 0 4392 
3 2 0 4427 
3 2 0 4393 
3 2 0 4426 
3 2 0 4424 
3 2 0 4396 
3 2 0 4394 
3 2 0 4395 
3 2 0 4423 
3 2 0 4397 
3 2 0 4422 
3 2 0 4398 
3 2 0 4421 
3 2 0 4399 
3 2 0 4420 
3 2 0 4404 
3 2 0 4400 
3 2 0 4403 
3 2 0 4401 
3 2 0 4402 
3 2 0 4419 
3 2 0 4405 
3 2 0 4418 
3 2 0 4406 
3 2 0 4417 
3 2 0 4407 
3 2 0 4416 
3 2 0 4408 
3 2 0 4415 
3 2 0 4409 
3 2 0 4414 
3 2 0 4410 
3 2 0 4413 
3 2 0 4411 
3 2 0 4412 
3 2 0 4425 
1 1 0 
1 1 0 
2 3 4473 4474 0 
1 1 0 
1 1 0 
1 1 0 
1 1 0 
2 3 4478 4479 0 
2 3 4477 4480 0 
2 3 4476 4481 0 
2 3 4475 4482 0 
1 1 0 
1 1 0 
1 1 0 
2 3 4485 4486 0 
1 1 0 
1 1 0 
1 1 0 
1 1 0 
2 3 4490 4491 0 
1 1 0 
1 1 0 
2 3 4493 4494 0 
1 1 0 
1 1 0 
2 3 4496 4497 0 
2 3 4495 4498 0 
1 1 0 
2 3 4499 4500 0 
1 1 0 
1 1 0 
1 1 0 
1 1 0 
1 1 0 
1 1 0 
2 3 4506 4507 0 
2 3 4505 4508 0 
2 3 4504 4509 0 
2 3 4503 4510 0 
2 3 4502 4511 0 
2 3 4501 4512 0 
2 3 4492 4513 0 
2 3 4489 4514 0 
2 3 4488 4515 0 
1 1 0 
2 3 4516 4517 0 
2 3 4487 4518 0 
2 3 4484 4519 0 
2 3 4483 4520 0 
3 2 0 4521 
3 2 0 4483 
3 2 0 4475 
3 2 0 4473 
3 2 0 4474 
3 2 0 4482 
3 2 0 4476 
3 2 0 4481 
3 2 0 4477 
3 2 0 4480 
3 2 0 4478 
3 2 0 4479 
3 2 0 4520 
3 2 0 4484 
3 2 0 4519 
3 2 0 4487 
3 2 0 4485 
3 2 0 4486 
3 2 0 4518 
3 2 0 4516 
3 2 0 4488 
3 2 0 4515 
3 2 0 4489 
3 2 0 4514 
3 2 0 4492 
3 2 0 4490 
3 2 0 4491 
3 2 0 4513 
3 2 0 4501 
3 2 0 4499 
3 2 0 4495 
3 2 0 4493 
3 2 0 4494 
3 2 0 4498 
3 2 0 4496 
3 2 0 4497 
3 2 0 4500 
3 2 0 4512 
3 2 0 4502 
3 2 0 4511 
3 2 0 4503 
3 2 0 4510 
3 2 0 4504 
3 2 0 4509 
3 2 0 4505 
3 2 0 4508 
3 2 0 4506 
3 2 0 4507 
3 2 0 4517 
1 1 0 
1 1 0 
1 1 0 
2 3 4572 4573 0 
2 3 4571 4574 0 
1 1 0 
2 3 4575 4576 0 
1 1 0 
1 1 0 
1 1 0 
2 3 4579 4580 0 
2 3 4578 4581 0 
1 1 0 
2 3 4582 4583 0 
1 1 0 
1 1 0 
1 1 0 
2 3 4586 4587 0 
2 3 4585 4588 0 
2 3 4584 4589 0 
2 3 4577 4590 0 
1 1 0 
1 1 0 
2 3 4592 4593 0 
2 3 4591 4594 0 
1 1 0 
2 3 4595 4596 0 
1 1 0 
1 1 0 
1 1 0 
1 1 0 
1 1 0 
2 3 4601 4602 0 
2 3 4600 4603 0 
2 3 4599 4604 0 
1 1 0 
2 3 4605 4606 0 
1 1 0 
1 1 0 
2 3 4608 4609 0 
1 1 0 
2 3 4610 4611 0 
1 1 0 
2 3 4612 4613 0 
2 3 4607 4614 0 
1 1 0 
1 1 0 
1 1 0 
2 3 4617 4618 0 
1 1 0 
1 1 0 
1 1 0 
2 3 4621 4622 0 
2 3 4620 4623 0 
2 3 4619 4624 0 
2 3 4616 4625 0 
2 3 4615 4626 0 
2 3 4598 4627 0 
2 3 4597 4628 0 
1 1 0 
2 3 4629 4630 0 
3 2 0 4631 
3 2 0 4629 
3 2 0 4597 
3 2 0 4595 
3 2 0 4591 
3 2 0 4577 
3 2 0 4575 
3 2 0 4571 
3 2 0 4574 
3 2 0 4572 
3 2 0 4573 
3 2 0 4576 
3 2 0 4590 
3 2 0 4584 
3 2 0 4582 
3 2 0 4578 
3 2 0 4581 
3 2 0 4579 
3 2 0 4580 
3 2 0 4583 
3 2 0 4589 
3 2 0 4585 
3 2 0 4588 
3 2 0 4586 
3 2 0 4587 
3 2 0 4594 
3 2 0 4592 
3 2 0 4593 
3 2 0 4596 
3 2 0 4628 
3 2 0 4598 
3 2 0 4627 
3 2 0 4615 
3 2 0 4607 
3 2 0 4605 
3 2 0 4599 
3 2 0 4604 
3 2 0 4600 
3 2 0 4603 
3 2 0 4601 
3 2 0 4602 
3 2 0 4606 
3 2 0 4614 
3 2 0 4612 
3 2 0 4610 
3 2 0 4608 
3 2 0 4609 
3 2 0 4611 
3 2 0 4613 
3 2 0 4626 
3 2 0 4616 
3 2 0 4625 
3 2 0 4619 
3 2 0 4617 
3 2 0 4618 
3 2 0 4624 
3 2 0 4620 
3 2 0 4623 
3 2 0 4621 
3 2 0 4622 
3 2 0 4630 
1 1 0 
1 1 0 
1 1 0 
2 3 4694 4695 0 
1 1 0 
1 1 0 
1 1 0 
2 3 4698 4699 0 
1 1 0 
2 3 4700 4701 0 
2 3 4697 4702 0 
2 3 4696 4703 0 
2 3 4693 4704 0 
1 1 0 
1 1 0 
1 1 0 
1 1 0 
1 1 0 
2 3 4709 4710 0 
2 3 4708 4711 0 
1 1 0 
2 3 4712 4713 0 
1 1 0 
1 1 0 
2 3 4715 4716 0 
1 1 0 
2 3 4717 4718 0 
2 3 4714 4719 0 
1 1 0 
2 3 4720 4721 0 
2 3 4707 4722 0 
2 3 4706 4723 0 
2 3 4705 4724 0 
3 2 0 4725 
3 2 0 4705 
3 2 0 4693 
3 2 0 4704 
3 2 0 4696 
3 2 0 4694 
3 2 0 4695 
3 2 0 4703 
3 2 0 4697 
3 2 0 4702 
3 2 0 4700 
3 2 0 4698 
3 2 0 4699 
3 2 0 4701 
3 2 0 4724 
3 2 0 4706 
3 2 0 4723 
3 2 0 4707 
3 2 0 4722 
3 2 0 4720 
3 2 0 4714 
3 2 0 4712 
3 2 0 4708 
3 2 0 4711 
3 2 0 4709 
3 2 0 4710 
3 2 0 4713 
3 2 0 4719 
3 2 0 4717 
3 2 0 4715 
3 2 0 4716 
3 2 0 4718 
3 2 0 4721 
1 1 0 
1 1 0 
2 3 4759 4760 0 
1 1 0 
2 3 4761 4762 0 
1 1 0 
1 1 0 
1 1 0 
2 3 4765 4766 0 
2 3 4764 4767 0 
1 1 0 
2 3 4768 4769 0 
1 1 0 
1 1 0 
1 1 0 
2 3 4772 4773 0 
1 1 0 
1 1 0 
1 1 0 
1 1 0 
2 3 4777 4778 0 
2 3 4776 4779 0 
2 3 4775 4780 0 
2 3 4774 4781 0 
1 1 0 
1 1 0 
1 1 0 
1 1 0 
1 1 0 
1 1 0 
1 1 0 
1 1 0 
2 3 4789 4790 0 
2 3 4788 4791 0 
2 3 4787 4792 0 
2 3 4786 4793 0 
2 3 4785 4794 0 
2 3 4784 4795 0 
2 3 4783 4796 0 
2 3 4782 4797 0 
2 3 4771 4798 0 
2 3 4770 4799 0 
1 1 0 
2 3 4800 4801 0 
2 3 4763 4802 0 
3 2 0 4803 
3 2 0 4763 
3 2 0 4761 
3 2 0 4759 
3 2 0 4760 
3 2 0 4762 
3 2 0 4802 
3 2 0 4800 
3 2 0 4770 
3 2 0 4768 
3 2 0 4764 
3 2 0 4767 
3 2 0 4765 
3 2 0 4766 
3 2 0 4769 
3 2 0 4799 
3 2 0 4771 
3 2 0 4798 
3 2 0 4782 
3 2 0 4774 
3 2 0 4772 
3 2 0 4773 
3 2 0 4781 
3 2 0 4775 
3 2 0 4780 
3 2 0 4776 
3 2 0 4779 
3 2 0 4777 
3 2 0 4778 
3 2 0 4797 
3 2 0 4783 
3 2 0 4796 
3 2 0 4784 
3 2 0 4795 
3 2 0 4785 
3 2 0 4794 
3 2 0 4786 
3 2 0 4793 
3 2 0 4787 
3 2 0 4792 
3 2 0 4788 
3 2 0 4791 
3 2 0 4789 
3 2 0 4790 
3 2 0 4801 
1 1 0 
1 1 0 
1 1 0 
2 3 4850 4851 0 
2 3 4849 4852 0 
1 1 0 
1 1 0 
2 3 4854 4855 0 
2 3 4853 4856 0 
1 1 0 
2 3 4857 4858 0 
1 1 0 
1 1 0 
2 3 4860 4861 0 
1 1 0 
1 1 0 
1 1 0 
2 3 4864 4865 0 
1 1 0 
2 3 4866 4867 0 
1 1 0 
2 3 4868 4869 0 
1 1 0 
1 1 0 
1 1 0 
1 1 0 
1 1 0 
1 1 0 
2 3 4875 4876 0 
2 3 4874 4877 0 
2 3 4873 4878 0 
2 3 4872 4879 0 
2 3 4871 4880 0 
2 3 4870 4881 0 
2 3 4863 4882 0 
2 3 4862 4883 0 
2 3 4859 4884 0 
1 1 0 
1 1 0 
2 3 4886 4887 0 
1 1 0 
2 3 4888 4889 0 
1 1 0 
2 3 4890 4891 0 
2 3 4885 4892 0 
3 2 0 4893 
3 2 0 4885 
3 2 0 4859 
3 2 0 4857 
3 2 0 4853 
3 2 0 4849 
3 2 0 4852 
3 2 0 4850 
3 2 0 4851 
3 2 0 4856 
3 2 0 4854 
3 2 0 4855 
3 2 0 4858 
3 2 0 4884 
3 2 0 4862 
3 2 0 4860 
3 2 0 4861 
3 2 0 4883 
3 2 0 4863 
3 2 0 4882 
3 2 0 4870 
3 2 0 4868 
3 2 0 4866 
3 2 0 4864 
3 2 0 4865 
3 2 0 4867 
3 2 0 4869 
3 2 0 4881 
3 2 0 4871 
3 2 0 4880 
3 2 0 4872 
3 2 0 4879 
3 2 0 4873 
3 2 0 4878 
3 2 0 4874 
3 2 0 4877 
3 2 0 4875 
3 2 0 4876 
3 2 0 4892 
3 2 0 4890 
3 2 0 4888 
3 2 0 4886 
3 2 0 4887 
3 2 0 4889 
3 2 0 4891 
1 1 0 
1 1 0 
1 1 0 
1 1 0 
2 3 4941 4942 0 
1 1 0 
2 3 4943 4944 0 
2 3 4940 4945 0 
1 1 0 
1 1 0 
1 1 0 
1 1 0 
1 1 0 
2 3 4950 4951 0 
1 1 0 
1 1 0 
1 1 0 
1 1 0 
2 3 4955 4956 0 
1 1 0 
1 1 0 
1 1 0 
2 3 4959 4960 0 
1 1 0 
1 1 0 
2 3 4962 4963 0 
2 3 4961 4964 0 
2 3 4958 4965 0 
2 3 4957 4966 0 
2 3 4954 4967 0 
2 3 4953 4968 0 
2 3 4952 4969 0 
2 3 4949 4970 0 
2 3 4948 4971 0 
2 3 4947 4972 0 
2 3 4946 4973 0 
1 1 0 
2 3 4974 4975 0 
2 3 4939 4976 0 
3 2 0 4977 
3 2 0 4939 
3 2 0 4976 
3 2 0 4974 
3 2 0 4946 
3 2 0 4940 
3 2 0 4945 
3 2 0 4943 
3 2 0 4941 
3 2 0 4942 
3 2 0 4944 
3 2 0 4973 
3 2 0 4947 
3 2 0 4972 
3 2 0 4948 
3 2 0 4971 
3 2 0 4949 
3 2 0 4970 
3 2 0 4952 
3 2 0 4950 
3 2 0 4951 
3 2 0 4969 
3 2 0 4953 
3 2 0 4968 
3 2 0 4954 
3 2 0 4967 
3 2 0 4957 
3 2 0 4955 
3 2 0 4956 
3 2 0 4966 
3 2 0 4958 
3 2 0 4965 
3 2 0 4961 
3 2 0 4959 
3 2 0 4960 
3 2 0 4964 
3 2 0 4962 
3 2 0 4963 
3 2 0 4975 
1 1 0 
1 1 0 
1 1 0 
2 3 5018 5019 0 
2 3 5017 5020 0 
1 1 0 
1 1 0 
1 1 0 
1 1 0 
1 1 0 
2 3 5025 5026 0 
1 1 0 
2 3 5027 5028 0 
2 3 5024 5029 0 
2 3 5023 5030 0 
2 3 5022 5031 0 
1 1 0 
2 3 5032 5033 0 
1 1 0 
1 1 0 
1 1 0 
1 1 0 
1 1 0 
1 1 0 
1 1 0 
1 1 0 
1 1 0 
2 3 5042 5043 0 
2 3 5041 5044 0 
2 3 5040 5045 0 
2 3 5039 5046 0 
2 3 5038 5047 0 
2 3 5037 5048 0 
2 3 5036 5049 0 
2 3 5035 5050 0 
1 1 0 
2 3 5051 5052 0 
1 1 0 
2 3 5053 5054 0 
1 1 0 
1 1 0 
2 3 5056 5057 0 
1 1 0 
1 1 0 
1 1 0 
1 1 0 
2 3 5061 5062 0 
2 3 5060 5063 0 
2 3 5059 5064 0 
2 3 5058 5065 0 
2 3 5055 5066 0 
2 3 5034 5067 0 
1 1 0 
2 3 5068 5069 0 
2 3 5021 5070 0 
3 2 0 5071 
3 2 0 5021 
3 2 0 5017 
3 2 0 5020 
3 2 0 5018 
3 2 0 5019 
3 2 0 5070 
3 2 0 5068 
3 2 0 5034 
3 2 0 5032 
3 2 0 5022 
3 2 0 5031 
3 2 0 5023 
3 2 0 5030 
3 2 0 5024 
3 2 0 5029 
3 2 0 5027 
3 2 0 5025 
3 2 0 5026 
3 2 0 5028 
3 2 0 5033 
3 2 0 5067 
3 2 0 5055 
3 2 0 5053 
3 2 0 5051 
3 2 0 5035 
3 2 0 5050 
3 2 0 5036 
3 2 0 5049 
3 2 0 5037 
3 2 0 5048 
3 2 0 5038 
3 2 0 5047 
3 2 0 5039 
3 2 0 5046 
3 2 0 5040 
3 2 0 5045 
3 2 0 5041 
3 2 0 5044 
3 2 0 5042 
3 2 0 5043 
3 2 0 5052 
3 2 0 5054 
3 2 0 5066 
3 2 0 5058 
3 2 0 5056 
3 2 0 5057 
3 2 0 5065 
3 2 0 5059 
3 2 0 5064 
3 2 0 5060 
3 2 0 5063 
3 2 0 5061 
3 2 0 5062 
3 2 0 5069 
1 1 0 
1 1 0 
1 1 0 
2 3 5128 5129 0 
1 1 0 
2 3 5130 5131 0 
1 1 0 
2 3 5132 5133 0 
2 3 5127 5134 0 
1 1 0 
1 1 0 
2 3 5136 5137 0 
2 3 5135 5138 0 
1 1 0 
2 3 5139 5140 0 
3 2 0 5141 
3 2 0 5139 
3 2 0 5135 
3 2 0 5127 
3 2 0 5134 
3 2 0 5132 
3 2 0 5130 
3 2 0 5128 
3 2 0 5129 
3 2 0 5131 
3 2 0 5133 
3 2 0 5138 
3 2 0 5136 
3 2 0 5137 
3 2 0 5140 
37 2578 20 21 22 23 24 25 26 27 28 29 30 31 32 33 34 35 36 37 38 80 81 82 83 84 85 86 87 88 89 90 91 92 93 94 95 96 97 98 99 100 101 102 103 104 105 106 107 108 109 110 111 112 113 114 115 116 117 118 119 120 150 151 152 153 154 155 156 157 158 159 160 161 162 163 164 165 166 167 168 169 170 171 172 173 174 175 176 177 178 242 243 244 245 246 247 248 249 250 251 252 253 254 255 256 257 258 259 260 261 262 263 264 265 266 267 268 269 270 271 272 273 274 275 276 277 278 279 280 281 282 283 284 285 286 287 288 289 290 291 292 293 294 295 296 297 298 299 300 301 302 303 304 374 375 376 377 378 379 380 381 382 383 384 385 386 387 388 389 390 391 392 393 394 395 396 397 398 399 400 401 402 403 404 405 406 407 408 409 410 411 412 413 414 415 416 417 418 419 420 421 422 423 424 425 426 427 428 429 430 431 432 433 434 435 436 437 438 439 440 441 442 508 509 510 511 512 513 514 515 516 517 518 519 520 521 522 523 524 525 526 527 528 529 530 531 532 533 534 535 536 537 538 539 540 541 542 543 544 545 546 547 548 549 550 551 552 553 554 555 556 557 558 559 560 561 562 563 564 565 566 567 568 569 570 571 572 594 595 596 597 598 599 600 601 602 603 604 605 606 607 608 609 610 611 612 613 614 632 633 634 635 636 637 638 639 640 641 642 643 644 645 646 647 648 714 715 716 717 718 719 720 721 722 723 724 725 726 727 728 729 730 731 732 733 734 735 736 737 738 739 740 741 742 743 744 745 746 747 748 749 750 751 752 753 754 755 756 757 758 759 760 761 762 763 764 765 766 767 768 769 770 771 772 773 774 775 776 777 778 818 819 820 821 822 823 824 825 826 827 828 829 830 831 832 833 834 835 836 837 838 839 840 841 842 843 844 845 846 847 848 849 850 851 852 853 854 855 856 898 899 900 901 902 903 904 905 906 907 908 909 910 911 912 913 914 915 916 917 918 919 920 921 922 923 924 925 926 927 928 929 930 931 932 933 934 935 936 937 938 950 951 952 953 954 955 956 957 958 959 960 1008 1009 1010 1011 1012 1013 1014 1015 1016 1017 1018 1019 1020 1021 1022 1023 1024 1025 1026 1027 1028 1029 1030 1031 1032 1033 1034 1035 1036 1037 1038 1039 1040 1041 1042 1043 1044 1045 1046 1047 1048 1049 1050 1051 1052 1053 1054 1092 1093 1094 1095 1096 1097 1098 1099 1100 1101 1102 1103 1104 1105 1106 1107 1108 1109 1110 1111 1112 1113 1114 1115 1116 1117 1118 1119 1120 1121 1122 1123 1124 1125 1126 1127 1128 1188 1189 1190 1191 1192 1193 1194 1195 1196 1197 1198 1199 1200 1201 1202 1203 1204 1205 1206 1207 1208 1209 1210 1211 1212 1213 1214 1215 1216 1217 1218 1219 1220 1221 1222 1223 1224 1225 1226 1227 1228 1229 1230 1231 1232 1233 1234 1235 1236 1237 1238 1239 1240 1241 1242 1243 1244 1245 1246 1250 1251 1252 1284 1285 1286 1287 1288 1289 1290 1291 1292 1293 1294 1295 1296 1297 1298 1299 1300 1301 1302 1303 1304 1305 1306 1307 1308 1309 1310 1311 1312 1313 1314 1332 1333 1334 1335 1336 1337 1338 1339 1340 1341 1342 1343 1344 1345 1346 1347 1348 1376 1377 1378 1379 1380 1381 1382 1383 1384 1385 1386 1387 1388 1389 1390 1391 1392 1393 1394 1395 1396 1397 1398 1399 1400 1401 1402 1442 1443 1444 1445 1446 1447 1448 1449 1450 1451 1452 1453 1454 1455 1456 1457 1458 1459 1460 1461 1462 1463 1464 1465 1466 1467 1468 1469 1470 1471 1472 1473 1474 1475 1476 1477 1478 1479 1480 1498 1499 1500 1501 1502 1503 1504 1505 1506 1507 1508 1509 1510 1511 1512 1513 1514 1572 1573 1574 1575 1576 1577 1578 1579 1580 1581 1582 1583 1584 1585 1586 1587 1588 1589 1590 1591 1592 1593 1594 1595 1596 1597 1598 1599 1600 1601 1602 1603 1604 1605 1606 1607 1608 1609 1610 1611 1612 1613 1614 1615 1616 1617 1618 1619 1620 1621 1622 1623 1624 1625 1626 1627 1628 1682 1683 1684 1685 1686 1687 1688 1689 1690 1691 1692 1693 1694 1695 1696 1697 1698 1699 1700 1701 1702 1703 1704 1705 1706 1707 1708 1709 1710 1711 1712 1713 1714 1715 1716 1717 1718 1719 1720 1721 1722 1723 1724 1725 1726 1727 1728 1729 1730 1731 1732 1733 1734 1758 1759 1760 1761 1762 1763 1764 1765 1766 1767 1768 1769 1770 1771 1772 1773 1774 1775 1776 1777 1778 1779 1780 1810 1811 1812 1813 1814 1815 1816 1817 1818 1819 1820 1821 1822 1823 1824 1825 1826 1827 1828 1829 1830 1831 1832 1833 1834 1835 1836 1837 1838 1856 1857 1858 1859 1860 1861 1862 1863 1864 1865 1866 1867 1868 1869 1870 1871 1872 1934 1935 1936 1937 1938 1939 1940 1941 1942 1943 1944 1945 1946 1947 1948 1949 1950 1951 1952 1953 1954 1955 1956 1957 1958 1959 1960 1961 1962 1963 1964 1965 1966 1967 1968 1969 1970 1971 1972 1973 1974 1975 1976 1977 1978 1979 1980 1981 1982 1983 1984 1985 1986 1987 1988 1989 1990 1991 1992 1993 1994 2026 2027 2028 2029 2030 2031 2032 2033 2034 2035 2036 2037 2038 2039 2040 2041 2042 2043 2044 2045 2046 2047 2048 2049 2050 2051 2052 2053 2054 2055 2056 2098 2099 2100 2101 2102 2103 2104 2105 2106 2107 2108 2109 2110 2111 2112 2113 2114 2115 2116 2117 2118 2119 2120 2121 2122 2123 2124 2125 2126 2127 2128 2129 2130 2131 2132 2133 2134 2135 2136 2137 2138 2204 2205 2206 2207 2208 2209 2210 2211 2212 2213 2214 2215 2216 2217 2218 2219 2220 2221 2222 2223 2224 2225 2226 2227 2228 2229 2230 2231 2232 2233 2234 2235 2236 2237 2238 2239 2240 2241 2242 2243 2244 2245 2246 2247 2248 2249 2250 2251 2252 2253 2254 2255 2256 2257 2258 2259 2260 2261 2262 2263 2264 2265 2266 2267 2268 2316 2317 2318 2319 2320 2321 2322 2323 2324 2325 2326 2327 2328 2329 2330 2331 2332 2333 2334 2335 2336 2337 2338 2339 2340 2341 2342 2343 2344 2345 2346 2347 2348 2349 2350 2351 2352 2353 2354 2355 2356 2357 2358 2359 2360 2361 2362 2374 2375 2376 2377 2378 2379 2380 2381 2382 2383 2384 2404 2405 2406 2407 2408 2409 2410 2411 2412 2413 2414 2415 2416 2417 2418 2419 2420 2421 2422 2488 2489 2490 2491 2492 2493 2494 2495 2496 2497 2498 2499 2500 2501 2502 2503 2504 2505 2506 2507 2508 2509 2510 2511 2512 2513 2514 2515 2516 2517 2518 2519 2520 2521 2522 2523 2524 2525 2526 2527 2528 2529 2530 2531 2532 2533 2534 2535 2536 2537 2538 2539 2540 2541 2542 2543 2544 2545 2546 2547 2548 2549 2550 2551 2552 2588 2589 2590 2591 2592 2593 2594 2595 2596 2597 2598 2599 2600 2601 2602 2603 2604 2605 2606 2607 2608 2609 2610 2611 2612 2613 2614 2615 2616 2617 2618 2619 2620 2621 2622 2644 2645 2646 2647 2648 2649 2650 2651 2652 2653 2654 2655 2656 2657 2658 2659 2660 2661 2662 2663 2664 2686 2687 2688 2689 2690 2691 2692 2693 2694 2695 2696 2697 2698 2699 2700 2701 2702 2703 2704 2705 2706 2746 2747 2748 2749 2750 2751 2752 2753 2754 2755 2756 2757 2758 2759 2760 2761 2762 2763 2764 2765 2766 2767 2768 2769 2770 2771 2772 2773 2774 2775 2776 2777 2778 2779 2780 2781 2782 2783 2784 2848 2849 2850 2851 2852 2853 2854 2855 2856 2857 2858 2859 2860 2861 2862 2863 2864 2865 2866 2867 2868 2869 2870 2871 2872 2873 2874 2875 2876 2877 2878 2879 2880 2881 2882 2883 2884 2885 2886 2887 2888 2889 2890 2891 2892 2893 2894 2895 2896 2897 2898 2899 2900 2901 2902 2903 2904 2905 2906 2907 2908 2909 2910 2918 2919 2920 2921 2922 2923 2924 2960 2961 2962 2963 2964 2965 2966 2967 2968 2969 2970 2971 2972 2973 2974 2975 2976 2977 2978 2979 2980 2981 2982 2983 2984 2985 2986 2987 2988 2989 2990 2991 2992 2993 2994 3056 3057 3058 3059 3060 3061 3062 3063 3064 3065 3066 3067 3068 3069 3070 3071 3072 3073 3074 3075 3076 3077 3078 3079 3080 3081 3082 3083 3084 3085 3086 3087 3088 3089 3090 3091 3092 3093 3094 3095 3096 3097 3098 3099 3100 3101 3102 3103 3104 3105 3106 3107 3108 3109 3110 3111 3112 3113 3114 3115 3116 3198 3199 3200 3201 3202 3203 3204 3205 3206 3207 3208 3209 3210 3211 3212 3213 3214 3215 3216 3217 3218 3219 3220 3221 3222 3223 3224 3225 3226 3227 3228 3229 3230 3231 3232 3233 3234 3235 3236 3237 3238 3239 3240 3241 3242 3243 3244 3245 3246 3247 3248 3249 3250 3251 3252 3253 3254 3255 3256 3257 3258 3259 3260 3261 3262 3263 3264 3265 3266 3267 3268 3269 3270 3271 3272 3273 3274 3275 3276 3277 3278 3348 3349 3350 3351 3352 3353 3354 3355 3356 3357 3358 3359 3360 3361 3362 3363 3364 3365 3366 3367 3368 3369 3370 3371 3372 3373 3374 3375 3376 3377 3378 3379 3380 3381 3382 3383 3384 3385 3386 3387 3388 3389 3390 3391 3392 3393 3394 3395 3396 3397 3398 3399 3400 3401 3402 3403 3404 3405 3406 3407 3408 3409 3410 3411 3412 3413 3414 3415 3416 3470 3471 3472 3473 3474 3475 3476 3477 3478 3479 3480 3481 3482 3483 3484 3485 3486 3487 3488 3489 3490 3491 3492 3493 3494 3495 3496 3497 3498 3499 3500 3501 3502 3503 3504 3505 3506 3507 3508 3509 3510 3511 3512 3513 3514 3515 3516 3517 3518 3519 3520 3521 3522 3560 3561 3562 3563 3564 3565 3566 3567 3568 3569 3570 3571 3572 3573 3574 3575 3576 3577 3578 3579 3580 3581 3582 3583 3584 3585 3586 3587 3588 3589 3590 3591 3592 3593 3594 3595 3596 3650 3651 3652 3653 3654 3655 3656 3657 3658 3659 3660 3661 3662 3663 3664 3665 3666 3667 3668 3669 3670 3671 3672 3673 3674 3675 3676 3677 3678 3679 3680 3681 3682 3683 3684 3685 3686 3687 3688 3689 3690 3691 3692 3693 3694 3695 3696 3697 3698 3699 3700 3701 3702 3748 3749 3750 3751 3752 3753 3754 3755 3756 3757 3758 3759 3760 3761 3762 3763 3764 3765 3766 3767 3768 3769 3770 3771 3772 3773 3774 3775 3776 3777 3778 3779 3780 3781 3782 3783 3784 3785 3786 3787 3788 3789 3790 3791 3792 3828 3829 3830 3831 3832 3833 3834 3835 3836 3837 3838 3839 3840 3841 3842 3843 3844 3845 3846 3847 3848 3849 3850 3851 3852 3853 3854 3855 3856 3857 3858 3859 3860 3861 3862 3888 3889 3890 3891 3892 3893 3894 3895 3896 3897 3898 3899 3900 3901 3902 3903 3904 3905 3906 3907 3908 3909 3910 3911 3912 3946 3947 3948 3949 3950 3951 3952 3953 3954 3955 3956 3957 3958 3959 3960 3961 3962 3963 3964 3965 3966 3967 3968 3969 3970 3971 3972 3973 3974 3975 3976 3977 3978 4006 4007 4008 4009 4010 4011 4012 4013 4014 4015 4016 4017 4018 4019 4020 4021 4022 4023 4024 4025 4026 4027 4028 4029 4030 4031 4032 4078 4079 4080 4081 4082 4083 4084 4085 4086 4087 4088 4089 4090 4091 4092 4093 4094 4095 4096 4097 4098 4099 4100 4101 4102 4103 4104 4105 4106 4107 4108 4109 4110 4111 4112 4113 4114 4115 4116 4117 4118 4119 4120 4121 4122 4186 4187 4188 4189 4190 4191 4192 4193 4194 4195 4196 4197 4198 4199 4200 4201 4202 4203 4204 4205 4206 4207 4208 4209 4210 4211 4212 4213 4214 4215 4216 4217 4218 4219 4220 4221 4222 4223 4224 4225 4226 4227 4228 4229 4230 4231 4232 4233 4234 4235 4236 4237 4238 4239 4240 4241 4242 4243 4244 4245 4246 4247 4248 4318 4319 4320 4321 4322 4323 4324 4325 4326 4327 4328 4329 4330 4331 4332 4333 4334 4335 4336 4337 4338 4339 4340 4341 4342 4343 4344 4345 4346 4347 4348 4349 4350 4351 4352 4353 4354 4355 4356 4357 4358 4359 4360 4361 4362 4363 4364 4365 4366 4367 4368 4369 4370 4371 4372 4373 4374 4375 4376 4377 4378 4379 4380 4381 4382 4383 4384 4385 4386 4430 4431 4432 4433 4434 4435 4436 4437 4438 4439 4440 4441 4442 4443 4444 4445 4446 4447 4448 4449 4450 4451 4452 4453 4454 4455 4456 4457 4458 4459 4460 4461 4462 4463 4464 4465 4466 4467 4468 4469 4470 4471 4472 4522 4523 4524 4525 4526 4527 4528 4529 4530 4531 4532 4533 4534 4535 4536 4537 4538 4539 4540 4541 4542 4543 4544 4545 4546 4547 4548 4549 4550 4551 4552 4553 4554 4555 4556 4557 4558 4559 4560 4561 4562 4563 4564 4565 4566 4567 4568 4569 4570 4632 4633 4634 4635 4636 4637 4638 4639 4640 4641 4642 4643 4644 4645 4646 4647 4648 4649 4650 4651 4652 4653 4654 4655 4656 4657 4658 4659 4660 4661 4662 4663 4664 4665 4666 4667 4668 4669 4670 4671 4672 4673 4674 4675 4676 4677 4678 4679 4680 4681 4682 4683 4684 4685 4686 4687 4688 4689 4690 4691 4692 4726 4727 4728 4729 4730 4731 4732 4733 4734 4735 4736 4737 4738 4739 4740 4741 4742 4743 4744 4745 4746 4747 4748 4749 4750 4751 4752 4753 4754 4755 4756 4757 4758 4804 4805 4806 4807 4808 4809 4810 4811 4812 4813 4814 4815 4816 4817 4818 4819 4820 4821 4822 4823 4824 4825 4826 4827 4828 4829 4830 4831 4832 4833 4834 4835 4836 4837 4838 4839 4840 4841 4842 4843 4844 4845 4846 4847 4848 4894 4895 4896 4897 4898 4899 4900 4901 4902 4903 4904 4905 4906 4907 4908 4909 4910 4911 4912 4913 4914 4915 4916 4917 4918 4919 4920 4921 4922 4923 4924 4925 4926 4927 4928 4929 4930 4931 4932 4933 4934 4935 4936 4937 4938 4978 4979 4980 4981 4982 4983 4984 4985 4986 4987 4988 4989 4990 4991 4992 4993 4994 4995 4996 4997 4998 4999 5000 5001 5002 5003 5004 5005 5006 5007 5008 5009 5010 5011 5012 5013 5014 5015 5016 5072 5073 5074 5075 5076 5077 5078 5079 5080 5081 5082 5083 5084 5085 5086 5087 5088 5089 5090 5091 5092 5093 5094 5095 5096 5097 5098 5099 5100 5101 5102 5103 5104 5105 5106 5107 5108 5109 5110 5111 5112 5113 5114 5115 5116 5117 5118 5119 5120 5121 5122 5123 5124 5125 5126 5142 5143 5144 5145 5146 5147 5148 5149 5150 5151 5152 5153 5154 5155 5156 
