5018
0 0 
1 1 0 
1 1 0 
1 1 0 
1 1 0 
1 1 0 
2 3 4 5 0 
1 1 0 
1 1 0 
1 1 0 
1 1 0 
2 3 9 10 0 
1 1 0 
1 1 0 
1 1 0 
1 1 0 
1 1 0 
1 1 0 
1 1 0 
1 1 0 
1 1 0 
1 1 0 
2 3 20 21 0 
2 3 19 22 0 
2 3 18 23 0 
2 3 17 24 0 
2 3 16 25 0 
2 3 15 26 0 
2 3 14 27 0 
2 3 13 28 0 
2 3 12 29 0 
2 3 11 30 0 
2 3 8 31 0 
2 3 7 32 0 
2 3 6 33 0 
2 3 3 34 0 
1 1 0 
2 3 35 36 0 
1 1 0 
2 3 37 38 0 
2 3 2 39 0 
2 3 1 40 0 
3 2 0 41 
3 2 0 1 
3 2 0 40 
3 2 0 2 
3 2 0 39 
3 2 0 37 
3 2 0 35 
3 2 0 3 
3 2 0 34 
3 2 0 6 
3 2 0 4 
3 2 0 5 
3 2 0 33 
3 2 0 7 
3 2 0 32 
3 2 0 8 
3 2 0 31 
3 2 0 11 
3 2 0 9 
3 2 0 10 
3 2 0 30 
3 2 0 12 
3 2 0 29 
3 2 0 13 
3 2 0 28 
3 2 0 14 
3 2 0 27 
3 2 0 15 
3 2 0 26 
3 2 0 16 
3 2 0 25 
3 2 0 17 
3 2 0 24 
3 2 0 18 
3 2 0 23 
3 2 0 19 
3 2 0 22 
3 2 0 20 
3 2 0 21 
3 2 0 36 
3 2 0 38 
1 1 0 
1 1 0 
1 1 0 
1 1 0 
1 1 0 
1 1 0 
2 3 87 88 0 
1 1 0 
1 1 0 
1 1 0 
1 1 0 
2 3 92 93 0 
1 1 0 
2 3 94 95 0 
1 1 0 
1 1 0 
1 1 0 
2 3 98 99 0 
1 1 0 
1 1 0 
1 1 0 
1 1 0 
2 3 103 104 0 
2 3 102 105 0 
1 1 0 
2 3 106 107 0 
1 1 0 
1 1 0 
1 1 0 
2 3 110 111 0 
1 1 0 
1 1 0 
1 1 0 
1 1 0 
2 3 115 116 0 
2 3 114 117 0 
2 3 113 118 0 
2 3 112 119 0 
2 3 109 120 0 
2 3 108 121 0 
1 1 0 
2 3 122 123 0 
1 1 0 
1 1 0 
2 3 125 126 0 
1 1 0 
1 1 0 
1 1 0 
2 3 129 130 0 
1 1 0 
2 3 131 132 0 
2 3 128 133 0 
2 3 127 134 0 
2 3 124 135 0 
1 1 0 
2 3 136 137 0 
1 1 0 
1 1 0 
1 1 0 
1 1 0 
2 3 141 142 0 
1 1 0 
1 1 0 
1 1 0 
2 3 145 146 0 
2 3 144 147 0 
2 3 143 148 0 
2 3 140 149 0 
2 3 139 150 0 
2 3 138 151 0 
1 1 0 
2 3 152 153 0 
1 1 0 
1 1 0 
1 1 0 
1 1 0 
1 1 0 
2 3 158 159 0 
2 3 157 160 0 
2 3 156 161 0 
2 3 155 162 0 
2 3 154 163 0 
2 3 101 164 0 
2 3 100 165 0 
2 3 97 166 0 
2 3 96 167 0 
2 3 91 168 0 
2 3 90 169 0 
2 3 89 170 0 
2 3 86 171 0 
2 3 85 172 0 
2 3 84 173 0 
1 1 0 
2 3 174 175 0 
2 3 83 176 0 
3 2 0 177 
3 2 0 83 
3 2 0 176 
3 2 0 174 
3 2 0 84 
3 2 0 173 
3 2 0 85 
3 2 0 172 
3 2 0 86 
3 2 0 171 
3 2 0 89 
3 2 0 87 
3 2 0 88 
3 2 0 170 
3 2 0 90 
3 2 0 169 
3 2 0 91 
3 2 0 168 
3 2 0 96 
3 2 0 94 
3 2 0 92 
3 2 0 93 
3 2 0 95 
3 2 0 167 
3 2 0 97 
3 2 0 166 
3 2 0 100 
3 2 0 98 
3 2 0 99 
3 2 0 165 
3 2 0 101 
3 2 0 164 
3 2 0 154 
3 2 0 152 
3 2 0 138 
3 2 0 136 
3 2 0 124 
3 2 0 122 
3 2 0 108 
3 2 0 106 
3 2 0 102 
3 2 0 105 
3 2 0 103 
3 2 0 104 
3 2 0 107 
3 2 0 121 
3 2 0 109 
3 2 0 120 
3 2 0 112 
3 2 0 110 
3 2 0 111 
3 2 0 119 
3 2 0 113 
3 2 0 118 
3 2 0 114 
3 2 0 117 
3 2 0 115 
3 2 0 116 
3 2 0 123 
3 2 0 135 
3 2 0 127 
3 2 0 125 
3 2 0 126 
3 2 0 134 
3 2 0 128 
3 2 0 133 
3 2 0 131 
3 2 0 129 
3 2 0 130 
3 2 0 132 
3 2 0 137 
3 2 0 151 
3 2 0 139 
3 2 0 150 
3 2 0 140 
3 2 0 149 
3 2 0 143 
3 2 0 141 
3 2 0 142 
3 2 0 148 
3 2 0 144 
3 2 0 147 
3 2 0 145 
3 2 0 146 
3 2 0 153 
3 2 0 163 
3 2 0 155 
3 2 0 162 
3 2 0 156 
3 2 0 161 
3 2 0 157 
3 2 0 160 
3 2 0 158 
3 2 0 159 
3 2 0 175 
1 1 0 
1 1 0 
1 1 0 
1 1 0 
2 3 275 276 0 
2 3 274 277 0 
1 1 0 
1 1 0 
2 3 279 280 0 
2 3 278 281 0 
2 3 273 282 0 
1 1 0 
1 1 0 
1 1 0 
2 3 285 286 0 
1 1 0 
2 3 287 288 0 
2 3 284 289 0 
2 3 283 290 0 
1 1 0 
2 3 291 292 0 
3 2 0 293 
3 2 0 291 
3 2 0 283 
3 2 0 273 
3 2 0 282 
3 2 0 278 
3 2 0 274 
3 2 0 277 
3 2 0 275 
3 2 0 276 
3 2 0 281 
3 2 0 279 
3 2 0 280 
3 2 0 290 
3 2 0 284 
3 2 0 289 
3 2 0 287 
3 2 0 285 
3 2 0 286 
3 2 0 288 
3 2 0 292 
1 1 0 
1 1 0 
1 1 0 
1 1 0 
2 3 317 318 0 
1 1 0 
1 1 0 
2 3 320 321 0 
2 3 319 322 0 
2 3 316 323 0 
1 1 0 
2 3 324 325 0 
2 3 315 326 0 
1 1 0 
1 1 0 
1 1 0 
1 1 0 
1 1 0 
1 1 0 
2 3 332 333 0 
2 3 331 334 0 
2 3 330 335 0 
2 3 329 336 0 
2 3 328 337 0 
2 3 327 338 0 
1 1 0 
2 3 339 340 0 
1 1 0 
1 1 0 
1 1 0 
1 1 0 
2 3 344 345 0 
2 3 343 346 0 
2 3 342 347 0 
2 3 341 348 0 
1 1 0 
2 3 349 350 0 
1 1 0 
1 1 0 
1 1 0 
1 1 0 
1 1 0 
1 1 0 
1 1 0 
1 1 0 
1 1 0 
1 1 0 
1 1 0 
2 3 361 362 0 
2 3 360 363 0 
2 3 359 364 0 
2 3 358 365 0 
2 3 357 366 0 
2 3 356 367 0 
2 3 355 368 0 
2 3 354 369 0 
2 3 353 370 0 
1 1 0 
2 3 371 372 0 
2 3 352 373 0 
2 3 351 374 0 
3 2 0 375 
3 2 0 351 
3 2 0 349 
3 2 0 341 
3 2 0 339 
3 2 0 327 
3 2 0 315 
3 2 0 326 
3 2 0 324 
3 2 0 316 
3 2 0 323 
3 2 0 319 
3 2 0 317 
3 2 0 318 
3 2 0 322 
3 2 0 320 
3 2 0 321 
3 2 0 325 
3 2 0 338 
3 2 0 328 
3 2 0 337 
3 2 0 329 
3 2 0 336 
3 2 0 330 
3 2 0 335 
3 2 0 331 
3 2 0 334 
3 2 0 332 
3 2 0 333 
3 2 0 340 
3 2 0 348 
3 2 0 342 
3 2 0 347 
3 2 0 343 
3 2 0 346 
3 2 0 344 
3 2 0 345 
3 2 0 350 
3 2 0 374 
3 2 0 352 
3 2 0 373 
3 2 0 371 
3 2 0 353 
3 2 0 370 
3 2 0 354 
3 2 0 369 
3 2 0 355 
3 2 0 368 
3 2 0 356 
3 2 0 367 
3 2 0 357 
3 2 0 366 
3 2 0 358 
3 2 0 365 
3 2 0 359 
3 2 0 364 
3 2 0 360 
3 2 0 363 
3 2 0 361 
3 2 0 362 
3 2 0 372 
1 1 0 
1 1 0 
1 1 0 
1 1 0 
1 1 0 
1 1 0 
2 3 441 442 0 
2 3 440 443 0 
2 3 439 444 0 
1 1 0 
1 1 0 
1 1 0 
1 1 0 
1 1 0 
2 3 449 450 0 
2 3 448 451 0 
2 3 447 452 0 
2 3 446 453 0 
2 3 445 454 0 
2 3 438 455 0 
1 1 0 
1 1 0 
1 1 0 
1 1 0 
2 3 459 460 0 
2 3 458 461 0 
1 1 0 
1 1 0 
2 3 463 464 0 
1 1 0 
1 1 0 
2 3 466 467 0 
2 3 465 468 0 
1 1 0 
1 1 0 
1 1 0 
1 1 0 
1 1 0 
1 1 0 
2 3 474 475 0 
2 3 473 476 0 
2 3 472 477 0 
1 1 0 
2 3 478 479 0 
1 1 0 
1 1 0 
2 3 481 482 0 
2 3 480 483 0 
1 1 0 
2 3 484 485 0 
1 1 0 
1 1 0 
1 1 0 
1 1 0 
2 3 489 490 0 
2 3 488 491 0 
1 1 0 
1 1 0 
1 1 0 
1 1 0 
2 3 495 496 0 
2 3 494 497 0 
2 3 493 498 0 
2 3 492 499 0 
2 3 487 500 0 
2 3 486 501 0 
2 3 471 502 0 
2 3 470 503 0 
2 3 469 504 0 
2 3 462 505 0 
2 3 457 506 0 
2 3 456 507 0 
2 3 437 508 0 
1 1 0 
2 3 509 510 0 
3 2 0 511 
3 2 0 509 
3 2 0 437 
3 2 0 508 
3 2 0 456 
3 2 0 438 
3 2 0 455 
3 2 0 445 
3 2 0 439 
3 2 0 444 
3 2 0 440 
3 2 0 443 
3 2 0 441 
3 2 0 442 
3 2 0 454 
3 2 0 446 
3 2 0 453 
3 2 0 447 
3 2 0 452 
3 2 0 448 
3 2 0 451 
3 2 0 449 
3 2 0 450 
3 2 0 507 
3 2 0 457 
3 2 0 506 
3 2 0 462 
3 2 0 458 
3 2 0 461 
3 2 0 459 
3 2 0 460 
3 2 0 505 
3 2 0 469 
3 2 0 465 
3 2 0 463 
3 2 0 464 
3 2 0 468 
3 2 0 466 
3 2 0 467 
3 2 0 504 
3 2 0 470 
3 2 0 503 
3 2 0 471 
3 2 0 502 
3 2 0 486 
3 2 0 484 
3 2 0 480 
3 2 0 478 
3 2 0 472 
3 2 0 477 
3 2 0 473 
3 2 0 476 
3 2 0 474 
3 2 0 475 
3 2 0 479 
3 2 0 483 
3 2 0 481 
3 2 0 482 
3 2 0 485 
3 2 0 501 
3 2 0 487 
3 2 0 500 
3 2 0 492 
3 2 0 488 
3 2 0 491 
3 2 0 489 
3 2 0 490 
3 2 0 499 
3 2 0 493 
3 2 0 498 
3 2 0 494 
3 2 0 497 
3 2 0 495 
3 2 0 496 
3 2 0 510 
1 1 0 
1 1 0 
1 1 0 
1 1 0 
1 1 0 
1 1 0 
2 3 591 592 0 
1 1 0 
1 1 0 
2 3 594 595 0 
2 3 593 596 0 
2 3 590 597 0 
1 1 0 
1 1 0 
2 3 599 600 0 
2 3 598 601 0 
1 1 0 
2 3 602 603 0 
1 1 0 
1 1 0 
2 3 605 606 0 
1 1 0 
2 3 607 608 0 
1 1 0 
2 3 609 610 0 
1 1 0 
2 3 611 612 0 
2 3 604 613 0 
1 1 0 
2 3 614 615 0 
2 3 589 616 0 
2 3 588 617 0 
2 3 587 618 0 
3 2 0 619 
3 2 0 587 
3 2 0 618 
3 2 0 588 
3 2 0 617 
3 2 0 589 
3 2 0 616 
3 2 0 614 
3 2 0 604 
3 2 0 602 
3 2 0 598 
3 2 0 590 
3 2 0 597 
3 2 0 593 
3 2 0 591 
3 2 0 592 
3 2 0 596 
3 2 0 594 
3 2 0 595 
3 2 0 601 
3 2 0 599 
3 2 0 600 
3 2 0 603 
3 2 0 613 
3 2 0 611 
3 2 0 609 
3 2 0 607 
3 2 0 605 
3 2 0 606 
3 2 0 608 
3 2 0 610 
3 2 0 612 
3 2 0 615 
1 1 0 
1 1 0 
1 1 0 
2 3 654 655 0 
2 3 653 656 0 
1 1 0 
1 1 0 
1 1 0 
1 1 0 
1 1 0 
2 3 661 662 0 
2 3 660 663 0 
2 3 659 664 0 
1 1 0 
2 3 665 666 0 
1 1 0 
1 1 0 
1 1 0 
2 3 669 670 0 
2 3 668 671 0 
2 3 667 672 0 
2 3 658 673 0 
2 3 657 674 0 
1 1 0 
1 1 0 
1 1 0 
1 1 0 
2 3 678 679 0 
2 3 677 680 0 
2 3 676 681 0 
2 3 675 682 0 
1 1 0 
2 3 683 684 0 
3 2 0 685 
3 2 0 683 
3 2 0 675 
3 2 0 657 
3 2 0 653 
3 2 0 656 
3 2 0 654 
3 2 0 655 
3 2 0 674 
3 2 0 658 
3 2 0 673 
3 2 0 667 
3 2 0 665 
3 2 0 659 
3 2 0 664 
3 2 0 660 
3 2 0 663 
3 2 0 661 
3 2 0 662 
3 2 0 666 
3 2 0 672 
3 2 0 668 
3 2 0 671 
3 2 0 669 
3 2 0 670 
3 2 0 682 
3 2 0 676 
3 2 0 681 
3 2 0 677 
3 2 0 680 
3 2 0 678 
3 2 0 679 
3 2 0 684 
1 1 0 
1 1 0 
2 3 719 720 0 
1 1 0 
1 1 0 
2 3 722 723 0 
2 3 721 724 0 
1 1 0 
1 1 0 
1 1 0 
2 3 727 728 0 
1 1 0 
1 1 0 
2 3 730 731 0 
2 3 729 732 0 
1 1 0 
1 1 0 
1 1 0 
2 3 735 736 0 
2 3 734 737 0 
2 3 733 738 0 
2 3 726 739 0 
2 3 725 740 0 
1 1 0 
1 1 0 
1 1 0 
1 1 0 
2 3 744 745 0 
2 3 743 746 0 
1 1 0 
1 1 0 
2 3 748 749 0 
2 3 747 750 0 
2 3 742 751 0 
1 1 0 
1 1 0 
1 1 0 
1 1 0 
2 3 755 756 0 
2 3 754 757 0 
1 1 0 
1 1 0 
1 1 0 
1 1 0 
1 1 0 
2 3 762 763 0 
1 1 0 
1 1 0 
1 1 0 
1 1 0 
2 3 767 768 0 
2 3 766 769 0 
2 3 765 770 0 
2 3 764 771 0 
2 3 761 772 0 
2 3 760 773 0 
2 3 759 774 0 
2 3 758 775 0 
2 3 753 776 0 
2 3 752 777 0 
1 1 0 
2 3 778 779 0 
2 3 741 780 0 
3 2 0 781 
3 2 0 741 
3 2 0 725 
3 2 0 721 
3 2 0 719 
3 2 0 720 
3 2 0 724 
3 2 0 722 
3 2 0 723 
3 2 0 740 
3 2 0 726 
3 2 0 739 
3 2 0 733 
3 2 0 729 
3 2 0 727 
3 2 0 728 
3 2 0 732 
3 2 0 730 
3 2 0 731 
3 2 0 738 
3 2 0 734 
3 2 0 737 
3 2 0 735 
3 2 0 736 
3 2 0 780 
3 2 0 778 
3 2 0 752 
3 2 0 742 
3 2 0 751 
3 2 0 747 
3 2 0 743 
3 2 0 746 
3 2 0 744 
3 2 0 745 
3 2 0 750 
3 2 0 748 
3 2 0 749 
3 2 0 777 
3 2 0 753 
3 2 0 776 
3 2 0 758 
3 2 0 754 
3 2 0 757 
3 2 0 755 
3 2 0 756 
3 2 0 775 
3 2 0 759 
3 2 0 774 
3 2 0 760 
3 2 0 773 
3 2 0 761 
3 2 0 772 
3 2 0 764 
3 2 0 762 
3 2 0 763 
3 2 0 771 
3 2 0 765 
3 2 0 770 
3 2 0 766 
3 2 0 769 
3 2 0 767 
3 2 0 768 
3 2 0 779 
1 1 0 
1 1 0 
2 3 845 846 0 
1 1 0 
2 3 847 848 0 
1 1 0 
1 1 0 
2 3 850 851 0 
2 3 849 852 0 
1 1 0 
2 3 853 854 0 
3 2 0 855 
3 2 0 853 
3 2 0 849 
3 2 0 847 
3 2 0 845 
3 2 0 846 
3 2 0 848 
3 2 0 852 
3 2 0 850 
3 2 0 851 
3 2 0 854 
1 1 0 
1 1 0 
2 3 867 868 0 
1 1 0 
2 3 869 870 0 
1 1 0 
1 1 0 
2 3 872 873 0 
1 1 0 
2 3 874 875 0 
2 3 871 876 0 
1 1 0 
2 3 877 878 0 
1 1 0 
2 3 879 880 0 
1 1 0 
1 1 0 
1 1 0 
2 3 883 884 0 
2 3 882 885 0 
2 3 881 886 0 
1 1 0 
2 3 887 888 0 
3 2 0 889 
3 2 0 887 
3 2 0 881 
3 2 0 879 
3 2 0 877 
3 2 0 871 
3 2 0 869 
3 2 0 867 
3 2 0 868 
3 2 0 870 
3 2 0 876 
3 2 0 874 
3 2 0 872 
3 2 0 873 
3 2 0 875 
3 2 0 878 
3 2 0 880 
3 2 0 886 
3 2 0 882 
3 2 0 885 
3 2 0 883 
3 2 0 884 
3 2 0 888 
1 1 0 
1 1 0 
1 1 0 
1 1 0 
1 1 0 
1 1 0 
1 1 0 
2 3 918 919 0 
2 3 917 920 0 
2 3 916 921 0 
2 3 915 922 0 
2 3 914 923 0 
1 1 0 
2 3 924 925 0 
2 3 913 926 0 
3 2 0 927 
3 2 0 913 
3 2 0 926 
3 2 0 924 
3 2 0 914 
3 2 0 923 
3 2 0 915 
3 2 0 922 
3 2 0 916 
3 2 0 921 
3 2 0 917 
3 2 0 920 
3 2 0 918 
3 2 0 919 
3 2 0 925 
1 1 0 
1 1 0 
1 1 0 
1 1 0 
1 1 0 
1 1 0 
1 1 0 
2 3 948 949 0 
1 1 0 
1 1 0 
1 1 0 
1 1 0 
2 3 953 954 0 
2 3 952 955 0 
2 3 951 956 0 
2 3 950 957 0 
2 3 947 958 0 
2 3 946 959 0 
1 1 0 
1 1 0 
1 1 0 
1 1 0 
2 3 963 964 0 
2 3 962 965 0 
1 1 0 
2 3 966 967 0 
1 1 0 
1 1 0 
2 3 969 970 0 
2 3 968 971 0 
2 3 961 972 0 
2 3 960 973 0 
2 3 945 974 0 
2 3 944 975 0 
2 3 943 976 0 
1 1 0 
1 1 0 
1 1 0 
1 1 0 
1 1 0 
1 1 0 
1 1 0 
1 1 0 
2 3 984 985 0 
2 3 983 986 0 
2 3 982 987 0 
2 3 981 988 0 
1 1 0 
2 3 989 990 0 
1 1 0 
1 1 0 
1 1 0 
1 1 0 
2 3 994 995 0 
2 3 993 996 0 
1 1 0 
1 1 0 
1 1 0 
2 3 999 1000 0 
1 1 0 
1 1 0 
1 1 0 
1 1 0 
1 1 0 
1 1 0 
2 3 1006 1007 0 
2 3 1005 1008 0 
2 3 1004 1009 0 
2 3 1003 1010 0 
2 3 1002 1011 0 
2 3 1001 1012 0 
2 3 998 1013 0 
2 3 997 1014 0 
2 3 992 1015 0 
2 3 991 1016 0 
1 1 0 
2 3 1017 1018 0 
2 3 980 1019 0 
2 3 979 1020 0 
2 3 978 1021 0 
2 3 977 1022 0 
3 2 0 1023 
3 2 0 977 
3 2 0 943 
3 2 0 976 
3 2 0 944 
3 2 0 975 
3 2 0 945 
3 2 0 974 
3 2 0 960 
3 2 0 946 
3 2 0 959 
3 2 0 947 
3 2 0 958 
3 2 0 950 
3 2 0 948 
3 2 0 949 
3 2 0 957 
3 2 0 951 
3 2 0 956 
3 2 0 952 
3 2 0 955 
3 2 0 953 
3 2 0 954 
3 2 0 973 
3 2 0 961 
3 2 0 972 
3 2 0 968 
3 2 0 966 
3 2 0 962 
3 2 0 965 
3 2 0 963 
3 2 0 964 
3 2 0 967 
3 2 0 971 
3 2 0 969 
3 2 0 970 
3 2 0 1022 
3 2 0 978 
3 2 0 1021 
3 2 0 979 
3 2 0 1020 
3 2 0 980 
3 2 0 1019 
3 2 0 1017 
3 2 0 991 
3 2 0 989 
3 2 0 981 
3 2 0 988 
3 2 0 982 
3 2 0 987 
3 2 0 983 
3 2 0 986 
3 2 0 984 
3 2 0 985 
3 2 0 990 
3 2 0 1016 
3 2 0 992 
3 2 0 1015 
3 2 0 997 
3 2 0 993 
3 2 0 996 
3 2 0 994 
3 2 0 995 
3 2 0 1014 
3 2 0 998 
3 2 0 1013 
3 2 0 1001 
3 2 0 999 
3 2 0 1000 
3 2 0 1012 
3 2 0 1002 
3 2 0 1011 
3 2 0 1003 
3 2 0 1010 
3 2 0 1004 
3 2 0 1009 
3 2 0 1005 
3 2 0 1008 
3 2 0 1006 
3 2 0 1007 
3 2 0 1018 
1 1 0 
1 1 0 
1 1 0 
1 1 0 
1 1 0 
2 3 1108 1109 0 
1 1 0 
1 1 0 
1 1 0 
2 3 1112 1113 0 
1 1 0 
2 3 1114 1115 0 
1 1 0 
1 1 0 
1 1 0 
2 3 1118 1119 0 
2 3 1117 1120 0 
1 1 0 
2 3 1121 1122 0 
2 3 1116 1123 0 
2 3 1111 1124 0 
1 1 0 
1 1 0 
2 3 1126 1127 0 
2 3 1125 1128 0 
2 3 1110 1129 0 
2 3 1107 1130 0 
2 3 1106 1131 0 
2 3 1105 1132 0 
1 1 0 
1 1 0 
1 1 0 
1 1 0 
1 1 0 
1 1 0 
1 1 0 
1 1 0 
2 3 1140 1141 0 
2 3 1139 1142 0 
2 3 1138 1143 0 
2 3 1137 1144 0 
2 3 1136 1145 0 
2 3 1135 1146 0 
2 3 1134 1147 0 
2 3 1133 1148 0 
1 1 0 
2 3 1149 1150 0 
1 1 0 
2 3 1151 1152 0 
1 1 0 
1 1 0 
1 1 0 
2 3 1155 1156 0 
1 1 0 
1 1 0 
1 1 0 
1 1 0 
2 3 1160 1161 0 
2 3 1159 1162 0 
2 3 1158 1163 0 
1 1 0 
1 1 0 
1 1 0 
2 3 1166 1167 0 
1 1 0 
1 1 0 
1 1 0 
1 1 0 
2 3 1171 1172 0 
2 3 1170 1173 0 
1 1 0 
1 1 0 
1 1 0 
1 1 0 
2 3 1177 1178 0 
2 3 1176 1179 0 
2 3 1175 1180 0 
2 3 1174 1181 0 
2 3 1169 1182 0 
2 3 1168 1183 0 
2 3 1165 1184 0 
2 3 1164 1185 0 
2 3 1157 1186 0 
2 3 1154 1187 0 
2 3 1153 1188 0 
1 1 0 
2 3 1189 1190 0 
3 2 0 1191 
3 2 0 1189 
3 2 0 1153 
3 2 0 1151 
3 2 0 1149 
3 2 0 1133 
3 2 0 1105 
3 2 0 1132 
3 2 0 1106 
3 2 0 1131 
3 2 0 1107 
3 2 0 1130 
3 2 0 1110 
3 2 0 1108 
3 2 0 1109 
3 2 0 1129 
3 2 0 1125 
3 2 0 1111 
3 2 0 1124 
3 2 0 1116 
3 2 0 1114 
3 2 0 1112 
3 2 0 1113 
3 2 0 1115 
3 2 0 1123 
3 2 0 1121 
3 2 0 1117 
3 2 0 1120 
3 2 0 1118 
3 2 0 1119 
3 2 0 1122 
3 2 0 1128 
3 2 0 1126 
3 2 0 1127 
3 2 0 1148 
3 2 0 1134 
3 2 0 1147 
3 2 0 1135 
3 2 0 1146 
3 2 0 1136 
3 2 0 1145 
3 2 0 1137 
3 2 0 1144 
3 2 0 1138 
3 2 0 1143 
3 2 0 1139 
3 2 0 1142 
3 2 0 1140 
3 2 0 1141 
3 2 0 1150 
3 2 0 1152 
3 2 0 1188 
3 2 0 1154 
3 2 0 1187 
3 2 0 1157 
3 2 0 1155 
3 2 0 1156 
3 2 0 1186 
3 2 0 1164 
3 2 0 1158 
3 2 0 1163 
3 2 0 1159 
3 2 0 1162 
3 2 0 1160 
3 2 0 1161 
3 2 0 1185 
3 2 0 1165 
3 2 0 1184 
3 2 0 1168 
3 2 0 1166 
3 2 0 1167 
3 2 0 1183 
3 2 0 1169 
3 2 0 1182 
3 2 0 1174 
3 2 0 1170 
3 2 0 1173 
3 2 0 1171 
3 2 0 1172 
3 2 0 1181 
3 2 0 1175 
3 2 0 1180 
3 2 0 1176 
3 2 0 1179 
3 2 0 1177 
3 2 0 1178 
3 2 0 1190 
1 1 0 
1 1 0 
1 1 0 
2 3 1280 1281 0 
2 3 1279 1282 0 
1 1 0 
2 3 1283 1284 0 
1 1 0 
1 1 0 
2 3 1286 1287 0 
2 3 1285 1288 0 
1 1 0 
1 1 0 
1 1 0 
1 1 0 
1 1 0 
1 1 0 
2 3 1294 1295 0 
2 3 1293 1296 0 
2 3 1292 1297 0 
1 1 0 
1 1 0 
1 1 0 
2 3 1300 1301 0 
2 3 1299 1302 0 
2 3 1298 1303 0 
2 3 1291 1304 0 
2 3 1290 1305 0 
1 1 0 
2 3 1306 1307 0 
2 3 1289 1308 0 
3 2 0 1309 
3 2 0 1289 
3 2 0 1285 
3 2 0 1283 
3 2 0 1279 
3 2 0 1282 
3 2 0 1280 
3 2 0 1281 
3 2 0 1284 
3 2 0 1288 
3 2 0 1286 
3 2 0 1287 
3 2 0 1308 
3 2 0 1306 
3 2 0 1290 
3 2 0 1305 
3 2 0 1291 
3 2 0 1304 
3 2 0 1298 
3 2 0 1292 
3 2 0 1297 
3 2 0 1293 
3 2 0 1296 
3 2 0 1294 
3 2 0 1295 
3 2 0 1303 
3 2 0 1299 
3 2 0 1302 
3 2 0 1300 
3 2 0 1301 
3 2 0 1307 
1 1 0 
1 1 0 
1 1 0 
1 1 0 
1 1 0 
1 1 0 
2 3 1345 1346 0 
1 1 0 
2 3 1347 1348 0 
2 3 1344 1349 0 
2 3 1343 1350 0 
2 3 1342 1351 0 
2 3 1341 1352 0 
1 1 0 
1 1 0 
1 1 0 
2 3 1355 1356 0 
2 3 1354 1357 0 
1 1 0 
1 1 0 
2 3 1359 1360 0 
2 3 1358 1361 0 
1 1 0 
2 3 1362 1363 0 
2 3 1353 1364 0 
3 2 0 1365 
3 2 0 1353 
3 2 0 1341 
3 2 0 1352 
3 2 0 1342 
3 2 0 1351 
3 2 0 1343 
3 2 0 1350 
3 2 0 1344 
3 2 0 1349 
3 2 0 1347 
3 2 0 1345 
3 2 0 1346 
3 2 0 1348 
3 2 0 1364 
3 2 0 1362 
3 2 0 1358 
3 2 0 1354 
3 2 0 1357 
3 2 0 1355 
3 2 0 1356 
3 2 0 1361 
3 2 0 1359 
3 2 0 1360 
3 2 0 1363 
1 1 0 
1 1 0 
1 1 0 
1 1 0 
2 3 1393 1394 0 
2 3 1392 1395 0 
2 3 1391 1396 0 
1 1 0 
1 1 0 
1 1 0 
2 3 1399 1400 0 
1 1 0 
1 1 0 
1 1 0 
1 1 0 
2 3 1404 1405 0 
1 1 0 
1 1 0 
2 3 1407 1408 0 
2 3 1406 1409 0 
2 3 1403 1410 0 
2 3 1402 1411 0 
1 1 0 
2 3 1412 1413 0 
2 3 1401 1414 0 
2 3 1398 1415 0 
2 3 1397 1416 0 
3 2 0 1417 
3 2 0 1397 
3 2 0 1391 
3 2 0 1396 
3 2 0 1392 
3 2 0 1395 
3 2 0 1393 
3 2 0 1394 
3 2 0 1416 
3 2 0 1398 
3 2 0 1415 
3 2 0 1401 
3 2 0 1399 
3 2 0 1400 
3 2 0 1414 
3 2 0 1412 
3 2 0 1402 
3 2 0 1411 
3 2 0 1403 
3 2 0 1410 
3 2 0 1406 
3 2 0 1404 
3 2 0 1405 
3 2 0 1409 
3 2 0 1407 
3 2 0 1408 
3 2 0 1413 
1 1 0 
1 1 0 
1 1 0 
2 3 1446 1447 0 
1 1 0 
1 1 0 
2 3 1449 1450 0 
1 1 0 
1 1 0 
2 3 1452 1453 0 
2 3 1451 1454 0 
1 1 0 
2 3 1455 1456 0 
1 1 0 
1 1 0 
2 3 1458 1459 0 
2 3 1457 1460 0 
2 3 1448 1461 0 
1 1 0 
2 3 1462 1463 0 
2 3 1445 1464 0 
3 2 0 1465 
3 2 0 1445 
3 2 0 1464 
3 2 0 1462 
3 2 0 1448 
3 2 0 1446 
3 2 0 1447 
3 2 0 1461 
3 2 0 1457 
3 2 0 1455 
3 2 0 1451 
3 2 0 1449 
3 2 0 1450 
3 2 0 1454 
3 2 0 1452 
3 2 0 1453 
3 2 0 1456 
3 2 0 1460 
3 2 0 1458 
3 2 0 1459 
3 2 0 1463 
1 1 0 
1 1 0 
1 1 0 
2 3 1488 1489 0 
1 1 0 
2 3 1490 1491 0 
1 1 0 
2 3 1492 1493 0 
1 1 0 
2 3 1494 1495 0 
2 3 1487 1496 0 
3 2 0 1497 
3 2 0 1487 
3 2 0 1496 
3 2 0 1494 
3 2 0 1492 
3 2 0 1490 
3 2 0 1488 
3 2 0 1489 
3 2 0 1491 
3 2 0 1493 
3 2 0 1495 
1 1 0 
1 1 0 
1 1 0 
2 3 1510 1511 0 
2 3 1509 1512 0 
1 1 0 
1 1 0 
2 3 1514 1515 0 
2 3 1513 1516 0 
1 1 0 
2 3 1517 1518 0 
3 2 0 1519 
3 2 0 1517 
3 2 0 1513 
3 2 0 1509 
3 2 0 1512 
3 2 0 1510 
3 2 0 1511 
3 2 0 1516 
3 2 0 1514 
3 2 0 1515 
3 2 0 1518 
1 1 0 
1 1 0 
1 1 0 
2 3 1532 1533 0 
1 1 0 
1 1 0 
1 1 0 
1 1 0 
1 1 0 
2 3 1538 1539 0 
2 3 1537 1540 0 
2 3 1536 1541 0 
2 3 1535 1542 0 
2 3 1534 1543 0 
2 3 1531 1544 0 
1 1 0 
2 3 1545 1546 0 
1 1 0 
2 3 1547 1548 0 
1 1 0 
1 1 0 
1 1 0 
2 3 1551 1552 0 
2 3 1550 1553 0 
1 1 0 
1 1 0 
1 1 0 
1 1 0 
1 1 0 
2 3 1558 1559 0 
1 1 0 
1 1 0 
1 1 0 
2 3 1562 1563 0 
2 3 1561 1564 0 
2 3 1560 1565 0 
2 3 1557 1566 0 
2 3 1556 1567 0 
2 3 1555 1568 0 
2 3 1554 1569 0 
2 3 1549 1570 0 
1 1 0 
2 3 1571 1572 0 
3 2 0 1573 
3 2 0 1571 
3 2 0 1549 
3 2 0 1547 
3 2 0 1545 
3 2 0 1531 
3 2 0 1544 
3 2 0 1534 
3 2 0 1532 
3 2 0 1533 
3 2 0 1543 
3 2 0 1535 
3 2 0 1542 
3 2 0 1536 
3 2 0 1541 
3 2 0 1537 
3 2 0 1540 
3 2 0 1538 
3 2 0 1539 
3 2 0 1546 
3 2 0 1548 
3 2 0 1570 
3 2 0 1554 
3 2 0 1550 
3 2 0 1553 
3 2 0 1551 
3 2 0 1552 
3 2 0 1569 
3 2 0 1555 
3 2 0 1568 
3 2 0 1556 
3 2 0 1567 
3 2 0 1557 
3 2 0 1566 
3 2 0 1560 
3 2 0 1558 
3 2 0 1559 
3 2 0 1565 
3 2 0 1561 
3 2 0 1564 
3 2 0 1562 
3 2 0 1563 
3 2 0 1572 
1 1 0 
1 1 0 
2 3 1617 1618 0 
1 1 0 
1 1 0 
2 3 1620 1621 0 
1 1 0 
1 1 0 
1 1 0 
2 3 1624 1625 0 
2 3 1623 1626 0 
2 3 1622 1627 0 
1 1 0 
2 3 1628 1629 0 
1 1 0 
1 1 0 
1 1 0 
1 1 0 
1 1 0 
2 3 1634 1635 0 
2 3 1633 1636 0 
2 3 1632 1637 0 
1 1 0 
2 3 1638 1639 0 
2 3 1631 1640 0 
2 3 1630 1641 0 
1 1 0 
1 1 0 
1 1 0 
2 3 1644 1645 0 
2 3 1643 1646 0 
2 3 1642 1647 0 
1 1 0 
2 3 1648 1649 0 
2 3 1619 1650 0 
3 2 0 1651 
3 2 0 1619 
3 2 0 1617 
3 2 0 1618 
3 2 0 1650 
3 2 0 1648 
3 2 0 1642 
3 2 0 1630 
3 2 0 1628 
3 2 0 1622 
3 2 0 1620 
3 2 0 1621 
3 2 0 1627 
3 2 0 1623 
3 2 0 1626 
3 2 0 1624 
3 2 0 1625 
3 2 0 1629 
3 2 0 1641 
3 2 0 1631 
3 2 0 1640 
3 2 0 1638 
3 2 0 1632 
3 2 0 1637 
3 2 0 1633 
3 2 0 1636 
3 2 0 1634 
3 2 0 1635 
3 2 0 1639 
3 2 0 1647 
3 2 0 1643 
3 2 0 1646 
3 2 0 1644 
3 2 0 1645 
3 2 0 1649 
1 1 0 
1 1 0 
1 1 0 
1 1 0 
2 3 1689 1690 0 
1 1 0 
1 1 0 
2 3 1692 1693 0 
2 3 1691 1694 0 
2 3 1688 1695 0 
2 3 1687 1696 0 
1 1 0 
1 1 0 
1 1 0 
1 1 0 
1 1 0 
1 1 0 
2 3 1702 1703 0 
2 3 1701 1704 0 
2 3 1700 1705 0 
2 3 1699 1706 0 
1 1 0 
2 3 1707 1708 0 
1 1 0 
1 1 0 
1 1 0 
1 1 0 
2 3 1712 1713 0 
2 3 1711 1714 0 
1 1 0 
1 1 0 
1 1 0 
1 1 0 
2 3 1718 1719 0 
2 3 1717 1720 0 
2 3 1716 1721 0 
2 3 1715 1722 0 
1 1 0 
1 1 0 
1 1 0 
1 1 0 
1 1 0 
1 1 0 
2 3 1728 1729 0 
2 3 1727 1730 0 
2 3 1726 1731 0 
1 1 0 
1 1 0 
2 3 1733 1734 0 
2 3 1732 1735 0 
2 3 1725 1736 0 
1 1 0 
1 1 0 
2 3 1738 1739 0 
2 3 1737 1740 0 
2 3 1724 1741 0 
2 3 1723 1742 0 
2 3 1710 1743 0 
1 1 0 
2 3 1744 1745 0 
2 3 1709 1746 0 
2 3 1698 1747 0 
2 3 1697 1748 0 
3 2 0 1749 
3 2 0 1697 
3 2 0 1687 
3 2 0 1696 
3 2 0 1688 
3 2 0 1695 
3 2 0 1691 
3 2 0 1689 
3 2 0 1690 
3 2 0 1694 
3 2 0 1692 
3 2 0 1693 
3 2 0 1748 
3 2 0 1698 
3 2 0 1747 
3 2 0 1709 
3 2 0 1707 
3 2 0 1699 
3 2 0 1706 
3 2 0 1700 
3 2 0 1705 
3 2 0 1701 
3 2 0 1704 
3 2 0 1702 
3 2 0 1703 
3 2 0 1708 
3 2 0 1746 
3 2 0 1744 
3 2 0 1710 
3 2 0 1743 
3 2 0 1723 
3 2 0 1715 
3 2 0 1711 
3 2 0 1714 
3 2 0 1712 
3 2 0 1713 
3 2 0 1722 
3 2 0 1716 
3 2 0 1721 
3 2 0 1717 
3 2 0 1720 
3 2 0 1718 
3 2 0 1719 
3 2 0 1742 
3 2 0 1724 
3 2 0 1741 
3 2 0 1737 
3 2 0 1725 
3 2 0 1736 
3 2 0 1732 
3 2 0 1726 
3 2 0 1731 
3 2 0 1727 
3 2 0 1730 
3 2 0 1728 
3 2 0 1729 
3 2 0 1735 
3 2 0 1733 
3 2 0 1734 
3 2 0 1740 
3 2 0 1738 
3 2 0 1739 
3 2 0 1745 
1 1 0 
1 1 0 
1 1 0 
2 3 1814 1815 0 
1 1 0 
1 1 0 
1 1 0 
1 1 0 
1 1 0 
2 3 1820 1821 0 
2 3 1819 1822 0 
1 1 0 
2 3 1823 1824 0 
2 3 1818 1825 0 
1 1 0 
1 1 0 
1 1 0 
2 3 1828 1829 0 
2 3 1827 1830 0 
1 1 0 
1 1 0 
2 3 1832 1833 0 
2 3 1831 1834 0 
1 1 0 
1 1 0 
2 3 1836 1837 0 
1 1 0 
1 1 0 
1 1 0 
2 3 1840 1841 0 
1 1 0 
1 1 0 
1 1 0 
1 1 0 
2 3 1845 1846 0 
2 3 1844 1847 0 
2 3 1843 1848 0 
2 3 1842 1849 0 
2 3 1839 1850 0 
2 3 1838 1851 0 
2 3 1835 1852 0 
2 3 1826 1853 0 
2 3 1817 1854 0 
2 3 1816 1855 0 
1 1 0 
2 3 1856 1857 0 
2 3 1813 1858 0 
3 2 0 1859 
3 2 0 1813 
3 2 0 1858 
3 2 0 1856 
3 2 0 1816 
3 2 0 1814 
3 2 0 1815 
3 2 0 1855 
3 2 0 1817 
3 2 0 1854 
3 2 0 1826 
3 2 0 1818 
3 2 0 1825 
3 2 0 1823 
3 2 0 1819 
3 2 0 1822 
3 2 0 1820 
3 2 0 1821 
3 2 0 1824 
3 2 0 1853 
3 2 0 1835 
3 2 0 1831 
3 2 0 1827 
3 2 0 1830 
3 2 0 1828 
3 2 0 1829 
3 2 0 1834 
3 2 0 1832 
3 2 0 1833 
3 2 0 1852 
3 2 0 1838 
3 2 0 1836 
3 2 0 1837 
3 2 0 1851 
3 2 0 1839 
3 2 0 1850 
3 2 0 1842 
3 2 0 1840 
3 2 0 1841 
3 2 0 1849 
3 2 0 1843 
3 2 0 1848 
3 2 0 1844 
3 2 0 1847 
3 2 0 1845 
3 2 0 1846 
3 2 0 1857 
1 1 0 
1 1 0 
2 3 1907 1908 0 
1 1 0 
1 1 0 
1 1 0 
2 3 1911 1912 0 
1 1 0 
2 3 1913 1914 0 
1 1 0 
2 3 1915 1916 0 
1 1 0 
1 1 0 
2 3 1918 1919 0 
1 1 0 
1 1 0 
1 1 0 
2 3 1922 1923 0 
2 3 1921 1924 0 
2 3 1920 1925 0 
2 3 1917 1926 0 
2 3 1910 1927 0 
2 3 1909 1928 0 
1 1 0 
1 1 0 
1 1 0 
1 1 0 
2 3 1932 1933 0 
2 3 1931 1934 0 
1 1 0 
1 1 0 
1 1 0 
1 1 0 
1 1 0 
1 1 0 
2 3 1940 1941 0 
2 3 1939 1942 0 
2 3 1938 1943 0 
2 3 1937 1944 0 
2 3 1936 1945 0 
2 3 1935 1946 0 
2 3 1930 1947 0 
1 1 0 
2 3 1948 1949 0 
2 3 1929 1950 0 
3 2 0 1951 
3 2 0 1929 
3 2 0 1909 
3 2 0 1907 
3 2 0 1908 
3 2 0 1928 
3 2 0 1910 
3 2 0 1927 
3 2 0 1917 
3 2 0 1915 
3 2 0 1913 
3 2 0 1911 
3 2 0 1912 
3 2 0 1914 
3 2 0 1916 
3 2 0 1926 
3 2 0 1920 
3 2 0 1918 
3 2 0 1919 
3 2 0 1925 
3 2 0 1921 
3 2 0 1924 
3 2 0 1922 
3 2 0 1923 
3 2 0 1950 
3 2 0 1948 
3 2 0 1930 
3 2 0 1947 
3 2 0 1935 
3 2 0 1931 
3 2 0 1934 
3 2 0 1932 
3 2 0 1933 
3 2 0 1946 
3 2 0 1936 
3 2 0 1945 
3 2 0 1937 
3 2 0 1944 
3 2 0 1938 
3 2 0 1943 
3 2 0 1939 
3 2 0 1942 
3 2 0 1940 
3 2 0 1941 
3 2 0 1949 
1 1 0 
1 1 0 
1 1 0 
1 1 0 
2 3 1999 2000 0 
2 3 1998 2001 0 
2 3 1997 2002 0 
1 1 0 
1 1 0 
1 1 0 
1 1 0 
1 1 0 
1 1 0 
1 1 0 
1 1 0 
2 3 2010 2011 0 
2 3 2009 2012 0 
2 3 2008 2013 0 
1 1 0 
1 1 0 
1 1 0 
2 3 2016 2017 0 
2 3 2015 2018 0 
2 3 2014 2019 0 
1 1 0 
2 3 2020 2021 0 
1 1 0 
1 1 0 
1 1 0 
1 1 0 
1 1 0 
1 1 0 
2 3 2027 2028 0 
2 3 2026 2029 0 
1 1 0 
1 1 0 
2 3 2031 2032 0 
2 3 2030 2033 0 
1 1 0 
1 1 0 
1 1 0 
2 3 2036 2037 0 
2 3 2035 2038 0 
2 3 2034 2039 0 
1 1 0 
1 1 0 
1 1 0 
1 1 0 
2 3 2043 2044 0 
2 3 2042 2045 0 
2 3 2041 2046 0 
2 3 2040 2047 0 
2 3 2025 2048 0 
2 3 2024 2049 0 
2 3 2023 2050 0 
2 3 2022 2051 0 
2 3 2007 2052 0 
2 3 2006 2053 0 
2 3 2005 2054 0 
2 3 2004 2055 0 
1 1 0 
2 3 2056 2057 0 
2 3 2003 2058 0 
3 2 0 2059 
3 2 0 2003 
3 2 0 1997 
3 2 0 2002 
3 2 0 1998 
3 2 0 2001 
3 2 0 1999 
3 2 0 2000 
3 2 0 2058 
3 2 0 2056 
3 2 0 2004 
3 2 0 2055 
3 2 0 2005 
3 2 0 2054 
3 2 0 2006 
3 2 0 2053 
3 2 0 2007 
3 2 0 2052 
3 2 0 2022 
3 2 0 2020 
3 2 0 2014 
3 2 0 2008 
3 2 0 2013 
3 2 0 2009 
3 2 0 2012 
3 2 0 2010 
3 2 0 2011 
3 2 0 2019 
3 2 0 2015 
3 2 0 2018 
3 2 0 2016 
3 2 0 2017 
3 2 0 2021 
3 2 0 2051 
3 2 0 2023 
3 2 0 2050 
3 2 0 2024 
3 2 0 2049 
3 2 0 2025 
3 2 0 2048 
3 2 0 2040 
3 2 0 2034 
3 2 0 2030 
3 2 0 2026 
3 2 0 2029 
3 2 0 2027 
3 2 0 2028 
3 2 0 2033 
3 2 0 2031 
3 2 0 2032 
3 2 0 2039 
3 2 0 2035 
3 2 0 2038 
3 2 0 2036 
3 2 0 2037 
3 2 0 2047 
3 2 0 2041 
3 2 0 2046 
3 2 0 2042 
3 2 0 2045 
3 2 0 2043 
3 2 0 2044 
3 2 0 2057 
1 1 0 
1 1 0 
2 3 2123 2124 0 
1 1 0 
1 1 0 
1 1 0 
1 1 0 
1 1 0 
2 3 2129 2130 0 
2 3 2128 2131 0 
2 3 2127 2132 0 
2 3 2126 2133 0 
2 3 2125 2134 0 
1 1 0 
2 3 2135 2136 0 
1 1 0 
2 3 2137 2138 0 
1 1 0 
1 1 0 
1 1 0 
2 3 2141 2142 0 
1 1 0 
2 3 2143 2144 0 
2 3 2140 2145 0 
2 3 2139 2146 0 
1 1 0 
2 3 2147 2148 0 
3 2 0 2149 
3 2 0 2147 
3 2 0 2139 
3 2 0 2137 
3 2 0 2135 
3 2 0 2125 
3 2 0 2123 
3 2 0 2124 
3 2 0 2134 
3 2 0 2126 
3 2 0 2133 
3 2 0 2127 
3 2 0 2132 
3 2 0 2128 
3 2 0 2131 
3 2 0 2129 
3 2 0 2130 
3 2 0 2136 
3 2 0 2138 
3 2 0 2146 
3 2 0 2140 
3 2 0 2145 
3 2 0 2143 
3 2 0 2141 
3 2 0 2142 
3 2 0 2144 
3 2 0 2148 
1 1 0 
1 1 0 
2 3 2177 2178 0 
1 1 0 
1 1 0 
1 1 0 
1 1 0 
2 3 2182 2183 0 
2 3 2181 2184 0 
2 3 2180 2185 0 
2 3 2179 2186 0 
1 1 0 
1 1 0 
1 1 0 
1 1 0 
1 1 0 
1 1 0 
1 1 0 
2 3 2193 2194 0 
2 3 2192 2195 0 
2 3 2191 2196 0 
2 3 2190 2197 0 
2 3 2189 2198 0 
2 3 2188 2199 0 
1 1 0 
1 1 0 
1 1 0 
2 3 2202 2203 0 
2 3 2201 2204 0 
2 3 2200 2205 0 
1 1 0 
2 3 2206 2207 0 
2 3 2187 2208 0 
3 2 0 2209 
3 2 0 2187 
3 2 0 2179 
3 2 0 2177 
3 2 0 2178 
3 2 0 2186 
3 2 0 2180 
3 2 0 2185 
3 2 0 2181 
3 2 0 2184 
3 2 0 2182 
3 2 0 2183 
3 2 0 2208 
3 2 0 2206 
3 2 0 2200 
3 2 0 2188 
3 2 0 2199 
3 2 0 2189 
3 2 0 2198 
3 2 0 2190 
3 2 0 2197 
3 2 0 2191 
3 2 0 2196 
3 2 0 2192 
3 2 0 2195 
3 2 0 2193 
3 2 0 2194 
3 2 0 2205 
3 2 0 2201 
3 2 0 2204 
3 2 0 2202 
3 2 0 2203 
3 2 0 2207 
1 1 0 
1 1 0 
1 1 0 
2 3 2244 2245 0 
1 1 0 
1 1 0 
2 3 2247 2248 0 
2 3 2246 2249 0 
1 1 0 
2 3 2250 2251 0 
2 3 2243 2252 0 
3 2 0 2253 
3 2 0 2243 
3 2 0 2252 
3 2 0 2250 
3 2 0 2246 
3 2 0 2244 
3 2 0 2245 
3 2 0 2249 
3 2 0 2247 
3 2 0 2248 
3 2 0 2251 
1 1 0 
1 1 0 
1 1 0 
2 3 2266 2267 0 
1 1 0 
1 1 0 
1 1 0 
2 3 2270 2271 0 
1 1 0 
1 1 0 
2 3 2273 2274 0 
2 3 2272 2275 0 
2 3 2269 2276 0 
1 1 0 
2 3 2277 2278 0 
1 1 0 
2 3 2279 2280 0 
1 1 0 
1 1 0 
1 1 0 
1 1 0 
1 1 0 
1 1 0 
1 1 0 
2 3 2287 2288 0 
1 1 0 
1 1 0 
2 3 2290 2291 0 
2 3 2289 2292 0 
2 3 2286 2293 0 
1 1 0 
1 1 0 
1 1 0 
2 3 2296 2297 0 
2 3 2295 2298 0 
2 3 2294 2299 0 
2 3 2285 2300 0 
2 3 2284 2301 0 
2 3 2283 2302 0 
2 3 2282 2303 0 
2 3 2281 2304 0 
2 3 2268 2305 0 
1 1 0 
2 3 2306 2307 0 
2 3 2265 2308 0 
3 2 0 2309 
3 2 0 2265 
3 2 0 2308 
3 2 0 2306 
3 2 0 2268 
3 2 0 2266 
3 2 0 2267 
3 2 0 2305 
3 2 0 2281 
3 2 0 2279 
3 2 0 2277 
3 2 0 2269 
3 2 0 2276 
3 2 0 2272 
3 2 0 2270 
3 2 0 2271 
3 2 0 2275 
3 2 0 2273 
3 2 0 2274 
3 2 0 2278 
3 2 0 2280 
3 2 0 2304 
3 2 0 2282 
3 2 0 2303 
3 2 0 2283 
3 2 0 2302 
3 2 0 2284 
3 2 0 2301 
3 2 0 2285 
3 2 0 2300 
3 2 0 2294 
3 2 0 2286 
3 2 0 2293 
3 2 0 2289 
3 2 0 2287 
3 2 0 2288 
3 2 0 2292 
3 2 0 2290 
3 2 0 2291 
3 2 0 2299 
3 2 0 2295 
3 2 0 2298 
3 2 0 2296 
3 2 0 2297 
3 2 0 2307 
1 1 0 
1 1 0 
2 3 2355 2356 0 
1 1 0 
2 3 2357 2358 0 
1 1 0 
1 1 0 
2 3 2360 2361 0 
2 3 2359 2362 0 
1 1 0 
2 3 2363 2364 0 
1 1 0 
1 1 0 
1 1 0 
1 1 0 
2 3 2368 2369 0 
1 1 0 
2 3 2370 2371 0 
1 1 0 
1 1 0 
2 3 2373 2374 0 
2 3 2372 2375 0 
2 3 2367 2376 0 
2 3 2366 2377 0 
2 3 2365 2378 0 
1 1 0 
1 1 0 
2 3 2380 2381 0 
2 3 2379 2382 0 
1 1 0 
2 3 2383 2384 0 
3 2 0 2385 
3 2 0 2383 
3 2 0 2379 
3 2 0 2365 
3 2 0 2363 
3 2 0 2359 
3 2 0 2357 
3 2 0 2355 
3 2 0 2356 
3 2 0 2358 
3 2 0 2362 
3 2 0 2360 
3 2 0 2361 
3 2 0 2364 
3 2 0 2378 
3 2 0 2366 
3 2 0 2377 
3 2 0 2367 
3 2 0 2376 
3 2 0 2372 
3 2 0 2370 
3 2 0 2368 
3 2 0 2369 
3 2 0 2371 
3 2 0 2375 
3 2 0 2373 
3 2 0 2374 
3 2 0 2382 
3 2 0 2380 
3 2 0 2381 
3 2 0 2384 
1 1 0 
1 1 0 
1 1 0 
1 1 0 
1 1 0 
2 3 2420 2421 0 
1 1 0 
2 3 2422 2423 0 
2 3 2419 2424 0 
1 1 0 
2 3 2425 2426 0 
1 1 0 
1 1 0 
1 1 0 
1 1 0 
1 1 0 
1 1 0 
1 1 0 
2 3 2433 2434 0 
2 3 2432 2435 0 
2 3 2431 2436 0 
2 3 2430 2437 0 
2 3 2429 2438 0 
2 3 2428 2439 0 
1 1 0 
2 3 2440 2441 0 
1 1 0 
2 3 2442 2443 0 
1 1 0 
1 1 0 
1 1 0 
2 3 2446 2447 0 
1 1 0 
1 1 0 
1 1 0 
1 1 0 
1 1 0 
2 3 2452 2453 0 
2 3 2451 2454 0 
2 3 2450 2455 0 
2 3 2449 2456 0 
2 3 2448 2457 0 
2 3 2445 2458 0 
2 3 2444 2459 0 
2 3 2427 2460 0 
2 3 2418 2461 0 
1 1 0 
2 3 2462 2463 0 
2 3 2417 2464 0 
3 2 0 2465 
3 2 0 2417 
3 2 0 2464 
3 2 0 2462 
3 2 0 2418 
3 2 0 2461 
3 2 0 2427 
3 2 0 2425 
3 2 0 2419 
3 2 0 2424 
3 2 0 2422 
3 2 0 2420 
3 2 0 2421 
3 2 0 2423 
3 2 0 2426 
3 2 0 2460 
3 2 0 2444 
3 2 0 2442 
3 2 0 2440 
3 2 0 2428 
3 2 0 2439 
3 2 0 2429 
3 2 0 2438 
3 2 0 2430 
3 2 0 2437 
3 2 0 2431 
3 2 0 2436 
3 2 0 2432 
3 2 0 2435 
3 2 0 2433 
3 2 0 2434 
3 2 0 2441 
3 2 0 2443 
3 2 0 2459 
3 2 0 2445 
3 2 0 2458 
3 2 0 2448 
3 2 0 2446 
3 2 0 2447 
3 2 0 2457 
3 2 0 2449 
3 2 0 2456 
3 2 0 2450 
3 2 0 2455 
3 2 0 2451 
3 2 0 2454 
3 2 0 2452 
3 2 0 2453 
3 2 0 2463 
1 1 0 
1 1 0 
2 3 2515 2516 0 
1 1 0 
1 1 0 
1 1 0 
1 1 0 
1 1 0 
2 3 2521 2522 0 
2 3 2520 2523 0 
2 3 2519 2524 0 
2 3 2518 2525 0 
2 3 2517 2526 0 
1 1 0 
2 3 2527 2528 0 
1 1 0 
2 3 2529 2530 0 
1 1 0 
1 1 0 
2 3 2532 2533 0 
1 1 0 
1 1 0 
1 1 0 
1 1 0 
2 3 2537 2538 0 
2 3 2536 2539 0 
1 1 0 
1 1 0 
1 1 0 
1 1 0 
2 3 2543 2544 0 
2 3 2542 2545 0 
2 3 2541 2546 0 
2 3 2540 2547 0 
1 1 0 
2 3 2548 2549 0 
1 1 0 
2 3 2550 2551 0 
2 3 2535 2552 0 
2 3 2534 2553 0 
2 3 2531 2554 0 
1 1 0 
2 3 2555 2556 0 
3 2 0 2557 
3 2 0 2555 
3 2 0 2531 
3 2 0 2529 
3 2 0 2527 
3 2 0 2517 
3 2 0 2515 
3 2 0 2516 
3 2 0 2526 
3 2 0 2518 
3 2 0 2525 
3 2 0 2519 
3 2 0 2524 
3 2 0 2520 
3 2 0 2523 
3 2 0 2521 
3 2 0 2522 
3 2 0 2528 
3 2 0 2530 
3 2 0 2554 
3 2 0 2534 
3 2 0 2532 
3 2 0 2533 
3 2 0 2553 
3 2 0 2535 
3 2 0 2552 
3 2 0 2550 
3 2 0 2548 
3 2 0 2540 
3 2 0 2536 
3 2 0 2539 
3 2 0 2537 
3 2 0 2538 
3 2 0 2547 
3 2 0 2541 
3 2 0 2546 
3 2 0 2542 
3 2 0 2545 
3 2 0 2543 
3 2 0 2544 
3 2 0 2549 
3 2 0 2551 
3 2 0 2556 
1 1 0 
1 1 0 
1 1 0 
1 1 0 
1 1 0 
2 3 2604 2605 0 
2 3 2603 2606 0 
1 1 0 
1 1 0 
2 3 2608 2609 0 
2 3 2607 2610 0 
1 1 0 
1 1 0 
1 1 0 
1 1 0 
1 1 0 
2 3 2615 2616 0 
2 3 2614 2617 0 
2 3 2613 2618 0 
1 1 0 
1 1 0 
1 1 0 
2 3 2621 2622 0 
2 3 2620 2623 0 
2 3 2619 2624 0 
2 3 2612 2625 0 
2 3 2611 2626 0 
2 3 2602 2627 0 
2 3 2601 2628 0 
1 1 0 
2 3 2629 2630 0 
1 1 0 
2 3 2631 2632 0 
1 1 0 
1 1 0 
1 1 0 
2 3 2635 2636 0 
2 3 2634 2637 0 
1 1 0 
1 1 0 
1 1 0 
2 3 2640 2641 0 
1 1 0 
1 1 0 
1 1 0 
1 1 0 
2 3 2645 2646 0 
2 3 2644 2647 0 
2 3 2643 2648 0 
2 3 2642 2649 0 
2 3 2639 2650 0 
2 3 2638 2651 0 
2 3 2633 2652 0 
1 1 0 
2 3 2653 2654 0 
3 2 0 2655 
3 2 0 2653 
3 2 0 2633 
3 2 0 2631 
3 2 0 2629 
3 2 0 2601 
3 2 0 2628 
3 2 0 2602 
3 2 0 2627 
3 2 0 2611 
3 2 0 2607 
3 2 0 2603 
3 2 0 2606 
3 2 0 2604 
3 2 0 2605 
3 2 0 2610 
3 2 0 2608 
3 2 0 2609 
3 2 0 2626 
3 2 0 2612 
3 2 0 2625 
3 2 0 2619 
3 2 0 2613 
3 2 0 2618 
3 2 0 2614 
3 2 0 2617 
3 2 0 2615 
3 2 0 2616 
3 2 0 2624 
3 2 0 2620 
3 2 0 2623 
3 2 0 2621 
3 2 0 2622 
3 2 0 2630 
3 2 0 2632 
3 2 0 2652 
3 2 0 2638 
3 2 0 2634 
3 2 0 2637 
3 2 0 2635 
3 2 0 2636 
3 2 0 2651 
3 2 0 2639 
3 2 0 2650 
3 2 0 2642 
3 2 0 2640 
3 2 0 2641 
3 2 0 2649 
3 2 0 2643 
3 2 0 2648 
3 2 0 2644 
3 2 0 2647 
3 2 0 2645 
3 2 0 2646 
3 2 0 2654 
1 1 0 
1 1 0 
2 3 2711 2712 0 
1 1 0 
1 1 0 
1 1 0 
1 1 0 
2 3 2716 2717 0 
1 1 0 
1 1 0 
1 1 0 
2 3 2720 2721 0 
2 3 2719 2722 0 
2 3 2718 2723 0 
2 3 2715 2724 0 
2 3 2714 2725 0 
1 1 0 
2 3 2726 2727 0 
2 3 2713 2728 0 
3 2 0 2729 
3 2 0 2713 
3 2 0 2711 
3 2 0 2712 
3 2 0 2728 
3 2 0 2726 
3 2 0 2714 
3 2 0 2725 
3 2 0 2715 
3 2 0 2724 
3 2 0 2718 
3 2 0 2716 
3 2 0 2717 
3 2 0 2723 
3 2 0 2719 
3 2 0 2722 
3 2 0 2720 
3 2 0 2721 
3 2 0 2727 
1 1 0 
1 1 0 
2 3 2749 2750 0 
1 1 0 
1 1 0 
1 1 0 
1 1 0 
2 3 2754 2755 0 
1 1 0 
1 1 0 
1 1 0 
2 3 2758 2759 0 
1 1 0 
1 1 0 
1 1 0 
1 1 0 
1 1 0 
2 3 2764 2765 0 
1 1 0 
1 1 0 
1 1 0 
2 3 2768 2769 0 
1 1 0 
2 3 2770 2771 0 
1 1 0 
1 1 0 
1 1 0 
1 1 0 
1 1 0 
2 3 2776 2777 0 
2 3 2775 2778 0 
2 3 2774 2779 0 
2 3 2773 2780 0 
2 3 2772 2781 0 
1 1 0 
1 1 0 
2 3 2783 2784 0 
1 1 0 
1 1 0 
1 1 0 
1 1 0 
2 3 2788 2789 0 
2 3 2787 2790 0 
2 3 2786 2791 0 
2 3 2785 2792 0 
2 3 2782 2793 0 
2 3 2767 2794 0 
2 3 2766 2795 0 
2 3 2763 2796 0 
2 3 2762 2797 0 
2 3 2761 2798 0 
2 3 2760 2799 0 
2 3 2757 2800 0 
2 3 2756 2801 0 
2 3 2753 2802 0 
2 3 2752 2803 0 
1 1 0 
2 3 2804 2805 0 
2 3 2751 2806 0 
3 2 0 2807 
3 2 0 2751 
3 2 0 2749 
3 2 0 2750 
3 2 0 2806 
3 2 0 2804 
3 2 0 2752 
3 2 0 2803 
3 2 0 2753 
3 2 0 2802 
3 2 0 2756 
3 2 0 2754 
3 2 0 2755 
3 2 0 2801 
3 2 0 2757 
3 2 0 2800 
3 2 0 2760 
3 2 0 2758 
3 2 0 2759 
3 2 0 2799 
3 2 0 2761 
3 2 0 2798 
3 2 0 2762 
3 2 0 2797 
3 2 0 2763 
3 2 0 2796 
3 2 0 2766 
3 2 0 2764 
3 2 0 2765 
3 2 0 2795 
3 2 0 2767 
3 2 0 2794 
3 2 0 2782 
3 2 0 2772 
3 2 0 2770 
3 2 0 2768 
3 2 0 2769 
3 2 0 2771 
3 2 0 2781 
3 2 0 2773 
3 2 0 2780 
3 2 0 2774 
3 2 0 2779 
3 2 0 2775 
3 2 0 2778 
3 2 0 2776 
3 2 0 2777 
3 2 0 2793 
3 2 0 2785 
3 2 0 2783 
3 2 0 2784 
3 2 0 2792 
3 2 0 2786 
3 2 0 2791 
3 2 0 2787 
3 2 0 2790 
3 2 0 2788 
3 2 0 2789 
3 2 0 2805 
1 1 0 
1 1 0 
2 3 2867 2868 0 
1 1 0 
2 3 2869 2870 0 
1 1 0 
1 1 0 
2 3 2872 2873 0 
1 1 0 
2 3 2874 2875 0 
2 3 2871 2876 0 
1 1 0 
2 3 2877 2878 0 
1 1 0 
1 1 0 
2 3 2880 2881 0 
1 1 0 
1 1 0 
1 1 0 
2 3 2884 2885 0 
2 3 2883 2886 0 
2 3 2882 2887 0 
1 1 0 
1 1 0 
1 1 0 
2 3 2890 2891 0 
2 3 2889 2892 0 
2 3 2888 2893 0 
2 3 2879 2894 0 
1 1 0 
2 3 2895 2896 0 
3 2 0 2897 
3 2 0 2895 
3 2 0 2879 
3 2 0 2877 
3 2 0 2871 
3 2 0 2869 
3 2 0 2867 
3 2 0 2868 
3 2 0 2870 
3 2 0 2876 
3 2 0 2874 
3 2 0 2872 
3 2 0 2873 
3 2 0 2875 
3 2 0 2878 
3 2 0 2894 
3 2 0 2888 
3 2 0 2882 
3 2 0 2880 
3 2 0 2881 
3 2 0 2887 
3 2 0 2883 
3 2 0 2886 
3 2 0 2884 
3 2 0 2885 
3 2 0 2893 
3 2 0 2889 
3 2 0 2892 
3 2 0 2890 
3 2 0 2891 
3 2 0 2896 
1 1 0 
1 1 0 
1 1 0 
1 1 0 
2 3 2931 2932 0 
1 1 0 
1 1 0 
2 3 2934 2935 0 
2 3 2933 2936 0 
2 3 2930 2937 0 
1 1 0 
2 3 2938 2939 0 
2 3 2929 2940 0 
3 2 0 2941 
3 2 0 2929 
3 2 0 2940 
3 2 0 2938 
3 2 0 2930 
3 2 0 2937 
3 2 0 2933 
3 2 0 2931 
3 2 0 2932 
3 2 0 2936 
3 2 0 2934 
3 2 0 2935 
3 2 0 2939 
1 1 0 
1 1 0 
1 1 0 
1 1 0 
1 1 0 
1 1 0 
1 1 0 
2 3 2960 2961 0 
1 1 0 
2 3 2962 2963 0 
1 1 0 
2 3 2964 2965 0 
2 3 2959 2966 0 
1 1 0 
1 1 0 
1 1 0 
2 3 2969 2970 0 
1 1 0 
1 1 0 
1 1 0 
2 3 2973 2974 0 
1 1 0 
1 1 0 
1 1 0 
1 1 0 
2 3 2978 2979 0 
2 3 2977 2980 0 
2 3 2976 2981 0 
2 3 2975 2982 0 
2 3 2972 2983 0 
2 3 2971 2984 0 
2 3 2968 2985 0 
2 3 2967 2986 0 
2 3 2958 2987 0 
1 1 0 
1 1 0 
1 1 0 
2 3 2990 2991 0 
1 1 0 
1 1 0 
2 3 2993 2994 0 
1 1 0 
1 1 0 
1 1 0 
2 3 2997 2998 0 
2 3 2996 2999 0 
2 3 2995 3000 0 
2 3 2992 3001 0 
2 3 2989 3002 0 
2 3 2988 3003 0 
2 3 2957 3004 0 
1 1 0 
2 3 3005 3006 0 
2 3 2956 3007 0 
2 3 2955 3008 0 
3 2 0 3009 
3 2 0 2955 
3 2 0 3008 
3 2 0 2956 
3 2 0 3007 
3 2 0 3005 
3 2 0 2957 
3 2 0 3004 
3 2 0 2988 
3 2 0 2958 
3 2 0 2987 
3 2 0 2967 
3 2 0 2959 
3 2 0 2966 
3 2 0 2964 
3 2 0 2962 
3 2 0 2960 
3 2 0 2961 
3 2 0 2963 
3 2 0 2965 
3 2 0 2986 
3 2 0 2968 
3 2 0 2985 
3 2 0 2971 
3 2 0 2969 
3 2 0 2970 
3 2 0 2984 
3 2 0 2972 
3 2 0 2983 
3 2 0 2975 
3 2 0 2973 
3 2 0 2974 
3 2 0 2982 
3 2 0 2976 
3 2 0 2981 
3 2 0 2977 
3 2 0 2980 
3 2 0 2978 
3 2 0 2979 
3 2 0 3003 
3 2 0 2989 
3 2 0 3002 
3 2 0 2992 
3 2 0 2990 
3 2 0 2991 
3 2 0 3001 
3 2 0 2995 
3 2 0 2993 
3 2 0 2994 
3 2 0 3000 
3 2 0 2996 
3 2 0 2999 
3 2 0 2997 
3 2 0 2998 
3 2 0 3006 
1 1 0 
1 1 0 
1 1 0 
1 1 0 
1 1 0 
2 3 3068 3069 0 
2 3 3067 3070 0 
2 3 3066 3071 0 
2 3 3065 3072 0 
1 1 0 
1 1 0 
2 3 3074 3075 0 
2 3 3073 3076 0 
1 1 0 
1 1 0 
1 1 0 
1 1 0 
2 3 3080 3081 0 
1 1 0 
2 3 3082 3083 0 
2 3 3079 3084 0 
2 3 3078 3085 0 
1 1 0 
2 3 3086 3087 0 
2 3 3077 3088 0 
3 2 0 3089 
3 2 0 3077 
3 2 0 3073 
3 2 0 3065 
3 2 0 3072 
3 2 0 3066 
3 2 0 3071 
3 2 0 3067 
3 2 0 3070 
3 2 0 3068 
3 2 0 3069 
3 2 0 3076 
3 2 0 3074 
3 2 0 3075 
3 2 0 3088 
3 2 0 3086 
3 2 0 3078 
3 2 0 3085 
3 2 0 3079 
3 2 0 3084 
3 2 0 3082 
3 2 0 3080 
3 2 0 3081 
3 2 0 3083 
3 2 0 3087 
1 1 0 
1 1 0 
1 1 0 
1 1 0 
1 1 0 
1 1 0 
2 3 3119 3120 0 
2 3 3118 3121 0 
1 1 0 
1 1 0 
1 1 0 
2 3 3124 3125 0 
1 1 0 
2 3 3126 3127 0 
1 1 0 
2 3 3128 3129 0 
1 1 0 
1 1 0 
1 1 0 
1 1 0 
2 3 3133 3134 0 
2 3 3132 3135 0 
2 3 3131 3136 0 
1 1 0 
2 3 3137 3138 0 
1 1 0 
1 1 0 
1 1 0 
1 1 0 
2 3 3142 3143 0 
2 3 3141 3144 0 
2 3 3140 3145 0 
2 3 3139 3146 0 
2 3 3130 3147 0 
2 3 3123 3148 0 
2 3 3122 3149 0 
2 3 3117 3150 0 
2 3 3116 3151 0 
1 1 0 
2 3 3152 3153 0 
2 3 3115 3154 0 
3 2 0 3155 
3 2 0 3115 
3 2 0 3154 
3 2 0 3152 
3 2 0 3116 
3 2 0 3151 
3 2 0 3117 
3 2 0 3150 
3 2 0 3122 
3 2 0 3118 
3 2 0 3121 
3 2 0 3119 
3 2 0 3120 
3 2 0 3149 
3 2 0 3123 
3 2 0 3148 
3 2 0 3130 
3 2 0 3128 
3 2 0 3126 
3 2 0 3124 
3 2 0 3125 
3 2 0 3127 
3 2 0 3129 
3 2 0 3147 
3 2 0 3139 
3 2 0 3137 
3 2 0 3131 
3 2 0 3136 
3 2 0 3132 
3 2 0 3135 
3 2 0 3133 
3 2 0 3134 
3 2 0 3138 
3 2 0 3146 
3 2 0 3140 
3 2 0 3145 
3 2 0 3141 
3 2 0 3144 
3 2 0 3142 
3 2 0 3143 
3 2 0 3153 
1 1 0 
1 1 0 
2 3 3197 3198 0 
1 1 0 
2 3 3199 3200 0 
1 1 0 
1 1 0 
2 3 3202 3203 0 
1 1 0 
2 3 3204 3205 0 
1 1 0 
1 1 0 
1 1 0 
2 3 3208 3209 0 
2 3 3207 3210 0 
1 1 0 
1 1 0 
1 1 0 
2 3 3213 3214 0 
1 1 0 
2 3 3215 3216 0 
2 3 3212 3217 0 
2 3 3211 3218 0 
2 3 3206 3219 0 
2 3 3201 3220 0 
1 1 0 
1 1 0 
1 1 0 
2 3 3223 3224 0 
1 1 0 
1 1 0 
1 1 0 
2 3 3227 3228 0 
2 3 3226 3229 0 
2 3 3225 3230 0 
1 1 0 
2 3 3231 3232 0 
2 3 3222 3233 0 
2 3 3221 3234 0 
3 2 0 3235 
3 2 0 3221 
3 2 0 3201 
3 2 0 3199 
3 2 0 3197 
3 2 0 3198 
3 2 0 3200 
3 2 0 3220 
3 2 0 3206 
3 2 0 3204 
3 2 0 3202 
3 2 0 3203 
3 2 0 3205 
3 2 0 3219 
3 2 0 3211 
3 2 0 3207 
3 2 0 3210 
3 2 0 3208 
3 2 0 3209 
3 2 0 3218 
3 2 0 3212 
3 2 0 3217 
3 2 0 3215 
3 2 0 3213 
3 2 0 3214 
3 2 0 3216 
3 2 0 3234 
3 2 0 3222 
3 2 0 3233 
3 2 0 3231 
3 2 0 3225 
3 2 0 3223 
3 2 0 3224 
3 2 0 3230 
3 2 0 3226 
3 2 0 3229 
3 2 0 3227 
3 2 0 3228 
3 2 0 3232 
1 1 0 
1 1 0 
1 1 0 
2 3 3276 3277 0 
1 1 0 
1 1 0 
1 1 0 
2 3 3280 3281 0 
2 3 3279 3282 0 
2 3 3278 3283 0 
2 3 3275 3284 0 
1 1 0 
1 1 0 
1 1 0 
1 1 0 
2 3 3288 3289 0 
2 3 3287 3290 0 
1 1 0 
1 1 0 
1 1 0 
2 3 3293 3294 0 
1 1 0 
1 1 0 
1 1 0 
1 1 0 
2 3 3298 3299 0 
1 1 0 
1 1 0 
1 1 0 
1 1 0 
2 3 3303 3304 0 
2 3 3302 3305 0 
2 3 3301 3306 0 
1 1 0 
1 1 0 
1 1 0 
1 1 0 
2 3 3310 3311 0 
2 3 3309 3312 0 
1 1 0 
1 1 0 
2 3 3314 3315 0 
2 3 3313 3316 0 
2 3 3308 3317 0 
2 3 3307 3318 0 
2 3 3300 3319 0 
2 3 3297 3320 0 
2 3 3296 3321 0 
2 3 3295 3322 0 
2 3 3292 3323 0 
1 1 0 
2 3 3324 3325 0 
2 3 3291 3326 0 
2 3 3286 3327 0 
2 3 3285 3328 0 
3 2 0 3329 
3 2 0 3285 
3 2 0 3275 
3 2 0 3284 
3 2 0 3278 
3 2 0 3276 
3 2 0 3277 
3 2 0 3283 
3 2 0 3279 
3 2 0 3282 
3 2 0 3280 
3 2 0 3281 
3 2 0 3328 
3 2 0 3286 
3 2 0 3327 
3 2 0 3291 
3 2 0 3287 
3 2 0 3290 
3 2 0 3288 
3 2 0 3289 
3 2 0 3326 
3 2 0 3324 
3 2 0 3292 
3 2 0 3323 
3 2 0 3295 
3 2 0 3293 
3 2 0 3294 
3 2 0 3322 
3 2 0 3296 
3 2 0 3321 
3 2 0 3297 
3 2 0 3320 
3 2 0 3300 
3 2 0 3298 
3 2 0 3299 
3 2 0 3319 
3 2 0 3307 
3 2 0 3301 
3 2 0 3306 
3 2 0 3302 
3 2 0 3305 
3 2 0 3303 
3 2 0 3304 
3 2 0 3318 
3 2 0 3308 
3 2 0 3317 
3 2 0 3313 
3 2 0 3309 
3 2 0 3312 
3 2 0 3310 
3 2 0 3311 
3 2 0 3316 
3 2 0 3314 
3 2 0 3315 
3 2 0 3325 
1 1 0 
1 1 0 
2 3 3385 3386 0 
1 1 0 
2 3 3387 3388 0 
1 1 0 
1 1 0 
1 1 0 
2 3 3391 3392 0 
2 3 3390 3393 0 
2 3 3389 3394 0 
1 1 0 
2 3 3395 3396 0 
3 2 0 3397 
3 2 0 3395 
3 2 0 3389 
3 2 0 3387 
3 2 0 3385 
3 2 0 3386 
3 2 0 3388 
3 2 0 3394 
3 2 0 3390 
3 2 0 3393 
3 2 0 3391 
3 2 0 3392 
3 2 0 3396 
1 1 0 
1 1 0 
1 1 0 
2 3 3412 3413 0 
2 3 3411 3414 0 
1 1 0 
1 1 0 
2 3 3416 3417 0 
1 1 0 
1 1 0 
1 1 0 
1 1 0 
1 1 0 
2 3 3422 3423 0 
1 1 0 
2 3 3424 3425 0 
1 1 0 
1 1 0 
1 1 0 
1 1 0 
1 1 0 
1 1 0 
2 3 3431 3432 0 
2 3 3430 3433 0 
2 3 3429 3434 0 
1 1 0 
2 3 3435 3436 0 
1 1 0 
1 1 0 
2 3 3438 3439 0 
1 1 0 
1 1 0 
1 1 0 
2 3 3442 3443 0 
2 3 3441 3444 0 
2 3 3440 3445 0 
2 3 3437 3446 0 
2 3 3428 3447 0 
2 3 3427 3448 0 
2 3 3426 3449 0 
2 3 3421 3450 0 
2 3 3420 3451 0 
2 3 3419 3452 0 
2 3 3418 3453 0 
1 1 0 
2 3 3454 3455 0 
2 3 3415 3456 0 
3 2 0 3457 
3 2 0 3415 
3 2 0 3411 
3 2 0 3414 
3 2 0 3412 
3 2 0 3413 
3 2 0 3456 
3 2 0 3454 
3 2 0 3418 
3 2 0 3416 
3 2 0 3417 
3 2 0 3453 
3 2 0 3419 
3 2 0 3452 
3 2 0 3420 
3 2 0 3451 
3 2 0 3421 
3 2 0 3450 
3 2 0 3426 
3 2 0 3424 
3 2 0 3422 
3 2 0 3423 
3 2 0 3425 
3 2 0 3449 
3 2 0 3427 
3 2 0 3448 
3 2 0 3428 
3 2 0 3447 
3 2 0 3437 
3 2 0 3435 
3 2 0 3429 
3 2 0 3434 
3 2 0 3430 
3 2 0 3433 
3 2 0 3431 
3 2 0 3432 
3 2 0 3436 
3 2 0 3446 
3 2 0 3440 
3 2 0 3438 
3 2 0 3439 
3 2 0 3445 
3 2 0 3441 
3 2 0 3444 
3 2 0 3442 
3 2 0 3443 
3 2 0 3455 
1 1 0 
1 1 0 
1 1 0 
1 1 0 
2 3 3507 3508 0 
2 3 3506 3509 0 
2 3 3505 3510 0 
1 1 0 
1 1 0 
1 1 0 
2 3 3513 3514 0 
2 3 3512 3515 0 
2 3 3511 3516 0 
1 1 0 
1 1 0 
1 1 0 
1 1 0 
1 1 0 
2 3 3521 3522 0 
1 1 0 
1 1 0 
2 3 3524 3525 0 
1 1 0 
1 1 0 
2 3 3527 3528 0 
2 3 3526 3529 0 
2 3 3523 3530 0 
2 3 3520 3531 0 
2 3 3519 3532 0 
2 3 3518 3533 0 
2 3 3517 3534 0 
1 1 0 
2 3 3535 3536 0 
1 1 0 
1 1 0 
1 1 0 
2 3 3539 3540 0 
2 3 3538 3541 0 
1 1 0 
1 1 0 
1 1 0 
2 3 3544 3545 0 
2 3 3543 3546 0 
2 3 3542 3547 0 
2 3 3537 3548 0 
1 1 0 
2 3 3549 3550 0 
3 2 0 3551 
3 2 0 3549 
3 2 0 3537 
3 2 0 3535 
3 2 0 3517 
3 2 0 3511 
3 2 0 3505 
3 2 0 3510 
3 2 0 3506 
3 2 0 3509 
3 2 0 3507 
3 2 0 3508 
3 2 0 3516 
3 2 0 3512 
3 2 0 3515 
3 2 0 3513 
3 2 0 3514 
3 2 0 3534 
3 2 0 3518 
3 2 0 3533 
3 2 0 3519 
3 2 0 3532 
3 2 0 3520 
3 2 0 3531 
3 2 0 3523 
3 2 0 3521 
3 2 0 3522 
3 2 0 3530 
3 2 0 3526 
3 2 0 3524 
3 2 0 3525 
3 2 0 3529 
3 2 0 3527 
3 2 0 3528 
3 2 0 3536 
3 2 0 3548 
3 2 0 3542 
3 2 0 3538 
3 2 0 3541 
3 2 0 3539 
3 2 0 3540 
3 2 0 3547 
3 2 0 3543 
3 2 0 3546 
3 2 0 3544 
3 2 0 3545 
3 2 0 3550 
1 1 0 
1 1 0 
1 1 0 
1 1 0 
1 1 0 
1 1 0 
1 1 0 
1 1 0 
2 3 3605 3606 0 
2 3 3604 3607 0 
2 3 3603 3608 0 
1 1 0 
1 1 0 
1 1 0 
1 1 0 
1 1 0 
1 1 0 
1 1 0 
2 3 3615 3616 0 
2 3 3614 3617 0 
2 3 3613 3618 0 
1 1 0 
1 1 0 
1 1 0 
1 1 0 
1 1 0 
2 3 3623 3624 0 
1 1 0 
2 3 3625 3626 0 
2 3 3622 3627 0 
2 3 3621 3628 0 
1 1 0 
2 3 3629 3630 0 
1 1 0 
1 1 0 
1 1 0 
1 1 0 
2 3 3634 3635 0 
2 3 3633 3636 0 
2 3 3632 3637 0 
1 1 0 
2 3 3638 3639 0 
2 3 3631 3640 0 
2 3 3620 3641 0 
2 3 3619 3642 0 
2 3 3612 3643 0 
2 3 3611 3644 0 
2 3 3610 3645 0 
2 3 3609 3646 0 
2 3 3602 3647 0 
2 3 3601 3648 0 
2 3 3600 3649 0 
1 1 0 
2 3 3650 3651 0 
2 3 3599 3652 0 
3 2 0 3653 
3 2 0 3599 
3 2 0 3652 
3 2 0 3650 
3 2 0 3600 
3 2 0 3649 
3 2 0 3601 
3 2 0 3648 
3 2 0 3602 
3 2 0 3647 
3 2 0 3609 
3 2 0 3603 
3 2 0 3608 
3 2 0 3604 
3 2 0 3607 
3 2 0 3605 
3 2 0 3606 
3 2 0 3646 
3 2 0 3610 
3 2 0 3645 
3 2 0 3611 
3 2 0 3644 
3 2 0 3612 
3 2 0 3643 
3 2 0 3619 
3 2 0 3613 
3 2 0 3618 
3 2 0 3614 
3 2 0 3617 
3 2 0 3615 
3 2 0 3616 
3 2 0 3642 
3 2 0 3620 
3 2 0 3641 
3 2 0 3631 
3 2 0 3629 
3 2 0 3621 
3 2 0 3628 
3 2 0 3622 
3 2 0 3627 
3 2 0 3625 
3 2 0 3623 
3 2 0 3624 
3 2 0 3626 
3 2 0 3630 
3 2 0 3640 
3 2 0 3638 
3 2 0 3632 
3 2 0 3637 
3 2 0 3633 
3 2 0 3636 
3 2 0 3634 
3 2 0 3635 
3 2 0 3639 
3 2 0 3651 
1 1 0 
1 1 0 
1 1 0 
2 3 3710 3711 0 
1 1 0 
2 3 3712 3713 0 
1 1 0 
1 1 0 
2 3 3715 3716 0 
1 1 0 
1 1 0 
1 1 0 
2 3 3719 3720 0 
2 3 3718 3721 0 
1 1 0 
1 1 0 
1 1 0 
2 3 3724 3725 0 
1 1 0 
2 3 3726 3727 0 
2 3 3723 3728 0 
2 3 3722 3729 0 
1 1 0 
1 1 0 
1 1 0 
2 3 3732 3733 0 
1 1 0 
1 1 0 
1 1 0 
2 3 3736 3737 0 
2 3 3735 3738 0 
2 3 3734 3739 0 
2 3 3731 3740 0 
2 3 3730 3741 0 
2 3 3717 3742 0 
2 3 3714 3743 0 
1 1 0 
2 3 3744 3745 0 
2 3 3709 3746 0 
3 2 0 3747 
3 2 0 3709 
3 2 0 3746 
3 2 0 3744 
3 2 0 3714 
3 2 0 3712 
3 2 0 3710 
3 2 0 3711 
3 2 0 3713 
3 2 0 3743 
3 2 0 3717 
3 2 0 3715 
3 2 0 3716 
3 2 0 3742 
3 2 0 3730 
3 2 0 3722 
3 2 0 3718 
3 2 0 3721 
3 2 0 3719 
3 2 0 3720 
3 2 0 3729 
3 2 0 3723 
3 2 0 3728 
3 2 0 3726 
3 2 0 3724 
3 2 0 3725 
3 2 0 3727 
3 2 0 3741 
3 2 0 3731 
3 2 0 3740 
3 2 0 3734 
3 2 0 3732 
3 2 0 3733 
3 2 0 3739 
3 2 0 3735 
3 2 0 3738 
3 2 0 3736 
3 2 0 3737 
3 2 0 3745 
1 1 0 
1 1 0 
1 1 0 
2 3 3788 3789 0 
2 3 3787 3790 0 
1 1 0 
1 1 0 
1 1 0 
2 3 3793 3794 0 
2 3 3792 3795 0 
2 3 3791 3796 0 
1 1 0 
1 1 0 
2 3 3798 3799 0 
2 3 3797 3800 0 
1 1 0 
2 3 3801 3802 0 
3 2 0 3803 
3 2 0 3801 
3 2 0 3797 
3 2 0 3791 
3 2 0 3787 
3 2 0 3790 
3 2 0 3788 
3 2 0 3789 
3 2 0 3796 
3 2 0 3792 
3 2 0 3795 
3 2 0 3793 
3 2 0 3794 
3 2 0 3800 
3 2 0 3798 
3 2 0 3799 
3 2 0 3802 
1 1 0 
1 1 0 
1 1 0 
1 1 0 
1 1 0 
1 1 0 
2 3 3825 3826 0 
2 3 3824 3827 0 
2 3 3823 3828 0 
1 1 0 
2 3 3829 3830 0 
1 1 0 
1 1 0 
1 1 0 
2 3 3833 3834 0 
1 1 0 
2 3 3835 3836 0 
2 3 3832 3837 0 
2 3 3831 3838 0 
1 1 0 
1 1 0 
2 3 3840 3841 0 
1 1 0 
2 3 3842 3843 0 
2 3 3839 3844 0 
2 3 3822 3845 0 
1 1 0 
2 3 3846 3847 0 
2 3 3821 3848 0 
3 2 0 3849 
3 2 0 3821 
3 2 0 3848 
3 2 0 3846 
3 2 0 3822 
3 2 0 3845 
3 2 0 3839 
3 2 0 3831 
3 2 0 3829 
3 2 0 3823 
3 2 0 3828 
3 2 0 3824 
3 2 0 3827 
3 2 0 3825 
3 2 0 3826 
3 2 0 3830 
3 2 0 3838 
3 2 0 3832 
3 2 0 3837 
3 2 0 3835 
3 2 0 3833 
3 2 0 3834 
3 2 0 3836 
3 2 0 3844 
3 2 0 3842 
3 2 0 3840 
3 2 0 3841 
3 2 0 3843 
3 2 0 3847 
1 1 0 
1 1 0 
2 3 3879 3880 0 
1 1 0 
1 1 0 
1 1 0 
1 1 0 
2 3 3884 3885 0 
1 1 0 
1 1 0 
1 1 0 
2 3 3888 3889 0 
2 3 3887 3890 0 
2 3 3886 3891 0 
2 3 3883 3892 0 
2 3 3882 3893 0 
2 3 3881 3894 0 
1 1 0 
2 3 3895 3896 0 
1 1 0 
2 3 3897 3898 0 
1 1 0 
1 1 0 
1 1 0 
1 1 0 
1 1 0 
1 1 0 
1 1 0 
1 1 0 
2 3 3906 3907 0 
2 3 3905 3908 0 
1 1 0 
1 1 0 
1 1 0 
2 3 3911 3912 0 
2 3 3910 3913 0 
1 1 0 
1 1 0 
1 1 0 
2 3 3916 3917 0 
1 1 0 
1 1 0 
1 1 0 
1 1 0 
1 1 0 
2 3 3922 3923 0 
1 1 0 
2 3 3924 3925 0 
2 3 3921 3926 0 
2 3 3920 3927 0 
2 3 3919 3928 0 
2 3 3918 3929 0 
2 3 3915 3930 0 
2 3 3914 3931 0 
2 3 3909 3932 0 
2 3 3904 3933 0 
2 3 3903 3934 0 
2 3 3902 3935 0 
2 3 3901 3936 0 
2 3 3900 3937 0 
2 3 3899 3938 0 
1 1 0 
2 3 3939 3940 0 
3 2 0 3941 
3 2 0 3939 
3 2 0 3899 
3 2 0 3897 
3 2 0 3895 
3 2 0 3881 
3 2 0 3879 
3 2 0 3880 
3 2 0 3894 
3 2 0 3882 
3 2 0 3893 
3 2 0 3883 
3 2 0 3892 
3 2 0 3886 
3 2 0 3884 
3 2 0 3885 
3 2 0 3891 
3 2 0 3887 
3 2 0 3890 
3 2 0 3888 
3 2 0 3889 
3 2 0 3896 
3 2 0 3898 
3 2 0 3938 
3 2 0 3900 
3 2 0 3937 
3 2 0 3901 
3 2 0 3936 
3 2 0 3902 
3 2 0 3935 
3 2 0 3903 
3 2 0 3934 
3 2 0 3904 
3 2 0 3933 
3 2 0 3909 
3 2 0 3905 
3 2 0 3908 
3 2 0 3906 
3 2 0 3907 
3 2 0 3932 
3 2 0 3914 
3 2 0 3910 
3 2 0 3913 
3 2 0 3911 
3 2 0 3912 
3 2 0 3931 
3 2 0 3915 
3 2 0 3930 
3 2 0 3918 
3 2 0 3916 
3 2 0 3917 
3 2 0 3929 
3 2 0 3919 
3 2 0 3928 
3 2 0 3920 
3 2 0 3927 
3 2 0 3921 
3 2 0 3926 
3 2 0 3924 
3 2 0 3922 
3 2 0 3923 
3 2 0 3925 
3 2 0 3940 
1 1 0 
1 1 0 
1 1 0 
1 1 0 
1 1 0 
1 1 0 
2 3 4009 4010 0 
2 3 4008 4011 0 
2 3 4007 4012 0 
1 1 0 
1 1 0 
1 1 0 
2 3 4015 4016 0 
1 1 0 
1 1 0 
1 1 0 
1 1 0 
1 1 0 
2 3 4021 4022 0 
1 1 0 
2 3 4023 4024 0 
1 1 0 
2 3 4025 4026 0 
2 3 4020 4027 0 
2 3 4019 4028 0 
1 1 0 
2 3 4029 4030 0 
1 1 0 
1 1 0 
1 1 0 
2 3 4033 4034 0 
1 1 0 
1 1 0 
1 1 0 
1 1 0 
2 3 4038 4039 0 
2 3 4037 4040 0 
2 3 4036 4041 0 
2 3 4035 4042 0 
2 3 4032 4043 0 
2 3 4031 4044 0 
2 3 4018 4045 0 
2 3 4017 4046 0 
2 3 4014 4047 0 
2 3 4013 4048 0 
1 1 0 
2 3 4049 4050 0 
1 1 0 
1 1 0 
1 1 0 
1 1 0 
2 3 4054 4055 0 
2 3 4053 4056 0 
2 3 4052 4057 0 
2 3 4051 4058 0 
1 1 0 
2 3 4059 4060 0 
2 3 4006 4061 0 
2 3 4005 4062 0 
3 2 0 4063 
3 2 0 4005 
3 2 0 4062 
3 2 0 4006 
3 2 0 4061 
3 2 0 4059 
3 2 0 4051 
3 2 0 4049 
3 2 0 4013 
3 2 0 4007 
3 2 0 4012 
3 2 0 4008 
3 2 0 4011 
3 2 0 4009 
3 2 0 4010 
3 2 0 4048 
3 2 0 4014 
3 2 0 4047 
3 2 0 4017 
3 2 0 4015 
3 2 0 4016 
3 2 0 4046 
3 2 0 4018 
3 2 0 4045 
3 2 0 4031 
3 2 0 4029 
3 2 0 4019 
3 2 0 4028 
3 2 0 4020 
3 2 0 4027 
3 2 0 4025 
3 2 0 4023 
3 2 0 4021 
3 2 0 4022 
3 2 0 4024 
3 2 0 4026 
3 2 0 4030 
3 2 0 4044 
3 2 0 4032 
3 2 0 4043 
3 2 0 4035 
3 2 0 4033 
3 2 0 4034 
3 2 0 4042 
3 2 0 4036 
3 2 0 4041 
3 2 0 4037 
3 2 0 4040 
3 2 0 4038 
3 2 0 4039 
3 2 0 4050 
3 2 0 4058 
3 2 0 4052 
3 2 0 4057 
3 2 0 4053 
3 2 0 4056 
3 2 0 4054 
3 2 0 4055 
3 2 0 4060 
1 1 0 
1 1 0 
1 1 0 
2 3 4124 4125 0 
1 1 0 
1 1 0 
1 1 0 
1 1 0 
2 3 4129 4130 0 
2 3 4128 4131 0 
1 1 0 
1 1 0 
1 1 0 
1 1 0 
1 1 0 
2 3 4136 4137 0 
2 3 4135 4138 0 
2 3 4134 4139 0 
2 3 4133 4140 0 
2 3 4132 4141 0 
2 3 4127 4142 0 
2 3 4126 4143 0 
2 3 4123 4144 0 
1 1 0 
1 1 0 
1 1 0 
1 1 0 
1 1 0 
2 3 4149 4150 0 
2 3 4148 4151 0 
2 3 4147 4152 0 
1 1 0 
1 1 0 
1 1 0 
1 1 0 
2 3 4156 4157 0 
2 3 4155 4158 0 
1 1 0 
1 1 0 
1 1 0 
2 3 4161 4162 0 
2 3 4160 4163 0 
2 3 4159 4164 0 
1 1 0 
2 3 4165 4166 0 
1 1 0 
1 1 0 
1 1 0 
2 3 4169 4170 0 
2 3 4168 4171 0 
1 1 0 
1 1 0 
1 1 0 
1 1 0 
1 1 0 
2 3 4176 4177 0 
2 3 4175 4178 0 
2 3 4174 4179 0 
2 3 4173 4180 0 
2 3 4172 4181 0 
2 3 4167 4182 0 
2 3 4154 4183 0 
2 3 4153 4184 0 
2 3 4146 4185 0 
2 3 4145 4186 0 
3 2 0 4187 
3 2 0 4145 
3 2 0 4123 
3 2 0 4144 
3 2 0 4126 
3 2 0 4124 
3 2 0 4125 
3 2 0 4143 
3 2 0 4127 
3 2 0 4142 
3 2 0 4132 
3 2 0 4128 
3 2 0 4131 
3 2 0 4129 
3 2 0 4130 
3 2 0 4141 
3 2 0 4133 
3 2 0 4140 
3 2 0 4134 
3 2 0 4139 
3 2 0 4135 
3 2 0 4138 
3 2 0 4136 
3 2 0 4137 
3 2 0 4186 
3 2 0 4146 
3 2 0 4185 
3 2 0 4153 
3 2 0 4147 
3 2 0 4152 
3 2 0 4148 
3 2 0 4151 
3 2 0 4149 
3 2 0 4150 
3 2 0 4184 
3 2 0 4154 
3 2 0 4183 
3 2 0 4167 
3 2 0 4165 
3 2 0 4159 
3 2 0 4155 
3 2 0 4158 
3 2 0 4156 
3 2 0 4157 
3 2 0 4164 
3 2 0 4160 
3 2 0 4163 
3 2 0 4161 
3 2 0 4162 
3 2 0 4166 
3 2 0 4182 
3 2 0 4172 
3 2 0 4168 
3 2 0 4171 
3 2 0 4169 
3 2 0 4170 
3 2 0 4181 
3 2 0 4173 
3 2 0 4180 
3 2 0 4174 
3 2 0 4179 
3 2 0 4175 
3 2 0 4178 
3 2 0 4176 
3 2 0 4177 
1 1 0 
1 1 0 
1 1 0 
2 3 4254 4255 0 
1 1 0 
1 1 0 
1 1 0 
1 1 0 
2 3 4259 4260 0 
2 3 4258 4261 0 
1 1 0 
2 3 4262 4263 0 
2 3 4257 4264 0 
1 1 0 
1 1 0 
1 1 0 
2 3 4267 4268 0 
2 3 4266 4269 0 
2 3 4265 4270 0 
2 3 4256 4271 0 
2 3 4253 4272 0 
1 1 0 
2 3 4273 4274 0 
1 1 0 
2 3 4275 4276 0 
1 1 0 
1 1 0 
2 3 4278 4279 0 
1 1 0 
1 1 0 
2 3 4281 4282 0 
2 3 4280 4283 0 
2 3 4277 4284 0 
1 1 0 
2 3 4285 4286 0 
3 2 0 4287 
3 2 0 4285 
3 2 0 4277 
3 2 0 4275 
3 2 0 4273 
3 2 0 4253 
3 2 0 4272 
3 2 0 4256 
3 2 0 4254 
3 2 0 4255 
3 2 0 4271 
3 2 0 4265 
3 2 0 4257 
3 2 0 4264 
3 2 0 4262 
3 2 0 4258 
3 2 0 4261 
3 2 0 4259 
3 2 0 4260 
3 2 0 4263 
3 2 0 4270 
3 2 0 4266 
3 2 0 4269 
3 2 0 4267 
3 2 0 4268 
3 2 0 4274 
3 2 0 4276 
3 2 0 4284 
3 2 0 4280 
3 2 0 4278 
3 2 0 4279 
3 2 0 4283 
3 2 0 4281 
3 2 0 4282 
3 2 0 4286 
1 1 0 
1 1 0 
1 1 0 
1 1 0 
1 1 0 
1 1 0 
1 1 0 
1 1 0 
1 1 0 
1 1 0 
2 3 4331 4332 0 
2 3 4330 4333 0 
2 3 4329 4334 0 
2 3 4328 4335 0 
2 3 4327 4336 0 
2 3 4326 4337 0 
2 3 4325 4338 0 
2 3 4324 4339 0 
2 3 4323 4340 0 
3 2 0 4341 
3 2 0 4323 
3 2 0 4340 
3 2 0 4324 
3 2 0 4339 
3 2 0 4325 
3 2 0 4338 
3 2 0 4326 
3 2 0 4337 
3 2 0 4327 
3 2 0 4336 
3 2 0 4328 
3 2 0 4335 
3 2 0 4329 
3 2 0 4334 
3 2 0 4330 
3 2 0 4333 
3 2 0 4331 
3 2 0 4332 
1 1 0 
1 1 0 
1 1 0 
1 1 0 
1 1 0 
1 1 0 
2 3 4365 4366 0 
2 3 4364 4367 0 
2 3 4363 4368 0 
2 3 4362 4369 0 
1 1 0 
1 1 0 
1 1 0 
1 1 0 
1 1 0 
1 1 0 
2 3 4375 4376 0 
2 3 4374 4377 0 
2 3 4373 4378 0 
2 3 4372 4379 0 
2 3 4371 4380 0 
2 3 4370 4381 0 
1 1 0 
2 3 4382 4383 0 
1 1 0 
1 1 0 
2 3 4385 4386 0 
1 1 0 
1 1 0 
2 3 4388 4389 0 
1 1 0 
1 1 0 
1 1 0 
1 1 0 
2 3 4393 4394 0 
1 1 0 
2 3 4395 4396 0 
2 3 4392 4397 0 
2 3 4391 4398 0 
2 3 4390 4399 0 
2 3 4387 4400 0 
2 3 4384 4401 0 
1 1 0 
2 3 4402 4403 0 
2 3 4361 4404 0 
3 2 0 4405 
3 2 0 4361 
3 2 0 4404 
3 2 0 4402 
3 2 0 4384 
3 2 0 4382 
3 2 0 4370 
3 2 0 4362 
3 2 0 4369 
3 2 0 4363 
3 2 0 4368 
3 2 0 4364 
3 2 0 4367 
3 2 0 4365 
3 2 0 4366 
3 2 0 4381 
3 2 0 4371 
3 2 0 4380 
3 2 0 4372 
3 2 0 4379 
3 2 0 4373 
3 2 0 4378 
3 2 0 4374 
3 2 0 4377 
3 2 0 4375 
3 2 0 4376 
3 2 0 4383 
3 2 0 4401 
3 2 0 4387 
3 2 0 4385 
3 2 0 4386 
3 2 0 4400 
3 2 0 4390 
3 2 0 4388 
3 2 0 4389 
3 2 0 4399 
3 2 0 4391 
3 2 0 4398 
3 2 0 4392 
3 2 0 4397 
3 2 0 4395 
3 2 0 4393 
3 2 0 4394 
3 2 0 4396 
3 2 0 4403 
1 1 0 
1 1 0 
1 1 0 
2 3 4452 4453 0 
2 3 4451 4454 0 
1 1 0 
1 1 0 
2 3 4456 4457 0 
1 1 0 
2 3 4458 4459 0 
2 3 4455 4460 0 
3 2 0 4461 
3 2 0 4455 
3 2 0 4451 
3 2 0 4454 
3 2 0 4452 
3 2 0 4453 
3 2 0 4460 
3 2 0 4458 
3 2 0 4456 
3 2 0 4457 
3 2 0 4459 
1 1 0 
1 1 0 
1 1 0 
1 1 0 
2 3 4475 4476 0 
2 3 4474 4477 0 
1 1 0 
1 1 0 
1 1 0 
2 3 4480 4481 0 
2 3 4479 4482 0 
2 3 4478 4483 0 
2 3 4473 4484 0 
1 1 0 
1 1 0 
1 1 0 
1 1 0 
1 1 0 
1 1 0 
2 3 4490 4491 0 
1 1 0 
2 3 4492 4493 0 
1 1 0 
2 3 4494 4495 0 
2 3 4489 4496 0 
1 1 0 
1 1 0 
1 1 0 
1 1 0 
2 3 4500 4501 0 
2 3 4499 4502 0 
2 3 4498 4503 0 
2 3 4497 4504 0 
2 3 4488 4505 0 
1 1 0 
2 3 4506 4507 0 
2 3 4487 4508 0 
2 3 4486 4509 0 
2 3 4485 4510 0 
3 2 0 4511 
3 2 0 4485 
3 2 0 4473 
3 2 0 4484 
3 2 0 4478 
3 2 0 4474 
3 2 0 4477 
3 2 0 4475 
3 2 0 4476 
3 2 0 4483 
3 2 0 4479 
3 2 0 4482 
3 2 0 4480 
3 2 0 4481 
3 2 0 4510 
3 2 0 4486 
3 2 0 4509 
3 2 0 4487 
3 2 0 4508 
3 2 0 4506 
3 2 0 4488 
3 2 0 4505 
3 2 0 4497 
3 2 0 4489 
3 2 0 4496 
3 2 0 4494 
3 2 0 4492 
3 2 0 4490 
3 2 0 4491 
3 2 0 4493 
3 2 0 4495 
3 2 0 4504 
3 2 0 4498 
3 2 0 4503 
3 2 0 4499 
3 2 0 4502 
3 2 0 4500 
3 2 0 4501 
3 2 0 4507 
1 1 0 
1 1 0 
1 1 0 
1 1 0 
1 1 0 
1 1 0 
1 1 0 
2 3 4556 4557 0 
2 3 4555 4558 0 
1 1 0 
1 1 0 
1 1 0 
1 1 0 
2 3 4562 4563 0 
2 3 4561 4564 0 
2 3 4560 4565 0 
2 3 4559 4566 0 
1 1 0 
2 3 4567 4568 0 
1 1 0 
1 1 0 
1 1 0 
1 1 0 
2 3 4572 4573 0 
2 3 4571 4574 0 
2 3 4570 4575 0 
1 1 0 
1 1 0 
1 1 0 
2 3 4578 4579 0 
2 3 4577 4580 0 
2 3 4576 4581 0 
2 3 4569 4582 0 
2 3 4554 4583 0 
2 3 4553 4584 0 
2 3 4552 4585 0 
2 3 4551 4586 0 
3 2 0 4587 
3 2 0 4551 
3 2 0 4586 
3 2 0 4552 
3 2 0 4585 
3 2 0 4553 
3 2 0 4584 
3 2 0 4554 
3 2 0 4583 
3 2 0 4569 
3 2 0 4567 
3 2 0 4559 
3 2 0 4555 
3 2 0 4558 
3 2 0 4556 
3 2 0 4557 
3 2 0 4566 
3 2 0 4560 
3 2 0 4565 
3 2 0 4561 
3 2 0 4564 
3 2 0 4562 
3 2 0 4563 
3 2 0 4568 
3 2 0 4582 
3 2 0 4576 
3 2 0 4570 
3 2 0 4575 
3 2 0 4571 
3 2 0 4574 
3 2 0 4572 
3 2 0 4573 
3 2 0 4581 
3 2 0 4577 
3 2 0 4580 
3 2 0 4578 
3 2 0 4579 
1 1 0 
1 1 0 
1 1 0 
1 1 0 
1 1 0 
1 1 0 
1 1 0 
1 1 0 
2 3 4631 4632 0 
1 1 0 
1 1 0 
2 3 4634 4635 0 
2 3 4633 4636 0 
2 3 4630 4637 0 
2 3 4629 4638 0 
2 3 4628 4639 0 
2 3 4627 4640 0 
2 3 4626 4641 0 
2 3 4625 4642 0 
1 1 0 
2 3 4643 4644 0 
1 1 0 
2 3 4645 4646 0 
1 1 0 
2 3 4647 4648 0 
1 1 0 
1 1 0 
2 3 4650 4651 0 
2 3 4649 4652 0 
1 1 0 
2 3 4653 4654 0 
3 2 0 4655 
3 2 0 4653 
3 2 0 4649 
3 2 0 4647 
3 2 0 4645 
3 2 0 4643 
3 2 0 4625 
3 2 0 4642 
3 2 0 4626 
3 2 0 4641 
3 2 0 4627 
3 2 0 4640 
3 2 0 4628 
3 2 0 4639 
3 2 0 4629 
3 2 0 4638 
3 2 0 4630 
3 2 0 4637 
3 2 0 4633 
3 2 0 4631 
3 2 0 4632 
3 2 0 4636 
3 2 0 4634 
3 2 0 4635 
3 2 0 4644 
3 2 0 4646 
3 2 0 4648 
3 2 0 4652 
3 2 0 4650 
3 2 0 4651 
3 2 0 4654 
1 1 0 
1 1 0 
1 1 0 
1 1 0 
1 1 0 
1 1 0 
2 3 4691 4692 0 
1 1 0 
1 1 0 
1 1 0 
1 1 0 
1 1 0 
2 3 4697 4698 0 
2 3 4696 4699 0 
2 3 4695 4700 0 
1 1 0 
1 1 0 
1 1 0 
1 1 0 
1 1 0 
1 1 0 
1 1 0 
1 1 0 
2 3 4708 4709 0 
1 1 0 
2 3 4710 4711 0 
2 3 4707 4712 0 
2 3 4706 4713 0 
2 3 4705 4714 0 
2 3 4704 4715 0 
2 3 4703 4716 0 
2 3 4702 4717 0 
2 3 4701 4718 0 
2 3 4694 4719 0 
2 3 4693 4720 0 
2 3 4690 4721 0 
1 1 0 
2 3 4722 4723 0 
2 3 4689 4724 0 
2 3 4688 4725 0 
2 3 4687 4726 0 
3 2 0 4727 
3 2 0 4687 
3 2 0 4726 
3 2 0 4688 
3 2 0 4725 
3 2 0 4689 
3 2 0 4724 
3 2 0 4722 
3 2 0 4690 
3 2 0 4721 
3 2 0 4693 
3 2 0 4691 
3 2 0 4692 
3 2 0 4720 
3 2 0 4694 
3 2 0 4719 
3 2 0 4701 
3 2 0 4695 
3 2 0 4700 
3 2 0 4696 
3 2 0 4699 
3 2 0 4697 
3 2 0 4698 
3 2 0 4718 
3 2 0 4702 
3 2 0 4717 
3 2 0 4703 
3 2 0 4716 
3 2 0 4704 
3 2 0 4715 
3 2 0 4705 
3 2 0 4714 
3 2 0 4706 
3 2 0 4713 
3 2 0 4707 
3 2 0 4712 
3 2 0 4710 
3 2 0 4708 
3 2 0 4709 
3 2 0 4711 
3 2 0 4723 
1 1 0 
1 1 0 
1 1 0 
1 1 0 
1 1 0 
2 3 4772 4773 0 
1 1 0 
1 1 0 
1 1 0 
1 1 0 
1 1 0 
2 3 4778 4779 0 
2 3 4777 4780 0 
2 3 4776 4781 0 
2 3 4775 4782 0 
2 3 4774 4783 0 
2 3 4771 4784 0 
1 1 0 
2 3 4785 4786 0 
1 1 0 
1 1 0 
1 1 0 
2 3 4789 4790 0 
2 3 4788 4791 0 
1 1 0 
1 1 0 
1 1 0 
2 3 4794 4795 0 
1 1 0 
2 3 4796 4797 0 
1 1 0 
1 1 0 
2 3 4799 4800 0 
2 3 4798 4801 0 
2 3 4793 4802 0 
2 3 4792 4803 0 
2 3 4787 4804 0 
2 3 4770 4805 0 
1 1 0 
2 3 4806 4807 0 
2 3 4769 4808 0 
3 2 0 4809 
3 2 0 4769 
3 2 0 4808 
3 2 0 4806 
3 2 0 4770 
3 2 0 4805 
3 2 0 4787 
3 2 0 4785 
3 2 0 4771 
3 2 0 4784 
3 2 0 4774 
3 2 0 4772 
3 2 0 4773 
3 2 0 4783 
3 2 0 4775 
3 2 0 4782 
3 2 0 4776 
3 2 0 4781 
3 2 0 4777 
3 2 0 4780 
3 2 0 4778 
3 2 0 4779 
3 2 0 4786 
3 2 0 4804 
3 2 0 4792 
3 2 0 4788 
3 2 0 4791 
3 2 0 4789 
3 2 0 4790 
3 2 0 4803 
3 2 0 4793 
3 2 0 4802 
3 2 0 4798 
3 2 0 4796 
3 2 0 4794 
3 2 0 4795 
3 2 0 4797 
3 2 0 4801 
3 2 0 4799 
3 2 0 4800 
3 2 0 4807 
1 1 0 
1 1 0 
1 1 0 
2 3 4852 4853 0 
2 3 4851 4854 0 
1 1 0 
2 3 4855 4856 0 
1 1 0 
1 1 0 
1 1 0 
2 3 4859 4860 0 
1 1 0 
2 3 4861 4862 0 
1 1 0 
2 3 4863 4864 0 
2 3 4858 4865 0 
2 3 4857 4866 0 
1 1 0 
1 1 0 
1 1 0 
1 1 0 
1 1 0 
1 1 0 
1 1 0 
1 1 0 
1 1 0 
1 1 0 
2 3 4876 4877 0 
2 3 4875 4878 0 
2 3 4874 4879 0 
2 3 4873 4880 0 
2 3 4872 4881 0 
2 3 4871 4882 0 
2 3 4870 4883 0 
2 3 4869 4884 0 
1 1 0 
2 3 4885 4886 0 
2 3 4868 4887 0 
2 3 4867 4888 0 
3 2 0 4889 
3 2 0 4867 
3 2 0 4857 
3 2 0 4855 
3 2 0 4851 
3 2 0 4854 
3 2 0 4852 
3 2 0 4853 
3 2 0 4856 
3 2 0 4866 
3 2 0 4858 
3 2 0 4865 
3 2 0 4863 
3 2 0 4861 
3 2 0 4859 
3 2 0 4860 
3 2 0 4862 
3 2 0 4864 
3 2 0 4888 
3 2 0 4868 
3 2 0 4887 
3 2 0 4885 
3 2 0 4869 
3 2 0 4884 
3 2 0 4870 
3 2 0 4883 
3 2 0 4871 
3 2 0 4882 
3 2 0 4872 
3 2 0 4881 
3 2 0 4873 
3 2 0 4880 
3 2 0 4874 
3 2 0 4879 
3 2 0 4875 
3 2 0 4878 
3 2 0 4876 
3 2 0 4877 
3 2 0 4886 
1 1 0 
1 1 0 
2 3 4929 4930 0 
1 1 0 
1 1 0 
1 1 0 
1 1 0 
1 1 0 
2 3 4935 4936 0 
1 1 0 
2 3 4937 4938 0 
2 3 4934 4939 0 
2 3 4933 4940 0 
2 3 4932 4941 0 
1 1 0 
2 3 4942 4943 0 
2 3 4931 4944 0 
3 2 0 4945 
3 2 0 4931 
3 2 0 4929 
3 2 0 4930 
3 2 0 4944 
3 2 0 4942 
3 2 0 4932 
3 2 0 4941 
3 2 0 4933 
3 2 0 4940 
3 2 0 4934 
3 2 0 4939 
3 2 0 4937 
3 2 0 4935 
3 2 0 4936 
3 2 0 4938 
3 2 0 4943 
1 1 0 
1 1 0 
1 1 0 
2 3 4964 4965 0 
2 3 4963 4966 0 
1 1 0 
1 1 0 
2 3 4968 4969 0 
1 1 0 
2 3 4970 4971 0 
1 1 0 
1 1 0 
1 1 0 
2 3 4974 4975 0 
1 1 0 
2 3 4976 4977 0 
1 1 0 
2 3 4978 4979 0 
1 1 0 
2 3 4980 4981 0 
1 1 0 
2 3 4982 4983 0 
2 3 4973 4984 0 
2 3 4972 4985 0 
2 3 4967 4986 0 
1 1 0 
2 3 4987 4988 0 
3 2 0 4989 
3 2 0 4987 
3 2 0 4967 
3 2 0 4963 
3 2 0 4966 
3 2 0 4964 
3 2 0 4965 
3 2 0 4986 
3 2 0 4972 
3 2 0 4970 
3 2 0 4968 
3 2 0 4969 
3 2 0 4971 
3 2 0 4985 
3 2 0 4973 
3 2 0 4984 
3 2 0 4982 
3 2 0 4980 
3 2 0 4978 
3 2 0 4976 
3 2 0 4974 
3 2 0 4975 
3 2 0 4977 
3 2 0 4979 
3 2 0 4981 
3 2 0 4983 
3 2 0 4988 
9 2508 42 43 44 45 46 47 48 49 50 51 52 53 54 55 56 57 58 59 60 61 62 63 64 65 66 67 68 69 70 71 72 73 74 75 76 77 78 79 80 81 82 178 179 180 181 182 183 184 185 186 187 188 189 190 191 192 193 194 195 196 197 198 199 200 201 202 203 204 205 206 207 208 209 210 211 212 213 214 215 216 217 218 219 220 221 222 223 224 225 226 227 228 229 230 231 232 233 234 235 236 237 238 239 240 241 242 243 244 245 246 247 248 249 250 251 252 253 254 255 256 257 258 259 260 261 262 263 264 265 266 267 268 269 270 271 272 294 295 296 297 298 299 300 301 302 303 304 305 306 307 308 309 310 311 312 313 314 376 377 378 379 380 381 382 383 384 385 386 387 388 389 390 391 392 393 394 395 396 397 398 399 400 401 402 403 404 405 406 407 408 409 410 411 412 413 414 415 416 417 418 419 420 421 422 423 424 425 426 427 428 429 430 431 432 433 434 435 436 512 513 514 515 516 517 518 519 520 521 522 523 524 525 526 527 528 529 530 531 532 533 534 535 536 537 538 539 540 541 542 543 544 545 546 547 548 549 550 551 552 553 554 555 556 557 558 559 560 561 562 563 564 565 566 567 568 569 570 571 572 573 574 575 576 577 578 579 580 581 582 583 584 585 586 620 621 622 623 624 625 626 627 628 629 630 631 632 633 634 635 636 637 638 639 640 641 642 643 644 645 646 647 648 649 650 651 652 686 687 688 689 690 691 692 693 694 695 696 697 698 699 700 701 702 703 704 705 706 707 708 709 710 711 712 713 714 715 716 717 718 782 783 784 785 786 787 788 789 790 791 792 793 794 795 796 797 798 799 800 801 802 803 804 805 806 807 808 809 810 811 812 813 814 815 816 817 818 819 820 821 822 823 824 825 826 827 828 829 830 831 832 833 834 835 836 837 838 839 840 841 842 843 844 856 857 858 859 860 861 862 863 864 865 866 890 891 892 893 894 895 896 897 898 899 900 901 902 903 904 905 906 907 908 909 910 911 912 928 929 930 931 932 933 934 935 936 937 938 939 940 941 942 1024 1025 1026 1027 1028 1029 1030 1031 1032 1033 1034 1035 1036 1037 1038 1039 1040 1041 1042 1043 1044 1045 1046 1047 1048 1049 1050 1051 1052 1053 1054 1055 1056 1057 1058 1059 1060 1061 1062 1063 1064 1065 1066 1067 1068 1069 1070 1071 1072 1073 1074 1075 1076 1077 1078 1079 1080 1081 1082 1083 1084 1085 1086 1087 1088 1089 1090 1091 1092 1093 1094 1095 1096 1097 1098 1099 1100 1101 1102 1103 1104 1192 1193 1194 1195 1196 1197 1198 1199 1200 1201 1202 1203 1204 1205 1206 1207 1208 1209 1210 1211 1212 1213 1214 1215 1216 1217 1218 1219 1220 1221 1222 1223 1224 1225 1226 1227 1228 1229 1230 1231 1232 1233 1234 1235 1236 1237 1238 1239 1240 1241 1242 1243 1244 1245 1246 1247 1248 1249 1250 1251 1252 1253 1254 1255 1256 1257 1258 1259 1260 1261 1262 1263 1264 1265 1266 1267 1268 1269 1270 1271 1272 1273 1274 1275 1276 1277 1278 1310 1311 1312 1313 1314 1315 1316 1317 1318 1319 1320 1321 1322 1323 1324 1325 1326 1327 1328 1329 1330 1331 1332 1333 1334 1335 1336 1337 1338 1339 1340 1366 1367 1368 1369 1370 1371 1372 1373 1374 1375 1376 1377 1378 1379 1380 1381 1382 1383 1384 1385 1386 1387 1388 1389 1390 1418 1419 1420 1421 1422 1423 1424 1425 1426 1427 1428 1429 1430 1431 1432 1433 1434 1435 1436 1437 1438 1439 1440 1441 1442 1443 1444 1466 1467 1468 1469 1470 1471 1472 1473 1474 1475 1476 1477 1478 1479 1480 1481 1482 1483 1484 1485 1486 1498 1499 1500 1501 1502 1503 1504 1505 1506 1507 1508 1520 1521 1522 1523 1524 1525 1526 1527 1528 1529 1530 1574 1575 1576 1577 1578 1579 1580 1581 1582 1583 1584 1585 1586 1587 1588 1589 1590 1591 1592 1593 1594 1595 1596 1597 1598 1599 1600 1601 1602 1603 1604 1605 1606 1607 1608 1609 1610 1611 1612 1613 1614 1615 1616 1652 1653 1654 1655 1656 1657 1658 1659 1660 1661 1662 1663 1664 1665 1666 1667 1668 1669 1670 1671 1672 1673 1674 1675 1676 1677 1678 1679 1680 1681 1682 1683 1684 1685 1686 1750 1751 1752 1753 1754 1755 1756 1757 1758 1759 1760 1761 1762 1763 1764 1765 1766 1767 1768 1769 1770 1771 1772 1773 1774 1775 1776 1777 1778 1779 1780 1781 1782 1783 1784 1785 1786 1787 1788 1789 1790 1791 1792 1793 1794 1795 1796 1797 1798 1799 1800 1801 1802 1803 1804 1805 1806 1807 1808 1809 1810 1811 1812 1860 1861 1862 1863 1864 1865 1866 1867 1868 1869 1870 1871 1872 1873 1874 1875 1876 1877 1878 1879 1880 1881 1882 1883 1884 1885 1886 1887 1888 1889 1890 1891 1892 1893 1894 1895 1896 1897 1898 1899 1900 1901 1902 1903 1904 1905 1906 1952 1953 1954 1955 1956 1957 1958 1959 1960 1961 1962 1963 1964 1965 1966 1967 1968 1969 1970 1971 1972 1973 1974 1975 1976 1977 1978 1979 1980 1981 1982 1983 1984 1985 1986 1987 1988 1989 1990 1991 1992 1993 1994 1995 1996 2060 2061 2062 2063 2064 2065 2066 2067 2068 2069 2070 2071 2072 2073 2074 2075 2076 2077 2078 2079 2080 2081 2082 2083 2084 2085 2086 2087 2088 2089 2090 2091 2092 2093 2094 2095 2096 2097 2098 2099 2100 2101 2102 2103 2104 2105 2106 2107 2108 2109 2110 2111 2112 2113 2114 2115 2116 2117 2118 2119 2120 2121 2122 2150 2151 2152 2153 2154 2155 2156 2157 2158 2159 2160 2161 2162 2163 2164 2165 2166 2167 2168 2169 2170 2171 2172 2173 2174 2175 2176 2210 2211 2212 2213 2214 2215 2216 2217 2218 2219 2220 2221 2222 2223 2224 2225 2226 2227 2228 2229 2230 2231 2232 2233 2234 2235 2236 2237 2238 2239 2240 2241 2242 2254 2255 2256 2257 2258 2259 2260 2261 2262 2263 2264 2310 2311 2312 2313 2314 2315 2316 2317 2318 2319 2320 2321 2322 2323 2324 2325 2326 2327 2328 2329 2330 2331 2332 2333 2334 2335 2336 2337 2338 2339 2340 2341 2342 2343 2344 2345 2346 2347 2348 2349 2350 2351 2352 2353 2354 2386 2387 2388 2389 2390 2391 2392 2393 2394 2395 2396 2397 2398 2399 2400 2401 2402 2403 2404 2405 2406 2407 2408 2409 2410 2411 2412 2413 2414 2415 2416 2466 2467 2468 2469 2470 2471 2472 2473 2474 2475 2476 2477 2478 2479 2480 2481 2482 2483 2484 2485 2486 2487 2488 2489 2490 2491 2492 2493 2494 2495 2496 2497 2498 2499 2500 2501 2502 2503 2504 2505 2506 2507 2508 2509 2510 2511 2512 2513 2514 2558 2559 2560 2561 2562 2563 2564 2565 2566 2567 2568 2569 2570 2571 2572 2573 2574 2575 2576 2577 2578 2579 2580 2581 2582 2583 2584 2585 2586 2587 2588 2589 2590 2591 2592 2593 2594 2595 2596 2597 2598 2599 2600 2656 2657 2658 2659 2660 2661 2662 2663 2664 2665 2666 2667 2668 2669 2670 2671 2672 2673 2674 2675 2676 2677 2678 2679 2680 2681 2682 2683 2684 2685 2686 2687 2688 2689 2690 2691 2692 2693 2694 2695 2696 2697 2698 2699 2700 2701 2702 2703 2704 2705 2706 2707 2708 2709 2710 2730 2731 2732 2733 2734 2735 2736 2737 2738 2739 2740 2741 2742 2743 2744 2745 2746 2747 2748 2808 2809 2810 2811 2812 2813 2814 2815 2816 2817 2818 2819 2820 2821 2822 2823 2824 2825 2826 2827 2828 2829 2830 2831 2832 2833 2834 2835 2836 2837 2838 2839 2840 2841 2842 2843 2844 2845 2846 2847 2848 2849 2850 2851 2852 2853 2854 2855 2856 2857 2858 2859 2860 2861 2862 2863 2864 2865 2866 2898 2899 2900 2901 2902 2903 2904 2905 2906 2907 2908 2909 2910 2911 2912 2913 2914 2915 2916 2917 2918 2919 2920 2921 2922 2923 2924 2925 2926 2927 2928 2942 2943 2944 2945 2946 2947 2948 2949 2950 2951 2952 2953 2954 3010 3011 3012 3013 3014 3015 3016 3017 3018 3019 3020 3021 3022 3023 3024 3025 3026 3027 3028 3029 3030 3031 3032 3033 3034 3035 3036 3037 3038 3039 3040 3041 3042 3043 3044 3045 3046 3047 3048 3049 3050 3051 3052 3053 3054 3055 3056 3057 3058 3059 3060 3061 3062 3063 3064 3090 3091 3092 3093 3094 3095 3096 3097 3098 3099 3100 3101 3102 3103 3104 3105 3106 3107 3108 3109 3110 3111 3112 3113 3114 3156 3157 3158 3159 3160 3161 3162 3163 3164 3165 3166 3167 3168 3169 3170 3171 3172 3173 3174 3175 3176 3177 3178 3179 3180 3181 3182 3183 3184 3185 3186 3187 3188 3189 3190 3191 3192 3193 3194 3195 3196 3236 3237 3238 3239 3240 3241 3242 3243 3244 3245 3246 3247 3248 3249 3250 3251 3252 3253 3254 3255 3256 3257 3258 3259 3260 3261 3262 3263 3264 3265 3266 3267 3268 3269 3270 3271 3272 3273 3274 3330 3331 3332 3333 3334 3335 3336 3337 3338 3339 3340 3341 3342 3343 3344 3345 3346 3347 3348 3349 3350 3351 3352 3353 3354 3355 3356 3357 3358 3359 3360 3361 3362 3363 3364 3365 3366 3367 3368 3369 3370 3371 3372 3373 3374 3375 3376 3377 3378 3379 3380 3381 3382 3383 3384 3398 3399 3400 3401 3402 3403 3404 3405 3406 3407 3408 3409 3410 3458 3459 3460 3461 3462 3463 3464 3465 3466 3467 3468 3469 3470 3471 3472 3473 3474 3475 3476 3477 3478 3479 3480 3481 3482 3483 3484 3485 3486 3487 3488 3489 3490 3491 3492 3493 3494 3495 3496 3497 3498 3499 3500 3501 3502 3503 3504 3552 3553 3554 3555 3556 3557 3558 3559 3560 3561 3562 3563 3564 3565 3566 3567 3568 3569 3570 3571 3572 3573 3574 3575 3576 3577 3578 3579 3580 3581 3582 3583 3584 3585 3586 3587 3588 3589 3590 3591 3592 3593 3594 3595 3596 3597 3598 3654 3655 3656 3657 3658 3659 3660 3661 3662 3663 3664 3665 3666 3667 3668 3669 3670 3671 3672 3673 3674 3675 3676 3677 3678 3679 3680 3681 3682 3683 3684 3685 3686 3687 3688 3689 3690 3691 3692 3693 3694 3695 3696 3697 3698 3699 3700 3701 3702 3703 3704 3705 3706 3707 3708 3748 3749 3750 3751 3752 3753 3754 3755 3756 3757 3758 3759 3760 3761 3762 3763 3764 3765 3766 3767 3768 3769 3770 3771 3772 3773 3774 3775 3776 3777 3778 3779 3780 3781 3782 3783 3784 3785 3786 3804 3805 3806 3807 3808 3809 3810 3811 3812 3813 3814 3815 3816 3817 3818 3819 3820 3850 3851 3852 3853 3854 3855 3856 3857 3858 3859 3860 3861 3862 3863 3864 3865 3866 3867 3868 3869 3870 3871 3872 3873 3874 3875 3876 3877 3878 3942 3943 3944 3945 3946 3947 3948 3949 3950 3951 3952 3953 3954 3955 3956 3957 3958 3959 3960 3961 3962 3963 3964 3965 3966 3967 3968 3969 3970 3971 3972 3973 3974 3975 3976 3977 3978 3979 3980 3981 3982 3983 3984 3985 3986 3987 3988 3989 3990 3991 3992 3993 3994 3995 3996 3997 3998 3999 4000 4001 4002 4003 4004 4064 4065 4066 4067 4068 4069 4070 4071 4072 4073 4074 4075 4076 4077 4078 4079 4080 4081 4082 4083 4084 4085 4086 4087 4088 4089 4090 4091 4092 4093 4094 4095 4096 4097 4098 4099 4100 4101 4102 4103 4104 4105 4106 4107 4108 4109 4110 4111 4112 4113 4114 4115 4116 4117 4118 4119 4120 4121 4122 4188 4189 4190 4191 4192 4193 4194 4195 4196 4197 4198 4199 4200 4201 4202 4203 4204 4205 4206 4207 4208 4209 4210 4211 4212 4213 4214 4215 4216 4217 4218 4219 4220 4221 4222 4223 4224 4225 4226 4227 4228 4229 4230 4231 4232 4233 4234 4235 4236 4237 4238 4239 4240 4241 4242 4243 4244 4245 4246 4247 4248 4249 4250 4251 4252 4288 4289 4290 4291 4292 4293 4294 4295 4296 4297 4298 4299 4300 4301 4302 4303 4304 4305 4306 4307 4308 4309 4310 4311 4312 4313 4314 4315 4316 4317 4318 4319 4320 4321 4322 4342 4343 4344 4345 4346 4347 4348 4349 4350 4351 4352 4353 4354 4355 4356 4357 4358 4359 4360 4406 4407 4408 4409 4410 4411 4412 4413 4414 4415 4416 4417 4418 4419 4420 4421 4422 4423 4424 4425 4426 4427 4428 4429 4430 4431 4432 4433 4434 4435 4436 4437 4438 4439 4440 4441 4442 4443 4444 4445 4446 4447 4448 4449 4450 4462 4463 4464 4465 4466 4467 4468 4469 4470 4471 4472 4512 4513 4514 4515 4516 4517 4518 4519 4520 4521 4522 4523 4524 4525 4526 4527 4528 4529 4530 4531 4532 4533 4534 4535 4536 4537 4538 4539 4540 4541 4542 4543 4544 4545 4546 4547 4548 4549 4550 4588 4589 4590 4591 4592 4593 4594 4595 4596 4597 4598 4599 4600 4601 4602 4603 4604 4605 4606 4607 4608 4609 4610 4611 4612 4613 4614 4615 4616 4617 4618 4619 4620 4621 4622 4623 4624 4656 4657 4658 4659 4660 4661 4662 4663 4664 4665 4666 4667 4668 4669 4670 4671 4672 4673 4674 4675 4676 4677 4678 4679 4680 4681 4682 4683 4684 4685 4686 4728 4729 4730 4731 4732 4733 4734 4735 4736 4737 4738 4739 4740 4741 4742 4743 4744 4745 4746 4747 4748 4749 4750 4751 4752 4753 4754 4755 4756 4757 4758 4759 4760 4761 4762 4763 4764 4765 4766 4767 4768 4810 4811 4812 4813 4814 4815 4816 4817 4818 4819 4820 4821 4822 4823 4824 4825 4826 4827 4828 4829 4830 4831 4832 4833 4834 4835 4836 4837 4838 4839 4840 4841 4842 4843 4844 4845 4846 4847 4848 4849 4850 4890 4891 4892 4893 4894 4895 4896 4897 4898 4899 4900 4901 4902 4903 4904 4905 4906 4907 4908 4909 4910 4911 4912 4913 4914 4915 4916 4917 4918 4919 4920 4921 4922 4923 4924 4925 4926 4927 4928 4946 4947 4948 4949 4950 4951 4952 4953 4954 4955 4956 4957 4958 4959 4960 4961 4962 4990 4991 4992 4993 4994 4995 4996 4997 4998 4999 5000 5001 5002 5003 5004 5005 5006 5007 5008 5009 5010 5011 5012 5013 5014 5015 5016 
