5294
0 0 
1 1 0 
1 1 0 
1 1 0 
2 3 2 3 0 
1 1 0 
1 1 0 
1 1 0 
1 1 0 
2 3 7 8 0 
2 3 6 9 0 
2 3 5 10 0 
1 1 0 
1 1 0 
1 1 0 
1 1 0 
1 1 0 
1 1 0 
2 3 16 17 0 
1 1 0 
2 3 18 19 0 
1 1 0 
2 3 20 21 0 
2 3 15 22 0 
2 3 14 23 0 
2 3 13 24 0 
2 3 12 25 0 
2 3 11 26 0 
2 3 4 27 0 
1 1 0 
2 3 28 29 0 
2 3 1 30 0 
3 2 0 31 
3 2 0 1 
3 2 0 30 
3 2 0 28 
3 2 0 4 
3 2 0 2 
3 2 0 3 
3 2 0 27 
3 2 0 11 
3 2 0 5 
3 2 0 10 
3 2 0 6 
3 2 0 9 
3 2 0 7 
3 2 0 8 
3 2 0 26 
3 2 0 12 
3 2 0 25 
3 2 0 13 
3 2 0 24 
3 2 0 14 
3 2 0 23 
3 2 0 15 
3 2 0 22 
3 2 0 20 
3 2 0 18 
3 2 0 16 
3 2 0 17 
3 2 0 19 
3 2 0 21 
3 2 0 29 
1 1 0 
1 1 0 
1 1 0 
2 3 64 65 0 
2 3 63 66 0 
1 1 0 
1 1 0 
2 3 68 69 0 
2 3 67 70 0 
1 1 0 
2 3 71 72 0 
1 1 0 
2 3 73 74 0 
1 1 0 
1 1 0 
2 3 76 77 0 
1 1 0 
1 1 0 
2 3 79 80 0 
1 1 0 
1 1 0 
2 3 82 83 0 
2 3 81 84 0 
2 3 78 85 0 
2 3 75 86 0 
1 1 0 
2 3 87 88 0 
3 2 0 89 
3 2 0 87 
3 2 0 75 
3 2 0 73 
3 2 0 71 
3 2 0 67 
3 2 0 63 
3 2 0 66 
3 2 0 64 
3 2 0 65 
3 2 0 70 
3 2 0 68 
3 2 0 69 
3 2 0 72 
3 2 0 74 
3 2 0 86 
3 2 0 78 
3 2 0 76 
3 2 0 77 
3 2 0 85 
3 2 0 81 
3 2 0 79 
3 2 0 80 
3 2 0 84 
3 2 0 82 
3 2 0 83 
3 2 0 88 
1 1 0 
1 1 0 
1 1 0 
2 3 118 119 0 
2 3 117 120 0 
1 1 0 
1 1 0 
1 1 0 
2 3 123 124 0 
1 1 0 
1 1 0 
2 3 126 127 0 
1 1 0 
1 1 0 
1 1 0 
1 1 0 
1 1 0 
1 1 0 
2 3 133 134 0 
2 3 132 135 0 
2 3 131 136 0 
2 3 130 137 0 
2 3 129 138 0 
2 3 128 139 0 
2 3 125 140 0 
2 3 122 141 0 
1 1 0 
2 3 142 143 0 
2 3 121 144 0 
3 2 0 145 
3 2 0 121 
3 2 0 117 
3 2 0 120 
3 2 0 118 
3 2 0 119 
3 2 0 144 
3 2 0 142 
3 2 0 122 
3 2 0 141 
3 2 0 125 
3 2 0 123 
3 2 0 124 
3 2 0 140 
3 2 0 128 
3 2 0 126 
3 2 0 127 
3 2 0 139 
3 2 0 129 
3 2 0 138 
3 2 0 130 
3 2 0 137 
3 2 0 131 
3 2 0 136 
3 2 0 132 
3 2 0 135 
3 2 0 133 
3 2 0 134 
3 2 0 143 
1 1 0 
1 1 0 
2 3 175 176 0 
1 1 0 
1 1 0 
2 3 178 179 0 
2 3 177 180 0 
1 1 0 
2 3 181 182 0 
1 1 0 
1 1 0 
1 1 0 
2 3 185 186 0 
2 3 184 187 0 
1 1 0 
2 3 188 189 0 
2 3 183 190 0 
1 1 0 
2 3 191 192 0 
3 2 0 193 
3 2 0 191 
3 2 0 183 
3 2 0 181 
3 2 0 177 
3 2 0 175 
3 2 0 176 
3 2 0 180 
3 2 0 178 
3 2 0 179 
3 2 0 182 
3 2 0 190 
3 2 0 188 
3 2 0 184 
3 2 0 187 
3 2 0 185 
3 2 0 186 
3 2 0 189 
3 2 0 192 
1 1 0 
1 1 0 
1 1 0 
2 3 214 215 0 
2 3 213 216 0 
1 1 0 
2 3 217 218 0 
1 1 0 
1 1 0 
1 1 0 
1 1 0 
2 3 222 223 0 
2 3 221 224 0 
1 1 0 
2 3 225 226 0 
2 3 220 227 0 
2 3 219 228 0 
1 1 0 
1 1 0 
1 1 0 
1 1 0 
2 3 232 233 0 
2 3 231 234 0 
1 1 0 
1 1 0 
1 1 0 
1 1 0 
2 3 238 239 0 
2 3 237 240 0 
1 1 0 
1 1 0 
1 1 0 
1 1 0 
2 3 244 245 0 
1 1 0 
2 3 246 247 0 
2 3 243 248 0 
1 1 0 
1 1 0 
1 1 0 
1 1 0 
2 3 252 253 0 
2 3 251 254 0 
2 3 250 255 0 
2 3 249 256 0 
2 3 242 257 0 
2 3 241 258 0 
2 3 236 259 0 
2 3 235 260 0 
2 3 230 261 0 
1 1 0 
2 3 262 263 0 
2 3 229 264 0 
3 2 0 265 
3 2 0 229 
3 2 0 219 
3 2 0 217 
3 2 0 213 
3 2 0 216 
3 2 0 214 
3 2 0 215 
3 2 0 218 
3 2 0 228 
3 2 0 220 
3 2 0 227 
3 2 0 225 
3 2 0 221 
3 2 0 224 
3 2 0 222 
3 2 0 223 
3 2 0 226 
3 2 0 264 
3 2 0 262 
3 2 0 230 
3 2 0 261 
3 2 0 235 
3 2 0 231 
3 2 0 234 
3 2 0 232 
3 2 0 233 
3 2 0 260 
3 2 0 236 
3 2 0 259 
3 2 0 241 
3 2 0 237 
3 2 0 240 
3 2 0 238 
3 2 0 239 
3 2 0 258 
3 2 0 242 
3 2 0 257 
3 2 0 249 
3 2 0 243 
3 2 0 248 
3 2 0 246 
3 2 0 244 
3 2 0 245 
3 2 0 247 
3 2 0 256 
3 2 0 250 
3 2 0 255 
3 2 0 251 
3 2 0 254 
3 2 0 252 
3 2 0 253 
3 2 0 263 
1 1 0 
1 1 0 
2 3 319 320 0 
1 1 0 
1 1 0 
1 1 0 
1 1 0 
1 1 0 
1 1 0 
2 3 326 327 0 
2 3 325 328 0 
1 1 0 
2 3 329 330 0 
1 1 0 
1 1 0 
1 1 0 
2 3 333 334 0 
2 3 332 335 0 
1 1 0 
1 1 0 
1 1 0 
2 3 338 339 0 
2 3 337 340 0 
2 3 336 341 0 
1 1 0 
2 3 342 343 0 
1 1 0 
2 3 344 345 0 
1 1 0 
1 1 0 
1 1 0 
1 1 0 
1 1 0 
1 1 0 
1 1 0 
1 1 0 
1 1 0 
2 3 354 355 0 
2 3 353 356 0 
2 3 352 357 0 
1 1 0 
2 3 358 359 0 
2 3 351 360 0 
2 3 350 361 0 
2 3 349 362 0 
2 3 348 363 0 
2 3 347 364 0 
2 3 346 365 0 
2 3 331 366 0 
2 3 324 367 0 
1 1 0 
2 3 368 369 0 
2 3 323 370 0 
2 3 322 371 0 
2 3 321 372 0 
3 2 0 373 
3 2 0 321 
3 2 0 319 
3 2 0 320 
3 2 0 372 
3 2 0 322 
3 2 0 371 
3 2 0 323 
3 2 0 370 
3 2 0 368 
3 2 0 324 
3 2 0 367 
3 2 0 331 
3 2 0 329 
3 2 0 325 
3 2 0 328 
3 2 0 326 
3 2 0 327 
3 2 0 330 
3 2 0 366 
3 2 0 346 
3 2 0 344 
3 2 0 342 
3 2 0 336 
3 2 0 332 
3 2 0 335 
3 2 0 333 
3 2 0 334 
3 2 0 341 
3 2 0 337 
3 2 0 340 
3 2 0 338 
3 2 0 339 
3 2 0 343 
3 2 0 345 
3 2 0 365 
3 2 0 347 
3 2 0 364 
3 2 0 348 
3 2 0 363 
3 2 0 349 
3 2 0 362 
3 2 0 350 
3 2 0 361 
3 2 0 351 
3 2 0 360 
3 2 0 358 
3 2 0 352 
3 2 0 357 
3 2 0 353 
3 2 0 356 
3 2 0 354 
3 2 0 355 
3 2 0 359 
3 2 0 369 
1 1 0 
1 1 0 
1 1 0 
2 3 430 431 0 
1 1 0 
2 3 432 433 0 
1 1 0 
2 3 434 435 0 
2 3 429 436 0 
1 1 0 
1 1 0 
2 3 438 439 0 
2 3 437 440 0 
1 1 0 
2 3 441 442 0 
1 1 0 
1 1 0 
1 1 0 
1 1 0 
1 1 0 
1 1 0 
2 3 448 449 0 
1 1 0 
1 1 0 
2 3 451 452 0 
2 3 450 453 0 
2 3 447 454 0 
2 3 446 455 0 
2 3 445 456 0 
2 3 444 457 0 
2 3 443 458 0 
1 1 0 
2 3 459 460 0 
3 2 0 461 
3 2 0 459 
3 2 0 443 
3 2 0 441 
3 2 0 437 
3 2 0 429 
3 2 0 436 
3 2 0 434 
3 2 0 432 
3 2 0 430 
3 2 0 431 
3 2 0 433 
3 2 0 435 
3 2 0 440 
3 2 0 438 
3 2 0 439 
3 2 0 442 
3 2 0 458 
3 2 0 444 
3 2 0 457 
3 2 0 445 
3 2 0 456 
3 2 0 446 
3 2 0 455 
3 2 0 447 
3 2 0 454 
3 2 0 450 
3 2 0 448 
3 2 0 449 
3 2 0 453 
3 2 0 451 
3 2 0 452 
3 2 0 460 
1 1 0 
1 1 0 
1 1 0 
1 1 0 
2 3 497 498 0 
1 1 0 
2 3 499 500 0 
1 1 0 
1 1 0 
1 1 0 
1 1 0 
1 1 0 
1 1 0 
2 3 506 507 0 
2 3 505 508 0 
2 3 504 509 0 
2 3 503 510 0 
1 1 0 
2 3 511 512 0 
1 1 0 
1 1 0 
2 3 514 515 0 
1 1 0 
1 1 0 
1 1 0 
1 1 0 
2 3 519 520 0 
2 3 518 521 0 
1 1 0 
1 1 0 
2 3 523 524 0 
2 3 522 525 0 
2 3 517 526 0 
2 3 516 527 0 
2 3 513 528 0 
2 3 502 529 0 
2 3 501 530 0 
1 1 0 
2 3 531 532 0 
2 3 496 533 0 
2 3 495 534 0 
3 2 0 535 
3 2 0 495 
3 2 0 534 
3 2 0 496 
3 2 0 533 
3 2 0 531 
3 2 0 501 
3 2 0 499 
3 2 0 497 
3 2 0 498 
3 2 0 500 
3 2 0 530 
3 2 0 502 
3 2 0 529 
3 2 0 513 
3 2 0 511 
3 2 0 503 
3 2 0 510 
3 2 0 504 
3 2 0 509 
3 2 0 505 
3 2 0 508 
3 2 0 506 
3 2 0 507 
3 2 0 512 
3 2 0 528 
3 2 0 516 
3 2 0 514 
3 2 0 515 
3 2 0 527 
3 2 0 517 
3 2 0 526 
3 2 0 522 
3 2 0 518 
3 2 0 521 
3 2 0 519 
3 2 0 520 
3 2 0 525 
3 2 0 523 
3 2 0 524 
3 2 0 532 
1 1 0 
1 1 0 
2 3 577 578 0 
1 1 0 
1 1 0 
1 1 0 
1 1 0 
1 1 0 
1 1 0 
2 3 584 585 0 
1 1 0 
2 3 586 587 0 
2 3 583 588 0 
1 1 0 
1 1 0 
1 1 0 
2 3 591 592 0 
2 3 590 593 0 
2 3 589 594 0 
2 3 582 595 0 
2 3 581 596 0 
1 1 0 
2 3 597 598 0 
1 1 0 
1 1 0 
1 1 0 
1 1 0 
2 3 602 603 0 
2 3 601 604 0 
2 3 600 605 0 
1 1 0 
1 1 0 
1 1 0 
1 1 0 
2 3 609 610 0 
1 1 0 
1 1 0 
1 1 0 
2 3 613 614 0 
2 3 612 615 0 
2 3 611 616 0 
1 1 0 
1 1 0 
2 3 618 619 0 
2 3 617 620 0 
2 3 608 621 0 
1 1 0 
1 1 0 
1 1 0 
2 3 624 625 0 
1 1 0 
1 1 0 
1 1 0 
1 1 0 
1 1 0 
2 3 630 631 0 
2 3 629 632 0 
2 3 628 633 0 
2 3 627 634 0 
2 3 626 635 0 
2 3 623 636 0 
2 3 622 637 0 
2 3 607 638 0 
2 3 606 639 0 
2 3 599 640 0 
1 1 0 
2 3 641 642 0 
1 1 0 
1 1 0 
1 1 0 
1 1 0 
1 1 0 
2 3 647 648 0 
2 3 646 649 0 
2 3 645 650 0 
2 3 644 651 0 
2 3 643 652 0 
2 3 580 653 0 
1 1 0 
2 3 654 655 0 
2 3 579 656 0 
3 2 0 657 
3 2 0 579 
3 2 0 577 
3 2 0 578 
3 2 0 656 
3 2 0 654 
3 2 0 580 
3 2 0 653 
3 2 0 643 
3 2 0 641 
3 2 0 599 
3 2 0 597 
3 2 0 581 
3 2 0 596 
3 2 0 582 
3 2 0 595 
3 2 0 589 
3 2 0 583 
3 2 0 588 
3 2 0 586 
3 2 0 584 
3 2 0 585 
3 2 0 587 
3 2 0 594 
3 2 0 590 
3 2 0 593 
3 2 0 591 
3 2 0 592 
3 2 0 598 
3 2 0 640 
3 2 0 606 
3 2 0 600 
3 2 0 605 
3 2 0 601 
3 2 0 604 
3 2 0 602 
3 2 0 603 
3 2 0 639 
3 2 0 607 
3 2 0 638 
3 2 0 622 
3 2 0 608 
3 2 0 621 
3 2 0 617 
3 2 0 611 
3 2 0 609 
3 2 0 610 
3 2 0 616 
3 2 0 612 
3 2 0 615 
3 2 0 613 
3 2 0 614 
3 2 0 620 
3 2 0 618 
3 2 0 619 
3 2 0 637 
3 2 0 623 
3 2 0 636 
3 2 0 626 
3 2 0 624 
3 2 0 625 
3 2 0 635 
3 2 0 627 
3 2 0 634 
3 2 0 628 
3 2 0 633 
3 2 0 629 
3 2 0 632 
3 2 0 630 
3 2 0 631 
3 2 0 642 
3 2 0 652 
3 2 0 644 
3 2 0 651 
3 2 0 645 
3 2 0 650 
3 2 0 646 
3 2 0 649 
3 2 0 647 
3 2 0 648 
3 2 0 655 
1 1 0 
1 1 0 
1 1 0 
1 1 0 
1 1 0 
1 1 0 
1 1 0 
2 3 744 745 0 
2 3 743 746 0 
1 1 0 
1 1 0 
2 3 748 749 0 
2 3 747 750 0 
2 3 742 751 0 
2 3 741 752 0 
1 1 0 
2 3 753 754 0 
1 1 0 
1 1 0 
1 1 0 
1 1 0 
2 3 758 759 0 
2 3 757 760 0 
2 3 756 761 0 
1 1 0 
1 1 0 
1 1 0 
2 3 764 765 0 
1 1 0 
1 1 0 
1 1 0 
1 1 0 
1 1 0 
1 1 0 
2 3 771 772 0 
2 3 770 773 0 
2 3 769 774 0 
2 3 768 775 0 
2 3 767 776 0 
2 3 766 777 0 
2 3 763 778 0 
2 3 762 779 0 
2 3 755 780 0 
2 3 740 781 0 
1 1 0 
2 3 782 783 0 
2 3 739 784 0 
3 2 0 785 
3 2 0 739 
3 2 0 784 
3 2 0 782 
3 2 0 740 
3 2 0 781 
3 2 0 755 
3 2 0 753 
3 2 0 741 
3 2 0 752 
3 2 0 742 
3 2 0 751 
3 2 0 747 
3 2 0 743 
3 2 0 746 
3 2 0 744 
3 2 0 745 
3 2 0 750 
3 2 0 748 
3 2 0 749 
3 2 0 754 
3 2 0 780 
3 2 0 762 
3 2 0 756 
3 2 0 761 
3 2 0 757 
3 2 0 760 
3 2 0 758 
3 2 0 759 
3 2 0 779 
3 2 0 763 
3 2 0 778 
3 2 0 766 
3 2 0 764 
3 2 0 765 
3 2 0 777 
3 2 0 767 
3 2 0 776 
3 2 0 768 
3 2 0 775 
3 2 0 769 
3 2 0 774 
3 2 0 770 
3 2 0 773 
3 2 0 771 
3 2 0 772 
3 2 0 783 
1 1 0 
1 1 0 
1 1 0 
1 1 0 
1 1 0 
1 1 0 
1 1 0 
2 3 838 839 0 
2 3 837 840 0 
2 3 836 841 0 
2 3 835 842 0 
2 3 834 843 0 
1 1 0 
2 3 844 845 0 
2 3 833 846 0 
3 2 0 847 
3 2 0 833 
3 2 0 846 
3 2 0 844 
3 2 0 834 
3 2 0 843 
3 2 0 835 
3 2 0 842 
3 2 0 836 
3 2 0 841 
3 2 0 837 
3 2 0 840 
3 2 0 838 
3 2 0 839 
3 2 0 845 
1 1 0 
1 1 0 
1 1 0 
2 3 864 865 0 
1 1 0 
2 3 866 867 0 
1 1 0 
2 3 868 869 0 
2 3 863 870 0 
1 1 0 
2 3 871 872 0 
3 2 0 873 
3 2 0 871 
3 2 0 863 
3 2 0 870 
3 2 0 868 
3 2 0 866 
3 2 0 864 
3 2 0 865 
3 2 0 867 
3 2 0 869 
3 2 0 872 
1 1 0 
1 1 0 
2 3 885 886 0 
1 1 0 
2 3 887 888 0 
1 1 0 
1 1 0 
1 1 0 
1 1 0 
1 1 0 
2 3 893 894 0 
2 3 892 895 0 
2 3 891 896 0 
2 3 890 897 0 
2 3 889 898 0 
1 1 0 
1 1 0 
2 3 900 901 0 
1 1 0 
1 1 0 
1 1 0 
2 3 904 905 0 
2 3 903 906 0 
2 3 902 907 0 
1 1 0 
2 3 908 909 0 
2 3 899 910 0 
3 2 0 911 
3 2 0 899 
3 2 0 889 
3 2 0 887 
3 2 0 885 
3 2 0 886 
3 2 0 888 
3 2 0 898 
3 2 0 890 
3 2 0 897 
3 2 0 891 
3 2 0 896 
3 2 0 892 
3 2 0 895 
3 2 0 893 
3 2 0 894 
3 2 0 910 
3 2 0 908 
3 2 0 902 
3 2 0 900 
3 2 0 901 
3 2 0 907 
3 2 0 903 
3 2 0 906 
3 2 0 904 
3 2 0 905 
3 2 0 909 
1 1 0 
1 1 0 
2 3 939 940 0 
1 1 0 
2 3 941 942 0 
1 1 0 
1 1 0 
1 1 0 
1 1 0 
1 1 0 
2 3 947 948 0 
2 3 946 949 0 
1 1 0 
1 1 0 
1 1 0 
1 1 0 
1 1 0 
1 1 0 
2 3 955 956 0 
2 3 954 957 0 
2 3 953 958 0 
2 3 952 959 0 
2 3 951 960 0 
2 3 950 961 0 
2 3 945 962 0 
1 1 0 
1 1 0 
1 1 0 
1 1 0 
1 1 0 
1 1 0 
1 1 0 
1 1 0 
1 1 0 
1 1 0 
2 3 972 973 0 
2 3 971 974 0 
2 3 970 975 0 
1 1 0 
1 1 0 
1 1 0 
1 1 0 
2 3 979 980 0 
2 3 978 981 0 
1 1 0 
1 1 0 
2 3 983 984 0 
2 3 982 985 0 
2 3 977 986 0 
2 3 976 987 0 
2 3 969 988 0 
2 3 968 989 0 
2 3 967 990 0 
2 3 966 991 0 
2 3 965 992 0 
2 3 964 993 0 
2 3 963 994 0 
2 3 944 995 0 
1 1 0 
2 3 996 997 0 
2 3 943 998 0 
3 2 0 999 
3 2 0 943 
3 2 0 941 
3 2 0 939 
3 2 0 940 
3 2 0 942 
3 2 0 998 
3 2 0 996 
3 2 0 944 
3 2 0 995 
3 2 0 963 
3 2 0 945 
3 2 0 962 
3 2 0 950 
3 2 0 946 
3 2 0 949 
3 2 0 947 
3 2 0 948 
3 2 0 961 
3 2 0 951 
3 2 0 960 
3 2 0 952 
3 2 0 959 
3 2 0 953 
3 2 0 958 
3 2 0 954 
3 2 0 957 
3 2 0 955 
3 2 0 956 
3 2 0 994 
3 2 0 964 
3 2 0 993 
3 2 0 965 
3 2 0 992 
3 2 0 966 
3 2 0 991 
3 2 0 967 
3 2 0 990 
3 2 0 968 
3 2 0 989 
3 2 0 969 
3 2 0 988 
3 2 0 976 
3 2 0 970 
3 2 0 975 
3 2 0 971 
3 2 0 974 
3 2 0 972 
3 2 0 973 
3 2 0 987 
3 2 0 977 
3 2 0 986 
3 2 0 982 
3 2 0 978 
3 2 0 981 
3 2 0 979 
3 2 0 980 
3 2 0 985 
3 2 0 983 
3 2 0 984 
3 2 0 997 
1 1 0 
1 1 0 
1 1 0 
1 1 0 
1 1 0 
2 3 1064 1065 0 
2 3 1063 1066 0 
1 1 0 
1 1 0 
1 1 0 
1 1 0 
2 3 1070 1071 0 
2 3 1069 1072 0 
2 3 1068 1073 0 
2 3 1067 1074 0 
1 1 0 
2 3 1075 1076 0 
1 1 0 
1 1 0 
2 3 1078 1079 0 
1 1 0 
1 1 0 
1 1 0 
2 3 1082 1083 0 
1 1 0 
1 1 0 
1 1 0 
2 3 1086 1087 0 
2 3 1085 1088 0 
2 3 1084 1089 0 
2 3 1081 1090 0 
2 3 1080 1091 0 
2 3 1077 1092 0 
2 3 1062 1093 0 
1 1 0 
2 3 1094 1095 0 
2 3 1061 1096 0 
3 2 0 1097 
3 2 0 1061 
3 2 0 1096 
3 2 0 1094 
3 2 0 1062 
3 2 0 1093 
3 2 0 1077 
3 2 0 1075 
3 2 0 1067 
3 2 0 1063 
3 2 0 1066 
3 2 0 1064 
3 2 0 1065 
3 2 0 1074 
3 2 0 1068 
3 2 0 1073 
3 2 0 1069 
3 2 0 1072 
3 2 0 1070 
3 2 0 1071 
3 2 0 1076 
3 2 0 1092 
3 2 0 1080 
3 2 0 1078 
3 2 0 1079 
3 2 0 1091 
3 2 0 1081 
3 2 0 1090 
3 2 0 1084 
3 2 0 1082 
3 2 0 1083 
3 2 0 1089 
3 2 0 1085 
3 2 0 1088 
3 2 0 1086 
3 2 0 1087 
3 2 0 1095 
1 1 0 
1 1 0 
1 1 0 
2 3 1136 1137 0 
2 3 1135 1138 0 
1 1 0 
1 1 0 
2 3 1140 1141 0 
1 1 0 
1 1 0 
1 1 0 
1 1 0 
1 1 0 
1 1 0 
2 3 1147 1148 0 
2 3 1146 1149 0 
2 3 1145 1150 0 
2 3 1144 1151 0 
2 3 1143 1152 0 
2 3 1142 1153 0 
2 3 1139 1154 0 
1 1 0 
2 3 1155 1156 0 
1 1 0 
2 3 1157 1158 0 
1 1 0 
1 1 0 
1 1 0 
2 3 1161 1162 0 
2 3 1160 1163 0 
1 1 0 
1 1 0 
2 3 1165 1166 0 
1 1 0 
1 1 0 
1 1 0 
2 3 1169 1170 0 
2 3 1168 1171 0 
2 3 1167 1172 0 
2 3 1164 1173 0 
2 3 1159 1174 0 
1 1 0 
2 3 1175 1176 0 
3 2 0 1177 
3 2 0 1175 
3 2 0 1159 
3 2 0 1157 
3 2 0 1155 
3 2 0 1139 
3 2 0 1135 
3 2 0 1138 
3 2 0 1136 
3 2 0 1137 
3 2 0 1154 
3 2 0 1142 
3 2 0 1140 
3 2 0 1141 
3 2 0 1153 
3 2 0 1143 
3 2 0 1152 
3 2 0 1144 
3 2 0 1151 
3 2 0 1145 
3 2 0 1150 
3 2 0 1146 
3 2 0 1149 
3 2 0 1147 
3 2 0 1148 
3 2 0 1156 
3 2 0 1158 
3 2 0 1174 
3 2 0 1164 
3 2 0 1160 
3 2 0 1163 
3 2 0 1161 
3 2 0 1162 
3 2 0 1173 
3 2 0 1167 
3 2 0 1165 
3 2 0 1166 
3 2 0 1172 
3 2 0 1168 
3 2 0 1171 
3 2 0 1169 
3 2 0 1170 
3 2 0 1176 
1 1 0 
1 1 0 
1 1 0 
2 3 1222 1223 0 
1 1 0 
2 3 1224 1225 0 
2 3 1221 1226 0 
1 1 0 
1 1 0 
1 1 0 
2 3 1229 1230 0 
2 3 1228 1231 0 
2 3 1227 1232 0 
1 1 0 
1 1 0 
1 1 0 
1 1 0 
1 1 0 
2 3 1237 1238 0 
2 3 1236 1239 0 
1 1 0 
2 3 1240 1241 0 
1 1 0 
1 1 0 
1 1 0 
1 1 0 
2 3 1245 1246 0 
2 3 1244 1247 0 
2 3 1243 1248 0 
2 3 1242 1249 0 
2 3 1235 1250 0 
2 3 1234 1251 0 
2 3 1233 1252 0 
3 2 0 1253 
3 2 0 1233 
3 2 0 1227 
3 2 0 1221 
3 2 0 1226 
3 2 0 1224 
3 2 0 1222 
3 2 0 1223 
3 2 0 1225 
3 2 0 1232 
3 2 0 1228 
3 2 0 1231 
3 2 0 1229 
3 2 0 1230 
3 2 0 1252 
3 2 0 1234 
3 2 0 1251 
3 2 0 1235 
3 2 0 1250 
3 2 0 1242 
3 2 0 1240 
3 2 0 1236 
3 2 0 1239 
3 2 0 1237 
3 2 0 1238 
3 2 0 1241 
3 2 0 1249 
3 2 0 1243 
3 2 0 1248 
3 2 0 1244 
3 2 0 1247 
3 2 0 1245 
3 2 0 1246 
1 1 0 
1 1 0 
1 1 0 
1 1 0 
1 1 0 
2 3 1290 1291 0 
2 3 1289 1292 0 
2 3 1288 1293 0 
2 3 1287 1294 0 
1 1 0 
1 1 0 
1 1 0 
1 1 0 
2 3 1298 1299 0 
2 3 1297 1300 0 
1 1 0 
1 1 0 
1 1 0 
2 3 1303 1304 0 
1 1 0 
1 1 0 
2 3 1306 1307 0 
2 3 1305 1308 0 
2 3 1302 1309 0 
1 1 0 
1 1 0 
1 1 0 
2 3 1312 1313 0 
1 1 0 
1 1 0 
1 1 0 
1 1 0 
2 3 1317 1318 0 
1 1 0 
2 3 1319 1320 0 
1 1 0 
1 1 0 
1 1 0 
1 1 0 
1 1 0 
2 3 1325 1326 0 
2 3 1324 1327 0 
2 3 1323 1328 0 
2 3 1322 1329 0 
2 3 1321 1330 0 
2 3 1316 1331 0 
2 3 1315 1332 0 
2 3 1314 1333 0 
2 3 1311 1334 0 
2 3 1310 1335 0 
2 3 1301 1336 0 
2 3 1296 1337 0 
2 3 1295 1338 0 
1 1 0 
1 1 0 
1 1 0 
2 3 1341 1342 0 
2 3 1340 1343 0 
2 3 1339 1344 0 
3 2 0 1345 
3 2 0 1339 
3 2 0 1295 
3 2 0 1287 
3 2 0 1294 
3 2 0 1288 
3 2 0 1293 
3 2 0 1289 
3 2 0 1292 
3 2 0 1290 
3 2 0 1291 
3 2 0 1338 
3 2 0 1296 
3 2 0 1337 
3 2 0 1301 
3 2 0 1297 
3 2 0 1300 
3 2 0 1298 
3 2 0 1299 
3 2 0 1336 
3 2 0 1310 
3 2 0 1302 
3 2 0 1309 
3 2 0 1305 
3 2 0 1303 
3 2 0 1304 
3 2 0 1308 
3 2 0 1306 
3 2 0 1307 
3 2 0 1335 
3 2 0 1311 
3 2 0 1334 
3 2 0 1314 
3 2 0 1312 
3 2 0 1313 
3 2 0 1333 
3 2 0 1315 
3 2 0 1332 
3 2 0 1316 
3 2 0 1331 
3 2 0 1321 
3 2 0 1319 
3 2 0 1317 
3 2 0 1318 
3 2 0 1320 
3 2 0 1330 
3 2 0 1322 
3 2 0 1329 
3 2 0 1323 
3 2 0 1328 
3 2 0 1324 
3 2 0 1327 
3 2 0 1325 
3 2 0 1326 
3 2 0 1344 
3 2 0 1340 
3 2 0 1343 
3 2 0 1341 
3 2 0 1342 
1 1 0 
1 1 0 
1 1 0 
1 1 0 
1 1 0 
1 1 0 
2 3 1409 1410 0 
2 3 1408 1411 0 
2 3 1407 1412 0 
1 1 0 
1 1 0 
1 1 0 
2 3 1415 1416 0 
1 1 0 
2 3 1417 1418 0 
2 3 1414 1419 0 
2 3 1413 1420 0 
2 3 1406 1421 0 
2 3 1405 1422 0 
1 1 0 
1 1 0 
1 1 0 
2 3 1425 1426 0 
1 1 0 
1 1 0 
1 1 0 
1 1 0 
2 3 1430 1431 0 
2 3 1429 1432 0 
2 3 1428 1433 0 
2 3 1427 1434 0 
1 1 0 
2 3 1435 1436 0 
2 3 1424 1437 0 
1 1 0 
1 1 0 
1 1 0 
1 1 0 
1 1 0 
2 3 1442 1443 0 
1 1 0 
1 1 0 
1 1 0 
2 3 1446 1447 0 
2 3 1445 1448 0 
2 3 1444 1449 0 
2 3 1441 1450 0 
1 1 0 
2 3 1451 1452 0 
2 3 1440 1453 0 
2 3 1439 1454 0 
2 3 1438 1455 0 
2 3 1423 1456 0 
3 2 0 1457 
3 2 0 1423 
3 2 0 1405 
3 2 0 1422 
3 2 0 1406 
3 2 0 1421 
3 2 0 1413 
3 2 0 1407 
3 2 0 1412 
3 2 0 1408 
3 2 0 1411 
3 2 0 1409 
3 2 0 1410 
3 2 0 1420 
3 2 0 1414 
3 2 0 1419 
3 2 0 1417 
3 2 0 1415 
3 2 0 1416 
3 2 0 1418 
3 2 0 1456 
3 2 0 1438 
3 2 0 1424 
3 2 0 1437 
3 2 0 1435 
3 2 0 1427 
3 2 0 1425 
3 2 0 1426 
3 2 0 1434 
3 2 0 1428 
3 2 0 1433 
3 2 0 1429 
3 2 0 1432 
3 2 0 1430 
3 2 0 1431 
3 2 0 1436 
3 2 0 1455 
3 2 0 1439 
3 2 0 1454 
3 2 0 1440 
3 2 0 1453 
3 2 0 1451 
3 2 0 1441 
3 2 0 1450 
3 2 0 1444 
3 2 0 1442 
3 2 0 1443 
3 2 0 1449 
3 2 0 1445 
3 2 0 1448 
3 2 0 1446 
3 2 0 1447 
3 2 0 1452 
1 1 0 
1 1 0 
1 1 0 
2 3 1512 1513 0 
2 3 1511 1514 0 
1 1 0 
1 1 0 
2 3 1516 1517 0 
1 1 0 
1 1 0 
1 1 0 
1 1 0 
2 3 1521 1522 0 
1 1 0 
2 3 1523 1524 0 
2 3 1520 1525 0 
1 1 0 
1 1 0 
1 1 0 
1 1 0 
1 1 0 
1 1 0 
2 3 1531 1532 0 
2 3 1530 1533 0 
1 1 0 
1 1 0 
1 1 0 
1 1 0 
2 3 1537 1538 0 
2 3 1536 1539 0 
2 3 1535 1540 0 
2 3 1534 1541 0 
2 3 1529 1542 0 
2 3 1528 1543 0 
2 3 1527 1544 0 
2 3 1526 1545 0 
2 3 1519 1546 0 
2 3 1518 1547 0 
1 1 0 
2 3 1548 1549 0 
2 3 1515 1550 0 
3 2 0 1551 
3 2 0 1515 
3 2 0 1511 
3 2 0 1514 
3 2 0 1512 
3 2 0 1513 
3 2 0 1550 
3 2 0 1548 
3 2 0 1518 
3 2 0 1516 
3 2 0 1517 
3 2 0 1547 
3 2 0 1519 
3 2 0 1546 
3 2 0 1526 
3 2 0 1520 
3 2 0 1525 
3 2 0 1523 
3 2 0 1521 
3 2 0 1522 
3 2 0 1524 
3 2 0 1545 
3 2 0 1527 
3 2 0 1544 
3 2 0 1528 
3 2 0 1543 
3 2 0 1529 
3 2 0 1542 
3 2 0 1534 
3 2 0 1530 
3 2 0 1533 
3 2 0 1531 
3 2 0 1532 
3 2 0 1541 
3 2 0 1535 
3 2 0 1540 
3 2 0 1536 
3 2 0 1539 
3 2 0 1537 
3 2 0 1538 
3 2 0 1549 
1 1 0 
1 1 0 
1 1 0 
1 1 0 
2 3 1595 1596 0 
1 1 0 
1 1 0 
1 1 0 
1 1 0 
1 1 0 
1 1 0 
1 1 0 
2 3 1603 1604 0 
2 3 1602 1605 0 
2 3 1601 1606 0 
2 3 1600 1607 0 
2 3 1599 1608 0 
2 3 1598 1609 0 
2 3 1597 1610 0 
2 3 1594 1611 0 
1 1 0 
2 3 1612 1613 0 
1 1 0 
2 3 1614 1615 0 
1 1 0 
1 1 0 
1 1 0 
2 3 1618 1619 0 
2 3 1617 1620 0 
1 1 0 
1 1 0 
1 1 0 
1 1 0 
1 1 0 
1 1 0 
1 1 0 
1 1 0 
2 3 1628 1629 0 
2 3 1627 1630 0 
2 3 1626 1631 0 
2 3 1625 1632 0 
2 3 1624 1633 0 
2 3 1623 1634 0 
2 3 1622 1635 0 
2 3 1621 1636 0 
2 3 1616 1637 0 
1 1 0 
2 3 1638 1639 0 
2 3 1593 1640 0 
3 2 0 1641 
3 2 0 1593 
3 2 0 1640 
3 2 0 1638 
3 2 0 1616 
3 2 0 1614 
3 2 0 1612 
3 2 0 1594 
3 2 0 1611 
3 2 0 1597 
3 2 0 1595 
3 2 0 1596 
3 2 0 1610 
3 2 0 1598 
3 2 0 1609 
3 2 0 1599 
3 2 0 1608 
3 2 0 1600 
3 2 0 1607 
3 2 0 1601 
3 2 0 1606 
3 2 0 1602 
3 2 0 1605 
3 2 0 1603 
3 2 0 1604 
3 2 0 1613 
3 2 0 1615 
3 2 0 1637 
3 2 0 1621 
3 2 0 1617 
3 2 0 1620 
3 2 0 1618 
3 2 0 1619 
3 2 0 1636 
3 2 0 1622 
3 2 0 1635 
3 2 0 1623 
3 2 0 1634 
3 2 0 1624 
3 2 0 1633 
3 2 0 1625 
3 2 0 1632 
3 2 0 1626 
3 2 0 1631 
3 2 0 1627 
3 2 0 1630 
3 2 0 1628 
3 2 0 1629 
3 2 0 1639 
1 1 0 
1 1 0 
1 1 0 
2 3 1692 1693 0 
1 1 0 
1 1 0 
1 1 0 
1 1 0 
1 1 0 
2 3 1698 1699 0 
2 3 1697 1700 0 
2 3 1696 1701 0 
2 3 1695 1702 0 
2 3 1694 1703 0 
2 3 1691 1704 0 
1 1 0 
1 1 0 
1 1 0 
2 3 1707 1708 0 
1 1 0 
1 1 0 
1 1 0 
2 3 1711 1712 0 
2 3 1710 1713 0 
2 3 1709 1714 0 
2 3 1706 1715 0 
2 3 1705 1716 0 
1 1 0 
2 3 1717 1718 0 
1 1 0 
2 3 1719 1720 0 
1 1 0 
1 1 0 
1 1 0 
2 3 1723 1724 0 
2 3 1722 1725 0 
1 1 0 
1 1 0 
1 1 0 
1 1 0 
1 1 0 
1 1 0 
1 1 0 
1 1 0 
1 1 0 
2 3 1734 1735 0 
2 3 1733 1736 0 
2 3 1732 1737 0 
2 3 1731 1738 0 
1 1 0 
1 1 0 
1 1 0 
1 1 0 
1 1 0 
2 3 1743 1744 0 
2 3 1742 1745 0 
1 1 0 
2 3 1746 1747 0 
1 1 0 
2 3 1748 1749 0 
2 3 1741 1750 0 
2 3 1740 1751 0 
2 3 1739 1752 0 
2 3 1730 1753 0 
2 3 1729 1754 0 
2 3 1728 1755 0 
2 3 1727 1756 0 
2 3 1726 1757 0 
2 3 1721 1758 0 
1 1 0 
2 3 1759 1760 0 
3 2 0 1761 
3 2 0 1759 
3 2 0 1721 
3 2 0 1719 
3 2 0 1717 
3 2 0 1705 
3 2 0 1691 
3 2 0 1704 
3 2 0 1694 
3 2 0 1692 
3 2 0 1693 
3 2 0 1703 
3 2 0 1695 
3 2 0 1702 
3 2 0 1696 
3 2 0 1701 
3 2 0 1697 
3 2 0 1700 
3 2 0 1698 
3 2 0 1699 
3 2 0 1716 
3 2 0 1706 
3 2 0 1715 
3 2 0 1709 
3 2 0 1707 
3 2 0 1708 
3 2 0 1714 
3 2 0 1710 
3 2 0 1713 
3 2 0 1711 
3 2 0 1712 
3 2 0 1718 
3 2 0 1720 
3 2 0 1758 
3 2 0 1726 
3 2 0 1722 
3 2 0 1725 
3 2 0 1723 
3 2 0 1724 
3 2 0 1757 
3 2 0 1727 
3 2 0 1756 
3 2 0 1728 
3 2 0 1755 
3 2 0 1729 
3 2 0 1754 
3 2 0 1730 
3 2 0 1753 
3 2 0 1739 
3 2 0 1731 
3 2 0 1738 
3 2 0 1732 
3 2 0 1737 
3 2 0 1733 
3 2 0 1736 
3 2 0 1734 
3 2 0 1735 
3 2 0 1752 
3 2 0 1740 
3 2 0 1751 
3 2 0 1741 
3 2 0 1750 
3 2 0 1748 
3 2 0 1746 
3 2 0 1742 
3 2 0 1745 
3 2 0 1743 
3 2 0 1744 
3 2 0 1747 
3 2 0 1749 
3 2 0 1760 
1 1 0 
1 1 0 
1 1 0 
1 1 0 
2 3 1835 1836 0 
2 3 1834 1837 0 
1 1 0 
2 3 1838 1839 0 
1 1 0 
1 1 0 
2 3 1841 1842 0 
2 3 1840 1843 0 
1 1 0 
2 3 1844 1845 0 
2 3 1833 1846 0 
3 2 0 1847 
3 2 0 1833 
3 2 0 1846 
3 2 0 1844 
3 2 0 1840 
3 2 0 1838 
3 2 0 1834 
3 2 0 1837 
3 2 0 1835 
3 2 0 1836 
3 2 0 1839 
3 2 0 1843 
3 2 0 1841 
3 2 0 1842 
3 2 0 1845 
1 1 0 
1 1 0 
1 1 0 
1 1 0 
1 1 0 
2 3 1866 1867 0 
1 1 0 
2 3 1868 1869 0 
2 3 1865 1870 0 
2 3 1864 1871 0 
2 3 1863 1872 0 
1 1 0 
1 1 0 
2 3 1874 1875 0 
1 1 0 
1 1 0 
1 1 0 
1 1 0 
1 1 0 
2 3 1880 1881 0 
1 1 0 
2 3 1882 1883 0 
2 3 1879 1884 0 
1 1 0 
1 1 0 
1 1 0 
2 3 1887 1888 0 
1 1 0 
2 3 1889 1890 0 
2 3 1886 1891 0 
2 3 1885 1892 0 
1 1 0 
2 3 1893 1894 0 
1 1 0 
1 1 0 
1 1 0 
1 1 0 
2 3 1898 1899 0 
2 3 1897 1900 0 
1 1 0 
1 1 0 
2 3 1902 1903 0 
2 3 1901 1904 0 
2 3 1896 1905 0 
1 1 0 
1 1 0 
1 1 0 
1 1 0 
1 1 0 
1 1 0 
2 3 1911 1912 0 
2 3 1910 1913 0 
2 3 1909 1914 0 
2 3 1908 1915 0 
2 3 1907 1916 0 
2 3 1906 1917 0 
2 3 1895 1918 0 
2 3 1878 1919 0 
2 3 1877 1920 0 
2 3 1876 1921 0 
1 1 0 
2 3 1922 1923 0 
2 3 1873 1924 0 
3 2 0 1925 
3 2 0 1873 
3 2 0 1863 
3 2 0 1872 
3 2 0 1864 
3 2 0 1871 
3 2 0 1865 
3 2 0 1870 
3 2 0 1868 
3 2 0 1866 
3 2 0 1867 
3 2 0 1869 
3 2 0 1924 
3 2 0 1922 
3 2 0 1876 
3 2 0 1874 
3 2 0 1875 
3 2 0 1921 
3 2 0 1877 
3 2 0 1920 
3 2 0 1878 
3 2 0 1919 
3 2 0 1895 
3 2 0 1893 
3 2 0 1885 
3 2 0 1879 
3 2 0 1884 
3 2 0 1882 
3 2 0 1880 
3 2 0 1881 
3 2 0 1883 
3 2 0 1892 
3 2 0 1886 
3 2 0 1891 
3 2 0 1889 
3 2 0 1887 
3 2 0 1888 
3 2 0 1890 
3 2 0 1894 
3 2 0 1918 
3 2 0 1906 
3 2 0 1896 
3 2 0 1905 
3 2 0 1901 
3 2 0 1897 
3 2 0 1900 
3 2 0 1898 
3 2 0 1899 
3 2 0 1904 
3 2 0 1902 
3 2 0 1903 
3 2 0 1917 
3 2 0 1907 
3 2 0 1916 
3 2 0 1908 
3 2 0 1915 
3 2 0 1909 
3 2 0 1914 
3 2 0 1910 
3 2 0 1913 
3 2 0 1911 
3 2 0 1912 
3 2 0 1923 
1 1 0 
1 1 0 
1 1 0 
1 1 0 
1 1 0 
2 3 1992 1993 0 
2 3 1991 1994 0 
2 3 1990 1995 0 
1 1 0 
1 1 0 
1 1 0 
1 1 0 
2 3 1999 2000 0 
2 3 1998 2001 0 
2 3 1997 2002 0 
2 3 1996 2003 0 
1 1 0 
2 3 2004 2005 0 
2 3 1989 2006 0 
3 2 0 2007 
3 2 0 1989 
3 2 0 2006 
3 2 0 2004 
3 2 0 1996 
3 2 0 1990 
3 2 0 1995 
3 2 0 1991 
3 2 0 1994 
3 2 0 1992 
3 2 0 1993 
3 2 0 2003 
3 2 0 1997 
3 2 0 2002 
3 2 0 1998 
3 2 0 2001 
3 2 0 1999 
3 2 0 2000 
3 2 0 2005 
1 1 0 
1 1 0 
1 1 0 
2 3 2028 2029 0 
2 3 2027 2030 0 
1 1 0 
1 1 0 
1 1 0 
1 1 0 
2 3 2034 2035 0 
2 3 2033 2036 0 
1 1 0 
1 1 0 
1 1 0 
1 1 0 
2 3 2040 2041 0 
1 1 0 
2 3 2042 2043 0 
2 3 2039 2044 0 
2 3 2038 2045 0 
2 3 2037 2046 0 
1 1 0 
2 3 2047 2048 0 
2 3 2032 2049 0 
2 3 2031 2050 0 
3 2 0 2051 
3 2 0 2031 
3 2 0 2027 
3 2 0 2030 
3 2 0 2028 
3 2 0 2029 
3 2 0 2050 
3 2 0 2032 
3 2 0 2049 
3 2 0 2047 
3 2 0 2037 
3 2 0 2033 
3 2 0 2036 
3 2 0 2034 
3 2 0 2035 
3 2 0 2046 
3 2 0 2038 
3 2 0 2045 
3 2 0 2039 
3 2 0 2044 
3 2 0 2042 
3 2 0 2040 
3 2 0 2041 
3 2 0 2043 
3 2 0 2048 
1 1 0 
1 1 0 
1 1 0 
1 1 0 
1 1 0 
2 3 2080 2081 0 
1 1 0 
2 3 2082 2083 0 
2 3 2079 2084 0 
1 1 0 
1 1 0 
1 1 0 
2 3 2087 2088 0 
1 1 0 
1 1 0 
1 1 0 
1 1 0 
2 3 2092 2093 0 
2 3 2091 2094 0 
2 3 2090 2095 0 
2 3 2089 2096 0 
1 1 0 
2 3 2097 2098 0 
1 1 0 
1 1 0 
1 1 0 
1 1 0 
1 1 0 
1 1 0 
1 1 0 
1 1 0 
2 3 2106 2107 0 
2 3 2105 2108 0 
2 3 2104 2109 0 
2 3 2103 2110 0 
2 3 2102 2111 0 
1 1 0 
1 1 0 
1 1 0 
1 1 0 
2 3 2115 2116 0 
2 3 2114 2117 0 
2 3 2113 2118 0 
2 3 2112 2119 0 
2 3 2101 2120 0 
2 3 2100 2121 0 
2 3 2099 2122 0 
2 3 2086 2123 0 
2 3 2085 2124 0 
2 3 2078 2125 0 
1 1 0 
2 3 2126 2127 0 
2 3 2077 2128 0 
3 2 0 2129 
3 2 0 2077 
3 2 0 2128 
3 2 0 2126 
3 2 0 2078 
3 2 0 2125 
3 2 0 2085 
3 2 0 2079 
3 2 0 2084 
3 2 0 2082 
3 2 0 2080 
3 2 0 2081 
3 2 0 2083 
3 2 0 2124 
3 2 0 2086 
3 2 0 2123 
3 2 0 2099 
3 2 0 2097 
3 2 0 2089 
3 2 0 2087 
3 2 0 2088 
3 2 0 2096 
3 2 0 2090 
3 2 0 2095 
3 2 0 2091 
3 2 0 2094 
3 2 0 2092 
3 2 0 2093 
3 2 0 2098 
3 2 0 2122 
3 2 0 2100 
3 2 0 2121 
3 2 0 2101 
3 2 0 2120 
3 2 0 2112 
3 2 0 2102 
3 2 0 2111 
3 2 0 2103 
3 2 0 2110 
3 2 0 2104 
3 2 0 2109 
3 2 0 2105 
3 2 0 2108 
3 2 0 2106 
3 2 0 2107 
3 2 0 2119 
3 2 0 2113 
3 2 0 2118 
3 2 0 2114 
3 2 0 2117 
3 2 0 2115 
3 2 0 2116 
3 2 0 2127 
1 1 0 
1 1 0 
1 1 0 
2 3 2184 2185 0 
2 3 2183 2186 0 
1 1 0 
1 1 0 
1 1 0 
1 1 0 
2 3 2190 2191 0 
1 1 0 
2 3 2192 2193 0 
1 1 0 
1 1 0 
1 1 0 
2 3 2196 2197 0 
2 3 2195 2198 0 
2 3 2194 2199 0 
2 3 2189 2200 0 
2 3 2188 2201 0 
2 3 2187 2202 0 
1 1 0 
1 1 0 
1 1 0 
2 3 2205 2206 0 
1 1 0 
1 1 0 
2 3 2208 2209 0 
1 1 0 
1 1 0 
1 1 0 
2 3 2212 2213 0 
2 3 2211 2214 0 
2 3 2210 2215 0 
2 3 2207 2216 0 
2 3 2204 2217 0 
2 3 2203 2218 0 
1 1 0 
2 3 2219 2220 0 
3 2 0 2221 
3 2 0 2219 
3 2 0 2203 
3 2 0 2187 
3 2 0 2183 
3 2 0 2186 
3 2 0 2184 
3 2 0 2185 
3 2 0 2202 
3 2 0 2188 
3 2 0 2201 
3 2 0 2189 
3 2 0 2200 
3 2 0 2194 
3 2 0 2192 
3 2 0 2190 
3 2 0 2191 
3 2 0 2193 
3 2 0 2199 
3 2 0 2195 
3 2 0 2198 
3 2 0 2196 
3 2 0 2197 
3 2 0 2218 
3 2 0 2204 
3 2 0 2217 
3 2 0 2207 
3 2 0 2205 
3 2 0 2206 
3 2 0 2216 
3 2 0 2210 
3 2 0 2208 
3 2 0 2209 
3 2 0 2215 
3 2 0 2211 
3 2 0 2214 
3 2 0 2212 
3 2 0 2213 
3 2 0 2220 
1 1 0 
1 1 0 
2 3 2261 2262 0 
1 1 0 
1 1 0 
1 1 0 
2 3 2265 2266 0 
2 3 2264 2267 0 
2 3 2263 2268 0 
1 1 0 
1 1 0 
1 1 0 
1 1 0 
2 3 2272 2273 0 
2 3 2271 2274 0 
1 1 0 
2 3 2275 2276 0 
1 1 0 
1 1 0 
2 3 2278 2279 0 
1 1 0 
1 1 0 
1 1 0 
1 1 0 
2 3 2283 2284 0 
1 1 0 
2 3 2285 2286 0 
2 3 2282 2287 0 
1 1 0 
1 1 0 
2 3 2289 2290 0 
2 3 2288 2291 0 
2 3 2281 2292 0 
2 3 2280 2293 0 
2 3 2277 2294 0 
2 3 2270 2295 0 
2 3 2269 2296 0 
1 1 0 
2 3 2297 2298 0 
3 2 0 2299 
3 2 0 2297 
3 2 0 2269 
3 2 0 2263 
3 2 0 2261 
3 2 0 2262 
3 2 0 2268 
3 2 0 2264 
3 2 0 2267 
3 2 0 2265 
3 2 0 2266 
3 2 0 2296 
3 2 0 2270 
3 2 0 2295 
3 2 0 2277 
3 2 0 2275 
3 2 0 2271 
3 2 0 2274 
3 2 0 2272 
3 2 0 2273 
3 2 0 2276 
3 2 0 2294 
3 2 0 2280 
3 2 0 2278 
3 2 0 2279 
3 2 0 2293 
3 2 0 2281 
3 2 0 2292 
3 2 0 2288 
3 2 0 2282 
3 2 0 2287 
3 2 0 2285 
3 2 0 2283 
3 2 0 2284 
3 2 0 2286 
3 2 0 2291 
3 2 0 2289 
3 2 0 2290 
3 2 0 2298 
1 1 0 
1 1 0 
1 1 0 
1 1 0 
2 3 2341 2342 0 
1 1 0 
1 1 0 
1 1 0 
2 3 2345 2346 0 
1 1 0 
1 1 0 
1 1 0 
1 1 0 
2 3 2350 2351 0 
2 3 2349 2352 0 
2 3 2348 2353 0 
1 1 0 
1 1 0 
1 1 0 
1 1 0 
2 3 2357 2358 0 
1 1 0 
2 3 2359 2360 0 
2 3 2356 2361 0 
2 3 2355 2362 0 
1 1 0 
1 1 0 
1 1 0 
2 3 2365 2366 0 
2 3 2364 2367 0 
2 3 2363 2368 0 
2 3 2354 2369 0 
2 3 2347 2370 0 
2 3 2344 2371 0 
2 3 2343 2372 0 
2 3 2340 2373 0 
1 1 0 
2 3 2374 2375 0 
2 3 2339 2376 0 
3 2 0 2377 
3 2 0 2339 
3 2 0 2376 
3 2 0 2374 
3 2 0 2340 
3 2 0 2373 
3 2 0 2343 
3 2 0 2341 
3 2 0 2342 
3 2 0 2372 
3 2 0 2344 
3 2 0 2371 
3 2 0 2347 
3 2 0 2345 
3 2 0 2346 
3 2 0 2370 
3 2 0 2354 
3 2 0 2348 
3 2 0 2353 
3 2 0 2349 
3 2 0 2352 
3 2 0 2350 
3 2 0 2351 
3 2 0 2369 
3 2 0 2363 
3 2 0 2355 
3 2 0 2362 
3 2 0 2356 
3 2 0 2361 
3 2 0 2359 
3 2 0 2357 
3 2 0 2358 
3 2 0 2360 
3 2 0 2368 
3 2 0 2364 
3 2 0 2367 
3 2 0 2365 
3 2 0 2366 
3 2 0 2375 
1 1 0 
1 1 0 
1 1 0 
2 3 2418 2419 0 
1 1 0 
1 1 0 
1 1 0 
1 1 0 
1 1 0 
1 1 0 
1 1 0 
1 1 0 
1 1 0 
2 3 2428 2429 0 
1 1 0 
1 1 0 
1 1 0 
1 1 0 
1 1 0 
1 1 0 
1 1 0 
1 1 0 
1 1 0 
1 1 0 
2 3 2439 2440 0 
2 3 2438 2441 0 
1 1 0 
2 3 2442 2443 0 
2 3 2437 2444 0 
2 3 2436 2445 0 
2 3 2435 2446 0 
1 1 0 
1 1 0 
1 1 0 
1 1 0 
2 3 2450 2451 0 
1 1 0 
1 1 0 
2 3 2453 2454 0 
2 3 2452 2455 0 
2 3 2449 2456 0 
2 3 2448 2457 0 
2 3 2447 2458 0 
2 3 2434 2459 0 
2 3 2433 2460 0 
2 3 2432 2461 0 
2 3 2431 2462 0 
2 3 2430 2463 0 
2 3 2427 2464 0 
2 3 2426 2465 0 
2 3 2425 2466 0 
2 3 2424 2467 0 
2 3 2423 2468 0 
2 3 2422 2469 0 
1 1 0 
2 3 2470 2471 0 
2 3 2421 2472 0 
2 3 2420 2473 0 
2 3 2417 2474 0 
3 2 0 2475 
3 2 0 2417 
3 2 0 2474 
3 2 0 2420 
3 2 0 2418 
3 2 0 2419 
3 2 0 2473 
3 2 0 2421 
3 2 0 2472 
3 2 0 2470 
3 2 0 2422 
3 2 0 2469 
3 2 0 2423 
3 2 0 2468 
3 2 0 2424 
3 2 0 2467 
3 2 0 2425 
3 2 0 2466 
3 2 0 2426 
3 2 0 2465 
3 2 0 2427 
3 2 0 2464 
3 2 0 2430 
3 2 0 2428 
3 2 0 2429 
3 2 0 2463 
3 2 0 2431 
3 2 0 2462 
3 2 0 2432 
3 2 0 2461 
3 2 0 2433 
3 2 0 2460 
3 2 0 2434 
3 2 0 2459 
3 2 0 2447 
3 2 0 2435 
3 2 0 2446 
3 2 0 2436 
3 2 0 2445 
3 2 0 2437 
3 2 0 2444 
3 2 0 2442 
3 2 0 2438 
3 2 0 2441 
3 2 0 2439 
3 2 0 2440 
3 2 0 2443 
3 2 0 2458 
3 2 0 2448 
3 2 0 2457 
3 2 0 2449 
3 2 0 2456 
3 2 0 2452 
3 2 0 2450 
3 2 0 2451 
3 2 0 2455 
3 2 0 2453 
3 2 0 2454 
3 2 0 2471 
1 1 0 
1 1 0 
2 3 2535 2536 0 
1 1 0 
1 1 0 
1 1 0 
1 1 0 
1 1 0 
1 1 0 
1 1 0 
2 3 2543 2544 0 
2 3 2542 2545 0 
2 3 2541 2546 0 
2 3 2540 2547 0 
2 3 2539 2548 0 
2 3 2538 2549 0 
1 1 0 
2 3 2550 2551 0 
1 1 0 
1 1 0 
1 1 0 
1 1 0 
1 1 0 
1 1 0 
2 3 2557 2558 0 
1 1 0 
1 1 0 
1 1 0 
2 3 2561 2562 0 
2 3 2560 2563 0 
2 3 2559 2564 0 
2 3 2556 2565 0 
2 3 2555 2566 0 
2 3 2554 2567 0 
2 3 2553 2568 0 
2 3 2552 2569 0 
1 1 0 
2 3 2570 2571 0 
2 3 2537 2572 0 
3 2 0 2573 
3 2 0 2537 
3 2 0 2535 
3 2 0 2536 
3 2 0 2572 
3 2 0 2570 
3 2 0 2552 
3 2 0 2550 
3 2 0 2538 
3 2 0 2549 
3 2 0 2539 
3 2 0 2548 
3 2 0 2540 
3 2 0 2547 
3 2 0 2541 
3 2 0 2546 
3 2 0 2542 
3 2 0 2545 
3 2 0 2543 
3 2 0 2544 
3 2 0 2551 
3 2 0 2569 
3 2 0 2553 
3 2 0 2568 
3 2 0 2554 
3 2 0 2567 
3 2 0 2555 
3 2 0 2566 
3 2 0 2556 
3 2 0 2565 
3 2 0 2559 
3 2 0 2557 
3 2 0 2558 
3 2 0 2564 
3 2 0 2560 
3 2 0 2563 
3 2 0 2561 
3 2 0 2562 
3 2 0 2571 
1 1 0 
1 1 0 
1 1 0 
2 3 2614 2615 0 
2 3 2613 2616 0 
1 1 0 
1 1 0 
1 1 0 
1 1 0 
2 3 2620 2621 0 
2 3 2619 2622 0 
1 1 0 
1 1 0 
2 3 2624 2625 0 
2 3 2623 2626 0 
1 1 0 
1 1 0 
1 1 0 
2 3 2629 2630 0 
2 3 2628 2631 0 
2 3 2627 2632 0 
1 1 0 
2 3 2633 2634 0 
1 1 0 
1 1 0 
2 3 2636 2637 0 
1 1 0 
1 1 0 
2 3 2639 2640 0 
2 3 2638 2641 0 
1 1 0 
2 3 2642 2643 0 
1 1 0 
1 1 0 
1 1 0 
2 3 2646 2647 0 
1 1 0 
1 1 0 
1 1 0 
2 3 2650 2651 0 
1 1 0 
1 1 0 
1 1 0 
1 1 0 
2 3 2655 2656 0 
2 3 2654 2657 0 
2 3 2653 2658 0 
2 3 2652 2659 0 
2 3 2649 2660 0 
2 3 2648 2661 0 
2 3 2645 2662 0 
2 3 2644 2663 0 
2 3 2635 2664 0 
2 3 2618 2665 0 
2 3 2617 2666 0 
3 2 0 2667 
3 2 0 2617 
3 2 0 2613 
3 2 0 2616 
3 2 0 2614 
3 2 0 2615 
3 2 0 2666 
3 2 0 2618 
3 2 0 2665 
3 2 0 2635 
3 2 0 2633 
3 2 0 2627 
3 2 0 2623 
3 2 0 2619 
3 2 0 2622 
3 2 0 2620 
3 2 0 2621 
3 2 0 2626 
3 2 0 2624 
3 2 0 2625 
3 2 0 2632 
3 2 0 2628 
3 2 0 2631 
3 2 0 2629 
3 2 0 2630 
3 2 0 2634 
3 2 0 2664 
3 2 0 2644 
3 2 0 2642 
3 2 0 2638 
3 2 0 2636 
3 2 0 2637 
3 2 0 2641 
3 2 0 2639 
3 2 0 2640 
3 2 0 2643 
3 2 0 2663 
3 2 0 2645 
3 2 0 2662 
3 2 0 2648 
3 2 0 2646 
3 2 0 2647 
3 2 0 2661 
3 2 0 2649 
3 2 0 2660 
3 2 0 2652 
3 2 0 2650 
3 2 0 2651 
3 2 0 2659 
3 2 0 2653 
3 2 0 2658 
3 2 0 2654 
3 2 0 2657 
3 2 0 2655 
3 2 0 2656 
1 1 0 
1 1 0 
1 1 0 
2 3 2724 2725 0 
1 1 0 
1 1 0 
1 1 0 
2 3 2728 2729 0 
2 3 2727 2730 0 
2 3 2726 2731 0 
1 1 0 
2 3 2732 2733 0 
1 1 0 
1 1 0 
1 1 0 
1 1 0 
2 3 2737 2738 0 
1 1 0 
1 1 0 
1 1 0 
1 1 0 
1 1 0 
1 1 0 
1 1 0 
2 3 2745 2746 0 
2 3 2744 2747 0 
2 3 2743 2748 0 
2 3 2742 2749 0 
2 3 2741 2750 0 
1 1 0 
1 1 0 
1 1 0 
2 3 2753 2754 0 
2 3 2752 2755 0 
2 3 2751 2756 0 
2 3 2740 2757 0 
2 3 2739 2758 0 
2 3 2736 2759 0 
2 3 2735 2760 0 
2 3 2734 2761 0 
1 1 0 
2 3 2762 2763 0 
2 3 2723 2764 0 
3 2 0 2765 
3 2 0 2723 
3 2 0 2764 
3 2 0 2762 
3 2 0 2734 
3 2 0 2732 
3 2 0 2726 
3 2 0 2724 
3 2 0 2725 
3 2 0 2731 
3 2 0 2727 
3 2 0 2730 
3 2 0 2728 
3 2 0 2729 
3 2 0 2733 
3 2 0 2761 
3 2 0 2735 
3 2 0 2760 
3 2 0 2736 
3 2 0 2759 
3 2 0 2739 
3 2 0 2737 
3 2 0 2738 
3 2 0 2758 
3 2 0 2740 
3 2 0 2757 
3 2 0 2751 
3 2 0 2741 
3 2 0 2750 
3 2 0 2742 
3 2 0 2749 
3 2 0 2743 
3 2 0 2748 
3 2 0 2744 
3 2 0 2747 
3 2 0 2745 
3 2 0 2746 
3 2 0 2756 
3 2 0 2752 
3 2 0 2755 
3 2 0 2753 
3 2 0 2754 
3 2 0 2763 
1 1 0 
1 1 0 
1 1 0 
1 1 0 
1 1 0 
2 3 2812 2813 0 
1 1 0 
2 3 2814 2815 0 
1 1 0 
1 1 0 
2 3 2817 2818 0 
2 3 2816 2819 0 
1 1 0 
2 3 2820 2821 0 
1 1 0 
2 3 2822 2823 0 
1 1 0 
2 3 2824 2825 0 
2 3 2811 2826 0 
1 1 0 
2 3 2827 2828 0 
1 1 0 
1 1 0 
2 3 2830 2831 0 
1 1 0 
2 3 2832 2833 0 
1 1 0 
1 1 0 
2 3 2835 2836 0 
1 1 0 
2 3 2837 2838 0 
2 3 2834 2839 0 
1 1 0 
1 1 0 
1 1 0 
1 1 0 
2 3 2843 2844 0 
2 3 2842 2845 0 
2 3 2841 2846 0 
2 3 2840 2847 0 
2 3 2829 2848 0 
2 3 2810 2849 0 
2 3 2809 2850 0 
1 1 0 
1 1 0 
2 3 2852 2853 0 
2 3 2851 2854 0 
3 2 0 2855 
3 2 0 2851 
3 2 0 2809 
3 2 0 2850 
3 2 0 2810 
3 2 0 2849 
3 2 0 2829 
3 2 0 2827 
3 2 0 2811 
3 2 0 2826 
3 2 0 2824 
3 2 0 2822 
3 2 0 2820 
3 2 0 2816 
3 2 0 2814 
3 2 0 2812 
3 2 0 2813 
3 2 0 2815 
3 2 0 2819 
3 2 0 2817 
3 2 0 2818 
3 2 0 2821 
3 2 0 2823 
3 2 0 2825 
3 2 0 2828 
3 2 0 2848 
3 2 0 2840 
3 2 0 2834 
3 2 0 2832 
3 2 0 2830 
3 2 0 2831 
3 2 0 2833 
3 2 0 2839 
3 2 0 2837 
3 2 0 2835 
3 2 0 2836 
3 2 0 2838 
3 2 0 2847 
3 2 0 2841 
3 2 0 2846 
3 2 0 2842 
3 2 0 2845 
3 2 0 2843 
3 2 0 2844 
3 2 0 2854 
3 2 0 2852 
3 2 0 2853 
1 1 0 
1 1 0 
1 1 0 
1 1 0 
1 1 0 
2 3 2906 2907 0 
2 3 2905 2908 0 
1 1 0 
1 1 0 
1 1 0 
1 1 0 
2 3 2912 2913 0 
1 1 0 
1 1 0 
2 3 2915 2916 0 
1 1 0 
2 3 2917 2918 0 
2 3 2914 2919 0 
2 3 2911 2920 0 
2 3 2910 2921 0 
2 3 2909 2922 0 
2 3 2904 2923 0 
1 1 0 
2 3 2924 2925 0 
2 3 2903 2926 0 
3 2 0 2927 
3 2 0 2903 
3 2 0 2926 
3 2 0 2924 
3 2 0 2904 
3 2 0 2923 
3 2 0 2909 
3 2 0 2905 
3 2 0 2908 
3 2 0 2906 
3 2 0 2907 
3 2 0 2922 
3 2 0 2910 
3 2 0 2921 
3 2 0 2911 
3 2 0 2920 
3 2 0 2914 
3 2 0 2912 
3 2 0 2913 
3 2 0 2919 
3 2 0 2917 
3 2 0 2915 
3 2 0 2916 
3 2 0 2918 
3 2 0 2925 
1 1 0 
1 1 0 
1 1 0 
2 3 2954 2955 0 
1 1 0 
2 3 2956 2957 0 
1 1 0 
1 1 0 
2 3 2959 2960 0 
1 1 0 
1 1 0 
1 1 0 
1 1 0 
2 3 2964 2965 0 
2 3 2963 2966 0 
2 3 2962 2967 0 
2 3 2961 2968 0 
2 3 2958 2969 0 
2 3 2953 2970 0 
1 1 0 
1 1 0 
1 1 0 
1 1 0 
1 1 0 
1 1 0 
1 1 0 
1 1 0 
2 3 2978 2979 0 
2 3 2977 2980 0 
1 1 0 
1 1 0 
1 1 0 
2 3 2983 2984 0 
1 1 0 
1 1 0 
1 1 0 
2 3 2987 2988 0 
2 3 2986 2989 0 
2 3 2985 2990 0 
2 3 2982 2991 0 
2 3 2981 2992 0 
2 3 2976 2993 0 
2 3 2975 2994 0 
2 3 2974 2995 0 
1 1 0 
2 3 2996 2997 0 
2 3 2973 2998 0 
2 3 2972 2999 0 
2 3 2971 3000 0 
3 2 0 3001 
3 2 0 2971 
3 2 0 2953 
3 2 0 2970 
3 2 0 2958 
3 2 0 2956 
3 2 0 2954 
3 2 0 2955 
3 2 0 2957 
3 2 0 2969 
3 2 0 2961 
3 2 0 2959 
3 2 0 2960 
3 2 0 2968 
3 2 0 2962 
3 2 0 2967 
3 2 0 2963 
3 2 0 2966 
3 2 0 2964 
3 2 0 2965 
3 2 0 3000 
3 2 0 2972 
3 2 0 2999 
3 2 0 2973 
3 2 0 2998 
3 2 0 2996 
3 2 0 2974 
3 2 0 2995 
3 2 0 2975 
3 2 0 2994 
3 2 0 2976 
3 2 0 2993 
3 2 0 2981 
3 2 0 2977 
3 2 0 2980 
3 2 0 2978 
3 2 0 2979 
3 2 0 2992 
3 2 0 2982 
3 2 0 2991 
3 2 0 2985 
3 2 0 2983 
3 2 0 2984 
3 2 0 2990 
3 2 0 2986 
3 2 0 2989 
3 2 0 2987 
3 2 0 2988 
3 2 0 2997 
1 1 0 
1 1 0 
1 1 0 
1 1 0 
2 3 3053 3054 0 
1 1 0 
1 1 0 
1 1 0 
2 3 3057 3058 0 
2 3 3056 3059 0 
2 3 3055 3060 0 
1 1 0 
2 3 3061 3062 0 
2 3 3052 3063 0 
2 3 3051 3064 0 
3 2 0 3065 
3 2 0 3051 
3 2 0 3064 
3 2 0 3052 
3 2 0 3063 
3 2 0 3061 
3 2 0 3055 
3 2 0 3053 
3 2 0 3054 
3 2 0 3060 
3 2 0 3056 
3 2 0 3059 
3 2 0 3057 
3 2 0 3058 
3 2 0 3062 
1 1 0 
1 1 0 
1 1 0 
1 1 0 
2 3 3083 3084 0 
1 1 0 
1 1 0 
1 1 0 
2 3 3087 3088 0 
2 3 3086 3089 0 
2 3 3085 3090 0 
2 3 3082 3091 0 
1 1 0 
1 1 0 
1 1 0 
1 1 0 
1 1 0 
1 1 0 
2 3 3097 3098 0 
1 1 0 
2 3 3099 3100 0 
2 3 3096 3101 0 
2 3 3095 3102 0 
2 3 3094 3103 0 
2 3 3093 3104 0 
2 3 3092 3105 0 
1 1 0 
2 3 3106 3107 0 
2 3 3081 3108 0 
3 2 0 3109 
3 2 0 3081 
3 2 0 3108 
3 2 0 3106 
3 2 0 3092 
3 2 0 3082 
3 2 0 3091 
3 2 0 3085 
3 2 0 3083 
3 2 0 3084 
3 2 0 3090 
3 2 0 3086 
3 2 0 3089 
3 2 0 3087 
3 2 0 3088 
3 2 0 3105 
3 2 0 3093 
3 2 0 3104 
3 2 0 3094 
3 2 0 3103 
3 2 0 3095 
3 2 0 3102 
3 2 0 3096 
3 2 0 3101 
3 2 0 3099 
3 2 0 3097 
3 2 0 3098 
3 2 0 3100 
3 2 0 3107 
1 1 0 
1 1 0 
2 3 3139 3140 0 
1 1 0 
1 1 0 
1 1 0 
1 1 0 
1 1 0 
1 1 0 
2 3 3146 3147 0 
2 3 3145 3148 0 
2 3 3144 3149 0 
2 3 3143 3150 0 
2 3 3142 3151 0 
2 3 3141 3152 0 
1 1 0 
2 3 3153 3154 0 
1 1 0 
1 1 0 
1 1 0 
1 1 0 
1 1 0 
2 3 3159 3160 0 
2 3 3158 3161 0 
2 3 3157 3162 0 
1 1 0 
2 3 3163 3164 0 
1 1 0 
2 3 3165 3166 0 
1 1 0 
1 1 0 
1 1 0 
2 3 3169 3170 0 
2 3 3168 3171 0 
2 3 3167 3172 0 
1 1 0 
2 3 3173 3174 0 
1 1 0 
1 1 0 
1 1 0 
2 3 3177 3178 0 
1 1 0 
1 1 0 
2 3 3180 3181 0 
2 3 3179 3182 0 
1 1 0 
2 3 3183 3184 0 
1 1 0 
1 1 0 
1 1 0 
1 1 0 
2 3 3188 3189 0 
2 3 3187 3190 0 
1 1 0 
1 1 0 
1 1 0 
2 3 3193 3194 0 
2 3 3192 3195 0 
2 3 3191 3196 0 
2 3 3186 3197 0 
2 3 3185 3198 0 
2 3 3176 3199 0 
2 3 3175 3200 0 
2 3 3156 3201 0 
1 1 0 
2 3 3202 3203 0 
2 3 3155 3204 0 
3 2 0 3205 
3 2 0 3155 
3 2 0 3153 
3 2 0 3141 
3 2 0 3139 
3 2 0 3140 
3 2 0 3152 
3 2 0 3142 
3 2 0 3151 
3 2 0 3143 
3 2 0 3150 
3 2 0 3144 
3 2 0 3149 
3 2 0 3145 
3 2 0 3148 
3 2 0 3146 
3 2 0 3147 
3 2 0 3154 
3 2 0 3204 
3 2 0 3202 
3 2 0 3156 
3 2 0 3201 
3 2 0 3175 
3 2 0 3173 
3 2 0 3167 
3 2 0 3165 
3 2 0 3163 
3 2 0 3157 
3 2 0 3162 
3 2 0 3158 
3 2 0 3161 
3 2 0 3159 
3 2 0 3160 
3 2 0 3164 
3 2 0 3166 
3 2 0 3172 
3 2 0 3168 
3 2 0 3171 
3 2 0 3169 
3 2 0 3170 
3 2 0 3174 
3 2 0 3200 
3 2 0 3176 
3 2 0 3199 
3 2 0 3185 
3 2 0 3183 
3 2 0 3179 
3 2 0 3177 
3 2 0 3178 
3 2 0 3182 
3 2 0 3180 
3 2 0 3181 
3 2 0 3184 
3 2 0 3198 
3 2 0 3186 
3 2 0 3197 
3 2 0 3191 
3 2 0 3187 
3 2 0 3190 
3 2 0 3188 
3 2 0 3189 
3 2 0 3196 
3 2 0 3192 
3 2 0 3195 
3 2 0 3193 
3 2 0 3194 
3 2 0 3203 
1 1 0 
1 1 0 
1 1 0 
1 1 0 
2 3 3275 3276 0 
2 3 3274 3277 0 
2 3 3273 3278 0 
1 1 0 
2 3 3279 3280 0 
1 1 0 
2 3 3281 3282 0 
1 1 0 
1 1 0 
2 3 3284 3285 0 
1 1 0 
1 1 0 
1 1 0 
2 3 3288 3289 0 
2 3 3287 3290 0 
2 3 3286 3291 0 
2 3 3283 3292 0 
1 1 0 
2 3 3293 3294 0 
3 2 0 3295 
3 2 0 3293 
3 2 0 3283 
3 2 0 3281 
3 2 0 3279 
3 2 0 3273 
3 2 0 3278 
3 2 0 3274 
3 2 0 3277 
3 2 0 3275 
3 2 0 3276 
3 2 0 3280 
3 2 0 3282 
3 2 0 3292 
3 2 0 3286 
3 2 0 3284 
3 2 0 3285 
3 2 0 3291 
3 2 0 3287 
3 2 0 3290 
3 2 0 3288 
3 2 0 3289 
3 2 0 3294 
1 1 0 
1 1 0 
1 1 0 
1 1 0 
1 1 0 
2 3 3322 3323 0 
2 3 3321 3324 0 
1 1 0 
1 1 0 
2 3 3326 3327 0 
1 1 0 
1 1 0 
1 1 0 
1 1 0 
2 3 3331 3332 0 
2 3 3330 3333 0 
2 3 3329 3334 0 
1 1 0 
2 3 3335 3336 0 
2 3 3328 3337 0 
2 3 3325 3338 0 
2 3 3320 3339 0 
2 3 3319 3340 0 
3 2 0 3341 
3 2 0 3319 
3 2 0 3340 
3 2 0 3320 
3 2 0 3339 
3 2 0 3325 
3 2 0 3321 
3 2 0 3324 
3 2 0 3322 
3 2 0 3323 
3 2 0 3338 
3 2 0 3328 
3 2 0 3326 
3 2 0 3327 
3 2 0 3337 
3 2 0 3335 
3 2 0 3329 
3 2 0 3334 
3 2 0 3330 
3 2 0 3333 
3 2 0 3331 
3 2 0 3332 
3 2 0 3336 
1 1 0 
1 1 0 
1 1 0 
1 1 0 
1 1 0 
1 1 0 
2 3 3369 3370 0 
2 3 3368 3371 0 
1 1 0 
1 1 0 
1 1 0 
1 1 0 
2 3 3375 3376 0 
2 3 3374 3377 0 
2 3 3373 3378 0 
2 3 3372 3379 0 
1 1 0 
1 1 0 
1 1 0 
1 1 0 
1 1 0 
2 3 3384 3385 0 
2 3 3383 3386 0 
2 3 3382 3387 0 
1 1 0 
2 3 3388 3389 0 
1 1 0 
1 1 0 
1 1 0 
1 1 0 
2 3 3393 3394 0 
1 1 0 
2 3 3395 3396 0 
2 3 3392 3397 0 
2 3 3391 3398 0 
2 3 3390 3399 0 
2 3 3381 3400 0 
2 3 3380 3401 0 
2 3 3367 3402 0 
2 3 3366 3403 0 
2 3 3365 3404 0 
1 1 0 
2 3 3405 3406 0 
1 1 0 
2 3 3407 3408 0 
1 1 0 
1 1 0 
1 1 0 
2 3 3411 3412 0 
1 1 0 
1 1 0 
1 1 0 
1 1 0 
1 1 0 
1 1 0 
1 1 0 
1 1 0 
1 1 0 
2 3 3421 3422 0 
2 3 3420 3423 0 
2 3 3419 3424 0 
2 3 3418 3425 0 
2 3 3417 3426 0 
2 3 3416 3427 0 
2 3 3415 3428 0 
2 3 3414 3429 0 
2 3 3413 3430 0 
2 3 3410 3431 0 
2 3 3409 3432 0 
1 1 0 
2 3 3433 3434 0 
3 2 0 3435 
3 2 0 3433 
3 2 0 3409 
3 2 0 3407 
3 2 0 3405 
3 2 0 3365 
3 2 0 3404 
3 2 0 3366 
3 2 0 3403 
3 2 0 3367 
3 2 0 3402 
3 2 0 3380 
3 2 0 3372 
3 2 0 3368 
3 2 0 3371 
3 2 0 3369 
3 2 0 3370 
3 2 0 3379 
3 2 0 3373 
3 2 0 3378 
3 2 0 3374 
3 2 0 3377 
3 2 0 3375 
3 2 0 3376 
3 2 0 3401 
3 2 0 3381 
3 2 0 3400 
3 2 0 3390 
3 2 0 3388 
3 2 0 3382 
3 2 0 3387 
3 2 0 3383 
3 2 0 3386 
3 2 0 3384 
3 2 0 3385 
3 2 0 3389 
3 2 0 3399 
3 2 0 3391 
3 2 0 3398 
3 2 0 3392 
3 2 0 3397 
3 2 0 3395 
3 2 0 3393 
3 2 0 3394 
3 2 0 3396 
3 2 0 3406 
3 2 0 3408 
3 2 0 3432 
3 2 0 3410 
3 2 0 3431 
3 2 0 3413 
3 2 0 3411 
3 2 0 3412 
3 2 0 3430 
3 2 0 3414 
3 2 0 3429 
3 2 0 3415 
3 2 0 3428 
3 2 0 3416 
3 2 0 3427 
3 2 0 3417 
3 2 0 3426 
3 2 0 3418 
3 2 0 3425 
3 2 0 3419 
3 2 0 3424 
3 2 0 3420 
3 2 0 3423 
3 2 0 3421 
3 2 0 3422 
3 2 0 3434 
1 1 0 
1 1 0 
2 3 3507 3508 0 
1 1 0 
1 1 0 
1 1 0 
2 3 3511 3512 0 
1 1 0 
2 3 3513 3514 0 
2 3 3510 3515 0 
2 3 3509 3516 0 
1 1 0 
1 1 0 
1 1 0 
1 1 0 
1 1 0 
1 1 0 
2 3 3522 3523 0 
2 3 3521 3524 0 
2 3 3520 3525 0 
2 3 3519 3526 0 
1 1 0 
1 1 0 
2 3 3528 3529 0 
2 3 3527 3530 0 
1 1 0 
2 3 3531 3532 0 
2 3 3518 3533 0 
2 3 3517 3534 0 
1 1 0 
2 3 3535 3536 0 
1 1 0 
1 1 0 
1 1 0 
2 3 3539 3540 0 
2 3 3538 3541 0 
1 1 0 
1 1 0 
2 3 3543 3544 0 
2 3 3542 3545 0 
2 3 3537 3546 0 
1 1 0 
2 3 3547 3548 0 
3 2 0 3549 
3 2 0 3547 
3 2 0 3537 
3 2 0 3535 
3 2 0 3517 
3 2 0 3509 
3 2 0 3507 
3 2 0 3508 
3 2 0 3516 
3 2 0 3510 
3 2 0 3515 
3 2 0 3513 
3 2 0 3511 
3 2 0 3512 
3 2 0 3514 
3 2 0 3534 
3 2 0 3518 
3 2 0 3533 
3 2 0 3531 
3 2 0 3527 
3 2 0 3519 
3 2 0 3526 
3 2 0 3520 
3 2 0 3525 
3 2 0 3521 
3 2 0 3524 
3 2 0 3522 
3 2 0 3523 
3 2 0 3530 
3 2 0 3528 
3 2 0 3529 
3 2 0 3532 
3 2 0 3536 
3 2 0 3546 
3 2 0 3542 
3 2 0 3538 
3 2 0 3541 
3 2 0 3539 
3 2 0 3540 
3 2 0 3545 
3 2 0 3543 
3 2 0 3544 
3 2 0 3548 
1 1 0 
1 1 0 
1 1 0 
2 3 3594 3595 0 
2 3 3593 3596 0 
1 1 0 
1 1 0 
1 1 0 
1 1 0 
1 1 0 
1 1 0 
1 1 0 
1 1 0 
2 3 3604 3605 0 
2 3 3603 3606 0 
2 3 3602 3607 0 
2 3 3601 3608 0 
2 3 3600 3609 0 
2 3 3599 3610 0 
1 1 0 
2 3 3611 3612 0 
2 3 3598 3613 0 
2 3 3597 3614 0 
1 1 0 
1 1 0 
1 1 0 
1 1 0 
1 1 0 
2 3 3619 3620 0 
1 1 0 
2 3 3621 3622 0 
2 3 3618 3623 0 
2 3 3617 3624 0 
1 1 0 
2 3 3625 3626 0 
2 3 3616 3627 0 
2 3 3615 3628 0 
3 2 0 3629 
3 2 0 3615 
3 2 0 3597 
3 2 0 3593 
3 2 0 3596 
3 2 0 3594 
3 2 0 3595 
3 2 0 3614 
3 2 0 3598 
3 2 0 3613 
3 2 0 3611 
3 2 0 3599 
3 2 0 3610 
3 2 0 3600 
3 2 0 3609 
3 2 0 3601 
3 2 0 3608 
3 2 0 3602 
3 2 0 3607 
3 2 0 3603 
3 2 0 3606 
3 2 0 3604 
3 2 0 3605 
3 2 0 3612 
3 2 0 3628 
3 2 0 3616 
3 2 0 3627 
3 2 0 3625 
3 2 0 3617 
3 2 0 3624 
3 2 0 3618 
3 2 0 3623 
3 2 0 3621 
3 2 0 3619 
3 2 0 3620 
3 2 0 3622 
3 2 0 3626 
1 1 0 
1 1 0 
1 1 0 
1 1 0 
1 1 0 
1 1 0 
1 1 0 
1 1 0 
1 1 0 
1 1 0 
2 3 3675 3676 0 
2 3 3674 3677 0 
2 3 3673 3678 0 
2 3 3672 3679 0 
1 1 0 
2 3 3680 3681 0 
1 1 0 
1 1 0 
2 3 3683 3684 0 
2 3 3682 3685 0 
2 3 3671 3686 0 
2 3 3670 3687 0 
2 3 3669 3688 0 
2 3 3668 3689 0 
1 1 0 
2 3 3690 3691 0 
2 3 3667 3692 0 
3 2 0 3693 
3 2 0 3667 
3 2 0 3692 
3 2 0 3690 
3 2 0 3668 
3 2 0 3689 
3 2 0 3669 
3 2 0 3688 
3 2 0 3670 
3 2 0 3687 
3 2 0 3671 
3 2 0 3686 
3 2 0 3682 
3 2 0 3680 
3 2 0 3672 
3 2 0 3679 
3 2 0 3673 
3 2 0 3678 
3 2 0 3674 
3 2 0 3677 
3 2 0 3675 
3 2 0 3676 
3 2 0 3681 
3 2 0 3685 
3 2 0 3683 
3 2 0 3684 
3 2 0 3691 
1 1 0 
1 1 0 
2 3 3721 3722 0 
1 1 0 
1 1 0 
1 1 0 
2 3 3725 3726 0 
2 3 3724 3727 0 
2 3 3723 3728 0 
1 1 0 
2 3 3729 3730 0 
1 1 0 
2 3 3731 3732 0 
1 1 0 
1 1 0 
1 1 0 
2 3 3735 3736 0 
1 1 0 
1 1 0 
1 1 0 
2 3 3739 3740 0 
2 3 3738 3741 0 
2 3 3737 3742 0 
2 3 3734 3743 0 
1 1 0 
1 1 0 
1 1 0 
1 1 0 
1 1 0 
1 1 0 
2 3 3749 3750 0 
1 1 0 
1 1 0 
1 1 0 
2 3 3753 3754 0 
2 3 3752 3755 0 
2 3 3751 3756 0 
2 3 3748 3757 0 
2 3 3747 3758 0 
2 3 3746 3759 0 
2 3 3745 3760 0 
2 3 3744 3761 0 
2 3 3733 3762 0 
1 1 0 
2 3 3763 3764 0 
3 2 0 3765 
3 2 0 3763 
3 2 0 3733 
3 2 0 3731 
3 2 0 3729 
3 2 0 3723 
3 2 0 3721 
3 2 0 3722 
3 2 0 3728 
3 2 0 3724 
3 2 0 3727 
3 2 0 3725 
3 2 0 3726 
3 2 0 3730 
3 2 0 3732 
3 2 0 3762 
3 2 0 3744 
3 2 0 3734 
3 2 0 3743 
3 2 0 3737 
3 2 0 3735 
3 2 0 3736 
3 2 0 3742 
3 2 0 3738 
3 2 0 3741 
3 2 0 3739 
3 2 0 3740 
3 2 0 3761 
3 2 0 3745 
3 2 0 3760 
3 2 0 3746 
3 2 0 3759 
3 2 0 3747 
3 2 0 3758 
3 2 0 3748 
3 2 0 3757 
3 2 0 3751 
3 2 0 3749 
3 2 0 3750 
3 2 0 3756 
3 2 0 3752 
3 2 0 3755 
3 2 0 3753 
3 2 0 3754 
3 2 0 3764 
1 1 0 
1 1 0 
2 3 3811 3812 0 
1 1 0 
2 3 3813 3814 0 
1 1 0 
1 1 0 
2 3 3816 3817 0 
1 1 0 
1 1 0 
1 1 0 
2 3 3820 3821 0 
2 3 3819 3822 0 
2 3 3818 3823 0 
2 3 3815 3824 0 
1 1 0 
2 3 3825 3826 0 
1 1 0 
1 1 0 
2 3 3828 3829 0 
1 1 0 
1 1 0 
1 1 0 
2 3 3832 3833 0 
2 3 3831 3834 0 
1 1 0 
2 3 3835 3836 0 
1 1 0 
1 1 0 
1 1 0 
1 1 0 
1 1 0 
2 3 3841 3842 0 
2 3 3840 3843 0 
2 3 3839 3844 0 
2 3 3838 3845 0 
2 3 3837 3846 0 
2 3 3830 3847 0 
1 1 0 
1 1 0 
1 1 0 
2 3 3850 3851 0 
1 1 0 
1 1 0 
1 1 0 
1 1 0 
1 1 0 
2 3 3856 3857 0 
2 3 3855 3858 0 
2 3 3854 3859 0 
2 3 3853 3860 0 
2 3 3852 3861 0 
2 3 3849 3862 0 
2 3 3848 3863 0 
1 1 0 
2 3 3864 3865 0 
2 3 3827 3866 0 
3 2 0 3867 
3 2 0 3827 
3 2 0 3825 
3 2 0 3815 
3 2 0 3813 
3 2 0 3811 
3 2 0 3812 
3 2 0 3814 
3 2 0 3824 
3 2 0 3818 
3 2 0 3816 
3 2 0 3817 
3 2 0 3823 
3 2 0 3819 
3 2 0 3822 
3 2 0 3820 
3 2 0 3821 
3 2 0 3826 
3 2 0 3866 
3 2 0 3864 
3 2 0 3848 
3 2 0 3830 
3 2 0 3828 
3 2 0 3829 
3 2 0 3847 
3 2 0 3837 
3 2 0 3835 
3 2 0 3831 
3 2 0 3834 
3 2 0 3832 
3 2 0 3833 
3 2 0 3836 
3 2 0 3846 
3 2 0 3838 
3 2 0 3845 
3 2 0 3839 
3 2 0 3844 
3 2 0 3840 
3 2 0 3843 
3 2 0 3841 
3 2 0 3842 
3 2 0 3863 
3 2 0 3849 
3 2 0 3862 
3 2 0 3852 
3 2 0 3850 
3 2 0 3851 
3 2 0 3861 
3 2 0 3853 
3 2 0 3860 
3 2 0 3854 
3 2 0 3859 
3 2 0 3855 
3 2 0 3858 
3 2 0 3856 
3 2 0 3857 
3 2 0 3865 
1 1 0 
1 1 0 
1 1 0 
2 3 3926 3927 0 
2 3 3925 3928 0 
1 1 0 
2 3 3929 3930 0 
1 1 0 
1 1 0 
1 1 0 
1 1 0 
1 1 0 
2 3 3935 3936 0 
2 3 3934 3937 0 
2 3 3933 3938 0 
1 1 0 
1 1 0 
1 1 0 
2 3 3941 3942 0 
1 1 0 
1 1 0 
1 1 0 
2 3 3945 3946 0 
2 3 3944 3947 0 
2 3 3943 3948 0 
2 3 3940 3949 0 
2 3 3939 3950 0 
2 3 3932 3951 0 
2 3 3931 3952 0 
1 1 0 
1 1 0 
2 3 3954 3955 0 
1 1 0 
2 3 3956 3957 0 
1 1 0 
1 1 0 
1 1 0 
1 1 0 
1 1 0 
2 3 3962 3963 0 
2 3 3961 3964 0 
1 1 0 
1 1 0 
2 3 3966 3967 0 
2 3 3965 3968 0 
2 3 3960 3969 0 
2 3 3959 3970 0 
2 3 3958 3971 0 
1 1 0 
2 3 3972 3973 0 
2 3 3953 3974 0 
3 2 0 3975 
3 2 0 3953 
3 2 0 3931 
3 2 0 3929 
3 2 0 3925 
3 2 0 3928 
3 2 0 3926 
3 2 0 3927 
3 2 0 3930 
3 2 0 3952 
3 2 0 3932 
3 2 0 3951 
3 2 0 3939 
3 2 0 3933 
3 2 0 3938 
3 2 0 3934 
3 2 0 3937 
3 2 0 3935 
3 2 0 3936 
3 2 0 3950 
3 2 0 3940 
3 2 0 3949 
3 2 0 3943 
3 2 0 3941 
3 2 0 3942 
3 2 0 3948 
3 2 0 3944 
3 2 0 3947 
3 2 0 3945 
3 2 0 3946 
3 2 0 3974 
3 2 0 3972 
3 2 0 3958 
3 2 0 3956 
3 2 0 3954 
3 2 0 3955 
3 2 0 3957 
3 2 0 3971 
3 2 0 3959 
3 2 0 3970 
3 2 0 3960 
3 2 0 3969 
3 2 0 3965 
3 2 0 3961 
3 2 0 3964 
3 2 0 3962 
3 2 0 3963 
3 2 0 3968 
3 2 0 3966 
3 2 0 3967 
3 2 0 3973 
1 1 0 
1 1 0 
1 1 0 
2 3 4028 4029 0 
1 1 0 
2 3 4030 4031 0 
2 3 4027 4032 0 
1 1 0 
1 1 0 
1 1 0 
2 3 4035 4036 0 
1 1 0 
1 1 0 
1 1 0 
2 3 4039 4040 0 
2 3 4038 4041 0 
2 3 4037 4042 0 
2 3 4034 4043 0 
2 3 4033 4044 0 
1 1 0 
2 3 4045 4046 0 
3 2 0 4047 
3 2 0 4045 
3 2 0 4033 
3 2 0 4027 
3 2 0 4032 
3 2 0 4030 
3 2 0 4028 
3 2 0 4029 
3 2 0 4031 
3 2 0 4044 
3 2 0 4034 
3 2 0 4043 
3 2 0 4037 
3 2 0 4035 
3 2 0 4036 
3 2 0 4042 
3 2 0 4038 
3 2 0 4041 
3 2 0 4039 
3 2 0 4040 
3 2 0 4046 
1 1 0 
1 1 0 
1 1 0 
2 3 4070 4071 0 
2 3 4069 4072 0 
1 1 0 
1 1 0 
1 1 0 
1 1 0 
2 3 4076 4077 0 
2 3 4075 4078 0 
2 3 4074 4079 0 
2 3 4073 4080 0 
1 1 0 
1 1 0 
1 1 0 
2 3 4083 4084 0 
1 1 0 
1 1 0 
1 1 0 
2 3 4087 4088 0 
2 3 4086 4089 0 
2 3 4085 4090 0 
2 3 4082 4091 0 
2 3 4081 4092 0 
1 1 0 
2 3 4093 4094 0 
3 2 0 4095 
3 2 0 4093 
3 2 0 4081 
3 2 0 4073 
3 2 0 4069 
3 2 0 4072 
3 2 0 4070 
3 2 0 4071 
3 2 0 4080 
3 2 0 4074 
3 2 0 4079 
3 2 0 4075 
3 2 0 4078 
3 2 0 4076 
3 2 0 4077 
3 2 0 4092 
3 2 0 4082 
3 2 0 4091 
3 2 0 4085 
3 2 0 4083 
3 2 0 4084 
3 2 0 4090 
3 2 0 4086 
3 2 0 4089 
3 2 0 4087 
3 2 0 4088 
3 2 0 4094 
1 1 0 
1 1 0 
1 1 0 
1 1 0 
2 3 4125 4126 0 
2 3 4124 4127 0 
2 3 4123 4128 0 
1 1 0 
1 1 0 
1 1 0 
2 3 4131 4132 0 
2 3 4130 4133 0 
2 3 4129 4134 0 
1 1 0 
2 3 4135 4136 0 
3 2 0 4137 
3 2 0 4135 
3 2 0 4129 
3 2 0 4123 
3 2 0 4128 
3 2 0 4124 
3 2 0 4127 
3 2 0 4125 
3 2 0 4126 
3 2 0 4134 
3 2 0 4130 
3 2 0 4133 
3 2 0 4131 
3 2 0 4132 
3 2 0 4136 
1 1 0 
1 1 0 
1 1 0 
2 3 4154 4155 0 
2 3 4153 4156 0 
1 1 0 
1 1 0 
1 1 0 
2 3 4159 4160 0 
1 1 0 
2 3 4161 4162 0 
1 1 0 
1 1 0 
1 1 0 
1 1 0 
1 1 0 
2 3 4167 4168 0 
2 3 4166 4169 0 
2 3 4165 4170 0 
2 3 4164 4171 0 
2 3 4163 4172 0 
1 1 0 
2 3 4173 4174 0 
1 1 0 
2 3 4175 4176 0 
1 1 0 
2 3 4177 4178 0 
2 3 4158 4179 0 
1 1 0 
2 3 4180 4181 0 
2 3 4157 4182 0 
3 2 0 4183 
3 2 0 4157 
3 2 0 4153 
3 2 0 4156 
3 2 0 4154 
3 2 0 4155 
3 2 0 4182 
3 2 0 4180 
3 2 0 4158 
3 2 0 4179 
3 2 0 4177 
3 2 0 4175 
3 2 0 4173 
3 2 0 4163 
3 2 0 4161 
3 2 0 4159 
3 2 0 4160 
3 2 0 4162 
3 2 0 4172 
3 2 0 4164 
3 2 0 4171 
3 2 0 4165 
3 2 0 4170 
3 2 0 4166 
3 2 0 4169 
3 2 0 4167 
3 2 0 4168 
3 2 0 4174 
3 2 0 4176 
3 2 0 4178 
3 2 0 4181 
1 1 0 
1 1 0 
1 1 0 
1 1 0 
1 1 0 
2 3 4218 4219 0 
2 3 4217 4220 0 
1 1 0 
1 1 0 
1 1 0 
1 1 0 
2 3 4224 4225 0 
1 1 0 
2 3 4226 4227 0 
1 1 0 
1 1 0 
2 3 4229 4230 0 
1 1 0 
1 1 0 
1 1 0 
2 3 4233 4234 0 
2 3 4232 4235 0 
2 3 4231 4236 0 
2 3 4228 4237 0 
2 3 4223 4238 0 
2 3 4222 4239 0 
2 3 4221 4240 0 
2 3 4216 4241 0 
1 1 0 
2 3 4242 4243 0 
2 3 4215 4244 0 
3 2 0 4245 
3 2 0 4215 
3 2 0 4244 
3 2 0 4242 
3 2 0 4216 
3 2 0 4241 
3 2 0 4221 
3 2 0 4217 
3 2 0 4220 
3 2 0 4218 
3 2 0 4219 
3 2 0 4240 
3 2 0 4222 
3 2 0 4239 
3 2 0 4223 
3 2 0 4238 
3 2 0 4228 
3 2 0 4226 
3 2 0 4224 
3 2 0 4225 
3 2 0 4227 
3 2 0 4237 
3 2 0 4231 
3 2 0 4229 
3 2 0 4230 
3 2 0 4236 
3 2 0 4232 
3 2 0 4235 
3 2 0 4233 
3 2 0 4234 
3 2 0 4243 
1 1 0 
1 1 0 
1 1 0 
1 1 0 
2 3 4279 4280 0 
1 1 0 
1 1 0 
1 1 0 
1 1 0 
2 3 4284 4285 0 
1 1 0 
2 3 4286 4287 0 
2 3 4283 4288 0 
2 3 4282 4289 0 
1 1 0 
1 1 0 
1 1 0 
2 3 4292 4293 0 
1 1 0 
2 3 4294 4295 0 
2 3 4291 4296 0 
2 3 4290 4297 0 
1 1 0 
1 1 0 
1 1 0 
1 1 0 
1 1 0 
1 1 0 
2 3 4303 4304 0 
2 3 4302 4305 0 
2 3 4301 4306 0 
2 3 4300 4307 0 
2 3 4299 4308 0 
2 3 4298 4309 0 
2 3 4281 4310 0 
2 3 4278 4311 0 
2 3 4277 4312 0 
1 1 0 
2 3 4313 4314 0 
1 1 0 
2 3 4315 4316 0 
1 1 0 
1 1 0 
1 1 0 
1 1 0 
1 1 0 
1 1 0 
2 3 4322 4323 0 
2 3 4321 4324 0 
2 3 4320 4325 0 
1 1 0 
1 1 0 
1 1 0 
1 1 0 
2 3 4329 4330 0 
2 3 4328 4331 0 
1 1 0 
2 3 4332 4333 0 
1 1 0 
1 1 0 
2 3 4335 4336 0 
2 3 4334 4337 0 
1 1 0 
2 3 4338 4339 0 
1 1 0 
1 1 0 
2 3 4341 4342 0 
1 1 0 
1 1 0 
1 1 0 
2 3 4345 4346 0 
1 1 0 
2 3 4347 4348 0 
2 3 4344 4349 0 
2 3 4343 4350 0 
2 3 4340 4351 0 
2 3 4327 4352 0 
2 3 4326 4353 0 
2 3 4319 4354 0 
2 3 4318 4355 0 
2 3 4317 4356 0 
1 1 0 
2 3 4357 4358 0 
3 2 0 4359 
3 2 0 4357 
3 2 0 4317 
3 2 0 4315 
3 2 0 4313 
3 2 0 4277 
3 2 0 4312 
3 2 0 4278 
3 2 0 4311 
3 2 0 4281 
3 2 0 4279 
3 2 0 4280 
3 2 0 4310 
3 2 0 4298 
3 2 0 4290 
3 2 0 4282 
3 2 0 4289 
3 2 0 4283 
3 2 0 4288 
3 2 0 4286 
3 2 0 4284 
3 2 0 4285 
3 2 0 4287 
3 2 0 4297 
3 2 0 4291 
3 2 0 4296 
3 2 0 4294 
3 2 0 4292 
3 2 0 4293 
3 2 0 4295 
3 2 0 4309 
3 2 0 4299 
3 2 0 4308 
3 2 0 4300 
3 2 0 4307 
3 2 0 4301 
3 2 0 4306 
3 2 0 4302 
3 2 0 4305 
3 2 0 4303 
3 2 0 4304 
3 2 0 4314 
3 2 0 4316 
3 2 0 4356 
3 2 0 4318 
3 2 0 4355 
3 2 0 4319 
3 2 0 4354 
3 2 0 4326 
3 2 0 4320 
3 2 0 4325 
3 2 0 4321 
3 2 0 4324 
3 2 0 4322 
3 2 0 4323 
3 2 0 4353 
3 2 0 4327 
3 2 0 4352 
3 2 0 4340 
3 2 0 4338 
3 2 0 4334 
3 2 0 4332 
3 2 0 4328 
3 2 0 4331 
3 2 0 4329 
3 2 0 4330 
3 2 0 4333 
3 2 0 4337 
3 2 0 4335 
3 2 0 4336 
3 2 0 4339 
3 2 0 4351 
3 2 0 4343 
3 2 0 4341 
3 2 0 4342 
3 2 0 4350 
3 2 0 4344 
3 2 0 4349 
3 2 0 4347 
3 2 0 4345 
3 2 0 4346 
3 2 0 4348 
3 2 0 4358 
1 1 0 
1 1 0 
1 1 0 
2 3 4444 4445 0 
2 3 4443 4446 0 
1 1 0 
1 1 0 
1 1 0 
1 1 0 
2 3 4450 4451 0 
1 1 0 
1 1 0 
1 1 0 
2 3 4454 4455 0 
2 3 4453 4456 0 
2 3 4452 4457 0 
2 3 4449 4458 0 
1 1 0 
1 1 0 
1 1 0 
1 1 0 
1 1 0 
2 3 4463 4464 0 
2 3 4462 4465 0 
2 3 4461 4466 0 
2 3 4460 4467 0 
1 1 0 
1 1 0 
1 1 0 
1 1 0 
1 1 0 
2 3 4472 4473 0 
2 3 4471 4474 0 
1 1 0 
1 1 0 
1 1 0 
2 3 4477 4478 0 
2 3 4476 4479 0 
2 3 4475 4480 0 
2 3 4470 4481 0 
2 3 4469 4482 0 
2 3 4468 4483 0 
2 3 4459 4484 0 
1 1 0 
1 1 0 
1 1 0 
2 3 4487 4488 0 
2 3 4486 4489 0 
2 3 4485 4490 0 
2 3 4448 4491 0 
1 1 0 
2 3 4492 4493 0 
2 3 4447 4494 0 
3 2 0 4495 
3 2 0 4447 
3 2 0 4443 
3 2 0 4446 
3 2 0 4444 
3 2 0 4445 
3 2 0 4494 
3 2 0 4492 
3 2 0 4448 
3 2 0 4491 
3 2 0 4485 
3 2 0 4459 
3 2 0 4449 
3 2 0 4458 
3 2 0 4452 
3 2 0 4450 
3 2 0 4451 
3 2 0 4457 
3 2 0 4453 
3 2 0 4456 
3 2 0 4454 
3 2 0 4455 
3 2 0 4484 
3 2 0 4468 
3 2 0 4460 
3 2 0 4467 
3 2 0 4461 
3 2 0 4466 
3 2 0 4462 
3 2 0 4465 
3 2 0 4463 
3 2 0 4464 
3 2 0 4483 
3 2 0 4469 
3 2 0 4482 
3 2 0 4470 
3 2 0 4481 
3 2 0 4475 
3 2 0 4471 
3 2 0 4474 
3 2 0 4472 
3 2 0 4473 
3 2 0 4480 
3 2 0 4476 
3 2 0 4479 
3 2 0 4477 
3 2 0 4478 
3 2 0 4490 
3 2 0 4486 
3 2 0 4489 
3 2 0 4487 
3 2 0 4488 
3 2 0 4493 
1 1 0 
1 1 0 
2 3 4549 4550 0 
1 1 0 
1 1 0 
1 1 0 
1 1 0 
1 1 0 
1 1 0 
1 1 0 
1 1 0 
1 1 0 
1 1 0 
2 3 4560 4561 0 
2 3 4559 4562 0 
1 1 0 
2 3 4563 4564 0 
2 3 4558 4565 0 
2 3 4557 4566 0 
2 3 4556 4567 0 
2 3 4555 4568 0 
1 1 0 
1 1 0 
1 1 0 
1 1 0 
1 1 0 
2 3 4573 4574 0 
2 3 4572 4575 0 
2 3 4571 4576 0 
2 3 4570 4577 0 
2 3 4569 4578 0 
2 3 4554 4579 0 
2 3 4553 4580 0 
2 3 4552 4581 0 
2 3 4551 4582 0 
1 1 0 
1 1 0 
1 1 0 
2 3 4585 4586 0 
1 1 0 
2 3 4587 4588 0 
2 3 4584 4589 0 
2 3 4583 4590 0 
3 2 0 4591 
3 2 0 4583 
3 2 0 4551 
3 2 0 4549 
3 2 0 4550 
3 2 0 4582 
3 2 0 4552 
3 2 0 4581 
3 2 0 4553 
3 2 0 4580 
3 2 0 4554 
3 2 0 4579 
3 2 0 4569 
3 2 0 4555 
3 2 0 4568 
3 2 0 4556 
3 2 0 4567 
3 2 0 4557 
3 2 0 4566 
3 2 0 4558 
3 2 0 4565 
3 2 0 4563 
3 2 0 4559 
3 2 0 4562 
3 2 0 4560 
3 2 0 4561 
3 2 0 4564 
3 2 0 4578 
3 2 0 4570 
3 2 0 4577 
3 2 0 4571 
3 2 0 4576 
3 2 0 4572 
3 2 0 4575 
3 2 0 4573 
3 2 0 4574 
3 2 0 4590 
3 2 0 4584 
3 2 0 4589 
3 2 0 4587 
3 2 0 4585 
3 2 0 4586 
3 2 0 4588 
1 1 0 
1 1 0 
1 1 0 
1 1 0 
2 3 4637 4638 0 
2 3 4636 4639 0 
2 3 4635 4640 0 
1 1 0 
1 1 0 
1 1 0 
2 3 4643 4644 0 
2 3 4642 4645 0 
2 3 4641 4646 0 
1 1 0 
2 3 4647 4648 0 
1 1 0 
2 3 4649 4650 0 
1 1 0 
1 1 0 
2 3 4652 4653 0 
1 1 0 
1 1 0 
1 1 0 
1 1 0 
1 1 0 
2 3 4658 4659 0 
2 3 4657 4660 0 
2 3 4656 4661 0 
2 3 4655 4662 0 
2 3 4654 4663 0 
2 3 4651 4664 0 
1 1 0 
2 3 4665 4666 0 
3 2 0 4667 
3 2 0 4665 
3 2 0 4651 
3 2 0 4649 
3 2 0 4647 
3 2 0 4641 
3 2 0 4635 
3 2 0 4640 
3 2 0 4636 
3 2 0 4639 
3 2 0 4637 
3 2 0 4638 
3 2 0 4646 
3 2 0 4642 
3 2 0 4645 
3 2 0 4643 
3 2 0 4644 
3 2 0 4648 
3 2 0 4650 
3 2 0 4664 
3 2 0 4654 
3 2 0 4652 
3 2 0 4653 
3 2 0 4663 
3 2 0 4655 
3 2 0 4662 
3 2 0 4656 
3 2 0 4661 
3 2 0 4657 
3 2 0 4660 
3 2 0 4658 
3 2 0 4659 
3 2 0 4666 
1 1 0 
1 1 0 
1 1 0 
1 1 0 
2 3 4703 4704 0 
2 3 4702 4705 0 
2 3 4701 4706 0 
1 1 0 
2 3 4707 4708 0 
1 1 0 
1 1 0 
2 3 4710 4711 0 
1 1 0 
1 1 0 
1 1 0 
1 1 0 
2 3 4715 4716 0 
1 1 0 
2 3 4717 4718 0 
1 1 0 
1 1 0 
2 3 4720 4721 0 
2 3 4719 4722 0 
2 3 4714 4723 0 
2 3 4713 4724 0 
2 3 4712 4725 0 
2 3 4709 4726 0 
1 1 0 
1 1 0 
1 1 0 
2 3 4729 4730 0 
1 1 0 
2 3 4731 4732 0 
1 1 0 
2 3 4733 4734 0 
1 1 0 
1 1 0 
2 3 4736 4737 0 
2 3 4735 4738 0 
1 1 0 
2 3 4739 4740 0 
2 3 4728 4741 0 
2 3 4727 4742 0 
3 2 0 4743 
3 2 0 4727 
3 2 0 4709 
3 2 0 4707 
3 2 0 4701 
3 2 0 4706 
3 2 0 4702 
3 2 0 4705 
3 2 0 4703 
3 2 0 4704 
3 2 0 4708 
3 2 0 4726 
3 2 0 4712 
3 2 0 4710 
3 2 0 4711 
3 2 0 4725 
3 2 0 4713 
3 2 0 4724 
3 2 0 4714 
3 2 0 4723 
3 2 0 4719 
3 2 0 4717 
3 2 0 4715 
3 2 0 4716 
3 2 0 4718 
3 2 0 4722 
3 2 0 4720 
3 2 0 4721 
3 2 0 4742 
3 2 0 4728 
3 2 0 4741 
3 2 0 4739 
3 2 0 4735 
3 2 0 4733 
3 2 0 4731 
3 2 0 4729 
3 2 0 4730 
3 2 0 4732 
3 2 0 4734 
3 2 0 4738 
3 2 0 4736 
3 2 0 4737 
3 2 0 4740 
1 1 0 
1 1 0 
1 1 0 
1 1 0 
1 1 0 
2 3 4790 4791 0 
2 3 4789 4792 0 
2 3 4788 4793 0 
1 1 0 
2 3 4794 4795 0 
1 1 0 
1 1 0 
1 1 0 
1 1 0 
1 1 0 
2 3 4800 4801 0 
1 1 0 
1 1 0 
1 1 0 
1 1 0 
2 3 4805 4806 0 
2 3 4804 4807 0 
2 3 4803 4808 0 
2 3 4802 4809 0 
2 3 4799 4810 0 
2 3 4798 4811 0 
2 3 4797 4812 0 
2 3 4796 4813 0 
1 1 0 
2 3 4814 4815 0 
2 3 4787 4816 0 
3 2 0 4817 
3 2 0 4787 
3 2 0 4816 
3 2 0 4814 
3 2 0 4796 
3 2 0 4794 
3 2 0 4788 
3 2 0 4793 
3 2 0 4789 
3 2 0 4792 
3 2 0 4790 
3 2 0 4791 
3 2 0 4795 
3 2 0 4813 
3 2 0 4797 
3 2 0 4812 
3 2 0 4798 
3 2 0 4811 
3 2 0 4799 
3 2 0 4810 
3 2 0 4802 
3 2 0 4800 
3 2 0 4801 
3 2 0 4809 
3 2 0 4803 
3 2 0 4808 
3 2 0 4804 
3 2 0 4807 
3 2 0 4805 
3 2 0 4806 
3 2 0 4815 
1 1 0 
1 1 0 
1 1 0 
2 3 4850 4851 0 
1 1 0 
2 3 4852 4853 0 
2 3 4849 4854 0 
1 1 0 
1 1 0 
1 1 0 
1 1 0 
1 1 0 
1 1 0 
1 1 0 
2 3 4861 4862 0 
2 3 4860 4863 0 
1 1 0 
2 3 4864 4865 0 
1 1 0 
1 1 0 
2 3 4867 4868 0 
2 3 4866 4869 0 
2 3 4859 4870 0 
2 3 4858 4871 0 
2 3 4857 4872 0 
1 1 0 
1 1 0 
1 1 0 
1 1 0 
1 1 0 
2 3 4877 4878 0 
2 3 4876 4879 0 
1 1 0 
1 1 0 
1 1 0 
1 1 0 
2 3 4883 4884 0 
2 3 4882 4885 0 
2 3 4881 4886 0 
2 3 4880 4887 0 
2 3 4875 4888 0 
2 3 4874 4889 0 
2 3 4873 4890 0 
2 3 4856 4891 0 
1 1 0 
2 3 4892 4893 0 
2 3 4855 4894 0 
3 2 0 4895 
3 2 0 4855 
3 2 0 4849 
3 2 0 4854 
3 2 0 4852 
3 2 0 4850 
3 2 0 4851 
3 2 0 4853 
3 2 0 4894 
3 2 0 4892 
3 2 0 4856 
3 2 0 4891 
3 2 0 4873 
3 2 0 4857 
3 2 0 4872 
3 2 0 4858 
3 2 0 4871 
3 2 0 4859 
3 2 0 4870 
3 2 0 4866 
3 2 0 4864 
3 2 0 4860 
3 2 0 4863 
3 2 0 4861 
3 2 0 4862 
3 2 0 4865 
3 2 0 4869 
3 2 0 4867 
3 2 0 4868 
3 2 0 4890 
3 2 0 4874 
3 2 0 4889 
3 2 0 4875 
3 2 0 4888 
3 2 0 4880 
3 2 0 4876 
3 2 0 4879 
3 2 0 4877 
3 2 0 4878 
3 2 0 4887 
3 2 0 4881 
3 2 0 4886 
3 2 0 4882 
3 2 0 4885 
3 2 0 4883 
3 2 0 4884 
3 2 0 4893 
1 1 0 
1 1 0 
1 1 0 
1 1 0 
2 3 4945 4946 0 
2 3 4944 4947 0 
2 3 4943 4948 0 
1 1 0 
1 1 0 
1 1 0 
1 1 0 
1 1 0 
2 3 4953 4954 0 
2 3 4952 4955 0 
2 3 4951 4956 0 
2 3 4950 4957 0 
2 3 4949 4958 0 
1 1 0 
1 1 0 
1 1 0 
1 1 0 
1 1 0 
2 3 4963 4964 0 
2 3 4962 4965 0 
1 1 0 
1 1 0 
2 3 4967 4968 0 
1 1 0 
1 1 0 
1 1 0 
2 3 4971 4972 0 
1 1 0 
1 1 0 
2 3 4974 4975 0 
2 3 4973 4976 0 
1 1 0 
2 3 4977 4978 0 
1 1 0 
1 1 0 
1 1 0 
2 3 4981 4982 0 
2 3 4980 4983 0 
1 1 0 
2 3 4984 4985 0 
2 3 4979 4986 0 
2 3 4970 4987 0 
2 3 4969 4988 0 
2 3 4966 4989 0 
1 1 0 
2 3 4990 4991 0 
2 3 4961 4992 0 
2 3 4960 4993 0 
2 3 4959 4994 0 
3 2 0 4995 
3 2 0 4959 
3 2 0 4949 
3 2 0 4943 
3 2 0 4948 
3 2 0 4944 
3 2 0 4947 
3 2 0 4945 
3 2 0 4946 
3 2 0 4958 
3 2 0 4950 
3 2 0 4957 
3 2 0 4951 
3 2 0 4956 
3 2 0 4952 
3 2 0 4955 
3 2 0 4953 
3 2 0 4954 
3 2 0 4994 
3 2 0 4960 
3 2 0 4993 
3 2 0 4961 
3 2 0 4992 
3 2 0 4990 
3 2 0 4966 
3 2 0 4962 
3 2 0 4965 
3 2 0 4963 
3 2 0 4964 
3 2 0 4989 
3 2 0 4969 
3 2 0 4967 
3 2 0 4968 
3 2 0 4988 
3 2 0 4970 
3 2 0 4987 
3 2 0 4979 
3 2 0 4977 
3 2 0 4973 
3 2 0 4971 
3 2 0 4972 
3 2 0 4976 
3 2 0 4974 
3 2 0 4975 
3 2 0 4978 
3 2 0 4986 
3 2 0 4984 
3 2 0 4980 
3 2 0 4983 
3 2 0 4981 
3 2 0 4982 
3 2 0 4985 
3 2 0 4991 
1 1 0 
1 1 0 
2 3 5049 5050 0 
1 1 0 
1 1 0 
2 3 5052 5053 0 
2 3 5051 5054 0 
1 1 0 
1 1 0 
1 1 0 
1 1 0 
2 3 5058 5059 0 
1 1 0 
2 3 5060 5061 0 
1 1 0 
2 3 5062 5063 0 
2 3 5057 5064 0 
1 1 0 
1 1 0 
1 1 0 
1 1 0 
1 1 0 
1 1 0 
2 3 5070 5071 0 
2 3 5069 5072 0 
1 1 0 
2 3 5073 5074 0 
2 3 5068 5075 0 
2 3 5067 5076 0 
1 1 0 
1 1 0 
1 1 0 
1 1 0 
2 3 5080 5081 0 
2 3 5079 5082 0 
2 3 5078 5083 0 
2 3 5077 5084 0 
2 3 5066 5085 0 
2 3 5065 5086 0 
2 3 5056 5087 0 
1 1 0 
2 3 5088 5089 0 
2 3 5055 5090 0 
3 2 0 5091 
3 2 0 5055 
3 2 0 5051 
3 2 0 5049 
3 2 0 5050 
3 2 0 5054 
3 2 0 5052 
3 2 0 5053 
3 2 0 5090 
3 2 0 5088 
3 2 0 5056 
3 2 0 5087 
3 2 0 5065 
3 2 0 5057 
3 2 0 5064 
3 2 0 5062 
3 2 0 5060 
3 2 0 5058 
3 2 0 5059 
3 2 0 5061 
3 2 0 5063 
3 2 0 5086 
3 2 0 5066 
3 2 0 5085 
3 2 0 5077 
3 2 0 5067 
3 2 0 5076 
3 2 0 5068 
3 2 0 5075 
3 2 0 5073 
3 2 0 5069 
3 2 0 5072 
3 2 0 5070 
3 2 0 5071 
3 2 0 5074 
3 2 0 5084 
3 2 0 5078 
3 2 0 5083 
3 2 0 5079 
3 2 0 5082 
3 2 0 5080 
3 2 0 5081 
3 2 0 5089 
1 1 0 
1 1 0 
1 1 0 
1 1 0 
1 1 0 
2 3 5138 5139 0 
2 3 5137 5140 0 
2 3 5136 5141 0 
1 1 0 
1 1 0 
1 1 0 
1 1 0 
1 1 0 
1 1 0 
1 1 0 
2 3 5148 5149 0 
2 3 5147 5150 0 
2 3 5146 5151 0 
1 1 0 
2 3 5152 5153 0 
1 1 0 
1 1 0 
1 1 0 
1 1 0 
2 3 5157 5158 0 
2 3 5156 5159 0 
2 3 5155 5160 0 
2 3 5154 5161 0 
2 3 5145 5162 0 
2 3 5144 5163 0 
2 3 5143 5164 0 
2 3 5142 5165 0 
2 3 5135 5166 0 
1 1 0 
1 1 0 
1 1 0 
1 1 0 
2 3 5170 5171 0 
2 3 5169 5172 0 
2 3 5168 5173 0 
1 1 0 
2 3 5174 5175 0 
1 1 0 
1 1 0 
1 1 0 
1 1 0 
1 1 0 
1 1 0 
1 1 0 
1 1 0 
1 1 0 
2 3 5184 5185 0 
1 1 0 
1 1 0 
2 3 5187 5188 0 
1 1 0 
1 1 0 
1 1 0 
1 1 0 
1 1 0 
1 1 0 
2 3 5194 5195 0 
2 3 5193 5196 0 
2 3 5192 5197 0 
2 3 5191 5198 0 
2 3 5190 5199 0 
2 3 5189 5200 0 
2 3 5186 5201 0 
2 3 5183 5202 0 
2 3 5182 5203 0 
2 3 5181 5204 0 
2 3 5180 5205 0 
2 3 5179 5206 0 
2 3 5178 5207 0 
2 3 5177 5208 0 
2 3 5176 5209 0 
1 1 0 
2 3 5210 5211 0 
2 3 5167 5212 0 
3 2 0 5213 
3 2 0 5167 
3 2 0 5135 
3 2 0 5166 
3 2 0 5142 
3 2 0 5136 
3 2 0 5141 
3 2 0 5137 
3 2 0 5140 
3 2 0 5138 
3 2 0 5139 
3 2 0 5165 
3 2 0 5143 
3 2 0 5164 
3 2 0 5144 
3 2 0 5163 
3 2 0 5145 
3 2 0 5162 
3 2 0 5154 
3 2 0 5152 
3 2 0 5146 
3 2 0 5151 
3 2 0 5147 
3 2 0 5150 
3 2 0 5148 
3 2 0 5149 
3 2 0 5153 
3 2 0 5161 
3 2 0 5155 
3 2 0 5160 
3 2 0 5156 
3 2 0 5159 
3 2 0 5157 
3 2 0 5158 
3 2 0 5212 
3 2 0 5210 
3 2 0 5176 
3 2 0 5174 
3 2 0 5168 
3 2 0 5173 
3 2 0 5169 
3 2 0 5172 
3 2 0 5170 
3 2 0 5171 
3 2 0 5175 
3 2 0 5209 
3 2 0 5177 
3 2 0 5208 
3 2 0 5178 
3 2 0 5207 
3 2 0 5179 
3 2 0 5206 
3 2 0 5180 
3 2 0 5205 
3 2 0 5181 
3 2 0 5204 
3 2 0 5182 
3 2 0 5203 
3 2 0 5183 
3 2 0 5202 
3 2 0 5186 
3 2 0 5184 
3 2 0 5185 
3 2 0 5201 
3 2 0 5189 
3 2 0 5187 
3 2 0 5188 
3 2 0 5200 
3 2 0 5190 
3 2 0 5199 
3 2 0 5191 
3 2 0 5198 
3 2 0 5192 
3 2 0 5197 
3 2 0 5193 
3 2 0 5196 
3 2 0 5194 
3 2 0 5195 
3 2 0 5211 
42 2646 32 33 34 35 36 37 38 39 40 41 42 43 44 45 46 47 48 49 50 51 52 53 54 55 56 57 58 59 60 61 62 90 91 92 93 94 95 96 97 98 99 100 101 102 103 104 105 106 107 108 109 110 111 112 113 114 115 116 146 147 148 149 150 151 152 153 154 155 156 157 158 159 160 161 162 163 164 165 166 167 168 169 170 171 172 173 174 194 195 196 197 198 199 200 201 202 203 204 205 206 207 208 209 210 211 212 266 267 268 269 270 271 272 273 274 275 276 277 278 279 280 281 282 283 284 285 286 287 288 289 290 291 292 293 294 295 296 297 298 299 300 301 302 303 304 305 306 307 308 309 310 311 312 313 314 315 316 317 318 374 375 376 377 378 379 380 381 382 383 384 385 386 387 388 389 390 391 392 393 394 395 396 397 398 399 400 401 402 403 404 405 406 407 408 409 410 411 412 413 414 415 416 417 418 419 420 421 422 423 424 425 426 427 428 462 463 464 465 466 467 468 469 470 471 472 473 474 475 476 477 478 479 480 481 482 483 484 485 486 487 488 489 490 491 492 493 494 536 537 538 539 540 541 542 543 544 545 546 547 548 549 550 551 552 553 554 555 556 557 558 559 560 561 562 563 564 565 566 567 568 569 570 571 572 573 574 575 576 658 659 660 661 662 663 664 665 666 667 668 669 670 671 672 673 674 675 676 677 678 679 680 681 682 683 684 685 686 687 688 689 690 691 692 693 694 695 696 697 698 699 700 701 702 703 704 705 706 707 708 709 710 711 712 713 714 715 716 717 718 719 720 721 722 723 724 725 726 727 728 729 730 731 732 733 734 735 736 737 738 786 787 788 789 790 791 792 793 794 795 796 797 798 799 800 801 802 803 804 805 806 807 808 809 810 811 812 813 814 815 816 817 818 819 820 821 822 823 824 825 826 827 828 829 830 831 832 848 849 850 851 852 853 854 855 856 857 858 859 860 861 862 874 875 876 877 878 879 880 881 882 883 884 912 913 914 915 916 917 918 919 920 921 922 923 924 925 926 927 928 929 930 931 932 933 934 935 936 937 938 1000 1001 1002 1003 1004 1005 1006 1007 1008 1009 1010 1011 1012 1013 1014 1015 1016 1017 1018 1019 1020 1021 1022 1023 1024 1025 1026 1027 1028 1029 1030 1031 1032 1033 1034 1035 1036 1037 1038 1039 1040 1041 1042 1043 1044 1045 1046 1047 1048 1049 1050 1051 1052 1053 1054 1055 1056 1057 1058 1059 1060 1098 1099 1100 1101 1102 1103 1104 1105 1106 1107 1108 1109 1110 1111 1112 1113 1114 1115 1116 1117 1118 1119 1120 1121 1122 1123 1124 1125 1126 1127 1128 1129 1130 1131 1132 1133 1134 1178 1179 1180 1181 1182 1183 1184 1185 1186 1187 1188 1189 1190 1191 1192 1193 1194 1195 1196 1197 1198 1199 1200 1201 1202 1203 1204 1205 1206 1207 1208 1209 1210 1211 1212 1213 1214 1215 1216 1217 1218 1219 1220 1254 1255 1256 1257 1258 1259 1260 1261 1262 1263 1264 1265 1266 1267 1268 1269 1270 1271 1272 1273 1274 1275 1276 1277 1278 1279 1280 1281 1282 1283 1284 1285 1286 1346 1347 1348 1349 1350 1351 1352 1353 1354 1355 1356 1357 1358 1359 1360 1361 1362 1363 1364 1365 1366 1367 1368 1369 1370 1371 1372 1373 1374 1375 1376 1377 1378 1379 1380 1381 1382 1383 1384 1385 1386 1387 1388 1389 1390 1391 1392 1393 1394 1395 1396 1397 1398 1399 1400 1401 1402 1403 1404 1458 1459 1460 1461 1462 1463 1464 1465 1466 1467 1468 1469 1470 1471 1472 1473 1474 1475 1476 1477 1478 1479 1480 1481 1482 1483 1484 1485 1486 1487 1488 1489 1490 1491 1492 1493 1494 1495 1496 1497 1498 1499 1500 1501 1502 1503 1504 1505 1506 1507 1508 1509 1510 1552 1553 1554 1555 1556 1557 1558 1559 1560 1561 1562 1563 1564 1565 1566 1567 1568 1569 1570 1571 1572 1573 1574 1575 1576 1577 1578 1579 1580 1581 1582 1583 1584 1585 1586 1587 1588 1589 1590 1591 1592 1642 1643 1644 1645 1646 1647 1648 1649 1650 1651 1652 1653 1654 1655 1656 1657 1658 1659 1660 1661 1662 1663 1664 1665 1666 1667 1668 1669 1670 1671 1672 1673 1674 1675 1676 1677 1678 1679 1680 1681 1682 1683 1684 1685 1686 1687 1688 1689 1690 1762 1763 1764 1765 1766 1767 1768 1769 1770 1771 1772 1773 1774 1775 1776 1777 1778 1779 1780 1781 1782 1783 1784 1785 1786 1787 1788 1789 1790 1791 1792 1793 1794 1795 1796 1797 1798 1799 1800 1801 1802 1803 1804 1805 1806 1807 1808 1809 1810 1811 1812 1813 1814 1815 1816 1817 1818 1819 1820 1821 1822 1823 1824 1825 1826 1827 1828 1829 1830 1831 1832 1848 1849 1850 1851 1852 1853 1854 1855 1856 1857 1858 1859 1860 1861 1862 1926 1927 1928 1929 1930 1931 1932 1933 1934 1935 1936 1937 1938 1939 1940 1941 1942 1943 1944 1945 1946 1947 1948 1949 1950 1951 1952 1953 1954 1955 1956 1957 1958 1959 1960 1961 1962 1963 1964 1965 1966 1967 1968 1969 1970 1971 1972 1973 1974 1975 1976 1977 1978 1979 1980 1981 1982 1983 1984 1985 1986 1987 1988 2008 2009 2010 2011 2012 2013 2014 2015 2016 2017 2018 2019 2020 2021 2022 2023 2024 2025 2026 2052 2053 2054 2055 2056 2057 2058 2059 2060 2061 2062 2063 2064 2065 2066 2067 2068 2069 2070 2071 2072 2073 2074 2075 2076 2130 2131 2132 2133 2134 2135 2136 2137 2138 2139 2140 2141 2142 2143 2144 2145 2146 2147 2148 2149 2150 2151 2152 2153 2154 2155 2156 2157 2158 2159 2160 2161 2162 2163 2164 2165 2166 2167 2168 2169 2170 2171 2172 2173 2174 2175 2176 2177 2178 2179 2180 2181 2182 2222 2223 2224 2225 2226 2227 2228 2229 2230 2231 2232 2233 2234 2235 2236 2237 2238 2239 2240 2241 2242 2243 2244 2245 2246 2247 2248 2249 2250 2251 2252 2253 2254 2255 2256 2257 2258 2259 2260 2300 2301 2302 2303 2304 2305 2306 2307 2308 2309 2310 2311 2312 2313 2314 2315 2316 2317 2318 2319 2320 2321 2322 2323 2324 2325 2326 2327 2328 2329 2330 2331 2332 2333 2334 2335 2336 2337 2338 2378 2379 2380 2381 2382 2383 2384 2385 2386 2387 2388 2389 2390 2391 2392 2393 2394 2395 2396 2397 2398 2399 2400 2401 2402 2403 2404 2405 2406 2407 2408 2409 2410 2411 2412 2413 2414 2415 2416 2476 2477 2478 2479 2480 2481 2482 2483 2484 2485 2486 2487 2488 2489 2490 2491 2492 2493 2494 2495 2496 2497 2498 2499 2500 2501 2502 2503 2504 2505 2506 2507 2508 2509 2510 2511 2512 2513 2514 2515 2516 2517 2518 2519 2520 2521 2522 2523 2524 2525 2526 2527 2528 2529 2530 2531 2532 2533 2534 2574 2575 2576 2577 2578 2579 2580 2581 2582 2583 2584 2585 2586 2587 2588 2589 2590 2591 2592 2593 2594 2595 2596 2597 2598 2599 2600 2601 2602 2603 2604 2605 2606 2607 2608 2609 2610 2611 2612 2668 2669 2670 2671 2672 2673 2674 2675 2676 2677 2678 2679 2680 2681 2682 2683 2684 2685 2686 2687 2688 2689 2690 2691 2692 2693 2694 2695 2696 2697 2698 2699 2700 2701 2702 2703 2704 2705 2706 2707 2708 2709 2710 2711 2712 2713 2714 2715 2716 2717 2718 2719 2720 2721 2722 2766 2767 2768 2769 2770 2771 2772 2773 2774 2775 2776 2777 2778 2779 2780 2781 2782 2783 2784 2785 2786 2787 2788 2789 2790 2791 2792 2793 2794 2795 2796 2797 2798 2799 2800 2801 2802 2803 2804 2805 2806 2807 2808 2856 2857 2858 2859 2860 2861 2862 2863 2864 2865 2866 2867 2868 2869 2870 2871 2872 2873 2874 2875 2876 2877 2878 2879 2880 2881 2882 2883 2884 2885 2886 2887 2888 2889 2890 2891 2892 2893 2894 2895 2896 2897 2898 2899 2900 2901 2902 2928 2929 2930 2931 2932 2933 2934 2935 2936 2937 2938 2939 2940 2941 2942 2943 2944 2945 2946 2947 2948 2949 2950 2951 2952 3002 3003 3004 3005 3006 3007 3008 3009 3010 3011 3012 3013 3014 3015 3016 3017 3018 3019 3020 3021 3022 3023 3024 3025 3026 3027 3028 3029 3030 3031 3032 3033 3034 3035 3036 3037 3038 3039 3040 3041 3042 3043 3044 3045 3046 3047 3048 3049 3050 3066 3067 3068 3069 3070 3071 3072 3073 3074 3075 3076 3077 3078 3079 3080 3110 3111 3112 3113 3114 3115 3116 3117 3118 3119 3120 3121 3122 3123 3124 3125 3126 3127 3128 3129 3130 3131 3132 3133 3134 3135 3136 3137 3138 3206 3207 3208 3209 3210 3211 3212 3213 3214 3215 3216 3217 3218 3219 3220 3221 3222 3223 3224 3225 3226 3227 3228 3229 3230 3231 3232 3233 3234 3235 3236 3237 3238 3239 3240 3241 3242 3243 3244 3245 3246 3247 3248 3249 3250 3251 3252 3253 3254 3255 3256 3257 3258 3259 3260 3261 3262 3263 3264 3265 3266 3267 3268 3269 3270 3271 3272 3296 3297 3298 3299 3300 3301 3302 3303 3304 3305 3306 3307 3308 3309 3310 3311 3312 3313 3314 3315 3316 3317 3318 3342 3343 3344 3345 3346 3347 3348 3349 3350 3351 3352 3353 3354 3355 3356 3357 3358 3359 3360 3361 3362 3363 3364 3436 3437 3438 3439 3440 3441 3442 3443 3444 3445 3446 3447 3448 3449 3450 3451 3452 3453 3454 3455 3456 3457 3458 3459 3460 3461 3462 3463 3464 3465 3466 3467 3468 3469 3470 3471 3472 3473 3474 3475 3476 3477 3478 3479 3480 3481 3482 3483 3484 3485 3486 3487 3488 3489 3490 3491 3492 3493 3494 3495 3496 3497 3498 3499 3500 3501 3502 3503 3504 3505 3506 3550 3551 3552 3553 3554 3555 3556 3557 3558 3559 3560 3561 3562 3563 3564 3565 3566 3567 3568 3569 3570 3571 3572 3573 3574 3575 3576 3577 3578 3579 3580 3581 3582 3583 3584 3585 3586 3587 3588 3589 3590 3591 3592 3630 3631 3632 3633 3634 3635 3636 3637 3638 3639 3640 3641 3642 3643 3644 3645 3646 3647 3648 3649 3650 3651 3652 3653 3654 3655 3656 3657 3658 3659 3660 3661 3662 3663 3664 3665 3666 3694 3695 3696 3697 3698 3699 3700 3701 3702 3703 3704 3705 3706 3707 3708 3709 3710 3711 3712 3713 3714 3715 3716 3717 3718 3719 3720 3766 3767 3768 3769 3770 3771 3772 3773 3774 3775 3776 3777 3778 3779 3780 3781 3782 3783 3784 3785 3786 3787 3788 3789 3790 3791 3792 3793 3794 3795 3796 3797 3798 3799 3800 3801 3802 3803 3804 3805 3806 3807 3808 3809 3810 3868 3869 3870 3871 3872 3873 3874 3875 3876 3877 3878 3879 3880 3881 3882 3883 3884 3885 3886 3887 3888 3889 3890 3891 3892 3893 3894 3895 3896 3897 3898 3899 3900 3901 3902 3903 3904 3905 3906 3907 3908 3909 3910 3911 3912 3913 3914 3915 3916 3917 3918 3919 3920 3921 3922 3923 3924 3976 3977 3978 3979 3980 3981 3982 3983 3984 3985 3986 3987 3988 3989 3990 3991 3992 3993 3994 3995 3996 3997 3998 3999 4000 4001 4002 4003 4004 4005 4006 4007 4008 4009 4010 4011 4012 4013 4014 4015 4016 4017 4018 4019 4020 4021 4022 4023 4024 4025 4026 4048 4049 4050 4051 4052 4053 4054 4055 4056 4057 4058 4059 4060 4061 4062 4063 4064 4065 4066 4067 4068 4096 4097 4098 4099 4100 4101 4102 4103 4104 4105 4106 4107 4108 4109 4110 4111 4112 4113 4114 4115 4116 4117 4118 4119 4120 4121 4122 4138 4139 4140 4141 4142 4143 4144 4145 4146 4147 4148 4149 4150 4151 4152 4184 4185 4186 4187 4188 4189 4190 4191 4192 4193 4194 4195 4196 4197 4198 4199 4200 4201 4202 4203 4204 4205 4206 4207 4208 4209 4210 4211 4212 4213 4214 4246 4247 4248 4249 4250 4251 4252 4253 4254 4255 4256 4257 4258 4259 4260 4261 4262 4263 4264 4265 4266 4267 4268 4269 4270 4271 4272 4273 4274 4275 4276 4360 4361 4362 4363 4364 4365 4366 4367 4368 4369 4370 4371 4372 4373 4374 4375 4376 4377 4378 4379 4380 4381 4382 4383 4384 4385 4386 4387 4388 4389 4390 4391 4392 4393 4394 4395 4396 4397 4398 4399 4400 4401 4402 4403 4404 4405 4406 4407 4408 4409 4410 4411 4412 4413 4414 4415 4416 4417 4418 4419 4420 4421 4422 4423 4424 4425 4426 4427 4428 4429 4430 4431 4432 4433 4434 4435 4436 4437 4438 4439 4440 4441 4442 4496 4497 4498 4499 4500 4501 4502 4503 4504 4505 4506 4507 4508 4509 4510 4511 4512 4513 4514 4515 4516 4517 4518 4519 4520 4521 4522 4523 4524 4525 4526 4527 4528 4529 4530 4531 4532 4533 4534 4535 4536 4537 4538 4539 4540 4541 4542 4543 4544 4545 4546 4547 4548 4592 4593 4594 4595 4596 4597 4598 4599 4600 4601 4602 4603 4604 4605 4606 4607 4608 4609 4610 4611 4612 4613 4614 4615 4616 4617 4618 4619 4620 4621 4622 4623 4624 4625 4626 4627 4628 4629 4630 4631 4632 4633 4634 4668 4669 4670 4671 4672 4673 4674 4675 4676 4677 4678 4679 4680 4681 4682 4683 4684 4685 4686 4687 4688 4689 4690 4691 4692 4693 4694 4695 4696 4697 4698 4699 4700 4744 4745 4746 4747 4748 4749 4750 4751 4752 4753 4754 4755 4756 4757 4758 4759 4760 4761 4762 4763 4764 4765 4766 4767 4768 4769 4770 4771 4772 4773 4774 4775 4776 4777 4778 4779 4780 4781 4782 4783 4784 4785 4786 4818 4819 4820 4821 4822 4823 4824 4825 4826 4827 4828 4829 4830 4831 4832 4833 4834 4835 4836 4837 4838 4839 4840 4841 4842 4843 4844 4845 4846 4847 4848 4896 4897 4898 4899 4900 4901 4902 4903 4904 4905 4906 4907 4908 4909 4910 4911 4912 4913 4914 4915 4916 4917 4918 4919 4920 4921 4922 4923 4924 4925 4926 4927 4928 4929 4930 4931 4932 4933 4934 4935 4936 4937 4938 4939 4940 4941 4942 4996 4997 4998 4999 5000 5001 5002 5003 5004 5005 5006 5007 5008 5009 5010 5011 5012 5013 5014 5015 5016 5017 5018 5019 5020 5021 5022 5023 5024 5025 5026 5027 5028 5029 5030 5031 5032 5033 5034 5035 5036 5037 5038 5039 5040 5041 5042 5043 5044 5045 5046 5047 5048 5092 5093 5094 5095 5096 5097 5098 5099 5100 5101 5102 5103 5104 5105 5106 5107 5108 5109 5110 5111 5112 5113 5114 5115 5116 5117 5118 5119 5120 5121 5122 5123 5124 5125 5126 5127 5128 5129 5130 5131 5132 5133 5134 5214 5215 5216 5217 5218 5219 5220 5221 5222 5223 5224 5225 5226 5227 5228 5229 5230 5231 5232 5233 5234 5235 5236 5237 5238 5239 5240 5241 5242 5243 5244 5245 5246 5247 5248 5249 5250 5251 5252 5253 5254 5255 5256 5257 5258 5259 5260 5261 5262 5263 5264 5265 5266 5267 5268 5269 5270 5271 5272 5273 5274 5275 5276 5277 5278 5279 5280 5281 5282 5283 5284 5285 5286 5287 5288 5289 5290 5291 5292 
