5406
0 0 
1 1 0 
1 1 0 
1 1 0 
2 3 2 3 0 
1 1 0 
2 3 4 5 0 
1 1 0 
2 3 6 7 0 
1 1 0 
2 3 8 9 0 
2 3 1 10 0 
1 1 0 
1 1 0 
1 1 0 
1 1 0 
1 1 0 
2 3 15 16 0 
2 3 14 17 0 
2 3 13 18 0 
2 3 12 19 0 
1 1 0 
2 3 20 21 0 
1 1 0 
1 1 0 
1 1 0 
1 1 0 
2 3 25 26 0 
2 3 24 27 0 
2 3 23 28 0 
1 1 0 
2 3 29 30 0 
1 1 0 
1 1 0 
1 1 0 
2 3 33 34 0 
1 1 0 
1 1 0 
1 1 0 
2 3 37 38 0 
2 3 36 39 0 
2 3 35 40 0 
1 1 0 
1 1 0 
1 1 0 
1 1 0 
1 1 0 
2 3 45 46 0 
1 1 0 
1 1 0 
2 3 48 49 0 
1 1 0 
2 3 50 51 0 
2 3 47 52 0 
2 3 44 53 0 
2 3 43 54 0 
2 3 42 55 0 
2 3 41 56 0 
2 3 32 57 0 
2 3 31 58 0 
2 3 22 59 0 
1 1 0 
2 3 60 61 0 
2 3 11 62 0 
3 2 0 63 
3 2 0 11 
3 2 0 1 
3 2 0 10 
3 2 0 8 
3 2 0 6 
3 2 0 4 
3 2 0 2 
3 2 0 3 
3 2 0 5 
3 2 0 7 
3 2 0 9 
3 2 0 62 
3 2 0 60 
3 2 0 22 
3 2 0 20 
3 2 0 12 
3 2 0 19 
3 2 0 13 
3 2 0 18 
3 2 0 14 
3 2 0 17 
3 2 0 15 
3 2 0 16 
3 2 0 21 
3 2 0 59 
3 2 0 31 
3 2 0 29 
3 2 0 23 
3 2 0 28 
3 2 0 24 
3 2 0 27 
3 2 0 25 
3 2 0 26 
3 2 0 30 
3 2 0 58 
3 2 0 32 
3 2 0 57 
3 2 0 41 
3 2 0 35 
3 2 0 33 
3 2 0 34 
3 2 0 40 
3 2 0 36 
3 2 0 39 
3 2 0 37 
3 2 0 38 
3 2 0 56 
3 2 0 42 
3 2 0 55 
3 2 0 43 
3 2 0 54 
3 2 0 44 
3 2 0 53 
3 2 0 47 
3 2 0 45 
3 2 0 46 
3 2 0 52 
3 2 0 50 
3 2 0 48 
3 2 0 49 
3 2 0 51 
3 2 0 61 
1 1 0 
1 1 0 
1 1 0 
2 3 128 129 0 
1 1 0 
1 1 0 
1 1 0 
1 1 0 
2 3 133 134 0 
1 1 0 
1 1 0 
1 1 0 
1 1 0 
1 1 0 
2 3 139 140 0 
1 1 0 
1 1 0 
2 3 142 143 0 
2 3 141 144 0 
2 3 138 145 0 
2 3 137 146 0 
2 3 136 147 0 
2 3 135 148 0 
2 3 132 149 0 
2 3 131 150 0 
2 3 130 151 0 
1 1 0 
2 3 152 153 0 
2 3 127 154 0 
3 2 0 155 
3 2 0 127 
3 2 0 154 
3 2 0 152 
3 2 0 130 
3 2 0 128 
3 2 0 129 
3 2 0 151 
3 2 0 131 
3 2 0 150 
3 2 0 132 
3 2 0 149 
3 2 0 135 
3 2 0 133 
3 2 0 134 
3 2 0 148 
3 2 0 136 
3 2 0 147 
3 2 0 137 
3 2 0 146 
3 2 0 138 
3 2 0 145 
3 2 0 141 
3 2 0 139 
3 2 0 140 
3 2 0 144 
3 2 0 142 
3 2 0 143 
3 2 0 153 
1 1 0 
1 1 0 
1 1 0 
1 1 0 
1 1 0 
2 3 188 189 0 
1 1 0 
1 1 0 
1 1 0 
1 1 0 
1 1 0 
1 1 0 
1 1 0 
1 1 0 
2 3 197 198 0 
1 1 0 
1 1 0 
1 1 0 
1 1 0 
2 3 202 203 0 
1 1 0 
1 1 0 
1 1 0 
2 3 206 207 0 
2 3 205 208 0 
2 3 204 209 0 
2 3 201 210 0 
2 3 200 211 0 
2 3 199 212 0 
2 3 196 213 0 
2 3 195 214 0 
2 3 194 215 0 
2 3 193 216 0 
2 3 192 217 0 
2 3 191 218 0 
2 3 190 219 0 
1 1 0 
2 3 220 221 0 
2 3 187 222 0 
2 3 186 223 0 
2 3 185 224 0 
3 2 0 225 
3 2 0 185 
3 2 0 224 
3 2 0 186 
3 2 0 223 
3 2 0 187 
3 2 0 222 
3 2 0 220 
3 2 0 190 
3 2 0 188 
3 2 0 189 
3 2 0 219 
3 2 0 191 
3 2 0 218 
3 2 0 192 
3 2 0 217 
3 2 0 193 
3 2 0 216 
3 2 0 194 
3 2 0 215 
3 2 0 195 
3 2 0 214 
3 2 0 196 
3 2 0 213 
3 2 0 199 
3 2 0 197 
3 2 0 198 
3 2 0 212 
3 2 0 200 
3 2 0 211 
3 2 0 201 
3 2 0 210 
3 2 0 204 
3 2 0 202 
3 2 0 203 
3 2 0 209 
3 2 0 205 
3 2 0 208 
3 2 0 206 
3 2 0 207 
3 2 0 221 
1 1 0 
1 1 0 
1 1 0 
2 3 268 269 0 
1 1 0 
2 3 270 271 0 
2 3 267 272 0 
1 1 0 
1 1 0 
1 1 0 
2 3 275 276 0 
2 3 274 277 0 
1 1 0 
1 1 0 
1 1 0 
1 1 0 
1 1 0 
1 1 0 
2 3 283 284 0 
2 3 282 285 0 
2 3 281 286 0 
1 1 0 
2 3 287 288 0 
1 1 0 
1 1 0 
1 1 0 
1 1 0 
1 1 0 
1 1 0 
1 1 0 
2 3 295 296 0 
2 3 294 297 0 
2 3 293 298 0 
2 3 292 299 0 
1 1 0 
1 1 0 
2 3 301 302 0 
1 1 0 
1 1 0 
1 1 0 
1 1 0 
1 1 0 
2 3 307 308 0 
1 1 0 
1 1 0 
1 1 0 
2 3 311 312 0 
1 1 0 
1 1 0 
1 1 0 
2 3 315 316 0 
1 1 0 
1 1 0 
2 3 318 319 0 
2 3 317 320 0 
2 3 314 321 0 
2 3 313 322 0 
2 3 310 323 0 
2 3 309 324 0 
2 3 306 325 0 
2 3 305 326 0 
2 3 304 327 0 
2 3 303 328 0 
2 3 300 329 0 
2 3 291 330 0 
2 3 290 331 0 
2 3 289 332 0 
2 3 280 333 0 
2 3 279 334 0 
2 3 278 335 0 
1 1 0 
2 3 336 337 0 
2 3 273 338 0 
3 2 0 339 
3 2 0 273 
3 2 0 267 
3 2 0 272 
3 2 0 270 
3 2 0 268 
3 2 0 269 
3 2 0 271 
3 2 0 338 
3 2 0 336 
3 2 0 278 
3 2 0 274 
3 2 0 277 
3 2 0 275 
3 2 0 276 
3 2 0 335 
3 2 0 279 
3 2 0 334 
3 2 0 280 
3 2 0 333 
3 2 0 289 
3 2 0 287 
3 2 0 281 
3 2 0 286 
3 2 0 282 
3 2 0 285 
3 2 0 283 
3 2 0 284 
3 2 0 288 
3 2 0 332 
3 2 0 290 
3 2 0 331 
3 2 0 291 
3 2 0 330 
3 2 0 300 
3 2 0 292 
3 2 0 299 
3 2 0 293 
3 2 0 298 
3 2 0 294 
3 2 0 297 
3 2 0 295 
3 2 0 296 
3 2 0 329 
3 2 0 303 
3 2 0 301 
3 2 0 302 
3 2 0 328 
3 2 0 304 
3 2 0 327 
3 2 0 305 
3 2 0 326 
3 2 0 306 
3 2 0 325 
3 2 0 309 
3 2 0 307 
3 2 0 308 
3 2 0 324 
3 2 0 310 
3 2 0 323 
3 2 0 313 
3 2 0 311 
3 2 0 312 
3 2 0 322 
3 2 0 314 
3 2 0 321 
3 2 0 317 
3 2 0 315 
3 2 0 316 
3 2 0 320 
3 2 0 318 
3 2 0 319 
3 2 0 337 
1 1 0 
1 1 0 
1 1 0 
1 1 0 
2 3 415 416 0 
2 3 414 417 0 
2 3 413 418 0 
1 1 0 
1 1 0 
1 1 0 
1 1 0 
2 3 422 423 0 
2 3 421 424 0 
2 3 420 425 0 
2 3 419 426 0 
1 1 0 
1 1 0 
1 1 0 
1 1 0 
1 1 0 
2 3 431 432 0 
2 3 430 433 0 
2 3 429 434 0 
2 3 428 435 0 
2 3 427 436 0 
1 1 0 
2 3 437 438 0 
1 1 0 
2 3 439 440 0 
1 1 0 
1 1 0 
2 3 442 443 0 
2 3 441 444 0 
1 1 0 
2 3 445 446 0 
3 2 0 447 
3 2 0 445 
3 2 0 441 
3 2 0 439 
3 2 0 437 
3 2 0 427 
3 2 0 419 
3 2 0 413 
3 2 0 418 
3 2 0 414 
3 2 0 417 
3 2 0 415 
3 2 0 416 
3 2 0 426 
3 2 0 420 
3 2 0 425 
3 2 0 421 
3 2 0 424 
3 2 0 422 
3 2 0 423 
3 2 0 436 
3 2 0 428 
3 2 0 435 
3 2 0 429 
3 2 0 434 
3 2 0 430 
3 2 0 433 
3 2 0 431 
3 2 0 432 
3 2 0 438 
3 2 0 440 
3 2 0 444 
3 2 0 442 
3 2 0 443 
3 2 0 446 
1 1 0 
1 1 0 
1 1 0 
2 3 484 485 0 
1 1 0 
1 1 0 
1 1 0 
1 1 0 
1 1 0 
2 3 490 491 0 
2 3 489 492 0 
2 3 488 493 0 
2 3 487 494 0 
2 3 486 495 0 
1 1 0 
2 3 496 497 0 
2 3 483 498 0 
3 2 0 499 
3 2 0 483 
3 2 0 498 
3 2 0 496 
3 2 0 486 
3 2 0 484 
3 2 0 485 
3 2 0 495 
3 2 0 487 
3 2 0 494 
3 2 0 488 
3 2 0 493 
3 2 0 489 
3 2 0 492 
3 2 0 490 
3 2 0 491 
3 2 0 497 
1 1 0 
1 1 0 
1 1 0 
1 1 0 
2 3 519 520 0 
2 3 518 521 0 
1 1 0 
1 1 0 
1 1 0 
2 3 524 525 0 
1 1 0 
1 1 0 
1 1 0 
2 3 528 529 0 
2 3 527 530 0 
1 1 0 
1 1 0 
2 3 532 533 0 
1 1 0 
2 3 534 535 0 
1 1 0 
1 1 0 
2 3 537 538 0 
2 3 536 539 0 
1 1 0 
2 3 540 541 0 
2 3 531 542 0 
2 3 526 543 0 
2 3 523 544 0 
2 3 522 545 0 
1 1 0 
1 1 0 
1 1 0 
2 3 548 549 0 
1 1 0 
1 1 0 
2 3 551 552 0 
2 3 550 553 0 
2 3 547 554 0 
2 3 546 555 0 
2 3 517 556 0 
1 1 0 
1 1 0 
1 1 0 
1 1 0 
2 3 560 561 0 
2 3 559 562 0 
1 1 0 
1 1 0 
2 3 564 565 0 
1 1 0 
1 1 0 
1 1 0 
2 3 568 569 0 
1 1 0 
1 1 0 
1 1 0 
1 1 0 
2 3 573 574 0 
2 3 572 575 0 
2 3 571 576 0 
2 3 570 577 0 
2 3 567 578 0 
2 3 566 579 0 
1 1 0 
2 3 580 581 0 
2 3 563 582 0 
2 3 558 583 0 
2 3 557 584 0 
3 2 0 585 
3 2 0 557 
3 2 0 517 
3 2 0 556 
3 2 0 546 
3 2 0 522 
3 2 0 518 
3 2 0 521 
3 2 0 519 
3 2 0 520 
3 2 0 545 
3 2 0 523 
3 2 0 544 
3 2 0 526 
3 2 0 524 
3 2 0 525 
3 2 0 543 
3 2 0 531 
3 2 0 527 
3 2 0 530 
3 2 0 528 
3 2 0 529 
3 2 0 542 
3 2 0 540 
3 2 0 536 
3 2 0 534 
3 2 0 532 
3 2 0 533 
3 2 0 535 
3 2 0 539 
3 2 0 537 
3 2 0 538 
3 2 0 541 
3 2 0 555 
3 2 0 547 
3 2 0 554 
3 2 0 550 
3 2 0 548 
3 2 0 549 
3 2 0 553 
3 2 0 551 
3 2 0 552 
3 2 0 584 
3 2 0 558 
3 2 0 583 
3 2 0 563 
3 2 0 559 
3 2 0 562 
3 2 0 560 
3 2 0 561 
3 2 0 582 
3 2 0 580 
3 2 0 566 
3 2 0 564 
3 2 0 565 
3 2 0 579 
3 2 0 567 
3 2 0 578 
3 2 0 570 
3 2 0 568 
3 2 0 569 
3 2 0 577 
3 2 0 571 
3 2 0 576 
3 2 0 572 
3 2 0 575 
3 2 0 573 
3 2 0 574 
3 2 0 581 
1 1 0 
1 1 0 
2 3 655 656 0 
1 1 0 
1 1 0 
1 1 0 
1 1 0 
2 3 660 661 0 
1 1 0 
2 3 662 663 0 
2 3 659 664 0 
1 1 0 
1 1 0 
1 1 0 
2 3 667 668 0 
2 3 666 669 0 
2 3 665 670 0 
1 1 0 
2 3 671 672 0 
1 1 0 
1 1 0 
1 1 0 
1 1 0 
2 3 676 677 0 
1 1 0 
1 1 0 
1 1 0 
1 1 0 
1 1 0 
2 3 682 683 0 
2 3 681 684 0 
2 3 680 685 0 
1 1 0 
2 3 686 687 0 
2 3 679 688 0 
2 3 678 689 0 
2 3 675 690 0 
2 3 674 691 0 
2 3 673 692 0 
2 3 658 693 0 
1 1 0 
2 3 694 695 0 
2 3 657 696 0 
3 2 0 697 
3 2 0 657 
3 2 0 655 
3 2 0 656 
3 2 0 696 
3 2 0 694 
3 2 0 658 
3 2 0 693 
3 2 0 673 
3 2 0 671 
3 2 0 665 
3 2 0 659 
3 2 0 664 
3 2 0 662 
3 2 0 660 
3 2 0 661 
3 2 0 663 
3 2 0 670 
3 2 0 666 
3 2 0 669 
3 2 0 667 
3 2 0 668 
3 2 0 672 
3 2 0 692 
3 2 0 674 
3 2 0 691 
3 2 0 675 
3 2 0 690 
3 2 0 678 
3 2 0 676 
3 2 0 677 
3 2 0 689 
3 2 0 679 
3 2 0 688 
3 2 0 686 
3 2 0 680 
3 2 0 685 
3 2 0 681 
3 2 0 684 
3 2 0 682 
3 2 0 683 
3 2 0 687 
3 2 0 695 
1 1 0 
1 1 0 
1 1 0 
1 1 0 
1 1 0 
2 3 744 745 0 
2 3 743 746 0 
2 3 742 747 0 
1 1 0 
2 3 748 749 0 
1 1 0 
1 1 0 
1 1 0 
1 1 0 
1 1 0 
2 3 754 755 0 
2 3 753 756 0 
1 1 0 
1 1 0 
1 1 0 
1 1 0 
1 1 0 
2 3 761 762 0 
2 3 760 763 0 
2 3 759 764 0 
2 3 758 765 0 
2 3 757 766 0 
2 3 752 767 0 
2 3 751 768 0 
2 3 750 769 0 
2 3 741 770 0 
1 1 0 
1 1 0 
1 1 0 
1 1 0 
1 1 0 
1 1 0 
2 3 776 777 0 
2 3 775 778 0 
1 1 0 
2 3 779 780 0 
1 1 0 
1 1 0 
1 1 0 
2 3 783 784 0 
2 3 782 785 0 
1 1 0 
1 1 0 
1 1 0 
2 3 788 789 0 
1 1 0 
1 1 0 
2 3 791 792 0 
2 3 790 793 0 
2 3 787 794 0 
2 3 786 795 0 
2 3 781 796 0 
2 3 774 797 0 
1 1 0 
2 3 798 799 0 
2 3 773 800 0 
2 3 772 801 0 
2 3 771 802 0 
3 2 0 803 
3 2 0 771 
3 2 0 741 
3 2 0 770 
3 2 0 750 
3 2 0 748 
3 2 0 742 
3 2 0 747 
3 2 0 743 
3 2 0 746 
3 2 0 744 
3 2 0 745 
3 2 0 749 
3 2 0 769 
3 2 0 751 
3 2 0 768 
3 2 0 752 
3 2 0 767 
3 2 0 757 
3 2 0 753 
3 2 0 756 
3 2 0 754 
3 2 0 755 
3 2 0 766 
3 2 0 758 
3 2 0 765 
3 2 0 759 
3 2 0 764 
3 2 0 760 
3 2 0 763 
3 2 0 761 
3 2 0 762 
3 2 0 802 
3 2 0 772 
3 2 0 801 
3 2 0 773 
3 2 0 800 
3 2 0 798 
3 2 0 774 
3 2 0 797 
3 2 0 781 
3 2 0 779 
3 2 0 775 
3 2 0 778 
3 2 0 776 
3 2 0 777 
3 2 0 780 
3 2 0 796 
3 2 0 786 
3 2 0 782 
3 2 0 785 
3 2 0 783 
3 2 0 784 
3 2 0 795 
3 2 0 787 
3 2 0 794 
3 2 0 790 
3 2 0 788 
3 2 0 789 
3 2 0 793 
3 2 0 791 
3 2 0 792 
3 2 0 799 
1 1 0 
1 1 0 
1 1 0 
2 3 868 869 0 
1 1 0 
1 1 0 
1 1 0 
2 3 872 873 0 
2 3 871 874 0 
2 3 870 875 0 
2 3 867 876 0 
1 1 0 
1 1 0 
1 1 0 
2 3 879 880 0 
1 1 0 
1 1 0 
2 3 882 883 0 
1 1 0 
1 1 0 
1 1 0 
1 1 0 
2 3 887 888 0 
1 1 0 
1 1 0 
1 1 0 
1 1 0 
1 1 0 
2 3 893 894 0 
1 1 0 
2 3 895 896 0 
2 3 892 897 0 
2 3 891 898 0 
2 3 890 899 0 
2 3 889 900 0 
2 3 886 901 0 
2 3 885 902 0 
2 3 884 903 0 
2 3 881 904 0 
1 1 0 
2 3 905 906 0 
2 3 878 907 0 
2 3 877 908 0 
3 2 0 909 
3 2 0 877 
3 2 0 867 
3 2 0 876 
3 2 0 870 
3 2 0 868 
3 2 0 869 
3 2 0 875 
3 2 0 871 
3 2 0 874 
3 2 0 872 
3 2 0 873 
3 2 0 908 
3 2 0 878 
3 2 0 907 
3 2 0 905 
3 2 0 881 
3 2 0 879 
3 2 0 880 
3 2 0 904 
3 2 0 884 
3 2 0 882 
3 2 0 883 
3 2 0 903 
3 2 0 885 
3 2 0 902 
3 2 0 886 
3 2 0 901 
3 2 0 889 
3 2 0 887 
3 2 0 888 
3 2 0 900 
3 2 0 890 
3 2 0 899 
3 2 0 891 
3 2 0 898 
3 2 0 892 
3 2 0 897 
3 2 0 895 
3 2 0 893 
3 2 0 894 
3 2 0 896 
3 2 0 906 
1 1 0 
1 1 0 
2 3 953 954 0 
1 1 0 
1 1 0 
1 1 0 
1 1 0 
1 1 0 
1 1 0 
1 1 0 
1 1 0 
1 1 0 
1 1 0 
1 1 0 
2 3 965 966 0 
1 1 0 
2 3 967 968 0 
2 3 964 969 0 
2 3 963 970 0 
2 3 962 971 0 
2 3 961 972 0 
2 3 960 973 0 
2 3 959 974 0 
2 3 958 975 0 
2 3 957 976 0 
2 3 956 977 0 
1 1 0 
2 3 978 979 0 
2 3 955 980 0 
3 2 0 981 
3 2 0 955 
3 2 0 953 
3 2 0 954 
3 2 0 980 
3 2 0 978 
3 2 0 956 
3 2 0 977 
3 2 0 957 
3 2 0 976 
3 2 0 958 
3 2 0 975 
3 2 0 959 
3 2 0 974 
3 2 0 960 
3 2 0 973 
3 2 0 961 
3 2 0 972 
3 2 0 962 
3 2 0 971 
3 2 0 963 
3 2 0 970 
3 2 0 964 
3 2 0 969 
3 2 0 967 
3 2 0 965 
3 2 0 966 
3 2 0 968 
3 2 0 979 
1 1 0 
1 1 0 
1 1 0 
1 1 0 
1 1 0 
2 3 1014 1015 0 
2 3 1013 1016 0 
1 1 0 
1 1 0 
1 1 0 
2 3 1019 1020 0 
2 3 1018 1021 0 
2 3 1017 1022 0 
2 3 1012 1023 0 
2 3 1011 1024 0 
1 1 0 
1 1 0 
2 3 1026 1027 0 
2 3 1025 1028 0 
1 1 0 
1 1 0 
1 1 0 
1 1 0 
2 3 1032 1033 0 
1 1 0 
1 1 0 
2 3 1035 1036 0 
2 3 1034 1037 0 
1 1 0 
1 1 0 
2 3 1039 1040 0 
2 3 1038 1041 0 
2 3 1031 1042 0 
2 3 1030 1043 0 
2 3 1029 1044 0 
1 1 0 
2 3 1045 1046 0 
3 2 0 1047 
3 2 0 1045 
3 2 0 1029 
3 2 0 1025 
3 2 0 1011 
3 2 0 1024 
3 2 0 1012 
3 2 0 1023 
3 2 0 1017 
3 2 0 1013 
3 2 0 1016 
3 2 0 1014 
3 2 0 1015 
3 2 0 1022 
3 2 0 1018 
3 2 0 1021 
3 2 0 1019 
3 2 0 1020 
3 2 0 1028 
3 2 0 1026 
3 2 0 1027 
3 2 0 1044 
3 2 0 1030 
3 2 0 1043 
3 2 0 1031 
3 2 0 1042 
3 2 0 1038 
3 2 0 1034 
3 2 0 1032 
3 2 0 1033 
3 2 0 1037 
3 2 0 1035 
3 2 0 1036 
3 2 0 1041 
3 2 0 1039 
3 2 0 1040 
3 2 0 1046 
1 1 0 
1 1 0 
1 1 0 
1 1 0 
2 3 1087 1088 0 
1 1 0 
1 1 0 
1 1 0 
1 1 0 
1 1 0 
2 3 1093 1094 0 
2 3 1092 1095 0 
2 3 1091 1096 0 
2 3 1090 1097 0 
2 3 1089 1098 0 
2 3 1086 1099 0 
2 3 1085 1100 0 
1 1 0 
1 1 0 
1 1 0 
1 1 0 
2 3 1104 1105 0 
2 3 1103 1106 0 
1 1 0 
1 1 0 
1 1 0 
1 1 0 
1 1 0 
2 3 1111 1112 0 
2 3 1110 1113 0 
2 3 1109 1114 0 
2 3 1108 1115 0 
2 3 1107 1116 0 
2 3 1102 1117 0 
1 1 0 
2 3 1118 1119 0 
2 3 1101 1120 0 
3 2 0 1121 
3 2 0 1101 
3 2 0 1085 
3 2 0 1100 
3 2 0 1086 
3 2 0 1099 
3 2 0 1089 
3 2 0 1087 
3 2 0 1088 
3 2 0 1098 
3 2 0 1090 
3 2 0 1097 
3 2 0 1091 
3 2 0 1096 
3 2 0 1092 
3 2 0 1095 
3 2 0 1093 
3 2 0 1094 
3 2 0 1120 
3 2 0 1118 
3 2 0 1102 
3 2 0 1117 
3 2 0 1107 
3 2 0 1103 
3 2 0 1106 
3 2 0 1104 
3 2 0 1105 
3 2 0 1116 
3 2 0 1108 
3 2 0 1115 
3 2 0 1109 
3 2 0 1114 
3 2 0 1110 
3 2 0 1113 
3 2 0 1111 
3 2 0 1112 
3 2 0 1119 
1 1 0 
1 1 0 
2 3 1159 1160 0 
1 1 0 
1 1 0 
1 1 0 
2 3 1163 1164 0 
1 1 0 
1 1 0 
1 1 0 
1 1 0 
2 3 1168 1169 0 
2 3 1167 1170 0 
2 3 1166 1171 0 
2 3 1165 1172 0 
1 1 0 
2 3 1173 1174 0 
1 1 0 
2 3 1175 1176 0 
2 3 1162 1177 0 
2 3 1161 1178 0 
1 1 0 
1 1 0 
1 1 0 
2 3 1181 1182 0 
1 1 0 
1 1 0 
2 3 1184 1185 0 
2 3 1183 1186 0 
2 3 1180 1187 0 
1 1 0 
2 3 1188 1189 0 
2 3 1179 1190 0 
3 2 0 1191 
3 2 0 1179 
3 2 0 1161 
3 2 0 1159 
3 2 0 1160 
3 2 0 1178 
3 2 0 1162 
3 2 0 1177 
3 2 0 1175 
3 2 0 1173 
3 2 0 1165 
3 2 0 1163 
3 2 0 1164 
3 2 0 1172 
3 2 0 1166 
3 2 0 1171 
3 2 0 1167 
3 2 0 1170 
3 2 0 1168 
3 2 0 1169 
3 2 0 1174 
3 2 0 1176 
3 2 0 1190 
3 2 0 1188 
3 2 0 1180 
3 2 0 1187 
3 2 0 1183 
3 2 0 1181 
3 2 0 1182 
3 2 0 1186 
3 2 0 1184 
3 2 0 1185 
3 2 0 1189 
1 1 0 
1 1 0 
1 1 0 
2 3 1226 1227 0 
1 1 0 
2 3 1228 1229 0 
2 3 1225 1230 0 
1 1 0 
1 1 0 
1 1 0 
2 3 1233 1234 0 
1 1 0 
1 1 0 
1 1 0 
1 1 0 
1 1 0 
1 1 0 
1 1 0 
2 3 1241 1242 0 
1 1 0 
1 1 0 
1 1 0 
2 3 1245 1246 0 
1 1 0 
2 3 1247 1248 0 
2 3 1244 1249 0 
2 3 1243 1250 0 
2 3 1240 1251 0 
2 3 1239 1252 0 
2 3 1238 1253 0 
2 3 1237 1254 0 
2 3 1236 1255 0 
2 3 1235 1256 0 
2 3 1232 1257 0 
1 1 0 
2 3 1258 1259 0 
2 3 1231 1260 0 
3 2 0 1261 
3 2 0 1231 
3 2 0 1225 
3 2 0 1230 
3 2 0 1228 
3 2 0 1226 
3 2 0 1227 
3 2 0 1229 
3 2 0 1260 
3 2 0 1258 
3 2 0 1232 
3 2 0 1257 
3 2 0 1235 
3 2 0 1233 
3 2 0 1234 
3 2 0 1256 
3 2 0 1236 
3 2 0 1255 
3 2 0 1237 
3 2 0 1254 
3 2 0 1238 
3 2 0 1253 
3 2 0 1239 
3 2 0 1252 
3 2 0 1240 
3 2 0 1251 
3 2 0 1243 
3 2 0 1241 
3 2 0 1242 
3 2 0 1250 
3 2 0 1244 
3 2 0 1249 
3 2 0 1247 
3 2 0 1245 
3 2 0 1246 
3 2 0 1248 
3 2 0 1259 
1 1 0 
1 1 0 
1 1 0 
2 3 1300 1301 0 
1 1 0 
1 1 0 
2 3 1303 1304 0 
1 1 0 
1 1 0 
1 1 0 
2 3 1307 1308 0 
2 3 1306 1309 0 
2 3 1305 1310 0 
1 1 0 
2 3 1311 1312 0 
2 3 1302 1313 0 
2 3 1299 1314 0 
3 2 0 1315 
3 2 0 1299 
3 2 0 1314 
3 2 0 1302 
3 2 0 1300 
3 2 0 1301 
3 2 0 1313 
3 2 0 1311 
3 2 0 1305 
3 2 0 1303 
3 2 0 1304 
3 2 0 1310 
3 2 0 1306 
3 2 0 1309 
3 2 0 1307 
3 2 0 1308 
3 2 0 1312 
1 1 0 
1 1 0 
1 1 0 
2 3 1334 1335 0 
2 3 1333 1336 0 
1 1 0 
2 3 1337 1338 0 
1 1 0 
1 1 0 
2 3 1340 1341 0 
1 1 0 
1 1 0 
2 3 1343 1344 0 
2 3 1342 1345 0 
2 3 1339 1346 0 
1 1 0 
2 3 1347 1348 0 
1 1 0 
1 1 0 
2 3 1350 1351 0 
1 1 0 
1 1 0 
1 1 0 
1 1 0 
2 3 1355 1356 0 
2 3 1354 1357 0 
2 3 1353 1358 0 
1 1 0 
1 1 0 
1 1 0 
1 1 0 
1 1 0 
1 1 0 
2 3 1364 1365 0 
2 3 1363 1366 0 
1 1 0 
1 1 0 
1 1 0 
2 3 1369 1370 0 
2 3 1368 1371 0 
2 3 1367 1372 0 
2 3 1362 1373 0 
2 3 1361 1374 0 
2 3 1360 1375 0 
2 3 1359 1376 0 
2 3 1352 1377 0 
2 3 1349 1378 0 
1 1 0 
2 3 1379 1380 0 
1 1 0 
1 1 0 
1 1 0 
1 1 0 
1 1 0 
2 3 1385 1386 0 
1 1 0 
2 3 1387 1388 0 
1 1 0 
2 3 1389 1390 0 
2 3 1384 1391 0 
2 3 1383 1392 0 
1 1 0 
1 1 0 
1 1 0 
1 1 0 
1 1 0 
2 3 1397 1398 0 
2 3 1396 1399 0 
2 3 1395 1400 0 
2 3 1394 1401 0 
2 3 1393 1402 0 
2 3 1382 1403 0 
2 3 1381 1404 0 
1 1 0 
2 3 1405 1406 0 
3 2 0 1407 
3 2 0 1405 
3 2 0 1381 
3 2 0 1379 
3 2 0 1349 
3 2 0 1347 
3 2 0 1339 
3 2 0 1337 
3 2 0 1333 
3 2 0 1336 
3 2 0 1334 
3 2 0 1335 
3 2 0 1338 
3 2 0 1346 
3 2 0 1342 
3 2 0 1340 
3 2 0 1341 
3 2 0 1345 
3 2 0 1343 
3 2 0 1344 
3 2 0 1348 
3 2 0 1378 
3 2 0 1352 
3 2 0 1350 
3 2 0 1351 
3 2 0 1377 
3 2 0 1359 
3 2 0 1353 
3 2 0 1358 
3 2 0 1354 
3 2 0 1357 
3 2 0 1355 
3 2 0 1356 
3 2 0 1376 
3 2 0 1360 
3 2 0 1375 
3 2 0 1361 
3 2 0 1374 
3 2 0 1362 
3 2 0 1373 
3 2 0 1367 
3 2 0 1363 
3 2 0 1366 
3 2 0 1364 
3 2 0 1365 
3 2 0 1372 
3 2 0 1368 
3 2 0 1371 
3 2 0 1369 
3 2 0 1370 
3 2 0 1380 
3 2 0 1404 
3 2 0 1382 
3 2 0 1403 
3 2 0 1393 
3 2 0 1383 
3 2 0 1392 
3 2 0 1384 
3 2 0 1391 
3 2 0 1389 
3 2 0 1387 
3 2 0 1385 
3 2 0 1386 
3 2 0 1388 
3 2 0 1390 
3 2 0 1402 
3 2 0 1394 
3 2 0 1401 
3 2 0 1395 
3 2 0 1400 
3 2 0 1396 
3 2 0 1399 
3 2 0 1397 
3 2 0 1398 
3 2 0 1406 
1 1 0 
1 1 0 
1 1 0 
1 1 0 
1 1 0 
1 1 0 
2 3 1487 1488 0 
1 1 0 
2 3 1489 1490 0 
1 1 0 
2 3 1491 1492 0 
1 1 0 
2 3 1493 1494 0 
1 1 0 
2 3 1495 1496 0 
1 1 0 
1 1 0 
2 3 1498 1499 0 
2 3 1497 1500 0 
2 3 1486 1501 0 
2 3 1485 1502 0 
2 3 1484 1503 0 
2 3 1483 1504 0 
1 1 0 
2 3 1505 1506 0 
1 1 0 
2 3 1507 1508 0 
1 1 0 
1 1 0 
1 1 0 
2 3 1511 1512 0 
1 1 0 
2 3 1513 1514 0 
2 3 1510 1515 0 
1 1 0 
1 1 0 
1 1 0 
2 3 1518 1519 0 
2 3 1517 1520 0 
2 3 1516 1521 0 
2 3 1509 1522 0 
1 1 0 
2 3 1523 1524 0 
3 2 0 1525 
3 2 0 1523 
3 2 0 1509 
3 2 0 1507 
3 2 0 1505 
3 2 0 1483 
3 2 0 1504 
3 2 0 1484 
3 2 0 1503 
3 2 0 1485 
3 2 0 1502 
3 2 0 1486 
3 2 0 1501 
3 2 0 1497 
3 2 0 1495 
3 2 0 1493 
3 2 0 1491 
3 2 0 1489 
3 2 0 1487 
3 2 0 1488 
3 2 0 1490 
3 2 0 1492 
3 2 0 1494 
3 2 0 1496 
3 2 0 1500 
3 2 0 1498 
3 2 0 1499 
3 2 0 1506 
3 2 0 1508 
3 2 0 1522 
3 2 0 1516 
3 2 0 1510 
3 2 0 1515 
3 2 0 1513 
3 2 0 1511 
3 2 0 1512 
3 2 0 1514 
3 2 0 1521 
3 2 0 1517 
3 2 0 1520 
3 2 0 1518 
3 2 0 1519 
3 2 0 1524 
1 1 0 
1 1 0 
2 3 1569 1570 0 
1 1 0 
2 3 1571 1572 0 
1 1 0 
1 1 0 
1 1 0 
2 3 1575 1576 0 
1 1 0 
2 3 1577 1578 0 
1 1 0 
1 1 0 
2 3 1580 1581 0 
2 3 1579 1582 0 
1 1 0 
1 1 0 
2 3 1584 1585 0 
1 1 0 
2 3 1586 1587 0 
1 1 0 
1 1 0 
2 3 1589 1590 0 
1 1 0 
1 1 0 
1 1 0 
1 1 0 
1 1 0 
1 1 0 
2 3 1596 1597 0 
2 3 1595 1598 0 
2 3 1594 1599 0 
2 3 1593 1600 0 
1 1 0 
1 1 0 
1 1 0 
2 3 1603 1604 0 
1 1 0 
1 1 0 
2 3 1606 1607 0 
1 1 0 
1 1 0 
1 1 0 
1 1 0 
1 1 0 
2 3 1612 1613 0 
1 1 0 
2 3 1614 1615 0 
2 3 1611 1616 0 
2 3 1610 1617 0 
2 3 1609 1618 0 
2 3 1608 1619 0 
1 1 0 
1 1 0 
2 3 1621 1622 0 
2 3 1620 1623 0 
2 3 1605 1624 0 
2 3 1602 1625 0 
2 3 1601 1626 0 
2 3 1592 1627 0 
2 3 1591 1628 0 
2 3 1588 1629 0 
2 3 1583 1630 0 
2 3 1574 1631 0 
1 1 0 
2 3 1632 1633 0 
2 3 1573 1634 0 
3 2 0 1635 
3 2 0 1573 
3 2 0 1571 
3 2 0 1569 
3 2 0 1570 
3 2 0 1572 
3 2 0 1634 
3 2 0 1632 
3 2 0 1574 
3 2 0 1631 
3 2 0 1583 
3 2 0 1579 
3 2 0 1577 
3 2 0 1575 
3 2 0 1576 
3 2 0 1578 
3 2 0 1582 
3 2 0 1580 
3 2 0 1581 
3 2 0 1630 
3 2 0 1588 
3 2 0 1586 
3 2 0 1584 
3 2 0 1585 
3 2 0 1587 
3 2 0 1629 
3 2 0 1591 
3 2 0 1589 
3 2 0 1590 
3 2 0 1628 
3 2 0 1592 
3 2 0 1627 
3 2 0 1601 
3 2 0 1593 
3 2 0 1600 
3 2 0 1594 
3 2 0 1599 
3 2 0 1595 
3 2 0 1598 
3 2 0 1596 
3 2 0 1597 
3 2 0 1626 
3 2 0 1602 
3 2 0 1625 
3 2 0 1605 
3 2 0 1603 
3 2 0 1604 
3 2 0 1624 
3 2 0 1620 
3 2 0 1608 
3 2 0 1606 
3 2 0 1607 
3 2 0 1619 
3 2 0 1609 
3 2 0 1618 
3 2 0 1610 
3 2 0 1617 
3 2 0 1611 
3 2 0 1616 
3 2 0 1614 
3 2 0 1612 
3 2 0 1613 
3 2 0 1615 
3 2 0 1623 
3 2 0 1621 
3 2 0 1622 
3 2 0 1633 
1 1 0 
1 1 0 
1 1 0 
2 3 1704 1705 0 
1 1 0 
1 1 0 
1 1 0 
2 3 1708 1709 0 
1 1 0 
1 1 0 
2 3 1711 1712 0 
2 3 1710 1713 0 
2 3 1707 1714 0 
2 3 1706 1715 0 
2 3 1703 1716 0 
1 1 0 
1 1 0 
1 1 0 
2 3 1719 1720 0 
1 1 0 
1 1 0 
2 3 1722 1723 0 
1 1 0 
1 1 0 
2 3 1725 1726 0 
1 1 0 
1 1 0 
1 1 0 
2 3 1729 1730 0 
2 3 1728 1731 0 
2 3 1727 1732 0 
2 3 1724 1733 0 
1 1 0 
2 3 1734 1735 0 
2 3 1721 1736 0 
2 3 1718 1737 0 
2 3 1717 1738 0 
3 2 0 1739 
3 2 0 1717 
3 2 0 1703 
3 2 0 1716 
3 2 0 1706 
3 2 0 1704 
3 2 0 1705 
3 2 0 1715 
3 2 0 1707 
3 2 0 1714 
3 2 0 1710 
3 2 0 1708 
3 2 0 1709 
3 2 0 1713 
3 2 0 1711 
3 2 0 1712 
3 2 0 1738 
3 2 0 1718 
3 2 0 1737 
3 2 0 1721 
3 2 0 1719 
3 2 0 1720 
3 2 0 1736 
3 2 0 1734 
3 2 0 1724 
3 2 0 1722 
3 2 0 1723 
3 2 0 1733 
3 2 0 1727 
3 2 0 1725 
3 2 0 1726 
3 2 0 1732 
3 2 0 1728 
3 2 0 1731 
3 2 0 1729 
3 2 0 1730 
3 2 0 1735 
1 1 0 
1 1 0 
1 1 0 
1 1 0 
1 1 0 
1 1 0 
2 3 1781 1782 0 
2 3 1780 1783 0 
1 1 0 
1 1 0 
1 1 0 
1 1 0 
2 3 1787 1788 0 
2 3 1786 1789 0 
2 3 1785 1790 0 
2 3 1784 1791 0 
2 3 1779 1792 0 
1 1 0 
2 3 1793 1794 0 
2 3 1778 1795 0 
2 3 1777 1796 0 
3 2 0 1797 
3 2 0 1777 
3 2 0 1796 
3 2 0 1778 
3 2 0 1795 
3 2 0 1793 
3 2 0 1779 
3 2 0 1792 
3 2 0 1784 
3 2 0 1780 
3 2 0 1783 
3 2 0 1781 
3 2 0 1782 
3 2 0 1791 
3 2 0 1785 
3 2 0 1790 
3 2 0 1786 
3 2 0 1789 
3 2 0 1787 
3 2 0 1788 
3 2 0 1794 
1 1 0 
1 1 0 
1 1 0 
2 3 1820 1821 0 
1 1 0 
1 1 0 
1 1 0 
2 3 1824 1825 0 
2 3 1823 1826 0 
2 3 1822 1827 0 
2 3 1819 1828 0 
1 1 0 
1 1 0 
1 1 0 
1 1 0 
1 1 0 
1 1 0 
1 1 0 
2 3 1835 1836 0 
2 3 1834 1837 0 
2 3 1833 1838 0 
2 3 1832 1839 0 
2 3 1831 1840 0 
2 3 1830 1841 0 
2 3 1829 1842 0 
1 1 0 
2 3 1843 1844 0 
1 1 0 
1 1 0 
1 1 0 
1 1 0 
1 1 0 
1 1 0 
2 3 1850 1851 0 
1 1 0 
2 3 1852 1853 0 
2 3 1849 1854 0 
1 1 0 
1 1 0 
1 1 0 
2 3 1857 1858 0 
1 1 0 
1 1 0 
1 1 0 
2 3 1861 1862 0 
2 3 1860 1863 0 
2 3 1859 1864 0 
2 3 1856 1865 0 
2 3 1855 1866 0 
2 3 1848 1867 0 
2 3 1847 1868 0 
2 3 1846 1869 0 
2 3 1845 1870 0 
1 1 0 
2 3 1871 1872 0 
3 2 0 1873 
3 2 0 1871 
3 2 0 1845 
3 2 0 1843 
3 2 0 1829 
3 2 0 1819 
3 2 0 1828 
3 2 0 1822 
3 2 0 1820 
3 2 0 1821 
3 2 0 1827 
3 2 0 1823 
3 2 0 1826 
3 2 0 1824 
3 2 0 1825 
3 2 0 1842 
3 2 0 1830 
3 2 0 1841 
3 2 0 1831 
3 2 0 1840 
3 2 0 1832 
3 2 0 1839 
3 2 0 1833 
3 2 0 1838 
3 2 0 1834 
3 2 0 1837 
3 2 0 1835 
3 2 0 1836 
3 2 0 1844 
3 2 0 1870 
3 2 0 1846 
3 2 0 1869 
3 2 0 1847 
3 2 0 1868 
3 2 0 1848 
3 2 0 1867 
3 2 0 1855 
3 2 0 1849 
3 2 0 1854 
3 2 0 1852 
3 2 0 1850 
3 2 0 1851 
3 2 0 1853 
3 2 0 1866 
3 2 0 1856 
3 2 0 1865 
3 2 0 1859 
3 2 0 1857 
3 2 0 1858 
3 2 0 1864 
3 2 0 1860 
3 2 0 1863 
3 2 0 1861 
3 2 0 1862 
3 2 0 1872 
1 1 0 
1 1 0 
1 1 0 
1 1 0 
2 3 1931 1932 0 
1 1 0 
1 1 0 
1 1 0 
1 1 0 
2 3 1936 1937 0 
2 3 1935 1938 0 
1 1 0 
1 1 0 
1 1 0 
2 3 1941 1942 0 
2 3 1940 1943 0 
2 3 1939 1944 0 
2 3 1934 1945 0 
2 3 1933 1946 0 
2 3 1930 1947 0 
1 1 0 
1 1 0 
1 1 0 
2 3 1950 1951 0 
2 3 1949 1952 0 
2 3 1948 1953 0 
1 1 0 
2 3 1954 1955 0 
2 3 1929 1956 0 
3 2 0 1957 
3 2 0 1929 
3 2 0 1956 
3 2 0 1954 
3 2 0 1948 
3 2 0 1930 
3 2 0 1947 
3 2 0 1933 
3 2 0 1931 
3 2 0 1932 
3 2 0 1946 
3 2 0 1934 
3 2 0 1945 
3 2 0 1939 
3 2 0 1935 
3 2 0 1938 
3 2 0 1936 
3 2 0 1937 
3 2 0 1944 
3 2 0 1940 
3 2 0 1943 
3 2 0 1941 
3 2 0 1942 
3 2 0 1953 
3 2 0 1949 
3 2 0 1952 
3 2 0 1950 
3 2 0 1951 
3 2 0 1955 
1 1 0 
1 1 0 
1 1 0 
1 1 0 
1 1 0 
2 3 1990 1991 0 
1 1 0 
1 1 0 
1 1 0 
1 1 0 
2 3 1995 1996 0 
2 3 1994 1997 0 
2 3 1993 1998 0 
2 3 1992 1999 0 
2 3 1989 2000 0 
2 3 1988 2001 0 
1 1 0 
2 3 2002 2003 0 
1 1 0 
1 1 0 
1 1 0 
2 3 2006 2007 0 
2 3 2005 2008 0 
2 3 2004 2009 0 
2 3 1987 2010 0 
1 1 0 
2 3 2011 2012 0 
1 1 0 
1 1 0 
1 1 0 
1 1 0 
1 1 0 
1 1 0 
1 1 0 
2 3 2019 2020 0 
2 3 2018 2021 0 
2 3 2017 2022 0 
2 3 2016 2023 0 
2 3 2015 2024 0 
2 3 2014 2025 0 
2 3 2013 2026 0 
1 1 0 
2 3 2027 2028 0 
3 2 0 2029 
3 2 0 2027 
3 2 0 2013 
3 2 0 2011 
3 2 0 1987 
3 2 0 2010 
3 2 0 2004 
3 2 0 2002 
3 2 0 1988 
3 2 0 2001 
3 2 0 1989 
3 2 0 2000 
3 2 0 1992 
3 2 0 1990 
3 2 0 1991 
3 2 0 1999 
3 2 0 1993 
3 2 0 1998 
3 2 0 1994 
3 2 0 1997 
3 2 0 1995 
3 2 0 1996 
3 2 0 2003 
3 2 0 2009 
3 2 0 2005 
3 2 0 2008 
3 2 0 2006 
3 2 0 2007 
3 2 0 2012 
3 2 0 2026 
3 2 0 2014 
3 2 0 2025 
3 2 0 2015 
3 2 0 2024 
3 2 0 2016 
3 2 0 2023 
3 2 0 2017 
3 2 0 2022 
3 2 0 2018 
3 2 0 2021 
3 2 0 2019 
3 2 0 2020 
3 2 0 2028 
1 1 0 
1 1 0 
1 1 0 
1 1 0 
1 1 0 
1 1 0 
1 1 0 
2 3 2078 2079 0 
2 3 2077 2080 0 
1 1 0 
1 1 0 
2 3 2082 2083 0 
2 3 2081 2084 0 
2 3 2076 2085 0 
1 1 0 
2 3 2086 2087 0 
1 1 0 
2 3 2088 2089 0 
2 3 2075 2090 0 
2 3 2074 2091 0 
2 3 2073 2092 0 
3 2 0 2093 
3 2 0 2073 
3 2 0 2092 
3 2 0 2074 
3 2 0 2091 
3 2 0 2075 
3 2 0 2090 
3 2 0 2088 
3 2 0 2086 
3 2 0 2076 
3 2 0 2085 
3 2 0 2081 
3 2 0 2077 
3 2 0 2080 
3 2 0 2078 
3 2 0 2079 
3 2 0 2084 
3 2 0 2082 
3 2 0 2083 
3 2 0 2087 
3 2 0 2089 
1 1 0 
1 1 0 
2 3 2115 2116 0 
1 1 0 
1 1 0 
1 1 0 
1 1 0 
2 3 2120 2121 0 
2 3 2119 2122 0 
2 3 2118 2123 0 
2 3 2117 2124 0 
1 1 0 
1 1 0 
1 1 0 
1 1 0 
1 1 0 
2 3 2129 2130 0 
2 3 2128 2131 0 
2 3 2127 2132 0 
2 3 2126 2133 0 
2 3 2125 2134 0 
1 1 0 
1 1 0 
1 1 0 
1 1 0 
2 3 2138 2139 0 
2 3 2137 2140 0 
1 1 0 
2 3 2141 2142 0 
2 3 2136 2143 0 
2 3 2135 2144 0 
1 1 0 
2 3 2145 2146 0 
3 2 0 2147 
3 2 0 2145 
3 2 0 2135 
3 2 0 2125 
3 2 0 2117 
3 2 0 2115 
3 2 0 2116 
3 2 0 2124 
3 2 0 2118 
3 2 0 2123 
3 2 0 2119 
3 2 0 2122 
3 2 0 2120 
3 2 0 2121 
3 2 0 2134 
3 2 0 2126 
3 2 0 2133 
3 2 0 2127 
3 2 0 2132 
3 2 0 2128 
3 2 0 2131 
3 2 0 2129 
3 2 0 2130 
3 2 0 2144 
3 2 0 2136 
3 2 0 2143 
3 2 0 2141 
3 2 0 2137 
3 2 0 2140 
3 2 0 2138 
3 2 0 2139 
3 2 0 2142 
3 2 0 2146 
1 1 0 
1 1 0 
1 1 0 
2 3 2182 2183 0 
1 1 0 
1 1 0 
2 3 2185 2186 0 
2 3 2184 2187 0 
1 1 0 
2 3 2188 2189 0 
2 3 2181 2190 0 
3 2 0 2191 
3 2 0 2181 
3 2 0 2190 
3 2 0 2188 
3 2 0 2184 
3 2 0 2182 
3 2 0 2183 
3 2 0 2187 
3 2 0 2185 
3 2 0 2186 
3 2 0 2189 
1 1 0 
1 1 0 
2 3 2203 2204 0 
1 1 0 
2 3 2205 2206 0 
1 1 0 
1 1 0 
2 3 2208 2209 0 
1 1 0 
1 1 0 
2 3 2211 2212 0 
2 3 2210 2213 0 
1 1 0 
2 3 2214 2215 0 
2 3 2207 2216 0 
1 1 0 
1 1 0 
1 1 0 
1 1 0 
1 1 0 
1 1 0 
2 3 2222 2223 0 
2 3 2221 2224 0 
2 3 2220 2225 0 
2 3 2219 2226 0 
1 1 0 
1 1 0 
1 1 0 
2 3 2229 2230 0 
1 1 0 
1 1 0 
1 1 0 
1 1 0 
2 3 2234 2235 0 
2 3 2233 2236 0 
2 3 2232 2237 0 
2 3 2231 2238 0 
1 1 0 
2 3 2239 2240 0 
1 1 0 
1 1 0 
1 1 0 
1 1 0 
1 1 0 
1 1 0 
1 1 0 
1 1 0 
1 1 0 
2 3 2249 2250 0 
2 3 2248 2251 0 
2 3 2247 2252 0 
2 3 2246 2253 0 
1 1 0 
1 1 0 
1 1 0 
1 1 0 
1 1 0 
1 1 0 
2 3 2259 2260 0 
2 3 2258 2261 0 
2 3 2257 2262 0 
2 3 2256 2263 0 
1 1 0 
1 1 0 
1 1 0 
2 3 2266 2267 0 
2 3 2265 2268 0 
2 3 2264 2269 0 
2 3 2255 2270 0 
2 3 2254 2271 0 
2 3 2245 2272 0 
2 3 2244 2273 0 
2 3 2243 2274 0 
2 3 2242 2275 0 
2 3 2241 2276 0 
2 3 2228 2277 0 
2 3 2227 2278 0 
2 3 2218 2279 0 
1 1 0 
2 3 2280 2281 0 
2 3 2217 2282 0 
3 2 0 2283 
3 2 0 2217 
3 2 0 2207 
3 2 0 2205 
3 2 0 2203 
3 2 0 2204 
3 2 0 2206 
3 2 0 2216 
3 2 0 2214 
3 2 0 2210 
3 2 0 2208 
3 2 0 2209 
3 2 0 2213 
3 2 0 2211 
3 2 0 2212 
3 2 0 2215 
3 2 0 2282 
3 2 0 2280 
3 2 0 2218 
3 2 0 2279 
3 2 0 2227 
3 2 0 2219 
3 2 0 2226 
3 2 0 2220 
3 2 0 2225 
3 2 0 2221 
3 2 0 2224 
3 2 0 2222 
3 2 0 2223 
3 2 0 2278 
3 2 0 2228 
3 2 0 2277 
3 2 0 2241 
3 2 0 2239 
3 2 0 2231 
3 2 0 2229 
3 2 0 2230 
3 2 0 2238 
3 2 0 2232 
3 2 0 2237 
3 2 0 2233 
3 2 0 2236 
3 2 0 2234 
3 2 0 2235 
3 2 0 2240 
3 2 0 2276 
3 2 0 2242 
3 2 0 2275 
3 2 0 2243 
3 2 0 2274 
3 2 0 2244 
3 2 0 2273 
3 2 0 2245 
3 2 0 2272 
3 2 0 2254 
3 2 0 2246 
3 2 0 2253 
3 2 0 2247 
3 2 0 2252 
3 2 0 2248 
3 2 0 2251 
3 2 0 2249 
3 2 0 2250 
3 2 0 2271 
3 2 0 2255 
3 2 0 2270 
3 2 0 2264 
3 2 0 2256 
3 2 0 2263 
3 2 0 2257 
3 2 0 2262 
3 2 0 2258 
3 2 0 2261 
3 2 0 2259 
3 2 0 2260 
3 2 0 2269 
3 2 0 2265 
3 2 0 2268 
3 2 0 2266 
3 2 0 2267 
3 2 0 2281 
1 1 0 
1 1 0 
1 1 0 
1 1 0 
2 3 2367 2368 0 
2 3 2366 2369 0 
2 3 2365 2370 0 
1 1 0 
1 1 0 
1 1 0 
1 1 0 
2 3 2374 2375 0 
2 3 2373 2376 0 
1 1 0 
2 3 2377 2378 0 
2 3 2372 2379 0 
2 3 2371 2380 0 
3 2 0 2381 
3 2 0 2371 
3 2 0 2365 
3 2 0 2370 
3 2 0 2366 
3 2 0 2369 
3 2 0 2367 
3 2 0 2368 
3 2 0 2380 
3 2 0 2372 
3 2 0 2379 
3 2 0 2377 
3 2 0 2373 
3 2 0 2376 
3 2 0 2374 
3 2 0 2375 
3 2 0 2378 
1 1 0 
1 1 0 
2 3 2399 2400 0 
1 1 0 
1 1 0 
1 1 0 
1 1 0 
2 3 2404 2405 0 
2 3 2403 2406 0 
1 1 0 
2 3 2407 2408 0 
1 1 0 
1 1 0 
2 3 2410 2411 0 
1 1 0 
1 1 0 
2 3 2413 2414 0 
2 3 2412 2415 0 
2 3 2409 2416 0 
2 3 2402 2417 0 
2 3 2401 2418 0 
1 1 0 
1 1 0 
1 1 0 
2 3 2421 2422 0 
1 1 0 
2 3 2423 2424 0 
2 3 2420 2425 0 
2 3 2419 2426 0 
1 1 0 
2 3 2427 2428 0 
1 1 0 
2 3 2429 2430 0 
1 1 0 
1 1 0 
2 3 2432 2433 0 
1 1 0 
1 1 0 
1 1 0 
2 3 2436 2437 0 
2 3 2435 2438 0 
1 1 0 
1 1 0 
1 1 0 
1 1 0 
1 1 0 
2 3 2443 2444 0 
2 3 2442 2445 0 
2 3 2441 2446 0 
2 3 2440 2447 0 
2 3 2439 2448 0 
2 3 2434 2449 0 
2 3 2431 2450 0 
1 1 0 
2 3 2451 2452 0 
3 2 0 2453 
3 2 0 2451 
3 2 0 2431 
3 2 0 2429 
3 2 0 2427 
3 2 0 2419 
3 2 0 2401 
3 2 0 2399 
3 2 0 2400 
3 2 0 2418 
3 2 0 2402 
3 2 0 2417 
3 2 0 2409 
3 2 0 2407 
3 2 0 2403 
3 2 0 2406 
3 2 0 2404 
3 2 0 2405 
3 2 0 2408 
3 2 0 2416 
3 2 0 2412 
3 2 0 2410 
3 2 0 2411 
3 2 0 2415 
3 2 0 2413 
3 2 0 2414 
3 2 0 2426 
3 2 0 2420 
3 2 0 2425 
3 2 0 2423 
3 2 0 2421 
3 2 0 2422 
3 2 0 2424 
3 2 0 2428 
3 2 0 2430 
3 2 0 2450 
3 2 0 2434 
3 2 0 2432 
3 2 0 2433 
3 2 0 2449 
3 2 0 2439 
3 2 0 2435 
3 2 0 2438 
3 2 0 2436 
3 2 0 2437 
3 2 0 2448 
3 2 0 2440 
3 2 0 2447 
3 2 0 2441 
3 2 0 2446 
3 2 0 2442 
3 2 0 2445 
3 2 0 2443 
3 2 0 2444 
3 2 0 2452 
1 1 0 
1 1 0 
1 1 0 
1 1 0 
1 1 0 
2 3 2512 2513 0 
2 3 2511 2514 0 
2 3 2510 2515 0 
2 3 2509 2516 0 
1 1 0 
1 1 0 
1 1 0 
2 3 2519 2520 0 
1 1 0 
1 1 0 
1 1 0 
1 1 0 
1 1 0 
2 3 2525 2526 0 
1 1 0 
2 3 2527 2528 0 
2 3 2524 2529 0 
1 1 0 
1 1 0 
1 1 0 
2 3 2532 2533 0 
1 1 0 
2 3 2534 2535 0 
2 3 2531 2536 0 
2 3 2530 2537 0 
2 3 2523 2538 0 
2 3 2522 2539 0 
2 3 2521 2540 0 
1 1 0 
2 3 2541 2542 0 
2 3 2518 2543 0 
2 3 2517 2544 0 
3 2 0 2545 
3 2 0 2517 
3 2 0 2509 
3 2 0 2516 
3 2 0 2510 
3 2 0 2515 
3 2 0 2511 
3 2 0 2514 
3 2 0 2512 
3 2 0 2513 
3 2 0 2544 
3 2 0 2518 
3 2 0 2543 
3 2 0 2541 
3 2 0 2521 
3 2 0 2519 
3 2 0 2520 
3 2 0 2540 
3 2 0 2522 
3 2 0 2539 
3 2 0 2523 
3 2 0 2538 
3 2 0 2530 
3 2 0 2524 
3 2 0 2529 
3 2 0 2527 
3 2 0 2525 
3 2 0 2526 
3 2 0 2528 
3 2 0 2537 
3 2 0 2531 
3 2 0 2536 
3 2 0 2534 
3 2 0 2532 
3 2 0 2533 
3 2 0 2535 
3 2 0 2542 
1 1 0 
1 1 0 
1 1 0 
1 1 0 
1 1 0 
2 3 2586 2587 0 
1 1 0 
2 3 2588 2589 0 
2 3 2585 2590 0 
2 3 2584 2591 0 
2 3 2583 2592 0 
1 1 0 
1 1 0 
1 1 0 
1 1 0 
2 3 2596 2597 0 
2 3 2595 2598 0 
2 3 2594 2599 0 
2 3 2593 2600 0 
1 1 0 
1 1 0 
1 1 0 
2 3 2603 2604 0 
1 1 0 
2 3 2605 2606 0 
2 3 2602 2607 0 
1 1 0 
1 1 0 
1 1 0 
1 1 0 
2 3 2611 2612 0 
1 1 0 
1 1 0 
1 1 0 
1 1 0 
1 1 0 
1 1 0 
1 1 0 
1 1 0 
2 3 2620 2621 0 
2 3 2619 2622 0 
2 3 2618 2623 0 
2 3 2617 2624 0 
2 3 2616 2625 0 
2 3 2615 2626 0 
1 1 0 
1 1 0 
1 1 0 
1 1 0 
2 3 2630 2631 0 
1 1 0 
2 3 2632 2633 0 
1 1 0 
1 1 0 
1 1 0 
2 3 2636 2637 0 
2 3 2635 2638 0 
1 1 0 
2 3 2639 2640 0 
1 1 0 
2 3 2641 2642 0 
1 1 0 
2 3 2643 2644 0 
2 3 2634 2645 0 
2 3 2629 2646 0 
2 3 2628 2647 0 
1 1 0 
2 3 2648 2649 0 
1 1 0 
1 1 0 
1 1 0 
1 1 0 
2 3 2653 2654 0 
2 3 2652 2655 0 
2 3 2651 2656 0 
2 3 2650 2657 0 
2 3 2627 2658 0 
2 3 2614 2659 0 
2 3 2613 2660 0 
2 3 2610 2661 0 
2 3 2609 2662 0 
2 3 2608 2663 0 
1 1 0 
2 3 2664 2665 0 
2 3 2601 2666 0 
3 2 0 2667 
3 2 0 2601 
3 2 0 2593 
3 2 0 2583 
3 2 0 2592 
3 2 0 2584 
3 2 0 2591 
3 2 0 2585 
3 2 0 2590 
3 2 0 2588 
3 2 0 2586 
3 2 0 2587 
3 2 0 2589 
3 2 0 2600 
3 2 0 2594 
3 2 0 2599 
3 2 0 2595 
3 2 0 2598 
3 2 0 2596 
3 2 0 2597 
3 2 0 2666 
3 2 0 2664 
3 2 0 2608 
3 2 0 2602 
3 2 0 2607 
3 2 0 2605 
3 2 0 2603 
3 2 0 2604 
3 2 0 2606 
3 2 0 2663 
3 2 0 2609 
3 2 0 2662 
3 2 0 2610 
3 2 0 2661 
3 2 0 2613 
3 2 0 2611 
3 2 0 2612 
3 2 0 2660 
3 2 0 2614 
3 2 0 2659 
3 2 0 2627 
3 2 0 2615 
3 2 0 2626 
3 2 0 2616 
3 2 0 2625 
3 2 0 2617 
3 2 0 2624 
3 2 0 2618 
3 2 0 2623 
3 2 0 2619 
3 2 0 2622 
3 2 0 2620 
3 2 0 2621 
3 2 0 2658 
3 2 0 2650 
3 2 0 2648 
3 2 0 2628 
3 2 0 2647 
3 2 0 2629 
3 2 0 2646 
3 2 0 2634 
3 2 0 2632 
3 2 0 2630 
3 2 0 2631 
3 2 0 2633 
3 2 0 2645 
3 2 0 2643 
3 2 0 2641 
3 2 0 2639 
3 2 0 2635 
3 2 0 2638 
3 2 0 2636 
3 2 0 2637 
3 2 0 2640 
3 2 0 2642 
3 2 0 2644 
3 2 0 2649 
3 2 0 2657 
3 2 0 2651 
3 2 0 2656 
3 2 0 2652 
3 2 0 2655 
3 2 0 2653 
3 2 0 2654 
3 2 0 2665 
1 1 0 
1 1 0 
2 3 2753 2754 0 
1 1 0 
1 1 0 
1 1 0 
2 3 2757 2758 0 
2 3 2756 2759 0 
2 3 2755 2760 0 
1 1 0 
2 3 2761 2762 0 
3 2 0 2763 
3 2 0 2761 
3 2 0 2755 
3 2 0 2753 
3 2 0 2754 
3 2 0 2760 
3 2 0 2756 
3 2 0 2759 
3 2 0 2757 
3 2 0 2758 
3 2 0 2762 
1 1 0 
1 1 0 
2 3 2775 2776 0 
1 1 0 
1 1 0 
1 1 0 
2 3 2779 2780 0 
1 1 0 
2 3 2781 2782 0 
2 3 2778 2783 0 
2 3 2777 2784 0 
1 1 0 
2 3 2785 2786 0 
3 2 0 2787 
3 2 0 2785 
3 2 0 2777 
3 2 0 2775 
3 2 0 2776 
3 2 0 2784 
3 2 0 2778 
3 2 0 2783 
3 2 0 2781 
3 2 0 2779 
3 2 0 2780 
3 2 0 2782 
3 2 0 2786 
1 1 0 
1 1 0 
1 1 0 
2 3 2802 2803 0 
1 1 0 
1 1 0 
2 3 2805 2806 0 
1 1 0 
1 1 0 
1 1 0 
1 1 0 
1 1 0 
2 3 2811 2812 0 
1 1 0 
2 3 2813 2814 0 
2 3 2810 2815 0 
2 3 2809 2816 0 
1 1 0 
2 3 2817 2818 0 
1 1 0 
1 1 0 
1 1 0 
1 1 0 
2 3 2822 2823 0 
1 1 0 
1 1 0 
1 1 0 
1 1 0 
2 3 2827 2828 0 
2 3 2826 2829 0 
2 3 2825 2830 0 
2 3 2824 2831 0 
2 3 2821 2832 0 
2 3 2820 2833 0 
2 3 2819 2834 0 
2 3 2808 2835 0 
2 3 2807 2836 0 
2 3 2804 2837 0 
1 1 0 
2 3 2838 2839 0 
2 3 2801 2840 0 
3 2 0 2841 
3 2 0 2801 
3 2 0 2840 
3 2 0 2838 
3 2 0 2804 
3 2 0 2802 
3 2 0 2803 
3 2 0 2837 
3 2 0 2807 
3 2 0 2805 
3 2 0 2806 
3 2 0 2836 
3 2 0 2808 
3 2 0 2835 
3 2 0 2819 
3 2 0 2817 
3 2 0 2809 
3 2 0 2816 
3 2 0 2810 
3 2 0 2815 
3 2 0 2813 
3 2 0 2811 
3 2 0 2812 
3 2 0 2814 
3 2 0 2818 
3 2 0 2834 
3 2 0 2820 
3 2 0 2833 
3 2 0 2821 
3 2 0 2832 
3 2 0 2824 
3 2 0 2822 
3 2 0 2823 
3 2 0 2831 
3 2 0 2825 
3 2 0 2830 
3 2 0 2826 
3 2 0 2829 
3 2 0 2827 
3 2 0 2828 
3 2 0 2839 
1 1 0 
1 1 0 
1 1 0 
1 1 0 
2 3 2885 2886 0 
2 3 2884 2887 0 
1 1 0 
1 1 0 
1 1 0 
1 1 0 
2 3 2891 2892 0 
1 1 0 
1 1 0 
2 3 2894 2895 0 
1 1 0 
1 1 0 
1 1 0 
2 3 2898 2899 0 
1 1 0 
2 3 2900 2901 0 
2 3 2897 2902 0 
2 3 2896 2903 0 
2 3 2893 2904 0 
2 3 2890 2905 0 
2 3 2889 2906 0 
2 3 2888 2907 0 
1 1 0 
2 3 2908 2909 0 
2 3 2883 2910 0 
3 2 0 2911 
3 2 0 2883 
3 2 0 2910 
3 2 0 2908 
3 2 0 2888 
3 2 0 2884 
3 2 0 2887 
3 2 0 2885 
3 2 0 2886 
3 2 0 2907 
3 2 0 2889 
3 2 0 2906 
3 2 0 2890 
3 2 0 2905 
3 2 0 2893 
3 2 0 2891 
3 2 0 2892 
3 2 0 2904 
3 2 0 2896 
3 2 0 2894 
3 2 0 2895 
3 2 0 2903 
3 2 0 2897 
3 2 0 2902 
3 2 0 2900 
3 2 0 2898 
3 2 0 2899 
3 2 0 2901 
3 2 0 2909 
1 1 0 
1 1 0 
2 3 2941 2942 0 
1 1 0 
1 1 0 
1 1 0 
1 1 0 
1 1 0 
1 1 0 
1 1 0 
2 3 2949 2950 0 
1 1 0 
2 3 2951 2952 0 
2 3 2948 2953 0 
2 3 2947 2954 0 
2 3 2946 2955 0 
2 3 2945 2956 0 
2 3 2944 2957 0 
1 1 0 
1 1 0 
1 1 0 
2 3 2960 2961 0 
2 3 2959 2962 0 
2 3 2958 2963 0 
1 1 0 
2 3 2964 2965 0 
1 1 0 
1 1 0 
2 3 2967 2968 0 
1 1 0 
2 3 2969 2970 0 
1 1 0 
2 3 2971 2972 0 
1 1 0 
2 3 2973 2974 0 
1 1 0 
1 1 0 
2 3 2976 2977 0 
2 3 2975 2978 0 
2 3 2966 2979 0 
1 1 0 
2 3 2980 2981 0 
2 3 2943 2982 0 
3 2 0 2983 
3 2 0 2943 
3 2 0 2941 
3 2 0 2942 
3 2 0 2982 
3 2 0 2980 
3 2 0 2966 
3 2 0 2964 
3 2 0 2958 
3 2 0 2944 
3 2 0 2957 
3 2 0 2945 
3 2 0 2956 
3 2 0 2946 
3 2 0 2955 
3 2 0 2947 
3 2 0 2954 
3 2 0 2948 
3 2 0 2953 
3 2 0 2951 
3 2 0 2949 
3 2 0 2950 
3 2 0 2952 
3 2 0 2963 
3 2 0 2959 
3 2 0 2962 
3 2 0 2960 
3 2 0 2961 
3 2 0 2965 
3 2 0 2979 
3 2 0 2975 
3 2 0 2973 
3 2 0 2971 
3 2 0 2969 
3 2 0 2967 
3 2 0 2968 
3 2 0 2970 
3 2 0 2972 
3 2 0 2974 
3 2 0 2978 
3 2 0 2976 
3 2 0 2977 
3 2 0 2981 
1 1 0 
1 1 0 
1 1 0 
2 3 3028 3029 0 
2 3 3027 3030 0 
1 1 0 
1 1 0 
1 1 0 
2 3 3033 3034 0 
1 1 0 
2 3 3035 3036 0 
2 3 3032 3037 0 
1 1 0 
2 3 3038 3039 0 
1 1 0 
1 1 0 
1 1 0 
1 1 0 
1 1 0 
1 1 0 
2 3 3045 3046 0 
2 3 3044 3047 0 
2 3 3043 3048 0 
2 3 3042 3049 0 
2 3 3041 3050 0 
2 3 3040 3051 0 
1 1 0 
2 3 3052 3053 0 
1 1 0 
2 3 3054 3055 0 
1 1 0 
1 1 0 
1 1 0 
1 1 0 
1 1 0 
1 1 0 
1 1 0 
1 1 0 
1 1 0 
2 3 3064 3065 0 
1 1 0 
1 1 0 
1 1 0 
1 1 0 
1 1 0 
2 3 3070 3071 0 
2 3 3069 3072 0 
2 3 3068 3073 0 
2 3 3067 3074 0 
2 3 3066 3075 0 
2 3 3063 3076 0 
2 3 3062 3077 0 
2 3 3061 3078 0 
2 3 3060 3079 0 
2 3 3059 3080 0 
2 3 3058 3081 0 
2 3 3057 3082 0 
2 3 3056 3083 0 
1 1 0 
2 3 3084 3085 0 
2 3 3031 3086 0 
3 2 0 3087 
3 2 0 3031 
3 2 0 3027 
3 2 0 3030 
3 2 0 3028 
3 2 0 3029 
3 2 0 3086 
3 2 0 3084 
3 2 0 3056 
3 2 0 3054 
3 2 0 3052 
3 2 0 3040 
3 2 0 3038 
3 2 0 3032 
3 2 0 3037 
3 2 0 3035 
3 2 0 3033 
3 2 0 3034 
3 2 0 3036 
3 2 0 3039 
3 2 0 3051 
3 2 0 3041 
3 2 0 3050 
3 2 0 3042 
3 2 0 3049 
3 2 0 3043 
3 2 0 3048 
3 2 0 3044 
3 2 0 3047 
3 2 0 3045 
3 2 0 3046 
3 2 0 3053 
3 2 0 3055 
3 2 0 3083 
3 2 0 3057 
3 2 0 3082 
3 2 0 3058 
3 2 0 3081 
3 2 0 3059 
3 2 0 3080 
3 2 0 3060 
3 2 0 3079 
3 2 0 3061 
3 2 0 3078 
3 2 0 3062 
3 2 0 3077 
3 2 0 3063 
3 2 0 3076 
3 2 0 3066 
3 2 0 3064 
3 2 0 3065 
3 2 0 3075 
3 2 0 3067 
3 2 0 3074 
3 2 0 3068 
3 2 0 3073 
3 2 0 3069 
3 2 0 3072 
3 2 0 3070 
3 2 0 3071 
3 2 0 3085 
1 1 0 
1 1 0 
1 1 0 
2 3 3150 3151 0 
1 1 0 
1 1 0 
1 1 0 
1 1 0 
2 3 3155 3156 0 
1 1 0 
1 1 0 
1 1 0 
2 3 3159 3160 0 
2 3 3158 3161 0 
2 3 3157 3162 0 
2 3 3154 3163 0 
2 3 3153 3164 0 
1 1 0 
1 1 0 
2 3 3166 3167 0 
1 1 0 
1 1 0 
2 3 3169 3170 0 
1 1 0 
2 3 3171 3172 0 
2 3 3168 3173 0 
2 3 3165 3174 0 
2 3 3152 3175 0 
1 1 0 
2 3 3176 3177 0 
2 3 3149 3178 0 
3 2 0 3179 
3 2 0 3149 
3 2 0 3178 
3 2 0 3176 
3 2 0 3152 
3 2 0 3150 
3 2 0 3151 
3 2 0 3175 
3 2 0 3165 
3 2 0 3153 
3 2 0 3164 
3 2 0 3154 
3 2 0 3163 
3 2 0 3157 
3 2 0 3155 
3 2 0 3156 
3 2 0 3162 
3 2 0 3158 
3 2 0 3161 
3 2 0 3159 
3 2 0 3160 
3 2 0 3174 
3 2 0 3168 
3 2 0 3166 
3 2 0 3167 
3 2 0 3173 
3 2 0 3171 
3 2 0 3169 
3 2 0 3170 
3 2 0 3172 
3 2 0 3177 
1 1 0 
1 1 0 
1 1 0 
2 3 3212 3213 0 
2 3 3211 3214 0 
1 1 0 
1 1 0 
2 3 3216 3217 0 
1 1 0 
2 3 3218 3219 0 
2 3 3215 3220 0 
1 1 0 
1 1 0 
1 1 0 
1 1 0 
2 3 3224 3225 0 
2 3 3223 3226 0 
2 3 3222 3227 0 
2 3 3221 3228 0 
1 1 0 
1 1 0 
2 3 3230 3231 0 
1 1 0 
1 1 0 
2 3 3233 3234 0 
2 3 3232 3235 0 
1 1 0 
2 3 3236 3237 0 
2 3 3229 3238 0 
3 2 0 3239 
3 2 0 3229 
3 2 0 3221 
3 2 0 3215 
3 2 0 3211 
3 2 0 3214 
3 2 0 3212 
3 2 0 3213 
3 2 0 3220 
3 2 0 3218 
3 2 0 3216 
3 2 0 3217 
3 2 0 3219 
3 2 0 3228 
3 2 0 3222 
3 2 0 3227 
3 2 0 3223 
3 2 0 3226 
3 2 0 3224 
3 2 0 3225 
3 2 0 3238 
3 2 0 3236 
3 2 0 3232 
3 2 0 3230 
3 2 0 3231 
3 2 0 3235 
3 2 0 3233 
3 2 0 3234 
3 2 0 3237 
1 1 0 
1 1 0 
2 3 3269 3270 0 
1 1 0 
1 1 0 
1 1 0 
1 1 0 
1 1 0 
2 3 3275 3276 0 
1 1 0 
2 3 3277 3278 0 
2 3 3274 3279 0 
2 3 3273 3280 0 
1 1 0 
1 1 0 
1 1 0 
1 1 0 
1 1 0 
1 1 0 
2 3 3286 3287 0 
2 3 3285 3288 0 
2 3 3284 3289 0 
2 3 3283 3290 0 
2 3 3282 3291 0 
2 3 3281 3292 0 
2 3 3272 3293 0 
2 3 3271 3294 0 
1 1 0 
1 1 0 
1 1 0 
1 1 0 
2 3 3298 3299 0 
1 1 0 
1 1 0 
2 3 3301 3302 0 
2 3 3300 3303 0 
1 1 0 
2 3 3304 3305 0 
2 3 3297 3306 0 
2 3 3296 3307 0 
2 3 3295 3308 0 
3 2 0 3309 
3 2 0 3295 
3 2 0 3271 
3 2 0 3269 
3 2 0 3270 
3 2 0 3294 
3 2 0 3272 
3 2 0 3293 
3 2 0 3281 
3 2 0 3273 
3 2 0 3280 
3 2 0 3274 
3 2 0 3279 
3 2 0 3277 
3 2 0 3275 
3 2 0 3276 
3 2 0 3278 
3 2 0 3292 
3 2 0 3282 
3 2 0 3291 
3 2 0 3283 
3 2 0 3290 
3 2 0 3284 
3 2 0 3289 
3 2 0 3285 
3 2 0 3288 
3 2 0 3286 
3 2 0 3287 
3 2 0 3308 
3 2 0 3296 
3 2 0 3307 
3 2 0 3297 
3 2 0 3306 
3 2 0 3304 
3 2 0 3300 
3 2 0 3298 
3 2 0 3299 
3 2 0 3303 
3 2 0 3301 
3 2 0 3302 
3 2 0 3305 
1 1 0 
1 1 0 
1 1 0 
1 1 0 
2 3 3353 3354 0 
1 1 0 
1 1 0 
1 1 0 
2 3 3357 3358 0 
1 1 0 
1 1 0 
1 1 0 
1 1 0 
2 3 3362 3363 0 
2 3 3361 3364 0 
2 3 3360 3365 0 
1 1 0 
2 3 3366 3367 0 
1 1 0 
1 1 0 
1 1 0 
2 3 3370 3371 0 
2 3 3369 3372 0 
1 1 0 
2 3 3373 3374 0 
1 1 0 
1 1 0 
1 1 0 
2 3 3377 3378 0 
2 3 3376 3379 0 
2 3 3375 3380 0 
2 3 3368 3381 0 
1 1 0 
2 3 3382 3383 0 
1 1 0 
2 3 3384 3385 0 
1 1 0 
1 1 0 
1 1 0 
1 1 0 
1 1 0 
2 3 3390 3391 0 
2 3 3389 3392 0 
2 3 3388 3393 0 
2 3 3387 3394 0 
2 3 3386 3395 0 
2 3 3359 3396 0 
2 3 3356 3397 0 
2 3 3355 3398 0 
2 3 3352 3399 0 
1 1 0 
2 3 3400 3401 0 
2 3 3351 3402 0 
3 2 0 3403 
3 2 0 3351 
3 2 0 3402 
3 2 0 3400 
3 2 0 3352 
3 2 0 3399 
3 2 0 3355 
3 2 0 3353 
3 2 0 3354 
3 2 0 3398 
3 2 0 3356 
3 2 0 3397 
3 2 0 3359 
3 2 0 3357 
3 2 0 3358 
3 2 0 3396 
3 2 0 3386 
3 2 0 3384 
3 2 0 3382 
3 2 0 3368 
3 2 0 3366 
3 2 0 3360 
3 2 0 3365 
3 2 0 3361 
3 2 0 3364 
3 2 0 3362 
3 2 0 3363 
3 2 0 3367 
3 2 0 3381 
3 2 0 3375 
3 2 0 3373 
3 2 0 3369 
3 2 0 3372 
3 2 0 3370 
3 2 0 3371 
3 2 0 3374 
3 2 0 3380 
3 2 0 3376 
3 2 0 3379 
3 2 0 3377 
3 2 0 3378 
3 2 0 3383 
3 2 0 3385 
3 2 0 3395 
3 2 0 3387 
3 2 0 3394 
3 2 0 3388 
3 2 0 3393 
3 2 0 3389 
3 2 0 3392 
3 2 0 3390 
3 2 0 3391 
3 2 0 3401 
1 1 0 
1 1 0 
1 1 0 
1 1 0 
2 3 3459 3460 0 
2 3 3458 3461 0 
2 3 3457 3462 0 
1 1 0 
2 3 3463 3464 0 
1 1 0 
2 3 3465 3466 0 
1 1 0 
1 1 0 
1 1 0 
1 1 0 
2 3 3470 3471 0 
2 3 3469 3472 0 
2 3 3468 3473 0 
2 3 3467 3474 0 
1 1 0 
2 3 3475 3476 0 
1 1 0 
1 1 0 
1 1 0 
1 1 0 
1 1 0 
2 3 3481 3482 0 
2 3 3480 3483 0 
1 1 0 
1 1 0 
1 1 0 
1 1 0 
2 3 3487 3488 0 
1 1 0 
1 1 0 
2 3 3490 3491 0 
2 3 3489 3492 0 
2 3 3486 3493 0 
1 1 0 
1 1 0 
1 1 0 
1 1 0 
2 3 3497 3498 0 
2 3 3496 3499 0 
2 3 3495 3500 0 
2 3 3494 3501 0 
2 3 3485 3502 0 
2 3 3484 3503 0 
2 3 3479 3504 0 
2 3 3478 3505 0 
1 1 0 
2 3 3506 3507 0 
2 3 3477 3508 0 
3 2 0 3509 
3 2 0 3477 
3 2 0 3475 
3 2 0 3467 
3 2 0 3465 
3 2 0 3463 
3 2 0 3457 
3 2 0 3462 
3 2 0 3458 
3 2 0 3461 
3 2 0 3459 
3 2 0 3460 
3 2 0 3464 
3 2 0 3466 
3 2 0 3474 
3 2 0 3468 
3 2 0 3473 
3 2 0 3469 
3 2 0 3472 
3 2 0 3470 
3 2 0 3471 
3 2 0 3476 
3 2 0 3508 
3 2 0 3506 
3 2 0 3478 
3 2 0 3505 
3 2 0 3479 
3 2 0 3504 
3 2 0 3484 
3 2 0 3480 
3 2 0 3483 
3 2 0 3481 
3 2 0 3482 
3 2 0 3503 
3 2 0 3485 
3 2 0 3502 
3 2 0 3494 
3 2 0 3486 
3 2 0 3493 
3 2 0 3489 
3 2 0 3487 
3 2 0 3488 
3 2 0 3492 
3 2 0 3490 
3 2 0 3491 
3 2 0 3501 
3 2 0 3495 
3 2 0 3500 
3 2 0 3496 
3 2 0 3499 
3 2 0 3497 
3 2 0 3498 
3 2 0 3507 
1 1 0 
1 1 0 
1 1 0 
1 1 0 
1 1 0 
2 3 3566 3567 0 
2 3 3565 3568 0 
1 1 0 
1 1 0 
1 1 0 
2 3 3571 3572 0 
2 3 3570 3573 0 
2 3 3569 3574 0 
2 3 3564 3575 0 
2 3 3563 3576 0 
1 1 0 
1 1 0 
1 1 0 
1 1 0 
2 3 3580 3581 0 
1 1 0 
1 1 0 
1 1 0 
2 3 3584 3585 0 
2 3 3583 3586 0 
2 3 3582 3587 0 
2 3 3579 3588 0 
1 1 0 
1 1 0 
1 1 0 
1 1 0 
2 3 3592 3593 0 
2 3 3591 3594 0 
1 1 0 
1 1 0 
1 1 0 
2 3 3597 3598 0 
2 3 3596 3599 0 
2 3 3595 3600 0 
2 3 3590 3601 0 
2 3 3589 3602 0 
2 3 3578 3603 0 
2 3 3577 3604 0 
1 1 0 
2 3 3605 3606 0 
3 2 0 3607 
3 2 0 3605 
3 2 0 3577 
3 2 0 3563 
3 2 0 3576 
3 2 0 3564 
3 2 0 3575 
3 2 0 3569 
3 2 0 3565 
3 2 0 3568 
3 2 0 3566 
3 2 0 3567 
3 2 0 3574 
3 2 0 3570 
3 2 0 3573 
3 2 0 3571 
3 2 0 3572 
3 2 0 3604 
3 2 0 3578 
3 2 0 3603 
3 2 0 3589 
3 2 0 3579 
3 2 0 3588 
3 2 0 3582 
3 2 0 3580 
3 2 0 3581 
3 2 0 3587 
3 2 0 3583 
3 2 0 3586 
3 2 0 3584 
3 2 0 3585 
3 2 0 3602 
3 2 0 3590 
3 2 0 3601 
3 2 0 3595 
3 2 0 3591 
3 2 0 3594 
3 2 0 3592 
3 2 0 3593 
3 2 0 3600 
3 2 0 3596 
3 2 0 3599 
3 2 0 3597 
3 2 0 3598 
3 2 0 3606 
1 1 0 
1 1 0 
1 1 0 
2 3 3654 3655 0 
2 3 3653 3656 0 
1 1 0 
2 3 3657 3658 0 
1 1 0 
1 1 0 
2 3 3660 3661 0 
2 3 3659 3662 0 
1 1 0 
2 3 3663 3664 0 
1 1 0 
1 1 0 
1 1 0 
2 3 3667 3668 0 
2 3 3666 3669 0 
2 3 3665 3670 0 
1 1 0 
1 1 0 
1 1 0 
1 1 0 
1 1 0 
1 1 0 
1 1 0 
1 1 0 
2 3 3678 3679 0 
1 1 0 
1 1 0 
1 1 0 
2 3 3682 3683 0 
1 1 0 
2 3 3684 3685 0 
1 1 0 
1 1 0 
1 1 0 
1 1 0 
2 3 3689 3690 0 
1 1 0 
1 1 0 
2 3 3692 3693 0 
1 1 0 
2 3 3694 3695 0 
1 1 0 
2 3 3696 3697 0 
1 1 0 
1 1 0 
1 1 0 
2 3 3700 3701 0 
2 3 3699 3702 0 
1 1 0 
2 3 3703 3704 0 
2 3 3698 3705 0 
2 3 3691 3706 0 
2 3 3688 3707 0 
2 3 3687 3708 0 
2 3 3686 3709 0 
2 3 3681 3710 0 
2 3 3680 3711 0 
2 3 3677 3712 0 
2 3 3676 3713 0 
2 3 3675 3714 0 
2 3 3674 3715 0 
2 3 3673 3716 0 
2 3 3672 3717 0 
1 1 0 
2 3 3718 3719 0 
2 3 3671 3720 0 
3 2 0 3721 
3 2 0 3671 
3 2 0 3665 
3 2 0 3663 
3 2 0 3659 
3 2 0 3657 
3 2 0 3653 
3 2 0 3656 
3 2 0 3654 
3 2 0 3655 
3 2 0 3658 
3 2 0 3662 
3 2 0 3660 
3 2 0 3661 
3 2 0 3664 
3 2 0 3670 
3 2 0 3666 
3 2 0 3669 
3 2 0 3667 
3 2 0 3668 
3 2 0 3720 
3 2 0 3718 
3 2 0 3672 
3 2 0 3717 
3 2 0 3673 
3 2 0 3716 
3 2 0 3674 
3 2 0 3715 
3 2 0 3675 
3 2 0 3714 
3 2 0 3676 
3 2 0 3713 
3 2 0 3677 
3 2 0 3712 
3 2 0 3680 
3 2 0 3678 
3 2 0 3679 
3 2 0 3711 
3 2 0 3681 
3 2 0 3710 
3 2 0 3686 
3 2 0 3684 
3 2 0 3682 
3 2 0 3683 
3 2 0 3685 
3 2 0 3709 
3 2 0 3687 
3 2 0 3708 
3 2 0 3688 
3 2 0 3707 
3 2 0 3691 
3 2 0 3689 
3 2 0 3690 
3 2 0 3706 
3 2 0 3698 
3 2 0 3696 
3 2 0 3694 
3 2 0 3692 
3 2 0 3693 
3 2 0 3695 
3 2 0 3697 
3 2 0 3705 
3 2 0 3703 
3 2 0 3699 
3 2 0 3702 
3 2 0 3700 
3 2 0 3701 
3 2 0 3704 
3 2 0 3719 
1 1 0 
1 1 0 
2 3 3791 3792 0 
1 1 0 
1 1 0 
1 1 0 
1 1 0 
1 1 0 
2 3 3797 3798 0 
2 3 3796 3799 0 
1 1 0 
2 3 3800 3801 0 
2 3 3795 3802 0 
2 3 3794 3803 0 
1 1 0 
2 3 3804 3805 0 
2 3 3793 3806 0 
3 2 0 3807 
3 2 0 3793 
3 2 0 3791 
3 2 0 3792 
3 2 0 3806 
3 2 0 3804 
3 2 0 3794 
3 2 0 3803 
3 2 0 3795 
3 2 0 3802 
3 2 0 3800 
3 2 0 3796 
3 2 0 3799 
3 2 0 3797 
3 2 0 3798 
3 2 0 3801 
3 2 0 3805 
1 1 0 
1 1 0 
1 1 0 
2 3 3826 3827 0 
1 1 0 
1 1 0 
1 1 0 
1 1 0 
1 1 0 
1 1 0 
1 1 0 
2 3 3834 3835 0 
2 3 3833 3836 0 
2 3 3832 3837 0 
2 3 3831 3838 0 
2 3 3830 3839 0 
2 3 3829 3840 0 
2 3 3828 3841 0 
2 3 3825 3842 0 
1 1 0 
1 1 0 
1 1 0 
1 1 0 
1 1 0 
2 3 3847 3848 0 
1 1 0 
1 1 0 
1 1 0 
1 1 0 
2 3 3852 3853 0 
2 3 3851 3854 0 
1 1 0 
1 1 0 
1 1 0 
2 3 3857 3858 0 
2 3 3856 3859 0 
2 3 3855 3860 0 
2 3 3850 3861 0 
2 3 3849 3862 0 
1 1 0 
2 3 3863 3864 0 
2 3 3846 3865 0 
2 3 3845 3866 0 
2 3 3844 3867 0 
2 3 3843 3868 0 
3 2 0 3869 
3 2 0 3843 
3 2 0 3825 
3 2 0 3842 
3 2 0 3828 
3 2 0 3826 
3 2 0 3827 
3 2 0 3841 
3 2 0 3829 
3 2 0 3840 
3 2 0 3830 
3 2 0 3839 
3 2 0 3831 
3 2 0 3838 
3 2 0 3832 
3 2 0 3837 
3 2 0 3833 
3 2 0 3836 
3 2 0 3834 
3 2 0 3835 
3 2 0 3868 
3 2 0 3844 
3 2 0 3867 
3 2 0 3845 
3 2 0 3866 
3 2 0 3846 
3 2 0 3865 
3 2 0 3863 
3 2 0 3849 
3 2 0 3847 
3 2 0 3848 
3 2 0 3862 
3 2 0 3850 
3 2 0 3861 
3 2 0 3855 
3 2 0 3851 
3 2 0 3854 
3 2 0 3852 
3 2 0 3853 
3 2 0 3860 
3 2 0 3856 
3 2 0 3859 
3 2 0 3857 
3 2 0 3858 
3 2 0 3864 
1 1 0 
1 1 0 
1 1 0 
1 1 0 
1 1 0 
1 1 0 
2 3 3919 3920 0 
2 3 3918 3921 0 
2 3 3917 3922 0 
1 1 0 
1 1 0 
1 1 0 
1 1 0 
1 1 0 
1 1 0 
1 1 0 
1 1 0 
1 1 0 
1 1 0 
2 3 3932 3933 0 
2 3 3931 3934 0 
2 3 3930 3935 0 
2 3 3929 3936 0 
2 3 3928 3937 0 
2 3 3927 3938 0 
1 1 0 
1 1 0 
1 1 0 
1 1 0 
2 3 3942 3943 0 
2 3 3941 3944 0 
2 3 3940 3945 0 
2 3 3939 3946 0 
2 3 3926 3947 0 
2 3 3925 3948 0 
2 3 3924 3949 0 
2 3 3923 3950 0 
2 3 3916 3951 0 
1 1 0 
2 3 3952 3953 0 
2 3 3915 3954 0 
3 2 0 3955 
3 2 0 3915 
3 2 0 3954 
3 2 0 3952 
3 2 0 3916 
3 2 0 3951 
3 2 0 3923 
3 2 0 3917 
3 2 0 3922 
3 2 0 3918 
3 2 0 3921 
3 2 0 3919 
3 2 0 3920 
3 2 0 3950 
3 2 0 3924 
3 2 0 3949 
3 2 0 3925 
3 2 0 3948 
3 2 0 3926 
3 2 0 3947 
3 2 0 3939 
3 2 0 3927 
3 2 0 3938 
3 2 0 3928 
3 2 0 3937 
3 2 0 3929 
3 2 0 3936 
3 2 0 3930 
3 2 0 3935 
3 2 0 3931 
3 2 0 3934 
3 2 0 3932 
3 2 0 3933 
3 2 0 3946 
3 2 0 3940 
3 2 0 3945 
3 2 0 3941 
3 2 0 3944 
3 2 0 3942 
3 2 0 3943 
3 2 0 3953 
1 1 0 
1 1 0 
1 1 0 
1 1 0 
1 1 0 
2 3 4000 4001 0 
1 1 0 
2 3 4002 4003 0 
2 3 3999 4004 0 
1 1 0 
2 3 4005 4006 0 
1 1 0 
1 1 0 
1 1 0 
1 1 0 
2 3 4010 4011 0 
2 3 4009 4012 0 
2 3 4008 4013 0 
1 1 0 
2 3 4014 4015 0 
2 3 4007 4016 0 
1 1 0 
2 3 4017 4018 0 
1 1 0 
1 1 0 
2 3 4020 4021 0 
1 1 0 
2 3 4022 4023 0 
2 3 4019 4024 0 
2 3 3998 4025 0 
1 1 0 
2 3 4026 4027 0 
2 3 3997 4028 0 
3 2 0 4029 
3 2 0 3997 
3 2 0 4028 
3 2 0 4026 
3 2 0 3998 
3 2 0 4025 
3 2 0 4019 
3 2 0 4017 
3 2 0 4007 
3 2 0 4005 
3 2 0 3999 
3 2 0 4004 
3 2 0 4002 
3 2 0 4000 
3 2 0 4001 
3 2 0 4003 
3 2 0 4006 
3 2 0 4016 
3 2 0 4014 
3 2 0 4008 
3 2 0 4013 
3 2 0 4009 
3 2 0 4012 
3 2 0 4010 
3 2 0 4011 
3 2 0 4015 
3 2 0 4018 
3 2 0 4024 
3 2 0 4022 
3 2 0 4020 
3 2 0 4021 
3 2 0 4023 
3 2 0 4027 
1 1 0 
1 1 0 
1 1 0 
2 3 4064 4065 0 
1 1 0 
2 3 4066 4067 0 
1 1 0 
2 3 4068 4069 0 
2 3 4063 4070 0 
1 1 0 
1 1 0 
1 1 0 
1 1 0 
2 3 4074 4075 0 
2 3 4073 4076 0 
1 1 0 
1 1 0 
1 1 0 
1 1 0 
1 1 0 
1 1 0 
1 1 0 
2 3 4083 4084 0 
2 3 4082 4085 0 
2 3 4081 4086 0 
2 3 4080 4087 0 
2 3 4079 4088 0 
2 3 4078 4089 0 
2 3 4077 4090 0 
2 3 4072 4091 0 
2 3 4071 4092 0 
1 1 0 
1 1 0 
1 1 0 
1 1 0 
1 1 0 
2 3 4097 4098 0 
2 3 4096 4099 0 
2 3 4095 4100 0 
2 3 4094 4101 0 
1 1 0 
2 3 4102 4103 0 
2 3 4093 4104 0 
3 2 0 4105 
3 2 0 4093 
3 2 0 4071 
3 2 0 4063 
3 2 0 4070 
3 2 0 4068 
3 2 0 4066 
3 2 0 4064 
3 2 0 4065 
3 2 0 4067 
3 2 0 4069 
3 2 0 4092 
3 2 0 4072 
3 2 0 4091 
3 2 0 4077 
3 2 0 4073 
3 2 0 4076 
3 2 0 4074 
3 2 0 4075 
3 2 0 4090 
3 2 0 4078 
3 2 0 4089 
3 2 0 4079 
3 2 0 4088 
3 2 0 4080 
3 2 0 4087 
3 2 0 4081 
3 2 0 4086 
3 2 0 4082 
3 2 0 4085 
3 2 0 4083 
3 2 0 4084 
3 2 0 4104 
3 2 0 4102 
3 2 0 4094 
3 2 0 4101 
3 2 0 4095 
3 2 0 4100 
3 2 0 4096 
3 2 0 4099 
3 2 0 4097 
3 2 0 4098 
3 2 0 4103 
1 1 0 
1 1 0 
1 1 0 
1 1 0 
1 1 0 
2 3 4152 4153 0 
2 3 4151 4154 0 
2 3 4150 4155 0 
2 3 4149 4156 0 
1 1 0 
1 1 0 
2 3 4158 4159 0 
2 3 4157 4160 0 
1 1 0 
2 3 4161 4162 0 
1 1 0 
1 1 0 
2 3 4164 4165 0 
1 1 0 
1 1 0 
1 1 0 
1 1 0 
1 1 0 
1 1 0 
1 1 0 
1 1 0 
1 1 0 
1 1 0 
1 1 0 
2 3 4176 4177 0 
2 3 4175 4178 0 
2 3 4174 4179 0 
2 3 4173 4180 0 
2 3 4172 4181 0 
2 3 4171 4182 0 
2 3 4170 4183 0 
2 3 4169 4184 0 
2 3 4168 4185 0 
2 3 4167 4186 0 
2 3 4166 4187 0 
2 3 4163 4188 0 
1 1 0 
2 3 4189 4190 0 
3 2 0 4191 
3 2 0 4189 
3 2 0 4163 
3 2 0 4161 
3 2 0 4157 
3 2 0 4149 
3 2 0 4156 
3 2 0 4150 
3 2 0 4155 
3 2 0 4151 
3 2 0 4154 
3 2 0 4152 
3 2 0 4153 
3 2 0 4160 
3 2 0 4158 
3 2 0 4159 
3 2 0 4162 
3 2 0 4188 
3 2 0 4166 
3 2 0 4164 
3 2 0 4165 
3 2 0 4187 
3 2 0 4167 
3 2 0 4186 
3 2 0 4168 
3 2 0 4185 
3 2 0 4169 
3 2 0 4184 
3 2 0 4170 
3 2 0 4183 
3 2 0 4171 
3 2 0 4182 
3 2 0 4172 
3 2 0 4181 
3 2 0 4173 
3 2 0 4180 
3 2 0 4174 
3 2 0 4179 
3 2 0 4175 
3 2 0 4178 
3 2 0 4176 
3 2 0 4177 
3 2 0 4190 
1 1 0 
1 1 0 
1 1 0 
1 1 0 
1 1 0 
2 3 4238 4239 0 
2 3 4237 4240 0 
1 1 0 
1 1 0 
1 1 0 
1 1 0 
2 3 4244 4245 0 
1 1 0 
2 3 4246 4247 0 
2 3 4243 4248 0 
1 1 0 
1 1 0 
1 1 0 
1 1 0 
1 1 0 
1 1 0 
1 1 0 
1 1 0 
1 1 0 
1 1 0 
2 3 4258 4259 0 
2 3 4257 4260 0 
2 3 4256 4261 0 
2 3 4255 4262 0 
2 3 4254 4263 0 
2 3 4253 4264 0 
2 3 4252 4265 0 
1 1 0 
1 1 0 
1 1 0 
1 1 0 
2 3 4269 4270 0 
2 3 4268 4271 0 
2 3 4267 4272 0 
2 3 4266 4273 0 
2 3 4251 4274 0 
2 3 4250 4275 0 
2 3 4249 4276 0 
2 3 4242 4277 0 
2 3 4241 4278 0 
2 3 4236 4279 0 
1 1 0 
2 3 4280 4281 0 
1 1 0 
2 3 4282 4283 0 
1 1 0 
1 1 0 
1 1 0 
1 1 0 
2 3 4287 4288 0 
2 3 4286 4289 0 
1 1 0 
1 1 0 
1 1 0 
2 3 4292 4293 0 
1 1 0 
1 1 0 
2 3 4295 4296 0 
2 3 4294 4297 0 
2 3 4291 4298 0 
2 3 4290 4299 0 
2 3 4285 4300 0 
1 1 0 
1 1 0 
1 1 0 
1 1 0 
2 3 4304 4305 0 
1 1 0 
1 1 0 
1 1 0 
2 3 4308 4309 0 
2 3 4307 4310 0 
2 3 4306 4311 0 
2 3 4303 4312 0 
1 1 0 
1 1 0 
2 3 4314 4315 0 
2 3 4313 4316 0 
2 3 4302 4317 0 
2 3 4301 4318 0 
2 3 4284 4319 0 
1 1 0 
2 3 4320 4321 0 
2 3 4235 4322 0 
3 2 0 4323 
3 2 0 4235 
3 2 0 4322 
3 2 0 4320 
3 2 0 4284 
3 2 0 4282 
3 2 0 4280 
3 2 0 4236 
3 2 0 4279 
3 2 0 4241 
3 2 0 4237 
3 2 0 4240 
3 2 0 4238 
3 2 0 4239 
3 2 0 4278 
3 2 0 4242 
3 2 0 4277 
3 2 0 4249 
3 2 0 4243 
3 2 0 4248 
3 2 0 4246 
3 2 0 4244 
3 2 0 4245 
3 2 0 4247 
3 2 0 4276 
3 2 0 4250 
3 2 0 4275 
3 2 0 4251 
3 2 0 4274 
3 2 0 4266 
3 2 0 4252 
3 2 0 4265 
3 2 0 4253 
3 2 0 4264 
3 2 0 4254 
3 2 0 4263 
3 2 0 4255 
3 2 0 4262 
3 2 0 4256 
3 2 0 4261 
3 2 0 4257 
3 2 0 4260 
3 2 0 4258 
3 2 0 4259 
3 2 0 4273 
3 2 0 4267 
3 2 0 4272 
3 2 0 4268 
3 2 0 4271 
3 2 0 4269 
3 2 0 4270 
3 2 0 4281 
3 2 0 4283 
3 2 0 4319 
3 2 0 4301 
3 2 0 4285 
3 2 0 4300 
3 2 0 4290 
3 2 0 4286 
3 2 0 4289 
3 2 0 4287 
3 2 0 4288 
3 2 0 4299 
3 2 0 4291 
3 2 0 4298 
3 2 0 4294 
3 2 0 4292 
3 2 0 4293 
3 2 0 4297 
3 2 0 4295 
3 2 0 4296 
3 2 0 4318 
3 2 0 4302 
3 2 0 4317 
3 2 0 4313 
3 2 0 4303 
3 2 0 4312 
3 2 0 4306 
3 2 0 4304 
3 2 0 4305 
3 2 0 4311 
3 2 0 4307 
3 2 0 4310 
3 2 0 4308 
3 2 0 4309 
3 2 0 4316 
3 2 0 4314 
3 2 0 4315 
3 2 0 4321 
1 1 0 
1 1 0 
1 1 0 
1 1 0 
1 1 0 
2 3 4416 4417 0 
2 3 4415 4418 0 
1 1 0 
1 1 0 
1 1 0 
1 1 0 
2 3 4422 4423 0 
2 3 4421 4424 0 
2 3 4420 4425 0 
2 3 4419 4426 0 
2 3 4414 4427 0 
1 1 0 
1 1 0 
1 1 0 
1 1 0 
1 1 0 
2 3 4432 4433 0 
2 3 4431 4434 0 
2 3 4430 4435 0 
1 1 0 
1 1 0 
2 3 4437 4438 0 
1 1 0 
1 1 0 
1 1 0 
1 1 0 
2 3 4442 4443 0 
2 3 4441 4444 0 
2 3 4440 4445 0 
2 3 4439 4446 0 
2 3 4436 4447 0 
2 3 4429 4448 0 
2 3 4428 4449 0 
1 1 0 
2 3 4450 4451 0 
1 1 0 
2 3 4452 4453 0 
2 3 4413 4454 0 
3 2 0 4455 
3 2 0 4413 
3 2 0 4454 
3 2 0 4452 
3 2 0 4450 
3 2 0 4428 
3 2 0 4414 
3 2 0 4427 
3 2 0 4419 
3 2 0 4415 
3 2 0 4418 
3 2 0 4416 
3 2 0 4417 
3 2 0 4426 
3 2 0 4420 
3 2 0 4425 
3 2 0 4421 
3 2 0 4424 
3 2 0 4422 
3 2 0 4423 
3 2 0 4449 
3 2 0 4429 
3 2 0 4448 
3 2 0 4436 
3 2 0 4430 
3 2 0 4435 
3 2 0 4431 
3 2 0 4434 
3 2 0 4432 
3 2 0 4433 
3 2 0 4447 
3 2 0 4439 
3 2 0 4437 
3 2 0 4438 
3 2 0 4446 
3 2 0 4440 
3 2 0 4445 
3 2 0 4441 
3 2 0 4444 
3 2 0 4442 
3 2 0 4443 
3 2 0 4451 
3 2 0 4453 
1 1 0 
1 1 0 
1 1 0 
1 1 0 
2 3 4501 4502 0 
1 1 0 
2 3 4503 4504 0 
2 3 4500 4505 0 
1 1 0 
1 1 0 
2 3 4507 4508 0 
2 3 4506 4509 0 
2 3 4499 4510 0 
1 1 0 
1 1 0 
1 1 0 
2 3 4513 4514 0 
1 1 0 
1 1 0 
1 1 0 
1 1 0 
1 1 0 
1 1 0 
2 3 4520 4521 0 
2 3 4519 4522 0 
2 3 4518 4523 0 
2 3 4517 4524 0 
2 3 4516 4525 0 
2 3 4515 4526 0 
2 3 4512 4527 0 
2 3 4511 4528 0 
1 1 0 
2 3 4529 4530 0 
3 2 0 4531 
3 2 0 4529 
3 2 0 4511 
3 2 0 4499 
3 2 0 4510 
3 2 0 4506 
3 2 0 4500 
3 2 0 4505 
3 2 0 4503 
3 2 0 4501 
3 2 0 4502 
3 2 0 4504 
3 2 0 4509 
3 2 0 4507 
3 2 0 4508 
3 2 0 4528 
3 2 0 4512 
3 2 0 4527 
3 2 0 4515 
3 2 0 4513 
3 2 0 4514 
3 2 0 4526 
3 2 0 4516 
3 2 0 4525 
3 2 0 4517 
3 2 0 4524 
3 2 0 4518 
3 2 0 4523 
3 2 0 4519 
3 2 0 4522 
3 2 0 4520 
3 2 0 4521 
3 2 0 4530 
1 1 0 
1 1 0 
1 1 0 
2 3 4566 4567 0 
2 3 4565 4568 0 
1 1 0 
1 1 0 
1 1 0 
1 1 0 
2 3 4572 4573 0 
2 3 4571 4574 0 
2 3 4570 4575 0 
2 3 4569 4576 0 
1 1 0 
1 1 0 
1 1 0 
2 3 4579 4580 0 
2 3 4578 4581 0 
1 1 0 
2 3 4582 4583 0 
2 3 4577 4584 0 
3 2 0 4585 
3 2 0 4577 
3 2 0 4569 
3 2 0 4565 
3 2 0 4568 
3 2 0 4566 
3 2 0 4567 
3 2 0 4576 
3 2 0 4570 
3 2 0 4575 
3 2 0 4571 
3 2 0 4574 
3 2 0 4572 
3 2 0 4573 
3 2 0 4584 
3 2 0 4582 
3 2 0 4578 
3 2 0 4581 
3 2 0 4579 
3 2 0 4580 
3 2 0 4583 
1 1 0 
1 1 0 
1 1 0 
1 1 0 
1 1 0 
2 3 4610 4611 0 
2 3 4609 4612 0 
2 3 4608 4613 0 
1 1 0 
1 1 0 
1 1 0 
1 1 0 
2 3 4617 4618 0 
1 1 0 
1 1 0 
1 1 0 
1 1 0 
1 1 0 
1 1 0 
1 1 0 
1 1 0 
2 3 4626 4627 0 
2 3 4625 4628 0 
2 3 4624 4629 0 
2 3 4623 4630 0 
2 3 4622 4631 0 
2 3 4621 4632 0 
2 3 4620 4633 0 
2 3 4619 4634 0 
2 3 4616 4635 0 
2 3 4615 4636 0 
2 3 4614 4637 0 
1 1 0 
2 3 4638 4639 0 
2 3 4607 4640 0 
3 2 0 4641 
3 2 0 4607 
3 2 0 4640 
3 2 0 4638 
3 2 0 4614 
3 2 0 4608 
3 2 0 4613 
3 2 0 4609 
3 2 0 4612 
3 2 0 4610 
3 2 0 4611 
3 2 0 4637 
3 2 0 4615 
3 2 0 4636 
3 2 0 4616 
3 2 0 4635 
3 2 0 4619 
3 2 0 4617 
3 2 0 4618 
3 2 0 4634 
3 2 0 4620 
3 2 0 4633 
3 2 0 4621 
3 2 0 4632 
3 2 0 4622 
3 2 0 4631 
3 2 0 4623 
3 2 0 4630 
3 2 0 4624 
3 2 0 4629 
3 2 0 4625 
3 2 0 4628 
3 2 0 4626 
3 2 0 4627 
3 2 0 4639 
1 1 0 
1 1 0 
1 1 0 
1 1 0 
1 1 0 
2 3 4680 4681 0 
2 3 4679 4682 0 
1 1 0 
1 1 0 
1 1 0 
1 1 0 
1 1 0 
1 1 0 
1 1 0 
1 1 0 
1 1 0 
1 1 0 
2 3 4692 4693 0 
2 3 4691 4694 0 
2 3 4690 4695 0 
2 3 4689 4696 0 
2 3 4688 4697 0 
2 3 4687 4698 0 
1 1 0 
1 1 0 
2 3 4700 4701 0 
1 1 0 
2 3 4702 4703 0 
2 3 4699 4704 0 
2 3 4686 4705 0 
2 3 4685 4706 0 
2 3 4684 4707 0 
2 3 4683 4708 0 
2 3 4678 4709 0 
2 3 4677 4710 0 
1 1 0 
1 1 0 
1 1 0 
1 1 0 
1 1 0 
2 3 4715 4716 0 
2 3 4714 4717 0 
1 1 0 
1 1 0 
1 1 0 
1 1 0 
1 1 0 
1 1 0 
1 1 0 
2 3 4724 4725 0 
2 3 4723 4726 0 
1 1 0 
1 1 0 
1 1 0 
1 1 0 
2 3 4730 4731 0 
2 3 4729 4732 0 
2 3 4728 4733 0 
2 3 4727 4734 0 
2 3 4722 4735 0 
2 3 4721 4736 0 
2 3 4720 4737 0 
2 3 4719 4738 0 
2 3 4718 4739 0 
2 3 4713 4740 0 
2 3 4712 4741 0 
1 1 0 
2 3 4742 4743 0 
2 3 4711 4744 0 
3 2 0 4745 
3 2 0 4711 
3 2 0 4677 
3 2 0 4710 
3 2 0 4678 
3 2 0 4709 
3 2 0 4683 
3 2 0 4679 
3 2 0 4682 
3 2 0 4680 
3 2 0 4681 
3 2 0 4708 
3 2 0 4684 
3 2 0 4707 
3 2 0 4685 
3 2 0 4706 
3 2 0 4686 
3 2 0 4705 
3 2 0 4699 
3 2 0 4687 
3 2 0 4698 
3 2 0 4688 
3 2 0 4697 
3 2 0 4689 
3 2 0 4696 
3 2 0 4690 
3 2 0 4695 
3 2 0 4691 
3 2 0 4694 
3 2 0 4692 
3 2 0 4693 
3 2 0 4704 
3 2 0 4702 
3 2 0 4700 
3 2 0 4701 
3 2 0 4703 
3 2 0 4744 
3 2 0 4742 
3 2 0 4712 
3 2 0 4741 
3 2 0 4713 
3 2 0 4740 
3 2 0 4718 
3 2 0 4714 
3 2 0 4717 
3 2 0 4715 
3 2 0 4716 
3 2 0 4739 
3 2 0 4719 
3 2 0 4738 
3 2 0 4720 
3 2 0 4737 
3 2 0 4721 
3 2 0 4736 
3 2 0 4722 
3 2 0 4735 
3 2 0 4727 
3 2 0 4723 
3 2 0 4726 
3 2 0 4724 
3 2 0 4725 
3 2 0 4734 
3 2 0 4728 
3 2 0 4733 
3 2 0 4729 
3 2 0 4732 
3 2 0 4730 
3 2 0 4731 
3 2 0 4743 
1 1 0 
1 1 0 
1 1 0 
2 3 4816 4817 0 
2 3 4815 4818 0 
1 1 0 
2 3 4819 4820 0 
1 1 0 
1 1 0 
1 1 0 
2 3 4823 4824 0 
1 1 0 
1 1 0 
2 3 4826 4827 0 
1 1 0 
1 1 0 
1 1 0 
1 1 0 
2 3 4831 4832 0 
2 3 4830 4833 0 
2 3 4829 4834 0 
2 3 4828 4835 0 
2 3 4825 4836 0 
2 3 4822 4837 0 
1 1 0 
2 3 4838 4839 0 
2 3 4821 4840 0 
3 2 0 4841 
3 2 0 4821 
3 2 0 4819 
3 2 0 4815 
3 2 0 4818 
3 2 0 4816 
3 2 0 4817 
3 2 0 4820 
3 2 0 4840 
3 2 0 4838 
3 2 0 4822 
3 2 0 4837 
3 2 0 4825 
3 2 0 4823 
3 2 0 4824 
3 2 0 4836 
3 2 0 4828 
3 2 0 4826 
3 2 0 4827 
3 2 0 4835 
3 2 0 4829 
3 2 0 4834 
3 2 0 4830 
3 2 0 4833 
3 2 0 4831 
3 2 0 4832 
3 2 0 4839 
1 1 0 
1 1 0 
1 1 0 
1 1 0 
1 1 0 
1 1 0 
1 1 0 
1 1 0 
1 1 0 
1 1 0 
1 1 0 
2 3 4878 4879 0 
2 3 4877 4880 0 
2 3 4876 4881 0 
2 3 4875 4882 0 
2 3 4874 4883 0 
2 3 4873 4884 0 
2 3 4872 4885 0 
2 3 4871 4886 0 
2 3 4870 4887 0 
2 3 4869 4888 0 
1 1 0 
2 3 4889 4890 0 
1 1 0 
1 1 0 
2 3 4892 4893 0 
2 3 4891 4894 0 
1 1 0 
1 1 0 
1 1 0 
2 3 4897 4898 0 
1 1 0 
1 1 0 
1 1 0 
1 1 0 
1 1 0 
2 3 4903 4904 0 
2 3 4902 4905 0 
2 3 4901 4906 0 
2 3 4900 4907 0 
1 1 0 
1 1 0 
1 1 0 
1 1 0 
1 1 0 
2 3 4912 4913 0 
2 3 4911 4914 0 
2 3 4910 4915 0 
1 1 0 
1 1 0 
1 1 0 
1 1 0 
2 3 4919 4920 0 
2 3 4918 4921 0 
1 1 0 
1 1 0 
2 3 4923 4924 0 
2 3 4922 4925 0 
2 3 4917 4926 0 
2 3 4916 4927 0 
2 3 4909 4928 0 
2 3 4908 4929 0 
2 3 4899 4930 0 
2 3 4896 4931 0 
1 1 0 
2 3 4932 4933 0 
2 3 4895 4934 0 
3 2 0 4935 
3 2 0 4895 
3 2 0 4891 
3 2 0 4889 
3 2 0 4869 
3 2 0 4888 
3 2 0 4870 
3 2 0 4887 
3 2 0 4871 
3 2 0 4886 
3 2 0 4872 
3 2 0 4885 
3 2 0 4873 
3 2 0 4884 
3 2 0 4874 
3 2 0 4883 
3 2 0 4875 
3 2 0 4882 
3 2 0 4876 
3 2 0 4881 
3 2 0 4877 
3 2 0 4880 
3 2 0 4878 
3 2 0 4879 
3 2 0 4890 
3 2 0 4894 
3 2 0 4892 
3 2 0 4893 
3 2 0 4934 
3 2 0 4932 
3 2 0 4896 
3 2 0 4931 
3 2 0 4899 
3 2 0 4897 
3 2 0 4898 
3 2 0 4930 
3 2 0 4908 
3 2 0 4900 
3 2 0 4907 
3 2 0 4901 
3 2 0 4906 
3 2 0 4902 
3 2 0 4905 
3 2 0 4903 
3 2 0 4904 
3 2 0 4929 
3 2 0 4909 
3 2 0 4928 
3 2 0 4916 
3 2 0 4910 
3 2 0 4915 
3 2 0 4911 
3 2 0 4914 
3 2 0 4912 
3 2 0 4913 
3 2 0 4927 
3 2 0 4917 
3 2 0 4926 
3 2 0 4922 
3 2 0 4918 
3 2 0 4921 
3 2 0 4919 
3 2 0 4920 
3 2 0 4925 
3 2 0 4923 
3 2 0 4924 
3 2 0 4933 
1 1 0 
1 1 0 
1 1 0 
1 1 0 
1 1 0 
2 3 5006 5007 0 
2 3 5005 5008 0 
1 1 0 
1 1 0 
2 3 5010 5011 0 
1 1 0 
2 3 5012 5013 0 
2 3 5009 5014 0 
2 3 5004 5015 0 
2 3 5003 5016 0 
1 1 0 
1 1 0 
1 1 0 
1 1 0 
2 3 5020 5021 0 
2 3 5019 5022 0 
1 1 0 
1 1 0 
1 1 0 
2 3 5025 5026 0 
2 3 5024 5027 0 
2 3 5023 5028 0 
2 3 5018 5029 0 
1 1 0 
2 3 5030 5031 0 
2 3 5017 5032 0 
3 2 0 5033 
3 2 0 5017 
3 2 0 5003 
3 2 0 5016 
3 2 0 5004 
3 2 0 5015 
3 2 0 5009 
3 2 0 5005 
3 2 0 5008 
3 2 0 5006 
3 2 0 5007 
3 2 0 5014 
3 2 0 5012 
3 2 0 5010 
3 2 0 5011 
3 2 0 5013 
3 2 0 5032 
3 2 0 5030 
3 2 0 5018 
3 2 0 5029 
3 2 0 5023 
3 2 0 5019 
3 2 0 5022 
3 2 0 5020 
3 2 0 5021 
3 2 0 5028 
3 2 0 5024 
3 2 0 5027 
3 2 0 5025 
3 2 0 5026 
3 2 0 5031 
1 1 0 
1 1 0 
1 1 0 
1 1 0 
1 1 0 
2 3 5068 5069 0 
2 3 5067 5070 0 
1 1 0 
1 1 0 
1 1 0 
1 1 0 
1 1 0 
2 3 5075 5076 0 
1 1 0 
2 3 5077 5078 0 
2 3 5074 5079 0 
2 3 5073 5080 0 
2 3 5072 5081 0 
2 3 5071 5082 0 
2 3 5066 5083 0 
1 1 0 
2 3 5084 5085 0 
1 1 0 
2 3 5086 5087 0 
2 3 5065 5088 0 
3 2 0 5089 
3 2 0 5065 
3 2 0 5088 
3 2 0 5086 
3 2 0 5084 
3 2 0 5066 
3 2 0 5083 
3 2 0 5071 
3 2 0 5067 
3 2 0 5070 
3 2 0 5068 
3 2 0 5069 
3 2 0 5082 
3 2 0 5072 
3 2 0 5081 
3 2 0 5073 
3 2 0 5080 
3 2 0 5074 
3 2 0 5079 
3 2 0 5077 
3 2 0 5075 
3 2 0 5076 
3 2 0 5078 
3 2 0 5085 
3 2 0 5087 
1 1 0 
1 1 0 
1 1 0 
2 3 5116 5117 0 
2 3 5115 5118 0 
1 1 0 
2 3 5119 5120 0 
1 1 0 
1 1 0 
1 1 0 
1 1 0 
1 1 0 
1 1 0 
1 1 0 
1 1 0 
2 3 5128 5129 0 
1 1 0 
1 1 0 
1 1 0 
2 3 5132 5133 0 
2 3 5131 5134 0 
2 3 5130 5135 0 
2 3 5127 5136 0 
2 3 5126 5137 0 
1 1 0 
1 1 0 
1 1 0 
2 3 5140 5141 0 
1 1 0 
1 1 0 
1 1 0 
1 1 0 
1 1 0 
2 3 5146 5147 0 
2 3 5145 5148 0 
2 3 5144 5149 0 
1 1 0 
1 1 0 
1 1 0 
1 1 0 
1 1 0 
2 3 5154 5155 0 
2 3 5153 5156 0 
2 3 5152 5157 0 
2 3 5151 5158 0 
1 1 0 
2 3 5159 5160 0 
1 1 0 
1 1 0 
2 3 5162 5163 0 
2 3 5161 5164 0 
2 3 5150 5165 0 
2 3 5143 5166 0 
2 3 5142 5167 0 
2 3 5139 5168 0 
2 3 5138 5169 0 
2 3 5125 5170 0 
2 3 5124 5171 0 
2 3 5123 5172 0 
2 3 5122 5173 0 
1 1 0 
2 3 5174 5175 0 
2 3 5121 5176 0 
3 2 0 5177 
3 2 0 5121 
3 2 0 5119 
3 2 0 5115 
3 2 0 5118 
3 2 0 5116 
3 2 0 5117 
3 2 0 5120 
3 2 0 5176 
3 2 0 5174 
3 2 0 5122 
3 2 0 5173 
3 2 0 5123 
3 2 0 5172 
3 2 0 5124 
3 2 0 5171 
3 2 0 5125 
3 2 0 5170 
3 2 0 5138 
3 2 0 5126 
3 2 0 5137 
3 2 0 5127 
3 2 0 5136 
3 2 0 5130 
3 2 0 5128 
3 2 0 5129 
3 2 0 5135 
3 2 0 5131 
3 2 0 5134 
3 2 0 5132 
3 2 0 5133 
3 2 0 5169 
3 2 0 5139 
3 2 0 5168 
3 2 0 5142 
3 2 0 5140 
3 2 0 5141 
3 2 0 5167 
3 2 0 5143 
3 2 0 5166 
3 2 0 5150 
3 2 0 5144 
3 2 0 5149 
3 2 0 5145 
3 2 0 5148 
3 2 0 5146 
3 2 0 5147 
3 2 0 5165 
3 2 0 5161 
3 2 0 5159 
3 2 0 5151 
3 2 0 5158 
3 2 0 5152 
3 2 0 5157 
3 2 0 5153 
3 2 0 5156 
3 2 0 5154 
3 2 0 5155 
3 2 0 5160 
3 2 0 5164 
3 2 0 5162 
3 2 0 5163 
3 2 0 5175 
1 1 0 
1 1 0 
1 1 0 
1 1 0 
2 3 5243 5244 0 
1 1 0 
1 1 0 
1 1 0 
1 1 0 
2 3 5248 5249 0 
1 1 0 
1 1 0 
1 1 0 
2 3 5252 5253 0 
2 3 5251 5254 0 
2 3 5250 5255 0 
2 3 5247 5256 0 
2 3 5246 5257 0 
2 3 5245 5258 0 
1 1 0 
1 1 0 
2 3 5260 5261 0 
1 1 0 
2 3 5262 5263 0 
2 3 5259 5264 0 
1 1 0 
2 3 5265 5266 0 
1 1 0 
2 3 5267 5268 0 
1 1 0 
1 1 0 
1 1 0 
1 1 0 
1 1 0 
2 3 5273 5274 0 
1 1 0 
1 1 0 
1 1 0 
2 3 5277 5278 0 
1 1 0 
1 1 0 
1 1 0 
1 1 0 
2 3 5282 5283 0 
2 3 5281 5284 0 
2 3 5280 5285 0 
2 3 5279 5286 0 
2 3 5276 5287 0 
2 3 5275 5288 0 
2 3 5272 5289 0 
2 3 5271 5290 0 
2 3 5270 5291 0 
2 3 5269 5292 0 
2 3 5242 5293 0 
1 1 0 
2 3 5294 5295 0 
2 3 5241 5296 0 
3 2 0 5297 
3 2 0 5241 
3 2 0 5296 
3 2 0 5294 
3 2 0 5242 
3 2 0 5293 
3 2 0 5269 
3 2 0 5267 
3 2 0 5265 
3 2 0 5259 
3 2 0 5245 
3 2 0 5243 
3 2 0 5244 
3 2 0 5258 
3 2 0 5246 
3 2 0 5257 
3 2 0 5247 
3 2 0 5256 
3 2 0 5250 
3 2 0 5248 
3 2 0 5249 
3 2 0 5255 
3 2 0 5251 
3 2 0 5254 
3 2 0 5252 
3 2 0 5253 
3 2 0 5264 
3 2 0 5262 
3 2 0 5260 
3 2 0 5261 
3 2 0 5263 
3 2 0 5266 
3 2 0 5268 
3 2 0 5292 
3 2 0 5270 
3 2 0 5291 
3 2 0 5271 
3 2 0 5290 
3 2 0 5272 
3 2 0 5289 
3 2 0 5275 
3 2 0 5273 
3 2 0 5274 
3 2 0 5288 
3 2 0 5276 
3 2 0 5287 
3 2 0 5279 
3 2 0 5277 
3 2 0 5278 
3 2 0 5286 
3 2 0 5280 
3 2 0 5285 
3 2 0 5281 
3 2 0 5284 
3 2 0 5282 
3 2 0 5283 
3 2 0 5295 
1 1 0 
1 1 0 
1 1 0 
1 1 0 
1 1 0 
1 1 0 
2 3 5359 5360 0 
2 3 5358 5361 0 
2 3 5357 5362 0 
2 3 5356 5363 0 
1 1 0 
1 1 0 
2 3 5365 5366 0 
1 1 0 
1 1 0 
1 1 0 
1 1 0 
2 3 5370 5371 0 
2 3 5369 5372 0 
2 3 5368 5373 0 
2 3 5367 5374 0 
1 1 0 
2 3 5375 5376 0 
2 3 5364 5377 0 
2 3 5355 5378 0 
3 2 0 5379 
3 2 0 5355 
3 2 0 5378 
3 2 0 5364 
3 2 0 5356 
3 2 0 5363 
3 2 0 5357 
3 2 0 5362 
3 2 0 5358 
3 2 0 5361 
3 2 0 5359 
3 2 0 5360 
3 2 0 5377 
3 2 0 5375 
3 2 0 5367 
3 2 0 5365 
3 2 0 5366 
3 2 0 5374 
3 2 0 5368 
3 2 0 5373 
3 2 0 5369 
3 2 0 5372 
3 2 0 5370 
3 2 0 5371 
3 2 0 5376 
46 2702 64 65 66 67 68 69 70 71 72 73 74 75 76 77 78 79 80 81 82 83 84 85 86 87 88 89 90 91 92 93 94 95 96 97 98 99 100 101 102 103 104 105 106 107 108 109 110 111 112 113 114 115 116 117 118 119 120 121 122 123 124 125 126 156 157 158 159 160 161 162 163 164 165 166 167 168 169 170 171 172 173 174 175 176 177 178 179 180 181 182 183 184 226 227 228 229 230 231 232 233 234 235 236 237 238 239 240 241 242 243 244 245 246 247 248 249 250 251 252 253 254 255 256 257 258 259 260 261 262 263 264 265 266 340 341 342 343 344 345 346 347 348 349 350 351 352 353 354 355 356 357 358 359 360 361 362 363 364 365 366 367 368 369 370 371 372 373 374 375 376 377 378 379 380 381 382 383 384 385 386 387 388 389 390 391 392 393 394 395 396 397 398 399 400 401 402 403 404 405 406 407 408 409 410 411 412 448 449 450 451 452 453 454 455 456 457 458 459 460 461 462 463 464 465 466 467 468 469 470 471 472 473 474 475 476 477 478 479 480 481 482 500 501 502 503 504 505 506 507 508 509 510 511 512 513 514 515 516 586 587 588 589 590 591 592 593 594 595 596 597 598 599 600 601 602 603 604 605 606 607 608 609 610 611 612 613 614 615 616 617 618 619 620 621 622 623 624 625 626 627 628 629 630 631 632 633 634 635 636 637 638 639 640 641 642 643 644 645 646 647 648 649 650 651 652 653 654 698 699 700 701 702 703 704 705 706 707 708 709 710 711 712 713 714 715 716 717 718 719 720 721 722 723 724 725 726 727 728 729 730 731 732 733 734 735 736 737 738 739 740 804 805 806 807 808 809 810 811 812 813 814 815 816 817 818 819 820 821 822 823 824 825 826 827 828 829 830 831 832 833 834 835 836 837 838 839 840 841 842 843 844 845 846 847 848 849 850 851 852 853 854 855 856 857 858 859 860 861 862 863 864 865 866 910 911 912 913 914 915 916 917 918 919 920 921 922 923 924 925 926 927 928 929 930 931 932 933 934 935 936 937 938 939 940 941 942 943 944 945 946 947 948 949 950 951 952 982 983 984 985 986 987 988 989 990 991 992 993 994 995 996 997 998 999 1000 1001 1002 1003 1004 1005 1006 1007 1008 1009 1010 1048 1049 1050 1051 1052 1053 1054 1055 1056 1057 1058 1059 1060 1061 1062 1063 1064 1065 1066 1067 1068 1069 1070 1071 1072 1073 1074 1075 1076 1077 1078 1079 1080 1081 1082 1083 1084 1122 1123 1124 1125 1126 1127 1128 1129 1130 1131 1132 1133 1134 1135 1136 1137 1138 1139 1140 1141 1142 1143 1144 1145 1146 1147 1148 1149 1150 1151 1152 1153 1154 1155 1156 1157 1158 1192 1193 1194 1195 1196 1197 1198 1199 1200 1201 1202 1203 1204 1205 1206 1207 1208 1209 1210 1211 1212 1213 1214 1215 1216 1217 1218 1219 1220 1221 1222 1223 1224 1262 1263 1264 1265 1266 1267 1268 1269 1270 1271 1272 1273 1274 1275 1276 1277 1278 1279 1280 1281 1282 1283 1284 1285 1286 1287 1288 1289 1290 1291 1292 1293 1294 1295 1296 1297 1298 1316 1317 1318 1319 1320 1321 1322 1323 1324 1325 1326 1327 1328 1329 1330 1331 1332 1408 1409 1410 1411 1412 1413 1414 1415 1416 1417 1418 1419 1420 1421 1422 1423 1424 1425 1426 1427 1428 1429 1430 1431 1432 1433 1434 1435 1436 1437 1438 1439 1440 1441 1442 1443 1444 1445 1446 1447 1448 1449 1450 1451 1452 1453 1454 1455 1456 1457 1458 1459 1460 1461 1462 1463 1464 1465 1466 1467 1468 1469 1470 1471 1472 1473 1474 1475 1476 1477 1478 1479 1480 1481 1482 1526 1527 1528 1529 1530 1531 1532 1533 1534 1535 1536 1537 1538 1539 1540 1541 1542 1543 1544 1545 1546 1547 1548 1549 1550 1551 1552 1553 1554 1555 1556 1557 1558 1559 1560 1561 1562 1563 1564 1565 1566 1567 1568 1636 1637 1638 1639 1640 1641 1642 1643 1644 1645 1646 1647 1648 1649 1650 1651 1652 1653 1654 1655 1656 1657 1658 1659 1660 1661 1662 1663 1664 1665 1666 1667 1668 1669 1670 1671 1672 1673 1674 1675 1676 1677 1678 1679 1680 1681 1682 1683 1684 1685 1686 1687 1688 1689 1690 1691 1692 1693 1694 1695 1696 1697 1698 1699 1700 1701 1702 1740 1741 1742 1743 1744 1745 1746 1747 1748 1749 1750 1751 1752 1753 1754 1755 1756 1757 1758 1759 1760 1761 1762 1763 1764 1765 1766 1767 1768 1769 1770 1771 1772 1773 1774 1775 1776 1798 1799 1800 1801 1802 1803 1804 1805 1806 1807 1808 1809 1810 1811 1812 1813 1814 1815 1816 1817 1818 1874 1875 1876 1877 1878 1879 1880 1881 1882 1883 1884 1885 1886 1887 1888 1889 1890 1891 1892 1893 1894 1895 1896 1897 1898 1899 1900 1901 1902 1903 1904 1905 1906 1907 1908 1909 1910 1911 1912 1913 1914 1915 1916 1917 1918 1919 1920 1921 1922 1923 1924 1925 1926 1927 1928 1958 1959 1960 1961 1962 1963 1964 1965 1966 1967 1968 1969 1970 1971 1972 1973 1974 1975 1976 1977 1978 1979 1980 1981 1982 1983 1984 1985 1986 2030 2031 2032 2033 2034 2035 2036 2037 2038 2039 2040 2041 2042 2043 2044 2045 2046 2047 2048 2049 2050 2051 2052 2053 2054 2055 2056 2057 2058 2059 2060 2061 2062 2063 2064 2065 2066 2067 2068 2069 2070 2071 2072 2094 2095 2096 2097 2098 2099 2100 2101 2102 2103 2104 2105 2106 2107 2108 2109 2110 2111 2112 2113 2114 2148 2149 2150 2151 2152 2153 2154 2155 2156 2157 2158 2159 2160 2161 2162 2163 2164 2165 2166 2167 2168 2169 2170 2171 2172 2173 2174 2175 2176 2177 2178 2179 2180 2192 2193 2194 2195 2196 2197 2198 2199 2200 2201 2202 2284 2285 2286 2287 2288 2289 2290 2291 2292 2293 2294 2295 2296 2297 2298 2299 2300 2301 2302 2303 2304 2305 2306 2307 2308 2309 2310 2311 2312 2313 2314 2315 2316 2317 2318 2319 2320 2321 2322 2323 2324 2325 2326 2327 2328 2329 2330 2331 2332 2333 2334 2335 2336 2337 2338 2339 2340 2341 2342 2343 2344 2345 2346 2347 2348 2349 2350 2351 2352 2353 2354 2355 2356 2357 2358 2359 2360 2361 2362 2363 2364 2382 2383 2384 2385 2386 2387 2388 2389 2390 2391 2392 2393 2394 2395 2396 2397 2398 2454 2455 2456 2457 2458 2459 2460 2461 2462 2463 2464 2465 2466 2467 2468 2469 2470 2471 2472 2473 2474 2475 2476 2477 2478 2479 2480 2481 2482 2483 2484 2485 2486 2487 2488 2489 2490 2491 2492 2493 2494 2495 2496 2497 2498 2499 2500 2501 2502 2503 2504 2505 2506 2507 2508 2546 2547 2548 2549 2550 2551 2552 2553 2554 2555 2556 2557 2558 2559 2560 2561 2562 2563 2564 2565 2566 2567 2568 2569 2570 2571 2572 2573 2574 2575 2576 2577 2578 2579 2580 2581 2582 2668 2669 2670 2671 2672 2673 2674 2675 2676 2677 2678 2679 2680 2681 2682 2683 2684 2685 2686 2687 2688 2689 2690 2691 2692 2693 2694 2695 2696 2697 2698 2699 2700 2701 2702 2703 2704 2705 2706 2707 2708 2709 2710 2711 2712 2713 2714 2715 2716 2717 2718 2719 2720 2721 2722 2723 2724 2725 2726 2727 2728 2729 2730 2731 2732 2733 2734 2735 2736 2737 2738 2739 2740 2741 2742 2743 2744 2745 2746 2747 2748 2749 2750 2751 2752 2764 2765 2766 2767 2768 2769 2770 2771 2772 2773 2774 2788 2789 2790 2791 2792 2793 2794 2795 2796 2797 2798 2799 2800 2842 2843 2844 2845 2846 2847 2848 2849 2850 2851 2852 2853 2854 2855 2856 2857 2858 2859 2860 2861 2862 2863 2864 2865 2866 2867 2868 2869 2870 2871 2872 2873 2874 2875 2876 2877 2878 2879 2880 2881 2882 2912 2913 2914 2915 2916 2917 2918 2919 2920 2921 2922 2923 2924 2925 2926 2927 2928 2929 2930 2931 2932 2933 2934 2935 2936 2937 2938 2939 2940 2984 2985 2986 2987 2988 2989 2990 2991 2992 2993 2994 2995 2996 2997 2998 2999 3000 3001 3002 3003 3004 3005 3006 3007 3008 3009 3010 3011 3012 3013 3014 3015 3016 3017 3018 3019 3020 3021 3022 3023 3024 3025 3026 3088 3089 3090 3091 3092 3093 3094 3095 3096 3097 3098 3099 3100 3101 3102 3103 3104 3105 3106 3107 3108 3109 3110 3111 3112 3113 3114 3115 3116 3117 3118 3119 3120 3121 3122 3123 3124 3125 3126 3127 3128 3129 3130 3131 3132 3133 3134 3135 3136 3137 3138 3139 3140 3141 3142 3143 3144 3145 3146 3147 3148 3180 3181 3182 3183 3184 3185 3186 3187 3188 3189 3190 3191 3192 3193 3194 3195 3196 3197 3198 3199 3200 3201 3202 3203 3204 3205 3206 3207 3208 3209 3210 3240 3241 3242 3243 3244 3245 3246 3247 3248 3249 3250 3251 3252 3253 3254 3255 3256 3257 3258 3259 3260 3261 3262 3263 3264 3265 3266 3267 3268 3310 3311 3312 3313 3314 3315 3316 3317 3318 3319 3320 3321 3322 3323 3324 3325 3326 3327 3328 3329 3330 3331 3332 3333 3334 3335 3336 3337 3338 3339 3340 3341 3342 3343 3344 3345 3346 3347 3348 3349 3350 3404 3405 3406 3407 3408 3409 3410 3411 3412 3413 3414 3415 3416 3417 3418 3419 3420 3421 3422 3423 3424 3425 3426 3427 3428 3429 3430 3431 3432 3433 3434 3435 3436 3437 3438 3439 3440 3441 3442 3443 3444 3445 3446 3447 3448 3449 3450 3451 3452 3453 3454 3455 3456 3510 3511 3512 3513 3514 3515 3516 3517 3518 3519 3520 3521 3522 3523 3524 3525 3526 3527 3528 3529 3530 3531 3532 3533 3534 3535 3536 3537 3538 3539 3540 3541 3542 3543 3544 3545 3546 3547 3548 3549 3550 3551 3552 3553 3554 3555 3556 3557 3558 3559 3560 3561 3562 3608 3609 3610 3611 3612 3613 3614 3615 3616 3617 3618 3619 3620 3621 3622 3623 3624 3625 3626 3627 3628 3629 3630 3631 3632 3633 3634 3635 3636 3637 3638 3639 3640 3641 3642 3643 3644 3645 3646 3647 3648 3649 3650 3651 3652 3722 3723 3724 3725 3726 3727 3728 3729 3730 3731 3732 3733 3734 3735 3736 3737 3738 3739 3740 3741 3742 3743 3744 3745 3746 3747 3748 3749 3750 3751 3752 3753 3754 3755 3756 3757 3758 3759 3760 3761 3762 3763 3764 3765 3766 3767 3768 3769 3770 3771 3772 3773 3774 3775 3776 3777 3778 3779 3780 3781 3782 3783 3784 3785 3786 3787 3788 3789 3790 3808 3809 3810 3811 3812 3813 3814 3815 3816 3817 3818 3819 3820 3821 3822 3823 3824 3870 3871 3872 3873 3874 3875 3876 3877 3878 3879 3880 3881 3882 3883 3884 3885 3886 3887 3888 3889 3890 3891 3892 3893 3894 3895 3896 3897 3898 3899 3900 3901 3902 3903 3904 3905 3906 3907 3908 3909 3910 3911 3912 3913 3914 3956 3957 3958 3959 3960 3961 3962 3963 3964 3965 3966 3967 3968 3969 3970 3971 3972 3973 3974 3975 3976 3977 3978 3979 3980 3981 3982 3983 3984 3985 3986 3987 3988 3989 3990 3991 3992 3993 3994 3995 3996 4030 4031 4032 4033 4034 4035 4036 4037 4038 4039 4040 4041 4042 4043 4044 4045 4046 4047 4048 4049 4050 4051 4052 4053 4054 4055 4056 4057 4058 4059 4060 4061 4062 4106 4107 4108 4109 4110 4111 4112 4113 4114 4115 4116 4117 4118 4119 4120 4121 4122 4123 4124 4125 4126 4127 4128 4129 4130 4131 4132 4133 4134 4135 4136 4137 4138 4139 4140 4141 4142 4143 4144 4145 4146 4147 4148 4192 4193 4194 4195 4196 4197 4198 4199 4200 4201 4202 4203 4204 4205 4206 4207 4208 4209 4210 4211 4212 4213 4214 4215 4216 4217 4218 4219 4220 4221 4222 4223 4224 4225 4226 4227 4228 4229 4230 4231 4232 4233 4234 4324 4325 4326 4327 4328 4329 4330 4331 4332 4333 4334 4335 4336 4337 4338 4339 4340 4341 4342 4343 4344 4345 4346 4347 4348 4349 4350 4351 4352 4353 4354 4355 4356 4357 4358 4359 4360 4361 4362 4363 4364 4365 4366 4367 4368 4369 4370 4371 4372 4373 4374 4375 4376 4377 4378 4379 4380 4381 4382 4383 4384 4385 4386 4387 4388 4389 4390 4391 4392 4393 4394 4395 4396 4397 4398 4399 4400 4401 4402 4403 4404 4405 4406 4407 4408 4409 4410 4411 4412 4456 4457 4458 4459 4460 4461 4462 4463 4464 4465 4466 4467 4468 4469 4470 4471 4472 4473 4474 4475 4476 4477 4478 4479 4480 4481 4482 4483 4484 4485 4486 4487 4488 4489 4490 4491 4492 4493 4494 4495 4496 4497 4498 4532 4533 4534 4535 4536 4537 4538 4539 4540 4541 4542 4543 4544 4545 4546 4547 4548 4549 4550 4551 4552 4553 4554 4555 4556 4557 4558 4559 4560 4561 4562 4563 4564 4586 4587 4588 4589 4590 4591 4592 4593 4594 4595 4596 4597 4598 4599 4600 4601 4602 4603 4604 4605 4606 4642 4643 4644 4645 4646 4647 4648 4649 4650 4651 4652 4653 4654 4655 4656 4657 4658 4659 4660 4661 4662 4663 4664 4665 4666 4667 4668 4669 4670 4671 4672 4673 4674 4675 4676 4746 4747 4748 4749 4750 4751 4752 4753 4754 4755 4756 4757 4758 4759 4760 4761 4762 4763 4764 4765 4766 4767 4768 4769 4770 4771 4772 4773 4774 4775 4776 4777 4778 4779 4780 4781 4782 4783 4784 4785 4786 4787 4788 4789 4790 4791 4792 4793 4794 4795 4796 4797 4798 4799 4800 4801 4802 4803 4804 4805 4806 4807 4808 4809 4810 4811 4812 4813 4814 4842 4843 4844 4845 4846 4847 4848 4849 4850 4851 4852 4853 4854 4855 4856 4857 4858 4859 4860 4861 4862 4863 4864 4865 4866 4867 4868 4936 4937 4938 4939 4940 4941 4942 4943 4944 4945 4946 4947 4948 4949 4950 4951 4952 4953 4954 4955 4956 4957 4958 4959 4960 4961 4962 4963 4964 4965 4966 4967 4968 4969 4970 4971 4972 4973 4974 4975 4976 4977 4978 4979 4980 4981 4982 4983 4984 4985 4986 4987 4988 4989 4990 4991 4992 4993 4994 4995 4996 4997 4998 4999 5000 5001 5002 5034 5035 5036 5037 5038 5039 5040 5041 5042 5043 5044 5045 5046 5047 5048 5049 5050 5051 5052 5053 5054 5055 5056 5057 5058 5059 5060 5061 5062 5063 5064 5090 5091 5092 5093 5094 5095 5096 5097 5098 5099 5100 5101 5102 5103 5104 5105 5106 5107 5108 5109 5110 5111 5112 5113 5114 5178 5179 5180 5181 5182 5183 5184 5185 5186 5187 5188 5189 5190 5191 5192 5193 5194 5195 5196 5197 5198 5199 5200 5201 5202 5203 5204 5205 5206 5207 5208 5209 5210 5211 5212 5213 5214 5215 5216 5217 5218 5219 5220 5221 5222 5223 5224 5225 5226 5227 5228 5229 5230 5231 5232 5233 5234 5235 5236 5237 5238 5239 5240 5298 5299 5300 5301 5302 5303 5304 5305 5306 5307 5308 5309 5310 5311 5312 5313 5314 5315 5316 5317 5318 5319 5320 5321 5322 5323 5324 5325 5326 5327 5328 5329 5330 5331 5332 5333 5334 5335 5336 5337 5338 5339 5340 5341 5342 5343 5344 5345 5346 5347 5348 5349 5350 5351 5352 5353 5354 5380 5381 5382 5383 5384 5385 5386 5387 5388 5389 5390 5391 5392 5393 5394 5395 5396 5397 5398 5399 5400 5401 5402 5403 5404 
