4978
0 0 
1 1 0 
1 1 0 
1 1 0 
2 3 2 3 0 
2 3 1 4 0 
1 1 0 
2 3 5 6 0 
1 1 0 
1 1 0 
2 3 8 9 0 
2 3 7 10 0 
1 1 0 
1 1 0 
1 1 0 
2 3 13 14 0 
2 3 12 15 0 
1 1 0 
1 1 0 
1 1 0 
1 1 0 
2 3 19 20 0 
2 3 18 21 0 
1 1 0 
1 1 0 
1 1 0 
2 3 24 25 0 
2 3 23 26 0 
2 3 22 27 0 
2 3 17 28 0 
2 3 16 29 0 
1 1 0 
2 3 30 31 0 
2 3 11 32 0 
3 2 0 33 
3 2 0 11 
3 2 0 7 
3 2 0 5 
3 2 0 1 
3 2 0 4 
3 2 0 2 
3 2 0 3 
3 2 0 6 
3 2 0 10 
3 2 0 8 
3 2 0 9 
3 2 0 32 
3 2 0 30 
3 2 0 16 
3 2 0 12 
3 2 0 15 
3 2 0 13 
3 2 0 14 
3 2 0 29 
3 2 0 17 
3 2 0 28 
3 2 0 22 
3 2 0 18 
3 2 0 21 
3 2 0 19 
3 2 0 20 
3 2 0 27 
3 2 0 23 
3 2 0 26 
3 2 0 24 
3 2 0 25 
3 2 0 31 
1 1 0 
1 1 0 
2 3 67 68 0 
1 1 0 
1 1 0 
1 1 0 
2 3 71 72 0 
1 1 0 
2 3 73 74 0 
2 3 70 75 0 
2 3 69 76 0 
1 1 0 
1 1 0 
1 1 0 
2 3 79 80 0 
2 3 78 81 0 
2 3 77 82 0 
1 1 0 
2 3 83 84 0 
1 1 0 
2 3 85 86 0 
1 1 0 
1 1 0 
1 1 0 
2 3 89 90 0 
1 1 0 
2 3 91 92 0 
2 3 88 93 0 
1 1 0 
2 3 94 95 0 
1 1 0 
1 1 0 
2 3 97 98 0 
1 1 0 
1 1 0 
1 1 0 
1 1 0 
1 1 0 
2 3 103 104 0 
2 3 102 105 0 
2 3 101 106 0 
1 1 0 
2 3 107 108 0 
2 3 100 109 0 
2 3 99 110 0 
2 3 96 111 0 
1 1 0 
2 3 112 113 0 
1 1 0 
1 1 0 
1 1 0 
1 1 0 
1 1 0 
2 3 118 119 0 
2 3 117 120 0 
2 3 116 121 0 
2 3 115 122 0 
2 3 114 123 0 
2 3 87 124 0 
1 1 0 
2 3 125 126 0 
3 2 0 127 
3 2 0 125 
3 2 0 87 
3 2 0 85 
3 2 0 83 
3 2 0 77 
3 2 0 69 
3 2 0 67 
3 2 0 68 
3 2 0 76 
3 2 0 70 
3 2 0 75 
3 2 0 73 
3 2 0 71 
3 2 0 72 
3 2 0 74 
3 2 0 82 
3 2 0 78 
3 2 0 81 
3 2 0 79 
3 2 0 80 
3 2 0 84 
3 2 0 86 
3 2 0 124 
3 2 0 114 
3 2 0 112 
3 2 0 96 
3 2 0 94 
3 2 0 88 
3 2 0 93 
3 2 0 91 
3 2 0 89 
3 2 0 90 
3 2 0 92 
3 2 0 95 
3 2 0 111 
3 2 0 99 
3 2 0 97 
3 2 0 98 
3 2 0 110 
3 2 0 100 
3 2 0 109 
3 2 0 107 
3 2 0 101 
3 2 0 106 
3 2 0 102 
3 2 0 105 
3 2 0 103 
3 2 0 104 
3 2 0 108 
3 2 0 113 
3 2 0 123 
3 2 0 115 
3 2 0 122 
3 2 0 116 
3 2 0 121 
3 2 0 117 
3 2 0 120 
3 2 0 118 
3 2 0 119 
3 2 0 126 
1 1 0 
1 1 0 
2 3 189 190 0 
1 1 0 
1 1 0 
1 1 0 
1 1 0 
2 3 194 195 0 
1 1 0 
1 1 0 
1 1 0 
2 3 198 199 0 
1 1 0 
2 3 200 201 0 
1 1 0 
1 1 0 
1 1 0 
2 3 204 205 0 
2 3 203 206 0 
2 3 202 207 0 
2 3 197 208 0 
2 3 196 209 0 
1 1 0 
1 1 0 
1 1 0 
2 3 212 213 0 
1 1 0 
2 3 214 215 0 
1 1 0 
2 3 216 217 0 
1 1 0 
2 3 218 219 0 
1 1 0 
1 1 0 
1 1 0 
1 1 0 
1 1 0 
1 1 0 
2 3 225 226 0 
1 1 0 
1 1 0 
1 1 0 
2 3 229 230 0 
1 1 0 
1 1 0 
2 3 232 233 0 
2 3 231 234 0 
2 3 228 235 0 
1 1 0 
1 1 0 
2 3 237 238 0 
2 3 236 239 0 
2 3 227 240 0 
2 3 224 241 0 
2 3 223 242 0 
2 3 222 243 0 
2 3 221 244 0 
2 3 220 245 0 
2 3 211 246 0 
2 3 210 247 0 
2 3 193 248 0 
2 3 192 249 0 
1 1 0 
2 3 250 251 0 
2 3 191 252 0 
3 2 0 253 
3 2 0 191 
3 2 0 189 
3 2 0 190 
3 2 0 252 
3 2 0 250 
3 2 0 192 
3 2 0 249 
3 2 0 193 
3 2 0 248 
3 2 0 210 
3 2 0 196 
3 2 0 194 
3 2 0 195 
3 2 0 209 
3 2 0 197 
3 2 0 208 
3 2 0 202 
3 2 0 200 
3 2 0 198 
3 2 0 199 
3 2 0 201 
3 2 0 207 
3 2 0 203 
3 2 0 206 
3 2 0 204 
3 2 0 205 
3 2 0 247 
3 2 0 211 
3 2 0 246 
3 2 0 220 
3 2 0 218 
3 2 0 216 
3 2 0 214 
3 2 0 212 
3 2 0 213 
3 2 0 215 
3 2 0 217 
3 2 0 219 
3 2 0 245 
3 2 0 221 
3 2 0 244 
3 2 0 222 
3 2 0 243 
3 2 0 223 
3 2 0 242 
3 2 0 224 
3 2 0 241 
3 2 0 227 
3 2 0 225 
3 2 0 226 
3 2 0 240 
3 2 0 236 
3 2 0 228 
3 2 0 235 
3 2 0 231 
3 2 0 229 
3 2 0 230 
3 2 0 234 
3 2 0 232 
3 2 0 233 
3 2 0 239 
3 2 0 237 
3 2 0 238 
3 2 0 251 
1 1 0 
1 1 0 
1 1 0 
2 3 320 321 0 
1 1 0 
1 1 0 
1 1 0 
1 1 0 
1 1 0 
1 1 0 
1 1 0 
1 1 0 
2 3 329 330 0 
2 3 328 331 0 
1 1 0 
2 3 332 333 0 
1 1 0 
1 1 0 
1 1 0 
1 1 0 
1 1 0 
1 1 0 
1 1 0 
1 1 0 
2 3 341 342 0 
2 3 340 343 0 
2 3 339 344 0 
2 3 338 345 0 
2 3 337 346 0 
2 3 336 347 0 
2 3 335 348 0 
2 3 334 349 0 
1 1 0 
2 3 350 351 0 
1 1 0 
1 1 0 
1 1 0 
1 1 0 
1 1 0 
1 1 0 
1 1 0 
2 3 358 359 0 
2 3 357 360 0 
2 3 356 361 0 
2 3 355 362 0 
2 3 354 363 0 
2 3 353 364 0 
2 3 352 365 0 
2 3 327 366 0 
2 3 326 367 0 
2 3 325 368 0 
2 3 324 369 0 
2 3 323 370 0 
2 3 322 371 0 
1 1 0 
1 1 0 
1 1 0 
2 3 374 375 0 
1 1 0 
1 1 0 
1 1 0 
2 3 378 379 0 
1 1 0 
1 1 0 
2 3 381 382 0 
1 1 0 
1 1 0 
2 3 384 385 0 
2 3 383 386 0 
1 1 0 
2 3 387 388 0 
1 1 0 
1 1 0 
1 1 0 
2 3 391 392 0 
1 1 0 
1 1 0 
1 1 0 
2 3 395 396 0 
2 3 394 397 0 
2 3 393 398 0 
2 3 390 399 0 
2 3 389 400 0 
2 3 380 401 0 
2 3 377 402 0 
2 3 376 403 0 
2 3 373 404 0 
2 3 372 405 0 
1 1 0 
2 3 406 407 0 
2 3 319 408 0 
3 2 0 409 
3 2 0 319 
3 2 0 408 
3 2 0 406 
3 2 0 372 
3 2 0 322 
3 2 0 320 
3 2 0 321 
3 2 0 371 
3 2 0 323 
3 2 0 370 
3 2 0 324 
3 2 0 369 
3 2 0 325 
3 2 0 368 
3 2 0 326 
3 2 0 367 
3 2 0 327 
3 2 0 366 
3 2 0 352 
3 2 0 350 
3 2 0 334 
3 2 0 332 
3 2 0 328 
3 2 0 331 
3 2 0 329 
3 2 0 330 
3 2 0 333 
3 2 0 349 
3 2 0 335 
3 2 0 348 
3 2 0 336 
3 2 0 347 
3 2 0 337 
3 2 0 346 
3 2 0 338 
3 2 0 345 
3 2 0 339 
3 2 0 344 
3 2 0 340 
3 2 0 343 
3 2 0 341 
3 2 0 342 
3 2 0 351 
3 2 0 365 
3 2 0 353 
3 2 0 364 
3 2 0 354 
3 2 0 363 
3 2 0 355 
3 2 0 362 
3 2 0 356 
3 2 0 361 
3 2 0 357 
3 2 0 360 
3 2 0 358 
3 2 0 359 
3 2 0 405 
3 2 0 373 
3 2 0 404 
3 2 0 376 
3 2 0 374 
3 2 0 375 
3 2 0 403 
3 2 0 377 
3 2 0 402 
3 2 0 380 
3 2 0 378 
3 2 0 379 
3 2 0 401 
3 2 0 389 
3 2 0 387 
3 2 0 383 
3 2 0 381 
3 2 0 382 
3 2 0 386 
3 2 0 384 
3 2 0 385 
3 2 0 388 
3 2 0 400 
3 2 0 390 
3 2 0 399 
3 2 0 393 
3 2 0 391 
3 2 0 392 
3 2 0 398 
3 2 0 394 
3 2 0 397 
3 2 0 395 
3 2 0 396 
3 2 0 407 
1 1 0 
1 1 0 
2 3 501 502 0 
1 1 0 
2 3 503 504 0 
1 1 0 
1 1 0 
1 1 0 
2 3 507 508 0 
1 1 0 
1 1 0 
1 1 0 
2 3 511 512 0 
1 1 0 
1 1 0 
1 1 0 
1 1 0 
2 3 516 517 0 
2 3 515 518 0 
2 3 514 519 0 
2 3 513 520 0 
2 3 510 521 0 
2 3 509 522 0 
1 1 0 
1 1 0 
2 3 524 525 0 
1 1 0 
2 3 526 527 0 
1 1 0 
1 1 0 
2 3 529 530 0 
1 1 0 
2 3 531 532 0 
2 3 528 533 0 
1 1 0 
2 3 534 535 0 
2 3 523 536 0 
2 3 506 537 0 
2 3 505 538 0 
3 2 0 539 
3 2 0 505 
3 2 0 503 
3 2 0 501 
3 2 0 502 
3 2 0 504 
3 2 0 538 
3 2 0 506 
3 2 0 537 
3 2 0 523 
3 2 0 509 
3 2 0 507 
3 2 0 508 
3 2 0 522 
3 2 0 510 
3 2 0 521 
3 2 0 513 
3 2 0 511 
3 2 0 512 
3 2 0 520 
3 2 0 514 
3 2 0 519 
3 2 0 515 
3 2 0 518 
3 2 0 516 
3 2 0 517 
3 2 0 536 
3 2 0 534 
3 2 0 528 
3 2 0 526 
3 2 0 524 
3 2 0 525 
3 2 0 527 
3 2 0 533 
3 2 0 531 
3 2 0 529 
3 2 0 530 
3 2 0 532 
3 2 0 535 
1 1 0 
1 1 0 
1 1 0 
1 1 0 
1 1 0 
2 3 582 583 0 
2 3 581 584 0 
1 1 0 
1 1 0 
2 3 586 587 0 
2 3 585 588 0 
1 1 0 
2 3 589 590 0 
1 1 0 
1 1 0 
1 1 0 
2 3 593 594 0 
2 3 592 595 0 
1 1 0 
2 3 596 597 0 
1 1 0 
1 1 0 
1 1 0 
1 1 0 
2 3 601 602 0 
2 3 600 603 0 
2 3 599 604 0 
2 3 598 605 0 
2 3 591 606 0 
2 3 580 607 0 
1 1 0 
2 3 608 609 0 
2 3 579 610 0 
3 2 0 611 
3 2 0 579 
3 2 0 610 
3 2 0 608 
3 2 0 580 
3 2 0 607 
3 2 0 591 
3 2 0 589 
3 2 0 585 
3 2 0 581 
3 2 0 584 
3 2 0 582 
3 2 0 583 
3 2 0 588 
3 2 0 586 
3 2 0 587 
3 2 0 590 
3 2 0 606 
3 2 0 598 
3 2 0 596 
3 2 0 592 
3 2 0 595 
3 2 0 593 
3 2 0 594 
3 2 0 597 
3 2 0 605 
3 2 0 599 
3 2 0 604 
3 2 0 600 
3 2 0 603 
3 2 0 601 
3 2 0 602 
3 2 0 609 
1 1 0 
1 1 0 
1 1 0 
2 3 646 647 0 
1 1 0 
1 1 0 
1 1 0 
1 1 0 
2 3 651 652 0 
2 3 650 653 0 
2 3 649 654 0 
2 3 648 655 0 
2 3 645 656 0 
1 1 0 
2 3 657 658 0 
1 1 0 
1 1 0 
1 1 0 
1 1 0 
2 3 662 663 0 
2 3 661 664 0 
1 1 0 
1 1 0 
1 1 0 
1 1 0 
1 1 0 
2 3 669 670 0 
2 3 668 671 0 
2 3 667 672 0 
2 3 666 673 0 
2 3 665 674 0 
2 3 660 675 0 
2 3 659 676 0 
1 1 0 
2 3 677 678 0 
3 2 0 679 
3 2 0 677 
3 2 0 659 
3 2 0 657 
3 2 0 645 
3 2 0 656 
3 2 0 648 
3 2 0 646 
3 2 0 647 
3 2 0 655 
3 2 0 649 
3 2 0 654 
3 2 0 650 
3 2 0 653 
3 2 0 651 
3 2 0 652 
3 2 0 658 
3 2 0 676 
3 2 0 660 
3 2 0 675 
3 2 0 665 
3 2 0 661 
3 2 0 664 
3 2 0 662 
3 2 0 663 
3 2 0 674 
3 2 0 666 
3 2 0 673 
3 2 0 667 
3 2 0 672 
3 2 0 668 
3 2 0 671 
3 2 0 669 
3 2 0 670 
3 2 0 678 
1 1 0 
1 1 0 
1 1 0 
1 1 0 
1 1 0 
1 1 0 
2 3 719 720 0 
2 3 718 721 0 
1 1 0 
1 1 0 
1 1 0 
1 1 0 
2 3 725 726 0 
2 3 724 727 0 
1 1 0 
1 1 0 
1 1 0 
1 1 0 
1 1 0 
2 3 732 733 0 
2 3 731 734 0 
2 3 730 735 0 
1 1 0 
1 1 0 
2 3 737 738 0 
1 1 0 
1 1 0 
1 1 0 
1 1 0 
2 3 742 743 0 
2 3 741 744 0 
2 3 740 745 0 
2 3 739 746 0 
2 3 736 747 0 
2 3 729 748 0 
2 3 728 749 0 
2 3 723 750 0 
2 3 722 751 0 
2 3 717 752 0 
1 1 0 
2 3 753 754 0 
2 3 716 755 0 
2 3 715 756 0 
3 2 0 757 
3 2 0 715 
3 2 0 756 
3 2 0 716 
3 2 0 755 
3 2 0 753 
3 2 0 717 
3 2 0 752 
3 2 0 722 
3 2 0 718 
3 2 0 721 
3 2 0 719 
3 2 0 720 
3 2 0 751 
3 2 0 723 
3 2 0 750 
3 2 0 728 
3 2 0 724 
3 2 0 727 
3 2 0 725 
3 2 0 726 
3 2 0 749 
3 2 0 729 
3 2 0 748 
3 2 0 736 
3 2 0 730 
3 2 0 735 
3 2 0 731 
3 2 0 734 
3 2 0 732 
3 2 0 733 
3 2 0 747 
3 2 0 739 
3 2 0 737 
3 2 0 738 
3 2 0 746 
3 2 0 740 
3 2 0 745 
3 2 0 741 
3 2 0 744 
3 2 0 742 
3 2 0 743 
3 2 0 754 
1 1 0 
1 1 0 
1 1 0 
1 1 0 
2 3 803 804 0 
1 1 0 
1 1 0 
1 1 0 
1 1 0 
1 1 0 
2 3 809 810 0 
2 3 808 811 0 
2 3 807 812 0 
2 3 806 813 0 
2 3 805 814 0 
2 3 802 815 0 
2 3 801 816 0 
1 1 0 
1 1 0 
1 1 0 
1 1 0 
1 1 0 
1 1 0 
2 3 822 823 0 
2 3 821 824 0 
1 1 0 
1 1 0 
1 1 0 
2 3 827 828 0 
2 3 826 829 0 
2 3 825 830 0 
2 3 820 831 0 
2 3 819 832 0 
2 3 818 833 0 
2 3 817 834 0 
3 2 0 835 
3 2 0 817 
3 2 0 801 
3 2 0 816 
3 2 0 802 
3 2 0 815 
3 2 0 805 
3 2 0 803 
3 2 0 804 
3 2 0 814 
3 2 0 806 
3 2 0 813 
3 2 0 807 
3 2 0 812 
3 2 0 808 
3 2 0 811 
3 2 0 809 
3 2 0 810 
3 2 0 834 
3 2 0 818 
3 2 0 833 
3 2 0 819 
3 2 0 832 
3 2 0 820 
3 2 0 831 
3 2 0 825 
3 2 0 821 
3 2 0 824 
3 2 0 822 
3 2 0 823 
3 2 0 830 
3 2 0 826 
3 2 0 829 
3 2 0 827 
3 2 0 828 
1 1 0 
1 1 0 
1 1 0 
1 1 0 
1 1 0 
2 3 874 875 0 
1 1 0 
2 3 876 877 0 
2 3 873 878 0 
1 1 0 
1 1 0 
1 1 0 
1 1 0 
2 3 882 883 0 
1 1 0 
2 3 884 885 0 
2 3 881 886 0 
2 3 880 887 0 
2 3 879 888 0 
2 3 872 889 0 
2 3 871 890 0 
1 1 0 
2 3 891 892 0 
1 1 0 
2 3 893 894 0 
1 1 0 
1 1 0 
2 3 896 897 0 
1 1 0 
2 3 898 899 0 
1 1 0 
1 1 0 
2 3 901 902 0 
2 3 900 903 0 
1 1 0 
2 3 904 905 0 
1 1 0 
1 1 0 
2 3 907 908 0 
2 3 906 909 0 
1 1 0 
1 1 0 
1 1 0 
2 3 912 913 0 
2 3 911 914 0 
2 3 910 915 0 
2 3 895 916 0 
1 1 0 
2 3 917 918 0 
3 2 0 919 
3 2 0 917 
3 2 0 895 
3 2 0 893 
3 2 0 891 
3 2 0 871 
3 2 0 890 
3 2 0 872 
3 2 0 889 
3 2 0 879 
3 2 0 873 
3 2 0 878 
3 2 0 876 
3 2 0 874 
3 2 0 875 
3 2 0 877 
3 2 0 888 
3 2 0 880 
3 2 0 887 
3 2 0 881 
3 2 0 886 
3 2 0 884 
3 2 0 882 
3 2 0 883 
3 2 0 885 
3 2 0 892 
3 2 0 894 
3 2 0 916 
3 2 0 910 
3 2 0 906 
3 2 0 904 
3 2 0 900 
3 2 0 898 
3 2 0 896 
3 2 0 897 
3 2 0 899 
3 2 0 903 
3 2 0 901 
3 2 0 902 
3 2 0 905 
3 2 0 909 
3 2 0 907 
3 2 0 908 
3 2 0 915 
3 2 0 911 
3 2 0 914 
3 2 0 912 
3 2 0 913 
3 2 0 918 
1 1 0 
1 1 0 
1 1 0 
2 3 970 971 0 
2 3 969 972 0 
1 1 0 
1 1 0 
1 1 0 
1 1 0 
2 3 976 977 0 
2 3 975 978 0 
2 3 974 979 0 
2 3 973 980 0 
1 1 0 
1 1 0 
1 1 0 
1 1 0 
1 1 0 
1 1 0 
1 1 0 
1 1 0 
2 3 988 989 0 
2 3 987 990 0 
2 3 986 991 0 
2 3 985 992 0 
2 3 984 993 0 
2 3 983 994 0 
2 3 982 995 0 
2 3 981 996 0 
3 2 0 997 
3 2 0 981 
3 2 0 973 
3 2 0 969 
3 2 0 972 
3 2 0 970 
3 2 0 971 
3 2 0 980 
3 2 0 974 
3 2 0 979 
3 2 0 975 
3 2 0 978 
3 2 0 976 
3 2 0 977 
3 2 0 996 
3 2 0 982 
3 2 0 995 
3 2 0 983 
3 2 0 994 
3 2 0 984 
3 2 0 993 
3 2 0 985 
3 2 0 992 
3 2 0 986 
3 2 0 991 
3 2 0 987 
3 2 0 990 
3 2 0 988 
3 2 0 989 
1 1 0 
1 1 0 
1 1 0 
2 3 1028 1029 0 
2 3 1027 1030 0 
1 1 0 
1 1 0 
1 1 0 
1 1 0 
1 1 0 
2 3 1035 1036 0 
2 3 1034 1037 0 
2 3 1033 1038 0 
2 3 1032 1039 0 
2 3 1031 1040 0 
1 1 0 
1 1 0 
1 1 0 
2 3 1043 1044 0 
2 3 1042 1045 0 
1 1 0 
2 3 1046 1047 0 
1 1 0 
1 1 0 
1 1 0 
1 1 0 
1 1 0 
2 3 1052 1053 0 
1 1 0 
1 1 0 
1 1 0 
2 3 1056 1057 0 
1 1 0 
2 3 1058 1059 0 
2 3 1055 1060 0 
1 1 0 
1 1 0 
1 1 0 
1 1 0 
2 3 1064 1065 0 
2 3 1063 1066 0 
2 3 1062 1067 0 
2 3 1061 1068 0 
2 3 1054 1069 0 
2 3 1051 1070 0 
2 3 1050 1071 0 
2 3 1049 1072 0 
2 3 1048 1073 0 
1 1 0 
2 3 1074 1075 0 
2 3 1041 1076 0 
3 2 0 1077 
3 2 0 1041 
3 2 0 1031 
3 2 0 1027 
3 2 0 1030 
3 2 0 1028 
3 2 0 1029 
3 2 0 1040 
3 2 0 1032 
3 2 0 1039 
3 2 0 1033 
3 2 0 1038 
3 2 0 1034 
3 2 0 1037 
3 2 0 1035 
3 2 0 1036 
3 2 0 1076 
3 2 0 1074 
3 2 0 1048 
3 2 0 1046 
3 2 0 1042 
3 2 0 1045 
3 2 0 1043 
3 2 0 1044 
3 2 0 1047 
3 2 0 1073 
3 2 0 1049 
3 2 0 1072 
3 2 0 1050 
3 2 0 1071 
3 2 0 1051 
3 2 0 1070 
3 2 0 1054 
3 2 0 1052 
3 2 0 1053 
3 2 0 1069 
3 2 0 1061 
3 2 0 1055 
3 2 0 1060 
3 2 0 1058 
3 2 0 1056 
3 2 0 1057 
3 2 0 1059 
3 2 0 1068 
3 2 0 1062 
3 2 0 1067 
3 2 0 1063 
3 2 0 1066 
3 2 0 1064 
3 2 0 1065 
3 2 0 1075 
1 1 0 
1 1 0 
1 1 0 
1 1 0 
1 1 0 
1 1 0 
1 1 0 
1 1 0 
1 1 0 
1 1 0 
1 1 0 
2 3 1138 1139 0 
2 3 1137 1140 0 
2 3 1136 1141 0 
2 3 1135 1142 0 
2 3 1134 1143 0 
2 3 1133 1144 0 
2 3 1132 1145 0 
2 3 1131 1146 0 
2 3 1130 1147 0 
1 1 0 
2 3 1148 1149 0 
1 1 0 
1 1 0 
1 1 0 
2 3 1152 1153 0 
2 3 1151 1154 0 
2 3 1150 1155 0 
1 1 0 
2 3 1156 1157 0 
2 3 1129 1158 0 
3 2 0 1159 
3 2 0 1129 
3 2 0 1158 
3 2 0 1156 
3 2 0 1150 
3 2 0 1148 
3 2 0 1130 
3 2 0 1147 
3 2 0 1131 
3 2 0 1146 
3 2 0 1132 
3 2 0 1145 
3 2 0 1133 
3 2 0 1144 
3 2 0 1134 
3 2 0 1143 
3 2 0 1135 
3 2 0 1142 
3 2 0 1136 
3 2 0 1141 
3 2 0 1137 
3 2 0 1140 
3 2 0 1138 
3 2 0 1139 
3 2 0 1149 
3 2 0 1155 
3 2 0 1151 
3 2 0 1154 
3 2 0 1152 
3 2 0 1153 
3 2 0 1157 
1 1 0 
1 1 0 
1 1 0 
1 1 0 
1 1 0 
1 1 0 
2 3 1195 1196 0 
2 3 1194 1197 0 
2 3 1193 1198 0 
2 3 1192 1199 0 
1 1 0 
2 3 1200 1201 0 
2 3 1191 1202 0 
3 2 0 1203 
3 2 0 1191 
3 2 0 1202 
3 2 0 1200 
3 2 0 1192 
3 2 0 1199 
3 2 0 1193 
3 2 0 1198 
3 2 0 1194 
3 2 0 1197 
3 2 0 1195 
3 2 0 1196 
3 2 0 1201 
1 1 0 
1 1 0 
1 1 0 
1 1 0 
1 1 0 
2 3 1220 1221 0 
2 3 1219 1222 0 
1 1 0 
1 1 0 
1 1 0 
1 1 0 
2 3 1226 1227 0 
2 3 1225 1228 0 
2 3 1224 1229 0 
2 3 1223 1230 0 
2 3 1218 1231 0 
1 1 0 
2 3 1232 1233 0 
2 3 1217 1234 0 
3 2 0 1235 
3 2 0 1217 
3 2 0 1234 
3 2 0 1232 
3 2 0 1218 
3 2 0 1231 
3 2 0 1223 
3 2 0 1219 
3 2 0 1222 
3 2 0 1220 
3 2 0 1221 
3 2 0 1230 
3 2 0 1224 
3 2 0 1229 
3 2 0 1225 
3 2 0 1228 
3 2 0 1226 
3 2 0 1227 
3 2 0 1233 
1 1 0 
1 1 0 
2 3 1255 1256 0 
1 1 0 
1 1 0 
2 3 1258 1259 0 
2 3 1257 1260 0 
1 1 0 
1 1 0 
1 1 0 
1 1 0 
1 1 0 
2 3 1265 1266 0 
2 3 1264 1267 0 
2 3 1263 1268 0 
1 1 0 
2 3 1269 1270 0 
1 1 0 
1 1 0 
1 1 0 
2 3 1273 1274 0 
2 3 1272 1275 0 
1 1 0 
1 1 0 
1 1 0 
2 3 1278 1279 0 
1 1 0 
2 3 1280 1281 0 
2 3 1277 1282 0 
2 3 1276 1283 0 
1 1 0 
1 1 0 
1 1 0 
1 1 0 
1 1 0 
1 1 0 
1 1 0 
1 1 0 
1 1 0 
2 3 1292 1293 0 
2 3 1291 1294 0 
2 3 1290 1295 0 
2 3 1289 1296 0 
2 3 1288 1297 0 
2 3 1287 1298 0 
2 3 1286 1299 0 
2 3 1285 1300 0 
2 3 1284 1301 0 
2 3 1271 1302 0 
2 3 1262 1303 0 
1 1 0 
2 3 1304 1305 0 
2 3 1261 1306 0 
3 2 0 1307 
3 2 0 1261 
3 2 0 1257 
3 2 0 1255 
3 2 0 1256 
3 2 0 1260 
3 2 0 1258 
3 2 0 1259 
3 2 0 1306 
3 2 0 1304 
3 2 0 1262 
3 2 0 1303 
3 2 0 1271 
3 2 0 1269 
3 2 0 1263 
3 2 0 1268 
3 2 0 1264 
3 2 0 1267 
3 2 0 1265 
3 2 0 1266 
3 2 0 1270 
3 2 0 1302 
3 2 0 1284 
3 2 0 1276 
3 2 0 1272 
3 2 0 1275 
3 2 0 1273 
3 2 0 1274 
3 2 0 1283 
3 2 0 1277 
3 2 0 1282 
3 2 0 1280 
3 2 0 1278 
3 2 0 1279 
3 2 0 1281 
3 2 0 1301 
3 2 0 1285 
3 2 0 1300 
3 2 0 1286 
3 2 0 1299 
3 2 0 1287 
3 2 0 1298 
3 2 0 1288 
3 2 0 1297 
3 2 0 1289 
3 2 0 1296 
3 2 0 1290 
3 2 0 1295 
3 2 0 1291 
3 2 0 1294 
3 2 0 1292 
3 2 0 1293 
3 2 0 1305 
1 1 0 
1 1 0 
1 1 0 
1 1 0 
1 1 0 
2 3 1364 1365 0 
2 3 1363 1366 0 
1 1 0 
1 1 0 
1 1 0 
1 1 0 
1 1 0 
2 3 1371 1372 0 
1 1 0 
2 3 1373 1374 0 
2 3 1370 1375 0 
2 3 1369 1376 0 
2 3 1368 1377 0 
2 3 1367 1378 0 
2 3 1362 1379 0 
2 3 1361 1380 0 
1 1 0 
2 3 1381 1382 0 
1 1 0 
2 3 1383 1384 0 
1 1 0 
1 1 0 
2 3 1386 1387 0 
1 1 0 
1 1 0 
2 3 1389 1390 0 
1 1 0 
1 1 0 
1 1 0 
2 3 1393 1394 0 
2 3 1392 1395 0 
2 3 1391 1396 0 
2 3 1388 1397 0 
2 3 1385 1398 0 
1 1 0 
2 3 1399 1400 0 
3 2 0 1401 
3 2 0 1399 
3 2 0 1385 
3 2 0 1383 
3 2 0 1381 
3 2 0 1361 
3 2 0 1380 
3 2 0 1362 
3 2 0 1379 
3 2 0 1367 
3 2 0 1363 
3 2 0 1366 
3 2 0 1364 
3 2 0 1365 
3 2 0 1378 
3 2 0 1368 
3 2 0 1377 
3 2 0 1369 
3 2 0 1376 
3 2 0 1370 
3 2 0 1375 
3 2 0 1373 
3 2 0 1371 
3 2 0 1372 
3 2 0 1374 
3 2 0 1382 
3 2 0 1384 
3 2 0 1398 
3 2 0 1388 
3 2 0 1386 
3 2 0 1387 
3 2 0 1397 
3 2 0 1391 
3 2 0 1389 
3 2 0 1390 
3 2 0 1396 
3 2 0 1392 
3 2 0 1395 
3 2 0 1393 
3 2 0 1394 
3 2 0 1400 
1 1 0 
1 1 0 
1 1 0 
1 1 0 
2 3 1445 1446 0 
2 3 1444 1447 0 
1 1 0 
2 3 1448 1449 0 
1 1 0 
1 1 0 
2 3 1451 1452 0 
1 1 0 
1 1 0 
1 1 0 
2 3 1455 1456 0 
1 1 0 
1 1 0 
1 1 0 
2 3 1459 1460 0 
2 3 1458 1461 0 
1 1 0 
1 1 0 
2 3 1463 1464 0 
2 3 1462 1465 0 
2 3 1457 1466 0 
2 3 1454 1467 0 
2 3 1453 1468 0 
2 3 1450 1469 0 
1 1 0 
2 3 1470 1471 0 
1 1 0 
1 1 0 
1 1 0 
1 1 0 
1 1 0 
2 3 1476 1477 0 
1 1 0 
2 3 1478 1479 0 
1 1 0 
2 3 1480 1481 0 
2 3 1475 1482 0 
2 3 1474 1483 0 
2 3 1473 1484 0 
1 1 0 
2 3 1485 1486 0 
2 3 1472 1487 0 
2 3 1443 1488 0 
3 2 0 1489 
3 2 0 1443 
3 2 0 1488 
3 2 0 1472 
3 2 0 1470 
3 2 0 1450 
3 2 0 1448 
3 2 0 1444 
3 2 0 1447 
3 2 0 1445 
3 2 0 1446 
3 2 0 1449 
3 2 0 1469 
3 2 0 1453 
3 2 0 1451 
3 2 0 1452 
3 2 0 1468 
3 2 0 1454 
3 2 0 1467 
3 2 0 1457 
3 2 0 1455 
3 2 0 1456 
3 2 0 1466 
3 2 0 1462 
3 2 0 1458 
3 2 0 1461 
3 2 0 1459 
3 2 0 1460 
3 2 0 1465 
3 2 0 1463 
3 2 0 1464 
3 2 0 1471 
3 2 0 1487 
3 2 0 1485 
3 2 0 1473 
3 2 0 1484 
3 2 0 1474 
3 2 0 1483 
3 2 0 1475 
3 2 0 1482 
3 2 0 1480 
3 2 0 1478 
3 2 0 1476 
3 2 0 1477 
3 2 0 1479 
3 2 0 1481 
3 2 0 1486 
1 1 0 
1 1 0 
1 1 0 
1 1 0 
2 3 1539 1540 0 
2 3 1538 1541 0 
1 1 0 
1 1 0 
1 1 0 
1 1 0 
1 1 0 
2 3 1546 1547 0 
2 3 1545 1548 0 
2 3 1544 1549 0 
2 3 1543 1550 0 
2 3 1542 1551 0 
1 1 0 
1 1 0 
1 1 0 
1 1 0 
1 1 0 
1 1 0 
1 1 0 
2 3 1558 1559 0 
2 3 1557 1560 0 
2 3 1556 1561 0 
1 1 0 
1 1 0 
1 1 0 
1 1 0 
2 3 1565 1566 0 
2 3 1564 1567 0 
2 3 1563 1568 0 
2 3 1562 1569 0 
2 3 1555 1570 0 
2 3 1554 1571 0 
2 3 1553 1572 0 
2 3 1552 1573 0 
2 3 1537 1574 0 
3 2 0 1575 
3 2 0 1537 
3 2 0 1574 
3 2 0 1552 
3 2 0 1542 
3 2 0 1538 
3 2 0 1541 
3 2 0 1539 
3 2 0 1540 
3 2 0 1551 
3 2 0 1543 
3 2 0 1550 
3 2 0 1544 
3 2 0 1549 
3 2 0 1545 
3 2 0 1548 
3 2 0 1546 
3 2 0 1547 
3 2 0 1573 
3 2 0 1553 
3 2 0 1572 
3 2 0 1554 
3 2 0 1571 
3 2 0 1555 
3 2 0 1570 
3 2 0 1562 
3 2 0 1556 
3 2 0 1561 
3 2 0 1557 
3 2 0 1560 
3 2 0 1558 
3 2 0 1559 
3 2 0 1569 
3 2 0 1563 
3 2 0 1568 
3 2 0 1564 
3 2 0 1567 
3 2 0 1565 
3 2 0 1566 
1 1 0 
1 1 0 
1 1 0 
2 3 1616 1617 0 
2 3 1615 1618 0 
1 1 0 
1 1 0 
1 1 0 
2 3 1621 1622 0 
1 1 0 
1 1 0 
1 1 0 
2 3 1625 1626 0 
1 1 0 
2 3 1627 1628 0 
1 1 0 
1 1 0 
1 1 0 
2 3 1631 1632 0 
2 3 1630 1633 0 
1 1 0 
1 1 0 
2 3 1635 1636 0 
2 3 1634 1637 0 
2 3 1629 1638 0 
2 3 1624 1639 0 
2 3 1623 1640 0 
2 3 1620 1641 0 
2 3 1619 1642 0 
1 1 0 
1 1 0 
1 1 0 
1 1 0 
1 1 0 
2 3 1647 1648 0 
1 1 0 
2 3 1649 1650 0 
2 3 1646 1651 0 
2 3 1645 1652 0 
2 3 1644 1653 0 
1 1 0 
2 3 1654 1655 0 
2 3 1643 1656 0 
3 2 0 1657 
3 2 0 1643 
3 2 0 1619 
3 2 0 1615 
3 2 0 1618 
3 2 0 1616 
3 2 0 1617 
3 2 0 1642 
3 2 0 1620 
3 2 0 1641 
3 2 0 1623 
3 2 0 1621 
3 2 0 1622 
3 2 0 1640 
3 2 0 1624 
3 2 0 1639 
3 2 0 1629 
3 2 0 1627 
3 2 0 1625 
3 2 0 1626 
3 2 0 1628 
3 2 0 1638 
3 2 0 1634 
3 2 0 1630 
3 2 0 1633 
3 2 0 1631 
3 2 0 1632 
3 2 0 1637 
3 2 0 1635 
3 2 0 1636 
3 2 0 1656 
3 2 0 1654 
3 2 0 1644 
3 2 0 1653 
3 2 0 1645 
3 2 0 1652 
3 2 0 1646 
3 2 0 1651 
3 2 0 1649 
3 2 0 1647 
3 2 0 1648 
3 2 0 1650 
3 2 0 1655 
1 1 0 
1 1 0 
1 1 0 
1 1 0 
2 3 1703 1704 0 
2 3 1702 1705 0 
2 3 1701 1706 0 
1 1 0 
1 1 0 
2 3 1708 1709 0 
1 1 0 
1 1 0 
1 1 0 
1 1 0 
1 1 0 
1 1 0 
1 1 0 
2 3 1716 1717 0 
2 3 1715 1718 0 
2 3 1714 1719 0 
2 3 1713 1720 0 
1 1 0 
1 1 0 
1 1 0 
2 3 1723 1724 0 
2 3 1722 1725 0 
2 3 1721 1726 0 
1 1 0 
2 3 1727 1728 0 
1 1 0 
1 1 0 
1 1 0 
2 3 1731 1732 0 
2 3 1730 1733 0 
1 1 0 
1 1 0 
2 3 1735 1736 0 
2 3 1734 1737 0 
2 3 1729 1738 0 
2 3 1712 1739 0 
2 3 1711 1740 0 
1 1 0 
2 3 1741 1742 0 
2 3 1710 1743 0 
2 3 1707 1744 0 
3 2 0 1745 
3 2 0 1707 
3 2 0 1701 
3 2 0 1706 
3 2 0 1702 
3 2 0 1705 
3 2 0 1703 
3 2 0 1704 
3 2 0 1744 
3 2 0 1710 
3 2 0 1708 
3 2 0 1709 
3 2 0 1743 
3 2 0 1741 
3 2 0 1711 
3 2 0 1740 
3 2 0 1712 
3 2 0 1739 
3 2 0 1729 
3 2 0 1727 
3 2 0 1721 
3 2 0 1713 
3 2 0 1720 
3 2 0 1714 
3 2 0 1719 
3 2 0 1715 
3 2 0 1718 
3 2 0 1716 
3 2 0 1717 
3 2 0 1726 
3 2 0 1722 
3 2 0 1725 
3 2 0 1723 
3 2 0 1724 
3 2 0 1728 
3 2 0 1738 
3 2 0 1734 
3 2 0 1730 
3 2 0 1733 
3 2 0 1731 
3 2 0 1732 
3 2 0 1737 
3 2 0 1735 
3 2 0 1736 
3 2 0 1742 
1 1 0 
1 1 0 
1 1 0 
1 1 0 
2 3 1793 1794 0 
1 1 0 
1 1 0 
1 1 0 
1 1 0 
2 3 1798 1799 0 
2 3 1797 1800 0 
2 3 1796 1801 0 
2 3 1795 1802 0 
1 1 0 
1 1 0 
1 1 0 
1 1 0 
1 1 0 
1 1 0 
1 1 0 
1 1 0 
2 3 1810 1811 0 
2 3 1809 1812 0 
1 1 0 
1 1 0 
1 1 0 
2 3 1815 1816 0 
1 1 0 
1 1 0 
2 3 1818 1819 0 
2 3 1817 1820 0 
2 3 1814 1821 0 
2 3 1813 1822 0 
2 3 1808 1823 0 
2 3 1807 1824 0 
1 1 0 
1 1 0 
1 1 0 
2 3 1827 1828 0 
1 1 0 
1 1 0 
1 1 0 
2 3 1831 1832 0 
1 1 0 
1 1 0 
2 3 1834 1835 0 
1 1 0 
1 1 0 
2 3 1837 1838 0 
2 3 1836 1839 0 
2 3 1833 1840 0 
2 3 1830 1841 0 
2 3 1829 1842 0 
2 3 1826 1843 0 
2 3 1825 1844 0 
2 3 1806 1845 0 
2 3 1805 1846 0 
2 3 1804 1847 0 
2 3 1803 1848 0 
2 3 1792 1849 0 
1 1 0 
2 3 1850 1851 0 
2 3 1791 1852 0 
3 2 0 1853 
3 2 0 1791 
3 2 0 1852 
3 2 0 1850 
3 2 0 1792 
3 2 0 1849 
3 2 0 1803 
3 2 0 1795 
3 2 0 1793 
3 2 0 1794 
3 2 0 1802 
3 2 0 1796 
3 2 0 1801 
3 2 0 1797 
3 2 0 1800 
3 2 0 1798 
3 2 0 1799 
3 2 0 1848 
3 2 0 1804 
3 2 0 1847 
3 2 0 1805 
3 2 0 1846 
3 2 0 1806 
3 2 0 1845 
3 2 0 1825 
3 2 0 1807 
3 2 0 1824 
3 2 0 1808 
3 2 0 1823 
3 2 0 1813 
3 2 0 1809 
3 2 0 1812 
3 2 0 1810 
3 2 0 1811 
3 2 0 1822 
3 2 0 1814 
3 2 0 1821 
3 2 0 1817 
3 2 0 1815 
3 2 0 1816 
3 2 0 1820 
3 2 0 1818 
3 2 0 1819 
3 2 0 1844 
3 2 0 1826 
3 2 0 1843 
3 2 0 1829 
3 2 0 1827 
3 2 0 1828 
3 2 0 1842 
3 2 0 1830 
3 2 0 1841 
3 2 0 1833 
3 2 0 1831 
3 2 0 1832 
3 2 0 1840 
3 2 0 1836 
3 2 0 1834 
3 2 0 1835 
3 2 0 1839 
3 2 0 1837 
3 2 0 1838 
3 2 0 1851 
1 1 0 
1 1 0 
2 3 1917 1918 0 
1 1 0 
1 1 0 
1 1 0 
1 1 0 
1 1 0 
1 1 0 
1 1 0 
1 1 0 
2 3 1926 1927 0 
2 3 1925 1928 0 
2 3 1924 1929 0 
2 3 1923 1930 0 
2 3 1922 1931 0 
2 3 1921 1932 0 
1 1 0 
1 1 0 
1 1 0 
1 1 0 
1 1 0 
1 1 0 
2 3 1938 1939 0 
2 3 1937 1940 0 
2 3 1936 1941 0 
1 1 0 
1 1 0 
1 1 0 
2 3 1944 1945 0 
1 1 0 
2 3 1946 1947 0 
2 3 1943 1948 0 
2 3 1942 1949 0 
2 3 1935 1950 0 
2 3 1934 1951 0 
2 3 1933 1952 0 
2 3 1920 1953 0 
1 1 0 
2 3 1954 1955 0 
2 3 1919 1956 0 
3 2 0 1957 
3 2 0 1919 
3 2 0 1917 
3 2 0 1918 
3 2 0 1956 
3 2 0 1954 
3 2 0 1920 
3 2 0 1953 
3 2 0 1933 
3 2 0 1921 
3 2 0 1932 
3 2 0 1922 
3 2 0 1931 
3 2 0 1923 
3 2 0 1930 
3 2 0 1924 
3 2 0 1929 
3 2 0 1925 
3 2 0 1928 
3 2 0 1926 
3 2 0 1927 
3 2 0 1952 
3 2 0 1934 
3 2 0 1951 
3 2 0 1935 
3 2 0 1950 
3 2 0 1942 
3 2 0 1936 
3 2 0 1941 
3 2 0 1937 
3 2 0 1940 
3 2 0 1938 
3 2 0 1939 
3 2 0 1949 
3 2 0 1943 
3 2 0 1948 
3 2 0 1946 
3 2 0 1944 
3 2 0 1945 
3 2 0 1947 
3 2 0 1955 
1 1 0 
1 1 0 
1 1 0 
2 3 2000 2001 0 
1 1 0 
2 3 2002 2003 0 
1 1 0 
2 3 2004 2005 0 
1 1 0 
2 3 2006 2007 0 
1 1 0 
2 3 2008 2009 0 
2 3 1999 2010 0 
1 1 0 
2 3 2011 2012 0 
3 2 0 2013 
3 2 0 2011 
3 2 0 1999 
3 2 0 2010 
3 2 0 2008 
3 2 0 2006 
3 2 0 2004 
3 2 0 2002 
3 2 0 2000 
3 2 0 2001 
3 2 0 2003 
3 2 0 2005 
3 2 0 2007 
3 2 0 2009 
3 2 0 2012 
1 1 0 
1 1 0 
1 1 0 
1 1 0 
2 3 2031 2032 0 
2 3 2030 2033 0 
1 1 0 
1 1 0 
1 1 0 
1 1 0 
1 1 0 
2 3 2038 2039 0 
1 1 0 
1 1 0 
2 3 2041 2042 0 
2 3 2040 2043 0 
2 3 2037 2044 0 
2 3 2036 2045 0 
2 3 2035 2046 0 
2 3 2034 2047 0 
2 3 2029 2048 0 
1 1 0 
2 3 2049 2050 0 
1 1 0 
2 3 2051 2052 0 
1 1 0 
1 1 0 
1 1 0 
1 1 0 
2 3 2056 2057 0 
2 3 2055 2058 0 
1 1 0 
1 1 0 
1 1 0 
1 1 0 
1 1 0 
1 1 0 
1 1 0 
1 1 0 
1 1 0 
1 1 0 
2 3 2068 2069 0 
1 1 0 
1 1 0 
1 1 0 
2 3 2072 2073 0 
2 3 2071 2074 0 
2 3 2070 2075 0 
2 3 2067 2076 0 
2 3 2066 2077 0 
2 3 2065 2078 0 
2 3 2064 2079 0 
1 1 0 
2 3 2080 2081 0 
1 1 0 
1 1 0 
1 1 0 
1 1 0 
1 1 0 
2 3 2086 2087 0 
2 3 2085 2088 0 
2 3 2084 2089 0 
2 3 2083 2090 0 
2 3 2082 2091 0 
2 3 2063 2092 0 
2 3 2062 2093 0 
2 3 2061 2094 0 
1 1 0 
2 3 2095 2096 0 
2 3 2060 2097 0 
2 3 2059 2098 0 
2 3 2054 2099 0 
1 1 0 
1 1 0 
2 3 2101 2102 0 
1 1 0 
1 1 0 
1 1 0 
2 3 2105 2106 0 
1 1 0 
1 1 0 
1 1 0 
1 1 0 
2 3 2110 2111 0 
2 3 2109 2112 0 
1 1 0 
1 1 0 
2 3 2114 2115 0 
2 3 2113 2116 0 
2 3 2108 2117 0 
2 3 2107 2118 0 
2 3 2104 2119 0 
2 3 2103 2120 0 
2 3 2100 2121 0 
2 3 2053 2122 0 
1 1 0 
2 3 2123 2124 0 
3 2 0 2125 
3 2 0 2123 
3 2 0 2053 
3 2 0 2051 
3 2 0 2049 
3 2 0 2029 
3 2 0 2048 
3 2 0 2034 
3 2 0 2030 
3 2 0 2033 
3 2 0 2031 
3 2 0 2032 
3 2 0 2047 
3 2 0 2035 
3 2 0 2046 
3 2 0 2036 
3 2 0 2045 
3 2 0 2037 
3 2 0 2044 
3 2 0 2040 
3 2 0 2038 
3 2 0 2039 
3 2 0 2043 
3 2 0 2041 
3 2 0 2042 
3 2 0 2050 
3 2 0 2052 
3 2 0 2122 
3 2 0 2100 
3 2 0 2054 
3 2 0 2099 
3 2 0 2059 
3 2 0 2055 
3 2 0 2058 
3 2 0 2056 
3 2 0 2057 
3 2 0 2098 
3 2 0 2060 
3 2 0 2097 
3 2 0 2095 
3 2 0 2061 
3 2 0 2094 
3 2 0 2062 
3 2 0 2093 
3 2 0 2063 
3 2 0 2092 
3 2 0 2082 
3 2 0 2080 
3 2 0 2064 
3 2 0 2079 
3 2 0 2065 
3 2 0 2078 
3 2 0 2066 
3 2 0 2077 
3 2 0 2067 
3 2 0 2076 
3 2 0 2070 
3 2 0 2068 
3 2 0 2069 
3 2 0 2075 
3 2 0 2071 
3 2 0 2074 
3 2 0 2072 
3 2 0 2073 
3 2 0 2081 
3 2 0 2091 
3 2 0 2083 
3 2 0 2090 
3 2 0 2084 
3 2 0 2089 
3 2 0 2085 
3 2 0 2088 
3 2 0 2086 
3 2 0 2087 
3 2 0 2096 
3 2 0 2121 
3 2 0 2103 
3 2 0 2101 
3 2 0 2102 
3 2 0 2120 
3 2 0 2104 
3 2 0 2119 
3 2 0 2107 
3 2 0 2105 
3 2 0 2106 
3 2 0 2118 
3 2 0 2108 
3 2 0 2117 
3 2 0 2113 
3 2 0 2109 
3 2 0 2112 
3 2 0 2110 
3 2 0 2111 
3 2 0 2116 
3 2 0 2114 
3 2 0 2115 
3 2 0 2124 
1 1 0 
1 1 0 
1 1 0 
2 3 2224 2225 0 
1 1 0 
2 3 2226 2227 0 
2 3 2223 2228 0 
3 2 0 2229 
3 2 0 2223 
3 2 0 2228 
3 2 0 2226 
3 2 0 2224 
3 2 0 2225 
3 2 0 2227 
1 1 0 
1 1 0 
1 1 0 
2 3 2238 2239 0 
1 1 0 
2 3 2240 2241 0 
2 3 2237 2242 0 
3 2 0 2243 
3 2 0 2237 
3 2 0 2242 
3 2 0 2240 
3 2 0 2238 
3 2 0 2239 
3 2 0 2241 
1 1 0 
1 1 0 
1 1 0 
1 1 0 
2 3 2253 2254 0 
2 3 2252 2255 0 
1 1 0 
1 1 0 
1 1 0 
2 3 2258 2259 0 
1 1 0 
1 1 0 
1 1 0 
1 1 0 
1 1 0 
2 3 2264 2265 0 
2 3 2263 2266 0 
2 3 2262 2267 0 
2 3 2261 2268 0 
2 3 2260 2269 0 
2 3 2257 2270 0 
2 3 2256 2271 0 
1 1 0 
2 3 2272 2273 0 
2 3 2251 2274 0 
3 2 0 2275 
3 2 0 2251 
3 2 0 2274 
3 2 0 2272 
3 2 0 2256 
3 2 0 2252 
3 2 0 2255 
3 2 0 2253 
3 2 0 2254 
3 2 0 2271 
3 2 0 2257 
3 2 0 2270 
3 2 0 2260 
3 2 0 2258 
3 2 0 2259 
3 2 0 2269 
3 2 0 2261 
3 2 0 2268 
3 2 0 2262 
3 2 0 2267 
3 2 0 2263 
3 2 0 2266 
3 2 0 2264 
3 2 0 2265 
3 2 0 2273 
1 1 0 
1 1 0 
1 1 0 
1 1 0 
1 1 0 
1 1 0 
2 3 2305 2306 0 
2 3 2304 2307 0 
2 3 2303 2308 0 
1 1 0 
1 1 0 
2 3 2310 2311 0 
1 1 0 
1 1 0 
2 3 2313 2314 0 
2 3 2312 2315 0 
2 3 2309 2316 0 
1 1 0 
1 1 0 
1 1 0 
1 1 0 
1 1 0 
2 3 2321 2322 0 
1 1 0 
2 3 2323 2324 0 
2 3 2320 2325 0 
2 3 2319 2326 0 
2 3 2318 2327 0 
2 3 2317 2328 0 
2 3 2302 2329 0 
2 3 2301 2330 0 
3 2 0 2331 
3 2 0 2301 
3 2 0 2330 
3 2 0 2302 
3 2 0 2329 
3 2 0 2317 
3 2 0 2309 
3 2 0 2303 
3 2 0 2308 
3 2 0 2304 
3 2 0 2307 
3 2 0 2305 
3 2 0 2306 
3 2 0 2316 
3 2 0 2312 
3 2 0 2310 
3 2 0 2311 
3 2 0 2315 
3 2 0 2313 
3 2 0 2314 
3 2 0 2328 
3 2 0 2318 
3 2 0 2327 
3 2 0 2319 
3 2 0 2326 
3 2 0 2320 
3 2 0 2325 
3 2 0 2323 
3 2 0 2321 
3 2 0 2322 
3 2 0 2324 
1 1 0 
1 1 0 
1 1 0 
2 3 2364 2365 0 
1 1 0 
1 1 0 
2 3 2367 2368 0 
2 3 2366 2369 0 
2 3 2363 2370 0 
1 1 0 
2 3 2371 2372 0 
1 1 0 
2 3 2373 2374 0 
1 1 0 
1 1 0 
1 1 0 
2 3 2377 2378 0 
1 1 0 
2 3 2379 2380 0 
2 3 2376 2381 0 
2 3 2375 2382 0 
1 1 0 
2 3 2383 2384 0 
3 2 0 2385 
3 2 0 2383 
3 2 0 2375 
3 2 0 2373 
3 2 0 2371 
3 2 0 2363 
3 2 0 2370 
3 2 0 2366 
3 2 0 2364 
3 2 0 2365 
3 2 0 2369 
3 2 0 2367 
3 2 0 2368 
3 2 0 2372 
3 2 0 2374 
3 2 0 2382 
3 2 0 2376 
3 2 0 2381 
3 2 0 2379 
3 2 0 2377 
3 2 0 2378 
3 2 0 2380 
3 2 0 2384 
1 1 0 
1 1 0 
1 1 0 
2 3 2410 2411 0 
2 3 2409 2412 0 
1 1 0 
2 3 2413 2414 0 
1 1 0 
1 1 0 
1 1 0 
2 3 2417 2418 0 
2 3 2416 2419 0 
1 1 0 
2 3 2420 2421 0 
1 1 0 
1 1 0 
1 1 0 
1 1 0 
2 3 2425 2426 0 
2 3 2424 2427 0 
2 3 2423 2428 0 
2 3 2422 2429 0 
2 3 2415 2430 0 
1 1 0 
2 3 2431 2432 0 
3 2 0 2433 
3 2 0 2431 
3 2 0 2415 
3 2 0 2413 
3 2 0 2409 
3 2 0 2412 
3 2 0 2410 
3 2 0 2411 
3 2 0 2414 
3 2 0 2430 
3 2 0 2422 
3 2 0 2420 
3 2 0 2416 
3 2 0 2419 
3 2 0 2417 
3 2 0 2418 
3 2 0 2421 
3 2 0 2429 
3 2 0 2423 
3 2 0 2428 
3 2 0 2424 
3 2 0 2427 
3 2 0 2425 
3 2 0 2426 
3 2 0 2432 
1 1 0 
1 1 0 
1 1 0 
1 1 0 
2 3 2461 2462 0 
2 3 2460 2463 0 
2 3 2459 2464 0 
1 1 0 
1 1 0 
2 3 2466 2467 0 
1 1 0 
1 1 0 
2 3 2469 2470 0 
2 3 2468 2471 0 
1 1 0 
2 3 2472 2473 0 
2 3 2465 2474 0 
1 1 0 
1 1 0 
1 1 0 
1 1 0 
1 1 0 
1 1 0 
1 1 0 
2 3 2481 2482 0 
2 3 2480 2483 0 
1 1 0 
1 1 0 
2 3 2485 2486 0 
2 3 2484 2487 0 
2 3 2479 2488 0 
2 3 2478 2489 0 
2 3 2477 2490 0 
2 3 2476 2491 0 
2 3 2475 2492 0 
1 1 0 
2 3 2493 2494 0 
1 1 0 
1 1 0 
1 1 0 
1 1 0 
1 1 0 
2 3 2499 2500 0 
2 3 2498 2501 0 
1 1 0 
1 1 0 
1 1 0 
1 1 0 
2 3 2505 2506 0 
2 3 2504 2507 0 
2 3 2503 2508 0 
2 3 2502 2509 0 
2 3 2497 2510 0 
2 3 2496 2511 0 
2 3 2495 2512 0 
1 1 0 
2 3 2513 2514 0 
3 2 0 2515 
3 2 0 2513 
3 2 0 2495 
3 2 0 2493 
3 2 0 2475 
3 2 0 2465 
3 2 0 2459 
3 2 0 2464 
3 2 0 2460 
3 2 0 2463 
3 2 0 2461 
3 2 0 2462 
3 2 0 2474 
3 2 0 2472 
3 2 0 2468 
3 2 0 2466 
3 2 0 2467 
3 2 0 2471 
3 2 0 2469 
3 2 0 2470 
3 2 0 2473 
3 2 0 2492 
3 2 0 2476 
3 2 0 2491 
3 2 0 2477 
3 2 0 2490 
3 2 0 2478 
3 2 0 2489 
3 2 0 2479 
3 2 0 2488 
3 2 0 2484 
3 2 0 2480 
3 2 0 2483 
3 2 0 2481 
3 2 0 2482 
3 2 0 2487 
3 2 0 2485 
3 2 0 2486 
3 2 0 2494 
3 2 0 2512 
3 2 0 2496 
3 2 0 2511 
3 2 0 2497 
3 2 0 2510 
3 2 0 2502 
3 2 0 2498 
3 2 0 2501 
3 2 0 2499 
3 2 0 2500 
3 2 0 2509 
3 2 0 2503 
3 2 0 2508 
3 2 0 2504 
3 2 0 2507 
3 2 0 2505 
3 2 0 2506 
3 2 0 2514 
1 1 0 
1 1 0 
1 1 0 
1 1 0 
2 3 2575 2576 0 
2 3 2574 2577 0 
2 3 2573 2578 0 
1 1 0 
1 1 0 
1 1 0 
1 1 0 
1 1 0 
1 1 0 
1 1 0 
2 3 2585 2586 0 
2 3 2584 2587 0 
2 3 2583 2588 0 
2 3 2582 2589 0 
1 1 0 
2 3 2590 2591 0 
2 3 2581 2592 0 
2 3 2580 2593 0 
1 1 0 
2 3 2594 2595 0 
2 3 2579 2596 0 
3 2 0 2597 
3 2 0 2579 
3 2 0 2573 
3 2 0 2578 
3 2 0 2574 
3 2 0 2577 
3 2 0 2575 
3 2 0 2576 
3 2 0 2596 
3 2 0 2594 
3 2 0 2580 
3 2 0 2593 
3 2 0 2581 
3 2 0 2592 
3 2 0 2590 
3 2 0 2582 
3 2 0 2589 
3 2 0 2583 
3 2 0 2588 
3 2 0 2584 
3 2 0 2587 
3 2 0 2585 
3 2 0 2586 
3 2 0 2591 
3 2 0 2595 
1 1 0 
1 1 0 
1 1 0 
1 1 0 
1 1 0 
1 1 0 
2 3 2627 2628 0 
2 3 2626 2629 0 
1 1 0 
1 1 0 
1 1 0 
2 3 2632 2633 0 
1 1 0 
2 3 2634 2635 0 
1 1 0 
1 1 0 
2 3 2637 2638 0 
2 3 2636 2639 0 
2 3 2631 2640 0 
2 3 2630 2641 0 
2 3 2625 2642 0 
2 3 2624 2643 0 
1 1 0 
1 1 0 
1 1 0 
1 1 0 
1 1 0 
2 3 2648 2649 0 
1 1 0 
2 3 2650 2651 0 
2 3 2647 2652 0 
1 1 0 
1 1 0 
1 1 0 
2 3 2655 2656 0 
1 1 0 
2 3 2657 2658 0 
2 3 2654 2659 0 
2 3 2653 2660 0 
2 3 2646 2661 0 
2 3 2645 2662 0 
2 3 2644 2663 0 
1 1 0 
2 3 2664 2665 0 
2 3 2623 2666 0 
3 2 0 2667 
3 2 0 2623 
3 2 0 2666 
3 2 0 2664 
3 2 0 2644 
3 2 0 2624 
3 2 0 2643 
3 2 0 2625 
3 2 0 2642 
3 2 0 2630 
3 2 0 2626 
3 2 0 2629 
3 2 0 2627 
3 2 0 2628 
3 2 0 2641 
3 2 0 2631 
3 2 0 2640 
3 2 0 2636 
3 2 0 2634 
3 2 0 2632 
3 2 0 2633 
3 2 0 2635 
3 2 0 2639 
3 2 0 2637 
3 2 0 2638 
3 2 0 2663 
3 2 0 2645 
3 2 0 2662 
3 2 0 2646 
3 2 0 2661 
3 2 0 2653 
3 2 0 2647 
3 2 0 2652 
3 2 0 2650 
3 2 0 2648 
3 2 0 2649 
3 2 0 2651 
3 2 0 2660 
3 2 0 2654 
3 2 0 2659 
3 2 0 2657 
3 2 0 2655 
3 2 0 2656 
3 2 0 2658 
3 2 0 2665 
1 1 0 
1 1 0 
2 3 2713 2714 0 
1 1 0 
1 1 0 
1 1 0 
2 3 2717 2718 0 
2 3 2716 2719 0 
2 3 2715 2720 0 
1 1 0 
1 1 0 
1 1 0 
1 1 0 
1 1 0 
1 1 0 
1 1 0 
1 1 0 
1 1 0 
2 3 2729 2730 0 
2 3 2728 2731 0 
2 3 2727 2732 0 
2 3 2726 2733 0 
2 3 2725 2734 0 
2 3 2724 2735 0 
2 3 2723 2736 0 
2 3 2722 2737 0 
1 1 0 
2 3 2738 2739 0 
2 3 2721 2740 0 
3 2 0 2741 
3 2 0 2721 
3 2 0 2715 
3 2 0 2713 
3 2 0 2714 
3 2 0 2720 
3 2 0 2716 
3 2 0 2719 
3 2 0 2717 
3 2 0 2718 
3 2 0 2740 
3 2 0 2738 
3 2 0 2722 
3 2 0 2737 
3 2 0 2723 
3 2 0 2736 
3 2 0 2724 
3 2 0 2735 
3 2 0 2725 
3 2 0 2734 
3 2 0 2726 
3 2 0 2733 
3 2 0 2727 
3 2 0 2732 
3 2 0 2728 
3 2 0 2731 
3 2 0 2729 
3 2 0 2730 
3 2 0 2739 
1 1 0 
1 1 0 
2 3 2771 2772 0 
1 1 0 
2 3 2773 2774 0 
1 1 0 
1 1 0 
1 1 0 
1 1 0 
1 1 0 
2 3 2779 2780 0 
2 3 2778 2781 0 
2 3 2777 2782 0 
2 3 2776 2783 0 
1 1 0 
2 3 2784 2785 0 
1 1 0 
1 1 0 
1 1 0 
1 1 0 
1 1 0 
1 1 0 
2 3 2791 2792 0 
2 3 2790 2793 0 
2 3 2789 2794 0 
2 3 2788 2795 0 
2 3 2787 2796 0 
2 3 2786 2797 0 
2 3 2775 2798 0 
1 1 0 
2 3 2799 2800 0 
3 2 0 2801 
3 2 0 2799 
3 2 0 2775 
3 2 0 2773 
3 2 0 2771 
3 2 0 2772 
3 2 0 2774 
3 2 0 2798 
3 2 0 2786 
3 2 0 2784 
3 2 0 2776 
3 2 0 2783 
3 2 0 2777 
3 2 0 2782 
3 2 0 2778 
3 2 0 2781 
3 2 0 2779 
3 2 0 2780 
3 2 0 2785 
3 2 0 2797 
3 2 0 2787 
3 2 0 2796 
3 2 0 2788 
3 2 0 2795 
3 2 0 2789 
3 2 0 2794 
3 2 0 2790 
3 2 0 2793 
3 2 0 2791 
3 2 0 2792 
3 2 0 2800 
1 1 0 
1 1 0 
2 3 2833 2834 0 
1 1 0 
1 1 0 
1 1 0 
1 1 0 
1 1 0 
2 3 2839 2840 0 
2 3 2838 2841 0 
2 3 2837 2842 0 
1 1 0 
1 1 0 
1 1 0 
2 3 2845 2846 0 
1 1 0 
2 3 2847 2848 0 
1 1 0 
2 3 2849 2850 0 
1 1 0 
1 1 0 
2 3 2852 2853 0 
2 3 2851 2854 0 
2 3 2844 2855 0 
2 3 2843 2856 0 
1 1 0 
1 1 0 
1 1 0 
2 3 2859 2860 0 
1 1 0 
2 3 2861 2862 0 
2 3 2858 2863 0 
1 1 0 
2 3 2864 2865 0 
1 1 0 
1 1 0 
2 3 2867 2868 0 
2 3 2866 2869 0 
1 1 0 
2 3 2870 2871 0 
2 3 2857 2872 0 
2 3 2836 2873 0 
2 3 2835 2874 0 
3 2 0 2875 
3 2 0 2835 
3 2 0 2833 
3 2 0 2834 
3 2 0 2874 
3 2 0 2836 
3 2 0 2873 
3 2 0 2857 
3 2 0 2843 
3 2 0 2837 
3 2 0 2842 
3 2 0 2838 
3 2 0 2841 
3 2 0 2839 
3 2 0 2840 
3 2 0 2856 
3 2 0 2844 
3 2 0 2855 
3 2 0 2851 
3 2 0 2849 
3 2 0 2847 
3 2 0 2845 
3 2 0 2846 
3 2 0 2848 
3 2 0 2850 
3 2 0 2854 
3 2 0 2852 
3 2 0 2853 
3 2 0 2872 
3 2 0 2870 
3 2 0 2866 
3 2 0 2864 
3 2 0 2858 
3 2 0 2863 
3 2 0 2861 
3 2 0 2859 
3 2 0 2860 
3 2 0 2862 
3 2 0 2865 
3 2 0 2869 
3 2 0 2867 
3 2 0 2868 
3 2 0 2871 
1 1 0 
1 1 0 
1 1 0 
1 1 0 
2 3 2921 2922 0 
2 3 2920 2923 0 
1 1 0 
1 1 0 
1 1 0 
2 3 2926 2927 0 
1 1 0 
2 3 2928 2929 0 
2 3 2925 2930 0 
2 3 2924 2931 0 
1 1 0 
1 1 0 
1 1 0 
1 1 0 
2 3 2935 2936 0 
2 3 2934 2937 0 
1 1 0 
1 1 0 
1 1 0 
1 1 0 
2 3 2941 2942 0 
2 3 2940 2943 0 
2 3 2939 2944 0 
2 3 2938 2945 0 
2 3 2933 2946 0 
2 3 2932 2947 0 
2 3 2919 2948 0 
1 1 0 
1 1 0 
1 1 0 
2 3 2951 2952 0 
1 1 0 
1 1 0 
1 1 0 
2 3 2955 2956 0 
2 3 2954 2957 0 
2 3 2953 2958 0 
1 1 0 
1 1 0 
1 1 0 
1 1 0 
2 3 2962 2963 0 
2 3 2961 2964 0 
2 3 2960 2965 0 
2 3 2959 2966 0 
1 1 0 
2 3 2967 2968 0 
2 3 2950 2969 0 
2 3 2949 2970 0 
3 2 0 2971 
3 2 0 2949 
3 2 0 2919 
3 2 0 2948 
3 2 0 2932 
3 2 0 2924 
3 2 0 2920 
3 2 0 2923 
3 2 0 2921 
3 2 0 2922 
3 2 0 2931 
3 2 0 2925 
3 2 0 2930 
3 2 0 2928 
3 2 0 2926 
3 2 0 2927 
3 2 0 2929 
3 2 0 2947 
3 2 0 2933 
3 2 0 2946 
3 2 0 2938 
3 2 0 2934 
3 2 0 2937 
3 2 0 2935 
3 2 0 2936 
3 2 0 2945 
3 2 0 2939 
3 2 0 2944 
3 2 0 2940 
3 2 0 2943 
3 2 0 2941 
3 2 0 2942 
3 2 0 2970 
3 2 0 2950 
3 2 0 2969 
3 2 0 2967 
3 2 0 2959 
3 2 0 2953 
3 2 0 2951 
3 2 0 2952 
3 2 0 2958 
3 2 0 2954 
3 2 0 2957 
3 2 0 2955 
3 2 0 2956 
3 2 0 2966 
3 2 0 2960 
3 2 0 2965 
3 2 0 2961 
3 2 0 2964 
3 2 0 2962 
3 2 0 2963 
3 2 0 2968 
1 1 0 
1 1 0 
2 3 3025 3026 0 
1 1 0 
1 1 0 
1 1 0 
2 3 3029 3030 0 
1 1 0 
2 3 3031 3032 0 
1 1 0 
1 1 0 
2 3 3034 3035 0 
2 3 3033 3036 0 
2 3 3028 3037 0 
1 1 0 
2 3 3038 3039 0 
2 3 3027 3040 0 
3 2 0 3041 
3 2 0 3027 
3 2 0 3025 
3 2 0 3026 
3 2 0 3040 
3 2 0 3038 
3 2 0 3028 
3 2 0 3037 
3 2 0 3033 
3 2 0 3031 
3 2 0 3029 
3 2 0 3030 
3 2 0 3032 
3 2 0 3036 
3 2 0 3034 
3 2 0 3035 
3 2 0 3039 
1 1 0 
1 1 0 
2 3 3059 3060 0 
1 1 0 
1 1 0 
1 1 0 
2 3 3063 3064 0 
2 3 3062 3065 0 
2 3 3061 3066 0 
1 1 0 
2 3 3067 3068 0 
3 2 0 3069 
3 2 0 3067 
3 2 0 3061 
3 2 0 3059 
3 2 0 3060 
3 2 0 3066 
3 2 0 3062 
3 2 0 3065 
3 2 0 3063 
3 2 0 3064 
3 2 0 3068 
1 1 0 
1 1 0 
1 1 0 
2 3 3082 3083 0 
1 1 0 
2 3 3084 3085 0 
2 3 3081 3086 0 
1 1 0 
1 1 0 
1 1 0 
1 1 0 
1 1 0 
2 3 3091 3092 0 
2 3 3090 3093 0 
2 3 3089 3094 0 
1 1 0 
2 3 3095 3096 0 
1 1 0 
1 1 0 
1 1 0 
1 1 0 
2 3 3100 3101 0 
2 3 3099 3102 0 
2 3 3098 3103 0 
1 1 0 
2 3 3104 3105 0 
1 1 0 
1 1 0 
1 1 0 
1 1 0 
2 3 3109 3110 0 
2 3 3108 3111 0 
1 1 0 
2 3 3112 3113 0 
2 3 3107 3114 0 
2 3 3106 3115 0 
2 3 3097 3116 0 
1 1 0 
2 3 3117 3118 0 
2 3 3088 3119 0 
2 3 3087 3120 0 
1 1 0 
1 1 0 
1 1 0 
2 3 3123 3124 0 
1 1 0 
1 1 0 
1 1 0 
1 1 0 
1 1 0 
2 3 3129 3130 0 
1 1 0 
2 3 3131 3132 0 
2 3 3128 3133 0 
1 1 0 
2 3 3134 3135 0 
2 3 3127 3136 0 
2 3 3126 3137 0 
2 3 3125 3138 0 
2 3 3122 3139 0 
1 1 0 
2 3 3140 3141 0 
2 3 3121 3142 0 
3 2 0 3143 
3 2 0 3121 
3 2 0 3087 
3 2 0 3081 
3 2 0 3086 
3 2 0 3084 
3 2 0 3082 
3 2 0 3083 
3 2 0 3085 
3 2 0 3120 
3 2 0 3088 
3 2 0 3119 
3 2 0 3117 
3 2 0 3097 
3 2 0 3095 
3 2 0 3089 
3 2 0 3094 
3 2 0 3090 
3 2 0 3093 
3 2 0 3091 
3 2 0 3092 
3 2 0 3096 
3 2 0 3116 
3 2 0 3106 
3 2 0 3104 
3 2 0 3098 
3 2 0 3103 
3 2 0 3099 
3 2 0 3102 
3 2 0 3100 
3 2 0 3101 
3 2 0 3105 
3 2 0 3115 
3 2 0 3107 
3 2 0 3114 
3 2 0 3112 
3 2 0 3108 
3 2 0 3111 
3 2 0 3109 
3 2 0 3110 
3 2 0 3113 
3 2 0 3118 
3 2 0 3142 
3 2 0 3140 
3 2 0 3122 
3 2 0 3139 
3 2 0 3125 
3 2 0 3123 
3 2 0 3124 
3 2 0 3138 
3 2 0 3126 
3 2 0 3137 
3 2 0 3127 
3 2 0 3136 
3 2 0 3134 
3 2 0 3128 
3 2 0 3133 
3 2 0 3131 
3 2 0 3129 
3 2 0 3130 
3 2 0 3132 
3 2 0 3135 
3 2 0 3141 
1 1 0 
1 1 0 
2 3 3207 3208 0 
1 1 0 
1 1 0 
1 1 0 
2 3 3211 3212 0 
1 1 0 
1 1 0 
1 1 0 
2 3 3215 3216 0 
2 3 3214 3217 0 
2 3 3213 3218 0 
2 3 3210 3219 0 
2 3 3209 3220 0 
1 1 0 
2 3 3221 3222 0 
1 1 0 
1 1 0 
1 1 0 
1 1 0 
2 3 3226 3227 0 
1 1 0 
1 1 0 
1 1 0 
1 1 0 
1 1 0 
2 3 3232 3233 0 
2 3 3231 3234 0 
2 3 3230 3235 0 
2 3 3229 3236 0 
2 3 3228 3237 0 
2 3 3225 3238 0 
2 3 3224 3239 0 
1 1 0 
2 3 3240 3241 0 
1 1 0 
2 3 3242 3243 0 
1 1 0 
2 3 3244 3245 0 
1 1 0 
1 1 0 
1 1 0 
2 3 3248 3249 0 
2 3 3247 3250 0 
1 1 0 
1 1 0 
2 3 3252 3253 0 
2 3 3251 3254 0 
2 3 3246 3255 0 
2 3 3223 3256 0 
1 1 0 
2 3 3257 3258 0 
3 2 0 3259 
3 2 0 3257 
3 2 0 3223 
3 2 0 3221 
3 2 0 3209 
3 2 0 3207 
3 2 0 3208 
3 2 0 3220 
3 2 0 3210 
3 2 0 3219 
3 2 0 3213 
3 2 0 3211 
3 2 0 3212 
3 2 0 3218 
3 2 0 3214 
3 2 0 3217 
3 2 0 3215 
3 2 0 3216 
3 2 0 3222 
3 2 0 3256 
3 2 0 3246 
3 2 0 3244 
3 2 0 3242 
3 2 0 3240 
3 2 0 3224 
3 2 0 3239 
3 2 0 3225 
3 2 0 3238 
3 2 0 3228 
3 2 0 3226 
3 2 0 3227 
3 2 0 3237 
3 2 0 3229 
3 2 0 3236 
3 2 0 3230 
3 2 0 3235 
3 2 0 3231 
3 2 0 3234 
3 2 0 3232 
3 2 0 3233 
3 2 0 3241 
3 2 0 3243 
3 2 0 3245 
3 2 0 3255 
3 2 0 3251 
3 2 0 3247 
3 2 0 3250 
3 2 0 3248 
3 2 0 3249 
3 2 0 3254 
3 2 0 3252 
3 2 0 3253 
3 2 0 3258 
1 1 0 
1 1 0 
1 1 0 
1 1 0 
2 3 3315 3316 0 
1 1 0 
1 1 0 
1 1 0 
1 1 0 
1 1 0 
2 3 3321 3322 0 
2 3 3320 3323 0 
1 1 0 
1 1 0 
2 3 3325 3326 0 
2 3 3324 3327 0 
2 3 3319 3328 0 
2 3 3318 3329 0 
2 3 3317 3330 0 
2 3 3314 3331 0 
2 3 3313 3332 0 
1 1 0 
1 1 0 
1 1 0 
1 1 0 
1 1 0 
1 1 0 
2 3 3338 3339 0 
1 1 0 
2 3 3340 3341 0 
2 3 3337 3342 0 
2 3 3336 3343 0 
1 1 0 
2 3 3344 3345 0 
2 3 3335 3346 0 
2 3 3334 3347 0 
2 3 3333 3348 0 
3 2 0 3349 
3 2 0 3333 
3 2 0 3313 
3 2 0 3332 
3 2 0 3314 
3 2 0 3331 
3 2 0 3317 
3 2 0 3315 
3 2 0 3316 
3 2 0 3330 
3 2 0 3318 
3 2 0 3329 
3 2 0 3319 
3 2 0 3328 
3 2 0 3324 
3 2 0 3320 
3 2 0 3323 
3 2 0 3321 
3 2 0 3322 
3 2 0 3327 
3 2 0 3325 
3 2 0 3326 
3 2 0 3348 
3 2 0 3334 
3 2 0 3347 
3 2 0 3335 
3 2 0 3346 
3 2 0 3344 
3 2 0 3336 
3 2 0 3343 
3 2 0 3337 
3 2 0 3342 
3 2 0 3340 
3 2 0 3338 
3 2 0 3339 
3 2 0 3341 
3 2 0 3345 
1 1 0 
1 1 0 
2 3 3387 3388 0 
1 1 0 
1 1 0 
2 3 3390 3391 0 
2 3 3389 3392 0 
1 1 0 
1 1 0 
2 3 3394 3395 0 
1 1 0 
1 1 0 
2 3 3397 3398 0 
2 3 3396 3399 0 
2 3 3393 3400 0 
1 1 0 
1 1 0 
1 1 0 
1 1 0 
1 1 0 
1 1 0 
1 1 0 
1 1 0 
1 1 0 
2 3 3409 3410 0 
2 3 3408 3411 0 
2 3 3407 3412 0 
2 3 3406 3413 0 
2 3 3405 3414 0 
1 1 0 
1 1 0 
2 3 3416 3417 0 
2 3 3415 3418 0 
2 3 3404 3419 0 
2 3 3403 3420 0 
2 3 3402 3421 0 
2 3 3401 3422 0 
1 1 0 
2 3 3423 3424 0 
3 2 0 3425 
3 2 0 3423 
3 2 0 3401 
3 2 0 3393 
3 2 0 3389 
3 2 0 3387 
3 2 0 3388 
3 2 0 3392 
3 2 0 3390 
3 2 0 3391 
3 2 0 3400 
3 2 0 3396 
3 2 0 3394 
3 2 0 3395 
3 2 0 3399 
3 2 0 3397 
3 2 0 3398 
3 2 0 3422 
3 2 0 3402 
3 2 0 3421 
3 2 0 3403 
3 2 0 3420 
3 2 0 3404 
3 2 0 3419 
3 2 0 3415 
3 2 0 3405 
3 2 0 3414 
3 2 0 3406 
3 2 0 3413 
3 2 0 3407 
3 2 0 3412 
3 2 0 3408 
3 2 0 3411 
3 2 0 3409 
3 2 0 3410 
3 2 0 3418 
3 2 0 3416 
3 2 0 3417 
3 2 0 3424 
1 1 0 
1 1 0 
1 1 0 
1 1 0 
1 1 0 
2 3 3468 3469 0 
2 3 3467 3470 0 
1 1 0 
2 3 3471 3472 0 
1 1 0 
1 1 0 
2 3 3474 3475 0 
2 3 3473 3476 0 
2 3 3466 3477 0 
1 1 0 
1 1 0 
1 1 0 
2 3 3480 3481 0 
1 1 0 
2 3 3482 3483 0 
1 1 0 
1 1 0 
1 1 0 
1 1 0 
2 3 3487 3488 0 
2 3 3486 3489 0 
2 3 3485 3490 0 
2 3 3484 3491 0 
2 3 3479 3492 0 
2 3 3478 3493 0 
2 3 3465 3494 0 
1 1 0 
1 1 0 
1 1 0 
1 1 0 
1 1 0 
1 1 0 
1 1 0 
1 1 0 
1 1 0 
2 3 3503 3504 0 
2 3 3502 3505 0 
2 3 3501 3506 0 
2 3 3500 3507 0 
2 3 3499 3508 0 
1 1 0 
1 1 0 
1 1 0 
2 3 3511 3512 0 
2 3 3510 3513 0 
2 3 3509 3514 0 
2 3 3498 3515 0 
1 1 0 
2 3 3516 3517 0 
2 3 3497 3518 0 
2 3 3496 3519 0 
2 3 3495 3520 0 
3 2 0 3521 
3 2 0 3495 
3 2 0 3465 
3 2 0 3494 
3 2 0 3478 
3 2 0 3466 
3 2 0 3477 
3 2 0 3473 
3 2 0 3471 
3 2 0 3467 
3 2 0 3470 
3 2 0 3468 
3 2 0 3469 
3 2 0 3472 
3 2 0 3476 
3 2 0 3474 
3 2 0 3475 
3 2 0 3493 
3 2 0 3479 
3 2 0 3492 
3 2 0 3484 
3 2 0 3482 
3 2 0 3480 
3 2 0 3481 
3 2 0 3483 
3 2 0 3491 
3 2 0 3485 
3 2 0 3490 
3 2 0 3486 
3 2 0 3489 
3 2 0 3487 
3 2 0 3488 
3 2 0 3520 
3 2 0 3496 
3 2 0 3519 
3 2 0 3497 
3 2 0 3518 
3 2 0 3516 
3 2 0 3498 
3 2 0 3515 
3 2 0 3509 
3 2 0 3499 
3 2 0 3508 
3 2 0 3500 
3 2 0 3507 
3 2 0 3501 
3 2 0 3506 
3 2 0 3502 
3 2 0 3505 
3 2 0 3503 
3 2 0 3504 
3 2 0 3514 
3 2 0 3510 
3 2 0 3513 
3 2 0 3511 
3 2 0 3512 
3 2 0 3517 
1 1 0 
1 1 0 
1 1 0 
1 1 0 
2 3 3581 3582 0 
1 1 0 
2 3 3583 3584 0 
1 1 0 
2 3 3585 3586 0 
2 3 3580 3587 0 
2 3 3579 3588 0 
1 1 0 
2 3 3589 3590 0 
1 1 0 
1 1 0 
1 1 0 
2 3 3593 3594 0 
2 3 3592 3595 0 
1 1 0 
1 1 0 
1 1 0 
1 1 0 
1 1 0 
1 1 0 
2 3 3601 3602 0 
2 3 3600 3603 0 
2 3 3599 3604 0 
2 3 3598 3605 0 
2 3 3597 3606 0 
2 3 3596 3607 0 
2 3 3591 3608 0 
1 1 0 
2 3 3609 3610 0 
3 2 0 3611 
3 2 0 3609 
3 2 0 3591 
3 2 0 3589 
3 2 0 3579 
3 2 0 3588 
3 2 0 3580 
3 2 0 3587 
3 2 0 3585 
3 2 0 3583 
3 2 0 3581 
3 2 0 3582 
3 2 0 3584 
3 2 0 3586 
3 2 0 3590 
3 2 0 3608 
3 2 0 3596 
3 2 0 3592 
3 2 0 3595 
3 2 0 3593 
3 2 0 3594 
3 2 0 3607 
3 2 0 3597 
3 2 0 3606 
3 2 0 3598 
3 2 0 3605 
3 2 0 3599 
3 2 0 3604 
3 2 0 3600 
3 2 0 3603 
3 2 0 3601 
3 2 0 3602 
3 2 0 3610 
1 1 0 
1 1 0 
1 1 0 
1 1 0 
1 1 0 
2 3 3648 3649 0 
1 1 0 
1 1 0 
1 1 0 
1 1 0 
1 1 0 
1 1 0 
2 3 3655 3656 0 
2 3 3654 3657 0 
1 1 0 
2 3 3658 3659 0 
2 3 3653 3660 0 
2 3 3652 3661 0 
2 3 3651 3662 0 
2 3 3650 3663 0 
2 3 3647 3664 0 
1 1 0 
2 3 3665 3666 0 
2 3 3646 3667 0 
2 3 3645 3668 0 
3 2 0 3669 
3 2 0 3645 
3 2 0 3668 
3 2 0 3646 
3 2 0 3667 
3 2 0 3665 
3 2 0 3647 
3 2 0 3664 
3 2 0 3650 
3 2 0 3648 
3 2 0 3649 
3 2 0 3663 
3 2 0 3651 
3 2 0 3662 
3 2 0 3652 
3 2 0 3661 
3 2 0 3653 
3 2 0 3660 
3 2 0 3658 
3 2 0 3654 
3 2 0 3657 
3 2 0 3655 
3 2 0 3656 
3 2 0 3659 
3 2 0 3666 
1 1 0 
1 1 0 
1 1 0 
1 1 0 
1 1 0 
1 1 0 
1 1 0 
1 1 0 
1 1 0 
1 1 0 
2 3 3703 3704 0 
2 3 3702 3705 0 
2 3 3701 3706 0 
2 3 3700 3707 0 
2 3 3699 3708 0 
1 1 0 
1 1 0 
1 1 0 
1 1 0 
1 1 0 
1 1 0 
1 1 0 
1 1 0 
2 3 3716 3717 0 
2 3 3715 3718 0 
2 3 3714 3719 0 
2 3 3713 3720 0 
2 3 3712 3721 0 
2 3 3711 3722 0 
2 3 3710 3723 0 
2 3 3709 3724 0 
2 3 3698 3725 0 
2 3 3697 3726 0 
2 3 3696 3727 0 
1 1 0 
2 3 3728 3729 0 
2 3 3695 3730 0 
3 2 0 3731 
3 2 0 3695 
3 2 0 3730 
3 2 0 3728 
3 2 0 3696 
3 2 0 3727 
3 2 0 3697 
3 2 0 3726 
3 2 0 3698 
3 2 0 3725 
3 2 0 3709 
3 2 0 3699 
3 2 0 3708 
3 2 0 3700 
3 2 0 3707 
3 2 0 3701 
3 2 0 3706 
3 2 0 3702 
3 2 0 3705 
3 2 0 3703 
3 2 0 3704 
3 2 0 3724 
3 2 0 3710 
3 2 0 3723 
3 2 0 3711 
3 2 0 3722 
3 2 0 3712 
3 2 0 3721 
3 2 0 3713 
3 2 0 3720 
3 2 0 3714 
3 2 0 3719 
3 2 0 3715 
3 2 0 3718 
3 2 0 3716 
3 2 0 3717 
3 2 0 3729 
1 1 0 
1 1 0 
2 3 3769 3770 0 
1 1 0 
1 1 0 
1 1 0 
1 1 0 
1 1 0 
2 3 3775 3776 0 
2 3 3774 3777 0 
2 3 3773 3778 0 
1 1 0 
1 1 0 
1 1 0 
2 3 3781 3782 0 
2 3 3780 3783 0 
2 3 3779 3784 0 
2 3 3772 3785 0 
2 3 3771 3786 0 
1 1 0 
2 3 3787 3788 0 
3 2 0 3789 
3 2 0 3787 
3 2 0 3771 
3 2 0 3769 
3 2 0 3770 
3 2 0 3786 
3 2 0 3772 
3 2 0 3785 
3 2 0 3779 
3 2 0 3773 
3 2 0 3778 
3 2 0 3774 
3 2 0 3777 
3 2 0 3775 
3 2 0 3776 
3 2 0 3784 
3 2 0 3780 
3 2 0 3783 
3 2 0 3781 
3 2 0 3782 
3 2 0 3788 
1 1 0 
1 1 0 
1 1 0 
1 1 0 
2 3 3813 3814 0 
1 1 0 
2 3 3815 3816 0 
1 1 0 
1 1 0 
1 1 0 
2 3 3819 3820 0 
1 1 0 
2 3 3821 3822 0 
2 3 3818 3823 0 
1 1 0 
1 1 0 
1 1 0 
1 1 0 
1 1 0 
2 3 3828 3829 0 
2 3 3827 3830 0 
2 3 3826 3831 0 
1 1 0 
2 3 3832 3833 0 
1 1 0 
1 1 0 
1 1 0 
2 3 3836 3837 0 
2 3 3835 3838 0 
2 3 3834 3839 0 
2 3 3825 3840 0 
2 3 3824 3841 0 
1 1 0 
1 1 0 
1 1 0 
1 1 0 
2 3 3845 3846 0 
1 1 0 
2 3 3847 3848 0 
1 1 0 
2 3 3849 3850 0 
1 1 0 
1 1 0 
1 1 0 
1 1 0 
1 1 0 
2 3 3855 3856 0 
1 1 0 
1 1 0 
2 3 3858 3859 0 
1 1 0 
1 1 0 
2 3 3861 3862 0 
1 1 0 
2 3 3863 3864 0 
2 3 3860 3865 0 
2 3 3857 3866 0 
2 3 3854 3867 0 
2 3 3853 3868 0 
2 3 3852 3869 0 
2 3 3851 3870 0 
2 3 3844 3871 0 
2 3 3843 3872 0 
2 3 3842 3873 0 
2 3 3817 3874 0 
1 1 0 
2 3 3875 3876 0 
2 3 3812 3877 0 
2 3 3811 3878 0 
3 2 0 3879 
3 2 0 3811 
3 2 0 3878 
3 2 0 3812 
3 2 0 3877 
3 2 0 3875 
3 2 0 3817 
3 2 0 3815 
3 2 0 3813 
3 2 0 3814 
3 2 0 3816 
3 2 0 3874 
3 2 0 3842 
3 2 0 3824 
3 2 0 3818 
3 2 0 3823 
3 2 0 3821 
3 2 0 3819 
3 2 0 3820 
3 2 0 3822 
3 2 0 3841 
3 2 0 3825 
3 2 0 3840 
3 2 0 3834 
3 2 0 3832 
3 2 0 3826 
3 2 0 3831 
3 2 0 3827 
3 2 0 3830 
3 2 0 3828 
3 2 0 3829 
3 2 0 3833 
3 2 0 3839 
3 2 0 3835 
3 2 0 3838 
3 2 0 3836 
3 2 0 3837 
3 2 0 3873 
3 2 0 3843 
3 2 0 3872 
3 2 0 3844 
3 2 0 3871 
3 2 0 3851 
3 2 0 3849 
3 2 0 3847 
3 2 0 3845 
3 2 0 3846 
3 2 0 3848 
3 2 0 3850 
3 2 0 3870 
3 2 0 3852 
3 2 0 3869 
3 2 0 3853 
3 2 0 3868 
3 2 0 3854 
3 2 0 3867 
3 2 0 3857 
3 2 0 3855 
3 2 0 3856 
3 2 0 3866 
3 2 0 3860 
3 2 0 3858 
3 2 0 3859 
3 2 0 3865 
3 2 0 3863 
3 2 0 3861 
3 2 0 3862 
3 2 0 3864 
3 2 0 3876 
1 1 0 
1 1 0 
2 3 3949 3950 0 
1 1 0 
1 1 0 
1 1 0 
1 1 0 
1 1 0 
2 3 3955 3956 0 
2 3 3954 3957 0 
2 3 3953 3958 0 
2 3 3952 3959 0 
1 1 0 
2 3 3960 3961 0 
2 3 3951 3962 0 
3 2 0 3963 
3 2 0 3951 
3 2 0 3949 
3 2 0 3950 
3 2 0 3962 
3 2 0 3960 
3 2 0 3952 
3 2 0 3959 
3 2 0 3953 
3 2 0 3958 
3 2 0 3954 
3 2 0 3957 
3 2 0 3955 
3 2 0 3956 
3 2 0 3961 
1 1 0 
1 1 0 
1 1 0 
1 1 0 
1 1 0 
2 3 3982 3983 0 
1 1 0 
2 3 3984 3985 0 
1 1 0 
1 1 0 
1 1 0 
2 3 3988 3989 0 
2 3 3987 3990 0 
2 3 3986 3991 0 
1 1 0 
2 3 3992 3993 0 
2 3 3981 3994 0 
2 3 3980 3995 0 
2 3 3979 3996 0 
3 2 0 3997 
3 2 0 3979 
3 2 0 3996 
3 2 0 3980 
3 2 0 3995 
3 2 0 3981 
3 2 0 3994 
3 2 0 3992 
3 2 0 3986 
3 2 0 3984 
3 2 0 3982 
3 2 0 3983 
3 2 0 3985 
3 2 0 3991 
3 2 0 3987 
3 2 0 3990 
3 2 0 3988 
3 2 0 3989 
3 2 0 3993 
1 1 0 
1 1 0 
1 1 0 
1 1 0 
2 3 4019 4020 0 
1 1 0 
1 1 0 
2 3 4022 4023 0 
2 3 4021 4024 0 
2 3 4018 4025 0 
2 3 4017 4026 0 
1 1 0 
1 1 0 
1 1 0 
2 3 4029 4030 0 
1 1 0 
1 1 0 
2 3 4032 4033 0 
1 1 0 
1 1 0 
2 3 4035 4036 0 
2 3 4034 4037 0 
1 1 0 
2 3 4038 4039 0 
2 3 4031 4040 0 
2 3 4028 4041 0 
2 3 4027 4042 0 
3 2 0 4043 
3 2 0 4027 
3 2 0 4017 
3 2 0 4026 
3 2 0 4018 
3 2 0 4025 
3 2 0 4021 
3 2 0 4019 
3 2 0 4020 
3 2 0 4024 
3 2 0 4022 
3 2 0 4023 
3 2 0 4042 
3 2 0 4028 
3 2 0 4041 
3 2 0 4031 
3 2 0 4029 
3 2 0 4030 
3 2 0 4040 
3 2 0 4038 
3 2 0 4034 
3 2 0 4032 
3 2 0 4033 
3 2 0 4037 
3 2 0 4035 
3 2 0 4036 
3 2 0 4039 
1 1 0 
1 1 0 
1 1 0 
1 1 0 
1 1 0 
2 3 4074 4075 0 
2 3 4073 4076 0 
1 1 0 
1 1 0 
2 3 4078 4079 0 
2 3 4077 4080 0 
2 3 4072 4081 0 
2 3 4071 4082 0 
1 1 0 
1 1 0 
1 1 0 
1 1 0 
1 1 0 
2 3 4087 4088 0 
2 3 4086 4089 0 
2 3 4085 4090 0 
2 3 4084 4091 0 
1 1 0 
2 3 4092 4093 0 
2 3 4083 4094 0 
3 2 0 4095 
3 2 0 4083 
3 2 0 4071 
3 2 0 4082 
3 2 0 4072 
3 2 0 4081 
3 2 0 4077 
3 2 0 4073 
3 2 0 4076 
3 2 0 4074 
3 2 0 4075 
3 2 0 4080 
3 2 0 4078 
3 2 0 4079 
3 2 0 4094 
3 2 0 4092 
3 2 0 4084 
3 2 0 4091 
3 2 0 4085 
3 2 0 4090 
3 2 0 4086 
3 2 0 4089 
3 2 0 4087 
3 2 0 4088 
3 2 0 4093 
1 1 0 
1 1 0 
2 3 4121 4122 0 
1 1 0 
2 3 4123 4124 0 
1 1 0 
1 1 0 
2 3 4126 4127 0 
1 1 0 
2 3 4128 4129 0 
2 3 4125 4130 0 
1 1 0 
1 1 0 
1 1 0 
1 1 0 
1 1 0 
1 1 0 
1 1 0 
1 1 0 
2 3 4138 4139 0 
1 1 0 
1 1 0 
2 3 4141 4142 0 
2 3 4140 4143 0 
2 3 4137 4144 0 
1 1 0 
1 1 0 
1 1 0 
2 3 4147 4148 0 
2 3 4146 4149 0 
2 3 4145 4150 0 
2 3 4136 4151 0 
2 3 4135 4152 0 
2 3 4134 4153 0 
2 3 4133 4154 0 
2 3 4132 4155 0 
1 1 0 
2 3 4156 4157 0 
2 3 4131 4158 0 
3 2 0 4159 
3 2 0 4131 
3 2 0 4125 
3 2 0 4123 
3 2 0 4121 
3 2 0 4122 
3 2 0 4124 
3 2 0 4130 
3 2 0 4128 
3 2 0 4126 
3 2 0 4127 
3 2 0 4129 
3 2 0 4158 
3 2 0 4156 
3 2 0 4132 
3 2 0 4155 
3 2 0 4133 
3 2 0 4154 
3 2 0 4134 
3 2 0 4153 
3 2 0 4135 
3 2 0 4152 
3 2 0 4136 
3 2 0 4151 
3 2 0 4145 
3 2 0 4137 
3 2 0 4144 
3 2 0 4140 
3 2 0 4138 
3 2 0 4139 
3 2 0 4143 
3 2 0 4141 
3 2 0 4142 
3 2 0 4150 
3 2 0 4146 
3 2 0 4149 
3 2 0 4147 
3 2 0 4148 
3 2 0 4157 
1 1 0 
1 1 0 
1 1 0 
2 3 4200 4201 0 
1 1 0 
1 1 0 
1 1 0 
1 1 0 
1 1 0 
1 1 0 
1 1 0 
1 1 0 
2 3 4209 4210 0 
2 3 4208 4211 0 
2 3 4207 4212 0 
1 1 0 
1 1 0 
1 1 0 
1 1 0 
1 1 0 
2 3 4217 4218 0 
1 1 0 
2 3 4219 4220 0 
2 3 4216 4221 0 
2 3 4215 4222 0 
2 3 4214 4223 0 
2 3 4213 4224 0 
2 3 4206 4225 0 
2 3 4205 4226 0 
2 3 4204 4227 0 
2 3 4203 4228 0 
2 3 4202 4229 0 
2 3 4199 4230 0 
1 1 0 
2 3 4231 4232 0 
1 1 0 
2 3 4233 4234 0 
1 1 0 
1 1 0 
1 1 0 
1 1 0 
2 3 4238 4239 0 
2 3 4237 4240 0 
1 1 0 
1 1 0 
1 1 0 
1 1 0 
2 3 4244 4245 0 
1 1 0 
2 3 4246 4247 0 
2 3 4243 4248 0 
2 3 4242 4249 0 
2 3 4241 4250 0 
2 3 4236 4251 0 
2 3 4235 4252 0 
1 1 0 
2 3 4253 4254 0 
3 2 0 4255 
3 2 0 4253 
3 2 0 4235 
3 2 0 4233 
3 2 0 4231 
3 2 0 4199 
3 2 0 4230 
3 2 0 4202 
3 2 0 4200 
3 2 0 4201 
3 2 0 4229 
3 2 0 4203 
3 2 0 4228 
3 2 0 4204 
3 2 0 4227 
3 2 0 4205 
3 2 0 4226 
3 2 0 4206 
3 2 0 4225 
3 2 0 4213 
3 2 0 4207 
3 2 0 4212 
3 2 0 4208 
3 2 0 4211 
3 2 0 4209 
3 2 0 4210 
3 2 0 4224 
3 2 0 4214 
3 2 0 4223 
3 2 0 4215 
3 2 0 4222 
3 2 0 4216 
3 2 0 4221 
3 2 0 4219 
3 2 0 4217 
3 2 0 4218 
3 2 0 4220 
3 2 0 4232 
3 2 0 4234 
3 2 0 4252 
3 2 0 4236 
3 2 0 4251 
3 2 0 4241 
3 2 0 4237 
3 2 0 4240 
3 2 0 4238 
3 2 0 4239 
3 2 0 4250 
3 2 0 4242 
3 2 0 4249 
3 2 0 4243 
3 2 0 4248 
3 2 0 4246 
3 2 0 4244 
3 2 0 4245 
3 2 0 4247 
3 2 0 4254 
1 1 0 
1 1 0 
1 1 0 
1 1 0 
1 1 0 
1 1 0 
1 1 0 
1 1 0 
1 1 0 
2 3 4320 4321 0 
2 3 4319 4322 0 
2 3 4318 4323 0 
2 3 4317 4324 0 
2 3 4316 4325 0 
1 1 0 
2 3 4326 4327 0 
1 1 0 
2 3 4328 4329 0 
1 1 0 
2 3 4330 4331 0 
1 1 0 
1 1 0 
1 1 0 
2 3 4334 4335 0 
2 3 4333 4336 0 
2 3 4332 4337 0 
2 3 4315 4338 0 
2 3 4314 4339 0 
1 1 0 
2 3 4340 4341 0 
2 3 4313 4342 0 
3 2 0 4343 
3 2 0 4313 
3 2 0 4342 
3 2 0 4340 
3 2 0 4314 
3 2 0 4339 
3 2 0 4315 
3 2 0 4338 
3 2 0 4332 
3 2 0 4330 
3 2 0 4328 
3 2 0 4326 
3 2 0 4316 
3 2 0 4325 
3 2 0 4317 
3 2 0 4324 
3 2 0 4318 
3 2 0 4323 
3 2 0 4319 
3 2 0 4322 
3 2 0 4320 
3 2 0 4321 
3 2 0 4327 
3 2 0 4329 
3 2 0 4331 
3 2 0 4337 
3 2 0 4333 
3 2 0 4336 
3 2 0 4334 
3 2 0 4335 
3 2 0 4341 
1 1 0 
1 1 0 
1 1 0 
1 1 0 
1 1 0 
1 1 0 
1 1 0 
1 1 0 
2 3 4381 4382 0 
1 1 0 
1 1 0 
2 3 4384 4385 0 
2 3 4383 4386 0 
2 3 4380 4387 0 
2 3 4379 4388 0 
1 1 0 
1 1 0 
1 1 0 
1 1 0 
1 1 0 
2 3 4393 4394 0 
2 3 4392 4395 0 
1 1 0 
1 1 0 
1 1 0 
1 1 0 
1 1 0 
1 1 0 
1 1 0 
2 3 4402 4403 0 
2 3 4401 4404 0 
2 3 4400 4405 0 
2 3 4399 4406 0 
2 3 4398 4407 0 
2 3 4397 4408 0 
2 3 4396 4409 0 
2 3 4391 4410 0 
2 3 4390 4411 0 
2 3 4389 4412 0 
2 3 4378 4413 0 
2 3 4377 4414 0 
1 1 0 
2 3 4415 4416 0 
2 3 4376 4417 0 
2 3 4375 4418 0 
3 2 0 4419 
3 2 0 4375 
3 2 0 4418 
3 2 0 4376 
3 2 0 4417 
3 2 0 4415 
3 2 0 4377 
3 2 0 4414 
3 2 0 4378 
3 2 0 4413 
3 2 0 4389 
3 2 0 4379 
3 2 0 4388 
3 2 0 4380 
3 2 0 4387 
3 2 0 4383 
3 2 0 4381 
3 2 0 4382 
3 2 0 4386 
3 2 0 4384 
3 2 0 4385 
3 2 0 4412 
3 2 0 4390 
3 2 0 4411 
3 2 0 4391 
3 2 0 4410 
3 2 0 4396 
3 2 0 4392 
3 2 0 4395 
3 2 0 4393 
3 2 0 4394 
3 2 0 4409 
3 2 0 4397 
3 2 0 4408 
3 2 0 4398 
3 2 0 4407 
3 2 0 4399 
3 2 0 4406 
3 2 0 4400 
3 2 0 4405 
3 2 0 4401 
3 2 0 4404 
3 2 0 4402 
3 2 0 4403 
3 2 0 4416 
1 1 0 
1 1 0 
1 1 0 
1 1 0 
1 1 0 
2 3 4468 4469 0 
2 3 4467 4470 0 
2 3 4466 4471 0 
1 1 0 
2 3 4472 4473 0 
2 3 4465 4474 0 
3 2 0 4475 
3 2 0 4465 
3 2 0 4474 
3 2 0 4472 
3 2 0 4466 
3 2 0 4471 
3 2 0 4467 
3 2 0 4470 
3 2 0 4468 
3 2 0 4469 
3 2 0 4473 
1 1 0 
1 1 0 
1 1 0 
1 1 0 
1 1 0 
1 1 0 
2 3 4491 4492 0 
2 3 4490 4493 0 
2 3 4489 4494 0 
2 3 4488 4495 0 
1 1 0 
2 3 4496 4497 0 
2 3 4487 4498 0 
1 1 0 
2 3 4499 4500 0 
3 2 0 4501 
3 2 0 4499 
3 2 0 4487 
3 2 0 4498 
3 2 0 4496 
3 2 0 4488 
3 2 0 4495 
3 2 0 4489 
3 2 0 4494 
3 2 0 4490 
3 2 0 4493 
3 2 0 4491 
3 2 0 4492 
3 2 0 4497 
3 2 0 4500 
1 1 0 
1 1 0 
2 3 4517 4518 0 
1 1 0 
1 1 0 
2 3 4520 4521 0 
2 3 4519 4522 0 
1 1 0 
2 3 4523 4524 0 
1 1 0 
2 3 4525 4526 0 
1 1 0 
1 1 0 
1 1 0 
1 1 0 
1 1 0 
1 1 0 
1 1 0 
1 1 0 
1 1 0 
1 1 0 
2 3 4536 4537 0 
1 1 0 
1 1 0 
1 1 0 
1 1 0 
1 1 0 
2 3 4542 4543 0 
2 3 4541 4544 0 
1 1 0 
2 3 4545 4546 0 
2 3 4540 4547 0 
2 3 4539 4548 0 
2 3 4538 4549 0 
2 3 4535 4550 0 
2 3 4534 4551 0 
2 3 4533 4552 0 
2 3 4532 4553 0 
2 3 4531 4554 0 
2 3 4530 4555 0 
2 3 4529 4556 0 
2 3 4528 4557 0 
2 3 4527 4558 0 
1 1 0 
2 3 4559 4560 0 
3 2 0 4561 
3 2 0 4559 
3 2 0 4527 
3 2 0 4525 
3 2 0 4523 
3 2 0 4519 
3 2 0 4517 
3 2 0 4518 
3 2 0 4522 
3 2 0 4520 
3 2 0 4521 
3 2 0 4524 
3 2 0 4526 
3 2 0 4558 
3 2 0 4528 
3 2 0 4557 
3 2 0 4529 
3 2 0 4556 
3 2 0 4530 
3 2 0 4555 
3 2 0 4531 
3 2 0 4554 
3 2 0 4532 
3 2 0 4553 
3 2 0 4533 
3 2 0 4552 
3 2 0 4534 
3 2 0 4551 
3 2 0 4535 
3 2 0 4550 
3 2 0 4538 
3 2 0 4536 
3 2 0 4537 
3 2 0 4549 
3 2 0 4539 
3 2 0 4548 
3 2 0 4540 
3 2 0 4547 
3 2 0 4545 
3 2 0 4541 
3 2 0 4544 
3 2 0 4542 
3 2 0 4543 
3 2 0 4546 
3 2 0 4560 
1 1 0 
1 1 0 
1 1 0 
1 1 0 
1 1 0 
1 1 0 
1 1 0 
1 1 0 
1 1 0 
1 1 0 
2 3 4615 4616 0 
2 3 4614 4617 0 
2 3 4613 4618 0 
2 3 4612 4619 0 
2 3 4611 4620 0 
2 3 4610 4621 0 
2 3 4609 4622 0 
1 1 0 
1 1 0 
1 1 0 
2 3 4625 4626 0 
1 1 0 
2 3 4627 4628 0 
1 1 0 
1 1 0 
1 1 0 
2 3 4631 4632 0 
2 3 4630 4633 0 
1 1 0 
1 1 0 
1 1 0 
1 1 0 
2 3 4637 4638 0 
2 3 4636 4639 0 
1 1 0 
1 1 0 
1 1 0 
1 1 0 
1 1 0 
2 3 4644 4645 0 
2 3 4643 4646 0 
2 3 4642 4647 0 
2 3 4641 4648 0 
2 3 4640 4649 0 
2 3 4635 4650 0 
2 3 4634 4651 0 
2 3 4629 4652 0 
2 3 4624 4653 0 
2 3 4623 4654 0 
2 3 4608 4655 0 
1 1 0 
2 3 4656 4657 0 
2 3 4607 4658 0 
3 2 0 4659 
3 2 0 4607 
3 2 0 4658 
3 2 0 4656 
3 2 0 4608 
3 2 0 4655 
3 2 0 4623 
3 2 0 4609 
3 2 0 4622 
3 2 0 4610 
3 2 0 4621 
3 2 0 4611 
3 2 0 4620 
3 2 0 4612 
3 2 0 4619 
3 2 0 4613 
3 2 0 4618 
3 2 0 4614 
3 2 0 4617 
3 2 0 4615 
3 2 0 4616 
3 2 0 4654 
3 2 0 4624 
3 2 0 4653 
3 2 0 4629 
3 2 0 4627 
3 2 0 4625 
3 2 0 4626 
3 2 0 4628 
3 2 0 4652 
3 2 0 4634 
3 2 0 4630 
3 2 0 4633 
3 2 0 4631 
3 2 0 4632 
3 2 0 4651 
3 2 0 4635 
3 2 0 4650 
3 2 0 4640 
3 2 0 4636 
3 2 0 4639 
3 2 0 4637 
3 2 0 4638 
3 2 0 4649 
3 2 0 4641 
3 2 0 4648 
3 2 0 4642 
3 2 0 4647 
3 2 0 4643 
3 2 0 4646 
3 2 0 4644 
3 2 0 4645 
3 2 0 4657 
1 1 0 
1 1 0 
1 1 0 
1 1 0 
1 1 0 
1 1 0 
1 1 0 
2 3 4718 4719 0 
1 1 0 
1 1 0 
1 1 0 
2 3 4722 4723 0 
1 1 0 
1 1 0 
2 3 4725 4726 0 
2 3 4724 4727 0 
2 3 4721 4728 0 
2 3 4720 4729 0 
1 1 0 
2 3 4730 4731 0 
1 1 0 
1 1 0 
1 1 0 
1 1 0 
1 1 0 
2 3 4736 4737 0 
1 1 0 
1 1 0 
2 3 4739 4740 0 
2 3 4738 4741 0 
2 3 4735 4742 0 
2 3 4734 4743 0 
2 3 4733 4744 0 
1 1 0 
1 1 0 
1 1 0 
1 1 0 
1 1 0 
1 1 0 
1 1 0 
2 3 4751 4752 0 
2 3 4750 4753 0 
1 1 0 
2 3 4754 4755 0 
1 1 0 
1 1 0 
2 3 4757 4758 0 
2 3 4756 4759 0 
2 3 4749 4760 0 
2 3 4748 4761 0 
2 3 4747 4762 0 
2 3 4746 4763 0 
2 3 4745 4764 0 
2 3 4732 4765 0 
2 3 4717 4766 0 
2 3 4716 4767 0 
2 3 4715 4768 0 
2 3 4714 4769 0 
1 1 0 
2 3 4770 4771 0 
2 3 4713 4772 0 
3 2 0 4773 
3 2 0 4713 
3 2 0 4772 
3 2 0 4770 
3 2 0 4714 
3 2 0 4769 
3 2 0 4715 
3 2 0 4768 
3 2 0 4716 
3 2 0 4767 
3 2 0 4717 
3 2 0 4766 
3 2 0 4732 
3 2 0 4730 
3 2 0 4720 
3 2 0 4718 
3 2 0 4719 
3 2 0 4729 
3 2 0 4721 
3 2 0 4728 
3 2 0 4724 
3 2 0 4722 
3 2 0 4723 
3 2 0 4727 
3 2 0 4725 
3 2 0 4726 
3 2 0 4731 
3 2 0 4765 
3 2 0 4745 
3 2 0 4733 
3 2 0 4744 
3 2 0 4734 
3 2 0 4743 
3 2 0 4735 
3 2 0 4742 
3 2 0 4738 
3 2 0 4736 
3 2 0 4737 
3 2 0 4741 
3 2 0 4739 
3 2 0 4740 
3 2 0 4764 
3 2 0 4746 
3 2 0 4763 
3 2 0 4747 
3 2 0 4762 
3 2 0 4748 
3 2 0 4761 
3 2 0 4749 
3 2 0 4760 
3 2 0 4756 
3 2 0 4754 
3 2 0 4750 
3 2 0 4753 
3 2 0 4751 
3 2 0 4752 
3 2 0 4755 
3 2 0 4759 
3 2 0 4757 
3 2 0 4758 
3 2 0 4771 
1 1 0 
1 1 0 
1 1 0 
1 1 0 
1 1 0 
1 1 0 
1 1 0 
1 1 0 
2 3 4841 4842 0 
2 3 4840 4843 0 
2 3 4839 4844 0 
1 1 0 
1 1 0 
2 3 4846 4847 0 
1 1 0 
1 1 0 
1 1 0 
1 1 0 
2 3 4851 4852 0 
1 1 0 
1 1 0 
1 1 0 
1 1 0 
2 3 4856 4857 0 
1 1 0 
2 3 4858 4859 0 
1 1 0 
1 1 0 
2 3 4861 4862 0 
2 3 4860 4863 0 
1 1 0 
2 3 4864 4865 0 
1 1 0 
2 3 4866 4867 0 
1 1 0 
1 1 0 
2 3 4869 4870 0 
2 3 4868 4871 0 
2 3 4855 4872 0 
2 3 4854 4873 0 
2 3 4853 4874 0 
2 3 4850 4875 0 
2 3 4849 4876 0 
2 3 4848 4877 0 
2 3 4845 4878 0 
2 3 4838 4879 0 
2 3 4837 4880 0 
2 3 4836 4881 0 
2 3 4835 4882 0 
1 1 0 
2 3 4883 4884 0 
1 1 0 
1 1 0 
1 1 0 
1 1 0 
1 1 0 
2 3 4889 4890 0 
2 3 4888 4891 0 
1 1 0 
1 1 0 
1 1 0 
1 1 0 
2 3 4895 4896 0 
2 3 4894 4897 0 
2 3 4893 4898 0 
2 3 4892 4899 0 
2 3 4887 4900 0 
2 3 4886 4901 0 
2 3 4885 4902 0 
1 1 0 
2 3 4903 4904 0 
3 2 0 4905 
3 2 0 4903 
3 2 0 4885 
3 2 0 4883 
3 2 0 4835 
3 2 0 4882 
3 2 0 4836 
3 2 0 4881 
3 2 0 4837 
3 2 0 4880 
3 2 0 4838 
3 2 0 4879 
3 2 0 4845 
3 2 0 4839 
3 2 0 4844 
3 2 0 4840 
3 2 0 4843 
3 2 0 4841 
3 2 0 4842 
3 2 0 4878 
3 2 0 4848 
3 2 0 4846 
3 2 0 4847 
3 2 0 4877 
3 2 0 4849 
3 2 0 4876 
3 2 0 4850 
3 2 0 4875 
3 2 0 4853 
3 2 0 4851 
3 2 0 4852 
3 2 0 4874 
3 2 0 4854 
3 2 0 4873 
3 2 0 4855 
3 2 0 4872 
3 2 0 4868 
3 2 0 4866 
3 2 0 4864 
3 2 0 4860 
3 2 0 4858 
3 2 0 4856 
3 2 0 4857 
3 2 0 4859 
3 2 0 4863 
3 2 0 4861 
3 2 0 4862 
3 2 0 4865 
3 2 0 4867 
3 2 0 4871 
3 2 0 4869 
3 2 0 4870 
3 2 0 4884 
3 2 0 4902 
3 2 0 4886 
3 2 0 4901 
3 2 0 4887 
3 2 0 4900 
3 2 0 4892 
3 2 0 4888 
3 2 0 4891 
3 2 0 4889 
3 2 0 4890 
3 2 0 4899 
3 2 0 4893 
3 2 0 4898 
3 2 0 4894 
3 2 0 4897 
3 2 0 4895 
3 2 0 4896 
3 2 0 4904 
53 2488 34 35 36 37 38 39 40 41 42 43 44 45 46 47 48 49 50 51 52 53 54 55 56 57 58 59 60 61 62 63 64 65 66 128 129 130 131 132 133 134 135 136 137 138 139 140 141 142 143 144 145 146 147 148 149 150 151 152 153 154 155 156 157 158 159 160 161 162 163 164 165 166 167 168 169 170 171 172 173 174 175 176 177 178 179 180 181 182 183 184 185 186 187 188 254 255 256 257 258 259 260 261 262 263 264 265 266 267 268 269 270 271 272 273 274 275 276 277 278 279 280 281 282 283 284 285 286 287 288 289 290 291 292 293 294 295 296 297 298 299 300 301 302 303 304 305 306 307 308 309 310 311 312 313 314 315 316 317 318 410 411 412 413 414 415 416 417 418 419 420 421 422 423 424 425 426 427 428 429 430 431 432 433 434 435 436 437 438 439 440 441 442 443 444 445 446 447 448 449 450 451 452 453 454 455 456 457 458 459 460 461 462 463 464 465 466 467 468 469 470 471 472 473 474 475 476 477 478 479 480 481 482 483 484 485 486 487 488 489 490 491 492 493 494 495 496 497 498 499 500 540 541 542 543 544 545 546 547 548 549 550 551 552 553 554 555 556 557 558 559 560 561 562 563 564 565 566 567 568 569 570 571 572 573 574 575 576 577 578 612 613 614 615 616 617 618 619 620 621 622 623 624 625 626 627 628 629 630 631 632 633 634 635 636 637 638 639 640 641 642 643 644 680 681 682 683 684 685 686 687 688 689 690 691 692 693 694 695 696 697 698 699 700 701 702 703 704 705 706 707 708 709 710 711 712 713 714 758 759 760 761 762 763 764 765 766 767 768 769 770 771 772 773 774 775 776 777 778 779 780 781 782 783 784 785 786 787 788 789 790 791 792 793 794 795 796 797 798 799 800 836 837 838 839 840 841 842 843 844 845 846 847 848 849 850 851 852 853 854 855 856 857 858 859 860 861 862 863 864 865 866 867 868 869 870 920 921 922 923 924 925 926 927 928 929 930 931 932 933 934 935 936 937 938 939 940 941 942 943 944 945 946 947 948 949 950 951 952 953 954 955 956 957 958 959 960 961 962 963 964 965 966 967 968 998 999 1000 1001 1002 1003 1004 1005 1006 1007 1008 1009 1010 1011 1012 1013 1014 1015 1016 1017 1018 1019 1020 1021 1022 1023 1024 1025 1026 1078 1079 1080 1081 1082 1083 1084 1085 1086 1087 1088 1089 1090 1091 1092 1093 1094 1095 1096 1097 1098 1099 1100 1101 1102 1103 1104 1105 1106 1107 1108 1109 1110 1111 1112 1113 1114 1115 1116 1117 1118 1119 1120 1121 1122 1123 1124 1125 1126 1127 1128 1160 1161 1162 1163 1164 1165 1166 1167 1168 1169 1170 1171 1172 1173 1174 1175 1176 1177 1178 1179 1180 1181 1182 1183 1184 1185 1186 1187 1188 1189 1190 1204 1205 1206 1207 1208 1209 1210 1211 1212 1213 1214 1215 1216 1236 1237 1238 1239 1240 1241 1242 1243 1244 1245 1246 1247 1248 1249 1250 1251 1252 1253 1254 1308 1309 1310 1311 1312 1313 1314 1315 1316 1317 1318 1319 1320 1321 1322 1323 1324 1325 1326 1327 1328 1329 1330 1331 1332 1333 1334 1335 1336 1337 1338 1339 1340 1341 1342 1343 1344 1345 1346 1347 1348 1349 1350 1351 1352 1353 1354 1355 1356 1357 1358 1359 1360 1402 1403 1404 1405 1406 1407 1408 1409 1410 1411 1412 1413 1414 1415 1416 1417 1418 1419 1420 1421 1422 1423 1424 1425 1426 1427 1428 1429 1430 1431 1432 1433 1434 1435 1436 1437 1438 1439 1440 1441 1442 1490 1491 1492 1493 1494 1495 1496 1497 1498 1499 1500 1501 1502 1503 1504 1505 1506 1507 1508 1509 1510 1511 1512 1513 1514 1515 1516 1517 1518 1519 1520 1521 1522 1523 1524 1525 1526 1527 1528 1529 1530 1531 1532 1533 1534 1535 1536 1576 1577 1578 1579 1580 1581 1582 1583 1584 1585 1586 1587 1588 1589 1590 1591 1592 1593 1594 1595 1596 1597 1598 1599 1600 1601 1602 1603 1604 1605 1606 1607 1608 1609 1610 1611 1612 1613 1614 1658 1659 1660 1661 1662 1663 1664 1665 1666 1667 1668 1669 1670 1671 1672 1673 1674 1675 1676 1677 1678 1679 1680 1681 1682 1683 1684 1685 1686 1687 1688 1689 1690 1691 1692 1693 1694 1695 1696 1697 1698 1699 1700 1746 1747 1748 1749 1750 1751 1752 1753 1754 1755 1756 1757 1758 1759 1760 1761 1762 1763 1764 1765 1766 1767 1768 1769 1770 1771 1772 1773 1774 1775 1776 1777 1778 1779 1780 1781 1782 1783 1784 1785 1786 1787 1788 1789 1790 1854 1855 1856 1857 1858 1859 1860 1861 1862 1863 1864 1865 1866 1867 1868 1869 1870 1871 1872 1873 1874 1875 1876 1877 1878 1879 1880 1881 1882 1883 1884 1885 1886 1887 1888 1889 1890 1891 1892 1893 1894 1895 1896 1897 1898 1899 1900 1901 1902 1903 1904 1905 1906 1907 1908 1909 1910 1911 1912 1913 1914 1915 1916 1958 1959 1960 1961 1962 1963 1964 1965 1966 1967 1968 1969 1970 1971 1972 1973 1974 1975 1976 1977 1978 1979 1980 1981 1982 1983 1984 1985 1986 1987 1988 1989 1990 1991 1992 1993 1994 1995 1996 1997 1998 2014 2015 2016 2017 2018 2019 2020 2021 2022 2023 2024 2025 2026 2027 2028 2126 2127 2128 2129 2130 2131 2132 2133 2134 2135 2136 2137 2138 2139 2140 2141 2142 2143 2144 2145 2146 2147 2148 2149 2150 2151 2152 2153 2154 2155 2156 2157 2158 2159 2160 2161 2162 2163 2164 2165 2166 2167 2168 2169 2170 2171 2172 2173 2174 2175 2176 2177 2178 2179 2180 2181 2182 2183 2184 2185 2186 2187 2188 2189 2190 2191 2192 2193 2194 2195 2196 2197 2198 2199 2200 2201 2202 2203 2204 2205 2206 2207 2208 2209 2210 2211 2212 2213 2214 2215 2216 2217 2218 2219 2220 2221 2222 2230 2231 2232 2233 2234 2235 2236 2244 2245 2246 2247 2248 2249 2250 2276 2277 2278 2279 2280 2281 2282 2283 2284 2285 2286 2287 2288 2289 2290 2291 2292 2293 2294 2295 2296 2297 2298 2299 2300 2332 2333 2334 2335 2336 2337 2338 2339 2340 2341 2342 2343 2344 2345 2346 2347 2348 2349 2350 2351 2352 2353 2354 2355 2356 2357 2358 2359 2360 2361 2362 2386 2387 2388 2389 2390 2391 2392 2393 2394 2395 2396 2397 2398 2399 2400 2401 2402 2403 2404 2405 2406 2407 2408 2434 2435 2436 2437 2438 2439 2440 2441 2442 2443 2444 2445 2446 2447 2448 2449 2450 2451 2452 2453 2454 2455 2456 2457 2458 2516 2517 2518 2519 2520 2521 2522 2523 2524 2525 2526 2527 2528 2529 2530 2531 2532 2533 2534 2535 2536 2537 2538 2539 2540 2541 2542 2543 2544 2545 2546 2547 2548 2549 2550 2551 2552 2553 2554 2555 2556 2557 2558 2559 2560 2561 2562 2563 2564 2565 2566 2567 2568 2569 2570 2571 2572 2598 2599 2600 2601 2602 2603 2604 2605 2606 2607 2608 2609 2610 2611 2612 2613 2614 2615 2616 2617 2618 2619 2620 2621 2622 2668 2669 2670 2671 2672 2673 2674 2675 2676 2677 2678 2679 2680 2681 2682 2683 2684 2685 2686 2687 2688 2689 2690 2691 2692 2693 2694 2695 2696 2697 2698 2699 2700 2701 2702 2703 2704 2705 2706 2707 2708 2709 2710 2711 2712 2742 2743 2744 2745 2746 2747 2748 2749 2750 2751 2752 2753 2754 2755 2756 2757 2758 2759 2760 2761 2762 2763 2764 2765 2766 2767 2768 2769 2770 2802 2803 2804 2805 2806 2807 2808 2809 2810 2811 2812 2813 2814 2815 2816 2817 2818 2819 2820 2821 2822 2823 2824 2825 2826 2827 2828 2829 2830 2831 2832 2876 2877 2878 2879 2880 2881 2882 2883 2884 2885 2886 2887 2888 2889 2890 2891 2892 2893 2894 2895 2896 2897 2898 2899 2900 2901 2902 2903 2904 2905 2906 2907 2908 2909 2910 2911 2912 2913 2914 2915 2916 2917 2918 2972 2973 2974 2975 2976 2977 2978 2979 2980 2981 2982 2983 2984 2985 2986 2987 2988 2989 2990 2991 2992 2993 2994 2995 2996 2997 2998 2999 3000 3001 3002 3003 3004 3005 3006 3007 3008 3009 3010 3011 3012 3013 3014 3015 3016 3017 3018 3019 3020 3021 3022 3023 3024 3042 3043 3044 3045 3046 3047 3048 3049 3050 3051 3052 3053 3054 3055 3056 3057 3058 3070 3071 3072 3073 3074 3075 3076 3077 3078 3079 3080 3144 3145 3146 3147 3148 3149 3150 3151 3152 3153 3154 3155 3156 3157 3158 3159 3160 3161 3162 3163 3164 3165 3166 3167 3168 3169 3170 3171 3172 3173 3174 3175 3176 3177 3178 3179 3180 3181 3182 3183 3184 3185 3186 3187 3188 3189 3190 3191 3192 3193 3194 3195 3196 3197 3198 3199 3200 3201 3202 3203 3204 3205 3206 3260 3261 3262 3263 3264 3265 3266 3267 3268 3269 3270 3271 3272 3273 3274 3275 3276 3277 3278 3279 3280 3281 3282 3283 3284 3285 3286 3287 3288 3289 3290 3291 3292 3293 3294 3295 3296 3297 3298 3299 3300 3301 3302 3303 3304 3305 3306 3307 3308 3309 3310 3311 3312 3350 3351 3352 3353 3354 3355 3356 3357 3358 3359 3360 3361 3362 3363 3364 3365 3366 3367 3368 3369 3370 3371 3372 3373 3374 3375 3376 3377 3378 3379 3380 3381 3382 3383 3384 3385 3386 3426 3427 3428 3429 3430 3431 3432 3433 3434 3435 3436 3437 3438 3439 3440 3441 3442 3443 3444 3445 3446 3447 3448 3449 3450 3451 3452 3453 3454 3455 3456 3457 3458 3459 3460 3461 3462 3463 3464 3522 3523 3524 3525 3526 3527 3528 3529 3530 3531 3532 3533 3534 3535 3536 3537 3538 3539 3540 3541 3542 3543 3544 3545 3546 3547 3548 3549 3550 3551 3552 3553 3554 3555 3556 3557 3558 3559 3560 3561 3562 3563 3564 3565 3566 3567 3568 3569 3570 3571 3572 3573 3574 3575 3576 3577 3578 3612 3613 3614 3615 3616 3617 3618 3619 3620 3621 3622 3623 3624 3625 3626 3627 3628 3629 3630 3631 3632 3633 3634 3635 3636 3637 3638 3639 3640 3641 3642 3643 3644 3670 3671 3672 3673 3674 3675 3676 3677 3678 3679 3680 3681 3682 3683 3684 3685 3686 3687 3688 3689 3690 3691 3692 3693 3694 3732 3733 3734 3735 3736 3737 3738 3739 3740 3741 3742 3743 3744 3745 3746 3747 3748 3749 3750 3751 3752 3753 3754 3755 3756 3757 3758 3759 3760 3761 3762 3763 3764 3765 3766 3767 3768 3790 3791 3792 3793 3794 3795 3796 3797 3798 3799 3800 3801 3802 3803 3804 3805 3806 3807 3808 3809 3810 3880 3881 3882 3883 3884 3885 3886 3887 3888 3889 3890 3891 3892 3893 3894 3895 3896 3897 3898 3899 3900 3901 3902 3903 3904 3905 3906 3907 3908 3909 3910 3911 3912 3913 3914 3915 3916 3917 3918 3919 3920 3921 3922 3923 3924 3925 3926 3927 3928 3929 3930 3931 3932 3933 3934 3935 3936 3937 3938 3939 3940 3941 3942 3943 3944 3945 3946 3947 3948 3964 3965 3966 3967 3968 3969 3970 3971 3972 3973 3974 3975 3976 3977 3978 3998 3999 4000 4001 4002 4003 4004 4005 4006 4007 4008 4009 4010 4011 4012 4013 4014 4015 4016 4044 4045 4046 4047 4048 4049 4050 4051 4052 4053 4054 4055 4056 4057 4058 4059 4060 4061 4062 4063 4064 4065 4066 4067 4068 4069 4070 4096 4097 4098 4099 4100 4101 4102 4103 4104 4105 4106 4107 4108 4109 4110 4111 4112 4113 4114 4115 4116 4117 4118 4119 4120 4160 4161 4162 4163 4164 4165 4166 4167 4168 4169 4170 4171 4172 4173 4174 4175 4176 4177 4178 4179 4180 4181 4182 4183 4184 4185 4186 4187 4188 4189 4190 4191 4192 4193 4194 4195 4196 4197 4198 4256 4257 4258 4259 4260 4261 4262 4263 4264 4265 4266 4267 4268 4269 4270 4271 4272 4273 4274 4275 4276 4277 4278 4279 4280 4281 4282 4283 4284 4285 4286 4287 4288 4289 4290 4291 4292 4293 4294 4295 4296 4297 4298 4299 4300 4301 4302 4303 4304 4305 4306 4307 4308 4309 4310 4311 4312 4344 4345 4346 4347 4348 4349 4350 4351 4352 4353 4354 4355 4356 4357 4358 4359 4360 4361 4362 4363 4364 4365 4366 4367 4368 4369 4370 4371 4372 4373 4374 4420 4421 4422 4423 4424 4425 4426 4427 4428 4429 4430 4431 4432 4433 4434 4435 4436 4437 4438 4439 4440 4441 4442 4443 4444 4445 4446 4447 4448 4449 4450 4451 4452 4453 4454 4455 4456 4457 4458 4459 4460 4461 4462 4463 4464 4476 4477 4478 4479 4480 4481 4482 4483 4484 4485 4486 4502 4503 4504 4505 4506 4507 4508 4509 4510 4511 4512 4513 4514 4515 4516 4562 4563 4564 4565 4566 4567 4568 4569 4570 4571 4572 4573 4574 4575 4576 4577 4578 4579 4580 4581 4582 4583 4584 4585 4586 4587 4588 4589 4590 4591 4592 4593 4594 4595 4596 4597 4598 4599 4600 4601 4602 4603 4604 4605 4606 4660 4661 4662 4663 4664 4665 4666 4667 4668 4669 4670 4671 4672 4673 4674 4675 4676 4677 4678 4679 4680 4681 4682 4683 4684 4685 4686 4687 4688 4689 4690 4691 4692 4693 4694 4695 4696 4697 4698 4699 4700 4701 4702 4703 4704 4705 4706 4707 4708 4709 4710 4711 4712 4774 4775 4776 4777 4778 4779 4780 4781 4782 4783 4784 4785 4786 4787 4788 4789 4790 4791 4792 4793 4794 4795 4796 4797 4798 4799 4800 4801 4802 4803 4804 4805 4806 4807 4808 4809 4810 4811 4812 4813 4814 4815 4816 4817 4818 4819 4820 4821 4822 4823 4824 4825 4826 4827 4828 4829 4830 4831 4832 4833 4834 4906 4907 4908 4909 4910 4911 4912 4913 4914 4915 4916 4917 4918 4919 4920 4921 4922 4923 4924 4925 4926 4927 4928 4929 4930 4931 4932 4933 4934 4935 4936 4937 4938 4939 4940 4941 4942 4943 4944 4945 4946 4947 4948 4949 4950 4951 4952 4953 4954 4955 4956 4957 4958 4959 4960 4961 4962 4963 4964 4965 4966 4967 4968 4969 4970 4971 4972 4973 4974 4975 4976 
