5246
0 0 
1 1 0 
1 1 0 
1 1 0 
2 3 2 3 0 
2 3 1 4 0 
1 1 0 
2 3 5 6 0 
1 1 0 
1 1 0 
1 1 0 
2 3 9 10 0 
1 1 0 
2 3 11 12 0 
1 1 0 
1 1 0 
2 3 14 15 0 
1 1 0 
2 3 16 17 0 
2 3 13 18 0 
1 1 0 
2 3 19 20 0 
2 3 8 21 0 
2 3 7 22 0 
1 1 0 
2 3 23 24 0 
3 2 0 25 
3 2 0 23 
3 2 0 7 
3 2 0 5 
3 2 0 1 
3 2 0 4 
3 2 0 2 
3 2 0 3 
3 2 0 6 
3 2 0 22 
3 2 0 8 
3 2 0 21 
3 2 0 19 
3 2 0 13 
3 2 0 11 
3 2 0 9 
3 2 0 10 
3 2 0 12 
3 2 0 18 
3 2 0 16 
3 2 0 14 
3 2 0 15 
3 2 0 17 
3 2 0 20 
3 2 0 24 
1 1 0 
1 1 0 
1 1 0 
1 1 0 
1 1 0 
1 1 0 
2 3 55 56 0 
2 3 54 57 0 
2 3 53 58 0 
2 3 52 59 0 
2 3 51 60 0 
1 1 0 
1 1 0 
1 1 0 
2 3 63 64 0 
1 1 0 
1 1 0 
1 1 0 
1 1 0 
1 1 0 
1 1 0 
1 1 0 
2 3 71 72 0 
2 3 70 73 0 
1 1 0 
1 1 0 
1 1 0 
2 3 76 77 0 
2 3 75 78 0 
2 3 74 79 0 
2 3 69 80 0 
2 3 68 81 0 
2 3 67 82 0 
2 3 66 83 0 
1 1 0 
2 3 84 85 0 
2 3 65 86 0 
2 3 62 87 0 
2 3 61 88 0 
3 2 0 89 
3 2 0 61 
3 2 0 51 
3 2 0 60 
3 2 0 52 
3 2 0 59 
3 2 0 53 
3 2 0 58 
3 2 0 54 
3 2 0 57 
3 2 0 55 
3 2 0 56 
3 2 0 88 
3 2 0 62 
3 2 0 87 
3 2 0 65 
3 2 0 63 
3 2 0 64 
3 2 0 86 
3 2 0 84 
3 2 0 66 
3 2 0 83 
3 2 0 67 
3 2 0 82 
3 2 0 68 
3 2 0 81 
3 2 0 69 
3 2 0 80 
3 2 0 74 
3 2 0 70 
3 2 0 73 
3 2 0 71 
3 2 0 72 
3 2 0 79 
3 2 0 75 
3 2 0 78 
3 2 0 76 
3 2 0 77 
3 2 0 85 
1 1 0 
1 1 0 
2 3 129 130 0 
1 1 0 
2 3 131 132 0 
1 1 0 
1 1 0 
1 1 0 
1 1 0 
1 1 0 
2 3 137 138 0 
2 3 136 139 0 
2 3 135 140 0 
2 3 134 141 0 
1 1 0 
2 3 142 143 0 
2 3 133 144 0 
3 2 0 145 
3 2 0 133 
3 2 0 131 
3 2 0 129 
3 2 0 130 
3 2 0 132 
3 2 0 144 
3 2 0 142 
3 2 0 134 
3 2 0 141 
3 2 0 135 
3 2 0 140 
3 2 0 136 
3 2 0 139 
3 2 0 137 
3 2 0 138 
3 2 0 143 
1 1 0 
1 1 0 
1 1 0 
1 1 0 
1 1 0 
1 1 0 
1 1 0 
1 1 0 
1 1 0 
2 3 170 171 0 
2 3 169 172 0 
2 3 168 173 0 
2 3 167 174 0 
1 1 0 
1 1 0 
1 1 0 
1 1 0 
1 1 0 
2 3 179 180 0 
2 3 178 181 0 
1 1 0 
1 1 0 
1 1 0 
2 3 184 185 0 
1 1 0 
2 3 186 187 0 
2 3 183 188 0 
2 3 182 189 0 
2 3 177 190 0 
2 3 176 191 0 
2 3 175 192 0 
2 3 166 193 0 
2 3 165 194 0 
1 1 0 
2 3 195 196 0 
2 3 164 197 0 
2 3 163 198 0 
3 2 0 199 
3 2 0 163 
3 2 0 198 
3 2 0 164 
3 2 0 197 
3 2 0 195 
3 2 0 165 
3 2 0 194 
3 2 0 166 
3 2 0 193 
3 2 0 175 
3 2 0 167 
3 2 0 174 
3 2 0 168 
3 2 0 173 
3 2 0 169 
3 2 0 172 
3 2 0 170 
3 2 0 171 
3 2 0 192 
3 2 0 176 
3 2 0 191 
3 2 0 177 
3 2 0 190 
3 2 0 182 
3 2 0 178 
3 2 0 181 
3 2 0 179 
3 2 0 180 
3 2 0 189 
3 2 0 183 
3 2 0 188 
3 2 0 186 
3 2 0 184 
3 2 0 185 
3 2 0 187 
3 2 0 196 
1 1 0 
1 1 0 
2 3 237 238 0 
1 1 0 
1 1 0 
1 1 0 
1 1 0 
2 3 242 243 0 
2 3 241 244 0 
2 3 240 245 0 
2 3 239 246 0 
1 1 0 
1 1 0 
2 3 248 249 0 
2 3 247 250 0 
1 1 0 
2 3 251 252 0 
1 1 0 
1 1 0 
1 1 0 
2 3 255 256 0 
1 1 0 
1 1 0 
1 1 0 
1 1 0 
1 1 0 
2 3 261 262 0 
1 1 0 
2 3 263 264 0 
1 1 0 
1 1 0 
2 3 266 267 0 
2 3 265 268 0 
1 1 0 
2 3 269 270 0 
2 3 260 271 0 
2 3 259 272 0 
2 3 258 273 0 
2 3 257 274 0 
2 3 254 275 0 
2 3 253 276 0 
1 1 0 
2 3 277 278 0 
3 2 0 279 
3 2 0 277 
3 2 0 253 
3 2 0 251 
3 2 0 247 
3 2 0 239 
3 2 0 237 
3 2 0 238 
3 2 0 246 
3 2 0 240 
3 2 0 245 
3 2 0 241 
3 2 0 244 
3 2 0 242 
3 2 0 243 
3 2 0 250 
3 2 0 248 
3 2 0 249 
3 2 0 252 
3 2 0 276 
3 2 0 254 
3 2 0 275 
3 2 0 257 
3 2 0 255 
3 2 0 256 
3 2 0 274 
3 2 0 258 
3 2 0 273 
3 2 0 259 
3 2 0 272 
3 2 0 260 
3 2 0 271 
3 2 0 269 
3 2 0 265 
3 2 0 263 
3 2 0 261 
3 2 0 262 
3 2 0 264 
3 2 0 268 
3 2 0 266 
3 2 0 267 
3 2 0 270 
3 2 0 278 
1 1 0 
1 1 0 
1 1 0 
1 1 0 
1 1 0 
1 1 0 
2 3 327 328 0 
2 3 326 329 0 
2 3 325 330 0 
2 3 324 331 0 
1 1 0 
1 1 0 
1 1 0 
1 1 0 
1 1 0 
1 1 0 
1 1 0 
2 3 338 339 0 
2 3 337 340 0 
2 3 336 341 0 
2 3 335 342 0 
1 1 0 
2 3 343 344 0 
2 3 334 345 0 
2 3 333 346 0 
2 3 332 347 0 
2 3 323 348 0 
3 2 0 349 
3 2 0 323 
3 2 0 348 
3 2 0 332 
3 2 0 324 
3 2 0 331 
3 2 0 325 
3 2 0 330 
3 2 0 326 
3 2 0 329 
3 2 0 327 
3 2 0 328 
3 2 0 347 
3 2 0 333 
3 2 0 346 
3 2 0 334 
3 2 0 345 
3 2 0 343 
3 2 0 335 
3 2 0 342 
3 2 0 336 
3 2 0 341 
3 2 0 337 
3 2 0 340 
3 2 0 338 
3 2 0 339 
3 2 0 344 
1 1 0 
1 1 0 
1 1 0 
1 1 0 
2 3 379 380 0 
1 1 0 
1 1 0 
1 1 0 
1 1 0 
2 3 384 385 0 
2 3 383 386 0 
2 3 382 387 0 
2 3 381 388 0 
2 3 378 389 0 
1 1 0 
2 3 390 391 0 
2 3 377 392 0 
3 2 0 393 
3 2 0 377 
3 2 0 392 
3 2 0 390 
3 2 0 378 
3 2 0 389 
3 2 0 381 
3 2 0 379 
3 2 0 380 
3 2 0 388 
3 2 0 382 
3 2 0 387 
3 2 0 383 
3 2 0 386 
3 2 0 384 
3 2 0 385 
3 2 0 391 
1 1 0 
1 1 0 
2 3 411 412 0 
1 1 0 
1 1 0 
1 1 0 
1 1 0 
1 1 0 
1 1 0 
2 3 418 419 0 
2 3 417 420 0 
2 3 416 421 0 
2 3 415 422 0 
2 3 414 423 0 
1 1 0 
2 3 424 425 0 
1 1 0 
1 1 0 
2 3 427 428 0 
1 1 0 
1 1 0 
1 1 0 
2 3 431 432 0 
1 1 0 
1 1 0 
1 1 0 
1 1 0 
2 3 436 437 0 
2 3 435 438 0 
2 3 434 439 0 
2 3 433 440 0 
1 1 0 
1 1 0 
1 1 0 
1 1 0 
2 3 444 445 0 
2 3 443 446 0 
1 1 0 
1 1 0 
1 1 0 
2 3 449 450 0 
2 3 448 451 0 
2 3 447 452 0 
2 3 442 453 0 
2 3 441 454 0 
2 3 430 455 0 
2 3 429 456 0 
2 3 426 457 0 
1 1 0 
2 3 458 459 0 
2 3 413 460 0 
3 2 0 461 
3 2 0 413 
3 2 0 411 
3 2 0 412 
3 2 0 460 
3 2 0 458 
3 2 0 426 
3 2 0 424 
3 2 0 414 
3 2 0 423 
3 2 0 415 
3 2 0 422 
3 2 0 416 
3 2 0 421 
3 2 0 417 
3 2 0 420 
3 2 0 418 
3 2 0 419 
3 2 0 425 
3 2 0 457 
3 2 0 429 
3 2 0 427 
3 2 0 428 
3 2 0 456 
3 2 0 430 
3 2 0 455 
3 2 0 441 
3 2 0 433 
3 2 0 431 
3 2 0 432 
3 2 0 440 
3 2 0 434 
3 2 0 439 
3 2 0 435 
3 2 0 438 
3 2 0 436 
3 2 0 437 
3 2 0 454 
3 2 0 442 
3 2 0 453 
3 2 0 447 
3 2 0 443 
3 2 0 446 
3 2 0 444 
3 2 0 445 
3 2 0 452 
3 2 0 448 
3 2 0 451 
3 2 0 449 
3 2 0 450 
3 2 0 459 
1 1 0 
1 1 0 
1 1 0 
2 3 514 515 0 
2 3 513 516 0 
1 1 0 
1 1 0 
1 1 0 
2 3 519 520 0 
1 1 0 
2 3 521 522 0 
1 1 0 
1 1 0 
1 1 0 
2 3 525 526 0 
1 1 0 
2 3 527 528 0 
2 3 524 529 0 
2 3 523 530 0 
1 1 0 
2 3 531 532 0 
1 1 0 
1 1 0 
1 1 0 
1 1 0 
2 3 536 537 0 
2 3 535 538 0 
2 3 534 539 0 
2 3 533 540 0 
1 1 0 
2 3 541 542 0 
2 3 518 543 0 
2 3 517 544 0 
1 1 0 
1 1 0 
1 1 0 
1 1 0 
2 3 548 549 0 
2 3 547 550 0 
1 1 0 
1 1 0 
1 1 0 
2 3 553 554 0 
2 3 552 555 0 
2 3 551 556 0 
2 3 546 557 0 
1 1 0 
2 3 558 559 0 
2 3 545 560 0 
3 2 0 561 
3 2 0 545 
3 2 0 517 
3 2 0 513 
3 2 0 516 
3 2 0 514 
3 2 0 515 
3 2 0 544 
3 2 0 518 
3 2 0 543 
3 2 0 541 
3 2 0 533 
3 2 0 531 
3 2 0 523 
3 2 0 521 
3 2 0 519 
3 2 0 520 
3 2 0 522 
3 2 0 530 
3 2 0 524 
3 2 0 529 
3 2 0 527 
3 2 0 525 
3 2 0 526 
3 2 0 528 
3 2 0 532 
3 2 0 540 
3 2 0 534 
3 2 0 539 
3 2 0 535 
3 2 0 538 
3 2 0 536 
3 2 0 537 
3 2 0 542 
3 2 0 560 
3 2 0 558 
3 2 0 546 
3 2 0 557 
3 2 0 551 
3 2 0 547 
3 2 0 550 
3 2 0 548 
3 2 0 549 
3 2 0 556 
3 2 0 552 
3 2 0 555 
3 2 0 553 
3 2 0 554 
3 2 0 559 
1 1 0 
1 1 0 
2 3 611 612 0 
1 1 0 
2 3 613 614 0 
1 1 0 
1 1 0 
1 1 0 
1 1 0 
1 1 0 
2 3 619 620 0 
2 3 618 621 0 
2 3 617 622 0 
1 1 0 
1 1 0 
1 1 0 
1 1 0 
2 3 626 627 0 
2 3 625 628 0 
2 3 624 629 0 
2 3 623 630 0 
2 3 616 631 0 
2 3 615 632 0 
1 1 0 
1 1 0 
1 1 0 
1 1 0 
1 1 0 
2 3 637 638 0 
1 1 0 
1 1 0 
1 1 0 
2 3 641 642 0 
1 1 0 
1 1 0 
1 1 0 
1 1 0 
2 3 646 647 0 
1 1 0 
1 1 0 
1 1 0 
2 3 650 651 0 
1 1 0 
1 1 0 
1 1 0 
2 3 654 655 0 
2 3 653 656 0 
2 3 652 657 0 
2 3 649 658 0 
2 3 648 659 0 
2 3 645 660 0 
2 3 644 661 0 
2 3 643 662 0 
2 3 640 663 0 
2 3 639 664 0 
2 3 636 665 0 
1 1 0 
2 3 666 667 0 
2 3 635 668 0 
2 3 634 669 0 
2 3 633 670 0 
3 2 0 671 
3 2 0 633 
3 2 0 615 
3 2 0 613 
3 2 0 611 
3 2 0 612 
3 2 0 614 
3 2 0 632 
3 2 0 616 
3 2 0 631 
3 2 0 623 
3 2 0 617 
3 2 0 622 
3 2 0 618 
3 2 0 621 
3 2 0 619 
3 2 0 620 
3 2 0 630 
3 2 0 624 
3 2 0 629 
3 2 0 625 
3 2 0 628 
3 2 0 626 
3 2 0 627 
3 2 0 670 
3 2 0 634 
3 2 0 669 
3 2 0 635 
3 2 0 668 
3 2 0 666 
3 2 0 636 
3 2 0 665 
3 2 0 639 
3 2 0 637 
3 2 0 638 
3 2 0 664 
3 2 0 640 
3 2 0 663 
3 2 0 643 
3 2 0 641 
3 2 0 642 
3 2 0 662 
3 2 0 644 
3 2 0 661 
3 2 0 645 
3 2 0 660 
3 2 0 648 
3 2 0 646 
3 2 0 647 
3 2 0 659 
3 2 0 649 
3 2 0 658 
3 2 0 652 
3 2 0 650 
3 2 0 651 
3 2 0 657 
3 2 0 653 
3 2 0 656 
3 2 0 654 
3 2 0 655 
3 2 0 667 
1 1 0 
1 1 0 
1 1 0 
2 3 734 735 0 
1 1 0 
1 1 0 
1 1 0 
1 1 0 
1 1 0 
1 1 0 
1 1 0 
2 3 742 743 0 
2 3 741 744 0 
2 3 740 745 0 
2 3 739 746 0 
1 1 0 
1 1 0 
2 3 748 749 0 
2 3 747 750 0 
1 1 0 
2 3 751 752 0 
1 1 0 
1 1 0 
2 3 754 755 0 
1 1 0 
1 1 0 
1 1 0 
2 3 758 759 0 
1 1 0 
1 1 0 
1 1 0 
1 1 0 
1 1 0 
2 3 764 765 0 
1 1 0 
2 3 766 767 0 
2 3 763 768 0 
2 3 762 769 0 
2 3 761 770 0 
2 3 760 771 0 
2 3 757 772 0 
2 3 756 773 0 
2 3 753 774 0 
2 3 738 775 0 
2 3 737 776 0 
2 3 736 777 0 
1 1 0 
2 3 778 779 0 
2 3 733 780 0 
3 2 0 781 
3 2 0 733 
3 2 0 780 
3 2 0 778 
3 2 0 736 
3 2 0 734 
3 2 0 735 
3 2 0 777 
3 2 0 737 
3 2 0 776 
3 2 0 738 
3 2 0 775 
3 2 0 753 
3 2 0 751 
3 2 0 747 
3 2 0 739 
3 2 0 746 
3 2 0 740 
3 2 0 745 
3 2 0 741 
3 2 0 744 
3 2 0 742 
3 2 0 743 
3 2 0 750 
3 2 0 748 
3 2 0 749 
3 2 0 752 
3 2 0 774 
3 2 0 756 
3 2 0 754 
3 2 0 755 
3 2 0 773 
3 2 0 757 
3 2 0 772 
3 2 0 760 
3 2 0 758 
3 2 0 759 
3 2 0 771 
3 2 0 761 
3 2 0 770 
3 2 0 762 
3 2 0 769 
3 2 0 763 
3 2 0 768 
3 2 0 766 
3 2 0 764 
3 2 0 765 
3 2 0 767 
3 2 0 779 
1 1 0 
1 1 0 
1 1 0 
1 1 0 
2 3 833 834 0 
1 1 0 
1 1 0 
1 1 0 
2 3 837 838 0 
1 1 0 
2 3 839 840 0 
1 1 0 
1 1 0 
1 1 0 
1 1 0 
1 1 0 
2 3 845 846 0 
2 3 844 847 0 
2 3 843 848 0 
2 3 842 849 0 
2 3 841 850 0 
2 3 836 851 0 
2 3 835 852 0 
2 3 832 853 0 
2 3 831 854 0 
1 1 0 
1 1 0 
1 1 0 
1 1 0 
1 1 0 
2 3 859 860 0 
1 1 0 
1 1 0 
1 1 0 
1 1 0 
1 1 0 
2 3 865 866 0 
2 3 864 867 0 
1 1 0 
1 1 0 
1 1 0 
2 3 870 871 0 
1 1 0 
2 3 872 873 0 
2 3 869 874 0 
2 3 868 875 0 
2 3 863 876 0 
2 3 862 877 0 
1 1 0 
2 3 878 879 0 
2 3 861 880 0 
2 3 858 881 0 
2 3 857 882 0 
2 3 856 883 0 
2 3 855 884 0 
3 2 0 885 
3 2 0 855 
3 2 0 831 
3 2 0 854 
3 2 0 832 
3 2 0 853 
3 2 0 835 
3 2 0 833 
3 2 0 834 
3 2 0 852 
3 2 0 836 
3 2 0 851 
3 2 0 841 
3 2 0 839 
3 2 0 837 
3 2 0 838 
3 2 0 840 
3 2 0 850 
3 2 0 842 
3 2 0 849 
3 2 0 843 
3 2 0 848 
3 2 0 844 
3 2 0 847 
3 2 0 845 
3 2 0 846 
3 2 0 884 
3 2 0 856 
3 2 0 883 
3 2 0 857 
3 2 0 882 
3 2 0 858 
3 2 0 881 
3 2 0 861 
3 2 0 859 
3 2 0 860 
3 2 0 880 
3 2 0 878 
3 2 0 862 
3 2 0 877 
3 2 0 863 
3 2 0 876 
3 2 0 868 
3 2 0 864 
3 2 0 867 
3 2 0 865 
3 2 0 866 
3 2 0 875 
3 2 0 869 
3 2 0 874 
3 2 0 872 
3 2 0 870 
3 2 0 871 
3 2 0 873 
3 2 0 879 
1 1 0 
1 1 0 
1 1 0 
2 3 942 943 0 
2 3 941 944 0 
1 1 0 
1 1 0 
1 1 0 
2 3 947 948 0 
2 3 946 949 0 
2 3 945 950 0 
1 1 0 
1 1 0 
1 1 0 
1 1 0 
1 1 0 
2 3 955 956 0 
2 3 954 957 0 
1 1 0 
2 3 958 959 0 
1 1 0 
1 1 0 
2 3 961 962 0 
1 1 0 
1 1 0 
1 1 0 
2 3 965 966 0 
1 1 0 
1 1 0 
2 3 968 969 0 
2 3 967 970 0 
1 1 0 
1 1 0 
1 1 0 
2 3 973 974 0 
1 1 0 
1 1 0 
1 1 0 
2 3 977 978 0 
2 3 976 979 0 
2 3 975 980 0 
2 3 972 981 0 
2 3 971 982 0 
2 3 964 983 0 
2 3 963 984 0 
2 3 960 985 0 
2 3 953 986 0 
1 1 0 
2 3 987 988 0 
2 3 952 989 0 
2 3 951 990 0 
3 2 0 991 
3 2 0 951 
3 2 0 945 
3 2 0 941 
3 2 0 944 
3 2 0 942 
3 2 0 943 
3 2 0 950 
3 2 0 946 
3 2 0 949 
3 2 0 947 
3 2 0 948 
3 2 0 990 
3 2 0 952 
3 2 0 989 
3 2 0 987 
3 2 0 953 
3 2 0 986 
3 2 0 960 
3 2 0 958 
3 2 0 954 
3 2 0 957 
3 2 0 955 
3 2 0 956 
3 2 0 959 
3 2 0 985 
3 2 0 963 
3 2 0 961 
3 2 0 962 
3 2 0 984 
3 2 0 964 
3 2 0 983 
3 2 0 971 
3 2 0 967 
3 2 0 965 
3 2 0 966 
3 2 0 970 
3 2 0 968 
3 2 0 969 
3 2 0 982 
3 2 0 972 
3 2 0 981 
3 2 0 975 
3 2 0 973 
3 2 0 974 
3 2 0 980 
3 2 0 976 
3 2 0 979 
3 2 0 977 
3 2 0 978 
3 2 0 988 
1 1 0 
1 1 0 
1 1 0 
2 3 1044 1045 0 
2 3 1043 1046 0 
1 1 0 
1 1 0 
1 1 0 
1 1 0 
1 1 0 
2 3 1051 1052 0 
2 3 1050 1053 0 
2 3 1049 1054 0 
1 1 0 
2 3 1055 1056 0 
2 3 1048 1057 0 
2 3 1047 1058 0 
1 1 0 
1 1 0 
1 1 0 
1 1 0 
2 3 1062 1063 0 
2 3 1061 1064 0 
1 1 0 
1 1 0 
2 3 1066 1067 0 
2 3 1065 1068 0 
2 3 1060 1069 0 
2 3 1059 1070 0 
1 1 0 
2 3 1071 1072 0 
3 2 0 1073 
3 2 0 1071 
3 2 0 1059 
3 2 0 1047 
3 2 0 1043 
3 2 0 1046 
3 2 0 1044 
3 2 0 1045 
3 2 0 1058 
3 2 0 1048 
3 2 0 1057 
3 2 0 1055 
3 2 0 1049 
3 2 0 1054 
3 2 0 1050 
3 2 0 1053 
3 2 0 1051 
3 2 0 1052 
3 2 0 1056 
3 2 0 1070 
3 2 0 1060 
3 2 0 1069 
3 2 0 1065 
3 2 0 1061 
3 2 0 1064 
3 2 0 1062 
3 2 0 1063 
3 2 0 1068 
3 2 0 1066 
3 2 0 1067 
3 2 0 1072 
1 1 0 
1 1 0 
1 1 0 
2 3 1106 1107 0 
1 1 0 
1 1 0 
1 1 0 
1 1 0 
2 3 1111 1112 0 
1 1 0 
1 1 0 
1 1 0 
1 1 0 
1 1 0 
2 3 1117 1118 0 
2 3 1116 1119 0 
2 3 1115 1120 0 
2 3 1114 1121 0 
2 3 1113 1122 0 
2 3 1110 1123 0 
2 3 1109 1124 0 
2 3 1108 1125 0 
1 1 0 
2 3 1126 1127 0 
2 3 1105 1128 0 
3 2 0 1129 
3 2 0 1105 
3 2 0 1128 
3 2 0 1126 
3 2 0 1108 
3 2 0 1106 
3 2 0 1107 
3 2 0 1125 
3 2 0 1109 
3 2 0 1124 
3 2 0 1110 
3 2 0 1123 
3 2 0 1113 
3 2 0 1111 
3 2 0 1112 
3 2 0 1122 
3 2 0 1114 
3 2 0 1121 
3 2 0 1115 
3 2 0 1120 
3 2 0 1116 
3 2 0 1119 
3 2 0 1117 
3 2 0 1118 
3 2 0 1127 
1 1 0 
1 1 0 
1 1 0 
2 3 1156 1157 0 
2 3 1155 1158 0 
1 1 0 
1 1 0 
1 1 0 
1 1 0 
1 1 0 
1 1 0 
2 3 1164 1165 0 
2 3 1163 1166 0 
2 3 1162 1167 0 
2 3 1161 1168 0 
2 3 1160 1169 0 
2 3 1159 1170 0 
1 1 0 
1 1 0 
1 1 0 
1 1 0 
1 1 0 
1 1 0 
1 1 0 
2 3 1177 1178 0 
2 3 1176 1179 0 
2 3 1175 1180 0 
2 3 1174 1181 0 
2 3 1173 1182 0 
2 3 1172 1183 0 
1 1 0 
2 3 1184 1185 0 
2 3 1171 1186 0 
3 2 0 1187 
3 2 0 1171 
3 2 0 1159 
3 2 0 1155 
3 2 0 1158 
3 2 0 1156 
3 2 0 1157 
3 2 0 1170 
3 2 0 1160 
3 2 0 1169 
3 2 0 1161 
3 2 0 1168 
3 2 0 1162 
3 2 0 1167 
3 2 0 1163 
3 2 0 1166 
3 2 0 1164 
3 2 0 1165 
3 2 0 1186 
3 2 0 1184 
3 2 0 1172 
3 2 0 1183 
3 2 0 1173 
3 2 0 1182 
3 2 0 1174 
3 2 0 1181 
3 2 0 1175 
3 2 0 1180 
3 2 0 1176 
3 2 0 1179 
3 2 0 1177 
3 2 0 1178 
3 2 0 1185 
1 1 0 
1 1 0 
1 1 0 
1 1 0 
2 3 1223 1224 0 
1 1 0 
1 1 0 
1 1 0 
1 1 0 
2 3 1228 1229 0 
2 3 1227 1230 0 
2 3 1226 1231 0 
2 3 1225 1232 0 
1 1 0 
1 1 0 
1 1 0 
1 1 0 
1 1 0 
2 3 1237 1238 0 
1 1 0 
1 1 0 
2 3 1240 1241 0 
2 3 1239 1242 0 
1 1 0 
1 1 0 
2 3 1244 1245 0 
2 3 1243 1246 0 
2 3 1236 1247 0 
1 1 0 
2 3 1248 1249 0 
1 1 0 
1 1 0 
1 1 0 
1 1 0 
2 3 1253 1254 0 
1 1 0 
1 1 0 
1 1 0 
2 3 1257 1258 0 
2 3 1256 1259 0 
2 3 1255 1260 0 
1 1 0 
2 3 1261 1262 0 
1 1 0 
1 1 0 
1 1 0 
1 1 0 
2 3 1266 1267 0 
2 3 1265 1268 0 
2 3 1264 1269 0 
2 3 1263 1270 0 
2 3 1252 1271 0 
2 3 1251 1272 0 
2 3 1250 1273 0 
2 3 1235 1274 0 
2 3 1234 1275 0 
2 3 1233 1276 0 
2 3 1222 1277 0 
1 1 0 
2 3 1278 1279 0 
2 3 1221 1280 0 
3 2 0 1281 
3 2 0 1221 
3 2 0 1280 
3 2 0 1278 
3 2 0 1222 
3 2 0 1277 
3 2 0 1233 
3 2 0 1225 
3 2 0 1223 
3 2 0 1224 
3 2 0 1232 
3 2 0 1226 
3 2 0 1231 
3 2 0 1227 
3 2 0 1230 
3 2 0 1228 
3 2 0 1229 
3 2 0 1276 
3 2 0 1234 
3 2 0 1275 
3 2 0 1235 
3 2 0 1274 
3 2 0 1250 
3 2 0 1248 
3 2 0 1236 
3 2 0 1247 
3 2 0 1243 
3 2 0 1239 
3 2 0 1237 
3 2 0 1238 
3 2 0 1242 
3 2 0 1240 
3 2 0 1241 
3 2 0 1246 
3 2 0 1244 
3 2 0 1245 
3 2 0 1249 
3 2 0 1273 
3 2 0 1251 
3 2 0 1272 
3 2 0 1252 
3 2 0 1271 
3 2 0 1263 
3 2 0 1261 
3 2 0 1255 
3 2 0 1253 
3 2 0 1254 
3 2 0 1260 
3 2 0 1256 
3 2 0 1259 
3 2 0 1257 
3 2 0 1258 
3 2 0 1262 
3 2 0 1270 
3 2 0 1264 
3 2 0 1269 
3 2 0 1265 
3 2 0 1268 
3 2 0 1266 
3 2 0 1267 
3 2 0 1279 
1 1 0 
1 1 0 
2 3 1343 1344 0 
1 1 0 
2 3 1345 1346 0 
3 2 0 1347 
3 2 0 1345 
3 2 0 1343 
3 2 0 1344 
3 2 0 1346 
1 1 0 
1 1 0 
2 3 1353 1354 0 
1 1 0 
2 3 1355 1356 0 
1 1 0 
2 3 1357 1358 0 
1 1 0 
1 1 0 
1 1 0 
2 3 1361 1362 0 
2 3 1360 1363 0 
2 3 1359 1364 0 
1 1 0 
2 3 1365 1366 0 
3 2 0 1367 
3 2 0 1365 
3 2 0 1359 
3 2 0 1357 
3 2 0 1355 
3 2 0 1353 
3 2 0 1354 
3 2 0 1356 
3 2 0 1358 
3 2 0 1364 
3 2 0 1360 
3 2 0 1363 
3 2 0 1361 
3 2 0 1362 
3 2 0 1366 
1 1 0 
1 1 0 
2 3 1383 1384 0 
1 1 0 
1 1 0 
1 1 0 
1 1 0 
2 3 1388 1389 0 
2 3 1387 1390 0 
2 3 1386 1391 0 
2 3 1385 1392 0 
1 1 0 
1 1 0 
1 1 0 
1 1 0 
1 1 0 
1 1 0 
2 3 1398 1399 0 
1 1 0 
2 3 1400 1401 0 
2 3 1397 1402 0 
2 3 1396 1403 0 
2 3 1395 1404 0 
1 1 0 
1 1 0 
2 3 1406 1407 0 
1 1 0 
1 1 0 
1 1 0 
2 3 1410 1411 0 
1 1 0 
1 1 0 
1 1 0 
1 1 0 
2 3 1415 1416 0 
2 3 1414 1417 0 
1 1 0 
1 1 0 
1 1 0 
1 1 0 
2 3 1421 1422 0 
2 3 1420 1423 0 
2 3 1419 1424 0 
2 3 1418 1425 0 
2 3 1413 1426 0 
2 3 1412 1427 0 
2 3 1409 1428 0 
2 3 1408 1429 0 
1 1 0 
2 3 1430 1431 0 
2 3 1405 1432 0 
2 3 1394 1433 0 
2 3 1393 1434 0 
3 2 0 1435 
3 2 0 1393 
3 2 0 1385 
3 2 0 1383 
3 2 0 1384 
3 2 0 1392 
3 2 0 1386 
3 2 0 1391 
3 2 0 1387 
3 2 0 1390 
3 2 0 1388 
3 2 0 1389 
3 2 0 1434 
3 2 0 1394 
3 2 0 1433 
3 2 0 1405 
3 2 0 1395 
3 2 0 1404 
3 2 0 1396 
3 2 0 1403 
3 2 0 1397 
3 2 0 1402 
3 2 0 1400 
3 2 0 1398 
3 2 0 1399 
3 2 0 1401 
3 2 0 1432 
3 2 0 1430 
3 2 0 1408 
3 2 0 1406 
3 2 0 1407 
3 2 0 1429 
3 2 0 1409 
3 2 0 1428 
3 2 0 1412 
3 2 0 1410 
3 2 0 1411 
3 2 0 1427 
3 2 0 1413 
3 2 0 1426 
3 2 0 1418 
3 2 0 1414 
3 2 0 1417 
3 2 0 1415 
3 2 0 1416 
3 2 0 1425 
3 2 0 1419 
3 2 0 1424 
3 2 0 1420 
3 2 0 1423 
3 2 0 1421 
3 2 0 1422 
3 2 0 1431 
1 1 0 
1 1 0 
2 3 1489 1490 0 
1 1 0 
2 3 1491 1492 0 
1 1 0 
1 1 0 
1 1 0 
1 1 0 
2 3 1496 1497 0 
2 3 1495 1498 0 
2 3 1494 1499 0 
2 3 1493 1500 0 
1 1 0 
2 3 1501 1502 0 
1 1 0 
1 1 0 
2 3 1504 1505 0 
1 1 0 
2 3 1506 1507 0 
1 1 0 
1 1 0 
1 1 0 
2 3 1510 1511 0 
1 1 0 
1 1 0 
1 1 0 
1 1 0 
1 1 0 
2 3 1516 1517 0 
2 3 1515 1518 0 
2 3 1514 1519 0 
1 1 0 
1 1 0 
1 1 0 
1 1 0 
1 1 0 
1 1 0 
1 1 0 
1 1 0 
1 1 0 
1 1 0 
1 1 0 
1 1 0 
2 3 1531 1532 0 
2 3 1530 1533 0 
2 3 1529 1534 0 
2 3 1528 1535 0 
1 1 0 
1 1 0 
1 1 0 
2 3 1538 1539 0 
2 3 1537 1540 0 
2 3 1536 1541 0 
2 3 1527 1542 0 
2 3 1526 1543 0 
2 3 1525 1544 0 
2 3 1524 1545 0 
2 3 1523 1546 0 
2 3 1522 1547 0 
2 3 1521 1548 0 
2 3 1520 1549 0 
2 3 1513 1550 0 
2 3 1512 1551 0 
2 3 1509 1552 0 
2 3 1508 1553 0 
1 1 0 
2 3 1554 1555 0 
2 3 1503 1556 0 
3 2 0 1557 
3 2 0 1503 
3 2 0 1501 
3 2 0 1493 
3 2 0 1491 
3 2 0 1489 
3 2 0 1490 
3 2 0 1492 
3 2 0 1500 
3 2 0 1494 
3 2 0 1499 
3 2 0 1495 
3 2 0 1498 
3 2 0 1496 
3 2 0 1497 
3 2 0 1502 
3 2 0 1556 
3 2 0 1554 
3 2 0 1508 
3 2 0 1506 
3 2 0 1504 
3 2 0 1505 
3 2 0 1507 
3 2 0 1553 
3 2 0 1509 
3 2 0 1552 
3 2 0 1512 
3 2 0 1510 
3 2 0 1511 
3 2 0 1551 
3 2 0 1513 
3 2 0 1550 
3 2 0 1520 
3 2 0 1514 
3 2 0 1519 
3 2 0 1515 
3 2 0 1518 
3 2 0 1516 
3 2 0 1517 
3 2 0 1549 
3 2 0 1521 
3 2 0 1548 
3 2 0 1522 
3 2 0 1547 
3 2 0 1523 
3 2 0 1546 
3 2 0 1524 
3 2 0 1545 
3 2 0 1525 
3 2 0 1544 
3 2 0 1526 
3 2 0 1543 
3 2 0 1527 
3 2 0 1542 
3 2 0 1536 
3 2 0 1528 
3 2 0 1535 
3 2 0 1529 
3 2 0 1534 
3 2 0 1530 
3 2 0 1533 
3 2 0 1531 
3 2 0 1532 
3 2 0 1541 
3 2 0 1537 
3 2 0 1540 
3 2 0 1538 
3 2 0 1539 
3 2 0 1555 
1 1 0 
1 1 0 
2 3 1627 1628 0 
1 1 0 
1 1 0 
1 1 0 
1 1 0 
1 1 0 
1 1 0 
1 1 0 
2 3 1635 1636 0 
1 1 0 
2 3 1637 1638 0 
2 3 1634 1639 0 
2 3 1633 1640 0 
2 3 1632 1641 0 
1 1 0 
2 3 1642 1643 0 
1 1 0 
2 3 1644 1645 0 
1 1 0 
1 1 0 
1 1 0 
1 1 0 
2 3 1649 1650 0 
2 3 1648 1651 0 
2 3 1647 1652 0 
2 3 1646 1653 0 
2 3 1631 1654 0 
2 3 1630 1655 0 
1 1 0 
2 3 1656 1657 0 
2 3 1629 1658 0 
3 2 0 1659 
3 2 0 1629 
3 2 0 1627 
3 2 0 1628 
3 2 0 1658 
3 2 0 1656 
3 2 0 1630 
3 2 0 1655 
3 2 0 1631 
3 2 0 1654 
3 2 0 1646 
3 2 0 1644 
3 2 0 1642 
3 2 0 1632 
3 2 0 1641 
3 2 0 1633 
3 2 0 1640 
3 2 0 1634 
3 2 0 1639 
3 2 0 1637 
3 2 0 1635 
3 2 0 1636 
3 2 0 1638 
3 2 0 1643 
3 2 0 1645 
3 2 0 1653 
3 2 0 1647 
3 2 0 1652 
3 2 0 1648 
3 2 0 1651 
3 2 0 1649 
3 2 0 1650 
3 2 0 1657 
1 1 0 
1 1 0 
1 1 0 
1 1 0 
1 1 0 
2 3 1696 1697 0 
2 3 1695 1698 0 
1 1 0 
1 1 0 
1 1 0 
2 3 1701 1702 0 
2 3 1700 1703 0 
2 3 1699 1704 0 
2 3 1694 1705 0 
1 1 0 
2 3 1706 1707 0 
2 3 1693 1708 0 
3 2 0 1709 
3 2 0 1693 
3 2 0 1708 
3 2 0 1706 
3 2 0 1694 
3 2 0 1705 
3 2 0 1699 
3 2 0 1695 
3 2 0 1698 
3 2 0 1696 
3 2 0 1697 
3 2 0 1704 
3 2 0 1700 
3 2 0 1703 
3 2 0 1701 
3 2 0 1702 
3 2 0 1707 
1 1 0 
1 1 0 
1 1 0 
1 1 0 
2 3 1729 1730 0 
2 3 1728 1731 0 
2 3 1727 1732 0 
1 1 0 
1 1 0 
1 1 0 
2 3 1735 1736 0 
1 1 0 
1 1 0 
2 3 1738 1739 0 
1 1 0 
1 1 0 
1 1 0 
2 3 1742 1743 0 
1 1 0 
1 1 0 
1 1 0 
1 1 0 
2 3 1747 1748 0 
2 3 1746 1749 0 
1 1 0 
1 1 0 
2 3 1751 1752 0 
2 3 1750 1753 0 
2 3 1745 1754 0 
2 3 1744 1755 0 
2 3 1741 1756 0 
2 3 1740 1757 0 
1 1 0 
1 1 0 
1 1 0 
1 1 0 
2 3 1761 1762 0 
2 3 1760 1763 0 
2 3 1759 1764 0 
2 3 1758 1765 0 
2 3 1737 1766 0 
1 1 0 
2 3 1767 1768 0 
2 3 1734 1769 0 
1 1 0 
2 3 1770 1771 0 
2 3 1733 1772 0 
3 2 0 1773 
3 2 0 1733 
3 2 0 1727 
3 2 0 1732 
3 2 0 1728 
3 2 0 1731 
3 2 0 1729 
3 2 0 1730 
3 2 0 1772 
3 2 0 1770 
3 2 0 1734 
3 2 0 1769 
3 2 0 1767 
3 2 0 1737 
3 2 0 1735 
3 2 0 1736 
3 2 0 1766 
3 2 0 1758 
3 2 0 1740 
3 2 0 1738 
3 2 0 1739 
3 2 0 1757 
3 2 0 1741 
3 2 0 1756 
3 2 0 1744 
3 2 0 1742 
3 2 0 1743 
3 2 0 1755 
3 2 0 1745 
3 2 0 1754 
3 2 0 1750 
3 2 0 1746 
3 2 0 1749 
3 2 0 1747 
3 2 0 1748 
3 2 0 1753 
3 2 0 1751 
3 2 0 1752 
3 2 0 1765 
3 2 0 1759 
3 2 0 1764 
3 2 0 1760 
3 2 0 1763 
3 2 0 1761 
3 2 0 1762 
3 2 0 1768 
3 2 0 1771 
1 1 0 
1 1 0 
1 1 0 
1 1 0 
1 1 0 
1 1 0 
2 3 1825 1826 0 
1 1 0 
1 1 0 
1 1 0 
1 1 0 
1 1 0 
2 3 1831 1832 0 
1 1 0 
2 3 1833 1834 0 
1 1 0 
2 3 1835 1836 0 
1 1 0 
2 3 1837 1838 0 
1 1 0 
2 3 1839 1840 0 
2 3 1830 1841 0 
1 1 0 
1 1 0 
1 1 0 
1 1 0 
1 1 0 
2 3 1846 1847 0 
2 3 1845 1848 0 
1 1 0 
2 3 1849 1850 0 
2 3 1844 1851 0 
2 3 1843 1852 0 
2 3 1842 1853 0 
2 3 1829 1854 0 
2 3 1828 1855 0 
2 3 1827 1856 0 
2 3 1824 1857 0 
1 1 0 
2 3 1858 1859 0 
2 3 1823 1860 0 
2 3 1822 1861 0 
2 3 1821 1862 0 
3 2 0 1863 
3 2 0 1821 
3 2 0 1862 
3 2 0 1822 
3 2 0 1861 
3 2 0 1823 
3 2 0 1860 
3 2 0 1858 
3 2 0 1824 
3 2 0 1857 
3 2 0 1827 
3 2 0 1825 
3 2 0 1826 
3 2 0 1856 
3 2 0 1828 
3 2 0 1855 
3 2 0 1829 
3 2 0 1854 
3 2 0 1842 
3 2 0 1830 
3 2 0 1841 
3 2 0 1839 
3 2 0 1837 
3 2 0 1835 
3 2 0 1833 
3 2 0 1831 
3 2 0 1832 
3 2 0 1834 
3 2 0 1836 
3 2 0 1838 
3 2 0 1840 
3 2 0 1853 
3 2 0 1843 
3 2 0 1852 
3 2 0 1844 
3 2 0 1851 
3 2 0 1849 
3 2 0 1845 
3 2 0 1848 
3 2 0 1846 
3 2 0 1847 
3 2 0 1850 
3 2 0 1859 
1 1 0 
1 1 0 
2 3 1907 1908 0 
1 1 0 
1 1 0 
1 1 0 
1 1 0 
1 1 0 
2 3 1913 1914 0 
2 3 1912 1915 0 
1 1 0 
1 1 0 
1 1 0 
1 1 0 
2 3 1919 1920 0 
1 1 0 
1 1 0 
2 3 1922 1923 0 
2 3 1921 1924 0 
2 3 1918 1925 0 
1 1 0 
1 1 0 
1 1 0 
1 1 0 
2 3 1929 1930 0 
1 1 0 
2 3 1931 1932 0 
1 1 0 
1 1 0 
2 3 1934 1935 0 
2 3 1933 1936 0 
1 1 0 
1 1 0 
2 3 1938 1939 0 
2 3 1937 1940 0 
2 3 1928 1941 0 
2 3 1927 1942 0 
2 3 1926 1943 0 
2 3 1917 1944 0 
2 3 1916 1945 0 
2 3 1911 1946 0 
2 3 1910 1947 0 
2 3 1909 1948 0 
1 1 0 
1 1 0 
1 1 0 
2 3 1951 1952 0 
1 1 0 
1 1 0 
2 3 1954 1955 0 
2 3 1953 1956 0 
1 1 0 
1 1 0 
1 1 0 
1 1 0 
1 1 0 
1 1 0 
1 1 0 
1 1 0 
1 1 0 
2 3 1965 1966 0 
1 1 0 
2 3 1967 1968 0 
2 3 1964 1969 0 
1 1 0 
1 1 0 
2 3 1971 1972 0 
2 3 1970 1973 0 
2 3 1963 1974 0 
1 1 0 
1 1 0 
1 1 0 
2 3 1977 1978 0 
2 3 1976 1979 0 
2 3 1975 1980 0 
2 3 1962 1981 0 
2 3 1961 1982 0 
2 3 1960 1983 0 
2 3 1959 1984 0 
2 3 1958 1985 0 
1 1 0 
2 3 1986 1987 0 
2 3 1957 1988 0 
2 3 1950 1989 0 
2 3 1949 1990 0 
3 2 0 1991 
3 2 0 1949 
3 2 0 1909 
3 2 0 1907 
3 2 0 1908 
3 2 0 1948 
3 2 0 1910 
3 2 0 1947 
3 2 0 1911 
3 2 0 1946 
3 2 0 1916 
3 2 0 1912 
3 2 0 1915 
3 2 0 1913 
3 2 0 1914 
3 2 0 1945 
3 2 0 1917 
3 2 0 1944 
3 2 0 1926 
3 2 0 1918 
3 2 0 1925 
3 2 0 1921 
3 2 0 1919 
3 2 0 1920 
3 2 0 1924 
3 2 0 1922 
3 2 0 1923 
3 2 0 1943 
3 2 0 1927 
3 2 0 1942 
3 2 0 1928 
3 2 0 1941 
3 2 0 1937 
3 2 0 1933 
3 2 0 1931 
3 2 0 1929 
3 2 0 1930 
3 2 0 1932 
3 2 0 1936 
3 2 0 1934 
3 2 0 1935 
3 2 0 1940 
3 2 0 1938 
3 2 0 1939 
3 2 0 1990 
3 2 0 1950 
3 2 0 1989 
3 2 0 1957 
3 2 0 1953 
3 2 0 1951 
3 2 0 1952 
3 2 0 1956 
3 2 0 1954 
3 2 0 1955 
3 2 0 1988 
3 2 0 1986 
3 2 0 1958 
3 2 0 1985 
3 2 0 1959 
3 2 0 1984 
3 2 0 1960 
3 2 0 1983 
3 2 0 1961 
3 2 0 1982 
3 2 0 1962 
3 2 0 1981 
3 2 0 1975 
3 2 0 1963 
3 2 0 1974 
3 2 0 1970 
3 2 0 1964 
3 2 0 1969 
3 2 0 1967 
3 2 0 1965 
3 2 0 1966 
3 2 0 1968 
3 2 0 1973 
3 2 0 1971 
3 2 0 1972 
3 2 0 1980 
3 2 0 1976 
3 2 0 1979 
3 2 0 1977 
3 2 0 1978 
3 2 0 1987 
1 1 0 
1 1 0 
1 1 0 
2 3 2078 2079 0 
1 1 0 
1 1 0 
1 1 0 
1 1 0 
1 1 0 
2 3 2084 2085 0 
2 3 2083 2086 0 
1 1 0 
1 1 0 
1 1 0 
1 1 0 
2 3 2090 2091 0 
1 1 0 
1 1 0 
1 1 0 
2 3 2094 2095 0 
2 3 2093 2096 0 
2 3 2092 2097 0 
2 3 2089 2098 0 
2 3 2088 2099 0 
2 3 2087 2100 0 
2 3 2082 2101 0 
1 1 0 
2 3 2102 2103 0 
2 3 2081 2104 0 
2 3 2080 2105 0 
2 3 2077 2106 0 
3 2 0 2107 
3 2 0 2077 
3 2 0 2106 
3 2 0 2080 
3 2 0 2078 
3 2 0 2079 
3 2 0 2105 
3 2 0 2081 
3 2 0 2104 
3 2 0 2102 
3 2 0 2082 
3 2 0 2101 
3 2 0 2087 
3 2 0 2083 
3 2 0 2086 
3 2 0 2084 
3 2 0 2085 
3 2 0 2100 
3 2 0 2088 
3 2 0 2099 
3 2 0 2089 
3 2 0 2098 
3 2 0 2092 
3 2 0 2090 
3 2 0 2091 
3 2 0 2097 
3 2 0 2093 
3 2 0 2096 
3 2 0 2094 
3 2 0 2095 
3 2 0 2103 
1 1 0 
1 1 0 
2 3 2139 2140 0 
1 1 0 
1 1 0 
1 1 0 
1 1 0 
1 1 0 
1 1 0 
2 3 2146 2147 0 
1 1 0 
1 1 0 
2 3 2149 2150 0 
2 3 2148 2151 0 
2 3 2145 2152 0 
2 3 2144 2153 0 
2 3 2143 2154 0 
2 3 2142 2155 0 
2 3 2141 2156 0 
1 1 0 
2 3 2157 2158 0 
1 1 0 
2 3 2159 2160 0 
1 1 0 
1 1 0 
2 3 2162 2163 0 
1 1 0 
1 1 0 
1 1 0 
2 3 2166 2167 0 
1 1 0 
2 3 2168 2169 0 
2 3 2165 2170 0 
2 3 2164 2171 0 
1 1 0 
1 1 0 
1 1 0 
1 1 0 
1 1 0 
1 1 0 
2 3 2177 2178 0 
2 3 2176 2179 0 
2 3 2175 2180 0 
2 3 2174 2181 0 
2 3 2173 2182 0 
2 3 2172 2183 0 
2 3 2161 2184 0 
1 1 0 
2 3 2185 2186 0 
3 2 0 2187 
3 2 0 2185 
3 2 0 2161 
3 2 0 2159 
3 2 0 2157 
3 2 0 2141 
3 2 0 2139 
3 2 0 2140 
3 2 0 2156 
3 2 0 2142 
3 2 0 2155 
3 2 0 2143 
3 2 0 2154 
3 2 0 2144 
3 2 0 2153 
3 2 0 2145 
3 2 0 2152 
3 2 0 2148 
3 2 0 2146 
3 2 0 2147 
3 2 0 2151 
3 2 0 2149 
3 2 0 2150 
3 2 0 2158 
3 2 0 2160 
3 2 0 2184 
3 2 0 2172 
3 2 0 2164 
3 2 0 2162 
3 2 0 2163 
3 2 0 2171 
3 2 0 2165 
3 2 0 2170 
3 2 0 2168 
3 2 0 2166 
3 2 0 2167 
3 2 0 2169 
3 2 0 2183 
3 2 0 2173 
3 2 0 2182 
3 2 0 2174 
3 2 0 2181 
3 2 0 2175 
3 2 0 2180 
3 2 0 2176 
3 2 0 2179 
3 2 0 2177 
3 2 0 2178 
3 2 0 2186 
1 1 0 
1 1 0 
1 1 0 
1 1 0 
1 1 0 
2 3 2240 2241 0 
1 1 0 
2 3 2242 2243 0 
1 1 0 
1 1 0 
1 1 0 
1 1 0 
2 3 2247 2248 0 
2 3 2246 2249 0 
2 3 2245 2250 0 
2 3 2244 2251 0 
2 3 2239 2252 0 
2 3 2238 2253 0 
1 1 0 
1 1 0 
1 1 0 
2 3 2256 2257 0 
1 1 0 
1 1 0 
2 3 2259 2260 0 
1 1 0 
2 3 2261 2262 0 
2 3 2258 2263 0 
1 1 0 
1 1 0 
1 1 0 
2 3 2266 2267 0 
2 3 2265 2268 0 
2 3 2264 2269 0 
1 1 0 
1 1 0 
1 1 0 
1 1 0 
1 1 0 
1 1 0 
2 3 2275 2276 0 
2 3 2274 2277 0 
2 3 2273 2278 0 
2 3 2272 2279 0 
1 1 0 
1 1 0 
1 1 0 
2 3 2282 2283 0 
2 3 2281 2284 0 
2 3 2280 2285 0 
2 3 2271 2286 0 
2 3 2270 2287 0 
2 3 2255 2288 0 
2 3 2254 2289 0 
2 3 2237 2290 0 
1 1 0 
1 1 0 
1 1 0 
2 3 2293 2294 0 
1 1 0 
1 1 0 
1 1 0 
2 3 2297 2298 0 
2 3 2296 2299 0 
2 3 2295 2300 0 
1 1 0 
1 1 0 
1 1 0 
1 1 0 
2 3 2304 2305 0 
1 1 0 
1 1 0 
1 1 0 
1 1 0 
2 3 2309 2310 0 
2 3 2308 2311 0 
2 3 2307 2312 0 
2 3 2306 2313 0 
2 3 2303 2314 0 
2 3 2302 2315 0 
2 3 2301 2316 0 
1 1 0 
2 3 2317 2318 0 
2 3 2292 2319 0 
2 3 2291 2320 0 
3 2 0 2321 
3 2 0 2291 
3 2 0 2237 
3 2 0 2290 
3 2 0 2254 
3 2 0 2238 
3 2 0 2253 
3 2 0 2239 
3 2 0 2252 
3 2 0 2244 
3 2 0 2242 
3 2 0 2240 
3 2 0 2241 
3 2 0 2243 
3 2 0 2251 
3 2 0 2245 
3 2 0 2250 
3 2 0 2246 
3 2 0 2249 
3 2 0 2247 
3 2 0 2248 
3 2 0 2289 
3 2 0 2255 
3 2 0 2288 
3 2 0 2270 
3 2 0 2264 
3 2 0 2258 
3 2 0 2256 
3 2 0 2257 
3 2 0 2263 
3 2 0 2261 
3 2 0 2259 
3 2 0 2260 
3 2 0 2262 
3 2 0 2269 
3 2 0 2265 
3 2 0 2268 
3 2 0 2266 
3 2 0 2267 
3 2 0 2287 
3 2 0 2271 
3 2 0 2286 
3 2 0 2280 
3 2 0 2272 
3 2 0 2279 
3 2 0 2273 
3 2 0 2278 
3 2 0 2274 
3 2 0 2277 
3 2 0 2275 
3 2 0 2276 
3 2 0 2285 
3 2 0 2281 
3 2 0 2284 
3 2 0 2282 
3 2 0 2283 
3 2 0 2320 
3 2 0 2292 
3 2 0 2319 
3 2 0 2317 
3 2 0 2301 
3 2 0 2295 
3 2 0 2293 
3 2 0 2294 
3 2 0 2300 
3 2 0 2296 
3 2 0 2299 
3 2 0 2297 
3 2 0 2298 
3 2 0 2316 
3 2 0 2302 
3 2 0 2315 
3 2 0 2303 
3 2 0 2314 
3 2 0 2306 
3 2 0 2304 
3 2 0 2305 
3 2 0 2313 
3 2 0 2307 
3 2 0 2312 
3 2 0 2308 
3 2 0 2311 
3 2 0 2309 
3 2 0 2310 
3 2 0 2318 
1 1 0 
1 1 0 
1 1 0 
2 3 2408 2409 0 
1 1 0 
1 1 0 
2 3 2411 2412 0 
2 3 2410 2413 0 
1 1 0 
2 3 2414 2415 0 
2 3 2407 2416 0 
3 2 0 2417 
3 2 0 2407 
3 2 0 2416 
3 2 0 2414 
3 2 0 2410 
3 2 0 2408 
3 2 0 2409 
3 2 0 2413 
3 2 0 2411 
3 2 0 2412 
3 2 0 2415 
1 1 0 
1 1 0 
1 1 0 
1 1 0 
1 1 0 
1 1 0 
1 1 0 
2 3 2434 2435 0 
2 3 2433 2436 0 
2 3 2432 2437 0 
1 1 0 
1 1 0 
1 1 0 
1 1 0 
2 3 2441 2442 0 
2 3 2440 2443 0 
1 1 0 
1 1 0 
2 3 2445 2446 0 
1 1 0 
1 1 0 
1 1 0 
1 1 0 
2 3 2450 2451 0 
2 3 2449 2452 0 
2 3 2448 2453 0 
2 3 2447 2454 0 
2 3 2444 2455 0 
2 3 2439 2456 0 
2 3 2438 2457 0 
2 3 2431 2458 0 
2 3 2430 2459 0 
2 3 2429 2460 0 
1 1 0 
2 3 2461 2462 0 
1 1 0 
2 3 2463 2464 0 
1 1 0 
1 1 0 
1 1 0 
2 3 2467 2468 0 
1 1 0 
2 3 2469 2470 0 
1 1 0 
1 1 0 
1 1 0 
1 1 0 
2 3 2474 2475 0 
2 3 2473 2476 0 
2 3 2472 2477 0 
2 3 2471 2478 0 
2 3 2466 2479 0 
2 3 2465 2480 0 
1 1 0 
2 3 2481 2482 0 
3 2 0 2483 
3 2 0 2481 
3 2 0 2465 
3 2 0 2463 
3 2 0 2461 
3 2 0 2429 
3 2 0 2460 
3 2 0 2430 
3 2 0 2459 
3 2 0 2431 
3 2 0 2458 
3 2 0 2438 
3 2 0 2432 
3 2 0 2437 
3 2 0 2433 
3 2 0 2436 
3 2 0 2434 
3 2 0 2435 
3 2 0 2457 
3 2 0 2439 
3 2 0 2456 
3 2 0 2444 
3 2 0 2440 
3 2 0 2443 
3 2 0 2441 
3 2 0 2442 
3 2 0 2455 
3 2 0 2447 
3 2 0 2445 
3 2 0 2446 
3 2 0 2454 
3 2 0 2448 
3 2 0 2453 
3 2 0 2449 
3 2 0 2452 
3 2 0 2450 
3 2 0 2451 
3 2 0 2462 
3 2 0 2464 
3 2 0 2480 
3 2 0 2466 
3 2 0 2479 
3 2 0 2471 
3 2 0 2469 
3 2 0 2467 
3 2 0 2468 
3 2 0 2470 
3 2 0 2478 
3 2 0 2472 
3 2 0 2477 
3 2 0 2473 
3 2 0 2476 
3 2 0 2474 
3 2 0 2475 
3 2 0 2482 
1 1 0 
1 1 0 
1 1 0 
1 1 0 
1 1 0 
2 3 2542 2543 0 
2 3 2541 2544 0 
2 3 2540 2545 0 
1 1 0 
2 3 2546 2547 0 
2 3 2539 2548 0 
3 2 0 2549 
3 2 0 2539 
3 2 0 2548 
3 2 0 2546 
3 2 0 2540 
3 2 0 2545 
3 2 0 2541 
3 2 0 2544 
3 2 0 2542 
3 2 0 2543 
3 2 0 2547 
1 1 0 
1 1 0 
1 1 0 
1 1 0 
1 1 0 
1 1 0 
2 3 2565 2566 0 
2 3 2564 2567 0 
1 1 0 
1 1 0 
2 3 2569 2570 0 
2 3 2568 2571 0 
2 3 2563 2572 0 
2 3 2562 2573 0 
2 3 2561 2574 0 
1 1 0 
1 1 0 
1 1 0 
1 1 0 
1 1 0 
2 3 2579 2580 0 
1 1 0 
1 1 0 
1 1 0 
2 3 2583 2584 0 
1 1 0 
1 1 0 
1 1 0 
1 1 0 
2 3 2588 2589 0 
1 1 0 
1 1 0 
1 1 0 
1 1 0 
2 3 2593 2594 0 
1 1 0 
1 1 0 
1 1 0 
2 3 2597 2598 0 
1 1 0 
2 3 2599 2600 0 
2 3 2596 2601 0 
2 3 2595 2602 0 
2 3 2592 2603 0 
2 3 2591 2604 0 
2 3 2590 2605 0 
2 3 2587 2606 0 
2 3 2586 2607 0 
2 3 2585 2608 0 
2 3 2582 2609 0 
2 3 2581 2610 0 
2 3 2578 2611 0 
1 1 0 
2 3 2612 2613 0 
2 3 2577 2614 0 
2 3 2576 2615 0 
2 3 2575 2616 0 
3 2 0 2617 
3 2 0 2575 
3 2 0 2561 
3 2 0 2574 
3 2 0 2562 
3 2 0 2573 
3 2 0 2563 
3 2 0 2572 
3 2 0 2568 
3 2 0 2564 
3 2 0 2567 
3 2 0 2565 
3 2 0 2566 
3 2 0 2571 
3 2 0 2569 
3 2 0 2570 
3 2 0 2616 
3 2 0 2576 
3 2 0 2615 
3 2 0 2577 
3 2 0 2614 
3 2 0 2612 
3 2 0 2578 
3 2 0 2611 
3 2 0 2581 
3 2 0 2579 
3 2 0 2580 
3 2 0 2610 
3 2 0 2582 
3 2 0 2609 
3 2 0 2585 
3 2 0 2583 
3 2 0 2584 
3 2 0 2608 
3 2 0 2586 
3 2 0 2607 
3 2 0 2587 
3 2 0 2606 
3 2 0 2590 
3 2 0 2588 
3 2 0 2589 
3 2 0 2605 
3 2 0 2591 
3 2 0 2604 
3 2 0 2592 
3 2 0 2603 
3 2 0 2595 
3 2 0 2593 
3 2 0 2594 
3 2 0 2602 
3 2 0 2596 
3 2 0 2601 
3 2 0 2599 
3 2 0 2597 
3 2 0 2598 
3 2 0 2600 
3 2 0 2613 
1 1 0 
1 1 0 
1 1 0 
1 1 0 
2 3 2677 2678 0 
1 1 0 
1 1 0 
1 1 0 
1 1 0 
1 1 0 
2 3 2683 2684 0 
2 3 2682 2685 0 
2 3 2681 2686 0 
2 3 2680 2687 0 
2 3 2679 2688 0 
2 3 2676 2689 0 
2 3 2675 2690 0 
1 1 0 
1 1 0 
1 1 0 
1 1 0 
1 1 0 
1 1 0 
1 1 0 
1 1 0 
1 1 0 
2 3 2699 2700 0 
2 3 2698 2701 0 
2 3 2697 2702 0 
1 1 0 
2 3 2703 2704 0 
1 1 0 
1 1 0 
2 3 2706 2707 0 
2 3 2705 2708 0 
1 1 0 
1 1 0 
1 1 0 
2 3 2711 2712 0 
2 3 2710 2713 0 
2 3 2709 2714 0 
2 3 2696 2715 0 
1 1 0 
1 1 0 
1 1 0 
1 1 0 
1 1 0 
2 3 2720 2721 0 
2 3 2719 2722 0 
2 3 2718 2723 0 
2 3 2717 2724 0 
2 3 2716 2725 0 
1 1 0 
1 1 0 
1 1 0 
2 3 2728 2729 0 
2 3 2727 2730 0 
2 3 2726 2731 0 
2 3 2695 2732 0 
2 3 2694 2733 0 
2 3 2693 2734 0 
2 3 2692 2735 0 
1 1 0 
2 3 2736 2737 0 
2 3 2691 2738 0 
3 2 0 2739 
3 2 0 2691 
3 2 0 2675 
3 2 0 2690 
3 2 0 2676 
3 2 0 2689 
3 2 0 2679 
3 2 0 2677 
3 2 0 2678 
3 2 0 2688 
3 2 0 2680 
3 2 0 2687 
3 2 0 2681 
3 2 0 2686 
3 2 0 2682 
3 2 0 2685 
3 2 0 2683 
3 2 0 2684 
3 2 0 2738 
3 2 0 2736 
3 2 0 2692 
3 2 0 2735 
3 2 0 2693 
3 2 0 2734 
3 2 0 2694 
3 2 0 2733 
3 2 0 2695 
3 2 0 2732 
3 2 0 2726 
3 2 0 2716 
3 2 0 2696 
3 2 0 2715 
3 2 0 2709 
3 2 0 2705 
3 2 0 2703 
3 2 0 2697 
3 2 0 2702 
3 2 0 2698 
3 2 0 2701 
3 2 0 2699 
3 2 0 2700 
3 2 0 2704 
3 2 0 2708 
3 2 0 2706 
3 2 0 2707 
3 2 0 2714 
3 2 0 2710 
3 2 0 2713 
3 2 0 2711 
3 2 0 2712 
3 2 0 2725 
3 2 0 2717 
3 2 0 2724 
3 2 0 2718 
3 2 0 2723 
3 2 0 2719 
3 2 0 2722 
3 2 0 2720 
3 2 0 2721 
3 2 0 2731 
3 2 0 2727 
3 2 0 2730 
3 2 0 2728 
3 2 0 2729 
3 2 0 2737 
1 1 0 
1 1 0 
1 1 0 
1 1 0 
2 3 2807 2808 0 
2 3 2806 2809 0 
1 1 0 
1 1 0 
1 1 0 
2 3 2812 2813 0 
2 3 2811 2814 0 
2 3 2810 2815 0 
1 1 0 
2 3 2816 2817 0 
1 1 0 
2 3 2818 2819 0 
1 1 0 
1 1 0 
2 3 2821 2822 0 
2 3 2820 2823 0 
2 3 2805 2824 0 
1 1 0 
1 1 0 
1 1 0 
1 1 0 
2 3 2828 2829 0 
1 1 0 
1 1 0 
1 1 0 
2 3 2832 2833 0 
2 3 2831 2834 0 
2 3 2830 2835 0 
2 3 2827 2836 0 
1 1 0 
1 1 0 
2 3 2838 2839 0 
1 1 0 
1 1 0 
1 1 0 
2 3 2842 2843 0 
2 3 2841 2844 0 
2 3 2840 2845 0 
1 1 0 
2 3 2846 2847 0 
2 3 2837 2848 0 
2 3 2826 2849 0 
1 1 0 
2 3 2850 2851 0 
2 3 2825 2852 0 
3 2 0 2853 
3 2 0 2825 
3 2 0 2805 
3 2 0 2824 
3 2 0 2820 
3 2 0 2818 
3 2 0 2816 
3 2 0 2810 
3 2 0 2806 
3 2 0 2809 
3 2 0 2807 
3 2 0 2808 
3 2 0 2815 
3 2 0 2811 
3 2 0 2814 
3 2 0 2812 
3 2 0 2813 
3 2 0 2817 
3 2 0 2819 
3 2 0 2823 
3 2 0 2821 
3 2 0 2822 
3 2 0 2852 
3 2 0 2850 
3 2 0 2826 
3 2 0 2849 
3 2 0 2837 
3 2 0 2827 
3 2 0 2836 
3 2 0 2830 
3 2 0 2828 
3 2 0 2829 
3 2 0 2835 
3 2 0 2831 
3 2 0 2834 
3 2 0 2832 
3 2 0 2833 
3 2 0 2848 
3 2 0 2846 
3 2 0 2840 
3 2 0 2838 
3 2 0 2839 
3 2 0 2845 
3 2 0 2841 
3 2 0 2844 
3 2 0 2842 
3 2 0 2843 
3 2 0 2847 
3 2 0 2851 
1 1 0 
1 1 0 
1 1 0 
2 3 2904 2905 0 
2 3 2903 2906 0 
1 1 0 
1 1 0 
1 1 0 
2 3 2909 2910 0 
1 1 0 
1 1 0 
1 1 0 
1 1 0 
1 1 0 
2 3 2915 2916 0 
2 3 2914 2917 0 
2 3 2913 2918 0 
2 3 2912 2919 0 
2 3 2911 2920 0 
1 1 0 
2 3 2921 2922 0 
1 1 0 
1 1 0 
1 1 0 
2 3 2925 2926 0 
1 1 0 
2 3 2927 2928 0 
2 3 2924 2929 0 
1 1 0 
1 1 0 
1 1 0 
2 3 2932 2933 0 
2 3 2931 2934 0 
2 3 2930 2935 0 
2 3 2923 2936 0 
2 3 2908 2937 0 
2 3 2907 2938 0 
1 1 0 
1 1 0 
1 1 0 
2 3 2941 2942 0 
2 3 2940 2943 0 
2 3 2939 2944 0 
1 1 0 
2 3 2945 2946 0 
3 2 0 2947 
3 2 0 2945 
3 2 0 2939 
3 2 0 2907 
3 2 0 2903 
3 2 0 2906 
3 2 0 2904 
3 2 0 2905 
3 2 0 2938 
3 2 0 2908 
3 2 0 2937 
3 2 0 2923 
3 2 0 2921 
3 2 0 2911 
3 2 0 2909 
3 2 0 2910 
3 2 0 2920 
3 2 0 2912 
3 2 0 2919 
3 2 0 2913 
3 2 0 2918 
3 2 0 2914 
3 2 0 2917 
3 2 0 2915 
3 2 0 2916 
3 2 0 2922 
3 2 0 2936 
3 2 0 2930 
3 2 0 2924 
3 2 0 2929 
3 2 0 2927 
3 2 0 2925 
3 2 0 2926 
3 2 0 2928 
3 2 0 2935 
3 2 0 2931 
3 2 0 2934 
3 2 0 2932 
3 2 0 2933 
3 2 0 2944 
3 2 0 2940 
3 2 0 2943 
3 2 0 2941 
3 2 0 2942 
3 2 0 2946 
1 1 0 
1 1 0 
1 1 0 
2 3 2994 2995 0 
2 3 2993 2996 0 
1 1 0 
1 1 0 
1 1 0 
1 1 0 
1 1 0 
1 1 0 
2 3 3002 3003 0 
2 3 3001 3004 0 
2 3 3000 3005 0 
2 3 2999 3006 0 
2 3 2998 3007 0 
2 3 2997 3008 0 
1 1 0 
1 1 0 
1 1 0 
1 1 0 
1 1 0 
2 3 3013 3014 0 
1 1 0 
2 3 3015 3016 0 
2 3 3012 3017 0 
2 3 3011 3018 0 
2 3 3010 3019 0 
2 3 3009 3020 0 
1 1 0 
2 3 3021 3022 0 
1 1 0 
1 1 0 
1 1 0 
2 3 3025 3026 0 
2 3 3024 3027 0 
1 1 0 
1 1 0 
1 1 0 
1 1 0 
2 3 3031 3032 0 
1 1 0 
1 1 0 
1 1 0 
2 3 3035 3036 0 
2 3 3034 3037 0 
2 3 3033 3038 0 
2 3 3030 3039 0 
2 3 3029 3040 0 
2 3 3028 3041 0 
2 3 3023 3042 0 
1 1 0 
2 3 3043 3044 0 
3 2 0 3045 
3 2 0 3043 
3 2 0 3023 
3 2 0 3021 
3 2 0 3009 
3 2 0 2997 
3 2 0 2993 
3 2 0 2996 
3 2 0 2994 
3 2 0 2995 
3 2 0 3008 
3 2 0 2998 
3 2 0 3007 
3 2 0 2999 
3 2 0 3006 
3 2 0 3000 
3 2 0 3005 
3 2 0 3001 
3 2 0 3004 
3 2 0 3002 
3 2 0 3003 
3 2 0 3020 
3 2 0 3010 
3 2 0 3019 
3 2 0 3011 
3 2 0 3018 
3 2 0 3012 
3 2 0 3017 
3 2 0 3015 
3 2 0 3013 
3 2 0 3014 
3 2 0 3016 
3 2 0 3022 
3 2 0 3042 
3 2 0 3028 
3 2 0 3024 
3 2 0 3027 
3 2 0 3025 
3 2 0 3026 
3 2 0 3041 
3 2 0 3029 
3 2 0 3040 
3 2 0 3030 
3 2 0 3039 
3 2 0 3033 
3 2 0 3031 
3 2 0 3032 
3 2 0 3038 
3 2 0 3034 
3 2 0 3037 
3 2 0 3035 
3 2 0 3036 
3 2 0 3044 
1 1 0 
1 1 0 
1 1 0 
1 1 0 
1 1 0 
2 3 3102 3103 0 
1 1 0 
1 1 0 
1 1 0 
1 1 0 
2 3 3107 3108 0 
2 3 3106 3109 0 
1 1 0 
1 1 0 
1 1 0 
2 3 3112 3113 0 
2 3 3111 3114 0 
2 3 3110 3115 0 
2 3 3105 3116 0 
2 3 3104 3117 0 
2 3 3101 3118 0 
2 3 3100 3119 0 
2 3 3099 3120 0 
1 1 0 
1 1 0 
1 1 0 
1 1 0 
2 3 3124 3125 0 
2 3 3123 3126 0 
1 1 0 
1 1 0 
2 3 3128 3129 0 
1 1 0 
2 3 3130 3131 0 
1 1 0 
1 1 0 
2 3 3133 3134 0 
2 3 3132 3135 0 
1 1 0 
2 3 3136 3137 0 
2 3 3127 3138 0 
2 3 3122 3139 0 
2 3 3121 3140 0 
3 2 0 3141 
3 2 0 3121 
3 2 0 3099 
3 2 0 3120 
3 2 0 3100 
3 2 0 3119 
3 2 0 3101 
3 2 0 3118 
3 2 0 3104 
3 2 0 3102 
3 2 0 3103 
3 2 0 3117 
3 2 0 3105 
3 2 0 3116 
3 2 0 3110 
3 2 0 3106 
3 2 0 3109 
3 2 0 3107 
3 2 0 3108 
3 2 0 3115 
3 2 0 3111 
3 2 0 3114 
3 2 0 3112 
3 2 0 3113 
3 2 0 3140 
3 2 0 3122 
3 2 0 3139 
3 2 0 3127 
3 2 0 3123 
3 2 0 3126 
3 2 0 3124 
3 2 0 3125 
3 2 0 3138 
3 2 0 3136 
3 2 0 3132 
3 2 0 3130 
3 2 0 3128 
3 2 0 3129 
3 2 0 3131 
3 2 0 3135 
3 2 0 3133 
3 2 0 3134 
3 2 0 3137 
1 1 0 
1 1 0 
1 1 0 
2 3 3186 3187 0 
1 1 0 
2 3 3188 3189 0 
2 3 3185 3190 0 
1 1 0 
2 3 3191 3192 0 
3 2 0 3193 
3 2 0 3191 
3 2 0 3185 
3 2 0 3190 
3 2 0 3188 
3 2 0 3186 
3 2 0 3187 
3 2 0 3189 
3 2 0 3192 
1 1 0 
1 1 0 
1 1 0 
1 1 0 
1 1 0 
1 1 0 
1 1 0 
1 1 0 
1 1 0 
2 3 3210 3211 0 
2 3 3209 3212 0 
2 3 3208 3213 0 
2 3 3207 3214 0 
2 3 3206 3215 0 
1 1 0 
1 1 0 
1 1 0 
1 1 0 
2 3 3219 3220 0 
2 3 3218 3221 0 
2 3 3217 3222 0 
2 3 3216 3223 0 
2 3 3205 3224 0 
2 3 3204 3225 0 
2 3 3203 3226 0 
1 1 0 
1 1 0 
1 1 0 
1 1 0 
2 3 3230 3231 0 
2 3 3229 3232 0 
1 1 0 
1 1 0 
1 1 0 
2 3 3235 3236 0 
1 1 0 
2 3 3237 3238 0 
1 1 0 
1 1 0 
1 1 0 
2 3 3241 3242 0 
2 3 3240 3243 0 
2 3 3239 3244 0 
2 3 3234 3245 0 
1 1 0 
2 3 3246 3247 0 
2 3 3233 3248 0 
2 3 3228 3249 0 
2 3 3227 3250 0 
3 2 0 3251 
3 2 0 3227 
3 2 0 3203 
3 2 0 3226 
3 2 0 3204 
3 2 0 3225 
3 2 0 3205 
3 2 0 3224 
3 2 0 3216 
3 2 0 3206 
3 2 0 3215 
3 2 0 3207 
3 2 0 3214 
3 2 0 3208 
3 2 0 3213 
3 2 0 3209 
3 2 0 3212 
3 2 0 3210 
3 2 0 3211 
3 2 0 3223 
3 2 0 3217 
3 2 0 3222 
3 2 0 3218 
3 2 0 3221 
3 2 0 3219 
3 2 0 3220 
3 2 0 3250 
3 2 0 3228 
3 2 0 3249 
3 2 0 3233 
3 2 0 3229 
3 2 0 3232 
3 2 0 3230 
3 2 0 3231 
3 2 0 3248 
3 2 0 3246 
3 2 0 3234 
3 2 0 3245 
3 2 0 3239 
3 2 0 3237 
3 2 0 3235 
3 2 0 3236 
3 2 0 3238 
3 2 0 3244 
3 2 0 3240 
3 2 0 3243 
3 2 0 3241 
3 2 0 3242 
3 2 0 3247 
1 1 0 
1 1 0 
2 3 3301 3302 0 
1 1 0 
1 1 0 
1 1 0 
2 3 3305 3306 0 
2 3 3304 3307 0 
1 1 0 
1 1 0 
1 1 0 
1 1 0 
2 3 3311 3312 0 
1 1 0 
2 3 3313 3314 0 
2 3 3310 3315 0 
2 3 3309 3316 0 
2 3 3308 3317 0 
1 1 0 
2 3 3318 3319 0 
1 1 0 
1 1 0 
1 1 0 
1 1 0 
2 3 3323 3324 0 
2 3 3322 3325 0 
1 1 0 
1 1 0 
1 1 0 
1 1 0 
2 3 3329 3330 0 
2 3 3328 3331 0 
2 3 3327 3332 0 
2 3 3326 3333 0 
2 3 3321 3334 0 
2 3 3320 3335 0 
1 1 0 
2 3 3336 3337 0 
2 3 3303 3338 0 
3 2 0 3339 
3 2 0 3303 
3 2 0 3301 
3 2 0 3302 
3 2 0 3338 
3 2 0 3336 
3 2 0 3320 
3 2 0 3318 
3 2 0 3308 
3 2 0 3304 
3 2 0 3307 
3 2 0 3305 
3 2 0 3306 
3 2 0 3317 
3 2 0 3309 
3 2 0 3316 
3 2 0 3310 
3 2 0 3315 
3 2 0 3313 
3 2 0 3311 
3 2 0 3312 
3 2 0 3314 
3 2 0 3319 
3 2 0 3335 
3 2 0 3321 
3 2 0 3334 
3 2 0 3326 
3 2 0 3322 
3 2 0 3325 
3 2 0 3323 
3 2 0 3324 
3 2 0 3333 
3 2 0 3327 
3 2 0 3332 
3 2 0 3328 
3 2 0 3331 
3 2 0 3329 
3 2 0 3330 
3 2 0 3337 
1 1 0 
1 1 0 
1 1 0 
1 1 0 
1 1 0 
1 1 0 
1 1 0 
1 1 0 
1 1 0 
2 3 3386 3387 0 
1 1 0 
1 1 0 
2 3 3389 3390 0 
1 1 0 
1 1 0 
2 3 3392 3393 0 
1 1 0 
1 1 0 
1 1 0 
1 1 0 
2 3 3397 3398 0 
2 3 3396 3399 0 
1 1 0 
2 3 3400 3401 0 
1 1 0 
1 1 0 
2 3 3403 3404 0 
1 1 0 
1 1 0 
1 1 0 
2 3 3407 3408 0 
1 1 0 
1 1 0 
1 1 0 
2 3 3411 3412 0 
2 3 3410 3413 0 
2 3 3409 3414 0 
2 3 3406 3415 0 
2 3 3405 3416 0 
2 3 3402 3417 0 
2 3 3395 3418 0 
2 3 3394 3419 0 
2 3 3391 3420 0 
2 3 3388 3421 0 
2 3 3385 3422 0 
2 3 3384 3423 0 
2 3 3383 3424 0 
2 3 3382 3425 0 
2 3 3381 3426 0 
2 3 3380 3427 0 
1 1 0 
2 3 3428 3429 0 
2 3 3379 3430 0 
3 2 0 3431 
3 2 0 3379 
3 2 0 3430 
3 2 0 3428 
3 2 0 3380 
3 2 0 3427 
3 2 0 3381 
3 2 0 3426 
3 2 0 3382 
3 2 0 3425 
3 2 0 3383 
3 2 0 3424 
3 2 0 3384 
3 2 0 3423 
3 2 0 3385 
3 2 0 3422 
3 2 0 3388 
3 2 0 3386 
3 2 0 3387 
3 2 0 3421 
3 2 0 3391 
3 2 0 3389 
3 2 0 3390 
3 2 0 3420 
3 2 0 3394 
3 2 0 3392 
3 2 0 3393 
3 2 0 3419 
3 2 0 3395 
3 2 0 3418 
3 2 0 3402 
3 2 0 3400 
3 2 0 3396 
3 2 0 3399 
3 2 0 3397 
3 2 0 3398 
3 2 0 3401 
3 2 0 3417 
3 2 0 3405 
3 2 0 3403 
3 2 0 3404 
3 2 0 3416 
3 2 0 3406 
3 2 0 3415 
3 2 0 3409 
3 2 0 3407 
3 2 0 3408 
3 2 0 3414 
3 2 0 3410 
3 2 0 3413 
3 2 0 3411 
3 2 0 3412 
3 2 0 3429 
1 1 0 
1 1 0 
1 1 0 
1 1 0 
1 1 0 
2 3 3488 3489 0 
1 1 0 
2 3 3490 3491 0 
2 3 3487 3492 0 
2 3 3486 3493 0 
2 3 3485 3494 0 
1 1 0 
1 1 0 
1 1 0 
1 1 0 
1 1 0 
2 3 3499 3500 0 
1 1 0 
1 1 0 
2 3 3502 3503 0 
2 3 3501 3504 0 
2 3 3498 3505 0 
2 3 3497 3506 0 
2 3 3496 3507 0 
1 1 0 
2 3 3508 3509 0 
2 3 3495 3510 0 
3 2 0 3511 
3 2 0 3495 
3 2 0 3485 
3 2 0 3494 
3 2 0 3486 
3 2 0 3493 
3 2 0 3487 
3 2 0 3492 
3 2 0 3490 
3 2 0 3488 
3 2 0 3489 
3 2 0 3491 
3 2 0 3510 
3 2 0 3508 
3 2 0 3496 
3 2 0 3507 
3 2 0 3497 
3 2 0 3506 
3 2 0 3498 
3 2 0 3505 
3 2 0 3501 
3 2 0 3499 
3 2 0 3500 
3 2 0 3504 
3 2 0 3502 
3 2 0 3503 
3 2 0 3509 
1 1 0 
1 1 0 
2 3 3539 3540 0 
1 1 0 
2 3 3541 3542 0 
1 1 0 
1 1 0 
1 1 0 
2 3 3545 3546 0 
1 1 0 
1 1 0 
1 1 0 
1 1 0 
1 1 0 
2 3 3551 3552 0 
1 1 0 
1 1 0 
1 1 0 
2 3 3555 3556 0 
2 3 3554 3557 0 
2 3 3553 3558 0 
2 3 3550 3559 0 
2 3 3549 3560 0 
2 3 3548 3561 0 
2 3 3547 3562 0 
2 3 3544 3563 0 
2 3 3543 3564 0 
1 1 0 
2 3 3565 3566 0 
3 2 0 3567 
3 2 0 3565 
3 2 0 3543 
3 2 0 3541 
3 2 0 3539 
3 2 0 3540 
3 2 0 3542 
3 2 0 3564 
3 2 0 3544 
3 2 0 3563 
3 2 0 3547 
3 2 0 3545 
3 2 0 3546 
3 2 0 3562 
3 2 0 3548 
3 2 0 3561 
3 2 0 3549 
3 2 0 3560 
3 2 0 3550 
3 2 0 3559 
3 2 0 3553 
3 2 0 3551 
3 2 0 3552 
3 2 0 3558 
3 2 0 3554 
3 2 0 3557 
3 2 0 3555 
3 2 0 3556 
3 2 0 3566 
1 1 0 
1 1 0 
1 1 0 
2 3 3598 3599 0 
2 3 3597 3600 0 
1 1 0 
1 1 0 
1 1 0 
1 1 0 
1 1 0 
2 3 3605 3606 0 
2 3 3604 3607 0 
1 1 0 
1 1 0 
1 1 0 
1 1 0 
1 1 0 
2 3 3612 3613 0 
2 3 3611 3614 0 
2 3 3610 3615 0 
2 3 3609 3616 0 
2 3 3608 3617 0 
2 3 3603 3618 0 
2 3 3602 3619 0 
2 3 3601 3620 0 
1 1 0 
1 1 0 
1 1 0 
1 1 0 
1 1 0 
2 3 3625 3626 0 
2 3 3624 3627 0 
1 1 0 
1 1 0 
1 1 0 
1 1 0 
1 1 0 
1 1 0 
1 1 0 
1 1 0 
1 1 0 
1 1 0 
1 1 0 
2 3 3638 3639 0 
2 3 3637 3640 0 
2 3 3636 3641 0 
2 3 3635 3642 0 
2 3 3634 3643 0 
2 3 3633 3644 0 
2 3 3632 3645 0 
2 3 3631 3646 0 
2 3 3630 3647 0 
2 3 3629 3648 0 
2 3 3628 3649 0 
2 3 3623 3650 0 
2 3 3622 3651 0 
1 1 0 
2 3 3652 3653 0 
2 3 3621 3654 0 
3 2 0 3655 
3 2 0 3621 
3 2 0 3601 
3 2 0 3597 
3 2 0 3600 
3 2 0 3598 
3 2 0 3599 
3 2 0 3620 
3 2 0 3602 
3 2 0 3619 
3 2 0 3603 
3 2 0 3618 
3 2 0 3608 
3 2 0 3604 
3 2 0 3607 
3 2 0 3605 
3 2 0 3606 
3 2 0 3617 
3 2 0 3609 
3 2 0 3616 
3 2 0 3610 
3 2 0 3615 
3 2 0 3611 
3 2 0 3614 
3 2 0 3612 
3 2 0 3613 
3 2 0 3654 
3 2 0 3652 
3 2 0 3622 
3 2 0 3651 
3 2 0 3623 
3 2 0 3650 
3 2 0 3628 
3 2 0 3624 
3 2 0 3627 
3 2 0 3625 
3 2 0 3626 
3 2 0 3649 
3 2 0 3629 
3 2 0 3648 
3 2 0 3630 
3 2 0 3647 
3 2 0 3631 
3 2 0 3646 
3 2 0 3632 
3 2 0 3645 
3 2 0 3633 
3 2 0 3644 
3 2 0 3634 
3 2 0 3643 
3 2 0 3635 
3 2 0 3642 
3 2 0 3636 
3 2 0 3641 
3 2 0 3637 
3 2 0 3640 
3 2 0 3638 
3 2 0 3639 
3 2 0 3653 
1 1 0 
1 1 0 
1 1 0 
1 1 0 
2 3 3717 3718 0 
2 3 3716 3719 0 
1 1 0 
1 1 0 
1 1 0 
1 1 0 
1 1 0 
2 3 3724 3725 0 
2 3 3723 3726 0 
2 3 3722 3727 0 
2 3 3721 3728 0 
2 3 3720 3729 0 
2 3 3715 3730 0 
1 1 0 
2 3 3731 3732 0 
3 2 0 3733 
3 2 0 3731 
3 2 0 3715 
3 2 0 3730 
3 2 0 3720 
3 2 0 3716 
3 2 0 3719 
3 2 0 3717 
3 2 0 3718 
3 2 0 3729 
3 2 0 3721 
3 2 0 3728 
3 2 0 3722 
3 2 0 3727 
3 2 0 3723 
3 2 0 3726 
3 2 0 3724 
3 2 0 3725 
3 2 0 3732 
1 1 0 
1 1 0 
1 1 0 
2 3 3754 3755 0 
2 3 3753 3756 0 
1 1 0 
1 1 0 
1 1 0 
1 1 0 
1 1 0 
1 1 0 
1 1 0 
1 1 0 
2 3 3764 3765 0 
2 3 3763 3766 0 
2 3 3762 3767 0 
1 1 0 
1 1 0 
2 3 3769 3770 0 
2 3 3768 3771 0 
2 3 3761 3772 0 
2 3 3760 3773 0 
2 3 3759 3774 0 
1 1 0 
2 3 3775 3776 0 
2 3 3758 3777 0 
2 3 3757 3778 0 
3 2 0 3779 
3 2 0 3757 
3 2 0 3753 
3 2 0 3756 
3 2 0 3754 
3 2 0 3755 
3 2 0 3778 
3 2 0 3758 
3 2 0 3777 
3 2 0 3775 
3 2 0 3759 
3 2 0 3774 
3 2 0 3760 
3 2 0 3773 
3 2 0 3761 
3 2 0 3772 
3 2 0 3768 
3 2 0 3762 
3 2 0 3767 
3 2 0 3763 
3 2 0 3766 
3 2 0 3764 
3 2 0 3765 
3 2 0 3771 
3 2 0 3769 
3 2 0 3770 
3 2 0 3776 
1 1 0 
1 1 0 
1 1 0 
1 1 0 
1 1 0 
2 3 3810 3811 0 
2 3 3809 3812 0 
2 3 3808 3813 0 
1 1 0 
1 1 0 
1 1 0 
1 1 0 
1 1 0 
1 1 0 
1 1 0 
1 1 0 
2 3 3821 3822 0 
2 3 3820 3823 0 
1 1 0 
2 3 3824 3825 0 
2 3 3819 3826 0 
1 1 0 
1 1 0 
1 1 0 
2 3 3829 3830 0 
2 3 3828 3831 0 
2 3 3827 3832 0 
1 1 0 
2 3 3833 3834 0 
1 1 0 
1 1 0 
1 1 0 
1 1 0 
1 1 0 
2 3 3839 3840 0 
1 1 0 
2 3 3841 3842 0 
1 1 0 
2 3 3843 3844 0 
1 1 0 
2 3 3845 3846 0 
1 1 0 
1 1 0 
1 1 0 
1 1 0 
2 3 3850 3851 0 
2 3 3849 3852 0 
2 3 3848 3853 0 
1 1 0 
1 1 0 
1 1 0 
2 3 3856 3857 0 
2 3 3855 3858 0 
2 3 3854 3859 0 
2 3 3847 3860 0 
2 3 3838 3861 0 
2 3 3837 3862 0 
2 3 3836 3863 0 
2 3 3835 3864 0 
2 3 3818 3865 0 
2 3 3817 3866 0 
2 3 3816 3867 0 
2 3 3815 3868 0 
2 3 3814 3869 0 
1 1 0 
2 3 3870 3871 0 
2 3 3807 3872 0 
3 2 0 3873 
3 2 0 3807 
3 2 0 3872 
3 2 0 3870 
3 2 0 3814 
3 2 0 3808 
3 2 0 3813 
3 2 0 3809 
3 2 0 3812 
3 2 0 3810 
3 2 0 3811 
3 2 0 3869 
3 2 0 3815 
3 2 0 3868 
3 2 0 3816 
3 2 0 3867 
3 2 0 3817 
3 2 0 3866 
3 2 0 3818 
3 2 0 3865 
3 2 0 3835 
3 2 0 3833 
3 2 0 3827 
3 2 0 3819 
3 2 0 3826 
3 2 0 3824 
3 2 0 3820 
3 2 0 3823 
3 2 0 3821 
3 2 0 3822 
3 2 0 3825 
3 2 0 3832 
3 2 0 3828 
3 2 0 3831 
3 2 0 3829 
3 2 0 3830 
3 2 0 3834 
3 2 0 3864 
3 2 0 3836 
3 2 0 3863 
3 2 0 3837 
3 2 0 3862 
3 2 0 3838 
3 2 0 3861 
3 2 0 3847 
3 2 0 3845 
3 2 0 3843 
3 2 0 3841 
3 2 0 3839 
3 2 0 3840 
3 2 0 3842 
3 2 0 3844 
3 2 0 3846 
3 2 0 3860 
3 2 0 3854 
3 2 0 3848 
3 2 0 3853 
3 2 0 3849 
3 2 0 3852 
3 2 0 3850 
3 2 0 3851 
3 2 0 3859 
3 2 0 3855 
3 2 0 3858 
3 2 0 3856 
3 2 0 3857 
3 2 0 3871 
1 1 0 
1 1 0 
1 1 0 
1 1 0 
1 1 0 
2 3 3944 3945 0 
2 3 3943 3946 0 
1 1 0 
1 1 0 
1 1 0 
1 1 0 
1 1 0 
2 3 3951 3952 0 
2 3 3950 3953 0 
1 1 0 
1 1 0 
1 1 0 
1 1 0 
1 1 0 
1 1 0 
1 1 0 
1 1 0 
2 3 3961 3962 0 
1 1 0 
2 3 3963 3964 0 
1 1 0 
2 3 3965 3966 0 
2 3 3960 3967 0 
1 1 0 
2 3 3968 3969 0 
2 3 3959 3970 0 
2 3 3958 3971 0 
2 3 3957 3972 0 
2 3 3956 3973 0 
2 3 3955 3974 0 
2 3 3954 3975 0 
2 3 3949 3976 0 
1 1 0 
2 3 3977 3978 0 
2 3 3948 3979 0 
2 3 3947 3980 0 
2 3 3942 3981 0 
2 3 3941 3982 0 
3 2 0 3983 
3 2 0 3941 
3 2 0 3982 
3 2 0 3942 
3 2 0 3981 
3 2 0 3947 
3 2 0 3943 
3 2 0 3946 
3 2 0 3944 
3 2 0 3945 
3 2 0 3980 
3 2 0 3948 
3 2 0 3979 
3 2 0 3977 
3 2 0 3949 
3 2 0 3976 
3 2 0 3954 
3 2 0 3950 
3 2 0 3953 
3 2 0 3951 
3 2 0 3952 
3 2 0 3975 
3 2 0 3955 
3 2 0 3974 
3 2 0 3956 
3 2 0 3973 
3 2 0 3957 
3 2 0 3972 
3 2 0 3958 
3 2 0 3971 
3 2 0 3959 
3 2 0 3970 
3 2 0 3968 
3 2 0 3960 
3 2 0 3967 
3 2 0 3965 
3 2 0 3963 
3 2 0 3961 
3 2 0 3962 
3 2 0 3964 
3 2 0 3966 
3 2 0 3969 
3 2 0 3978 
1 1 0 
1 1 0 
1 1 0 
2 3 4028 4029 0 
1 1 0 
1 1 0 
1 1 0 
1 1 0 
1 1 0 
1 1 0 
1 1 0 
2 3 4036 4037 0 
2 3 4035 4038 0 
2 3 4034 4039 0 
2 3 4033 4040 0 
2 3 4032 4041 0 
2 3 4031 4042 0 
2 3 4030 4043 0 
1 1 0 
2 3 4044 4045 0 
2 3 4027 4046 0 
3 2 0 4047 
3 2 0 4027 
3 2 0 4046 
3 2 0 4044 
3 2 0 4030 
3 2 0 4028 
3 2 0 4029 
3 2 0 4043 
3 2 0 4031 
3 2 0 4042 
3 2 0 4032 
3 2 0 4041 
3 2 0 4033 
3 2 0 4040 
3 2 0 4034 
3 2 0 4039 
3 2 0 4035 
3 2 0 4038 
3 2 0 4036 
3 2 0 4037 
3 2 0 4045 
1 1 0 
1 1 0 
1 1 0 
2 3 4070 4071 0 
2 3 4069 4072 0 
1 1 0 
1 1 0 
1 1 0 
2 3 4075 4076 0 
1 1 0 
1 1 0 
1 1 0 
2 3 4079 4080 0 
2 3 4078 4081 0 
2 3 4077 4082 0 
2 3 4074 4083 0 
2 3 4073 4084 0 
1 1 0 
2 3 4085 4086 0 
1 1 0 
1 1 0 
2 3 4088 4089 0 
1 1 0 
1 1 0 
1 1 0 
1 1 0 
1 1 0 
1 1 0 
1 1 0 
2 3 4096 4097 0 
2 3 4095 4098 0 
2 3 4094 4099 0 
2 3 4093 4100 0 
2 3 4092 4101 0 
2 3 4091 4102 0 
2 3 4090 4103 0 
2 3 4087 4104 0 
1 1 0 
2 3 4105 4106 0 
3 2 0 4107 
3 2 0 4105 
3 2 0 4087 
3 2 0 4085 
3 2 0 4073 
3 2 0 4069 
3 2 0 4072 
3 2 0 4070 
3 2 0 4071 
3 2 0 4084 
3 2 0 4074 
3 2 0 4083 
3 2 0 4077 
3 2 0 4075 
3 2 0 4076 
3 2 0 4082 
3 2 0 4078 
3 2 0 4081 
3 2 0 4079 
3 2 0 4080 
3 2 0 4086 
3 2 0 4104 
3 2 0 4090 
3 2 0 4088 
3 2 0 4089 
3 2 0 4103 
3 2 0 4091 
3 2 0 4102 
3 2 0 4092 
3 2 0 4101 
3 2 0 4093 
3 2 0 4100 
3 2 0 4094 
3 2 0 4099 
3 2 0 4095 
3 2 0 4098 
3 2 0 4096 
3 2 0 4097 
3 2 0 4106 
1 1 0 
1 1 0 
2 3 4147 4148 0 
1 1 0 
1 1 0 
2 3 4150 4151 0 
2 3 4149 4152 0 
1 1 0 
1 1 0 
1 1 0 
2 3 4155 4156 0 
2 3 4154 4157 0 
2 3 4153 4158 0 
1 1 0 
1 1 0 
1 1 0 
2 3 4161 4162 0 
1 1 0 
2 3 4163 4164 0 
1 1 0 
1 1 0 
2 3 4166 4167 0 
2 3 4165 4168 0 
2 3 4160 4169 0 
1 1 0 
2 3 4170 4171 0 
2 3 4159 4172 0 
3 2 0 4173 
3 2 0 4159 
3 2 0 4153 
3 2 0 4149 
3 2 0 4147 
3 2 0 4148 
3 2 0 4152 
3 2 0 4150 
3 2 0 4151 
3 2 0 4158 
3 2 0 4154 
3 2 0 4157 
3 2 0 4155 
3 2 0 4156 
3 2 0 4172 
3 2 0 4170 
3 2 0 4160 
3 2 0 4169 
3 2 0 4165 
3 2 0 4163 
3 2 0 4161 
3 2 0 4162 
3 2 0 4164 
3 2 0 4168 
3 2 0 4166 
3 2 0 4167 
3 2 0 4171 
1 1 0 
1 1 0 
2 3 4201 4202 0 
1 1 0 
1 1 0 
1 1 0 
2 3 4205 4206 0 
1 1 0 
2 3 4207 4208 0 
1 1 0 
1 1 0 
1 1 0 
1 1 0 
2 3 4212 4213 0 
1 1 0 
2 3 4214 4215 0 
2 3 4211 4216 0 
2 3 4210 4217 0 
2 3 4209 4218 0 
1 1 0 
2 3 4219 4220 0 
1 1 0 
1 1 0 
2 3 4222 4223 0 
1 1 0 
1 1 0 
1 1 0 
1 1 0 
1 1 0 
1 1 0 
1 1 0 
1 1 0 
1 1 0 
1 1 0 
2 3 4233 4234 0 
1 1 0 
2 3 4235 4236 0 
1 1 0 
2 3 4237 4238 0 
2 3 4232 4239 0 
2 3 4231 4240 0 
2 3 4230 4241 0 
2 3 4229 4242 0 
2 3 4228 4243 0 
2 3 4227 4244 0 
2 3 4226 4245 0 
2 3 4225 4246 0 
2 3 4224 4247 0 
2 3 4221 4248 0 
2 3 4204 4249 0 
2 3 4203 4250 0 
1 1 0 
2 3 4251 4252 0 
1 1 0 
2 3 4253 4254 0 
1 1 0 
1 1 0 
2 3 4256 4257 0 
1 1 0 
1 1 0 
2 3 4259 4260 0 
1 1 0 
1 1 0 
2 3 4262 4263 0 
2 3 4261 4264 0 
1 1 0 
1 1 0 
1 1 0 
1 1 0 
1 1 0 
1 1 0 
1 1 0 
1 1 0 
1 1 0 
2 3 4273 4274 0 
2 3 4272 4275 0 
1 1 0 
2 3 4276 4277 0 
2 3 4271 4278 0 
2 3 4270 4279 0 
2 3 4269 4280 0 
2 3 4268 4281 0 
2 3 4267 4282 0 
2 3 4266 4283 0 
2 3 4265 4284 0 
2 3 4258 4285 0 
2 3 4255 4286 0 
1 1 0 
2 3 4287 4288 0 
3 2 0 4289 
3 2 0 4287 
3 2 0 4255 
3 2 0 4253 
3 2 0 4251 
3 2 0 4203 
3 2 0 4201 
3 2 0 4202 
3 2 0 4250 
3 2 0 4204 
3 2 0 4249 
3 2 0 4221 
3 2 0 4219 
3 2 0 4209 
3 2 0 4207 
3 2 0 4205 
3 2 0 4206 
3 2 0 4208 
3 2 0 4218 
3 2 0 4210 
3 2 0 4217 
3 2 0 4211 
3 2 0 4216 
3 2 0 4214 
3 2 0 4212 
3 2 0 4213 
3 2 0 4215 
3 2 0 4220 
3 2 0 4248 
3 2 0 4224 
3 2 0 4222 
3 2 0 4223 
3 2 0 4247 
3 2 0 4225 
3 2 0 4246 
3 2 0 4226 
3 2 0 4245 
3 2 0 4227 
3 2 0 4244 
3 2 0 4228 
3 2 0 4243 
3 2 0 4229 
3 2 0 4242 
3 2 0 4230 
3 2 0 4241 
3 2 0 4231 
3 2 0 4240 
3 2 0 4232 
3 2 0 4239 
3 2 0 4237 
3 2 0 4235 
3 2 0 4233 
3 2 0 4234 
3 2 0 4236 
3 2 0 4238 
3 2 0 4252 
3 2 0 4254 
3 2 0 4286 
3 2 0 4258 
3 2 0 4256 
3 2 0 4257 
3 2 0 4285 
3 2 0 4265 
3 2 0 4261 
3 2 0 4259 
3 2 0 4260 
3 2 0 4264 
3 2 0 4262 
3 2 0 4263 
3 2 0 4284 
3 2 0 4266 
3 2 0 4283 
3 2 0 4267 
3 2 0 4282 
3 2 0 4268 
3 2 0 4281 
3 2 0 4269 
3 2 0 4280 
3 2 0 4270 
3 2 0 4279 
3 2 0 4271 
3 2 0 4278 
3 2 0 4276 
3 2 0 4272 
3 2 0 4275 
3 2 0 4273 
3 2 0 4274 
3 2 0 4277 
3 2 0 4288 
1 1 0 
1 1 0 
1 1 0 
2 3 4380 4381 0 
1 1 0 
1 1 0 
2 3 4383 4384 0 
2 3 4382 4385 0 
2 3 4379 4386 0 
1 1 0 
1 1 0 
1 1 0 
1 1 0 
2 3 4390 4391 0 
2 3 4389 4392 0 
2 3 4388 4393 0 
2 3 4387 4394 0 
1 1 0 
2 3 4395 4396 0 
1 1 0 
2 3 4397 4398 0 
1 1 0 
1 1 0 
2 3 4400 4401 0 
1 1 0 
2 3 4402 4403 0 
1 1 0 
1 1 0 
2 3 4405 4406 0 
2 3 4404 4407 0 
1 1 0 
2 3 4408 4409 0 
1 1 0 
1 1 0 
2 3 4411 4412 0 
2 3 4410 4413 0 
1 1 0 
2 3 4414 4415 0 
1 1 0 
1 1 0 
1 1 0 
1 1 0 
1 1 0 
1 1 0 
2 3 4421 4422 0 
2 3 4420 4423 0 
2 3 4419 4424 0 
1 1 0 
2 3 4425 4426 0 
1 1 0 
1 1 0 
1 1 0 
1 1 0 
1 1 0 
1 1 0 
2 3 4432 4433 0 
2 3 4431 4434 0 
2 3 4430 4435 0 
1 1 0 
1 1 0 
1 1 0 
1 1 0 
2 3 4439 4440 0 
2 3 4438 4441 0 
1 1 0 
1 1 0 
2 3 4443 4444 0 
2 3 4442 4445 0 
2 3 4437 4446 0 
2 3 4436 4447 0 
2 3 4429 4448 0 
2 3 4428 4449 0 
2 3 4427 4450 0 
2 3 4418 4451 0 
2 3 4417 4452 0 
2 3 4416 4453 0 
2 3 4399 4454 0 
1 1 0 
2 3 4455 4456 0 
3 2 0 4457 
3 2 0 4455 
3 2 0 4399 
3 2 0 4397 
3 2 0 4395 
3 2 0 4387 
3 2 0 4379 
3 2 0 4386 
3 2 0 4382 
3 2 0 4380 
3 2 0 4381 
3 2 0 4385 
3 2 0 4383 
3 2 0 4384 
3 2 0 4394 
3 2 0 4388 
3 2 0 4393 
3 2 0 4389 
3 2 0 4392 
3 2 0 4390 
3 2 0 4391 
3 2 0 4396 
3 2 0 4398 
3 2 0 4454 
3 2 0 4416 
3 2 0 4414 
3 2 0 4410 
3 2 0 4408 
3 2 0 4404 
3 2 0 4402 
3 2 0 4400 
3 2 0 4401 
3 2 0 4403 
3 2 0 4407 
3 2 0 4405 
3 2 0 4406 
3 2 0 4409 
3 2 0 4413 
3 2 0 4411 
3 2 0 4412 
3 2 0 4415 
3 2 0 4453 
3 2 0 4417 
3 2 0 4452 
3 2 0 4418 
3 2 0 4451 
3 2 0 4427 
3 2 0 4425 
3 2 0 4419 
3 2 0 4424 
3 2 0 4420 
3 2 0 4423 
3 2 0 4421 
3 2 0 4422 
3 2 0 4426 
3 2 0 4450 
3 2 0 4428 
3 2 0 4449 
3 2 0 4429 
3 2 0 4448 
3 2 0 4436 
3 2 0 4430 
3 2 0 4435 
3 2 0 4431 
3 2 0 4434 
3 2 0 4432 
3 2 0 4433 
3 2 0 4447 
3 2 0 4437 
3 2 0 4446 
3 2 0 4442 
3 2 0 4438 
3 2 0 4441 
3 2 0 4439 
3 2 0 4440 
3 2 0 4445 
3 2 0 4443 
3 2 0 4444 
3 2 0 4456 
1 1 0 
1 1 0 
1 1 0 
1 1 0 
2 3 4539 4540 0 
2 3 4538 4541 0 
2 3 4537 4542 0 
1 1 0 
1 1 0 
1 1 0 
1 1 0 
1 1 0 
2 3 4547 4548 0 
1 1 0 
2 3 4549 4550 0 
2 3 4546 4551 0 
1 1 0 
2 3 4552 4553 0 
2 3 4545 4554 0 
2 3 4544 4555 0 
2 3 4543 4556 0 
3 2 0 4557 
3 2 0 4543 
3 2 0 4537 
3 2 0 4542 
3 2 0 4538 
3 2 0 4541 
3 2 0 4539 
3 2 0 4540 
3 2 0 4556 
3 2 0 4544 
3 2 0 4555 
3 2 0 4545 
3 2 0 4554 
3 2 0 4552 
3 2 0 4546 
3 2 0 4551 
3 2 0 4549 
3 2 0 4547 
3 2 0 4548 
3 2 0 4550 
3 2 0 4553 
1 1 0 
1 1 0 
1 1 0 
2 3 4580 4581 0 
1 1 0 
1 1 0 
2 3 4583 4584 0 
1 1 0 
1 1 0 
1 1 0 
2 3 4587 4588 0 
2 3 4586 4589 0 
2 3 4585 4590 0 
1 1 0 
1 1 0 
1 1 0 
2 3 4593 4594 0 
1 1 0 
1 1 0 
2 3 4596 4597 0 
2 3 4595 4598 0 
2 3 4592 4599 0 
2 3 4591 4600 0 
2 3 4582 4601 0 
2 3 4579 4602 0 
1 1 0 
2 3 4603 4604 0 
1 1 0 
2 3 4605 4606 0 
1 1 0 
1 1 0 
1 1 0 
1 1 0 
1 1 0 
1 1 0 
2 3 4612 4613 0 
2 3 4611 4614 0 
2 3 4610 4615 0 
2 3 4609 4616 0 
2 3 4608 4617 0 
2 3 4607 4618 0 
1 1 0 
2 3 4619 4620 0 
3 2 0 4621 
3 2 0 4619 
3 2 0 4607 
3 2 0 4605 
3 2 0 4603 
3 2 0 4579 
3 2 0 4602 
3 2 0 4582 
3 2 0 4580 
3 2 0 4581 
3 2 0 4601 
3 2 0 4591 
3 2 0 4585 
3 2 0 4583 
3 2 0 4584 
3 2 0 4590 
3 2 0 4586 
3 2 0 4589 
3 2 0 4587 
3 2 0 4588 
3 2 0 4600 
3 2 0 4592 
3 2 0 4599 
3 2 0 4595 
3 2 0 4593 
3 2 0 4594 
3 2 0 4598 
3 2 0 4596 
3 2 0 4597 
3 2 0 4604 
3 2 0 4606 
3 2 0 4618 
3 2 0 4608 
3 2 0 4617 
3 2 0 4609 
3 2 0 4616 
3 2 0 4610 
3 2 0 4615 
3 2 0 4611 
3 2 0 4614 
3 2 0 4612 
3 2 0 4613 
3 2 0 4620 
1 1 0 
1 1 0 
2 3 4665 4666 0 
1 1 0 
1 1 0 
1 1 0 
2 3 4669 4670 0 
2 3 4668 4671 0 
2 3 4667 4672 0 
1 1 0 
1 1 0 
2 3 4674 4675 0 
1 1 0 
1 1 0 
1 1 0 
1 1 0 
2 3 4679 4680 0 
1 1 0 
1 1 0 
1 1 0 
1 1 0 
1 1 0 
1 1 0 
1 1 0 
1 1 0 
1 1 0 
2 3 4689 4690 0 
2 3 4688 4691 0 
2 3 4687 4692 0 
2 3 4686 4693 0 
2 3 4685 4694 0 
2 3 4684 4695 0 
2 3 4683 4696 0 
2 3 4682 4697 0 
2 3 4681 4698 0 
2 3 4678 4699 0 
2 3 4677 4700 0 
1 1 0 
2 3 4701 4702 0 
1 1 0 
1 1 0 
1 1 0 
1 1 0 
1 1 0 
1 1 0 
1 1 0 
1 1 0 
1 1 0 
2 3 4711 4712 0 
2 3 4710 4713 0 
2 3 4709 4714 0 
2 3 4708 4715 0 
2 3 4707 4716 0 
2 3 4706 4717 0 
2 3 4705 4718 0 
2 3 4704 4719 0 
2 3 4703 4720 0 
2 3 4676 4721 0 
1 1 0 
2 3 4722 4723 0 
2 3 4673 4724 0 
3 2 0 4725 
3 2 0 4673 
3 2 0 4667 
3 2 0 4665 
3 2 0 4666 
3 2 0 4672 
3 2 0 4668 
3 2 0 4671 
3 2 0 4669 
3 2 0 4670 
3 2 0 4724 
3 2 0 4722 
3 2 0 4676 
3 2 0 4674 
3 2 0 4675 
3 2 0 4721 
3 2 0 4703 
3 2 0 4701 
3 2 0 4677 
3 2 0 4700 
3 2 0 4678 
3 2 0 4699 
3 2 0 4681 
3 2 0 4679 
3 2 0 4680 
3 2 0 4698 
3 2 0 4682 
3 2 0 4697 
3 2 0 4683 
3 2 0 4696 
3 2 0 4684 
3 2 0 4695 
3 2 0 4685 
3 2 0 4694 
3 2 0 4686 
3 2 0 4693 
3 2 0 4687 
3 2 0 4692 
3 2 0 4688 
3 2 0 4691 
3 2 0 4689 
3 2 0 4690 
3 2 0 4702 
3 2 0 4720 
3 2 0 4704 
3 2 0 4719 
3 2 0 4705 
3 2 0 4718 
3 2 0 4706 
3 2 0 4717 
3 2 0 4707 
3 2 0 4716 
3 2 0 4708 
3 2 0 4715 
3 2 0 4709 
3 2 0 4714 
3 2 0 4710 
3 2 0 4713 
3 2 0 4711 
3 2 0 4712 
3 2 0 4723 
1 1 0 
1 1 0 
1 1 0 
1 1 0 
2 3 4789 4790 0 
2 3 4788 4791 0 
2 3 4787 4792 0 
1 1 0 
1 1 0 
2 3 4794 4795 0 
1 1 0 
1 1 0 
1 1 0 
1 1 0 
2 3 4799 4800 0 
2 3 4798 4801 0 
2 3 4797 4802 0 
1 1 0 
1 1 0 
1 1 0 
2 3 4805 4806 0 
2 3 4804 4807 0 
1 1 0 
2 3 4808 4809 0 
1 1 0 
1 1 0 
1 1 0 
1 1 0 
2 3 4813 4814 0 
1 1 0 
1 1 0 
1 1 0 
1 1 0 
1 1 0 
1 1 0 
1 1 0 
2 3 4821 4822 0 
1 1 0 
1 1 0 
1 1 0 
1 1 0 
1 1 0 
1 1 0 
1 1 0 
1 1 0 
2 3 4830 4831 0 
2 3 4829 4832 0 
2 3 4828 4833 0 
2 3 4827 4834 0 
2 3 4826 4835 0 
2 3 4825 4836 0 
2 3 4824 4837 0 
2 3 4823 4838 0 
2 3 4820 4839 0 
2 3 4819 4840 0 
2 3 4818 4841 0 
2 3 4817 4842 0 
2 3 4816 4843 0 
2 3 4815 4844 0 
2 3 4812 4845 0 
2 3 4811 4846 0 
2 3 4810 4847 0 
1 1 0 
2 3 4848 4849 0 
2 3 4803 4850 0 
2 3 4796 4851 0 
2 3 4793 4852 0 
3 2 0 4853 
3 2 0 4793 
3 2 0 4787 
3 2 0 4792 
3 2 0 4788 
3 2 0 4791 
3 2 0 4789 
3 2 0 4790 
3 2 0 4852 
3 2 0 4796 
3 2 0 4794 
3 2 0 4795 
3 2 0 4851 
3 2 0 4803 
3 2 0 4797 
3 2 0 4802 
3 2 0 4798 
3 2 0 4801 
3 2 0 4799 
3 2 0 4800 
3 2 0 4850 
3 2 0 4848 
3 2 0 4810 
3 2 0 4808 
3 2 0 4804 
3 2 0 4807 
3 2 0 4805 
3 2 0 4806 
3 2 0 4809 
3 2 0 4847 
3 2 0 4811 
3 2 0 4846 
3 2 0 4812 
3 2 0 4845 
3 2 0 4815 
3 2 0 4813 
3 2 0 4814 
3 2 0 4844 
3 2 0 4816 
3 2 0 4843 
3 2 0 4817 
3 2 0 4842 
3 2 0 4818 
3 2 0 4841 
3 2 0 4819 
3 2 0 4840 
3 2 0 4820 
3 2 0 4839 
3 2 0 4823 
3 2 0 4821 
3 2 0 4822 
3 2 0 4838 
3 2 0 4824 
3 2 0 4837 
3 2 0 4825 
3 2 0 4836 
3 2 0 4826 
3 2 0 4835 
3 2 0 4827 
3 2 0 4834 
3 2 0 4828 
3 2 0 4833 
3 2 0 4829 
3 2 0 4832 
3 2 0 4830 
3 2 0 4831 
3 2 0 4849 
1 1 0 
1 1 0 
2 3 4921 4922 0 
1 1 0 
1 1 0 
1 1 0 
1 1 0 
2 3 4926 4927 0 
2 3 4925 4928 0 
2 3 4924 4929 0 
1 1 0 
2 3 4930 4931 0 
1 1 0 
2 3 4932 4933 0 
2 3 4923 4934 0 
3 2 0 4935 
3 2 0 4923 
3 2 0 4921 
3 2 0 4922 
3 2 0 4934 
3 2 0 4932 
3 2 0 4930 
3 2 0 4924 
3 2 0 4929 
3 2 0 4925 
3 2 0 4928 
3 2 0 4926 
3 2 0 4927 
3 2 0 4931 
3 2 0 4933 
1 1 0 
1 1 0 
1 1 0 
2 3 4952 4953 0 
2 3 4951 4954 0 
1 1 0 
2 3 4955 4956 0 
1 1 0 
2 3 4957 4958 0 
1 1 0 
2 3 4959 4960 0 
1 1 0 
1 1 0 
1 1 0 
1 1 0 
1 1 0 
1 1 0 
1 1 0 
2 3 4967 4968 0 
2 3 4966 4969 0 
2 3 4965 4970 0 
2 3 4964 4971 0 
2 3 4963 4972 0 
2 3 4962 4973 0 
2 3 4961 4974 0 
1 1 0 
2 3 4975 4976 0 
3 2 0 4977 
3 2 0 4975 
3 2 0 4961 
3 2 0 4959 
3 2 0 4957 
3 2 0 4955 
3 2 0 4951 
3 2 0 4954 
3 2 0 4952 
3 2 0 4953 
3 2 0 4956 
3 2 0 4958 
3 2 0 4960 
3 2 0 4974 
3 2 0 4962 
3 2 0 4973 
3 2 0 4963 
3 2 0 4972 
3 2 0 4964 
3 2 0 4971 
3 2 0 4965 
3 2 0 4970 
3 2 0 4966 
3 2 0 4969 
3 2 0 4967 
3 2 0 4968 
3 2 0 4976 
1 1 0 
1 1 0 
1 1 0 
1 1 0 
1 1 0 
1 1 0 
2 3 5009 5010 0 
1 1 0 
2 3 5011 5012 0 
2 3 5008 5013 0 
1 1 0 
2 3 5014 5015 0 
2 3 5007 5016 0 
2 3 5006 5017 0 
2 3 5005 5018 0 
1 1 0 
1 1 0 
1 1 0 
2 3 5021 5022 0 
2 3 5020 5023 0 
2 3 5019 5024 0 
1 1 0 
1 1 0 
1 1 0 
2 3 5027 5028 0 
2 3 5026 5029 0 
1 1 0 
2 3 5030 5031 0 
2 3 5025 5032 0 
3 2 0 5033 
3 2 0 5025 
3 2 0 5019 
3 2 0 5005 
3 2 0 5018 
3 2 0 5006 
3 2 0 5017 
3 2 0 5007 
3 2 0 5016 
3 2 0 5014 
3 2 0 5008 
3 2 0 5013 
3 2 0 5011 
3 2 0 5009 
3 2 0 5010 
3 2 0 5012 
3 2 0 5015 
3 2 0 5024 
3 2 0 5020 
3 2 0 5023 
3 2 0 5021 
3 2 0 5022 
3 2 0 5032 
3 2 0 5030 
3 2 0 5026 
3 2 0 5029 
3 2 0 5027 
3 2 0 5028 
3 2 0 5031 
1 1 0 
1 1 0 
1 1 0 
1 1 0 
1 1 0 
2 3 5066 5067 0 
2 3 5065 5068 0 
2 3 5064 5069 0 
1 1 0 
1 1 0 
1 1 0 
1 1 0 
1 1 0 
1 1 0 
2 3 5075 5076 0 
2 3 5074 5077 0 
1 1 0 
2 3 5078 5079 0 
1 1 0 
1 1 0 
1 1 0 
2 3 5082 5083 0 
2 3 5081 5084 0 
2 3 5080 5085 0 
2 3 5073 5086 0 
2 3 5072 5087 0 
2 3 5071 5088 0 
2 3 5070 5089 0 
1 1 0 
2 3 5090 5091 0 
2 3 5063 5092 0 
3 2 0 5093 
3 2 0 5063 
3 2 0 5092 
3 2 0 5090 
3 2 0 5070 
3 2 0 5064 
3 2 0 5069 
3 2 0 5065 
3 2 0 5068 
3 2 0 5066 
3 2 0 5067 
3 2 0 5089 
3 2 0 5071 
3 2 0 5088 
3 2 0 5072 
3 2 0 5087 
3 2 0 5073 
3 2 0 5086 
3 2 0 5080 
3 2 0 5078 
3 2 0 5074 
3 2 0 5077 
3 2 0 5075 
3 2 0 5076 
3 2 0 5079 
3 2 0 5085 
3 2 0 5081 
3 2 0 5084 
3 2 0 5082 
3 2 0 5083 
3 2 0 5091 
1 1 0 
1 1 0 
1 1 0 
2 3 5126 5127 0 
2 3 5125 5128 0 
1 1 0 
1 1 0 
1 1 0 
2 3 5131 5132 0 
2 3 5130 5133 0 
2 3 5129 5134 0 
1 1 0 
1 1 0 
1 1 0 
1 1 0 
1 1 0 
1 1 0 
1 1 0 
1 1 0 
2 3 5142 5143 0 
2 3 5141 5144 0 
2 3 5140 5145 0 
2 3 5139 5146 0 
2 3 5138 5147 0 
1 1 0 
2 3 5148 5149 0 
2 3 5137 5150 0 
2 3 5136 5151 0 
1 1 0 
2 3 5152 5153 0 
2 3 5135 5154 0 
3 2 0 5155 
3 2 0 5135 
3 2 0 5129 
3 2 0 5125 
3 2 0 5128 
3 2 0 5126 
3 2 0 5127 
3 2 0 5134 
3 2 0 5130 
3 2 0 5133 
3 2 0 5131 
3 2 0 5132 
3 2 0 5154 
3 2 0 5152 
3 2 0 5136 
3 2 0 5151 
3 2 0 5137 
3 2 0 5150 
3 2 0 5148 
3 2 0 5138 
3 2 0 5147 
3 2 0 5139 
3 2 0 5146 
3 2 0 5140 
3 2 0 5145 
3 2 0 5141 
3 2 0 5144 
3 2 0 5142 
3 2 0 5143 
3 2 0 5149 
3 2 0 5153 
1 1 0 
1 1 0 
1 1 0 
1 1 0 
2 3 5189 5190 0 
2 3 5188 5191 0 
1 1 0 
1 1 0 
1 1 0 
1 1 0 
1 1 0 
1 1 0 
2 3 5197 5198 0 
2 3 5196 5199 0 
1 1 0 
1 1 0 
1 1 0 
1 1 0 
2 3 5203 5204 0 
2 3 5202 5205 0 
2 3 5201 5206 0 
2 3 5200 5207 0 
2 3 5195 5208 0 
2 3 5194 5209 0 
2 3 5193 5210 0 
2 3 5192 5211 0 
1 1 0 
2 3 5212 5213 0 
2 3 5187 5214 0 
3 2 0 5215 
3 2 0 5187 
3 2 0 5214 
3 2 0 5212 
3 2 0 5192 
3 2 0 5188 
3 2 0 5191 
3 2 0 5189 
3 2 0 5190 
3 2 0 5211 
3 2 0 5193 
3 2 0 5210 
3 2 0 5194 
3 2 0 5209 
3 2 0 5195 
3 2 0 5208 
3 2 0 5200 
3 2 0 5196 
3 2 0 5199 
3 2 0 5197 
3 2 0 5198 
3 2 0 5207 
3 2 0 5201 
3 2 0 5206 
3 2 0 5202 
3 2 0 5205 
3 2 0 5203 
3 2 0 5204 
3 2 0 5213 
56 2622 26 27 28 29 30 31 32 33 34 35 36 37 38 39 40 41 42 43 44 45 46 47 48 49 50 90 91 92 93 94 95 96 97 98 99 100 101 102 103 104 105 106 107 108 109 110 111 112 113 114 115 116 117 118 119 120 121 122 123 124 125 126 127 128 146 147 148 149 150 151 152 153 154 155 156 157 158 159 160 161 162 200 201 202 203 204 205 206 207 208 209 210 211 212 213 214 215 216 217 218 219 220 221 222 223 224 225 226 227 228 229 230 231 232 233 234 235 236 280 281 282 283 284 285 286 287 288 289 290 291 292 293 294 295 296 297 298 299 300 301 302 303 304 305 306 307 308 309 310 311 312 313 314 315 316 317 318 319 320 321 322 350 351 352 353 354 355 356 357 358 359 360 361 362 363 364 365 366 367 368 369 370 371 372 373 374 375 376 394 395 396 397 398 399 400 401 402 403 404 405 406 407 408 409 410 462 463 464 465 466 467 468 469 470 471 472 473 474 475 476 477 478 479 480 481 482 483 484 485 486 487 488 489 490 491 492 493 494 495 496 497 498 499 500 501 502 503 504 505 506 507 508 509 510 511 512 562 563 564 565 566 567 568 569 570 571 572 573 574 575 576 577 578 579 580 581 582 583 584 585 586 587 588 589 590 591 592 593 594 595 596 597 598 599 600 601 602 603 604 605 606 607 608 609 610 672 673 674 675 676 677 678 679 680 681 682 683 684 685 686 687 688 689 690 691 692 693 694 695 696 697 698 699 700 701 702 703 704 705 706 707 708 709 710 711 712 713 714 715 716 717 718 719 720 721 722 723 724 725 726 727 728 729 730 731 732 782 783 784 785 786 787 788 789 790 791 792 793 794 795 796 797 798 799 800 801 802 803 804 805 806 807 808 809 810 811 812 813 814 815 816 817 818 819 820 821 822 823 824 825 826 827 828 829 830 886 887 888 889 890 891 892 893 894 895 896 897 898 899 900 901 902 903 904 905 906 907 908 909 910 911 912 913 914 915 916 917 918 919 920 921 922 923 924 925 926 927 928 929 930 931 932 933 934 935 936 937 938 939 940 992 993 994 995 996 997 998 999 1000 1001 1002 1003 1004 1005 1006 1007 1008 1009 1010 1011 1012 1013 1014 1015 1016 1017 1018 1019 1020 1021 1022 1023 1024 1025 1026 1027 1028 1029 1030 1031 1032 1033 1034 1035 1036 1037 1038 1039 1040 1041 1042 1074 1075 1076 1077 1078 1079 1080 1081 1082 1083 1084 1085 1086 1087 1088 1089 1090 1091 1092 1093 1094 1095 1096 1097 1098 1099 1100 1101 1102 1103 1104 1130 1131 1132 1133 1134 1135 1136 1137 1138 1139 1140 1141 1142 1143 1144 1145 1146 1147 1148 1149 1150 1151 1152 1153 1154 1188 1189 1190 1191 1192 1193 1194 1195 1196 1197 1198 1199 1200 1201 1202 1203 1204 1205 1206 1207 1208 1209 1210 1211 1212 1213 1214 1215 1216 1217 1218 1219 1220 1282 1283 1284 1285 1286 1287 1288 1289 1290 1291 1292 1293 1294 1295 1296 1297 1298 1299 1300 1301 1302 1303 1304 1305 1306 1307 1308 1309 1310 1311 1312 1313 1314 1315 1316 1317 1318 1319 1320 1321 1322 1323 1324 1325 1326 1327 1328 1329 1330 1331 1332 1333 1334 1335 1336 1337 1338 1339 1340 1341 1342 1348 1349 1350 1351 1352 1368 1369 1370 1371 1372 1373 1374 1375 1376 1377 1378 1379 1380 1381 1382 1436 1437 1438 1439 1440 1441 1442 1443 1444 1445 1446 1447 1448 1449 1450 1451 1452 1453 1454 1455 1456 1457 1458 1459 1460 1461 1462 1463 1464 1465 1466 1467 1468 1469 1470 1471 1472 1473 1474 1475 1476 1477 1478 1479 1480 1481 1482 1483 1484 1485 1486 1487 1488 1558 1559 1560 1561 1562 1563 1564 1565 1566 1567 1568 1569 1570 1571 1572 1573 1574 1575 1576 1577 1578 1579 1580 1581 1582 1583 1584 1585 1586 1587 1588 1589 1590 1591 1592 1593 1594 1595 1596 1597 1598 1599 1600 1601 1602 1603 1604 1605 1606 1607 1608 1609 1610 1611 1612 1613 1614 1615 1616 1617 1618 1619 1620 1621 1622 1623 1624 1625 1626 1660 1661 1662 1663 1664 1665 1666 1667 1668 1669 1670 1671 1672 1673 1674 1675 1676 1677 1678 1679 1680 1681 1682 1683 1684 1685 1686 1687 1688 1689 1690 1691 1692 1710 1711 1712 1713 1714 1715 1716 1717 1718 1719 1720 1721 1722 1723 1724 1725 1726 1774 1775 1776 1777 1778 1779 1780 1781 1782 1783 1784 1785 1786 1787 1788 1789 1790 1791 1792 1793 1794 1795 1796 1797 1798 1799 1800 1801 1802 1803 1804 1805 1806 1807 1808 1809 1810 1811 1812 1813 1814 1815 1816 1817 1818 1819 1820 1864 1865 1866 1867 1868 1869 1870 1871 1872 1873 1874 1875 1876 1877 1878 1879 1880 1881 1882 1883 1884 1885 1886 1887 1888 1889 1890 1891 1892 1893 1894 1895 1896 1897 1898 1899 1900 1901 1902 1903 1904 1905 1906 1992 1993 1994 1995 1996 1997 1998 1999 2000 2001 2002 2003 2004 2005 2006 2007 2008 2009 2010 2011 2012 2013 2014 2015 2016 2017 2018 2019 2020 2021 2022 2023 2024 2025 2026 2027 2028 2029 2030 2031 2032 2033 2034 2035 2036 2037 2038 2039 2040 2041 2042 2043 2044 2045 2046 2047 2048 2049 2050 2051 2052 2053 2054 2055 2056 2057 2058 2059 2060 2061 2062 2063 2064 2065 2066 2067 2068 2069 2070 2071 2072 2073 2074 2075 2076 2108 2109 2110 2111 2112 2113 2114 2115 2116 2117 2118 2119 2120 2121 2122 2123 2124 2125 2126 2127 2128 2129 2130 2131 2132 2133 2134 2135 2136 2137 2138 2188 2189 2190 2191 2192 2193 2194 2195 2196 2197 2198 2199 2200 2201 2202 2203 2204 2205 2206 2207 2208 2209 2210 2211 2212 2213 2214 2215 2216 2217 2218 2219 2220 2221 2222 2223 2224 2225 2226 2227 2228 2229 2230 2231 2232 2233 2234 2235 2236 2322 2323 2324 2325 2326 2327 2328 2329 2330 2331 2332 2333 2334 2335 2336 2337 2338 2339 2340 2341 2342 2343 2344 2345 2346 2347 2348 2349 2350 2351 2352 2353 2354 2355 2356 2357 2358 2359 2360 2361 2362 2363 2364 2365 2366 2367 2368 2369 2370 2371 2372 2373 2374 2375 2376 2377 2378 2379 2380 2381 2382 2383 2384 2385 2386 2387 2388 2389 2390 2391 2392 2393 2394 2395 2396 2397 2398 2399 2400 2401 2402 2403 2404 2405 2406 2418 2419 2420 2421 2422 2423 2424 2425 2426 2427 2428 2484 2485 2486 2487 2488 2489 2490 2491 2492 2493 2494 2495 2496 2497 2498 2499 2500 2501 2502 2503 2504 2505 2506 2507 2508 2509 2510 2511 2512 2513 2514 2515 2516 2517 2518 2519 2520 2521 2522 2523 2524 2525 2526 2527 2528 2529 2530 2531 2532 2533 2534 2535 2536 2537 2538 2550 2551 2552 2553 2554 2555 2556 2557 2558 2559 2560 2618 2619 2620 2621 2622 2623 2624 2625 2626 2627 2628 2629 2630 2631 2632 2633 2634 2635 2636 2637 2638 2639 2640 2641 2642 2643 2644 2645 2646 2647 2648 2649 2650 2651 2652 2653 2654 2655 2656 2657 2658 2659 2660 2661 2662 2663 2664 2665 2666 2667 2668 2669 2670 2671 2672 2673 2674 2740 2741 2742 2743 2744 2745 2746 2747 2748 2749 2750 2751 2752 2753 2754 2755 2756 2757 2758 2759 2760 2761 2762 2763 2764 2765 2766 2767 2768 2769 2770 2771 2772 2773 2774 2775 2776 2777 2778 2779 2780 2781 2782 2783 2784 2785 2786 2787 2788 2789 2790 2791 2792 2793 2794 2795 2796 2797 2798 2799 2800 2801 2802 2803 2804 2854 2855 2856 2857 2858 2859 2860 2861 2862 2863 2864 2865 2866 2867 2868 2869 2870 2871 2872 2873 2874 2875 2876 2877 2878 2879 2880 2881 2882 2883 2884 2885 2886 2887 2888 2889 2890 2891 2892 2893 2894 2895 2896 2897 2898 2899 2900 2901 2902 2948 2949 2950 2951 2952 2953 2954 2955 2956 2957 2958 2959 2960 2961 2962 2963 2964 2965 2966 2967 2968 2969 2970 2971 2972 2973 2974 2975 2976 2977 2978 2979 2980 2981 2982 2983 2984 2985 2986 2987 2988 2989 2990 2991 2992 3046 3047 3048 3049 3050 3051 3052 3053 3054 3055 3056 3057 3058 3059 3060 3061 3062 3063 3064 3065 3066 3067 3068 3069 3070 3071 3072 3073 3074 3075 3076 3077 3078 3079 3080 3081 3082 3083 3084 3085 3086 3087 3088 3089 3090 3091 3092 3093 3094 3095 3096 3097 3098 3142 3143 3144 3145 3146 3147 3148 3149 3150 3151 3152 3153 3154 3155 3156 3157 3158 3159 3160 3161 3162 3163 3164 3165 3166 3167 3168 3169 3170 3171 3172 3173 3174 3175 3176 3177 3178 3179 3180 3181 3182 3183 3184 3194 3195 3196 3197 3198 3199 3200 3201 3202 3252 3253 3254 3255 3256 3257 3258 3259 3260 3261 3262 3263 3264 3265 3266 3267 3268 3269 3270 3271 3272 3273 3274 3275 3276 3277 3278 3279 3280 3281 3282 3283 3284 3285 3286 3287 3288 3289 3290 3291 3292 3293 3294 3295 3296 3297 3298 3299 3300 3340 3341 3342 3343 3344 3345 3346 3347 3348 3349 3350 3351 3352 3353 3354 3355 3356 3357 3358 3359 3360 3361 3362 3363 3364 3365 3366 3367 3368 3369 3370 3371 3372 3373 3374 3375 3376 3377 3378 3432 3433 3434 3435 3436 3437 3438 3439 3440 3441 3442 3443 3444 3445 3446 3447 3448 3449 3450 3451 3452 3453 3454 3455 3456 3457 3458 3459 3460 3461 3462 3463 3464 3465 3466 3467 3468 3469 3470 3471 3472 3473 3474 3475 3476 3477 3478 3479 3480 3481 3482 3483 3484 3512 3513 3514 3515 3516 3517 3518 3519 3520 3521 3522 3523 3524 3525 3526 3527 3528 3529 3530 3531 3532 3533 3534 3535 3536 3537 3538 3568 3569 3570 3571 3572 3573 3574 3575 3576 3577 3578 3579 3580 3581 3582 3583 3584 3585 3586 3587 3588 3589 3590 3591 3592 3593 3594 3595 3596 3656 3657 3658 3659 3660 3661 3662 3663 3664 3665 3666 3667 3668 3669 3670 3671 3672 3673 3674 3675 3676 3677 3678 3679 3680 3681 3682 3683 3684 3685 3686 3687 3688 3689 3690 3691 3692 3693 3694 3695 3696 3697 3698 3699 3700 3701 3702 3703 3704 3705 3706 3707 3708 3709 3710 3711 3712 3713 3714 3734 3735 3736 3737 3738 3739 3740 3741 3742 3743 3744 3745 3746 3747 3748 3749 3750 3751 3752 3780 3781 3782 3783 3784 3785 3786 3787 3788 3789 3790 3791 3792 3793 3794 3795 3796 3797 3798 3799 3800 3801 3802 3803 3804 3805 3806 3874 3875 3876 3877 3878 3879 3880 3881 3882 3883 3884 3885 3886 3887 3888 3889 3890 3891 3892 3893 3894 3895 3896 3897 3898 3899 3900 3901 3902 3903 3904 3905 3906 3907 3908 3909 3910 3911 3912 3913 3914 3915 3916 3917 3918 3919 3920 3921 3922 3923 3924 3925 3926 3927 3928 3929 3930 3931 3932 3933 3934 3935 3936 3937 3938 3939 3940 3984 3985 3986 3987 3988 3989 3990 3991 3992 3993 3994 3995 3996 3997 3998 3999 4000 4001 4002 4003 4004 4005 4006 4007 4008 4009 4010 4011 4012 4013 4014 4015 4016 4017 4018 4019 4020 4021 4022 4023 4024 4025 4026 4048 4049 4050 4051 4052 4053 4054 4055 4056 4057 4058 4059 4060 4061 4062 4063 4064 4065 4066 4067 4068 4108 4109 4110 4111 4112 4113 4114 4115 4116 4117 4118 4119 4120 4121 4122 4123 4124 4125 4126 4127 4128 4129 4130 4131 4132 4133 4134 4135 4136 4137 4138 4139 4140 4141 4142 4143 4144 4145 4146 4174 4175 4176 4177 4178 4179 4180 4181 4182 4183 4184 4185 4186 4187 4188 4189 4190 4191 4192 4193 4194 4195 4196 4197 4198 4199 4200 4290 4291 4292 4293 4294 4295 4296 4297 4298 4299 4300 4301 4302 4303 4304 4305 4306 4307 4308 4309 4310 4311 4312 4313 4314 4315 4316 4317 4318 4319 4320 4321 4322 4323 4324 4325 4326 4327 4328 4329 4330 4331 4332 4333 4334 4335 4336 4337 4338 4339 4340 4341 4342 4343 4344 4345 4346 4347 4348 4349 4350 4351 4352 4353 4354 4355 4356 4357 4358 4359 4360 4361 4362 4363 4364 4365 4366 4367 4368 4369 4370 4371 4372 4373 4374 4375 4376 4377 4378 4458 4459 4460 4461 4462 4463 4464 4465 4466 4467 4468 4469 4470 4471 4472 4473 4474 4475 4476 4477 4478 4479 4480 4481 4482 4483 4484 4485 4486 4487 4488 4489 4490 4491 4492 4493 4494 4495 4496 4497 4498 4499 4500 4501 4502 4503 4504 4505 4506 4507 4508 4509 4510 4511 4512 4513 4514 4515 4516 4517 4518 4519 4520 4521 4522 4523 4524 4525 4526 4527 4528 4529 4530 4531 4532 4533 4534 4535 4536 4558 4559 4560 4561 4562 4563 4564 4565 4566 4567 4568 4569 4570 4571 4572 4573 4574 4575 4576 4577 4578 4622 4623 4624 4625 4626 4627 4628 4629 4630 4631 4632 4633 4634 4635 4636 4637 4638 4639 4640 4641 4642 4643 4644 4645 4646 4647 4648 4649 4650 4651 4652 4653 4654 4655 4656 4657 4658 4659 4660 4661 4662 4663 4664 4726 4727 4728 4729 4730 4731 4732 4733 4734 4735 4736 4737 4738 4739 4740 4741 4742 4743 4744 4745 4746 4747 4748 4749 4750 4751 4752 4753 4754 4755 4756 4757 4758 4759 4760 4761 4762 4763 4764 4765 4766 4767 4768 4769 4770 4771 4772 4773 4774 4775 4776 4777 4778 4779 4780 4781 4782 4783 4784 4785 4786 4854 4855 4856 4857 4858 4859 4860 4861 4862 4863 4864 4865 4866 4867 4868 4869 4870 4871 4872 4873 4874 4875 4876 4877 4878 4879 4880 4881 4882 4883 4884 4885 4886 4887 4888 4889 4890 4891 4892 4893 4894 4895 4896 4897 4898 4899 4900 4901 4902 4903 4904 4905 4906 4907 4908 4909 4910 4911 4912 4913 4914 4915 4916 4917 4918 4919 4920 4936 4937 4938 4939 4940 4941 4942 4943 4944 4945 4946 4947 4948 4949 4950 4978 4979 4980 4981 4982 4983 4984 4985 4986 4987 4988 4989 4990 4991 4992 4993 4994 4995 4996 4997 4998 4999 5000 5001 5002 5003 5004 5034 5035 5036 5037 5038 5039 5040 5041 5042 5043 5044 5045 5046 5047 5048 5049 5050 5051 5052 5053 5054 5055 5056 5057 5058 5059 5060 5061 5062 5094 5095 5096 5097 5098 5099 5100 5101 5102 5103 5104 5105 5106 5107 5108 5109 5110 5111 5112 5113 5114 5115 5116 5117 5118 5119 5120 5121 5122 5123 5124 5156 5157 5158 5159 5160 5161 5162 5163 5164 5165 5166 5167 5168 5169 5170 5171 5172 5173 5174 5175 5176 5177 5178 5179 5180 5181 5182 5183 5184 5185 5186 5216 5217 5218 5219 5220 5221 5222 5223 5224 5225 5226 5227 5228 5229 5230 5231 5232 5233 5234 5235 5236 5237 5238 5239 5240 5241 5242 5243 5244 
