4706
0 0 
1 1 0 
1 1 0 
1 1 0 
2 3 2 3 0 
2 3 1 4 0 
1 1 0 
1 1 0 
1 1 0 
1 1 0 
2 3 8 9 0 
2 3 7 10 0 
1 1 0 
2 3 11 12 0 
1 1 0 
1 1 0 
2 3 14 15 0 
2 3 13 16 0 
2 3 6 17 0 
1 1 0 
2 3 18 19 0 
2 3 5 20 0 
3 2 0 21 
3 2 0 5 
3 2 0 1 
3 2 0 4 
3 2 0 2 
3 2 0 3 
3 2 0 20 
3 2 0 18 
3 2 0 6 
3 2 0 17 
3 2 0 13 
3 2 0 11 
3 2 0 7 
3 2 0 10 
3 2 0 8 
3 2 0 9 
3 2 0 12 
3 2 0 16 
3 2 0 14 
3 2 0 15 
3 2 0 19 
1 1 0 
1 1 0 
2 3 43 44 0 
1 1 0 
1 1 0 
1 1 0 
1 1 0 
2 3 48 49 0 
1 1 0 
2 3 50 51 0 
2 3 47 52 0 
1 1 0 
2 3 53 54 0 
1 1 0 
1 1 0 
1 1 0 
1 1 0 
2 3 58 59 0 
2 3 57 60 0 
2 3 56 61 0 
2 3 55 62 0 
1 1 0 
2 3 63 64 0 
1 1 0 
1 1 0 
1 1 0 
2 3 67 68 0 
2 3 66 69 0 
2 3 65 70 0 
1 1 0 
1 1 0 
1 1 0 
2 3 73 74 0 
2 3 72 75 0 
1 1 0 
2 3 76 77 0 
1 1 0 
1 1 0 
1 1 0 
2 3 80 81 0 
2 3 79 82 0 
2 3 78 83 0 
2 3 71 84 0 
2 3 46 85 0 
1 1 0 
2 3 86 87 0 
2 3 45 88 0 
3 2 0 89 
3 2 0 45 
3 2 0 43 
3 2 0 44 
3 2 0 88 
3 2 0 86 
3 2 0 46 
3 2 0 85 
3 2 0 71 
3 2 0 65 
3 2 0 63 
3 2 0 55 
3 2 0 53 
3 2 0 47 
3 2 0 52 
3 2 0 50 
3 2 0 48 
3 2 0 49 
3 2 0 51 
3 2 0 54 
3 2 0 62 
3 2 0 56 
3 2 0 61 
3 2 0 57 
3 2 0 60 
3 2 0 58 
3 2 0 59 
3 2 0 64 
3 2 0 70 
3 2 0 66 
3 2 0 69 
3 2 0 67 
3 2 0 68 
3 2 0 84 
3 2 0 78 
3 2 0 76 
3 2 0 72 
3 2 0 75 
3 2 0 73 
3 2 0 74 
3 2 0 77 
3 2 0 83 
3 2 0 79 
3 2 0 82 
3 2 0 80 
3 2 0 81 
3 2 0 87 
1 1 0 
1 1 0 
1 1 0 
1 1 0 
2 3 139 140 0 
2 3 138 141 0 
1 1 0 
2 3 142 143 0 
1 1 0 
2 3 144 145 0 
2 3 137 146 0 
1 1 0 
1 1 0 
1 1 0 
1 1 0 
2 3 150 151 0 
1 1 0 
1 1 0 
1 1 0 
2 3 154 155 0 
2 3 153 156 0 
1 1 0 
1 1 0 
1 1 0 
2 3 159 160 0 
1 1 0 
1 1 0 
2 3 162 163 0 
2 3 161 164 0 
2 3 158 165 0 
2 3 157 166 0 
2 3 152 167 0 
2 3 149 168 0 
2 3 148 169 0 
2 3 147 170 0 
1 1 0 
2 3 171 172 0 
3 2 0 173 
3 2 0 171 
3 2 0 147 
3 2 0 137 
3 2 0 146 
3 2 0 144 
3 2 0 142 
3 2 0 138 
3 2 0 141 
3 2 0 139 
3 2 0 140 
3 2 0 143 
3 2 0 145 
3 2 0 170 
3 2 0 148 
3 2 0 169 
3 2 0 149 
3 2 0 168 
3 2 0 152 
3 2 0 150 
3 2 0 151 
3 2 0 167 
3 2 0 157 
3 2 0 153 
3 2 0 156 
3 2 0 154 
3 2 0 155 
3 2 0 166 
3 2 0 158 
3 2 0 165 
3 2 0 161 
3 2 0 159 
3 2 0 160 
3 2 0 164 
3 2 0 162 
3 2 0 163 
3 2 0 172 
1 1 0 
1 1 0 
1 1 0 
1 1 0 
1 1 0 
1 1 0 
1 1 0 
1 1 0 
2 3 217 218 0 
2 3 216 219 0 
2 3 215 220 0 
2 3 214 221 0 
2 3 213 222 0 
2 3 212 223 0 
2 3 211 224 0 
1 1 0 
1 1 0 
1 1 0 
2 3 227 228 0 
1 1 0 
1 1 0 
1 1 0 
1 1 0 
2 3 232 233 0 
2 3 231 234 0 
1 1 0 
1 1 0 
1 1 0 
1 1 0 
2 3 238 239 0 
1 1 0 
2 3 240 241 0 
2 3 237 242 0 
1 1 0 
1 1 0 
2 3 244 245 0 
2 3 243 246 0 
2 3 236 247 0 
2 3 235 248 0 
2 3 230 249 0 
1 1 0 
2 3 250 251 0 
2 3 229 252 0 
2 3 226 253 0 
2 3 225 254 0 
3 2 0 255 
3 2 0 225 
3 2 0 211 
3 2 0 224 
3 2 0 212 
3 2 0 223 
3 2 0 213 
3 2 0 222 
3 2 0 214 
3 2 0 221 
3 2 0 215 
3 2 0 220 
3 2 0 216 
3 2 0 219 
3 2 0 217 
3 2 0 218 
3 2 0 254 
3 2 0 226 
3 2 0 253 
3 2 0 229 
3 2 0 227 
3 2 0 228 
3 2 0 252 
3 2 0 250 
3 2 0 230 
3 2 0 249 
3 2 0 235 
3 2 0 231 
3 2 0 234 
3 2 0 232 
3 2 0 233 
3 2 0 248 
3 2 0 236 
3 2 0 247 
3 2 0 243 
3 2 0 237 
3 2 0 242 
3 2 0 240 
3 2 0 238 
3 2 0 239 
3 2 0 241 
3 2 0 246 
3 2 0 244 
3 2 0 245 
3 2 0 251 
1 1 0 
1 1 0 
1 1 0 
2 3 302 303 0 
1 1 0 
1 1 0 
1 1 0 
1 1 0 
1 1 0 
2 3 308 309 0 
2 3 307 310 0 
2 3 306 311 0 
2 3 305 312 0 
2 3 304 313 0 
1 1 0 
2 3 314 315 0 
2 3 301 316 0 
3 2 0 317 
3 2 0 301 
3 2 0 316 
3 2 0 314 
3 2 0 304 
3 2 0 302 
3 2 0 303 
3 2 0 313 
3 2 0 305 
3 2 0 312 
3 2 0 306 
3 2 0 311 
3 2 0 307 
3 2 0 310 
3 2 0 308 
3 2 0 309 
3 2 0 315 
1 1 0 
1 1 0 
1 1 0 
1 1 0 
1 1 0 
1 1 0 
1 1 0 
1 1 0 
1 1 0 
1 1 0 
1 1 0 
1 1 0 
1 1 0 
2 3 346 347 0 
2 3 345 348 0 
2 3 344 349 0 
2 3 343 350 0 
2 3 342 351 0 
1 1 0 
1 1 0 
1 1 0 
2 3 354 355 0 
2 3 353 356 0 
2 3 352 357 0 
2 3 341 358 0 
2 3 340 359 0 
2 3 339 360 0 
2 3 338 361 0 
2 3 337 362 0 
2 3 336 363 0 
1 1 0 
2 3 364 365 0 
2 3 335 366 0 
3 2 0 367 
3 2 0 335 
3 2 0 366 
3 2 0 364 
3 2 0 336 
3 2 0 363 
3 2 0 337 
3 2 0 362 
3 2 0 338 
3 2 0 361 
3 2 0 339 
3 2 0 360 
3 2 0 340 
3 2 0 359 
3 2 0 341 
3 2 0 358 
3 2 0 352 
3 2 0 342 
3 2 0 351 
3 2 0 343 
3 2 0 350 
3 2 0 344 
3 2 0 349 
3 2 0 345 
3 2 0 348 
3 2 0 346 
3 2 0 347 
3 2 0 357 
3 2 0 353 
3 2 0 356 
3 2 0 354 
3 2 0 355 
3 2 0 365 
1 1 0 
1 1 0 
1 1 0 
2 3 402 403 0 
1 1 0 
1 1 0 
1 1 0 
1 1 0 
1 1 0 
1 1 0 
2 3 409 410 0 
1 1 0 
2 3 411 412 0 
2 3 408 413 0 
2 3 407 414 0 
2 3 406 415 0 
2 3 405 416 0 
2 3 404 417 0 
1 1 0 
1 1 0 
1 1 0 
2 3 420 421 0 
1 1 0 
1 1 0 
1 1 0 
1 1 0 
2 3 425 426 0 
2 3 424 427 0 
2 3 423 428 0 
1 1 0 
2 3 429 430 0 
2 3 422 431 0 
2 3 419 432 0 
1 1 0 
2 3 433 434 0 
2 3 418 435 0 
2 3 401 436 0 
3 2 0 437 
3 2 0 401 
3 2 0 436 
3 2 0 418 
3 2 0 404 
3 2 0 402 
3 2 0 403 
3 2 0 417 
3 2 0 405 
3 2 0 416 
3 2 0 406 
3 2 0 415 
3 2 0 407 
3 2 0 414 
3 2 0 408 
3 2 0 413 
3 2 0 411 
3 2 0 409 
3 2 0 410 
3 2 0 412 
3 2 0 435 
3 2 0 433 
3 2 0 419 
3 2 0 432 
3 2 0 422 
3 2 0 420 
3 2 0 421 
3 2 0 431 
3 2 0 429 
3 2 0 423 
3 2 0 428 
3 2 0 424 
3 2 0 427 
3 2 0 425 
3 2 0 426 
3 2 0 430 
3 2 0 434 
1 1 0 
1 1 0 
1 1 0 
1 1 0 
1 1 0 
1 1 0 
1 1 0 
1 1 0 
1 1 0 
1 1 0 
2 3 483 484 0 
2 3 482 485 0 
1 1 0 
1 1 0 
1 1 0 
1 1 0 
2 3 489 490 0 
2 3 488 491 0 
1 1 0 
1 1 0 
1 1 0 
1 1 0 
2 3 495 496 0 
2 3 494 497 0 
1 1 0 
1 1 0 
2 3 499 500 0 
2 3 498 501 0 
2 3 493 502 0 
2 3 492 503 0 
2 3 487 504 0 
2 3 486 505 0 
2 3 481 506 0 
2 3 480 507 0 
2 3 479 508 0 
2 3 478 509 0 
2 3 477 510 0 
2 3 476 511 0 
2 3 475 512 0 
1 1 0 
1 1 0 
1 1 0 
1 1 0 
1 1 0 
2 3 517 518 0 
2 3 516 519 0 
1 1 0 
2 3 520 521 0 
2 3 515 522 0 
1 1 0 
1 1 0 
1 1 0 
1 1 0 
2 3 526 527 0 
2 3 525 528 0 
2 3 524 529 0 
2 3 523 530 0 
2 3 514 531 0 
1 1 0 
2 3 532 533 0 
2 3 513 534 0 
3 2 0 535 
3 2 0 513 
3 2 0 475 
3 2 0 512 
3 2 0 476 
3 2 0 511 
3 2 0 477 
3 2 0 510 
3 2 0 478 
3 2 0 509 
3 2 0 479 
3 2 0 508 
3 2 0 480 
3 2 0 507 
3 2 0 481 
3 2 0 506 
3 2 0 486 
3 2 0 482 
3 2 0 485 
3 2 0 483 
3 2 0 484 
3 2 0 505 
3 2 0 487 
3 2 0 504 
3 2 0 492 
3 2 0 488 
3 2 0 491 
3 2 0 489 
3 2 0 490 
3 2 0 503 
3 2 0 493 
3 2 0 502 
3 2 0 498 
3 2 0 494 
3 2 0 497 
3 2 0 495 
3 2 0 496 
3 2 0 501 
3 2 0 499 
3 2 0 500 
3 2 0 534 
3 2 0 532 
3 2 0 514 
3 2 0 531 
3 2 0 523 
3 2 0 515 
3 2 0 522 
3 2 0 520 
3 2 0 516 
3 2 0 519 
3 2 0 517 
3 2 0 518 
3 2 0 521 
3 2 0 530 
3 2 0 524 
3 2 0 529 
3 2 0 525 
3 2 0 528 
3 2 0 526 
3 2 0 527 
3 2 0 533 
1 1 0 
1 1 0 
1 1 0 
2 3 598 599 0 
1 1 0 
1 1 0 
1 1 0 
1 1 0 
1 1 0 
1 1 0 
2 3 605 606 0 
1 1 0 
2 3 607 608 0 
1 1 0 
1 1 0 
2 3 610 611 0 
1 1 0 
1 1 0 
2 3 613 614 0 
1 1 0 
1 1 0 
2 3 616 617 0 
2 3 615 618 0 
1 1 0 
2 3 619 620 0 
2 3 612 621 0 
2 3 609 622 0 
2 3 604 623 0 
2 3 603 624 0 
2 3 602 625 0 
2 3 601 626 0 
2 3 600 627 0 
2 3 597 628 0 
1 1 0 
1 1 0 
1 1 0 
1 1 0 
2 3 632 633 0 
2 3 631 634 0 
1 1 0 
2 3 635 636 0 
1 1 0 
1 1 0 
1 1 0 
1 1 0 
1 1 0 
2 3 641 642 0 
2 3 640 643 0 
2 3 639 644 0 
2 3 638 645 0 
1 1 0 
2 3 646 647 0 
2 3 637 648 0 
2 3 630 649 0 
2 3 629 650 0 
3 2 0 651 
3 2 0 629 
3 2 0 597 
3 2 0 628 
3 2 0 600 
3 2 0 598 
3 2 0 599 
3 2 0 627 
3 2 0 601 
3 2 0 626 
3 2 0 602 
3 2 0 625 
3 2 0 603 
3 2 0 624 
3 2 0 604 
3 2 0 623 
3 2 0 609 
3 2 0 607 
3 2 0 605 
3 2 0 606 
3 2 0 608 
3 2 0 622 
3 2 0 612 
3 2 0 610 
3 2 0 611 
3 2 0 621 
3 2 0 619 
3 2 0 615 
3 2 0 613 
3 2 0 614 
3 2 0 618 
3 2 0 616 
3 2 0 617 
3 2 0 620 
3 2 0 650 
3 2 0 630 
3 2 0 649 
3 2 0 637 
3 2 0 635 
3 2 0 631 
3 2 0 634 
3 2 0 632 
3 2 0 633 
3 2 0 636 
3 2 0 648 
3 2 0 646 
3 2 0 638 
3 2 0 645 
3 2 0 639 
3 2 0 644 
3 2 0 640 
3 2 0 643 
3 2 0 641 
3 2 0 642 
3 2 0 647 
1 1 0 
1 1 0 
1 1 0 
2 3 708 709 0 
2 3 707 710 0 
1 1 0 
1 1 0 
1 1 0 
1 1 0 
2 3 714 715 0 
1 1 0 
1 1 0 
1 1 0 
1 1 0 
1 1 0 
2 3 720 721 0 
2 3 719 722 0 
1 1 0 
1 1 0 
1 1 0 
2 3 725 726 0 
1 1 0 
1 1 0 
2 3 728 729 0 
2 3 727 730 0 
1 1 0 
2 3 731 732 0 
1 1 0 
2 3 733 734 0 
1 1 0 
2 3 735 736 0 
2 3 724 737 0 
2 3 723 738 0 
2 3 718 739 0 
2 3 717 740 0 
2 3 716 741 0 
2 3 713 742 0 
2 3 712 743 0 
2 3 711 744 0 
1 1 0 
1 1 0 
2 3 746 747 0 
2 3 745 748 0 
3 2 0 749 
3 2 0 745 
3 2 0 711 
3 2 0 707 
3 2 0 710 
3 2 0 708 
3 2 0 709 
3 2 0 744 
3 2 0 712 
3 2 0 743 
3 2 0 713 
3 2 0 742 
3 2 0 716 
3 2 0 714 
3 2 0 715 
3 2 0 741 
3 2 0 717 
3 2 0 740 
3 2 0 718 
3 2 0 739 
3 2 0 723 
3 2 0 719 
3 2 0 722 
3 2 0 720 
3 2 0 721 
3 2 0 738 
3 2 0 724 
3 2 0 737 
3 2 0 735 
3 2 0 733 
3 2 0 731 
3 2 0 727 
3 2 0 725 
3 2 0 726 
3 2 0 730 
3 2 0 728 
3 2 0 729 
3 2 0 732 
3 2 0 734 
3 2 0 736 
3 2 0 748 
3 2 0 746 
3 2 0 747 
1 1 0 
1 1 0 
1 1 0 
1 1 0 
1 1 0 
2 3 796 797 0 
2 3 795 798 0 
1 1 0 
1 1 0 
1 1 0 
2 3 801 802 0 
1 1 0 
1 1 0 
1 1 0 
1 1 0 
1 1 0 
1 1 0 
1 1 0 
2 3 809 810 0 
1 1 0 
2 3 811 812 0 
2 3 808 813 0 
2 3 807 814 0 
2 3 806 815 0 
2 3 805 816 0 
2 3 804 817 0 
2 3 803 818 0 
1 1 0 
1 1 0 
1 1 0 
1 1 0 
2 3 822 823 0 
2 3 821 824 0 
2 3 820 825 0 
1 1 0 
1 1 0 
1 1 0 
2 3 828 829 0 
2 3 827 830 0 
1 1 0 
1 1 0 
1 1 0 
1 1 0 
2 3 834 835 0 
2 3 833 836 0 
2 3 832 837 0 
2 3 831 838 0 
2 3 826 839 0 
1 1 0 
2 3 840 841 0 
2 3 819 842 0 
2 3 800 843 0 
2 3 799 844 0 
2 3 794 845 0 
2 3 793 846 0 
1 1 0 
2 3 847 848 0 
1 1 0 
2 3 849 850 0 
1 1 0 
1 1 0 
1 1 0 
1 1 0 
1 1 0 
2 3 855 856 0 
2 3 854 857 0 
2 3 853 858 0 
2 3 852 859 0 
2 3 851 860 0 
3 2 0 861 
3 2 0 851 
3 2 0 849 
3 2 0 847 
3 2 0 793 
3 2 0 846 
3 2 0 794 
3 2 0 845 
3 2 0 799 
3 2 0 795 
3 2 0 798 
3 2 0 796 
3 2 0 797 
3 2 0 844 
3 2 0 800 
3 2 0 843 
3 2 0 819 
3 2 0 803 
3 2 0 801 
3 2 0 802 
3 2 0 818 
3 2 0 804 
3 2 0 817 
3 2 0 805 
3 2 0 816 
3 2 0 806 
3 2 0 815 
3 2 0 807 
3 2 0 814 
3 2 0 808 
3 2 0 813 
3 2 0 811 
3 2 0 809 
3 2 0 810 
3 2 0 812 
3 2 0 842 
3 2 0 840 
3 2 0 826 
3 2 0 820 
3 2 0 825 
3 2 0 821 
3 2 0 824 
3 2 0 822 
3 2 0 823 
3 2 0 839 
3 2 0 831 
3 2 0 827 
3 2 0 830 
3 2 0 828 
3 2 0 829 
3 2 0 838 
3 2 0 832 
3 2 0 837 
3 2 0 833 
3 2 0 836 
3 2 0 834 
3 2 0 835 
3 2 0 841 
3 2 0 848 
3 2 0 850 
3 2 0 860 
3 2 0 852 
3 2 0 859 
3 2 0 853 
3 2 0 858 
3 2 0 854 
3 2 0 857 
3 2 0 855 
3 2 0 856 
1 1 0 
1 1 0 
1 1 0 
1 1 0 
2 3 933 934 0 
1 1 0 
1 1 0 
1 1 0 
2 3 937 938 0 
1 1 0 
2 3 939 940 0 
1 1 0 
1 1 0 
1 1 0 
2 3 943 944 0 
2 3 942 945 0 
2 3 941 946 0 
2 3 936 947 0 
2 3 935 948 0 
2 3 932 949 0 
1 1 0 
1 1 0 
1 1 0 
1 1 0 
2 3 953 954 0 
1 1 0 
2 3 955 956 0 
2 3 952 957 0 
1 1 0 
1 1 0 
1 1 0 
1 1 0 
1 1 0 
2 3 962 963 0 
1 1 0 
2 3 964 965 0 
1 1 0 
1 1 0 
2 3 967 968 0 
1 1 0 
2 3 969 970 0 
1 1 0 
2 3 971 972 0 
1 1 0 
2 3 973 974 0 
1 1 0 
2 3 975 976 0 
2 3 966 977 0 
2 3 961 978 0 
2 3 960 979 0 
2 3 959 980 0 
2 3 958 981 0 
2 3 951 982 0 
2 3 950 983 0 
1 1 0 
2 3 984 985 0 
2 3 931 986 0 
3 2 0 987 
3 2 0 931 
3 2 0 986 
3 2 0 984 
3 2 0 950 
3 2 0 932 
3 2 0 949 
3 2 0 935 
3 2 0 933 
3 2 0 934 
3 2 0 948 
3 2 0 936 
3 2 0 947 
3 2 0 941 
3 2 0 939 
3 2 0 937 
3 2 0 938 
3 2 0 940 
3 2 0 946 
3 2 0 942 
3 2 0 945 
3 2 0 943 
3 2 0 944 
3 2 0 983 
3 2 0 951 
3 2 0 982 
3 2 0 958 
3 2 0 952 
3 2 0 957 
3 2 0 955 
3 2 0 953 
3 2 0 954 
3 2 0 956 
3 2 0 981 
3 2 0 959 
3 2 0 980 
3 2 0 960 
3 2 0 979 
3 2 0 961 
3 2 0 978 
3 2 0 966 
3 2 0 964 
3 2 0 962 
3 2 0 963 
3 2 0 965 
3 2 0 977 
3 2 0 975 
3 2 0 973 
3 2 0 971 
3 2 0 969 
3 2 0 967 
3 2 0 968 
3 2 0 970 
3 2 0 972 
3 2 0 974 
3 2 0 976 
3 2 0 985 
1 1 0 
1 1 0 
1 1 0 
2 3 1046 1047 0 
2 3 1045 1048 0 
1 1 0 
2 3 1049 1050 0 
1 1 0 
2 3 1051 1052 0 
1 1 0 
1 1 0 
1 1 0 
2 3 1055 1056 0 
2 3 1054 1057 0 
1 1 0 
2 3 1058 1059 0 
1 1 0 
1 1 0 
1 1 0 
2 3 1062 1063 0 
1 1 0 
2 3 1064 1065 0 
1 1 0 
2 3 1066 1067 0 
2 3 1061 1068 0 
2 3 1060 1069 0 
2 3 1053 1070 0 
1 1 0 
2 3 1071 1072 0 
3 2 0 1073 
3 2 0 1071 
3 2 0 1053 
3 2 0 1051 
3 2 0 1049 
3 2 0 1045 
3 2 0 1048 
3 2 0 1046 
3 2 0 1047 
3 2 0 1050 
3 2 0 1052 
3 2 0 1070 
3 2 0 1060 
3 2 0 1058 
3 2 0 1054 
3 2 0 1057 
3 2 0 1055 
3 2 0 1056 
3 2 0 1059 
3 2 0 1069 
3 2 0 1061 
3 2 0 1068 
3 2 0 1066 
3 2 0 1064 
3 2 0 1062 
3 2 0 1063 
3 2 0 1065 
3 2 0 1067 
3 2 0 1072 
1 1 0 
1 1 0 
1 1 0 
2 3 1104 1105 0 
1 1 0 
2 3 1106 1107 0 
2 3 1103 1108 0 
1 1 0 
1 1 0 
1 1 0 
2 3 1111 1112 0 
1 1 0 
1 1 0 
1 1 0 
1 1 0 
1 1 0 
1 1 0 
1 1 0 
1 1 0 
1 1 0 
1 1 0 
2 3 1122 1123 0 
2 3 1121 1124 0 
2 3 1120 1125 0 
2 3 1119 1126 0 
2 3 1118 1127 0 
2 3 1117 1128 0 
2 3 1116 1129 0 
2 3 1115 1130 0 
1 1 0 
2 3 1131 1132 0 
2 3 1114 1133 0 
2 3 1113 1134 0 
2 3 1110 1135 0 
2 3 1109 1136 0 
3 2 0 1137 
3 2 0 1109 
3 2 0 1103 
3 2 0 1108 
3 2 0 1106 
3 2 0 1104 
3 2 0 1105 
3 2 0 1107 
3 2 0 1136 
3 2 0 1110 
3 2 0 1135 
3 2 0 1113 
3 2 0 1111 
3 2 0 1112 
3 2 0 1134 
3 2 0 1114 
3 2 0 1133 
3 2 0 1131 
3 2 0 1115 
3 2 0 1130 
3 2 0 1116 
3 2 0 1129 
3 2 0 1117 
3 2 0 1128 
3 2 0 1118 
3 2 0 1127 
3 2 0 1119 
3 2 0 1126 
3 2 0 1120 
3 2 0 1125 
3 2 0 1121 
3 2 0 1124 
3 2 0 1122 
3 2 0 1123 
3 2 0 1132 
1 1 0 
1 1 0 
2 3 1173 1174 0 
1 1 0 
1 1 0 
1 1 0 
1 1 0 
1 1 0 
2 3 1179 1180 0 
2 3 1178 1181 0 
2 3 1177 1182 0 
1 1 0 
2 3 1183 1184 0 
1 1 0 
1 1 0 
1 1 0 
1 1 0 
2 3 1188 1189 0 
1 1 0 
1 1 0 
1 1 0 
2 3 1192 1193 0 
1 1 0 
2 3 1194 1195 0 
2 3 1191 1196 0 
2 3 1190 1197 0 
1 1 0 
2 3 1198 1199 0 
1 1 0 
1 1 0 
2 3 1201 1202 0 
1 1 0 
2 3 1203 1204 0 
2 3 1200 1205 0 
2 3 1187 1206 0 
2 3 1186 1207 0 
2 3 1185 1208 0 
2 3 1176 1209 0 
1 1 0 
2 3 1210 1211 0 
2 3 1175 1212 0 
3 2 0 1213 
3 2 0 1175 
3 2 0 1173 
3 2 0 1174 
3 2 0 1212 
3 2 0 1210 
3 2 0 1176 
3 2 0 1209 
3 2 0 1185 
3 2 0 1183 
3 2 0 1177 
3 2 0 1182 
3 2 0 1178 
3 2 0 1181 
3 2 0 1179 
3 2 0 1180 
3 2 0 1184 
3 2 0 1208 
3 2 0 1186 
3 2 0 1207 
3 2 0 1187 
3 2 0 1206 
3 2 0 1200 
3 2 0 1198 
3 2 0 1190 
3 2 0 1188 
3 2 0 1189 
3 2 0 1197 
3 2 0 1191 
3 2 0 1196 
3 2 0 1194 
3 2 0 1192 
3 2 0 1193 
3 2 0 1195 
3 2 0 1199 
3 2 0 1205 
3 2 0 1203 
3 2 0 1201 
3 2 0 1202 
3 2 0 1204 
3 2 0 1211 
1 1 0 
1 1 0 
2 3 1255 1256 0 
1 1 0 
1 1 0 
1 1 0 
1 1 0 
1 1 0 
1 1 0 
2 3 1262 1263 0 
2 3 1261 1264 0 
2 3 1260 1265 0 
2 3 1259 1266 0 
2 3 1258 1267 0 
1 1 0 
2 3 1268 1269 0 
2 3 1257 1270 0 
3 2 0 1271 
3 2 0 1257 
3 2 0 1255 
3 2 0 1256 
3 2 0 1270 
3 2 0 1268 
3 2 0 1258 
3 2 0 1267 
3 2 0 1259 
3 2 0 1266 
3 2 0 1260 
3 2 0 1265 
3 2 0 1261 
3 2 0 1264 
3 2 0 1262 
3 2 0 1263 
3 2 0 1269 
1 1 0 
1 1 0 
1 1 0 
1 1 0 
2 3 1291 1292 0 
2 3 1290 1293 0 
2 3 1289 1294 0 
1 1 0 
1 1 0 
1 1 0 
1 1 0 
2 3 1298 1299 0 
2 3 1297 1300 0 
1 1 0 
1 1 0 
2 3 1302 1303 0 
2 3 1301 1304 0 
2 3 1296 1305 0 
2 3 1295 1306 0 
1 1 0 
1 1 0 
2 3 1308 1309 0 
2 3 1307 1310 0 
1 1 0 
1 1 0 
2 3 1312 1313 0 
1 1 0 
1 1 0 
1 1 0 
1 1 0 
2 3 1317 1318 0 
2 3 1316 1319 0 
1 1 0 
2 3 1320 1321 0 
1 1 0 
1 1 0 
2 3 1323 1324 0 
2 3 1322 1325 0 
1 1 0 
1 1 0 
2 3 1327 1328 0 
2 3 1326 1329 0 
2 3 1315 1330 0 
2 3 1314 1331 0 
2 3 1311 1332 0 
1 1 0 
2 3 1333 1334 0 
3 2 0 1335 
3 2 0 1333 
3 2 0 1311 
3 2 0 1307 
3 2 0 1295 
3 2 0 1289 
3 2 0 1294 
3 2 0 1290 
3 2 0 1293 
3 2 0 1291 
3 2 0 1292 
3 2 0 1306 
3 2 0 1296 
3 2 0 1305 
3 2 0 1301 
3 2 0 1297 
3 2 0 1300 
3 2 0 1298 
3 2 0 1299 
3 2 0 1304 
3 2 0 1302 
3 2 0 1303 
3 2 0 1310 
3 2 0 1308 
3 2 0 1309 
3 2 0 1332 
3 2 0 1314 
3 2 0 1312 
3 2 0 1313 
3 2 0 1331 
3 2 0 1315 
3 2 0 1330 
3 2 0 1326 
3 2 0 1322 
3 2 0 1320 
3 2 0 1316 
3 2 0 1319 
3 2 0 1317 
3 2 0 1318 
3 2 0 1321 
3 2 0 1325 
3 2 0 1323 
3 2 0 1324 
3 2 0 1329 
3 2 0 1327 
3 2 0 1328 
3 2 0 1334 
1 1 0 
1 1 0 
1 1 0 
1 1 0 
1 1 0 
2 3 1386 1387 0 
2 3 1385 1388 0 
2 3 1384 1389 0 
2 3 1383 1390 0 
1 1 0 
2 3 1391 1392 0 
1 1 0 
2 3 1393 1394 0 
1 1 0 
1 1 0 
1 1 0 
2 3 1397 1398 0 
1 1 0 
2 3 1399 1400 0 
2 3 1396 1401 0 
2 3 1395 1402 0 
1 1 0 
2 3 1403 1404 0 
3 2 0 1405 
3 2 0 1403 
3 2 0 1395 
3 2 0 1393 
3 2 0 1391 
3 2 0 1383 
3 2 0 1390 
3 2 0 1384 
3 2 0 1389 
3 2 0 1385 
3 2 0 1388 
3 2 0 1386 
3 2 0 1387 
3 2 0 1392 
3 2 0 1394 
3 2 0 1402 
3 2 0 1396 
3 2 0 1401 
3 2 0 1399 
3 2 0 1397 
3 2 0 1398 
3 2 0 1400 
3 2 0 1404 
1 1 0 
1 1 0 
1 1 0 
2 3 1430 1431 0 
1 1 0 
1 1 0 
1 1 0 
1 1 0 
2 3 1435 1436 0 
2 3 1434 1437 0 
1 1 0 
1 1 0 
1 1 0 
1 1 0 
2 3 1441 1442 0 
2 3 1440 1443 0 
2 3 1439 1444 0 
2 3 1438 1445 0 
2 3 1433 1446 0 
1 1 0 
2 3 1447 1448 0 
1 1 0 
2 3 1449 1450 0 
2 3 1432 1451 0 
2 3 1429 1452 0 
3 2 0 1453 
3 2 0 1429 
3 2 0 1452 
3 2 0 1432 
3 2 0 1430 
3 2 0 1431 
3 2 0 1451 
3 2 0 1449 
3 2 0 1447 
3 2 0 1433 
3 2 0 1446 
3 2 0 1438 
3 2 0 1434 
3 2 0 1437 
3 2 0 1435 
3 2 0 1436 
3 2 0 1445 
3 2 0 1439 
3 2 0 1444 
3 2 0 1440 
3 2 0 1443 
3 2 0 1441 
3 2 0 1442 
3 2 0 1448 
3 2 0 1450 
1 1 0 
1 1 0 
1 1 0 
2 3 1480 1481 0 
1 1 0 
1 1 0 
2 3 1483 1484 0 
1 1 0 
1 1 0 
1 1 0 
2 3 1487 1488 0 
1 1 0 
1 1 0 
1 1 0 
1 1 0 
2 3 1492 1493 0 
1 1 0 
1 1 0 
1 1 0 
2 3 1496 1497 0 
1 1 0 
2 3 1498 1499 0 
1 1 0 
2 3 1500 1501 0 
2 3 1495 1502 0 
2 3 1494 1503 0 
1 1 0 
2 3 1504 1505 0 
1 1 0 
1 1 0 
2 3 1507 1508 0 
2 3 1506 1509 0 
2 3 1491 1510 0 
2 3 1490 1511 0 
2 3 1489 1512 0 
2 3 1486 1513 0 
2 3 1485 1514 0 
2 3 1482 1515 0 
1 1 0 
1 1 0 
2 3 1517 1518 0 
1 1 0 
2 3 1519 1520 0 
2 3 1516 1521 0 
2 3 1479 1522 0 
3 2 0 1523 
3 2 0 1479 
3 2 0 1522 
3 2 0 1516 
3 2 0 1482 
3 2 0 1480 
3 2 0 1481 
3 2 0 1515 
3 2 0 1485 
3 2 0 1483 
3 2 0 1484 
3 2 0 1514 
3 2 0 1486 
3 2 0 1513 
3 2 0 1489 
3 2 0 1487 
3 2 0 1488 
3 2 0 1512 
3 2 0 1490 
3 2 0 1511 
3 2 0 1491 
3 2 0 1510 
3 2 0 1506 
3 2 0 1504 
3 2 0 1494 
3 2 0 1492 
3 2 0 1493 
3 2 0 1503 
3 2 0 1495 
3 2 0 1502 
3 2 0 1500 
3 2 0 1498 
3 2 0 1496 
3 2 0 1497 
3 2 0 1499 
3 2 0 1501 
3 2 0 1505 
3 2 0 1509 
3 2 0 1507 
3 2 0 1508 
3 2 0 1521 
3 2 0 1519 
3 2 0 1517 
3 2 0 1518 
3 2 0 1520 
1 1 0 
1 1 0 
1 1 0 
1 1 0 
1 1 0 
1 1 0 
1 1 0 
1 1 0 
1 1 0 
2 3 1576 1577 0 
1 1 0 
2 3 1578 1579 0 
2 3 1575 1580 0 
2 3 1574 1581 0 
2 3 1573 1582 0 
2 3 1572 1583 0 
2 3 1571 1584 0 
2 3 1570 1585 0 
2 3 1569 1586 0 
1 1 0 
1 1 0 
1 1 0 
1 1 0 
2 3 1590 1591 0 
2 3 1589 1592 0 
2 3 1588 1593 0 
1 1 0 
2 3 1594 1595 0 
2 3 1587 1596 0 
1 1 0 
2 3 1597 1598 0 
3 2 0 1599 
3 2 0 1597 
3 2 0 1587 
3 2 0 1569 
3 2 0 1586 
3 2 0 1570 
3 2 0 1585 
3 2 0 1571 
3 2 0 1584 
3 2 0 1572 
3 2 0 1583 
3 2 0 1573 
3 2 0 1582 
3 2 0 1574 
3 2 0 1581 
3 2 0 1575 
3 2 0 1580 
3 2 0 1578 
3 2 0 1576 
3 2 0 1577 
3 2 0 1579 
3 2 0 1596 
3 2 0 1594 
3 2 0 1588 
3 2 0 1593 
3 2 0 1589 
3 2 0 1592 
3 2 0 1590 
3 2 0 1591 
3 2 0 1595 
3 2 0 1598 
1 1 0 
1 1 0 
1 1 0 
2 3 1632 1633 0 
2 3 1631 1634 0 
1 1 0 
1 1 0 
1 1 0 
2 3 1637 1638 0 
2 3 1636 1639 0 
2 3 1635 1640 0 
1 1 0 
2 3 1641 1642 0 
1 1 0 
2 3 1643 1644 0 
1 1 0 
1 1 0 
1 1 0 
2 3 1647 1648 0 
1 1 0 
2 3 1649 1650 0 
2 3 1646 1651 0 
2 3 1645 1652 0 
1 1 0 
2 3 1653 1654 0 
3 2 0 1655 
3 2 0 1653 
3 2 0 1645 
3 2 0 1643 
3 2 0 1641 
3 2 0 1635 
3 2 0 1631 
3 2 0 1634 
3 2 0 1632 
3 2 0 1633 
3 2 0 1640 
3 2 0 1636 
3 2 0 1639 
3 2 0 1637 
3 2 0 1638 
3 2 0 1642 
3 2 0 1644 
3 2 0 1652 
3 2 0 1646 
3 2 0 1651 
3 2 0 1649 
3 2 0 1647 
3 2 0 1648 
3 2 0 1650 
3 2 0 1654 
1 1 0 
1 1 0 
1 1 0 
1 1 0 
1 1 0 
1 1 0 
1 1 0 
1 1 0 
2 3 1687 1688 0 
1 1 0 
2 3 1689 1690 0 
2 3 1686 1691 0 
1 1 0 
1 1 0 
1 1 0 
2 3 1694 1695 0 
1 1 0 
1 1 0 
1 1 0 
1 1 0 
1 1 0 
1 1 0 
2 3 1701 1702 0 
2 3 1700 1703 0 
2 3 1699 1704 0 
2 3 1698 1705 0 
2 3 1697 1706 0 
2 3 1696 1707 0 
2 3 1693 1708 0 
2 3 1692 1709 0 
2 3 1685 1710 0 
2 3 1684 1711 0 
1 1 0 
2 3 1712 1713 0 
2 3 1683 1714 0 
2 3 1682 1715 0 
2 3 1681 1716 0 
3 2 0 1717 
3 2 0 1681 
3 2 0 1716 
3 2 0 1682 
3 2 0 1715 
3 2 0 1683 
3 2 0 1714 
3 2 0 1712 
3 2 0 1684 
3 2 0 1711 
3 2 0 1685 
3 2 0 1710 
3 2 0 1692 
3 2 0 1686 
3 2 0 1691 
3 2 0 1689 
3 2 0 1687 
3 2 0 1688 
3 2 0 1690 
3 2 0 1709 
3 2 0 1693 
3 2 0 1708 
3 2 0 1696 
3 2 0 1694 
3 2 0 1695 
3 2 0 1707 
3 2 0 1697 
3 2 0 1706 
3 2 0 1698 
3 2 0 1705 
3 2 0 1699 
3 2 0 1704 
3 2 0 1700 
3 2 0 1703 
3 2 0 1701 
3 2 0 1702 
3 2 0 1713 
1 1 0 
1 1 0 
1 1 0 
2 3 1756 1757 0 
2 3 1755 1758 0 
1 1 0 
1 1 0 
1 1 0 
2 3 1761 1762 0 
2 3 1760 1763 0 
2 3 1759 1764 0 
1 1 0 
1 1 0 
1 1 0 
1 1 0 
1 1 0 
2 3 1769 1770 0 
2 3 1768 1771 0 
2 3 1767 1772 0 
2 3 1766 1773 0 
2 3 1765 1774 0 
1 1 0 
2 3 1775 1776 0 
3 2 0 1777 
3 2 0 1775 
3 2 0 1765 
3 2 0 1759 
3 2 0 1755 
3 2 0 1758 
3 2 0 1756 
3 2 0 1757 
3 2 0 1764 
3 2 0 1760 
3 2 0 1763 
3 2 0 1761 
3 2 0 1762 
3 2 0 1774 
3 2 0 1766 
3 2 0 1773 
3 2 0 1767 
3 2 0 1772 
3 2 0 1768 
3 2 0 1771 
3 2 0 1769 
3 2 0 1770 
3 2 0 1776 
1 1 0 
1 1 0 
1 1 0 
2 3 1802 1803 0 
2 3 1801 1804 0 
1 1 0 
1 1 0 
1 1 0 
1 1 0 
1 1 0 
2 3 1809 1810 0 
1 1 0 
2 3 1811 1812 0 
2 3 1808 1813 0 
1 1 0 
1 1 0 
2 3 1815 1816 0 
2 3 1814 1817 0 
2 3 1807 1818 0 
2 3 1806 1819 0 
2 3 1805 1820 0 
1 1 0 
2 3 1821 1822 0 
1 1 0 
1 1 0 
1 1 0 
2 3 1825 1826 0 
2 3 1824 1827 0 
2 3 1823 1828 0 
1 1 0 
2 3 1829 1830 0 
1 1 0 
1 1 0 
1 1 0 
2 3 1833 1834 0 
1 1 0 
1 1 0 
1 1 0 
2 3 1837 1838 0 
2 3 1836 1839 0 
2 3 1835 1840 0 
1 1 0 
1 1 0 
1 1 0 
1 1 0 
2 3 1844 1845 0 
2 3 1843 1846 0 
1 1 0 
1 1 0 
1 1 0 
1 1 0 
1 1 0 
1 1 0 
2 3 1852 1853 0 
1 1 0 
1 1 0 
2 3 1855 1856 0 
2 3 1854 1857 0 
2 3 1851 1858 0 
2 3 1850 1859 0 
2 3 1849 1860 0 
2 3 1848 1861 0 
2 3 1847 1862 0 
2 3 1842 1863 0 
2 3 1841 1864 0 
2 3 1832 1865 0 
1 1 0 
2 3 1866 1867 0 
2 3 1831 1868 0 
3 2 0 1869 
3 2 0 1831 
3 2 0 1829 
3 2 0 1823 
3 2 0 1821 
3 2 0 1805 
3 2 0 1801 
3 2 0 1804 
3 2 0 1802 
3 2 0 1803 
3 2 0 1820 
3 2 0 1806 
3 2 0 1819 
3 2 0 1807 
3 2 0 1818 
3 2 0 1814 
3 2 0 1808 
3 2 0 1813 
3 2 0 1811 
3 2 0 1809 
3 2 0 1810 
3 2 0 1812 
3 2 0 1817 
3 2 0 1815 
3 2 0 1816 
3 2 0 1822 
3 2 0 1828 
3 2 0 1824 
3 2 0 1827 
3 2 0 1825 
3 2 0 1826 
3 2 0 1830 
3 2 0 1868 
3 2 0 1866 
3 2 0 1832 
3 2 0 1865 
3 2 0 1841 
3 2 0 1835 
3 2 0 1833 
3 2 0 1834 
3 2 0 1840 
3 2 0 1836 
3 2 0 1839 
3 2 0 1837 
3 2 0 1838 
3 2 0 1864 
3 2 0 1842 
3 2 0 1863 
3 2 0 1847 
3 2 0 1843 
3 2 0 1846 
3 2 0 1844 
3 2 0 1845 
3 2 0 1862 
3 2 0 1848 
3 2 0 1861 
3 2 0 1849 
3 2 0 1860 
3 2 0 1850 
3 2 0 1859 
3 2 0 1851 
3 2 0 1858 
3 2 0 1854 
3 2 0 1852 
3 2 0 1853 
3 2 0 1857 
3 2 0 1855 
3 2 0 1856 
3 2 0 1867 
1 1 0 
1 1 0 
1 1 0 
1 1 0 
1 1 0 
2 3 1942 1943 0 
2 3 1941 1944 0 
2 3 1940 1945 0 
1 1 0 
2 3 1946 1947 0 
1 1 0 
2 3 1948 1949 0 
2 3 1939 1950 0 
1 1 0 
2 3 1951 1952 0 
1 1 0 
2 3 1953 1954 0 
1 1 0 
1 1 0 
1 1 0 
2 3 1957 1958 0 
2 3 1956 1959 0 
1 1 0 
1 1 0 
1 1 0 
1 1 0 
1 1 0 
2 3 1964 1965 0 
2 3 1963 1966 0 
2 3 1962 1967 0 
2 3 1961 1968 0 
2 3 1960 1969 0 
1 1 0 
1 1 0 
1 1 0 
1 1 0 
1 1 0 
1 1 0 
1 1 0 
2 3 1976 1977 0 
2 3 1975 1978 0 
2 3 1974 1979 0 
2 3 1973 1980 0 
1 1 0 
2 3 1981 1982 0 
2 3 1972 1983 0 
1 1 0 
1 1 0 
1 1 0 
1 1 0 
1 1 0 
2 3 1988 1989 0 
2 3 1987 1990 0 
2 3 1986 1991 0 
2 3 1985 1992 0 
2 3 1984 1993 0 
2 3 1971 1994 0 
2 3 1970 1995 0 
2 3 1955 1996 0 
1 1 0 
2 3 1997 1998 0 
3 2 0 1999 
3 2 0 1997 
3 2 0 1955 
3 2 0 1953 
3 2 0 1951 
3 2 0 1939 
3 2 0 1950 
3 2 0 1948 
3 2 0 1946 
3 2 0 1940 
3 2 0 1945 
3 2 0 1941 
3 2 0 1944 
3 2 0 1942 
3 2 0 1943 
3 2 0 1947 
3 2 0 1949 
3 2 0 1952 
3 2 0 1954 
3 2 0 1996 
3 2 0 1970 
3 2 0 1960 
3 2 0 1956 
3 2 0 1959 
3 2 0 1957 
3 2 0 1958 
3 2 0 1969 
3 2 0 1961 
3 2 0 1968 
3 2 0 1962 
3 2 0 1967 
3 2 0 1963 
3 2 0 1966 
3 2 0 1964 
3 2 0 1965 
3 2 0 1995 
3 2 0 1971 
3 2 0 1994 
3 2 0 1984 
3 2 0 1972 
3 2 0 1983 
3 2 0 1981 
3 2 0 1973 
3 2 0 1980 
3 2 0 1974 
3 2 0 1979 
3 2 0 1975 
3 2 0 1978 
3 2 0 1976 
3 2 0 1977 
3 2 0 1982 
3 2 0 1993 
3 2 0 1985 
3 2 0 1992 
3 2 0 1986 
3 2 0 1991 
3 2 0 1987 
3 2 0 1990 
3 2 0 1988 
3 2 0 1989 
3 2 0 1998 
1 1 0 
1 1 0 
1 1 0 
1 1 0 
1 1 0 
1 1 0 
1 1 0 
1 1 0 
1 1 0 
2 3 2068 2069 0 
2 3 2067 2070 0 
2 3 2066 2071 0 
2 3 2065 2072 0 
2 3 2064 2073 0 
2 3 2063 2074 0 
2 3 2062 2075 0 
1 1 0 
2 3 2076 2077 0 
2 3 2061 2078 0 
1 1 0 
1 1 0 
2 3 2080 2081 0 
2 3 2079 2082 0 
3 2 0 2083 
3 2 0 2079 
3 2 0 2061 
3 2 0 2078 
3 2 0 2076 
3 2 0 2062 
3 2 0 2075 
3 2 0 2063 
3 2 0 2074 
3 2 0 2064 
3 2 0 2073 
3 2 0 2065 
3 2 0 2072 
3 2 0 2066 
3 2 0 2071 
3 2 0 2067 
3 2 0 2070 
3 2 0 2068 
3 2 0 2069 
3 2 0 2077 
3 2 0 2082 
3 2 0 2080 
3 2 0 2081 
1 1 0 
1 1 0 
2 3 2107 2108 0 
1 1 0 
1 1 0 
1 1 0 
1 1 0 
2 3 2112 2113 0 
2 3 2111 2114 0 
2 3 2110 2115 0 
2 3 2109 2116 0 
1 1 0 
1 1 0 
1 1 0 
1 1 0 
1 1 0 
1 1 0 
1 1 0 
1 1 0 
1 1 0 
2 3 2125 2126 0 
2 3 2124 2127 0 
1 1 0 
2 3 2128 2129 0 
2 3 2123 2130 0 
2 3 2122 2131 0 
2 3 2121 2132 0 
2 3 2120 2133 0 
2 3 2119 2134 0 
2 3 2118 2135 0 
1 1 0 
2 3 2136 2137 0 
2 3 2117 2138 0 
3 2 0 2139 
3 2 0 2117 
3 2 0 2109 
3 2 0 2107 
3 2 0 2108 
3 2 0 2116 
3 2 0 2110 
3 2 0 2115 
3 2 0 2111 
3 2 0 2114 
3 2 0 2112 
3 2 0 2113 
3 2 0 2138 
3 2 0 2136 
3 2 0 2118 
3 2 0 2135 
3 2 0 2119 
3 2 0 2134 
3 2 0 2120 
3 2 0 2133 
3 2 0 2121 
3 2 0 2132 
3 2 0 2122 
3 2 0 2131 
3 2 0 2123 
3 2 0 2130 
3 2 0 2128 
3 2 0 2124 
3 2 0 2127 
3 2 0 2125 
3 2 0 2126 
3 2 0 2129 
3 2 0 2137 
1 1 0 
1 1 0 
2 3 2173 2174 0 
1 1 0 
2 3 2175 2176 0 
1 1 0 
1 1 0 
2 3 2178 2179 0 
2 3 2177 2180 0 
1 1 0 
2 3 2181 2182 0 
1 1 0 
1 1 0 
1 1 0 
1 1 0 
2 3 2186 2187 0 
1 1 0 
1 1 0 
1 1 0 
2 3 2190 2191 0 
2 3 2189 2192 0 
2 3 2188 2193 0 
2 3 2185 2194 0 
2 3 2184 2195 0 
1 1 0 
2 3 2196 2197 0 
2 3 2183 2198 0 
3 2 0 2199 
3 2 0 2183 
3 2 0 2181 
3 2 0 2177 
3 2 0 2175 
3 2 0 2173 
3 2 0 2174 
3 2 0 2176 
3 2 0 2180 
3 2 0 2178 
3 2 0 2179 
3 2 0 2182 
3 2 0 2198 
3 2 0 2196 
3 2 0 2184 
3 2 0 2195 
3 2 0 2185 
3 2 0 2194 
3 2 0 2188 
3 2 0 2186 
3 2 0 2187 
3 2 0 2193 
3 2 0 2189 
3 2 0 2192 
3 2 0 2190 
3 2 0 2191 
3 2 0 2197 
1 1 0 
1 1 0 
1 1 0 
1 1 0 
2 3 2229 2230 0 
2 3 2228 2231 0 
2 3 2227 2232 0 
1 1 0 
1 1 0 
1 1 0 
2 3 2235 2236 0 
2 3 2234 2237 0 
2 3 2233 2238 0 
1 1 0 
2 3 2239 2240 0 
3 2 0 2241 
3 2 0 2239 
3 2 0 2233 
3 2 0 2227 
3 2 0 2232 
3 2 0 2228 
3 2 0 2231 
3 2 0 2229 
3 2 0 2230 
3 2 0 2238 
3 2 0 2234 
3 2 0 2237 
3 2 0 2235 
3 2 0 2236 
3 2 0 2240 
1 1 0 
1 1 0 
1 1 0 
2 3 2258 2259 0 
1 1 0 
1 1 0 
1 1 0 
2 3 2262 2263 0 
1 1 0 
2 3 2264 2265 0 
1 1 0 
1 1 0 
2 3 2267 2268 0 
1 1 0 
2 3 2269 2270 0 
1 1 0 
1 1 0 
1 1 0 
2 3 2273 2274 0 
1 1 0 
2 3 2275 2276 0 
2 3 2272 2277 0 
2 3 2271 2278 0 
2 3 2266 2279 0 
2 3 2261 2280 0 
2 3 2260 2281 0 
1 1 0 
2 3 2282 2283 0 
1 1 0 
1 1 0 
2 3 2285 2286 0 
1 1 0 
1 1 0 
1 1 0 
1 1 0 
2 3 2290 2291 0 
2 3 2289 2292 0 
2 3 2288 2293 0 
2 3 2287 2294 0 
2 3 2284 2295 0 
1 1 0 
2 3 2296 2297 0 
2 3 2257 2298 0 
3 2 0 2299 
3 2 0 2257 
3 2 0 2298 
3 2 0 2296 
3 2 0 2284 
3 2 0 2282 
3 2 0 2260 
3 2 0 2258 
3 2 0 2259 
3 2 0 2281 
3 2 0 2261 
3 2 0 2280 
3 2 0 2266 
3 2 0 2264 
3 2 0 2262 
3 2 0 2263 
3 2 0 2265 
3 2 0 2279 
3 2 0 2271 
3 2 0 2269 
3 2 0 2267 
3 2 0 2268 
3 2 0 2270 
3 2 0 2278 
3 2 0 2272 
3 2 0 2277 
3 2 0 2275 
3 2 0 2273 
3 2 0 2274 
3 2 0 2276 
3 2 0 2283 
3 2 0 2295 
3 2 0 2287 
3 2 0 2285 
3 2 0 2286 
3 2 0 2294 
3 2 0 2288 
3 2 0 2293 
3 2 0 2289 
3 2 0 2292 
3 2 0 2290 
3 2 0 2291 
3 2 0 2297 
1 1 0 
1 1 0 
1 1 0 
2 3 2344 2345 0 
2 3 2343 2346 0 
1 1 0 
1 1 0 
1 1 0 
1 1 0 
2 3 2350 2351 0 
2 3 2349 2352 0 
2 3 2348 2353 0 
2 3 2347 2354 0 
1 1 0 
1 1 0 
1 1 0 
1 1 0 
2 3 2358 2359 0 
1 1 0 
1 1 0 
2 3 2361 2362 0 
1 1 0 
1 1 0 
1 1 0 
1 1 0 
1 1 0 
1 1 0 
2 3 2368 2369 0 
2 3 2367 2370 0 
2 3 2366 2371 0 
2 3 2365 2372 0 
2 3 2364 2373 0 
2 3 2363 2374 0 
2 3 2360 2375 0 
2 3 2357 2376 0 
2 3 2356 2377 0 
1 1 0 
2 3 2378 2379 0 
2 3 2355 2380 0 
3 2 0 2381 
3 2 0 2355 
3 2 0 2347 
3 2 0 2343 
3 2 0 2346 
3 2 0 2344 
3 2 0 2345 
3 2 0 2354 
3 2 0 2348 
3 2 0 2353 
3 2 0 2349 
3 2 0 2352 
3 2 0 2350 
3 2 0 2351 
3 2 0 2380 
3 2 0 2378 
3 2 0 2356 
3 2 0 2377 
3 2 0 2357 
3 2 0 2376 
3 2 0 2360 
3 2 0 2358 
3 2 0 2359 
3 2 0 2375 
3 2 0 2363 
3 2 0 2361 
3 2 0 2362 
3 2 0 2374 
3 2 0 2364 
3 2 0 2373 
3 2 0 2365 
3 2 0 2372 
3 2 0 2366 
3 2 0 2371 
3 2 0 2367 
3 2 0 2370 
3 2 0 2368 
3 2 0 2369 
3 2 0 2379 
1 1 0 
1 1 0 
1 1 0 
1 1 0 
1 1 0 
2 3 2424 2425 0 
1 1 0 
2 3 2426 2427 0 
2 3 2423 2428 0 
2 3 2422 2429 0 
2 3 2421 2430 0 
1 1 0 
1 1 0 
1 1 0 
2 3 2433 2434 0 
1 1 0 
1 1 0 
2 3 2436 2437 0 
1 1 0 
1 1 0 
2 3 2439 2440 0 
1 1 0 
2 3 2441 2442 0 
2 3 2438 2443 0 
2 3 2435 2444 0 
1 1 0 
2 3 2445 2446 0 
1 1 0 
1 1 0 
1 1 0 
1 1 0 
2 3 2450 2451 0 
1 1 0 
1 1 0 
1 1 0 
2 3 2454 2455 0 
2 3 2453 2456 0 
2 3 2452 2457 0 
2 3 2449 2458 0 
1 1 0 
1 1 0 
1 1 0 
2 3 2461 2462 0 
1 1 0 
2 3 2463 2464 0 
1 1 0 
1 1 0 
1 1 0 
2 3 2467 2468 0 
1 1 0 
2 3 2469 2470 0 
2 3 2466 2471 0 
2 3 2465 2472 0 
2 3 2460 2473 0 
2 3 2459 2474 0 
2 3 2448 2475 0 
1 1 0 
2 3 2476 2477 0 
2 3 2447 2478 0 
2 3 2432 2479 0 
2 3 2431 2480 0 
3 2 0 2481 
3 2 0 2431 
3 2 0 2421 
3 2 0 2430 
3 2 0 2422 
3 2 0 2429 
3 2 0 2423 
3 2 0 2428 
3 2 0 2426 
3 2 0 2424 
3 2 0 2425 
3 2 0 2427 
3 2 0 2480 
3 2 0 2432 
3 2 0 2479 
3 2 0 2447 
3 2 0 2445 
3 2 0 2435 
3 2 0 2433 
3 2 0 2434 
3 2 0 2444 
3 2 0 2438 
3 2 0 2436 
3 2 0 2437 
3 2 0 2443 
3 2 0 2441 
3 2 0 2439 
3 2 0 2440 
3 2 0 2442 
3 2 0 2446 
3 2 0 2478 
3 2 0 2476 
3 2 0 2448 
3 2 0 2475 
3 2 0 2459 
3 2 0 2449 
3 2 0 2458 
3 2 0 2452 
3 2 0 2450 
3 2 0 2451 
3 2 0 2457 
3 2 0 2453 
3 2 0 2456 
3 2 0 2454 
3 2 0 2455 
3 2 0 2474 
3 2 0 2460 
3 2 0 2473 
3 2 0 2465 
3 2 0 2463 
3 2 0 2461 
3 2 0 2462 
3 2 0 2464 
3 2 0 2472 
3 2 0 2466 
3 2 0 2471 
3 2 0 2469 
3 2 0 2467 
3 2 0 2468 
3 2 0 2470 
3 2 0 2477 
1 1 0 
1 1 0 
2 3 2543 2544 0 
1 1 0 
1 1 0 
1 1 0 
1 1 0 
2 3 2548 2549 0 
2 3 2547 2550 0 
2 3 2546 2551 0 
1 1 0 
2 3 2552 2553 0 
2 3 2545 2554 0 
3 2 0 2555 
3 2 0 2545 
3 2 0 2543 
3 2 0 2544 
3 2 0 2554 
3 2 0 2552 
3 2 0 2546 
3 2 0 2551 
3 2 0 2547 
3 2 0 2550 
3 2 0 2548 
3 2 0 2549 
3 2 0 2553 
1 1 0 
1 1 0 
2 3 2569 2570 0 
1 1 0 
1 1 0 
1 1 0 
1 1 0 
1 1 0 
2 3 2575 2576 0 
2 3 2574 2577 0 
2 3 2573 2578 0 
1 1 0 
1 1 0 
1 1 0 
1 1 0 
1 1 0 
2 3 2583 2584 0 
2 3 2582 2585 0 
1 1 0 
1 1 0 
1 1 0 
2 3 2588 2589 0 
2 3 2587 2590 0 
2 3 2586 2591 0 
2 3 2581 2592 0 
2 3 2580 2593 0 
2 3 2579 2594 0 
2 3 2572 2595 0 
2 3 2571 2596 0 
1 1 0 
2 3 2597 2598 0 
3 2 0 2599 
3 2 0 2597 
3 2 0 2571 
3 2 0 2569 
3 2 0 2570 
3 2 0 2596 
3 2 0 2572 
3 2 0 2595 
3 2 0 2579 
3 2 0 2573 
3 2 0 2578 
3 2 0 2574 
3 2 0 2577 
3 2 0 2575 
3 2 0 2576 
3 2 0 2594 
3 2 0 2580 
3 2 0 2593 
3 2 0 2581 
3 2 0 2592 
3 2 0 2586 
3 2 0 2582 
3 2 0 2585 
3 2 0 2583 
3 2 0 2584 
3 2 0 2591 
3 2 0 2587 
3 2 0 2590 
3 2 0 2588 
3 2 0 2589 
3 2 0 2598 
1 1 0 
1 1 0 
1 1 0 
1 1 0 
2 3 2633 2634 0 
2 3 2632 2635 0 
1 1 0 
1 1 0 
1 1 0 
1 1 0 
2 3 2639 2640 0 
2 3 2638 2641 0 
1 1 0 
2 3 2642 2643 0 
1 1 0 
1 1 0 
2 3 2645 2646 0 
1 1 0 
2 3 2647 2648 0 
1 1 0 
1 1 0 
2 3 2650 2651 0 
2 3 2649 2652 0 
2 3 2644 2653 0 
2 3 2637 2654 0 
2 3 2636 2655 0 
1 1 0 
2 3 2656 2657 0 
2 3 2631 2658 0 
3 2 0 2659 
3 2 0 2631 
3 2 0 2658 
3 2 0 2656 
3 2 0 2636 
3 2 0 2632 
3 2 0 2635 
3 2 0 2633 
3 2 0 2634 
3 2 0 2655 
3 2 0 2637 
3 2 0 2654 
3 2 0 2644 
3 2 0 2642 
3 2 0 2638 
3 2 0 2641 
3 2 0 2639 
3 2 0 2640 
3 2 0 2643 
3 2 0 2653 
3 2 0 2649 
3 2 0 2647 
3 2 0 2645 
3 2 0 2646 
3 2 0 2648 
3 2 0 2652 
3 2 0 2650 
3 2 0 2651 
3 2 0 2657 
1 1 0 
1 1 0 
1 1 0 
2 3 2690 2691 0 
1 1 0 
2 3 2692 2693 0 
2 3 2689 2694 0 
1 1 0 
1 1 0 
1 1 0 
1 1 0 
1 1 0 
2 3 2699 2700 0 
2 3 2698 2701 0 
2 3 2697 2702 0 
1 1 0 
2 3 2703 2704 0 
2 3 2696 2705 0 
2 3 2695 2706 0 
3 2 0 2707 
3 2 0 2695 
3 2 0 2689 
3 2 0 2694 
3 2 0 2692 
3 2 0 2690 
3 2 0 2691 
3 2 0 2693 
3 2 0 2706 
3 2 0 2696 
3 2 0 2705 
3 2 0 2703 
3 2 0 2697 
3 2 0 2702 
3 2 0 2698 
3 2 0 2701 
3 2 0 2699 
3 2 0 2700 
3 2 0 2704 
1 1 0 
1 1 0 
2 3 2727 2728 0 
1 1 0 
1 1 0 
2 3 2730 2731 0 
1 1 0 
2 3 2732 2733 0 
2 3 2729 2734 0 
1 1 0 
1 1 0 
2 3 2736 2737 0 
1 1 0 
1 1 0 
2 3 2739 2740 0 
1 1 0 
1 1 0 
2 3 2742 2743 0 
1 1 0 
2 3 2744 2745 0 
1 1 0 
2 3 2746 2747 0 
2 3 2741 2748 0 
2 3 2738 2749 0 
2 3 2735 2750 0 
3 2 0 2751 
3 2 0 2735 
3 2 0 2729 
3 2 0 2727 
3 2 0 2728 
3 2 0 2734 
3 2 0 2732 
3 2 0 2730 
3 2 0 2731 
3 2 0 2733 
3 2 0 2750 
3 2 0 2738 
3 2 0 2736 
3 2 0 2737 
3 2 0 2749 
3 2 0 2741 
3 2 0 2739 
3 2 0 2740 
3 2 0 2748 
3 2 0 2746 
3 2 0 2744 
3 2 0 2742 
3 2 0 2743 
3 2 0 2745 
3 2 0 2747 
1 1 0 
1 1 0 
1 1 0 
1 1 0 
1 1 0 
1 1 0 
1 1 0 
2 3 2782 2783 0 
1 1 0 
2 3 2784 2785 0 
2 3 2781 2786 0 
1 1 0 
2 3 2787 2788 0 
2 3 2780 2789 0 
2 3 2779 2790 0 
2 3 2778 2791 0 
2 3 2777 2792 0 
1 1 0 
2 3 2793 2794 0 
3 2 0 2795 
3 2 0 2793 
3 2 0 2777 
3 2 0 2792 
3 2 0 2778 
3 2 0 2791 
3 2 0 2779 
3 2 0 2790 
3 2 0 2780 
3 2 0 2789 
3 2 0 2787 
3 2 0 2781 
3 2 0 2786 
3 2 0 2784 
3 2 0 2782 
3 2 0 2783 
3 2 0 2785 
3 2 0 2788 
3 2 0 2794 
1 1 0 
1 1 0 
1 1 0 
1 1 0 
1 1 0 
2 3 2818 2819 0 
1 1 0 
1 1 0 
1 1 0 
1 1 0 
2 3 2823 2824 0 
2 3 2822 2825 0 
1 1 0 
1 1 0 
2 3 2827 2828 0 
2 3 2826 2829 0 
2 3 2821 2830 0 
2 3 2820 2831 0 
2 3 2817 2832 0 
2 3 2816 2833 0 
1 1 0 
1 1 0 
1 1 0 
1 1 0 
1 1 0 
2 3 2838 2839 0 
2 3 2837 2840 0 
2 3 2836 2841 0 
2 3 2835 2842 0 
2 3 2834 2843 0 
1 1 0 
2 3 2844 2845 0 
2 3 2815 2846 0 
3 2 0 2847 
3 2 0 2815 
3 2 0 2846 
3 2 0 2844 
3 2 0 2834 
3 2 0 2816 
3 2 0 2833 
3 2 0 2817 
3 2 0 2832 
3 2 0 2820 
3 2 0 2818 
3 2 0 2819 
3 2 0 2831 
3 2 0 2821 
3 2 0 2830 
3 2 0 2826 
3 2 0 2822 
3 2 0 2825 
3 2 0 2823 
3 2 0 2824 
3 2 0 2829 
3 2 0 2827 
3 2 0 2828 
3 2 0 2843 
3 2 0 2835 
3 2 0 2842 
3 2 0 2836 
3 2 0 2841 
3 2 0 2837 
3 2 0 2840 
3 2 0 2838 
3 2 0 2839 
3 2 0 2845 
1 1 0 
1 1 0 
1 1 0 
1 1 0 
2 3 2883 2884 0 
1 1 0 
1 1 0 
2 3 2886 2887 0 
2 3 2885 2888 0 
2 3 2882 2889 0 
2 3 2881 2890 0 
1 1 0 
1 1 0 
1 1 0 
1 1 0 
2 3 2894 2895 0 
2 3 2893 2896 0 
1 1 0 
1 1 0 
1 1 0 
2 3 2899 2900 0 
1 1 0 
1 1 0 
1 1 0 
1 1 0 
1 1 0 
1 1 0 
2 3 2906 2907 0 
2 3 2905 2908 0 
1 1 0 
1 1 0 
1 1 0 
1 1 0 
1 1 0 
1 1 0 
2 3 2914 2915 0 
2 3 2913 2916 0 
2 3 2912 2917 0 
2 3 2911 2918 0 
2 3 2910 2919 0 
1 1 0 
2 3 2920 2921 0 
2 3 2909 2922 0 
2 3 2904 2923 0 
2 3 2903 2924 0 
2 3 2902 2925 0 
2 3 2901 2926 0 
2 3 2898 2927 0 
2 3 2897 2928 0 
2 3 2892 2929 0 
1 1 0 
2 3 2930 2931 0 
2 3 2891 2932 0 
3 2 0 2933 
3 2 0 2891 
3 2 0 2881 
3 2 0 2890 
3 2 0 2882 
3 2 0 2889 
3 2 0 2885 
3 2 0 2883 
3 2 0 2884 
3 2 0 2888 
3 2 0 2886 
3 2 0 2887 
3 2 0 2932 
3 2 0 2930 
3 2 0 2892 
3 2 0 2929 
3 2 0 2897 
3 2 0 2893 
3 2 0 2896 
3 2 0 2894 
3 2 0 2895 
3 2 0 2928 
3 2 0 2898 
3 2 0 2927 
3 2 0 2901 
3 2 0 2899 
3 2 0 2900 
3 2 0 2926 
3 2 0 2902 
3 2 0 2925 
3 2 0 2903 
3 2 0 2924 
3 2 0 2904 
3 2 0 2923 
3 2 0 2909 
3 2 0 2905 
3 2 0 2908 
3 2 0 2906 
3 2 0 2907 
3 2 0 2922 
3 2 0 2920 
3 2 0 2910 
3 2 0 2919 
3 2 0 2911 
3 2 0 2918 
3 2 0 2912 
3 2 0 2917 
3 2 0 2913 
3 2 0 2916 
3 2 0 2914 
3 2 0 2915 
3 2 0 2921 
3 2 0 2931 
1 1 0 
1 1 0 
1 1 0 
1 1 0 
1 1 0 
1 1 0 
2 3 2991 2992 0 
1 1 0 
2 3 2993 2994 0 
1 1 0 
1 1 0 
1 1 0 
1 1 0 
2 3 2998 2999 0 
2 3 2997 3000 0 
2 3 2996 3001 0 
2 3 2995 3002 0 
2 3 2990 3003 0 
2 3 2989 3004 0 
2 3 2988 3005 0 
2 3 2987 3006 0 
1 1 0 
2 3 3007 3008 0 
1 1 0 
2 3 3009 3010 0 
1 1 0 
1 1 0 
2 3 3012 3013 0 
1 1 0 
2 3 3014 3015 0 
1 1 0 
1 1 0 
2 3 3017 3018 0 
2 3 3016 3019 0 
2 3 3011 3020 0 
1 1 0 
2 3 3021 3022 0 
3 2 0 3023 
3 2 0 3021 
3 2 0 3011 
3 2 0 3009 
3 2 0 3007 
3 2 0 2987 
3 2 0 3006 
3 2 0 2988 
3 2 0 3005 
3 2 0 2989 
3 2 0 3004 
3 2 0 2990 
3 2 0 3003 
3 2 0 2995 
3 2 0 2993 
3 2 0 2991 
3 2 0 2992 
3 2 0 2994 
3 2 0 3002 
3 2 0 2996 
3 2 0 3001 
3 2 0 2997 
3 2 0 3000 
3 2 0 2998 
3 2 0 2999 
3 2 0 3008 
3 2 0 3010 
3 2 0 3020 
3 2 0 3016 
3 2 0 3014 
3 2 0 3012 
3 2 0 3013 
3 2 0 3015 
3 2 0 3019 
3 2 0 3017 
3 2 0 3018 
3 2 0 3022 
1 1 0 
1 1 0 
1 1 0 
2 3 3062 3063 0 
2 3 3061 3064 0 
1 1 0 
1 1 0 
1 1 0 
1 1 0 
1 1 0 
1 1 0 
2 3 3070 3071 0 
2 3 3069 3072 0 
2 3 3068 3073 0 
2 3 3067 3074 0 
1 1 0 
1 1 0 
1 1 0 
1 1 0 
2 3 3078 3079 0 
2 3 3077 3080 0 
2 3 3076 3081 0 
2 3 3075 3082 0 
2 3 3066 3083 0 
2 3 3065 3084 0 
1 1 0 
2 3 3085 3086 0 
3 2 0 3087 
3 2 0 3085 
3 2 0 3065 
3 2 0 3061 
3 2 0 3064 
3 2 0 3062 
3 2 0 3063 
3 2 0 3084 
3 2 0 3066 
3 2 0 3083 
3 2 0 3075 
3 2 0 3067 
3 2 0 3074 
3 2 0 3068 
3 2 0 3073 
3 2 0 3069 
3 2 0 3072 
3 2 0 3070 
3 2 0 3071 
3 2 0 3082 
3 2 0 3076 
3 2 0 3081 
3 2 0 3077 
3 2 0 3080 
3 2 0 3078 
3 2 0 3079 
3 2 0 3086 
1 1 0 
1 1 0 
2 3 3115 3116 0 
1 1 0 
1 1 0 
2 3 3118 3119 0 
1 1 0 
2 3 3120 3121 0 
2 3 3117 3122 0 
1 1 0 
2 3 3123 3124 0 
3 2 0 3125 
3 2 0 3123 
3 2 0 3117 
3 2 0 3115 
3 2 0 3116 
3 2 0 3122 
3 2 0 3120 
3 2 0 3118 
3 2 0 3119 
3 2 0 3121 
3 2 0 3124 
1 1 0 
1 1 0 
1 1 0 
1 1 0 
1 1 0 
2 3 3140 3141 0 
1 1 0 
2 3 3142 3143 0 
2 3 3139 3144 0 
2 3 3138 3145 0 
2 3 3137 3146 0 
1 1 0 
1 1 0 
1 1 0 
1 1 0 
2 3 3150 3151 0 
2 3 3149 3152 0 
1 1 0 
1 1 0 
2 3 3154 3155 0 
1 1 0 
1 1 0 
1 1 0 
2 3 3158 3159 0 
2 3 3157 3160 0 
2 3 3156 3161 0 
1 1 0 
2 3 3162 3163 0 
2 3 3153 3164 0 
2 3 3148 3165 0 
2 3 3147 3166 0 
3 2 0 3167 
3 2 0 3147 
3 2 0 3137 
3 2 0 3146 
3 2 0 3138 
3 2 0 3145 
3 2 0 3139 
3 2 0 3144 
3 2 0 3142 
3 2 0 3140 
3 2 0 3141 
3 2 0 3143 
3 2 0 3166 
3 2 0 3148 
3 2 0 3165 
3 2 0 3153 
3 2 0 3149 
3 2 0 3152 
3 2 0 3150 
3 2 0 3151 
3 2 0 3164 
3 2 0 3162 
3 2 0 3156 
3 2 0 3154 
3 2 0 3155 
3 2 0 3161 
3 2 0 3157 
3 2 0 3160 
3 2 0 3158 
3 2 0 3159 
3 2 0 3163 
1 1 0 
1 1 0 
2 3 3199 3200 0 
1 1 0 
1 1 0 
2 3 3202 3203 0 
2 3 3201 3204 0 
1 1 0 
1 1 0 
1 1 0 
1 1 0 
2 3 3208 3209 0 
1 1 0 
2 3 3210 3211 0 
2 3 3207 3212 0 
1 1 0 
1 1 0 
1 1 0 
1 1 0 
1 1 0 
1 1 0 
1 1 0 
1 1 0 
2 3 3220 3221 0 
2 3 3219 3222 0 
2 3 3218 3223 0 
1 1 0 
1 1 0 
1 1 0 
2 3 3226 3227 0 
2 3 3225 3228 0 
2 3 3224 3229 0 
1 1 0 
2 3 3230 3231 0 
2 3 3217 3232 0 
2 3 3216 3233 0 
2 3 3215 3234 0 
2 3 3214 3235 0 
2 3 3213 3236 0 
2 3 3206 3237 0 
2 3 3205 3238 0 
1 1 0 
2 3 3239 3240 0 
3 2 0 3241 
3 2 0 3239 
3 2 0 3205 
3 2 0 3201 
3 2 0 3199 
3 2 0 3200 
3 2 0 3204 
3 2 0 3202 
3 2 0 3203 
3 2 0 3238 
3 2 0 3206 
3 2 0 3237 
3 2 0 3213 
3 2 0 3207 
3 2 0 3212 
3 2 0 3210 
3 2 0 3208 
3 2 0 3209 
3 2 0 3211 
3 2 0 3236 
3 2 0 3214 
3 2 0 3235 
3 2 0 3215 
3 2 0 3234 
3 2 0 3216 
3 2 0 3233 
3 2 0 3217 
3 2 0 3232 
3 2 0 3230 
3 2 0 3224 
3 2 0 3218 
3 2 0 3223 
3 2 0 3219 
3 2 0 3222 
3 2 0 3220 
3 2 0 3221 
3 2 0 3229 
3 2 0 3225 
3 2 0 3228 
3 2 0 3226 
3 2 0 3227 
3 2 0 3231 
3 2 0 3240 
1 1 0 
1 1 0 
1 1 0 
2 3 3286 3287 0 
2 3 3285 3288 0 
1 1 0 
1 1 0 
1 1 0 
2 3 3291 3292 0 
1 1 0 
1 1 0 
1 1 0 
2 3 3295 3296 0 
2 3 3294 3297 0 
2 3 3293 3298 0 
1 1 0 
2 3 3299 3300 0 
1 1 0 
1 1 0 
2 3 3302 3303 0 
2 3 3301 3304 0 
1 1 0 
2 3 3305 3306 0 
1 1 0 
1 1 0 
1 1 0 
2 3 3309 3310 0 
2 3 3308 3311 0 
1 1 0 
1 1 0 
1 1 0 
1 1 0 
2 3 3315 3316 0 
2 3 3314 3317 0 
2 3 3313 3318 0 
2 3 3312 3319 0 
2 3 3307 3320 0 
2 3 3290 3321 0 
1 1 0 
2 3 3322 3323 0 
2 3 3289 3324 0 
3 2 0 3325 
3 2 0 3289 
3 2 0 3285 
3 2 0 3288 
3 2 0 3286 
3 2 0 3287 
3 2 0 3324 
3 2 0 3322 
3 2 0 3290 
3 2 0 3321 
3 2 0 3307 
3 2 0 3305 
3 2 0 3301 
3 2 0 3299 
3 2 0 3293 
3 2 0 3291 
3 2 0 3292 
3 2 0 3298 
3 2 0 3294 
3 2 0 3297 
3 2 0 3295 
3 2 0 3296 
3 2 0 3300 
3 2 0 3304 
3 2 0 3302 
3 2 0 3303 
3 2 0 3306 
3 2 0 3320 
3 2 0 3312 
3 2 0 3308 
3 2 0 3311 
3 2 0 3309 
3 2 0 3310 
3 2 0 3319 
3 2 0 3313 
3 2 0 3318 
3 2 0 3314 
3 2 0 3317 
3 2 0 3315 
3 2 0 3316 
3 2 0 3323 
1 1 0 
1 1 0 
1 1 0 
2 3 3368 3369 0 
1 1 0 
2 3 3370 3371 0 
1 1 0 
1 1 0 
2 3 3373 3374 0 
2 3 3372 3375 0 
1 1 0 
2 3 3376 3377 0 
1 1 0 
1 1 0 
2 3 3379 3380 0 
2 3 3378 3381 0 
2 3 3367 3382 0 
1 1 0 
1 1 0 
1 1 0 
1 1 0 
2 3 3386 3387 0 
1 1 0 
2 3 3388 3389 0 
2 3 3385 3390 0 
2 3 3384 3391 0 
1 1 0 
2 3 3392 3393 0 
2 3 3383 3394 0 
3 2 0 3395 
3 2 0 3383 
3 2 0 3367 
3 2 0 3382 
3 2 0 3378 
3 2 0 3376 
3 2 0 3372 
3 2 0 3370 
3 2 0 3368 
3 2 0 3369 
3 2 0 3371 
3 2 0 3375 
3 2 0 3373 
3 2 0 3374 
3 2 0 3377 
3 2 0 3381 
3 2 0 3379 
3 2 0 3380 
3 2 0 3394 
3 2 0 3392 
3 2 0 3384 
3 2 0 3391 
3 2 0 3385 
3 2 0 3390 
3 2 0 3388 
3 2 0 3386 
3 2 0 3387 
3 2 0 3389 
3 2 0 3393 
1 1 0 
1 1 0 
2 3 3425 3426 0 
1 1 0 
1 1 0 
2 3 3428 3429 0 
1 1 0 
1 1 0 
2 3 3431 3432 0 
2 3 3430 3433 0 
1 1 0 
1 1 0 
1 1 0 
1 1 0 
2 3 3437 3438 0 
1 1 0 
2 3 3439 3440 0 
1 1 0 
1 1 0 
1 1 0 
1 1 0 
1 1 0 
2 3 3445 3446 0 
2 3 3444 3447 0 
1 1 0 
1 1 0 
1 1 0 
1 1 0 
1 1 0 
1 1 0 
2 3 3453 3454 0 
2 3 3452 3455 0 
2 3 3451 3456 0 
2 3 3450 3457 0 
2 3 3449 3458 0 
2 3 3448 3459 0 
2 3 3443 3460 0 
2 3 3442 3461 0 
2 3 3441 3462 0 
2 3 3436 3463 0 
2 3 3435 3464 0 
2 3 3434 3465 0 
1 1 0 
2 3 3466 3467 0 
2 3 3427 3468 0 
3 2 0 3469 
3 2 0 3427 
3 2 0 3425 
3 2 0 3426 
3 2 0 3468 
3 2 0 3466 
3 2 0 3434 
3 2 0 3430 
3 2 0 3428 
3 2 0 3429 
3 2 0 3433 
3 2 0 3431 
3 2 0 3432 
3 2 0 3465 
3 2 0 3435 
3 2 0 3464 
3 2 0 3436 
3 2 0 3463 
3 2 0 3441 
3 2 0 3439 
3 2 0 3437 
3 2 0 3438 
3 2 0 3440 
3 2 0 3462 
3 2 0 3442 
3 2 0 3461 
3 2 0 3443 
3 2 0 3460 
3 2 0 3448 
3 2 0 3444 
3 2 0 3447 
3 2 0 3445 
3 2 0 3446 
3 2 0 3459 
3 2 0 3449 
3 2 0 3458 
3 2 0 3450 
3 2 0 3457 
3 2 0 3451 
3 2 0 3456 
3 2 0 3452 
3 2 0 3455 
3 2 0 3453 
3 2 0 3454 
3 2 0 3467 
1 1 0 
1 1 0 
1 1 0 
1 1 0 
2 3 3517 3518 0 
2 3 3516 3519 0 
2 3 3515 3520 0 
1 1 0 
1 1 0 
1 1 0 
1 1 0 
2 3 3524 3525 0 
2 3 3523 3526 0 
1 1 0 
2 3 3527 3528 0 
1 1 0 
2 3 3529 3530 0 
2 3 3522 3531 0 
2 3 3521 3532 0 
1 1 0 
1 1 0 
1 1 0 
2 3 3535 3536 0 
1 1 0 
1 1 0 
1 1 0 
1 1 0 
1 1 0 
2 3 3541 3542 0 
1 1 0 
2 3 3543 3544 0 
2 3 3540 3545 0 
2 3 3539 3546 0 
1 1 0 
2 3 3547 3548 0 
1 1 0 
1 1 0 
2 3 3550 3551 0 
1 1 0 
1 1 0 
1 1 0 
1 1 0 
2 3 3555 3556 0 
2 3 3554 3557 0 
1 1 0 
1 1 0 
2 3 3559 3560 0 
2 3 3558 3561 0 
2 3 3553 3562 0 
1 1 0 
1 1 0 
2 3 3564 3565 0 
2 3 3563 3566 0 
2 3 3552 3567 0 
1 1 0 
2 3 3568 3569 0 
2 3 3549 3570 0 
2 3 3538 3571 0 
2 3 3537 3572 0 
2 3 3534 3573 0 
1 1 0 
2 3 3574 3575 0 
2 3 3533 3576 0 
3 2 0 3577 
3 2 0 3533 
3 2 0 3521 
3 2 0 3515 
3 2 0 3520 
3 2 0 3516 
3 2 0 3519 
3 2 0 3517 
3 2 0 3518 
3 2 0 3532 
3 2 0 3522 
3 2 0 3531 
3 2 0 3529 
3 2 0 3527 
3 2 0 3523 
3 2 0 3526 
3 2 0 3524 
3 2 0 3525 
3 2 0 3528 
3 2 0 3530 
3 2 0 3576 
3 2 0 3574 
3 2 0 3534 
3 2 0 3573 
3 2 0 3537 
3 2 0 3535 
3 2 0 3536 
3 2 0 3572 
3 2 0 3538 
3 2 0 3571 
3 2 0 3549 
3 2 0 3547 
3 2 0 3539 
3 2 0 3546 
3 2 0 3540 
3 2 0 3545 
3 2 0 3543 
3 2 0 3541 
3 2 0 3542 
3 2 0 3544 
3 2 0 3548 
3 2 0 3570 
3 2 0 3568 
3 2 0 3552 
3 2 0 3550 
3 2 0 3551 
3 2 0 3567 
3 2 0 3563 
3 2 0 3553 
3 2 0 3562 
3 2 0 3558 
3 2 0 3554 
3 2 0 3557 
3 2 0 3555 
3 2 0 3556 
3 2 0 3561 
3 2 0 3559 
3 2 0 3560 
3 2 0 3566 
3 2 0 3564 
3 2 0 3565 
3 2 0 3569 
3 2 0 3575 
1 1 0 
1 1 0 
1 1 0 
1 1 0 
2 3 3643 3644 0 
2 3 3642 3645 0 
1 1 0 
1 1 0 
2 3 3647 3648 0 
2 3 3646 3649 0 
1 1 0 
2 3 3650 3651 0 
2 3 3641 3652 0 
3 2 0 3653 
3 2 0 3641 
3 2 0 3652 
3 2 0 3650 
3 2 0 3646 
3 2 0 3642 
3 2 0 3645 
3 2 0 3643 
3 2 0 3644 
3 2 0 3649 
3 2 0 3647 
3 2 0 3648 
3 2 0 3651 
1 1 0 
1 1 0 
1 1 0 
2 3 3668 3669 0 
1 1 0 
2 3 3670 3671 0 
1 1 0 
1 1 0 
2 3 3673 3674 0 
2 3 3672 3675 0 
1 1 0 
1 1 0 
1 1 0 
1 1 0 
1 1 0 
1 1 0 
2 3 3681 3682 0 
2 3 3680 3683 0 
2 3 3679 3684 0 
2 3 3678 3685 0 
2 3 3677 3686 0 
1 1 0 
2 3 3687 3688 0 
2 3 3676 3689 0 
2 3 3667 3690 0 
3 2 0 3691 
3 2 0 3667 
3 2 0 3690 
3 2 0 3676 
3 2 0 3672 
3 2 0 3670 
3 2 0 3668 
3 2 0 3669 
3 2 0 3671 
3 2 0 3675 
3 2 0 3673 
3 2 0 3674 
3 2 0 3689 
3 2 0 3687 
3 2 0 3677 
3 2 0 3686 
3 2 0 3678 
3 2 0 3685 
3 2 0 3679 
3 2 0 3684 
3 2 0 3680 
3 2 0 3683 
3 2 0 3681 
3 2 0 3682 
3 2 0 3688 
1 1 0 
1 1 0 
2 3 3717 3718 0 
1 1 0 
1 1 0 
1 1 0 
1 1 0 
1 1 0 
1 1 0 
2 3 3724 3725 0 
1 1 0 
2 3 3726 3727 0 
2 3 3723 3728 0 
1 1 0 
1 1 0 
1 1 0 
1 1 0 
2 3 3732 3733 0 
2 3 3731 3734 0 
2 3 3730 3735 0 
2 3 3729 3736 0 
2 3 3722 3737 0 
2 3 3721 3738 0 
2 3 3720 3739 0 
2 3 3719 3740 0 
1 1 0 
2 3 3741 3742 0 
1 1 0 
2 3 3743 3744 0 
1 1 0 
1 1 0 
1 1 0 
2 3 3747 3748 0 
1 1 0 
1 1 0 
1 1 0 
1 1 0 
1 1 0 
1 1 0 
1 1 0 
2 3 3755 3756 0 
2 3 3754 3757 0 
2 3 3753 3758 0 
2 3 3752 3759 0 
2 3 3751 3760 0 
2 3 3750 3761 0 
2 3 3749 3762 0 
2 3 3746 3763 0 
2 3 3745 3764 0 
1 1 0 
2 3 3765 3766 0 
3 2 0 3767 
3 2 0 3765 
3 2 0 3745 
3 2 0 3743 
3 2 0 3741 
3 2 0 3719 
3 2 0 3717 
3 2 0 3718 
3 2 0 3740 
3 2 0 3720 
3 2 0 3739 
3 2 0 3721 
3 2 0 3738 
3 2 0 3722 
3 2 0 3737 
3 2 0 3729 
3 2 0 3723 
3 2 0 3728 
3 2 0 3726 
3 2 0 3724 
3 2 0 3725 
3 2 0 3727 
3 2 0 3736 
3 2 0 3730 
3 2 0 3735 
3 2 0 3731 
3 2 0 3734 
3 2 0 3732 
3 2 0 3733 
3 2 0 3742 
3 2 0 3744 
3 2 0 3764 
3 2 0 3746 
3 2 0 3763 
3 2 0 3749 
3 2 0 3747 
3 2 0 3748 
3 2 0 3762 
3 2 0 3750 
3 2 0 3761 
3 2 0 3751 
3 2 0 3760 
3 2 0 3752 
3 2 0 3759 
3 2 0 3753 
3 2 0 3758 
3 2 0 3754 
3 2 0 3757 
3 2 0 3755 
3 2 0 3756 
3 2 0 3766 
1 1 0 
1 1 0 
1 1 0 
2 3 3820 3821 0 
2 3 3819 3822 0 
1 1 0 
1 1 0 
2 3 3824 3825 0 
2 3 3823 3826 0 
1 1 0 
1 1 0 
2 3 3828 3829 0 
2 3 3827 3830 0 
1 1 0 
2 3 3831 3832 0 
3 2 0 3833 
3 2 0 3831 
3 2 0 3827 
3 2 0 3823 
3 2 0 3819 
3 2 0 3822 
3 2 0 3820 
3 2 0 3821 
3 2 0 3826 
3 2 0 3824 
3 2 0 3825 
3 2 0 3830 
3 2 0 3828 
3 2 0 3829 
3 2 0 3832 
1 1 0 
1 1 0 
1 1 0 
2 3 3850 3851 0 
1 1 0 
1 1 0 
2 3 3853 3854 0 
1 1 0 
2 3 3855 3856 0 
2 3 3852 3857 0 
2 3 3849 3858 0 
1 1 0 
1 1 0 
1 1 0 
1 1 0 
2 3 3862 3863 0 
2 3 3861 3864 0 
1 1 0 
1 1 0 
1 1 0 
2 3 3867 3868 0 
1 1 0 
2 3 3869 3870 0 
2 3 3866 3871 0 
2 3 3865 3872 0 
1 1 0 
1 1 0 
2 3 3874 3875 0 
1 1 0 
1 1 0 
1 1 0 
2 3 3878 3879 0 
1 1 0 
1 1 0 
1 1 0 
1 1 0 
1 1 0 
2 3 3884 3885 0 
2 3 3883 3886 0 
2 3 3882 3887 0 
2 3 3881 3888 0 
2 3 3880 3889 0 
2 3 3877 3890 0 
2 3 3876 3891 0 
1 1 0 
2 3 3892 3893 0 
2 3 3873 3894 0 
2 3 3860 3895 0 
2 3 3859 3896 0 
3 2 0 3897 
3 2 0 3859 
3 2 0 3849 
3 2 0 3858 
3 2 0 3852 
3 2 0 3850 
3 2 0 3851 
3 2 0 3857 
3 2 0 3855 
3 2 0 3853 
3 2 0 3854 
3 2 0 3856 
3 2 0 3896 
3 2 0 3860 
3 2 0 3895 
3 2 0 3873 
3 2 0 3865 
3 2 0 3861 
3 2 0 3864 
3 2 0 3862 
3 2 0 3863 
3 2 0 3872 
3 2 0 3866 
3 2 0 3871 
3 2 0 3869 
3 2 0 3867 
3 2 0 3868 
3 2 0 3870 
3 2 0 3894 
3 2 0 3892 
3 2 0 3876 
3 2 0 3874 
3 2 0 3875 
3 2 0 3891 
3 2 0 3877 
3 2 0 3890 
3 2 0 3880 
3 2 0 3878 
3 2 0 3879 
3 2 0 3889 
3 2 0 3881 
3 2 0 3888 
3 2 0 3882 
3 2 0 3887 
3 2 0 3883 
3 2 0 3886 
3 2 0 3884 
3 2 0 3885 
3 2 0 3893 
1 1 0 
1 1 0 
1 1 0 
2 3 3948 3949 0 
1 1 0 
1 1 0 
2 3 3951 3952 0 
2 3 3950 3953 0 
1 1 0 
2 3 3954 3955 0 
2 3 3947 3956 0 
3 2 0 3957 
3 2 0 3947 
3 2 0 3956 
3 2 0 3954 
3 2 0 3950 
3 2 0 3948 
3 2 0 3949 
3 2 0 3953 
3 2 0 3951 
3 2 0 3952 
3 2 0 3955 
1 1 0 
1 1 0 
1 1 0 
1 1 0 
1 1 0 
2 3 3972 3973 0 
2 3 3971 3974 0 
2 3 3970 3975 0 
2 3 3969 3976 0 
1 1 0 
1 1 0 
1 1 0 
2 3 3979 3980 0 
1 1 0 
1 1 0 
1 1 0 
1 1 0 
1 1 0 
1 1 0 
1 1 0 
1 1 0 
2 3 3988 3989 0 
2 3 3987 3990 0 
2 3 3986 3991 0 
2 3 3985 3992 0 
2 3 3984 3993 0 
2 3 3983 3994 0 
2 3 3982 3995 0 
1 1 0 
1 1 0 
1 1 0 
1 1 0 
1 1 0 
1 1 0 
2 3 4001 4002 0 
2 3 4000 4003 0 
2 3 3999 4004 0 
2 3 3998 4005 0 
2 3 3997 4006 0 
1 1 0 
1 1 0 
1 1 0 
1 1 0 
1 1 0 
2 3 4011 4012 0 
2 3 4010 4013 0 
2 3 4009 4014 0 
2 3 4008 4015 0 
2 3 4007 4016 0 
2 3 3996 4017 0 
2 3 3981 4018 0 
1 1 0 
2 3 4019 4020 0 
2 3 3978 4021 0 
2 3 3977 4022 0 
3 2 0 4023 
3 2 0 3977 
3 2 0 3969 
3 2 0 3976 
3 2 0 3970 
3 2 0 3975 
3 2 0 3971 
3 2 0 3974 
3 2 0 3972 
3 2 0 3973 
3 2 0 4022 
3 2 0 3978 
3 2 0 4021 
3 2 0 4019 
3 2 0 3981 
3 2 0 3979 
3 2 0 3980 
3 2 0 4018 
3 2 0 3996 
3 2 0 3982 
3 2 0 3995 
3 2 0 3983 
3 2 0 3994 
3 2 0 3984 
3 2 0 3993 
3 2 0 3985 
3 2 0 3992 
3 2 0 3986 
3 2 0 3991 
3 2 0 3987 
3 2 0 3990 
3 2 0 3988 
3 2 0 3989 
3 2 0 4017 
3 2 0 4007 
3 2 0 3997 
3 2 0 4006 
3 2 0 3998 
3 2 0 4005 
3 2 0 3999 
3 2 0 4004 
3 2 0 4000 
3 2 0 4003 
3 2 0 4001 
3 2 0 4002 
3 2 0 4016 
3 2 0 4008 
3 2 0 4015 
3 2 0 4009 
3 2 0 4014 
3 2 0 4010 
3 2 0 4013 
3 2 0 4011 
3 2 0 4012 
3 2 0 4020 
1 1 0 
1 1 0 
1 1 0 
1 1 0 
2 3 4081 4082 0 
2 3 4080 4083 0 
1 1 0 
1 1 0 
1 1 0 
2 3 4086 4087 0 
1 1 0 
1 1 0 
1 1 0 
1 1 0 
2 3 4091 4092 0 
2 3 4090 4093 0 
1 1 0 
2 3 4094 4095 0 
1 1 0 
2 3 4096 4097 0 
1 1 0 
1 1 0 
1 1 0 
1 1 0 
1 1 0 
2 3 4102 4103 0 
2 3 4101 4104 0 
2 3 4100 4105 0 
2 3 4099 4106 0 
1 1 0 
2 3 4107 4108 0 
1 1 0 
2 3 4109 4110 0 
2 3 4098 4111 0 
2 3 4089 4112 0 
2 3 4088 4113 0 
2 3 4085 4114 0 
2 3 4084 4115 0 
1 1 0 
1 1 0 
1 1 0 
2 3 4118 4119 0 
2 3 4117 4120 0 
2 3 4116 4121 0 
2 3 4079 4122 0 
1 1 0 
1 1 0 
1 1 0 
1 1 0 
1 1 0 
1 1 0 
1 1 0 
1 1 0 
1 1 0 
2 3 4131 4132 0 
2 3 4130 4133 0 
2 3 4129 4134 0 
1 1 0 
1 1 0 
1 1 0 
2 3 4137 4138 0 
1 1 0 
1 1 0 
1 1 0 
1 1 0 
1 1 0 
2 3 4143 4144 0 
2 3 4142 4145 0 
2 3 4141 4146 0 
2 3 4140 4147 0 
2 3 4139 4148 0 
2 3 4136 4149 0 
2 3 4135 4150 0 
2 3 4128 4151 0 
2 3 4127 4152 0 
2 3 4126 4153 0 
1 1 0 
2 3 4154 4155 0 
2 3 4125 4156 0 
2 3 4124 4157 0 
2 3 4123 4158 0 
3 2 0 4159 
3 2 0 4123 
3 2 0 4079 
3 2 0 4122 
3 2 0 4116 
3 2 0 4084 
3 2 0 4080 
3 2 0 4083 
3 2 0 4081 
3 2 0 4082 
3 2 0 4115 
3 2 0 4085 
3 2 0 4114 
3 2 0 4088 
3 2 0 4086 
3 2 0 4087 
3 2 0 4113 
3 2 0 4089 
3 2 0 4112 
3 2 0 4098 
3 2 0 4096 
3 2 0 4094 
3 2 0 4090 
3 2 0 4093 
3 2 0 4091 
3 2 0 4092 
3 2 0 4095 
3 2 0 4097 
3 2 0 4111 
3 2 0 4109 
3 2 0 4107 
3 2 0 4099 
3 2 0 4106 
3 2 0 4100 
3 2 0 4105 
3 2 0 4101 
3 2 0 4104 
3 2 0 4102 
3 2 0 4103 
3 2 0 4108 
3 2 0 4110 
3 2 0 4121 
3 2 0 4117 
3 2 0 4120 
3 2 0 4118 
3 2 0 4119 
3 2 0 4158 
3 2 0 4124 
3 2 0 4157 
3 2 0 4125 
3 2 0 4156 
3 2 0 4154 
3 2 0 4126 
3 2 0 4153 
3 2 0 4127 
3 2 0 4152 
3 2 0 4128 
3 2 0 4151 
3 2 0 4135 
3 2 0 4129 
3 2 0 4134 
3 2 0 4130 
3 2 0 4133 
3 2 0 4131 
3 2 0 4132 
3 2 0 4150 
3 2 0 4136 
3 2 0 4149 
3 2 0 4139 
3 2 0 4137 
3 2 0 4138 
3 2 0 4148 
3 2 0 4140 
3 2 0 4147 
3 2 0 4141 
3 2 0 4146 
3 2 0 4142 
3 2 0 4145 
3 2 0 4143 
3 2 0 4144 
3 2 0 4155 
1 1 0 
1 1 0 
1 1 0 
1 1 0 
2 3 4243 4244 0 
1 1 0 
1 1 0 
1 1 0 
1 1 0 
1 1 0 
1 1 0 
1 1 0 
1 1 0 
2 3 4252 4253 0 
1 1 0 
1 1 0 
1 1 0 
2 3 4256 4257 0 
1 1 0 
2 3 4258 4259 0 
2 3 4255 4260 0 
1 1 0 
1 1 0 
1 1 0 
2 3 4263 4264 0 
1 1 0 
1 1 0 
1 1 0 
1 1 0 
2 3 4268 4269 0 
2 3 4267 4270 0 
2 3 4266 4271 0 
2 3 4265 4272 0 
2 3 4262 4273 0 
2 3 4261 4274 0 
2 3 4254 4275 0 
2 3 4251 4276 0 
2 3 4250 4277 0 
2 3 4249 4278 0 
2 3 4248 4279 0 
2 3 4247 4280 0 
2 3 4246 4281 0 
2 3 4245 4282 0 
2 3 4242 4283 0 
2 3 4241 4284 0 
3 2 0 4285 
3 2 0 4241 
3 2 0 4284 
3 2 0 4242 
3 2 0 4283 
3 2 0 4245 
3 2 0 4243 
3 2 0 4244 
3 2 0 4282 
3 2 0 4246 
3 2 0 4281 
3 2 0 4247 
3 2 0 4280 
3 2 0 4248 
3 2 0 4279 
3 2 0 4249 
3 2 0 4278 
3 2 0 4250 
3 2 0 4277 
3 2 0 4251 
3 2 0 4276 
3 2 0 4254 
3 2 0 4252 
3 2 0 4253 
3 2 0 4275 
3 2 0 4261 
3 2 0 4255 
3 2 0 4260 
3 2 0 4258 
3 2 0 4256 
3 2 0 4257 
3 2 0 4259 
3 2 0 4274 
3 2 0 4262 
3 2 0 4273 
3 2 0 4265 
3 2 0 4263 
3 2 0 4264 
3 2 0 4272 
3 2 0 4266 
3 2 0 4271 
3 2 0 4267 
3 2 0 4270 
3 2 0 4268 
3 2 0 4269 
1 1 0 
1 1 0 
1 1 0 
1 1 0 
1 1 0 
2 3 4334 4335 0 
2 3 4333 4336 0 
1 1 0 
1 1 0 
1 1 0 
1 1 0 
1 1 0 
1 1 0 
2 3 4342 4343 0 
1 1 0 
2 3 4344 4345 0 
1 1 0 
2 3 4346 4347 0 
1 1 0 
2 3 4348 4349 0 
1 1 0 
1 1 0 
2 3 4351 4352 0 
2 3 4350 4353 0 
2 3 4341 4354 0 
2 3 4340 4355 0 
1 1 0 
1 1 0 
1 1 0 
1 1 0 
2 3 4359 4360 0 
2 3 4358 4361 0 
1 1 0 
1 1 0 
2 3 4363 4364 0 
2 3 4362 4365 0 
2 3 4357 4366 0 
2 3 4356 4367 0 
2 3 4339 4368 0 
2 3 4338 4369 0 
2 3 4337 4370 0 
1 1 0 
2 3 4371 4372 0 
2 3 4332 4373 0 
2 3 4331 4374 0 
3 2 0 4375 
3 2 0 4331 
3 2 0 4374 
3 2 0 4332 
3 2 0 4373 
3 2 0 4371 
3 2 0 4337 
3 2 0 4333 
3 2 0 4336 
3 2 0 4334 
3 2 0 4335 
3 2 0 4370 
3 2 0 4338 
3 2 0 4369 
3 2 0 4339 
3 2 0 4368 
3 2 0 4356 
3 2 0 4340 
3 2 0 4355 
3 2 0 4341 
3 2 0 4354 
3 2 0 4350 
3 2 0 4348 
3 2 0 4346 
3 2 0 4344 
3 2 0 4342 
3 2 0 4343 
3 2 0 4345 
3 2 0 4347 
3 2 0 4349 
3 2 0 4353 
3 2 0 4351 
3 2 0 4352 
3 2 0 4367 
3 2 0 4357 
3 2 0 4366 
3 2 0 4362 
3 2 0 4358 
3 2 0 4361 
3 2 0 4359 
3 2 0 4360 
3 2 0 4365 
3 2 0 4363 
3 2 0 4364 
3 2 0 4372 
1 1 0 
1 1 0 
1 1 0 
2 3 4422 4423 0 
2 3 4421 4424 0 
1 1 0 
1 1 0 
1 1 0 
1 1 0 
1 1 0 
2 3 4429 4430 0 
1 1 0 
2 3 4431 4432 0 
1 1 0 
1 1 0 
1 1 0 
2 3 4435 4436 0 
2 3 4434 4437 0 
1 1 0 
1 1 0 
1 1 0 
1 1 0 
2 3 4441 4442 0 
1 1 0 
1 1 0 
1 1 0 
1 1 0 
2 3 4446 4447 0 
2 3 4445 4448 0 
2 3 4444 4449 0 
2 3 4443 4450 0 
2 3 4440 4451 0 
2 3 4439 4452 0 
2 3 4438 4453 0 
2 3 4433 4454 0 
2 3 4428 4455 0 
2 3 4427 4456 0 
2 3 4426 4457 0 
2 3 4425 4458 0 
1 1 0 
2 3 4459 4460 0 
1 1 0 
1 1 0 
2 3 4462 4463 0 
1 1 0 
1 1 0 
2 3 4465 4466 0 
1 1 0 
2 3 4467 4468 0 
2 3 4464 4469 0 
2 3 4461 4470 0 
1 1 0 
2 3 4471 4472 0 
1 1 0 
2 3 4473 4474 0 
3 2 0 4475 
3 2 0 4473 
3 2 0 4471 
3 2 0 4461 
3 2 0 4459 
3 2 0 4425 
3 2 0 4421 
3 2 0 4424 
3 2 0 4422 
3 2 0 4423 
3 2 0 4458 
3 2 0 4426 
3 2 0 4457 
3 2 0 4427 
3 2 0 4456 
3 2 0 4428 
3 2 0 4455 
3 2 0 4433 
3 2 0 4431 
3 2 0 4429 
3 2 0 4430 
3 2 0 4432 
3 2 0 4454 
3 2 0 4438 
3 2 0 4434 
3 2 0 4437 
3 2 0 4435 
3 2 0 4436 
3 2 0 4453 
3 2 0 4439 
3 2 0 4452 
3 2 0 4440 
3 2 0 4451 
3 2 0 4443 
3 2 0 4441 
3 2 0 4442 
3 2 0 4450 
3 2 0 4444 
3 2 0 4449 
3 2 0 4445 
3 2 0 4448 
3 2 0 4446 
3 2 0 4447 
3 2 0 4460 
3 2 0 4470 
3 2 0 4464 
3 2 0 4462 
3 2 0 4463 
3 2 0 4469 
3 2 0 4467 
3 2 0 4465 
3 2 0 4466 
3 2 0 4468 
3 2 0 4472 
3 2 0 4474 
1 1 0 
1 1 0 
1 1 0 
2 3 4532 4533 0 
1 1 0 
1 1 0 
2 3 4535 4536 0 
1 1 0 
1 1 0 
2 3 4538 4539 0 
2 3 4537 4540 0 
2 3 4534 4541 0 
1 1 0 
2 3 4542 4543 0 
2 3 4531 4544 0 
3 2 0 4545 
3 2 0 4531 
3 2 0 4544 
3 2 0 4542 
3 2 0 4534 
3 2 0 4532 
3 2 0 4533 
3 2 0 4541 
3 2 0 4537 
3 2 0 4535 
3 2 0 4536 
3 2 0 4540 
3 2 0 4538 
3 2 0 4539 
3 2 0 4543 
1 1 0 
1 1 0 
1 1 0 
1 1 0 
2 3 4563 4564 0 
1 1 0 
1 1 0 
1 1 0 
1 1 0 
2 3 4568 4569 0 
1 1 0 
2 3 4570 4571 0 
1 1 0 
1 1 0 
1 1 0 
1 1 0 
2 3 4575 4576 0 
1 1 0 
1 1 0 
1 1 0 
2 3 4579 4580 0 
1 1 0 
1 1 0 
1 1 0 
2 3 4583 4584 0 
2 3 4582 4585 0 
1 1 0 
1 1 0 
1 1 0 
1 1 0 
2 3 4589 4590 0 
2 3 4588 4591 0 
2 3 4587 4592 0 
2 3 4586 4593 0 
2 3 4581 4594 0 
2 3 4578 4595 0 
2 3 4577 4596 0 
2 3 4574 4597 0 
2 3 4573 4598 0 
2 3 4572 4599 0 
1 1 0 
2 3 4600 4601 0 
2 3 4567 4602 0 
2 3 4566 4603 0 
1 1 0 
2 3 4604 4605 0 
2 3 4565 4606 0 
2 3 4562 4607 0 
2 3 4561 4608 0 
3 2 0 4609 
3 2 0 4561 
3 2 0 4608 
3 2 0 4562 
3 2 0 4607 
3 2 0 4565 
3 2 0 4563 
3 2 0 4564 
3 2 0 4606 
3 2 0 4604 
3 2 0 4566 
3 2 0 4603 
3 2 0 4567 
3 2 0 4602 
3 2 0 4600 
3 2 0 4572 
3 2 0 4570 
3 2 0 4568 
3 2 0 4569 
3 2 0 4571 
3 2 0 4599 
3 2 0 4573 
3 2 0 4598 
3 2 0 4574 
3 2 0 4597 
3 2 0 4577 
3 2 0 4575 
3 2 0 4576 
3 2 0 4596 
3 2 0 4578 
3 2 0 4595 
3 2 0 4581 
3 2 0 4579 
3 2 0 4580 
3 2 0 4594 
3 2 0 4586 
3 2 0 4582 
3 2 0 4585 
3 2 0 4583 
3 2 0 4584 
3 2 0 4593 
3 2 0 4587 
3 2 0 4592 
3 2 0 4588 
3 2 0 4591 
3 2 0 4589 
3 2 0 4590 
3 2 0 4601 
3 2 0 4605 
1 1 0 
1 1 0 
1 1 0 
2 3 4660 4661 0 
2 3 4659 4662 0 
1 1 0 
1 1 0 
1 1 0 
1 1 0 
2 3 4666 4667 0 
1 1 0 
2 3 4668 4669 0 
1 1 0 
1 1 0 
1 1 0 
2 3 4672 4673 0 
2 3 4671 4674 0 
2 3 4670 4675 0 
2 3 4665 4676 0 
1 1 0 
2 3 4677 4678 0 
2 3 4664 4679 0 
2 3 4663 4680 0 
3 2 0 4681 
3 2 0 4663 
3 2 0 4659 
3 2 0 4662 
3 2 0 4660 
3 2 0 4661 
3 2 0 4680 
3 2 0 4664 
3 2 0 4679 
3 2 0 4677 
3 2 0 4665 
3 2 0 4676 
3 2 0 4670 
3 2 0 4668 
3 2 0 4666 
3 2 0 4667 
3 2 0 4669 
3 2 0 4675 
3 2 0 4671 
3 2 0 4674 
3 2 0 4672 
3 2 0 4673 
3 2 0 4678 
64 2352 22 23 24 25 26 27 28 29 30 31 32 33 34 35 36 37 38 39 40 41 42 90 91 92 93 94 95 96 97 98 99 100 101 102 103 104 105 106 107 108 109 110 111 112 113 114 115 116 117 118 119 120 121 122 123 124 125 126 127 128 129 130 131 132 133 134 135 136 174 175 176 177 178 179 180 181 182 183 184 185 186 187 188 189 190 191 192 193 194 195 196 197 198 199 200 201 202 203 204 205 206 207 208 209 210 256 257 258 259 260 261 262 263 264 265 266 267 268 269 270 271 272 273 274 275 276 277 278 279 280 281 282 283 284 285 286 287 288 289 290 291 292 293 294 295 296 297 298 299 300 318 319 320 321 322 323 324 325 326 327 328 329 330 331 332 333 334 368 369 370 371 372 373 374 375 376 377 378 379 380 381 382 383 384 385 386 387 388 389 390 391 392 393 394 395 396 397 398 399 400 438 439 440 441 442 443 444 445 446 447 448 449 450 451 452 453 454 455 456 457 458 459 460 461 462 463 464 465 466 467 468 469 470 471 472 473 474 536 537 538 539 540 541 542 543 544 545 546 547 548 549 550 551 552 553 554 555 556 557 558 559 560 561 562 563 564 565 566 567 568 569 570 571 572 573 574 575 576 577 578 579 580 581 582 583 584 585 586 587 588 589 590 591 592 593 594 595 596 652 653 654 655 656 657 658 659 660 661 662 663 664 665 666 667 668 669 670 671 672 673 674 675 676 677 678 679 680 681 682 683 684 685 686 687 688 689 690 691 692 693 694 695 696 697 698 699 700 701 702 703 704 705 706 750 751 752 753 754 755 756 757 758 759 760 761 762 763 764 765 766 767 768 769 770 771 772 773 774 775 776 777 778 779 780 781 782 783 784 785 786 787 788 789 790 791 792 862 863 864 865 866 867 868 869 870 871 872 873 874 875 876 877 878 879 880 881 882 883 884 885 886 887 888 889 890 891 892 893 894 895 896 897 898 899 900 901 902 903 904 905 906 907 908 909 910 911 912 913 914 915 916 917 918 919 920 921 922 923 924 925 926 927 928 929 930 988 989 990 991 992 993 994 995 996 997 998 999 1000 1001 1002 1003 1004 1005 1006 1007 1008 1009 1010 1011 1012 1013 1014 1015 1016 1017 1018 1019 1020 1021 1022 1023 1024 1025 1026 1027 1028 1029 1030 1031 1032 1033 1034 1035 1036 1037 1038 1039 1040 1041 1042 1043 1044 1074 1075 1076 1077 1078 1079 1080 1081 1082 1083 1084 1085 1086 1087 1088 1089 1090 1091 1092 1093 1094 1095 1096 1097 1098 1099 1100 1101 1102 1138 1139 1140 1141 1142 1143 1144 1145 1146 1147 1148 1149 1150 1151 1152 1153 1154 1155 1156 1157 1158 1159 1160 1161 1162 1163 1164 1165 1166 1167 1168 1169 1170 1171 1172 1214 1215 1216 1217 1218 1219 1220 1221 1222 1223 1224 1225 1226 1227 1228 1229 1230 1231 1232 1233 1234 1235 1236 1237 1238 1239 1240 1241 1242 1243 1244 1245 1246 1247 1248 1249 1250 1251 1252 1253 1254 1272 1273 1274 1275 1276 1277 1278 1279 1280 1281 1282 1283 1284 1285 1286 1287 1288 1336 1337 1338 1339 1340 1341 1342 1343 1344 1345 1346 1347 1348 1349 1350 1351 1352 1353 1354 1355 1356 1357 1358 1359 1360 1361 1362 1363 1364 1365 1366 1367 1368 1369 1370 1371 1372 1373 1374 1375 1376 1377 1378 1379 1380 1381 1382 1406 1407 1408 1409 1410 1411 1412 1413 1414 1415 1416 1417 1418 1419 1420 1421 1422 1423 1424 1425 1426 1427 1428 1454 1455 1456 1457 1458 1459 1460 1461 1462 1463 1464 1465 1466 1467 1468 1469 1470 1471 1472 1473 1474 1475 1476 1477 1478 1524 1525 1526 1527 1528 1529 1530 1531 1532 1533 1534 1535 1536 1537 1538 1539 1540 1541 1542 1543 1544 1545 1546 1547 1548 1549 1550 1551 1552 1553 1554 1555 1556 1557 1558 1559 1560 1561 1562 1563 1564 1565 1566 1567 1568 1600 1601 1602 1603 1604 1605 1606 1607 1608 1609 1610 1611 1612 1613 1614 1615 1616 1617 1618 1619 1620 1621 1622 1623 1624 1625 1626 1627 1628 1629 1630 1656 1657 1658 1659 1660 1661 1662 1663 1664 1665 1666 1667 1668 1669 1670 1671 1672 1673 1674 1675 1676 1677 1678 1679 1680 1718 1719 1720 1721 1722 1723 1724 1725 1726 1727 1728 1729 1730 1731 1732 1733 1734 1735 1736 1737 1738 1739 1740 1741 1742 1743 1744 1745 1746 1747 1748 1749 1750 1751 1752 1753 1754 1778 1779 1780 1781 1782 1783 1784 1785 1786 1787 1788 1789 1790 1791 1792 1793 1794 1795 1796 1797 1798 1799 1800 1870 1871 1872 1873 1874 1875 1876 1877 1878 1879 1880 1881 1882 1883 1884 1885 1886 1887 1888 1889 1890 1891 1892 1893 1894 1895 1896 1897 1898 1899 1900 1901 1902 1903 1904 1905 1906 1907 1908 1909 1910 1911 1912 1913 1914 1915 1916 1917 1918 1919 1920 1921 1922 1923 1924 1925 1926 1927 1928 1929 1930 1931 1932 1933 1934 1935 1936 1937 1938 2000 2001 2002 2003 2004 2005 2006 2007 2008 2009 2010 2011 2012 2013 2014 2015 2016 2017 2018 2019 2020 2021 2022 2023 2024 2025 2026 2027 2028 2029 2030 2031 2032 2033 2034 2035 2036 2037 2038 2039 2040 2041 2042 2043 2044 2045 2046 2047 2048 2049 2050 2051 2052 2053 2054 2055 2056 2057 2058 2059 2060 2084 2085 2086 2087 2088 2089 2090 2091 2092 2093 2094 2095 2096 2097 2098 2099 2100 2101 2102 2103 2104 2105 2106 2140 2141 2142 2143 2144 2145 2146 2147 2148 2149 2150 2151 2152 2153 2154 2155 2156 2157 2158 2159 2160 2161 2162 2163 2164 2165 2166 2167 2168 2169 2170 2171 2172 2200 2201 2202 2203 2204 2205 2206 2207 2208 2209 2210 2211 2212 2213 2214 2215 2216 2217 2218 2219 2220 2221 2222 2223 2224 2225 2226 2242 2243 2244 2245 2246 2247 2248 2249 2250 2251 2252 2253 2254 2255 2256 2300 2301 2302 2303 2304 2305 2306 2307 2308 2309 2310 2311 2312 2313 2314 2315 2316 2317 2318 2319 2320 2321 2322 2323 2324 2325 2326 2327 2328 2329 2330 2331 2332 2333 2334 2335 2336 2337 2338 2339 2340 2341 2342 2382 2383 2384 2385 2386 2387 2388 2389 2390 2391 2392 2393 2394 2395 2396 2397 2398 2399 2400 2401 2402 2403 2404 2405 2406 2407 2408 2409 2410 2411 2412 2413 2414 2415 2416 2417 2418 2419 2420 2482 2483 2484 2485 2486 2487 2488 2489 2490 2491 2492 2493 2494 2495 2496 2497 2498 2499 2500 2501 2502 2503 2504 2505 2506 2507 2508 2509 2510 2511 2512 2513 2514 2515 2516 2517 2518 2519 2520 2521 2522 2523 2524 2525 2526 2527 2528 2529 2530 2531 2532 2533 2534 2535 2536 2537 2538 2539 2540 2541 2542 2556 2557 2558 2559 2560 2561 2562 2563 2564 2565 2566 2567 2568 2600 2601 2602 2603 2604 2605 2606 2607 2608 2609 2610 2611 2612 2613 2614 2615 2616 2617 2618 2619 2620 2621 2622 2623 2624 2625 2626 2627 2628 2629 2630 2660 2661 2662 2663 2664 2665 2666 2667 2668 2669 2670 2671 2672 2673 2674 2675 2676 2677 2678 2679 2680 2681 2682 2683 2684 2685 2686 2687 2688 2708 2709 2710 2711 2712 2713 2714 2715 2716 2717 2718 2719 2720 2721 2722 2723 2724 2725 2726 2752 2753 2754 2755 2756 2757 2758 2759 2760 2761 2762 2763 2764 2765 2766 2767 2768 2769 2770 2771 2772 2773 2774 2775 2776 2796 2797 2798 2799 2800 2801 2802 2803 2804 2805 2806 2807 2808 2809 2810 2811 2812 2813 2814 2848 2849 2850 2851 2852 2853 2854 2855 2856 2857 2858 2859 2860 2861 2862 2863 2864 2865 2866 2867 2868 2869 2870 2871 2872 2873 2874 2875 2876 2877 2878 2879 2880 2934 2935 2936 2937 2938 2939 2940 2941 2942 2943 2944 2945 2946 2947 2948 2949 2950 2951 2952 2953 2954 2955 2956 2957 2958 2959 2960 2961 2962 2963 2964 2965 2966 2967 2968 2969 2970 2971 2972 2973 2974 2975 2976 2977 2978 2979 2980 2981 2982 2983 2984 2985 2986 3024 3025 3026 3027 3028 3029 3030 3031 3032 3033 3034 3035 3036 3037 3038 3039 3040 3041 3042 3043 3044 3045 3046 3047 3048 3049 3050 3051 3052 3053 3054 3055 3056 3057 3058 3059 3060 3088 3089 3090 3091 3092 3093 3094 3095 3096 3097 3098 3099 3100 3101 3102 3103 3104 3105 3106 3107 3108 3109 3110 3111 3112 3113 3114 3126 3127 3128 3129 3130 3131 3132 3133 3134 3135 3136 3168 3169 3170 3171 3172 3173 3174 3175 3176 3177 3178 3179 3180 3181 3182 3183 3184 3185 3186 3187 3188 3189 3190 3191 3192 3193 3194 3195 3196 3197 3198 3242 3243 3244 3245 3246 3247 3248 3249 3250 3251 3252 3253 3254 3255 3256 3257 3258 3259 3260 3261 3262 3263 3264 3265 3266 3267 3268 3269 3270 3271 3272 3273 3274 3275 3276 3277 3278 3279 3280 3281 3282 3283 3284 3326 3327 3328 3329 3330 3331 3332 3333 3334 3335 3336 3337 3338 3339 3340 3341 3342 3343 3344 3345 3346 3347 3348 3349 3350 3351 3352 3353 3354 3355 3356 3357 3358 3359 3360 3361 3362 3363 3364 3365 3366 3396 3397 3398 3399 3400 3401 3402 3403 3404 3405 3406 3407 3408 3409 3410 3411 3412 3413 3414 3415 3416 3417 3418 3419 3420 3421 3422 3423 3424 3470 3471 3472 3473 3474 3475 3476 3477 3478 3479 3480 3481 3482 3483 3484 3485 3486 3487 3488 3489 3490 3491 3492 3493 3494 3495 3496 3497 3498 3499 3500 3501 3502 3503 3504 3505 3506 3507 3508 3509 3510 3511 3512 3513 3514 3578 3579 3580 3581 3582 3583 3584 3585 3586 3587 3588 3589 3590 3591 3592 3593 3594 3595 3596 3597 3598 3599 3600 3601 3602 3603 3604 3605 3606 3607 3608 3609 3610 3611 3612 3613 3614 3615 3616 3617 3618 3619 3620 3621 3622 3623 3624 3625 3626 3627 3628 3629 3630 3631 3632 3633 3634 3635 3636 3637 3638 3639 3640 3654 3655 3656 3657 3658 3659 3660 3661 3662 3663 3664 3665 3666 3692 3693 3694 3695 3696 3697 3698 3699 3700 3701 3702 3703 3704 3705 3706 3707 3708 3709 3710 3711 3712 3713 3714 3715 3716 3768 3769 3770 3771 3772 3773 3774 3775 3776 3777 3778 3779 3780 3781 3782 3783 3784 3785 3786 3787 3788 3789 3790 3791 3792 3793 3794 3795 3796 3797 3798 3799 3800 3801 3802 3803 3804 3805 3806 3807 3808 3809 3810 3811 3812 3813 3814 3815 3816 3817 3818 3834 3835 3836 3837 3838 3839 3840 3841 3842 3843 3844 3845 3846 3847 3848 3898 3899 3900 3901 3902 3903 3904 3905 3906 3907 3908 3909 3910 3911 3912 3913 3914 3915 3916 3917 3918 3919 3920 3921 3922 3923 3924 3925 3926 3927 3928 3929 3930 3931 3932 3933 3934 3935 3936 3937 3938 3939 3940 3941 3942 3943 3944 3945 3946 3958 3959 3960 3961 3962 3963 3964 3965 3966 3967 3968 4024 4025 4026 4027 4028 4029 4030 4031 4032 4033 4034 4035 4036 4037 4038 4039 4040 4041 4042 4043 4044 4045 4046 4047 4048 4049 4050 4051 4052 4053 4054 4055 4056 4057 4058 4059 4060 4061 4062 4063 4064 4065 4066 4067 4068 4069 4070 4071 4072 4073 4074 4075 4076 4077 4078 4160 4161 4162 4163 4164 4165 4166 4167 4168 4169 4170 4171 4172 4173 4174 4175 4176 4177 4178 4179 4180 4181 4182 4183 4184 4185 4186 4187 4188 4189 4190 4191 4192 4193 4194 4195 4196 4197 4198 4199 4200 4201 4202 4203 4204 4205 4206 4207 4208 4209 4210 4211 4212 4213 4214 4215 4216 4217 4218 4219 4220 4221 4222 4223 4224 4225 4226 4227 4228 4229 4230 4231 4232 4233 4234 4235 4236 4237 4238 4239 4240 4286 4287 4288 4289 4290 4291 4292 4293 4294 4295 4296 4297 4298 4299 4300 4301 4302 4303 4304 4305 4306 4307 4308 4309 4310 4311 4312 4313 4314 4315 4316 4317 4318 4319 4320 4321 4322 4323 4324 4325 4326 4327 4328 4329 4330 4376 4377 4378 4379 4380 4381 4382 4383 4384 4385 4386 4387 4388 4389 4390 4391 4392 4393 4394 4395 4396 4397 4398 4399 4400 4401 4402 4403 4404 4405 4406 4407 4408 4409 4410 4411 4412 4413 4414 4415 4416 4417 4418 4419 4420 4476 4477 4478 4479 4480 4481 4482 4483 4484 4485 4486 4487 4488 4489 4490 4491 4492 4493 4494 4495 4496 4497 4498 4499 4500 4501 4502 4503 4504 4505 4506 4507 4508 4509 4510 4511 4512 4513 4514 4515 4516 4517 4518 4519 4520 4521 4522 4523 4524 4525 4526 4527 4528 4529 4530 4546 4547 4548 4549 4550 4551 4552 4553 4554 4555 4556 4557 4558 4559 4560 4610 4611 4612 4613 4614 4615 4616 4617 4618 4619 4620 4621 4622 4623 4624 4625 4626 4627 4628 4629 4630 4631 4632 4633 4634 4635 4636 4637 4638 4639 4640 4641 4642 4643 4644 4645 4646 4647 4648 4649 4650 4651 4652 4653 4654 4655 4656 4657 4658 4682 4683 4684 4685 4686 4687 4688 4689 4690 4691 4692 4693 4694 4695 4696 4697 4698 4699 4700 4701 4702 4703 4704 
