4710
0 0 
1 1 0 
1 1 0 
1 1 0 
2 3 2 3 0 
1 1 0 
2 3 4 5 0 
2 3 1 6 0 
1 1 0 
1 1 0 
1 1 0 
1 1 0 
1 1 0 
2 3 11 12 0 
2 3 10 13 0 
2 3 9 14 0 
2 3 8 15 0 
2 3 7 16 0 
1 1 0 
1 1 0 
1 1 0 
1 1 0 
2 3 20 21 0 
1 1 0 
2 3 22 23 0 
2 3 19 24 0 
2 3 18 25 0 
1 1 0 
2 3 26 27 0 
1 1 0 
1 1 0 
1 1 0 
1 1 0 
2 3 31 32 0 
2 3 30 33 0 
2 3 29 34 0 
2 3 28 35 0 
1 1 0 
2 3 36 37 0 
1 1 0 
1 1 0 
1 1 0 
1 1 0 
2 3 41 42 0 
2 3 40 43 0 
2 3 39 44 0 
2 3 38 45 0 
1 1 0 
2 3 46 47 0 
2 3 17 48 0 
3 2 0 49 
3 2 0 17 
3 2 0 7 
3 2 0 1 
3 2 0 6 
3 2 0 4 
3 2 0 2 
3 2 0 3 
3 2 0 5 
3 2 0 16 
3 2 0 8 
3 2 0 15 
3 2 0 9 
3 2 0 14 
3 2 0 10 
3 2 0 13 
3 2 0 11 
3 2 0 12 
3 2 0 48 
3 2 0 46 
3 2 0 38 
3 2 0 36 
3 2 0 28 
3 2 0 26 
3 2 0 18 
3 2 0 25 
3 2 0 19 
3 2 0 24 
3 2 0 22 
3 2 0 20 
3 2 0 21 
3 2 0 23 
3 2 0 27 
3 2 0 35 
3 2 0 29 
3 2 0 34 
3 2 0 30 
3 2 0 33 
3 2 0 31 
3 2 0 32 
3 2 0 37 
3 2 0 45 
3 2 0 39 
3 2 0 44 
3 2 0 40 
3 2 0 43 
3 2 0 41 
3 2 0 42 
3 2 0 47 
1 1 0 
1 1 0 
1 1 0 
1 1 0 
1 1 0 
2 3 102 103 0 
1 1 0 
1 1 0 
1 1 0 
1 1 0 
1 1 0 
2 3 108 109 0 
1 1 0 
1 1 0 
2 3 111 112 0 
1 1 0 
2 3 113 114 0 
1 1 0 
1 1 0 
2 3 116 117 0 
2 3 115 118 0 
2 3 110 119 0 
2 3 107 120 0 
2 3 106 121 0 
2 3 105 122 0 
2 3 104 123 0 
2 3 101 124 0 
2 3 100 125 0 
2 3 99 126 0 
1 1 0 
1 1 0 
1 1 0 
1 1 0 
2 3 130 131 0 
1 1 0 
1 1 0 
1 1 0 
1 1 0 
1 1 0 
1 1 0 
2 3 137 138 0 
2 3 136 139 0 
2 3 135 140 0 
1 1 0 
2 3 141 142 0 
1 1 0 
2 3 143 144 0 
1 1 0 
2 3 145 146 0 
2 3 134 147 0 
2 3 133 148 0 
2 3 132 149 0 
1 1 0 
2 3 150 151 0 
2 3 129 152 0 
2 3 128 153 0 
2 3 127 154 0 
3 2 0 155 
3 2 0 127 
3 2 0 99 
3 2 0 126 
3 2 0 100 
3 2 0 125 
3 2 0 101 
3 2 0 124 
3 2 0 104 
3 2 0 102 
3 2 0 103 
3 2 0 123 
3 2 0 105 
3 2 0 122 
3 2 0 106 
3 2 0 121 
3 2 0 107 
3 2 0 120 
3 2 0 110 
3 2 0 108 
3 2 0 109 
3 2 0 119 
3 2 0 115 
3 2 0 113 
3 2 0 111 
3 2 0 112 
3 2 0 114 
3 2 0 118 
3 2 0 116 
3 2 0 117 
3 2 0 154 
3 2 0 128 
3 2 0 153 
3 2 0 129 
3 2 0 152 
3 2 0 150 
3 2 0 132 
3 2 0 130 
3 2 0 131 
3 2 0 149 
3 2 0 133 
3 2 0 148 
3 2 0 134 
3 2 0 147 
3 2 0 145 
3 2 0 143 
3 2 0 141 
3 2 0 135 
3 2 0 140 
3 2 0 136 
3 2 0 139 
3 2 0 137 
3 2 0 138 
3 2 0 142 
3 2 0 144 
3 2 0 146 
3 2 0 151 
1 1 0 
1 1 0 
1 1 0 
2 3 214 215 0 
2 3 213 216 0 
1 1 0 
1 1 0 
1 1 0 
1 1 0 
1 1 0 
2 3 221 222 0 
1 1 0 
1 1 0 
1 1 0 
1 1 0 
1 1 0 
2 3 227 228 0 
2 3 226 229 0 
2 3 225 230 0 
1 1 0 
1 1 0 
1 1 0 
1 1 0 
2 3 234 235 0 
2 3 233 236 0 
1 1 0 
1 1 0 
1 1 0 
2 3 239 240 0 
2 3 238 241 0 
2 3 237 242 0 
2 3 232 243 0 
2 3 231 244 0 
1 1 0 
2 3 245 246 0 
1 1 0 
1 1 0 
2 3 248 249 0 
2 3 247 250 0 
2 3 224 251 0 
2 3 223 252 0 
2 3 220 253 0 
1 1 0 
2 3 254 255 0 
2 3 219 256 0 
2 3 218 257 0 
2 3 217 258 0 
3 2 0 259 
3 2 0 217 
3 2 0 213 
3 2 0 216 
3 2 0 214 
3 2 0 215 
3 2 0 258 
3 2 0 218 
3 2 0 257 
3 2 0 219 
3 2 0 256 
3 2 0 254 
3 2 0 220 
3 2 0 253 
3 2 0 223 
3 2 0 221 
3 2 0 222 
3 2 0 252 
3 2 0 224 
3 2 0 251 
3 2 0 247 
3 2 0 245 
3 2 0 231 
3 2 0 225 
3 2 0 230 
3 2 0 226 
3 2 0 229 
3 2 0 227 
3 2 0 228 
3 2 0 244 
3 2 0 232 
3 2 0 243 
3 2 0 237 
3 2 0 233 
3 2 0 236 
3 2 0 234 
3 2 0 235 
3 2 0 242 
3 2 0 238 
3 2 0 241 
3 2 0 239 
3 2 0 240 
3 2 0 246 
3 2 0 250 
3 2 0 248 
3 2 0 249 
3 2 0 255 
1 1 0 
1 1 0 
1 1 0 
1 1 0 
2 3 309 310 0 
2 3 308 311 0 
2 3 307 312 0 
1 1 0 
1 1 0 
1 1 0 
1 1 0 
1 1 0 
1 1 0 
2 3 318 319 0 
2 3 317 320 0 
2 3 316 321 0 
2 3 315 322 0 
2 3 314 323 0 
2 3 313 324 0 
1 1 0 
2 3 325 326 0 
3 2 0 327 
3 2 0 325 
3 2 0 313 
3 2 0 307 
3 2 0 312 
3 2 0 308 
3 2 0 311 
3 2 0 309 
3 2 0 310 
3 2 0 324 
3 2 0 314 
3 2 0 323 
3 2 0 315 
3 2 0 322 
3 2 0 316 
3 2 0 321 
3 2 0 317 
3 2 0 320 
3 2 0 318 
3 2 0 319 
3 2 0 326 
1 1 0 
1 1 0 
1 1 0 
1 1 0 
1 1 0 
1 1 0 
2 3 353 354 0 
2 3 352 355 0 
2 3 351 356 0 
2 3 350 357 0 
1 1 0 
1 1 0 
1 1 0 
1 1 0 
1 1 0 
1 1 0 
2 3 363 364 0 
2 3 362 365 0 
2 3 361 366 0 
2 3 360 367 0 
1 1 0 
1 1 0 
1 1 0 
2 3 370 371 0 
1 1 0 
2 3 372 373 0 
2 3 369 374 0 
2 3 368 375 0 
1 1 0 
1 1 0 
2 3 377 378 0 
1 1 0 
1 1 0 
1 1 0 
1 1 0 
1 1 0 
2 3 383 384 0 
2 3 382 385 0 
2 3 381 386 0 
1 1 0 
1 1 0 
2 3 388 389 0 
2 3 387 390 0 
2 3 380 391 0 
2 3 379 392 0 
1 1 0 
2 3 393 394 0 
2 3 376 395 0 
2 3 359 396 0 
2 3 358 397 0 
2 3 349 398 0 
3 2 0 399 
3 2 0 349 
3 2 0 398 
3 2 0 358 
3 2 0 350 
3 2 0 357 
3 2 0 351 
3 2 0 356 
3 2 0 352 
3 2 0 355 
3 2 0 353 
3 2 0 354 
3 2 0 397 
3 2 0 359 
3 2 0 396 
3 2 0 376 
3 2 0 368 
3 2 0 360 
3 2 0 367 
3 2 0 361 
3 2 0 366 
3 2 0 362 
3 2 0 365 
3 2 0 363 
3 2 0 364 
3 2 0 375 
3 2 0 369 
3 2 0 374 
3 2 0 372 
3 2 0 370 
3 2 0 371 
3 2 0 373 
3 2 0 395 
3 2 0 393 
3 2 0 379 
3 2 0 377 
3 2 0 378 
3 2 0 392 
3 2 0 380 
3 2 0 391 
3 2 0 387 
3 2 0 381 
3 2 0 386 
3 2 0 382 
3 2 0 385 
3 2 0 383 
3 2 0 384 
3 2 0 390 
3 2 0 388 
3 2 0 389 
3 2 0 394 
1 1 0 
1 1 0 
1 1 0 
1 1 0 
2 3 453 454 0 
2 3 452 455 0 
1 1 0 
1 1 0 
1 1 0 
1 1 0 
1 1 0 
1 1 0 
1 1 0 
1 1 0 
1 1 0 
1 1 0 
1 1 0 
1 1 0 
1 1 0 
2 3 468 469 0 
2 3 467 470 0 
2 3 466 471 0 
2 3 465 472 0 
1 1 0 
1 1 0 
2 3 474 475 0 
2 3 473 476 0 
2 3 464 477 0 
1 1 0 
1 1 0 
1 1 0 
1 1 0 
2 3 481 482 0 
1 1 0 
2 3 483 484 0 
2 3 480 485 0 
2 3 479 486 0 
2 3 478 487 0 
2 3 463 488 0 
2 3 462 489 0 
2 3 461 490 0 
2 3 460 491 0 
2 3 459 492 0 
2 3 458 493 0 
2 3 457 494 0 
2 3 456 495 0 
1 1 0 
2 3 496 497 0 
2 3 451 498 0 
3 2 0 499 
3 2 0 451 
3 2 0 498 
3 2 0 496 
3 2 0 456 
3 2 0 452 
3 2 0 455 
3 2 0 453 
3 2 0 454 
3 2 0 495 
3 2 0 457 
3 2 0 494 
3 2 0 458 
3 2 0 493 
3 2 0 459 
3 2 0 492 
3 2 0 460 
3 2 0 491 
3 2 0 461 
3 2 0 490 
3 2 0 462 
3 2 0 489 
3 2 0 463 
3 2 0 488 
3 2 0 478 
3 2 0 464 
3 2 0 477 
3 2 0 473 
3 2 0 465 
3 2 0 472 
3 2 0 466 
3 2 0 471 
3 2 0 467 
3 2 0 470 
3 2 0 468 
3 2 0 469 
3 2 0 476 
3 2 0 474 
3 2 0 475 
3 2 0 487 
3 2 0 479 
3 2 0 486 
3 2 0 480 
3 2 0 485 
3 2 0 483 
3 2 0 481 
3 2 0 482 
3 2 0 484 
3 2 0 497 
1 1 0 
1 1 0 
1 1 0 
1 1 0 
2 3 551 552 0 
1 1 0 
1 1 0 
1 1 0 
2 3 555 556 0 
2 3 554 557 0 
2 3 553 558 0 
2 3 550 559 0 
1 1 0 
2 3 560 561 0 
2 3 549 562 0 
1 1 0 
2 3 563 564 0 
1 1 0 
2 3 565 566 0 
1 1 0 
1 1 0 
1 1 0 
2 3 569 570 0 
1 1 0 
1 1 0 
2 3 572 573 0 
1 1 0 
1 1 0 
1 1 0 
2 3 576 577 0 
1 1 0 
2 3 578 579 0 
1 1 0 
2 3 580 581 0 
1 1 0 
1 1 0 
2 3 583 584 0 
2 3 582 585 0 
2 3 575 586 0 
2 3 574 587 0 
2 3 571 588 0 
2 3 568 589 0 
2 3 567 590 0 
1 1 0 
2 3 591 592 0 
3 2 0 593 
3 2 0 591 
3 2 0 567 
3 2 0 565 
3 2 0 563 
3 2 0 549 
3 2 0 562 
3 2 0 560 
3 2 0 550 
3 2 0 559 
3 2 0 553 
3 2 0 551 
3 2 0 552 
3 2 0 558 
3 2 0 554 
3 2 0 557 
3 2 0 555 
3 2 0 556 
3 2 0 561 
3 2 0 564 
3 2 0 566 
3 2 0 590 
3 2 0 568 
3 2 0 589 
3 2 0 571 
3 2 0 569 
3 2 0 570 
3 2 0 588 
3 2 0 574 
3 2 0 572 
3 2 0 573 
3 2 0 587 
3 2 0 575 
3 2 0 586 
3 2 0 582 
3 2 0 580 
3 2 0 578 
3 2 0 576 
3 2 0 577 
3 2 0 579 
3 2 0 581 
3 2 0 585 
3 2 0 583 
3 2 0 584 
3 2 0 592 
1 1 0 
1 1 0 
2 3 639 640 0 
1 1 0 
2 3 641 642 0 
1 1 0 
1 1 0 
1 1 0 
1 1 0 
1 1 0 
1 1 0 
1 1 0 
1 1 0 
2 3 650 651 0 
2 3 649 652 0 
2 3 648 653 0 
1 1 0 
2 3 654 655 0 
2 3 647 656 0 
2 3 646 657 0 
2 3 645 658 0 
2 3 644 659 0 
1 1 0 
2 3 660 661 0 
2 3 643 662 0 
3 2 0 663 
3 2 0 643 
3 2 0 641 
3 2 0 639 
3 2 0 640 
3 2 0 642 
3 2 0 662 
3 2 0 660 
3 2 0 644 
3 2 0 659 
3 2 0 645 
3 2 0 658 
3 2 0 646 
3 2 0 657 
3 2 0 647 
3 2 0 656 
3 2 0 654 
3 2 0 648 
3 2 0 653 
3 2 0 649 
3 2 0 652 
3 2 0 650 
3 2 0 651 
3 2 0 655 
3 2 0 661 
1 1 0 
1 1 0 
1 1 0 
1 1 0 
1 1 0 
1 1 0 
1 1 0 
1 1 0 
1 1 0 
1 1 0 
1 1 0 
2 3 698 699 0 
1 1 0 
1 1 0 
1 1 0 
1 1 0 
1 1 0 
2 3 704 705 0 
2 3 703 706 0 
2 3 702 707 0 
1 1 0 
2 3 708 709 0 
2 3 701 710 0 
2 3 700 711 0 
2 3 697 712 0 
2 3 696 713 0 
2 3 695 714 0 
2 3 694 715 0 
2 3 693 716 0 
2 3 692 717 0 
2 3 691 718 0 
2 3 690 719 0 
2 3 689 720 0 
1 1 0 
1 1 0 
1 1 0 
1 1 0 
1 1 0 
1 1 0 
1 1 0 
1 1 0 
2 3 728 729 0 
2 3 727 730 0 
2 3 726 731 0 
2 3 725 732 0 
1 1 0 
2 3 733 734 0 
2 3 724 735 0 
2 3 723 736 0 
2 3 722 737 0 
2 3 721 738 0 
3 2 0 739 
3 2 0 721 
3 2 0 689 
3 2 0 720 
3 2 0 690 
3 2 0 719 
3 2 0 691 
3 2 0 718 
3 2 0 692 
3 2 0 717 
3 2 0 693 
3 2 0 716 
3 2 0 694 
3 2 0 715 
3 2 0 695 
3 2 0 714 
3 2 0 696 
3 2 0 713 
3 2 0 697 
3 2 0 712 
3 2 0 700 
3 2 0 698 
3 2 0 699 
3 2 0 711 
3 2 0 701 
3 2 0 710 
3 2 0 708 
3 2 0 702 
3 2 0 707 
3 2 0 703 
3 2 0 706 
3 2 0 704 
3 2 0 705 
3 2 0 709 
3 2 0 738 
3 2 0 722 
3 2 0 737 
3 2 0 723 
3 2 0 736 
3 2 0 724 
3 2 0 735 
3 2 0 733 
3 2 0 725 
3 2 0 732 
3 2 0 726 
3 2 0 731 
3 2 0 727 
3 2 0 730 
3 2 0 728 
3 2 0 729 
3 2 0 734 
1 1 0 
1 1 0 
1 1 0 
2 3 792 793 0 
2 3 791 794 0 
1 1 0 
1 1 0 
1 1 0 
2 3 797 798 0 
1 1 0 
1 1 0 
1 1 0 
1 1 0 
1 1 0 
1 1 0 
1 1 0 
2 3 805 806 0 
2 3 804 807 0 
2 3 803 808 0 
2 3 802 809 0 
2 3 801 810 0 
1 1 0 
2 3 811 812 0 
2 3 800 813 0 
2 3 799 814 0 
1 1 0 
2 3 815 816 0 
1 1 0 
1 1 0 
1 1 0 
2 3 819 820 0 
2 3 818 821 0 
1 1 0 
1 1 0 
2 3 823 824 0 
2 3 822 825 0 
1 1 0 
1 1 0 
2 3 827 828 0 
2 3 826 829 0 
2 3 817 830 0 
2 3 796 831 0 
2 3 795 832 0 
1 1 0 
1 1 0 
2 3 834 835 0 
1 1 0 
2 3 836 837 0 
1 1 0 
2 3 838 839 0 
2 3 833 840 0 
3 2 0 841 
3 2 0 833 
3 2 0 795 
3 2 0 791 
3 2 0 794 
3 2 0 792 
3 2 0 793 
3 2 0 832 
3 2 0 796 
3 2 0 831 
3 2 0 817 
3 2 0 815 
3 2 0 799 
3 2 0 797 
3 2 0 798 
3 2 0 814 
3 2 0 800 
3 2 0 813 
3 2 0 811 
3 2 0 801 
3 2 0 810 
3 2 0 802 
3 2 0 809 
3 2 0 803 
3 2 0 808 
3 2 0 804 
3 2 0 807 
3 2 0 805 
3 2 0 806 
3 2 0 812 
3 2 0 816 
3 2 0 830 
3 2 0 826 
3 2 0 822 
3 2 0 818 
3 2 0 821 
3 2 0 819 
3 2 0 820 
3 2 0 825 
3 2 0 823 
3 2 0 824 
3 2 0 829 
3 2 0 827 
3 2 0 828 
3 2 0 840 
3 2 0 838 
3 2 0 836 
3 2 0 834 
3 2 0 835 
3 2 0 837 
3 2 0 839 
1 1 0 
1 1 0 
1 1 0 
2 3 894 895 0 
1 1 0 
1 1 0 
1 1 0 
2 3 898 899 0 
1 1 0 
1 1 0 
2 3 901 902 0 
1 1 0 
2 3 903 904 0 
1 1 0 
2 3 905 906 0 
2 3 900 907 0 
2 3 897 908 0 
2 3 896 909 0 
1 1 0 
2 3 910 911 0 
2 3 893 912 0 
3 2 0 913 
3 2 0 893 
3 2 0 912 
3 2 0 910 
3 2 0 896 
3 2 0 894 
3 2 0 895 
3 2 0 909 
3 2 0 897 
3 2 0 908 
3 2 0 900 
3 2 0 898 
3 2 0 899 
3 2 0 907 
3 2 0 905 
3 2 0 903 
3 2 0 901 
3 2 0 902 
3 2 0 904 
3 2 0 906 
3 2 0 911 
1 1 0 
1 1 0 
1 1 0 
1 1 0 
1 1 0 
2 3 938 939 0 
2 3 937 940 0 
2 3 936 941 0 
2 3 935 942 0 
1 1 0 
2 3 943 944 0 
1 1 0 
1 1 0 
2 3 946 947 0 
1 1 0 
2 3 948 949 0 
1 1 0 
2 3 950 951 0 
2 3 945 952 0 
1 1 0 
1 1 0 
2 3 954 955 0 
1 1 0 
2 3 956 957 0 
2 3 953 958 0 
3 2 0 959 
3 2 0 953 
3 2 0 945 
3 2 0 943 
3 2 0 935 
3 2 0 942 
3 2 0 936 
3 2 0 941 
3 2 0 937 
3 2 0 940 
3 2 0 938 
3 2 0 939 
3 2 0 944 
3 2 0 952 
3 2 0 950 
3 2 0 948 
3 2 0 946 
3 2 0 947 
3 2 0 949 
3 2 0 951 
3 2 0 958 
3 2 0 956 
3 2 0 954 
3 2 0 955 
3 2 0 957 
1 1 0 
1 1 0 
1 1 0 
2 3 986 987 0 
1 1 0 
1 1 0 
1 1 0 
1 1 0 
1 1 0 
1 1 0 
1 1 0 
1 1 0 
1 1 0 
2 3 996 997 0 
2 3 995 998 0 
1 1 0 
1 1 0 
2 3 1000 1001 0 
2 3 999 1002 0 
2 3 994 1003 0 
2 3 993 1004 0 
1 1 0 
2 3 1005 1006 0 
1 1 0 
1 1 0 
2 3 1008 1009 0 
1 1 0 
1 1 0 
2 3 1011 1012 0 
1 1 0 
2 3 1013 1014 0 
2 3 1010 1015 0 
2 3 1007 1016 0 
2 3 992 1017 0 
2 3 991 1018 0 
2 3 990 1019 0 
2 3 989 1020 0 
2 3 988 1021 0 
1 1 0 
1 1 0 
1 1 0 
1 1 0 
1 1 0 
2 3 1026 1027 0 
1 1 0 
2 3 1028 1029 0 
2 3 1025 1030 0 
2 3 1024 1031 0 
1 1 0 
1 1 0 
1 1 0 
2 3 1034 1035 0 
1 1 0 
2 3 1036 1037 0 
1 1 0 
2 3 1038 1039 0 
1 1 0 
2 3 1040 1041 0 
1 1 0 
1 1 0 
1 1 0 
1 1 0 
1 1 0 
1 1 0 
2 3 1047 1048 0 
2 3 1046 1049 0 
2 3 1045 1050 0 
1 1 0 
2 3 1051 1052 0 
2 3 1044 1053 0 
1 1 0 
2 3 1054 1055 0 
1 1 0 
2 3 1056 1057 0 
2 3 1043 1058 0 
2 3 1042 1059 0 
2 3 1033 1060 0 
2 3 1032 1061 0 
2 3 1023 1062 0 
1 1 0 
2 3 1063 1064 0 
2 3 1022 1065 0 
2 3 985 1066 0 
3 2 0 1067 
3 2 0 985 
3 2 0 1066 
3 2 0 1022 
3 2 0 988 
3 2 0 986 
3 2 0 987 
3 2 0 1021 
3 2 0 989 
3 2 0 1020 
3 2 0 990 
3 2 0 1019 
3 2 0 991 
3 2 0 1018 
3 2 0 992 
3 2 0 1017 
3 2 0 1007 
3 2 0 1005 
3 2 0 993 
3 2 0 1004 
3 2 0 994 
3 2 0 1003 
3 2 0 999 
3 2 0 995 
3 2 0 998 
3 2 0 996 
3 2 0 997 
3 2 0 1002 
3 2 0 1000 
3 2 0 1001 
3 2 0 1006 
3 2 0 1016 
3 2 0 1010 
3 2 0 1008 
3 2 0 1009 
3 2 0 1015 
3 2 0 1013 
3 2 0 1011 
3 2 0 1012 
3 2 0 1014 
3 2 0 1065 
3 2 0 1063 
3 2 0 1023 
3 2 0 1062 
3 2 0 1032 
3 2 0 1024 
3 2 0 1031 
3 2 0 1025 
3 2 0 1030 
3 2 0 1028 
3 2 0 1026 
3 2 0 1027 
3 2 0 1029 
3 2 0 1061 
3 2 0 1033 
3 2 0 1060 
3 2 0 1042 
3 2 0 1040 
3 2 0 1038 
3 2 0 1036 
3 2 0 1034 
3 2 0 1035 
3 2 0 1037 
3 2 0 1039 
3 2 0 1041 
3 2 0 1059 
3 2 0 1043 
3 2 0 1058 
3 2 0 1056 
3 2 0 1054 
3 2 0 1044 
3 2 0 1053 
3 2 0 1051 
3 2 0 1045 
3 2 0 1050 
3 2 0 1046 
3 2 0 1049 
3 2 0 1047 
3 2 0 1048 
3 2 0 1052 
3 2 0 1055 
3 2 0 1057 
3 2 0 1064 
1 1 0 
1 1 0 
2 3 1151 1152 0 
3 2 0 1153 
3 2 0 1151 
3 2 0 1152 
1 1 0 
1 1 0 
2 3 1157 1158 0 
3 2 0 1159 
3 2 0 1157 
3 2 0 1158 
1 1 0 
1 1 0 
1 1 0 
1 1 0 
1 1 0 
1 1 0 
2 3 1167 1168 0 
2 3 1166 1169 0 
2 3 1165 1170 0 
1 1 0 
1 1 0 
1 1 0 
1 1 0 
1 1 0 
2 3 1175 1176 0 
2 3 1174 1177 0 
2 3 1173 1178 0 
2 3 1172 1179 0 
2 3 1171 1180 0 
2 3 1164 1181 0 
2 3 1163 1182 0 
1 1 0 
2 3 1183 1184 0 
3 2 0 1185 
3 2 0 1183 
3 2 0 1163 
3 2 0 1182 
3 2 0 1164 
3 2 0 1181 
3 2 0 1171 
3 2 0 1165 
3 2 0 1170 
3 2 0 1166 
3 2 0 1169 
3 2 0 1167 
3 2 0 1168 
3 2 0 1180 
3 2 0 1172 
3 2 0 1179 
3 2 0 1173 
3 2 0 1178 
3 2 0 1174 
3 2 0 1177 
3 2 0 1175 
3 2 0 1176 
3 2 0 1184 
1 1 0 
1 1 0 
2 3 1209 1210 0 
1 1 0 
1 1 0 
2 3 1212 1213 0 
1 1 0 
2 3 1214 1215 0 
2 3 1211 1216 0 
3 2 0 1217 
3 2 0 1211 
3 2 0 1209 
3 2 0 1210 
3 2 0 1216 
3 2 0 1214 
3 2 0 1212 
3 2 0 1213 
3 2 0 1215 
1 1 0 
1 1 0 
1 1 0 
2 3 1228 1229 0 
2 3 1227 1230 0 
1 1 0 
1 1 0 
1 1 0 
1 1 0 
2 3 1234 1235 0 
2 3 1233 1236 0 
2 3 1232 1237 0 
2 3 1231 1238 0 
1 1 0 
1 1 0 
1 1 0 
1 1 0 
1 1 0 
1 1 0 
1 1 0 
1 1 0 
1 1 0 
1 1 0 
1 1 0 
2 3 1249 1250 0 
2 3 1248 1251 0 
2 3 1247 1252 0 
2 3 1246 1253 0 
1 1 0 
1 1 0 
1 1 0 
1 1 0 
2 3 1257 1258 0 
2 3 1256 1259 0 
2 3 1255 1260 0 
2 3 1254 1261 0 
2 3 1245 1262 0 
2 3 1244 1263 0 
2 3 1243 1264 0 
2 3 1242 1265 0 
2 3 1241 1266 0 
2 3 1240 1267 0 
1 1 0 
2 3 1268 1269 0 
2 3 1239 1270 0 
3 2 0 1271 
3 2 0 1239 
3 2 0 1231 
3 2 0 1227 
3 2 0 1230 
3 2 0 1228 
3 2 0 1229 
3 2 0 1238 
3 2 0 1232 
3 2 0 1237 
3 2 0 1233 
3 2 0 1236 
3 2 0 1234 
3 2 0 1235 
3 2 0 1270 
3 2 0 1268 
3 2 0 1240 
3 2 0 1267 
3 2 0 1241 
3 2 0 1266 
3 2 0 1242 
3 2 0 1265 
3 2 0 1243 
3 2 0 1264 
3 2 0 1244 
3 2 0 1263 
3 2 0 1245 
3 2 0 1262 
3 2 0 1254 
3 2 0 1246 
3 2 0 1253 
3 2 0 1247 
3 2 0 1252 
3 2 0 1248 
3 2 0 1251 
3 2 0 1249 
3 2 0 1250 
3 2 0 1261 
3 2 0 1255 
3 2 0 1260 
3 2 0 1256 
3 2 0 1259 
3 2 0 1257 
3 2 0 1258 
3 2 0 1269 
1 1 0 
1 1 0 
1 1 0 
2 3 1318 1319 0 
2 3 1317 1320 0 
1 1 0 
2 3 1321 1322 0 
1 1 0 
2 3 1323 1324 0 
1 1 0 
1 1 0 
1 1 0 
2 3 1327 1328 0 
1 1 0 
1 1 0 
1 1 0 
1 1 0 
1 1 0 
1 1 0 
2 3 1334 1335 0 
2 3 1333 1336 0 
1 1 0 
1 1 0 
1 1 0 
2 3 1339 1340 0 
2 3 1338 1341 0 
2 3 1337 1342 0 
1 1 0 
2 3 1343 1344 0 
1 1 0 
1 1 0 
1 1 0 
1 1 0 
2 3 1348 1349 0 
2 3 1347 1350 0 
2 3 1346 1351 0 
2 3 1345 1352 0 
1 1 0 
2 3 1353 1354 0 
1 1 0 
2 3 1355 1356 0 
1 1 0 
1 1 0 
1 1 0 
1 1 0 
2 3 1360 1361 0 
2 3 1359 1362 0 
2 3 1358 1363 0 
2 3 1357 1364 0 
2 3 1332 1365 0 
2 3 1331 1366 0 
2 3 1330 1367 0 
2 3 1329 1368 0 
2 3 1326 1369 0 
2 3 1325 1370 0 
1 1 0 
2 3 1371 1372 0 
3 2 0 1373 
3 2 0 1371 
3 2 0 1325 
3 2 0 1323 
3 2 0 1321 
3 2 0 1317 
3 2 0 1320 
3 2 0 1318 
3 2 0 1319 
3 2 0 1322 
3 2 0 1324 
3 2 0 1370 
3 2 0 1326 
3 2 0 1369 
3 2 0 1329 
3 2 0 1327 
3 2 0 1328 
3 2 0 1368 
3 2 0 1330 
3 2 0 1367 
3 2 0 1331 
3 2 0 1366 
3 2 0 1332 
3 2 0 1365 
3 2 0 1357 
3 2 0 1355 
3 2 0 1353 
3 2 0 1345 
3 2 0 1343 
3 2 0 1337 
3 2 0 1333 
3 2 0 1336 
3 2 0 1334 
3 2 0 1335 
3 2 0 1342 
3 2 0 1338 
3 2 0 1341 
3 2 0 1339 
3 2 0 1340 
3 2 0 1344 
3 2 0 1352 
3 2 0 1346 
3 2 0 1351 
3 2 0 1347 
3 2 0 1350 
3 2 0 1348 
3 2 0 1349 
3 2 0 1354 
3 2 0 1356 
3 2 0 1364 
3 2 0 1358 
3 2 0 1363 
3 2 0 1359 
3 2 0 1362 
3 2 0 1360 
3 2 0 1361 
3 2 0 1372 
1 1 0 
1 1 0 
1 1 0 
1 1 0 
1 1 0 
1 1 0 
1 1 0 
1 1 0 
1 1 0 
1 1 0 
2 3 1439 1440 0 
2 3 1438 1441 0 
2 3 1437 1442 0 
2 3 1436 1443 0 
2 3 1435 1444 0 
2 3 1434 1445 0 
2 3 1433 1446 0 
1 1 0 
1 1 0 
1 1 0 
2 3 1449 1450 0 
1 1 0 
1 1 0 
1 1 0 
2 3 1453 1454 0 
2 3 1452 1455 0 
1 1 0 
2 3 1456 1457 0 
2 3 1451 1458 0 
2 3 1448 1459 0 
2 3 1447 1460 0 
2 3 1432 1461 0 
2 3 1431 1462 0 
3 2 0 1463 
3 2 0 1431 
3 2 0 1462 
3 2 0 1432 
3 2 0 1461 
3 2 0 1447 
3 2 0 1433 
3 2 0 1446 
3 2 0 1434 
3 2 0 1445 
3 2 0 1435 
3 2 0 1444 
3 2 0 1436 
3 2 0 1443 
3 2 0 1437 
3 2 0 1442 
3 2 0 1438 
3 2 0 1441 
3 2 0 1439 
3 2 0 1440 
3 2 0 1460 
3 2 0 1448 
3 2 0 1459 
3 2 0 1451 
3 2 0 1449 
3 2 0 1450 
3 2 0 1458 
3 2 0 1456 
3 2 0 1452 
3 2 0 1455 
3 2 0 1453 
3 2 0 1454 
3 2 0 1457 
1 1 0 
1 1 0 
1 1 0 
2 3 1498 1499 0 
2 3 1497 1500 0 
1 1 0 
1 1 0 
1 1 0 
2 3 1503 1504 0 
2 3 1502 1505 0 
2 3 1501 1506 0 
1 1 0 
2 3 1507 1508 0 
1 1 0 
2 3 1509 1510 0 
1 1 0 
1 1 0 
1 1 0 
2 3 1513 1514 0 
1 1 0 
1 1 0 
2 3 1516 1517 0 
2 3 1515 1518 0 
2 3 1512 1519 0 
2 3 1511 1520 0 
1 1 0 
2 3 1521 1522 0 
3 2 0 1523 
3 2 0 1521 
3 2 0 1511 
3 2 0 1509 
3 2 0 1507 
3 2 0 1501 
3 2 0 1497 
3 2 0 1500 
3 2 0 1498 
3 2 0 1499 
3 2 0 1506 
3 2 0 1502 
3 2 0 1505 
3 2 0 1503 
3 2 0 1504 
3 2 0 1508 
3 2 0 1510 
3 2 0 1520 
3 2 0 1512 
3 2 0 1519 
3 2 0 1515 
3 2 0 1513 
3 2 0 1514 
3 2 0 1518 
3 2 0 1516 
3 2 0 1517 
3 2 0 1522 
1 1 0 
1 1 0 
1 1 0 
1 1 0 
2 3 1553 1554 0 
2 3 1552 1555 0 
1 1 0 
1 1 0 
2 3 1557 1558 0 
2 3 1556 1559 0 
2 3 1551 1560 0 
3 2 0 1561 
3 2 0 1551 
3 2 0 1560 
3 2 0 1556 
3 2 0 1552 
3 2 0 1555 
3 2 0 1553 
3 2 0 1554 
3 2 0 1559 
3 2 0 1557 
3 2 0 1558 
1 1 0 
1 1 0 
2 3 1573 1574 0 
1 1 0 
1 1 0 
1 1 0 
1 1 0 
1 1 0 
2 3 1579 1580 0 
2 3 1578 1581 0 
2 3 1577 1582 0 
2 3 1576 1583 0 
1 1 0 
2 3 1584 1585 0 
2 3 1575 1586 0 
3 2 0 1587 
3 2 0 1575 
3 2 0 1573 
3 2 0 1574 
3 2 0 1586 
3 2 0 1584 
3 2 0 1576 
3 2 0 1583 
3 2 0 1577 
3 2 0 1582 
3 2 0 1578 
3 2 0 1581 
3 2 0 1579 
3 2 0 1580 
3 2 0 1585 
1 1 0 
1 1 0 
2 3 1603 1604 0 
1 1 0 
1 1 0 
1 1 0 
1 1 0 
1 1 0 
2 3 1609 1610 0 
2 3 1608 1611 0 
1 1 0 
2 3 1612 1613 0 
2 3 1607 1614 0 
1 1 0 
1 1 0 
1 1 0 
1 1 0 
2 3 1618 1619 0 
2 3 1617 1620 0 
1 1 0 
1 1 0 
1 1 0 
1 1 0 
1 1 0 
1 1 0 
2 3 1626 1627 0 
2 3 1625 1628 0 
2 3 1624 1629 0 
2 3 1623 1630 0 
2 3 1622 1631 0 
2 3 1621 1632 0 
2 3 1616 1633 0 
2 3 1615 1634 0 
2 3 1606 1635 0 
1 1 0 
2 3 1636 1637 0 
2 3 1605 1638 0 
3 2 0 1639 
3 2 0 1605 
3 2 0 1603 
3 2 0 1604 
3 2 0 1638 
3 2 0 1636 
3 2 0 1606 
3 2 0 1635 
3 2 0 1615 
3 2 0 1607 
3 2 0 1614 
3 2 0 1612 
3 2 0 1608 
3 2 0 1611 
3 2 0 1609 
3 2 0 1610 
3 2 0 1613 
3 2 0 1634 
3 2 0 1616 
3 2 0 1633 
3 2 0 1621 
3 2 0 1617 
3 2 0 1620 
3 2 0 1618 
3 2 0 1619 
3 2 0 1632 
3 2 0 1622 
3 2 0 1631 
3 2 0 1623 
3 2 0 1630 
3 2 0 1624 
3 2 0 1629 
3 2 0 1625 
3 2 0 1628 
3 2 0 1626 
3 2 0 1627 
3 2 0 1637 
1 1 0 
1 1 0 
1 1 0 
1 1 0 
1 1 0 
1 1 0 
2 3 1681 1682 0 
2 3 1680 1683 0 
2 3 1679 1684 0 
1 1 0 
1 1 0 
2 3 1686 1687 0 
2 3 1685 1688 0 
2 3 1678 1689 0 
2 3 1677 1690 0 
1 1 0 
1 1 0 
1 1 0 
1 1 0 
1 1 0 
1 1 0 
1 1 0 
1 1 0 
1 1 0 
2 3 1699 1700 0 
2 3 1698 1701 0 
2 3 1697 1702 0 
2 3 1696 1703 0 
2 3 1695 1704 0 
2 3 1694 1705 0 
1 1 0 
2 3 1706 1707 0 
2 3 1693 1708 0 
2 3 1692 1709 0 
2 3 1691 1710 0 
3 2 0 1711 
3 2 0 1691 
3 2 0 1677 
3 2 0 1690 
3 2 0 1678 
3 2 0 1689 
3 2 0 1685 
3 2 0 1679 
3 2 0 1684 
3 2 0 1680 
3 2 0 1683 
3 2 0 1681 
3 2 0 1682 
3 2 0 1688 
3 2 0 1686 
3 2 0 1687 
3 2 0 1710 
3 2 0 1692 
3 2 0 1709 
3 2 0 1693 
3 2 0 1708 
3 2 0 1706 
3 2 0 1694 
3 2 0 1705 
3 2 0 1695 
3 2 0 1704 
3 2 0 1696 
3 2 0 1703 
3 2 0 1697 
3 2 0 1702 
3 2 0 1698 
3 2 0 1701 
3 2 0 1699 
3 2 0 1700 
3 2 0 1707 
1 1 0 
1 1 0 
1 1 0 
2 3 1748 1749 0 
1 1 0 
1 1 0 
2 3 1751 1752 0 
2 3 1750 1753 0 
2 3 1747 1754 0 
1 1 0 
1 1 0 
1 1 0 
1 1 0 
1 1 0 
2 3 1759 1760 0 
1 1 0 
2 3 1761 1762 0 
2 3 1758 1763 0 
2 3 1757 1764 0 
2 3 1756 1765 0 
2 3 1755 1766 0 
1 1 0 
1 1 0 
1 1 0 
1 1 0 
1 1 0 
2 3 1771 1772 0 
2 3 1770 1773 0 
2 3 1769 1774 0 
2 3 1768 1775 0 
1 1 0 
2 3 1776 1777 0 
2 3 1767 1778 0 
3 2 0 1779 
3 2 0 1767 
3 2 0 1755 
3 2 0 1747 
3 2 0 1754 
3 2 0 1750 
3 2 0 1748 
3 2 0 1749 
3 2 0 1753 
3 2 0 1751 
3 2 0 1752 
3 2 0 1766 
3 2 0 1756 
3 2 0 1765 
3 2 0 1757 
3 2 0 1764 
3 2 0 1758 
3 2 0 1763 
3 2 0 1761 
3 2 0 1759 
3 2 0 1760 
3 2 0 1762 
3 2 0 1778 
3 2 0 1776 
3 2 0 1768 
3 2 0 1775 
3 2 0 1769 
3 2 0 1774 
3 2 0 1770 
3 2 0 1773 
3 2 0 1771 
3 2 0 1772 
3 2 0 1777 
1 1 0 
1 1 0 
2 3 1813 1814 0 
1 1 0 
1 1 0 
1 1 0 
1 1 0 
2 3 1818 1819 0 
2 3 1817 1820 0 
2 3 1816 1821 0 
1 1 0 
1 1 0 
1 1 0 
2 3 1824 1825 0 
1 1 0 
1 1 0 
1 1 0 
1 1 0 
2 3 1829 1830 0 
2 3 1828 1831 0 
1 1 0 
2 3 1832 1833 0 
2 3 1827 1834 0 
2 3 1826 1835 0 
1 1 0 
1 1 0 
1 1 0 
2 3 1838 1839 0 
1 1 0 
1 1 0 
1 1 0 
1 1 0 
2 3 1843 1844 0 
2 3 1842 1845 0 
1 1 0 
1 1 0 
2 3 1847 1848 0 
2 3 1846 1849 0 
2 3 1841 1850 0 
1 1 0 
2 3 1851 1852 0 
2 3 1840 1853 0 
2 3 1837 1854 0 
2 3 1836 1855 0 
2 3 1823 1856 0 
2 3 1822 1857 0 
2 3 1815 1858 0 
1 1 0 
2 3 1859 1860 0 
1 1 0 
2 3 1861 1862 0 
1 1 0 
1 1 0 
1 1 0 
2 3 1865 1866 0 
2 3 1864 1867 0 
1 1 0 
1 1 0 
1 1 0 
2 3 1870 1871 0 
2 3 1869 1872 0 
2 3 1868 1873 0 
1 1 0 
1 1 0 
2 3 1875 1876 0 
1 1 0 
1 1 0 
2 3 1878 1879 0 
2 3 1877 1880 0 
2 3 1874 1881 0 
2 3 1863 1882 0 
1 1 0 
2 3 1883 1884 0 
3 2 0 1885 
3 2 0 1883 
3 2 0 1863 
3 2 0 1861 
3 2 0 1859 
3 2 0 1815 
3 2 0 1813 
3 2 0 1814 
3 2 0 1858 
3 2 0 1822 
3 2 0 1816 
3 2 0 1821 
3 2 0 1817 
3 2 0 1820 
3 2 0 1818 
3 2 0 1819 
3 2 0 1857 
3 2 0 1823 
3 2 0 1856 
3 2 0 1836 
3 2 0 1826 
3 2 0 1824 
3 2 0 1825 
3 2 0 1835 
3 2 0 1827 
3 2 0 1834 
3 2 0 1832 
3 2 0 1828 
3 2 0 1831 
3 2 0 1829 
3 2 0 1830 
3 2 0 1833 
3 2 0 1855 
3 2 0 1837 
3 2 0 1854 
3 2 0 1840 
3 2 0 1838 
3 2 0 1839 
3 2 0 1853 
3 2 0 1851 
3 2 0 1841 
3 2 0 1850 
3 2 0 1846 
3 2 0 1842 
3 2 0 1845 
3 2 0 1843 
3 2 0 1844 
3 2 0 1849 
3 2 0 1847 
3 2 0 1848 
3 2 0 1852 
3 2 0 1860 
3 2 0 1862 
3 2 0 1882 
3 2 0 1874 
3 2 0 1868 
3 2 0 1864 
3 2 0 1867 
3 2 0 1865 
3 2 0 1866 
3 2 0 1873 
3 2 0 1869 
3 2 0 1872 
3 2 0 1870 
3 2 0 1871 
3 2 0 1881 
3 2 0 1877 
3 2 0 1875 
3 2 0 1876 
3 2 0 1880 
3 2 0 1878 
3 2 0 1879 
3 2 0 1884 
1 1 0 
1 1 0 
1 1 0 
1 1 0 
1 1 0 
1 1 0 
1 1 0 
1 1 0 
1 1 0 
1 1 0 
1 1 0 
1 1 0 
2 3 1969 1970 0 
2 3 1968 1971 0 
2 3 1967 1972 0 
2 3 1966 1973 0 
1 1 0 
2 3 1974 1975 0 
1 1 0 
1 1 0 
1 1 0 
2 3 1978 1979 0 
2 3 1977 1980 0 
2 3 1976 1981 0 
2 3 1965 1982 0 
2 3 1964 1983 0 
2 3 1963 1984 0 
2 3 1962 1985 0 
2 3 1961 1986 0 
2 3 1960 1987 0 
2 3 1959 1988 0 
1 1 0 
1 1 0 
2 3 1990 1991 0 
1 1 0 
1 1 0 
1 1 0 
1 1 0 
2 3 1995 1996 0 
1 1 0 
2 3 1997 1998 0 
1 1 0 
1 1 0 
1 1 0 
2 3 2001 2002 0 
2 3 2000 2003 0 
1 1 0 
1 1 0 
1 1 0 
1 1 0 
1 1 0 
1 1 0 
2 3 2009 2010 0 
2 3 2008 2011 0 
2 3 2007 2012 0 
2 3 2006 2013 0 
1 1 0 
1 1 0 
1 1 0 
2 3 2016 2017 0 
1 1 0 
1 1 0 
1 1 0 
2 3 2020 2021 0 
1 1 0 
1 1 0 
2 3 2023 2024 0 
1 1 0 
1 1 0 
1 1 0 
2 3 2027 2028 0 
2 3 2026 2029 0 
2 3 2025 2030 0 
2 3 2022 2031 0 
2 3 2019 2032 0 
2 3 2018 2033 0 
2 3 2015 2034 0 
2 3 2014 2035 0 
2 3 2005 2036 0 
2 3 2004 2037 0 
2 3 1999 2038 0 
2 3 1994 2039 0 
2 3 1993 2040 0 
2 3 1992 2041 0 
2 3 1989 2042 0 
1 1 0 
1 1 0 
2 3 2044 2045 0 
2 3 2043 2046 0 
1 1 0 
2 3 2047 2048 0 
3 2 0 2049 
3 2 0 2047 
3 2 0 2043 
3 2 0 1989 
3 2 0 1959 
3 2 0 1988 
3 2 0 1960 
3 2 0 1987 
3 2 0 1961 
3 2 0 1986 
3 2 0 1962 
3 2 0 1985 
3 2 0 1963 
3 2 0 1984 
3 2 0 1964 
3 2 0 1983 
3 2 0 1965 
3 2 0 1982 
3 2 0 1976 
3 2 0 1974 
3 2 0 1966 
3 2 0 1973 
3 2 0 1967 
3 2 0 1972 
3 2 0 1968 
3 2 0 1971 
3 2 0 1969 
3 2 0 1970 
3 2 0 1975 
3 2 0 1981 
3 2 0 1977 
3 2 0 1980 
3 2 0 1978 
3 2 0 1979 
3 2 0 2042 
3 2 0 1992 
3 2 0 1990 
3 2 0 1991 
3 2 0 2041 
3 2 0 1993 
3 2 0 2040 
3 2 0 1994 
3 2 0 2039 
3 2 0 1999 
3 2 0 1997 
3 2 0 1995 
3 2 0 1996 
3 2 0 1998 
3 2 0 2038 
3 2 0 2004 
3 2 0 2000 
3 2 0 2003 
3 2 0 2001 
3 2 0 2002 
3 2 0 2037 
3 2 0 2005 
3 2 0 2036 
3 2 0 2014 
3 2 0 2006 
3 2 0 2013 
3 2 0 2007 
3 2 0 2012 
3 2 0 2008 
3 2 0 2011 
3 2 0 2009 
3 2 0 2010 
3 2 0 2035 
3 2 0 2015 
3 2 0 2034 
3 2 0 2018 
3 2 0 2016 
3 2 0 2017 
3 2 0 2033 
3 2 0 2019 
3 2 0 2032 
3 2 0 2022 
3 2 0 2020 
3 2 0 2021 
3 2 0 2031 
3 2 0 2025 
3 2 0 2023 
3 2 0 2024 
3 2 0 2030 
3 2 0 2026 
3 2 0 2029 
3 2 0 2027 
3 2 0 2028 
3 2 0 2046 
3 2 0 2044 
3 2 0 2045 
3 2 0 2048 
1 1 0 
1 1 0 
1 1 0 
1 1 0 
2 3 2143 2144 0 
1 1 0 
1 1 0 
1 1 0 
1 1 0 
1 1 0 
2 3 2149 2150 0 
2 3 2148 2151 0 
2 3 2147 2152 0 
1 1 0 
2 3 2153 2154 0 
1 1 0 
2 3 2155 2156 0 
1 1 0 
1 1 0 
2 3 2158 2159 0 
2 3 2157 2160 0 
2 3 2146 2161 0 
1 1 0 
1 1 0 
2 3 2163 2164 0 
2 3 2162 2165 0 
1 1 0 
2 3 2166 2167 0 
2 3 2145 2168 0 
2 3 2142 2169 0 
2 3 2141 2170 0 
3 2 0 2171 
3 2 0 2141 
3 2 0 2170 
3 2 0 2142 
3 2 0 2169 
3 2 0 2145 
3 2 0 2143 
3 2 0 2144 
3 2 0 2168 
3 2 0 2166 
3 2 0 2162 
3 2 0 2146 
3 2 0 2161 
3 2 0 2157 
3 2 0 2155 
3 2 0 2153 
3 2 0 2147 
3 2 0 2152 
3 2 0 2148 
3 2 0 2151 
3 2 0 2149 
3 2 0 2150 
3 2 0 2154 
3 2 0 2156 
3 2 0 2160 
3 2 0 2158 
3 2 0 2159 
3 2 0 2165 
3 2 0 2163 
3 2 0 2164 
3 2 0 2167 
1 1 0 
1 1 0 
1 1 0 
2 3 2204 2205 0 
1 1 0 
1 1 0 
2 3 2207 2208 0 
1 1 0 
1 1 0 
2 3 2210 2211 0 
2 3 2209 2212 0 
2 3 2206 2213 0 
1 1 0 
2 3 2214 2215 0 
2 3 2203 2216 0 
3 2 0 2217 
3 2 0 2203 
3 2 0 2216 
3 2 0 2214 
3 2 0 2206 
3 2 0 2204 
3 2 0 2205 
3 2 0 2213 
3 2 0 2209 
3 2 0 2207 
3 2 0 2208 
3 2 0 2212 
3 2 0 2210 
3 2 0 2211 
3 2 0 2215 
1 1 0 
1 1 0 
1 1 0 
2 3 2234 2235 0 
1 1 0 
1 1 0 
2 3 2237 2238 0 
2 3 2236 2239 0 
2 3 2233 2240 0 
1 1 0 
2 3 2241 2242 0 
3 2 0 2243 
3 2 0 2241 
3 2 0 2233 
3 2 0 2240 
3 2 0 2236 
3 2 0 2234 
3 2 0 2235 
3 2 0 2239 
3 2 0 2237 
3 2 0 2238 
3 2 0 2242 
1 1 0 
1 1 0 
1 1 0 
2 3 2256 2257 0 
1 1 0 
1 1 0 
1 1 0 
1 1 0 
2 3 2261 2262 0 
2 3 2260 2263 0 
2 3 2259 2264 0 
2 3 2258 2265 0 
1 1 0 
2 3 2266 2267 0 
1 1 0 
1 1 0 
1 1 0 
1 1 0 
2 3 2271 2272 0 
1 1 0 
1 1 0 
1 1 0 
2 3 2275 2276 0 
2 3 2274 2277 0 
2 3 2273 2278 0 
1 1 0 
2 3 2279 2280 0 
1 1 0 
1 1 0 
1 1 0 
1 1 0 
1 1 0 
2 3 2285 2286 0 
1 1 0 
1 1 0 
2 3 2288 2289 0 
1 1 0 
1 1 0 
1 1 0 
1 1 0 
2 3 2293 2294 0 
2 3 2292 2295 0 
1 1 0 
1 1 0 
1 1 0 
1 1 0 
2 3 2299 2300 0 
2 3 2298 2301 0 
2 3 2297 2302 0 
2 3 2296 2303 0 
2 3 2291 2304 0 
2 3 2290 2305 0 
2 3 2287 2306 0 
2 3 2284 2307 0 
2 3 2283 2308 0 
2 3 2282 2309 0 
2 3 2281 2310 0 
2 3 2270 2311 0 
2 3 2269 2312 0 
2 3 2268 2313 0 
2 3 2255 2314 0 
1 1 0 
1 1 0 
1 1 0 
1 1 0 
1 1 0 
2 3 2319 2320 0 
2 3 2318 2321 0 
2 3 2317 2322 0 
1 1 0 
2 3 2323 2324 0 
2 3 2316 2325 0 
2 3 2315 2326 0 
3 2 0 2327 
3 2 0 2315 
3 2 0 2255 
3 2 0 2314 
3 2 0 2268 
3 2 0 2266 
3 2 0 2258 
3 2 0 2256 
3 2 0 2257 
3 2 0 2265 
3 2 0 2259 
3 2 0 2264 
3 2 0 2260 
3 2 0 2263 
3 2 0 2261 
3 2 0 2262 
3 2 0 2267 
3 2 0 2313 
3 2 0 2269 
3 2 0 2312 
3 2 0 2270 
3 2 0 2311 
3 2 0 2281 
3 2 0 2279 
3 2 0 2273 
3 2 0 2271 
3 2 0 2272 
3 2 0 2278 
3 2 0 2274 
3 2 0 2277 
3 2 0 2275 
3 2 0 2276 
3 2 0 2280 
3 2 0 2310 
3 2 0 2282 
3 2 0 2309 
3 2 0 2283 
3 2 0 2308 
3 2 0 2284 
3 2 0 2307 
3 2 0 2287 
3 2 0 2285 
3 2 0 2286 
3 2 0 2306 
3 2 0 2290 
3 2 0 2288 
3 2 0 2289 
3 2 0 2305 
3 2 0 2291 
3 2 0 2304 
3 2 0 2296 
3 2 0 2292 
3 2 0 2295 
3 2 0 2293 
3 2 0 2294 
3 2 0 2303 
3 2 0 2297 
3 2 0 2302 
3 2 0 2298 
3 2 0 2301 
3 2 0 2299 
3 2 0 2300 
3 2 0 2326 
3 2 0 2316 
3 2 0 2325 
3 2 0 2323 
3 2 0 2317 
3 2 0 2322 
3 2 0 2318 
3 2 0 2321 
3 2 0 2319 
3 2 0 2320 
3 2 0 2324 
1 1 0 
1 1 0 
2 3 2401 2402 0 
1 1 0 
1 1 0 
1 1 0 
2 3 2405 2406 0 
1 1 0 
1 1 0 
1 1 0 
2 3 2409 2410 0 
2 3 2408 2411 0 
2 3 2407 2412 0 
2 3 2404 2413 0 
2 3 2403 2414 0 
1 1 0 
1 1 0 
1 1 0 
2 3 2417 2418 0 
1 1 0 
1 1 0 
1 1 0 
2 3 2421 2422 0 
2 3 2420 2423 0 
2 3 2419 2424 0 
1 1 0 
1 1 0 
1 1 0 
1 1 0 
1 1 0 
2 3 2429 2430 0 
1 1 0 
1 1 0 
1 1 0 
1 1 0 
2 3 2434 2435 0 
2 3 2433 2436 0 
2 3 2432 2437 0 
2 3 2431 2438 0 
2 3 2428 2439 0 
2 3 2427 2440 0 
2 3 2426 2441 0 
2 3 2425 2442 0 
2 3 2416 2443 0 
2 3 2415 2444 0 
1 1 0 
2 3 2445 2446 0 
1 1 0 
1 1 0 
1 1 0 
2 3 2449 2450 0 
2 3 2448 2451 0 
2 3 2447 2452 0 
1 1 0 
2 3 2453 2454 0 
3 2 0 2455 
3 2 0 2453 
3 2 0 2447 
3 2 0 2445 
3 2 0 2415 
3 2 0 2403 
3 2 0 2401 
3 2 0 2402 
3 2 0 2414 
3 2 0 2404 
3 2 0 2413 
3 2 0 2407 
3 2 0 2405 
3 2 0 2406 
3 2 0 2412 
3 2 0 2408 
3 2 0 2411 
3 2 0 2409 
3 2 0 2410 
3 2 0 2444 
3 2 0 2416 
3 2 0 2443 
3 2 0 2425 
3 2 0 2419 
3 2 0 2417 
3 2 0 2418 
3 2 0 2424 
3 2 0 2420 
3 2 0 2423 
3 2 0 2421 
3 2 0 2422 
3 2 0 2442 
3 2 0 2426 
3 2 0 2441 
3 2 0 2427 
3 2 0 2440 
3 2 0 2428 
3 2 0 2439 
3 2 0 2431 
3 2 0 2429 
3 2 0 2430 
3 2 0 2438 
3 2 0 2432 
3 2 0 2437 
3 2 0 2433 
3 2 0 2436 
3 2 0 2434 
3 2 0 2435 
3 2 0 2446 
3 2 0 2452 
3 2 0 2448 
3 2 0 2451 
3 2 0 2449 
3 2 0 2450 
3 2 0 2454 
1 1 0 
1 1 0 
1 1 0 
1 1 0 
2 3 2513 2514 0 
2 3 2512 2515 0 
1 1 0 
1 1 0 
1 1 0 
2 3 2518 2519 0 
1 1 0 
1 1 0 
1 1 0 
1 1 0 
1 1 0 
2 3 2524 2525 0 
2 3 2523 2526 0 
2 3 2522 2527 0 
1 1 0 
2 3 2528 2529 0 
1 1 0 
1 1 0 
1 1 0 
1 1 0 
2 3 2533 2534 0 
2 3 2532 2535 0 
2 3 2531 2536 0 
1 1 0 
1 1 0 
2 3 2538 2539 0 
2 3 2537 2540 0 
2 3 2530 2541 0 
2 3 2521 2542 0 
2 3 2520 2543 0 
2 3 2517 2544 0 
2 3 2516 2545 0 
1 1 0 
2 3 2546 2547 0 
2 3 2511 2548 0 
3 2 0 2549 
3 2 0 2511 
3 2 0 2548 
3 2 0 2546 
3 2 0 2516 
3 2 0 2512 
3 2 0 2515 
3 2 0 2513 
3 2 0 2514 
3 2 0 2545 
3 2 0 2517 
3 2 0 2544 
3 2 0 2520 
3 2 0 2518 
3 2 0 2519 
3 2 0 2543 
3 2 0 2521 
3 2 0 2542 
3 2 0 2530 
3 2 0 2528 
3 2 0 2522 
3 2 0 2527 
3 2 0 2523 
3 2 0 2526 
3 2 0 2524 
3 2 0 2525 
3 2 0 2529 
3 2 0 2541 
3 2 0 2537 
3 2 0 2531 
3 2 0 2536 
3 2 0 2532 
3 2 0 2535 
3 2 0 2533 
3 2 0 2534 
3 2 0 2540 
3 2 0 2538 
3 2 0 2539 
3 2 0 2547 
1 1 0 
1 1 0 
2 3 2589 2590 0 
1 1 0 
1 1 0 
1 1 0 
2 3 2593 2594 0 
2 3 2592 2595 0 
1 1 0 
1 1 0 
1 1 0 
2 3 2598 2599 0 
1 1 0 
1 1 0 
1 1 0 
2 3 2602 2603 0 
2 3 2601 2604 0 
2 3 2600 2605 0 
2 3 2597 2606 0 
2 3 2596 2607 0 
1 1 0 
2 3 2608 2609 0 
2 3 2591 2610 0 
3 2 0 2611 
3 2 0 2591 
3 2 0 2589 
3 2 0 2590 
3 2 0 2610 
3 2 0 2608 
3 2 0 2596 
3 2 0 2592 
3 2 0 2595 
3 2 0 2593 
3 2 0 2594 
3 2 0 2607 
3 2 0 2597 
3 2 0 2606 
3 2 0 2600 
3 2 0 2598 
3 2 0 2599 
3 2 0 2605 
3 2 0 2601 
3 2 0 2604 
3 2 0 2602 
3 2 0 2603 
3 2 0 2609 
1 1 0 
1 1 0 
2 3 2635 2636 0 
1 1 0 
1 1 0 
1 1 0 
2 3 2639 2640 0 
2 3 2638 2641 0 
2 3 2637 2642 0 
1 1 0 
1 1 0 
1 1 0 
1 1 0 
1 1 0 
1 1 0 
2 3 2648 2649 0 
1 1 0 
1 1 0 
1 1 0 
1 1 0 
2 3 2653 2654 0 
1 1 0 
1 1 0 
1 1 0 
1 1 0 
2 3 2658 2659 0 
2 3 2657 2660 0 
2 3 2656 2661 0 
1 1 0 
1 1 0 
1 1 0 
2 3 2664 2665 0 
2 3 2663 2666 0 
2 3 2662 2667 0 
2 3 2655 2668 0 
2 3 2652 2669 0 
2 3 2651 2670 0 
2 3 2650 2671 0 
2 3 2647 2672 0 
2 3 2646 2673 0 
2 3 2645 2674 0 
2 3 2644 2675 0 
1 1 0 
2 3 2676 2677 0 
2 3 2643 2678 0 
3 2 0 2679 
3 2 0 2643 
3 2 0 2637 
3 2 0 2635 
3 2 0 2636 
3 2 0 2642 
3 2 0 2638 
3 2 0 2641 
3 2 0 2639 
3 2 0 2640 
3 2 0 2678 
3 2 0 2676 
3 2 0 2644 
3 2 0 2675 
3 2 0 2645 
3 2 0 2674 
3 2 0 2646 
3 2 0 2673 
3 2 0 2647 
3 2 0 2672 
3 2 0 2650 
3 2 0 2648 
3 2 0 2649 
3 2 0 2671 
3 2 0 2651 
3 2 0 2670 
3 2 0 2652 
3 2 0 2669 
3 2 0 2655 
3 2 0 2653 
3 2 0 2654 
3 2 0 2668 
3 2 0 2662 
3 2 0 2656 
3 2 0 2661 
3 2 0 2657 
3 2 0 2660 
3 2 0 2658 
3 2 0 2659 
3 2 0 2667 
3 2 0 2663 
3 2 0 2666 
3 2 0 2664 
3 2 0 2665 
3 2 0 2677 
1 1 0 
1 1 0 
1 1 0 
1 1 0 
2 3 2727 2728 0 
1 1 0 
1 1 0 
2 3 2730 2731 0 
2 3 2729 2732 0 
1 1 0 
2 3 2733 2734 0 
1 1 0 
1 1 0 
1 1 0 
2 3 2737 2738 0 
2 3 2736 2739 0 
1 1 0 
1 1 0 
1 1 0 
2 3 2742 2743 0 
1 1 0 
1 1 0 
1 1 0 
2 3 2746 2747 0 
2 3 2745 2748 0 
2 3 2744 2749 0 
2 3 2741 2750 0 
2 3 2740 2751 0 
2 3 2735 2752 0 
2 3 2726 2753 0 
2 3 2725 2754 0 
1 1 0 
2 3 2755 2756 0 
3 2 0 2757 
3 2 0 2755 
3 2 0 2725 
3 2 0 2754 
3 2 0 2726 
3 2 0 2753 
3 2 0 2735 
3 2 0 2733 
3 2 0 2729 
3 2 0 2727 
3 2 0 2728 
3 2 0 2732 
3 2 0 2730 
3 2 0 2731 
3 2 0 2734 
3 2 0 2752 
3 2 0 2740 
3 2 0 2736 
3 2 0 2739 
3 2 0 2737 
3 2 0 2738 
3 2 0 2751 
3 2 0 2741 
3 2 0 2750 
3 2 0 2744 
3 2 0 2742 
3 2 0 2743 
3 2 0 2749 
3 2 0 2745 
3 2 0 2748 
3 2 0 2746 
3 2 0 2747 
3 2 0 2756 
1 1 0 
1 1 0 
1 1 0 
2 3 2792 2793 0 
1 1 0 
1 1 0 
1 1 0 
2 3 2796 2797 0 
1 1 0 
2 3 2798 2799 0 
2 3 2795 2800 0 
2 3 2794 2801 0 
1 1 0 
2 3 2802 2803 0 
1 1 0 
1 1 0 
1 1 0 
1 1 0 
2 3 2807 2808 0 
2 3 2806 2809 0 
2 3 2805 2810 0 
2 3 2804 2811 0 
1 1 0 
2 3 2812 2813 0 
2 3 2791 2814 0 
1 1 0 
1 1 0 
1 1 0 
1 1 0 
1 1 0 
2 3 2819 2820 0 
2 3 2818 2821 0 
2 3 2817 2822 0 
1 1 0 
1 1 0 
1 1 0 
2 3 2825 2826 0 
1 1 0 
2 3 2827 2828 0 
1 1 0 
1 1 0 
2 3 2830 2831 0 
2 3 2829 2832 0 
2 3 2824 2833 0 
2 3 2823 2834 0 
2 3 2816 2835 0 
1 1 0 
2 3 2836 2837 0 
2 3 2815 2838 0 
3 2 0 2839 
3 2 0 2815 
3 2 0 2791 
3 2 0 2814 
3 2 0 2812 
3 2 0 2804 
3 2 0 2802 
3 2 0 2794 
3 2 0 2792 
3 2 0 2793 
3 2 0 2801 
3 2 0 2795 
3 2 0 2800 
3 2 0 2798 
3 2 0 2796 
3 2 0 2797 
3 2 0 2799 
3 2 0 2803 
3 2 0 2811 
3 2 0 2805 
3 2 0 2810 
3 2 0 2806 
3 2 0 2809 
3 2 0 2807 
3 2 0 2808 
3 2 0 2813 
3 2 0 2838 
3 2 0 2836 
3 2 0 2816 
3 2 0 2835 
3 2 0 2823 
3 2 0 2817 
3 2 0 2822 
3 2 0 2818 
3 2 0 2821 
3 2 0 2819 
3 2 0 2820 
3 2 0 2834 
3 2 0 2824 
3 2 0 2833 
3 2 0 2829 
3 2 0 2827 
3 2 0 2825 
3 2 0 2826 
3 2 0 2828 
3 2 0 2832 
3 2 0 2830 
3 2 0 2831 
3 2 0 2837 
1 1 0 
1 1 0 
1 1 0 
1 1 0 
1 1 0 
1 1 0 
1 1 0 
2 3 2894 2895 0 
2 3 2893 2896 0 
2 3 2892 2897 0 
2 3 2891 2898 0 
1 1 0 
1 1 0 
1 1 0 
2 3 2901 2902 0 
1 1 0 
1 1 0 
1 1 0 
2 3 2905 2906 0 
2 3 2904 2907 0 
2 3 2903 2908 0 
2 3 2900 2909 0 
2 3 2899 2910 0 
2 3 2890 2911 0 
2 3 2889 2912 0 
1 1 0 
1 1 0 
1 1 0 
1 1 0 
1 1 0 
1 1 0 
1 1 0 
2 3 2919 2920 0 
1 1 0 
1 1 0 
1 1 0 
1 1 0 
2 3 2924 2925 0 
2 3 2923 2926 0 
1 1 0 
1 1 0 
1 1 0 
1 1 0 
2 3 2930 2931 0 
2 3 2929 2932 0 
2 3 2928 2933 0 
2 3 2927 2934 0 
2 3 2922 2935 0 
2 3 2921 2936 0 
2 3 2918 2937 0 
2 3 2917 2938 0 
2 3 2916 2939 0 
2 3 2915 2940 0 
1 1 0 
2 3 2941 2942 0 
2 3 2914 2943 0 
2 3 2913 2944 0 
3 2 0 2945 
3 2 0 2913 
3 2 0 2889 
3 2 0 2912 
3 2 0 2890 
3 2 0 2911 
3 2 0 2899 
3 2 0 2891 
3 2 0 2898 
3 2 0 2892 
3 2 0 2897 
3 2 0 2893 
3 2 0 2896 
3 2 0 2894 
3 2 0 2895 
3 2 0 2910 
3 2 0 2900 
3 2 0 2909 
3 2 0 2903 
3 2 0 2901 
3 2 0 2902 
3 2 0 2908 
3 2 0 2904 
3 2 0 2907 
3 2 0 2905 
3 2 0 2906 
3 2 0 2944 
3 2 0 2914 
3 2 0 2943 
3 2 0 2941 
3 2 0 2915 
3 2 0 2940 
3 2 0 2916 
3 2 0 2939 
3 2 0 2917 
3 2 0 2938 
3 2 0 2918 
3 2 0 2937 
3 2 0 2921 
3 2 0 2919 
3 2 0 2920 
3 2 0 2936 
3 2 0 2922 
3 2 0 2935 
3 2 0 2927 
3 2 0 2923 
3 2 0 2926 
3 2 0 2924 
3 2 0 2925 
3 2 0 2934 
3 2 0 2928 
3 2 0 2933 
3 2 0 2929 
3 2 0 2932 
3 2 0 2930 
3 2 0 2931 
3 2 0 2942 
1 1 0 
1 1 0 
1 1 0 
1 1 0 
1 1 0 
1 1 0 
1 1 0 
2 3 3008 3009 0 
2 3 3007 3010 0 
1 1 0 
1 1 0 
1 1 0 
1 1 0 
1 1 0 
2 3 3015 3016 0 
1 1 0 
1 1 0 
1 1 0 
1 1 0 
2 3 3020 3021 0 
2 3 3019 3022 0 
1 1 0 
2 3 3023 3024 0 
1 1 0 
1 1 0 
2 3 3026 3027 0 
1 1 0 
1 1 0 
1 1 0 
1 1 0 
1 1 0 
1 1 0 
2 3 3033 3034 0 
2 3 3032 3035 0 
1 1 0 
2 3 3036 3037 0 
2 3 3031 3038 0 
2 3 3030 3039 0 
2 3 3029 3040 0 
2 3 3028 3041 0 
2 3 3025 3042 0 
2 3 3018 3043 0 
2 3 3017 3044 0 
2 3 3014 3045 0 
2 3 3013 3046 0 
2 3 3012 3047 0 
2 3 3011 3048 0 
1 1 0 
2 3 3049 3050 0 
2 3 3006 3051 0 
1 1 0 
2 3 3052 3053 0 
2 3 3005 3054 0 
2 3 3004 3055 0 
2 3 3003 3056 0 
3 2 0 3057 
3 2 0 3003 
3 2 0 3056 
3 2 0 3004 
3 2 0 3055 
3 2 0 3005 
3 2 0 3054 
3 2 0 3052 
3 2 0 3006 
3 2 0 3051 
3 2 0 3049 
3 2 0 3011 
3 2 0 3007 
3 2 0 3010 
3 2 0 3008 
3 2 0 3009 
3 2 0 3048 
3 2 0 3012 
3 2 0 3047 
3 2 0 3013 
3 2 0 3046 
3 2 0 3014 
3 2 0 3045 
3 2 0 3017 
3 2 0 3015 
3 2 0 3016 
3 2 0 3044 
3 2 0 3018 
3 2 0 3043 
3 2 0 3025 
3 2 0 3023 
3 2 0 3019 
3 2 0 3022 
3 2 0 3020 
3 2 0 3021 
3 2 0 3024 
3 2 0 3042 
3 2 0 3028 
3 2 0 3026 
3 2 0 3027 
3 2 0 3041 
3 2 0 3029 
3 2 0 3040 
3 2 0 3030 
3 2 0 3039 
3 2 0 3031 
3 2 0 3038 
3 2 0 3036 
3 2 0 3032 
3 2 0 3035 
3 2 0 3033 
3 2 0 3034 
3 2 0 3037 
3 2 0 3050 
3 2 0 3053 
1 1 0 
1 1 0 
1 1 0 
1 1 0 
1 1 0 
2 3 3116 3117 0 
1 1 0 
1 1 0 
2 3 3119 3120 0 
1 1 0 
1 1 0 
1 1 0 
2 3 3123 3124 0 
1 1 0 
1 1 0 
2 3 3126 3127 0 
2 3 3125 3128 0 
2 3 3122 3129 0 
2 3 3121 3130 0 
2 3 3118 3131 0 
2 3 3115 3132 0 
2 3 3114 3133 0 
2 3 3113 3134 0 
3 2 0 3135 
3 2 0 3113 
3 2 0 3134 
3 2 0 3114 
3 2 0 3133 
3 2 0 3115 
3 2 0 3132 
3 2 0 3118 
3 2 0 3116 
3 2 0 3117 
3 2 0 3131 
3 2 0 3121 
3 2 0 3119 
3 2 0 3120 
3 2 0 3130 
3 2 0 3122 
3 2 0 3129 
3 2 0 3125 
3 2 0 3123 
3 2 0 3124 
3 2 0 3128 
3 2 0 3126 
3 2 0 3127 
1 1 0 
1 1 0 
1 1 0 
2 3 3160 3161 0 
1 1 0 
2 3 3162 3163 0 
1 1 0 
1 1 0 
1 1 0 
1 1 0 
2 3 3167 3168 0 
2 3 3166 3169 0 
1 1 0 
2 3 3170 3171 0 
2 3 3165 3172 0 
1 1 0 
2 3 3173 3174 0 
1 1 0 
1 1 0 
1 1 0 
1 1 0 
2 3 3178 3179 0 
2 3 3177 3180 0 
1 1 0 
1 1 0 
2 3 3182 3183 0 
2 3 3181 3184 0 
2 3 3176 3185 0 
2 3 3175 3186 0 
2 3 3164 3187 0 
1 1 0 
2 3 3188 3189 0 
2 3 3159 3190 0 
3 2 0 3191 
3 2 0 3159 
3 2 0 3190 
3 2 0 3188 
3 2 0 3164 
3 2 0 3162 
3 2 0 3160 
3 2 0 3161 
3 2 0 3163 
3 2 0 3187 
3 2 0 3175 
3 2 0 3173 
3 2 0 3165 
3 2 0 3172 
3 2 0 3170 
3 2 0 3166 
3 2 0 3169 
3 2 0 3167 
3 2 0 3168 
3 2 0 3171 
3 2 0 3174 
3 2 0 3186 
3 2 0 3176 
3 2 0 3185 
3 2 0 3181 
3 2 0 3177 
3 2 0 3180 
3 2 0 3178 
3 2 0 3179 
3 2 0 3184 
3 2 0 3182 
3 2 0 3183 
3 2 0 3189 
1 1 0 
1 1 0 
1 1 0 
2 3 3226 3227 0 
2 3 3225 3228 0 
1 1 0 
1 1 0 
2 3 3230 3231 0 
1 1 0 
2 3 3232 3233 0 
1 1 0 
1 1 0 
1 1 0 
1 1 0 
1 1 0 
1 1 0 
1 1 0 
2 3 3240 3241 0 
2 3 3239 3242 0 
2 3 3238 3243 0 
1 1 0 
2 3 3244 3245 0 
1 1 0 
1 1 0 
1 1 0 
2 3 3248 3249 0 
2 3 3247 3250 0 
2 3 3246 3251 0 
2 3 3237 3252 0 
2 3 3236 3253 0 
2 3 3235 3254 0 
2 3 3234 3255 0 
2 3 3229 3256 0 
1 1 0 
2 3 3257 3258 0 
3 2 0 3259 
3 2 0 3257 
3 2 0 3229 
3 2 0 3225 
3 2 0 3228 
3 2 0 3226 
3 2 0 3227 
3 2 0 3256 
3 2 0 3234 
3 2 0 3232 
3 2 0 3230 
3 2 0 3231 
3 2 0 3233 
3 2 0 3255 
3 2 0 3235 
3 2 0 3254 
3 2 0 3236 
3 2 0 3253 
3 2 0 3237 
3 2 0 3252 
3 2 0 3246 
3 2 0 3244 
3 2 0 3238 
3 2 0 3243 
3 2 0 3239 
3 2 0 3242 
3 2 0 3240 
3 2 0 3241 
3 2 0 3245 
3 2 0 3251 
3 2 0 3247 
3 2 0 3250 
3 2 0 3248 
3 2 0 3249 
3 2 0 3258 
1 1 0 
1 1 0 
1 1 0 
1 1 0 
1 1 0 
2 3 3298 3299 0 
2 3 3297 3300 0 
2 3 3296 3301 0 
2 3 3295 3302 0 
1 1 0 
1 1 0 
1 1 0 
1 1 0 
2 3 3306 3307 0 
2 3 3305 3308 0 
2 3 3304 3309 0 
1 1 0 
2 3 3310 3311 0 
2 3 3303 3312 0 
3 2 0 3313 
3 2 0 3303 
3 2 0 3295 
3 2 0 3302 
3 2 0 3296 
3 2 0 3301 
3 2 0 3297 
3 2 0 3300 
3 2 0 3298 
3 2 0 3299 
3 2 0 3312 
3 2 0 3310 
3 2 0 3304 
3 2 0 3309 
3 2 0 3305 
3 2 0 3308 
3 2 0 3306 
3 2 0 3307 
3 2 0 3311 
1 1 0 
1 1 0 
1 1 0 
1 1 0 
1 1 0 
2 3 3336 3337 0 
2 3 3335 3338 0 
2 3 3334 3339 0 
1 1 0 
2 3 3340 3341 0 
2 3 3333 3342 0 
3 2 0 3343 
3 2 0 3333 
3 2 0 3342 
3 2 0 3340 
3 2 0 3334 
3 2 0 3339 
3 2 0 3335 
3 2 0 3338 
3 2 0 3336 
3 2 0 3337 
3 2 0 3341 
1 1 0 
1 1 0 
1 1 0 
2 3 3356 3357 0 
1 1 0 
2 3 3358 3359 0 
2 3 3355 3360 0 
3 2 0 3361 
3 2 0 3355 
3 2 0 3360 
3 2 0 3358 
3 2 0 3356 
3 2 0 3357 
3 2 0 3359 
1 1 0 
1 1 0 
1 1 0 
1 1 0 
1 1 0 
2 3 3372 3373 0 
2 3 3371 3374 0 
2 3 3370 3375 0 
2 3 3369 3376 0 
3 2 0 3377 
3 2 0 3369 
3 2 0 3376 
3 2 0 3370 
3 2 0 3375 
3 2 0 3371 
3 2 0 3374 
3 2 0 3372 
3 2 0 3373 
1 1 0 
1 1 0 
2 3 3387 3388 0 
1 1 0 
1 1 0 
1 1 0 
1 1 0 
1 1 0 
1 1 0 
1 1 0 
2 3 3395 3396 0 
2 3 3394 3397 0 
2 3 3393 3398 0 
1 1 0 
2 3 3399 3400 0 
1 1 0 
1 1 0 
1 1 0 
1 1 0 
1 1 0 
1 1 0 
1 1 0 
2 3 3407 3408 0 
2 3 3406 3409 0 
1 1 0 
1 1 0 
1 1 0 
2 3 3412 3413 0 
2 3 3411 3414 0 
1 1 0 
1 1 0 
2 3 3416 3417 0 
2 3 3415 3418 0 
2 3 3410 3419 0 
1 1 0 
2 3 3420 3421 0 
1 1 0 
1 1 0 
1 1 0 
1 1 0 
1 1 0 
1 1 0 
2 3 3427 3428 0 
2 3 3426 3429 0 
2 3 3425 3430 0 
2 3 3424 3431 0 
2 3 3423 3432 0 
2 3 3422 3433 0 
2 3 3405 3434 0 
2 3 3404 3435 0 
2 3 3403 3436 0 
2 3 3402 3437 0 
2 3 3401 3438 0 
2 3 3392 3439 0 
2 3 3391 3440 0 
2 3 3390 3441 0 
1 1 0 
2 3 3442 3443 0 
2 3 3389 3444 0 
3 2 0 3445 
3 2 0 3389 
3 2 0 3387 
3 2 0 3388 
3 2 0 3444 
3 2 0 3442 
3 2 0 3390 
3 2 0 3441 
3 2 0 3391 
3 2 0 3440 
3 2 0 3392 
3 2 0 3439 
3 2 0 3401 
3 2 0 3399 
3 2 0 3393 
3 2 0 3398 
3 2 0 3394 
3 2 0 3397 
3 2 0 3395 
3 2 0 3396 
3 2 0 3400 
3 2 0 3438 
3 2 0 3402 
3 2 0 3437 
3 2 0 3403 
3 2 0 3436 
3 2 0 3404 
3 2 0 3435 
3 2 0 3405 
3 2 0 3434 
3 2 0 3422 
3 2 0 3420 
3 2 0 3410 
3 2 0 3406 
3 2 0 3409 
3 2 0 3407 
3 2 0 3408 
3 2 0 3419 
3 2 0 3415 
3 2 0 3411 
3 2 0 3414 
3 2 0 3412 
3 2 0 3413 
3 2 0 3418 
3 2 0 3416 
3 2 0 3417 
3 2 0 3421 
3 2 0 3433 
3 2 0 3423 
3 2 0 3432 
3 2 0 3424 
3 2 0 3431 
3 2 0 3425 
3 2 0 3430 
3 2 0 3426 
3 2 0 3429 
3 2 0 3427 
3 2 0 3428 
3 2 0 3443 
1 1 0 
1 1 0 
2 3 3505 3506 0 
1 1 0 
1 1 0 
1 1 0 
2 3 3509 3510 0 
2 3 3508 3511 0 
1 1 0 
1 1 0 
1 1 0 
1 1 0 
2 3 3515 3516 0 
1 1 0 
2 3 3517 3518 0 
2 3 3514 3519 0 
2 3 3513 3520 0 
2 3 3512 3521 0 
2 3 3507 3522 0 
1 1 0 
2 3 3523 3524 0 
3 2 0 3525 
3 2 0 3523 
3 2 0 3507 
3 2 0 3505 
3 2 0 3506 
3 2 0 3522 
3 2 0 3512 
3 2 0 3508 
3 2 0 3511 
3 2 0 3509 
3 2 0 3510 
3 2 0 3521 
3 2 0 3513 
3 2 0 3520 
3 2 0 3514 
3 2 0 3519 
3 2 0 3517 
3 2 0 3515 
3 2 0 3516 
3 2 0 3518 
3 2 0 3524 
1 1 0 
1 1 0 
1 1 0 
2 3 3548 3549 0 
2 3 3547 3550 0 
1 1 0 
1 1 0 
1 1 0 
2 3 3553 3554 0 
1 1 0 
2 3 3555 3556 0 
1 1 0 
1 1 0 
2 3 3558 3559 0 
2 3 3557 3560 0 
2 3 3552 3561 0 
2 3 3551 3562 0 
1 1 0 
1 1 0 
1 1 0 
2 3 3565 3566 0 
2 3 3564 3567 0 
1 1 0 
2 3 3568 3569 0 
2 3 3563 3570 0 
3 2 0 3571 
3 2 0 3563 
3 2 0 3551 
3 2 0 3547 
3 2 0 3550 
3 2 0 3548 
3 2 0 3549 
3 2 0 3562 
3 2 0 3552 
3 2 0 3561 
3 2 0 3557 
3 2 0 3555 
3 2 0 3553 
3 2 0 3554 
3 2 0 3556 
3 2 0 3560 
3 2 0 3558 
3 2 0 3559 
3 2 0 3570 
3 2 0 3568 
3 2 0 3564 
3 2 0 3567 
3 2 0 3565 
3 2 0 3566 
3 2 0 3569 
1 1 0 
1 1 0 
1 1 0 
2 3 3598 3599 0 
1 1 0 
1 1 0 
2 3 3601 3602 0 
1 1 0 
2 3 3603 3604 0 
2 3 3600 3605 0 
2 3 3597 3606 0 
3 2 0 3607 
3 2 0 3597 
3 2 0 3606 
3 2 0 3600 
3 2 0 3598 
3 2 0 3599 
3 2 0 3605 
3 2 0 3603 
3 2 0 3601 
3 2 0 3602 
3 2 0 3604 
1 1 0 
1 1 0 
1 1 0 
1 1 0 
1 1 0 
2 3 3622 3623 0 
2 3 3621 3624 0 
2 3 3620 3625 0 
2 3 3619 3626 0 
1 1 0 
1 1 0 
1 1 0 
2 3 3629 3630 0 
2 3 3628 3631 0 
1 1 0 
1 1 0 
2 3 3633 3634 0 
2 3 3632 3635 0 
1 1 0 
2 3 3636 3637 0 
1 1 0 
1 1 0 
1 1 0 
1 1 0 
1 1 0 
1 1 0 
1 1 0 
1 1 0 
1 1 0 
2 3 3646 3647 0 
1 1 0 
1 1 0 
1 1 0 
1 1 0 
1 1 0 
1 1 0 
1 1 0 
2 3 3654 3655 0 
2 3 3653 3656 0 
1 1 0 
2 3 3657 3658 0 
2 3 3652 3659 0 
2 3 3651 3660 0 
2 3 3650 3661 0 
1 1 0 
1 1 0 
2 3 3663 3664 0 
1 1 0 
1 1 0 
2 3 3666 3667 0 
2 3 3665 3668 0 
2 3 3662 3669 0 
2 3 3649 3670 0 
2 3 3648 3671 0 
2 3 3645 3672 0 
2 3 3644 3673 0 
2 3 3643 3674 0 
2 3 3642 3675 0 
2 3 3641 3676 0 
2 3 3640 3677 0 
2 3 3639 3678 0 
2 3 3638 3679 0 
1 1 0 
2 3 3680 3681 0 
2 3 3627 3682 0 
3 2 0 3683 
3 2 0 3627 
3 2 0 3619 
3 2 0 3626 
3 2 0 3620 
3 2 0 3625 
3 2 0 3621 
3 2 0 3624 
3 2 0 3622 
3 2 0 3623 
3 2 0 3682 
3 2 0 3680 
3 2 0 3638 
3 2 0 3636 
3 2 0 3632 
3 2 0 3628 
3 2 0 3631 
3 2 0 3629 
3 2 0 3630 
3 2 0 3635 
3 2 0 3633 
3 2 0 3634 
3 2 0 3637 
3 2 0 3679 
3 2 0 3639 
3 2 0 3678 
3 2 0 3640 
3 2 0 3677 
3 2 0 3641 
3 2 0 3676 
3 2 0 3642 
3 2 0 3675 
3 2 0 3643 
3 2 0 3674 
3 2 0 3644 
3 2 0 3673 
3 2 0 3645 
3 2 0 3672 
3 2 0 3648 
3 2 0 3646 
3 2 0 3647 
3 2 0 3671 
3 2 0 3649 
3 2 0 3670 
3 2 0 3662 
3 2 0 3650 
3 2 0 3661 
3 2 0 3651 
3 2 0 3660 
3 2 0 3652 
3 2 0 3659 
3 2 0 3657 
3 2 0 3653 
3 2 0 3656 
3 2 0 3654 
3 2 0 3655 
3 2 0 3658 
3 2 0 3669 
3 2 0 3665 
3 2 0 3663 
3 2 0 3664 
3 2 0 3668 
3 2 0 3666 
3 2 0 3667 
3 2 0 3681 
1 1 0 
1 1 0 
1 1 0 
2 3 3750 3751 0 
2 3 3749 3752 0 
1 1 0 
1 1 0 
1 1 0 
1 1 0 
2 3 3756 3757 0 
2 3 3755 3758 0 
1 1 0 
1 1 0 
1 1 0 
1 1 0 
1 1 0 
2 3 3763 3764 0 
1 1 0 
1 1 0 
2 3 3766 3767 0 
1 1 0 
1 1 0 
1 1 0 
1 1 0 
2 3 3771 3772 0 
2 3 3770 3773 0 
2 3 3769 3774 0 
2 3 3768 3775 0 
2 3 3765 3776 0 
2 3 3762 3777 0 
2 3 3761 3778 0 
2 3 3760 3779 0 
2 3 3759 3780 0 
2 3 3754 3781 0 
2 3 3753 3782 0 
1 1 0 
2 3 3783 3784 0 
1 1 0 
2 3 3785 3786 0 
1 1 0 
1 1 0 
1 1 0 
2 3 3789 3790 0 
1 1 0 
1 1 0 
1 1 0 
1 1 0 
1 1 0 
2 3 3795 3796 0 
2 3 3794 3797 0 
2 3 3793 3798 0 
2 3 3792 3799 0 
2 3 3791 3800 0 
2 3 3788 3801 0 
2 3 3787 3802 0 
1 1 0 
2 3 3803 3804 0 
3 2 0 3805 
3 2 0 3803 
3 2 0 3787 
3 2 0 3785 
3 2 0 3783 
3 2 0 3753 
3 2 0 3749 
3 2 0 3752 
3 2 0 3750 
3 2 0 3751 
3 2 0 3782 
3 2 0 3754 
3 2 0 3781 
3 2 0 3759 
3 2 0 3755 
3 2 0 3758 
3 2 0 3756 
3 2 0 3757 
3 2 0 3780 
3 2 0 3760 
3 2 0 3779 
3 2 0 3761 
3 2 0 3778 
3 2 0 3762 
3 2 0 3777 
3 2 0 3765 
3 2 0 3763 
3 2 0 3764 
3 2 0 3776 
3 2 0 3768 
3 2 0 3766 
3 2 0 3767 
3 2 0 3775 
3 2 0 3769 
3 2 0 3774 
3 2 0 3770 
3 2 0 3773 
3 2 0 3771 
3 2 0 3772 
3 2 0 3784 
3 2 0 3786 
3 2 0 3802 
3 2 0 3788 
3 2 0 3801 
3 2 0 3791 
3 2 0 3789 
3 2 0 3790 
3 2 0 3800 
3 2 0 3792 
3 2 0 3799 
3 2 0 3793 
3 2 0 3798 
3 2 0 3794 
3 2 0 3797 
3 2 0 3795 
3 2 0 3796 
3 2 0 3804 
1 1 0 
1 1 0 
1 1 0 
1 1 0 
1 1 0 
1 1 0 
2 3 3867 3868 0 
2 3 3866 3869 0 
2 3 3865 3870 0 
2 3 3864 3871 0 
2 3 3863 3872 0 
1 1 0 
1 1 0 
1 1 0 
1 1 0 
1 1 0 
2 3 3877 3878 0 
2 3 3876 3879 0 
1 1 0 
2 3 3880 3881 0 
1 1 0 
2 3 3882 3883 0 
1 1 0 
1 1 0 
2 3 3885 3886 0 
1 1 0 
1 1 0 
1 1 0 
1 1 0 
1 1 0 
2 3 3891 3892 0 
2 3 3890 3893 0 
1 1 0 
1 1 0 
1 1 0 
2 3 3896 3897 0 
1 1 0 
2 3 3898 3899 0 
2 3 3895 3900 0 
2 3 3894 3901 0 
2 3 3889 3902 0 
2 3 3888 3903 0 
2 3 3887 3904 0 
2 3 3884 3905 0 
2 3 3875 3906 0 
2 3 3874 3907 0 
1 1 0 
2 3 3908 3909 0 
2 3 3873 3910 0 
3 2 0 3911 
3 2 0 3873 
3 2 0 3863 
3 2 0 3872 
3 2 0 3864 
3 2 0 3871 
3 2 0 3865 
3 2 0 3870 
3 2 0 3866 
3 2 0 3869 
3 2 0 3867 
3 2 0 3868 
3 2 0 3910 
3 2 0 3908 
3 2 0 3874 
3 2 0 3907 
3 2 0 3875 
3 2 0 3906 
3 2 0 3884 
3 2 0 3882 
3 2 0 3880 
3 2 0 3876 
3 2 0 3879 
3 2 0 3877 
3 2 0 3878 
3 2 0 3881 
3 2 0 3883 
3 2 0 3905 
3 2 0 3887 
3 2 0 3885 
3 2 0 3886 
3 2 0 3904 
3 2 0 3888 
3 2 0 3903 
3 2 0 3889 
3 2 0 3902 
3 2 0 3894 
3 2 0 3890 
3 2 0 3893 
3 2 0 3891 
3 2 0 3892 
3 2 0 3901 
3 2 0 3895 
3 2 0 3900 
3 2 0 3898 
3 2 0 3896 
3 2 0 3897 
3 2 0 3899 
3 2 0 3909 
1 1 0 
1 1 0 
1 1 0 
1 1 0 
1 1 0 
1 1 0 
2 3 3965 3966 0 
2 3 3964 3967 0 
2 3 3963 3968 0 
1 1 0 
1 1 0 
1 1 0 
2 3 3971 3972 0 
2 3 3970 3973 0 
2 3 3969 3974 0 
2 3 3962 3975 0 
1 1 0 
2 3 3976 3977 0 
2 3 3961 3978 0 
3 2 0 3979 
3 2 0 3961 
3 2 0 3978 
3 2 0 3976 
3 2 0 3962 
3 2 0 3975 
3 2 0 3969 
3 2 0 3963 
3 2 0 3968 
3 2 0 3964 
3 2 0 3967 
3 2 0 3965 
3 2 0 3966 
3 2 0 3974 
3 2 0 3970 
3 2 0 3973 
3 2 0 3971 
3 2 0 3972 
3 2 0 3977 
1 1 0 
1 1 0 
1 1 0 
2 3 4000 4001 0 
2 3 3999 4002 0 
1 1 0 
2 3 4003 4004 0 
1 1 0 
1 1 0 
2 3 4006 4007 0 
1 1 0 
1 1 0 
1 1 0 
1 1 0 
1 1 0 
1 1 0 
1 1 0 
1 1 0 
1 1 0 
1 1 0 
1 1 0 
1 1 0 
2 3 4019 4020 0 
2 3 4018 4021 0 
1 1 0 
1 1 0 
1 1 0 
2 3 4024 4025 0 
2 3 4023 4026 0 
2 3 4022 4027 0 
1 1 0 
2 3 4028 4029 0 
2 3 4017 4030 0 
2 3 4016 4031 0 
2 3 4015 4032 0 
2 3 4014 4033 0 
2 3 4013 4034 0 
2 3 4012 4035 0 
2 3 4011 4036 0 
2 3 4010 4037 0 
2 3 4009 4038 0 
2 3 4008 4039 0 
1 1 0 
2 3 4040 4041 0 
2 3 4005 4042 0 
3 2 0 4043 
3 2 0 4005 
3 2 0 4003 
3 2 0 3999 
3 2 0 4002 
3 2 0 4000 
3 2 0 4001 
3 2 0 4004 
3 2 0 4042 
3 2 0 4040 
3 2 0 4008 
3 2 0 4006 
3 2 0 4007 
3 2 0 4039 
3 2 0 4009 
3 2 0 4038 
3 2 0 4010 
3 2 0 4037 
3 2 0 4011 
3 2 0 4036 
3 2 0 4012 
3 2 0 4035 
3 2 0 4013 
3 2 0 4034 
3 2 0 4014 
3 2 0 4033 
3 2 0 4015 
3 2 0 4032 
3 2 0 4016 
3 2 0 4031 
3 2 0 4017 
3 2 0 4030 
3 2 0 4028 
3 2 0 4022 
3 2 0 4018 
3 2 0 4021 
3 2 0 4019 
3 2 0 4020 
3 2 0 4027 
3 2 0 4023 
3 2 0 4026 
3 2 0 4024 
3 2 0 4025 
3 2 0 4029 
3 2 0 4041 
1 1 0 
1 1 0 
1 1 0 
2 3 4090 4091 0 
1 1 0 
1 1 0 
1 1 0 
1 1 0 
1 1 0 
2 3 4096 4097 0 
2 3 4095 4098 0 
2 3 4094 4099 0 
1 1 0 
1 1 0 
1 1 0 
2 3 4102 4103 0 
2 3 4101 4104 0 
2 3 4100 4105 0 
2 3 4093 4106 0 
2 3 4092 4107 0 
2 3 4089 4108 0 
1 1 0 
1 1 0 
1 1 0 
1 1 0 
1 1 0 
2 3 4113 4114 0 
2 3 4112 4115 0 
2 3 4111 4116 0 
1 1 0 
1 1 0 
2 3 4118 4119 0 
2 3 4117 4120 0 
1 1 0 
1 1 0 
1 1 0 
2 3 4123 4124 0 
1 1 0 
1 1 0 
1 1 0 
1 1 0 
1 1 0 
2 3 4129 4130 0 
2 3 4128 4131 0 
1 1 0 
1 1 0 
1 1 0 
1 1 0 
1 1 0 
1 1 0 
2 3 4137 4138 0 
2 3 4136 4139 0 
2 3 4135 4140 0 
2 3 4134 4141 0 
2 3 4133 4142 0 
2 3 4132 4143 0 
2 3 4127 4144 0 
2 3 4126 4145 0 
2 3 4125 4146 0 
2 3 4122 4147 0 
1 1 0 
2 3 4148 4149 0 
2 3 4121 4150 0 
2 3 4110 4151 0 
2 3 4109 4152 0 
3 2 0 4153 
3 2 0 4109 
3 2 0 4089 
3 2 0 4108 
3 2 0 4092 
3 2 0 4090 
3 2 0 4091 
3 2 0 4107 
3 2 0 4093 
3 2 0 4106 
3 2 0 4100 
3 2 0 4094 
3 2 0 4099 
3 2 0 4095 
3 2 0 4098 
3 2 0 4096 
3 2 0 4097 
3 2 0 4105 
3 2 0 4101 
3 2 0 4104 
3 2 0 4102 
3 2 0 4103 
3 2 0 4152 
3 2 0 4110 
3 2 0 4151 
3 2 0 4121 
3 2 0 4117 
3 2 0 4111 
3 2 0 4116 
3 2 0 4112 
3 2 0 4115 
3 2 0 4113 
3 2 0 4114 
3 2 0 4120 
3 2 0 4118 
3 2 0 4119 
3 2 0 4150 
3 2 0 4148 
3 2 0 4122 
3 2 0 4147 
3 2 0 4125 
3 2 0 4123 
3 2 0 4124 
3 2 0 4146 
3 2 0 4126 
3 2 0 4145 
3 2 0 4127 
3 2 0 4144 
3 2 0 4132 
3 2 0 4128 
3 2 0 4131 
3 2 0 4129 
3 2 0 4130 
3 2 0 4143 
3 2 0 4133 
3 2 0 4142 
3 2 0 4134 
3 2 0 4141 
3 2 0 4135 
3 2 0 4140 
3 2 0 4136 
3 2 0 4139 
3 2 0 4137 
3 2 0 4138 
3 2 0 4149 
1 1 0 
1 1 0 
1 1 0 
1 1 0 
1 1 0 
2 3 4222 4223 0 
1 1 0 
2 3 4224 4225 0 
1 1 0 
2 3 4226 4227 0 
1 1 0 
1 1 0 
1 1 0 
1 1 0 
2 3 4231 4232 0 
2 3 4230 4233 0 
1 1 0 
2 3 4234 4235 0 
2 3 4229 4236 0 
2 3 4228 4237 0 
1 1 0 
1 1 0 
2 3 4239 4240 0 
1 1 0 
1 1 0 
1 1 0 
2 3 4243 4244 0 
1 1 0 
1 1 0 
1 1 0 
1 1 0 
1 1 0 
1 1 0 
2 3 4250 4251 0 
2 3 4249 4252 0 
2 3 4248 4253 0 
2 3 4247 4254 0 
1 1 0 
1 1 0 
1 1 0 
1 1 0 
2 3 4258 4259 0 
2 3 4257 4260 0 
2 3 4256 4261 0 
2 3 4255 4262 0 
2 3 4246 4263 0 
2 3 4245 4264 0 
2 3 4242 4265 0 
2 3 4241 4266 0 
2 3 4238 4267 0 
2 3 4221 4268 0 
2 3 4220 4269 0 
1 1 0 
2 3 4270 4271 0 
2 3 4219 4272 0 
3 2 0 4273 
3 2 0 4219 
3 2 0 4272 
3 2 0 4270 
3 2 0 4220 
3 2 0 4269 
3 2 0 4221 
3 2 0 4268 
3 2 0 4238 
3 2 0 4228 
3 2 0 4226 
3 2 0 4224 
3 2 0 4222 
3 2 0 4223 
3 2 0 4225 
3 2 0 4227 
3 2 0 4237 
3 2 0 4229 
3 2 0 4236 
3 2 0 4234 
3 2 0 4230 
3 2 0 4233 
3 2 0 4231 
3 2 0 4232 
3 2 0 4235 
3 2 0 4267 
3 2 0 4241 
3 2 0 4239 
3 2 0 4240 
3 2 0 4266 
3 2 0 4242 
3 2 0 4265 
3 2 0 4245 
3 2 0 4243 
3 2 0 4244 
3 2 0 4264 
3 2 0 4246 
3 2 0 4263 
3 2 0 4255 
3 2 0 4247 
3 2 0 4254 
3 2 0 4248 
3 2 0 4253 
3 2 0 4249 
3 2 0 4252 
3 2 0 4250 
3 2 0 4251 
3 2 0 4262 
3 2 0 4256 
3 2 0 4261 
3 2 0 4257 
3 2 0 4260 
3 2 0 4258 
3 2 0 4259 
3 2 0 4271 
1 1 0 
1 1 0 
1 1 0 
2 3 4330 4331 0 
2 3 4329 4332 0 
1 1 0 
2 3 4333 4334 0 
1 1 0 
1 1 0 
2 3 4336 4337 0 
1 1 0 
1 1 0 
1 1 0 
1 1 0 
1 1 0 
2 3 4342 4343 0 
2 3 4341 4344 0 
1 1 0 
1 1 0 
2 3 4346 4347 0 
2 3 4345 4348 0 
2 3 4340 4349 0 
2 3 4339 4350 0 
2 3 4338 4351 0 
2 3 4335 4352 0 
1 1 0 
2 3 4353 4354 0 
3 2 0 4355 
3 2 0 4353 
3 2 0 4335 
3 2 0 4333 
3 2 0 4329 
3 2 0 4332 
3 2 0 4330 
3 2 0 4331 
3 2 0 4334 
3 2 0 4352 
3 2 0 4338 
3 2 0 4336 
3 2 0 4337 
3 2 0 4351 
3 2 0 4339 
3 2 0 4350 
3 2 0 4340 
3 2 0 4349 
3 2 0 4345 
3 2 0 4341 
3 2 0 4344 
3 2 0 4342 
3 2 0 4343 
3 2 0 4348 
3 2 0 4346 
3 2 0 4347 
3 2 0 4354 
1 1 0 
1 1 0 
2 3 4383 4384 0 
1 1 0 
1 1 0 
2 3 4386 4387 0 
2 3 4385 4388 0 
1 1 0 
2 3 4389 4390 0 
1 1 0 
2 3 4391 4392 0 
1 1 0 
1 1 0 
2 3 4394 4395 0 
1 1 0 
1 1 0 
2 3 4397 4398 0 
2 3 4396 4399 0 
2 3 4393 4400 0 
1 1 0 
2 3 4401 4402 0 
3 2 0 4403 
3 2 0 4401 
3 2 0 4393 
3 2 0 4391 
3 2 0 4389 
3 2 0 4385 
3 2 0 4383 
3 2 0 4384 
3 2 0 4388 
3 2 0 4386 
3 2 0 4387 
3 2 0 4390 
3 2 0 4392 
3 2 0 4400 
3 2 0 4396 
3 2 0 4394 
3 2 0 4395 
3 2 0 4399 
3 2 0 4397 
3 2 0 4398 
3 2 0 4402 
1 1 0 
1 1 0 
1 1 0 
2 3 4426 4427 0 
1 1 0 
1 1 0 
1 1 0 
1 1 0 
1 1 0 
2 3 4432 4433 0 
1 1 0 
1 1 0 
1 1 0 
1 1 0 
2 3 4437 4438 0 
2 3 4436 4439 0 
1 1 0 
1 1 0 
2 3 4441 4442 0 
2 3 4440 4443 0 
2 3 4435 4444 0 
2 3 4434 4445 0 
2 3 4431 4446 0 
2 3 4430 4447 0 
2 3 4429 4448 0 
2 3 4428 4449 0 
2 3 4425 4450 0 
1 1 0 
1 1 0 
1 1 0 
1 1 0 
1 1 0 
1 1 0 
2 3 4456 4457 0 
1 1 0 
1 1 0 
2 3 4459 4460 0 
2 3 4458 4461 0 
2 3 4455 4462 0 
1 1 0 
2 3 4463 4464 0 
2 3 4454 4465 0 
2 3 4453 4466 0 
2 3 4452 4467 0 
2 3 4451 4468 0 
3 2 0 4469 
3 2 0 4451 
3 2 0 4425 
3 2 0 4450 
3 2 0 4428 
3 2 0 4426 
3 2 0 4427 
3 2 0 4449 
3 2 0 4429 
3 2 0 4448 
3 2 0 4430 
3 2 0 4447 
3 2 0 4431 
3 2 0 4446 
3 2 0 4434 
3 2 0 4432 
3 2 0 4433 
3 2 0 4445 
3 2 0 4435 
3 2 0 4444 
3 2 0 4440 
3 2 0 4436 
3 2 0 4439 
3 2 0 4437 
3 2 0 4438 
3 2 0 4443 
3 2 0 4441 
3 2 0 4442 
3 2 0 4468 
3 2 0 4452 
3 2 0 4467 
3 2 0 4453 
3 2 0 4466 
3 2 0 4454 
3 2 0 4465 
3 2 0 4463 
3 2 0 4455 
3 2 0 4462 
3 2 0 4458 
3 2 0 4456 
3 2 0 4457 
3 2 0 4461 
3 2 0 4459 
3 2 0 4460 
3 2 0 4464 
1 1 0 
1 1 0 
1 1 0 
2 3 4516 4517 0 
1 1 0 
1 1 0 
2 3 4519 4520 0 
1 1 0 
1 1 0 
1 1 0 
1 1 0 
1 1 0 
2 3 4525 4526 0 
2 3 4524 4527 0 
2 3 4523 4528 0 
1 1 0 
1 1 0 
2 3 4530 4531 0 
2 3 4529 4532 0 
1 1 0 
1 1 0 
1 1 0 
2 3 4535 4536 0 
2 3 4534 4537 0 
1 1 0 
1 1 0 
1 1 0 
1 1 0 
1 1 0 
1 1 0 
1 1 0 
1 1 0 
2 3 4545 4546 0 
2 3 4544 4547 0 
1 1 0 
1 1 0 
2 3 4549 4550 0 
2 3 4548 4551 0 
2 3 4543 4552 0 
2 3 4542 4553 0 
2 3 4541 4554 0 
2 3 4540 4555 0 
2 3 4539 4556 0 
2 3 4538 4557 0 
2 3 4533 4558 0 
2 3 4522 4559 0 
2 3 4521 4560 0 
1 1 0 
2 3 4561 4562 0 
1 1 0 
1 1 0 
2 3 4564 4565 0 
1 1 0 
2 3 4566 4567 0 
2 3 4563 4568 0 
2 3 4518 4569 0 
1 1 0 
2 3 4570 4571 0 
2 3 4515 4572 0 
3 2 0 4573 
3 2 0 4515 
3 2 0 4572 
3 2 0 4570 
3 2 0 4518 
3 2 0 4516 
3 2 0 4517 
3 2 0 4569 
3 2 0 4563 
3 2 0 4561 
3 2 0 4521 
3 2 0 4519 
3 2 0 4520 
3 2 0 4560 
3 2 0 4522 
3 2 0 4559 
3 2 0 4533 
3 2 0 4529 
3 2 0 4523 
3 2 0 4528 
3 2 0 4524 
3 2 0 4527 
3 2 0 4525 
3 2 0 4526 
3 2 0 4532 
3 2 0 4530 
3 2 0 4531 
3 2 0 4558 
3 2 0 4538 
3 2 0 4534 
3 2 0 4537 
3 2 0 4535 
3 2 0 4536 
3 2 0 4557 
3 2 0 4539 
3 2 0 4556 
3 2 0 4540 
3 2 0 4555 
3 2 0 4541 
3 2 0 4554 
3 2 0 4542 
3 2 0 4553 
3 2 0 4543 
3 2 0 4552 
3 2 0 4548 
3 2 0 4544 
3 2 0 4547 
3 2 0 4545 
3 2 0 4546 
3 2 0 4551 
3 2 0 4549 
3 2 0 4550 
3 2 0 4562 
3 2 0 4568 
3 2 0 4566 
3 2 0 4564 
3 2 0 4565 
3 2 0 4567 
3 2 0 4571 
1 1 0 
1 1 0 
1 1 0 
1 1 0 
1 1 0 
1 1 0 
2 3 4637 4638 0 
2 3 4636 4639 0 
2 3 4635 4640 0 
2 3 4634 4641 0 
2 3 4633 4642 0 
3 2 0 4643 
3 2 0 4633 
3 2 0 4642 
3 2 0 4634 
3 2 0 4641 
3 2 0 4635 
3 2 0 4640 
3 2 0 4636 
3 2 0 4639 
3 2 0 4637 
3 2 0 4638 
1 1 0 
1 1 0 
1 1 0 
1 1 0 
2 3 4657 4658 0 
1 1 0 
2 3 4659 4660 0 
1 1 0 
1 1 0 
2 3 4662 4663 0 
2 3 4661 4664 0 
2 3 4656 4665 0 
1 1 0 
1 1 0 
1 1 0 
2 3 4668 4669 0 
1 1 0 
2 3 4670 4671 0 
1 1 0 
1 1 0 
2 3 4673 4674 0 
2 3 4672 4675 0 
2 3 4667 4676 0 
2 3 4666 4677 0 
1 1 0 
2 3 4678 4679 0 
2 3 4655 4680 0 
3 2 0 4681 
3 2 0 4655 
3 2 0 4680 
3 2 0 4678 
3 2 0 4666 
3 2 0 4656 
3 2 0 4665 
3 2 0 4661 
3 2 0 4659 
3 2 0 4657 
3 2 0 4658 
3 2 0 4660 
3 2 0 4664 
3 2 0 4662 
3 2 0 4663 
3 2 0 4677 
3 2 0 4667 
3 2 0 4676 
3 2 0 4672 
3 2 0 4670 
3 2 0 4668 
3 2 0 4669 
3 2 0 4671 
3 2 0 4675 
3 2 0 4673 
3 2 0 4674 
3 2 0 4679 
70 2354 50 51 52 53 54 55 56 57 58 59 60 61 62 63 64 65 66 67 68 69 70 71 72 73 74 75 76 77 78 79 80 81 82 83 84 85 86 87 88 89 90 91 92 93 94 95 96 97 98 156 157 158 159 160 161 162 163 164 165 166 167 168 169 170 171 172 173 174 175 176 177 178 179 180 181 182 183 184 185 186 187 188 189 190 191 192 193 194 195 196 197 198 199 200 201 202 203 204 205 206 207 208 209 210 211 212 260 261 262 263 264 265 266 267 268 269 270 271 272 273 274 275 276 277 278 279 280 281 282 283 284 285 286 287 288 289 290 291 292 293 294 295 296 297 298 299 300 301 302 303 304 305 306 328 329 330 331 332 333 334 335 336 337 338 339 340 341 342 343 344 345 346 347 348 400 401 402 403 404 405 406 407 408 409 410 411 412 413 414 415 416 417 418 419 420 421 422 423 424 425 426 427 428 429 430 431 432 433 434 435 436 437 438 439 440 441 442 443 444 445 446 447 448 449 450 500 501 502 503 504 505 506 507 508 509 510 511 512 513 514 515 516 517 518 519 520 521 522 523 524 525 526 527 528 529 530 531 532 533 534 535 536 537 538 539 540 541 542 543 544 545 546 547 548 594 595 596 597 598 599 600 601 602 603 604 605 606 607 608 609 610 611 612 613 614 615 616 617 618 619 620 621 622 623 624 625 626 627 628 629 630 631 632 633 634 635 636 637 638 664 665 666 667 668 669 670 671 672 673 674 675 676 677 678 679 680 681 682 683 684 685 686 687 688 740 741 742 743 744 745 746 747 748 749 750 751 752 753 754 755 756 757 758 759 760 761 762 763 764 765 766 767 768 769 770 771 772 773 774 775 776 777 778 779 780 781 782 783 784 785 786 787 788 789 790 842 843 844 845 846 847 848 849 850 851 852 853 854 855 856 857 858 859 860 861 862 863 864 865 866 867 868 869 870 871 872 873 874 875 876 877 878 879 880 881 882 883 884 885 886 887 888 889 890 891 892 914 915 916 917 918 919 920 921 922 923 924 925 926 927 928 929 930 931 932 933 934 960 961 962 963 964 965 966 967 968 969 970 971 972 973 974 975 976 977 978 979 980 981 982 983 984 1068 1069 1070 1071 1072 1073 1074 1075 1076 1077 1078 1079 1080 1081 1082 1083 1084 1085 1086 1087 1088 1089 1090 1091 1092 1093 1094 1095 1096 1097 1098 1099 1100 1101 1102 1103 1104 1105 1106 1107 1108 1109 1110 1111 1112 1113 1114 1115 1116 1117 1118 1119 1120 1121 1122 1123 1124 1125 1126 1127 1128 1129 1130 1131 1132 1133 1134 1135 1136 1137 1138 1139 1140 1141 1142 1143 1144 1145 1146 1147 1148 1149 1150 1154 1155 1156 1160 1161 1162 1186 1187 1188 1189 1190 1191 1192 1193 1194 1195 1196 1197 1198 1199 1200 1201 1202 1203 1204 1205 1206 1207 1208 1218 1219 1220 1221 1222 1223 1224 1225 1226 1272 1273 1274 1275 1276 1277 1278 1279 1280 1281 1282 1283 1284 1285 1286 1287 1288 1289 1290 1291 1292 1293 1294 1295 1296 1297 1298 1299 1300 1301 1302 1303 1304 1305 1306 1307 1308 1309 1310 1311 1312 1313 1314 1315 1316 1374 1375 1376 1377 1378 1379 1380 1381 1382 1383 1384 1385 1386 1387 1388 1389 1390 1391 1392 1393 1394 1395 1396 1397 1398 1399 1400 1401 1402 1403 1404 1405 1406 1407 1408 1409 1410 1411 1412 1413 1414 1415 1416 1417 1418 1419 1420 1421 1422 1423 1424 1425 1426 1427 1428 1429 1430 1464 1465 1466 1467 1468 1469 1470 1471 1472 1473 1474 1475 1476 1477 1478 1479 1480 1481 1482 1483 1484 1485 1486 1487 1488 1489 1490 1491 1492 1493 1494 1495 1496 1524 1525 1526 1527 1528 1529 1530 1531 1532 1533 1534 1535 1536 1537 1538 1539 1540 1541 1542 1543 1544 1545 1546 1547 1548 1549 1550 1562 1563 1564 1565 1566 1567 1568 1569 1570 1571 1572 1588 1589 1590 1591 1592 1593 1594 1595 1596 1597 1598 1599 1600 1601 1602 1640 1641 1642 1643 1644 1645 1646 1647 1648 1649 1650 1651 1652 1653 1654 1655 1656 1657 1658 1659 1660 1661 1662 1663 1664 1665 1666 1667 1668 1669 1670 1671 1672 1673 1674 1675 1676 1712 1713 1714 1715 1716 1717 1718 1719 1720 1721 1722 1723 1724 1725 1726 1727 1728 1729 1730 1731 1732 1733 1734 1735 1736 1737 1738 1739 1740 1741 1742 1743 1744 1745 1746 1780 1781 1782 1783 1784 1785 1786 1787 1788 1789 1790 1791 1792 1793 1794 1795 1796 1797 1798 1799 1800 1801 1802 1803 1804 1805 1806 1807 1808 1809 1810 1811 1812 1886 1887 1888 1889 1890 1891 1892 1893 1894 1895 1896 1897 1898 1899 1900 1901 1902 1903 1904 1905 1906 1907 1908 1909 1910 1911 1912 1913 1914 1915 1916 1917 1918 1919 1920 1921 1922 1923 1924 1925 1926 1927 1928 1929 1930 1931 1932 1933 1934 1935 1936 1937 1938 1939 1940 1941 1942 1943 1944 1945 1946 1947 1948 1949 1950 1951 1952 1953 1954 1955 1956 1957 1958 2050 2051 2052 2053 2054 2055 2056 2057 2058 2059 2060 2061 2062 2063 2064 2065 2066 2067 2068 2069 2070 2071 2072 2073 2074 2075 2076 2077 2078 2079 2080 2081 2082 2083 2084 2085 2086 2087 2088 2089 2090 2091 2092 2093 2094 2095 2096 2097 2098 2099 2100 2101 2102 2103 2104 2105 2106 2107 2108 2109 2110 2111 2112 2113 2114 2115 2116 2117 2118 2119 2120 2121 2122 2123 2124 2125 2126 2127 2128 2129 2130 2131 2132 2133 2134 2135 2136 2137 2138 2139 2140 2172 2173 2174 2175 2176 2177 2178 2179 2180 2181 2182 2183 2184 2185 2186 2187 2188 2189 2190 2191 2192 2193 2194 2195 2196 2197 2198 2199 2200 2201 2202 2218 2219 2220 2221 2222 2223 2224 2225 2226 2227 2228 2229 2230 2231 2232 2244 2245 2246 2247 2248 2249 2250 2251 2252 2253 2254 2328 2329 2330 2331 2332 2333 2334 2335 2336 2337 2338 2339 2340 2341 2342 2343 2344 2345 2346 2347 2348 2349 2350 2351 2352 2353 2354 2355 2356 2357 2358 2359 2360 2361 2362 2363 2364 2365 2366 2367 2368 2369 2370 2371 2372 2373 2374 2375 2376 2377 2378 2379 2380 2381 2382 2383 2384 2385 2386 2387 2388 2389 2390 2391 2392 2393 2394 2395 2396 2397 2398 2399 2400 2456 2457 2458 2459 2460 2461 2462 2463 2464 2465 2466 2467 2468 2469 2470 2471 2472 2473 2474 2475 2476 2477 2478 2479 2480 2481 2482 2483 2484 2485 2486 2487 2488 2489 2490 2491 2492 2493 2494 2495 2496 2497 2498 2499 2500 2501 2502 2503 2504 2505 2506 2507 2508 2509 2510 2550 2551 2552 2553 2554 2555 2556 2557 2558 2559 2560 2561 2562 2563 2564 2565 2566 2567 2568 2569 2570 2571 2572 2573 2574 2575 2576 2577 2578 2579 2580 2581 2582 2583 2584 2585 2586 2587 2588 2612 2613 2614 2615 2616 2617 2618 2619 2620 2621 2622 2623 2624 2625 2626 2627 2628 2629 2630 2631 2632 2633 2634 2680 2681 2682 2683 2684 2685 2686 2687 2688 2689 2690 2691 2692 2693 2694 2695 2696 2697 2698 2699 2700 2701 2702 2703 2704 2705 2706 2707 2708 2709 2710 2711 2712 2713 2714 2715 2716 2717 2718 2719 2720 2721 2722 2723 2724 2758 2759 2760 2761 2762 2763 2764 2765 2766 2767 2768 2769 2770 2771 2772 2773 2774 2775 2776 2777 2778 2779 2780 2781 2782 2783 2784 2785 2786 2787 2788 2789 2790 2840 2841 2842 2843 2844 2845 2846 2847 2848 2849 2850 2851 2852 2853 2854 2855 2856 2857 2858 2859 2860 2861 2862 2863 2864 2865 2866 2867 2868 2869 2870 2871 2872 2873 2874 2875 2876 2877 2878 2879 2880 2881 2882 2883 2884 2885 2886 2887 2888 2946 2947 2948 2949 2950 2951 2952 2953 2954 2955 2956 2957 2958 2959 2960 2961 2962 2963 2964 2965 2966 2967 2968 2969 2970 2971 2972 2973 2974 2975 2976 2977 2978 2979 2980 2981 2982 2983 2984 2985 2986 2987 2988 2989 2990 2991 2992 2993 2994 2995 2996 2997 2998 2999 3000 3001 3002 3058 3059 3060 3061 3062 3063 3064 3065 3066 3067 3068 3069 3070 3071 3072 3073 3074 3075 3076 3077 3078 3079 3080 3081 3082 3083 3084 3085 3086 3087 3088 3089 3090 3091 3092 3093 3094 3095 3096 3097 3098 3099 3100 3101 3102 3103 3104 3105 3106 3107 3108 3109 3110 3111 3112 3136 3137 3138 3139 3140 3141 3142 3143 3144 3145 3146 3147 3148 3149 3150 3151 3152 3153 3154 3155 3156 3157 3158 3192 3193 3194 3195 3196 3197 3198 3199 3200 3201 3202 3203 3204 3205 3206 3207 3208 3209 3210 3211 3212 3213 3214 3215 3216 3217 3218 3219 3220 3221 3222 3223 3224 3260 3261 3262 3263 3264 3265 3266 3267 3268 3269 3270 3271 3272 3273 3274 3275 3276 3277 3278 3279 3280 3281 3282 3283 3284 3285 3286 3287 3288 3289 3290 3291 3292 3293 3294 3314 3315 3316 3317 3318 3319 3320 3321 3322 3323 3324 3325 3326 3327 3328 3329 3330 3331 3332 3344 3345 3346 3347 3348 3349 3350 3351 3352 3353 3354 3362 3363 3364 3365 3366 3367 3368 3378 3379 3380 3381 3382 3383 3384 3385 3386 3446 3447 3448 3449 3450 3451 3452 3453 3454 3455 3456 3457 3458 3459 3460 3461 3462 3463 3464 3465 3466 3467 3468 3469 3470 3471 3472 3473 3474 3475 3476 3477 3478 3479 3480 3481 3482 3483 3484 3485 3486 3487 3488 3489 3490 3491 3492 3493 3494 3495 3496 3497 3498 3499 3500 3501 3502 3503 3504 3526 3527 3528 3529 3530 3531 3532 3533 3534 3535 3536 3537 3538 3539 3540 3541 3542 3543 3544 3545 3546 3572 3573 3574 3575 3576 3577 3578 3579 3580 3581 3582 3583 3584 3585 3586 3587 3588 3589 3590 3591 3592 3593 3594 3595 3596 3608 3609 3610 3611 3612 3613 3614 3615 3616 3617 3618 3684 3685 3686 3687 3688 3689 3690 3691 3692 3693 3694 3695 3696 3697 3698 3699 3700 3701 3702 3703 3704 3705 3706 3707 3708 3709 3710 3711 3712 3713 3714 3715 3716 3717 3718 3719 3720 3721 3722 3723 3724 3725 3726 3727 3728 3729 3730 3731 3732 3733 3734 3735 3736 3737 3738 3739 3740 3741 3742 3743 3744 3745 3746 3747 3748 3806 3807 3808 3809 3810 3811 3812 3813 3814 3815 3816 3817 3818 3819 3820 3821 3822 3823 3824 3825 3826 3827 3828 3829 3830 3831 3832 3833 3834 3835 3836 3837 3838 3839 3840 3841 3842 3843 3844 3845 3846 3847 3848 3849 3850 3851 3852 3853 3854 3855 3856 3857 3858 3859 3860 3861 3862 3912 3913 3914 3915 3916 3917 3918 3919 3920 3921 3922 3923 3924 3925 3926 3927 3928 3929 3930 3931 3932 3933 3934 3935 3936 3937 3938 3939 3940 3941 3942 3943 3944 3945 3946 3947 3948 3949 3950 3951 3952 3953 3954 3955 3956 3957 3958 3959 3960 3980 3981 3982 3983 3984 3985 3986 3987 3988 3989 3990 3991 3992 3993 3994 3995 3996 3997 3998 4044 4045 4046 4047 4048 4049 4050 4051 4052 4053 4054 4055 4056 4057 4058 4059 4060 4061 4062 4063 4064 4065 4066 4067 4068 4069 4070 4071 4072 4073 4074 4075 4076 4077 4078 4079 4080 4081 4082 4083 4084 4085 4086 4087 4088 4154 4155 4156 4157 4158 4159 4160 4161 4162 4163 4164 4165 4166 4167 4168 4169 4170 4171 4172 4173 4174 4175 4176 4177 4178 4179 4180 4181 4182 4183 4184 4185 4186 4187 4188 4189 4190 4191 4192 4193 4194 4195 4196 4197 4198 4199 4200 4201 4202 4203 4204 4205 4206 4207 4208 4209 4210 4211 4212 4213 4214 4215 4216 4217 4218 4274 4275 4276 4277 4278 4279 4280 4281 4282 4283 4284 4285 4286 4287 4288 4289 4290 4291 4292 4293 4294 4295 4296 4297 4298 4299 4300 4301 4302 4303 4304 4305 4306 4307 4308 4309 4310 4311 4312 4313 4314 4315 4316 4317 4318 4319 4320 4321 4322 4323 4324 4325 4326 4327 4328 4356 4357 4358 4359 4360 4361 4362 4363 4364 4365 4366 4367 4368 4369 4370 4371 4372 4373 4374 4375 4376 4377 4378 4379 4380 4381 4382 4404 4405 4406 4407 4408 4409 4410 4411 4412 4413 4414 4415 4416 4417 4418 4419 4420 4421 4422 4423 4424 4470 4471 4472 4473 4474 4475 4476 4477 4478 4479 4480 4481 4482 4483 4484 4485 4486 4487 4488 4489 4490 4491 4492 4493 4494 4495 4496 4497 4498 4499 4500 4501 4502 4503 4504 4505 4506 4507 4508 4509 4510 4511 4512 4513 4514 4574 4575 4576 4577 4578 4579 4580 4581 4582 4583 4584 4585 4586 4587 4588 4589 4590 4591 4592 4593 4594 4595 4596 4597 4598 4599 4600 4601 4602 4603 4604 4605 4606 4607 4608 4609 4610 4611 4612 4613 4614 4615 4616 4617 4618 4619 4620 4621 4622 4623 4624 4625 4626 4627 4628 4629 4630 4631 4632 4644 4645 4646 4647 4648 4649 4650 4651 4652 4653 4654 4682 4683 4684 4685 4686 4687 4688 4689 4690 4691 4692 4693 4694 4695 4696 4697 4698 4699 4700 4701 4702 4703 4704 4705 4706 4707 4708 
