4954
0 0 
1 1 0 
1 1 0 
2 3 1 2 0 
1 1 0 
1 1 0 
1 1 0 
2 3 5 6 0 
1 1 0 
1 1 0 
1 1 0 
1 1 0 
1 1 0 
1 1 0 
1 1 0 
2 3 13 14 0 
2 3 12 15 0 
2 3 11 16 0 
2 3 10 17 0 
2 3 9 18 0 
2 3 8 19 0 
2 3 7 20 0 
2 3 4 21 0 
2 3 3 22 0 
1 1 0 
1 1 0 
1 1 0 
1 1 0 
2 3 26 27 0 
1 1 0 
2 3 28 29 0 
1 1 0 
1 1 0 
1 1 0 
1 1 0 
1 1 0 
1 1 0 
2 3 35 36 0 
2 3 34 37 0 
2 3 33 38 0 
2 3 32 39 0 
2 3 31 40 0 
2 3 30 41 0 
2 3 25 42 0 
2 3 24 43 0 
2 3 23 44 0 
1 1 0 
2 3 45 46 0 
1 1 0 
2 3 47 48 0 
1 1 0 
2 3 49 50 0 
3 2 0 51 
3 2 0 49 
3 2 0 47 
3 2 0 45 
3 2 0 23 
3 2 0 3 
3 2 0 1 
3 2 0 2 
3 2 0 22 
3 2 0 4 
3 2 0 21 
3 2 0 7 
3 2 0 5 
3 2 0 6 
3 2 0 20 
3 2 0 8 
3 2 0 19 
3 2 0 9 
3 2 0 18 
3 2 0 10 
3 2 0 17 
3 2 0 11 
3 2 0 16 
3 2 0 12 
3 2 0 15 
3 2 0 13 
3 2 0 14 
3 2 0 44 
3 2 0 24 
3 2 0 43 
3 2 0 25 
3 2 0 42 
3 2 0 30 
3 2 0 28 
3 2 0 26 
3 2 0 27 
3 2 0 29 
3 2 0 41 
3 2 0 31 
3 2 0 40 
3 2 0 32 
3 2 0 39 
3 2 0 33 
3 2 0 38 
3 2 0 34 
3 2 0 37 
3 2 0 35 
3 2 0 36 
3 2 0 46 
3 2 0 48 
3 2 0 50 
1 1 0 
1 1 0 
1 1 0 
1 1 0 
2 3 105 106 0 
1 1 0 
1 1 0 
1 1 0 
1 1 0 
1 1 0 
2 3 111 112 0 
2 3 110 113 0 
2 3 109 114 0 
2 3 108 115 0 
2 3 107 116 0 
1 1 0 
1 1 0 
1 1 0 
2 3 119 120 0 
1 1 0 
1 1 0 
1 1 0 
1 1 0 
1 1 0 
1 1 0 
2 3 126 127 0 
2 3 125 128 0 
1 1 0 
1 1 0 
1 1 0 
1 1 0 
2 3 132 133 0 
2 3 131 134 0 
2 3 130 135 0 
2 3 129 136 0 
2 3 124 137 0 
2 3 123 138 0 
2 3 122 139 0 
1 1 0 
2 3 140 141 0 
2 3 121 142 0 
2 3 118 143 0 
2 3 117 144 0 
2 3 104 145 0 
2 3 103 146 0 
3 2 0 147 
3 2 0 103 
3 2 0 146 
3 2 0 104 
3 2 0 145 
3 2 0 117 
3 2 0 107 
3 2 0 105 
3 2 0 106 
3 2 0 116 
3 2 0 108 
3 2 0 115 
3 2 0 109 
3 2 0 114 
3 2 0 110 
3 2 0 113 
3 2 0 111 
3 2 0 112 
3 2 0 144 
3 2 0 118 
3 2 0 143 
3 2 0 121 
3 2 0 119 
3 2 0 120 
3 2 0 142 
3 2 0 140 
3 2 0 122 
3 2 0 139 
3 2 0 123 
3 2 0 138 
3 2 0 124 
3 2 0 137 
3 2 0 129 
3 2 0 125 
3 2 0 128 
3 2 0 126 
3 2 0 127 
3 2 0 136 
3 2 0 130 
3 2 0 135 
3 2 0 131 
3 2 0 134 
3 2 0 132 
3 2 0 133 
3 2 0 141 
1 1 0 
1 1 0 
1 1 0 
1 1 0 
1 1 0 
2 3 196 197 0 
2 3 195 198 0 
1 1 0 
1 1 0 
1 1 0 
2 3 201 202 0 
2 3 200 203 0 
2 3 199 204 0 
1 1 0 
2 3 205 206 0 
1 1 0 
1 1 0 
1 1 0 
2 3 209 210 0 
2 3 208 211 0 
1 1 0 
1 1 0 
1 1 0 
2 3 214 215 0 
1 1 0 
1 1 0 
2 3 217 218 0 
2 3 216 219 0 
2 3 213 220 0 
2 3 212 221 0 
2 3 207 222 0 
2 3 194 223 0 
1 1 0 
2 3 224 225 0 
2 3 193 226 0 
3 2 0 227 
3 2 0 193 
3 2 0 226 
3 2 0 224 
3 2 0 194 
3 2 0 223 
3 2 0 207 
3 2 0 205 
3 2 0 199 
3 2 0 195 
3 2 0 198 
3 2 0 196 
3 2 0 197 
3 2 0 204 
3 2 0 200 
3 2 0 203 
3 2 0 201 
3 2 0 202 
3 2 0 206 
3 2 0 222 
3 2 0 212 
3 2 0 208 
3 2 0 211 
3 2 0 209 
3 2 0 210 
3 2 0 221 
3 2 0 213 
3 2 0 220 
3 2 0 216 
3 2 0 214 
3 2 0 215 
3 2 0 219 
3 2 0 217 
3 2 0 218 
3 2 0 225 
1 1 0 
1 1 0 
1 1 0 
2 3 264 265 0 
2 3 263 266 0 
1 1 0 
1 1 0 
1 1 0 
2 3 269 270 0 
1 1 0 
1 1 0 
1 1 0 
2 3 273 274 0 
2 3 272 275 0 
2 3 271 276 0 
2 3 268 277 0 
2 3 267 278 0 
1 1 0 
1 1 0 
2 3 280 281 0 
2 3 279 282 0 
1 1 0 
2 3 283 284 0 
1 1 0 
2 3 285 286 0 
1 1 0 
1 1 0 
1 1 0 
1 1 0 
1 1 0 
1 1 0 
1 1 0 
1 1 0 
1 1 0 
2 3 295 296 0 
2 3 294 297 0 
1 1 0 
2 3 298 299 0 
2 3 293 300 0 
2 3 292 301 0 
2 3 291 302 0 
2 3 290 303 0 
2 3 289 304 0 
2 3 288 305 0 
1 1 0 
1 1 0 
1 1 0 
1 1 0 
2 3 309 310 0 
1 1 0 
1 1 0 
1 1 0 
1 1 0 
2 3 314 315 0 
2 3 313 316 0 
2 3 312 317 0 
2 3 311 318 0 
2 3 308 319 0 
2 3 307 320 0 
2 3 306 321 0 
2 3 287 322 0 
1 1 0 
2 3 323 324 0 
3 2 0 325 
3 2 0 323 
3 2 0 287 
3 2 0 285 
3 2 0 283 
3 2 0 279 
3 2 0 267 
3 2 0 263 
3 2 0 266 
3 2 0 264 
3 2 0 265 
3 2 0 278 
3 2 0 268 
3 2 0 277 
3 2 0 271 
3 2 0 269 
3 2 0 270 
3 2 0 276 
3 2 0 272 
3 2 0 275 
3 2 0 273 
3 2 0 274 
3 2 0 282 
3 2 0 280 
3 2 0 281 
3 2 0 284 
3 2 0 286 
3 2 0 322 
3 2 0 306 
3 2 0 288 
3 2 0 305 
3 2 0 289 
3 2 0 304 
3 2 0 290 
3 2 0 303 
3 2 0 291 
3 2 0 302 
3 2 0 292 
3 2 0 301 
3 2 0 293 
3 2 0 300 
3 2 0 298 
3 2 0 294 
3 2 0 297 
3 2 0 295 
3 2 0 296 
3 2 0 299 
3 2 0 321 
3 2 0 307 
3 2 0 320 
3 2 0 308 
3 2 0 319 
3 2 0 311 
3 2 0 309 
3 2 0 310 
3 2 0 318 
3 2 0 312 
3 2 0 317 
3 2 0 313 
3 2 0 316 
3 2 0 314 
3 2 0 315 
3 2 0 324 
1 1 0 
1 1 0 
1 1 0 
1 1 0 
1 1 0 
2 3 392 393 0 
2 3 391 394 0 
1 1 0 
2 3 395 396 0 
1 1 0 
1 1 0 
2 3 398 399 0 
1 1 0 
1 1 0 
1 1 0 
2 3 402 403 0 
2 3 401 404 0 
2 3 400 405 0 
2 3 397 406 0 
1 1 0 
1 1 0 
1 1 0 
1 1 0 
2 3 410 411 0 
1 1 0 
1 1 0 
1 1 0 
2 3 414 415 0 
2 3 413 416 0 
2 3 412 417 0 
1 1 0 
1 1 0 
1 1 0 
1 1 0 
1 1 0 
2 3 422 423 0 
2 3 421 424 0 
2 3 420 425 0 
2 3 419 426 0 
2 3 418 427 0 
2 3 409 428 0 
2 3 408 429 0 
2 3 407 430 0 
2 3 390 431 0 
1 1 0 
2 3 432 433 0 
2 3 389 434 0 
3 2 0 435 
3 2 0 389 
3 2 0 434 
3 2 0 432 
3 2 0 390 
3 2 0 431 
3 2 0 407 
3 2 0 397 
3 2 0 395 
3 2 0 391 
3 2 0 394 
3 2 0 392 
3 2 0 393 
3 2 0 396 
3 2 0 406 
3 2 0 400 
3 2 0 398 
3 2 0 399 
3 2 0 405 
3 2 0 401 
3 2 0 404 
3 2 0 402 
3 2 0 403 
3 2 0 430 
3 2 0 408 
3 2 0 429 
3 2 0 409 
3 2 0 428 
3 2 0 418 
3 2 0 412 
3 2 0 410 
3 2 0 411 
3 2 0 417 
3 2 0 413 
3 2 0 416 
3 2 0 414 
3 2 0 415 
3 2 0 427 
3 2 0 419 
3 2 0 426 
3 2 0 420 
3 2 0 425 
3 2 0 421 
3 2 0 424 
3 2 0 422 
3 2 0 423 
3 2 0 433 
1 1 0 
1 1 0 
1 1 0 
2 3 484 485 0 
2 3 483 486 0 
1 1 0 
1 1 0 
1 1 0 
1 1 0 
1 1 0 
1 1 0 
2 3 492 493 0 
2 3 491 494 0 
2 3 490 495 0 
1 1 0 
1 1 0 
1 1 0 
2 3 498 499 0 
2 3 497 500 0 
2 3 496 501 0 
2 3 489 502 0 
2 3 488 503 0 
2 3 487 504 0 
1 1 0 
1 1 0 
1 1 0 
2 3 507 508 0 
2 3 506 509 0 
1 1 0 
1 1 0 
1 1 0 
1 1 0 
1 1 0 
2 3 514 515 0 
1 1 0 
1 1 0 
1 1 0 
1 1 0 
1 1 0 
2 3 520 521 0 
2 3 519 522 0 
2 3 518 523 0 
2 3 517 524 0 
2 3 516 525 0 
2 3 513 526 0 
2 3 512 527 0 
2 3 511 528 0 
2 3 510 529 0 
1 1 0 
2 3 530 531 0 
2 3 505 532 0 
3 2 0 533 
3 2 0 505 
3 2 0 487 
3 2 0 483 
3 2 0 486 
3 2 0 484 
3 2 0 485 
3 2 0 504 
3 2 0 488 
3 2 0 503 
3 2 0 489 
3 2 0 502 
3 2 0 496 
3 2 0 490 
3 2 0 495 
3 2 0 491 
3 2 0 494 
3 2 0 492 
3 2 0 493 
3 2 0 501 
3 2 0 497 
3 2 0 500 
3 2 0 498 
3 2 0 499 
3 2 0 532 
3 2 0 530 
3 2 0 510 
3 2 0 506 
3 2 0 509 
3 2 0 507 
3 2 0 508 
3 2 0 529 
3 2 0 511 
3 2 0 528 
3 2 0 512 
3 2 0 527 
3 2 0 513 
3 2 0 526 
3 2 0 516 
3 2 0 514 
3 2 0 515 
3 2 0 525 
3 2 0 517 
3 2 0 524 
3 2 0 518 
3 2 0 523 
3 2 0 519 
3 2 0 522 
3 2 0 520 
3 2 0 521 
3 2 0 531 
1 1 0 
1 1 0 
2 3 585 586 0 
1 1 0 
2 3 587 588 0 
1 1 0 
1 1 0 
1 1 0 
2 3 591 592 0 
1 1 0 
2 3 593 594 0 
1 1 0 
1 1 0 
1 1 0 
1 1 0 
2 3 598 599 0 
2 3 597 600 0 
2 3 596 601 0 
2 3 595 602 0 
1 1 0 
1 1 0 
1 1 0 
2 3 605 606 0 
1 1 0 
1 1 0 
1 1 0 
2 3 609 610 0 
1 1 0 
2 3 611 612 0 
1 1 0 
1 1 0 
1 1 0 
1 1 0 
2 3 616 617 0 
2 3 615 618 0 
2 3 614 619 0 
1 1 0 
1 1 0 
2 3 621 622 0 
2 3 620 623 0 
2 3 613 624 0 
2 3 608 625 0 
2 3 607 626 0 
2 3 604 627 0 
2 3 603 628 0 
2 3 590 629 0 
2 3 589 630 0 
1 1 0 
2 3 631 632 0 
3 2 0 633 
3 2 0 631 
3 2 0 589 
3 2 0 587 
3 2 0 585 
3 2 0 586 
3 2 0 588 
3 2 0 630 
3 2 0 590 
3 2 0 629 
3 2 0 603 
3 2 0 595 
3 2 0 593 
3 2 0 591 
3 2 0 592 
3 2 0 594 
3 2 0 602 
3 2 0 596 
3 2 0 601 
3 2 0 597 
3 2 0 600 
3 2 0 598 
3 2 0 599 
3 2 0 628 
3 2 0 604 
3 2 0 627 
3 2 0 607 
3 2 0 605 
3 2 0 606 
3 2 0 626 
3 2 0 608 
3 2 0 625 
3 2 0 613 
3 2 0 611 
3 2 0 609 
3 2 0 610 
3 2 0 612 
3 2 0 624 
3 2 0 620 
3 2 0 614 
3 2 0 619 
3 2 0 615 
3 2 0 618 
3 2 0 616 
3 2 0 617 
3 2 0 623 
3 2 0 621 
3 2 0 622 
3 2 0 632 
1 1 0 
1 1 0 
1 1 0 
1 1 0 
2 3 685 686 0 
2 3 684 687 0 
1 1 0 
1 1 0 
2 3 689 690 0 
2 3 688 691 0 
1 1 0 
2 3 692 693 0 
2 3 683 694 0 
3 2 0 695 
3 2 0 683 
3 2 0 694 
3 2 0 692 
3 2 0 688 
3 2 0 684 
3 2 0 687 
3 2 0 685 
3 2 0 686 
3 2 0 691 
3 2 0 689 
3 2 0 690 
3 2 0 693 
1 1 0 
1 1 0 
2 3 709 710 0 
1 1 0 
1 1 0 
1 1 0 
1 1 0 
1 1 0 
1 1 0 
2 3 716 717 0 
2 3 715 718 0 
2 3 714 719 0 
2 3 713 720 0 
2 3 712 721 0 
2 3 711 722 0 
1 1 0 
2 3 723 724 0 
1 1 0 
2 3 725 726 0 
1 1 0 
1 1 0 
2 3 728 729 0 
1 1 0 
1 1 0 
1 1 0 
2 3 732 733 0 
2 3 731 734 0 
2 3 730 735 0 
1 1 0 
1 1 0 
2 3 737 738 0 
2 3 736 739 0 
1 1 0 
2 3 740 741 0 
1 1 0 
1 1 0 
2 3 743 744 0 
1 1 0 
1 1 0 
1 1 0 
1 1 0 
2 3 748 749 0 
2 3 747 750 0 
2 3 746 751 0 
2 3 745 752 0 
1 1 0 
2 3 753 754 0 
1 1 0 
1 1 0 
1 1 0 
1 1 0 
1 1 0 
1 1 0 
1 1 0 
2 3 761 762 0 
1 1 0 
2 3 763 764 0 
2 3 760 765 0 
2 3 759 766 0 
2 3 758 767 0 
2 3 757 768 0 
2 3 756 769 0 
2 3 755 770 0 
2 3 742 771 0 
2 3 727 772 0 
1 1 0 
2 3 773 774 0 
3 2 0 775 
3 2 0 773 
3 2 0 727 
3 2 0 725 
3 2 0 723 
3 2 0 711 
3 2 0 709 
3 2 0 710 
3 2 0 722 
3 2 0 712 
3 2 0 721 
3 2 0 713 
3 2 0 720 
3 2 0 714 
3 2 0 719 
3 2 0 715 
3 2 0 718 
3 2 0 716 
3 2 0 717 
3 2 0 724 
3 2 0 726 
3 2 0 772 
3 2 0 742 
3 2 0 740 
3 2 0 736 
3 2 0 730 
3 2 0 728 
3 2 0 729 
3 2 0 735 
3 2 0 731 
3 2 0 734 
3 2 0 732 
3 2 0 733 
3 2 0 739 
3 2 0 737 
3 2 0 738 
3 2 0 741 
3 2 0 771 
3 2 0 755 
3 2 0 753 
3 2 0 745 
3 2 0 743 
3 2 0 744 
3 2 0 752 
3 2 0 746 
3 2 0 751 
3 2 0 747 
3 2 0 750 
3 2 0 748 
3 2 0 749 
3 2 0 754 
3 2 0 770 
3 2 0 756 
3 2 0 769 
3 2 0 757 
3 2 0 768 
3 2 0 758 
3 2 0 767 
3 2 0 759 
3 2 0 766 
3 2 0 760 
3 2 0 765 
3 2 0 763 
3 2 0 761 
3 2 0 762 
3 2 0 764 
3 2 0 774 
1 1 0 
1 1 0 
1 1 0 
2 3 844 845 0 
1 1 0 
1 1 0 
1 1 0 
1 1 0 
2 3 849 850 0 
2 3 848 851 0 
2 3 847 852 0 
2 3 846 853 0 
1 1 0 
2 3 854 855 0 
2 3 843 856 0 
3 2 0 857 
3 2 0 843 
3 2 0 856 
3 2 0 854 
3 2 0 846 
3 2 0 844 
3 2 0 845 
3 2 0 853 
3 2 0 847 
3 2 0 852 
3 2 0 848 
3 2 0 851 
3 2 0 849 
3 2 0 850 
3 2 0 855 
1 1 0 
1 1 0 
2 3 873 874 0 
1 1 0 
1 1 0 
2 3 876 877 0 
1 1 0 
1 1 0 
1 1 0 
2 3 880 881 0 
2 3 879 882 0 
2 3 878 883 0 
2 3 875 884 0 
1 1 0 
1 1 0 
1 1 0 
1 1 0 
1 1 0 
1 1 0 
2 3 890 891 0 
2 3 889 892 0 
1 1 0 
1 1 0 
1 1 0 
1 1 0 
2 3 896 897 0 
2 3 895 898 0 
1 1 0 
1 1 0 
2 3 900 901 0 
1 1 0 
1 1 0 
2 3 903 904 0 
2 3 902 905 0 
2 3 899 906 0 
2 3 894 907 0 
2 3 893 908 0 
2 3 888 909 0 
1 1 0 
2 3 910 911 0 
2 3 887 912 0 
2 3 886 913 0 
2 3 885 914 0 
3 2 0 915 
3 2 0 885 
3 2 0 875 
3 2 0 873 
3 2 0 874 
3 2 0 884 
3 2 0 878 
3 2 0 876 
3 2 0 877 
3 2 0 883 
3 2 0 879 
3 2 0 882 
3 2 0 880 
3 2 0 881 
3 2 0 914 
3 2 0 886 
3 2 0 913 
3 2 0 887 
3 2 0 912 
3 2 0 910 
3 2 0 888 
3 2 0 909 
3 2 0 893 
3 2 0 889 
3 2 0 892 
3 2 0 890 
3 2 0 891 
3 2 0 908 
3 2 0 894 
3 2 0 907 
3 2 0 899 
3 2 0 895 
3 2 0 898 
3 2 0 896 
3 2 0 897 
3 2 0 906 
3 2 0 902 
3 2 0 900 
3 2 0 901 
3 2 0 905 
3 2 0 903 
3 2 0 904 
3 2 0 911 
1 1 0 
1 1 0 
1 1 0 
2 3 960 961 0 
2 3 959 962 0 
1 1 0 
1 1 0 
1 1 0 
1 1 0 
1 1 0 
1 1 0 
2 3 968 969 0 
2 3 967 970 0 
2 3 966 971 0 
1 1 0 
2 3 972 973 0 
2 3 965 974 0 
2 3 964 975 0 
2 3 963 976 0 
3 2 0 977 
3 2 0 963 
3 2 0 959 
3 2 0 962 
3 2 0 960 
3 2 0 961 
3 2 0 976 
3 2 0 964 
3 2 0 975 
3 2 0 965 
3 2 0 974 
3 2 0 972 
3 2 0 966 
3 2 0 971 
3 2 0 967 
3 2 0 970 
3 2 0 968 
3 2 0 969 
3 2 0 973 
1 1 0 
1 1 0 
1 1 0 
1 1 0 
2 3 999 1000 0 
2 3 998 1001 0 
2 3 997 1002 0 
1 1 0 
1 1 0 
1 1 0 
1 1 0 
1 1 0 
2 3 1007 1008 0 
2 3 1006 1009 0 
2 3 1005 1010 0 
1 1 0 
1 1 0 
2 3 1012 1013 0 
2 3 1011 1014 0 
2 3 1004 1015 0 
2 3 1003 1016 0 
3 2 0 1017 
3 2 0 1003 
3 2 0 997 
3 2 0 1002 
3 2 0 998 
3 2 0 1001 
3 2 0 999 
3 2 0 1000 
3 2 0 1016 
3 2 0 1004 
3 2 0 1015 
3 2 0 1011 
3 2 0 1005 
3 2 0 1010 
3 2 0 1006 
3 2 0 1009 
3 2 0 1007 
3 2 0 1008 
3 2 0 1014 
3 2 0 1012 
3 2 0 1013 
1 1 0 
1 1 0 
1 1 0 
2 3 1040 1041 0 
1 1 0 
2 3 1042 1043 0 
1 1 0 
2 3 1044 1045 0 
2 3 1039 1046 0 
1 1 0 
1 1 0 
2 3 1048 1049 0 
1 1 0 
1 1 0 
1 1 0 
1 1 0 
1 1 0 
2 3 1054 1055 0 
2 3 1053 1056 0 
1 1 0 
2 3 1057 1058 0 
1 1 0 
1 1 0 
2 3 1060 1061 0 
2 3 1059 1062 0 
1 1 0 
1 1 0 
1 1 0 
2 3 1065 1066 0 
1 1 0 
2 3 1067 1068 0 
2 3 1064 1069 0 
2 3 1063 1070 0 
2 3 1052 1071 0 
1 1 0 
1 1 0 
1 1 0 
2 3 1074 1075 0 
1 1 0 
1 1 0 
1 1 0 
2 3 1078 1079 0 
2 3 1077 1080 0 
2 3 1076 1081 0 
2 3 1073 1082 0 
2 3 1072 1083 0 
2 3 1051 1084 0 
2 3 1050 1085 0 
1 1 0 
2 3 1086 1087 0 
2 3 1047 1088 0 
3 2 0 1089 
3 2 0 1047 
3 2 0 1039 
3 2 0 1046 
3 2 0 1044 
3 2 0 1042 
3 2 0 1040 
3 2 0 1041 
3 2 0 1043 
3 2 0 1045 
3 2 0 1088 
3 2 0 1086 
3 2 0 1050 
3 2 0 1048 
3 2 0 1049 
3 2 0 1085 
3 2 0 1051 
3 2 0 1084 
3 2 0 1072 
3 2 0 1052 
3 2 0 1071 
3 2 0 1063 
3 2 0 1059 
3 2 0 1057 
3 2 0 1053 
3 2 0 1056 
3 2 0 1054 
3 2 0 1055 
3 2 0 1058 
3 2 0 1062 
3 2 0 1060 
3 2 0 1061 
3 2 0 1070 
3 2 0 1064 
3 2 0 1069 
3 2 0 1067 
3 2 0 1065 
3 2 0 1066 
3 2 0 1068 
3 2 0 1083 
3 2 0 1073 
3 2 0 1082 
3 2 0 1076 
3 2 0 1074 
3 2 0 1075 
3 2 0 1081 
3 2 0 1077 
3 2 0 1080 
3 2 0 1078 
3 2 0 1079 
3 2 0 1087 
1 1 0 
1 1 0 
1 1 0 
2 3 1142 1143 0 
2 3 1141 1144 0 
1 1 0 
1 1 0 
2 3 1146 1147 0 
1 1 0 
1 1 0 
1 1 0 
2 3 1150 1151 0 
2 3 1149 1152 0 
2 3 1148 1153 0 
1 1 0 
2 3 1154 1155 0 
2 3 1145 1156 0 
3 2 0 1157 
3 2 0 1145 
3 2 0 1141 
3 2 0 1144 
3 2 0 1142 
3 2 0 1143 
3 2 0 1156 
3 2 0 1154 
3 2 0 1148 
3 2 0 1146 
3 2 0 1147 
3 2 0 1153 
3 2 0 1149 
3 2 0 1152 
3 2 0 1150 
3 2 0 1151 
3 2 0 1155 
1 1 0 
1 1 0 
1 1 0 
1 1 0 
2 3 1177 1178 0 
1 1 0 
1 1 0 
1 1 0 
2 3 1181 1182 0 
2 3 1180 1183 0 
2 3 1179 1184 0 
2 3 1176 1185 0 
2 3 1175 1186 0 
1 1 0 
1 1 0 
1 1 0 
1 1 0 
1 1 0 
1 1 0 
2 3 1192 1193 0 
2 3 1191 1194 0 
1 1 0 
2 3 1195 1196 0 
2 3 1190 1197 0 
2 3 1189 1198 0 
2 3 1188 1199 0 
2 3 1187 1200 0 
3 2 0 1201 
3 2 0 1187 
3 2 0 1175 
3 2 0 1186 
3 2 0 1176 
3 2 0 1185 
3 2 0 1179 
3 2 0 1177 
3 2 0 1178 
3 2 0 1184 
3 2 0 1180 
3 2 0 1183 
3 2 0 1181 
3 2 0 1182 
3 2 0 1200 
3 2 0 1188 
3 2 0 1199 
3 2 0 1189 
3 2 0 1198 
3 2 0 1190 
3 2 0 1197 
3 2 0 1195 
3 2 0 1191 
3 2 0 1194 
3 2 0 1192 
3 2 0 1193 
3 2 0 1196 
1 1 0 
1 1 0 
1 1 0 
1 1 0 
2 3 1231 1232 0 
1 1 0 
2 3 1233 1234 0 
1 1 0 
1 1 0 
1 1 0 
1 1 0 
2 3 1238 1239 0 
1 1 0 
2 3 1240 1241 0 
1 1 0 
2 3 1242 1243 0 
2 3 1237 1244 0 
1 1 0 
1 1 0 
1 1 0 
2 3 1247 1248 0 
2 3 1246 1249 0 
2 3 1245 1250 0 
1 1 0 
1 1 0 
1 1 0 
1 1 0 
1 1 0 
1 1 0 
1 1 0 
1 1 0 
1 1 0 
2 3 1259 1260 0 
2 3 1258 1261 0 
2 3 1257 1262 0 
2 3 1256 1263 0 
2 3 1255 1264 0 
2 3 1254 1265 0 
2 3 1253 1266 0 
2 3 1252 1267 0 
2 3 1251 1268 0 
2 3 1236 1269 0 
2 3 1235 1270 0 
1 1 0 
2 3 1271 1272 0 
2 3 1230 1273 0 
2 3 1229 1274 0 
3 2 0 1275 
3 2 0 1229 
3 2 0 1274 
3 2 0 1230 
3 2 0 1273 
3 2 0 1271 
3 2 0 1235 
3 2 0 1233 
3 2 0 1231 
3 2 0 1232 
3 2 0 1234 
3 2 0 1270 
3 2 0 1236 
3 2 0 1269 
3 2 0 1251 
3 2 0 1245 
3 2 0 1237 
3 2 0 1244 
3 2 0 1242 
3 2 0 1240 
3 2 0 1238 
3 2 0 1239 
3 2 0 1241 
3 2 0 1243 
3 2 0 1250 
3 2 0 1246 
3 2 0 1249 
3 2 0 1247 
3 2 0 1248 
3 2 0 1268 
3 2 0 1252 
3 2 0 1267 
3 2 0 1253 
3 2 0 1266 
3 2 0 1254 
3 2 0 1265 
3 2 0 1255 
3 2 0 1264 
3 2 0 1256 
3 2 0 1263 
3 2 0 1257 
3 2 0 1262 
3 2 0 1258 
3 2 0 1261 
3 2 0 1259 
3 2 0 1260 
3 2 0 1272 
1 1 0 
1 1 0 
1 1 0 
2 3 1324 1325 0 
1 1 0 
1 1 0 
2 3 1327 1328 0 
1 1 0 
1 1 0 
1 1 0 
1 1 0 
2 3 1332 1333 0 
2 3 1331 1334 0 
2 3 1330 1335 0 
1 1 0 
1 1 0 
1 1 0 
1 1 0 
1 1 0 
2 3 1340 1341 0 
1 1 0 
2 3 1342 1343 0 
1 1 0 
1 1 0 
1 1 0 
1 1 0 
2 3 1347 1348 0 
2 3 1346 1349 0 
1 1 0 
1 1 0 
1 1 0 
1 1 0 
1 1 0 
2 3 1354 1355 0 
1 1 0 
2 3 1356 1357 0 
1 1 0 
1 1 0 
2 3 1359 1360 0 
2 3 1358 1361 0 
2 3 1353 1362 0 
2 3 1352 1363 0 
2 3 1351 1364 0 
2 3 1350 1365 0 
2 3 1345 1366 0 
2 3 1344 1367 0 
2 3 1339 1368 0 
2 3 1338 1369 0 
2 3 1337 1370 0 
2 3 1336 1371 0 
2 3 1329 1372 0 
1 1 0 
2 3 1373 1374 0 
2 3 1326 1375 0 
2 3 1323 1376 0 
3 2 0 1377 
3 2 0 1323 
3 2 0 1376 
3 2 0 1326 
3 2 0 1324 
3 2 0 1325 
3 2 0 1375 
3 2 0 1373 
3 2 0 1329 
3 2 0 1327 
3 2 0 1328 
3 2 0 1372 
3 2 0 1336 
3 2 0 1330 
3 2 0 1335 
3 2 0 1331 
3 2 0 1334 
3 2 0 1332 
3 2 0 1333 
3 2 0 1371 
3 2 0 1337 
3 2 0 1370 
3 2 0 1338 
3 2 0 1369 
3 2 0 1339 
3 2 0 1368 
3 2 0 1344 
3 2 0 1342 
3 2 0 1340 
3 2 0 1341 
3 2 0 1343 
3 2 0 1367 
3 2 0 1345 
3 2 0 1366 
3 2 0 1350 
3 2 0 1346 
3 2 0 1349 
3 2 0 1347 
3 2 0 1348 
3 2 0 1365 
3 2 0 1351 
3 2 0 1364 
3 2 0 1352 
3 2 0 1363 
3 2 0 1353 
3 2 0 1362 
3 2 0 1358 
3 2 0 1356 
3 2 0 1354 
3 2 0 1355 
3 2 0 1357 
3 2 0 1361 
3 2 0 1359 
3 2 0 1360 
3 2 0 1374 
1 1 0 
1 1 0 
1 1 0 
1 1 0 
1 1 0 
2 3 1436 1437 0 
1 1 0 
2 3 1438 1439 0 
2 3 1435 1440 0 
2 3 1434 1441 0 
1 1 0 
2 3 1442 1443 0 
2 3 1433 1444 0 
3 2 0 1445 
3 2 0 1433 
3 2 0 1444 
3 2 0 1442 
3 2 0 1434 
3 2 0 1441 
3 2 0 1435 
3 2 0 1440 
3 2 0 1438 
3 2 0 1436 
3 2 0 1437 
3 2 0 1439 
3 2 0 1443 
1 1 0 
1 1 0 
2 3 1459 1460 0 
1 1 0 
2 3 1461 1462 0 
1 1 0 
1 1 0 
1 1 0 
2 3 1465 1466 0 
2 3 1464 1467 0 
2 3 1463 1468 0 
1 1 0 
2 3 1469 1470 0 
1 1 0 
1 1 0 
1 1 0 
1 1 0 
1 1 0 
1 1 0 
2 3 1476 1477 0 
2 3 1475 1478 0 
1 1 0 
1 1 0 
1 1 0 
2 3 1481 1482 0 
1 1 0 
1 1 0 
1 1 0 
2 3 1485 1486 0 
2 3 1484 1487 0 
2 3 1483 1488 0 
2 3 1480 1489 0 
2 3 1479 1490 0 
2 3 1474 1491 0 
2 3 1473 1492 0 
2 3 1472 1493 0 
1 1 0 
2 3 1494 1495 0 
2 3 1471 1496 0 
3 2 0 1497 
3 2 0 1471 
3 2 0 1469 
3 2 0 1463 
3 2 0 1461 
3 2 0 1459 
3 2 0 1460 
3 2 0 1462 
3 2 0 1468 
3 2 0 1464 
3 2 0 1467 
3 2 0 1465 
3 2 0 1466 
3 2 0 1470 
3 2 0 1496 
3 2 0 1494 
3 2 0 1472 
3 2 0 1493 
3 2 0 1473 
3 2 0 1492 
3 2 0 1474 
3 2 0 1491 
3 2 0 1479 
3 2 0 1475 
3 2 0 1478 
3 2 0 1476 
3 2 0 1477 
3 2 0 1490 
3 2 0 1480 
3 2 0 1489 
3 2 0 1483 
3 2 0 1481 
3 2 0 1482 
3 2 0 1488 
3 2 0 1484 
3 2 0 1487 
3 2 0 1485 
3 2 0 1486 
3 2 0 1495 
1 1 0 
1 1 0 
1 1 0 
1 1 0 
1 1 0 
2 3 1540 1541 0 
2 3 1539 1542 0 
2 3 1538 1543 0 
1 1 0 
1 1 0 
1 1 0 
1 1 0 
1 1 0 
2 3 1548 1549 0 
2 3 1547 1550 0 
1 1 0 
1 1 0 
2 3 1552 1553 0 
2 3 1551 1554 0 
2 3 1546 1555 0 
2 3 1545 1556 0 
2 3 1544 1557 0 
1 1 0 
2 3 1558 1559 0 
1 1 0 
1 1 0 
1 1 0 
2 3 1562 1563 0 
1 1 0 
1 1 0 
1 1 0 
1 1 0 
1 1 0 
1 1 0 
2 3 1569 1570 0 
2 3 1568 1571 0 
2 3 1567 1572 0 
2 3 1566 1573 0 
2 3 1565 1574 0 
2 3 1564 1575 0 
2 3 1561 1576 0 
2 3 1560 1577 0 
1 1 0 
2 3 1578 1579 0 
2 3 1537 1580 0 
3 2 0 1581 
3 2 0 1537 
3 2 0 1580 
3 2 0 1578 
3 2 0 1560 
3 2 0 1558 
3 2 0 1544 
3 2 0 1538 
3 2 0 1543 
3 2 0 1539 
3 2 0 1542 
3 2 0 1540 
3 2 0 1541 
3 2 0 1557 
3 2 0 1545 
3 2 0 1556 
3 2 0 1546 
3 2 0 1555 
3 2 0 1551 
3 2 0 1547 
3 2 0 1550 
3 2 0 1548 
3 2 0 1549 
3 2 0 1554 
3 2 0 1552 
3 2 0 1553 
3 2 0 1559 
3 2 0 1577 
3 2 0 1561 
3 2 0 1576 
3 2 0 1564 
3 2 0 1562 
3 2 0 1563 
3 2 0 1575 
3 2 0 1565 
3 2 0 1574 
3 2 0 1566 
3 2 0 1573 
3 2 0 1567 
3 2 0 1572 
3 2 0 1568 
3 2 0 1571 
3 2 0 1569 
3 2 0 1570 
3 2 0 1579 
1 1 0 
1 1 0 
1 1 0 
2 3 1628 1629 0 
1 1 0 
1 1 0 
1 1 0 
1 1 0 
2 3 1633 1634 0 
1 1 0 
2 3 1635 1636 0 
1 1 0 
1 1 0 
2 3 1638 1639 0 
2 3 1637 1640 0 
1 1 0 
2 3 1641 1642 0 
2 3 1632 1643 0 
2 3 1631 1644 0 
2 3 1630 1645 0 
2 3 1627 1646 0 
1 1 0 
1 1 0 
1 1 0 
1 1 0 
2 3 1650 1651 0 
2 3 1649 1652 0 
1 1 0 
2 3 1653 1654 0 
1 1 0 
1 1 0 
1 1 0 
1 1 0 
2 3 1658 1659 0 
2 3 1657 1660 0 
2 3 1656 1661 0 
1 1 0 
1 1 0 
1 1 0 
1 1 0 
2 3 1665 1666 0 
2 3 1664 1667 0 
1 1 0 
1 1 0 
1 1 0 
1 1 0 
2 3 1671 1672 0 
2 3 1670 1673 0 
2 3 1669 1674 0 
2 3 1668 1675 0 
2 3 1663 1676 0 
2 3 1662 1677 0 
1 1 0 
2 3 1678 1679 0 
2 3 1655 1680 0 
2 3 1648 1681 0 
2 3 1647 1682 0 
3 2 0 1683 
3 2 0 1647 
3 2 0 1627 
3 2 0 1646 
3 2 0 1630 
3 2 0 1628 
3 2 0 1629 
3 2 0 1645 
3 2 0 1631 
3 2 0 1644 
3 2 0 1632 
3 2 0 1643 
3 2 0 1641 
3 2 0 1637 
3 2 0 1635 
3 2 0 1633 
3 2 0 1634 
3 2 0 1636 
3 2 0 1640 
3 2 0 1638 
3 2 0 1639 
3 2 0 1642 
3 2 0 1682 
3 2 0 1648 
3 2 0 1681 
3 2 0 1655 
3 2 0 1653 
3 2 0 1649 
3 2 0 1652 
3 2 0 1650 
3 2 0 1651 
3 2 0 1654 
3 2 0 1680 
3 2 0 1678 
3 2 0 1662 
3 2 0 1656 
3 2 0 1661 
3 2 0 1657 
3 2 0 1660 
3 2 0 1658 
3 2 0 1659 
3 2 0 1677 
3 2 0 1663 
3 2 0 1676 
3 2 0 1668 
3 2 0 1664 
3 2 0 1667 
3 2 0 1665 
3 2 0 1666 
3 2 0 1675 
3 2 0 1669 
3 2 0 1674 
3 2 0 1670 
3 2 0 1673 
3 2 0 1671 
3 2 0 1672 
3 2 0 1679 
1 1 0 
1 1 0 
2 3 1741 1742 0 
1 1 0 
1 1 0 
1 1 0 
2 3 1745 1746 0 
1 1 0 
1 1 0 
1 1 0 
2 3 1749 1750 0 
2 3 1748 1751 0 
2 3 1747 1752 0 
2 3 1744 1753 0 
2 3 1743 1754 0 
1 1 0 
1 1 0 
1 1 0 
1 1 0 
1 1 0 
2 3 1759 1760 0 
2 3 1758 1761 0 
1 1 0 
2 3 1762 1763 0 
1 1 0 
1 1 0 
2 3 1765 1766 0 
2 3 1764 1767 0 
2 3 1757 1768 0 
2 3 1756 1769 0 
1 1 0 
2 3 1770 1771 0 
2 3 1755 1772 0 
3 2 0 1773 
3 2 0 1755 
3 2 0 1743 
3 2 0 1741 
3 2 0 1742 
3 2 0 1754 
3 2 0 1744 
3 2 0 1753 
3 2 0 1747 
3 2 0 1745 
3 2 0 1746 
3 2 0 1752 
3 2 0 1748 
3 2 0 1751 
3 2 0 1749 
3 2 0 1750 
3 2 0 1772 
3 2 0 1770 
3 2 0 1756 
3 2 0 1769 
3 2 0 1757 
3 2 0 1768 
3 2 0 1764 
3 2 0 1762 
3 2 0 1758 
3 2 0 1761 
3 2 0 1759 
3 2 0 1760 
3 2 0 1763 
3 2 0 1767 
3 2 0 1765 
3 2 0 1766 
3 2 0 1771 
1 1 0 
1 1 0 
1 1 0 
1 1 0 
2 3 1809 1810 0 
2 3 1808 1811 0 
2 3 1807 1812 0 
1 1 0 
1 1 0 
2 3 1814 1815 0 
2 3 1813 1816 0 
1 1 0 
2 3 1817 1818 0 
3 2 0 1819 
3 2 0 1817 
3 2 0 1813 
3 2 0 1807 
3 2 0 1812 
3 2 0 1808 
3 2 0 1811 
3 2 0 1809 
3 2 0 1810 
3 2 0 1816 
3 2 0 1814 
3 2 0 1815 
3 2 0 1818 
1 1 0 
1 1 0 
2 3 1833 1834 0 
1 1 0 
1 1 0 
1 1 0 
1 1 0 
2 3 1838 1839 0 
1 1 0 
1 1 0 
1 1 0 
1 1 0 
1 1 0 
2 3 1844 1845 0 
2 3 1843 1846 0 
1 1 0 
1 1 0 
1 1 0 
2 3 1849 1850 0 
2 3 1848 1851 0 
2 3 1847 1852 0 
2 3 1842 1853 0 
1 1 0 
2 3 1854 1855 0 
2 3 1841 1856 0 
2 3 1840 1857 0 
1 1 0 
2 3 1858 1859 0 
1 1 0 
1 1 0 
1 1 0 
1 1 0 
2 3 1863 1864 0 
2 3 1862 1865 0 
2 3 1861 1866 0 
2 3 1860 1867 0 
1 1 0 
2 3 1868 1869 0 
1 1 0 
1 1 0 
1 1 0 
1 1 0 
1 1 0 
1 1 0 
1 1 0 
2 3 1876 1877 0 
2 3 1875 1878 0 
1 1 0 
2 3 1879 1880 0 
1 1 0 
1 1 0 
2 3 1882 1883 0 
2 3 1881 1884 0 
2 3 1874 1885 0 
2 3 1873 1886 0 
2 3 1872 1887 0 
2 3 1871 1888 0 
2 3 1870 1889 0 
2 3 1837 1890 0 
1 1 0 
2 3 1891 1892 0 
2 3 1836 1893 0 
2 3 1835 1894 0 
3 2 0 1895 
3 2 0 1835 
3 2 0 1833 
3 2 0 1834 
3 2 0 1894 
3 2 0 1836 
3 2 0 1893 
3 2 0 1891 
3 2 0 1837 
3 2 0 1890 
3 2 0 1870 
3 2 0 1868 
3 2 0 1860 
3 2 0 1858 
3 2 0 1840 
3 2 0 1838 
3 2 0 1839 
3 2 0 1857 
3 2 0 1841 
3 2 0 1856 
3 2 0 1854 
3 2 0 1842 
3 2 0 1853 
3 2 0 1847 
3 2 0 1843 
3 2 0 1846 
3 2 0 1844 
3 2 0 1845 
3 2 0 1852 
3 2 0 1848 
3 2 0 1851 
3 2 0 1849 
3 2 0 1850 
3 2 0 1855 
3 2 0 1859 
3 2 0 1867 
3 2 0 1861 
3 2 0 1866 
3 2 0 1862 
3 2 0 1865 
3 2 0 1863 
3 2 0 1864 
3 2 0 1869 
3 2 0 1889 
3 2 0 1871 
3 2 0 1888 
3 2 0 1872 
3 2 0 1887 
3 2 0 1873 
3 2 0 1886 
3 2 0 1874 
3 2 0 1885 
3 2 0 1881 
3 2 0 1879 
3 2 0 1875 
3 2 0 1878 
3 2 0 1876 
3 2 0 1877 
3 2 0 1880 
3 2 0 1884 
3 2 0 1882 
3 2 0 1883 
3 2 0 1892 
1 1 0 
1 1 0 
1 1 0 
2 3 1960 1961 0 
1 1 0 
1 1 0 
2 3 1963 1964 0 
2 3 1962 1965 0 
1 1 0 
2 3 1966 1967 0 
2 3 1959 1968 0 
3 2 0 1969 
3 2 0 1959 
3 2 0 1968 
3 2 0 1966 
3 2 0 1962 
3 2 0 1960 
3 2 0 1961 
3 2 0 1965 
3 2 0 1963 
3 2 0 1964 
3 2 0 1967 
1 1 0 
1 1 0 
1 1 0 
2 3 1982 1983 0 
1 1 0 
1 1 0 
2 3 1985 1986 0 
2 3 1984 1987 0 
2 3 1981 1988 0 
1 1 0 
1 1 0 
1 1 0 
2 3 1991 1992 0 
1 1 0 
1 1 0 
1 1 0 
2 3 1995 1996 0 
1 1 0 
1 1 0 
1 1 0 
1 1 0 
1 1 0 
2 3 2001 2002 0 
1 1 0 
1 1 0 
2 3 2004 2005 0 
1 1 0 
1 1 0 
1 1 0 
1 1 0 
1 1 0 
1 1 0 
1 1 0 
1 1 0 
2 3 2013 2014 0 
1 1 0 
1 1 0 
1 1 0 
1 1 0 
1 1 0 
2 3 2019 2020 0 
1 1 0 
2 3 2021 2022 0 
2 3 2018 2023 0 
2 3 2017 2024 0 
2 3 2016 2025 0 
2 3 2015 2026 0 
2 3 2012 2027 0 
2 3 2011 2028 0 
2 3 2010 2029 0 
1 1 0 
1 1 0 
1 1 0 
1 1 0 
2 3 2033 2034 0 
2 3 2032 2035 0 
2 3 2031 2036 0 
2 3 2030 2037 0 
1 1 0 
2 3 2038 2039 0 
1 1 0 
2 3 2040 2041 0 
2 3 2009 2042 0 
2 3 2008 2043 0 
2 3 2007 2044 0 
2 3 2006 2045 0 
2 3 2003 2046 0 
2 3 2000 2047 0 
2 3 1999 2048 0 
1 1 0 
1 1 0 
1 1 0 
1 1 0 
1 1 0 
2 3 2053 2054 0 
2 3 2052 2055 0 
2 3 2051 2056 0 
2 3 2050 2057 0 
2 3 2049 2058 0 
2 3 1998 2059 0 
2 3 1997 2060 0 
2 3 1994 2061 0 
1 1 0 
2 3 2062 2063 0 
2 3 1993 2064 0 
2 3 1990 2065 0 
2 3 1989 2066 0 
3 2 0 2067 
3 2 0 1989 
3 2 0 1981 
3 2 0 1988 
3 2 0 1984 
3 2 0 1982 
3 2 0 1983 
3 2 0 1987 
3 2 0 1985 
3 2 0 1986 
3 2 0 2066 
3 2 0 1990 
3 2 0 2065 
3 2 0 1993 
3 2 0 1991 
3 2 0 1992 
3 2 0 2064 
3 2 0 2062 
3 2 0 1994 
3 2 0 2061 
3 2 0 1997 
3 2 0 1995 
3 2 0 1996 
3 2 0 2060 
3 2 0 1998 
3 2 0 2059 
3 2 0 2049 
3 2 0 1999 
3 2 0 2048 
3 2 0 2000 
3 2 0 2047 
3 2 0 2003 
3 2 0 2001 
3 2 0 2002 
3 2 0 2046 
3 2 0 2006 
3 2 0 2004 
3 2 0 2005 
3 2 0 2045 
3 2 0 2007 
3 2 0 2044 
3 2 0 2008 
3 2 0 2043 
3 2 0 2009 
3 2 0 2042 
3 2 0 2040 
3 2 0 2038 
3 2 0 2030 
3 2 0 2010 
3 2 0 2029 
3 2 0 2011 
3 2 0 2028 
3 2 0 2012 
3 2 0 2027 
3 2 0 2015 
3 2 0 2013 
3 2 0 2014 
3 2 0 2026 
3 2 0 2016 
3 2 0 2025 
3 2 0 2017 
3 2 0 2024 
3 2 0 2018 
3 2 0 2023 
3 2 0 2021 
3 2 0 2019 
3 2 0 2020 
3 2 0 2022 
3 2 0 2037 
3 2 0 2031 
3 2 0 2036 
3 2 0 2032 
3 2 0 2035 
3 2 0 2033 
3 2 0 2034 
3 2 0 2039 
3 2 0 2041 
3 2 0 2058 
3 2 0 2050 
3 2 0 2057 
3 2 0 2051 
3 2 0 2056 
3 2 0 2052 
3 2 0 2055 
3 2 0 2053 
3 2 0 2054 
3 2 0 2063 
1 1 0 
1 1 0 
1 1 0 
2 3 2156 2157 0 
1 1 0 
1 1 0 
1 1 0 
2 3 2160 2161 0 
2 3 2159 2162 0 
2 3 2158 2163 0 
1 1 0 
1 1 0 
1 1 0 
1 1 0 
2 3 2167 2168 0 
1 1 0 
2 3 2169 2170 0 
2 3 2166 2171 0 
2 3 2165 2172 0 
1 1 0 
2 3 2173 2174 0 
2 3 2164 2175 0 
2 3 2155 2176 0 
3 2 0 2177 
3 2 0 2155 
3 2 0 2176 
3 2 0 2164 
3 2 0 2158 
3 2 0 2156 
3 2 0 2157 
3 2 0 2163 
3 2 0 2159 
3 2 0 2162 
3 2 0 2160 
3 2 0 2161 
3 2 0 2175 
3 2 0 2173 
3 2 0 2165 
3 2 0 2172 
3 2 0 2166 
3 2 0 2171 
3 2 0 2169 
3 2 0 2167 
3 2 0 2168 
3 2 0 2170 
3 2 0 2174 
1 1 0 
1 1 0 
1 1 0 
2 3 2202 2203 0 
1 1 0 
1 1 0 
2 3 2205 2206 0 
1 1 0 
1 1 0 
2 3 2208 2209 0 
2 3 2207 2210 0 
1 1 0 
1 1 0 
1 1 0 
1 1 0 
1 1 0 
1 1 0 
1 1 0 
1 1 0 
2 3 2218 2219 0 
2 3 2217 2220 0 
1 1 0 
2 3 2221 2222 0 
1 1 0 
1 1 0 
1 1 0 
2 3 2225 2226 0 
2 3 2224 2227 0 
2 3 2223 2228 0 
2 3 2216 2229 0 
2 3 2215 2230 0 
2 3 2214 2231 0 
2 3 2213 2232 0 
2 3 2212 2233 0 
2 3 2211 2234 0 
2 3 2204 2235 0 
1 1 0 
2 3 2236 2237 0 
2 3 2201 2238 0 
3 2 0 2239 
3 2 0 2201 
3 2 0 2238 
3 2 0 2236 
3 2 0 2204 
3 2 0 2202 
3 2 0 2203 
3 2 0 2235 
3 2 0 2211 
3 2 0 2207 
3 2 0 2205 
3 2 0 2206 
3 2 0 2210 
3 2 0 2208 
3 2 0 2209 
3 2 0 2234 
3 2 0 2212 
3 2 0 2233 
3 2 0 2213 
3 2 0 2232 
3 2 0 2214 
3 2 0 2231 
3 2 0 2215 
3 2 0 2230 
3 2 0 2216 
3 2 0 2229 
3 2 0 2223 
3 2 0 2221 
3 2 0 2217 
3 2 0 2220 
3 2 0 2218 
3 2 0 2219 
3 2 0 2222 
3 2 0 2228 
3 2 0 2224 
3 2 0 2227 
3 2 0 2225 
3 2 0 2226 
3 2 0 2237 
1 1 0 
1 1 0 
1 1 0 
2 3 2280 2281 0 
1 1 0 
1 1 0 
1 1 0 
2 3 2284 2285 0 
2 3 2283 2286 0 
2 3 2282 2287 0 
1 1 0 
2 3 2288 2289 0 
2 3 2279 2290 0 
3 2 0 2291 
3 2 0 2279 
3 2 0 2290 
3 2 0 2288 
3 2 0 2282 
3 2 0 2280 
3 2 0 2281 
3 2 0 2287 
3 2 0 2283 
3 2 0 2286 
3 2 0 2284 
3 2 0 2285 
3 2 0 2289 
1 1 0 
1 1 0 
1 1 0 
2 3 2306 2307 0 
1 1 0 
1 1 0 
1 1 0 
1 1 0 
2 3 2311 2312 0 
2 3 2310 2313 0 
1 1 0 
1 1 0 
1 1 0 
1 1 0 
1 1 0 
2 3 2318 2319 0 
1 1 0 
1 1 0 
1 1 0 
1 1 0 
2 3 2323 2324 0 
2 3 2322 2325 0 
2 3 2321 2326 0 
2 3 2320 2327 0 
2 3 2317 2328 0 
2 3 2316 2329 0 
2 3 2315 2330 0 
2 3 2314 2331 0 
2 3 2309 2332 0 
2 3 2308 2333 0 
2 3 2305 2334 0 
1 1 0 
1 1 0 
1 1 0 
2 3 2337 2338 0 
1 1 0 
1 1 0 
1 1 0 
1 1 0 
1 1 0 
1 1 0 
1 1 0 
2 3 2345 2346 0 
2 3 2344 2347 0 
2 3 2343 2348 0 
2 3 2342 2349 0 
2 3 2341 2350 0 
2 3 2340 2351 0 
1 1 0 
2 3 2352 2353 0 
2 3 2339 2354 0 
2 3 2336 2355 0 
2 3 2335 2356 0 
3 2 0 2357 
3 2 0 2335 
3 2 0 2305 
3 2 0 2334 
3 2 0 2308 
3 2 0 2306 
3 2 0 2307 
3 2 0 2333 
3 2 0 2309 
3 2 0 2332 
3 2 0 2314 
3 2 0 2310 
3 2 0 2313 
3 2 0 2311 
3 2 0 2312 
3 2 0 2331 
3 2 0 2315 
3 2 0 2330 
3 2 0 2316 
3 2 0 2329 
3 2 0 2317 
3 2 0 2328 
3 2 0 2320 
3 2 0 2318 
3 2 0 2319 
3 2 0 2327 
3 2 0 2321 
3 2 0 2326 
3 2 0 2322 
3 2 0 2325 
3 2 0 2323 
3 2 0 2324 
3 2 0 2356 
3 2 0 2336 
3 2 0 2355 
3 2 0 2339 
3 2 0 2337 
3 2 0 2338 
3 2 0 2354 
3 2 0 2352 
3 2 0 2340 
3 2 0 2351 
3 2 0 2341 
3 2 0 2350 
3 2 0 2342 
3 2 0 2349 
3 2 0 2343 
3 2 0 2348 
3 2 0 2344 
3 2 0 2347 
3 2 0 2345 
3 2 0 2346 
3 2 0 2353 
1 1 0 
1 1 0 
1 1 0 
1 1 0 
1 1 0 
2 3 2414 2415 0 
1 1 0 
1 1 0 
1 1 0 
1 1 0 
1 1 0 
2 3 2420 2421 0 
2 3 2419 2422 0 
2 3 2418 2423 0 
2 3 2417 2424 0 
2 3 2416 2425 0 
2 3 2413 2426 0 
2 3 2412 2427 0 
1 1 0 
2 3 2428 2429 0 
2 3 2411 2430 0 
3 2 0 2431 
3 2 0 2411 
3 2 0 2430 
3 2 0 2428 
3 2 0 2412 
3 2 0 2427 
3 2 0 2413 
3 2 0 2426 
3 2 0 2416 
3 2 0 2414 
3 2 0 2415 
3 2 0 2425 
3 2 0 2417 
3 2 0 2424 
3 2 0 2418 
3 2 0 2423 
3 2 0 2419 
3 2 0 2422 
3 2 0 2420 
3 2 0 2421 
3 2 0 2429 
1 1 0 
1 1 0 
1 1 0 
1 1 0 
2 3 2455 2456 0 
2 3 2454 2457 0 
1 1 0 
1 1 0 
2 3 2459 2460 0 
2 3 2458 2461 0 
2 3 2453 2462 0 
1 1 0 
2 3 2463 2464 0 
1 1 0 
2 3 2465 2466 0 
1 1 0 
1 1 0 
1 1 0 
2 3 2469 2470 0 
1 1 0 
1 1 0 
2 3 2472 2473 0 
2 3 2471 2474 0 
2 3 2468 2475 0 
2 3 2467 2476 0 
1 1 0 
2 3 2477 2478 0 
3 2 0 2479 
3 2 0 2477 
3 2 0 2467 
3 2 0 2465 
3 2 0 2463 
3 2 0 2453 
3 2 0 2462 
3 2 0 2458 
3 2 0 2454 
3 2 0 2457 
3 2 0 2455 
3 2 0 2456 
3 2 0 2461 
3 2 0 2459 
3 2 0 2460 
3 2 0 2464 
3 2 0 2466 
3 2 0 2476 
3 2 0 2468 
3 2 0 2475 
3 2 0 2471 
3 2 0 2469 
3 2 0 2470 
3 2 0 2474 
3 2 0 2472 
3 2 0 2473 
3 2 0 2478 
1 1 0 
1 1 0 
1 1 0 
2 3 2508 2509 0 
2 3 2507 2510 0 
1 1 0 
2 3 2511 2512 0 
1 1 0 
1 1 0 
1 1 0 
1 1 0 
1 1 0 
2 3 2517 2518 0 
1 1 0 
1 1 0 
1 1 0 
1 1 0 
1 1 0 
2 3 2523 2524 0 
2 3 2522 2525 0 
2 3 2521 2526 0 
2 3 2520 2527 0 
2 3 2519 2528 0 
2 3 2516 2529 0 
2 3 2515 2530 0 
2 3 2514 2531 0 
1 1 0 
2 3 2532 2533 0 
2 3 2513 2534 0 
3 2 0 2535 
3 2 0 2513 
3 2 0 2511 
3 2 0 2507 
3 2 0 2510 
3 2 0 2508 
3 2 0 2509 
3 2 0 2512 
3 2 0 2534 
3 2 0 2532 
3 2 0 2514 
3 2 0 2531 
3 2 0 2515 
3 2 0 2530 
3 2 0 2516 
3 2 0 2529 
3 2 0 2519 
3 2 0 2517 
3 2 0 2518 
3 2 0 2528 
3 2 0 2520 
3 2 0 2527 
3 2 0 2521 
3 2 0 2526 
3 2 0 2522 
3 2 0 2525 
3 2 0 2523 
3 2 0 2524 
3 2 0 2533 
1 1 0 
1 1 0 
1 1 0 
1 1 0 
1 1 0 
1 1 0 
1 1 0 
2 3 2570 2571 0 
2 3 2569 2572 0 
1 1 0 
1 1 0 
2 3 2574 2575 0 
1 1 0 
1 1 0 
1 1 0 
2 3 2578 2579 0 
2 3 2577 2580 0 
2 3 2576 2581 0 
2 3 2573 2582 0 
2 3 2568 2583 0 
2 3 2567 2584 0 
2 3 2566 2585 0 
2 3 2565 2586 0 
1 1 0 
2 3 2587 2588 0 
1 1 0 
2 3 2589 2590 0 
1 1 0 
2 3 2591 2592 0 
1 1 0 
1 1 0 
1 1 0 
2 3 2595 2596 0 
1 1 0 
1 1 0 
1 1 0 
1 1 0 
1 1 0 
2 3 2601 2602 0 
2 3 2600 2603 0 
2 3 2599 2604 0 
2 3 2598 2605 0 
2 3 2597 2606 0 
2 3 2594 2607 0 
2 3 2593 2608 0 
1 1 0 
2 3 2609 2610 0 
3 2 0 2611 
3 2 0 2609 
3 2 0 2593 
3 2 0 2591 
3 2 0 2589 
3 2 0 2587 
3 2 0 2565 
3 2 0 2586 
3 2 0 2566 
3 2 0 2585 
3 2 0 2567 
3 2 0 2584 
3 2 0 2568 
3 2 0 2583 
3 2 0 2573 
3 2 0 2569 
3 2 0 2572 
3 2 0 2570 
3 2 0 2571 
3 2 0 2582 
3 2 0 2576 
3 2 0 2574 
3 2 0 2575 
3 2 0 2581 
3 2 0 2577 
3 2 0 2580 
3 2 0 2578 
3 2 0 2579 
3 2 0 2588 
3 2 0 2590 
3 2 0 2592 
3 2 0 2608 
3 2 0 2594 
3 2 0 2607 
3 2 0 2597 
3 2 0 2595 
3 2 0 2596 
3 2 0 2606 
3 2 0 2598 
3 2 0 2605 
3 2 0 2599 
3 2 0 2604 
3 2 0 2600 
3 2 0 2603 
3 2 0 2601 
3 2 0 2602 
3 2 0 2610 
1 1 0 
1 1 0 
1 1 0 
1 1 0 
2 3 2661 2662 0 
1 1 0 
1 1 0 
2 3 2664 2665 0 
2 3 2663 2666 0 
1 1 0 
1 1 0 
1 1 0 
2 3 2669 2670 0 
1 1 0 
1 1 0 
1 1 0 
1 1 0 
2 3 2674 2675 0 
2 3 2673 2676 0 
1 1 0 
1 1 0 
1 1 0 
1 1 0 
1 1 0 
1 1 0 
2 3 2682 2683 0 
2 3 2681 2684 0 
2 3 2680 2685 0 
2 3 2679 2686 0 
2 3 2678 2687 0 
2 3 2677 2688 0 
2 3 2672 2689 0 
2 3 2671 2690 0 
2 3 2668 2691 0 
1 1 0 
2 3 2692 2693 0 
2 3 2667 2694 0 
2 3 2660 2695 0 
2 3 2659 2696 0 
3 2 0 2697 
3 2 0 2659 
3 2 0 2696 
3 2 0 2660 
3 2 0 2695 
3 2 0 2667 
3 2 0 2663 
3 2 0 2661 
3 2 0 2662 
3 2 0 2666 
3 2 0 2664 
3 2 0 2665 
3 2 0 2694 
3 2 0 2692 
3 2 0 2668 
3 2 0 2691 
3 2 0 2671 
3 2 0 2669 
3 2 0 2670 
3 2 0 2690 
3 2 0 2672 
3 2 0 2689 
3 2 0 2677 
3 2 0 2673 
3 2 0 2676 
3 2 0 2674 
3 2 0 2675 
3 2 0 2688 
3 2 0 2678 
3 2 0 2687 
3 2 0 2679 
3 2 0 2686 
3 2 0 2680 
3 2 0 2685 
3 2 0 2681 
3 2 0 2684 
3 2 0 2682 
3 2 0 2683 
3 2 0 2693 
1 1 0 
1 1 0 
1 1 0 
1 1 0 
2 3 2739 2740 0 
1 1 0 
2 3 2741 2742 0 
1 1 0 
1 1 0 
2 3 2744 2745 0 
2 3 2743 2746 0 
1 1 0 
2 3 2747 2748 0 
1 1 0 
1 1 0 
1 1 0 
2 3 2751 2752 0 
2 3 2750 2753 0 
2 3 2749 2754 0 
1 1 0 
2 3 2755 2756 0 
1 1 0 
2 3 2757 2758 0 
1 1 0 
1 1 0 
2 3 2760 2761 0 
2 3 2759 2762 0 
2 3 2738 2763 0 
2 3 2737 2764 0 
1 1 0 
1 1 0 
1 1 0 
1 1 0 
2 3 2768 2769 0 
1 1 0 
1 1 0 
1 1 0 
1 1 0 
1 1 0 
1 1 0 
2 3 2775 2776 0 
2 3 2774 2777 0 
2 3 2773 2778 0 
2 3 2772 2779 0 
2 3 2771 2780 0 
2 3 2770 2781 0 
1 1 0 
2 3 2782 2783 0 
2 3 2767 2784 0 
2 3 2766 2785 0 
2 3 2765 2786 0 
3 2 0 2787 
3 2 0 2765 
3 2 0 2737 
3 2 0 2764 
3 2 0 2738 
3 2 0 2763 
3 2 0 2759 
3 2 0 2757 
3 2 0 2755 
3 2 0 2749 
3 2 0 2747 
3 2 0 2743 
3 2 0 2741 
3 2 0 2739 
3 2 0 2740 
3 2 0 2742 
3 2 0 2746 
3 2 0 2744 
3 2 0 2745 
3 2 0 2748 
3 2 0 2754 
3 2 0 2750 
3 2 0 2753 
3 2 0 2751 
3 2 0 2752 
3 2 0 2756 
3 2 0 2758 
3 2 0 2762 
3 2 0 2760 
3 2 0 2761 
3 2 0 2786 
3 2 0 2766 
3 2 0 2785 
3 2 0 2767 
3 2 0 2784 
3 2 0 2782 
3 2 0 2770 
3 2 0 2768 
3 2 0 2769 
3 2 0 2781 
3 2 0 2771 
3 2 0 2780 
3 2 0 2772 
3 2 0 2779 
3 2 0 2773 
3 2 0 2778 
3 2 0 2774 
3 2 0 2777 
3 2 0 2775 
3 2 0 2776 
3 2 0 2783 
1 1 0 
1 1 0 
1 1 0 
1 1 0 
2 3 2841 2842 0 
2 3 2840 2843 0 
1 1 0 
1 1 0 
1 1 0 
1 1 0 
1 1 0 
2 3 2848 2849 0 
2 3 2847 2850 0 
1 1 0 
2 3 2851 2852 0 
1 1 0 
1 1 0 
2 3 2854 2855 0 
2 3 2853 2856 0 
1 1 0 
2 3 2857 2858 0 
1 1 0 
1 1 0 
1 1 0 
1 1 0 
1 1 0 
1 1 0 
1 1 0 
2 3 2865 2866 0 
2 3 2864 2867 0 
2 3 2863 2868 0 
2 3 2862 2869 0 
2 3 2861 2870 0 
2 3 2860 2871 0 
1 1 0 
1 1 0 
1 1 0 
2 3 2874 2875 0 
2 3 2873 2876 0 
1 1 0 
1 1 0 
1 1 0 
1 1 0 
1 1 0 
1 1 0 
2 3 2882 2883 0 
1 1 0 
2 3 2884 2885 0 
2 3 2881 2886 0 
2 3 2880 2887 0 
2 3 2879 2888 0 
2 3 2878 2889 0 
2 3 2877 2890 0 
2 3 2872 2891 0 
2 3 2859 2892 0 
2 3 2846 2893 0 
2 3 2845 2894 0 
2 3 2844 2895 0 
1 1 0 
2 3 2896 2897 0 
2 3 2839 2898 0 
3 2 0 2899 
3 2 0 2839 
3 2 0 2898 
3 2 0 2896 
3 2 0 2844 
3 2 0 2840 
3 2 0 2843 
3 2 0 2841 
3 2 0 2842 
3 2 0 2895 
3 2 0 2845 
3 2 0 2894 
3 2 0 2846 
3 2 0 2893 
3 2 0 2859 
3 2 0 2857 
3 2 0 2853 
3 2 0 2851 
3 2 0 2847 
3 2 0 2850 
3 2 0 2848 
3 2 0 2849 
3 2 0 2852 
3 2 0 2856 
3 2 0 2854 
3 2 0 2855 
3 2 0 2858 
3 2 0 2892 
3 2 0 2872 
3 2 0 2860 
3 2 0 2871 
3 2 0 2861 
3 2 0 2870 
3 2 0 2862 
3 2 0 2869 
3 2 0 2863 
3 2 0 2868 
3 2 0 2864 
3 2 0 2867 
3 2 0 2865 
3 2 0 2866 
3 2 0 2891 
3 2 0 2877 
3 2 0 2873 
3 2 0 2876 
3 2 0 2874 
3 2 0 2875 
3 2 0 2890 
3 2 0 2878 
3 2 0 2889 
3 2 0 2879 
3 2 0 2888 
3 2 0 2880 
3 2 0 2887 
3 2 0 2881 
3 2 0 2886 
3 2 0 2884 
3 2 0 2882 
3 2 0 2883 
3 2 0 2885 
3 2 0 2897 
1 1 0 
1 1 0 
2 3 2961 2962 0 
1 1 0 
1 1 0 
2 3 2964 2965 0 
2 3 2963 2966 0 
1 1 0 
1 1 0 
2 3 2968 2969 0 
2 3 2967 2970 0 
1 1 0 
2 3 2971 2972 0 
1 1 0 
2 3 2973 2974 0 
1 1 0 
1 1 0 
1 1 0 
1 1 0 
2 3 2978 2979 0 
2 3 2977 2980 0 
2 3 2976 2981 0 
1 1 0 
1 1 0 
1 1 0 
1 1 0 
1 1 0 
1 1 0 
1 1 0 
1 1 0 
2 3 2989 2990 0 
2 3 2988 2991 0 
2 3 2987 2992 0 
2 3 2986 2993 0 
2 3 2985 2994 0 
2 3 2984 2995 0 
2 3 2983 2996 0 
2 3 2982 2997 0 
2 3 2975 2998 0 
1 1 0 
2 3 2999 3000 0 
3 2 0 3001 
3 2 0 2999 
3 2 0 2975 
3 2 0 2973 
3 2 0 2971 
3 2 0 2967 
3 2 0 2963 
3 2 0 2961 
3 2 0 2962 
3 2 0 2966 
3 2 0 2964 
3 2 0 2965 
3 2 0 2970 
3 2 0 2968 
3 2 0 2969 
3 2 0 2972 
3 2 0 2974 
3 2 0 2998 
3 2 0 2982 
3 2 0 2976 
3 2 0 2981 
3 2 0 2977 
3 2 0 2980 
3 2 0 2978 
3 2 0 2979 
3 2 0 2997 
3 2 0 2983 
3 2 0 2996 
3 2 0 2984 
3 2 0 2995 
3 2 0 2985 
3 2 0 2994 
3 2 0 2986 
3 2 0 2993 
3 2 0 2987 
3 2 0 2992 
3 2 0 2988 
3 2 0 2991 
3 2 0 2989 
3 2 0 2990 
3 2 0 3000 
1 1 0 
1 1 0 
1 1 0 
1 1 0 
2 3 3045 3046 0 
2 3 3044 3047 0 
1 1 0 
1 1 0 
2 3 3049 3050 0 
1 1 0 
1 1 0 
2 3 3052 3053 0 
2 3 3051 3054 0 
2 3 3048 3055 0 
2 3 3043 3056 0 
3 2 0 3057 
3 2 0 3043 
3 2 0 3056 
3 2 0 3048 
3 2 0 3044 
3 2 0 3047 
3 2 0 3045 
3 2 0 3046 
3 2 0 3055 
3 2 0 3051 
3 2 0 3049 
3 2 0 3050 
3 2 0 3054 
3 2 0 3052 
3 2 0 3053 
1 1 0 
1 1 0 
2 3 3073 3074 0 
1 1 0 
1 1 0 
2 3 3076 3077 0 
2 3 3075 3078 0 
1 1 0 
1 1 0 
1 1 0 
1 1 0 
2 3 3082 3083 0 
2 3 3081 3084 0 
1 1 0 
2 3 3085 3086 0 
1 1 0 
1 1 0 
2 3 3088 3089 0 
1 1 0 
2 3 3090 3091 0 
1 1 0 
1 1 0 
2 3 3093 3094 0 
2 3 3092 3095 0 
1 1 0 
2 3 3096 3097 0 
1 1 0 
2 3 3098 3099 0 
1 1 0 
1 1 0 
1 1 0 
1 1 0 
2 3 3103 3104 0 
2 3 3102 3105 0 
1 1 0 
2 3 3106 3107 0 
2 3 3101 3108 0 
2 3 3100 3109 0 
1 1 0 
1 1 0 
2 3 3111 3112 0 
2 3 3110 3113 0 
2 3 3087 3114 0 
2 3 3080 3115 0 
2 3 3079 3116 0 
1 1 0 
2 3 3117 3118 0 
3 2 0 3119 
3 2 0 3117 
3 2 0 3079 
3 2 0 3075 
3 2 0 3073 
3 2 0 3074 
3 2 0 3078 
3 2 0 3076 
3 2 0 3077 
3 2 0 3116 
3 2 0 3080 
3 2 0 3115 
3 2 0 3087 
3 2 0 3085 
3 2 0 3081 
3 2 0 3084 
3 2 0 3082 
3 2 0 3083 
3 2 0 3086 
3 2 0 3114 
3 2 0 3110 
3 2 0 3100 
3 2 0 3098 
3 2 0 3096 
3 2 0 3092 
3 2 0 3090 
3 2 0 3088 
3 2 0 3089 
3 2 0 3091 
3 2 0 3095 
3 2 0 3093 
3 2 0 3094 
3 2 0 3097 
3 2 0 3099 
3 2 0 3109 
3 2 0 3101 
3 2 0 3108 
3 2 0 3106 
3 2 0 3102 
3 2 0 3105 
3 2 0 3103 
3 2 0 3104 
3 2 0 3107 
3 2 0 3113 
3 2 0 3111 
3 2 0 3112 
3 2 0 3118 
1 1 0 
1 1 0 
1 1 0 
2 3 3168 3169 0 
2 3 3167 3170 0 
1 1 0 
1 1 0 
2 3 3172 3173 0 
2 3 3171 3174 0 
1 1 0 
1 1 0 
1 1 0 
1 1 0 
1 1 0 
2 3 3179 3180 0 
1 1 0 
2 3 3181 3182 0 
1 1 0 
2 3 3183 3184 0 
1 1 0 
2 3 3185 3186 0 
1 1 0 
1 1 0 
1 1 0 
2 3 3189 3190 0 
2 3 3188 3191 0 
2 3 3187 3192 0 
2 3 3178 3193 0 
1 1 0 
1 1 0 
2 3 3195 3196 0 
2 3 3194 3197 0 
2 3 3177 3198 0 
2 3 3176 3199 0 
1 1 0 
2 3 3200 3201 0 
2 3 3175 3202 0 
3 2 0 3203 
3 2 0 3175 
3 2 0 3171 
3 2 0 3167 
3 2 0 3170 
3 2 0 3168 
3 2 0 3169 
3 2 0 3174 
3 2 0 3172 
3 2 0 3173 
3 2 0 3202 
3 2 0 3200 
3 2 0 3176 
3 2 0 3199 
3 2 0 3177 
3 2 0 3198 
3 2 0 3194 
3 2 0 3178 
3 2 0 3193 
3 2 0 3187 
3 2 0 3185 
3 2 0 3183 
3 2 0 3181 
3 2 0 3179 
3 2 0 3180 
3 2 0 3182 
3 2 0 3184 
3 2 0 3186 
3 2 0 3192 
3 2 0 3188 
3 2 0 3191 
3 2 0 3189 
3 2 0 3190 
3 2 0 3197 
3 2 0 3195 
3 2 0 3196 
3 2 0 3201 
1 1 0 
1 1 0 
1 1 0 
1 1 0 
1 1 0 
1 1 0 
1 1 0 
1 1 0 
1 1 0 
1 1 0 
2 3 3249 3250 0 
2 3 3248 3251 0 
2 3 3247 3252 0 
1 1 0 
1 1 0 
1 1 0 
2 3 3255 3256 0 
1 1 0 
1 1 0 
2 3 3258 3259 0 
2 3 3257 3260 0 
2 3 3254 3261 0 
2 3 3253 3262 0 
2 3 3246 3263 0 
2 3 3245 3264 0 
2 3 3244 3265 0 
2 3 3243 3266 0 
2 3 3242 3267 0 
1 1 0 
2 3 3268 3269 0 
2 3 3241 3270 0 
3 2 0 3271 
3 2 0 3241 
3 2 0 3270 
3 2 0 3268 
3 2 0 3242 
3 2 0 3267 
3 2 0 3243 
3 2 0 3266 
3 2 0 3244 
3 2 0 3265 
3 2 0 3245 
3 2 0 3264 
3 2 0 3246 
3 2 0 3263 
3 2 0 3253 
3 2 0 3247 
3 2 0 3252 
3 2 0 3248 
3 2 0 3251 
3 2 0 3249 
3 2 0 3250 
3 2 0 3262 
3 2 0 3254 
3 2 0 3261 
3 2 0 3257 
3 2 0 3255 
3 2 0 3256 
3 2 0 3260 
3 2 0 3258 
3 2 0 3259 
3 2 0 3269 
1 1 0 
1 1 0 
1 1 0 
2 3 3304 3305 0 
2 3 3303 3306 0 
1 1 0 
1 1 0 
1 1 0 
2 3 3309 3310 0 
1 1 0 
1 1 0 
1 1 0 
1 1 0 
1 1 0 
2 3 3315 3316 0 
1 1 0 
2 3 3317 3318 0 
2 3 3314 3319 0 
2 3 3313 3320 0 
1 1 0 
1 1 0 
2 3 3322 3323 0 
2 3 3321 3324 0 
2 3 3312 3325 0 
2 3 3311 3326 0 
2 3 3308 3327 0 
1 1 0 
2 3 3328 3329 0 
2 3 3307 3330 0 
3 2 0 3331 
3 2 0 3307 
3 2 0 3303 
3 2 0 3306 
3 2 0 3304 
3 2 0 3305 
3 2 0 3330 
3 2 0 3328 
3 2 0 3308 
3 2 0 3327 
3 2 0 3311 
3 2 0 3309 
3 2 0 3310 
3 2 0 3326 
3 2 0 3312 
3 2 0 3325 
3 2 0 3321 
3 2 0 3313 
3 2 0 3320 
3 2 0 3314 
3 2 0 3319 
3 2 0 3317 
3 2 0 3315 
3 2 0 3316 
3 2 0 3318 
3 2 0 3324 
3 2 0 3322 
3 2 0 3323 
3 2 0 3329 
1 1 0 
1 1 0 
1 1 0 
1 1 0 
1 1 0 
1 1 0 
2 3 3365 3366 0 
1 1 0 
2 3 3367 3368 0 
2 3 3364 3369 0 
1 1 0 
2 3 3370 3371 0 
1 1 0 
1 1 0 
1 1 0 
2 3 3374 3375 0 
1 1 0 
1 1 0 
1 1 0 
1 1 0 
1 1 0 
2 3 3380 3381 0 
2 3 3379 3382 0 
2 3 3378 3383 0 
2 3 3377 3384 0 
2 3 3376 3385 0 
2 3 3373 3386 0 
2 3 3372 3387 0 
2 3 3363 3388 0 
2 3 3362 3389 0 
2 3 3361 3390 0 
1 1 0 
1 1 0 
1 1 0 
1 1 0 
2 3 3394 3395 0 
1 1 0 
1 1 0 
1 1 0 
1 1 0 
1 1 0 
2 3 3400 3401 0 
1 1 0 
2 3 3402 3403 0 
2 3 3399 3404 0 
2 3 3398 3405 0 
2 3 3397 3406 0 
1 1 0 
1 1 0 
1 1 0 
1 1 0 
1 1 0 
1 1 0 
2 3 3412 3413 0 
1 1 0 
2 3 3414 3415 0 
1 1 0 
1 1 0 
1 1 0 
2 3 3418 3419 0 
2 3 3417 3420 0 
2 3 3416 3421 0 
2 3 3411 3422 0 
2 3 3410 3423 0 
2 3 3409 3424 0 
2 3 3408 3425 0 
2 3 3407 3426 0 
2 3 3396 3427 0 
1 1 0 
2 3 3428 3429 0 
2 3 3393 3430 0 
2 3 3392 3431 0 
2 3 3391 3432 0 
3 2 0 3433 
3 2 0 3391 
3 2 0 3361 
3 2 0 3390 
3 2 0 3362 
3 2 0 3389 
3 2 0 3363 
3 2 0 3388 
3 2 0 3372 
3 2 0 3370 
3 2 0 3364 
3 2 0 3369 
3 2 0 3367 
3 2 0 3365 
3 2 0 3366 
3 2 0 3368 
3 2 0 3371 
3 2 0 3387 
3 2 0 3373 
3 2 0 3386 
3 2 0 3376 
3 2 0 3374 
3 2 0 3375 
3 2 0 3385 
3 2 0 3377 
3 2 0 3384 
3 2 0 3378 
3 2 0 3383 
3 2 0 3379 
3 2 0 3382 
3 2 0 3380 
3 2 0 3381 
3 2 0 3432 
3 2 0 3392 
3 2 0 3431 
3 2 0 3393 
3 2 0 3430 
3 2 0 3428 
3 2 0 3396 
3 2 0 3394 
3 2 0 3395 
3 2 0 3427 
3 2 0 3407 
3 2 0 3397 
3 2 0 3406 
3 2 0 3398 
3 2 0 3405 
3 2 0 3399 
3 2 0 3404 
3 2 0 3402 
3 2 0 3400 
3 2 0 3401 
3 2 0 3403 
3 2 0 3426 
3 2 0 3408 
3 2 0 3425 
3 2 0 3409 
3 2 0 3424 
3 2 0 3410 
3 2 0 3423 
3 2 0 3411 
3 2 0 3422 
3 2 0 3416 
3 2 0 3414 
3 2 0 3412 
3 2 0 3413 
3 2 0 3415 
3 2 0 3421 
3 2 0 3417 
3 2 0 3420 
3 2 0 3418 
3 2 0 3419 
3 2 0 3429 
1 1 0 
1 1 0 
1 1 0 
1 1 0 
2 3 3509 3510 0 
1 1 0 
1 1 0 
2 3 3512 3513 0 
2 3 3511 3514 0 
1 1 0 
1 1 0 
2 3 3516 3517 0 
1 1 0 
2 3 3518 3519 0 
2 3 3515 3520 0 
2 3 3508 3521 0 
2 3 3507 3522 0 
1 1 0 
2 3 3523 3524 0 
1 1 0 
1 1 0 
1 1 0 
1 1 0 
2 3 3528 3529 0 
2 3 3527 3530 0 
2 3 3526 3531 0 
1 1 0 
1 1 0 
1 1 0 
1 1 0 
1 1 0 
2 3 3536 3537 0 
1 1 0 
2 3 3538 3539 0 
2 3 3535 3540 0 
2 3 3534 3541 0 
2 3 3533 3542 0 
2 3 3532 3543 0 
2 3 3525 3544 0 
1 1 0 
2 3 3545 3546 0 
3 2 0 3547 
3 2 0 3545 
3 2 0 3525 
3 2 0 3523 
3 2 0 3507 
3 2 0 3522 
3 2 0 3508 
3 2 0 3521 
3 2 0 3515 
3 2 0 3511 
3 2 0 3509 
3 2 0 3510 
3 2 0 3514 
3 2 0 3512 
3 2 0 3513 
3 2 0 3520 
3 2 0 3518 
3 2 0 3516 
3 2 0 3517 
3 2 0 3519 
3 2 0 3524 
3 2 0 3544 
3 2 0 3532 
3 2 0 3526 
3 2 0 3531 
3 2 0 3527 
3 2 0 3530 
3 2 0 3528 
3 2 0 3529 
3 2 0 3543 
3 2 0 3533 
3 2 0 3542 
3 2 0 3534 
3 2 0 3541 
3 2 0 3535 
3 2 0 3540 
3 2 0 3538 
3 2 0 3536 
3 2 0 3537 
3 2 0 3539 
3 2 0 3546 
1 1 0 
1 1 0 
2 3 3589 3590 0 
1 1 0 
1 1 0 
1 1 0 
1 1 0 
2 3 3594 3595 0 
2 3 3593 3596 0 
1 1 0 
1 1 0 
1 1 0 
2 3 3599 3600 0 
1 1 0 
2 3 3601 3602 0 
2 3 3598 3603 0 
2 3 3597 3604 0 
1 1 0 
1 1 0 
2 3 3606 3607 0 
2 3 3605 3608 0 
2 3 3592 3609 0 
2 3 3591 3610 0 
1 1 0 
2 3 3611 3612 0 
1 1 0 
2 3 3613 3614 0 
1 1 0 
1 1 0 
2 3 3616 3617 0 
1 1 0 
1 1 0 
1 1 0 
1 1 0 
2 3 3621 3622 0 
1 1 0 
2 3 3623 3624 0 
1 1 0 
2 3 3625 3626 0 
1 1 0 
2 3 3627 3628 0 
1 1 0 
2 3 3629 3630 0 
1 1 0 
1 1 0 
2 3 3632 3633 0 
1 1 0 
2 3 3634 3635 0 
1 1 0 
1 1 0 
1 1 0 
1 1 0 
1 1 0 
2 3 3640 3641 0 
2 3 3639 3642 0 
2 3 3638 3643 0 
2 3 3637 3644 0 
2 3 3636 3645 0 
2 3 3631 3646 0 
2 3 3620 3647 0 
2 3 3619 3648 0 
2 3 3618 3649 0 
2 3 3615 3650 0 
1 1 0 
2 3 3651 3652 0 
3 2 0 3653 
3 2 0 3651 
3 2 0 3615 
3 2 0 3613 
3 2 0 3611 
3 2 0 3591 
3 2 0 3589 
3 2 0 3590 
3 2 0 3610 
3 2 0 3592 
3 2 0 3609 
3 2 0 3605 
3 2 0 3597 
3 2 0 3593 
3 2 0 3596 
3 2 0 3594 
3 2 0 3595 
3 2 0 3604 
3 2 0 3598 
3 2 0 3603 
3 2 0 3601 
3 2 0 3599 
3 2 0 3600 
3 2 0 3602 
3 2 0 3608 
3 2 0 3606 
3 2 0 3607 
3 2 0 3612 
3 2 0 3614 
3 2 0 3650 
3 2 0 3618 
3 2 0 3616 
3 2 0 3617 
3 2 0 3649 
3 2 0 3619 
3 2 0 3648 
3 2 0 3620 
3 2 0 3647 
3 2 0 3631 
3 2 0 3629 
3 2 0 3627 
3 2 0 3625 
3 2 0 3623 
3 2 0 3621 
3 2 0 3622 
3 2 0 3624 
3 2 0 3626 
3 2 0 3628 
3 2 0 3630 
3 2 0 3646 
3 2 0 3636 
3 2 0 3634 
3 2 0 3632 
3 2 0 3633 
3 2 0 3635 
3 2 0 3645 
3 2 0 3637 
3 2 0 3644 
3 2 0 3638 
3 2 0 3643 
3 2 0 3639 
3 2 0 3642 
3 2 0 3640 
3 2 0 3641 
3 2 0 3652 
1 1 0 
1 1 0 
1 1 0 
2 3 3720 3721 0 
1 1 0 
1 1 0 
1 1 0 
1 1 0 
1 1 0 
1 1 0 
2 3 3727 3728 0 
1 1 0 
1 1 0 
2 3 3730 3731 0 
1 1 0 
1 1 0 
1 1 0 
2 3 3734 3735 0 
2 3 3733 3736 0 
1 1 0 
1 1 0 
1 1 0 
1 1 0 
2 3 3740 3741 0 
2 3 3739 3742 0 
2 3 3738 3743 0 
2 3 3737 3744 0 
2 3 3732 3745 0 
2 3 3729 3746 0 
2 3 3726 3747 0 
2 3 3725 3748 0 
2 3 3724 3749 0 
2 3 3723 3750 0 
2 3 3722 3751 0 
1 1 0 
2 3 3752 3753 0 
1 1 0 
1 1 0 
2 3 3755 3756 0 
1 1 0 
2 3 3757 3758 0 
2 3 3754 3759 0 
2 3 3719 3760 0 
3 2 0 3761 
3 2 0 3719 
3 2 0 3760 
3 2 0 3754 
3 2 0 3752 
3 2 0 3722 
3 2 0 3720 
3 2 0 3721 
3 2 0 3751 
3 2 0 3723 
3 2 0 3750 
3 2 0 3724 
3 2 0 3749 
3 2 0 3725 
3 2 0 3748 
3 2 0 3726 
3 2 0 3747 
3 2 0 3729 
3 2 0 3727 
3 2 0 3728 
3 2 0 3746 
3 2 0 3732 
3 2 0 3730 
3 2 0 3731 
3 2 0 3745 
3 2 0 3737 
3 2 0 3733 
3 2 0 3736 
3 2 0 3734 
3 2 0 3735 
3 2 0 3744 
3 2 0 3738 
3 2 0 3743 
3 2 0 3739 
3 2 0 3742 
3 2 0 3740 
3 2 0 3741 
3 2 0 3753 
3 2 0 3759 
3 2 0 3757 
3 2 0 3755 
3 2 0 3756 
3 2 0 3758 
1 1 0 
1 1 0 
2 3 3805 3806 0 
1 1 0 
1 1 0 
2 3 3808 3809 0 
1 1 0 
1 1 0 
1 1 0 
1 1 0 
1 1 0 
1 1 0 
2 3 3815 3816 0 
2 3 3814 3817 0 
2 3 3813 3818 0 
2 3 3812 3819 0 
2 3 3811 3820 0 
2 3 3810 3821 0 
1 1 0 
2 3 3822 3823 0 
1 1 0 
1 1 0 
2 3 3825 3826 0 
1 1 0 
2 3 3827 3828 0 
1 1 0 
2 3 3829 3830 0 
1 1 0 
1 1 0 
1 1 0 
2 3 3833 3834 0 
1 1 0 
1 1 0 
2 3 3836 3837 0 
2 3 3835 3838 0 
1 1 0 
1 1 0 
2 3 3840 3841 0 
2 3 3839 3842 0 
2 3 3832 3843 0 
2 3 3831 3844 0 
2 3 3824 3845 0 
1 1 0 
2 3 3846 3847 0 
2 3 3807 3848 0 
3 2 0 3849 
3 2 0 3807 
3 2 0 3805 
3 2 0 3806 
3 2 0 3848 
3 2 0 3846 
3 2 0 3824 
3 2 0 3822 
3 2 0 3810 
3 2 0 3808 
3 2 0 3809 
3 2 0 3821 
3 2 0 3811 
3 2 0 3820 
3 2 0 3812 
3 2 0 3819 
3 2 0 3813 
3 2 0 3818 
3 2 0 3814 
3 2 0 3817 
3 2 0 3815 
3 2 0 3816 
3 2 0 3823 
3 2 0 3845 
3 2 0 3831 
3 2 0 3829 
3 2 0 3827 
3 2 0 3825 
3 2 0 3826 
3 2 0 3828 
3 2 0 3830 
3 2 0 3844 
3 2 0 3832 
3 2 0 3843 
3 2 0 3839 
3 2 0 3835 
3 2 0 3833 
3 2 0 3834 
3 2 0 3838 
3 2 0 3836 
3 2 0 3837 
3 2 0 3842 
3 2 0 3840 
3 2 0 3841 
3 2 0 3847 
1 1 0 
1 1 0 
1 1 0 
1 1 0 
1 1 0 
1 1 0 
1 1 0 
2 3 3900 3901 0 
1 1 0 
1 1 0 
1 1 0 
1 1 0 
1 1 0 
2 3 3906 3907 0 
2 3 3905 3908 0 
2 3 3904 3909 0 
1 1 0 
1 1 0 
2 3 3911 3912 0 
2 3 3910 3913 0 
2 3 3903 3914 0 
2 3 3902 3915 0 
2 3 3899 3916 0 
2 3 3898 3917 0 
2 3 3897 3918 0 
2 3 3896 3919 0 
2 3 3895 3920 0 
1 1 0 
1 1 0 
1 1 0 
1 1 0 
1 1 0 
2 3 3925 3926 0 
1 1 0 
1 1 0 
1 1 0 
1 1 0 
1 1 0 
1 1 0 
1 1 0 
2 3 3933 3934 0 
2 3 3932 3935 0 
1 1 0 
1 1 0 
1 1 0 
2 3 3938 3939 0 
1 1 0 
1 1 0 
1 1 0 
2 3 3942 3943 0 
1 1 0 
1 1 0 
1 1 0 
2 3 3946 3947 0 
2 3 3945 3948 0 
2 3 3944 3949 0 
2 3 3941 3950 0 
2 3 3940 3951 0 
2 3 3937 3952 0 
2 3 3936 3953 0 
2 3 3931 3954 0 
2 3 3930 3955 0 
2 3 3929 3956 0 
2 3 3928 3957 0 
2 3 3927 3958 0 
1 1 0 
2 3 3959 3960 0 
2 3 3924 3961 0 
2 3 3923 3962 0 
2 3 3922 3963 0 
2 3 3921 3964 0 
3 2 0 3965 
3 2 0 3921 
3 2 0 3895 
3 2 0 3920 
3 2 0 3896 
3 2 0 3919 
3 2 0 3897 
3 2 0 3918 
3 2 0 3898 
3 2 0 3917 
3 2 0 3899 
3 2 0 3916 
3 2 0 3902 
3 2 0 3900 
3 2 0 3901 
3 2 0 3915 
3 2 0 3903 
3 2 0 3914 
3 2 0 3910 
3 2 0 3904 
3 2 0 3909 
3 2 0 3905 
3 2 0 3908 
3 2 0 3906 
3 2 0 3907 
3 2 0 3913 
3 2 0 3911 
3 2 0 3912 
3 2 0 3964 
3 2 0 3922 
3 2 0 3963 
3 2 0 3923 
3 2 0 3962 
3 2 0 3924 
3 2 0 3961 
3 2 0 3959 
3 2 0 3927 
3 2 0 3925 
3 2 0 3926 
3 2 0 3958 
3 2 0 3928 
3 2 0 3957 
3 2 0 3929 
3 2 0 3956 
3 2 0 3930 
3 2 0 3955 
3 2 0 3931 
3 2 0 3954 
3 2 0 3936 
3 2 0 3932 
3 2 0 3935 
3 2 0 3933 
3 2 0 3934 
3 2 0 3953 
3 2 0 3937 
3 2 0 3952 
3 2 0 3940 
3 2 0 3938 
3 2 0 3939 
3 2 0 3951 
3 2 0 3941 
3 2 0 3950 
3 2 0 3944 
3 2 0 3942 
3 2 0 3943 
3 2 0 3949 
3 2 0 3945 
3 2 0 3948 
3 2 0 3946 
3 2 0 3947 
3 2 0 3960 
1 1 0 
1 1 0 
1 1 0 
2 3 4038 4039 0 
1 1 0 
1 1 0 
2 3 4041 4042 0 
2 3 4040 4043 0 
1 1 0 
2 3 4044 4045 0 
1 1 0 
1 1 0 
2 3 4047 4048 0 
1 1 0 
1 1 0 
2 3 4050 4051 0 
2 3 4049 4052 0 
2 3 4046 4053 0 
1 1 0 
2 3 4054 4055 0 
1 1 0 
1 1 0 
1 1 0 
1 1 0 
2 3 4059 4060 0 
1 1 0 
2 3 4061 4062 0 
2 3 4058 4063 0 
2 3 4057 4064 0 
2 3 4056 4065 0 
1 1 0 
2 3 4066 4067 0 
2 3 4037 4068 0 
3 2 0 4069 
3 2 0 4037 
3 2 0 4068 
3 2 0 4066 
3 2 0 4056 
3 2 0 4054 
3 2 0 4046 
3 2 0 4044 
3 2 0 4040 
3 2 0 4038 
3 2 0 4039 
3 2 0 4043 
3 2 0 4041 
3 2 0 4042 
3 2 0 4045 
3 2 0 4053 
3 2 0 4049 
3 2 0 4047 
3 2 0 4048 
3 2 0 4052 
3 2 0 4050 
3 2 0 4051 
3 2 0 4055 
3 2 0 4065 
3 2 0 4057 
3 2 0 4064 
3 2 0 4058 
3 2 0 4063 
3 2 0 4061 
3 2 0 4059 
3 2 0 4060 
3 2 0 4062 
3 2 0 4067 
1 1 0 
1 1 0 
1 1 0 
1 1 0 
1 1 0 
1 1 0 
1 1 0 
2 3 4108 4109 0 
2 3 4107 4110 0 
2 3 4106 4111 0 
2 3 4105 4112 0 
1 1 0 
2 3 4113 4114 0 
1 1 0 
1 1 0 
1 1 0 
2 3 4117 4118 0 
1 1 0 
1 1 0 
2 3 4120 4121 0 
1 1 0 
1 1 0 
1 1 0 
2 3 4124 4125 0 
2 3 4123 4126 0 
2 3 4122 4127 0 
1 1 0 
2 3 4128 4129 0 
1 1 0 
1 1 0 
1 1 0 
2 3 4132 4133 0 
1 1 0 
1 1 0 
1 1 0 
1 1 0 
1 1 0 
2 3 4138 4139 0 
2 3 4137 4140 0 
1 1 0 
2 3 4141 4142 0 
1 1 0 
1 1 0 
1 1 0 
2 3 4145 4146 0 
2 3 4144 4147 0 
1 1 0 
1 1 0 
1 1 0 
1 1 0 
2 3 4151 4152 0 
2 3 4150 4153 0 
1 1 0 
1 1 0 
1 1 0 
1 1 0 
2 3 4157 4158 0 
2 3 4156 4159 0 
2 3 4155 4160 0 
2 3 4154 4161 0 
2 3 4149 4162 0 
2 3 4148 4163 0 
2 3 4143 4164 0 
2 3 4136 4165 0 
2 3 4135 4166 0 
2 3 4134 4167 0 
2 3 4131 4168 0 
2 3 4130 4169 0 
2 3 4119 4170 0 
2 3 4116 4171 0 
2 3 4115 4172 0 
1 1 0 
2 3 4173 4174 0 
2 3 4104 4175 0 
2 3 4103 4176 0 
3 2 0 4177 
3 2 0 4103 
3 2 0 4176 
3 2 0 4104 
3 2 0 4175 
3 2 0 4173 
3 2 0 4115 
3 2 0 4113 
3 2 0 4105 
3 2 0 4112 
3 2 0 4106 
3 2 0 4111 
3 2 0 4107 
3 2 0 4110 
3 2 0 4108 
3 2 0 4109 
3 2 0 4114 
3 2 0 4172 
3 2 0 4116 
3 2 0 4171 
3 2 0 4119 
3 2 0 4117 
3 2 0 4118 
3 2 0 4170 
3 2 0 4130 
3 2 0 4128 
3 2 0 4122 
3 2 0 4120 
3 2 0 4121 
3 2 0 4127 
3 2 0 4123 
3 2 0 4126 
3 2 0 4124 
3 2 0 4125 
3 2 0 4129 
3 2 0 4169 
3 2 0 4131 
3 2 0 4168 
3 2 0 4134 
3 2 0 4132 
3 2 0 4133 
3 2 0 4167 
3 2 0 4135 
3 2 0 4166 
3 2 0 4136 
3 2 0 4165 
3 2 0 4143 
3 2 0 4141 
3 2 0 4137 
3 2 0 4140 
3 2 0 4138 
3 2 0 4139 
3 2 0 4142 
3 2 0 4164 
3 2 0 4148 
3 2 0 4144 
3 2 0 4147 
3 2 0 4145 
3 2 0 4146 
3 2 0 4163 
3 2 0 4149 
3 2 0 4162 
3 2 0 4154 
3 2 0 4150 
3 2 0 4153 
3 2 0 4151 
3 2 0 4152 
3 2 0 4161 
3 2 0 4155 
3 2 0 4160 
3 2 0 4156 
3 2 0 4159 
3 2 0 4157 
3 2 0 4158 
3 2 0 4174 
1 1 0 
1 1 0 
1 1 0 
1 1 0 
1 1 0 
1 1 0 
1 1 0 
1 1 0 
2 3 4259 4260 0 
2 3 4258 4261 0 
2 3 4257 4262 0 
2 3 4256 4263 0 
2 3 4255 4264 0 
1 1 0 
2 3 4265 4266 0 
2 3 4254 4267 0 
2 3 4253 4268 0 
3 2 0 4269 
3 2 0 4253 
3 2 0 4268 
3 2 0 4254 
3 2 0 4267 
3 2 0 4265 
3 2 0 4255 
3 2 0 4264 
3 2 0 4256 
3 2 0 4263 
3 2 0 4257 
3 2 0 4262 
3 2 0 4258 
3 2 0 4261 
3 2 0 4259 
3 2 0 4260 
3 2 0 4266 
1 1 0 
1 1 0 
1 1 0 
2 3 4288 4289 0 
1 1 0 
1 1 0 
2 3 4291 4292 0 
1 1 0 
2 3 4293 4294 0 
1 1 0 
1 1 0 
2 3 4296 4297 0 
1 1 0 
1 1 0 
2 3 4299 4300 0 
2 3 4298 4301 0 
2 3 4295 4302 0 
2 3 4290 4303 0 
1 1 0 
2 3 4304 4305 0 
2 3 4287 4306 0 
3 2 0 4307 
3 2 0 4287 
3 2 0 4306 
3 2 0 4304 
3 2 0 4290 
3 2 0 4288 
3 2 0 4289 
3 2 0 4303 
3 2 0 4295 
3 2 0 4293 
3 2 0 4291 
3 2 0 4292 
3 2 0 4294 
3 2 0 4302 
3 2 0 4298 
3 2 0 4296 
3 2 0 4297 
3 2 0 4301 
3 2 0 4299 
3 2 0 4300 
3 2 0 4305 
1 1 0 
1 1 0 
2 3 4329 4330 0 
1 1 0 
1 1 0 
1 1 0 
1 1 0 
1 1 0 
2 3 4335 4336 0 
2 3 4334 4337 0 
2 3 4333 4338 0 
1 1 0 
1 1 0 
1 1 0 
2 3 4341 4342 0 
2 3 4340 4343 0 
2 3 4339 4344 0 
2 3 4332 4345 0 
1 1 0 
2 3 4346 4347 0 
1 1 0 
1 1 0 
1 1 0 
1 1 0 
1 1 0 
2 3 4352 4353 0 
2 3 4351 4354 0 
2 3 4350 4355 0 
1 1 0 
2 3 4356 4357 0 
1 1 0 
1 1 0 
2 3 4359 4360 0 
2 3 4358 4361 0 
2 3 4349 4362 0 
2 3 4348 4363 0 
2 3 4331 4364 0 
1 1 0 
1 1 0 
1 1 0 
1 1 0 
1 1 0 
1 1 0 
2 3 4370 4371 0 
2 3 4369 4372 0 
2 3 4368 4373 0 
2 3 4367 4374 0 
2 3 4366 4375 0 
1 1 0 
2 3 4376 4377 0 
2 3 4365 4378 0 
3 2 0 4379 
3 2 0 4365 
3 2 0 4331 
3 2 0 4329 
3 2 0 4330 
3 2 0 4364 
3 2 0 4348 
3 2 0 4346 
3 2 0 4332 
3 2 0 4345 
3 2 0 4339 
3 2 0 4333 
3 2 0 4338 
3 2 0 4334 
3 2 0 4337 
3 2 0 4335 
3 2 0 4336 
3 2 0 4344 
3 2 0 4340 
3 2 0 4343 
3 2 0 4341 
3 2 0 4342 
3 2 0 4347 
3 2 0 4363 
3 2 0 4349 
3 2 0 4362 
3 2 0 4358 
3 2 0 4356 
3 2 0 4350 
3 2 0 4355 
3 2 0 4351 
3 2 0 4354 
3 2 0 4352 
3 2 0 4353 
3 2 0 4357 
3 2 0 4361 
3 2 0 4359 
3 2 0 4360 
3 2 0 4378 
3 2 0 4376 
3 2 0 4366 
3 2 0 4375 
3 2 0 4367 
3 2 0 4374 
3 2 0 4368 
3 2 0 4373 
3 2 0 4369 
3 2 0 4372 
3 2 0 4370 
3 2 0 4371 
3 2 0 4377 
1 1 0 
1 1 0 
1 1 0 
2 3 4432 4433 0 
1 1 0 
1 1 0 
1 1 0 
1 1 0 
1 1 0 
2 3 4438 4439 0 
2 3 4437 4440 0 
1 1 0 
2 3 4441 4442 0 
2 3 4436 4443 0 
2 3 4435 4444 0 
2 3 4434 4445 0 
2 3 4431 4446 0 
3 2 0 4447 
3 2 0 4431 
3 2 0 4446 
3 2 0 4434 
3 2 0 4432 
3 2 0 4433 
3 2 0 4445 
3 2 0 4435 
3 2 0 4444 
3 2 0 4436 
3 2 0 4443 
3 2 0 4441 
3 2 0 4437 
3 2 0 4440 
3 2 0 4438 
3 2 0 4439 
3 2 0 4442 
1 1 0 
1 1 0 
1 1 0 
2 3 4466 4467 0 
2 3 4465 4468 0 
1 1 0 
1 1 0 
1 1 0 
1 1 0 
1 1 0 
2 3 4473 4474 0 
1 1 0 
2 3 4475 4476 0 
2 3 4472 4477 0 
2 3 4471 4478 0 
1 1 0 
2 3 4479 4480 0 
1 1 0 
1 1 0 
2 3 4482 4483 0 
2 3 4481 4484 0 
1 1 0 
1 1 0 
2 3 4486 4487 0 
2 3 4485 4488 0 
2 3 4470 4489 0 
2 3 4469 4490 0 
1 1 0 
1 1 0 
1 1 0 
2 3 4493 4494 0 
2 3 4492 4495 0 
2 3 4491 4496 0 
3 2 0 4497 
3 2 0 4491 
3 2 0 4469 
3 2 0 4465 
3 2 0 4468 
3 2 0 4466 
3 2 0 4467 
3 2 0 4490 
3 2 0 4470 
3 2 0 4489 
3 2 0 4485 
3 2 0 4481 
3 2 0 4479 
3 2 0 4471 
3 2 0 4478 
3 2 0 4472 
3 2 0 4477 
3 2 0 4475 
3 2 0 4473 
3 2 0 4474 
3 2 0 4476 
3 2 0 4480 
3 2 0 4484 
3 2 0 4482 
3 2 0 4483 
3 2 0 4488 
3 2 0 4486 
3 2 0 4487 
3 2 0 4496 
3 2 0 4492 
3 2 0 4495 
3 2 0 4493 
3 2 0 4494 
1 1 0 
1 1 0 
2 3 4531 4532 0 
1 1 0 
1 1 0 
1 1 0 
1 1 0 
2 3 4536 4537 0 
1 1 0 
1 1 0 
2 3 4539 4540 0 
2 3 4538 4541 0 
2 3 4535 4542 0 
1 1 0 
2 3 4543 4544 0 
2 3 4534 4545 0 
2 3 4533 4546 0 
3 2 0 4547 
3 2 0 4533 
3 2 0 4531 
3 2 0 4532 
3 2 0 4546 
3 2 0 4534 
3 2 0 4545 
3 2 0 4543 
3 2 0 4535 
3 2 0 4542 
3 2 0 4538 
3 2 0 4536 
3 2 0 4537 
3 2 0 4541 
3 2 0 4539 
3 2 0 4540 
3 2 0 4544 
1 1 0 
1 1 0 
1 1 0 
1 1 0 
2 3 4567 4568 0 
1 1 0 
2 3 4569 4570 0 
1 1 0 
2 3 4571 4572 0 
1 1 0 
1 1 0 
2 3 4574 4575 0 
1 1 0 
2 3 4576 4577 0 
2 3 4573 4578 0 
2 3 4566 4579 0 
1 1 0 
2 3 4580 4581 0 
2 3 4565 4582 0 
3 2 0 4583 
3 2 0 4565 
3 2 0 4582 
3 2 0 4580 
3 2 0 4566 
3 2 0 4579 
3 2 0 4573 
3 2 0 4571 
3 2 0 4569 
3 2 0 4567 
3 2 0 4568 
3 2 0 4570 
3 2 0 4572 
3 2 0 4578 
3 2 0 4576 
3 2 0 4574 
3 2 0 4575 
3 2 0 4577 
3 2 0 4581 
1 1 0 
1 1 0 
2 3 4603 4604 0 
1 1 0 
1 1 0 
2 3 4606 4607 0 
1 1 0 
1 1 0 
1 1 0 
1 1 0 
1 1 0 
1 1 0 
1 1 0 
1 1 0 
1 1 0 
2 3 4616 4617 0 
2 3 4615 4618 0 
2 3 4614 4619 0 
2 3 4613 4620 0 
2 3 4612 4621 0 
1 1 0 
1 1 0 
1 1 0 
1 1 0 
2 3 4625 4626 0 
2 3 4624 4627 0 
2 3 4623 4628 0 
2 3 4622 4629 0 
2 3 4611 4630 0 
2 3 4610 4631 0 
2 3 4609 4632 0 
2 3 4608 4633 0 
1 1 0 
2 3 4634 4635 0 
2 3 4605 4636 0 
3 2 0 4637 
3 2 0 4605 
3 2 0 4603 
3 2 0 4604 
3 2 0 4636 
3 2 0 4634 
3 2 0 4608 
3 2 0 4606 
3 2 0 4607 
3 2 0 4633 
3 2 0 4609 
3 2 0 4632 
3 2 0 4610 
3 2 0 4631 
3 2 0 4611 
3 2 0 4630 
3 2 0 4622 
3 2 0 4612 
3 2 0 4621 
3 2 0 4613 
3 2 0 4620 
3 2 0 4614 
3 2 0 4619 
3 2 0 4615 
3 2 0 4618 
3 2 0 4616 
3 2 0 4617 
3 2 0 4629 
3 2 0 4623 
3 2 0 4628 
3 2 0 4624 
3 2 0 4627 
3 2 0 4625 
3 2 0 4626 
3 2 0 4635 
1 1 0 
1 1 0 
1 1 0 
1 1 0 
2 3 4675 4676 0 
2 3 4674 4677 0 
2 3 4673 4678 0 
1 1 0 
1 1 0 
1 1 0 
1 1 0 
2 3 4682 4683 0 
1 1 0 
1 1 0 
1 1 0 
2 3 4686 4687 0 
2 3 4685 4688 0 
2 3 4684 4689 0 
2 3 4681 4690 0 
2 3 4680 4691 0 
1 1 0 
2 3 4692 4693 0 
2 3 4679 4694 0 
3 2 0 4695 
3 2 0 4679 
3 2 0 4673 
3 2 0 4678 
3 2 0 4674 
3 2 0 4677 
3 2 0 4675 
3 2 0 4676 
3 2 0 4694 
3 2 0 4692 
3 2 0 4680 
3 2 0 4691 
3 2 0 4681 
3 2 0 4690 
3 2 0 4684 
3 2 0 4682 
3 2 0 4683 
3 2 0 4689 
3 2 0 4685 
3 2 0 4688 
3 2 0 4686 
3 2 0 4687 
3 2 0 4693 
1 1 0 
1 1 0 
2 3 4719 4720 0 
1 1 0 
1 1 0 
2 3 4722 4723 0 
1 1 0 
2 3 4724 4725 0 
2 3 4721 4726 0 
1 1 0 
2 3 4727 4728 0 
1 1 0 
2 3 4729 4730 0 
1 1 0 
1 1 0 
1 1 0 
1 1 0 
1 1 0 
2 3 4735 4736 0 
2 3 4734 4737 0 
1 1 0 
1 1 0 
1 1 0 
1 1 0 
2 3 4741 4742 0 
2 3 4740 4743 0 
2 3 4739 4744 0 
2 3 4738 4745 0 
2 3 4733 4746 0 
2 3 4732 4747 0 
2 3 4731 4748 0 
1 1 0 
2 3 4749 4750 0 
3 2 0 4751 
3 2 0 4749 
3 2 0 4731 
3 2 0 4729 
3 2 0 4727 
3 2 0 4721 
3 2 0 4719 
3 2 0 4720 
3 2 0 4726 
3 2 0 4724 
3 2 0 4722 
3 2 0 4723 
3 2 0 4725 
3 2 0 4728 
3 2 0 4730 
3 2 0 4748 
3 2 0 4732 
3 2 0 4747 
3 2 0 4733 
3 2 0 4746 
3 2 0 4738 
3 2 0 4734 
3 2 0 4737 
3 2 0 4735 
3 2 0 4736 
3 2 0 4745 
3 2 0 4739 
3 2 0 4744 
3 2 0 4740 
3 2 0 4743 
3 2 0 4741 
3 2 0 4742 
3 2 0 4750 
1 1 0 
1 1 0 
1 1 0 
1 1 0 
2 3 4787 4788 0 
2 3 4786 4789 0 
2 3 4785 4790 0 
1 1 0 
1 1 0 
1 1 0 
2 3 4793 4794 0 
1 1 0 
2 3 4795 4796 0 
1 1 0 
1 1 0 
2 3 4798 4799 0 
2 3 4797 4800 0 
2 3 4792 4801 0 
2 3 4791 4802 0 
1 1 0 
2 3 4803 4804 0 
1 1 0 
1 1 0 
1 1 0 
2 3 4807 4808 0 
2 3 4806 4809 0 
1 1 0 
1 1 0 
1 1 0 
1 1 0 
1 1 0 
2 3 4814 4815 0 
1 1 0 
1 1 0 
2 3 4817 4818 0 
1 1 0 
1 1 0 
1 1 0 
1 1 0 
1 1 0 
1 1 0 
1 1 0 
1 1 0 
1 1 0 
2 3 4827 4828 0 
2 3 4826 4829 0 
2 3 4825 4830 0 
2 3 4824 4831 0 
2 3 4823 4832 0 
2 3 4822 4833 0 
1 1 0 
1 1 0 
2 3 4835 4836 0 
1 1 0 
2 3 4837 4838 0 
2 3 4834 4839 0 
2 3 4821 4840 0 
2 3 4820 4841 0 
2 3 4819 4842 0 
2 3 4816 4843 0 
2 3 4813 4844 0 
2 3 4812 4845 0 
2 3 4811 4846 0 
2 3 4810 4847 0 
2 3 4805 4848 0 
1 1 0 
2 3 4849 4850 0 
3 2 0 4851 
3 2 0 4849 
3 2 0 4805 
3 2 0 4803 
3 2 0 4791 
3 2 0 4785 
3 2 0 4790 
3 2 0 4786 
3 2 0 4789 
3 2 0 4787 
3 2 0 4788 
3 2 0 4802 
3 2 0 4792 
3 2 0 4801 
3 2 0 4797 
3 2 0 4795 
3 2 0 4793 
3 2 0 4794 
3 2 0 4796 
3 2 0 4800 
3 2 0 4798 
3 2 0 4799 
3 2 0 4804 
3 2 0 4848 
3 2 0 4810 
3 2 0 4806 
3 2 0 4809 
3 2 0 4807 
3 2 0 4808 
3 2 0 4847 
3 2 0 4811 
3 2 0 4846 
3 2 0 4812 
3 2 0 4845 
3 2 0 4813 
3 2 0 4844 
3 2 0 4816 
3 2 0 4814 
3 2 0 4815 
3 2 0 4843 
3 2 0 4819 
3 2 0 4817 
3 2 0 4818 
3 2 0 4842 
3 2 0 4820 
3 2 0 4841 
3 2 0 4821 
3 2 0 4840 
3 2 0 4834 
3 2 0 4822 
3 2 0 4833 
3 2 0 4823 
3 2 0 4832 
3 2 0 4824 
3 2 0 4831 
3 2 0 4825 
3 2 0 4830 
3 2 0 4826 
3 2 0 4829 
3 2 0 4827 
3 2 0 4828 
3 2 0 4839 
3 2 0 4837 
3 2 0 4835 
3 2 0 4836 
3 2 0 4838 
3 2 0 4850 
1 1 0 
1 1 0 
1 1 0 
1 1 0 
1 1 0 
1 1 0 
2 3 4923 4924 0 
1 1 0 
2 3 4925 4926 0 
2 3 4922 4927 0 
2 3 4921 4928 0 
2 3 4920 4929 0 
1 1 0 
2 3 4930 4931 0 
1 1 0 
2 3 4932 4933 0 
2 3 4919 4934 0 
3 2 0 4935 
3 2 0 4919 
3 2 0 4934 
3 2 0 4932 
3 2 0 4930 
3 2 0 4920 
3 2 0 4929 
3 2 0 4921 
3 2 0 4928 
3 2 0 4922 
3 2 0 4927 
3 2 0 4925 
3 2 0 4923 
3 2 0 4924 
3 2 0 4926 
3 2 0 4931 
3 2 0 4933 
71 2476 52 53 54 55 56 57 58 59 60 61 62 63 64 65 66 67 68 69 70 71 72 73 74 75 76 77 78 79 80 81 82 83 84 85 86 87 88 89 90 91 92 93 94 95 96 97 98 99 100 101 102 148 149 150 151 152 153 154 155 156 157 158 159 160 161 162 163 164 165 166 167 168 169 170 171 172 173 174 175 176 177 178 179 180 181 182 183 184 185 186 187 188 189 190 191 192 228 229 230 231 232 233 234 235 236 237 238 239 240 241 242 243 244 245 246 247 248 249 250 251 252 253 254 255 256 257 258 259 260 261 262 326 327 328 329 330 331 332 333 334 335 336 337 338 339 340 341 342 343 344 345 346 347 348 349 350 351 352 353 354 355 356 357 358 359 360 361 362 363 364 365 366 367 368 369 370 371 372 373 374 375 376 377 378 379 380 381 382 383 384 385 386 387 388 436 437 438 439 440 441 442 443 444 445 446 447 448 449 450 451 452 453 454 455 456 457 458 459 460 461 462 463 464 465 466 467 468 469 470 471 472 473 474 475 476 477 478 479 480 481 482 534 535 536 537 538 539 540 541 542 543 544 545 546 547 548 549 550 551 552 553 554 555 556 557 558 559 560 561 562 563 564 565 566 567 568 569 570 571 572 573 574 575 576 577 578 579 580 581 582 583 584 634 635 636 637 638 639 640 641 642 643 644 645 646 647 648 649 650 651 652 653 654 655 656 657 658 659 660 661 662 663 664 665 666 667 668 669 670 671 672 673 674 675 676 677 678 679 680 681 682 696 697 698 699 700 701 702 703 704 705 706 707 708 776 777 778 779 780 781 782 783 784 785 786 787 788 789 790 791 792 793 794 795 796 797 798 799 800 801 802 803 804 805 806 807 808 809 810 811 812 813 814 815 816 817 818 819 820 821 822 823 824 825 826 827 828 829 830 831 832 833 834 835 836 837 838 839 840 841 842 858 859 860 861 862 863 864 865 866 867 868 869 870 871 872 916 917 918 919 920 921 922 923 924 925 926 927 928 929 930 931 932 933 934 935 936 937 938 939 940 941 942 943 944 945 946 947 948 949 950 951 952 953 954 955 956 957 958 978 979 980 981 982 983 984 985 986 987 988 989 990 991 992 993 994 995 996 1018 1019 1020 1021 1022 1023 1024 1025 1026 1027 1028 1029 1030 1031 1032 1033 1034 1035 1036 1037 1038 1090 1091 1092 1093 1094 1095 1096 1097 1098 1099 1100 1101 1102 1103 1104 1105 1106 1107 1108 1109 1110 1111 1112 1113 1114 1115 1116 1117 1118 1119 1120 1121 1122 1123 1124 1125 1126 1127 1128 1129 1130 1131 1132 1133 1134 1135 1136 1137 1138 1139 1140 1158 1159 1160 1161 1162 1163 1164 1165 1166 1167 1168 1169 1170 1171 1172 1173 1174 1202 1203 1204 1205 1206 1207 1208 1209 1210 1211 1212 1213 1214 1215 1216 1217 1218 1219 1220 1221 1222 1223 1224 1225 1226 1227 1228 1276 1277 1278 1279 1280 1281 1282 1283 1284 1285 1286 1287 1288 1289 1290 1291 1292 1293 1294 1295 1296 1297 1298 1299 1300 1301 1302 1303 1304 1305 1306 1307 1308 1309 1310 1311 1312 1313 1314 1315 1316 1317 1318 1319 1320 1321 1322 1378 1379 1380 1381 1382 1383 1384 1385 1386 1387 1388 1389 1390 1391 1392 1393 1394 1395 1396 1397 1398 1399 1400 1401 1402 1403 1404 1405 1406 1407 1408 1409 1410 1411 1412 1413 1414 1415 1416 1417 1418 1419 1420 1421 1422 1423 1424 1425 1426 1427 1428 1429 1430 1431 1432 1446 1447 1448 1449 1450 1451 1452 1453 1454 1455 1456 1457 1458 1498 1499 1500 1501 1502 1503 1504 1505 1506 1507 1508 1509 1510 1511 1512 1513 1514 1515 1516 1517 1518 1519 1520 1521 1522 1523 1524 1525 1526 1527 1528 1529 1530 1531 1532 1533 1534 1535 1536 1582 1583 1584 1585 1586 1587 1588 1589 1590 1591 1592 1593 1594 1595 1596 1597 1598 1599 1600 1601 1602 1603 1604 1605 1606 1607 1608 1609 1610 1611 1612 1613 1614 1615 1616 1617 1618 1619 1620 1621 1622 1623 1624 1625 1626 1684 1685 1686 1687 1688 1689 1690 1691 1692 1693 1694 1695 1696 1697 1698 1699 1700 1701 1702 1703 1704 1705 1706 1707 1708 1709 1710 1711 1712 1713 1714 1715 1716 1717 1718 1719 1720 1721 1722 1723 1724 1725 1726 1727 1728 1729 1730 1731 1732 1733 1734 1735 1736 1737 1738 1739 1740 1774 1775 1776 1777 1778 1779 1780 1781 1782 1783 1784 1785 1786 1787 1788 1789 1790 1791 1792 1793 1794 1795 1796 1797 1798 1799 1800 1801 1802 1803 1804 1805 1806 1820 1821 1822 1823 1824 1825 1826 1827 1828 1829 1830 1831 1832 1896 1897 1898 1899 1900 1901 1902 1903 1904 1905 1906 1907 1908 1909 1910 1911 1912 1913 1914 1915 1916 1917 1918 1919 1920 1921 1922 1923 1924 1925 1926 1927 1928 1929 1930 1931 1932 1933 1934 1935 1936 1937 1938 1939 1940 1941 1942 1943 1944 1945 1946 1947 1948 1949 1950 1951 1952 1953 1954 1955 1956 1957 1958 1970 1971 1972 1973 1974 1975 1976 1977 1978 1979 1980 2068 2069 2070 2071 2072 2073 2074 2075 2076 2077 2078 2079 2080 2081 2082 2083 2084 2085 2086 2087 2088 2089 2090 2091 2092 2093 2094 2095 2096 2097 2098 2099 2100 2101 2102 2103 2104 2105 2106 2107 2108 2109 2110 2111 2112 2113 2114 2115 2116 2117 2118 2119 2120 2121 2122 2123 2124 2125 2126 2127 2128 2129 2130 2131 2132 2133 2134 2135 2136 2137 2138 2139 2140 2141 2142 2143 2144 2145 2146 2147 2148 2149 2150 2151 2152 2153 2154 2178 2179 2180 2181 2182 2183 2184 2185 2186 2187 2188 2189 2190 2191 2192 2193 2194 2195 2196 2197 2198 2199 2200 2240 2241 2242 2243 2244 2245 2246 2247 2248 2249 2250 2251 2252 2253 2254 2255 2256 2257 2258 2259 2260 2261 2262 2263 2264 2265 2266 2267 2268 2269 2270 2271 2272 2273 2274 2275 2276 2277 2278 2292 2293 2294 2295 2296 2297 2298 2299 2300 2301 2302 2303 2304 2358 2359 2360 2361 2362 2363 2364 2365 2366 2367 2368 2369 2370 2371 2372 2373 2374 2375 2376 2377 2378 2379 2380 2381 2382 2383 2384 2385 2386 2387 2388 2389 2390 2391 2392 2393 2394 2395 2396 2397 2398 2399 2400 2401 2402 2403 2404 2405 2406 2407 2408 2409 2410 2432 2433 2434 2435 2436 2437 2438 2439 2440 2441 2442 2443 2444 2445 2446 2447 2448 2449 2450 2451 2452 2480 2481 2482 2483 2484 2485 2486 2487 2488 2489 2490 2491 2492 2493 2494 2495 2496 2497 2498 2499 2500 2501 2502 2503 2504 2505 2506 2536 2537 2538 2539 2540 2541 2542 2543 2544 2545 2546 2547 2548 2549 2550 2551 2552 2553 2554 2555 2556 2557 2558 2559 2560 2561 2562 2563 2564 2612 2613 2614 2615 2616 2617 2618 2619 2620 2621 2622 2623 2624 2625 2626 2627 2628 2629 2630 2631 2632 2633 2634 2635 2636 2637 2638 2639 2640 2641 2642 2643 2644 2645 2646 2647 2648 2649 2650 2651 2652 2653 2654 2655 2656 2657 2658 2698 2699 2700 2701 2702 2703 2704 2705 2706 2707 2708 2709 2710 2711 2712 2713 2714 2715 2716 2717 2718 2719 2720 2721 2722 2723 2724 2725 2726 2727 2728 2729 2730 2731 2732 2733 2734 2735 2736 2788 2789 2790 2791 2792 2793 2794 2795 2796 2797 2798 2799 2800 2801 2802 2803 2804 2805 2806 2807 2808 2809 2810 2811 2812 2813 2814 2815 2816 2817 2818 2819 2820 2821 2822 2823 2824 2825 2826 2827 2828 2829 2830 2831 2832 2833 2834 2835 2836 2837 2838 2900 2901 2902 2903 2904 2905 2906 2907 2908 2909 2910 2911 2912 2913 2914 2915 2916 2917 2918 2919 2920 2921 2922 2923 2924 2925 2926 2927 2928 2929 2930 2931 2932 2933 2934 2935 2936 2937 2938 2939 2940 2941 2942 2943 2944 2945 2946 2947 2948 2949 2950 2951 2952 2953 2954 2955 2956 2957 2958 2959 2960 3002 3003 3004 3005 3006 3007 3008 3009 3010 3011 3012 3013 3014 3015 3016 3017 3018 3019 3020 3021 3022 3023 3024 3025 3026 3027 3028 3029 3030 3031 3032 3033 3034 3035 3036 3037 3038 3039 3040 3041 3042 3058 3059 3060 3061 3062 3063 3064 3065 3066 3067 3068 3069 3070 3071 3072 3120 3121 3122 3123 3124 3125 3126 3127 3128 3129 3130 3131 3132 3133 3134 3135 3136 3137 3138 3139 3140 3141 3142 3143 3144 3145 3146 3147 3148 3149 3150 3151 3152 3153 3154 3155 3156 3157 3158 3159 3160 3161 3162 3163 3164 3165 3166 3204 3205 3206 3207 3208 3209 3210 3211 3212 3213 3214 3215 3216 3217 3218 3219 3220 3221 3222 3223 3224 3225 3226 3227 3228 3229 3230 3231 3232 3233 3234 3235 3236 3237 3238 3239 3240 3272 3273 3274 3275 3276 3277 3278 3279 3280 3281 3282 3283 3284 3285 3286 3287 3288 3289 3290 3291 3292 3293 3294 3295 3296 3297 3298 3299 3300 3301 3302 3332 3333 3334 3335 3336 3337 3338 3339 3340 3341 3342 3343 3344 3345 3346 3347 3348 3349 3350 3351 3352 3353 3354 3355 3356 3357 3358 3359 3360 3434 3435 3436 3437 3438 3439 3440 3441 3442 3443 3444 3445 3446 3447 3448 3449 3450 3451 3452 3453 3454 3455 3456 3457 3458 3459 3460 3461 3462 3463 3464 3465 3466 3467 3468 3469 3470 3471 3472 3473 3474 3475 3476 3477 3478 3479 3480 3481 3482 3483 3484 3485 3486 3487 3488 3489 3490 3491 3492 3493 3494 3495 3496 3497 3498 3499 3500 3501 3502 3503 3504 3505 3506 3548 3549 3550 3551 3552 3553 3554 3555 3556 3557 3558 3559 3560 3561 3562 3563 3564 3565 3566 3567 3568 3569 3570 3571 3572 3573 3574 3575 3576 3577 3578 3579 3580 3581 3582 3583 3584 3585 3586 3587 3588 3654 3655 3656 3657 3658 3659 3660 3661 3662 3663 3664 3665 3666 3667 3668 3669 3670 3671 3672 3673 3674 3675 3676 3677 3678 3679 3680 3681 3682 3683 3684 3685 3686 3687 3688 3689 3690 3691 3692 3693 3694 3695 3696 3697 3698 3699 3700 3701 3702 3703 3704 3705 3706 3707 3708 3709 3710 3711 3712 3713 3714 3715 3716 3717 3718 3762 3763 3764 3765 3766 3767 3768 3769 3770 3771 3772 3773 3774 3775 3776 3777 3778 3779 3780 3781 3782 3783 3784 3785 3786 3787 3788 3789 3790 3791 3792 3793 3794 3795 3796 3797 3798 3799 3800 3801 3802 3803 3804 3850 3851 3852 3853 3854 3855 3856 3857 3858 3859 3860 3861 3862 3863 3864 3865 3866 3867 3868 3869 3870 3871 3872 3873 3874 3875 3876 3877 3878 3879 3880 3881 3882 3883 3884 3885 3886 3887 3888 3889 3890 3891 3892 3893 3894 3966 3967 3968 3969 3970 3971 3972 3973 3974 3975 3976 3977 3978 3979 3980 3981 3982 3983 3984 3985 3986 3987 3988 3989 3990 3991 3992 3993 3994 3995 3996 3997 3998 3999 4000 4001 4002 4003 4004 4005 4006 4007 4008 4009 4010 4011 4012 4013 4014 4015 4016 4017 4018 4019 4020 4021 4022 4023 4024 4025 4026 4027 4028 4029 4030 4031 4032 4033 4034 4035 4036 4070 4071 4072 4073 4074 4075 4076 4077 4078 4079 4080 4081 4082 4083 4084 4085 4086 4087 4088 4089 4090 4091 4092 4093 4094 4095 4096 4097 4098 4099 4100 4101 4102 4178 4179 4180 4181 4182 4183 4184 4185 4186 4187 4188 4189 4190 4191 4192 4193 4194 4195 4196 4197 4198 4199 4200 4201 4202 4203 4204 4205 4206 4207 4208 4209 4210 4211 4212 4213 4214 4215 4216 4217 4218 4219 4220 4221 4222 4223 4224 4225 4226 4227 4228 4229 4230 4231 4232 4233 4234 4235 4236 4237 4238 4239 4240 4241 4242 4243 4244 4245 4246 4247 4248 4249 4250 4251 4252 4270 4271 4272 4273 4274 4275 4276 4277 4278 4279 4280 4281 4282 4283 4284 4285 4286 4308 4309 4310 4311 4312 4313 4314 4315 4316 4317 4318 4319 4320 4321 4322 4323 4324 4325 4326 4327 4328 4380 4381 4382 4383 4384 4385 4386 4387 4388 4389 4390 4391 4392 4393 4394 4395 4396 4397 4398 4399 4400 4401 4402 4403 4404 4405 4406 4407 4408 4409 4410 4411 4412 4413 4414 4415 4416 4417 4418 4419 4420 4421 4422 4423 4424 4425 4426 4427 4428 4429 4430 4448 4449 4450 4451 4452 4453 4454 4455 4456 4457 4458 4459 4460 4461 4462 4463 4464 4498 4499 4500 4501 4502 4503 4504 4505 4506 4507 4508 4509 4510 4511 4512 4513 4514 4515 4516 4517 4518 4519 4520 4521 4522 4523 4524 4525 4526 4527 4528 4529 4530 4548 4549 4550 4551 4552 4553 4554 4555 4556 4557 4558 4559 4560 4561 4562 4563 4564 4584 4585 4586 4587 4588 4589 4590 4591 4592 4593 4594 4595 4596 4597 4598 4599 4600 4601 4602 4638 4639 4640 4641 4642 4643 4644 4645 4646 4647 4648 4649 4650 4651 4652 4653 4654 4655 4656 4657 4658 4659 4660 4661 4662 4663 4664 4665 4666 4667 4668 4669 4670 4671 4672 4696 4697 4698 4699 4700 4701 4702 4703 4704 4705 4706 4707 4708 4709 4710 4711 4712 4713 4714 4715 4716 4717 4718 4752 4753 4754 4755 4756 4757 4758 4759 4760 4761 4762 4763 4764 4765 4766 4767 4768 4769 4770 4771 4772 4773 4774 4775 4776 4777 4778 4779 4780 4781 4782 4783 4784 4852 4853 4854 4855 4856 4857 4858 4859 4860 4861 4862 4863 4864 4865 4866 4867 4868 4869 4870 4871 4872 4873 4874 4875 4876 4877 4878 4879 4880 4881 4882 4883 4884 4885 4886 4887 4888 4889 4890 4891 4892 4893 4894 4895 4896 4897 4898 4899 4900 4901 4902 4903 4904 4905 4906 4907 4908 4909 4910 4911 4912 4913 4914 4915 4916 4917 4918 4936 4937 4938 4939 4940 4941 4942 4943 4944 4945 4946 4947 4948 4949 4950 4951 4952 
