4738
0 0 
1 1 0 
1 1 0 
1 1 0 
2 3 2 3 0 
2 3 1 4 0 
1 1 0 
2 3 5 6 0 
1 1 0 
1 1 0 
1 1 0 
1 1 0 
2 3 10 11 0 
2 3 9 12 0 
1 1 0 
2 3 13 14 0 
2 3 8 15 0 
2 3 7 16 0 
3 2 0 17 
3 2 0 7 
3 2 0 5 
3 2 0 1 
3 2 0 4 
3 2 0 2 
3 2 0 3 
3 2 0 6 
3 2 0 16 
3 2 0 8 
3 2 0 15 
3 2 0 13 
3 2 0 9 
3 2 0 12 
3 2 0 10 
3 2 0 11 
3 2 0 14 
1 1 0 
1 1 0 
1 1 0 
1 1 0 
2 3 37 38 0 
1 1 0 
2 3 39 40 0 
2 3 36 41 0 
2 3 35 42 0 
1 1 0 
1 1 0 
1 1 0 
2 3 45 46 0 
1 1 0 
1 1 0 
1 1 0 
1 1 0 
1 1 0 
2 3 51 52 0 
2 3 50 53 0 
2 3 49 54 0 
1 1 0 
2 3 55 56 0 
2 3 48 57 0 
2 3 47 58 0 
1 1 0 
1 1 0 
1 1 0 
1 1 0 
1 1 0 
1 1 0 
2 3 64 65 0 
1 1 0 
1 1 0 
1 1 0 
2 3 68 69 0 
2 3 67 70 0 
2 3 66 71 0 
2 3 63 72 0 
2 3 62 73 0 
2 3 61 74 0 
2 3 60 75 0 
2 3 59 76 0 
1 1 0 
2 3 77 78 0 
2 3 44 79 0 
2 3 43 80 0 
3 2 0 81 
3 2 0 43 
3 2 0 35 
3 2 0 42 
3 2 0 36 
3 2 0 41 
3 2 0 39 
3 2 0 37 
3 2 0 38 
3 2 0 40 
3 2 0 80 
3 2 0 44 
3 2 0 79 
3 2 0 77 
3 2 0 59 
3 2 0 47 
3 2 0 45 
3 2 0 46 
3 2 0 58 
3 2 0 48 
3 2 0 57 
3 2 0 55 
3 2 0 49 
3 2 0 54 
3 2 0 50 
3 2 0 53 
3 2 0 51 
3 2 0 52 
3 2 0 56 
3 2 0 76 
3 2 0 60 
3 2 0 75 
3 2 0 61 
3 2 0 74 
3 2 0 62 
3 2 0 73 
3 2 0 63 
3 2 0 72 
3 2 0 66 
3 2 0 64 
3 2 0 65 
3 2 0 71 
3 2 0 67 
3 2 0 70 
3 2 0 68 
3 2 0 69 
3 2 0 78 
1 1 0 
1 1 0 
2 3 129 130 0 
1 1 0 
1 1 0 
1 1 0 
2 3 133 134 0 
1 1 0 
1 1 0 
1 1 0 
1 1 0 
1 1 0 
1 1 0 
1 1 0 
2 3 141 142 0 
2 3 140 143 0 
2 3 139 144 0 
2 3 138 145 0 
2 3 137 146 0 
2 3 136 147 0 
2 3 135 148 0 
1 1 0 
2 3 149 150 0 
1 1 0 
1 1 0 
1 1 0 
1 1 0 
1 1 0 
1 1 0 
1 1 0 
2 3 157 158 0 
2 3 156 159 0 
1 1 0 
1 1 0 
2 3 161 162 0 
2 3 160 163 0 
2 3 155 164 0 
2 3 154 165 0 
2 3 153 166 0 
2 3 152 167 0 
2 3 151 168 0 
1 1 0 
2 3 169 170 0 
2 3 132 171 0 
2 3 131 172 0 
3 2 0 173 
3 2 0 131 
3 2 0 129 
3 2 0 130 
3 2 0 172 
3 2 0 132 
3 2 0 171 
3 2 0 169 
3 2 0 151 
3 2 0 149 
3 2 0 135 
3 2 0 133 
3 2 0 134 
3 2 0 148 
3 2 0 136 
3 2 0 147 
3 2 0 137 
3 2 0 146 
3 2 0 138 
3 2 0 145 
3 2 0 139 
3 2 0 144 
3 2 0 140 
3 2 0 143 
3 2 0 141 
3 2 0 142 
3 2 0 150 
3 2 0 168 
3 2 0 152 
3 2 0 167 
3 2 0 153 
3 2 0 166 
3 2 0 154 
3 2 0 165 
3 2 0 155 
3 2 0 164 
3 2 0 160 
3 2 0 156 
3 2 0 159 
3 2 0 157 
3 2 0 158 
3 2 0 163 
3 2 0 161 
3 2 0 162 
3 2 0 170 
1 1 0 
1 1 0 
2 3 219 220 0 
1 1 0 
2 3 221 222 0 
1 1 0 
1 1 0 
2 3 224 225 0 
1 1 0 
1 1 0 
1 1 0 
1 1 0 
1 1 0 
1 1 0 
1 1 0 
1 1 0 
1 1 0 
1 1 0 
1 1 0 
1 1 0 
1 1 0 
2 3 238 239 0 
2 3 237 240 0 
2 3 236 241 0 
2 3 235 242 0 
2 3 234 243 0 
2 3 233 244 0 
2 3 232 245 0 
2 3 231 246 0 
2 3 230 247 0 
1 1 0 
2 3 248 249 0 
2 3 229 250 0 
2 3 228 251 0 
2 3 227 252 0 
2 3 226 253 0 
2 3 223 254 0 
1 1 0 
2 3 255 256 0 
3 2 0 257 
3 2 0 255 
3 2 0 223 
3 2 0 221 
3 2 0 219 
3 2 0 220 
3 2 0 222 
3 2 0 254 
3 2 0 226 
3 2 0 224 
3 2 0 225 
3 2 0 253 
3 2 0 227 
3 2 0 252 
3 2 0 228 
3 2 0 251 
3 2 0 229 
3 2 0 250 
3 2 0 248 
3 2 0 230 
3 2 0 247 
3 2 0 231 
3 2 0 246 
3 2 0 232 
3 2 0 245 
3 2 0 233 
3 2 0 244 
3 2 0 234 
3 2 0 243 
3 2 0 235 
3 2 0 242 
3 2 0 236 
3 2 0 241 
3 2 0 237 
3 2 0 240 
3 2 0 238 
3 2 0 239 
3 2 0 249 
3 2 0 256 
1 1 0 
1 1 0 
2 3 297 298 0 
1 1 0 
1 1 0 
1 1 0 
1 1 0 
2 3 302 303 0 
2 3 301 304 0 
1 1 0 
1 1 0 
1 1 0 
1 1 0 
2 3 308 309 0 
2 3 307 310 0 
2 3 306 311 0 
1 1 0 
1 1 0 
1 1 0 
1 1 0 
1 1 0 
2 3 316 317 0 
1 1 0 
2 3 318 319 0 
1 1 0 
1 1 0 
1 1 0 
1 1 0 
1 1 0 
1 1 0 
2 3 325 326 0 
1 1 0 
1 1 0 
1 1 0 
2 3 329 330 0 
1 1 0 
2 3 331 332 0 
2 3 328 333 0 
2 3 327 334 0 
2 3 324 335 0 
2 3 323 336 0 
2 3 322 337 0 
2 3 321 338 0 
2 3 320 339 0 
2 3 315 340 0 
2 3 314 341 0 
2 3 313 342 0 
2 3 312 343 0 
1 1 0 
2 3 344 345 0 
2 3 305 346 0 
2 3 300 347 0 
2 3 299 348 0 
3 2 0 349 
3 2 0 299 
3 2 0 297 
3 2 0 298 
3 2 0 348 
3 2 0 300 
3 2 0 347 
3 2 0 305 
3 2 0 301 
3 2 0 304 
3 2 0 302 
3 2 0 303 
3 2 0 346 
3 2 0 344 
3 2 0 312 
3 2 0 306 
3 2 0 311 
3 2 0 307 
3 2 0 310 
3 2 0 308 
3 2 0 309 
3 2 0 343 
3 2 0 313 
3 2 0 342 
3 2 0 314 
3 2 0 341 
3 2 0 315 
3 2 0 340 
3 2 0 320 
3 2 0 318 
3 2 0 316 
3 2 0 317 
3 2 0 319 
3 2 0 339 
3 2 0 321 
3 2 0 338 
3 2 0 322 
3 2 0 337 
3 2 0 323 
3 2 0 336 
3 2 0 324 
3 2 0 335 
3 2 0 327 
3 2 0 325 
3 2 0 326 
3 2 0 334 
3 2 0 328 
3 2 0 333 
3 2 0 331 
3 2 0 329 
3 2 0 330 
3 2 0 332 
3 2 0 345 
1 1 0 
1 1 0 
2 3 403 404 0 
1 1 0 
1 1 0 
1 1 0 
2 3 407 408 0 
1 1 0 
1 1 0 
1 1 0 
1 1 0 
2 3 412 413 0 
2 3 411 414 0 
1 1 0 
1 1 0 
1 1 0 
1 1 0 
2 3 418 419 0 
2 3 417 420 0 
2 3 416 421 0 
2 3 415 422 0 
2 3 410 423 0 
2 3 409 424 0 
2 3 406 425 0 
1 1 0 
2 3 426 427 0 
2 3 405 428 0 
3 2 0 429 
3 2 0 405 
3 2 0 403 
3 2 0 404 
3 2 0 428 
3 2 0 426 
3 2 0 406 
3 2 0 425 
3 2 0 409 
3 2 0 407 
3 2 0 408 
3 2 0 424 
3 2 0 410 
3 2 0 423 
3 2 0 415 
3 2 0 411 
3 2 0 414 
3 2 0 412 
3 2 0 413 
3 2 0 422 
3 2 0 416 
3 2 0 421 
3 2 0 417 
3 2 0 420 
3 2 0 418 
3 2 0 419 
3 2 0 427 
1 1 0 
1 1 0 
1 1 0 
1 1 0 
1 1 0 
1 1 0 
1 1 0 
2 3 462 463 0 
1 1 0 
2 3 464 465 0 
1 1 0 
2 3 466 467 0 
2 3 461 468 0 
1 1 0 
2 3 469 470 0 
2 3 460 471 0 
1 1 0 
1 1 0 
2 3 473 474 0 
2 3 472 475 0 
2 3 459 476 0 
2 3 458 477 0 
2 3 457 478 0 
1 1 0 
1 1 0 
1 1 0 
1 1 0 
1 1 0 
1 1 0 
2 3 484 485 0 
1 1 0 
1 1 0 
1 1 0 
2 3 488 489 0 
1 1 0 
1 1 0 
1 1 0 
1 1 0 
2 3 493 494 0 
2 3 492 495 0 
2 3 491 496 0 
1 1 0 
1 1 0 
1 1 0 
2 3 499 500 0 
2 3 498 501 0 
2 3 497 502 0 
1 1 0 
1 1 0 
1 1 0 
2 3 505 506 0 
1 1 0 
1 1 0 
1 1 0 
2 3 509 510 0 
2 3 508 511 0 
2 3 507 512 0 
2 3 504 513 0 
2 3 503 514 0 
2 3 490 515 0 
2 3 487 516 0 
2 3 486 517 0 
2 3 483 518 0 
2 3 482 519 0 
1 1 0 
2 3 520 521 0 
2 3 481 522 0 
2 3 480 523 0 
2 3 479 524 0 
3 2 0 525 
3 2 0 479 
3 2 0 457 
3 2 0 478 
3 2 0 458 
3 2 0 477 
3 2 0 459 
3 2 0 476 
3 2 0 472 
3 2 0 460 
3 2 0 471 
3 2 0 469 
3 2 0 461 
3 2 0 468 
3 2 0 466 
3 2 0 464 
3 2 0 462 
3 2 0 463 
3 2 0 465 
3 2 0 467 
3 2 0 470 
3 2 0 475 
3 2 0 473 
3 2 0 474 
3 2 0 524 
3 2 0 480 
3 2 0 523 
3 2 0 481 
3 2 0 522 
3 2 0 520 
3 2 0 482 
3 2 0 519 
3 2 0 483 
3 2 0 518 
3 2 0 486 
3 2 0 484 
3 2 0 485 
3 2 0 517 
3 2 0 487 
3 2 0 516 
3 2 0 490 
3 2 0 488 
3 2 0 489 
3 2 0 515 
3 2 0 503 
3 2 0 497 
3 2 0 491 
3 2 0 496 
3 2 0 492 
3 2 0 495 
3 2 0 493 
3 2 0 494 
3 2 0 502 
3 2 0 498 
3 2 0 501 
3 2 0 499 
3 2 0 500 
3 2 0 514 
3 2 0 504 
3 2 0 513 
3 2 0 507 
3 2 0 505 
3 2 0 506 
3 2 0 512 
3 2 0 508 
3 2 0 511 
3 2 0 509 
3 2 0 510 
3 2 0 521 
1 1 0 
1 1 0 
2 3 595 596 0 
1 1 0 
1 1 0 
1 1 0 
2 3 599 600 0 
1 1 0 
2 3 601 602 0 
1 1 0 
1 1 0 
2 3 604 605 0 
1 1 0 
1 1 0 
1 1 0 
2 3 608 609 0 
2 3 607 610 0 
1 1 0 
2 3 611 612 0 
1 1 0 
1 1 0 
1 1 0 
2 3 615 616 0 
2 3 614 617 0 
2 3 613 618 0 
2 3 606 619 0 
2 3 603 620 0 
2 3 598 621 0 
2 3 597 622 0 
1 1 0 
2 3 623 624 0 
3 2 0 625 
3 2 0 623 
3 2 0 597 
3 2 0 595 
3 2 0 596 
3 2 0 622 
3 2 0 598 
3 2 0 621 
3 2 0 603 
3 2 0 601 
3 2 0 599 
3 2 0 600 
3 2 0 602 
3 2 0 620 
3 2 0 606 
3 2 0 604 
3 2 0 605 
3 2 0 619 
3 2 0 613 
3 2 0 611 
3 2 0 607 
3 2 0 610 
3 2 0 608 
3 2 0 609 
3 2 0 612 
3 2 0 618 
3 2 0 614 
3 2 0 617 
3 2 0 615 
3 2 0 616 
3 2 0 624 
1 1 0 
1 1 0 
1 1 0 
2 3 658 659 0 
1 1 0 
2 3 660 661 0 
2 3 657 662 0 
1 1 0 
1 1 0 
1 1 0 
1 1 0 
2 3 666 667 0 
2 3 665 668 0 
1 1 0 
1 1 0 
1 1 0 
2 3 671 672 0 
1 1 0 
2 3 673 674 0 
1 1 0 
1 1 0 
2 3 676 677 0 
2 3 675 678 0 
2 3 670 679 0 
2 3 669 680 0 
2 3 664 681 0 
2 3 663 682 0 
1 1 0 
1 1 0 
1 1 0 
1 1 0 
2 3 686 687 0 
2 3 685 688 0 
2 3 684 689 0 
1 1 0 
2 3 690 691 0 
2 3 683 692 0 
3 2 0 693 
3 2 0 683 
3 2 0 663 
3 2 0 657 
3 2 0 662 
3 2 0 660 
3 2 0 658 
3 2 0 659 
3 2 0 661 
3 2 0 682 
3 2 0 664 
3 2 0 681 
3 2 0 669 
3 2 0 665 
3 2 0 668 
3 2 0 666 
3 2 0 667 
3 2 0 680 
3 2 0 670 
3 2 0 679 
3 2 0 675 
3 2 0 673 
3 2 0 671 
3 2 0 672 
3 2 0 674 
3 2 0 678 
3 2 0 676 
3 2 0 677 
3 2 0 692 
3 2 0 690 
3 2 0 684 
3 2 0 689 
3 2 0 685 
3 2 0 688 
3 2 0 686 
3 2 0 687 
3 2 0 691 
1 1 0 
1 1 0 
1 1 0 
2 3 732 733 0 
2 3 731 734 0 
1 1 0 
1 1 0 
1 1 0 
2 3 737 738 0 
2 3 736 739 0 
2 3 735 740 0 
1 1 0 
1 1 0 
1 1 0 
1 1 0 
1 1 0 
1 1 0 
1 1 0 
2 3 747 748 0 
2 3 746 749 0 
1 1 0 
1 1 0 
1 1 0 
2 3 752 753 0 
2 3 751 754 0 
2 3 750 755 0 
2 3 745 756 0 
2 3 744 757 0 
2 3 743 758 0 
1 1 0 
2 3 759 760 0 
2 3 742 761 0 
2 3 741 762 0 
3 2 0 763 
3 2 0 741 
3 2 0 735 
3 2 0 731 
3 2 0 734 
3 2 0 732 
3 2 0 733 
3 2 0 740 
3 2 0 736 
3 2 0 739 
3 2 0 737 
3 2 0 738 
3 2 0 762 
3 2 0 742 
3 2 0 761 
3 2 0 759 
3 2 0 743 
3 2 0 758 
3 2 0 744 
3 2 0 757 
3 2 0 745 
3 2 0 756 
3 2 0 750 
3 2 0 746 
3 2 0 749 
3 2 0 747 
3 2 0 748 
3 2 0 755 
3 2 0 751 
3 2 0 754 
3 2 0 752 
3 2 0 753 
3 2 0 760 
1 1 0 
1 1 0 
1 1 0 
2 3 798 799 0 
2 3 797 800 0 
1 1 0 
1 1 0 
1 1 0 
1 1 0 
1 1 0 
1 1 0 
2 3 806 807 0 
1 1 0 
2 3 808 809 0 
2 3 805 810 0 
1 1 0 
2 3 811 812 0 
2 3 804 813 0 
2 3 803 814 0 
2 3 802 815 0 
2 3 801 816 0 
3 2 0 817 
3 2 0 801 
3 2 0 797 
3 2 0 800 
3 2 0 798 
3 2 0 799 
3 2 0 816 
3 2 0 802 
3 2 0 815 
3 2 0 803 
3 2 0 814 
3 2 0 804 
3 2 0 813 
3 2 0 811 
3 2 0 805 
3 2 0 810 
3 2 0 808 
3 2 0 806 
3 2 0 807 
3 2 0 809 
3 2 0 812 
1 1 0 
1 1 0 
1 1 0 
1 1 0 
1 1 0 
2 3 842 843 0 
2 3 841 844 0 
1 1 0 
1 1 0 
1 1 0 
1 1 0 
2 3 848 849 0 
1 1 0 
1 1 0 
1 1 0 
2 3 852 853 0 
2 3 851 854 0 
2 3 850 855 0 
2 3 847 856 0 
2 3 846 857 0 
2 3 845 858 0 
1 1 0 
2 3 859 860 0 
2 3 840 861 0 
2 3 839 862 0 
3 2 0 863 
3 2 0 839 
3 2 0 862 
3 2 0 840 
3 2 0 861 
3 2 0 859 
3 2 0 845 
3 2 0 841 
3 2 0 844 
3 2 0 842 
3 2 0 843 
3 2 0 858 
3 2 0 846 
3 2 0 857 
3 2 0 847 
3 2 0 856 
3 2 0 850 
3 2 0 848 
3 2 0 849 
3 2 0 855 
3 2 0 851 
3 2 0 854 
3 2 0 852 
3 2 0 853 
3 2 0 860 
1 1 0 
1 1 0 
1 1 0 
1 1 0 
2 3 891 892 0 
2 3 890 893 0 
1 1 0 
2 3 894 895 0 
2 3 889 896 0 
3 2 0 897 
3 2 0 889 
3 2 0 896 
3 2 0 894 
3 2 0 890 
3 2 0 893 
3 2 0 891 
3 2 0 892 
3 2 0 895 
1 1 0 
1 1 0 
2 3 907 908 0 
1 1 0 
1 1 0 
1 1 0 
2 3 911 912 0 
2 3 910 913 0 
2 3 909 914 0 
1 1 0 
1 1 0 
1 1 0 
1 1 0 
2 3 918 919 0 
2 3 917 920 0 
1 1 0 
1 1 0 
2 3 922 923 0 
2 3 921 924 0 
2 3 916 925 0 
1 1 0 
2 3 926 927 0 
2 3 915 928 0 
3 2 0 929 
3 2 0 915 
3 2 0 909 
3 2 0 907 
3 2 0 908 
3 2 0 914 
3 2 0 910 
3 2 0 913 
3 2 0 911 
3 2 0 912 
3 2 0 928 
3 2 0 926 
3 2 0 916 
3 2 0 925 
3 2 0 921 
3 2 0 917 
3 2 0 920 
3 2 0 918 
3 2 0 919 
3 2 0 924 
3 2 0 922 
3 2 0 923 
3 2 0 927 
1 1 0 
1 1 0 
1 1 0 
2 3 954 955 0 
1 1 0 
2 3 956 957 0 
2 3 953 958 0 
1 1 0 
1 1 0 
1 1 0 
2 3 961 962 0 
1 1 0 
1 1 0 
1 1 0 
2 3 965 966 0 
2 3 964 967 0 
2 3 963 968 0 
2 3 960 969 0 
1 1 0 
2 3 970 971 0 
2 3 959 972 0 
3 2 0 973 
3 2 0 959 
3 2 0 953 
3 2 0 958 
3 2 0 956 
3 2 0 954 
3 2 0 955 
3 2 0 957 
3 2 0 972 
3 2 0 970 
3 2 0 960 
3 2 0 969 
3 2 0 963 
3 2 0 961 
3 2 0 962 
3 2 0 968 
3 2 0 964 
3 2 0 967 
3 2 0 965 
3 2 0 966 
3 2 0 971 
1 1 0 
1 1 0 
1 1 0 
1 1 0 
1 1 0 
1 1 0 
1 1 0 
2 3 1000 1001 0 
2 3 999 1002 0 
2 3 998 1003 0 
2 3 997 1004 0 
2 3 996 1005 0 
1 1 0 
2 3 1006 1007 0 
2 3 995 1008 0 
3 2 0 1009 
3 2 0 995 
3 2 0 1008 
3 2 0 1006 
3 2 0 996 
3 2 0 1005 
3 2 0 997 
3 2 0 1004 
3 2 0 998 
3 2 0 1003 
3 2 0 999 
3 2 0 1002 
3 2 0 1000 
3 2 0 1001 
3 2 0 1007 
1 1 0 
1 1 0 
1 1 0 
1 1 0 
1 1 0 
2 3 1028 1029 0 
2 3 1027 1030 0 
1 1 0 
1 1 0 
1 1 0 
1 1 0 
2 3 1034 1035 0 
2 3 1033 1036 0 
2 3 1032 1037 0 
2 3 1031 1038 0 
2 3 1026 1039 0 
1 1 0 
2 3 1040 1041 0 
2 3 1025 1042 0 
3 2 0 1043 
3 2 0 1025 
3 2 0 1042 
3 2 0 1040 
3 2 0 1026 
3 2 0 1039 
3 2 0 1031 
3 2 0 1027 
3 2 0 1030 
3 2 0 1028 
3 2 0 1029 
3 2 0 1038 
3 2 0 1032 
3 2 0 1037 
3 2 0 1033 
3 2 0 1036 
3 2 0 1034 
3 2 0 1035 
3 2 0 1041 
1 1 0 
1 1 0 
1 1 0 
2 3 1064 1065 0 
1 1 0 
1 1 0 
1 1 0 
2 3 1068 1069 0 
1 1 0 
1 1 0 
2 3 1071 1072 0 
1 1 0 
1 1 0 
2 3 1074 1075 0 
2 3 1073 1076 0 
1 1 0 
1 1 0 
1 1 0 
1 1 0 
1 1 0 
1 1 0 
1 1 0 
1 1 0 
2 3 1084 1085 0 
2 3 1083 1086 0 
2 3 1082 1087 0 
2 3 1081 1088 0 
2 3 1080 1089 0 
2 3 1079 1090 0 
2 3 1078 1091 0 
2 3 1077 1092 0 
2 3 1070 1093 0 
2 3 1067 1094 0 
2 3 1066 1095 0 
2 3 1063 1096 0 
1 1 0 
1 1 0 
1 1 0 
1 1 0 
2 3 1100 1101 0 
1 1 0 
1 1 0 
1 1 0 
1 1 0 
2 3 1105 1106 0 
2 3 1104 1107 0 
2 3 1103 1108 0 
2 3 1102 1109 0 
2 3 1099 1110 0 
2 3 1098 1111 0 
2 3 1097 1112 0 
3 2 0 1113 
3 2 0 1097 
3 2 0 1063 
3 2 0 1096 
3 2 0 1066 
3 2 0 1064 
3 2 0 1065 
3 2 0 1095 
3 2 0 1067 
3 2 0 1094 
3 2 0 1070 
3 2 0 1068 
3 2 0 1069 
3 2 0 1093 
3 2 0 1077 
3 2 0 1073 
3 2 0 1071 
3 2 0 1072 
3 2 0 1076 
3 2 0 1074 
3 2 0 1075 
3 2 0 1092 
3 2 0 1078 
3 2 0 1091 
3 2 0 1079 
3 2 0 1090 
3 2 0 1080 
3 2 0 1089 
3 2 0 1081 
3 2 0 1088 
3 2 0 1082 
3 2 0 1087 
3 2 0 1083 
3 2 0 1086 
3 2 0 1084 
3 2 0 1085 
3 2 0 1112 
3 2 0 1098 
3 2 0 1111 
3 2 0 1099 
3 2 0 1110 
3 2 0 1102 
3 2 0 1100 
3 2 0 1101 
3 2 0 1109 
3 2 0 1103 
3 2 0 1108 
3 2 0 1104 
3 2 0 1107 
3 2 0 1105 
3 2 0 1106 
1 1 0 
1 1 0 
2 3 1165 1166 0 
1 1 0 
1 1 0 
2 3 1168 1169 0 
1 1 0 
1 1 0 
1 1 0 
1 1 0 
1 1 0 
2 3 1174 1175 0 
2 3 1173 1176 0 
2 3 1172 1177 0 
1 1 0 
2 3 1178 1179 0 
1 1 0 
1 1 0 
1 1 0 
2 3 1182 1183 0 
2 3 1181 1184 0 
1 1 0 
1 1 0 
1 1 0 
2 3 1187 1188 0 
2 3 1186 1189 0 
2 3 1185 1190 0 
2 3 1180 1191 0 
2 3 1171 1192 0 
2 3 1170 1193 0 
1 1 0 
2 3 1194 1195 0 
2 3 1167 1196 0 
3 2 0 1197 
3 2 0 1167 
3 2 0 1165 
3 2 0 1166 
3 2 0 1196 
3 2 0 1194 
3 2 0 1170 
3 2 0 1168 
3 2 0 1169 
3 2 0 1193 
3 2 0 1171 
3 2 0 1192 
3 2 0 1180 
3 2 0 1178 
3 2 0 1172 
3 2 0 1177 
3 2 0 1173 
3 2 0 1176 
3 2 0 1174 
3 2 0 1175 
3 2 0 1179 
3 2 0 1191 
3 2 0 1185 
3 2 0 1181 
3 2 0 1184 
3 2 0 1182 
3 2 0 1183 
3 2 0 1190 
3 2 0 1186 
3 2 0 1189 
3 2 0 1187 
3 2 0 1188 
3 2 0 1195 
1 1 0 
1 1 0 
1 1 0 
1 1 0 
1 1 0 
1 1 0 
1 1 0 
2 3 1236 1237 0 
2 3 1235 1238 0 
2 3 1234 1239 0 
2 3 1233 1240 0 
2 3 1232 1241 0 
2 3 1231 1242 0 
1 1 0 
2 3 1243 1244 0 
1 1 0 
2 3 1245 1246 0 
1 1 0 
1 1 0 
1 1 0 
1 1 0 
2 3 1250 1251 0 
2 3 1249 1252 0 
1 1 0 
1 1 0 
2 3 1254 1255 0 
1 1 0 
1 1 0 
1 1 0 
2 3 1258 1259 0 
2 3 1257 1260 0 
1 1 0 
1 1 0 
1 1 0 
2 3 1263 1264 0 
2 3 1262 1265 0 
2 3 1261 1266 0 
2 3 1256 1267 0 
2 3 1253 1268 0 
2 3 1248 1269 0 
2 3 1247 1270 0 
1 1 0 
2 3 1271 1272 0 
3 2 0 1273 
3 2 0 1271 
3 2 0 1247 
3 2 0 1245 
3 2 0 1243 
3 2 0 1231 
3 2 0 1242 
3 2 0 1232 
3 2 0 1241 
3 2 0 1233 
3 2 0 1240 
3 2 0 1234 
3 2 0 1239 
3 2 0 1235 
3 2 0 1238 
3 2 0 1236 
3 2 0 1237 
3 2 0 1244 
3 2 0 1246 
3 2 0 1270 
3 2 0 1248 
3 2 0 1269 
3 2 0 1253 
3 2 0 1249 
3 2 0 1252 
3 2 0 1250 
3 2 0 1251 
3 2 0 1268 
3 2 0 1256 
3 2 0 1254 
3 2 0 1255 
3 2 0 1267 
3 2 0 1261 
3 2 0 1257 
3 2 0 1260 
3 2 0 1258 
3 2 0 1259 
3 2 0 1266 
3 2 0 1262 
3 2 0 1265 
3 2 0 1263 
3 2 0 1264 
3 2 0 1272 
1 1 0 
1 1 0 
2 3 1317 1318 0 
1 1 0 
1 1 0 
1 1 0 
2 3 1321 1322 0 
1 1 0 
2 3 1323 1324 0 
2 3 1320 1325 0 
2 3 1319 1326 0 
1 1 0 
2 3 1327 1328 0 
1 1 0 
1 1 0 
1 1 0 
2 3 1331 1332 0 
1 1 0 
2 3 1333 1334 0 
2 3 1330 1335 0 
2 3 1329 1336 0 
1 1 0 
2 3 1337 1338 0 
1 1 0 
1 1 0 
1 1 0 
2 3 1341 1342 0 
1 1 0 
2 3 1343 1344 0 
2 3 1340 1345 0 
2 3 1339 1346 0 
1 1 0 
2 3 1347 1348 0 
3 2 0 1349 
3 2 0 1347 
3 2 0 1339 
3 2 0 1337 
3 2 0 1329 
3 2 0 1327 
3 2 0 1319 
3 2 0 1317 
3 2 0 1318 
3 2 0 1326 
3 2 0 1320 
3 2 0 1325 
3 2 0 1323 
3 2 0 1321 
3 2 0 1322 
3 2 0 1324 
3 2 0 1328 
3 2 0 1336 
3 2 0 1330 
3 2 0 1335 
3 2 0 1333 
3 2 0 1331 
3 2 0 1332 
3 2 0 1334 
3 2 0 1338 
3 2 0 1346 
3 2 0 1340 
3 2 0 1345 
3 2 0 1343 
3 2 0 1341 
3 2 0 1342 
3 2 0 1344 
3 2 0 1348 
1 1 0 
1 1 0 
1 1 0 
2 3 1384 1385 0 
1 1 0 
2 3 1386 1387 0 
1 1 0 
1 1 0 
2 3 1389 1390 0 
2 3 1388 1391 0 
2 3 1383 1392 0 
3 2 0 1393 
3 2 0 1383 
3 2 0 1392 
3 2 0 1388 
3 2 0 1386 
3 2 0 1384 
3 2 0 1385 
3 2 0 1387 
3 2 0 1391 
3 2 0 1389 
3 2 0 1390 
1 1 0 
1 1 0 
1 1 0 
1 1 0 
1 1 0 
1 1 0 
1 1 0 
1 1 0 
1 1 0 
1 1 0 
2 3 1413 1414 0 
2 3 1412 1415 0 
2 3 1411 1416 0 
2 3 1410 1417 0 
2 3 1409 1418 0 
2 3 1408 1419 0 
2 3 1407 1420 0 
1 1 0 
2 3 1421 1422 0 
1 1 0 
1 1 0 
2 3 1424 1425 0 
1 1 0 
2 3 1426 1427 0 
1 1 0 
1 1 0 
1 1 0 
1 1 0 
2 3 1431 1432 0 
1 1 0 
2 3 1433 1434 0 
2 3 1430 1435 0 
2 3 1429 1436 0 
2 3 1428 1437 0 
2 3 1423 1438 0 
2 3 1406 1439 0 
2 3 1405 1440 0 
1 1 0 
2 3 1441 1442 0 
1 1 0 
2 3 1443 1444 0 
1 1 0 
1 1 0 
2 3 1446 1447 0 
1 1 0 
1 1 0 
2 3 1449 1450 0 
2 3 1448 1451 0 
1 1 0 
1 1 0 
1 1 0 
1 1 0 
2 3 1455 1456 0 
1 1 0 
1 1 0 
2 3 1458 1459 0 
1 1 0 
1 1 0 
1 1 0 
2 3 1462 1463 0 
2 3 1461 1464 0 
2 3 1460 1465 0 
2 3 1457 1466 0 
2 3 1454 1467 0 
2 3 1453 1468 0 
2 3 1452 1469 0 
2 3 1445 1470 0 
1 1 0 
2 3 1471 1472 0 
3 2 0 1473 
3 2 0 1471 
3 2 0 1445 
3 2 0 1443 
3 2 0 1441 
3 2 0 1405 
3 2 0 1440 
3 2 0 1406 
3 2 0 1439 
3 2 0 1423 
3 2 0 1421 
3 2 0 1407 
3 2 0 1420 
3 2 0 1408 
3 2 0 1419 
3 2 0 1409 
3 2 0 1418 
3 2 0 1410 
3 2 0 1417 
3 2 0 1411 
3 2 0 1416 
3 2 0 1412 
3 2 0 1415 
3 2 0 1413 
3 2 0 1414 
3 2 0 1422 
3 2 0 1438 
3 2 0 1428 
3 2 0 1426 
3 2 0 1424 
3 2 0 1425 
3 2 0 1427 
3 2 0 1437 
3 2 0 1429 
3 2 0 1436 
3 2 0 1430 
3 2 0 1435 
3 2 0 1433 
3 2 0 1431 
3 2 0 1432 
3 2 0 1434 
3 2 0 1442 
3 2 0 1444 
3 2 0 1470 
3 2 0 1452 
3 2 0 1448 
3 2 0 1446 
3 2 0 1447 
3 2 0 1451 
3 2 0 1449 
3 2 0 1450 
3 2 0 1469 
3 2 0 1453 
3 2 0 1468 
3 2 0 1454 
3 2 0 1467 
3 2 0 1457 
3 2 0 1455 
3 2 0 1456 
3 2 0 1466 
3 2 0 1460 
3 2 0 1458 
3 2 0 1459 
3 2 0 1465 
3 2 0 1461 
3 2 0 1464 
3 2 0 1462 
3 2 0 1463 
3 2 0 1472 
1 1 0 
1 1 0 
2 3 1543 1544 0 
1 1 0 
1 1 0 
2 3 1546 1547 0 
1 1 0 
2 3 1548 1549 0 
2 3 1545 1550 0 
1 1 0 
2 3 1551 1552 0 
1 1 0 
2 3 1553 1554 0 
1 1 0 
1 1 0 
1 1 0 
1 1 0 
1 1 0 
1 1 0 
1 1 0 
1 1 0 
2 3 1562 1563 0 
2 3 1561 1564 0 
2 3 1560 1565 0 
2 3 1559 1566 0 
2 3 1558 1567 0 
2 3 1557 1568 0 
2 3 1556 1569 0 
2 3 1555 1570 0 
1 1 0 
2 3 1571 1572 0 
3 2 0 1573 
3 2 0 1571 
3 2 0 1555 
3 2 0 1553 
3 2 0 1551 
3 2 0 1545 
3 2 0 1543 
3 2 0 1544 
3 2 0 1550 
3 2 0 1548 
3 2 0 1546 
3 2 0 1547 
3 2 0 1549 
3 2 0 1552 
3 2 0 1554 
3 2 0 1570 
3 2 0 1556 
3 2 0 1569 
3 2 0 1557 
3 2 0 1568 
3 2 0 1558 
3 2 0 1567 
3 2 0 1559 
3 2 0 1566 
3 2 0 1560 
3 2 0 1565 
3 2 0 1561 
3 2 0 1564 
3 2 0 1562 
3 2 0 1563 
3 2 0 1572 
1 1 0 
1 1 0 
2 3 1605 1606 0 
1 1 0 
2 3 1607 1608 0 
1 1 0 
1 1 0 
2 3 1610 1611 0 
1 1 0 
1 1 0 
2 3 1613 1614 0 
1 1 0 
1 1 0 
1 1 0 
1 1 0 
2 3 1618 1619 0 
2 3 1617 1620 0 
2 3 1616 1621 0 
2 3 1615 1622 0 
2 3 1612 1623 0 
1 1 0 
2 3 1624 1625 0 
2 3 1609 1626 0 
3 2 0 1627 
3 2 0 1609 
3 2 0 1607 
3 2 0 1605 
3 2 0 1606 
3 2 0 1608 
3 2 0 1626 
3 2 0 1624 
3 2 0 1612 
3 2 0 1610 
3 2 0 1611 
3 2 0 1623 
3 2 0 1615 
3 2 0 1613 
3 2 0 1614 
3 2 0 1622 
3 2 0 1616 
3 2 0 1621 
3 2 0 1617 
3 2 0 1620 
3 2 0 1618 
3 2 0 1619 
3 2 0 1625 
1 1 0 
1 1 0 
1 1 0 
1 1 0 
2 3 1653 1654 0 
2 3 1652 1655 0 
2 3 1651 1656 0 
1 1 0 
1 1 0 
1 1 0 
2 3 1659 1660 0 
1 1 0 
1 1 0 
1 1 0 
2 3 1663 1664 0 
2 3 1662 1665 0 
2 3 1661 1666 0 
2 3 1658 1667 0 
1 1 0 
2 3 1668 1669 0 
2 3 1657 1670 0 
3 2 0 1671 
3 2 0 1657 
3 2 0 1651 
3 2 0 1656 
3 2 0 1652 
3 2 0 1655 
3 2 0 1653 
3 2 0 1654 
3 2 0 1670 
3 2 0 1668 
3 2 0 1658 
3 2 0 1667 
3 2 0 1661 
3 2 0 1659 
3 2 0 1660 
3 2 0 1666 
3 2 0 1662 
3 2 0 1665 
3 2 0 1663 
3 2 0 1664 
3 2 0 1669 
1 1 0 
1 1 0 
1 1 0 
2 3 1694 1695 0 
1 1 0 
1 1 0 
1 1 0 
1 1 0 
1 1 0 
1 1 0 
1 1 0 
1 1 0 
2 3 1703 1704 0 
1 1 0 
2 3 1705 1706 0 
2 3 1702 1707 0 
2 3 1701 1708 0 
1 1 0 
1 1 0 
1 1 0 
1 1 0 
2 3 1712 1713 0 
2 3 1711 1714 0 
1 1 0 
1 1 0 
1 1 0 
1 1 0 
2 3 1718 1719 0 
1 1 0 
2 3 1720 1721 0 
1 1 0 
1 1 0 
1 1 0 
1 1 0 
1 1 0 
2 3 1726 1727 0 
2 3 1725 1728 0 
2 3 1724 1729 0 
2 3 1723 1730 0 
2 3 1722 1731 0 
2 3 1717 1732 0 
2 3 1716 1733 0 
2 3 1715 1734 0 
2 3 1710 1735 0 
2 3 1709 1736 0 
2 3 1700 1737 0 
2 3 1699 1738 0 
2 3 1698 1739 0 
2 3 1697 1740 0 
2 3 1696 1741 0 
1 1 0 
2 3 1742 1743 0 
2 3 1693 1744 0 
3 2 0 1745 
3 2 0 1693 
3 2 0 1744 
3 2 0 1742 
3 2 0 1696 
3 2 0 1694 
3 2 0 1695 
3 2 0 1741 
3 2 0 1697 
3 2 0 1740 
3 2 0 1698 
3 2 0 1739 
3 2 0 1699 
3 2 0 1738 
3 2 0 1700 
3 2 0 1737 
3 2 0 1709 
3 2 0 1701 
3 2 0 1708 
3 2 0 1702 
3 2 0 1707 
3 2 0 1705 
3 2 0 1703 
3 2 0 1704 
3 2 0 1706 
3 2 0 1736 
3 2 0 1710 
3 2 0 1735 
3 2 0 1715 
3 2 0 1711 
3 2 0 1714 
3 2 0 1712 
3 2 0 1713 
3 2 0 1734 
3 2 0 1716 
3 2 0 1733 
3 2 0 1717 
3 2 0 1732 
3 2 0 1722 
3 2 0 1720 
3 2 0 1718 
3 2 0 1719 
3 2 0 1721 
3 2 0 1731 
3 2 0 1723 
3 2 0 1730 
3 2 0 1724 
3 2 0 1729 
3 2 0 1725 
3 2 0 1728 
3 2 0 1726 
3 2 0 1727 
3 2 0 1743 
1 1 0 
1 1 0 
2 3 1799 1800 0 
1 1 0 
1 1 0 
1 1 0 
2 3 1803 1804 0 
1 1 0 
1 1 0 
1 1 0 
1 1 0 
2 3 1808 1809 0 
2 3 1807 1810 0 
1 1 0 
1 1 0 
1 1 0 
1 1 0 
2 3 1814 1815 0 
2 3 1813 1816 0 
2 3 1812 1817 0 
2 3 1811 1818 0 
1 1 0 
2 3 1819 1820 0 
1 1 0 
1 1 0 
1 1 0 
1 1 0 
1 1 0 
1 1 0 
1 1 0 
2 3 1827 1828 0 
2 3 1826 1829 0 
2 3 1825 1830 0 
2 3 1824 1831 0 
2 3 1823 1832 0 
2 3 1822 1833 0 
2 3 1821 1834 0 
2 3 1806 1835 0 
1 1 0 
2 3 1836 1837 0 
2 3 1805 1838 0 
2 3 1802 1839 0 
2 3 1801 1840 0 
3 2 0 1841 
3 2 0 1801 
3 2 0 1799 
3 2 0 1800 
3 2 0 1840 
3 2 0 1802 
3 2 0 1839 
3 2 0 1805 
3 2 0 1803 
3 2 0 1804 
3 2 0 1838 
3 2 0 1836 
3 2 0 1806 
3 2 0 1835 
3 2 0 1821 
3 2 0 1819 
3 2 0 1811 
3 2 0 1807 
3 2 0 1810 
3 2 0 1808 
3 2 0 1809 
3 2 0 1818 
3 2 0 1812 
3 2 0 1817 
3 2 0 1813 
3 2 0 1816 
3 2 0 1814 
3 2 0 1815 
3 2 0 1820 
3 2 0 1834 
3 2 0 1822 
3 2 0 1833 
3 2 0 1823 
3 2 0 1832 
3 2 0 1824 
3 2 0 1831 
3 2 0 1825 
3 2 0 1830 
3 2 0 1826 
3 2 0 1829 
3 2 0 1827 
3 2 0 1828 
3 2 0 1837 
1 1 0 
1 1 0 
2 3 1885 1886 0 
1 1 0 
1 1 0 
1 1 0 
1 1 0 
2 3 1890 1891 0 
1 1 0 
2 3 1892 1893 0 
2 3 1889 1894 0 
2 3 1888 1895 0 
2 3 1887 1896 0 
1 1 0 
2 3 1897 1898 0 
3 2 0 1899 
3 2 0 1897 
3 2 0 1887 
3 2 0 1885 
3 2 0 1886 
3 2 0 1896 
3 2 0 1888 
3 2 0 1895 
3 2 0 1889 
3 2 0 1894 
3 2 0 1892 
3 2 0 1890 
3 2 0 1891 
3 2 0 1893 
3 2 0 1898 
1 1 0 
1 1 0 
1 1 0 
1 1 0 
2 3 1917 1918 0 
2 3 1916 1919 0 
1 1 0 
1 1 0 
2 3 1921 1922 0 
2 3 1920 1923 0 
1 1 0 
1 1 0 
1 1 0 
2 3 1926 1927 0 
1 1 0 
1 1 0 
1 1 0 
1 1 0 
1 1 0 
1 1 0 
1 1 0 
2 3 1934 1935 0 
1 1 0 
2 3 1936 1937 0 
2 3 1933 1938 0 
2 3 1932 1939 0 
2 3 1931 1940 0 
2 3 1930 1941 0 
2 3 1929 1942 0 
2 3 1928 1943 0 
1 1 0 
2 3 1944 1945 0 
2 3 1925 1946 0 
2 3 1924 1947 0 
1 1 0 
2 3 1948 1949 0 
2 3 1915 1950 0 
3 2 0 1951 
3 2 0 1915 
3 2 0 1950 
3 2 0 1948 
3 2 0 1924 
3 2 0 1920 
3 2 0 1916 
3 2 0 1919 
3 2 0 1917 
3 2 0 1918 
3 2 0 1923 
3 2 0 1921 
3 2 0 1922 
3 2 0 1947 
3 2 0 1925 
3 2 0 1946 
3 2 0 1944 
3 2 0 1928 
3 2 0 1926 
3 2 0 1927 
3 2 0 1943 
3 2 0 1929 
3 2 0 1942 
3 2 0 1930 
3 2 0 1941 
3 2 0 1931 
3 2 0 1940 
3 2 0 1932 
3 2 0 1939 
3 2 0 1933 
3 2 0 1938 
3 2 0 1936 
3 2 0 1934 
3 2 0 1935 
3 2 0 1937 
3 2 0 1945 
3 2 0 1949 
1 1 0 
1 1 0 
2 3 1989 1990 0 
1 1 0 
2 3 1991 1992 0 
1 1 0 
1 1 0 
2 3 1994 1995 0 
2 3 1993 1996 0 
1 1 0 
2 3 1997 1998 0 
1 1 0 
2 3 1999 2000 0 
3 2 0 2001 
3 2 0 1999 
3 2 0 1997 
3 2 0 1993 
3 2 0 1991 
3 2 0 1989 
3 2 0 1990 
3 2 0 1992 
3 2 0 1996 
3 2 0 1994 
3 2 0 1995 
3 2 0 1998 
3 2 0 2000 
1 1 0 
1 1 0 
2 3 2015 2016 0 
1 1 0 
1 1 0 
1 1 0 
1 1 0 
2 3 2020 2021 0 
2 3 2019 2022 0 
1 1 0 
1 1 0 
1 1 0 
2 3 2025 2026 0 
2 3 2024 2027 0 
2 3 2023 2028 0 
1 1 0 
1 1 0 
1 1 0 
1 1 0 
2 3 2032 2033 0 
2 3 2031 2034 0 
2 3 2030 2035 0 
2 3 2029 2036 0 
2 3 2018 2037 0 
2 3 2017 2038 0 
1 1 0 
2 3 2039 2040 0 
3 2 0 2041 
3 2 0 2039 
3 2 0 2017 
3 2 0 2015 
3 2 0 2016 
3 2 0 2038 
3 2 0 2018 
3 2 0 2037 
3 2 0 2029 
3 2 0 2023 
3 2 0 2019 
3 2 0 2022 
3 2 0 2020 
3 2 0 2021 
3 2 0 2028 
3 2 0 2024 
3 2 0 2027 
3 2 0 2025 
3 2 0 2026 
3 2 0 2036 
3 2 0 2030 
3 2 0 2035 
3 2 0 2031 
3 2 0 2034 
3 2 0 2032 
3 2 0 2033 
3 2 0 2040 
1 1 0 
1 1 0 
1 1 0 
1 1 0 
1 1 0 
2 3 2072 2073 0 
1 1 0 
1 1 0 
1 1 0 
1 1 0 
2 3 2077 2078 0 
1 1 0 
2 3 2079 2080 0 
2 3 2076 2081 0 
2 3 2075 2082 0 
2 3 2074 2083 0 
2 3 2071 2084 0 
2 3 2070 2085 0 
2 3 2069 2086 0 
1 1 0 
2 3 2087 2088 0 
1 1 0 
2 3 2089 2090 0 
1 1 0 
1 1 0 
1 1 0 
2 3 2093 2094 0 
1 1 0 
1 1 0 
1 1 0 
2 3 2097 2098 0 
2 3 2096 2099 0 
1 1 0 
1 1 0 
1 1 0 
2 3 2102 2103 0 
1 1 0 
1 1 0 
1 1 0 
1 1 0 
1 1 0 
1 1 0 
1 1 0 
1 1 0 
1 1 0 
1 1 0 
2 3 2113 2114 0 
2 3 2112 2115 0 
2 3 2111 2116 0 
2 3 2110 2117 0 
2 3 2109 2118 0 
2 3 2108 2119 0 
2 3 2107 2120 0 
2 3 2106 2121 0 
2 3 2105 2122 0 
2 3 2104 2123 0 
2 3 2101 2124 0 
2 3 2100 2125 0 
2 3 2095 2126 0 
2 3 2092 2127 0 
2 3 2091 2128 0 
1 1 0 
2 3 2129 2130 0 
3 2 0 2131 
3 2 0 2129 
3 2 0 2091 
3 2 0 2089 
3 2 0 2087 
3 2 0 2069 
3 2 0 2086 
3 2 0 2070 
3 2 0 2085 
3 2 0 2071 
3 2 0 2084 
3 2 0 2074 
3 2 0 2072 
3 2 0 2073 
3 2 0 2083 
3 2 0 2075 
3 2 0 2082 
3 2 0 2076 
3 2 0 2081 
3 2 0 2079 
3 2 0 2077 
3 2 0 2078 
3 2 0 2080 
3 2 0 2088 
3 2 0 2090 
3 2 0 2128 
3 2 0 2092 
3 2 0 2127 
3 2 0 2095 
3 2 0 2093 
3 2 0 2094 
3 2 0 2126 
3 2 0 2100 
3 2 0 2096 
3 2 0 2099 
3 2 0 2097 
3 2 0 2098 
3 2 0 2125 
3 2 0 2101 
3 2 0 2124 
3 2 0 2104 
3 2 0 2102 
3 2 0 2103 
3 2 0 2123 
3 2 0 2105 
3 2 0 2122 
3 2 0 2106 
3 2 0 2121 
3 2 0 2107 
3 2 0 2120 
3 2 0 2108 
3 2 0 2119 
3 2 0 2109 
3 2 0 2118 
3 2 0 2110 
3 2 0 2117 
3 2 0 2111 
3 2 0 2116 
3 2 0 2112 
3 2 0 2115 
3 2 0 2113 
3 2 0 2114 
3 2 0 2130 
1 1 0 
1 1 0 
2 3 2195 2196 0 
1 1 0 
1 1 0 
2 3 2198 2199 0 
2 3 2197 2200 0 
1 1 0 
1 1 0 
2 3 2202 2203 0 
1 1 0 
1 1 0 
1 1 0 
2 3 2206 2207 0 
1 1 0 
1 1 0 
1 1 0 
2 3 2210 2211 0 
2 3 2209 2212 0 
2 3 2208 2213 0 
2 3 2205 2214 0 
2 3 2204 2215 0 
1 1 0 
2 3 2216 2217 0 
2 3 2201 2218 0 
3 2 0 2219 
3 2 0 2201 
3 2 0 2197 
3 2 0 2195 
3 2 0 2196 
3 2 0 2200 
3 2 0 2198 
3 2 0 2199 
3 2 0 2218 
3 2 0 2216 
3 2 0 2204 
3 2 0 2202 
3 2 0 2203 
3 2 0 2215 
3 2 0 2205 
3 2 0 2214 
3 2 0 2208 
3 2 0 2206 
3 2 0 2207 
3 2 0 2213 
3 2 0 2209 
3 2 0 2212 
3 2 0 2210 
3 2 0 2211 
3 2 0 2217 
1 1 0 
1 1 0 
2 3 2245 2246 0 
1 1 0 
1 1 0 
1 1 0 
1 1 0 
1 1 0 
1 1 0 
2 3 2252 2253 0 
2 3 2251 2254 0 
2 3 2250 2255 0 
2 3 2249 2256 0 
2 3 2248 2257 0 
1 1 0 
2 3 2258 2259 0 
2 3 2247 2260 0 
3 2 0 2261 
3 2 0 2247 
3 2 0 2245 
3 2 0 2246 
3 2 0 2260 
3 2 0 2258 
3 2 0 2248 
3 2 0 2257 
3 2 0 2249 
3 2 0 2256 
3 2 0 2250 
3 2 0 2255 
3 2 0 2251 
3 2 0 2254 
3 2 0 2252 
3 2 0 2253 
3 2 0 2259 
1 1 0 
1 1 0 
1 1 0 
1 1 0 
2 3 2281 2282 0 
2 3 2280 2283 0 
1 1 0 
1 1 0 
1 1 0 
2 3 2286 2287 0 
2 3 2285 2288 0 
2 3 2284 2289 0 
2 3 2279 2290 0 
1 1 0 
1 1 0 
1 1 0 
1 1 0 
1 1 0 
1 1 0 
1 1 0 
1 1 0 
1 1 0 
1 1 0 
1 1 0 
2 3 2301 2302 0 
2 3 2300 2303 0 
2 3 2299 2304 0 
2 3 2298 2305 0 
1 1 0 
1 1 0 
1 1 0 
1 1 0 
1 1 0 
2 3 2310 2311 0 
2 3 2309 2312 0 
2 3 2308 2313 0 
2 3 2307 2314 0 
2 3 2306 2315 0 
2 3 2297 2316 0 
2 3 2296 2317 0 
1 1 0 
1 1 0 
2 3 2319 2320 0 
2 3 2318 2321 0 
2 3 2295 2322 0 
1 1 0 
2 3 2323 2324 0 
2 3 2294 2325 0 
2 3 2293 2326 0 
2 3 2292 2327 0 
2 3 2291 2328 0 
3 2 0 2329 
3 2 0 2291 
3 2 0 2279 
3 2 0 2290 
3 2 0 2284 
3 2 0 2280 
3 2 0 2283 
3 2 0 2281 
3 2 0 2282 
3 2 0 2289 
3 2 0 2285 
3 2 0 2288 
3 2 0 2286 
3 2 0 2287 
3 2 0 2328 
3 2 0 2292 
3 2 0 2327 
3 2 0 2293 
3 2 0 2326 
3 2 0 2294 
3 2 0 2325 
3 2 0 2323 
3 2 0 2295 
3 2 0 2322 
3 2 0 2318 
3 2 0 2296 
3 2 0 2317 
3 2 0 2297 
3 2 0 2316 
3 2 0 2306 
3 2 0 2298 
3 2 0 2305 
3 2 0 2299 
3 2 0 2304 
3 2 0 2300 
3 2 0 2303 
3 2 0 2301 
3 2 0 2302 
3 2 0 2315 
3 2 0 2307 
3 2 0 2314 
3 2 0 2308 
3 2 0 2313 
3 2 0 2309 
3 2 0 2312 
3 2 0 2310 
3 2 0 2311 
3 2 0 2321 
3 2 0 2319 
3 2 0 2320 
3 2 0 2324 
1 1 0 
1 1 0 
1 1 0 
1 1 0 
2 3 2383 2384 0 
1 1 0 
1 1 0 
1 1 0 
1 1 0 
1 1 0 
1 1 0 
2 3 2390 2391 0 
2 3 2389 2392 0 
1 1 0 
1 1 0 
1 1 0 
1 1 0 
2 3 2396 2397 0 
2 3 2395 2398 0 
2 3 2394 2399 0 
2 3 2393 2400 0 
2 3 2388 2401 0 
2 3 2387 2402 0 
2 3 2386 2403 0 
2 3 2385 2404 0 
2 3 2382 2405 0 
2 3 2381 2406 0 
3 2 0 2407 
3 2 0 2381 
3 2 0 2406 
3 2 0 2382 
3 2 0 2405 
3 2 0 2385 
3 2 0 2383 
3 2 0 2384 
3 2 0 2404 
3 2 0 2386 
3 2 0 2403 
3 2 0 2387 
3 2 0 2402 
3 2 0 2388 
3 2 0 2401 
3 2 0 2393 
3 2 0 2389 
3 2 0 2392 
3 2 0 2390 
3 2 0 2391 
3 2 0 2400 
3 2 0 2394 
3 2 0 2399 
3 2 0 2395 
3 2 0 2398 
3 2 0 2396 
3 2 0 2397 
1 1 0 
1 1 0 
2 3 2435 2436 0 
1 1 0 
1 1 0 
2 3 2438 2439 0 
1 1 0 
1 1 0 
1 1 0 
1 1 0 
2 3 2443 2444 0 
1 1 0 
2 3 2445 2446 0 
1 1 0 
2 3 2447 2448 0 
2 3 2442 2449 0 
1 1 0 
2 3 2450 2451 0 
2 3 2441 2452 0 
1 1 0 
1 1 0 
2 3 2454 2455 0 
2 3 2453 2456 0 
2 3 2440 2457 0 
2 3 2437 2458 0 
1 1 0 
1 1 0 
1 1 0 
2 3 2461 2462 0 
2 3 2460 2463 0 
1 1 0 
2 3 2464 2465 0 
2 3 2459 2466 0 
3 2 0 2467 
3 2 0 2459 
3 2 0 2437 
3 2 0 2435 
3 2 0 2436 
3 2 0 2458 
3 2 0 2440 
3 2 0 2438 
3 2 0 2439 
3 2 0 2457 
3 2 0 2453 
3 2 0 2441 
3 2 0 2452 
3 2 0 2450 
3 2 0 2442 
3 2 0 2449 
3 2 0 2447 
3 2 0 2445 
3 2 0 2443 
3 2 0 2444 
3 2 0 2446 
3 2 0 2448 
3 2 0 2451 
3 2 0 2456 
3 2 0 2454 
3 2 0 2455 
3 2 0 2466 
3 2 0 2464 
3 2 0 2460 
3 2 0 2463 
3 2 0 2461 
3 2 0 2462 
3 2 0 2465 
1 1 0 
1 1 0 
1 1 0 
1 1 0 
2 3 2503 2504 0 
1 1 0 
2 3 2505 2506 0 
1 1 0 
1 1 0 
1 1 0 
2 3 2509 2510 0 
1 1 0 
1 1 0 
2 3 2512 2513 0 
2 3 2511 2514 0 
2 3 2508 2515 0 
2 3 2507 2516 0 
2 3 2502 2517 0 
1 1 0 
2 3 2518 2519 0 
2 3 2501 2520 0 
3 2 0 2521 
3 2 0 2501 
3 2 0 2520 
3 2 0 2518 
3 2 0 2502 
3 2 0 2517 
3 2 0 2507 
3 2 0 2505 
3 2 0 2503 
3 2 0 2504 
3 2 0 2506 
3 2 0 2516 
3 2 0 2508 
3 2 0 2515 
3 2 0 2511 
3 2 0 2509 
3 2 0 2510 
3 2 0 2514 
3 2 0 2512 
3 2 0 2513 
3 2 0 2519 
1 1 0 
1 1 0 
1 1 0 
1 1 0 
2 3 2545 2546 0 
2 3 2544 2547 0 
2 3 2543 2548 0 
1 1 0 
2 3 2549 2550 0 
1 1 0 
2 3 2551 2552 0 
1 1 0 
1 1 0 
1 1 0 
2 3 2555 2556 0 
2 3 2554 2557 0 
1 1 0 
2 3 2558 2559 0 
1 1 0 
2 3 2560 2561 0 
1 1 0 
1 1 0 
2 3 2563 2564 0 
1 1 0 
1 1 0 
1 1 0 
1 1 0 
2 3 2568 2569 0 
1 1 0 
1 1 0 
1 1 0 
1 1 0 
2 3 2573 2574 0 
1 1 0 
1 1 0 
2 3 2576 2577 0 
2 3 2575 2578 0 
2 3 2572 2579 0 
2 3 2571 2580 0 
2 3 2570 2581 0 
2 3 2567 2582 0 
2 3 2566 2583 0 
2 3 2565 2584 0 
2 3 2562 2585 0 
2 3 2553 2586 0 
1 1 0 
2 3 2587 2588 0 
1 1 0 
2 3 2589 2590 0 
1 1 0 
1 1 0 
1 1 0 
2 3 2593 2594 0 
2 3 2592 2595 0 
2 3 2591 2596 0 
1 1 0 
1 1 0 
1 1 0 
1 1 0 
1 1 0 
2 3 2601 2602 0 
2 3 2600 2603 0 
2 3 2599 2604 0 
2 3 2598 2605 0 
1 1 0 
2 3 2606 2607 0 
2 3 2597 2608 0 
1 1 0 
2 3 2609 2610 0 
3 2 0 2611 
3 2 0 2609 
3 2 0 2597 
3 2 0 2591 
3 2 0 2589 
3 2 0 2587 
3 2 0 2553 
3 2 0 2551 
3 2 0 2549 
3 2 0 2543 
3 2 0 2548 
3 2 0 2544 
3 2 0 2547 
3 2 0 2545 
3 2 0 2546 
3 2 0 2550 
3 2 0 2552 
3 2 0 2586 
3 2 0 2562 
3 2 0 2560 
3 2 0 2558 
3 2 0 2554 
3 2 0 2557 
3 2 0 2555 
3 2 0 2556 
3 2 0 2559 
3 2 0 2561 
3 2 0 2585 
3 2 0 2565 
3 2 0 2563 
3 2 0 2564 
3 2 0 2584 
3 2 0 2566 
3 2 0 2583 
3 2 0 2567 
3 2 0 2582 
3 2 0 2570 
3 2 0 2568 
3 2 0 2569 
3 2 0 2581 
3 2 0 2571 
3 2 0 2580 
3 2 0 2572 
3 2 0 2579 
3 2 0 2575 
3 2 0 2573 
3 2 0 2574 
3 2 0 2578 
3 2 0 2576 
3 2 0 2577 
3 2 0 2588 
3 2 0 2590 
3 2 0 2596 
3 2 0 2592 
3 2 0 2595 
3 2 0 2593 
3 2 0 2594 
3 2 0 2608 
3 2 0 2606 
3 2 0 2598 
3 2 0 2605 
3 2 0 2599 
3 2 0 2604 
3 2 0 2600 
3 2 0 2603 
3 2 0 2601 
3 2 0 2602 
3 2 0 2607 
3 2 0 2610 
1 1 0 
1 1 0 
2 3 2681 2682 0 
1 1 0 
1 1 0 
1 1 0 
1 1 0 
1 1 0 
1 1 0 
2 3 2688 2689 0 
2 3 2687 2690 0 
1 1 0 
1 1 0 
2 3 2692 2693 0 
1 1 0 
1 1 0 
2 3 2695 2696 0 
2 3 2694 2697 0 
2 3 2691 2698 0 
2 3 2686 2699 0 
2 3 2685 2700 0 
2 3 2684 2701 0 
2 3 2683 2702 0 
1 1 0 
2 3 2703 2704 0 
1 1 0 
2 3 2705 2706 0 
1 1 0 
1 1 0 
2 3 2708 2709 0 
1 1 0 
1 1 0 
2 3 2711 2712 0 
2 3 2710 2713 0 
2 3 2707 2714 0 
1 1 0 
2 3 2715 2716 0 
3 2 0 2717 
3 2 0 2715 
3 2 0 2707 
3 2 0 2705 
3 2 0 2703 
3 2 0 2683 
3 2 0 2681 
3 2 0 2682 
3 2 0 2702 
3 2 0 2684 
3 2 0 2701 
3 2 0 2685 
3 2 0 2700 
3 2 0 2686 
3 2 0 2699 
3 2 0 2691 
3 2 0 2687 
3 2 0 2690 
3 2 0 2688 
3 2 0 2689 
3 2 0 2698 
3 2 0 2694 
3 2 0 2692 
3 2 0 2693 
3 2 0 2697 
3 2 0 2695 
3 2 0 2696 
3 2 0 2704 
3 2 0 2706 
3 2 0 2714 
3 2 0 2710 
3 2 0 2708 
3 2 0 2709 
3 2 0 2713 
3 2 0 2711 
3 2 0 2712 
3 2 0 2716 
1 1 0 
1 1 0 
1 1 0 
2 3 2756 2757 0 
2 3 2755 2758 0 
1 1 0 
1 1 0 
1 1 0 
2 3 2761 2762 0 
1 1 0 
2 3 2763 2764 0 
1 1 0 
1 1 0 
2 3 2766 2767 0 
2 3 2765 2768 0 
2 3 2760 2769 0 
2 3 2759 2770 0 
1 1 0 
2 3 2771 2772 0 
1 1 0 
1 1 0 
1 1 0 
1 1 0 
2 3 2776 2777 0 
2 3 2775 2778 0 
2 3 2774 2779 0 
2 3 2773 2780 0 
1 1 0 
1 1 0 
1 1 0 
2 3 2783 2784 0 
1 1 0 
2 3 2785 2786 0 
2 3 2782 2787 0 
2 3 2781 2788 0 
1 1 0 
2 3 2789 2790 0 
3 2 0 2791 
3 2 0 2789 
3 2 0 2781 
3 2 0 2773 
3 2 0 2771 
3 2 0 2759 
3 2 0 2755 
3 2 0 2758 
3 2 0 2756 
3 2 0 2757 
3 2 0 2770 
3 2 0 2760 
3 2 0 2769 
3 2 0 2765 
3 2 0 2763 
3 2 0 2761 
3 2 0 2762 
3 2 0 2764 
3 2 0 2768 
3 2 0 2766 
3 2 0 2767 
3 2 0 2772 
3 2 0 2780 
3 2 0 2774 
3 2 0 2779 
3 2 0 2775 
3 2 0 2778 
3 2 0 2776 
3 2 0 2777 
3 2 0 2788 
3 2 0 2782 
3 2 0 2787 
3 2 0 2785 
3 2 0 2783 
3 2 0 2784 
3 2 0 2786 
3 2 0 2790 
1 1 0 
1 1 0 
1 1 0 
1 1 0 
2 3 2831 2832 0 
2 3 2830 2833 0 
1 1 0 
1 1 0 
2 3 2835 2836 0 
2 3 2834 2837 0 
2 3 2829 2838 0 
1 1 0 
1 1 0 
2 3 2840 2841 0 
1 1 0 
1 1 0 
1 1 0 
2 3 2844 2845 0 
2 3 2843 2846 0 
1 1 0 
1 1 0 
1 1 0 
1 1 0 
1 1 0 
1 1 0 
1 1 0 
2 3 2853 2854 0 
2 3 2852 2855 0 
2 3 2851 2856 0 
2 3 2850 2857 0 
2 3 2849 2858 0 
2 3 2848 2859 0 
1 1 0 
2 3 2860 2861 0 
1 1 0 
1 1 0 
1 1 0 
2 3 2864 2865 0 
1 1 0 
1 1 0 
1 1 0 
2 3 2868 2869 0 
1 1 0 
1 1 0 
2 3 2871 2872 0 
2 3 2870 2873 0 
2 3 2867 2874 0 
2 3 2866 2875 0 
2 3 2863 2876 0 
2 3 2862 2877 0 
2 3 2847 2878 0 
2 3 2842 2879 0 
1 1 0 
2 3 2880 2881 0 
2 3 2839 2882 0 
3 2 0 2883 
3 2 0 2839 
3 2 0 2829 
3 2 0 2838 
3 2 0 2834 
3 2 0 2830 
3 2 0 2833 
3 2 0 2831 
3 2 0 2832 
3 2 0 2837 
3 2 0 2835 
3 2 0 2836 
3 2 0 2882 
3 2 0 2880 
3 2 0 2842 
3 2 0 2840 
3 2 0 2841 
3 2 0 2879 
3 2 0 2847 
3 2 0 2843 
3 2 0 2846 
3 2 0 2844 
3 2 0 2845 
3 2 0 2878 
3 2 0 2862 
3 2 0 2860 
3 2 0 2848 
3 2 0 2859 
3 2 0 2849 
3 2 0 2858 
3 2 0 2850 
3 2 0 2857 
3 2 0 2851 
3 2 0 2856 
3 2 0 2852 
3 2 0 2855 
3 2 0 2853 
3 2 0 2854 
3 2 0 2861 
3 2 0 2877 
3 2 0 2863 
3 2 0 2876 
3 2 0 2866 
3 2 0 2864 
3 2 0 2865 
3 2 0 2875 
3 2 0 2867 
3 2 0 2874 
3 2 0 2870 
3 2 0 2868 
3 2 0 2869 
3 2 0 2873 
3 2 0 2871 
3 2 0 2872 
3 2 0 2881 
1 1 0 
1 1 0 
1 1 0 
1 1 0 
1 1 0 
2 3 2942 2943 0 
2 3 2941 2944 0 
2 3 2940 2945 0 
2 3 2939 2946 0 
1 1 0 
1 1 0 
1 1 0 
1 1 0 
1 1 0 
2 3 2951 2952 0 
2 3 2950 2953 0 
2 3 2949 2954 0 
2 3 2948 2955 0 
2 3 2947 2956 0 
1 1 0 
1 1 0 
1 1 0 
1 1 0 
2 3 2960 2961 0 
1 1 0 
2 3 2962 2963 0 
1 1 0 
1 1 0 
2 3 2965 2966 0 
2 3 2964 2967 0 
1 1 0 
2 3 2968 2969 0 
2 3 2959 2970 0 
2 3 2958 2971 0 
2 3 2957 2972 0 
3 2 0 2973 
3 2 0 2957 
3 2 0 2947 
3 2 0 2939 
3 2 0 2946 
3 2 0 2940 
3 2 0 2945 
3 2 0 2941 
3 2 0 2944 
3 2 0 2942 
3 2 0 2943 
3 2 0 2956 
3 2 0 2948 
3 2 0 2955 
3 2 0 2949 
3 2 0 2954 
3 2 0 2950 
3 2 0 2953 
3 2 0 2951 
3 2 0 2952 
3 2 0 2972 
3 2 0 2958 
3 2 0 2971 
3 2 0 2959 
3 2 0 2970 
3 2 0 2968 
3 2 0 2964 
3 2 0 2962 
3 2 0 2960 
3 2 0 2961 
3 2 0 2963 
3 2 0 2967 
3 2 0 2965 
3 2 0 2966 
3 2 0 2969 
1 1 0 
1 1 0 
2 3 3009 3010 0 
1 1 0 
1 1 0 
1 1 0 
2 3 3013 3014 0 
1 1 0 
1 1 0 
1 1 0 
2 3 3017 3018 0 
2 3 3016 3019 0 
1 1 0 
1 1 0 
1 1 0 
1 1 0 
2 3 3023 3024 0 
2 3 3022 3025 0 
1 1 0 
1 1 0 
1 1 0 
2 3 3028 3029 0 
2 3 3027 3030 0 
1 1 0 
1 1 0 
2 3 3032 3033 0 
2 3 3031 3034 0 
2 3 3026 3035 0 
2 3 3021 3036 0 
2 3 3020 3037 0 
2 3 3015 3038 0 
2 3 3012 3039 0 
1 1 0 
2 3 3040 3041 0 
2 3 3011 3042 0 
3 2 0 3043 
3 2 0 3011 
3 2 0 3009 
3 2 0 3010 
3 2 0 3042 
3 2 0 3040 
3 2 0 3012 
3 2 0 3039 
3 2 0 3015 
3 2 0 3013 
3 2 0 3014 
3 2 0 3038 
3 2 0 3020 
3 2 0 3016 
3 2 0 3019 
3 2 0 3017 
3 2 0 3018 
3 2 0 3037 
3 2 0 3021 
3 2 0 3036 
3 2 0 3026 
3 2 0 3022 
3 2 0 3025 
3 2 0 3023 
3 2 0 3024 
3 2 0 3035 
3 2 0 3031 
3 2 0 3027 
3 2 0 3030 
3 2 0 3028 
3 2 0 3029 
3 2 0 3034 
3 2 0 3032 
3 2 0 3033 
3 2 0 3041 
1 1 0 
1 1 0 
1 1 0 
1 1 0 
2 3 3081 3082 0 
2 3 3080 3083 0 
2 3 3079 3084 0 
1 1 0 
1 1 0 
1 1 0 
2 3 3087 3088 0 
1 1 0 
2 3 3089 3090 0 
1 1 0 
2 3 3091 3092 0 
1 1 0 
2 3 3093 3094 0 
2 3 3086 3095 0 
2 3 3085 3096 0 
1 1 0 
1 1 0 
1 1 0 
2 3 3099 3100 0 
1 1 0 
1 1 0 
1 1 0 
1 1 0 
2 3 3104 3105 0 
2 3 3103 3106 0 
1 1 0 
2 3 3107 3108 0 
1 1 0 
1 1 0 
1 1 0 
1 1 0 
1 1 0 
1 1 0 
1 1 0 
2 3 3115 3116 0 
2 3 3114 3117 0 
1 1 0 
1 1 0 
1 1 0 
2 3 3120 3121 0 
2 3 3119 3122 0 
2 3 3118 3123 0 
1 1 0 
1 1 0 
2 3 3125 3126 0 
1 1 0 
1 1 0 
1 1 0 
2 3 3129 3130 0 
2 3 3128 3131 0 
2 3 3127 3132 0 
1 1 0 
1 1 0 
1 1 0 
1 1 0 
2 3 3136 3137 0 
2 3 3135 3138 0 
1 1 0 
1 1 0 
1 1 0 
1 1 0 
2 3 3142 3143 0 
2 3 3141 3144 0 
2 3 3140 3145 0 
2 3 3139 3146 0 
2 3 3134 3147 0 
2 3 3133 3148 0 
2 3 3124 3149 0 
2 3 3113 3150 0 
2 3 3112 3151 0 
2 3 3111 3152 0 
2 3 3110 3153 0 
2 3 3109 3154 0 
2 3 3102 3155 0 
1 1 0 
2 3 3156 3157 0 
2 3 3101 3158 0 
2 3 3098 3159 0 
2 3 3097 3160 0 
3 2 0 3161 
3 2 0 3097 
3 2 0 3085 
3 2 0 3079 
3 2 0 3084 
3 2 0 3080 
3 2 0 3083 
3 2 0 3081 
3 2 0 3082 
3 2 0 3096 
3 2 0 3086 
3 2 0 3095 
3 2 0 3093 
3 2 0 3091 
3 2 0 3089 
3 2 0 3087 
3 2 0 3088 
3 2 0 3090 
3 2 0 3092 
3 2 0 3094 
3 2 0 3160 
3 2 0 3098 
3 2 0 3159 
3 2 0 3101 
3 2 0 3099 
3 2 0 3100 
3 2 0 3158 
3 2 0 3156 
3 2 0 3102 
3 2 0 3155 
3 2 0 3109 
3 2 0 3107 
3 2 0 3103 
3 2 0 3106 
3 2 0 3104 
3 2 0 3105 
3 2 0 3108 
3 2 0 3154 
3 2 0 3110 
3 2 0 3153 
3 2 0 3111 
3 2 0 3152 
3 2 0 3112 
3 2 0 3151 
3 2 0 3113 
3 2 0 3150 
3 2 0 3124 
3 2 0 3118 
3 2 0 3114 
3 2 0 3117 
3 2 0 3115 
3 2 0 3116 
3 2 0 3123 
3 2 0 3119 
3 2 0 3122 
3 2 0 3120 
3 2 0 3121 
3 2 0 3149 
3 2 0 3133 
3 2 0 3127 
3 2 0 3125 
3 2 0 3126 
3 2 0 3132 
3 2 0 3128 
3 2 0 3131 
3 2 0 3129 
3 2 0 3130 
3 2 0 3148 
3 2 0 3134 
3 2 0 3147 
3 2 0 3139 
3 2 0 3135 
3 2 0 3138 
3 2 0 3136 
3 2 0 3137 
3 2 0 3146 
3 2 0 3140 
3 2 0 3145 
3 2 0 3141 
3 2 0 3144 
3 2 0 3142 
3 2 0 3143 
3 2 0 3157 
1 1 0 
1 1 0 
1 1 0 
2 3 3246 3247 0 
2 3 3245 3248 0 
1 1 0 
2 3 3249 3250 0 
1 1 0 
1 1 0 
1 1 0 
1 1 0 
1 1 0 
1 1 0 
2 3 3256 3257 0 
1 1 0 
2 3 3258 3259 0 
1 1 0 
1 1 0 
1 1 0 
2 3 3262 3263 0 
2 3 3261 3264 0 
2 3 3260 3265 0 
2 3 3255 3266 0 
2 3 3254 3267 0 
2 3 3253 3268 0 
2 3 3252 3269 0 
2 3 3251 3270 0 
1 1 0 
2 3 3271 3272 0 
1 1 0 
1 1 0 
1 1 0 
1 1 0 
1 1 0 
2 3 3277 3278 0 
1 1 0 
1 1 0 
1 1 0 
1 1 0 
1 1 0 
2 3 3283 3284 0 
2 3 3282 3285 0 
1 1 0 
1 1 0 
1 1 0 
1 1 0 
2 3 3289 3290 0 
2 3 3288 3291 0 
2 3 3287 3292 0 
1 1 0 
2 3 3293 3294 0 
2 3 3286 3295 0 
2 3 3281 3296 0 
2 3 3280 3297 0 
2 3 3279 3298 0 
2 3 3276 3299 0 
2 3 3275 3300 0 
2 3 3274 3301 0 
1 1 0 
2 3 3302 3303 0 
2 3 3273 3304 0 
3 2 0 3305 
3 2 0 3273 
3 2 0 3271 
3 2 0 3251 
3 2 0 3249 
3 2 0 3245 
3 2 0 3248 
3 2 0 3246 
3 2 0 3247 
3 2 0 3250 
3 2 0 3270 
3 2 0 3252 
3 2 0 3269 
3 2 0 3253 
3 2 0 3268 
3 2 0 3254 
3 2 0 3267 
3 2 0 3255 
3 2 0 3266 
3 2 0 3260 
3 2 0 3258 
3 2 0 3256 
3 2 0 3257 
3 2 0 3259 
3 2 0 3265 
3 2 0 3261 
3 2 0 3264 
3 2 0 3262 
3 2 0 3263 
3 2 0 3272 
3 2 0 3304 
3 2 0 3302 
3 2 0 3274 
3 2 0 3301 
3 2 0 3275 
3 2 0 3300 
3 2 0 3276 
3 2 0 3299 
3 2 0 3279 
3 2 0 3277 
3 2 0 3278 
3 2 0 3298 
3 2 0 3280 
3 2 0 3297 
3 2 0 3281 
3 2 0 3296 
3 2 0 3286 
3 2 0 3282 
3 2 0 3285 
3 2 0 3283 
3 2 0 3284 
3 2 0 3295 
3 2 0 3293 
3 2 0 3287 
3 2 0 3292 
3 2 0 3288 
3 2 0 3291 
3 2 0 3289 
3 2 0 3290 
3 2 0 3294 
3 2 0 3303 
1 1 0 
1 1 0 
2 3 3367 3368 0 
1 1 0 
1 1 0 
1 1 0 
1 1 0 
2 3 3372 3373 0 
2 3 3371 3374 0 
2 3 3370 3375 0 
2 3 3369 3376 0 
1 1 0 
2 3 3377 3378 0 
3 2 0 3379 
3 2 0 3377 
3 2 0 3369 
3 2 0 3367 
3 2 0 3368 
3 2 0 3376 
3 2 0 3370 
3 2 0 3375 
3 2 0 3371 
3 2 0 3374 
3 2 0 3372 
3 2 0 3373 
3 2 0 3378 
1 1 0 
1 1 0 
1 1 0 
1 1 0 
1 1 0 
1 1 0 
1 1 0 
1 1 0 
1 1 0 
1 1 0 
2 3 3401 3402 0 
2 3 3400 3403 0 
1 1 0 
1 1 0 
1 1 0 
2 3 3406 3407 0 
1 1 0 
2 3 3408 3409 0 
2 3 3405 3410 0 
2 3 3404 3411 0 
1 1 0 
1 1 0 
1 1 0 
2 3 3414 3415 0 
1 1 0 
2 3 3416 3417 0 
2 3 3413 3418 0 
2 3 3412 3419 0 
2 3 3399 3420 0 
2 3 3398 3421 0 
2 3 3397 3422 0 
2 3 3396 3423 0 
2 3 3395 3424 0 
2 3 3394 3425 0 
1 1 0 
2 3 3426 3427 0 
2 3 3393 3428 0 
3 2 0 3429 
3 2 0 3393 
3 2 0 3428 
3 2 0 3426 
3 2 0 3394 
3 2 0 3425 
3 2 0 3395 
3 2 0 3424 
3 2 0 3396 
3 2 0 3423 
3 2 0 3397 
3 2 0 3422 
3 2 0 3398 
3 2 0 3421 
3 2 0 3399 
3 2 0 3420 
3 2 0 3412 
3 2 0 3404 
3 2 0 3400 
3 2 0 3403 
3 2 0 3401 
3 2 0 3402 
3 2 0 3411 
3 2 0 3405 
3 2 0 3410 
3 2 0 3408 
3 2 0 3406 
3 2 0 3407 
3 2 0 3409 
3 2 0 3419 
3 2 0 3413 
3 2 0 3418 
3 2 0 3416 
3 2 0 3414 
3 2 0 3415 
3 2 0 3417 
3 2 0 3427 
1 1 0 
1 1 0 
2 3 3467 3468 0 
1 1 0 
1 1 0 
2 3 3470 3471 0 
2 3 3469 3472 0 
1 1 0 
1 1 0 
1 1 0 
2 3 3475 3476 0 
2 3 3474 3477 0 
2 3 3473 3478 0 
1 1 0 
1 1 0 
1 1 0 
1 1 0 
2 3 3482 3483 0 
1 1 0 
1 1 0 
1 1 0 
1 1 0 
2 3 3487 3488 0 
2 3 3486 3489 0 
2 3 3485 3490 0 
2 3 3484 3491 0 
2 3 3481 3492 0 
2 3 3480 3493 0 
1 1 0 
2 3 3494 3495 0 
2 3 3479 3496 0 
3 2 0 3497 
3 2 0 3479 
3 2 0 3473 
3 2 0 3469 
3 2 0 3467 
3 2 0 3468 
3 2 0 3472 
3 2 0 3470 
3 2 0 3471 
3 2 0 3478 
3 2 0 3474 
3 2 0 3477 
3 2 0 3475 
3 2 0 3476 
3 2 0 3496 
3 2 0 3494 
3 2 0 3480 
3 2 0 3493 
3 2 0 3481 
3 2 0 3492 
3 2 0 3484 
3 2 0 3482 
3 2 0 3483 
3 2 0 3491 
3 2 0 3485 
3 2 0 3490 
3 2 0 3486 
3 2 0 3489 
3 2 0 3487 
3 2 0 3488 
3 2 0 3495 
1 1 0 
1 1 0 
1 1 0 
2 3 3530 3531 0 
1 1 0 
1 1 0 
1 1 0 
1 1 0 
2 3 3535 3536 0 
1 1 0 
1 1 0 
1 1 0 
1 1 0 
1 1 0 
2 3 3541 3542 0 
2 3 3540 3543 0 
2 3 3539 3544 0 
2 3 3538 3545 0 
2 3 3537 3546 0 
2 3 3534 3547 0 
2 3 3533 3548 0 
1 1 0 
2 3 3549 3550 0 
2 3 3532 3551 0 
2 3 3529 3552 0 
3 2 0 3553 
3 2 0 3529 
3 2 0 3552 
3 2 0 3532 
3 2 0 3530 
3 2 0 3531 
3 2 0 3551 
3 2 0 3549 
3 2 0 3533 
3 2 0 3548 
3 2 0 3534 
3 2 0 3547 
3 2 0 3537 
3 2 0 3535 
3 2 0 3536 
3 2 0 3546 
3 2 0 3538 
3 2 0 3545 
3 2 0 3539 
3 2 0 3544 
3 2 0 3540 
3 2 0 3543 
3 2 0 3541 
3 2 0 3542 
3 2 0 3550 
1 1 0 
1 1 0 
2 3 3579 3580 0 
1 1 0 
1 1 0 
1 1 0 
1 1 0 
1 1 0 
2 3 3585 3586 0 
1 1 0 
1 1 0 
1 1 0 
2 3 3589 3590 0 
2 3 3588 3591 0 
2 3 3587 3592 0 
2 3 3584 3593 0 
2 3 3583 3594 0 
2 3 3582 3595 0 
1 1 0 
2 3 3596 3597 0 
2 3 3581 3598 0 
3 2 0 3599 
3 2 0 3581 
3 2 0 3579 
3 2 0 3580 
3 2 0 3598 
3 2 0 3596 
3 2 0 3582 
3 2 0 3595 
3 2 0 3583 
3 2 0 3594 
3 2 0 3584 
3 2 0 3593 
3 2 0 3587 
3 2 0 3585 
3 2 0 3586 
3 2 0 3592 
3 2 0 3588 
3 2 0 3591 
3 2 0 3589 
3 2 0 3590 
3 2 0 3597 
1 1 0 
1 1 0 
2 3 3621 3622 0 
1 1 0 
1 1 0 
1 1 0 
1 1 0 
1 1 0 
1 1 0 
2 3 3628 3629 0 
1 1 0 
2 3 3630 3631 0 
2 3 3627 3632 0 
2 3 3626 3633 0 
2 3 3625 3634 0 
2 3 3624 3635 0 
2 3 3623 3636 0 
1 1 0 
1 1 0 
1 1 0 
1 1 0 
2 3 3640 3641 0 
1 1 0 
1 1 0 
1 1 0 
1 1 0 
2 3 3645 3646 0 
2 3 3644 3647 0 
2 3 3643 3648 0 
2 3 3642 3649 0 
2 3 3639 3650 0 
2 3 3638 3651 0 
1 1 0 
2 3 3652 3653 0 
2 3 3637 3654 0 
3 2 0 3655 
3 2 0 3637 
3 2 0 3623 
3 2 0 3621 
3 2 0 3622 
3 2 0 3636 
3 2 0 3624 
3 2 0 3635 
3 2 0 3625 
3 2 0 3634 
3 2 0 3626 
3 2 0 3633 
3 2 0 3627 
3 2 0 3632 
3 2 0 3630 
3 2 0 3628 
3 2 0 3629 
3 2 0 3631 
3 2 0 3654 
3 2 0 3652 
3 2 0 3638 
3 2 0 3651 
3 2 0 3639 
3 2 0 3650 
3 2 0 3642 
3 2 0 3640 
3 2 0 3641 
3 2 0 3649 
3 2 0 3643 
3 2 0 3648 
3 2 0 3644 
3 2 0 3647 
3 2 0 3645 
3 2 0 3646 
3 2 0 3653 
1 1 0 
1 1 0 
1 1 0 
2 3 3692 3693 0 
1 1 0 
1 1 0 
2 3 3695 3696 0 
1 1 0 
1 1 0 
2 3 3698 3699 0 
2 3 3697 3700 0 
1 1 0 
1 1 0 
1 1 0 
1 1 0 
1 1 0 
2 3 3705 3706 0 
2 3 3704 3707 0 
1 1 0 
1 1 0 
1 1 0 
1 1 0 
2 3 3711 3712 0 
1 1 0 
2 3 3713 3714 0 
1 1 0 
2 3 3715 3716 0 
2 3 3710 3717 0 
2 3 3709 3718 0 
2 3 3708 3719 0 
2 3 3703 3720 0 
2 3 3702 3721 0 
2 3 3701 3722 0 
1 1 0 
2 3 3723 3724 0 
1 1 0 
2 3 3725 3726 0 
2 3 3694 3727 0 
2 3 3691 3728 0 
3 2 0 3729 
3 2 0 3691 
3 2 0 3728 
3 2 0 3694 
3 2 0 3692 
3 2 0 3693 
3 2 0 3727 
3 2 0 3725 
3 2 0 3723 
3 2 0 3701 
3 2 0 3697 
3 2 0 3695 
3 2 0 3696 
3 2 0 3700 
3 2 0 3698 
3 2 0 3699 
3 2 0 3722 
3 2 0 3702 
3 2 0 3721 
3 2 0 3703 
3 2 0 3720 
3 2 0 3708 
3 2 0 3704 
3 2 0 3707 
3 2 0 3705 
3 2 0 3706 
3 2 0 3719 
3 2 0 3709 
3 2 0 3718 
3 2 0 3710 
3 2 0 3717 
3 2 0 3715 
3 2 0 3713 
3 2 0 3711 
3 2 0 3712 
3 2 0 3714 
3 2 0 3716 
3 2 0 3724 
3 2 0 3726 
1 1 0 
1 1 0 
1 1 0 
1 1 0 
1 1 0 
1 1 0 
1 1 0 
1 1 0 
1 1 0 
1 1 0 
1 1 0 
1 1 0 
1 1 0 
2 3 3780 3781 0 
2 3 3779 3782 0 
1 1 0 
1 1 0 
1 1 0 
1 1 0 
1 1 0 
2 3 3787 3788 0 
2 3 3786 3789 0 
1 1 0 
2 3 3790 3791 0 
2 3 3785 3792 0 
1 1 0 
2 3 3793 3794 0 
1 1 0 
2 3 3795 3796 0 
2 3 3784 3797 0 
2 3 3783 3798 0 
2 3 3778 3799 0 
2 3 3777 3800 0 
2 3 3776 3801 0 
2 3 3775 3802 0 
2 3 3774 3803 0 
2 3 3773 3804 0 
2 3 3772 3805 0 
2 3 3771 3806 0 
2 3 3770 3807 0 
1 1 0 
2 3 3808 3809 0 
1 1 0 
2 3 3810 3811 0 
1 1 0 
2 3 3812 3813 0 
2 3 3769 3814 0 
3 2 0 3815 
3 2 0 3769 
3 2 0 3814 
3 2 0 3812 
3 2 0 3810 
3 2 0 3808 
3 2 0 3770 
3 2 0 3807 
3 2 0 3771 
3 2 0 3806 
3 2 0 3772 
3 2 0 3805 
3 2 0 3773 
3 2 0 3804 
3 2 0 3774 
3 2 0 3803 
3 2 0 3775 
3 2 0 3802 
3 2 0 3776 
3 2 0 3801 
3 2 0 3777 
3 2 0 3800 
3 2 0 3778 
3 2 0 3799 
3 2 0 3783 
3 2 0 3779 
3 2 0 3782 
3 2 0 3780 
3 2 0 3781 
3 2 0 3798 
3 2 0 3784 
3 2 0 3797 
3 2 0 3795 
3 2 0 3793 
3 2 0 3785 
3 2 0 3792 
3 2 0 3790 
3 2 0 3786 
3 2 0 3789 
3 2 0 3787 
3 2 0 3788 
3 2 0 3791 
3 2 0 3794 
3 2 0 3796 
3 2 0 3809 
3 2 0 3811 
3 2 0 3813 
1 1 0 
1 1 0 
2 3 3863 3864 0 
1 1 0 
1 1 0 
1 1 0 
2 3 3867 3868 0 
2 3 3866 3869 0 
1 1 0 
1 1 0 
2 3 3871 3872 0 
2 3 3870 3873 0 
2 3 3865 3874 0 
1 1 0 
2 3 3875 3876 0 
1 1 0 
1 1 0 
1 1 0 
1 1 0 
2 3 3880 3881 0 
1 1 0 
2 3 3882 3883 0 
2 3 3879 3884 0 
1 1 0 
1 1 0 
1 1 0 
2 3 3887 3888 0 
1 1 0 
1 1 0 
1 1 0 
2 3 3891 3892 0 
2 3 3890 3893 0 
2 3 3889 3894 0 
2 3 3886 3895 0 
2 3 3885 3896 0 
2 3 3878 3897 0 
2 3 3877 3898 0 
1 1 0 
2 3 3899 3900 0 
1 1 0 
2 3 3901 3902 0 
1 1 0 
1 1 0 
2 3 3904 3905 0 
1 1 0 
2 3 3906 3907 0 
1 1 0 
1 1 0 
1 1 0 
2 3 3910 3911 0 
2 3 3909 3912 0 
1 1 0 
2 3 3913 3914 0 
2 3 3908 3915 0 
1 1 0 
2 3 3916 3917 0 
1 1 0 
1 1 0 
1 1 0 
2 3 3920 3921 0 
2 3 3919 3922 0 
2 3 3918 3923 0 
2 3 3903 3924 0 
1 1 0 
2 3 3925 3926 0 
3 2 0 3927 
3 2 0 3925 
3 2 0 3903 
3 2 0 3901 
3 2 0 3899 
3 2 0 3877 
3 2 0 3875 
3 2 0 3865 
3 2 0 3863 
3 2 0 3864 
3 2 0 3874 
3 2 0 3870 
3 2 0 3866 
3 2 0 3869 
3 2 0 3867 
3 2 0 3868 
3 2 0 3873 
3 2 0 3871 
3 2 0 3872 
3 2 0 3876 
3 2 0 3898 
3 2 0 3878 
3 2 0 3897 
3 2 0 3885 
3 2 0 3879 
3 2 0 3884 
3 2 0 3882 
3 2 0 3880 
3 2 0 3881 
3 2 0 3883 
3 2 0 3896 
3 2 0 3886 
3 2 0 3895 
3 2 0 3889 
3 2 0 3887 
3 2 0 3888 
3 2 0 3894 
3 2 0 3890 
3 2 0 3893 
3 2 0 3891 
3 2 0 3892 
3 2 0 3900 
3 2 0 3902 
3 2 0 3924 
3 2 0 3918 
3 2 0 3916 
3 2 0 3908 
3 2 0 3906 
3 2 0 3904 
3 2 0 3905 
3 2 0 3907 
3 2 0 3915 
3 2 0 3913 
3 2 0 3909 
3 2 0 3912 
3 2 0 3910 
3 2 0 3911 
3 2 0 3914 
3 2 0 3917 
3 2 0 3923 
3 2 0 3919 
3 2 0 3922 
3 2 0 3920 
3 2 0 3921 
3 2 0 3926 
1 1 0 
1 1 0 
2 3 3993 3994 0 
1 1 0 
1 1 0 
2 3 3996 3997 0 
2 3 3995 3998 0 
1 1 0 
1 1 0 
1 1 0 
1 1 0 
2 3 4002 4003 0 
2 3 4001 4004 0 
1 1 0 
1 1 0 
1 1 0 
2 3 4007 4008 0 
1 1 0 
1 1 0 
1 1 0 
2 3 4011 4012 0 
1 1 0 
1 1 0 
1 1 0 
1 1 0 
1 1 0 
1 1 0 
2 3 4018 4019 0 
2 3 4017 4020 0 
2 3 4016 4021 0 
2 3 4015 4022 0 
1 1 0 
1 1 0 
1 1 0 
1 1 0 
1 1 0 
1 1 0 
2 3 4028 4029 0 
2 3 4027 4030 0 
2 3 4026 4031 0 
2 3 4025 4032 0 
2 3 4024 4033 0 
2 3 4023 4034 0 
2 3 4014 4035 0 
2 3 4013 4036 0 
2 3 4010 4037 0 
2 3 4009 4038 0 
2 3 4006 4039 0 
2 3 4005 4040 0 
2 3 4000 4041 0 
1 1 0 
2 3 4042 4043 0 
2 3 3999 4044 0 
3 2 0 4045 
3 2 0 3999 
3 2 0 3995 
3 2 0 3993 
3 2 0 3994 
3 2 0 3998 
3 2 0 3996 
3 2 0 3997 
3 2 0 4044 
3 2 0 4042 
3 2 0 4000 
3 2 0 4041 
3 2 0 4005 
3 2 0 4001 
3 2 0 4004 
3 2 0 4002 
3 2 0 4003 
3 2 0 4040 
3 2 0 4006 
3 2 0 4039 
3 2 0 4009 
3 2 0 4007 
3 2 0 4008 
3 2 0 4038 
3 2 0 4010 
3 2 0 4037 
3 2 0 4013 
3 2 0 4011 
3 2 0 4012 
3 2 0 4036 
3 2 0 4014 
3 2 0 4035 
3 2 0 4023 
3 2 0 4015 
3 2 0 4022 
3 2 0 4016 
3 2 0 4021 
3 2 0 4017 
3 2 0 4020 
3 2 0 4018 
3 2 0 4019 
3 2 0 4034 
3 2 0 4024 
3 2 0 4033 
3 2 0 4025 
3 2 0 4032 
3 2 0 4026 
3 2 0 4031 
3 2 0 4027 
3 2 0 4030 
3 2 0 4028 
3 2 0 4029 
3 2 0 4043 
1 1 0 
1 1 0 
1 1 0 
1 1 0 
1 1 0 
2 3 4102 4103 0 
2 3 4101 4104 0 
1 1 0 
1 1 0 
1 1 0 
1 1 0 
2 3 4108 4109 0 
1 1 0 
1 1 0 
1 1 0 
1 1 0 
2 3 4113 4114 0 
2 3 4112 4115 0 
2 3 4111 4116 0 
2 3 4110 4117 0 
1 1 0 
2 3 4118 4119 0 
1 1 0 
1 1 0 
1 1 0 
2 3 4122 4123 0 
1 1 0 
1 1 0 
1 1 0 
2 3 4126 4127 0 
2 3 4125 4128 0 
2 3 4124 4129 0 
2 3 4121 4130 0 
2 3 4120 4131 0 
1 1 0 
1 1 0 
1 1 0 
1 1 0 
1 1 0 
1 1 0 
1 1 0 
2 3 4138 4139 0 
2 3 4137 4140 0 
2 3 4136 4141 0 
2 3 4135 4142 0 
2 3 4134 4143 0 
1 1 0 
1 1 0 
1 1 0 
2 3 4146 4147 0 
1 1 0 
1 1 0 
1 1 0 
2 3 4150 4151 0 
2 3 4149 4152 0 
2 3 4148 4153 0 
1 1 0 
1 1 0 
1 1 0 
2 3 4156 4157 0 
2 3 4155 4158 0 
2 3 4154 4159 0 
2 3 4145 4160 0 
2 3 4144 4161 0 
2 3 4133 4162 0 
2 3 4132 4163 0 
2 3 4107 4164 0 
2 3 4106 4165 0 
2 3 4105 4166 0 
2 3 4100 4167 0 
1 1 0 
2 3 4168 4169 0 
2 3 4099 4170 0 
3 2 0 4171 
3 2 0 4099 
3 2 0 4170 
3 2 0 4168 
3 2 0 4100 
3 2 0 4167 
3 2 0 4105 
3 2 0 4101 
3 2 0 4104 
3 2 0 4102 
3 2 0 4103 
3 2 0 4166 
3 2 0 4106 
3 2 0 4165 
3 2 0 4107 
3 2 0 4164 
3 2 0 4132 
3 2 0 4120 
3 2 0 4118 
3 2 0 4110 
3 2 0 4108 
3 2 0 4109 
3 2 0 4117 
3 2 0 4111 
3 2 0 4116 
3 2 0 4112 
3 2 0 4115 
3 2 0 4113 
3 2 0 4114 
3 2 0 4119 
3 2 0 4131 
3 2 0 4121 
3 2 0 4130 
3 2 0 4124 
3 2 0 4122 
3 2 0 4123 
3 2 0 4129 
3 2 0 4125 
3 2 0 4128 
3 2 0 4126 
3 2 0 4127 
3 2 0 4163 
3 2 0 4133 
3 2 0 4162 
3 2 0 4144 
3 2 0 4134 
3 2 0 4143 
3 2 0 4135 
3 2 0 4142 
3 2 0 4136 
3 2 0 4141 
3 2 0 4137 
3 2 0 4140 
3 2 0 4138 
3 2 0 4139 
3 2 0 4161 
3 2 0 4145 
3 2 0 4160 
3 2 0 4154 
3 2 0 4148 
3 2 0 4146 
3 2 0 4147 
3 2 0 4153 
3 2 0 4149 
3 2 0 4152 
3 2 0 4150 
3 2 0 4151 
3 2 0 4159 
3 2 0 4155 
3 2 0 4158 
3 2 0 4156 
3 2 0 4157 
3 2 0 4169 
1 1 0 
1 1 0 
1 1 0 
1 1 0 
2 3 4247 4248 0 
2 3 4246 4249 0 
1 1 0 
2 3 4250 4251 0 
1 1 0 
1 1 0 
2 3 4253 4254 0 
2 3 4252 4255 0 
2 3 4245 4256 0 
1 1 0 
1 1 0 
1 1 0 
2 3 4259 4260 0 
1 1 0 
2 3 4261 4262 0 
1 1 0 
1 1 0 
2 3 4264 4265 0 
1 1 0 
1 1 0 
2 3 4267 4268 0 
2 3 4266 4269 0 
2 3 4263 4270 0 
1 1 0 
1 1 0 
1 1 0 
1 1 0 
1 1 0 
1 1 0 
1 1 0 
1 1 0 
2 3 4278 4279 0 
2 3 4277 4280 0 
1 1 0 
1 1 0 
2 3 4282 4283 0 
2 3 4281 4284 0 
2 3 4276 4285 0 
1 1 0 
1 1 0 
1 1 0 
1 1 0 
2 3 4289 4290 0 
2 3 4288 4291 0 
2 3 4287 4292 0 
2 3 4286 4293 0 
2 3 4275 4294 0 
2 3 4274 4295 0 
2 3 4273 4296 0 
2 3 4272 4297 0 
1 1 0 
2 3 4298 4299 0 
2 3 4271 4300 0 
2 3 4258 4301 0 
2 3 4257 4302 0 
3 2 0 4303 
3 2 0 4257 
3 2 0 4245 
3 2 0 4256 
3 2 0 4252 
3 2 0 4250 
3 2 0 4246 
3 2 0 4249 
3 2 0 4247 
3 2 0 4248 
3 2 0 4251 
3 2 0 4255 
3 2 0 4253 
3 2 0 4254 
3 2 0 4302 
3 2 0 4258 
3 2 0 4301 
3 2 0 4271 
3 2 0 4263 
3 2 0 4261 
3 2 0 4259 
3 2 0 4260 
3 2 0 4262 
3 2 0 4270 
3 2 0 4266 
3 2 0 4264 
3 2 0 4265 
3 2 0 4269 
3 2 0 4267 
3 2 0 4268 
3 2 0 4300 
3 2 0 4298 
3 2 0 4272 
3 2 0 4297 
3 2 0 4273 
3 2 0 4296 
3 2 0 4274 
3 2 0 4295 
3 2 0 4275 
3 2 0 4294 
3 2 0 4286 
3 2 0 4276 
3 2 0 4285 
3 2 0 4281 
3 2 0 4277 
3 2 0 4280 
3 2 0 4278 
3 2 0 4279 
3 2 0 4284 
3 2 0 4282 
3 2 0 4283 
3 2 0 4293 
3 2 0 4287 
3 2 0 4292 
3 2 0 4288 
3 2 0 4291 
3 2 0 4289 
3 2 0 4290 
3 2 0 4299 
1 1 0 
1 1 0 
1 1 0 
2 3 4364 4365 0 
1 1 0 
2 3 4366 4367 0 
2 3 4363 4368 0 
1 1 0 
1 1 0 
1 1 0 
1 1 0 
1 1 0 
2 3 4373 4374 0 
2 3 4372 4375 0 
1 1 0 
1 1 0 
1 1 0 
1 1 0 
2 3 4379 4380 0 
1 1 0 
2 3 4381 4382 0 
2 3 4378 4383 0 
2 3 4377 4384 0 
2 3 4376 4385 0 
2 3 4371 4386 0 
2 3 4370 4387 0 
1 1 0 
2 3 4388 4389 0 
2 3 4369 4390 0 
3 2 0 4391 
3 2 0 4369 
3 2 0 4363 
3 2 0 4368 
3 2 0 4366 
3 2 0 4364 
3 2 0 4365 
3 2 0 4367 
3 2 0 4390 
3 2 0 4388 
3 2 0 4370 
3 2 0 4387 
3 2 0 4371 
3 2 0 4386 
3 2 0 4376 
3 2 0 4372 
3 2 0 4375 
3 2 0 4373 
3 2 0 4374 
3 2 0 4385 
3 2 0 4377 
3 2 0 4384 
3 2 0 4378 
3 2 0 4383 
3 2 0 4381 
3 2 0 4379 
3 2 0 4380 
3 2 0 4382 
3 2 0 4389 
1 1 0 
1 1 0 
1 1 0 
2 3 4422 4423 0 
2 3 4421 4424 0 
1 1 0 
1 1 0 
1 1 0 
2 3 4427 4428 0 
2 3 4426 4429 0 
2 3 4425 4430 0 
1 1 0 
1 1 0 
1 1 0 
2 3 4433 4434 0 
1 1 0 
1 1 0 
1 1 0 
1 1 0 
1 1 0 
2 3 4439 4440 0 
2 3 4438 4441 0 
2 3 4437 4442 0 
2 3 4436 4443 0 
2 3 4435 4444 0 
2 3 4432 4445 0 
1 1 0 
2 3 4446 4447 0 
2 3 4431 4448 0 
3 2 0 4449 
3 2 0 4431 
3 2 0 4425 
3 2 0 4421 
3 2 0 4424 
3 2 0 4422 
3 2 0 4423 
3 2 0 4430 
3 2 0 4426 
3 2 0 4429 
3 2 0 4427 
3 2 0 4428 
3 2 0 4448 
3 2 0 4446 
3 2 0 4432 
3 2 0 4445 
3 2 0 4435 
3 2 0 4433 
3 2 0 4434 
3 2 0 4444 
3 2 0 4436 
3 2 0 4443 
3 2 0 4437 
3 2 0 4442 
3 2 0 4438 
3 2 0 4441 
3 2 0 4439 
3 2 0 4440 
3 2 0 4447 
1 1 0 
1 1 0 
1 1 0 
1 1 0 
2 3 4481 4482 0 
2 3 4480 4483 0 
2 3 4479 4484 0 
1 1 0 
1 1 0 
1 1 0 
1 1 0 
1 1 0 
1 1 0 
1 1 0 
1 1 0 
2 3 4492 4493 0 
2 3 4491 4494 0 
2 3 4490 4495 0 
2 3 4489 4496 0 
2 3 4488 4497 0 
2 3 4487 4498 0 
2 3 4486 4499 0 
2 3 4485 4500 0 
1 1 0 
2 3 4501 4502 0 
1 1 0 
2 3 4503 4504 0 
1 1 0 
1 1 0 
1 1 0 
1 1 0 
2 3 4508 4509 0 
2 3 4507 4510 0 
2 3 4506 4511 0 
1 1 0 
2 3 4512 4513 0 
1 1 0 
1 1 0 
1 1 0 
2 3 4516 4517 0 
2 3 4515 4518 0 
2 3 4514 4519 0 
1 1 0 
1 1 0 
1 1 0 
2 3 4522 4523 0 
2 3 4521 4524 0 
2 3 4520 4525 0 
2 3 4505 4526 0 
1 1 0 
2 3 4527 4528 0 
3 2 0 4529 
3 2 0 4527 
3 2 0 4505 
3 2 0 4503 
3 2 0 4501 
3 2 0 4485 
3 2 0 4479 
3 2 0 4484 
3 2 0 4480 
3 2 0 4483 
3 2 0 4481 
3 2 0 4482 
3 2 0 4500 
3 2 0 4486 
3 2 0 4499 
3 2 0 4487 
3 2 0 4498 
3 2 0 4488 
3 2 0 4497 
3 2 0 4489 
3 2 0 4496 
3 2 0 4490 
3 2 0 4495 
3 2 0 4491 
3 2 0 4494 
3 2 0 4492 
3 2 0 4493 
3 2 0 4502 
3 2 0 4504 
3 2 0 4526 
3 2 0 4520 
3 2 0 4514 
3 2 0 4512 
3 2 0 4506 
3 2 0 4511 
3 2 0 4507 
3 2 0 4510 
3 2 0 4508 
3 2 0 4509 
3 2 0 4513 
3 2 0 4519 
3 2 0 4515 
3 2 0 4518 
3 2 0 4516 
3 2 0 4517 
3 2 0 4525 
3 2 0 4521 
3 2 0 4524 
3 2 0 4522 
3 2 0 4523 
3 2 0 4528 
1 1 0 
1 1 0 
1 1 0 
2 3 4582 4583 0 
2 3 4581 4584 0 
1 1 0 
1 1 0 
1 1 0 
1 1 0 
2 3 4588 4589 0 
2 3 4587 4590 0 
1 1 0 
1 1 0 
2 3 4592 4593 0 
2 3 4591 4594 0 
1 1 0 
1 1 0 
1 1 0 
1 1 0 
1 1 0 
1 1 0 
2 3 4600 4601 0 
1 1 0 
1 1 0 
1 1 0 
2 3 4604 4605 0 
2 3 4603 4606 0 
2 3 4602 4607 0 
2 3 4599 4608 0 
2 3 4598 4609 0 
2 3 4597 4610 0 
2 3 4596 4611 0 
2 3 4595 4612 0 
2 3 4586 4613 0 
2 3 4585 4614 0 
1 1 0 
1 1 0 
2 3 4616 4617 0 
1 1 0 
1 1 0 
2 3 4619 4620 0 
2 3 4618 4621 0 
1 1 0 
2 3 4622 4623 0 
2 3 4615 4624 0 
3 2 0 4625 
3 2 0 4615 
3 2 0 4585 
3 2 0 4581 
3 2 0 4584 
3 2 0 4582 
3 2 0 4583 
3 2 0 4614 
3 2 0 4586 
3 2 0 4613 
3 2 0 4595 
3 2 0 4591 
3 2 0 4587 
3 2 0 4590 
3 2 0 4588 
3 2 0 4589 
3 2 0 4594 
3 2 0 4592 
3 2 0 4593 
3 2 0 4612 
3 2 0 4596 
3 2 0 4611 
3 2 0 4597 
3 2 0 4610 
3 2 0 4598 
3 2 0 4609 
3 2 0 4599 
3 2 0 4608 
3 2 0 4602 
3 2 0 4600 
3 2 0 4601 
3 2 0 4607 
3 2 0 4603 
3 2 0 4606 
3 2 0 4604 
3 2 0 4605 
3 2 0 4624 
3 2 0 4622 
3 2 0 4618 
3 2 0 4616 
3 2 0 4617 
3 2 0 4621 
3 2 0 4619 
3 2 0 4620 
3 2 0 4623 
1 1 0 
1 1 0 
1 1 0 
2 3 4672 4673 0 
2 3 4671 4674 0 
1 1 0 
2 3 4675 4676 0 
1 1 0 
1 1 0 
2 3 4678 4679 0 
2 3 4677 4680 0 
1 1 0 
1 1 0 
2 3 4682 4683 0 
2 3 4681 4684 0 
1 1 0 
1 1 0 
1 1 0 
1 1 0 
1 1 0 
2 3 4689 4690 0 
1 1 0 
1 1 0 
1 1 0 
2 3 4693 4694 0 
2 3 4692 4695 0 
2 3 4691 4696 0 
2 3 4688 4697 0 
2 3 4687 4698 0 
1 1 0 
2 3 4699 4700 0 
2 3 4686 4701 0 
2 3 4685 4702 0 
3 2 0 4703 
3 2 0 4685 
3 2 0 4681 
3 2 0 4677 
3 2 0 4675 
3 2 0 4671 
3 2 0 4674 
3 2 0 4672 
3 2 0 4673 
3 2 0 4676 
3 2 0 4680 
3 2 0 4678 
3 2 0 4679 
3 2 0 4684 
3 2 0 4682 
3 2 0 4683 
3 2 0 4702 
3 2 0 4686 
3 2 0 4701 
3 2 0 4699 
3 2 0 4687 
3 2 0 4698 
3 2 0 4688 
3 2 0 4697 
3 2 0 4691 
3 2 0 4689 
3 2 0 4690 
3 2 0 4696 
3 2 0 4692 
3 2 0 4695 
3 2 0 4693 
3 2 0 4694 
3 2 0 4700 
32 2368 18 19 20 21 22 23 24 25 26 27 28 29 30 31 32 33 34 82 83 84 85 86 87 88 89 90 91 92 93 94 95 96 97 98 99 100 101 102 103 104 105 106 107 108 109 110 111 112 113 114 115 116 117 118 119 120 121 122 123 124 125 126 127 128 174 175 176 177 178 179 180 181 182 183 184 185 186 187 188 189 190 191 192 193 194 195 196 197 198 199 200 201 202 203 204 205 206 207 208 209 210 211 212 213 214 215 216 217 218 258 259 260 261 262 263 264 265 266 267 268 269 270 271 272 273 274 275 276 277 278 279 280 281 282 283 284 285 286 287 288 289 290 291 292 293 294 295 296 350 351 352 353 354 355 356 357 358 359 360 361 362 363 364 365 366 367 368 369 370 371 372 373 374 375 376 377 378 379 380 381 382 383 384 385 386 387 388 389 390 391 392 393 394 395 396 397 398 399 400 401 402 430 431 432 433 434 435 436 437 438 439 440 441 442 443 444 445 446 447 448 449 450 451 452 453 454 455 456 526 527 528 529 530 531 532 533 534 535 536 537 538 539 540 541 542 543 544 545 546 547 548 549 550 551 552 553 554 555 556 557 558 559 560 561 562 563 564 565 566 567 568 569 570 571 572 573 574 575 576 577 578 579 580 581 582 583 584 585 586 587 588 589 590 591 592 593 594 626 627 628 629 630 631 632 633 634 635 636 637 638 639 640 641 642 643 644 645 646 647 648 649 650 651 652 653 654 655 656 694 695 696 697 698 699 700 701 702 703 704 705 706 707 708 709 710 711 712 713 714 715 716 717 718 719 720 721 722 723 724 725 726 727 728 729 730 764 765 766 767 768 769 770 771 772 773 774 775 776 777 778 779 780 781 782 783 784 785 786 787 788 789 790 791 792 793 794 795 796 818 819 820 821 822 823 824 825 826 827 828 829 830 831 832 833 834 835 836 837 838 864 865 866 867 868 869 870 871 872 873 874 875 876 877 878 879 880 881 882 883 884 885 886 887 888 898 899 900 901 902 903 904 905 906 930 931 932 933 934 935 936 937 938 939 940 941 942 943 944 945 946 947 948 949 950 951 952 974 975 976 977 978 979 980 981 982 983 984 985 986 987 988 989 990 991 992 993 994 1010 1011 1012 1013 1014 1015 1016 1017 1018 1019 1020 1021 1022 1023 1024 1044 1045 1046 1047 1048 1049 1050 1051 1052 1053 1054 1055 1056 1057 1058 1059 1060 1061 1062 1114 1115 1116 1117 1118 1119 1120 1121 1122 1123 1124 1125 1126 1127 1128 1129 1130 1131 1132 1133 1134 1135 1136 1137 1138 1139 1140 1141 1142 1143 1144 1145 1146 1147 1148 1149 1150 1151 1152 1153 1154 1155 1156 1157 1158 1159 1160 1161 1162 1163 1164 1198 1199 1200 1201 1202 1203 1204 1205 1206 1207 1208 1209 1210 1211 1212 1213 1214 1215 1216 1217 1218 1219 1220 1221 1222 1223 1224 1225 1226 1227 1228 1229 1230 1274 1275 1276 1277 1278 1279 1280 1281 1282 1283 1284 1285 1286 1287 1288 1289 1290 1291 1292 1293 1294 1295 1296 1297 1298 1299 1300 1301 1302 1303 1304 1305 1306 1307 1308 1309 1310 1311 1312 1313 1314 1315 1316 1350 1351 1352 1353 1354 1355 1356 1357 1358 1359 1360 1361 1362 1363 1364 1365 1366 1367 1368 1369 1370 1371 1372 1373 1374 1375 1376 1377 1378 1379 1380 1381 1382 1394 1395 1396 1397 1398 1399 1400 1401 1402 1403 1404 1474 1475 1476 1477 1478 1479 1480 1481 1482 1483 1484 1485 1486 1487 1488 1489 1490 1491 1492 1493 1494 1495 1496 1497 1498 1499 1500 1501 1502 1503 1504 1505 1506 1507 1508 1509 1510 1511 1512 1513 1514 1515 1516 1517 1518 1519 1520 1521 1522 1523 1524 1525 1526 1527 1528 1529 1530 1531 1532 1533 1534 1535 1536 1537 1538 1539 1540 1541 1542 1574 1575 1576 1577 1578 1579 1580 1581 1582 1583 1584 1585 1586 1587 1588 1589 1590 1591 1592 1593 1594 1595 1596 1597 1598 1599 1600 1601 1602 1603 1604 1628 1629 1630 1631 1632 1633 1634 1635 1636 1637 1638 1639 1640 1641 1642 1643 1644 1645 1646 1647 1648 1649 1650 1672 1673 1674 1675 1676 1677 1678 1679 1680 1681 1682 1683 1684 1685 1686 1687 1688 1689 1690 1691 1692 1746 1747 1748 1749 1750 1751 1752 1753 1754 1755 1756 1757 1758 1759 1760 1761 1762 1763 1764 1765 1766 1767 1768 1769 1770 1771 1772 1773 1774 1775 1776 1777 1778 1779 1780 1781 1782 1783 1784 1785 1786 1787 1788 1789 1790 1791 1792 1793 1794 1795 1796 1797 1798 1842 1843 1844 1845 1846 1847 1848 1849 1850 1851 1852 1853 1854 1855 1856 1857 1858 1859 1860 1861 1862 1863 1864 1865 1866 1867 1868 1869 1870 1871 1872 1873 1874 1875 1876 1877 1878 1879 1880 1881 1882 1883 1884 1900 1901 1902 1903 1904 1905 1906 1907 1908 1909 1910 1911 1912 1913 1914 1952 1953 1954 1955 1956 1957 1958 1959 1960 1961 1962 1963 1964 1965 1966 1967 1968 1969 1970 1971 1972 1973 1974 1975 1976 1977 1978 1979 1980 1981 1982 1983 1984 1985 1986 1987 1988 2002 2003 2004 2005 2006 2007 2008 2009 2010 2011 2012 2013 2014 2042 2043 2044 2045 2046 2047 2048 2049 2050 2051 2052 2053 2054 2055 2056 2057 2058 2059 2060 2061 2062 2063 2064 2065 2066 2067 2068 2132 2133 2134 2135 2136 2137 2138 2139 2140 2141 2142 2143 2144 2145 2146 2147 2148 2149 2150 2151 2152 2153 2154 2155 2156 2157 2158 2159 2160 2161 2162 2163 2164 2165 2166 2167 2168 2169 2170 2171 2172 2173 2174 2175 2176 2177 2178 2179 2180 2181 2182 2183 2184 2185 2186 2187 2188 2189 2190 2191 2192 2193 2194 2220 2221 2222 2223 2224 2225 2226 2227 2228 2229 2230 2231 2232 2233 2234 2235 2236 2237 2238 2239 2240 2241 2242 2243 2244 2262 2263 2264 2265 2266 2267 2268 2269 2270 2271 2272 2273 2274 2275 2276 2277 2278 2330 2331 2332 2333 2334 2335 2336 2337 2338 2339 2340 2341 2342 2343 2344 2345 2346 2347 2348 2349 2350 2351 2352 2353 2354 2355 2356 2357 2358 2359 2360 2361 2362 2363 2364 2365 2366 2367 2368 2369 2370 2371 2372 2373 2374 2375 2376 2377 2378 2379 2380 2408 2409 2410 2411 2412 2413 2414 2415 2416 2417 2418 2419 2420 2421 2422 2423 2424 2425 2426 2427 2428 2429 2430 2431 2432 2433 2434 2468 2469 2470 2471 2472 2473 2474 2475 2476 2477 2478 2479 2480 2481 2482 2483 2484 2485 2486 2487 2488 2489 2490 2491 2492 2493 2494 2495 2496 2497 2498 2499 2500 2522 2523 2524 2525 2526 2527 2528 2529 2530 2531 2532 2533 2534 2535 2536 2537 2538 2539 2540 2541 2542 2612 2613 2614 2615 2616 2617 2618 2619 2620 2621 2622 2623 2624 2625 2626 2627 2628 2629 2630 2631 2632 2633 2634 2635 2636 2637 2638 2639 2640 2641 2642 2643 2644 2645 2646 2647 2648 2649 2650 2651 2652 2653 2654 2655 2656 2657 2658 2659 2660 2661 2662 2663 2664 2665 2666 2667 2668 2669 2670 2671 2672 2673 2674 2675 2676 2677 2678 2679 2680 2718 2719 2720 2721 2722 2723 2724 2725 2726 2727 2728 2729 2730 2731 2732 2733 2734 2735 2736 2737 2738 2739 2740 2741 2742 2743 2744 2745 2746 2747 2748 2749 2750 2751 2752 2753 2754 2792 2793 2794 2795 2796 2797 2798 2799 2800 2801 2802 2803 2804 2805 2806 2807 2808 2809 2810 2811 2812 2813 2814 2815 2816 2817 2818 2819 2820 2821 2822 2823 2824 2825 2826 2827 2828 2884 2885 2886 2887 2888 2889 2890 2891 2892 2893 2894 2895 2896 2897 2898 2899 2900 2901 2902 2903 2904 2905 2906 2907 2908 2909 2910 2911 2912 2913 2914 2915 2916 2917 2918 2919 2920 2921 2922 2923 2924 2925 2926 2927 2928 2929 2930 2931 2932 2933 2934 2935 2936 2937 2938 2974 2975 2976 2977 2978 2979 2980 2981 2982 2983 2984 2985 2986 2987 2988 2989 2990 2991 2992 2993 2994 2995 2996 2997 2998 2999 3000 3001 3002 3003 3004 3005 3006 3007 3008 3044 3045 3046 3047 3048 3049 3050 3051 3052 3053 3054 3055 3056 3057 3058 3059 3060 3061 3062 3063 3064 3065 3066 3067 3068 3069 3070 3071 3072 3073 3074 3075 3076 3077 3078 3162 3163 3164 3165 3166 3167 3168 3169 3170 3171 3172 3173 3174 3175 3176 3177 3178 3179 3180 3181 3182 3183 3184 3185 3186 3187 3188 3189 3190 3191 3192 3193 3194 3195 3196 3197 3198 3199 3200 3201 3202 3203 3204 3205 3206 3207 3208 3209 3210 3211 3212 3213 3214 3215 3216 3217 3218 3219 3220 3221 3222 3223 3224 3225 3226 3227 3228 3229 3230 3231 3232 3233 3234 3235 3236 3237 3238 3239 3240 3241 3242 3243 3244 3306 3307 3308 3309 3310 3311 3312 3313 3314 3315 3316 3317 3318 3319 3320 3321 3322 3323 3324 3325 3326 3327 3328 3329 3330 3331 3332 3333 3334 3335 3336 3337 3338 3339 3340 3341 3342 3343 3344 3345 3346 3347 3348 3349 3350 3351 3352 3353 3354 3355 3356 3357 3358 3359 3360 3361 3362 3363 3364 3365 3366 3380 3381 3382 3383 3384 3385 3386 3387 3388 3389 3390 3391 3392 3430 3431 3432 3433 3434 3435 3436 3437 3438 3439 3440 3441 3442 3443 3444 3445 3446 3447 3448 3449 3450 3451 3452 3453 3454 3455 3456 3457 3458 3459 3460 3461 3462 3463 3464 3465 3466 3498 3499 3500 3501 3502 3503 3504 3505 3506 3507 3508 3509 3510 3511 3512 3513 3514 3515 3516 3517 3518 3519 3520 3521 3522 3523 3524 3525 3526 3527 3528 3554 3555 3556 3557 3558 3559 3560 3561 3562 3563 3564 3565 3566 3567 3568 3569 3570 3571 3572 3573 3574 3575 3576 3577 3578 3600 3601 3602 3603 3604 3605 3606 3607 3608 3609 3610 3611 3612 3613 3614 3615 3616 3617 3618 3619 3620 3656 3657 3658 3659 3660 3661 3662 3663 3664 3665 3666 3667 3668 3669 3670 3671 3672 3673 3674 3675 3676 3677 3678 3679 3680 3681 3682 3683 3684 3685 3686 3687 3688 3689 3690 3730 3731 3732 3733 3734 3735 3736 3737 3738 3739 3740 3741 3742 3743 3744 3745 3746 3747 3748 3749 3750 3751 3752 3753 3754 3755 3756 3757 3758 3759 3760 3761 3762 3763 3764 3765 3766 3767 3768 3816 3817 3818 3819 3820 3821 3822 3823 3824 3825 3826 3827 3828 3829 3830 3831 3832 3833 3834 3835 3836 3837 3838 3839 3840 3841 3842 3843 3844 3845 3846 3847 3848 3849 3850 3851 3852 3853 3854 3855 3856 3857 3858 3859 3860 3861 3862 3928 3929 3930 3931 3932 3933 3934 3935 3936 3937 3938 3939 3940 3941 3942 3943 3944 3945 3946 3947 3948 3949 3950 3951 3952 3953 3954 3955 3956 3957 3958 3959 3960 3961 3962 3963 3964 3965 3966 3967 3968 3969 3970 3971 3972 3973 3974 3975 3976 3977 3978 3979 3980 3981 3982 3983 3984 3985 3986 3987 3988 3989 3990 3991 3992 4046 4047 4048 4049 4050 4051 4052 4053 4054 4055 4056 4057 4058 4059 4060 4061 4062 4063 4064 4065 4066 4067 4068 4069 4070 4071 4072 4073 4074 4075 4076 4077 4078 4079 4080 4081 4082 4083 4084 4085 4086 4087 4088 4089 4090 4091 4092 4093 4094 4095 4096 4097 4098 4172 4173 4174 4175 4176 4177 4178 4179 4180 4181 4182 4183 4184 4185 4186 4187 4188 4189 4190 4191 4192 4193 4194 4195 4196 4197 4198 4199 4200 4201 4202 4203 4204 4205 4206 4207 4208 4209 4210 4211 4212 4213 4214 4215 4216 4217 4218 4219 4220 4221 4222 4223 4224 4225 4226 4227 4228 4229 4230 4231 4232 4233 4234 4235 4236 4237 4238 4239 4240 4241 4242 4243 4244 4304 4305 4306 4307 4308 4309 4310 4311 4312 4313 4314 4315 4316 4317 4318 4319 4320 4321 4322 4323 4324 4325 4326 4327 4328 4329 4330 4331 4332 4333 4334 4335 4336 4337 4338 4339 4340 4341 4342 4343 4344 4345 4346 4347 4348 4349 4350 4351 4352 4353 4354 4355 4356 4357 4358 4359 4360 4361 4362 4392 4393 4394 4395 4396 4397 4398 4399 4400 4401 4402 4403 4404 4405 4406 4407 4408 4409 4410 4411 4412 4413 4414 4415 4416 4417 4418 4419 4420 4450 4451 4452 4453 4454 4455 4456 4457 4458 4459 4460 4461 4462 4463 4464 4465 4466 4467 4468 4469 4470 4471 4472 4473 4474 4475 4476 4477 4478 4530 4531 4532 4533 4534 4535 4536 4537 4538 4539 4540 4541 4542 4543 4544 4545 4546 4547 4548 4549 4550 4551 4552 4553 4554 4555 4556 4557 4558 4559 4560 4561 4562 4563 4564 4565 4566 4567 4568 4569 4570 4571 4572 4573 4574 4575 4576 4577 4578 4579 4580 4626 4627 4628 4629 4630 4631 4632 4633 4634 4635 4636 4637 4638 4639 4640 4641 4642 4643 4644 4645 4646 4647 4648 4649 4650 4651 4652 4653 4654 4655 4656 4657 4658 4659 4660 4661 4662 4663 4664 4665 4666 4667 4668 4669 4670 4704 4705 4706 4707 4708 4709 4710 4711 4712 4713 4714 4715 4716 4717 4718 4719 4720 4721 4722 4723 4724 4725 4726 4727 4728 4729 4730 4731 4732 4733 4734 4735 4736 
