4694
0 0 
1 1 0 
1 1 0 
1 1 0 
1 1 0 
1 1 0 
2 3 4 5 0 
1 1 0 
1 1 0 
1 1 0 
2 3 8 9 0 
1 1 0 
1 1 0 
1 1 0 
1 1 0 
2 3 13 14 0 
1 1 0 
1 1 0 
2 3 16 17 0 
1 1 0 
1 1 0 
1 1 0 
2 3 20 21 0 
2 3 19 22 0 
2 3 18 23 0 
1 1 0 
1 1 0 
2 3 25 26 0 
2 3 24 27 0 
2 3 15 28 0 
2 3 12 29 0 
1 1 0 
1 1 0 
1 1 0 
1 1 0 
1 1 0 
1 1 0 
1 1 0 
1 1 0 
1 1 0 
2 3 38 39 0 
2 3 37 40 0 
2 3 36 41 0 
2 3 35 42 0 
2 3 34 43 0 
2 3 33 44 0 
2 3 32 45 0 
2 3 31 46 0 
2 3 30 47 0 
2 3 11 48 0 
2 3 10 49 0 
2 3 7 50 0 
2 3 6 51 0 
2 3 3 52 0 
1 1 0 
2 3 53 54 0 
2 3 2 55 0 
2 3 1 56 0 
3 2 0 57 
3 2 0 1 
3 2 0 56 
3 2 0 2 
3 2 0 55 
3 2 0 53 
3 2 0 3 
3 2 0 52 
3 2 0 6 
3 2 0 4 
3 2 0 5 
3 2 0 51 
3 2 0 7 
3 2 0 50 
3 2 0 10 
3 2 0 8 
3 2 0 9 
3 2 0 49 
3 2 0 11 
3 2 0 48 
3 2 0 30 
3 2 0 12 
3 2 0 29 
3 2 0 15 
3 2 0 13 
3 2 0 14 
3 2 0 28 
3 2 0 24 
3 2 0 18 
3 2 0 16 
3 2 0 17 
3 2 0 23 
3 2 0 19 
3 2 0 22 
3 2 0 20 
3 2 0 21 
3 2 0 27 
3 2 0 25 
3 2 0 26 
3 2 0 47 
3 2 0 31 
3 2 0 46 
3 2 0 32 
3 2 0 45 
3 2 0 33 
3 2 0 44 
3 2 0 34 
3 2 0 43 
3 2 0 35 
3 2 0 42 
3 2 0 36 
3 2 0 41 
3 2 0 37 
3 2 0 40 
3 2 0 38 
3 2 0 39 
3 2 0 54 
1 1 0 
1 1 0 
2 3 115 116 0 
1 1 0 
1 1 0 
2 3 118 119 0 
2 3 117 120 0 
1 1 0 
2 3 121 122 0 
3 2 0 123 
3 2 0 121 
3 2 0 117 
3 2 0 115 
3 2 0 116 
3 2 0 120 
3 2 0 118 
3 2 0 119 
3 2 0 122 
1 1 0 
1 1 0 
1 1 0 
1 1 0 
2 3 135 136 0 
1 1 0 
2 3 137 138 0 
2 3 134 139 0 
1 1 0 
1 1 0 
1 1 0 
1 1 0 
1 1 0 
1 1 0 
1 1 0 
2 3 146 147 0 
2 3 145 148 0 
2 3 144 149 0 
2 3 143 150 0 
2 3 142 151 0 
2 3 141 152 0 
1 1 0 
2 3 153 154 0 
2 3 140 155 0 
2 3 133 156 0 
3 2 0 157 
3 2 0 133 
3 2 0 156 
3 2 0 140 
3 2 0 134 
3 2 0 139 
3 2 0 137 
3 2 0 135 
3 2 0 136 
3 2 0 138 
3 2 0 155 
3 2 0 153 
3 2 0 141 
3 2 0 152 
3 2 0 142 
3 2 0 151 
3 2 0 143 
3 2 0 150 
3 2 0 144 
3 2 0 149 
3 2 0 145 
3 2 0 148 
3 2 0 146 
3 2 0 147 
3 2 0 154 
1 1 0 
1 1 0 
1 1 0 
2 3 184 185 0 
2 3 183 186 0 
1 1 0 
1 1 0 
1 1 0 
2 3 189 190 0 
1 1 0 
2 3 191 192 0 
2 3 188 193 0 
2 3 187 194 0 
1 1 0 
1 1 0 
1 1 0 
2 3 197 198 0 
1 1 0 
1 1 0 
2 3 200 201 0 
2 3 199 202 0 
2 3 196 203 0 
1 1 0 
2 3 204 205 0 
2 3 195 206 0 
3 2 0 207 
3 2 0 195 
3 2 0 187 
3 2 0 183 
3 2 0 186 
3 2 0 184 
3 2 0 185 
3 2 0 194 
3 2 0 188 
3 2 0 193 
3 2 0 191 
3 2 0 189 
3 2 0 190 
3 2 0 192 
3 2 0 206 
3 2 0 204 
3 2 0 196 
3 2 0 203 
3 2 0 199 
3 2 0 197 
3 2 0 198 
3 2 0 202 
3 2 0 200 
3 2 0 201 
3 2 0 205 
1 1 0 
1 1 0 
1 1 0 
1 1 0 
1 1 0 
1 1 0 
2 3 237 238 0 
2 3 236 239 0 
2 3 235 240 0 
2 3 234 241 0 
1 1 0 
1 1 0 
1 1 0 
2 3 244 245 0 
2 3 243 246 0 
2 3 242 247 0 
1 1 0 
2 3 248 249 0 
2 3 233 250 0 
3 2 0 251 
3 2 0 233 
3 2 0 250 
3 2 0 248 
3 2 0 242 
3 2 0 234 
3 2 0 241 
3 2 0 235 
3 2 0 240 
3 2 0 236 
3 2 0 239 
3 2 0 237 
3 2 0 238 
3 2 0 247 
3 2 0 243 
3 2 0 246 
3 2 0 244 
3 2 0 245 
3 2 0 249 
1 1 0 
1 1 0 
1 1 0 
2 3 272 273 0 
2 3 271 274 0 
1 1 0 
1 1 0 
1 1 0 
2 3 277 278 0 
1 1 0 
1 1 0 
1 1 0 
1 1 0 
2 3 282 283 0 
2 3 281 284 0 
2 3 280 285 0 
2 3 279 286 0 
2 3 276 287 0 
2 3 275 288 0 
1 1 0 
1 1 0 
1 1 0 
2 3 291 292 0 
2 3 290 293 0 
1 1 0 
1 1 0 
2 3 295 296 0 
1 1 0 
1 1 0 
1 1 0 
2 3 299 300 0 
2 3 298 301 0 
2 3 297 302 0 
2 3 294 303 0 
1 1 0 
2 3 304 305 0 
2 3 289 306 0 
3 2 0 307 
3 2 0 289 
3 2 0 275 
3 2 0 271 
3 2 0 274 
3 2 0 272 
3 2 0 273 
3 2 0 288 
3 2 0 276 
3 2 0 287 
3 2 0 279 
3 2 0 277 
3 2 0 278 
3 2 0 286 
3 2 0 280 
3 2 0 285 
3 2 0 281 
3 2 0 284 
3 2 0 282 
3 2 0 283 
3 2 0 306 
3 2 0 304 
3 2 0 294 
3 2 0 290 
3 2 0 293 
3 2 0 291 
3 2 0 292 
3 2 0 303 
3 2 0 297 
3 2 0 295 
3 2 0 296 
3 2 0 302 
3 2 0 298 
3 2 0 301 
3 2 0 299 
3 2 0 300 
3 2 0 305 
1 1 0 
1 1 0 
1 1 0 
1 1 0 
2 3 347 348 0 
2 3 346 349 0 
2 3 345 350 0 
1 1 0 
1 1 0 
1 1 0 
1 1 0 
1 1 0 
1 1 0 
1 1 0 
2 3 357 358 0 
2 3 356 359 0 
1 1 0 
1 1 0 
1 1 0 
1 1 0 
1 1 0 
2 3 364 365 0 
2 3 363 366 0 
2 3 362 367 0 
1 1 0 
1 1 0 
1 1 0 
1 1 0 
2 3 371 372 0 
2 3 370 373 0 
2 3 369 374 0 
2 3 368 375 0 
2 3 361 376 0 
2 3 360 377 0 
2 3 355 378 0 
2 3 354 379 0 
2 3 353 380 0 
2 3 352 381 0 
2 3 351 382 0 
3 2 0 383 
3 2 0 351 
3 2 0 345 
3 2 0 350 
3 2 0 346 
3 2 0 349 
3 2 0 347 
3 2 0 348 
3 2 0 382 
3 2 0 352 
3 2 0 381 
3 2 0 353 
3 2 0 380 
3 2 0 354 
3 2 0 379 
3 2 0 355 
3 2 0 378 
3 2 0 360 
3 2 0 356 
3 2 0 359 
3 2 0 357 
3 2 0 358 
3 2 0 377 
3 2 0 361 
3 2 0 376 
3 2 0 368 
3 2 0 362 
3 2 0 367 
3 2 0 363 
3 2 0 366 
3 2 0 364 
3 2 0 365 
3 2 0 375 
3 2 0 369 
3 2 0 374 
3 2 0 370 
3 2 0 373 
3 2 0 371 
3 2 0 372 
1 1 0 
1 1 0 
1 1 0 
1 1 0 
2 3 425 426 0 
2 3 424 427 0 
2 3 423 428 0 
1 1 0 
1 1 0 
1 1 0 
1 1 0 
2 3 432 433 0 
2 3 431 434 0 
1 1 0 
1 1 0 
1 1 0 
1 1 0 
1 1 0 
2 3 439 440 0 
2 3 438 441 0 
2 3 437 442 0 
2 3 436 443 0 
1 1 0 
2 3 444 445 0 
2 3 435 446 0 
2 3 430 447 0 
2 3 429 448 0 
3 2 0 449 
3 2 0 429 
3 2 0 423 
3 2 0 428 
3 2 0 424 
3 2 0 427 
3 2 0 425 
3 2 0 426 
3 2 0 448 
3 2 0 430 
3 2 0 447 
3 2 0 435 
3 2 0 431 
3 2 0 434 
3 2 0 432 
3 2 0 433 
3 2 0 446 
3 2 0 444 
3 2 0 436 
3 2 0 443 
3 2 0 437 
3 2 0 442 
3 2 0 438 
3 2 0 441 
3 2 0 439 
3 2 0 440 
3 2 0 445 
1 1 0 
1 1 0 
2 3 477 478 0 
1 1 0 
1 1 0 
1 1 0 
1 1 0 
2 3 482 483 0 
1 1 0 
1 1 0 
2 3 485 486 0 
2 3 484 487 0 
1 1 0 
1 1 0 
1 1 0 
2 3 490 491 0 
1 1 0 
1 1 0 
2 3 493 494 0 
1 1 0 
1 1 0 
1 1 0 
2 3 497 498 0 
1 1 0 
1 1 0 
1 1 0 
2 3 501 502 0 
2 3 500 503 0 
2 3 499 504 0 
2 3 496 505 0 
2 3 495 506 0 
2 3 492 507 0 
2 3 489 508 0 
2 3 488 509 0 
2 3 481 510 0 
2 3 480 511 0 
1 1 0 
2 3 512 513 0 
2 3 479 514 0 
3 2 0 515 
3 2 0 479 
3 2 0 477 
3 2 0 478 
3 2 0 514 
3 2 0 512 
3 2 0 480 
3 2 0 511 
3 2 0 481 
3 2 0 510 
3 2 0 488 
3 2 0 484 
3 2 0 482 
3 2 0 483 
3 2 0 487 
3 2 0 485 
3 2 0 486 
3 2 0 509 
3 2 0 489 
3 2 0 508 
3 2 0 492 
3 2 0 490 
3 2 0 491 
3 2 0 507 
3 2 0 495 
3 2 0 493 
3 2 0 494 
3 2 0 506 
3 2 0 496 
3 2 0 505 
3 2 0 499 
3 2 0 497 
3 2 0 498 
3 2 0 504 
3 2 0 500 
3 2 0 503 
3 2 0 501 
3 2 0 502 
3 2 0 513 
1 1 0 
1 1 0 
1 1 0 
2 3 556 557 0 
1 1 0 
2 3 558 559 0 
1 1 0 
1 1 0 
2 3 561 562 0 
2 3 560 563 0 
1 1 0 
2 3 564 565 0 
2 3 555 566 0 
3 2 0 567 
3 2 0 555 
3 2 0 566 
3 2 0 564 
3 2 0 560 
3 2 0 558 
3 2 0 556 
3 2 0 557 
3 2 0 559 
3 2 0 563 
3 2 0 561 
3 2 0 562 
3 2 0 565 
1 1 0 
1 1 0 
1 1 0 
1 1 0 
2 3 583 584 0 
2 3 582 585 0 
1 1 0 
1 1 0 
2 3 587 588 0 
2 3 586 589 0 
2 3 581 590 0 
1 1 0 
1 1 0 
1 1 0 
2 3 593 594 0 
1 1 0 
1 1 0 
1 1 0 
1 1 0 
1 1 0 
1 1 0 
2 3 600 601 0 
2 3 599 602 0 
2 3 598 603 0 
2 3 597 604 0 
2 3 596 605 0 
2 3 595 606 0 
2 3 592 607 0 
2 3 591 608 0 
1 1 0 
2 3 609 610 0 
1 1 0 
2 3 611 612 0 
1 1 0 
1 1 0 
1 1 0 
1 1 0 
1 1 0 
1 1 0 
2 3 618 619 0 
1 1 0 
1 1 0 
1 1 0 
1 1 0 
1 1 0 
1 1 0 
2 3 625 626 0 
1 1 0 
1 1 0 
1 1 0 
2 3 629 630 0 
1 1 0 
1 1 0 
2 3 632 633 0 
2 3 631 634 0 
2 3 628 635 0 
2 3 627 636 0 
2 3 624 637 0 
2 3 623 638 0 
2 3 622 639 0 
2 3 621 640 0 
2 3 620 641 0 
2 3 617 642 0 
2 3 616 643 0 
2 3 615 644 0 
2 3 614 645 0 
2 3 613 646 0 
1 1 0 
2 3 647 648 0 
3 2 0 649 
3 2 0 647 
3 2 0 613 
3 2 0 611 
3 2 0 609 
3 2 0 591 
3 2 0 581 
3 2 0 590 
3 2 0 586 
3 2 0 582 
3 2 0 585 
3 2 0 583 
3 2 0 584 
3 2 0 589 
3 2 0 587 
3 2 0 588 
3 2 0 608 
3 2 0 592 
3 2 0 607 
3 2 0 595 
3 2 0 593 
3 2 0 594 
3 2 0 606 
3 2 0 596 
3 2 0 605 
3 2 0 597 
3 2 0 604 
3 2 0 598 
3 2 0 603 
3 2 0 599 
3 2 0 602 
3 2 0 600 
3 2 0 601 
3 2 0 610 
3 2 0 612 
3 2 0 646 
3 2 0 614 
3 2 0 645 
3 2 0 615 
3 2 0 644 
3 2 0 616 
3 2 0 643 
3 2 0 617 
3 2 0 642 
3 2 0 620 
3 2 0 618 
3 2 0 619 
3 2 0 641 
3 2 0 621 
3 2 0 640 
3 2 0 622 
3 2 0 639 
3 2 0 623 
3 2 0 638 
3 2 0 624 
3 2 0 637 
3 2 0 627 
3 2 0 625 
3 2 0 626 
3 2 0 636 
3 2 0 628 
3 2 0 635 
3 2 0 631 
3 2 0 629 
3 2 0 630 
3 2 0 634 
3 2 0 632 
3 2 0 633 
3 2 0 648 
1 1 0 
1 1 0 
1 1 0 
1 1 0 
1 1 0 
2 3 722 723 0 
2 3 721 724 0 
2 3 720 725 0 
2 3 719 726 0 
1 1 0 
1 1 0 
1 1 0 
2 3 729 730 0 
2 3 728 731 0 
1 1 0 
1 1 0 
1 1 0 
2 3 734 735 0 
1 1 0 
2 3 736 737 0 
2 3 733 738 0 
2 3 732 739 0 
2 3 727 740 0 
1 1 0 
2 3 741 742 0 
1 1 0 
2 3 743 744 0 
1 1 0 
1 1 0 
1 1 0 
2 3 747 748 0 
2 3 746 749 0 
1 1 0 
1 1 0 
1 1 0 
2 3 752 753 0 
1 1 0 
2 3 754 755 0 
2 3 751 756 0 
2 3 750 757 0 
2 3 745 758 0 
1 1 0 
2 3 759 760 0 
1 1 0 
2 3 761 762 0 
1 1 0 
1 1 0 
1 1 0 
1 1 0 
2 3 766 767 0 
1 1 0 
1 1 0 
1 1 0 
2 3 770 771 0 
1 1 0 
2 3 772 773 0 
1 1 0 
1 1 0 
2 3 775 776 0 
1 1 0 
1 1 0 
1 1 0 
1 1 0 
2 3 780 781 0 
2 3 779 782 0 
2 3 778 783 0 
2 3 777 784 0 
2 3 774 785 0 
2 3 769 786 0 
2 3 768 787 0 
2 3 765 788 0 
2 3 764 789 0 
2 3 763 790 0 
1 1 0 
2 3 791 792 0 
3 2 0 793 
3 2 0 791 
3 2 0 763 
3 2 0 761 
3 2 0 759 
3 2 0 745 
3 2 0 743 
3 2 0 741 
3 2 0 727 
3 2 0 719 
3 2 0 726 
3 2 0 720 
3 2 0 725 
3 2 0 721 
3 2 0 724 
3 2 0 722 
3 2 0 723 
3 2 0 740 
3 2 0 732 
3 2 0 728 
3 2 0 731 
3 2 0 729 
3 2 0 730 
3 2 0 739 
3 2 0 733 
3 2 0 738 
3 2 0 736 
3 2 0 734 
3 2 0 735 
3 2 0 737 
3 2 0 742 
3 2 0 744 
3 2 0 758 
3 2 0 750 
3 2 0 746 
3 2 0 749 
3 2 0 747 
3 2 0 748 
3 2 0 757 
3 2 0 751 
3 2 0 756 
3 2 0 754 
3 2 0 752 
3 2 0 753 
3 2 0 755 
3 2 0 760 
3 2 0 762 
3 2 0 790 
3 2 0 764 
3 2 0 789 
3 2 0 765 
3 2 0 788 
3 2 0 768 
3 2 0 766 
3 2 0 767 
3 2 0 787 
3 2 0 769 
3 2 0 786 
3 2 0 774 
3 2 0 772 
3 2 0 770 
3 2 0 771 
3 2 0 773 
3 2 0 785 
3 2 0 777 
3 2 0 775 
3 2 0 776 
3 2 0 784 
3 2 0 778 
3 2 0 783 
3 2 0 779 
3 2 0 782 
3 2 0 780 
3 2 0 781 
3 2 0 792 
1 1 0 
1 1 0 
1 1 0 
1 1 0 
1 1 0 
1 1 0 
2 3 873 874 0 
1 1 0 
2 3 875 876 0 
2 3 872 877 0 
2 3 871 878 0 
2 3 870 879 0 
2 3 869 880 0 
1 1 0 
1 1 0 
1 1 0 
1 1 0 
2 3 884 885 0 
1 1 0 
1 1 0 
1 1 0 
1 1 0 
2 3 889 890 0 
2 3 888 891 0 
1 1 0 
2 3 892 893 0 
1 1 0 
1 1 0 
2 3 895 896 0 
2 3 894 897 0 
2 3 887 898 0 
2 3 886 899 0 
1 1 0 
2 3 900 901 0 
2 3 883 902 0 
2 3 882 903 0 
2 3 881 904 0 
3 2 0 905 
3 2 0 881 
3 2 0 869 
3 2 0 880 
3 2 0 870 
3 2 0 879 
3 2 0 871 
3 2 0 878 
3 2 0 872 
3 2 0 877 
3 2 0 875 
3 2 0 873 
3 2 0 874 
3 2 0 876 
3 2 0 904 
3 2 0 882 
3 2 0 903 
3 2 0 883 
3 2 0 902 
3 2 0 900 
3 2 0 886 
3 2 0 884 
3 2 0 885 
3 2 0 899 
3 2 0 887 
3 2 0 898 
3 2 0 894 
3 2 0 892 
3 2 0 888 
3 2 0 891 
3 2 0 889 
3 2 0 890 
3 2 0 893 
3 2 0 897 
3 2 0 895 
3 2 0 896 
3 2 0 901 
1 1 0 
1 1 0 
1 1 0 
2 3 944 945 0 
2 3 943 946 0 
1 1 0 
1 1 0 
1 1 0 
2 3 949 950 0 
1 1 0 
2 3 951 952 0 
1 1 0 
1 1 0 
2 3 954 955 0 
2 3 953 956 0 
1 1 0 
2 3 957 958 0 
1 1 0 
2 3 959 960 0 
1 1 0 
1 1 0 
1 1 0 
2 3 963 964 0 
2 3 962 965 0 
2 3 961 966 0 
2 3 948 967 0 
2 3 947 968 0 
1 1 0 
2 3 969 970 0 
3 2 0 971 
3 2 0 969 
3 2 0 947 
3 2 0 943 
3 2 0 946 
3 2 0 944 
3 2 0 945 
3 2 0 968 
3 2 0 948 
3 2 0 967 
3 2 0 961 
3 2 0 959 
3 2 0 957 
3 2 0 953 
3 2 0 951 
3 2 0 949 
3 2 0 950 
3 2 0 952 
3 2 0 956 
3 2 0 954 
3 2 0 955 
3 2 0 958 
3 2 0 960 
3 2 0 966 
3 2 0 962 
3 2 0 965 
3 2 0 963 
3 2 0 964 
3 2 0 970 
1 1 0 
1 1 0 
1 1 0 
1 1 0 
1 1 0 
1 1 0 
1 1 0 
2 3 1006 1007 0 
2 3 1005 1008 0 
2 3 1004 1009 0 
1 1 0 
1 1 0 
1 1 0 
1 1 0 
1 1 0 
2 3 1014 1015 0 
1 1 0 
2 3 1016 1017 0 
2 3 1013 1018 0 
2 3 1012 1019 0 
2 3 1011 1020 0 
1 1 0 
1 1 0 
1 1 0 
1 1 0 
2 3 1024 1025 0 
2 3 1023 1026 0 
2 3 1022 1027 0 
2 3 1021 1028 0 
2 3 1010 1029 0 
2 3 1003 1030 0 
1 1 0 
1 1 0 
1 1 0 
1 1 0 
2 3 1034 1035 0 
1 1 0 
1 1 0 
1 1 0 
2 3 1038 1039 0 
2 3 1037 1040 0 
1 1 0 
1 1 0 
1 1 0 
1 1 0 
2 3 1044 1045 0 
2 3 1043 1046 0 
1 1 0 
1 1 0 
1 1 0 
1 1 0 
1 1 0 
1 1 0 
1 1 0 
2 3 1053 1054 0 
2 3 1052 1055 0 
2 3 1051 1056 0 
2 3 1050 1057 0 
2 3 1049 1058 0 
2 3 1048 1059 0 
2 3 1047 1060 0 
2 3 1042 1061 0 
2 3 1041 1062 0 
2 3 1036 1063 0 
1 1 0 
2 3 1064 1065 0 
2 3 1033 1066 0 
2 3 1032 1067 0 
2 3 1031 1068 0 
2 3 1002 1069 0 
2 3 1001 1070 0 
3 2 0 1071 
3 2 0 1001 
3 2 0 1070 
3 2 0 1002 
3 2 0 1069 
3 2 0 1031 
3 2 0 1003 
3 2 0 1030 
3 2 0 1010 
3 2 0 1004 
3 2 0 1009 
3 2 0 1005 
3 2 0 1008 
3 2 0 1006 
3 2 0 1007 
3 2 0 1029 
3 2 0 1021 
3 2 0 1011 
3 2 0 1020 
3 2 0 1012 
3 2 0 1019 
3 2 0 1013 
3 2 0 1018 
3 2 0 1016 
3 2 0 1014 
3 2 0 1015 
3 2 0 1017 
3 2 0 1028 
3 2 0 1022 
3 2 0 1027 
3 2 0 1023 
3 2 0 1026 
3 2 0 1024 
3 2 0 1025 
3 2 0 1068 
3 2 0 1032 
3 2 0 1067 
3 2 0 1033 
3 2 0 1066 
3 2 0 1064 
3 2 0 1036 
3 2 0 1034 
3 2 0 1035 
3 2 0 1063 
3 2 0 1041 
3 2 0 1037 
3 2 0 1040 
3 2 0 1038 
3 2 0 1039 
3 2 0 1062 
3 2 0 1042 
3 2 0 1061 
3 2 0 1047 
3 2 0 1043 
3 2 0 1046 
3 2 0 1044 
3 2 0 1045 
3 2 0 1060 
3 2 0 1048 
3 2 0 1059 
3 2 0 1049 
3 2 0 1058 
3 2 0 1050 
3 2 0 1057 
3 2 0 1051 
3 2 0 1056 
3 2 0 1052 
3 2 0 1055 
3 2 0 1053 
3 2 0 1054 
3 2 0 1065 
1 1 0 
1 1 0 
1 1 0 
1 1 0 
1 1 0 
2 3 1146 1147 0 
1 1 0 
2 3 1148 1149 0 
1 1 0 
2 3 1150 1151 0 
2 3 1145 1152 0 
2 3 1144 1153 0 
1 1 0 
1 1 0 
1 1 0 
1 1 0 
2 3 1157 1158 0 
1 1 0 
2 3 1159 1160 0 
1 1 0 
2 3 1161 1162 0 
2 3 1156 1163 0 
1 1 0 
1 1 0 
1 1 0 
1 1 0 
1 1 0 
2 3 1168 1169 0 
2 3 1167 1170 0 
2 3 1166 1171 0 
1 1 0 
1 1 0 
1 1 0 
2 3 1174 1175 0 
1 1 0 
1 1 0 
2 3 1177 1178 0 
2 3 1176 1179 0 
2 3 1173 1180 0 
2 3 1172 1181 0 
2 3 1165 1182 0 
2 3 1164 1183 0 
2 3 1155 1184 0 
2 3 1154 1185 0 
1 1 0 
2 3 1186 1187 0 
2 3 1143 1188 0 
3 2 0 1189 
3 2 0 1143 
3 2 0 1188 
3 2 0 1186 
3 2 0 1154 
3 2 0 1144 
3 2 0 1153 
3 2 0 1145 
3 2 0 1152 
3 2 0 1150 
3 2 0 1148 
3 2 0 1146 
3 2 0 1147 
3 2 0 1149 
3 2 0 1151 
3 2 0 1185 
3 2 0 1155 
3 2 0 1184 
3 2 0 1164 
3 2 0 1156 
3 2 0 1163 
3 2 0 1161 
3 2 0 1159 
3 2 0 1157 
3 2 0 1158 
3 2 0 1160 
3 2 0 1162 
3 2 0 1183 
3 2 0 1165 
3 2 0 1182 
3 2 0 1172 
3 2 0 1166 
3 2 0 1171 
3 2 0 1167 
3 2 0 1170 
3 2 0 1168 
3 2 0 1169 
3 2 0 1181 
3 2 0 1173 
3 2 0 1180 
3 2 0 1176 
3 2 0 1174 
3 2 0 1175 
3 2 0 1179 
3 2 0 1177 
3 2 0 1178 
3 2 0 1187 
1 1 0 
1 1 0 
1 1 0 
2 3 1238 1239 0 
2 3 1237 1240 0 
1 1 0 
1 1 0 
1 1 0 
2 3 1243 1244 0 
1 1 0 
1 1 0 
2 3 1246 1247 0 
1 1 0 
2 3 1248 1249 0 
2 3 1245 1250 0 
1 1 0 
2 3 1251 1252 0 
1 1 0 
1 1 0 
1 1 0 
2 3 1255 1256 0 
1 1 0 
1 1 0 
1 1 0 
2 3 1259 1260 0 
1 1 0 
1 1 0 
2 3 1262 1263 0 
2 3 1261 1264 0 
2 3 1258 1265 0 
2 3 1257 1266 0 
1 1 0 
2 3 1267 1268 0 
1 1 0 
1 1 0 
1 1 0 
1 1 0 
1 1 0 
2 3 1273 1274 0 
2 3 1272 1275 0 
1 1 0 
1 1 0 
1 1 0 
2 3 1278 1279 0 
2 3 1277 1280 0 
2 3 1276 1281 0 
2 3 1271 1282 0 
2 3 1270 1283 0 
2 3 1269 1284 0 
2 3 1254 1285 0 
2 3 1253 1286 0 
1 1 0 
2 3 1287 1288 0 
1 1 0 
1 1 0 
1 1 0 
2 3 1291 1292 0 
1 1 0 
2 3 1293 1294 0 
2 3 1290 1295 0 
1 1 0 
2 3 1296 1297 0 
2 3 1289 1298 0 
2 3 1242 1299 0 
2 3 1241 1300 0 
3 2 0 1301 
3 2 0 1241 
3 2 0 1237 
3 2 0 1240 
3 2 0 1238 
3 2 0 1239 
3 2 0 1300 
3 2 0 1242 
3 2 0 1299 
3 2 0 1289 
3 2 0 1287 
3 2 0 1253 
3 2 0 1251 
3 2 0 1245 
3 2 0 1243 
3 2 0 1244 
3 2 0 1250 
3 2 0 1248 
3 2 0 1246 
3 2 0 1247 
3 2 0 1249 
3 2 0 1252 
3 2 0 1286 
3 2 0 1254 
3 2 0 1285 
3 2 0 1269 
3 2 0 1267 
3 2 0 1257 
3 2 0 1255 
3 2 0 1256 
3 2 0 1266 
3 2 0 1258 
3 2 0 1265 
3 2 0 1261 
3 2 0 1259 
3 2 0 1260 
3 2 0 1264 
3 2 0 1262 
3 2 0 1263 
3 2 0 1268 
3 2 0 1284 
3 2 0 1270 
3 2 0 1283 
3 2 0 1271 
3 2 0 1282 
3 2 0 1276 
3 2 0 1272 
3 2 0 1275 
3 2 0 1273 
3 2 0 1274 
3 2 0 1281 
3 2 0 1277 
3 2 0 1280 
3 2 0 1278 
3 2 0 1279 
3 2 0 1288 
3 2 0 1298 
3 2 0 1296 
3 2 0 1290 
3 2 0 1295 
3 2 0 1293 
3 2 0 1291 
3 2 0 1292 
3 2 0 1294 
3 2 0 1297 
1 1 0 
1 1 0 
1 1 0 
1 1 0 
2 3 1369 1370 0 
2 3 1368 1371 0 
1 1 0 
2 3 1372 1373 0 
2 3 1367 1374 0 
1 1 0 
1 1 0 
1 1 0 
2 3 1377 1378 0 
1 1 0 
2 3 1379 1380 0 
2 3 1376 1381 0 
2 3 1375 1382 0 
1 1 0 
2 3 1383 1384 0 
1 1 0 
1 1 0 
2 3 1386 1387 0 
1 1 0 
1 1 0 
1 1 0 
1 1 0 
1 1 0 
1 1 0 
2 3 1393 1394 0 
2 3 1392 1395 0 
1 1 0 
1 1 0 
1 1 0 
1 1 0 
1 1 0 
2 3 1400 1401 0 
2 3 1399 1402 0 
2 3 1398 1403 0 
2 3 1397 1404 0 
2 3 1396 1405 0 
2 3 1391 1406 0 
2 3 1390 1407 0 
2 3 1389 1408 0 
2 3 1388 1409 0 
2 3 1385 1410 0 
1 1 0 
2 3 1411 1412 0 
3 2 0 1413 
3 2 0 1411 
3 2 0 1385 
3 2 0 1383 
3 2 0 1375 
3 2 0 1367 
3 2 0 1374 
3 2 0 1372 
3 2 0 1368 
3 2 0 1371 
3 2 0 1369 
3 2 0 1370 
3 2 0 1373 
3 2 0 1382 
3 2 0 1376 
3 2 0 1381 
3 2 0 1379 
3 2 0 1377 
3 2 0 1378 
3 2 0 1380 
3 2 0 1384 
3 2 0 1410 
3 2 0 1388 
3 2 0 1386 
3 2 0 1387 
3 2 0 1409 
3 2 0 1389 
3 2 0 1408 
3 2 0 1390 
3 2 0 1407 
3 2 0 1391 
3 2 0 1406 
3 2 0 1396 
3 2 0 1392 
3 2 0 1395 
3 2 0 1393 
3 2 0 1394 
3 2 0 1405 
3 2 0 1397 
3 2 0 1404 
3 2 0 1398 
3 2 0 1403 
3 2 0 1399 
3 2 0 1402 
3 2 0 1400 
3 2 0 1401 
3 2 0 1412 
1 1 0 
1 1 0 
1 1 0 
2 3 1462 1463 0 
1 1 0 
2 3 1464 1465 0 
2 3 1461 1466 0 
3 2 0 1467 
3 2 0 1461 
3 2 0 1466 
3 2 0 1464 
3 2 0 1462 
3 2 0 1463 
3 2 0 1465 
1 1 0 
1 1 0 
1 1 0 
2 3 1476 1477 0 
1 1 0 
2 3 1478 1479 0 
2 3 1475 1480 0 
3 2 0 1481 
3 2 0 1475 
3 2 0 1480 
3 2 0 1478 
3 2 0 1476 
3 2 0 1477 
3 2 0 1479 
1 1 0 
1 1 0 
1 1 0 
1 1 0 
2 3 1491 1492 0 
1 1 0 
2 3 1493 1494 0 
2 3 1490 1495 0 
2 3 1489 1496 0 
1 1 0 
2 3 1497 1498 0 
1 1 0 
1 1 0 
1 1 0 
2 3 1501 1502 0 
1 1 0 
1 1 0 
1 1 0 
1 1 0 
1 1 0 
1 1 0 
1 1 0 
2 3 1509 1510 0 
2 3 1508 1511 0 
2 3 1507 1512 0 
2 3 1506 1513 0 
2 3 1505 1514 0 
2 3 1504 1515 0 
2 3 1503 1516 0 
2 3 1500 1517 0 
2 3 1499 1518 0 
1 1 0 
2 3 1519 1520 0 
3 2 0 1521 
3 2 0 1519 
3 2 0 1499 
3 2 0 1497 
3 2 0 1489 
3 2 0 1496 
3 2 0 1490 
3 2 0 1495 
3 2 0 1493 
3 2 0 1491 
3 2 0 1492 
3 2 0 1494 
3 2 0 1498 
3 2 0 1518 
3 2 0 1500 
3 2 0 1517 
3 2 0 1503 
3 2 0 1501 
3 2 0 1502 
3 2 0 1516 
3 2 0 1504 
3 2 0 1515 
3 2 0 1505 
3 2 0 1514 
3 2 0 1506 
3 2 0 1513 
3 2 0 1507 
3 2 0 1512 
3 2 0 1508 
3 2 0 1511 
3 2 0 1509 
3 2 0 1510 
3 2 0 1520 
1 1 0 
1 1 0 
2 3 1555 1556 0 
1 1 0 
1 1 0 
1 1 0 
2 3 1559 1560 0 
1 1 0 
1 1 0 
1 1 0 
1 1 0 
1 1 0 
2 3 1565 1566 0 
2 3 1564 1567 0 
2 3 1563 1568 0 
1 1 0 
2 3 1569 1570 0 
1 1 0 
1 1 0 
1 1 0 
1 1 0 
2 3 1574 1575 0 
2 3 1573 1576 0 
2 3 1572 1577 0 
2 3 1571 1578 0 
2 3 1562 1579 0 
2 3 1561 1580 0 
2 3 1558 1581 0 
1 1 0 
2 3 1582 1583 0 
2 3 1557 1584 0 
3 2 0 1585 
3 2 0 1557 
3 2 0 1555 
3 2 0 1556 
3 2 0 1584 
3 2 0 1582 
3 2 0 1558 
3 2 0 1581 
3 2 0 1561 
3 2 0 1559 
3 2 0 1560 
3 2 0 1580 
3 2 0 1562 
3 2 0 1579 
3 2 0 1571 
3 2 0 1569 
3 2 0 1563 
3 2 0 1568 
3 2 0 1564 
3 2 0 1567 
3 2 0 1565 
3 2 0 1566 
3 2 0 1570 
3 2 0 1578 
3 2 0 1572 
3 2 0 1577 
3 2 0 1573 
3 2 0 1576 
3 2 0 1574 
3 2 0 1575 
3 2 0 1583 
1 1 0 
1 1 0 
2 3 1617 1618 0 
1 1 0 
1 1 0 
1 1 0 
1 1 0 
2 3 1622 1623 0 
1 1 0 
2 3 1624 1625 0 
2 3 1621 1626 0 
2 3 1620 1627 0 
2 3 1619 1628 0 
1 1 0 
2 3 1629 1630 0 
1 1 0 
1 1 0 
1 1 0 
2 3 1633 1634 0 
1 1 0 
2 3 1635 1636 0 
2 3 1632 1637 0 
1 1 0 
2 3 1638 1639 0 
1 1 0 
2 3 1640 1641 0 
1 1 0 
2 3 1642 1643 0 
1 1 0 
1 1 0 
2 3 1645 1646 0 
1 1 0 
1 1 0 
1 1 0 
2 3 1649 1650 0 
2 3 1648 1651 0 
2 3 1647 1652 0 
2 3 1644 1653 0 
2 3 1631 1654 0 
1 1 0 
2 3 1655 1656 0 
3 2 0 1657 
3 2 0 1655 
3 2 0 1631 
3 2 0 1629 
3 2 0 1619 
3 2 0 1617 
3 2 0 1618 
3 2 0 1628 
3 2 0 1620 
3 2 0 1627 
3 2 0 1621 
3 2 0 1626 
3 2 0 1624 
3 2 0 1622 
3 2 0 1623 
3 2 0 1625 
3 2 0 1630 
3 2 0 1654 
3 2 0 1644 
3 2 0 1642 
3 2 0 1640 
3 2 0 1638 
3 2 0 1632 
3 2 0 1637 
3 2 0 1635 
3 2 0 1633 
3 2 0 1634 
3 2 0 1636 
3 2 0 1639 
3 2 0 1641 
3 2 0 1643 
3 2 0 1653 
3 2 0 1647 
3 2 0 1645 
3 2 0 1646 
3 2 0 1652 
3 2 0 1648 
3 2 0 1651 
3 2 0 1649 
3 2 0 1650 
3 2 0 1656 
1 1 0 
1 1 0 
1 1 0 
2 3 1700 1701 0 
2 3 1699 1702 0 
1 1 0 
1 1 0 
2 3 1704 1705 0 
1 1 0 
1 1 0 
1 1 0 
1 1 0 
2 3 1709 1710 0 
1 1 0 
2 3 1711 1712 0 
1 1 0 
1 1 0 
2 3 1714 1715 0 
2 3 1713 1716 0 
2 3 1708 1717 0 
2 3 1707 1718 0 
2 3 1706 1719 0 
1 1 0 
2 3 1720 1721 0 
2 3 1703 1722 0 
3 2 0 1723 
3 2 0 1703 
3 2 0 1699 
3 2 0 1702 
3 2 0 1700 
3 2 0 1701 
3 2 0 1722 
3 2 0 1720 
3 2 0 1706 
3 2 0 1704 
3 2 0 1705 
3 2 0 1719 
3 2 0 1707 
3 2 0 1718 
3 2 0 1708 
3 2 0 1717 
3 2 0 1713 
3 2 0 1711 
3 2 0 1709 
3 2 0 1710 
3 2 0 1712 
3 2 0 1716 
3 2 0 1714 
3 2 0 1715 
3 2 0 1721 
1 1 0 
1 1 0 
1 1 0 
1 1 0 
1 1 0 
2 3 1752 1753 0 
2 3 1751 1754 0 
2 3 1750 1755 0 
1 1 0 
1 1 0 
1 1 0 
2 3 1758 1759 0 
2 3 1757 1760 0 
2 3 1756 1761 0 
2 3 1749 1762 0 
1 1 0 
2 3 1763 1764 0 
1 1 0 
1 1 0 
1 1 0 
1 1 0 
2 3 1768 1769 0 
1 1 0 
1 1 0 
1 1 0 
1 1 0 
2 3 1773 1774 0 
2 3 1772 1775 0 
2 3 1771 1776 0 
2 3 1770 1777 0 
2 3 1767 1778 0 
2 3 1766 1779 0 
2 3 1765 1780 0 
1 1 0 
2 3 1781 1782 0 
1 1 0 
1 1 0 
1 1 0 
2 3 1785 1786 0 
1 1 0 
1 1 0 
1 1 0 
1 1 0 
2 3 1790 1791 0 
1 1 0 
2 3 1792 1793 0 
2 3 1789 1794 0 
2 3 1788 1795 0 
2 3 1787 1796 0 
2 3 1784 1797 0 
2 3 1783 1798 0 
1 1 0 
2 3 1799 1800 0 
3 2 0 1801 
3 2 0 1799 
3 2 0 1783 
3 2 0 1781 
3 2 0 1765 
3 2 0 1763 
3 2 0 1749 
3 2 0 1762 
3 2 0 1756 
3 2 0 1750 
3 2 0 1755 
3 2 0 1751 
3 2 0 1754 
3 2 0 1752 
3 2 0 1753 
3 2 0 1761 
3 2 0 1757 
3 2 0 1760 
3 2 0 1758 
3 2 0 1759 
3 2 0 1764 
3 2 0 1780 
3 2 0 1766 
3 2 0 1779 
3 2 0 1767 
3 2 0 1778 
3 2 0 1770 
3 2 0 1768 
3 2 0 1769 
3 2 0 1777 
3 2 0 1771 
3 2 0 1776 
3 2 0 1772 
3 2 0 1775 
3 2 0 1773 
3 2 0 1774 
3 2 0 1782 
3 2 0 1798 
3 2 0 1784 
3 2 0 1797 
3 2 0 1787 
3 2 0 1785 
3 2 0 1786 
3 2 0 1796 
3 2 0 1788 
3 2 0 1795 
3 2 0 1789 
3 2 0 1794 
3 2 0 1792 
3 2 0 1790 
3 2 0 1791 
3 2 0 1793 
3 2 0 1800 
1 1 0 
1 1 0 
2 3 1855 1856 0 
1 1 0 
1 1 0 
1 1 0 
1 1 0 
1 1 0 
1 1 0 
1 1 0 
1 1 0 
1 1 0 
1 1 0 
2 3 1866 1867 0 
2 3 1865 1868 0 
2 3 1864 1869 0 
2 3 1863 1870 0 
2 3 1862 1871 0 
2 3 1861 1872 0 
2 3 1860 1873 0 
2 3 1859 1874 0 
2 3 1858 1875 0 
2 3 1857 1876 0 
1 1 0 
1 1 0 
2 3 1878 1879 0 
1 1 0 
1 1 0 
1 1 0 
2 3 1882 1883 0 
2 3 1881 1884 0 
1 1 0 
1 1 0 
1 1 0 
2 3 1887 1888 0 
2 3 1886 1889 0 
2 3 1885 1890 0 
2 3 1880 1891 0 
1 1 0 
2 3 1892 1893 0 
2 3 1877 1894 0 
3 2 0 1895 
3 2 0 1877 
3 2 0 1857 
3 2 0 1855 
3 2 0 1856 
3 2 0 1876 
3 2 0 1858 
3 2 0 1875 
3 2 0 1859 
3 2 0 1874 
3 2 0 1860 
3 2 0 1873 
3 2 0 1861 
3 2 0 1872 
3 2 0 1862 
3 2 0 1871 
3 2 0 1863 
3 2 0 1870 
3 2 0 1864 
3 2 0 1869 
3 2 0 1865 
3 2 0 1868 
3 2 0 1866 
3 2 0 1867 
3 2 0 1894 
3 2 0 1892 
3 2 0 1880 
3 2 0 1878 
3 2 0 1879 
3 2 0 1891 
3 2 0 1885 
3 2 0 1881 
3 2 0 1884 
3 2 0 1882 
3 2 0 1883 
3 2 0 1890 
3 2 0 1886 
3 2 0 1889 
3 2 0 1887 
3 2 0 1888 
3 2 0 1893 
1 1 0 
1 1 0 
1 1 0 
1 1 0 
1 1 0 
1 1 0 
1 1 0 
1 1 0 
1 1 0 
1 1 0 
1 1 0 
2 3 1946 1947 0 
2 3 1945 1948 0 
2 3 1944 1949 0 
2 3 1943 1950 0 
2 3 1942 1951 0 
2 3 1941 1952 0 
2 3 1940 1953 0 
2 3 1939 1954 0 
2 3 1938 1955 0 
1 1 0 
2 3 1956 1957 0 
2 3 1937 1958 0 
3 2 0 1959 
3 2 0 1937 
3 2 0 1958 
3 2 0 1956 
3 2 0 1938 
3 2 0 1955 
3 2 0 1939 
3 2 0 1954 
3 2 0 1940 
3 2 0 1953 
3 2 0 1941 
3 2 0 1952 
3 2 0 1942 
3 2 0 1951 
3 2 0 1943 
3 2 0 1950 
3 2 0 1944 
3 2 0 1949 
3 2 0 1945 
3 2 0 1948 
3 2 0 1946 
3 2 0 1947 
3 2 0 1957 
1 1 0 
1 1 0 
2 3 1983 1984 0 
1 1 0 
1 1 0 
1 1 0 
2 3 1987 1988 0 
2 3 1986 1989 0 
2 3 1985 1990 0 
1 1 0 
1 1 0 
1 1 0 
1 1 0 
1 1 0 
1 1 0 
1 1 0 
1 1 0 
1 1 0 
2 3 1999 2000 0 
2 3 1998 2001 0 
1 1 0 
1 1 0 
2 3 2003 2004 0 
2 3 2002 2005 0 
2 3 1997 2006 0 
2 3 1996 2007 0 
2 3 1995 2008 0 
2 3 1994 2009 0 
2 3 1993 2010 0 
2 3 1992 2011 0 
1 1 0 
2 3 2012 2013 0 
2 3 1991 2014 0 
3 2 0 2015 
3 2 0 1991 
3 2 0 1985 
3 2 0 1983 
3 2 0 1984 
3 2 0 1990 
3 2 0 1986 
3 2 0 1989 
3 2 0 1987 
3 2 0 1988 
3 2 0 2014 
3 2 0 2012 
3 2 0 1992 
3 2 0 2011 
3 2 0 1993 
3 2 0 2010 
3 2 0 1994 
3 2 0 2009 
3 2 0 1995 
3 2 0 2008 
3 2 0 1996 
3 2 0 2007 
3 2 0 1997 
3 2 0 2006 
3 2 0 2002 
3 2 0 1998 
3 2 0 2001 
3 2 0 1999 
3 2 0 2000 
3 2 0 2005 
3 2 0 2003 
3 2 0 2004 
3 2 0 2013 
1 1 0 
1 1 0 
1 1 0 
1 1 0 
2 3 2051 2052 0 
1 1 0 
2 3 2053 2054 0 
2 3 2050 2055 0 
2 3 2049 2056 0 
1 1 0 
1 1 0 
1 1 0 
2 3 2059 2060 0 
2 3 2058 2061 0 
2 3 2057 2062 0 
1 1 0 
2 3 2063 2064 0 
1 1 0 
1 1 0 
2 3 2066 2067 0 
1 1 0 
1 1 0 
1 1 0 
1 1 0 
2 3 2071 2072 0 
1 1 0 
2 3 2073 2074 0 
1 1 0 
2 3 2075 2076 0 
1 1 0 
2 3 2077 2078 0 
1 1 0 
2 3 2079 2080 0 
1 1 0 
1 1 0 
2 3 2082 2083 0 
2 3 2081 2084 0 
2 3 2070 2085 0 
2 3 2069 2086 0 
2 3 2068 2087 0 
2 3 2065 2088 0 
1 1 0 
2 3 2089 2090 0 
3 2 0 2091 
3 2 0 2089 
3 2 0 2065 
3 2 0 2063 
3 2 0 2057 
3 2 0 2049 
3 2 0 2056 
3 2 0 2050 
3 2 0 2055 
3 2 0 2053 
3 2 0 2051 
3 2 0 2052 
3 2 0 2054 
3 2 0 2062 
3 2 0 2058 
3 2 0 2061 
3 2 0 2059 
3 2 0 2060 
3 2 0 2064 
3 2 0 2088 
3 2 0 2068 
3 2 0 2066 
3 2 0 2067 
3 2 0 2087 
3 2 0 2069 
3 2 0 2086 
3 2 0 2070 
3 2 0 2085 
3 2 0 2081 
3 2 0 2079 
3 2 0 2077 
3 2 0 2075 
3 2 0 2073 
3 2 0 2071 
3 2 0 2072 
3 2 0 2074 
3 2 0 2076 
3 2 0 2078 
3 2 0 2080 
3 2 0 2084 
3 2 0 2082 
3 2 0 2083 
3 2 0 2090 
1 1 0 
1 1 0 
1 1 0 
2 3 2136 2137 0 
1 1 0 
2 3 2138 2139 0 
1 1 0 
1 1 0 
1 1 0 
2 3 2142 2143 0 
2 3 2141 2144 0 
2 3 2140 2145 0 
1 1 0 
1 1 0 
2 3 2147 2148 0 
1 1 0 
2 3 2149 2150 0 
2 3 2146 2151 0 
2 3 2135 2152 0 
1 1 0 
1 1 0 
1 1 0 
1 1 0 
1 1 0 
2 3 2157 2158 0 
2 3 2156 2159 0 
1 1 0 
2 3 2160 2161 0 
1 1 0 
1 1 0 
1 1 0 
2 3 2164 2165 0 
1 1 0 
1 1 0 
1 1 0 
1 1 0 
1 1 0 
1 1 0 
2 3 2171 2172 0 
1 1 0 
1 1 0 
1 1 0 
1 1 0 
2 3 2176 2177 0 
2 3 2175 2178 0 
2 3 2174 2179 0 
2 3 2173 2180 0 
2 3 2170 2181 0 
2 3 2169 2182 0 
2 3 2168 2183 0 
2 3 2167 2184 0 
2 3 2166 2185 0 
2 3 2163 2186 0 
2 3 2162 2187 0 
1 1 0 
2 3 2188 2189 0 
2 3 2155 2190 0 
2 3 2154 2191 0 
2 3 2153 2192 0 
3 2 0 2193 
3 2 0 2153 
3 2 0 2135 
3 2 0 2152 
3 2 0 2146 
3 2 0 2140 
3 2 0 2138 
3 2 0 2136 
3 2 0 2137 
3 2 0 2139 
3 2 0 2145 
3 2 0 2141 
3 2 0 2144 
3 2 0 2142 
3 2 0 2143 
3 2 0 2151 
3 2 0 2149 
3 2 0 2147 
3 2 0 2148 
3 2 0 2150 
3 2 0 2192 
3 2 0 2154 
3 2 0 2191 
3 2 0 2155 
3 2 0 2190 
3 2 0 2188 
3 2 0 2162 
3 2 0 2160 
3 2 0 2156 
3 2 0 2159 
3 2 0 2157 
3 2 0 2158 
3 2 0 2161 
3 2 0 2187 
3 2 0 2163 
3 2 0 2186 
3 2 0 2166 
3 2 0 2164 
3 2 0 2165 
3 2 0 2185 
3 2 0 2167 
3 2 0 2184 
3 2 0 2168 
3 2 0 2183 
3 2 0 2169 
3 2 0 2182 
3 2 0 2170 
3 2 0 2181 
3 2 0 2173 
3 2 0 2171 
3 2 0 2172 
3 2 0 2180 
3 2 0 2174 
3 2 0 2179 
3 2 0 2175 
3 2 0 2178 
3 2 0 2176 
3 2 0 2177 
3 2 0 2189 
1 1 0 
1 1 0 
1 1 0 
1 1 0 
1 1 0 
1 1 0 
1 1 0 
2 3 2258 2259 0 
1 1 0 
2 3 2260 2261 0 
1 1 0 
1 1 0 
1 1 0 
1 1 0 
1 1 0 
2 3 2266 2267 0 
2 3 2265 2268 0 
2 3 2264 2269 0 
2 3 2263 2270 0 
2 3 2262 2271 0 
2 3 2257 2272 0 
2 3 2256 2273 0 
2 3 2255 2274 0 
2 3 2254 2275 0 
1 1 0 
2 3 2276 2277 0 
2 3 2253 2278 0 
3 2 0 2279 
3 2 0 2253 
3 2 0 2278 
3 2 0 2276 
3 2 0 2254 
3 2 0 2275 
3 2 0 2255 
3 2 0 2274 
3 2 0 2256 
3 2 0 2273 
3 2 0 2257 
3 2 0 2272 
3 2 0 2262 
3 2 0 2260 
3 2 0 2258 
3 2 0 2259 
3 2 0 2261 
3 2 0 2271 
3 2 0 2263 
3 2 0 2270 
3 2 0 2264 
3 2 0 2269 
3 2 0 2265 
3 2 0 2268 
3 2 0 2266 
3 2 0 2267 
3 2 0 2277 
1 1 0 
1 1 0 
2 3 2307 2308 0 
1 1 0 
1 1 0 
1 1 0 
1 1 0 
2 3 2312 2313 0 
2 3 2311 2314 0 
1 1 0 
1 1 0 
2 3 2316 2317 0 
1 1 0 
2 3 2318 2319 0 
1 1 0 
1 1 0 
2 3 2321 2322 0 
2 3 2320 2323 0 
2 3 2315 2324 0 
2 3 2310 2325 0 
2 3 2309 2326 0 
1 1 0 
1 1 0 
2 3 2328 2329 0 
1 1 0 
1 1 0 
2 3 2331 2332 0 
1 1 0 
1 1 0 
1 1 0 
1 1 0 
2 3 2336 2337 0 
2 3 2335 2338 0 
2 3 2334 2339 0 
2 3 2333 2340 0 
1 1 0 
1 1 0 
1 1 0 
2 3 2343 2344 0 
1 1 0 
1 1 0 
1 1 0 
2 3 2347 2348 0 
2 3 2346 2349 0 
2 3 2345 2350 0 
1 1 0 
2 3 2351 2352 0 
1 1 0 
1 1 0 
1 1 0 
2 3 2355 2356 0 
1 1 0 
2 3 2357 2358 0 
2 3 2354 2359 0 
2 3 2353 2360 0 
2 3 2342 2361 0 
2 3 2341 2362 0 
2 3 2330 2363 0 
1 1 0 
2 3 2364 2365 0 
2 3 2327 2366 0 
3 2 0 2367 
3 2 0 2327 
3 2 0 2309 
3 2 0 2307 
3 2 0 2308 
3 2 0 2326 
3 2 0 2310 
3 2 0 2325 
3 2 0 2315 
3 2 0 2311 
3 2 0 2314 
3 2 0 2312 
3 2 0 2313 
3 2 0 2324 
3 2 0 2320 
3 2 0 2318 
3 2 0 2316 
3 2 0 2317 
3 2 0 2319 
3 2 0 2323 
3 2 0 2321 
3 2 0 2322 
3 2 0 2366 
3 2 0 2364 
3 2 0 2330 
3 2 0 2328 
3 2 0 2329 
3 2 0 2363 
3 2 0 2341 
3 2 0 2333 
3 2 0 2331 
3 2 0 2332 
3 2 0 2340 
3 2 0 2334 
3 2 0 2339 
3 2 0 2335 
3 2 0 2338 
3 2 0 2336 
3 2 0 2337 
3 2 0 2362 
3 2 0 2342 
3 2 0 2361 
3 2 0 2353 
3 2 0 2351 
3 2 0 2345 
3 2 0 2343 
3 2 0 2344 
3 2 0 2350 
3 2 0 2346 
3 2 0 2349 
3 2 0 2347 
3 2 0 2348 
3 2 0 2352 
3 2 0 2360 
3 2 0 2354 
3 2 0 2359 
3 2 0 2357 
3 2 0 2355 
3 2 0 2356 
3 2 0 2358 
3 2 0 2365 
1 1 0 
1 1 0 
1 1 0 
2 3 2430 2431 0 
2 3 2429 2432 0 
1 1 0 
1 1 0 
1 1 0 
1 1 0 
2 3 2436 2437 0 
2 3 2435 2438 0 
2 3 2434 2439 0 
2 3 2433 2440 0 
1 1 0 
1 1 0 
1 1 0 
1 1 0 
1 1 0 
1 1 0 
2 3 2446 2447 0 
2 3 2445 2448 0 
2 3 2444 2449 0 
2 3 2443 2450 0 
2 3 2442 2451 0 
1 1 0 
2 3 2452 2453 0 
2 3 2441 2454 0 
3 2 0 2455 
3 2 0 2441 
3 2 0 2433 
3 2 0 2429 
3 2 0 2432 
3 2 0 2430 
3 2 0 2431 
3 2 0 2440 
3 2 0 2434 
3 2 0 2439 
3 2 0 2435 
3 2 0 2438 
3 2 0 2436 
3 2 0 2437 
3 2 0 2454 
3 2 0 2452 
3 2 0 2442 
3 2 0 2451 
3 2 0 2443 
3 2 0 2450 
3 2 0 2444 
3 2 0 2449 
3 2 0 2445 
3 2 0 2448 
3 2 0 2446 
3 2 0 2447 
3 2 0 2453 
1 1 0 
1 1 0 
1 1 0 
1 1 0 
2 3 2485 2486 0 
2 3 2484 2487 0 
2 3 2483 2488 0 
1 1 0 
1 1 0 
1 1 0 
2 3 2491 2492 0 
1 1 0 
2 3 2493 2494 0 
2 3 2490 2495 0 
2 3 2489 2496 0 
3 2 0 2497 
3 2 0 2489 
3 2 0 2483 
3 2 0 2488 
3 2 0 2484 
3 2 0 2487 
3 2 0 2485 
3 2 0 2486 
3 2 0 2496 
3 2 0 2490 
3 2 0 2495 
3 2 0 2493 
3 2 0 2491 
3 2 0 2492 
3 2 0 2494 
1 1 0 
1 1 0 
2 3 2513 2514 0 
1 1 0 
1 1 0 
1 1 0 
1 1 0 
1 1 0 
1 1 0 
2 3 2520 2521 0 
2 3 2519 2522 0 
2 3 2518 2523 0 
2 3 2517 2524 0 
1 1 0 
1 1 0 
1 1 0 
2 3 2527 2528 0 
2 3 2526 2529 0 
2 3 2525 2530 0 
1 1 0 
2 3 2531 2532 0 
1 1 0 
1 1 0 
1 1 0 
1 1 0 
1 1 0 
2 3 2537 2538 0 
2 3 2536 2539 0 
2 3 2535 2540 0 
2 3 2534 2541 0 
1 1 0 
1 1 0 
1 1 0 
2 3 2544 2545 0 
2 3 2543 2546 0 
2 3 2542 2547 0 
2 3 2533 2548 0 
2 3 2516 2549 0 
1 1 0 
2 3 2550 2551 0 
2 3 2515 2552 0 
3 2 0 2553 
3 2 0 2515 
3 2 0 2513 
3 2 0 2514 
3 2 0 2552 
3 2 0 2550 
3 2 0 2516 
3 2 0 2549 
3 2 0 2533 
3 2 0 2531 
3 2 0 2525 
3 2 0 2517 
3 2 0 2524 
3 2 0 2518 
3 2 0 2523 
3 2 0 2519 
3 2 0 2522 
3 2 0 2520 
3 2 0 2521 
3 2 0 2530 
3 2 0 2526 
3 2 0 2529 
3 2 0 2527 
3 2 0 2528 
3 2 0 2532 
3 2 0 2548 
3 2 0 2542 
3 2 0 2534 
3 2 0 2541 
3 2 0 2535 
3 2 0 2540 
3 2 0 2536 
3 2 0 2539 
3 2 0 2537 
3 2 0 2538 
3 2 0 2547 
3 2 0 2543 
3 2 0 2546 
3 2 0 2544 
3 2 0 2545 
3 2 0 2551 
1 1 0 
1 1 0 
1 1 0 
1 1 0 
2 3 2597 2598 0 
2 3 2596 2599 0 
2 3 2595 2600 0 
1 1 0 
1 1 0 
1 1 0 
2 3 2603 2604 0 
1 1 0 
1 1 0 
1 1 0 
1 1 0 
1 1 0 
1 1 0 
2 3 2610 2611 0 
2 3 2609 2612 0 
2 3 2608 2613 0 
2 3 2607 2614 0 
2 3 2606 2615 0 
1 1 0 
1 1 0 
1 1 0 
1 1 0 
1 1 0 
2 3 2620 2621 0 
2 3 2619 2622 0 
2 3 2618 2623 0 
2 3 2617 2624 0 
2 3 2616 2625 0 
1 1 0 
2 3 2626 2627 0 
2 3 2605 2628 0 
2 3 2602 2629 0 
2 3 2601 2630 0 
3 2 0 2631 
3 2 0 2601 
3 2 0 2595 
3 2 0 2600 
3 2 0 2596 
3 2 0 2599 
3 2 0 2597 
3 2 0 2598 
3 2 0 2630 
3 2 0 2602 
3 2 0 2629 
3 2 0 2605 
3 2 0 2603 
3 2 0 2604 
3 2 0 2628 
3 2 0 2626 
3 2 0 2616 
3 2 0 2606 
3 2 0 2615 
3 2 0 2607 
3 2 0 2614 
3 2 0 2608 
3 2 0 2613 
3 2 0 2609 
3 2 0 2612 
3 2 0 2610 
3 2 0 2611 
3 2 0 2625 
3 2 0 2617 
3 2 0 2624 
3 2 0 2618 
3 2 0 2623 
3 2 0 2619 
3 2 0 2622 
3 2 0 2620 
3 2 0 2621 
3 2 0 2627 
1 1 0 
1 1 0 
1 1 0 
1 1 0 
1 1 0 
1 1 0 
1 1 0 
2 3 2674 2675 0 
2 3 2673 2676 0 
2 3 2672 2677 0 
1 1 0 
1 1 0 
1 1 0 
2 3 2680 2681 0 
1 1 0 
1 1 0 
1 1 0 
2 3 2684 2685 0 
2 3 2683 2686 0 
2 3 2682 2687 0 
2 3 2679 2688 0 
2 3 2678 2689 0 
2 3 2671 2690 0 
2 3 2670 2691 0 
2 3 2669 2692 0 
1 1 0 
1 1 0 
1 1 0 
2 3 2695 2696 0 
1 1 0 
1 1 0 
1 1 0 
1 1 0 
1 1 0 
2 3 2701 2702 0 
2 3 2700 2703 0 
1 1 0 
1 1 0 
1 1 0 
1 1 0 
2 3 2707 2708 0 
1 1 0 
2 3 2709 2710 0 
2 3 2706 2711 0 
2 3 2705 2712 0 
2 3 2704 2713 0 
2 3 2699 2714 0 
2 3 2698 2715 0 
1 1 0 
2 3 2716 2717 0 
2 3 2697 2718 0 
2 3 2694 2719 0 
2 3 2693 2720 0 
3 2 0 2721 
3 2 0 2693 
3 2 0 2669 
3 2 0 2692 
3 2 0 2670 
3 2 0 2691 
3 2 0 2671 
3 2 0 2690 
3 2 0 2678 
3 2 0 2672 
3 2 0 2677 
3 2 0 2673 
3 2 0 2676 
3 2 0 2674 
3 2 0 2675 
3 2 0 2689 
3 2 0 2679 
3 2 0 2688 
3 2 0 2682 
3 2 0 2680 
3 2 0 2681 
3 2 0 2687 
3 2 0 2683 
3 2 0 2686 
3 2 0 2684 
3 2 0 2685 
3 2 0 2720 
3 2 0 2694 
3 2 0 2719 
3 2 0 2697 
3 2 0 2695 
3 2 0 2696 
3 2 0 2718 
3 2 0 2716 
3 2 0 2698 
3 2 0 2715 
3 2 0 2699 
3 2 0 2714 
3 2 0 2704 
3 2 0 2700 
3 2 0 2703 
3 2 0 2701 
3 2 0 2702 
3 2 0 2713 
3 2 0 2705 
3 2 0 2712 
3 2 0 2706 
3 2 0 2711 
3 2 0 2709 
3 2 0 2707 
3 2 0 2708 
3 2 0 2710 
3 2 0 2717 
1 1 0 
1 1 0 
1 1 0 
2 3 2776 2777 0 
2 3 2775 2778 0 
1 1 0 
1 1 0 
1 1 0 
2 3 2781 2782 0 
2 3 2780 2783 0 
2 3 2779 2784 0 
1 1 0 
1 1 0 
1 1 0 
2 3 2787 2788 0 
2 3 2786 2789 0 
2 3 2785 2790 0 
1 1 0 
2 3 2791 2792 0 
3 2 0 2793 
3 2 0 2791 
3 2 0 2785 
3 2 0 2779 
3 2 0 2775 
3 2 0 2778 
3 2 0 2776 
3 2 0 2777 
3 2 0 2784 
3 2 0 2780 
3 2 0 2783 
3 2 0 2781 
3 2 0 2782 
3 2 0 2790 
3 2 0 2786 
3 2 0 2789 
3 2 0 2787 
3 2 0 2788 
3 2 0 2792 
1 1 0 
1 1 0 
2 3 2813 2814 0 
1 1 0 
1 1 0 
1 1 0 
2 3 2817 2818 0 
2 3 2816 2819 0 
2 3 2815 2820 0 
1 1 0 
2 3 2821 2822 0 
1 1 0 
1 1 0 
1 1 0 
1 1 0 
1 1 0 
1 1 0 
1 1 0 
2 3 2829 2830 0 
2 3 2828 2831 0 
2 3 2827 2832 0 
2 3 2826 2833 0 
2 3 2825 2834 0 
1 1 0 
1 1 0 
1 1 0 
1 1 0 
1 1 0 
1 1 0 
1 1 0 
2 3 2841 2842 0 
1 1 0 
2 3 2843 2844 0 
2 3 2840 2845 0 
2 3 2839 2846 0 
2 3 2838 2847 0 
2 3 2837 2848 0 
2 3 2836 2849 0 
2 3 2835 2850 0 
2 3 2824 2851 0 
2 3 2823 2852 0 
1 1 0 
2 3 2853 2854 0 
3 2 0 2855 
3 2 0 2853 
3 2 0 2823 
3 2 0 2821 
3 2 0 2815 
3 2 0 2813 
3 2 0 2814 
3 2 0 2820 
3 2 0 2816 
3 2 0 2819 
3 2 0 2817 
3 2 0 2818 
3 2 0 2822 
3 2 0 2852 
3 2 0 2824 
3 2 0 2851 
3 2 0 2835 
3 2 0 2825 
3 2 0 2834 
3 2 0 2826 
3 2 0 2833 
3 2 0 2827 
3 2 0 2832 
3 2 0 2828 
3 2 0 2831 
3 2 0 2829 
3 2 0 2830 
3 2 0 2850 
3 2 0 2836 
3 2 0 2849 
3 2 0 2837 
3 2 0 2848 
3 2 0 2838 
3 2 0 2847 
3 2 0 2839 
3 2 0 2846 
3 2 0 2840 
3 2 0 2845 
3 2 0 2843 
3 2 0 2841 
3 2 0 2842 
3 2 0 2844 
3 2 0 2854 
1 1 0 
1 1 0 
1 1 0 
1 1 0 
1 1 0 
2 3 2902 2903 0 
2 3 2901 2904 0 
2 3 2900 2905 0 
2 3 2899 2906 0 
1 1 0 
1 1 0 
1 1 0 
2 3 2909 2910 0 
2 3 2908 2911 0 
1 1 0 
1 1 0 
2 3 2913 2914 0 
1 1 0 
2 3 2915 2916 0 
1 1 0 
1 1 0 
2 3 2918 2919 0 
1 1 0 
1 1 0 
2 3 2921 2922 0 
1 1 0 
2 3 2923 2924 0 
2 3 2920 2925 0 
2 3 2917 2926 0 
2 3 2912 2927 0 
1 1 0 
2 3 2928 2929 0 
1 1 0 
2 3 2930 2931 0 
2 3 2907 2932 0 
3 2 0 2933 
3 2 0 2907 
3 2 0 2899 
3 2 0 2906 
3 2 0 2900 
3 2 0 2905 
3 2 0 2901 
3 2 0 2904 
3 2 0 2902 
3 2 0 2903 
3 2 0 2932 
3 2 0 2930 
3 2 0 2928 
3 2 0 2912 
3 2 0 2908 
3 2 0 2911 
3 2 0 2909 
3 2 0 2910 
3 2 0 2927 
3 2 0 2917 
3 2 0 2915 
3 2 0 2913 
3 2 0 2914 
3 2 0 2916 
3 2 0 2926 
3 2 0 2920 
3 2 0 2918 
3 2 0 2919 
3 2 0 2925 
3 2 0 2923 
3 2 0 2921 
3 2 0 2922 
3 2 0 2924 
3 2 0 2929 
3 2 0 2931 
1 1 0 
1 1 0 
1 1 0 
1 1 0 
1 1 0 
2 3 2972 2973 0 
1 1 0 
1 1 0 
2 3 2975 2976 0 
1 1 0 
1 1 0 
1 1 0 
2 3 2979 2980 0 
2 3 2978 2981 0 
2 3 2977 2982 0 
2 3 2974 2983 0 
2 3 2971 2984 0 
2 3 2970 2985 0 
1 1 0 
1 1 0 
2 3 2987 2988 0 
2 3 2986 2989 0 
2 3 2969 2990 0 
1 1 0 
1 1 0 
1 1 0 
2 3 2993 2994 0 
2 3 2992 2995 0 
1 1 0 
2 3 2996 2997 0 
2 3 2991 2998 0 
3 2 0 2999 
3 2 0 2991 
3 2 0 2969 
3 2 0 2990 
3 2 0 2986 
3 2 0 2970 
3 2 0 2985 
3 2 0 2971 
3 2 0 2984 
3 2 0 2974 
3 2 0 2972 
3 2 0 2973 
3 2 0 2983 
3 2 0 2977 
3 2 0 2975 
3 2 0 2976 
3 2 0 2982 
3 2 0 2978 
3 2 0 2981 
3 2 0 2979 
3 2 0 2980 
3 2 0 2989 
3 2 0 2987 
3 2 0 2988 
3 2 0 2998 
3 2 0 2996 
3 2 0 2992 
3 2 0 2995 
3 2 0 2993 
3 2 0 2994 
3 2 0 2997 
1 1 0 
1 1 0 
1 1 0 
1 1 0 
1 1 0 
1 1 0 
1 1 0 
1 1 0 
2 3 3037 3038 0 
2 3 3036 3039 0 
2 3 3035 3040 0 
1 1 0 
2 3 3041 3042 0 
1 1 0 
1 1 0 
1 1 0 
1 1 0 
1 1 0 
2 3 3047 3048 0 
2 3 3046 3049 0 
2 3 3045 3050 0 
2 3 3044 3051 0 
2 3 3043 3052 0 
2 3 3034 3053 0 
2 3 3033 3054 0 
2 3 3032 3055 0 
1 1 0 
2 3 3056 3057 0 
2 3 3031 3058 0 
3 2 0 3059 
3 2 0 3031 
3 2 0 3058 
3 2 0 3056 
3 2 0 3032 
3 2 0 3055 
3 2 0 3033 
3 2 0 3054 
3 2 0 3034 
3 2 0 3053 
3 2 0 3043 
3 2 0 3041 
3 2 0 3035 
3 2 0 3040 
3 2 0 3036 
3 2 0 3039 
3 2 0 3037 
3 2 0 3038 
3 2 0 3042 
3 2 0 3052 
3 2 0 3044 
3 2 0 3051 
3 2 0 3045 
3 2 0 3050 
3 2 0 3046 
3 2 0 3049 
3 2 0 3047 
3 2 0 3048 
3 2 0 3057 
1 1 0 
1 1 0 
1 1 0 
1 1 0 
2 3 3091 3092 0 
1 1 0 
1 1 0 
1 1 0 
2 3 3095 3096 0 
2 3 3094 3097 0 
2 3 3093 3098 0 
1 1 0 
1 1 0 
1 1 0 
1 1 0 
1 1 0 
1 1 0 
1 1 0 
1 1 0 
1 1 0 
2 3 3107 3108 0 
1 1 0 
1 1 0 
1 1 0 
1 1 0 
2 3 3112 3113 0 
2 3 3111 3114 0 
2 3 3110 3115 0 
2 3 3109 3116 0 
2 3 3106 3117 0 
2 3 3105 3118 0 
2 3 3104 3119 0 
2 3 3103 3120 0 
2 3 3102 3121 0 
2 3 3101 3122 0 
2 3 3100 3123 0 
2 3 3099 3124 0 
2 3 3090 3125 0 
1 1 0 
2 3 3126 3127 0 
2 3 3089 3128 0 
3 2 0 3129 
3 2 0 3089 
3 2 0 3128 
3 2 0 3126 
3 2 0 3090 
3 2 0 3125 
3 2 0 3099 
3 2 0 3093 
3 2 0 3091 
3 2 0 3092 
3 2 0 3098 
3 2 0 3094 
3 2 0 3097 
3 2 0 3095 
3 2 0 3096 
3 2 0 3124 
3 2 0 3100 
3 2 0 3123 
3 2 0 3101 
3 2 0 3122 
3 2 0 3102 
3 2 0 3121 
3 2 0 3103 
3 2 0 3120 
3 2 0 3104 
3 2 0 3119 
3 2 0 3105 
3 2 0 3118 
3 2 0 3106 
3 2 0 3117 
3 2 0 3109 
3 2 0 3107 
3 2 0 3108 
3 2 0 3116 
3 2 0 3110 
3 2 0 3115 
3 2 0 3111 
3 2 0 3114 
3 2 0 3112 
3 2 0 3113 
3 2 0 3127 
1 1 0 
1 1 0 
1 1 0 
2 3 3172 3173 0 
2 3 3171 3174 0 
1 1 0 
1 1 0 
1 1 0 
1 1 0 
1 1 0 
1 1 0 
1 1 0 
2 3 3181 3182 0 
2 3 3180 3183 0 
2 3 3179 3184 0 
2 3 3178 3185 0 
2 3 3177 3186 0 
2 3 3176 3187 0 
2 3 3175 3188 0 
1 1 0 
1 1 0 
1 1 0 
1 1 0 
1 1 0 
1 1 0 
1 1 0 
1 1 0 
2 3 3196 3197 0 
1 1 0 
2 3 3198 3199 0 
2 3 3195 3200 0 
2 3 3194 3201 0 
2 3 3193 3202 0 
2 3 3192 3203 0 
2 3 3191 3204 0 
2 3 3190 3205 0 
1 1 0 
2 3 3206 3207 0 
2 3 3189 3208 0 
3 2 0 3209 
3 2 0 3189 
3 2 0 3175 
3 2 0 3171 
3 2 0 3174 
3 2 0 3172 
3 2 0 3173 
3 2 0 3188 
3 2 0 3176 
3 2 0 3187 
3 2 0 3177 
3 2 0 3186 
3 2 0 3178 
3 2 0 3185 
3 2 0 3179 
3 2 0 3184 
3 2 0 3180 
3 2 0 3183 
3 2 0 3181 
3 2 0 3182 
3 2 0 3208 
3 2 0 3206 
3 2 0 3190 
3 2 0 3205 
3 2 0 3191 
3 2 0 3204 
3 2 0 3192 
3 2 0 3203 
3 2 0 3193 
3 2 0 3202 
3 2 0 3194 
3 2 0 3201 
3 2 0 3195 
3 2 0 3200 
3 2 0 3198 
3 2 0 3196 
3 2 0 3197 
3 2 0 3199 
3 2 0 3207 
1 1 0 
1 1 0 
1 1 0 
2 3 3250 3251 0 
1 1 0 
1 1 0 
1 1 0 
2 3 3254 3255 0 
2 3 3253 3256 0 
1 1 0 
2 3 3257 3258 0 
1 1 0 
2 3 3259 3260 0 
1 1 0 
1 1 0 
1 1 0 
2 3 3263 3264 0 
2 3 3262 3265 0 
2 3 3261 3266 0 
2 3 3252 3267 0 
1 1 0 
2 3 3268 3269 0 
2 3 3249 3270 0 
3 2 0 3271 
3 2 0 3249 
3 2 0 3270 
3 2 0 3268 
3 2 0 3252 
3 2 0 3250 
3 2 0 3251 
3 2 0 3267 
3 2 0 3261 
3 2 0 3259 
3 2 0 3257 
3 2 0 3253 
3 2 0 3256 
3 2 0 3254 
3 2 0 3255 
3 2 0 3258 
3 2 0 3260 
3 2 0 3266 
3 2 0 3262 
3 2 0 3265 
3 2 0 3263 
3 2 0 3264 
3 2 0 3269 
1 1 0 
1 1 0 
1 1 0 
2 3 3296 3297 0 
1 1 0 
2 3 3298 3299 0 
2 3 3295 3300 0 
1 1 0 
1 1 0 
2 3 3302 3303 0 
1 1 0 
1 1 0 
1 1 0 
2 3 3306 3307 0 
1 1 0 
1 1 0 
1 1 0 
1 1 0 
2 3 3311 3312 0 
2 3 3310 3313 0 
2 3 3309 3314 0 
2 3 3308 3315 0 
2 3 3305 3316 0 
2 3 3304 3317 0 
1 1 0 
2 3 3318 3319 0 
2 3 3301 3320 0 
3 2 0 3321 
3 2 0 3301 
3 2 0 3295 
3 2 0 3300 
3 2 0 3298 
3 2 0 3296 
3 2 0 3297 
3 2 0 3299 
3 2 0 3320 
3 2 0 3318 
3 2 0 3304 
3 2 0 3302 
3 2 0 3303 
3 2 0 3317 
3 2 0 3305 
3 2 0 3316 
3 2 0 3308 
3 2 0 3306 
3 2 0 3307 
3 2 0 3315 
3 2 0 3309 
3 2 0 3314 
3 2 0 3310 
3 2 0 3313 
3 2 0 3311 
3 2 0 3312 
3 2 0 3319 
1 1 0 
1 1 0 
1 1 0 
1 1 0 
1 1 0 
1 1 0 
1 1 0 
1 1 0 
2 3 3355 3356 0 
1 1 0 
1 1 0 
2 3 3358 3359 0 
2 3 3357 3360 0 
2 3 3354 3361 0 
2 3 3353 3362 0 
2 3 3352 3363 0 
2 3 3351 3364 0 
2 3 3350 3365 0 
1 1 0 
2 3 3366 3367 0 
2 3 3349 3368 0 
3 2 0 3369 
3 2 0 3349 
3 2 0 3368 
3 2 0 3366 
3 2 0 3350 
3 2 0 3365 
3 2 0 3351 
3 2 0 3364 
3 2 0 3352 
3 2 0 3363 
3 2 0 3353 
3 2 0 3362 
3 2 0 3354 
3 2 0 3361 
3 2 0 3357 
3 2 0 3355 
3 2 0 3356 
3 2 0 3360 
3 2 0 3358 
3 2 0 3359 
3 2 0 3367 
1 1 0 
1 1 0 
1 1 0 
2 3 3392 3393 0 
2 3 3391 3394 0 
1 1 0 
1 1 0 
1 1 0 
2 3 3397 3398 0 
2 3 3396 3399 0 
1 1 0 
1 1 0 
2 3 3401 3402 0 
2 3 3400 3403 0 
2 3 3395 3404 0 
1 1 0 
1 1 0 
1 1 0 
1 1 0 
2 3 3408 3409 0 
1 1 0 
1 1 0 
2 3 3411 3412 0 
2 3 3410 3413 0 
1 1 0 
2 3 3414 3415 0 
2 3 3407 3416 0 
2 3 3406 3417 0 
2 3 3405 3418 0 
3 2 0 3419 
3 2 0 3405 
3 2 0 3395 
3 2 0 3391 
3 2 0 3394 
3 2 0 3392 
3 2 0 3393 
3 2 0 3404 
3 2 0 3400 
3 2 0 3396 
3 2 0 3399 
3 2 0 3397 
3 2 0 3398 
3 2 0 3403 
3 2 0 3401 
3 2 0 3402 
3 2 0 3418 
3 2 0 3406 
3 2 0 3417 
3 2 0 3407 
3 2 0 3416 
3 2 0 3414 
3 2 0 3410 
3 2 0 3408 
3 2 0 3409 
3 2 0 3413 
3 2 0 3411 
3 2 0 3412 
3 2 0 3415 
1 1 0 
1 1 0 
1 1 0 
2 3 3450 3451 0 
2 3 3449 3452 0 
1 1 0 
1 1 0 
2 3 3454 3455 0 
2 3 3453 3456 0 
1 1 0 
1 1 0 
1 1 0 
1 1 0 
1 1 0 
1 1 0 
2 3 3462 3463 0 
2 3 3461 3464 0 
2 3 3460 3465 0 
2 3 3459 3466 0 
2 3 3458 3467 0 
1 1 0 
1 1 0 
1 1 0 
1 1 0 
1 1 0 
1 1 0 
2 3 3473 3474 0 
1 1 0 
2 3 3475 3476 0 
1 1 0 
1 1 0 
1 1 0 
2 3 3479 3480 0 
2 3 3478 3481 0 
2 3 3477 3482 0 
1 1 0 
1 1 0 
1 1 0 
1 1 0 
2 3 3486 3487 0 
2 3 3485 3488 0 
2 3 3484 3489 0 
2 3 3483 3490 0 
2 3 3472 3491 0 
2 3 3471 3492 0 
2 3 3470 3493 0 
2 3 3469 3494 0 
2 3 3468 3495 0 
1 1 0 
2 3 3496 3497 0 
2 3 3457 3498 0 
3 2 0 3499 
3 2 0 3457 
3 2 0 3453 
3 2 0 3449 
3 2 0 3452 
3 2 0 3450 
3 2 0 3451 
3 2 0 3456 
3 2 0 3454 
3 2 0 3455 
3 2 0 3498 
3 2 0 3496 
3 2 0 3468 
3 2 0 3458 
3 2 0 3467 
3 2 0 3459 
3 2 0 3466 
3 2 0 3460 
3 2 0 3465 
3 2 0 3461 
3 2 0 3464 
3 2 0 3462 
3 2 0 3463 
3 2 0 3495 
3 2 0 3469 
3 2 0 3494 
3 2 0 3470 
3 2 0 3493 
3 2 0 3471 
3 2 0 3492 
3 2 0 3472 
3 2 0 3491 
3 2 0 3483 
3 2 0 3477 
3 2 0 3475 
3 2 0 3473 
3 2 0 3474 
3 2 0 3476 
3 2 0 3482 
3 2 0 3478 
3 2 0 3481 
3 2 0 3479 
3 2 0 3480 
3 2 0 3490 
3 2 0 3484 
3 2 0 3489 
3 2 0 3485 
3 2 0 3488 
3 2 0 3486 
3 2 0 3487 
3 2 0 3497 
1 1 0 
1 1 0 
2 3 3551 3552 0 
1 1 0 
1 1 0 
1 1 0 
2 3 3555 3556 0 
1 1 0 
1 1 0 
1 1 0 
2 3 3559 3560 0 
1 1 0 
2 3 3561 3562 0 
2 3 3558 3563 0 
2 3 3557 3564 0 
2 3 3554 3565 0 
1 1 0 
2 3 3566 3567 0 
2 3 3553 3568 0 
3 2 0 3569 
3 2 0 3553 
3 2 0 3551 
3 2 0 3552 
3 2 0 3568 
3 2 0 3566 
3 2 0 3554 
3 2 0 3565 
3 2 0 3557 
3 2 0 3555 
3 2 0 3556 
3 2 0 3564 
3 2 0 3558 
3 2 0 3563 
3 2 0 3561 
3 2 0 3559 
3 2 0 3560 
3 2 0 3562 
3 2 0 3567 
1 1 0 
1 1 0 
2 3 3589 3590 0 
1 1 0 
1 1 0 
1 1 0 
2 3 3593 3594 0 
2 3 3592 3595 0 
2 3 3591 3596 0 
1 1 0 
1 1 0 
1 1 0 
1 1 0 
1 1 0 
1 1 0 
2 3 3602 3603 0 
2 3 3601 3604 0 
2 3 3600 3605 0 
2 3 3599 3606 0 
2 3 3598 3607 0 
1 1 0 
2 3 3608 3609 0 
1 1 0 
1 1 0 
1 1 0 
2 3 3612 3613 0 
1 1 0 
1 1 0 
2 3 3615 3616 0 
2 3 3614 3617 0 
2 3 3611 3618 0 
2 3 3610 3619 0 
1 1 0 
2 3 3620 3621 0 
2 3 3597 3622 0 
3 2 0 3623 
3 2 0 3597 
3 2 0 3591 
3 2 0 3589 
3 2 0 3590 
3 2 0 3596 
3 2 0 3592 
3 2 0 3595 
3 2 0 3593 
3 2 0 3594 
3 2 0 3622 
3 2 0 3620 
3 2 0 3610 
3 2 0 3608 
3 2 0 3598 
3 2 0 3607 
3 2 0 3599 
3 2 0 3606 
3 2 0 3600 
3 2 0 3605 
3 2 0 3601 
3 2 0 3604 
3 2 0 3602 
3 2 0 3603 
3 2 0 3609 
3 2 0 3619 
3 2 0 3611 
3 2 0 3618 
3 2 0 3614 
3 2 0 3612 
3 2 0 3613 
3 2 0 3617 
3 2 0 3615 
3 2 0 3616 
3 2 0 3621 
1 1 0 
1 1 0 
1 1 0 
2 3 3660 3661 0 
1 1 0 
1 1 0 
1 1 0 
1 1 0 
2 3 3665 3666 0 
2 3 3664 3667 0 
1 1 0 
1 1 0 
1 1 0 
1 1 0 
1 1 0 
2 3 3672 3673 0 
2 3 3671 3674 0 
1 1 0 
2 3 3675 3676 0 
1 1 0 
1 1 0 
1 1 0 
1 1 0 
2 3 3680 3681 0 
2 3 3679 3682 0 
2 3 3678 3683 0 
2 3 3677 3684 0 
1 1 0 
1 1 0 
1 1 0 
1 1 0 
1 1 0 
2 3 3689 3690 0 
2 3 3688 3691 0 
2 3 3687 3692 0 
2 3 3686 3693 0 
2 3 3685 3694 0 
2 3 3670 3695 0 
2 3 3669 3696 0 
2 3 3668 3697 0 
2 3 3663 3698 0 
2 3 3662 3699 0 
1 1 0 
2 3 3700 3701 0 
2 3 3659 3702 0 
3 2 0 3703 
3 2 0 3659 
3 2 0 3702 
3 2 0 3700 
3 2 0 3662 
3 2 0 3660 
3 2 0 3661 
3 2 0 3699 
3 2 0 3663 
3 2 0 3698 
3 2 0 3668 
3 2 0 3664 
3 2 0 3667 
3 2 0 3665 
3 2 0 3666 
3 2 0 3697 
3 2 0 3669 
3 2 0 3696 
3 2 0 3670 
3 2 0 3695 
3 2 0 3685 
3 2 0 3677 
3 2 0 3675 
3 2 0 3671 
3 2 0 3674 
3 2 0 3672 
3 2 0 3673 
3 2 0 3676 
3 2 0 3684 
3 2 0 3678 
3 2 0 3683 
3 2 0 3679 
3 2 0 3682 
3 2 0 3680 
3 2 0 3681 
3 2 0 3694 
3 2 0 3686 
3 2 0 3693 
3 2 0 3687 
3 2 0 3692 
3 2 0 3688 
3 2 0 3691 
3 2 0 3689 
3 2 0 3690 
3 2 0 3701 
1 1 0 
1 1 0 
2 3 3749 3750 0 
1 1 0 
1 1 0 
2 3 3752 3753 0 
2 3 3751 3754 0 
1 1 0 
1 1 0 
1 1 0 
1 1 0 
1 1 0 
2 3 3759 3760 0 
2 3 3758 3761 0 
1 1 0 
2 3 3762 3763 0 
2 3 3757 3764 0 
2 3 3756 3765 0 
1 1 0 
2 3 3766 3767 0 
2 3 3755 3768 0 
3 2 0 3769 
3 2 0 3755 
3 2 0 3751 
3 2 0 3749 
3 2 0 3750 
3 2 0 3754 
3 2 0 3752 
3 2 0 3753 
3 2 0 3768 
3 2 0 3766 
3 2 0 3756 
3 2 0 3765 
3 2 0 3757 
3 2 0 3764 
3 2 0 3762 
3 2 0 3758 
3 2 0 3761 
3 2 0 3759 
3 2 0 3760 
3 2 0 3763 
3 2 0 3767 
1 1 0 
1 1 0 
1 1 0 
1 1 0 
2 3 3793 3794 0 
1 1 0 
1 1 0 
1 1 0 
1 1 0 
2 3 3798 3799 0 
2 3 3797 3800 0 
2 3 3796 3801 0 
2 3 3795 3802 0 
2 3 3792 3803 0 
1 1 0 
1 1 0 
1 1 0 
1 1 0 
1 1 0 
2 3 3808 3809 0 
2 3 3807 3810 0 
2 3 3806 3811 0 
2 3 3805 3812 0 
2 3 3804 3813 0 
1 1 0 
2 3 3814 3815 0 
2 3 3791 3816 0 
3 2 0 3817 
3 2 0 3791 
3 2 0 3816 
3 2 0 3814 
3 2 0 3804 
3 2 0 3792 
3 2 0 3803 
3 2 0 3795 
3 2 0 3793 
3 2 0 3794 
3 2 0 3802 
3 2 0 3796 
3 2 0 3801 
3 2 0 3797 
3 2 0 3800 
3 2 0 3798 
3 2 0 3799 
3 2 0 3813 
3 2 0 3805 
3 2 0 3812 
3 2 0 3806 
3 2 0 3811 
3 2 0 3807 
3 2 0 3810 
3 2 0 3808 
3 2 0 3809 
3 2 0 3815 
1 1 0 
1 1 0 
1 1 0 
2 3 3846 3847 0 
1 1 0 
1 1 0 
2 3 3849 3850 0 
1 1 0 
1 1 0 
1 1 0 
2 3 3853 3854 0 
2 3 3852 3855 0 
2 3 3851 3856 0 
1 1 0 
1 1 0 
1 1 0 
1 1 0 
1 1 0 
1 1 0 
2 3 3862 3863 0 
1 1 0 
1 1 0 
2 3 3865 3866 0 
2 3 3864 3867 0 
2 3 3861 3868 0 
2 3 3860 3869 0 
2 3 3859 3870 0 
2 3 3858 3871 0 
2 3 3857 3872 0 
2 3 3848 3873 0 
2 3 3845 3874 0 
1 1 0 
1 1 0 
1 1 0 
1 1 0 
1 1 0 
1 1 0 
2 3 3880 3881 0 
2 3 3879 3882 0 
1 1 0 
2 3 3883 3884 0 
2 3 3878 3885 0 
2 3 3877 3886 0 
2 3 3876 3887 0 
2 3 3875 3888 0 
3 2 0 3889 
3 2 0 3875 
3 2 0 3845 
3 2 0 3874 
3 2 0 3848 
3 2 0 3846 
3 2 0 3847 
3 2 0 3873 
3 2 0 3857 
3 2 0 3851 
3 2 0 3849 
3 2 0 3850 
3 2 0 3856 
3 2 0 3852 
3 2 0 3855 
3 2 0 3853 
3 2 0 3854 
3 2 0 3872 
3 2 0 3858 
3 2 0 3871 
3 2 0 3859 
3 2 0 3870 
3 2 0 3860 
3 2 0 3869 
3 2 0 3861 
3 2 0 3868 
3 2 0 3864 
3 2 0 3862 
3 2 0 3863 
3 2 0 3867 
3 2 0 3865 
3 2 0 3866 
3 2 0 3888 
3 2 0 3876 
3 2 0 3887 
3 2 0 3877 
3 2 0 3886 
3 2 0 3878 
3 2 0 3885 
3 2 0 3883 
3 2 0 3879 
3 2 0 3882 
3 2 0 3880 
3 2 0 3881 
3 2 0 3884 
1 1 0 
1 1 0 
1 1 0 
1 1 0 
1 1 0 
1 1 0 
1 1 0 
2 3 3940 3941 0 
2 3 3939 3942 0 
1 1 0 
2 3 3943 3944 0 
1 1 0 
1 1 0 
1 1 0 
1 1 0 
2 3 3948 3949 0 
1 1 0 
1 1 0 
2 3 3951 3952 0 
2 3 3950 3953 0 
1 1 0 
2 3 3954 3955 0 
1 1 0 
1 1 0 
1 1 0 
2 3 3958 3959 0 
2 3 3957 3960 0 
1 1 0 
1 1 0 
1 1 0 
1 1 0 
2 3 3964 3965 0 
2 3 3963 3966 0 
2 3 3962 3967 0 
2 3 3961 3968 0 
2 3 3956 3969 0 
2 3 3947 3970 0 
2 3 3946 3971 0 
2 3 3945 3972 0 
2 3 3938 3973 0 
2 3 3937 3974 0 
2 3 3936 3975 0 
2 3 3935 3976 0 
1 1 0 
2 3 3977 3978 0 
3 2 0 3979 
3 2 0 3977 
3 2 0 3935 
3 2 0 3976 
3 2 0 3936 
3 2 0 3975 
3 2 0 3937 
3 2 0 3974 
3 2 0 3938 
3 2 0 3973 
3 2 0 3945 
3 2 0 3943 
3 2 0 3939 
3 2 0 3942 
3 2 0 3940 
3 2 0 3941 
3 2 0 3944 
3 2 0 3972 
3 2 0 3946 
3 2 0 3971 
3 2 0 3947 
3 2 0 3970 
3 2 0 3956 
3 2 0 3954 
3 2 0 3950 
3 2 0 3948 
3 2 0 3949 
3 2 0 3953 
3 2 0 3951 
3 2 0 3952 
3 2 0 3955 
3 2 0 3969 
3 2 0 3961 
3 2 0 3957 
3 2 0 3960 
3 2 0 3958 
3 2 0 3959 
3 2 0 3968 
3 2 0 3962 
3 2 0 3967 
3 2 0 3963 
3 2 0 3966 
3 2 0 3964 
3 2 0 3965 
3 2 0 3978 
1 1 0 
1 1 0 
1 1 0 
1 1 0 
1 1 0 
2 3 4028 4029 0 
2 3 4027 4030 0 
1 1 0 
1 1 0 
1 1 0 
2 3 4033 4034 0 
1 1 0 
2 3 4035 4036 0 
1 1 0 
1 1 0 
2 3 4038 4039 0 
1 1 0 
2 3 4040 4041 0 
1 1 0 
1 1 0 
2 3 4043 4044 0 
2 3 4042 4045 0 
1 1 0 
2 3 4046 4047 0 
1 1 0 
1 1 0 
2 3 4049 4050 0 
1 1 0 
1 1 0 
2 3 4052 4053 0 
2 3 4051 4054 0 
2 3 4048 4055 0 
2 3 4037 4056 0 
2 3 4032 4057 0 
2 3 4031 4058 0 
2 3 4026 4059 0 
1 1 0 
2 3 4060 4061 0 
2 3 4025 4062 0 
3 2 0 4063 
3 2 0 4025 
3 2 0 4062 
3 2 0 4060 
3 2 0 4026 
3 2 0 4059 
3 2 0 4031 
3 2 0 4027 
3 2 0 4030 
3 2 0 4028 
3 2 0 4029 
3 2 0 4058 
3 2 0 4032 
3 2 0 4057 
3 2 0 4037 
3 2 0 4035 
3 2 0 4033 
3 2 0 4034 
3 2 0 4036 
3 2 0 4056 
3 2 0 4048 
3 2 0 4046 
3 2 0 4042 
3 2 0 4040 
3 2 0 4038 
3 2 0 4039 
3 2 0 4041 
3 2 0 4045 
3 2 0 4043 
3 2 0 4044 
3 2 0 4047 
3 2 0 4055 
3 2 0 4051 
3 2 0 4049 
3 2 0 4050 
3 2 0 4054 
3 2 0 4052 
3 2 0 4053 
3 2 0 4061 
1 1 0 
1 1 0 
2 3 4103 4104 0 
1 1 0 
1 1 0 
1 1 0 
2 3 4107 4108 0 
2 3 4106 4109 0 
2 3 4105 4110 0 
1 1 0 
2 3 4111 4112 0 
1 1 0 
1 1 0 
2 3 4114 4115 0 
1 1 0 
1 1 0 
1 1 0 
1 1 0 
1 1 0 
1 1 0 
1 1 0 
2 3 4122 4123 0 
2 3 4121 4124 0 
1 1 0 
1 1 0 
2 3 4126 4127 0 
2 3 4125 4128 0 
2 3 4120 4129 0 
2 3 4119 4130 0 
2 3 4118 4131 0 
2 3 4117 4132 0 
2 3 4116 4133 0 
2 3 4113 4134 0 
1 1 0 
2 3 4135 4136 0 
3 2 0 4137 
3 2 0 4135 
3 2 0 4113 
3 2 0 4111 
3 2 0 4105 
3 2 0 4103 
3 2 0 4104 
3 2 0 4110 
3 2 0 4106 
3 2 0 4109 
3 2 0 4107 
3 2 0 4108 
3 2 0 4112 
3 2 0 4134 
3 2 0 4116 
3 2 0 4114 
3 2 0 4115 
3 2 0 4133 
3 2 0 4117 
3 2 0 4132 
3 2 0 4118 
3 2 0 4131 
3 2 0 4119 
3 2 0 4130 
3 2 0 4120 
3 2 0 4129 
3 2 0 4125 
3 2 0 4121 
3 2 0 4124 
3 2 0 4122 
3 2 0 4123 
3 2 0 4128 
3 2 0 4126 
3 2 0 4127 
3 2 0 4136 
1 1 0 
1 1 0 
1 1 0 
2 3 4174 4175 0 
2 3 4173 4176 0 
1 1 0 
1 1 0 
2 3 4178 4179 0 
2 3 4177 4180 0 
1 1 0 
1 1 0 
1 1 0 
2 3 4183 4184 0 
1 1 0 
2 3 4185 4186 0 
1 1 0 
1 1 0 
1 1 0 
1 1 0 
1 1 0 
1 1 0 
2 3 4192 4193 0 
2 3 4191 4194 0 
1 1 0 
1 1 0 
1 1 0 
2 3 4197 4198 0 
2 3 4196 4199 0 
2 3 4195 4200 0 
2 3 4190 4201 0 
2 3 4189 4202 0 
2 3 4188 4203 0 
2 3 4187 4204 0 
2 3 4182 4205 0 
1 1 0 
2 3 4206 4207 0 
2 3 4181 4208 0 
3 2 0 4209 
3 2 0 4181 
3 2 0 4177 
3 2 0 4173 
3 2 0 4176 
3 2 0 4174 
3 2 0 4175 
3 2 0 4180 
3 2 0 4178 
3 2 0 4179 
3 2 0 4208 
3 2 0 4206 
3 2 0 4182 
3 2 0 4205 
3 2 0 4187 
3 2 0 4185 
3 2 0 4183 
3 2 0 4184 
3 2 0 4186 
3 2 0 4204 
3 2 0 4188 
3 2 0 4203 
3 2 0 4189 
3 2 0 4202 
3 2 0 4190 
3 2 0 4201 
3 2 0 4195 
3 2 0 4191 
3 2 0 4194 
3 2 0 4192 
3 2 0 4193 
3 2 0 4200 
3 2 0 4196 
3 2 0 4199 
3 2 0 4197 
3 2 0 4198 
3 2 0 4207 
1 1 0 
1 1 0 
2 3 4247 4248 0 
1 1 0 
1 1 0 
1 1 0 
1 1 0 
2 3 4252 4253 0 
2 3 4251 4254 0 
1 1 0 
1 1 0 
1 1 0 
2 3 4257 4258 0 
1 1 0 
1 1 0 
2 3 4260 4261 0 
1 1 0 
1 1 0 
1 1 0 
1 1 0 
1 1 0 
1 1 0 
2 3 4267 4268 0 
1 1 0 
2 3 4269 4270 0 
2 3 4266 4271 0 
2 3 4265 4272 0 
2 3 4264 4273 0 
1 1 0 
2 3 4274 4275 0 
1 1 0 
1 1 0 
2 3 4277 4278 0 
1 1 0 
1 1 0 
1 1 0 
2 3 4281 4282 0 
1 1 0 
2 3 4283 4284 0 
2 3 4280 4285 0 
2 3 4279 4286 0 
2 3 4276 4287 0 
2 3 4263 4288 0 
2 3 4262 4289 0 
2 3 4259 4290 0 
2 3 4256 4291 0 
2 3 4255 4292 0 
2 3 4250 4293 0 
1 1 0 
2 3 4294 4295 0 
2 3 4249 4296 0 
3 2 0 4297 
3 2 0 4249 
3 2 0 4247 
3 2 0 4248 
3 2 0 4296 
3 2 0 4294 
3 2 0 4250 
3 2 0 4293 
3 2 0 4255 
3 2 0 4251 
3 2 0 4254 
3 2 0 4252 
3 2 0 4253 
3 2 0 4292 
3 2 0 4256 
3 2 0 4291 
3 2 0 4259 
3 2 0 4257 
3 2 0 4258 
3 2 0 4290 
3 2 0 4262 
3 2 0 4260 
3 2 0 4261 
3 2 0 4289 
3 2 0 4263 
3 2 0 4288 
3 2 0 4276 
3 2 0 4274 
3 2 0 4264 
3 2 0 4273 
3 2 0 4265 
3 2 0 4272 
3 2 0 4266 
3 2 0 4271 
3 2 0 4269 
3 2 0 4267 
3 2 0 4268 
3 2 0 4270 
3 2 0 4275 
3 2 0 4287 
3 2 0 4279 
3 2 0 4277 
3 2 0 4278 
3 2 0 4286 
3 2 0 4280 
3 2 0 4285 
3 2 0 4283 
3 2 0 4281 
3 2 0 4282 
3 2 0 4284 
3 2 0 4295 
1 1 0 
1 1 0 
1 1 0 
2 3 4350 4351 0 
2 3 4349 4352 0 
1 1 0 
2 3 4353 4354 0 
1 1 0 
1 1 0 
2 3 4356 4357 0 
2 3 4355 4358 0 
1 1 0 
1 1 0 
1 1 0 
1 1 0 
2 3 4362 4363 0 
2 3 4361 4364 0 
2 3 4360 4365 0 
1 1 0 
2 3 4366 4367 0 
1 1 0 
1 1 0 
1 1 0 
1 1 0 
2 3 4371 4372 0 
2 3 4370 4373 0 
1 1 0 
2 3 4374 4375 0 
1 1 0 
1 1 0 
1 1 0 
2 3 4378 4379 0 
2 3 4377 4380 0 
1 1 0 
1 1 0 
1 1 0 
1 1 0 
1 1 0 
1 1 0 
2 3 4386 4387 0 
2 3 4385 4388 0 
2 3 4384 4389 0 
2 3 4383 4390 0 
2 3 4382 4391 0 
2 3 4381 4392 0 
1 1 0 
1 1 0 
2 3 4394 4395 0 
2 3 4393 4396 0 
2 3 4376 4397 0 
2 3 4369 4398 0 
2 3 4368 4399 0 
1 1 0 
2 3 4400 4401 0 
2 3 4359 4402 0 
3 2 0 4403 
3 2 0 4359 
3 2 0 4355 
3 2 0 4353 
3 2 0 4349 
3 2 0 4352 
3 2 0 4350 
3 2 0 4351 
3 2 0 4354 
3 2 0 4358 
3 2 0 4356 
3 2 0 4357 
3 2 0 4402 
3 2 0 4400 
3 2 0 4368 
3 2 0 4366 
3 2 0 4360 
3 2 0 4365 
3 2 0 4361 
3 2 0 4364 
3 2 0 4362 
3 2 0 4363 
3 2 0 4367 
3 2 0 4399 
3 2 0 4369 
3 2 0 4398 
3 2 0 4376 
3 2 0 4374 
3 2 0 4370 
3 2 0 4373 
3 2 0 4371 
3 2 0 4372 
3 2 0 4375 
3 2 0 4397 
3 2 0 4393 
3 2 0 4381 
3 2 0 4377 
3 2 0 4380 
3 2 0 4378 
3 2 0 4379 
3 2 0 4392 
3 2 0 4382 
3 2 0 4391 
3 2 0 4383 
3 2 0 4390 
3 2 0 4384 
3 2 0 4389 
3 2 0 4385 
3 2 0 4388 
3 2 0 4386 
3 2 0 4387 
3 2 0 4396 
3 2 0 4394 
3 2 0 4395 
3 2 0 4401 
1 1 0 
1 1 0 
1 1 0 
1 1 0 
1 1 0 
2 3 4462 4463 0 
2 3 4461 4464 0 
1 1 0 
1 1 0 
1 1 0 
1 1 0 
2 3 4468 4469 0 
2 3 4467 4470 0 
2 3 4466 4471 0 
2 3 4465 4472 0 
2 3 4460 4473 0 
2 3 4459 4474 0 
1 1 0 
1 1 0 
1 1 0 
1 1 0 
1 1 0 
2 3 4479 4480 0 
1 1 0 
1 1 0 
1 1 0 
1 1 0 
2 3 4484 4485 0 
2 3 4483 4486 0 
2 3 4482 4487 0 
2 3 4481 4488 0 
2 3 4478 4489 0 
2 3 4477 4490 0 
2 3 4476 4491 0 
2 3 4475 4492 0 
3 2 0 4493 
3 2 0 4475 
3 2 0 4459 
3 2 0 4474 
3 2 0 4460 
3 2 0 4473 
3 2 0 4465 
3 2 0 4461 
3 2 0 4464 
3 2 0 4462 
3 2 0 4463 
3 2 0 4472 
3 2 0 4466 
3 2 0 4471 
3 2 0 4467 
3 2 0 4470 
3 2 0 4468 
3 2 0 4469 
3 2 0 4492 
3 2 0 4476 
3 2 0 4491 
3 2 0 4477 
3 2 0 4490 
3 2 0 4478 
3 2 0 4489 
3 2 0 4481 
3 2 0 4479 
3 2 0 4480 
3 2 0 4488 
3 2 0 4482 
3 2 0 4487 
3 2 0 4483 
3 2 0 4486 
3 2 0 4484 
3 2 0 4485 
1 1 0 
1 1 0 
1 1 0 
1 1 0 
1 1 0 
1 1 0 
2 3 4533 4534 0 
2 3 4532 4535 0 
1 1 0 
1 1 0 
2 3 4537 4538 0 
1 1 0 
1 1 0 
1 1 0 
1 1 0 
1 1 0 
1 1 0 
1 1 0 
1 1 0 
1 1 0 
2 3 4547 4548 0 
2 3 4546 4549 0 
2 3 4545 4550 0 
2 3 4544 4551 0 
2 3 4543 4552 0 
2 3 4542 4553 0 
2 3 4541 4554 0 
2 3 4540 4555 0 
2 3 4539 4556 0 
2 3 4536 4557 0 
2 3 4531 4558 0 
2 3 4530 4559 0 
1 1 0 
2 3 4560 4561 0 
2 3 4529 4562 0 
3 2 0 4563 
3 2 0 4529 
3 2 0 4562 
3 2 0 4560 
3 2 0 4530 
3 2 0 4559 
3 2 0 4531 
3 2 0 4558 
3 2 0 4536 
3 2 0 4532 
3 2 0 4535 
3 2 0 4533 
3 2 0 4534 
3 2 0 4557 
3 2 0 4539 
3 2 0 4537 
3 2 0 4538 
3 2 0 4556 
3 2 0 4540 
3 2 0 4555 
3 2 0 4541 
3 2 0 4554 
3 2 0 4542 
3 2 0 4553 
3 2 0 4543 
3 2 0 4552 
3 2 0 4544 
3 2 0 4551 
3 2 0 4545 
3 2 0 4550 
3 2 0 4546 
3 2 0 4549 
3 2 0 4547 
3 2 0 4548 
3 2 0 4561 
1 1 0 
1 1 0 
1 1 0 
1 1 0 
1 1 0 
1 1 0 
2 3 4603 4604 0 
2 3 4602 4605 0 
2 3 4601 4606 0 
1 1 0 
1 1 0 
1 1 0 
2 3 4609 4610 0 
2 3 4608 4611 0 
2 3 4607 4612 0 
2 3 4600 4613 0 
2 3 4599 4614 0 
1 1 0 
2 3 4615 4616 0 
1 1 0 
2 3 4617 4618 0 
1 1 0 
1 1 0 
1 1 0 
2 3 4621 4622 0 
1 1 0 
1 1 0 
1 1 0 
1 1 0 
2 3 4626 4627 0 
2 3 4625 4628 0 
2 3 4624 4629 0 
2 3 4623 4630 0 
1 1 0 
2 3 4631 4632 0 
1 1 0 
1 1 0 
2 3 4634 4635 0 
1 1 0 
1 1 0 
2 3 4637 4638 0 
2 3 4636 4639 0 
2 3 4633 4640 0 
2 3 4620 4641 0 
2 3 4619 4642 0 
1 1 0 
2 3 4643 4644 0 
3 2 0 4645 
3 2 0 4643 
3 2 0 4619 
3 2 0 4617 
3 2 0 4615 
3 2 0 4599 
3 2 0 4614 
3 2 0 4600 
3 2 0 4613 
3 2 0 4607 
3 2 0 4601 
3 2 0 4606 
3 2 0 4602 
3 2 0 4605 
3 2 0 4603 
3 2 0 4604 
3 2 0 4612 
3 2 0 4608 
3 2 0 4611 
3 2 0 4609 
3 2 0 4610 
3 2 0 4616 
3 2 0 4618 
3 2 0 4642 
3 2 0 4620 
3 2 0 4641 
3 2 0 4633 
3 2 0 4631 
3 2 0 4623 
3 2 0 4621 
3 2 0 4622 
3 2 0 4630 
3 2 0 4624 
3 2 0 4629 
3 2 0 4625 
3 2 0 4628 
3 2 0 4626 
3 2 0 4627 
3 2 0 4632 
3 2 0 4640 
3 2 0 4636 
3 2 0 4634 
3 2 0 4635 
3 2 0 4639 
3 2 0 4637 
3 2 0 4638 
3 2 0 4644 
74 2346 58 59 60 61 62 63 64 65 66 67 68 69 70 71 72 73 74 75 76 77 78 79 80 81 82 83 84 85 86 87 88 89 90 91 92 93 94 95 96 97 98 99 100 101 102 103 104 105 106 107 108 109 110 111 112 113 114 124 125 126 127 128 129 130 131 132 158 159 160 161 162 163 164 165 166 167 168 169 170 171 172 173 174 175 176 177 178 179 180 181 182 208 209 210 211 212 213 214 215 216 217 218 219 220 221 222 223 224 225 226 227 228 229 230 231 232 252 253 254 255 256 257 258 259 260 261 262 263 264 265 266 267 268 269 270 308 309 310 311 312 313 314 315 316 317 318 319 320 321 322 323 324 325 326 327 328 329 330 331 332 333 334 335 336 337 338 339 340 341 342 343 344 384 385 386 387 388 389 390 391 392 393 394 395 396 397 398 399 400 401 402 403 404 405 406 407 408 409 410 411 412 413 414 415 416 417 418 419 420 421 422 450 451 452 453 454 455 456 457 458 459 460 461 462 463 464 465 466 467 468 469 470 471 472 473 474 475 476 516 517 518 519 520 521 522 523 524 525 526 527 528 529 530 531 532 533 534 535 536 537 538 539 540 541 542 543 544 545 546 547 548 549 550 551 552 553 554 568 569 570 571 572 573 574 575 576 577 578 579 580 650 651 652 653 654 655 656 657 658 659 660 661 662 663 664 665 666 667 668 669 670 671 672 673 674 675 676 677 678 679 680 681 682 683 684 685 686 687 688 689 690 691 692 693 694 695 696 697 698 699 700 701 702 703 704 705 706 707 708 709 710 711 712 713 714 715 716 717 718 794 795 796 797 798 799 800 801 802 803 804 805 806 807 808 809 810 811 812 813 814 815 816 817 818 819 820 821 822 823 824 825 826 827 828 829 830 831 832 833 834 835 836 837 838 839 840 841 842 843 844 845 846 847 848 849 850 851 852 853 854 855 856 857 858 859 860 861 862 863 864 865 866 867 868 906 907 908 909 910 911 912 913 914 915 916 917 918 919 920 921 922 923 924 925 926 927 928 929 930 931 932 933 934 935 936 937 938 939 940 941 942 972 973 974 975 976 977 978 979 980 981 982 983 984 985 986 987 988 989 990 991 992 993 994 995 996 997 998 999 1000 1072 1073 1074 1075 1076 1077 1078 1079 1080 1081 1082 1083 1084 1085 1086 1087 1088 1089 1090 1091 1092 1093 1094 1095 1096 1097 1098 1099 1100 1101 1102 1103 1104 1105 1106 1107 1108 1109 1110 1111 1112 1113 1114 1115 1116 1117 1118 1119 1120 1121 1122 1123 1124 1125 1126 1127 1128 1129 1130 1131 1132 1133 1134 1135 1136 1137 1138 1139 1140 1141 1142 1190 1191 1192 1193 1194 1195 1196 1197 1198 1199 1200 1201 1202 1203 1204 1205 1206 1207 1208 1209 1210 1211 1212 1213 1214 1215 1216 1217 1218 1219 1220 1221 1222 1223 1224 1225 1226 1227 1228 1229 1230 1231 1232 1233 1234 1235 1236 1302 1303 1304 1305 1306 1307 1308 1309 1310 1311 1312 1313 1314 1315 1316 1317 1318 1319 1320 1321 1322 1323 1324 1325 1326 1327 1328 1329 1330 1331 1332 1333 1334 1335 1336 1337 1338 1339 1340 1341 1342 1343 1344 1345 1346 1347 1348 1349 1350 1351 1352 1353 1354 1355 1356 1357 1358 1359 1360 1361 1362 1363 1364 1365 1366 1414 1415 1416 1417 1418 1419 1420 1421 1422 1423 1424 1425 1426 1427 1428 1429 1430 1431 1432 1433 1434 1435 1436 1437 1438 1439 1440 1441 1442 1443 1444 1445 1446 1447 1448 1449 1450 1451 1452 1453 1454 1455 1456 1457 1458 1459 1460 1468 1469 1470 1471 1472 1473 1474 1482 1483 1484 1485 1486 1487 1488 1522 1523 1524 1525 1526 1527 1528 1529 1530 1531 1532 1533 1534 1535 1536 1537 1538 1539 1540 1541 1542 1543 1544 1545 1546 1547 1548 1549 1550 1551 1552 1553 1554 1586 1587 1588 1589 1590 1591 1592 1593 1594 1595 1596 1597 1598 1599 1600 1601 1602 1603 1604 1605 1606 1607 1608 1609 1610 1611 1612 1613 1614 1615 1616 1658 1659 1660 1661 1662 1663 1664 1665 1666 1667 1668 1669 1670 1671 1672 1673 1674 1675 1676 1677 1678 1679 1680 1681 1682 1683 1684 1685 1686 1687 1688 1689 1690 1691 1692 1693 1694 1695 1696 1697 1698 1724 1725 1726 1727 1728 1729 1730 1731 1732 1733 1734 1735 1736 1737 1738 1739 1740 1741 1742 1743 1744 1745 1746 1747 1748 1802 1803 1804 1805 1806 1807 1808 1809 1810 1811 1812 1813 1814 1815 1816 1817 1818 1819 1820 1821 1822 1823 1824 1825 1826 1827 1828 1829 1830 1831 1832 1833 1834 1835 1836 1837 1838 1839 1840 1841 1842 1843 1844 1845 1846 1847 1848 1849 1850 1851 1852 1853 1854 1896 1897 1898 1899 1900 1901 1902 1903 1904 1905 1906 1907 1908 1909 1910 1911 1912 1913 1914 1915 1916 1917 1918 1919 1920 1921 1922 1923 1924 1925 1926 1927 1928 1929 1930 1931 1932 1933 1934 1935 1936 1960 1961 1962 1963 1964 1965 1966 1967 1968 1969 1970 1971 1972 1973 1974 1975 1976 1977 1978 1979 1980 1981 1982 2016 2017 2018 2019 2020 2021 2022 2023 2024 2025 2026 2027 2028 2029 2030 2031 2032 2033 2034 2035 2036 2037 2038 2039 2040 2041 2042 2043 2044 2045 2046 2047 2048 2092 2093 2094 2095 2096 2097 2098 2099 2100 2101 2102 2103 2104 2105 2106 2107 2108 2109 2110 2111 2112 2113 2114 2115 2116 2117 2118 2119 2120 2121 2122 2123 2124 2125 2126 2127 2128 2129 2130 2131 2132 2133 2134 2194 2195 2196 2197 2198 2199 2200 2201 2202 2203 2204 2205 2206 2207 2208 2209 2210 2211 2212 2213 2214 2215 2216 2217 2218 2219 2220 2221 2222 2223 2224 2225 2226 2227 2228 2229 2230 2231 2232 2233 2234 2235 2236 2237 2238 2239 2240 2241 2242 2243 2244 2245 2246 2247 2248 2249 2250 2251 2252 2280 2281 2282 2283 2284 2285 2286 2287 2288 2289 2290 2291 2292 2293 2294 2295 2296 2297 2298 2299 2300 2301 2302 2303 2304 2305 2306 2368 2369 2370 2371 2372 2373 2374 2375 2376 2377 2378 2379 2380 2381 2382 2383 2384 2385 2386 2387 2388 2389 2390 2391 2392 2393 2394 2395 2396 2397 2398 2399 2400 2401 2402 2403 2404 2405 2406 2407 2408 2409 2410 2411 2412 2413 2414 2415 2416 2417 2418 2419 2420 2421 2422 2423 2424 2425 2426 2427 2428 2456 2457 2458 2459 2460 2461 2462 2463 2464 2465 2466 2467 2468 2469 2470 2471 2472 2473 2474 2475 2476 2477 2478 2479 2480 2481 2482 2498 2499 2500 2501 2502 2503 2504 2505 2506 2507 2508 2509 2510 2511 2512 2554 2555 2556 2557 2558 2559 2560 2561 2562 2563 2564 2565 2566 2567 2568 2569 2570 2571 2572 2573 2574 2575 2576 2577 2578 2579 2580 2581 2582 2583 2584 2585 2586 2587 2588 2589 2590 2591 2592 2593 2594 2632 2633 2634 2635 2636 2637 2638 2639 2640 2641 2642 2643 2644 2645 2646 2647 2648 2649 2650 2651 2652 2653 2654 2655 2656 2657 2658 2659 2660 2661 2662 2663 2664 2665 2666 2667 2668 2722 2723 2724 2725 2726 2727 2728 2729 2730 2731 2732 2733 2734 2735 2736 2737 2738 2739 2740 2741 2742 2743 2744 2745 2746 2747 2748 2749 2750 2751 2752 2753 2754 2755 2756 2757 2758 2759 2760 2761 2762 2763 2764 2765 2766 2767 2768 2769 2770 2771 2772 2773 2774 2794 2795 2796 2797 2798 2799 2800 2801 2802 2803 2804 2805 2806 2807 2808 2809 2810 2811 2812 2856 2857 2858 2859 2860 2861 2862 2863 2864 2865 2866 2867 2868 2869 2870 2871 2872 2873 2874 2875 2876 2877 2878 2879 2880 2881 2882 2883 2884 2885 2886 2887 2888 2889 2890 2891 2892 2893 2894 2895 2896 2897 2898 2934 2935 2936 2937 2938 2939 2940 2941 2942 2943 2944 2945 2946 2947 2948 2949 2950 2951 2952 2953 2954 2955 2956 2957 2958 2959 2960 2961 2962 2963 2964 2965 2966 2967 2968 3000 3001 3002 3003 3004 3005 3006 3007 3008 3009 3010 3011 3012 3013 3014 3015 3016 3017 3018 3019 3020 3021 3022 3023 3024 3025 3026 3027 3028 3029 3030 3060 3061 3062 3063 3064 3065 3066 3067 3068 3069 3070 3071 3072 3073 3074 3075 3076 3077 3078 3079 3080 3081 3082 3083 3084 3085 3086 3087 3088 3130 3131 3132 3133 3134 3135 3136 3137 3138 3139 3140 3141 3142 3143 3144 3145 3146 3147 3148 3149 3150 3151 3152 3153 3154 3155 3156 3157 3158 3159 3160 3161 3162 3163 3164 3165 3166 3167 3168 3169 3170 3210 3211 3212 3213 3214 3215 3216 3217 3218 3219 3220 3221 3222 3223 3224 3225 3226 3227 3228 3229 3230 3231 3232 3233 3234 3235 3236 3237 3238 3239 3240 3241 3242 3243 3244 3245 3246 3247 3248 3272 3273 3274 3275 3276 3277 3278 3279 3280 3281 3282 3283 3284 3285 3286 3287 3288 3289 3290 3291 3292 3293 3294 3322 3323 3324 3325 3326 3327 3328 3329 3330 3331 3332 3333 3334 3335 3336 3337 3338 3339 3340 3341 3342 3343 3344 3345 3346 3347 3348 3370 3371 3372 3373 3374 3375 3376 3377 3378 3379 3380 3381 3382 3383 3384 3385 3386 3387 3388 3389 3390 3420 3421 3422 3423 3424 3425 3426 3427 3428 3429 3430 3431 3432 3433 3434 3435 3436 3437 3438 3439 3440 3441 3442 3443 3444 3445 3446 3447 3448 3500 3501 3502 3503 3504 3505 3506 3507 3508 3509 3510 3511 3512 3513 3514 3515 3516 3517 3518 3519 3520 3521 3522 3523 3524 3525 3526 3527 3528 3529 3530 3531 3532 3533 3534 3535 3536 3537 3538 3539 3540 3541 3542 3543 3544 3545 3546 3547 3548 3549 3550 3570 3571 3572 3573 3574 3575 3576 3577 3578 3579 3580 3581 3582 3583 3584 3585 3586 3587 3588 3624 3625 3626 3627 3628 3629 3630 3631 3632 3633 3634 3635 3636 3637 3638 3639 3640 3641 3642 3643 3644 3645 3646 3647 3648 3649 3650 3651 3652 3653 3654 3655 3656 3657 3658 3704 3705 3706 3707 3708 3709 3710 3711 3712 3713 3714 3715 3716 3717 3718 3719 3720 3721 3722 3723 3724 3725 3726 3727 3728 3729 3730 3731 3732 3733 3734 3735 3736 3737 3738 3739 3740 3741 3742 3743 3744 3745 3746 3747 3748 3770 3771 3772 3773 3774 3775 3776 3777 3778 3779 3780 3781 3782 3783 3784 3785 3786 3787 3788 3789 3790 3818 3819 3820 3821 3822 3823 3824 3825 3826 3827 3828 3829 3830 3831 3832 3833 3834 3835 3836 3837 3838 3839 3840 3841 3842 3843 3844 3890 3891 3892 3893 3894 3895 3896 3897 3898 3899 3900 3901 3902 3903 3904 3905 3906 3907 3908 3909 3910 3911 3912 3913 3914 3915 3916 3917 3918 3919 3920 3921 3922 3923 3924 3925 3926 3927 3928 3929 3930 3931 3932 3933 3934 3980 3981 3982 3983 3984 3985 3986 3987 3988 3989 3990 3991 3992 3993 3994 3995 3996 3997 3998 3999 4000 4001 4002 4003 4004 4005 4006 4007 4008 4009 4010 4011 4012 4013 4014 4015 4016 4017 4018 4019 4020 4021 4022 4023 4024 4064 4065 4066 4067 4068 4069 4070 4071 4072 4073 4074 4075 4076 4077 4078 4079 4080 4081 4082 4083 4084 4085 4086 4087 4088 4089 4090 4091 4092 4093 4094 4095 4096 4097 4098 4099 4100 4101 4102 4138 4139 4140 4141 4142 4143 4144 4145 4146 4147 4148 4149 4150 4151 4152 4153 4154 4155 4156 4157 4158 4159 4160 4161 4162 4163 4164 4165 4166 4167 4168 4169 4170 4171 4172 4210 4211 4212 4213 4214 4215 4216 4217 4218 4219 4220 4221 4222 4223 4224 4225 4226 4227 4228 4229 4230 4231 4232 4233 4234 4235 4236 4237 4238 4239 4240 4241 4242 4243 4244 4245 4246 4298 4299 4300 4301 4302 4303 4304 4305 4306 4307 4308 4309 4310 4311 4312 4313 4314 4315 4316 4317 4318 4319 4320 4321 4322 4323 4324 4325 4326 4327 4328 4329 4330 4331 4332 4333 4334 4335 4336 4337 4338 4339 4340 4341 4342 4343 4344 4345 4346 4347 4348 4404 4405 4406 4407 4408 4409 4410 4411 4412 4413 4414 4415 4416 4417 4418 4419 4420 4421 4422 4423 4424 4425 4426 4427 4428 4429 4430 4431 4432 4433 4434 4435 4436 4437 4438 4439 4440 4441 4442 4443 4444 4445 4446 4447 4448 4449 4450 4451 4452 4453 4454 4455 4456 4457 4458 4494 4495 4496 4497 4498 4499 4500 4501 4502 4503 4504 4505 4506 4507 4508 4509 4510 4511 4512 4513 4514 4515 4516 4517 4518 4519 4520 4521 4522 4523 4524 4525 4526 4527 4528 4564 4565 4566 4567 4568 4569 4570 4571 4572 4573 4574 4575 4576 4577 4578 4579 4580 4581 4582 4583 4584 4585 4586 4587 4588 4589 4590 4591 4592 4593 4594 4595 4596 4597 4598 4646 4647 4648 4649 4650 4651 4652 4653 4654 4655 4656 4657 4658 4659 4660 4661 4662 4663 4664 4665 4666 4667 4668 4669 4670 4671 4672 4673 4674 4675 4676 4677 4678 4679 4680 4681 4682 4683 4684 4685 4686 4687 4688 4689 4690 4691 4692 
