4738
0 0 
1 1 0 
1 1 0 
1 1 0 
1 1 0 
1 1 0 
2 3 4 5 0 
1 1 0 
2 3 6 7 0 
2 3 3 8 0 
2 3 2 9 0 
1 1 0 
1 1 0 
1 1 0 
2 3 12 13 0 
2 3 11 14 0 
2 3 10 15 0 
2 3 1 16 0 
1 1 0 
2 3 17 18 0 
1 1 0 
1 1 0 
2 3 20 21 0 
1 1 0 
1 1 0 
1 1 0 
2 3 24 25 0 
2 3 23 26 0 
1 1 0 
2 3 27 28 0 
1 1 0 
1 1 0 
1 1 0 
1 1 0 
2 3 32 33 0 
1 1 0 
1 1 0 
2 3 35 36 0 
1 1 0 
2 3 37 38 0 
2 3 34 39 0 
2 3 31 40 0 
2 3 30 41 0 
2 3 29 42 0 
1 1 0 
2 3 43 44 0 
1 1 0 
1 1 0 
1 1 0 
1 1 0 
2 3 48 49 0 
2 3 47 50 0 
2 3 46 51 0 
1 1 0 
1 1 0 
2 3 53 54 0 
2 3 52 55 0 
2 3 45 56 0 
2 3 22 57 0 
2 3 19 58 0 
1 1 0 
2 3 59 60 0 
3 2 0 61 
3 2 0 59 
3 2 0 19 
3 2 0 17 
3 2 0 1 
3 2 0 16 
3 2 0 10 
3 2 0 2 
3 2 0 9 
3 2 0 3 
3 2 0 8 
3 2 0 6 
3 2 0 4 
3 2 0 5 
3 2 0 7 
3 2 0 15 
3 2 0 11 
3 2 0 14 
3 2 0 12 
3 2 0 13 
3 2 0 18 
3 2 0 58 
3 2 0 22 
3 2 0 20 
3 2 0 21 
3 2 0 57 
3 2 0 45 
3 2 0 43 
3 2 0 29 
3 2 0 27 
3 2 0 23 
3 2 0 26 
3 2 0 24 
3 2 0 25 
3 2 0 28 
3 2 0 42 
3 2 0 30 
3 2 0 41 
3 2 0 31 
3 2 0 40 
3 2 0 34 
3 2 0 32 
3 2 0 33 
3 2 0 39 
3 2 0 37 
3 2 0 35 
3 2 0 36 
3 2 0 38 
3 2 0 44 
3 2 0 56 
3 2 0 52 
3 2 0 46 
3 2 0 51 
3 2 0 47 
3 2 0 50 
3 2 0 48 
3 2 0 49 
3 2 0 55 
3 2 0 53 
3 2 0 54 
3 2 0 60 
1 1 0 
1 1 0 
1 1 0 
2 3 124 125 0 
1 1 0 
1 1 0 
1 1 0 
1 1 0 
2 3 129 130 0 
2 3 128 131 0 
2 3 127 132 0 
1 1 0 
1 1 0 
1 1 0 
1 1 0 
2 3 136 137 0 
1 1 0 
2 3 138 139 0 
1 1 0 
2 3 140 141 0 
2 3 135 142 0 
1 1 0 
1 1 0 
1 1 0 
2 3 145 146 0 
2 3 144 147 0 
2 3 143 148 0 
1 1 0 
2 3 149 150 0 
1 1 0 
1 1 0 
1 1 0 
1 1 0 
2 3 154 155 0 
2 3 153 156 0 
2 3 152 157 0 
1 1 0 
1 1 0 
1 1 0 
1 1 0 
1 1 0 
2 3 162 163 0 
2 3 161 164 0 
2 3 160 165 0 
2 3 159 166 0 
2 3 158 167 0 
2 3 151 168 0 
2 3 134 169 0 
2 3 133 170 0 
2 3 126 171 0 
2 3 123 172 0 
1 1 0 
2 3 173 174 0 
3 2 0 175 
3 2 0 173 
3 2 0 123 
3 2 0 172 
3 2 0 126 
3 2 0 124 
3 2 0 125 
3 2 0 171 
3 2 0 133 
3 2 0 127 
3 2 0 132 
3 2 0 128 
3 2 0 131 
3 2 0 129 
3 2 0 130 
3 2 0 170 
3 2 0 134 
3 2 0 169 
3 2 0 151 
3 2 0 149 
3 2 0 143 
3 2 0 135 
3 2 0 142 
3 2 0 140 
3 2 0 138 
3 2 0 136 
3 2 0 137 
3 2 0 139 
3 2 0 141 
3 2 0 148 
3 2 0 144 
3 2 0 147 
3 2 0 145 
3 2 0 146 
3 2 0 150 
3 2 0 168 
3 2 0 158 
3 2 0 152 
3 2 0 157 
3 2 0 153 
3 2 0 156 
3 2 0 154 
3 2 0 155 
3 2 0 167 
3 2 0 159 
3 2 0 166 
3 2 0 160 
3 2 0 165 
3 2 0 161 
3 2 0 164 
3 2 0 162 
3 2 0 163 
3 2 0 174 
1 1 0 
1 1 0 
1 1 0 
1 1 0 
2 3 231 232 0 
2 3 230 233 0 
1 1 0 
2 3 234 235 0 
2 3 229 236 0 
1 1 0 
1 1 0 
1 1 0 
1 1 0 
1 1 0 
1 1 0 
1 1 0 
1 1 0 
2 3 244 245 0 
2 3 243 246 0 
2 3 242 247 0 
2 3 241 248 0 
2 3 240 249 0 
1 1 0 
1 1 0 
1 1 0 
2 3 252 253 0 
2 3 251 254 0 
2 3 250 255 0 
2 3 239 256 0 
1 1 0 
2 3 257 258 0 
2 3 238 259 0 
2 3 237 260 0 
1 1 0 
2 3 261 262 0 
1 1 0 
1 1 0 
1 1 0 
1 1 0 
1 1 0 
2 3 267 268 0 
1 1 0 
1 1 0 
1 1 0 
1 1 0 
1 1 0 
2 3 273 274 0 
2 3 272 275 0 
1 1 0 
1 1 0 
1 1 0 
1 1 0 
1 1 0 
2 3 280 281 0 
2 3 279 282 0 
2 3 278 283 0 
1 1 0 
1 1 0 
1 1 0 
2 3 286 287 0 
2 3 285 288 0 
2 3 284 289 0 
2 3 277 290 0 
2 3 276 291 0 
2 3 271 292 0 
2 3 270 293 0 
2 3 269 294 0 
2 3 266 295 0 
2 3 265 296 0 
2 3 264 297 0 
2 3 263 298 0 
1 1 0 
2 3 299 300 0 
3 2 0 301 
3 2 0 299 
3 2 0 263 
3 2 0 261 
3 2 0 237 
3 2 0 229 
3 2 0 236 
3 2 0 234 
3 2 0 230 
3 2 0 233 
3 2 0 231 
3 2 0 232 
3 2 0 235 
3 2 0 260 
3 2 0 238 
3 2 0 259 
3 2 0 257 
3 2 0 239 
3 2 0 256 
3 2 0 250 
3 2 0 240 
3 2 0 249 
3 2 0 241 
3 2 0 248 
3 2 0 242 
3 2 0 247 
3 2 0 243 
3 2 0 246 
3 2 0 244 
3 2 0 245 
3 2 0 255 
3 2 0 251 
3 2 0 254 
3 2 0 252 
3 2 0 253 
3 2 0 258 
3 2 0 262 
3 2 0 298 
3 2 0 264 
3 2 0 297 
3 2 0 265 
3 2 0 296 
3 2 0 266 
3 2 0 295 
3 2 0 269 
3 2 0 267 
3 2 0 268 
3 2 0 294 
3 2 0 270 
3 2 0 293 
3 2 0 271 
3 2 0 292 
3 2 0 276 
3 2 0 272 
3 2 0 275 
3 2 0 273 
3 2 0 274 
3 2 0 291 
3 2 0 277 
3 2 0 290 
3 2 0 284 
3 2 0 278 
3 2 0 283 
3 2 0 279 
3 2 0 282 
3 2 0 280 
3 2 0 281 
3 2 0 289 
3 2 0 285 
3 2 0 288 
3 2 0 286 
3 2 0 287 
3 2 0 300 
1 1 0 
1 1 0 
1 1 0 
1 1 0 
1 1 0 
1 1 0 
1 1 0 
1 1 0 
2 3 381 382 0 
2 3 380 383 0 
2 3 379 384 0 
2 3 378 385 0 
2 3 377 386 0 
2 3 376 387 0 
2 3 375 388 0 
1 1 0 
2 3 389 390 0 
1 1 0 
2 3 391 392 0 
1 1 0 
2 3 393 394 0 
1 1 0 
1 1 0 
1 1 0 
1 1 0 
1 1 0 
2 3 399 400 0 
1 1 0 
2 3 401 402 0 
1 1 0 
2 3 403 404 0 
1 1 0 
1 1 0 
1 1 0 
2 3 407 408 0 
1 1 0 
2 3 409 410 0 
2 3 406 411 0 
1 1 0 
1 1 0 
1 1 0 
2 3 414 415 0 
2 3 413 416 0 
2 3 412 417 0 
2 3 405 418 0 
2 3 398 419 0 
2 3 397 420 0 
2 3 396 421 0 
2 3 395 422 0 
1 1 0 
2 3 423 424 0 
3 2 0 425 
3 2 0 423 
3 2 0 395 
3 2 0 393 
3 2 0 391 
3 2 0 389 
3 2 0 375 
3 2 0 388 
3 2 0 376 
3 2 0 387 
3 2 0 377 
3 2 0 386 
3 2 0 378 
3 2 0 385 
3 2 0 379 
3 2 0 384 
3 2 0 380 
3 2 0 383 
3 2 0 381 
3 2 0 382 
3 2 0 390 
3 2 0 392 
3 2 0 394 
3 2 0 422 
3 2 0 396 
3 2 0 421 
3 2 0 397 
3 2 0 420 
3 2 0 398 
3 2 0 419 
3 2 0 405 
3 2 0 403 
3 2 0 401 
3 2 0 399 
3 2 0 400 
3 2 0 402 
3 2 0 404 
3 2 0 418 
3 2 0 412 
3 2 0 406 
3 2 0 411 
3 2 0 409 
3 2 0 407 
3 2 0 408 
3 2 0 410 
3 2 0 417 
3 2 0 413 
3 2 0 416 
3 2 0 414 
3 2 0 415 
3 2 0 424 
1 1 0 
1 1 0 
1 1 0 
1 1 0 
2 3 479 480 0 
2 3 478 481 0 
2 3 477 482 0 
1 1 0 
1 1 0 
1 1 0 
1 1 0 
2 3 486 487 0 
2 3 485 488 0 
2 3 484 489 0 
2 3 483 490 0 
1 1 0 
2 3 491 492 0 
3 2 0 493 
3 2 0 491 
3 2 0 483 
3 2 0 477 
3 2 0 482 
3 2 0 478 
3 2 0 481 
3 2 0 479 
3 2 0 480 
3 2 0 490 
3 2 0 484 
3 2 0 489 
3 2 0 485 
3 2 0 488 
3 2 0 486 
3 2 0 487 
3 2 0 492 
1 1 0 
1 1 0 
1 1 0 
1 1 0 
2 3 513 514 0 
2 3 512 515 0 
1 1 0 
1 1 0 
1 1 0 
1 1 0 
1 1 0 
2 3 520 521 0 
2 3 519 522 0 
2 3 518 523 0 
2 3 517 524 0 
2 3 516 525 0 
2 3 511 526 0 
1 1 0 
2 3 527 528 0 
1 1 0 
2 3 529 530 0 
1 1 0 
1 1 0 
1 1 0 
1 1 0 
1 1 0 
2 3 535 536 0 
2 3 534 537 0 
1 1 0 
1 1 0 
1 1 0 
2 3 540 541 0 
2 3 539 542 0 
2 3 538 543 0 
2 3 533 544 0 
2 3 532 545 0 
2 3 531 546 0 
1 1 0 
2 3 547 548 0 
3 2 0 549 
3 2 0 547 
3 2 0 531 
3 2 0 529 
3 2 0 527 
3 2 0 511 
3 2 0 526 
3 2 0 516 
3 2 0 512 
3 2 0 515 
3 2 0 513 
3 2 0 514 
3 2 0 525 
3 2 0 517 
3 2 0 524 
3 2 0 518 
3 2 0 523 
3 2 0 519 
3 2 0 522 
3 2 0 520 
3 2 0 521 
3 2 0 528 
3 2 0 530 
3 2 0 546 
3 2 0 532 
3 2 0 545 
3 2 0 533 
3 2 0 544 
3 2 0 538 
3 2 0 534 
3 2 0 537 
3 2 0 535 
3 2 0 536 
3 2 0 543 
3 2 0 539 
3 2 0 542 
3 2 0 540 
3 2 0 541 
3 2 0 548 
1 1 0 
1 1 0 
2 3 589 590 0 
1 1 0 
1 1 0 
1 1 0 
2 3 593 594 0 
2 3 592 595 0 
1 1 0 
1 1 0 
1 1 0 
1 1 0 
2 3 599 600 0 
2 3 598 601 0 
1 1 0 
1 1 0 
1 1 0 
1 1 0 
1 1 0 
2 3 606 607 0 
1 1 0 
1 1 0 
1 1 0 
1 1 0 
1 1 0 
2 3 612 613 0 
1 1 0 
1 1 0 
2 3 615 616 0 
2 3 614 617 0 
2 3 611 618 0 
2 3 610 619 0 
2 3 609 620 0 
2 3 608 621 0 
2 3 605 622 0 
2 3 604 623 0 
2 3 603 624 0 
2 3 602 625 0 
2 3 597 626 0 
2 3 596 627 0 
2 3 591 628 0 
3 2 0 629 
3 2 0 591 
3 2 0 589 
3 2 0 590 
3 2 0 628 
3 2 0 596 
3 2 0 592 
3 2 0 595 
3 2 0 593 
3 2 0 594 
3 2 0 627 
3 2 0 597 
3 2 0 626 
3 2 0 602 
3 2 0 598 
3 2 0 601 
3 2 0 599 
3 2 0 600 
3 2 0 625 
3 2 0 603 
3 2 0 624 
3 2 0 604 
3 2 0 623 
3 2 0 605 
3 2 0 622 
3 2 0 608 
3 2 0 606 
3 2 0 607 
3 2 0 621 
3 2 0 609 
3 2 0 620 
3 2 0 610 
3 2 0 619 
3 2 0 611 
3 2 0 618 
3 2 0 614 
3 2 0 612 
3 2 0 613 
3 2 0 617 
3 2 0 615 
3 2 0 616 
1 1 0 
1 1 0 
2 3 671 672 0 
1 1 0 
1 1 0 
1 1 0 
2 3 675 676 0 
2 3 674 677 0 
2 3 673 678 0 
1 1 0 
1 1 0 
1 1 0 
1 1 0 
1 1 0 
1 1 0 
1 1 0 
1 1 0 
1 1 0 
1 1 0 
1 1 0 
2 3 689 690 0 
2 3 688 691 0 
2 3 687 692 0 
2 3 686 693 0 
2 3 685 694 0 
2 3 684 695 0 
2 3 683 696 0 
2 3 682 697 0 
2 3 681 698 0 
2 3 680 699 0 
1 1 0 
2 3 700 701 0 
2 3 679 702 0 
3 2 0 703 
3 2 0 679 
3 2 0 673 
3 2 0 671 
3 2 0 672 
3 2 0 678 
3 2 0 674 
3 2 0 677 
3 2 0 675 
3 2 0 676 
3 2 0 702 
3 2 0 700 
3 2 0 680 
3 2 0 699 
3 2 0 681 
3 2 0 698 
3 2 0 682 
3 2 0 697 
3 2 0 683 
3 2 0 696 
3 2 0 684 
3 2 0 695 
3 2 0 685 
3 2 0 694 
3 2 0 686 
3 2 0 693 
3 2 0 687 
3 2 0 692 
3 2 0 688 
3 2 0 691 
3 2 0 689 
3 2 0 690 
3 2 0 701 
1 1 0 
1 1 0 
2 3 737 738 0 
1 1 0 
2 3 739 740 0 
1 1 0 
1 1 0 
1 1 0 
2 3 743 744 0 
1 1 0 
2 3 745 746 0 
1 1 0 
1 1 0 
1 1 0 
1 1 0 
1 1 0 
1 1 0 
2 3 752 753 0 
2 3 751 754 0 
2 3 750 755 0 
2 3 749 756 0 
2 3 748 757 0 
2 3 747 758 0 
1 1 0 
2 3 759 760 0 
1 1 0 
1 1 0 
1 1 0 
2 3 763 764 0 
1 1 0 
1 1 0 
2 3 766 767 0 
2 3 765 768 0 
1 1 0 
1 1 0 
1 1 0 
1 1 0 
2 3 772 773 0 
2 3 771 774 0 
2 3 770 775 0 
2 3 769 776 0 
2 3 762 777 0 
2 3 761 778 0 
1 1 0 
2 3 779 780 0 
2 3 742 781 0 
2 3 741 782 0 
3 2 0 783 
3 2 0 741 
3 2 0 739 
3 2 0 737 
3 2 0 738 
3 2 0 740 
3 2 0 782 
3 2 0 742 
3 2 0 781 
3 2 0 779 
3 2 0 761 
3 2 0 759 
3 2 0 747 
3 2 0 745 
3 2 0 743 
3 2 0 744 
3 2 0 746 
3 2 0 758 
3 2 0 748 
3 2 0 757 
3 2 0 749 
3 2 0 756 
3 2 0 750 
3 2 0 755 
3 2 0 751 
3 2 0 754 
3 2 0 752 
3 2 0 753 
3 2 0 760 
3 2 0 778 
3 2 0 762 
3 2 0 777 
3 2 0 769 
3 2 0 765 
3 2 0 763 
3 2 0 764 
3 2 0 768 
3 2 0 766 
3 2 0 767 
3 2 0 776 
3 2 0 770 
3 2 0 775 
3 2 0 771 
3 2 0 774 
3 2 0 772 
3 2 0 773 
3 2 0 780 
1 1 0 
1 1 0 
1 1 0 
1 1 0 
1 1 0 
2 3 834 835 0 
1 1 0 
1 1 0 
1 1 0 
1 1 0 
1 1 0 
2 3 840 841 0 
1 1 0 
2 3 842 843 0 
2 3 839 844 0 
2 3 838 845 0 
2 3 837 846 0 
2 3 836 847 0 
1 1 0 
2 3 848 849 0 
2 3 833 850 0 
2 3 832 851 0 
2 3 831 852 0 
1 1 0 
1 1 0 
2 3 854 855 0 
2 3 853 856 0 
3 2 0 857 
3 2 0 853 
3 2 0 831 
3 2 0 852 
3 2 0 832 
3 2 0 851 
3 2 0 833 
3 2 0 850 
3 2 0 848 
3 2 0 836 
3 2 0 834 
3 2 0 835 
3 2 0 847 
3 2 0 837 
3 2 0 846 
3 2 0 838 
3 2 0 845 
3 2 0 839 
3 2 0 844 
3 2 0 842 
3 2 0 840 
3 2 0 841 
3 2 0 843 
3 2 0 849 
3 2 0 856 
3 2 0 854 
3 2 0 855 
1 1 0 
1 1 0 
2 3 885 886 0 
1 1 0 
1 1 0 
1 1 0 
2 3 889 890 0 
1 1 0 
1 1 0 
1 1 0 
1 1 0 
2 3 894 895 0 
2 3 893 896 0 
1 1 0 
1 1 0 
1 1 0 
2 3 899 900 0 
1 1 0 
1 1 0 
2 3 902 903 0 
2 3 901 904 0 
2 3 898 905 0 
2 3 897 906 0 
2 3 892 907 0 
2 3 891 908 0 
2 3 888 909 0 
2 3 887 910 0 
1 1 0 
2 3 911 912 0 
1 1 0 
2 3 913 914 0 
1 1 0 
1 1 0 
1 1 0 
1 1 0 
1 1 0 
1 1 0 
1 1 0 
1 1 0 
2 3 922 923 0 
1 1 0 
1 1 0 
1 1 0 
2 3 926 927 0 
2 3 925 928 0 
1 1 0 
1 1 0 
1 1 0 
2 3 931 932 0 
1 1 0 
2 3 933 934 0 
1 1 0 
1 1 0 
1 1 0 
1 1 0 
1 1 0 
1 1 0 
2 3 940 941 0 
2 3 939 942 0 
2 3 938 943 0 
2 3 937 944 0 
2 3 936 945 0 
2 3 935 946 0 
2 3 930 947 0 
2 3 929 948 0 
2 3 924 949 0 
2 3 921 950 0 
2 3 920 951 0 
2 3 919 952 0 
2 3 918 953 0 
2 3 917 954 0 
2 3 916 955 0 
2 3 915 956 0 
1 1 0 
2 3 957 958 0 
3 2 0 959 
3 2 0 957 
3 2 0 915 
3 2 0 913 
3 2 0 911 
3 2 0 887 
3 2 0 885 
3 2 0 886 
3 2 0 910 
3 2 0 888 
3 2 0 909 
3 2 0 891 
3 2 0 889 
3 2 0 890 
3 2 0 908 
3 2 0 892 
3 2 0 907 
3 2 0 897 
3 2 0 893 
3 2 0 896 
3 2 0 894 
3 2 0 895 
3 2 0 906 
3 2 0 898 
3 2 0 905 
3 2 0 901 
3 2 0 899 
3 2 0 900 
3 2 0 904 
3 2 0 902 
3 2 0 903 
3 2 0 912 
3 2 0 914 
3 2 0 956 
3 2 0 916 
3 2 0 955 
3 2 0 917 
3 2 0 954 
3 2 0 918 
3 2 0 953 
3 2 0 919 
3 2 0 952 
3 2 0 920 
3 2 0 951 
3 2 0 921 
3 2 0 950 
3 2 0 924 
3 2 0 922 
3 2 0 923 
3 2 0 949 
3 2 0 929 
3 2 0 925 
3 2 0 928 
3 2 0 926 
3 2 0 927 
3 2 0 948 
3 2 0 930 
3 2 0 947 
3 2 0 935 
3 2 0 933 
3 2 0 931 
3 2 0 932 
3 2 0 934 
3 2 0 946 
3 2 0 936 
3 2 0 945 
3 2 0 937 
3 2 0 944 
3 2 0 938 
3 2 0 943 
3 2 0 939 
3 2 0 942 
3 2 0 940 
3 2 0 941 
3 2 0 958 
1 1 0 
1 1 0 
1 1 0 
2 3 1036 1037 0 
2 3 1035 1038 0 
1 1 0 
1 1 0 
1 1 0 
2 3 1041 1042 0 
2 3 1040 1043 0 
2 3 1039 1044 0 
1 1 0 
2 3 1045 1046 0 
3 2 0 1047 
3 2 0 1045 
3 2 0 1039 
3 2 0 1035 
3 2 0 1038 
3 2 0 1036 
3 2 0 1037 
3 2 0 1044 
3 2 0 1040 
3 2 0 1043 
3 2 0 1041 
3 2 0 1042 
3 2 0 1046 
1 1 0 
1 1 0 
1 1 0 
2 3 1062 1063 0 
2 3 1061 1064 0 
1 1 0 
1 1 0 
1 1 0 
1 1 0 
2 3 1068 1069 0 
2 3 1067 1070 0 
2 3 1066 1071 0 
2 3 1065 1072 0 
1 1 0 
2 3 1073 1074 0 
3 2 0 1075 
3 2 0 1073 
3 2 0 1065 
3 2 0 1061 
3 2 0 1064 
3 2 0 1062 
3 2 0 1063 
3 2 0 1072 
3 2 0 1066 
3 2 0 1071 
3 2 0 1067 
3 2 0 1070 
3 2 0 1068 
3 2 0 1069 
3 2 0 1074 
1 1 0 
1 1 0 
2 3 1091 1092 0 
1 1 0 
1 1 0 
1 1 0 
1 1 0 
1 1 0 
2 3 1097 1098 0 
2 3 1096 1099 0 
2 3 1095 1100 0 
2 3 1094 1101 0 
2 3 1093 1102 0 
1 1 0 
1 1 0 
2 3 1104 1105 0 
2 3 1103 1106 0 
3 2 0 1107 
3 2 0 1103 
3 2 0 1093 
3 2 0 1091 
3 2 0 1092 
3 2 0 1102 
3 2 0 1094 
3 2 0 1101 
3 2 0 1095 
3 2 0 1100 
3 2 0 1096 
3 2 0 1099 
3 2 0 1097 
3 2 0 1098 
3 2 0 1106 
3 2 0 1104 
3 2 0 1105 
1 1 0 
1 1 0 
1 1 0 
2 3 1126 1127 0 
1 1 0 
1 1 0 
1 1 0 
1 1 0 
2 3 1131 1132 0 
2 3 1130 1133 0 
2 3 1129 1134 0 
2 3 1128 1135 0 
2 3 1125 1136 0 
1 1 0 
1 1 0 
1 1 0 
1 1 0 
1 1 0 
1 1 0 
1 1 0 
1 1 0 
1 1 0 
2 3 1145 1146 0 
1 1 0 
1 1 0 
2 3 1148 1149 0 
2 3 1147 1150 0 
2 3 1144 1151 0 
2 3 1143 1152 0 
2 3 1142 1153 0 
2 3 1141 1154 0 
2 3 1140 1155 0 
1 1 0 
2 3 1156 1157 0 
2 3 1139 1158 0 
2 3 1138 1159 0 
2 3 1137 1160 0 
3 2 0 1161 
3 2 0 1137 
3 2 0 1125 
3 2 0 1136 
3 2 0 1128 
3 2 0 1126 
3 2 0 1127 
3 2 0 1135 
3 2 0 1129 
3 2 0 1134 
3 2 0 1130 
3 2 0 1133 
3 2 0 1131 
3 2 0 1132 
3 2 0 1160 
3 2 0 1138 
3 2 0 1159 
3 2 0 1139 
3 2 0 1158 
3 2 0 1156 
3 2 0 1140 
3 2 0 1155 
3 2 0 1141 
3 2 0 1154 
3 2 0 1142 
3 2 0 1153 
3 2 0 1143 
3 2 0 1152 
3 2 0 1144 
3 2 0 1151 
3 2 0 1147 
3 2 0 1145 
3 2 0 1146 
3 2 0 1150 
3 2 0 1148 
3 2 0 1149 
3 2 0 1157 
1 1 0 
1 1 0 
2 3 1199 1200 0 
1 1 0 
2 3 1201 1202 0 
1 1 0 
1 1 0 
1 1 0 
1 1 0 
1 1 0 
2 3 1207 1208 0 
2 3 1206 1209 0 
2 3 1205 1210 0 
2 3 1204 1211 0 
2 3 1203 1212 0 
1 1 0 
2 3 1213 1214 0 
3 2 0 1215 
3 2 0 1213 
3 2 0 1203 
3 2 0 1201 
3 2 0 1199 
3 2 0 1200 
3 2 0 1202 
3 2 0 1212 
3 2 0 1204 
3 2 0 1211 
3 2 0 1205 
3 2 0 1210 
3 2 0 1206 
3 2 0 1209 
3 2 0 1207 
3 2 0 1208 
3 2 0 1214 
1 1 0 
1 1 0 
1 1 0 
1 1 0 
2 3 1235 1236 0 
2 3 1234 1237 0 
1 1 0 
1 1 0 
1 1 0 
2 3 1240 1241 0 
1 1 0 
1 1 0 
2 3 1243 1244 0 
1 1 0 
2 3 1245 1246 0 
1 1 0 
1 1 0 
2 3 1248 1249 0 
2 3 1247 1250 0 
1 1 0 
2 3 1251 1252 0 
1 1 0 
2 3 1253 1254 0 
1 1 0 
1 1 0 
2 3 1256 1257 0 
2 3 1255 1258 0 
2 3 1242 1259 0 
1 1 0 
1 1 0 
1 1 0 
1 1 0 
2 3 1263 1264 0 
1 1 0 
1 1 0 
1 1 0 
2 3 1267 1268 0 
1 1 0 
2 3 1269 1270 0 
1 1 0 
1 1 0 
2 3 1272 1273 0 
1 1 0 
2 3 1274 1275 0 
2 3 1271 1276 0 
1 1 0 
2 3 1277 1278 0 
2 3 1266 1279 0 
2 3 1265 1280 0 
2 3 1262 1281 0 
2 3 1261 1282 0 
2 3 1260 1283 0 
2 3 1239 1284 0 
2 3 1238 1285 0 
1 1 0 
1 1 0 
1 1 0 
1 1 0 
1 1 0 
2 3 1290 1291 0 
2 3 1289 1292 0 
2 3 1288 1293 0 
1 1 0 
2 3 1294 1295 0 
2 3 1287 1296 0 
1 1 0 
2 3 1297 1298 0 
2 3 1286 1299 0 
2 3 1233 1300 0 
3 2 0 1301 
3 2 0 1233 
3 2 0 1300 
3 2 0 1286 
3 2 0 1238 
3 2 0 1234 
3 2 0 1237 
3 2 0 1235 
3 2 0 1236 
3 2 0 1285 
3 2 0 1239 
3 2 0 1284 
3 2 0 1260 
3 2 0 1242 
3 2 0 1240 
3 2 0 1241 
3 2 0 1259 
3 2 0 1255 
3 2 0 1253 
3 2 0 1251 
3 2 0 1247 
3 2 0 1245 
3 2 0 1243 
3 2 0 1244 
3 2 0 1246 
3 2 0 1250 
3 2 0 1248 
3 2 0 1249 
3 2 0 1252 
3 2 0 1254 
3 2 0 1258 
3 2 0 1256 
3 2 0 1257 
3 2 0 1283 
3 2 0 1261 
3 2 0 1282 
3 2 0 1262 
3 2 0 1281 
3 2 0 1265 
3 2 0 1263 
3 2 0 1264 
3 2 0 1280 
3 2 0 1266 
3 2 0 1279 
3 2 0 1277 
3 2 0 1271 
3 2 0 1269 
3 2 0 1267 
3 2 0 1268 
3 2 0 1270 
3 2 0 1276 
3 2 0 1274 
3 2 0 1272 
3 2 0 1273 
3 2 0 1275 
3 2 0 1278 
3 2 0 1299 
3 2 0 1297 
3 2 0 1287 
3 2 0 1296 
3 2 0 1294 
3 2 0 1288 
3 2 0 1293 
3 2 0 1289 
3 2 0 1292 
3 2 0 1290 
3 2 0 1291 
3 2 0 1295 
3 2 0 1298 
1 1 0 
1 1 0 
2 3 1371 1372 0 
1 1 0 
1 1 0 
1 1 0 
1 1 0 
1 1 0 
2 3 1377 1378 0 
2 3 1376 1379 0 
1 1 0 
1 1 0 
1 1 0 
2 3 1382 1383 0 
2 3 1381 1384 0 
2 3 1380 1385 0 
1 1 0 
1 1 0 
1 1 0 
1 1 0 
1 1 0 
2 3 1390 1391 0 
2 3 1389 1392 0 
2 3 1388 1393 0 
2 3 1387 1394 0 
2 3 1386 1395 0 
2 3 1375 1396 0 
2 3 1374 1397 0 
2 3 1373 1398 0 
1 1 0 
1 1 0 
1 1 0 
1 1 0 
2 3 1402 1403 0 
2 3 1401 1404 0 
1 1 0 
1 1 0 
1 1 0 
1 1 0 
2 3 1408 1409 0 
2 3 1407 1410 0 
1 1 0 
1 1 0 
1 1 0 
1 1 0 
1 1 0 
2 3 1415 1416 0 
1 1 0 
2 3 1417 1418 0 
1 1 0 
1 1 0 
2 3 1420 1421 0 
2 3 1419 1422 0 
2 3 1414 1423 0 
2 3 1413 1424 0 
2 3 1412 1425 0 
2 3 1411 1426 0 
2 3 1406 1427 0 
2 3 1405 1428 0 
1 1 0 
2 3 1429 1430 0 
2 3 1400 1431 0 
2 3 1399 1432 0 
3 2 0 1433 
3 2 0 1399 
3 2 0 1373 
3 2 0 1371 
3 2 0 1372 
3 2 0 1398 
3 2 0 1374 
3 2 0 1397 
3 2 0 1375 
3 2 0 1396 
3 2 0 1386 
3 2 0 1380 
3 2 0 1376 
3 2 0 1379 
3 2 0 1377 
3 2 0 1378 
3 2 0 1385 
3 2 0 1381 
3 2 0 1384 
3 2 0 1382 
3 2 0 1383 
3 2 0 1395 
3 2 0 1387 
3 2 0 1394 
3 2 0 1388 
3 2 0 1393 
3 2 0 1389 
3 2 0 1392 
3 2 0 1390 
3 2 0 1391 
3 2 0 1432 
3 2 0 1400 
3 2 0 1431 
3 2 0 1429 
3 2 0 1405 
3 2 0 1401 
3 2 0 1404 
3 2 0 1402 
3 2 0 1403 
3 2 0 1428 
3 2 0 1406 
3 2 0 1427 
3 2 0 1411 
3 2 0 1407 
3 2 0 1410 
3 2 0 1408 
3 2 0 1409 
3 2 0 1426 
3 2 0 1412 
3 2 0 1425 
3 2 0 1413 
3 2 0 1424 
3 2 0 1414 
3 2 0 1423 
3 2 0 1419 
3 2 0 1417 
3 2 0 1415 
3 2 0 1416 
3 2 0 1418 
3 2 0 1422 
3 2 0 1420 
3 2 0 1421 
3 2 0 1430 
1 1 0 
1 1 0 
2 3 1497 1498 0 
1 1 0 
1 1 0 
2 3 1500 1501 0 
1 1 0 
2 3 1502 1503 0 
2 3 1499 1504 0 
1 1 0 
1 1 0 
1 1 0 
1 1 0 
1 1 0 
1 1 0 
2 3 1510 1511 0 
2 3 1509 1512 0 
2 3 1508 1513 0 
2 3 1507 1514 0 
2 3 1506 1515 0 
1 1 0 
2 3 1516 1517 0 
2 3 1505 1518 0 
3 2 0 1519 
3 2 0 1505 
3 2 0 1499 
3 2 0 1497 
3 2 0 1498 
3 2 0 1504 
3 2 0 1502 
3 2 0 1500 
3 2 0 1501 
3 2 0 1503 
3 2 0 1518 
3 2 0 1516 
3 2 0 1506 
3 2 0 1515 
3 2 0 1507 
3 2 0 1514 
3 2 0 1508 
3 2 0 1513 
3 2 0 1509 
3 2 0 1512 
3 2 0 1510 
3 2 0 1511 
3 2 0 1517 
1 1 0 
1 1 0 
2 3 1543 1544 0 
1 1 0 
1 1 0 
1 1 0 
1 1 0 
2 3 1548 1549 0 
1 1 0 
2 3 1550 1551 0 
1 1 0 
2 3 1552 1553 0 
1 1 0 
1 1 0 
1 1 0 
2 3 1556 1557 0 
2 3 1555 1558 0 
1 1 0 
2 3 1559 1560 0 
1 1 0 
1 1 0 
1 1 0 
1 1 0 
1 1 0 
2 3 1565 1566 0 
1 1 0 
1 1 0 
1 1 0 
1 1 0 
1 1 0 
2 3 1571 1572 0 
2 3 1570 1573 0 
2 3 1569 1574 0 
2 3 1568 1575 0 
2 3 1567 1576 0 
2 3 1564 1577 0 
2 3 1563 1578 0 
2 3 1562 1579 0 
2 3 1561 1580 0 
2 3 1554 1581 0 
1 1 0 
2 3 1582 1583 0 
2 3 1547 1584 0 
2 3 1546 1585 0 
2 3 1545 1586 0 
3 2 0 1587 
3 2 0 1545 
3 2 0 1543 
3 2 0 1544 
3 2 0 1586 
3 2 0 1546 
3 2 0 1585 
3 2 0 1547 
3 2 0 1584 
3 2 0 1582 
3 2 0 1554 
3 2 0 1552 
3 2 0 1550 
3 2 0 1548 
3 2 0 1549 
3 2 0 1551 
3 2 0 1553 
3 2 0 1581 
3 2 0 1561 
3 2 0 1559 
3 2 0 1555 
3 2 0 1558 
3 2 0 1556 
3 2 0 1557 
3 2 0 1560 
3 2 0 1580 
3 2 0 1562 
3 2 0 1579 
3 2 0 1563 
3 2 0 1578 
3 2 0 1564 
3 2 0 1577 
3 2 0 1567 
3 2 0 1565 
3 2 0 1566 
3 2 0 1576 
3 2 0 1568 
3 2 0 1575 
3 2 0 1569 
3 2 0 1574 
3 2 0 1570 
3 2 0 1573 
3 2 0 1571 
3 2 0 1572 
3 2 0 1583 
1 1 0 
1 1 0 
1 1 0 
2 3 1634 1635 0 
2 3 1633 1636 0 
1 1 0 
1 1 0 
1 1 0 
1 1 0 
2 3 1640 1641 0 
2 3 1639 1642 0 
1 1 0 
1 1 0 
1 1 0 
2 3 1645 1646 0 
1 1 0 
2 3 1647 1648 0 
1 1 0 
1 1 0 
1 1 0 
1 1 0 
1 1 0 
2 3 1653 1654 0 
2 3 1652 1655 0 
2 3 1651 1656 0 
1 1 0 
1 1 0 
2 3 1658 1659 0 
2 3 1657 1660 0 
2 3 1650 1661 0 
2 3 1649 1662 0 
2 3 1644 1663 0 
2 3 1643 1664 0 
2 3 1638 1665 0 
1 1 0 
2 3 1666 1667 0 
2 3 1637 1668 0 
3 2 0 1669 
3 2 0 1637 
3 2 0 1633 
3 2 0 1636 
3 2 0 1634 
3 2 0 1635 
3 2 0 1668 
3 2 0 1666 
3 2 0 1638 
3 2 0 1665 
3 2 0 1643 
3 2 0 1639 
3 2 0 1642 
3 2 0 1640 
3 2 0 1641 
3 2 0 1664 
3 2 0 1644 
3 2 0 1663 
3 2 0 1649 
3 2 0 1647 
3 2 0 1645 
3 2 0 1646 
3 2 0 1648 
3 2 0 1662 
3 2 0 1650 
3 2 0 1661 
3 2 0 1657 
3 2 0 1651 
3 2 0 1656 
3 2 0 1652 
3 2 0 1655 
3 2 0 1653 
3 2 0 1654 
3 2 0 1660 
3 2 0 1658 
3 2 0 1659 
3 2 0 1667 
1 1 0 
1 1 0 
1 1 0 
2 3 1708 1709 0 
1 1 0 
2 3 1710 1711 0 
2 3 1707 1712 0 
1 1 0 
1 1 0 
1 1 0 
2 3 1715 1716 0 
1 1 0 
1 1 0 
1 1 0 
1 1 0 
1 1 0 
1 1 0 
2 3 1722 1723 0 
2 3 1721 1724 0 
2 3 1720 1725 0 
2 3 1719 1726 0 
2 3 1718 1727 0 
1 1 0 
2 3 1728 1729 0 
2 3 1717 1730 0 
2 3 1714 1731 0 
2 3 1713 1732 0 
3 2 0 1733 
3 2 0 1713 
3 2 0 1707 
3 2 0 1712 
3 2 0 1710 
3 2 0 1708 
3 2 0 1709 
3 2 0 1711 
3 2 0 1732 
3 2 0 1714 
3 2 0 1731 
3 2 0 1717 
3 2 0 1715 
3 2 0 1716 
3 2 0 1730 
3 2 0 1728 
3 2 0 1718 
3 2 0 1727 
3 2 0 1719 
3 2 0 1726 
3 2 0 1720 
3 2 0 1725 
3 2 0 1721 
3 2 0 1724 
3 2 0 1722 
3 2 0 1723 
3 2 0 1729 
1 1 0 
1 1 0 
1 1 0 
2 3 1762 1763 0 
2 3 1761 1764 0 
1 1 0 
2 3 1765 1766 0 
1 1 0 
1 1 0 
1 1 0 
1 1 0 
1 1 0 
1 1 0 
1 1 0 
2 3 1773 1774 0 
2 3 1772 1775 0 
1 1 0 
1 1 0 
1 1 0 
1 1 0 
2 3 1779 1780 0 
2 3 1778 1781 0 
2 3 1777 1782 0 
2 3 1776 1783 0 
1 1 0 
2 3 1784 1785 0 
1 1 0 
1 1 0 
2 3 1787 1788 0 
2 3 1786 1789 0 
2 3 1771 1790 0 
2 3 1770 1791 0 
2 3 1769 1792 0 
2 3 1768 1793 0 
1 1 0 
2 3 1794 1795 0 
2 3 1767 1796 0 
3 2 0 1797 
3 2 0 1767 
3 2 0 1765 
3 2 0 1761 
3 2 0 1764 
3 2 0 1762 
3 2 0 1763 
3 2 0 1766 
3 2 0 1796 
3 2 0 1794 
3 2 0 1768 
3 2 0 1793 
3 2 0 1769 
3 2 0 1792 
3 2 0 1770 
3 2 0 1791 
3 2 0 1771 
3 2 0 1790 
3 2 0 1786 
3 2 0 1784 
3 2 0 1776 
3 2 0 1772 
3 2 0 1775 
3 2 0 1773 
3 2 0 1774 
3 2 0 1783 
3 2 0 1777 
3 2 0 1782 
3 2 0 1778 
3 2 0 1781 
3 2 0 1779 
3 2 0 1780 
3 2 0 1785 
3 2 0 1789 
3 2 0 1787 
3 2 0 1788 
3 2 0 1795 
1 1 0 
1 1 0 
2 3 1835 1836 0 
1 1 0 
1 1 0 
2 3 1838 1839 0 
2 3 1837 1840 0 
1 1 0 
1 1 0 
1 1 0 
1 1 0 
2 3 1844 1845 0 
1 1 0 
2 3 1846 1847 0 
2 3 1843 1848 0 
2 3 1842 1849 0 
1 1 0 
2 3 1850 1851 0 
2 3 1841 1852 0 
3 2 0 1853 
3 2 0 1841 
3 2 0 1837 
3 2 0 1835 
3 2 0 1836 
3 2 0 1840 
3 2 0 1838 
3 2 0 1839 
3 2 0 1852 
3 2 0 1850 
3 2 0 1842 
3 2 0 1849 
3 2 0 1843 
3 2 0 1848 
3 2 0 1846 
3 2 0 1844 
3 2 0 1845 
3 2 0 1847 
3 2 0 1851 
1 1 0 
1 1 0 
1 1 0 
1 1 0 
2 3 1875 1876 0 
2 3 1874 1877 0 
2 3 1873 1878 0 
1 1 0 
2 3 1879 1880 0 
3 2 0 1881 
3 2 0 1879 
3 2 0 1873 
3 2 0 1878 
3 2 0 1874 
3 2 0 1877 
3 2 0 1875 
3 2 0 1876 
3 2 0 1880 
1 1 0 
1 1 0 
1 1 0 
2 3 1892 1893 0 
1 1 0 
1 1 0 
1 1 0 
2 3 1896 1897 0 
2 3 1895 1898 0 
2 3 1894 1899 0 
2 3 1891 1900 0 
1 1 0 
1 1 0 
1 1 0 
1 1 0 
1 1 0 
2 3 1905 1906 0 
2 3 1904 1907 0 
1 1 0 
2 3 1908 1909 0 
2 3 1903 1910 0 
2 3 1902 1911 0 
2 3 1901 1912 0 
3 2 0 1913 
3 2 0 1901 
3 2 0 1891 
3 2 0 1900 
3 2 0 1894 
3 2 0 1892 
3 2 0 1893 
3 2 0 1899 
3 2 0 1895 
3 2 0 1898 
3 2 0 1896 
3 2 0 1897 
3 2 0 1912 
3 2 0 1902 
3 2 0 1911 
3 2 0 1903 
3 2 0 1910 
3 2 0 1908 
3 2 0 1904 
3 2 0 1907 
3 2 0 1905 
3 2 0 1906 
3 2 0 1909 
1 1 0 
1 1 0 
1 1 0 
1 1 0 
1 1 0 
1 1 0 
1 1 0 
1 1 0 
2 3 1943 1944 0 
1 1 0 
1 1 0 
1 1 0 
2 3 1947 1948 0 
2 3 1946 1949 0 
2 3 1945 1950 0 
2 3 1942 1951 0 
2 3 1941 1952 0 
2 3 1940 1953 0 
1 1 0 
2 3 1954 1955 0 
1 1 0 
1 1 0 
2 3 1957 1958 0 
2 3 1956 1959 0 
1 1 0 
1 1 0 
2 3 1961 1962 0 
2 3 1960 1963 0 
2 3 1939 1964 0 
1 1 0 
2 3 1965 1966 0 
2 3 1938 1967 0 
2 3 1937 1968 0 
3 2 0 1969 
3 2 0 1937 
3 2 0 1968 
3 2 0 1938 
3 2 0 1967 
3 2 0 1965 
3 2 0 1939 
3 2 0 1964 
3 2 0 1960 
3 2 0 1956 
3 2 0 1954 
3 2 0 1940 
3 2 0 1953 
3 2 0 1941 
3 2 0 1952 
3 2 0 1942 
3 2 0 1951 
3 2 0 1945 
3 2 0 1943 
3 2 0 1944 
3 2 0 1950 
3 2 0 1946 
3 2 0 1949 
3 2 0 1947 
3 2 0 1948 
3 2 0 1955 
3 2 0 1959 
3 2 0 1957 
3 2 0 1958 
3 2 0 1963 
3 2 0 1961 
3 2 0 1962 
3 2 0 1966 
1 1 0 
1 1 0 
2 3 2003 2004 0 
1 1 0 
1 1 0 
1 1 0 
2 3 2007 2008 0 
1 1 0 
1 1 0 
1 1 0 
2 3 2011 2012 0 
1 1 0 
2 3 2013 2014 0 
1 1 0 
1 1 0 
1 1 0 
2 3 2017 2018 0 
1 1 0 
1 1 0 
1 1 0 
1 1 0 
2 3 2022 2023 0 
2 3 2021 2024 0 
1 1 0 
1 1 0 
2 3 2026 2027 0 
2 3 2025 2028 0 
2 3 2020 2029 0 
2 3 2019 2030 0 
2 3 2016 2031 0 
2 3 2015 2032 0 
1 1 0 
2 3 2033 2034 0 
2 3 2010 2035 0 
2 3 2009 2036 0 
2 3 2006 2037 0 
2 3 2005 2038 0 
3 2 0 2039 
3 2 0 2005 
3 2 0 2003 
3 2 0 2004 
3 2 0 2038 
3 2 0 2006 
3 2 0 2037 
3 2 0 2009 
3 2 0 2007 
3 2 0 2008 
3 2 0 2036 
3 2 0 2010 
3 2 0 2035 
3 2 0 2033 
3 2 0 2015 
3 2 0 2013 
3 2 0 2011 
3 2 0 2012 
3 2 0 2014 
3 2 0 2032 
3 2 0 2016 
3 2 0 2031 
3 2 0 2019 
3 2 0 2017 
3 2 0 2018 
3 2 0 2030 
3 2 0 2020 
3 2 0 2029 
3 2 0 2025 
3 2 0 2021 
3 2 0 2024 
3 2 0 2022 
3 2 0 2023 
3 2 0 2028 
3 2 0 2026 
3 2 0 2027 
3 2 0 2034 
1 1 0 
1 1 0 
2 3 2077 2078 0 
1 1 0 
1 1 0 
1 1 0 
1 1 0 
1 1 0 
1 1 0 
2 3 2084 2085 0 
2 3 2083 2086 0 
2 3 2082 2087 0 
2 3 2081 2088 0 
1 1 0 
2 3 2089 2090 0 
1 1 0 
1 1 0 
1 1 0 
2 3 2093 2094 0 
2 3 2092 2095 0 
1 1 0 
1 1 0 
1 1 0 
2 3 2098 2099 0 
2 3 2097 2100 0 
2 3 2096 2101 0 
2 3 2091 2102 0 
2 3 2080 2103 0 
2 3 2079 2104 0 
1 1 0 
1 1 0 
1 1 0 
1 1 0 
2 3 2108 2109 0 
2 3 2107 2110 0 
1 1 0 
2 3 2111 2112 0 
2 3 2106 2113 0 
2 3 2105 2114 0 
3 2 0 2115 
3 2 0 2105 
3 2 0 2079 
3 2 0 2077 
3 2 0 2078 
3 2 0 2104 
3 2 0 2080 
3 2 0 2103 
3 2 0 2091 
3 2 0 2089 
3 2 0 2081 
3 2 0 2088 
3 2 0 2082 
3 2 0 2087 
3 2 0 2083 
3 2 0 2086 
3 2 0 2084 
3 2 0 2085 
3 2 0 2090 
3 2 0 2102 
3 2 0 2096 
3 2 0 2092 
3 2 0 2095 
3 2 0 2093 
3 2 0 2094 
3 2 0 2101 
3 2 0 2097 
3 2 0 2100 
3 2 0 2098 
3 2 0 2099 
3 2 0 2114 
3 2 0 2106 
3 2 0 2113 
3 2 0 2111 
3 2 0 2107 
3 2 0 2110 
3 2 0 2108 
3 2 0 2109 
3 2 0 2112 
1 1 0 
1 1 0 
1 1 0 
2 3 2156 2157 0 
2 3 2155 2158 0 
3 2 0 2159 
3 2 0 2155 
3 2 0 2158 
3 2 0 2156 
3 2 0 2157 
1 1 0 
1 1 0 
1 1 0 
2 3 2166 2167 0 
2 3 2165 2168 0 
1 1 0 
1 1 0 
1 1 0 
1 1 0 
2 3 2172 2173 0 
2 3 2171 2174 0 
2 3 2170 2175 0 
2 3 2169 2176 0 
1 1 0 
1 1 0 
1 1 0 
1 1 0 
2 3 2180 2181 0 
2 3 2179 2182 0 
1 1 0 
1 1 0 
1 1 0 
2 3 2185 2186 0 
2 3 2184 2187 0 
2 3 2183 2188 0 
2 3 2178 2189 0 
1 1 0 
1 1 0 
1 1 0 
1 1 0 
1 1 0 
2 3 2194 2195 0 
1 1 0 
1 1 0 
1 1 0 
2 3 2198 2199 0 
1 1 0 
2 3 2200 2201 0 
1 1 0 
1 1 0 
2 3 2203 2204 0 
2 3 2202 2205 0 
1 1 0 
2 3 2206 2207 0 
1 1 0 
1 1 0 
2 3 2209 2210 0 
2 3 2208 2211 0 
2 3 2197 2212 0 
2 3 2196 2213 0 
2 3 2193 2214 0 
2 3 2192 2215 0 
2 3 2191 2216 0 
2 3 2190 2217 0 
1 1 0 
2 3 2218 2219 0 
2 3 2177 2220 0 
3 2 0 2221 
3 2 0 2177 
3 2 0 2169 
3 2 0 2165 
3 2 0 2168 
3 2 0 2166 
3 2 0 2167 
3 2 0 2176 
3 2 0 2170 
3 2 0 2175 
3 2 0 2171 
3 2 0 2174 
3 2 0 2172 
3 2 0 2173 
3 2 0 2220 
3 2 0 2218 
3 2 0 2190 
3 2 0 2178 
3 2 0 2189 
3 2 0 2183 
3 2 0 2179 
3 2 0 2182 
3 2 0 2180 
3 2 0 2181 
3 2 0 2188 
3 2 0 2184 
3 2 0 2187 
3 2 0 2185 
3 2 0 2186 
3 2 0 2217 
3 2 0 2191 
3 2 0 2216 
3 2 0 2192 
3 2 0 2215 
3 2 0 2193 
3 2 0 2214 
3 2 0 2196 
3 2 0 2194 
3 2 0 2195 
3 2 0 2213 
3 2 0 2197 
3 2 0 2212 
3 2 0 2208 
3 2 0 2206 
3 2 0 2202 
3 2 0 2200 
3 2 0 2198 
3 2 0 2199 
3 2 0 2201 
3 2 0 2205 
3 2 0 2203 
3 2 0 2204 
3 2 0 2207 
3 2 0 2211 
3 2 0 2209 
3 2 0 2210 
3 2 0 2219 
1 1 0 
1 1 0 
1 1 0 
1 1 0 
1 1 0 
2 3 2282 2283 0 
2 3 2281 2284 0 
2 3 2280 2285 0 
1 1 0 
2 3 2286 2287 0 
2 3 2279 2288 0 
3 2 0 2289 
3 2 0 2279 
3 2 0 2288 
3 2 0 2286 
3 2 0 2280 
3 2 0 2285 
3 2 0 2281 
3 2 0 2284 
3 2 0 2282 
3 2 0 2283 
3 2 0 2287 
1 1 0 
1 1 0 
2 3 2301 2302 0 
1 1 0 
1 1 0 
1 1 0 
1 1 0 
2 3 2306 2307 0 
2 3 2305 2308 0 
1 1 0 
1 1 0 
2 3 2310 2311 0 
2 3 2309 2312 0 
2 3 2304 2313 0 
1 1 0 
2 3 2314 2315 0 
2 3 2303 2316 0 
3 2 0 2317 
3 2 0 2303 
3 2 0 2301 
3 2 0 2302 
3 2 0 2316 
3 2 0 2314 
3 2 0 2304 
3 2 0 2313 
3 2 0 2309 
3 2 0 2305 
3 2 0 2308 
3 2 0 2306 
3 2 0 2307 
3 2 0 2312 
3 2 0 2310 
3 2 0 2311 
3 2 0 2315 
1 1 0 
1 1 0 
1 1 0 
2 3 2336 2337 0 
1 1 0 
1 1 0 
1 1 0 
1 1 0 
2 3 2341 2342 0 
2 3 2340 2343 0 
2 3 2339 2344 0 
2 3 2338 2345 0 
1 1 0 
1 1 0 
1 1 0 
2 3 2348 2349 0 
1 1 0 
2 3 2350 2351 0 
1 1 0 
1 1 0 
2 3 2353 2354 0 
2 3 2352 2355 0 
2 3 2347 2356 0 
1 1 0 
2 3 2357 2358 0 
2 3 2346 2359 0 
2 3 2335 2360 0 
3 2 0 2361 
3 2 0 2335 
3 2 0 2360 
3 2 0 2346 
3 2 0 2338 
3 2 0 2336 
3 2 0 2337 
3 2 0 2345 
3 2 0 2339 
3 2 0 2344 
3 2 0 2340 
3 2 0 2343 
3 2 0 2341 
3 2 0 2342 
3 2 0 2359 
3 2 0 2357 
3 2 0 2347 
3 2 0 2356 
3 2 0 2352 
3 2 0 2350 
3 2 0 2348 
3 2 0 2349 
3 2 0 2351 
3 2 0 2355 
3 2 0 2353 
3 2 0 2354 
3 2 0 2358 
1 1 0 
1 1 0 
1 1 0 
2 3 2390 2391 0 
1 1 0 
2 3 2392 2393 0 
1 1 0 
2 3 2394 2395 0 
1 1 0 
2 3 2396 2397 0 
1 1 0 
1 1 0 
2 3 2399 2400 0 
2 3 2398 2401 0 
1 1 0 
2 3 2402 2403 0 
2 3 2389 2404 0 
1 1 0 
1 1 0 
2 3 2406 2407 0 
1 1 0 
1 1 0 
1 1 0 
2 3 2410 2411 0 
1 1 0 
1 1 0 
1 1 0 
1 1 0 
2 3 2415 2416 0 
2 3 2414 2417 0 
2 3 2413 2418 0 
2 3 2412 2419 0 
2 3 2409 2420 0 
2 3 2408 2421 0 
2 3 2405 2422 0 
1 1 0 
2 3 2423 2424 0 
3 2 0 2425 
3 2 0 2423 
3 2 0 2405 
3 2 0 2389 
3 2 0 2404 
3 2 0 2402 
3 2 0 2398 
3 2 0 2396 
3 2 0 2394 
3 2 0 2392 
3 2 0 2390 
3 2 0 2391 
3 2 0 2393 
3 2 0 2395 
3 2 0 2397 
3 2 0 2401 
3 2 0 2399 
3 2 0 2400 
3 2 0 2403 
3 2 0 2422 
3 2 0 2408 
3 2 0 2406 
3 2 0 2407 
3 2 0 2421 
3 2 0 2409 
3 2 0 2420 
3 2 0 2412 
3 2 0 2410 
3 2 0 2411 
3 2 0 2419 
3 2 0 2413 
3 2 0 2418 
3 2 0 2414 
3 2 0 2417 
3 2 0 2415 
3 2 0 2416 
3 2 0 2424 
1 1 0 
1 1 0 
1 1 0 
2 3 2464 2465 0 
1 1 0 
1 1 0 
1 1 0 
1 1 0 
1 1 0 
1 1 0 
2 3 2471 2472 0 
1 1 0 
1 1 0 
1 1 0 
2 3 2475 2476 0 
2 3 2474 2477 0 
2 3 2473 2478 0 
2 3 2470 2479 0 
2 3 2469 2480 0 
2 3 2468 2481 0 
2 3 2467 2482 0 
2 3 2466 2483 0 
2 3 2463 2484 0 
1 1 0 
2 3 2485 2486 0 
1 1 0 
2 3 2487 2488 0 
1 1 0 
1 1 0 
2 3 2490 2491 0 
1 1 0 
1 1 0 
1 1 0 
2 3 2494 2495 0 
2 3 2493 2496 0 
2 3 2492 2497 0 
2 3 2489 2498 0 
1 1 0 
2 3 2499 2500 0 
3 2 0 2501 
3 2 0 2499 
3 2 0 2489 
3 2 0 2487 
3 2 0 2485 
3 2 0 2463 
3 2 0 2484 
3 2 0 2466 
3 2 0 2464 
3 2 0 2465 
3 2 0 2483 
3 2 0 2467 
3 2 0 2482 
3 2 0 2468 
3 2 0 2481 
3 2 0 2469 
3 2 0 2480 
3 2 0 2470 
3 2 0 2479 
3 2 0 2473 
3 2 0 2471 
3 2 0 2472 
3 2 0 2478 
3 2 0 2474 
3 2 0 2477 
3 2 0 2475 
3 2 0 2476 
3 2 0 2486 
3 2 0 2488 
3 2 0 2498 
3 2 0 2492 
3 2 0 2490 
3 2 0 2491 
3 2 0 2497 
3 2 0 2493 
3 2 0 2496 
3 2 0 2494 
3 2 0 2495 
3 2 0 2500 
1 1 0 
1 1 0 
1 1 0 
2 3 2542 2543 0 
2 3 2541 2544 0 
1 1 0 
1 1 0 
1 1 0 
2 3 2547 2548 0 
2 3 2546 2549 0 
1 1 0 
1 1 0 
1 1 0 
2 3 2552 2553 0 
1 1 0 
1 1 0 
1 1 0 
1 1 0 
1 1 0 
1 1 0 
1 1 0 
2 3 2560 2561 0 
2 3 2559 2562 0 
2 3 2558 2563 0 
2 3 2557 2564 0 
2 3 2556 2565 0 
2 3 2555 2566 0 
2 3 2554 2567 0 
2 3 2551 2568 0 
2 3 2550 2569 0 
1 1 0 
2 3 2570 2571 0 
2 3 2545 2572 0 
3 2 0 2573 
3 2 0 2545 
3 2 0 2541 
3 2 0 2544 
3 2 0 2542 
3 2 0 2543 
3 2 0 2572 
3 2 0 2570 
3 2 0 2550 
3 2 0 2546 
3 2 0 2549 
3 2 0 2547 
3 2 0 2548 
3 2 0 2569 
3 2 0 2551 
3 2 0 2568 
3 2 0 2554 
3 2 0 2552 
3 2 0 2553 
3 2 0 2567 
3 2 0 2555 
3 2 0 2566 
3 2 0 2556 
3 2 0 2565 
3 2 0 2557 
3 2 0 2564 
3 2 0 2558 
3 2 0 2563 
3 2 0 2559 
3 2 0 2562 
3 2 0 2560 
3 2 0 2561 
3 2 0 2571 
1 1 0 
1 1 0 
2 3 2607 2608 0 
1 1 0 
1 1 0 
1 1 0 
2 3 2611 2612 0 
2 3 2610 2613 0 
2 3 2609 2614 0 
1 1 0 
2 3 2615 2616 0 
1 1 0 
2 3 2617 2618 0 
1 1 0 
1 1 0 
1 1 0 
2 3 2621 2622 0 
1 1 0 
1 1 0 
1 1 0 
2 3 2625 2626 0 
1 1 0 
2 3 2627 2628 0 
2 3 2624 2629 0 
2 3 2623 2630 0 
2 3 2620 2631 0 
2 3 2619 2632 0 
1 1 0 
2 3 2633 2634 0 
3 2 0 2635 
3 2 0 2633 
3 2 0 2619 
3 2 0 2617 
3 2 0 2615 
3 2 0 2609 
3 2 0 2607 
3 2 0 2608 
3 2 0 2614 
3 2 0 2610 
3 2 0 2613 
3 2 0 2611 
3 2 0 2612 
3 2 0 2616 
3 2 0 2618 
3 2 0 2632 
3 2 0 2620 
3 2 0 2631 
3 2 0 2623 
3 2 0 2621 
3 2 0 2622 
3 2 0 2630 
3 2 0 2624 
3 2 0 2629 
3 2 0 2627 
3 2 0 2625 
3 2 0 2626 
3 2 0 2628 
3 2 0 2634 
1 1 0 
1 1 0 
1 1 0 
2 3 2666 2667 0 
2 3 2665 2668 0 
1 1 0 
1 1 0 
1 1 0 
2 3 2671 2672 0 
2 3 2670 2673 0 
1 1 0 
1 1 0 
1 1 0 
1 1 0 
1 1 0 
1 1 0 
1 1 0 
1 1 0 
1 1 0 
2 3 2682 2683 0 
2 3 2681 2684 0 
2 3 2680 2685 0 
2 3 2679 2686 0 
2 3 2678 2687 0 
2 3 2677 2688 0 
2 3 2676 2689 0 
2 3 2675 2690 0 
2 3 2674 2691 0 
2 3 2669 2692 0 
1 1 0 
1 1 0 
1 1 0 
1 1 0 
1 1 0 
1 1 0 
2 3 2698 2699 0 
2 3 2697 2700 0 
2 3 2696 2701 0 
2 3 2695 2702 0 
2 3 2694 2703 0 
1 1 0 
2 3 2704 2705 0 
2 3 2693 2706 0 
3 2 0 2707 
3 2 0 2693 
3 2 0 2669 
3 2 0 2665 
3 2 0 2668 
3 2 0 2666 
3 2 0 2667 
3 2 0 2692 
3 2 0 2674 
3 2 0 2670 
3 2 0 2673 
3 2 0 2671 
3 2 0 2672 
3 2 0 2691 
3 2 0 2675 
3 2 0 2690 
3 2 0 2676 
3 2 0 2689 
3 2 0 2677 
3 2 0 2688 
3 2 0 2678 
3 2 0 2687 
3 2 0 2679 
3 2 0 2686 
3 2 0 2680 
3 2 0 2685 
3 2 0 2681 
3 2 0 2684 
3 2 0 2682 
3 2 0 2683 
3 2 0 2706 
3 2 0 2704 
3 2 0 2694 
3 2 0 2703 
3 2 0 2695 
3 2 0 2702 
3 2 0 2696 
3 2 0 2701 
3 2 0 2697 
3 2 0 2700 
3 2 0 2698 
3 2 0 2699 
3 2 0 2705 
1 1 0 
1 1 0 
1 1 0 
2 3 2752 2753 0 
1 1 0 
1 1 0 
2 3 2755 2756 0 
2 3 2754 2757 0 
2 3 2751 2758 0 
1 1 0 
1 1 0 
1 1 0 
2 3 2761 2762 0 
1 1 0 
1 1 0 
1 1 0 
2 3 2765 2766 0 
1 1 0 
2 3 2767 2768 0 
1 1 0 
1 1 0 
2 3 2770 2771 0 
2 3 2769 2772 0 
1 1 0 
2 3 2773 2774 0 
1 1 0 
2 3 2775 2776 0 
1 1 0 
1 1 0 
2 3 2778 2779 0 
2 3 2777 2780 0 
2 3 2764 2781 0 
2 3 2763 2782 0 
2 3 2760 2783 0 
2 3 2759 2784 0 
1 1 0 
2 3 2785 2786 0 
3 2 0 2787 
3 2 0 2785 
3 2 0 2759 
3 2 0 2751 
3 2 0 2758 
3 2 0 2754 
3 2 0 2752 
3 2 0 2753 
3 2 0 2757 
3 2 0 2755 
3 2 0 2756 
3 2 0 2784 
3 2 0 2760 
3 2 0 2783 
3 2 0 2763 
3 2 0 2761 
3 2 0 2762 
3 2 0 2782 
3 2 0 2764 
3 2 0 2781 
3 2 0 2777 
3 2 0 2775 
3 2 0 2773 
3 2 0 2769 
3 2 0 2767 
3 2 0 2765 
3 2 0 2766 
3 2 0 2768 
3 2 0 2772 
3 2 0 2770 
3 2 0 2771 
3 2 0 2774 
3 2 0 2776 
3 2 0 2780 
3 2 0 2778 
3 2 0 2779 
3 2 0 2786 
1 1 0 
1 1 0 
1 1 0 
1 1 0 
1 1 0 
1 1 0 
1 1 0 
1 1 0 
1 1 0 
1 1 0 
1 1 0 
2 3 2834 2835 0 
2 3 2833 2836 0 
2 3 2832 2837 0 
2 3 2831 2838 0 
2 3 2830 2839 0 
2 3 2829 2840 0 
2 3 2828 2841 0 
2 3 2827 2842 0 
2 3 2826 2843 0 
2 3 2825 2844 0 
1 1 0 
2 3 2845 2846 0 
1 1 0 
2 3 2847 2848 0 
1 1 0 
1 1 0 
1 1 0 
2 3 2851 2852 0 
1 1 0 
2 3 2853 2854 0 
2 3 2850 2855 0 
2 3 2849 2856 0 
1 1 0 
2 3 2857 2858 0 
3 2 0 2859 
3 2 0 2857 
3 2 0 2849 
3 2 0 2847 
3 2 0 2845 
3 2 0 2825 
3 2 0 2844 
3 2 0 2826 
3 2 0 2843 
3 2 0 2827 
3 2 0 2842 
3 2 0 2828 
3 2 0 2841 
3 2 0 2829 
3 2 0 2840 
3 2 0 2830 
3 2 0 2839 
3 2 0 2831 
3 2 0 2838 
3 2 0 2832 
3 2 0 2837 
3 2 0 2833 
3 2 0 2836 
3 2 0 2834 
3 2 0 2835 
3 2 0 2846 
3 2 0 2848 
3 2 0 2856 
3 2 0 2850 
3 2 0 2855 
3 2 0 2853 
3 2 0 2851 
3 2 0 2852 
3 2 0 2854 
3 2 0 2858 
1 1 0 
1 1 0 
2 3 2895 2896 0 
1 1 0 
1 1 0 
1 1 0 
1 1 0 
2 3 2900 2901 0 
2 3 2899 2902 0 
1 1 0 
1 1 0 
1 1 0 
1 1 0 
1 1 0 
2 3 2907 2908 0 
1 1 0 
2 3 2909 2910 0 
2 3 2906 2911 0 
2 3 2905 2912 0 
2 3 2904 2913 0 
2 3 2903 2914 0 
2 3 2898 2915 0 
1 1 0 
2 3 2916 2917 0 
2 3 2897 2918 0 
3 2 0 2919 
3 2 0 2897 
3 2 0 2895 
3 2 0 2896 
3 2 0 2918 
3 2 0 2916 
3 2 0 2898 
3 2 0 2915 
3 2 0 2903 
3 2 0 2899 
3 2 0 2902 
3 2 0 2900 
3 2 0 2901 
3 2 0 2914 
3 2 0 2904 
3 2 0 2913 
3 2 0 2905 
3 2 0 2912 
3 2 0 2906 
3 2 0 2911 
3 2 0 2909 
3 2 0 2907 
3 2 0 2908 
3 2 0 2910 
3 2 0 2917 
1 1 0 
1 1 0 
1 1 0 
2 3 2946 2947 0 
2 3 2945 2948 0 
1 1 0 
1 1 0 
1 1 0 
1 1 0 
1 1 0 
1 1 0 
2 3 2954 2955 0 
2 3 2953 2956 0 
2 3 2952 2957 0 
2 3 2951 2958 0 
2 3 2950 2959 0 
1 1 0 
2 3 2960 2961 0 
2 3 2949 2962 0 
3 2 0 2963 
3 2 0 2949 
3 2 0 2945 
3 2 0 2948 
3 2 0 2946 
3 2 0 2947 
3 2 0 2962 
3 2 0 2960 
3 2 0 2950 
3 2 0 2959 
3 2 0 2951 
3 2 0 2958 
3 2 0 2952 
3 2 0 2957 
3 2 0 2953 
3 2 0 2956 
3 2 0 2954 
3 2 0 2955 
3 2 0 2961 
1 1 0 
1 1 0 
1 1 0 
1 1 0 
2 3 2985 2986 0 
1 1 0 
1 1 0 
2 3 2988 2989 0 
2 3 2987 2990 0 
1 1 0 
1 1 0 
1 1 0 
1 1 0 
2 3 2994 2995 0 
2 3 2993 2996 0 
1 1 0 
1 1 0 
2 3 2998 2999 0 
2 3 2997 3000 0 
1 1 0 
1 1 0 
1 1 0 
1 1 0 
1 1 0 
1 1 0 
2 3 3006 3007 0 
2 3 3005 3008 0 
2 3 3004 3009 0 
2 3 3003 3010 0 
2 3 3002 3011 0 
2 3 3001 3012 0 
2 3 2992 3013 0 
2 3 2991 3014 0 
2 3 2984 3015 0 
1 1 0 
1 1 0 
1 1 0 
1 1 0 
1 1 0 
2 3 3020 3021 0 
1 1 0 
1 1 0 
1 1 0 
1 1 0 
2 3 3025 3026 0 
1 1 0 
2 3 3027 3028 0 
2 3 3024 3029 0 
2 3 3023 3030 0 
2 3 3022 3031 0 
2 3 3019 3032 0 
1 1 0 
2 3 3033 3034 0 
2 3 3018 3035 0 
2 3 3017 3036 0 
2 3 3016 3037 0 
2 3 2983 3038 0 
3 2 0 3039 
3 2 0 2983 
3 2 0 3038 
3 2 0 3016 
3 2 0 2984 
3 2 0 3015 
3 2 0 2991 
3 2 0 2987 
3 2 0 2985 
3 2 0 2986 
3 2 0 2990 
3 2 0 2988 
3 2 0 2989 
3 2 0 3014 
3 2 0 2992 
3 2 0 3013 
3 2 0 3001 
3 2 0 2997 
3 2 0 2993 
3 2 0 2996 
3 2 0 2994 
3 2 0 2995 
3 2 0 3000 
3 2 0 2998 
3 2 0 2999 
3 2 0 3012 
3 2 0 3002 
3 2 0 3011 
3 2 0 3003 
3 2 0 3010 
3 2 0 3004 
3 2 0 3009 
3 2 0 3005 
3 2 0 3008 
3 2 0 3006 
3 2 0 3007 
3 2 0 3037 
3 2 0 3017 
3 2 0 3036 
3 2 0 3018 
3 2 0 3035 
3 2 0 3033 
3 2 0 3019 
3 2 0 3032 
3 2 0 3022 
3 2 0 3020 
3 2 0 3021 
3 2 0 3031 
3 2 0 3023 
3 2 0 3030 
3 2 0 3024 
3 2 0 3029 
3 2 0 3027 
3 2 0 3025 
3 2 0 3026 
3 2 0 3028 
3 2 0 3034 
1 1 0 
1 1 0 
1 1 0 
1 1 0 
1 1 0 
2 3 3100 3101 0 
2 3 3099 3102 0 
2 3 3098 3103 0 
2 3 3097 3104 0 
1 1 0 
2 3 3105 3106 0 
3 2 0 3107 
3 2 0 3105 
3 2 0 3097 
3 2 0 3104 
3 2 0 3098 
3 2 0 3103 
3 2 0 3099 
3 2 0 3102 
3 2 0 3100 
3 2 0 3101 
3 2 0 3106 
1 1 0 
1 1 0 
1 1 0 
1 1 0 
2 3 3121 3122 0 
2 3 3120 3123 0 
1 1 0 
1 1 0 
1 1 0 
2 3 3126 3127 0 
2 3 3125 3128 0 
2 3 3124 3129 0 
2 3 3119 3130 0 
1 1 0 
1 1 0 
2 3 3132 3133 0 
1 1 0 
1 1 0 
1 1 0 
2 3 3136 3137 0 
1 1 0 
1 1 0 
2 3 3139 3140 0 
2 3 3138 3141 0 
2 3 3135 3142 0 
2 3 3134 3143 0 
1 1 0 
2 3 3144 3145 0 
1 1 0 
1 1 0 
2 3 3147 3148 0 
1 1 0 
1 1 0 
2 3 3150 3151 0 
1 1 0 
1 1 0 
1 1 0 
1 1 0 
2 3 3155 3156 0 
1 1 0 
1 1 0 
1 1 0 
2 3 3159 3160 0 
2 3 3158 3161 0 
2 3 3157 3162 0 
2 3 3154 3163 0 
2 3 3153 3164 0 
2 3 3152 3165 0 
1 1 0 
2 3 3166 3167 0 
1 1 0 
1 1 0 
1 1 0 
2 3 3170 3171 0 
1 1 0 
2 3 3172 3173 0 
2 3 3169 3174 0 
2 3 3168 3175 0 
2 3 3149 3176 0 
1 1 0 
1 1 0 
1 1 0 
2 3 3179 3180 0 
2 3 3178 3181 0 
2 3 3177 3182 0 
2 3 3146 3183 0 
2 3 3131 3184 0 
1 1 0 
2 3 3185 3186 0 
3 2 0 3187 
3 2 0 3185 
3 2 0 3131 
3 2 0 3119 
3 2 0 3130 
3 2 0 3124 
3 2 0 3120 
3 2 0 3123 
3 2 0 3121 
3 2 0 3122 
3 2 0 3129 
3 2 0 3125 
3 2 0 3128 
3 2 0 3126 
3 2 0 3127 
3 2 0 3184 
3 2 0 3146 
3 2 0 3144 
3 2 0 3134 
3 2 0 3132 
3 2 0 3133 
3 2 0 3143 
3 2 0 3135 
3 2 0 3142 
3 2 0 3138 
3 2 0 3136 
3 2 0 3137 
3 2 0 3141 
3 2 0 3139 
3 2 0 3140 
3 2 0 3145 
3 2 0 3183 
3 2 0 3177 
3 2 0 3149 
3 2 0 3147 
3 2 0 3148 
3 2 0 3176 
3 2 0 3168 
3 2 0 3166 
3 2 0 3152 
3 2 0 3150 
3 2 0 3151 
3 2 0 3165 
3 2 0 3153 
3 2 0 3164 
3 2 0 3154 
3 2 0 3163 
3 2 0 3157 
3 2 0 3155 
3 2 0 3156 
3 2 0 3162 
3 2 0 3158 
3 2 0 3161 
3 2 0 3159 
3 2 0 3160 
3 2 0 3167 
3 2 0 3175 
3 2 0 3169 
3 2 0 3174 
3 2 0 3172 
3 2 0 3170 
3 2 0 3171 
3 2 0 3173 
3 2 0 3182 
3 2 0 3178 
3 2 0 3181 
3 2 0 3179 
3 2 0 3180 
3 2 0 3186 
1 1 0 
1 1 0 
1 1 0 
1 1 0 
2 3 3259 3260 0 
1 1 0 
2 3 3261 3262 0 
1 1 0 
1 1 0 
1 1 0 
2 3 3265 3266 0 
1 1 0 
1 1 0 
1 1 0 
1 1 0 
2 3 3270 3271 0 
2 3 3269 3272 0 
2 3 3268 3273 0 
2 3 3267 3274 0 
2 3 3264 3275 0 
2 3 3263 3276 0 
1 1 0 
1 1 0 
2 3 3278 3279 0 
2 3 3277 3280 0 
2 3 3258 3281 0 
2 3 3257 3282 0 
1 1 0 
1 1 0 
1 1 0 
1 1 0 
2 3 3286 3287 0 
1 1 0 
1 1 0 
1 1 0 
2 3 3290 3291 0 
2 3 3289 3292 0 
2 3 3288 3293 0 
2 3 3285 3294 0 
2 3 3284 3295 0 
1 1 0 
2 3 3296 3297 0 
2 3 3283 3298 0 
3 2 0 3299 
3 2 0 3283 
3 2 0 3257 
3 2 0 3282 
3 2 0 3258 
3 2 0 3281 
3 2 0 3277 
3 2 0 3263 
3 2 0 3261 
3 2 0 3259 
3 2 0 3260 
3 2 0 3262 
3 2 0 3276 
3 2 0 3264 
3 2 0 3275 
3 2 0 3267 
3 2 0 3265 
3 2 0 3266 
3 2 0 3274 
3 2 0 3268 
3 2 0 3273 
3 2 0 3269 
3 2 0 3272 
3 2 0 3270 
3 2 0 3271 
3 2 0 3280 
3 2 0 3278 
3 2 0 3279 
3 2 0 3298 
3 2 0 3296 
3 2 0 3284 
3 2 0 3295 
3 2 0 3285 
3 2 0 3294 
3 2 0 3288 
3 2 0 3286 
3 2 0 3287 
3 2 0 3293 
3 2 0 3289 
3 2 0 3292 
3 2 0 3290 
3 2 0 3291 
3 2 0 3297 
1 1 0 
1 1 0 
1 1 0 
1 1 0 
2 3 3345 3346 0 
2 3 3344 3347 0 
1 1 0 
1 1 0 
1 1 0 
2 3 3350 3351 0 
2 3 3349 3352 0 
2 3 3348 3353 0 
1 1 0 
1 1 0 
1 1 0 
1 1 0 
1 1 0 
2 3 3358 3359 0 
1 1 0 
1 1 0 
2 3 3361 3362 0 
2 3 3360 3363 0 
2 3 3357 3364 0 
2 3 3356 3365 0 
2 3 3355 3366 0 
1 1 0 
2 3 3367 3368 0 
2 3 3354 3369 0 
2 3 3343 3370 0 
3 2 0 3371 
3 2 0 3343 
3 2 0 3370 
3 2 0 3354 
3 2 0 3348 
3 2 0 3344 
3 2 0 3347 
3 2 0 3345 
3 2 0 3346 
3 2 0 3353 
3 2 0 3349 
3 2 0 3352 
3 2 0 3350 
3 2 0 3351 
3 2 0 3369 
3 2 0 3367 
3 2 0 3355 
3 2 0 3366 
3 2 0 3356 
3 2 0 3365 
3 2 0 3357 
3 2 0 3364 
3 2 0 3360 
3 2 0 3358 
3 2 0 3359 
3 2 0 3363 
3 2 0 3361 
3 2 0 3362 
3 2 0 3368 
1 1 0 
1 1 0 
1 1 0 
2 3 3402 3403 0 
2 3 3401 3404 0 
1 1 0 
2 3 3405 3406 0 
1 1 0 
1 1 0 
2 3 3408 3409 0 
1 1 0 
2 3 3410 3411 0 
1 1 0 
1 1 0 
1 1 0 
1 1 0 
1 1 0 
2 3 3416 3417 0 
2 3 3415 3418 0 
2 3 3414 3419 0 
2 3 3413 3420 0 
2 3 3412 3421 0 
2 3 3407 3422 0 
1 1 0 
2 3 3423 3424 0 
1 1 0 
1 1 0 
2 3 3426 3427 0 
1 1 0 
1 1 0 
1 1 0 
2 3 3430 3431 0 
2 3 3429 3432 0 
2 3 3428 3433 0 
1 1 0 
2 3 3434 3435 0 
1 1 0 
2 3 3436 3437 0 
2 3 3425 3438 0 
3 2 0 3439 
3 2 0 3425 
3 2 0 3423 
3 2 0 3407 
3 2 0 3405 
3 2 0 3401 
3 2 0 3404 
3 2 0 3402 
3 2 0 3403 
3 2 0 3406 
3 2 0 3422 
3 2 0 3412 
3 2 0 3410 
3 2 0 3408 
3 2 0 3409 
3 2 0 3411 
3 2 0 3421 
3 2 0 3413 
3 2 0 3420 
3 2 0 3414 
3 2 0 3419 
3 2 0 3415 
3 2 0 3418 
3 2 0 3416 
3 2 0 3417 
3 2 0 3424 
3 2 0 3438 
3 2 0 3436 
3 2 0 3434 
3 2 0 3428 
3 2 0 3426 
3 2 0 3427 
3 2 0 3433 
3 2 0 3429 
3 2 0 3432 
3 2 0 3430 
3 2 0 3431 
3 2 0 3435 
3 2 0 3437 
1 1 0 
1 1 0 
1 1 0 
1 1 0 
2 3 3481 3482 0 
1 1 0 
2 3 3483 3484 0 
1 1 0 
1 1 0 
1 1 0 
1 1 0 
1 1 0 
1 1 0 
2 3 3490 3491 0 
2 3 3489 3492 0 
2 3 3488 3493 0 
2 3 3487 3494 0 
2 3 3486 3495 0 
2 3 3485 3496 0 
1 1 0 
2 3 3497 3498 0 
2 3 3480 3499 0 
2 3 3479 3500 0 
3 2 0 3501 
3 2 0 3479 
3 2 0 3500 
3 2 0 3480 
3 2 0 3499 
3 2 0 3497 
3 2 0 3485 
3 2 0 3483 
3 2 0 3481 
3 2 0 3482 
3 2 0 3484 
3 2 0 3496 
3 2 0 3486 
3 2 0 3495 
3 2 0 3487 
3 2 0 3494 
3 2 0 3488 
3 2 0 3493 
3 2 0 3489 
3 2 0 3492 
3 2 0 3490 
3 2 0 3491 
3 2 0 3498 
1 1 0 
1 1 0 
1 1 0 
1 1 0 
2 3 3527 3528 0 
2 3 3526 3529 0 
2 3 3525 3530 0 
1 1 0 
1 1 0 
1 1 0 
1 1 0 
1 1 0 
1 1 0 
2 3 3536 3537 0 
2 3 3535 3538 0 
1 1 0 
2 3 3539 3540 0 
1 1 0 
1 1 0 
2 3 3542 3543 0 
1 1 0 
1 1 0 
2 3 3545 3546 0 
2 3 3544 3547 0 
1 1 0 
2 3 3548 3549 0 
1 1 0 
1 1 0 
1 1 0 
2 3 3552 3553 0 
2 3 3551 3554 0 
1 1 0 
2 3 3555 3556 0 
2 3 3550 3557 0 
2 3 3541 3558 0 
2 3 3534 3559 0 
1 1 0 
2 3 3560 3561 0 
2 3 3533 3562 0 
2 3 3532 3563 0 
2 3 3531 3564 0 
3 2 0 3565 
3 2 0 3531 
3 2 0 3525 
3 2 0 3530 
3 2 0 3526 
3 2 0 3529 
3 2 0 3527 
3 2 0 3528 
3 2 0 3564 
3 2 0 3532 
3 2 0 3563 
3 2 0 3533 
3 2 0 3562 
3 2 0 3560 
3 2 0 3534 
3 2 0 3559 
3 2 0 3541 
3 2 0 3539 
3 2 0 3535 
3 2 0 3538 
3 2 0 3536 
3 2 0 3537 
3 2 0 3540 
3 2 0 3558 
3 2 0 3550 
3 2 0 3548 
3 2 0 3544 
3 2 0 3542 
3 2 0 3543 
3 2 0 3547 
3 2 0 3545 
3 2 0 3546 
3 2 0 3549 
3 2 0 3557 
3 2 0 3555 
3 2 0 3551 
3 2 0 3554 
3 2 0 3552 
3 2 0 3553 
3 2 0 3556 
3 2 0 3561 
1 1 0 
1 1 0 
2 3 3607 3608 0 
1 1 0 
1 1 0 
2 3 3610 3611 0 
1 1 0 
2 3 3612 3613 0 
1 1 0 
2 3 3614 3615 0 
2 3 3609 3616 0 
3 2 0 3617 
3 2 0 3609 
3 2 0 3607 
3 2 0 3608 
3 2 0 3616 
3 2 0 3614 
3 2 0 3612 
3 2 0 3610 
3 2 0 3611 
3 2 0 3613 
3 2 0 3615 
1 1 0 
1 1 0 
1 1 0 
2 3 3630 3631 0 
2 3 3629 3632 0 
1 1 0 
1 1 0 
1 1 0 
1 1 0 
2 3 3636 3637 0 
2 3 3635 3638 0 
1 1 0 
1 1 0 
1 1 0 
1 1 0 
1 1 0 
1 1 0 
1 1 0 
2 3 3645 3646 0 
2 3 3644 3647 0 
1 1 0 
2 3 3648 3649 0 
2 3 3643 3650 0 
2 3 3642 3651 0 
1 1 0 
1 1 0 
1 1 0 
2 3 3654 3655 0 
1 1 0 
2 3 3656 3657 0 
2 3 3653 3658 0 
2 3 3652 3659 0 
2 3 3641 3660 0 
2 3 3640 3661 0 
1 1 0 
2 3 3662 3663 0 
2 3 3639 3664 0 
2 3 3634 3665 0 
2 3 3633 3666 0 
3 2 0 3667 
3 2 0 3633 
3 2 0 3629 
3 2 0 3632 
3 2 0 3630 
3 2 0 3631 
3 2 0 3666 
3 2 0 3634 
3 2 0 3665 
3 2 0 3639 
3 2 0 3635 
3 2 0 3638 
3 2 0 3636 
3 2 0 3637 
3 2 0 3664 
3 2 0 3662 
3 2 0 3640 
3 2 0 3661 
3 2 0 3641 
3 2 0 3660 
3 2 0 3652 
3 2 0 3642 
3 2 0 3651 
3 2 0 3643 
3 2 0 3650 
3 2 0 3648 
3 2 0 3644 
3 2 0 3647 
3 2 0 3645 
3 2 0 3646 
3 2 0 3649 
3 2 0 3659 
3 2 0 3653 
3 2 0 3658 
3 2 0 3656 
3 2 0 3654 
3 2 0 3655 
3 2 0 3657 
3 2 0 3663 
1 1 0 
1 1 0 
1 1 0 
1 1 0 
1 1 0 
2 3 3710 3711 0 
1 1 0 
1 1 0 
1 1 0 
1 1 0 
1 1 0 
2 3 3716 3717 0 
2 3 3715 3718 0 
2 3 3714 3719 0 
2 3 3713 3720 0 
2 3 3712 3721 0 
2 3 3709 3722 0 
2 3 3708 3723 0 
2 3 3707 3724 0 
1 1 0 
2 3 3725 3726 0 
1 1 0 
2 3 3727 3728 0 
1 1 0 
1 1 0 
1 1 0 
2 3 3731 3732 0 
1 1 0 
1 1 0 
1 1 0 
1 1 0 
1 1 0 
1 1 0 
1 1 0 
2 3 3739 3740 0 
2 3 3738 3741 0 
2 3 3737 3742 0 
1 1 0 
2 3 3743 3744 0 
2 3 3736 3745 0 
2 3 3735 3746 0 
2 3 3734 3747 0 
2 3 3733 3748 0 
2 3 3730 3749 0 
2 3 3729 3750 0 
1 1 0 
2 3 3751 3752 0 
3 2 0 3753 
3 2 0 3751 
3 2 0 3729 
3 2 0 3727 
3 2 0 3725 
3 2 0 3707 
3 2 0 3724 
3 2 0 3708 
3 2 0 3723 
3 2 0 3709 
3 2 0 3722 
3 2 0 3712 
3 2 0 3710 
3 2 0 3711 
3 2 0 3721 
3 2 0 3713 
3 2 0 3720 
3 2 0 3714 
3 2 0 3719 
3 2 0 3715 
3 2 0 3718 
3 2 0 3716 
3 2 0 3717 
3 2 0 3726 
3 2 0 3728 
3 2 0 3750 
3 2 0 3730 
3 2 0 3749 
3 2 0 3733 
3 2 0 3731 
3 2 0 3732 
3 2 0 3748 
3 2 0 3734 
3 2 0 3747 
3 2 0 3735 
3 2 0 3746 
3 2 0 3736 
3 2 0 3745 
3 2 0 3743 
3 2 0 3737 
3 2 0 3742 
3 2 0 3738 
3 2 0 3741 
3 2 0 3739 
3 2 0 3740 
3 2 0 3744 
3 2 0 3752 
1 1 0 
1 1 0 
1 1 0 
1 1 0 
2 3 3803 3804 0 
1 1 0 
2 3 3805 3806 0 
1 1 0 
2 3 3807 3808 0 
1 1 0 
2 3 3809 3810 0 
2 3 3802 3811 0 
2 3 3801 3812 0 
1 1 0 
1 1 0 
2 3 3814 3815 0 
2 3 3813 3816 0 
1 1 0 
1 1 0 
2 3 3818 3819 0 
1 1 0 
1 1 0 
1 1 0 
2 3 3822 3823 0 
2 3 3821 3824 0 
1 1 0 
1 1 0 
1 1 0 
1 1 0 
1 1 0 
1 1 0 
2 3 3830 3831 0 
2 3 3829 3832 0 
2 3 3828 3833 0 
2 3 3827 3834 0 
2 3 3826 3835 0 
2 3 3825 3836 0 
1 1 0 
2 3 3837 3838 0 
2 3 3820 3839 0 
2 3 3817 3840 0 
3 2 0 3841 
3 2 0 3817 
3 2 0 3813 
3 2 0 3801 
3 2 0 3812 
3 2 0 3802 
3 2 0 3811 
3 2 0 3809 
3 2 0 3807 
3 2 0 3805 
3 2 0 3803 
3 2 0 3804 
3 2 0 3806 
3 2 0 3808 
3 2 0 3810 
3 2 0 3816 
3 2 0 3814 
3 2 0 3815 
3 2 0 3840 
3 2 0 3820 
3 2 0 3818 
3 2 0 3819 
3 2 0 3839 
3 2 0 3837 
3 2 0 3825 
3 2 0 3821 
3 2 0 3824 
3 2 0 3822 
3 2 0 3823 
3 2 0 3836 
3 2 0 3826 
3 2 0 3835 
3 2 0 3827 
3 2 0 3834 
3 2 0 3828 
3 2 0 3833 
3 2 0 3829 
3 2 0 3832 
3 2 0 3830 
3 2 0 3831 
3 2 0 3838 
1 1 0 
1 1 0 
2 3 3883 3884 0 
1 1 0 
2 3 3885 3886 0 
1 1 0 
1 1 0 
1 1 0 
2 3 3889 3890 0 
2 3 3888 3891 0 
2 3 3887 3892 0 
1 1 0 
2 3 3893 3894 0 
3 2 0 3895 
3 2 0 3893 
3 2 0 3887 
3 2 0 3885 
3 2 0 3883 
3 2 0 3884 
3 2 0 3886 
3 2 0 3892 
3 2 0 3888 
3 2 0 3891 
3 2 0 3889 
3 2 0 3890 
3 2 0 3894 
1 1 0 
1 1 0 
1 1 0 
2 3 3910 3911 0 
2 3 3909 3912 0 
1 1 0 
2 3 3913 3914 0 
1 1 0 
1 1 0 
1 1 0 
2 3 3917 3918 0 
1 1 0 
1 1 0 
2 3 3920 3921 0 
2 3 3919 3922 0 
1 1 0 
1 1 0 
2 3 3924 3925 0 
2 3 3923 3926 0 
2 3 3916 3927 0 
1 1 0 
1 1 0 
1 1 0 
1 1 0 
2 3 3931 3932 0 
2 3 3930 3933 0 
2 3 3929 3934 0 
2 3 3928 3935 0 
2 3 3915 3936 0 
1 1 0 
1 1 0 
1 1 0 
1 1 0 
1 1 0 
2 3 3941 3942 0 
2 3 3940 3943 0 
2 3 3939 3944 0 
2 3 3938 3945 0 
1 1 0 
2 3 3946 3947 0 
2 3 3937 3948 0 
3 2 0 3949 
3 2 0 3937 
3 2 0 3915 
3 2 0 3913 
3 2 0 3909 
3 2 0 3912 
3 2 0 3910 
3 2 0 3911 
3 2 0 3914 
3 2 0 3936 
3 2 0 3928 
3 2 0 3916 
3 2 0 3927 
3 2 0 3923 
3 2 0 3919 
3 2 0 3917 
3 2 0 3918 
3 2 0 3922 
3 2 0 3920 
3 2 0 3921 
3 2 0 3926 
3 2 0 3924 
3 2 0 3925 
3 2 0 3935 
3 2 0 3929 
3 2 0 3934 
3 2 0 3930 
3 2 0 3933 
3 2 0 3931 
3 2 0 3932 
3 2 0 3948 
3 2 0 3946 
3 2 0 3938 
3 2 0 3945 
3 2 0 3939 
3 2 0 3944 
3 2 0 3940 
3 2 0 3943 
3 2 0 3941 
3 2 0 3942 
3 2 0 3947 
1 1 0 
1 1 0 
1 1 0 
1 1 0 
1 1 0 
1 1 0 
1 1 0 
1 1 0 
1 1 0 
2 3 3998 3999 0 
2 3 3997 4000 0 
1 1 0 
1 1 0 
1 1 0 
1 1 0 
1 1 0 
2 3 4005 4006 0 
1 1 0 
1 1 0 
1 1 0 
1 1 0 
2 3 4010 4011 0 
2 3 4009 4012 0 
2 3 4008 4013 0 
2 3 4007 4014 0 
2 3 4004 4015 0 
2 3 4003 4016 0 
2 3 4002 4017 0 
2 3 4001 4018 0 
2 3 3996 4019 0 
1 1 0 
1 1 0 
1 1 0 
2 3 4022 4023 0 
1 1 0 
1 1 0 
1 1 0 
2 3 4026 4027 0 
2 3 4025 4028 0 
2 3 4024 4029 0 
1 1 0 
2 3 4030 4031 0 
2 3 4021 4032 0 
2 3 4020 4033 0 
1 1 0 
2 3 4034 4035 0 
1 1 0 
2 3 4036 4037 0 
1 1 0 
1 1 0 
1 1 0 
1 1 0 
1 1 0 
2 3 4042 4043 0 
2 3 4041 4044 0 
2 3 4040 4045 0 
2 3 4039 4046 0 
2 3 4038 4047 0 
2 3 3995 4048 0 
2 3 3994 4049 0 
2 3 3993 4050 0 
2 3 3992 4051 0 
2 3 3991 4052 0 
1 1 0 
1 1 0 
1 1 0 
1 1 0 
1 1 0 
1 1 0 
1 1 0 
2 3 4059 4060 0 
1 1 0 
2 3 4061 4062 0 
2 3 4058 4063 0 
2 3 4057 4064 0 
2 3 4056 4065 0 
2 3 4055 4066 0 
2 3 4054 4067 0 
2 3 4053 4068 0 
1 1 0 
2 3 4069 4070 0 
1 1 0 
2 3 4071 4072 0 
1 1 0 
1 1 0 
1 1 0 
2 3 4075 4076 0 
1 1 0 
1 1 0 
1 1 0 
1 1 0 
1 1 0 
2 3 4081 4082 0 
2 3 4080 4083 0 
2 3 4079 4084 0 
2 3 4078 4085 0 
2 3 4077 4086 0 
2 3 4074 4087 0 
2 3 4073 4088 0 
1 1 0 
2 3 4089 4090 0 
3 2 0 4091 
3 2 0 4089 
3 2 0 4073 
3 2 0 4071 
3 2 0 4069 
3 2 0 4053 
3 2 0 3991 
3 2 0 4052 
3 2 0 3992 
3 2 0 4051 
3 2 0 3993 
3 2 0 4050 
3 2 0 3994 
3 2 0 4049 
3 2 0 3995 
3 2 0 4048 
3 2 0 4038 
3 2 0 4036 
3 2 0 4034 
3 2 0 4020 
3 2 0 3996 
3 2 0 4019 
3 2 0 4001 
3 2 0 3997 
3 2 0 4000 
3 2 0 3998 
3 2 0 3999 
3 2 0 4018 
3 2 0 4002 
3 2 0 4017 
3 2 0 4003 
3 2 0 4016 
3 2 0 4004 
3 2 0 4015 
3 2 0 4007 
3 2 0 4005 
3 2 0 4006 
3 2 0 4014 
3 2 0 4008 
3 2 0 4013 
3 2 0 4009 
3 2 0 4012 
3 2 0 4010 
3 2 0 4011 
3 2 0 4033 
3 2 0 4021 
3 2 0 4032 
3 2 0 4030 
3 2 0 4024 
3 2 0 4022 
3 2 0 4023 
3 2 0 4029 
3 2 0 4025 
3 2 0 4028 
3 2 0 4026 
3 2 0 4027 
3 2 0 4031 
3 2 0 4035 
3 2 0 4037 
3 2 0 4047 
3 2 0 4039 
3 2 0 4046 
3 2 0 4040 
3 2 0 4045 
3 2 0 4041 
3 2 0 4044 
3 2 0 4042 
3 2 0 4043 
3 2 0 4068 
3 2 0 4054 
3 2 0 4067 
3 2 0 4055 
3 2 0 4066 
3 2 0 4056 
3 2 0 4065 
3 2 0 4057 
3 2 0 4064 
3 2 0 4058 
3 2 0 4063 
3 2 0 4061 
3 2 0 4059 
3 2 0 4060 
3 2 0 4062 
3 2 0 4070 
3 2 0 4072 
3 2 0 4088 
3 2 0 4074 
3 2 0 4087 
3 2 0 4077 
3 2 0 4075 
3 2 0 4076 
3 2 0 4086 
3 2 0 4078 
3 2 0 4085 
3 2 0 4079 
3 2 0 4084 
3 2 0 4080 
3 2 0 4083 
3 2 0 4081 
3 2 0 4082 
3 2 0 4090 
1 1 0 
1 1 0 
1 1 0 
1 1 0 
2 3 4195 4196 0 
2 3 4194 4197 0 
2 3 4193 4198 0 
1 1 0 
1 1 0 
1 1 0 
1 1 0 
2 3 4202 4203 0 
2 3 4201 4204 0 
2 3 4200 4205 0 
1 1 0 
2 3 4206 4207 0 
2 3 4199 4208 0 
3 2 0 4209 
3 2 0 4199 
3 2 0 4193 
3 2 0 4198 
3 2 0 4194 
3 2 0 4197 
3 2 0 4195 
3 2 0 4196 
3 2 0 4208 
3 2 0 4206 
3 2 0 4200 
3 2 0 4205 
3 2 0 4201 
3 2 0 4204 
3 2 0 4202 
3 2 0 4203 
3 2 0 4207 
1 1 0 
1 1 0 
1 1 0 
1 1 0 
1 1 0 
2 3 4230 4231 0 
1 1 0 
2 3 4232 4233 0 
1 1 0 
1 1 0 
1 1 0 
2 3 4236 4237 0 
1 1 0 
1 1 0 
1 1 0 
1 1 0 
1 1 0 
2 3 4242 4243 0 
2 3 4241 4244 0 
2 3 4240 4245 0 
2 3 4239 4246 0 
2 3 4238 4247 0 
2 3 4235 4248 0 
2 3 4234 4249 0 
2 3 4229 4250 0 
2 3 4228 4251 0 
2 3 4227 4252 0 
1 1 0 
1 1 0 
1 1 0 
1 1 0 
1 1 0 
2 3 4257 4258 0 
1 1 0 
1 1 0 
2 3 4260 4261 0 
2 3 4259 4262 0 
2 3 4256 4263 0 
2 3 4255 4264 0 
2 3 4254 4265 0 
2 3 4253 4266 0 
1 1 0 
2 3 4267 4268 0 
1 1 0 
2 3 4269 4270 0 
1 1 0 
1 1 0 
2 3 4272 4273 0 
1 1 0 
1 1 0 
2 3 4275 4276 0 
2 3 4274 4277 0 
2 3 4271 4278 0 
1 1 0 
2 3 4279 4280 0 
3 2 0 4281 
3 2 0 4279 
3 2 0 4271 
3 2 0 4269 
3 2 0 4267 
3 2 0 4253 
3 2 0 4227 
3 2 0 4252 
3 2 0 4228 
3 2 0 4251 
3 2 0 4229 
3 2 0 4250 
3 2 0 4234 
3 2 0 4232 
3 2 0 4230 
3 2 0 4231 
3 2 0 4233 
3 2 0 4249 
3 2 0 4235 
3 2 0 4248 
3 2 0 4238 
3 2 0 4236 
3 2 0 4237 
3 2 0 4247 
3 2 0 4239 
3 2 0 4246 
3 2 0 4240 
3 2 0 4245 
3 2 0 4241 
3 2 0 4244 
3 2 0 4242 
3 2 0 4243 
3 2 0 4266 
3 2 0 4254 
3 2 0 4265 
3 2 0 4255 
3 2 0 4264 
3 2 0 4256 
3 2 0 4263 
3 2 0 4259 
3 2 0 4257 
3 2 0 4258 
3 2 0 4262 
3 2 0 4260 
3 2 0 4261 
3 2 0 4268 
3 2 0 4270 
3 2 0 4278 
3 2 0 4274 
3 2 0 4272 
3 2 0 4273 
3 2 0 4277 
3 2 0 4275 
3 2 0 4276 
3 2 0 4280 
1 1 0 
1 1 0 
2 3 4337 4338 0 
1 1 0 
1 1 0 
2 3 4340 4341 0 
1 1 0 
1 1 0 
1 1 0 
2 3 4344 4345 0 
2 3 4343 4346 0 
2 3 4342 4347 0 
1 1 0 
2 3 4348 4349 0 
1 1 0 
2 3 4350 4351 0 
1 1 0 
1 1 0 
2 3 4353 4354 0 
2 3 4352 4355 0 
1 1 0 
2 3 4356 4357 0 
2 3 4339 4358 0 
3 2 0 4359 
3 2 0 4339 
3 2 0 4337 
3 2 0 4338 
3 2 0 4358 
3 2 0 4356 
3 2 0 4352 
3 2 0 4350 
3 2 0 4348 
3 2 0 4342 
3 2 0 4340 
3 2 0 4341 
3 2 0 4347 
3 2 0 4343 
3 2 0 4346 
3 2 0 4344 
3 2 0 4345 
3 2 0 4349 
3 2 0 4351 
3 2 0 4355 
3 2 0 4353 
3 2 0 4354 
3 2 0 4357 
1 1 0 
1 1 0 
1 1 0 
1 1 0 
1 1 0 
1 1 0 
2 3 4387 4388 0 
1 1 0 
1 1 0 
1 1 0 
1 1 0 
1 1 0 
2 3 4393 4394 0 
2 3 4392 4395 0 
1 1 0 
1 1 0 
1 1 0 
1 1 0 
1 1 0 
2 3 4400 4401 0 
2 3 4399 4402 0 
1 1 0 
1 1 0 
1 1 0 
1 1 0 
1 1 0 
2 3 4407 4408 0 
2 3 4406 4409 0 
2 3 4405 4410 0 
2 3 4404 4411 0 
2 3 4403 4412 0 
2 3 4398 4413 0 
2 3 4397 4414 0 
2 3 4396 4415 0 
2 3 4391 4416 0 
2 3 4390 4417 0 
2 3 4389 4418 0 
2 3 4386 4419 0 
2 3 4385 4420 0 
2 3 4384 4421 0 
1 1 0 
1 1 0 
1 1 0 
1 1 0 
1 1 0 
1 1 0 
1 1 0 
1 1 0 
1 1 0 
2 3 4430 4431 0 
2 3 4429 4432 0 
2 3 4428 4433 0 
2 3 4427 4434 0 
2 3 4426 4435 0 
1 1 0 
2 3 4436 4437 0 
2 3 4425 4438 0 
2 3 4424 4439 0 
2 3 4423 4440 0 
2 3 4422 4441 0 
2 3 4383 4442 0 
3 2 0 4443 
3 2 0 4383 
3 2 0 4442 
3 2 0 4422 
3 2 0 4384 
3 2 0 4421 
3 2 0 4385 
3 2 0 4420 
3 2 0 4386 
3 2 0 4419 
3 2 0 4389 
3 2 0 4387 
3 2 0 4388 
3 2 0 4418 
3 2 0 4390 
3 2 0 4417 
3 2 0 4391 
3 2 0 4416 
3 2 0 4396 
3 2 0 4392 
3 2 0 4395 
3 2 0 4393 
3 2 0 4394 
3 2 0 4415 
3 2 0 4397 
3 2 0 4414 
3 2 0 4398 
3 2 0 4413 
3 2 0 4403 
3 2 0 4399 
3 2 0 4402 
3 2 0 4400 
3 2 0 4401 
3 2 0 4412 
3 2 0 4404 
3 2 0 4411 
3 2 0 4405 
3 2 0 4410 
3 2 0 4406 
3 2 0 4409 
3 2 0 4407 
3 2 0 4408 
3 2 0 4441 
3 2 0 4423 
3 2 0 4440 
3 2 0 4424 
3 2 0 4439 
3 2 0 4425 
3 2 0 4438 
3 2 0 4436 
3 2 0 4426 
3 2 0 4435 
3 2 0 4427 
3 2 0 4434 
3 2 0 4428 
3 2 0 4433 
3 2 0 4429 
3 2 0 4432 
3 2 0 4430 
3 2 0 4431 
3 2 0 4437 
1 1 0 
1 1 0 
1 1 0 
1 1 0 
2 3 4507 4508 0 
1 1 0 
2 3 4509 4510 0 
1 1 0 
2 3 4511 4512 0 
2 3 4506 4513 0 
2 3 4505 4514 0 
1 1 0 
1 1 0 
1 1 0 
1 1 0 
1 1 0 
1 1 0 
1 1 0 
1 1 0 
2 3 4522 4523 0 
2 3 4521 4524 0 
2 3 4520 4525 0 
1 1 0 
1 1 0 
1 1 0 
1 1 0 
2 3 4529 4530 0 
2 3 4528 4531 0 
1 1 0 
1 1 0 
1 1 0 
1 1 0 
1 1 0 
2 3 4536 4537 0 
2 3 4535 4538 0 
2 3 4534 4539 0 
2 3 4533 4540 0 
2 3 4532 4541 0 
2 3 4527 4542 0 
2 3 4526 4543 0 
2 3 4519 4544 0 
2 3 4518 4545 0 
1 1 0 
2 3 4546 4547 0 
2 3 4517 4548 0 
2 3 4516 4549 0 
2 3 4515 4550 0 
3 2 0 4551 
3 2 0 4515 
3 2 0 4505 
3 2 0 4514 
3 2 0 4506 
3 2 0 4513 
3 2 0 4511 
3 2 0 4509 
3 2 0 4507 
3 2 0 4508 
3 2 0 4510 
3 2 0 4512 
3 2 0 4550 
3 2 0 4516 
3 2 0 4549 
3 2 0 4517 
3 2 0 4548 
3 2 0 4546 
3 2 0 4518 
3 2 0 4545 
3 2 0 4519 
3 2 0 4544 
3 2 0 4526 
3 2 0 4520 
3 2 0 4525 
3 2 0 4521 
3 2 0 4524 
3 2 0 4522 
3 2 0 4523 
3 2 0 4543 
3 2 0 4527 
3 2 0 4542 
3 2 0 4532 
3 2 0 4528 
3 2 0 4531 
3 2 0 4529 
3 2 0 4530 
3 2 0 4541 
3 2 0 4533 
3 2 0 4540 
3 2 0 4534 
3 2 0 4539 
3 2 0 4535 
3 2 0 4538 
3 2 0 4536 
3 2 0 4537 
3 2 0 4547 
1 1 0 
1 1 0 
1 1 0 
1 1 0 
1 1 0 
1 1 0 
1 1 0 
1 1 0 
1 1 0 
2 3 4606 4607 0 
2 3 4605 4608 0 
1 1 0 
1 1 0 
1 1 0 
1 1 0 
2 3 4612 4613 0 
2 3 4611 4614 0 
2 3 4610 4615 0 
2 3 4609 4616 0 
2 3 4604 4617 0 
2 3 4603 4618 0 
2 3 4602 4619 0 
2 3 4601 4620 0 
2 3 4600 4621 0 
1 1 0 
1 1 0 
2 3 4623 4624 0 
2 3 4622 4625 0 
1 1 0 
1 1 0 
1 1 0 
1 1 0 
2 3 4629 4630 0 
2 3 4628 4631 0 
1 1 0 
2 3 4632 4633 0 
1 1 0 
1 1 0 
2 3 4635 4636 0 
1 1 0 
2 3 4637 4638 0 
1 1 0 
1 1 0 
1 1 0 
2 3 4641 4642 0 
2 3 4640 4643 0 
2 3 4639 4644 0 
2 3 4634 4645 0 
2 3 4627 4646 0 
2 3 4626 4647 0 
2 3 4599 4648 0 
1 1 0 
1 1 0 
1 1 0 
1 1 0 
2 3 4652 4653 0 
1 1 0 
1 1 0 
2 3 4655 4656 0 
1 1 0 
2 3 4657 4658 0 
2 3 4654 4659 0 
1 1 0 
2 3 4660 4661 0 
2 3 4651 4662 0 
1 1 0 
2 3 4663 4664 0 
2 3 4650 4665 0 
2 3 4649 4666 0 
3 2 0 4667 
3 2 0 4649 
3 2 0 4599 
3 2 0 4648 
3 2 0 4626 
3 2 0 4622 
3 2 0 4600 
3 2 0 4621 
3 2 0 4601 
3 2 0 4620 
3 2 0 4602 
3 2 0 4619 
3 2 0 4603 
3 2 0 4618 
3 2 0 4604 
3 2 0 4617 
3 2 0 4609 
3 2 0 4605 
3 2 0 4608 
3 2 0 4606 
3 2 0 4607 
3 2 0 4616 
3 2 0 4610 
3 2 0 4615 
3 2 0 4611 
3 2 0 4614 
3 2 0 4612 
3 2 0 4613 
3 2 0 4625 
3 2 0 4623 
3 2 0 4624 
3 2 0 4647 
3 2 0 4627 
3 2 0 4646 
3 2 0 4634 
3 2 0 4632 
3 2 0 4628 
3 2 0 4631 
3 2 0 4629 
3 2 0 4630 
3 2 0 4633 
3 2 0 4645 
3 2 0 4639 
3 2 0 4637 
3 2 0 4635 
3 2 0 4636 
3 2 0 4638 
3 2 0 4644 
3 2 0 4640 
3 2 0 4643 
3 2 0 4641 
3 2 0 4642 
3 2 0 4666 
3 2 0 4650 
3 2 0 4665 
3 2 0 4663 
3 2 0 4651 
3 2 0 4662 
3 2 0 4660 
3 2 0 4654 
3 2 0 4652 
3 2 0 4653 
3 2 0 4659 
3 2 0 4657 
3 2 0 4655 
3 2 0 4656 
3 2 0 4658 
3 2 0 4661 
3 2 0 4664 
32 2368 62 63 64 65 66 67 68 69 70 71 72 73 74 75 76 77 78 79 80 81 82 83 84 85 86 87 88 89 90 91 92 93 94 95 96 97 98 99 100 101 102 103 104 105 106 107 108 109 110 111 112 113 114 115 116 117 118 119 120 121 122 176 177 178 179 180 181 182 183 184 185 186 187 188 189 190 191 192 193 194 195 196 197 198 199 200 201 202 203 204 205 206 207 208 209 210 211 212 213 214 215 216 217 218 219 220 221 222 223 224 225 226 227 228 302 303 304 305 306 307 308 309 310 311 312 313 314 315 316 317 318 319 320 321 322 323 324 325 326 327 328 329 330 331 332 333 334 335 336 337 338 339 340 341 342 343 344 345 346 347 348 349 350 351 352 353 354 355 356 357 358 359 360 361 362 363 364 365 366 367 368 369 370 371 372 373 374 426 427 428 429 430 431 432 433 434 435 436 437 438 439 440 441 442 443 444 445 446 447 448 449 450 451 452 453 454 455 456 457 458 459 460 461 462 463 464 465 466 467 468 469 470 471 472 473 474 475 476 494 495 496 497 498 499 500 501 502 503 504 505 506 507 508 509 510 550 551 552 553 554 555 556 557 558 559 560 561 562 563 564 565 566 567 568 569 570 571 572 573 574 575 576 577 578 579 580 581 582 583 584 585 586 587 588 630 631 632 633 634 635 636 637 638 639 640 641 642 643 644 645 646 647 648 649 650 651 652 653 654 655 656 657 658 659 660 661 662 663 664 665 666 667 668 669 670 704 705 706 707 708 709 710 711 712 713 714 715 716 717 718 719 720 721 722 723 724 725 726 727 728 729 730 731 732 733 734 735 736 784 785 786 787 788 789 790 791 792 793 794 795 796 797 798 799 800 801 802 803 804 805 806 807 808 809 810 811 812 813 814 815 816 817 818 819 820 821 822 823 824 825 826 827 828 829 830 858 859 860 861 862 863 864 865 866 867 868 869 870 871 872 873 874 875 876 877 878 879 880 881 882 883 884 960 961 962 963 964 965 966 967 968 969 970 971 972 973 974 975 976 977 978 979 980 981 982 983 984 985 986 987 988 989 990 991 992 993 994 995 996 997 998 999 1000 1001 1002 1003 1004 1005 1006 1007 1008 1009 1010 1011 1012 1013 1014 1015 1016 1017 1018 1019 1020 1021 1022 1023 1024 1025 1026 1027 1028 1029 1030 1031 1032 1033 1034 1048 1049 1050 1051 1052 1053 1054 1055 1056 1057 1058 1059 1060 1076 1077 1078 1079 1080 1081 1082 1083 1084 1085 1086 1087 1088 1089 1090 1108 1109 1110 1111 1112 1113 1114 1115 1116 1117 1118 1119 1120 1121 1122 1123 1124 1162 1163 1164 1165 1166 1167 1168 1169 1170 1171 1172 1173 1174 1175 1176 1177 1178 1179 1180 1181 1182 1183 1184 1185 1186 1187 1188 1189 1190 1191 1192 1193 1194 1195 1196 1197 1198 1216 1217 1218 1219 1220 1221 1222 1223 1224 1225 1226 1227 1228 1229 1230 1231 1232 1302 1303 1304 1305 1306 1307 1308 1309 1310 1311 1312 1313 1314 1315 1316 1317 1318 1319 1320 1321 1322 1323 1324 1325 1326 1327 1328 1329 1330 1331 1332 1333 1334 1335 1336 1337 1338 1339 1340 1341 1342 1343 1344 1345 1346 1347 1348 1349 1350 1351 1352 1353 1354 1355 1356 1357 1358 1359 1360 1361 1362 1363 1364 1365 1366 1367 1368 1369 1370 1434 1435 1436 1437 1438 1439 1440 1441 1442 1443 1444 1445 1446 1447 1448 1449 1450 1451 1452 1453 1454 1455 1456 1457 1458 1459 1460 1461 1462 1463 1464 1465 1466 1467 1468 1469 1470 1471 1472 1473 1474 1475 1476 1477 1478 1479 1480 1481 1482 1483 1484 1485 1486 1487 1488 1489 1490 1491 1492 1493 1494 1495 1496 1520 1521 1522 1523 1524 1525 1526 1527 1528 1529 1530 1531 1532 1533 1534 1535 1536 1537 1538 1539 1540 1541 1542 1588 1589 1590 1591 1592 1593 1594 1595 1596 1597 1598 1599 1600 1601 1602 1603 1604 1605 1606 1607 1608 1609 1610 1611 1612 1613 1614 1615 1616 1617 1618 1619 1620 1621 1622 1623 1624 1625 1626 1627 1628 1629 1630 1631 1632 1670 1671 1672 1673 1674 1675 1676 1677 1678 1679 1680 1681 1682 1683 1684 1685 1686 1687 1688 1689 1690 1691 1692 1693 1694 1695 1696 1697 1698 1699 1700 1701 1702 1703 1704 1705 1706 1734 1735 1736 1737 1738 1739 1740 1741 1742 1743 1744 1745 1746 1747 1748 1749 1750 1751 1752 1753 1754 1755 1756 1757 1758 1759 1760 1798 1799 1800 1801 1802 1803 1804 1805 1806 1807 1808 1809 1810 1811 1812 1813 1814 1815 1816 1817 1818 1819 1820 1821 1822 1823 1824 1825 1826 1827 1828 1829 1830 1831 1832 1833 1834 1854 1855 1856 1857 1858 1859 1860 1861 1862 1863 1864 1865 1866 1867 1868 1869 1870 1871 1872 1882 1883 1884 1885 1886 1887 1888 1889 1890 1914 1915 1916 1917 1918 1919 1920 1921 1922 1923 1924 1925 1926 1927 1928 1929 1930 1931 1932 1933 1934 1935 1936 1970 1971 1972 1973 1974 1975 1976 1977 1978 1979 1980 1981 1982 1983 1984 1985 1986 1987 1988 1989 1990 1991 1992 1993 1994 1995 1996 1997 1998 1999 2000 2001 2002 2040 2041 2042 2043 2044 2045 2046 2047 2048 2049 2050 2051 2052 2053 2054 2055 2056 2057 2058 2059 2060 2061 2062 2063 2064 2065 2066 2067 2068 2069 2070 2071 2072 2073 2074 2075 2076 2116 2117 2118 2119 2120 2121 2122 2123 2124 2125 2126 2127 2128 2129 2130 2131 2132 2133 2134 2135 2136 2137 2138 2139 2140 2141 2142 2143 2144 2145 2146 2147 2148 2149 2150 2151 2152 2153 2154 2160 2161 2162 2163 2164 2222 2223 2224 2225 2226 2227 2228 2229 2230 2231 2232 2233 2234 2235 2236 2237 2238 2239 2240 2241 2242 2243 2244 2245 2246 2247 2248 2249 2250 2251 2252 2253 2254 2255 2256 2257 2258 2259 2260 2261 2262 2263 2264 2265 2266 2267 2268 2269 2270 2271 2272 2273 2274 2275 2276 2277 2278 2290 2291 2292 2293 2294 2295 2296 2297 2298 2299 2300 2318 2319 2320 2321 2322 2323 2324 2325 2326 2327 2328 2329 2330 2331 2332 2333 2334 2362 2363 2364 2365 2366 2367 2368 2369 2370 2371 2372 2373 2374 2375 2376 2377 2378 2379 2380 2381 2382 2383 2384 2385 2386 2387 2388 2426 2427 2428 2429 2430 2431 2432 2433 2434 2435 2436 2437 2438 2439 2440 2441 2442 2443 2444 2445 2446 2447 2448 2449 2450 2451 2452 2453 2454 2455 2456 2457 2458 2459 2460 2461 2462 2502 2503 2504 2505 2506 2507 2508 2509 2510 2511 2512 2513 2514 2515 2516 2517 2518 2519 2520 2521 2522 2523 2524 2525 2526 2527 2528 2529 2530 2531 2532 2533 2534 2535 2536 2537 2538 2539 2540 2574 2575 2576 2577 2578 2579 2580 2581 2582 2583 2584 2585 2586 2587 2588 2589 2590 2591 2592 2593 2594 2595 2596 2597 2598 2599 2600 2601 2602 2603 2604 2605 2606 2636 2637 2638 2639 2640 2641 2642 2643 2644 2645 2646 2647 2648 2649 2650 2651 2652 2653 2654 2655 2656 2657 2658 2659 2660 2661 2662 2663 2664 2708 2709 2710 2711 2712 2713 2714 2715 2716 2717 2718 2719 2720 2721 2722 2723 2724 2725 2726 2727 2728 2729 2730 2731 2732 2733 2734 2735 2736 2737 2738 2739 2740 2741 2742 2743 2744 2745 2746 2747 2748 2749 2750 2788 2789 2790 2791 2792 2793 2794 2795 2796 2797 2798 2799 2800 2801 2802 2803 2804 2805 2806 2807 2808 2809 2810 2811 2812 2813 2814 2815 2816 2817 2818 2819 2820 2821 2822 2823 2824 2860 2861 2862 2863 2864 2865 2866 2867 2868 2869 2870 2871 2872 2873 2874 2875 2876 2877 2878 2879 2880 2881 2882 2883 2884 2885 2886 2887 2888 2889 2890 2891 2892 2893 2894 2920 2921 2922 2923 2924 2925 2926 2927 2928 2929 2930 2931 2932 2933 2934 2935 2936 2937 2938 2939 2940 2941 2942 2943 2944 2964 2965 2966 2967 2968 2969 2970 2971 2972 2973 2974 2975 2976 2977 2978 2979 2980 2981 2982 3040 3041 3042 3043 3044 3045 3046 3047 3048 3049 3050 3051 3052 3053 3054 3055 3056 3057 3058 3059 3060 3061 3062 3063 3064 3065 3066 3067 3068 3069 3070 3071 3072 3073 3074 3075 3076 3077 3078 3079 3080 3081 3082 3083 3084 3085 3086 3087 3088 3089 3090 3091 3092 3093 3094 3095 3096 3108 3109 3110 3111 3112 3113 3114 3115 3116 3117 3118 3188 3189 3190 3191 3192 3193 3194 3195 3196 3197 3198 3199 3200 3201 3202 3203 3204 3205 3206 3207 3208 3209 3210 3211 3212 3213 3214 3215 3216 3217 3218 3219 3220 3221 3222 3223 3224 3225 3226 3227 3228 3229 3230 3231 3232 3233 3234 3235 3236 3237 3238 3239 3240 3241 3242 3243 3244 3245 3246 3247 3248 3249 3250 3251 3252 3253 3254 3255 3256 3300 3301 3302 3303 3304 3305 3306 3307 3308 3309 3310 3311 3312 3313 3314 3315 3316 3317 3318 3319 3320 3321 3322 3323 3324 3325 3326 3327 3328 3329 3330 3331 3332 3333 3334 3335 3336 3337 3338 3339 3340 3341 3342 3372 3373 3374 3375 3376 3377 3378 3379 3380 3381 3382 3383 3384 3385 3386 3387 3388 3389 3390 3391 3392 3393 3394 3395 3396 3397 3398 3399 3400 3440 3441 3442 3443 3444 3445 3446 3447 3448 3449 3450 3451 3452 3453 3454 3455 3456 3457 3458 3459 3460 3461 3462 3463 3464 3465 3466 3467 3468 3469 3470 3471 3472 3473 3474 3475 3476 3477 3478 3502 3503 3504 3505 3506 3507 3508 3509 3510 3511 3512 3513 3514 3515 3516 3517 3518 3519 3520 3521 3522 3523 3524 3566 3567 3568 3569 3570 3571 3572 3573 3574 3575 3576 3577 3578 3579 3580 3581 3582 3583 3584 3585 3586 3587 3588 3589 3590 3591 3592 3593 3594 3595 3596 3597 3598 3599 3600 3601 3602 3603 3604 3605 3606 3618 3619 3620 3621 3622 3623 3624 3625 3626 3627 3628 3668 3669 3670 3671 3672 3673 3674 3675 3676 3677 3678 3679 3680 3681 3682 3683 3684 3685 3686 3687 3688 3689 3690 3691 3692 3693 3694 3695 3696 3697 3698 3699 3700 3701 3702 3703 3704 3705 3706 3754 3755 3756 3757 3758 3759 3760 3761 3762 3763 3764 3765 3766 3767 3768 3769 3770 3771 3772 3773 3774 3775 3776 3777 3778 3779 3780 3781 3782 3783 3784 3785 3786 3787 3788 3789 3790 3791 3792 3793 3794 3795 3796 3797 3798 3799 3800 3842 3843 3844 3845 3846 3847 3848 3849 3850 3851 3852 3853 3854 3855 3856 3857 3858 3859 3860 3861 3862 3863 3864 3865 3866 3867 3868 3869 3870 3871 3872 3873 3874 3875 3876 3877 3878 3879 3880 3881 3882 3896 3897 3898 3899 3900 3901 3902 3903 3904 3905 3906 3907 3908 3950 3951 3952 3953 3954 3955 3956 3957 3958 3959 3960 3961 3962 3963 3964 3965 3966 3967 3968 3969 3970 3971 3972 3973 3974 3975 3976 3977 3978 3979 3980 3981 3982 3983 3984 3985 3986 3987 3988 3989 3990 4092 4093 4094 4095 4096 4097 4098 4099 4100 4101 4102 4103 4104 4105 4106 4107 4108 4109 4110 4111 4112 4113 4114 4115 4116 4117 4118 4119 4120 4121 4122 4123 4124 4125 4126 4127 4128 4129 4130 4131 4132 4133 4134 4135 4136 4137 4138 4139 4140 4141 4142 4143 4144 4145 4146 4147 4148 4149 4150 4151 4152 4153 4154 4155 4156 4157 4158 4159 4160 4161 4162 4163 4164 4165 4166 4167 4168 4169 4170 4171 4172 4173 4174 4175 4176 4177 4178 4179 4180 4181 4182 4183 4184 4185 4186 4187 4188 4189 4190 4191 4192 4210 4211 4212 4213 4214 4215 4216 4217 4218 4219 4220 4221 4222 4223 4224 4225 4226 4282 4283 4284 4285 4286 4287 4288 4289 4290 4291 4292 4293 4294 4295 4296 4297 4298 4299 4300 4301 4302 4303 4304 4305 4306 4307 4308 4309 4310 4311 4312 4313 4314 4315 4316 4317 4318 4319 4320 4321 4322 4323 4324 4325 4326 4327 4328 4329 4330 4331 4332 4333 4334 4335 4336 4360 4361 4362 4363 4364 4365 4366 4367 4368 4369 4370 4371 4372 4373 4374 4375 4376 4377 4378 4379 4380 4381 4382 4444 4445 4446 4447 4448 4449 4450 4451 4452 4453 4454 4455 4456 4457 4458 4459 4460 4461 4462 4463 4464 4465 4466 4467 4468 4469 4470 4471 4472 4473 4474 4475 4476 4477 4478 4479 4480 4481 4482 4483 4484 4485 4486 4487 4488 4489 4490 4491 4492 4493 4494 4495 4496 4497 4498 4499 4500 4501 4502 4503 4504 4552 4553 4554 4555 4556 4557 4558 4559 4560 4561 4562 4563 4564 4565 4566 4567 4568 4569 4570 4571 4572 4573 4574 4575 4576 4577 4578 4579 4580 4581 4582 4583 4584 4585 4586 4587 4588 4589 4590 4591 4592 4593 4594 4595 4596 4597 4598 4668 4669 4670 4671 4672 4673 4674 4675 4676 4677 4678 4679 4680 4681 4682 4683 4684 4685 4686 4687 4688 4689 4690 4691 4692 4693 4694 4695 4696 4697 4698 4699 4700 4701 4702 4703 4704 4705 4706 4707 4708 4709 4710 4711 4712 4713 4714 4715 4716 4717 4718 4719 4720 4721 4722 4723 4724 4725 4726 4727 4728 4729 4730 4731 4732 4733 4734 4735 4736 
