4822
0 0 
1 1 0 
1 1 0 
1 1 0 
1 1 0 
2 3 3 4 0 
1 1 0 
1 1 0 
1 1 0 
1 1 0 
1 1 0 
1 1 0 
2 3 10 11 0 
2 3 9 12 0 
2 3 8 13 0 
2 3 7 14 0 
1 1 0 
1 1 0 
2 3 16 17 0 
2 3 15 18 0 
2 3 6 19 0 
2 3 5 20 0 
1 1 0 
1 1 0 
1 1 0 
1 1 0 
1 1 0 
1 1 0 
1 1 0 
1 1 0 
1 1 0 
2 3 29 30 0 
2 3 28 31 0 
2 3 27 32 0 
2 3 26 33 0 
2 3 25 34 0 
2 3 24 35 0 
2 3 23 36 0 
2 3 22 37 0 
2 3 21 38 0 
2 3 2 39 0 
1 1 0 
2 3 40 41 0 
2 3 1 42 0 
3 2 0 43 
3 2 0 1 
3 2 0 42 
3 2 0 40 
3 2 0 2 
3 2 0 39 
3 2 0 21 
3 2 0 5 
3 2 0 3 
3 2 0 4 
3 2 0 20 
3 2 0 6 
3 2 0 19 
3 2 0 15 
3 2 0 7 
3 2 0 14 
3 2 0 8 
3 2 0 13 
3 2 0 9 
3 2 0 12 
3 2 0 10 
3 2 0 11 
3 2 0 18 
3 2 0 16 
3 2 0 17 
3 2 0 38 
3 2 0 22 
3 2 0 37 
3 2 0 23 
3 2 0 36 
3 2 0 24 
3 2 0 35 
3 2 0 25 
3 2 0 34 
3 2 0 26 
3 2 0 33 
3 2 0 27 
3 2 0 32 
3 2 0 28 
3 2 0 31 
3 2 0 29 
3 2 0 30 
3 2 0 41 
1 1 0 
1 1 0 
1 1 0 
1 1 0 
2 3 89 90 0 
1 1 0 
1 1 0 
1 1 0 
2 3 93 94 0 
2 3 92 95 0 
2 3 91 96 0 
1 1 0 
1 1 0 
1 1 0 
2 3 99 100 0 
2 3 98 101 0 
1 1 0 
1 1 0 
2 3 103 104 0 
2 3 102 105 0 
2 3 97 106 0 
2 3 88 107 0 
2 3 87 108 0 
1 1 0 
1 1 0 
1 1 0 
2 3 111 112 0 
1 1 0 
1 1 0 
1 1 0 
2 3 115 116 0 
2 3 114 117 0 
1 1 0 
2 3 118 119 0 
2 3 113 120 0 
2 3 110 121 0 
2 3 109 122 0 
3 2 0 123 
3 2 0 109 
3 2 0 87 
3 2 0 108 
3 2 0 88 
3 2 0 107 
3 2 0 97 
3 2 0 91 
3 2 0 89 
3 2 0 90 
3 2 0 96 
3 2 0 92 
3 2 0 95 
3 2 0 93 
3 2 0 94 
3 2 0 106 
3 2 0 102 
3 2 0 98 
3 2 0 101 
3 2 0 99 
3 2 0 100 
3 2 0 105 
3 2 0 103 
3 2 0 104 
3 2 0 122 
3 2 0 110 
3 2 0 121 
3 2 0 113 
3 2 0 111 
3 2 0 112 
3 2 0 120 
3 2 0 118 
3 2 0 114 
3 2 0 117 
3 2 0 115 
3 2 0 116 
3 2 0 119 
1 1 0 
1 1 0 
1 1 0 
2 3 162 163 0 
1 1 0 
1 1 0 
2 3 165 166 0 
2 3 164 167 0 
2 3 161 168 0 
1 1 0 
2 3 169 170 0 
1 1 0 
1 1 0 
1 1 0 
1 1 0 
1 1 0 
2 3 175 176 0 
2 3 174 177 0 
2 3 173 178 0 
2 3 172 179 0 
2 3 171 180 0 
1 1 0 
2 3 181 182 0 
3 2 0 183 
3 2 0 181 
3 2 0 171 
3 2 0 169 
3 2 0 161 
3 2 0 168 
3 2 0 164 
3 2 0 162 
3 2 0 163 
3 2 0 167 
3 2 0 165 
3 2 0 166 
3 2 0 170 
3 2 0 180 
3 2 0 172 
3 2 0 179 
3 2 0 173 
3 2 0 178 
3 2 0 174 
3 2 0 177 
3 2 0 175 
3 2 0 176 
3 2 0 182 
1 1 0 
1 1 0 
1 1 0 
1 1 0 
1 1 0 
1 1 0 
2 3 211 212 0 
1 1 0 
1 1 0 
1 1 0 
1 1 0 
1 1 0 
1 1 0 
2 3 218 219 0 
2 3 217 220 0 
2 3 216 221 0 
1 1 0 
2 3 222 223 0 
2 3 215 224 0 
2 3 214 225 0 
2 3 213 226 0 
2 3 210 227 0 
2 3 209 228 0 
2 3 208 229 0 
2 3 207 230 0 
1 1 0 
1 1 0 
1 1 0 
1 1 0 
1 1 0 
1 1 0 
1 1 0 
1 1 0 
2 3 238 239 0 
1 1 0 
2 3 240 241 0 
2 3 237 242 0 
2 3 236 243 0 
1 1 0 
2 3 244 245 0 
2 3 235 246 0 
2 3 234 247 0 
2 3 233 248 0 
2 3 232 249 0 
2 3 231 250 0 
3 2 0 251 
3 2 0 231 
3 2 0 207 
3 2 0 230 
3 2 0 208 
3 2 0 229 
3 2 0 209 
3 2 0 228 
3 2 0 210 
3 2 0 227 
3 2 0 213 
3 2 0 211 
3 2 0 212 
3 2 0 226 
3 2 0 214 
3 2 0 225 
3 2 0 215 
3 2 0 224 
3 2 0 222 
3 2 0 216 
3 2 0 221 
3 2 0 217 
3 2 0 220 
3 2 0 218 
3 2 0 219 
3 2 0 223 
3 2 0 250 
3 2 0 232 
3 2 0 249 
3 2 0 233 
3 2 0 248 
3 2 0 234 
3 2 0 247 
3 2 0 235 
3 2 0 246 
3 2 0 244 
3 2 0 236 
3 2 0 243 
3 2 0 237 
3 2 0 242 
3 2 0 240 
3 2 0 238 
3 2 0 239 
3 2 0 241 
3 2 0 245 
1 1 0 
1 1 0 
2 3 297 298 0 
1 1 0 
2 3 299 300 0 
1 1 0 
2 3 301 302 0 
1 1 0 
1 1 0 
2 3 304 305 0 
2 3 303 306 0 
1 1 0 
2 3 307 308 0 
1 1 0 
1 1 0 
1 1 0 
1 1 0 
2 3 312 313 0 
2 3 311 314 0 
1 1 0 
1 1 0 
2 3 316 317 0 
2 3 315 318 0 
2 3 310 319 0 
2 3 309 320 0 
1 1 0 
2 3 321 322 0 
1 1 0 
2 3 323 324 0 
1 1 0 
1 1 0 
2 3 326 327 0 
1 1 0 
2 3 328 329 0 
1 1 0 
1 1 0 
1 1 0 
1 1 0 
1 1 0 
1 1 0 
2 3 335 336 0 
2 3 334 337 0 
2 3 333 338 0 
1 1 0 
2 3 339 340 0 
1 1 0 
1 1 0 
1 1 0 
1 1 0 
1 1 0 
2 3 345 346 0 
2 3 344 347 0 
2 3 343 348 0 
2 3 342 349 0 
2 3 341 350 0 
2 3 332 351 0 
2 3 331 352 0 
2 3 330 353 0 
1 1 0 
2 3 354 355 0 
1 1 0 
1 1 0 
1 1 0 
2 3 358 359 0 
2 3 357 360 0 
2 3 356 361 0 
2 3 325 362 0 
1 1 0 
2 3 363 364 0 
3 2 0 365 
3 2 0 363 
3 2 0 325 
3 2 0 323 
3 2 0 321 
3 2 0 309 
3 2 0 307 
3 2 0 303 
3 2 0 301 
3 2 0 299 
3 2 0 297 
3 2 0 298 
3 2 0 300 
3 2 0 302 
3 2 0 306 
3 2 0 304 
3 2 0 305 
3 2 0 308 
3 2 0 320 
3 2 0 310 
3 2 0 319 
3 2 0 315 
3 2 0 311 
3 2 0 314 
3 2 0 312 
3 2 0 313 
3 2 0 318 
3 2 0 316 
3 2 0 317 
3 2 0 322 
3 2 0 324 
3 2 0 362 
3 2 0 356 
3 2 0 354 
3 2 0 330 
3 2 0 328 
3 2 0 326 
3 2 0 327 
3 2 0 329 
3 2 0 353 
3 2 0 331 
3 2 0 352 
3 2 0 332 
3 2 0 351 
3 2 0 341 
3 2 0 339 
3 2 0 333 
3 2 0 338 
3 2 0 334 
3 2 0 337 
3 2 0 335 
3 2 0 336 
3 2 0 340 
3 2 0 350 
3 2 0 342 
3 2 0 349 
3 2 0 343 
3 2 0 348 
3 2 0 344 
3 2 0 347 
3 2 0 345 
3 2 0 346 
3 2 0 355 
3 2 0 361 
3 2 0 357 
3 2 0 360 
3 2 0 358 
3 2 0 359 
3 2 0 364 
1 1 0 
1 1 0 
2 3 435 436 0 
1 1 0 
1 1 0 
1 1 0 
1 1 0 
1 1 0 
2 3 441 442 0 
2 3 440 443 0 
2 3 439 444 0 
1 1 0 
2 3 445 446 0 
2 3 438 447 0 
2 3 437 448 0 
3 2 0 449 
3 2 0 437 
3 2 0 435 
3 2 0 436 
3 2 0 448 
3 2 0 438 
3 2 0 447 
3 2 0 445 
3 2 0 439 
3 2 0 444 
3 2 0 440 
3 2 0 443 
3 2 0 441 
3 2 0 442 
3 2 0 446 
1 1 0 
1 1 0 
2 3 465 466 0 
1 1 0 
2 3 467 468 0 
1 1 0 
1 1 0 
1 1 0 
2 3 471 472 0 
2 3 470 473 0 
2 3 469 474 0 
1 1 0 
2 3 475 476 0 
3 2 0 477 
3 2 0 475 
3 2 0 469 
3 2 0 467 
3 2 0 465 
3 2 0 466 
3 2 0 468 
3 2 0 474 
3 2 0 470 
3 2 0 473 
3 2 0 471 
3 2 0 472 
3 2 0 476 
1 1 0 
1 1 0 
1 1 0 
1 1 0 
1 1 0 
2 3 494 495 0 
1 1 0 
1 1 0 
1 1 0 
1 1 0 
1 1 0 
1 1 0 
2 3 501 502 0 
2 3 500 503 0 
2 3 499 504 0 
2 3 498 505 0 
2 3 497 506 0 
2 3 496 507 0 
2 3 493 508 0 
2 3 492 509 0 
2 3 491 510 0 
1 1 0 
2 3 511 512 0 
1 1 0 
1 1 0 
1 1 0 
1 1 0 
1 1 0 
1 1 0 
2 3 518 519 0 
2 3 517 520 0 
1 1 0 
1 1 0 
2 3 522 523 0 
2 3 521 524 0 
2 3 516 525 0 
2 3 515 526 0 
2 3 514 527 0 
2 3 513 528 0 
1 1 0 
2 3 529 530 0 
3 2 0 531 
3 2 0 529 
3 2 0 513 
3 2 0 511 
3 2 0 491 
3 2 0 510 
3 2 0 492 
3 2 0 509 
3 2 0 493 
3 2 0 508 
3 2 0 496 
3 2 0 494 
3 2 0 495 
3 2 0 507 
3 2 0 497 
3 2 0 506 
3 2 0 498 
3 2 0 505 
3 2 0 499 
3 2 0 504 
3 2 0 500 
3 2 0 503 
3 2 0 501 
3 2 0 502 
3 2 0 512 
3 2 0 528 
3 2 0 514 
3 2 0 527 
3 2 0 515 
3 2 0 526 
3 2 0 516 
3 2 0 525 
3 2 0 521 
3 2 0 517 
3 2 0 520 
3 2 0 518 
3 2 0 519 
3 2 0 524 
3 2 0 522 
3 2 0 523 
3 2 0 530 
1 1 0 
1 1 0 
1 1 0 
1 1 0 
2 3 575 576 0 
2 3 574 577 0 
1 1 0 
1 1 0 
1 1 0 
1 1 0 
2 3 581 582 0 
2 3 580 583 0 
2 3 579 584 0 
2 3 578 585 0 
2 3 573 586 0 
1 1 0 
1 1 0 
1 1 0 
1 1 0 
2 3 590 591 0 
1 1 0 
1 1 0 
1 1 0 
2 3 594 595 0 
1 1 0 
2 3 596 597 0 
2 3 593 598 0 
2 3 592 599 0 
1 1 0 
2 3 600 601 0 
2 3 589 602 0 
2 3 588 603 0 
2 3 587 604 0 
3 2 0 605 
3 2 0 587 
3 2 0 573 
3 2 0 586 
3 2 0 578 
3 2 0 574 
3 2 0 577 
3 2 0 575 
3 2 0 576 
3 2 0 585 
3 2 0 579 
3 2 0 584 
3 2 0 580 
3 2 0 583 
3 2 0 581 
3 2 0 582 
3 2 0 604 
3 2 0 588 
3 2 0 603 
3 2 0 589 
3 2 0 602 
3 2 0 600 
3 2 0 592 
3 2 0 590 
3 2 0 591 
3 2 0 599 
3 2 0 593 
3 2 0 598 
3 2 0 596 
3 2 0 594 
3 2 0 595 
3 2 0 597 
3 2 0 601 
1 1 0 
1 1 0 
2 3 639 640 0 
1 1 0 
1 1 0 
1 1 0 
1 1 0 
1 1 0 
1 1 0 
1 1 0 
1 1 0 
1 1 0 
1 1 0 
2 3 650 651 0 
2 3 649 652 0 
1 1 0 
2 3 653 654 0 
2 3 648 655 0 
2 3 647 656 0 
2 3 646 657 0 
2 3 645 658 0 
2 3 644 659 0 
2 3 643 660 0 
1 1 0 
1 1 0 
2 3 662 663 0 
2 3 661 664 0 
1 1 0 
2 3 665 666 0 
2 3 642 667 0 
2 3 641 668 0 
3 2 0 669 
3 2 0 641 
3 2 0 639 
3 2 0 640 
3 2 0 668 
3 2 0 642 
3 2 0 667 
3 2 0 665 
3 2 0 661 
3 2 0 643 
3 2 0 660 
3 2 0 644 
3 2 0 659 
3 2 0 645 
3 2 0 658 
3 2 0 646 
3 2 0 657 
3 2 0 647 
3 2 0 656 
3 2 0 648 
3 2 0 655 
3 2 0 653 
3 2 0 649 
3 2 0 652 
3 2 0 650 
3 2 0 651 
3 2 0 654 
3 2 0 664 
3 2 0 662 
3 2 0 663 
3 2 0 666 
1 1 0 
1 1 0 
2 3 701 702 0 
1 1 0 
1 1 0 
1 1 0 
1 1 0 
2 3 706 707 0 
2 3 705 708 0 
1 1 0 
1 1 0 
2 3 710 711 0 
2 3 709 712 0 
2 3 704 713 0 
2 3 703 714 0 
1 1 0 
1 1 0 
1 1 0 
1 1 0 
1 1 0 
1 1 0 
2 3 720 721 0 
2 3 719 722 0 
1 1 0 
2 3 723 724 0 
2 3 718 725 0 
2 3 717 726 0 
2 3 716 727 0 
1 1 0 
2 3 728 729 0 
2 3 715 730 0 
3 2 0 731 
3 2 0 715 
3 2 0 703 
3 2 0 701 
3 2 0 702 
3 2 0 714 
3 2 0 704 
3 2 0 713 
3 2 0 709 
3 2 0 705 
3 2 0 708 
3 2 0 706 
3 2 0 707 
3 2 0 712 
3 2 0 710 
3 2 0 711 
3 2 0 730 
3 2 0 728 
3 2 0 716 
3 2 0 727 
3 2 0 717 
3 2 0 726 
3 2 0 718 
3 2 0 725 
3 2 0 723 
3 2 0 719 
3 2 0 722 
3 2 0 720 
3 2 0 721 
3 2 0 724 
3 2 0 729 
1 1 0 
1 1 0 
1 1 0 
1 1 0 
1 1 0 
1 1 0 
1 1 0 
2 3 768 769 0 
2 3 767 770 0 
1 1 0 
2 3 771 772 0 
2 3 766 773 0 
2 3 765 774 0 
2 3 764 775 0 
1 1 0 
2 3 776 777 0 
2 3 763 778 0 
3 2 0 779 
3 2 0 763 
3 2 0 778 
3 2 0 776 
3 2 0 764 
3 2 0 775 
3 2 0 765 
3 2 0 774 
3 2 0 766 
3 2 0 773 
3 2 0 771 
3 2 0 767 
3 2 0 770 
3 2 0 768 
3 2 0 769 
3 2 0 772 
3 2 0 777 
1 1 0 
1 1 0 
1 1 0 
2 3 798 799 0 
2 3 797 800 0 
1 1 0 
1 1 0 
2 3 802 803 0 
1 1 0 
2 3 804 805 0 
1 1 0 
1 1 0 
2 3 807 808 0 
2 3 806 809 0 
2 3 801 810 0 
1 1 0 
1 1 0 
1 1 0 
1 1 0 
2 3 814 815 0 
1 1 0 
2 3 816 817 0 
1 1 0 
2 3 818 819 0 
1 1 0 
1 1 0 
2 3 821 822 0 
2 3 820 823 0 
1 1 0 
2 3 824 825 0 
2 3 813 826 0 
1 1 0 
1 1 0 
1 1 0 
2 3 829 830 0 
1 1 0 
1 1 0 
2 3 832 833 0 
2 3 831 834 0 
2 3 828 835 0 
2 3 827 836 0 
2 3 812 837 0 
1 1 0 
2 3 838 839 0 
2 3 811 840 0 
3 2 0 841 
3 2 0 811 
3 2 0 801 
3 2 0 797 
3 2 0 800 
3 2 0 798 
3 2 0 799 
3 2 0 810 
3 2 0 806 
3 2 0 804 
3 2 0 802 
3 2 0 803 
3 2 0 805 
3 2 0 809 
3 2 0 807 
3 2 0 808 
3 2 0 840 
3 2 0 838 
3 2 0 812 
3 2 0 837 
3 2 0 827 
3 2 0 813 
3 2 0 826 
3 2 0 824 
3 2 0 820 
3 2 0 818 
3 2 0 816 
3 2 0 814 
3 2 0 815 
3 2 0 817 
3 2 0 819 
3 2 0 823 
3 2 0 821 
3 2 0 822 
3 2 0 825 
3 2 0 836 
3 2 0 828 
3 2 0 835 
3 2 0 831 
3 2 0 829 
3 2 0 830 
3 2 0 834 
3 2 0 832 
3 2 0 833 
3 2 0 839 
1 1 0 
1 1 0 
1 1 0 
1 1 0 
2 3 889 890 0 
2 3 888 891 0 
2 3 887 892 0 
1 1 0 
1 1 0 
1 1 0 
1 1 0 
1 1 0 
1 1 0 
1 1 0 
2 3 899 900 0 
2 3 898 901 0 
2 3 897 902 0 
2 3 896 903 0 
2 3 895 904 0 
2 3 894 905 0 
2 3 893 906 0 
1 1 0 
2 3 907 908 0 
1 1 0 
1 1 0 
1 1 0 
2 3 911 912 0 
2 3 910 913 0 
1 1 0 
1 1 0 
1 1 0 
1 1 0 
1 1 0 
1 1 0 
1 1 0 
1 1 0 
1 1 0 
2 3 922 923 0 
2 3 921 924 0 
2 3 920 925 0 
1 1 0 
1 1 0 
2 3 927 928 0 
2 3 926 929 0 
2 3 919 930 0 
2 3 918 931 0 
2 3 917 932 0 
2 3 916 933 0 
2 3 915 934 0 
2 3 914 935 0 
2 3 909 936 0 
1 1 0 
2 3 937 938 0 
3 2 0 939 
3 2 0 937 
3 2 0 909 
3 2 0 907 
3 2 0 893 
3 2 0 887 
3 2 0 892 
3 2 0 888 
3 2 0 891 
3 2 0 889 
3 2 0 890 
3 2 0 906 
3 2 0 894 
3 2 0 905 
3 2 0 895 
3 2 0 904 
3 2 0 896 
3 2 0 903 
3 2 0 897 
3 2 0 902 
3 2 0 898 
3 2 0 901 
3 2 0 899 
3 2 0 900 
3 2 0 908 
3 2 0 936 
3 2 0 914 
3 2 0 910 
3 2 0 913 
3 2 0 911 
3 2 0 912 
3 2 0 935 
3 2 0 915 
3 2 0 934 
3 2 0 916 
3 2 0 933 
3 2 0 917 
3 2 0 932 
3 2 0 918 
3 2 0 931 
3 2 0 919 
3 2 0 930 
3 2 0 926 
3 2 0 920 
3 2 0 925 
3 2 0 921 
3 2 0 924 
3 2 0 922 
3 2 0 923 
3 2 0 929 
3 2 0 927 
3 2 0 928 
3 2 0 938 
1 1 0 
1 1 0 
1 1 0 
2 3 994 995 0 
2 3 993 996 0 
1 1 0 
1 1 0 
1 1 0 
1 1 0 
2 3 1000 1001 0 
2 3 999 1002 0 
2 3 998 1003 0 
2 3 997 1004 0 
1 1 0 
1 1 0 
1 1 0 
1 1 0 
1 1 0 
2 3 1009 1010 0 
2 3 1008 1011 0 
2 3 1007 1012 0 
2 3 1006 1013 0 
2 3 1005 1014 0 
1 1 0 
2 3 1015 1016 0 
1 1 0 
2 3 1017 1018 0 
1 1 0 
1 1 0 
2 3 1020 1021 0 
1 1 0 
1 1 0 
2 3 1023 1024 0 
1 1 0 
2 3 1025 1026 0 
1 1 0 
1 1 0 
2 3 1028 1029 0 
2 3 1027 1030 0 
2 3 1022 1031 0 
2 3 1019 1032 0 
1 1 0 
2 3 1033 1034 0 
3 2 0 1035 
3 2 0 1033 
3 2 0 1019 
3 2 0 1017 
3 2 0 1015 
3 2 0 1005 
3 2 0 997 
3 2 0 993 
3 2 0 996 
3 2 0 994 
3 2 0 995 
3 2 0 1004 
3 2 0 998 
3 2 0 1003 
3 2 0 999 
3 2 0 1002 
3 2 0 1000 
3 2 0 1001 
3 2 0 1014 
3 2 0 1006 
3 2 0 1013 
3 2 0 1007 
3 2 0 1012 
3 2 0 1008 
3 2 0 1011 
3 2 0 1009 
3 2 0 1010 
3 2 0 1016 
3 2 0 1018 
3 2 0 1032 
3 2 0 1022 
3 2 0 1020 
3 2 0 1021 
3 2 0 1031 
3 2 0 1027 
3 2 0 1025 
3 2 0 1023 
3 2 0 1024 
3 2 0 1026 
3 2 0 1030 
3 2 0 1028 
3 2 0 1029 
3 2 0 1034 
1 1 0 
1 1 0 
1 1 0 
1 1 0 
1 1 0 
1 1 0 
2 3 1083 1084 0 
2 3 1082 1085 0 
2 3 1081 1086 0 
1 1 0 
1 1 0 
2 3 1088 1089 0 
1 1 0 
1 1 0 
1 1 0 
1 1 0 
2 3 1093 1094 0 
2 3 1092 1095 0 
1 1 0 
1 1 0 
2 3 1097 1098 0 
1 1 0 
1 1 0 
1 1 0 
1 1 0 
2 3 1102 1103 0 
2 3 1101 1104 0 
1 1 0 
2 3 1105 1106 0 
2 3 1100 1107 0 
2 3 1099 1108 0 
2 3 1096 1109 0 
2 3 1091 1110 0 
2 3 1090 1111 0 
2 3 1087 1112 0 
2 3 1080 1113 0 
1 1 0 
2 3 1114 1115 0 
2 3 1079 1116 0 
3 2 0 1117 
3 2 0 1079 
3 2 0 1116 
3 2 0 1114 
3 2 0 1080 
3 2 0 1113 
3 2 0 1087 
3 2 0 1081 
3 2 0 1086 
3 2 0 1082 
3 2 0 1085 
3 2 0 1083 
3 2 0 1084 
3 2 0 1112 
3 2 0 1090 
3 2 0 1088 
3 2 0 1089 
3 2 0 1111 
3 2 0 1091 
3 2 0 1110 
3 2 0 1096 
3 2 0 1092 
3 2 0 1095 
3 2 0 1093 
3 2 0 1094 
3 2 0 1109 
3 2 0 1099 
3 2 0 1097 
3 2 0 1098 
3 2 0 1108 
3 2 0 1100 
3 2 0 1107 
3 2 0 1105 
3 2 0 1101 
3 2 0 1104 
3 2 0 1102 
3 2 0 1103 
3 2 0 1106 
3 2 0 1115 
1 1 0 
1 1 0 
1 1 0 
2 3 1158 1159 0 
1 1 0 
1 1 0 
1 1 0 
1 1 0 
2 3 1163 1164 0 
2 3 1162 1165 0 
2 3 1161 1166 0 
2 3 1160 1167 0 
2 3 1157 1168 0 
1 1 0 
2 3 1169 1170 0 
1 1 0 
1 1 0 
2 3 1172 1173 0 
1 1 0 
2 3 1174 1175 0 
1 1 0 
2 3 1176 1177 0 
1 1 0 
1 1 0 
1 1 0 
1 1 0 
1 1 0 
1 1 0 
2 3 1183 1184 0 
1 1 0 
1 1 0 
1 1 0 
1 1 0 
2 3 1188 1189 0 
2 3 1187 1190 0 
2 3 1186 1191 0 
2 3 1185 1192 0 
2 3 1182 1193 0 
1 1 0 
1 1 0 
1 1 0 
2 3 1196 1197 0 
2 3 1195 1198 0 
2 3 1194 1199 0 
2 3 1181 1200 0 
2 3 1180 1201 0 
2 3 1179 1202 0 
2 3 1178 1203 0 
2 3 1171 1204 0 
1 1 0 
2 3 1205 1206 0 
3 2 0 1207 
3 2 0 1205 
3 2 0 1171 
3 2 0 1169 
3 2 0 1157 
3 2 0 1168 
3 2 0 1160 
3 2 0 1158 
3 2 0 1159 
3 2 0 1167 
3 2 0 1161 
3 2 0 1166 
3 2 0 1162 
3 2 0 1165 
3 2 0 1163 
3 2 0 1164 
3 2 0 1170 
3 2 0 1204 
3 2 0 1178 
3 2 0 1176 
3 2 0 1174 
3 2 0 1172 
3 2 0 1173 
3 2 0 1175 
3 2 0 1177 
3 2 0 1203 
3 2 0 1179 
3 2 0 1202 
3 2 0 1180 
3 2 0 1201 
3 2 0 1181 
3 2 0 1200 
3 2 0 1194 
3 2 0 1182 
3 2 0 1193 
3 2 0 1185 
3 2 0 1183 
3 2 0 1184 
3 2 0 1192 
3 2 0 1186 
3 2 0 1191 
3 2 0 1187 
3 2 0 1190 
3 2 0 1188 
3 2 0 1189 
3 2 0 1199 
3 2 0 1195 
3 2 0 1198 
3 2 0 1196 
3 2 0 1197 
3 2 0 1206 
1 1 0 
1 1 0 
1 1 0 
1 1 0 
1 1 0 
1 1 0 
1 1 0 
2 3 1264 1265 0 
2 3 1263 1266 0 
2 3 1262 1267 0 
1 1 0 
2 3 1268 1269 0 
1 1 0 
1 1 0 
2 3 1271 1272 0 
2 3 1270 1273 0 
2 3 1261 1274 0 
2 3 1260 1275 0 
1 1 0 
1 1 0 
1 1 0 
1 1 0 
2 3 1279 1280 0 
2 3 1278 1281 0 
1 1 0 
2 3 1282 1283 0 
2 3 1277 1284 0 
2 3 1276 1285 0 
2 3 1259 1286 0 
1 1 0 
2 3 1287 1288 0 
1 1 0 
2 3 1289 1290 0 
1 1 0 
1 1 0 
2 3 1292 1293 0 
1 1 0 
1 1 0 
1 1 0 
1 1 0 
2 3 1297 1298 0 
2 3 1296 1299 0 
2 3 1295 1300 0 
2 3 1294 1301 0 
1 1 0 
1 1 0 
2 3 1303 1304 0 
1 1 0 
1 1 0 
1 1 0 
1 1 0 
2 3 1308 1309 0 
1 1 0 
1 1 0 
2 3 1311 1312 0 
2 3 1310 1313 0 
2 3 1307 1314 0 
2 3 1306 1315 0 
2 3 1305 1316 0 
2 3 1302 1317 0 
2 3 1291 1318 0 
1 1 0 
2 3 1319 1320 0 
3 2 0 1321 
3 2 0 1319 
3 2 0 1291 
3 2 0 1289 
3 2 0 1287 
3 2 0 1259 
3 2 0 1286 
3 2 0 1276 
3 2 0 1260 
3 2 0 1275 
3 2 0 1261 
3 2 0 1274 
3 2 0 1270 
3 2 0 1268 
3 2 0 1262 
3 2 0 1267 
3 2 0 1263 
3 2 0 1266 
3 2 0 1264 
3 2 0 1265 
3 2 0 1269 
3 2 0 1273 
3 2 0 1271 
3 2 0 1272 
3 2 0 1285 
3 2 0 1277 
3 2 0 1284 
3 2 0 1282 
3 2 0 1278 
3 2 0 1281 
3 2 0 1279 
3 2 0 1280 
3 2 0 1283 
3 2 0 1288 
3 2 0 1290 
3 2 0 1318 
3 2 0 1302 
3 2 0 1294 
3 2 0 1292 
3 2 0 1293 
3 2 0 1301 
3 2 0 1295 
3 2 0 1300 
3 2 0 1296 
3 2 0 1299 
3 2 0 1297 
3 2 0 1298 
3 2 0 1317 
3 2 0 1305 
3 2 0 1303 
3 2 0 1304 
3 2 0 1316 
3 2 0 1306 
3 2 0 1315 
3 2 0 1307 
3 2 0 1314 
3 2 0 1310 
3 2 0 1308 
3 2 0 1309 
3 2 0 1313 
3 2 0 1311 
3 2 0 1312 
3 2 0 1320 
1 1 0 
1 1 0 
1 1 0 
1 1 0 
1 1 0 
1 1 0 
2 3 1389 1390 0 
2 3 1388 1391 0 
2 3 1387 1392 0 
2 3 1386 1393 0 
2 3 1385 1394 0 
1 1 0 
1 1 0 
1 1 0 
1 1 0 
2 3 1398 1399 0 
1 1 0 
1 1 0 
1 1 0 
2 3 1402 1403 0 
2 3 1401 1404 0 
1 1 0 
1 1 0 
1 1 0 
1 1 0 
1 1 0 
1 1 0 
1 1 0 
2 3 1411 1412 0 
2 3 1410 1413 0 
2 3 1409 1414 0 
1 1 0 
1 1 0 
1 1 0 
2 3 1417 1418 0 
1 1 0 
1 1 0 
1 1 0 
1 1 0 
2 3 1422 1423 0 
2 3 1421 1424 0 
1 1 0 
2 3 1425 1426 0 
2 3 1420 1427 0 
2 3 1419 1428 0 
2 3 1416 1429 0 
2 3 1415 1430 0 
2 3 1408 1431 0 
2 3 1407 1432 0 
2 3 1406 1433 0 
2 3 1405 1434 0 
2 3 1400 1435 0 
1 1 0 
2 3 1436 1437 0 
2 3 1397 1438 0 
2 3 1396 1439 0 
2 3 1395 1440 0 
3 2 0 1441 
3 2 0 1395 
3 2 0 1385 
3 2 0 1394 
3 2 0 1386 
3 2 0 1393 
3 2 0 1387 
3 2 0 1392 
3 2 0 1388 
3 2 0 1391 
3 2 0 1389 
3 2 0 1390 
3 2 0 1440 
3 2 0 1396 
3 2 0 1439 
3 2 0 1397 
3 2 0 1438 
3 2 0 1436 
3 2 0 1400 
3 2 0 1398 
3 2 0 1399 
3 2 0 1435 
3 2 0 1405 
3 2 0 1401 
3 2 0 1404 
3 2 0 1402 
3 2 0 1403 
3 2 0 1434 
3 2 0 1406 
3 2 0 1433 
3 2 0 1407 
3 2 0 1432 
3 2 0 1408 
3 2 0 1431 
3 2 0 1415 
3 2 0 1409 
3 2 0 1414 
3 2 0 1410 
3 2 0 1413 
3 2 0 1411 
3 2 0 1412 
3 2 0 1430 
3 2 0 1416 
3 2 0 1429 
3 2 0 1419 
3 2 0 1417 
3 2 0 1418 
3 2 0 1428 
3 2 0 1420 
3 2 0 1427 
3 2 0 1425 
3 2 0 1421 
3 2 0 1424 
3 2 0 1422 
3 2 0 1423 
3 2 0 1426 
3 2 0 1437 
1 1 0 
1 1 0 
2 3 1499 1500 0 
1 1 0 
1 1 0 
1 1 0 
1 1 0 
1 1 0 
1 1 0 
1 1 0 
1 1 0 
1 1 0 
1 1 0 
2 3 1510 1511 0 
2 3 1509 1512 0 
1 1 0 
2 3 1513 1514 0 
1 1 0 
2 3 1515 1516 0 
2 3 1508 1517 0 
2 3 1507 1518 0 
1 1 0 
2 3 1519 1520 0 
2 3 1506 1521 0 
2 3 1505 1522 0 
1 1 0 
1 1 0 
1 1 0 
1 1 0 
1 1 0 
1 1 0 
2 3 1528 1529 0 
2 3 1527 1530 0 
2 3 1526 1531 0 
2 3 1525 1532 0 
2 3 1524 1533 0 
2 3 1523 1534 0 
2 3 1504 1535 0 
2 3 1503 1536 0 
2 3 1502 1537 0 
1 1 0 
2 3 1538 1539 0 
2 3 1501 1540 0 
3 2 0 1541 
3 2 0 1501 
3 2 0 1499 
3 2 0 1500 
3 2 0 1540 
3 2 0 1538 
3 2 0 1502 
3 2 0 1537 
3 2 0 1503 
3 2 0 1536 
3 2 0 1504 
3 2 0 1535 
3 2 0 1523 
3 2 0 1505 
3 2 0 1522 
3 2 0 1506 
3 2 0 1521 
3 2 0 1519 
3 2 0 1507 
3 2 0 1518 
3 2 0 1508 
3 2 0 1517 
3 2 0 1515 
3 2 0 1513 
3 2 0 1509 
3 2 0 1512 
3 2 0 1510 
3 2 0 1511 
3 2 0 1514 
3 2 0 1516 
3 2 0 1520 
3 2 0 1534 
3 2 0 1524 
3 2 0 1533 
3 2 0 1525 
3 2 0 1532 
3 2 0 1526 
3 2 0 1531 
3 2 0 1527 
3 2 0 1530 
3 2 0 1528 
3 2 0 1529 
3 2 0 1539 
1 1 0 
1 1 0 
2 3 1585 1586 0 
1 1 0 
1 1 0 
1 1 0 
1 1 0 
1 1 0 
1 1 0 
1 1 0 
1 1 0 
1 1 0 
2 3 1595 1596 0 
2 3 1594 1597 0 
2 3 1593 1598 0 
2 3 1592 1599 0 
1 1 0 
1 1 0 
1 1 0 
1 1 0 
2 3 1603 1604 0 
1 1 0 
2 3 1605 1606 0 
2 3 1602 1607 0 
2 3 1601 1608 0 
2 3 1600 1609 0 
2 3 1591 1610 0 
2 3 1590 1611 0 
2 3 1589 1612 0 
2 3 1588 1613 0 
2 3 1587 1614 0 
1 1 0 
1 1 0 
1 1 0 
2 3 1617 1618 0 
1 1 0 
1 1 0 
2 3 1620 1621 0 
2 3 1619 1622 0 
2 3 1616 1623 0 
1 1 0 
2 3 1624 1625 0 
2 3 1615 1626 0 
3 2 0 1627 
3 2 0 1615 
3 2 0 1587 
3 2 0 1585 
3 2 0 1586 
3 2 0 1614 
3 2 0 1588 
3 2 0 1613 
3 2 0 1589 
3 2 0 1612 
3 2 0 1590 
3 2 0 1611 
3 2 0 1591 
3 2 0 1610 
3 2 0 1600 
3 2 0 1592 
3 2 0 1599 
3 2 0 1593 
3 2 0 1598 
3 2 0 1594 
3 2 0 1597 
3 2 0 1595 
3 2 0 1596 
3 2 0 1609 
3 2 0 1601 
3 2 0 1608 
3 2 0 1602 
3 2 0 1607 
3 2 0 1605 
3 2 0 1603 
3 2 0 1604 
3 2 0 1606 
3 2 0 1626 
3 2 0 1624 
3 2 0 1616 
3 2 0 1623 
3 2 0 1619 
3 2 0 1617 
3 2 0 1618 
3 2 0 1622 
3 2 0 1620 
3 2 0 1621 
3 2 0 1625 
1 1 0 
1 1 0 
1 1 0 
2 3 1672 1673 0 
1 1 0 
1 1 0 
1 1 0 
1 1 0 
2 3 1677 1678 0 
2 3 1676 1679 0 
2 3 1675 1680 0 
2 3 1674 1681 0 
1 1 0 
2 3 1682 1683 0 
2 3 1671 1684 0 
3 2 0 1685 
3 2 0 1671 
3 2 0 1684 
3 2 0 1682 
3 2 0 1674 
3 2 0 1672 
3 2 0 1673 
3 2 0 1681 
3 2 0 1675 
3 2 0 1680 
3 2 0 1676 
3 2 0 1679 
3 2 0 1677 
3 2 0 1678 
3 2 0 1683 
1 1 0 
1 1 0 
1 1 0 
2 3 1702 1703 0 
1 1 0 
1 1 0 
2 3 1705 1706 0 
1 1 0 
1 1 0 
1 1 0 
1 1 0 
1 1 0 
1 1 0 
2 3 1712 1713 0 
1 1 0 
1 1 0 
2 3 1715 1716 0 
2 3 1714 1717 0 
2 3 1711 1718 0 
2 3 1710 1719 0 
2 3 1709 1720 0 
2 3 1708 1721 0 
2 3 1707 1722 0 
2 3 1704 1723 0 
1 1 0 
2 3 1724 1725 0 
2 3 1701 1726 0 
3 2 0 1727 
3 2 0 1701 
3 2 0 1726 
3 2 0 1724 
3 2 0 1704 
3 2 0 1702 
3 2 0 1703 
3 2 0 1723 
3 2 0 1707 
3 2 0 1705 
3 2 0 1706 
3 2 0 1722 
3 2 0 1708 
3 2 0 1721 
3 2 0 1709 
3 2 0 1720 
3 2 0 1710 
3 2 0 1719 
3 2 0 1711 
3 2 0 1718 
3 2 0 1714 
3 2 0 1712 
3 2 0 1713 
3 2 0 1717 
3 2 0 1715 
3 2 0 1716 
3 2 0 1725 
1 1 0 
1 1 0 
1 1 0 
1 1 0 
1 1 0 
1 1 0 
2 3 1759 1760 0 
2 3 1758 1761 0 
2 3 1757 1762 0 
1 1 0 
2 3 1763 1764 0 
2 3 1756 1765 0 
2 3 1755 1766 0 
3 2 0 1767 
3 2 0 1755 
3 2 0 1766 
3 2 0 1756 
3 2 0 1765 
3 2 0 1763 
3 2 0 1757 
3 2 0 1762 
3 2 0 1758 
3 2 0 1761 
3 2 0 1759 
3 2 0 1760 
3 2 0 1764 
1 1 0 
1 1 0 
1 1 0 
1 1 0 
1 1 0 
2 3 1784 1785 0 
2 3 1783 1786 0 
2 3 1782 1787 0 
2 3 1781 1788 0 
1 1 0 
1 1 0 
1 1 0 
2 3 1791 1792 0 
1 1 0 
2 3 1793 1794 0 
1 1 0 
1 1 0 
2 3 1796 1797 0 
1 1 0 
1 1 0 
2 3 1799 1800 0 
1 1 0 
1 1 0 
1 1 0 
2 3 1803 1804 0 
2 3 1802 1805 0 
2 3 1801 1806 0 
2 3 1798 1807 0 
1 1 0 
2 3 1808 1809 0 
1 1 0 
1 1 0 
1 1 0 
1 1 0 
2 3 1813 1814 0 
2 3 1812 1815 0 
1 1 0 
1 1 0 
2 3 1817 1818 0 
2 3 1816 1819 0 
1 1 0 
1 1 0 
1 1 0 
1 1 0 
1 1 0 
1 1 0 
1 1 0 
1 1 0 
1 1 0 
1 1 0 
1 1 0 
1 1 0 
2 3 1831 1832 0 
2 3 1830 1833 0 
2 3 1829 1834 0 
2 3 1828 1835 0 
2 3 1827 1836 0 
2 3 1826 1837 0 
2 3 1825 1838 0 
2 3 1824 1839 0 
2 3 1823 1840 0 
2 3 1822 1841 0 
2 3 1821 1842 0 
1 1 0 
1 1 0 
2 3 1844 1845 0 
2 3 1843 1846 0 
2 3 1820 1847 0 
2 3 1811 1848 0 
2 3 1810 1849 0 
1 1 0 
2 3 1850 1851 0 
2 3 1795 1852 0 
2 3 1790 1853 0 
2 3 1789 1854 0 
3 2 0 1855 
3 2 0 1789 
3 2 0 1781 
3 2 0 1788 
3 2 0 1782 
3 2 0 1787 
3 2 0 1783 
3 2 0 1786 
3 2 0 1784 
3 2 0 1785 
3 2 0 1854 
3 2 0 1790 
3 2 0 1853 
3 2 0 1795 
3 2 0 1793 
3 2 0 1791 
3 2 0 1792 
3 2 0 1794 
3 2 0 1852 
3 2 0 1850 
3 2 0 1810 
3 2 0 1808 
3 2 0 1798 
3 2 0 1796 
3 2 0 1797 
3 2 0 1807 
3 2 0 1801 
3 2 0 1799 
3 2 0 1800 
3 2 0 1806 
3 2 0 1802 
3 2 0 1805 
3 2 0 1803 
3 2 0 1804 
3 2 0 1809 
3 2 0 1849 
3 2 0 1811 
3 2 0 1848 
3 2 0 1820 
3 2 0 1816 
3 2 0 1812 
3 2 0 1815 
3 2 0 1813 
3 2 0 1814 
3 2 0 1819 
3 2 0 1817 
3 2 0 1818 
3 2 0 1847 
3 2 0 1843 
3 2 0 1821 
3 2 0 1842 
3 2 0 1822 
3 2 0 1841 
3 2 0 1823 
3 2 0 1840 
3 2 0 1824 
3 2 0 1839 
3 2 0 1825 
3 2 0 1838 
3 2 0 1826 
3 2 0 1837 
3 2 0 1827 
3 2 0 1836 
3 2 0 1828 
3 2 0 1835 
3 2 0 1829 
3 2 0 1834 
3 2 0 1830 
3 2 0 1833 
3 2 0 1831 
3 2 0 1832 
3 2 0 1846 
3 2 0 1844 
3 2 0 1845 
3 2 0 1851 
1 1 0 
1 1 0 
2 3 1931 1932 0 
1 1 0 
1 1 0 
1 1 0 
1 1 0 
2 3 1936 1937 0 
2 3 1935 1938 0 
2 3 1934 1939 0 
2 3 1933 1940 0 
1 1 0 
1 1 0 
1 1 0 
1 1 0 
1 1 0 
1 1 0 
1 1 0 
1 1 0 
1 1 0 
2 3 1949 1950 0 
2 3 1948 1951 0 
2 3 1947 1952 0 
2 3 1946 1953 0 
2 3 1945 1954 0 
2 3 1944 1955 0 
2 3 1943 1956 0 
2 3 1942 1957 0 
1 1 0 
2 3 1958 1959 0 
2 3 1941 1960 0 
3 2 0 1961 
3 2 0 1941 
3 2 0 1933 
3 2 0 1931 
3 2 0 1932 
3 2 0 1940 
3 2 0 1934 
3 2 0 1939 
3 2 0 1935 
3 2 0 1938 
3 2 0 1936 
3 2 0 1937 
3 2 0 1960 
3 2 0 1958 
3 2 0 1942 
3 2 0 1957 
3 2 0 1943 
3 2 0 1956 
3 2 0 1944 
3 2 0 1955 
3 2 0 1945 
3 2 0 1954 
3 2 0 1946 
3 2 0 1953 
3 2 0 1947 
3 2 0 1952 
3 2 0 1948 
3 2 0 1951 
3 2 0 1949 
3 2 0 1950 
3 2 0 1959 
1 1 0 
1 1 0 
2 3 1993 1994 0 
1 1 0 
1 1 0 
2 3 1996 1997 0 
2 3 1995 1998 0 
1 1 0 
1 1 0 
2 3 2000 2001 0 
1 1 0 
2 3 2002 2003 0 
1 1 0 
2 3 2004 2005 0 
2 3 1999 2006 0 
1 1 0 
2 3 2007 2008 0 
1 1 0 
1 1 0 
1 1 0 
1 1 0 
1 1 0 
2 3 2013 2014 0 
2 3 2012 2015 0 
2 3 2011 2016 0 
2 3 2010 2017 0 
2 3 2009 2018 0 
1 1 0 
2 3 2019 2020 0 
3 2 0 2021 
3 2 0 2019 
3 2 0 2009 
3 2 0 2007 
3 2 0 1999 
3 2 0 1995 
3 2 0 1993 
3 2 0 1994 
3 2 0 1998 
3 2 0 1996 
3 2 0 1997 
3 2 0 2006 
3 2 0 2004 
3 2 0 2002 
3 2 0 2000 
3 2 0 2001 
3 2 0 2003 
3 2 0 2005 
3 2 0 2008 
3 2 0 2018 
3 2 0 2010 
3 2 0 2017 
3 2 0 2011 
3 2 0 2016 
3 2 0 2012 
3 2 0 2015 
3 2 0 2013 
3 2 0 2014 
3 2 0 2020 
1 1 0 
1 1 0 
1 1 0 
2 3 2052 2053 0 
2 3 2051 2054 0 
1 1 0 
2 3 2055 2056 0 
1 1 0 
1 1 0 
1 1 0 
1 1 0 
2 3 2060 2061 0 
2 3 2059 2062 0 
2 3 2058 2063 0 
2 3 2057 2064 0 
1 1 0 
2 3 2065 2066 0 
1 1 0 
1 1 0 
1 1 0 
2 3 2069 2070 0 
1 1 0 
1 1 0 
1 1 0 
2 3 2073 2074 0 
2 3 2072 2075 0 
2 3 2071 2076 0 
1 1 0 
2 3 2077 2078 0 
1 1 0 
1 1 0 
1 1 0 
2 3 2081 2082 0 
2 3 2080 2083 0 
2 3 2079 2084 0 
1 1 0 
1 1 0 
1 1 0 
1 1 0 
1 1 0 
2 3 2089 2090 0 
2 3 2088 2091 0 
2 3 2087 2092 0 
2 3 2086 2093 0 
2 3 2085 2094 0 
2 3 2068 2095 0 
1 1 0 
2 3 2096 2097 0 
2 3 2067 2098 0 
3 2 0 2099 
3 2 0 2067 
3 2 0 2065 
3 2 0 2057 
3 2 0 2055 
3 2 0 2051 
3 2 0 2054 
3 2 0 2052 
3 2 0 2053 
3 2 0 2056 
3 2 0 2064 
3 2 0 2058 
3 2 0 2063 
3 2 0 2059 
3 2 0 2062 
3 2 0 2060 
3 2 0 2061 
3 2 0 2066 
3 2 0 2098 
3 2 0 2096 
3 2 0 2068 
3 2 0 2095 
3 2 0 2085 
3 2 0 2079 
3 2 0 2077 
3 2 0 2071 
3 2 0 2069 
3 2 0 2070 
3 2 0 2076 
3 2 0 2072 
3 2 0 2075 
3 2 0 2073 
3 2 0 2074 
3 2 0 2078 
3 2 0 2084 
3 2 0 2080 
3 2 0 2083 
3 2 0 2081 
3 2 0 2082 
3 2 0 2094 
3 2 0 2086 
3 2 0 2093 
3 2 0 2087 
3 2 0 2092 
3 2 0 2088 
3 2 0 2091 
3 2 0 2089 
3 2 0 2090 
3 2 0 2097 
1 1 0 
1 1 0 
1 1 0 
2 3 2150 2151 0 
1 1 0 
1 1 0 
1 1 0 
2 3 2154 2155 0 
1 1 0 
1 1 0 
2 3 2157 2158 0 
1 1 0 
1 1 0 
2 3 2160 2161 0 
2 3 2159 2162 0 
2 3 2156 2163 0 
2 3 2153 2164 0 
2 3 2152 2165 0 
1 1 0 
2 3 2166 2167 0 
2 3 2149 2168 0 
3 2 0 2169 
3 2 0 2149 
3 2 0 2168 
3 2 0 2166 
3 2 0 2152 
3 2 0 2150 
3 2 0 2151 
3 2 0 2165 
3 2 0 2153 
3 2 0 2164 
3 2 0 2156 
3 2 0 2154 
3 2 0 2155 
3 2 0 2163 
3 2 0 2159 
3 2 0 2157 
3 2 0 2158 
3 2 0 2162 
3 2 0 2160 
3 2 0 2161 
3 2 0 2167 
1 1 0 
1 1 0 
1 1 0 
2 3 2192 2193 0 
1 1 0 
2 3 2194 2195 0 
2 3 2191 2196 0 
1 1 0 
1 1 0 
2 3 2198 2199 0 
2 3 2197 2200 0 
1 1 0 
1 1 0 
1 1 0 
2 3 2203 2204 0 
2 3 2202 2205 0 
1 1 0 
1 1 0 
1 1 0 
2 3 2208 2209 0 
2 3 2207 2210 0 
2 3 2206 2211 0 
1 1 0 
1 1 0 
1 1 0 
1 1 0 
1 1 0 
1 1 0 
2 3 2217 2218 0 
1 1 0 
1 1 0 
1 1 0 
2 3 2221 2222 0 
1 1 0 
2 3 2223 2224 0 
1 1 0 
1 1 0 
1 1 0 
1 1 0 
2 3 2228 2229 0 
2 3 2227 2230 0 
2 3 2226 2231 0 
2 3 2225 2232 0 
2 3 2220 2233 0 
2 3 2219 2234 0 
2 3 2216 2235 0 
2 3 2215 2236 0 
2 3 2214 2237 0 
2 3 2213 2238 0 
2 3 2212 2239 0 
1 1 0 
2 3 2240 2241 0 
2 3 2201 2242 0 
3 2 0 2243 
3 2 0 2201 
3 2 0 2197 
3 2 0 2191 
3 2 0 2196 
3 2 0 2194 
3 2 0 2192 
3 2 0 2193 
3 2 0 2195 
3 2 0 2200 
3 2 0 2198 
3 2 0 2199 
3 2 0 2242 
3 2 0 2240 
3 2 0 2212 
3 2 0 2206 
3 2 0 2202 
3 2 0 2205 
3 2 0 2203 
3 2 0 2204 
3 2 0 2211 
3 2 0 2207 
3 2 0 2210 
3 2 0 2208 
3 2 0 2209 
3 2 0 2239 
3 2 0 2213 
3 2 0 2238 
3 2 0 2214 
3 2 0 2237 
3 2 0 2215 
3 2 0 2236 
3 2 0 2216 
3 2 0 2235 
3 2 0 2219 
3 2 0 2217 
3 2 0 2218 
3 2 0 2234 
3 2 0 2220 
3 2 0 2233 
3 2 0 2225 
3 2 0 2223 
3 2 0 2221 
3 2 0 2222 
3 2 0 2224 
3 2 0 2232 
3 2 0 2226 
3 2 0 2231 
3 2 0 2227 
3 2 0 2230 
3 2 0 2228 
3 2 0 2229 
3 2 0 2241 
1 1 0 
1 1 0 
1 1 0 
1 1 0 
1 1 0 
2 3 2300 2301 0 
2 3 2299 2302 0 
2 3 2298 2303 0 
2 3 2297 2304 0 
3 2 0 2305 
3 2 0 2297 
3 2 0 2304 
3 2 0 2298 
3 2 0 2303 
3 2 0 2299 
3 2 0 2302 
3 2 0 2300 
3 2 0 2301 
1 1 0 
1 1 0 
1 1 0 
1 1 0 
1 1 0 
2 3 2318 2319 0 
2 3 2317 2320 0 
1 1 0 
1 1 0 
1 1 0 
2 3 2323 2324 0 
1 1 0 
1 1 0 
2 3 2326 2327 0 
1 1 0 
1 1 0 
1 1 0 
2 3 2330 2331 0 
1 1 0 
1 1 0 
2 3 2333 2334 0 
2 3 2332 2335 0 
2 3 2329 2336 0 
2 3 2328 2337 0 
2 3 2325 2338 0 
2 3 2322 2339 0 
2 3 2321 2340 0 
2 3 2316 2341 0 
2 3 2315 2342 0 
1 1 0 
2 3 2343 2344 0 
3 2 0 2345 
3 2 0 2343 
3 2 0 2315 
3 2 0 2342 
3 2 0 2316 
3 2 0 2341 
3 2 0 2321 
3 2 0 2317 
3 2 0 2320 
3 2 0 2318 
3 2 0 2319 
3 2 0 2340 
3 2 0 2322 
3 2 0 2339 
3 2 0 2325 
3 2 0 2323 
3 2 0 2324 
3 2 0 2338 
3 2 0 2328 
3 2 0 2326 
3 2 0 2327 
3 2 0 2337 
3 2 0 2329 
3 2 0 2336 
3 2 0 2332 
3 2 0 2330 
3 2 0 2331 
3 2 0 2335 
3 2 0 2333 
3 2 0 2334 
3 2 0 2344 
1 1 0 
1 1 0 
2 3 2377 2378 0 
1 1 0 
1 1 0 
1 1 0 
2 3 2381 2382 0 
1 1 0 
1 1 0 
2 3 2384 2385 0 
1 1 0 
1 1 0 
1 1 0 
1 1 0 
2 3 2389 2390 0 
2 3 2388 2391 0 
2 3 2387 2392 0 
2 3 2386 2393 0 
1 1 0 
1 1 0 
1 1 0 
1 1 0 
1 1 0 
1 1 0 
1 1 0 
1 1 0 
2 3 2401 2402 0 
2 3 2400 2403 0 
1 1 0 
1 1 0 
1 1 0 
2 3 2406 2407 0 
2 3 2405 2408 0 
2 3 2404 2409 0 
2 3 2399 2410 0 
2 3 2398 2411 0 
2 3 2397 2412 0 
2 3 2396 2413 0 
2 3 2395 2414 0 
2 3 2394 2415 0 
2 3 2383 2416 0 
2 3 2380 2417 0 
2 3 2379 2418 0 
1 1 0 
2 3 2419 2420 0 
3 2 0 2421 
3 2 0 2419 
3 2 0 2379 
3 2 0 2377 
3 2 0 2378 
3 2 0 2418 
3 2 0 2380 
3 2 0 2417 
3 2 0 2383 
3 2 0 2381 
3 2 0 2382 
3 2 0 2416 
3 2 0 2394 
3 2 0 2386 
3 2 0 2384 
3 2 0 2385 
3 2 0 2393 
3 2 0 2387 
3 2 0 2392 
3 2 0 2388 
3 2 0 2391 
3 2 0 2389 
3 2 0 2390 
3 2 0 2415 
3 2 0 2395 
3 2 0 2414 
3 2 0 2396 
3 2 0 2413 
3 2 0 2397 
3 2 0 2412 
3 2 0 2398 
3 2 0 2411 
3 2 0 2399 
3 2 0 2410 
3 2 0 2404 
3 2 0 2400 
3 2 0 2403 
3 2 0 2401 
3 2 0 2402 
3 2 0 2409 
3 2 0 2405 
3 2 0 2408 
3 2 0 2406 
3 2 0 2407 
3 2 0 2420 
1 1 0 
1 1 0 
1 1 0 
2 3 2468 2469 0 
2 3 2467 2470 0 
1 1 0 
2 3 2471 2472 0 
1 1 0 
1 1 0 
1 1 0 
2 3 2475 2476 0 
2 3 2474 2477 0 
1 1 0 
2 3 2478 2479 0 
1 1 0 
1 1 0 
1 1 0 
1 1 0 
1 1 0 
1 1 0 
1 1 0 
1 1 0 
2 3 2487 2488 0 
2 3 2486 2489 0 
1 1 0 
1 1 0 
1 1 0 
1 1 0 
2 3 2493 2494 0 
2 3 2492 2495 0 
2 3 2491 2496 0 
2 3 2490 2497 0 
2 3 2485 2498 0 
2 3 2484 2499 0 
2 3 2483 2500 0 
2 3 2482 2501 0 
2 3 2481 2502 0 
2 3 2480 2503 0 
2 3 2473 2504 0 
1 1 0 
2 3 2505 2506 0 
3 2 0 2507 
3 2 0 2505 
3 2 0 2473 
3 2 0 2471 
3 2 0 2467 
3 2 0 2470 
3 2 0 2468 
3 2 0 2469 
3 2 0 2472 
3 2 0 2504 
3 2 0 2480 
3 2 0 2478 
3 2 0 2474 
3 2 0 2477 
3 2 0 2475 
3 2 0 2476 
3 2 0 2479 
3 2 0 2503 
3 2 0 2481 
3 2 0 2502 
3 2 0 2482 
3 2 0 2501 
3 2 0 2483 
3 2 0 2500 
3 2 0 2484 
3 2 0 2499 
3 2 0 2485 
3 2 0 2498 
3 2 0 2490 
3 2 0 2486 
3 2 0 2489 
3 2 0 2487 
3 2 0 2488 
3 2 0 2497 
3 2 0 2491 
3 2 0 2496 
3 2 0 2492 
3 2 0 2495 
3 2 0 2493 
3 2 0 2494 
3 2 0 2506 
1 1 0 
1 1 0 
1 1 0 
2 3 2550 2551 0 
1 1 0 
1 1 0 
1 1 0 
1 1 0 
1 1 0 
1 1 0 
2 3 2557 2558 0 
2 3 2556 2559 0 
2 3 2555 2560 0 
1 1 0 
1 1 0 
1 1 0 
1 1 0 
2 3 2564 2565 0 
2 3 2563 2566 0 
1 1 0 
1 1 0 
1 1 0 
1 1 0 
2 3 2570 2571 0 
2 3 2569 2572 0 
2 3 2568 2573 0 
2 3 2567 2574 0 
2 3 2562 2575 0 
2 3 2561 2576 0 
2 3 2554 2577 0 
2 3 2553 2578 0 
2 3 2552 2579 0 
1 1 0 
2 3 2580 2581 0 
2 3 2549 2582 0 
3 2 0 2583 
3 2 0 2549 
3 2 0 2582 
3 2 0 2580 
3 2 0 2552 
3 2 0 2550 
3 2 0 2551 
3 2 0 2579 
3 2 0 2553 
3 2 0 2578 
3 2 0 2554 
3 2 0 2577 
3 2 0 2561 
3 2 0 2555 
3 2 0 2560 
3 2 0 2556 
3 2 0 2559 
3 2 0 2557 
3 2 0 2558 
3 2 0 2576 
3 2 0 2562 
3 2 0 2575 
3 2 0 2567 
3 2 0 2563 
3 2 0 2566 
3 2 0 2564 
3 2 0 2565 
3 2 0 2574 
3 2 0 2568 
3 2 0 2573 
3 2 0 2569 
3 2 0 2572 
3 2 0 2570 
3 2 0 2571 
3 2 0 2581 
1 1 0 
1 1 0 
1 1 0 
2 3 2620 2621 0 
2 3 2619 2622 0 
1 1 0 
1 1 0 
1 1 0 
1 1 0 
1 1 0 
1 1 0 
2 3 2628 2629 0 
2 3 2627 2630 0 
2 3 2626 2631 0 
1 1 0 
1 1 0 
1 1 0 
1 1 0 
2 3 2635 2636 0 
2 3 2634 2637 0 
2 3 2633 2638 0 
2 3 2632 2639 0 
2 3 2625 2640 0 
1 1 0 
2 3 2641 2642 0 
1 1 0 
2 3 2643 2644 0 
2 3 2624 2645 0 
2 3 2623 2646 0 
3 2 0 2647 
3 2 0 2623 
3 2 0 2619 
3 2 0 2622 
3 2 0 2620 
3 2 0 2621 
3 2 0 2646 
3 2 0 2624 
3 2 0 2645 
3 2 0 2643 
3 2 0 2641 
3 2 0 2625 
3 2 0 2640 
3 2 0 2632 
3 2 0 2626 
3 2 0 2631 
3 2 0 2627 
3 2 0 2630 
3 2 0 2628 
3 2 0 2629 
3 2 0 2639 
3 2 0 2633 
3 2 0 2638 
3 2 0 2634 
3 2 0 2637 
3 2 0 2635 
3 2 0 2636 
3 2 0 2642 
3 2 0 2644 
1 1 0 
1 1 0 
2 3 2677 2678 0 
1 1 0 
1 1 0 
1 1 0 
1 1 0 
1 1 0 
1 1 0 
2 3 2684 2685 0 
2 3 2683 2686 0 
2 3 2682 2687 0 
1 1 0 
1 1 0 
1 1 0 
2 3 2690 2691 0 
1 1 0 
2 3 2692 2693 0 
1 1 0 
2 3 2694 2695 0 
1 1 0 
2 3 2696 2697 0 
1 1 0 
1 1 0 
1 1 0 
1 1 0 
1 1 0 
2 3 2702 2703 0 
2 3 2701 2704 0 
2 3 2700 2705 0 
2 3 2699 2706 0 
2 3 2698 2707 0 
2 3 2689 2708 0 
2 3 2688 2709 0 
1 1 0 
1 1 0 
2 3 2711 2712 0 
1 1 0 
2 3 2713 2714 0 
1 1 0 
2 3 2715 2716 0 
1 1 0 
1 1 0 
2 3 2718 2719 0 
2 3 2717 2720 0 
2 3 2710 2721 0 
2 3 2681 2722 0 
2 3 2680 2723 0 
1 1 0 
2 3 2724 2725 0 
2 3 2679 2726 0 
3 2 0 2727 
3 2 0 2679 
3 2 0 2677 
3 2 0 2678 
3 2 0 2726 
3 2 0 2724 
3 2 0 2680 
3 2 0 2723 
3 2 0 2681 
3 2 0 2722 
3 2 0 2710 
3 2 0 2688 
3 2 0 2682 
3 2 0 2687 
3 2 0 2683 
3 2 0 2686 
3 2 0 2684 
3 2 0 2685 
3 2 0 2709 
3 2 0 2689 
3 2 0 2708 
3 2 0 2698 
3 2 0 2696 
3 2 0 2694 
3 2 0 2692 
3 2 0 2690 
3 2 0 2691 
3 2 0 2693 
3 2 0 2695 
3 2 0 2697 
3 2 0 2707 
3 2 0 2699 
3 2 0 2706 
3 2 0 2700 
3 2 0 2705 
3 2 0 2701 
3 2 0 2704 
3 2 0 2702 
3 2 0 2703 
3 2 0 2721 
3 2 0 2717 
3 2 0 2715 
3 2 0 2713 
3 2 0 2711 
3 2 0 2712 
3 2 0 2714 
3 2 0 2716 
3 2 0 2720 
3 2 0 2718 
3 2 0 2719 
3 2 0 2725 
1 1 0 
1 1 0 
1 1 0 
2 3 2780 2781 0 
1 1 0 
1 1 0 
1 1 0 
2 3 2784 2785 0 
2 3 2783 2786 0 
2 3 2782 2787 0 
2 3 2779 2788 0 
1 1 0 
1 1 0 
1 1 0 
1 1 0 
1 1 0 
2 3 2793 2794 0 
2 3 2792 2795 0 
1 1 0 
2 3 2796 2797 0 
1 1 0 
1 1 0 
2 3 2799 2800 0 
1 1 0 
1 1 0 
1 1 0 
1 1 0 
1 1 0 
2 3 2805 2806 0 
2 3 2804 2807 0 
2 3 2803 2808 0 
2 3 2802 2809 0 
2 3 2801 2810 0 
2 3 2798 2811 0 
1 1 0 
2 3 2812 2813 0 
2 3 2791 2814 0 
2 3 2790 2815 0 
2 3 2789 2816 0 
3 2 0 2817 
3 2 0 2789 
3 2 0 2779 
3 2 0 2788 
3 2 0 2782 
3 2 0 2780 
3 2 0 2781 
3 2 0 2787 
3 2 0 2783 
3 2 0 2786 
3 2 0 2784 
3 2 0 2785 
3 2 0 2816 
3 2 0 2790 
3 2 0 2815 
3 2 0 2791 
3 2 0 2814 
3 2 0 2812 
3 2 0 2798 
3 2 0 2796 
3 2 0 2792 
3 2 0 2795 
3 2 0 2793 
3 2 0 2794 
3 2 0 2797 
3 2 0 2811 
3 2 0 2801 
3 2 0 2799 
3 2 0 2800 
3 2 0 2810 
3 2 0 2802 
3 2 0 2809 
3 2 0 2803 
3 2 0 2808 
3 2 0 2804 
3 2 0 2807 
3 2 0 2805 
3 2 0 2806 
3 2 0 2813 
1 1 0 
1 1 0 
1 1 0 
1 1 0 
2 3 2859 2860 0 
2 3 2858 2861 0 
2 3 2857 2862 0 
1 1 0 
2 3 2863 2864 0 
1 1 0 
1 1 0 
2 3 2866 2867 0 
2 3 2865 2868 0 
1 1 0 
2 3 2869 2870 0 
1 1 0 
1 1 0 
1 1 0 
2 3 2873 2874 0 
2 3 2872 2875 0 
1 1 0 
1 1 0 
1 1 0 
2 3 2878 2879 0 
2 3 2877 2880 0 
2 3 2876 2881 0 
1 1 0 
1 1 0 
1 1 0 
2 3 2884 2885 0 
2 3 2883 2886 0 
2 3 2882 2887 0 
2 3 2871 2888 0 
1 1 0 
2 3 2889 2890 0 
3 2 0 2891 
3 2 0 2889 
3 2 0 2871 
3 2 0 2869 
3 2 0 2865 
3 2 0 2863 
3 2 0 2857 
3 2 0 2862 
3 2 0 2858 
3 2 0 2861 
3 2 0 2859 
3 2 0 2860 
3 2 0 2864 
3 2 0 2868 
3 2 0 2866 
3 2 0 2867 
3 2 0 2870 
3 2 0 2888 
3 2 0 2882 
3 2 0 2876 
3 2 0 2872 
3 2 0 2875 
3 2 0 2873 
3 2 0 2874 
3 2 0 2881 
3 2 0 2877 
3 2 0 2880 
3 2 0 2878 
3 2 0 2879 
3 2 0 2887 
3 2 0 2883 
3 2 0 2886 
3 2 0 2884 
3 2 0 2885 
3 2 0 2890 
1 1 0 
1 1 0 
1 1 0 
2 3 2928 2929 0 
2 3 2927 2930 0 
1 1 0 
1 1 0 
2 3 2932 2933 0 
1 1 0 
2 3 2934 2935 0 
1 1 0 
1 1 0 
2 3 2937 2938 0 
2 3 2936 2939 0 
1 1 0 
2 3 2940 2941 0 
1 1 0 
1 1 0 
1 1 0 
1 1 0 
1 1 0 
1 1 0 
2 3 2947 2948 0 
2 3 2946 2949 0 
2 3 2945 2950 0 
2 3 2944 2951 0 
2 3 2943 2952 0 
2 3 2942 2953 0 
1 1 0 
2 3 2954 2955 0 
1 1 0 
1 1 0 
2 3 2957 2958 0 
1 1 0 
1 1 0 
1 1 0 
1 1 0 
1 1 0 
1 1 0 
2 3 2964 2965 0 
2 3 2963 2966 0 
2 3 2962 2967 0 
2 3 2961 2968 0 
2 3 2960 2969 0 
2 3 2959 2970 0 
2 3 2956 2971 0 
2 3 2931 2972 0 
1 1 0 
2 3 2973 2974 0 
3 2 0 2975 
3 2 0 2973 
3 2 0 2931 
3 2 0 2927 
3 2 0 2930 
3 2 0 2928 
3 2 0 2929 
3 2 0 2972 
3 2 0 2956 
3 2 0 2954 
3 2 0 2942 
3 2 0 2940 
3 2 0 2936 
3 2 0 2934 
3 2 0 2932 
3 2 0 2933 
3 2 0 2935 
3 2 0 2939 
3 2 0 2937 
3 2 0 2938 
3 2 0 2941 
3 2 0 2953 
3 2 0 2943 
3 2 0 2952 
3 2 0 2944 
3 2 0 2951 
3 2 0 2945 
3 2 0 2950 
3 2 0 2946 
3 2 0 2949 
3 2 0 2947 
3 2 0 2948 
3 2 0 2955 
3 2 0 2971 
3 2 0 2959 
3 2 0 2957 
3 2 0 2958 
3 2 0 2970 
3 2 0 2960 
3 2 0 2969 
3 2 0 2961 
3 2 0 2968 
3 2 0 2962 
3 2 0 2967 
3 2 0 2963 
3 2 0 2966 
3 2 0 2964 
3 2 0 2965 
3 2 0 2974 
1 1 0 
1 1 0 
1 1 0 
2 3 3026 3027 0 
2 3 3025 3028 0 
1 1 0 
1 1 0 
1 1 0 
1 1 0 
2 3 3032 3033 0 
1 1 0 
1 1 0 
1 1 0 
2 3 3036 3037 0 
2 3 3035 3038 0 
2 3 3034 3039 0 
1 1 0 
2 3 3040 3041 0 
2 3 3031 3042 0 
2 3 3030 3043 0 
2 3 3029 3044 0 
3 2 0 3045 
3 2 0 3029 
3 2 0 3025 
3 2 0 3028 
3 2 0 3026 
3 2 0 3027 
3 2 0 3044 
3 2 0 3030 
3 2 0 3043 
3 2 0 3031 
3 2 0 3042 
3 2 0 3040 
3 2 0 3034 
3 2 0 3032 
3 2 0 3033 
3 2 0 3039 
3 2 0 3035 
3 2 0 3038 
3 2 0 3036 
3 2 0 3037 
3 2 0 3041 
1 1 0 
1 1 0 
2 3 3067 3068 0 
1 1 0 
1 1 0 
1 1 0 
2 3 3071 3072 0 
2 3 3070 3073 0 
2 3 3069 3074 0 
1 1 0 
1 1 0 
1 1 0 
1 1 0 
2 3 3078 3079 0 
2 3 3077 3080 0 
2 3 3076 3081 0 
2 3 3075 3082 0 
1 1 0 
2 3 3083 3084 0 
3 2 0 3085 
3 2 0 3083 
3 2 0 3075 
3 2 0 3069 
3 2 0 3067 
3 2 0 3068 
3 2 0 3074 
3 2 0 3070 
3 2 0 3073 
3 2 0 3071 
3 2 0 3072 
3 2 0 3082 
3 2 0 3076 
3 2 0 3081 
3 2 0 3077 
3 2 0 3080 
3 2 0 3078 
3 2 0 3079 
3 2 0 3084 
1 1 0 
1 1 0 
2 3 3105 3106 0 
1 1 0 
1 1 0 
2 3 3108 3109 0 
1 1 0 
1 1 0 
1 1 0 
2 3 3112 3113 0 
2 3 3111 3114 0 
2 3 3110 3115 0 
1 1 0 
1 1 0 
1 1 0 
1 1 0 
2 3 3119 3120 0 
2 3 3118 3121 0 
2 3 3117 3122 0 
2 3 3116 3123 0 
1 1 0 
2 3 3124 3125 0 
2 3 3107 3126 0 
3 2 0 3127 
3 2 0 3107 
3 2 0 3105 
3 2 0 3106 
3 2 0 3126 
3 2 0 3124 
3 2 0 3116 
3 2 0 3110 
3 2 0 3108 
3 2 0 3109 
3 2 0 3115 
3 2 0 3111 
3 2 0 3114 
3 2 0 3112 
3 2 0 3113 
3 2 0 3123 
3 2 0 3117 
3 2 0 3122 
3 2 0 3118 
3 2 0 3121 
3 2 0 3119 
3 2 0 3120 
3 2 0 3125 
1 1 0 
1 1 0 
1 1 0 
1 1 0 
1 1 0 
2 3 3154 3155 0 
2 3 3153 3156 0 
2 3 3152 3157 0 
2 3 3151 3158 0 
1 1 0 
1 1 0 
1 1 0 
1 1 0 
1 1 0 
1 1 0 
2 3 3164 3165 0 
2 3 3163 3166 0 
1 1 0 
2 3 3167 3168 0 
1 1 0 
2 3 3169 3170 0 
1 1 0 
2 3 3171 3172 0 
1 1 0 
1 1 0 
1 1 0 
1 1 0 
1 1 0 
1 1 0 
2 3 3178 3179 0 
2 3 3177 3180 0 
2 3 3176 3181 0 
2 3 3175 3182 0 
2 3 3174 3183 0 
2 3 3173 3184 0 
2 3 3162 3185 0 
2 3 3161 3186 0 
2 3 3160 3187 0 
1 1 0 
2 3 3188 3189 0 
2 3 3159 3190 0 
3 2 0 3191 
3 2 0 3159 
3 2 0 3151 
3 2 0 3158 
3 2 0 3152 
3 2 0 3157 
3 2 0 3153 
3 2 0 3156 
3 2 0 3154 
3 2 0 3155 
3 2 0 3190 
3 2 0 3188 
3 2 0 3160 
3 2 0 3187 
3 2 0 3161 
3 2 0 3186 
3 2 0 3162 
3 2 0 3185 
3 2 0 3173 
3 2 0 3171 
3 2 0 3169 
3 2 0 3167 
3 2 0 3163 
3 2 0 3166 
3 2 0 3164 
3 2 0 3165 
3 2 0 3168 
3 2 0 3170 
3 2 0 3172 
3 2 0 3184 
3 2 0 3174 
3 2 0 3183 
3 2 0 3175 
3 2 0 3182 
3 2 0 3176 
3 2 0 3181 
3 2 0 3177 
3 2 0 3180 
3 2 0 3178 
3 2 0 3179 
3 2 0 3189 
1 1 0 
1 1 0 
2 3 3233 3234 0 
1 1 0 
2 3 3235 3236 0 
1 1 0 
1 1 0 
2 3 3238 3239 0 
2 3 3237 3240 0 
1 1 0 
1 1 0 
1 1 0 
1 1 0 
1 1 0 
1 1 0 
2 3 3246 3247 0 
2 3 3245 3248 0 
1 1 0 
2 3 3249 3250 0 
1 1 0 
1 1 0 
2 3 3252 3253 0 
2 3 3251 3254 0 
2 3 3244 3255 0 
2 3 3243 3256 0 
2 3 3242 3257 0 
1 1 0 
2 3 3258 3259 0 
2 3 3241 3260 0 
3 2 0 3261 
3 2 0 3241 
3 2 0 3237 
3 2 0 3235 
3 2 0 3233 
3 2 0 3234 
3 2 0 3236 
3 2 0 3240 
3 2 0 3238 
3 2 0 3239 
3 2 0 3260 
3 2 0 3258 
3 2 0 3242 
3 2 0 3257 
3 2 0 3243 
3 2 0 3256 
3 2 0 3244 
3 2 0 3255 
3 2 0 3251 
3 2 0 3249 
3 2 0 3245 
3 2 0 3248 
3 2 0 3246 
3 2 0 3247 
3 2 0 3250 
3 2 0 3254 
3 2 0 3252 
3 2 0 3253 
3 2 0 3259 
1 1 0 
1 1 0 
1 1 0 
2 3 3292 3293 0 
1 1 0 
1 1 0 
2 3 3295 3296 0 
1 1 0 
1 1 0 
1 1 0 
1 1 0 
2 3 3300 3301 0 
2 3 3299 3302 0 
1 1 0 
1 1 0 
1 1 0 
2 3 3305 3306 0 
1 1 0 
1 1 0 
1 1 0 
1 1 0 
2 3 3310 3311 0 
2 3 3309 3312 0 
2 3 3308 3313 0 
1 1 0 
1 1 0 
1 1 0 
2 3 3316 3317 0 
2 3 3315 3318 0 
2 3 3314 3319 0 
2 3 3307 3320 0 
2 3 3304 3321 0 
2 3 3303 3322 0 
2 3 3298 3323 0 
2 3 3297 3324 0 
2 3 3294 3325 0 
1 1 0 
2 3 3326 3327 0 
2 3 3291 3328 0 
3 2 0 3329 
3 2 0 3291 
3 2 0 3328 
3 2 0 3326 
3 2 0 3294 
3 2 0 3292 
3 2 0 3293 
3 2 0 3325 
3 2 0 3297 
3 2 0 3295 
3 2 0 3296 
3 2 0 3324 
3 2 0 3298 
3 2 0 3323 
3 2 0 3303 
3 2 0 3299 
3 2 0 3302 
3 2 0 3300 
3 2 0 3301 
3 2 0 3322 
3 2 0 3304 
3 2 0 3321 
3 2 0 3307 
3 2 0 3305 
3 2 0 3306 
3 2 0 3320 
3 2 0 3314 
3 2 0 3308 
3 2 0 3313 
3 2 0 3309 
3 2 0 3312 
3 2 0 3310 
3 2 0 3311 
3 2 0 3319 
3 2 0 3315 
3 2 0 3318 
3 2 0 3316 
3 2 0 3317 
3 2 0 3327 
1 1 0 
1 1 0 
1 1 0 
1 1 0 
1 1 0 
1 1 0 
2 3 3373 3374 0 
2 3 3372 3375 0 
2 3 3371 3376 0 
2 3 3370 3377 0 
2 3 3369 3378 0 
1 1 0 
1 1 0 
1 1 0 
1 1 0 
1 1 0 
2 3 3383 3384 0 
1 1 0 
2 3 3385 3386 0 
2 3 3382 3387 0 
2 3 3381 3388 0 
2 3 3380 3389 0 
2 3 3379 3390 0 
1 1 0 
2 3 3391 3392 0 
1 1 0 
2 3 3393 3394 0 
1 1 0 
1 1 0 
2 3 3396 3397 0 
1 1 0 
1 1 0 
1 1 0 
1 1 0 
2 3 3401 3402 0 
1 1 0 
1 1 0 
2 3 3404 3405 0 
1 1 0 
2 3 3406 3407 0 
2 3 3403 3408 0 
2 3 3400 3409 0 
2 3 3399 3410 0 
2 3 3398 3411 0 
2 3 3395 3412 0 
1 1 0 
2 3 3413 3414 0 
3 2 0 3415 
3 2 0 3413 
3 2 0 3395 
3 2 0 3393 
3 2 0 3391 
3 2 0 3379 
3 2 0 3369 
3 2 0 3378 
3 2 0 3370 
3 2 0 3377 
3 2 0 3371 
3 2 0 3376 
3 2 0 3372 
3 2 0 3375 
3 2 0 3373 
3 2 0 3374 
3 2 0 3390 
3 2 0 3380 
3 2 0 3389 
3 2 0 3381 
3 2 0 3388 
3 2 0 3382 
3 2 0 3387 
3 2 0 3385 
3 2 0 3383 
3 2 0 3384 
3 2 0 3386 
3 2 0 3392 
3 2 0 3394 
3 2 0 3412 
3 2 0 3398 
3 2 0 3396 
3 2 0 3397 
3 2 0 3411 
3 2 0 3399 
3 2 0 3410 
3 2 0 3400 
3 2 0 3409 
3 2 0 3403 
3 2 0 3401 
3 2 0 3402 
3 2 0 3408 
3 2 0 3406 
3 2 0 3404 
3 2 0 3405 
3 2 0 3407 
3 2 0 3414 
1 1 0 
1 1 0 
1 1 0 
2 3 3464 3465 0 
1 1 0 
1 1 0 
1 1 0 
1 1 0 
2 3 3469 3470 0 
1 1 0 
2 3 3471 3472 0 
2 3 3468 3473 0 
1 1 0 
1 1 0 
1 1 0 
1 1 0 
1 1 0 
1 1 0 
1 1 0 
1 1 0 
2 3 3481 3482 0 
2 3 3480 3483 0 
2 3 3479 3484 0 
2 3 3478 3485 0 
2 3 3477 3486 0 
2 3 3476 3487 0 
1 1 0 
2 3 3488 3489 0 
1 1 0 
1 1 0 
2 3 3491 3492 0 
1 1 0 
1 1 0 
1 1 0 
1 1 0 
1 1 0 
2 3 3497 3498 0 
2 3 3496 3499 0 
2 3 3495 3500 0 
2 3 3494 3501 0 
2 3 3493 3502 0 
2 3 3490 3503 0 
2 3 3475 3504 0 
2 3 3474 3505 0 
2 3 3467 3506 0 
2 3 3466 3507 0 
1 1 0 
1 1 0 
2 3 3509 3510 0 
2 3 3508 3511 0 
2 3 3463 3512 0 
3 2 0 3513 
3 2 0 3463 
3 2 0 3512 
3 2 0 3508 
3 2 0 3466 
3 2 0 3464 
3 2 0 3465 
3 2 0 3507 
3 2 0 3467 
3 2 0 3506 
3 2 0 3474 
3 2 0 3468 
3 2 0 3473 
3 2 0 3471 
3 2 0 3469 
3 2 0 3470 
3 2 0 3472 
3 2 0 3505 
3 2 0 3475 
3 2 0 3504 
3 2 0 3490 
3 2 0 3488 
3 2 0 3476 
3 2 0 3487 
3 2 0 3477 
3 2 0 3486 
3 2 0 3478 
3 2 0 3485 
3 2 0 3479 
3 2 0 3484 
3 2 0 3480 
3 2 0 3483 
3 2 0 3481 
3 2 0 3482 
3 2 0 3489 
3 2 0 3503 
3 2 0 3493 
3 2 0 3491 
3 2 0 3492 
3 2 0 3502 
3 2 0 3494 
3 2 0 3501 
3 2 0 3495 
3 2 0 3500 
3 2 0 3496 
3 2 0 3499 
3 2 0 3497 
3 2 0 3498 
3 2 0 3511 
3 2 0 3509 
3 2 0 3510 
1 1 0 
1 1 0 
1 1 0 
1 1 0 
1 1 0 
2 3 3568 3569 0 
1 1 0 
2 3 3570 3571 0 
1 1 0 
1 1 0 
2 3 3573 3574 0 
1 1 0 
1 1 0 
1 1 0 
1 1 0 
2 3 3578 3579 0 
2 3 3577 3580 0 
1 1 0 
1 1 0 
2 3 3582 3583 0 
2 3 3581 3584 0 
2 3 3576 3585 0 
1 1 0 
1 1 0 
2 3 3587 3588 0 
1 1 0 
1 1 0 
2 3 3590 3591 0 
2 3 3589 3592 0 
1 1 0 
2 3 3593 3594 0 
1 1 0 
2 3 3595 3596 0 
1 1 0 
1 1 0 
1 1 0 
2 3 3599 3600 0 
2 3 3598 3601 0 
2 3 3597 3602 0 
2 3 3586 3603 0 
2 3 3575 3604 0 
2 3 3572 3605 0 
2 3 3567 3606 0 
2 3 3566 3607 0 
2 3 3565 3608 0 
1 1 0 
1 1 0 
1 1 0 
2 3 3611 3612 0 
1 1 0 
1 1 0 
1 1 0 
1 1 0 
2 3 3616 3617 0 
2 3 3615 3618 0 
2 3 3614 3619 0 
2 3 3613 3620 0 
2 3 3610 3621 0 
2 3 3609 3622 0 
3 2 0 3623 
3 2 0 3609 
3 2 0 3565 
3 2 0 3608 
3 2 0 3566 
3 2 0 3607 
3 2 0 3567 
3 2 0 3606 
3 2 0 3572 
3 2 0 3570 
3 2 0 3568 
3 2 0 3569 
3 2 0 3571 
3 2 0 3605 
3 2 0 3575 
3 2 0 3573 
3 2 0 3574 
3 2 0 3604 
3 2 0 3586 
3 2 0 3576 
3 2 0 3585 
3 2 0 3581 
3 2 0 3577 
3 2 0 3580 
3 2 0 3578 
3 2 0 3579 
3 2 0 3584 
3 2 0 3582 
3 2 0 3583 
3 2 0 3603 
3 2 0 3597 
3 2 0 3595 
3 2 0 3593 
3 2 0 3589 
3 2 0 3587 
3 2 0 3588 
3 2 0 3592 
3 2 0 3590 
3 2 0 3591 
3 2 0 3594 
3 2 0 3596 
3 2 0 3602 
3 2 0 3598 
3 2 0 3601 
3 2 0 3599 
3 2 0 3600 
3 2 0 3622 
3 2 0 3610 
3 2 0 3621 
3 2 0 3613 
3 2 0 3611 
3 2 0 3612 
3 2 0 3620 
3 2 0 3614 
3 2 0 3619 
3 2 0 3615 
3 2 0 3618 
3 2 0 3616 
3 2 0 3617 
1 1 0 
1 1 0 
2 3 3683 3684 0 
1 1 0 
1 1 0 
2 3 3686 3687 0 
1 1 0 
1 1 0 
1 1 0 
2 3 3690 3691 0 
2 3 3689 3692 0 
1 1 0 
2 3 3693 3694 0 
1 1 0 
1 1 0 
1 1 0 
1 1 0 
1 1 0 
2 3 3699 3700 0 
1 1 0 
1 1 0 
1 1 0 
2 3 3703 3704 0 
2 3 3702 3705 0 
2 3 3701 3706 0 
2 3 3698 3707 0 
2 3 3697 3708 0 
2 3 3696 3709 0 
2 3 3695 3710 0 
2 3 3688 3711 0 
1 1 0 
2 3 3712 3713 0 
2 3 3685 3714 0 
3 2 0 3715 
3 2 0 3685 
3 2 0 3683 
3 2 0 3684 
3 2 0 3714 
3 2 0 3712 
3 2 0 3688 
3 2 0 3686 
3 2 0 3687 
3 2 0 3711 
3 2 0 3695 
3 2 0 3693 
3 2 0 3689 
3 2 0 3692 
3 2 0 3690 
3 2 0 3691 
3 2 0 3694 
3 2 0 3710 
3 2 0 3696 
3 2 0 3709 
3 2 0 3697 
3 2 0 3708 
3 2 0 3698 
3 2 0 3707 
3 2 0 3701 
3 2 0 3699 
3 2 0 3700 
3 2 0 3706 
3 2 0 3702 
3 2 0 3705 
3 2 0 3703 
3 2 0 3704 
3 2 0 3713 
1 1 0 
1 1 0 
2 3 3749 3750 0 
1 1 0 
1 1 0 
1 1 0 
1 1 0 
2 3 3754 3755 0 
1 1 0 
2 3 3756 3757 0 
2 3 3753 3758 0 
2 3 3752 3759 0 
1 1 0 
2 3 3760 3761 0 
1 1 0 
1 1 0 
1 1 0 
1 1 0 
1 1 0 
1 1 0 
1 1 0 
1 1 0 
1 1 0 
1 1 0 
1 1 0 
1 1 0 
2 3 3773 3774 0 
2 3 3772 3775 0 
1 1 0 
1 1 0 
2 3 3777 3778 0 
2 3 3776 3779 0 
2 3 3771 3780 0 
2 3 3770 3781 0 
2 3 3769 3782 0 
2 3 3768 3783 0 
2 3 3767 3784 0 
2 3 3766 3785 0 
2 3 3765 3786 0 
2 3 3764 3787 0 
2 3 3763 3788 0 
2 3 3762 3789 0 
2 3 3751 3790 0 
1 1 0 
2 3 3791 3792 0 
3 2 0 3793 
3 2 0 3791 
3 2 0 3751 
3 2 0 3749 
3 2 0 3750 
3 2 0 3790 
3 2 0 3762 
3 2 0 3760 
3 2 0 3752 
3 2 0 3759 
3 2 0 3753 
3 2 0 3758 
3 2 0 3756 
3 2 0 3754 
3 2 0 3755 
3 2 0 3757 
3 2 0 3761 
3 2 0 3789 
3 2 0 3763 
3 2 0 3788 
3 2 0 3764 
3 2 0 3787 
3 2 0 3765 
3 2 0 3786 
3 2 0 3766 
3 2 0 3785 
3 2 0 3767 
3 2 0 3784 
3 2 0 3768 
3 2 0 3783 
3 2 0 3769 
3 2 0 3782 
3 2 0 3770 
3 2 0 3781 
3 2 0 3771 
3 2 0 3780 
3 2 0 3776 
3 2 0 3772 
3 2 0 3775 
3 2 0 3773 
3 2 0 3774 
3 2 0 3779 
3 2 0 3777 
3 2 0 3778 
3 2 0 3792 
1 1 0 
1 1 0 
1 1 0 
1 1 0 
1 1 0 
1 1 0 
2 3 3843 3844 0 
2 3 3842 3845 0 
2 3 3841 3846 0 
2 3 3840 3847 0 
2 3 3839 3848 0 
1 1 0 
2 3 3849 3850 0 
1 1 0 
2 3 3851 3852 0 
1 1 0 
1 1 0 
2 3 3854 3855 0 
1 1 0 
1 1 0 
2 3 3857 3858 0 
1 1 0 
1 1 0 
1 1 0 
2 3 3861 3862 0 
2 3 3860 3863 0 
2 3 3859 3864 0 
1 1 0 
2 3 3865 3866 0 
1 1 0 
1 1 0 
1 1 0 
1 1 0 
2 3 3870 3871 0 
2 3 3869 3872 0 
2 3 3868 3873 0 
1 1 0 
1 1 0 
1 1 0 
1 1 0 
2 3 3877 3878 0 
1 1 0 
2 3 3879 3880 0 
1 1 0 
2 3 3881 3882 0 
1 1 0 
2 3 3883 3884 0 
1 1 0 
1 1 0 
1 1 0 
2 3 3887 3888 0 
2 3 3886 3889 0 
1 1 0 
2 3 3890 3891 0 
1 1 0 
1 1 0 
1 1 0 
1 1 0 
2 3 3895 3896 0 
2 3 3894 3897 0 
2 3 3893 3898 0 
2 3 3892 3899 0 
2 3 3885 3900 0 
2 3 3876 3901 0 
2 3 3875 3902 0 
2 3 3874 3903 0 
2 3 3867 3904 0 
2 3 3856 3905 0 
2 3 3853 3906 0 
1 1 0 
2 3 3907 3908 0 
3 2 0 3909 
3 2 0 3907 
3 2 0 3853 
3 2 0 3851 
3 2 0 3849 
3 2 0 3839 
3 2 0 3848 
3 2 0 3840 
3 2 0 3847 
3 2 0 3841 
3 2 0 3846 
3 2 0 3842 
3 2 0 3845 
3 2 0 3843 
3 2 0 3844 
3 2 0 3850 
3 2 0 3852 
3 2 0 3906 
3 2 0 3856 
3 2 0 3854 
3 2 0 3855 
3 2 0 3905 
3 2 0 3867 
3 2 0 3865 
3 2 0 3859 
3 2 0 3857 
3 2 0 3858 
3 2 0 3864 
3 2 0 3860 
3 2 0 3863 
3 2 0 3861 
3 2 0 3862 
3 2 0 3866 
3 2 0 3904 
3 2 0 3874 
3 2 0 3868 
3 2 0 3873 
3 2 0 3869 
3 2 0 3872 
3 2 0 3870 
3 2 0 3871 
3 2 0 3903 
3 2 0 3875 
3 2 0 3902 
3 2 0 3876 
3 2 0 3901 
3 2 0 3885 
3 2 0 3883 
3 2 0 3881 
3 2 0 3879 
3 2 0 3877 
3 2 0 3878 
3 2 0 3880 
3 2 0 3882 
3 2 0 3884 
3 2 0 3900 
3 2 0 3892 
3 2 0 3890 
3 2 0 3886 
3 2 0 3889 
3 2 0 3887 
3 2 0 3888 
3 2 0 3891 
3 2 0 3899 
3 2 0 3893 
3 2 0 3898 
3 2 0 3894 
3 2 0 3897 
3 2 0 3895 
3 2 0 3896 
3 2 0 3908 
1 1 0 
1 1 0 
2 3 3981 3982 0 
1 1 0 
1 1 0 
1 1 0 
1 1 0 
1 1 0 
2 3 3987 3988 0 
2 3 3986 3989 0 
2 3 3985 3990 0 
2 3 3984 3991 0 
2 3 3983 3992 0 
1 1 0 
2 3 3993 3994 0 
3 2 0 3995 
3 2 0 3993 
3 2 0 3983 
3 2 0 3981 
3 2 0 3982 
3 2 0 3992 
3 2 0 3984 
3 2 0 3991 
3 2 0 3985 
3 2 0 3990 
3 2 0 3986 
3 2 0 3989 
3 2 0 3987 
3 2 0 3988 
3 2 0 3994 
1 1 0 
1 1 0 
1 1 0 
2 3 4012 4013 0 
1 1 0 
1 1 0 
1 1 0 
2 3 4016 4017 0 
2 3 4015 4018 0 
1 1 0 
1 1 0 
1 1 0 
2 3 4021 4022 0 
2 3 4020 4023 0 
2 3 4019 4024 0 
2 3 4014 4025 0 
2 3 4011 4026 0 
1 1 0 
2 3 4027 4028 0 
3 2 0 4029 
3 2 0 4027 
3 2 0 4011 
3 2 0 4026 
3 2 0 4014 
3 2 0 4012 
3 2 0 4013 
3 2 0 4025 
3 2 0 4019 
3 2 0 4015 
3 2 0 4018 
3 2 0 4016 
3 2 0 4017 
3 2 0 4024 
3 2 0 4020 
3 2 0 4023 
3 2 0 4021 
3 2 0 4022 
3 2 0 4028 
1 1 0 
1 1 0 
1 1 0 
1 1 0 
1 1 0 
1 1 0 
1 1 0 
1 1 0 
2 3 4055 4056 0 
2 3 4054 4057 0 
2 3 4053 4058 0 
2 3 4052 4059 0 
2 3 4051 4060 0 
2 3 4050 4061 0 
2 3 4049 4062 0 
1 1 0 
1 1 0 
1 1 0 
2 3 4065 4066 0 
1 1 0 
1 1 0 
1 1 0 
2 3 4069 4070 0 
1 1 0 
1 1 0 
1 1 0 
1 1 0 
1 1 0 
2 3 4075 4076 0 
2 3 4074 4077 0 
2 3 4073 4078 0 
2 3 4072 4079 0 
2 3 4071 4080 0 
2 3 4068 4081 0 
2 3 4067 4082 0 
1 1 0 
2 3 4083 4084 0 
1 1 0 
1 1 0 
1 1 0 
1 1 0 
2 3 4088 4089 0 
2 3 4087 4090 0 
2 3 4086 4091 0 
1 1 0 
1 1 0 
1 1 0 
1 1 0 
2 3 4095 4096 0 
1 1 0 
2 3 4097 4098 0 
2 3 4094 4099 0 
1 1 0 
2 3 4100 4101 0 
2 3 4093 4102 0 
2 3 4092 4103 0 
2 3 4085 4104 0 
1 1 0 
2 3 4105 4106 0 
2 3 4064 4107 0 
2 3 4063 4108 0 
3 2 0 4109 
3 2 0 4063 
3 2 0 4049 
3 2 0 4062 
3 2 0 4050 
3 2 0 4061 
3 2 0 4051 
3 2 0 4060 
3 2 0 4052 
3 2 0 4059 
3 2 0 4053 
3 2 0 4058 
3 2 0 4054 
3 2 0 4057 
3 2 0 4055 
3 2 0 4056 
3 2 0 4108 
3 2 0 4064 
3 2 0 4107 
3 2 0 4105 
3 2 0 4085 
3 2 0 4083 
3 2 0 4067 
3 2 0 4065 
3 2 0 4066 
3 2 0 4082 
3 2 0 4068 
3 2 0 4081 
3 2 0 4071 
3 2 0 4069 
3 2 0 4070 
3 2 0 4080 
3 2 0 4072 
3 2 0 4079 
3 2 0 4073 
3 2 0 4078 
3 2 0 4074 
3 2 0 4077 
3 2 0 4075 
3 2 0 4076 
3 2 0 4084 
3 2 0 4104 
3 2 0 4092 
3 2 0 4086 
3 2 0 4091 
3 2 0 4087 
3 2 0 4090 
3 2 0 4088 
3 2 0 4089 
3 2 0 4103 
3 2 0 4093 
3 2 0 4102 
3 2 0 4100 
3 2 0 4094 
3 2 0 4099 
3 2 0 4097 
3 2 0 4095 
3 2 0 4096 
3 2 0 4098 
3 2 0 4101 
3 2 0 4106 
1 1 0 
1 1 0 
1 1 0 
1 1 0 
1 1 0 
1 1 0 
1 1 0 
1 1 0 
2 3 4177 4178 0 
2 3 4176 4179 0 
2 3 4175 4180 0 
2 3 4174 4181 0 
2 3 4173 4182 0 
2 3 4172 4183 0 
1 1 0 
2 3 4184 4185 0 
1 1 0 
1 1 0 
1 1 0 
1 1 0 
1 1 0 
2 3 4190 4191 0 
1 1 0 
2 3 4192 4193 0 
2 3 4189 4194 0 
2 3 4188 4195 0 
2 3 4187 4196 0 
2 3 4186 4197 0 
1 1 0 
2 3 4198 4199 0 
2 3 4171 4200 0 
3 2 0 4201 
3 2 0 4171 
3 2 0 4200 
3 2 0 4198 
3 2 0 4186 
3 2 0 4184 
3 2 0 4172 
3 2 0 4183 
3 2 0 4173 
3 2 0 4182 
3 2 0 4174 
3 2 0 4181 
3 2 0 4175 
3 2 0 4180 
3 2 0 4176 
3 2 0 4179 
3 2 0 4177 
3 2 0 4178 
3 2 0 4185 
3 2 0 4197 
3 2 0 4187 
3 2 0 4196 
3 2 0 4188 
3 2 0 4195 
3 2 0 4189 
3 2 0 4194 
3 2 0 4192 
3 2 0 4190 
3 2 0 4191 
3 2 0 4193 
3 2 0 4199 
1 1 0 
1 1 0 
1 1 0 
2 3 4234 4235 0 
2 3 4233 4236 0 
1 1 0 
1 1 0 
1 1 0 
2 3 4239 4240 0 
2 3 4238 4241 0 
2 3 4237 4242 0 
1 1 0 
1 1 0 
1 1 0 
1 1 0 
1 1 0 
2 3 4247 4248 0 
2 3 4246 4249 0 
1 1 0 
2 3 4250 4251 0 
2 3 4245 4252 0 
2 3 4244 4253 0 
1 1 0 
2 3 4254 4255 0 
2 3 4243 4256 0 
3 2 0 4257 
3 2 0 4243 
3 2 0 4237 
3 2 0 4233 
3 2 0 4236 
3 2 0 4234 
3 2 0 4235 
3 2 0 4242 
3 2 0 4238 
3 2 0 4241 
3 2 0 4239 
3 2 0 4240 
3 2 0 4256 
3 2 0 4254 
3 2 0 4244 
3 2 0 4253 
3 2 0 4245 
3 2 0 4252 
3 2 0 4250 
3 2 0 4246 
3 2 0 4249 
3 2 0 4247 
3 2 0 4248 
3 2 0 4251 
3 2 0 4255 
1 1 0 
1 1 0 
2 3 4283 4284 0 
1 1 0 
1 1 0 
1 1 0 
1 1 0 
1 1 0 
2 3 4289 4290 0 
1 1 0 
1 1 0 
2 3 4292 4293 0 
1 1 0 
1 1 0 
1 1 0 
1 1 0 
1 1 0 
1 1 0 
1 1 0 
1 1 0 
2 3 4301 4302 0 
2 3 4300 4303 0 
2 3 4299 4304 0 
2 3 4298 4305 0 
2 3 4297 4306 0 
2 3 4296 4307 0 
2 3 4295 4308 0 
2 3 4294 4309 0 
2 3 4291 4310 0 
2 3 4288 4311 0 
2 3 4287 4312 0 
2 3 4286 4313 0 
1 1 0 
2 3 4314 4315 0 
2 3 4285 4316 0 
3 2 0 4317 
3 2 0 4285 
3 2 0 4283 
3 2 0 4284 
3 2 0 4316 
3 2 0 4314 
3 2 0 4286 
3 2 0 4313 
3 2 0 4287 
3 2 0 4312 
3 2 0 4288 
3 2 0 4311 
3 2 0 4291 
3 2 0 4289 
3 2 0 4290 
3 2 0 4310 
3 2 0 4294 
3 2 0 4292 
3 2 0 4293 
3 2 0 4309 
3 2 0 4295 
3 2 0 4308 
3 2 0 4296 
3 2 0 4307 
3 2 0 4297 
3 2 0 4306 
3 2 0 4298 
3 2 0 4305 
3 2 0 4299 
3 2 0 4304 
3 2 0 4300 
3 2 0 4303 
3 2 0 4301 
3 2 0 4302 
3 2 0 4315 
1 1 0 
1 1 0 
1 1 0 
1 1 0 
2 3 4355 4356 0 
2 3 4354 4357 0 
1 1 0 
1 1 0 
1 1 0 
1 1 0 
1 1 0 
1 1 0 
1 1 0 
1 1 0 
2 3 4365 4366 0 
2 3 4364 4367 0 
2 3 4363 4368 0 
2 3 4362 4369 0 
2 3 4361 4370 0 
2 3 4360 4371 0 
1 1 0 
2 3 4372 4373 0 
2 3 4359 4374 0 
2 3 4358 4375 0 
1 1 0 
2 3 4376 4377 0 
2 3 4353 4378 0 
3 2 0 4379 
3 2 0 4353 
3 2 0 4378 
3 2 0 4376 
3 2 0 4358 
3 2 0 4354 
3 2 0 4357 
3 2 0 4355 
3 2 0 4356 
3 2 0 4375 
3 2 0 4359 
3 2 0 4374 
3 2 0 4372 
3 2 0 4360 
3 2 0 4371 
3 2 0 4361 
3 2 0 4370 
3 2 0 4362 
3 2 0 4369 
3 2 0 4363 
3 2 0 4368 
3 2 0 4364 
3 2 0 4367 
3 2 0 4365 
3 2 0 4366 
3 2 0 4373 
3 2 0 4377 
1 1 0 
1 1 0 
1 1 0 
1 1 0 
1 1 0 
1 1 0 
1 1 0 
2 3 4412 4413 0 
2 3 4411 4414 0 
2 3 4410 4415 0 
2 3 4409 4416 0 
2 3 4408 4417 0 
2 3 4407 4418 0 
1 1 0 
1 1 0 
2 3 4420 4421 0 
1 1 0 
1 1 0 
2 3 4423 4424 0 
2 3 4422 4425 0 
1 1 0 
2 3 4426 4427 0 
2 3 4419 4428 0 
3 2 0 4429 
3 2 0 4419 
3 2 0 4407 
3 2 0 4418 
3 2 0 4408 
3 2 0 4417 
3 2 0 4409 
3 2 0 4416 
3 2 0 4410 
3 2 0 4415 
3 2 0 4411 
3 2 0 4414 
3 2 0 4412 
3 2 0 4413 
3 2 0 4428 
3 2 0 4426 
3 2 0 4422 
3 2 0 4420 
3 2 0 4421 
3 2 0 4425 
3 2 0 4423 
3 2 0 4424 
3 2 0 4427 
1 1 0 
1 1 0 
1 1 0 
1 1 0 
2 3 4455 4456 0 
2 3 4454 4457 0 
1 1 0 
1 1 0 
1 1 0 
2 3 4460 4461 0 
1 1 0 
1 1 0 
2 3 4463 4464 0 
2 3 4462 4465 0 
2 3 4459 4466 0 
2 3 4458 4467 0 
1 1 0 
1 1 0 
1 1 0 
2 3 4470 4471 0 
1 1 0 
1 1 0 
1 1 0 
2 3 4474 4475 0 
2 3 4473 4476 0 
2 3 4472 4477 0 
2 3 4469 4478 0 
2 3 4468 4479 0 
1 1 0 
2 3 4480 4481 0 
1 1 0 
1 1 0 
2 3 4483 4484 0 
1 1 0 
1 1 0 
2 3 4486 4487 0 
2 3 4485 4488 0 
2 3 4482 4489 0 
1 1 0 
2 3 4490 4491 0 
1 1 0 
1 1 0 
1 1 0 
2 3 4494 4495 0 
2 3 4493 4496 0 
1 1 0 
1 1 0 
1 1 0 
1 1 0 
2 3 4500 4501 0 
1 1 0 
2 3 4502 4503 0 
2 3 4499 4504 0 
2 3 4498 4505 0 
2 3 4497 4506 0 
2 3 4492 4507 0 
1 1 0 
2 3 4508 4509 0 
2 3 4453 4510 0 
3 2 0 4511 
3 2 0 4453 
3 2 0 4510 
3 2 0 4508 
3 2 0 4492 
3 2 0 4490 
3 2 0 4482 
3 2 0 4480 
3 2 0 4468 
3 2 0 4458 
3 2 0 4454 
3 2 0 4457 
3 2 0 4455 
3 2 0 4456 
3 2 0 4467 
3 2 0 4459 
3 2 0 4466 
3 2 0 4462 
3 2 0 4460 
3 2 0 4461 
3 2 0 4465 
3 2 0 4463 
3 2 0 4464 
3 2 0 4479 
3 2 0 4469 
3 2 0 4478 
3 2 0 4472 
3 2 0 4470 
3 2 0 4471 
3 2 0 4477 
3 2 0 4473 
3 2 0 4476 
3 2 0 4474 
3 2 0 4475 
3 2 0 4481 
3 2 0 4489 
3 2 0 4485 
3 2 0 4483 
3 2 0 4484 
3 2 0 4488 
3 2 0 4486 
3 2 0 4487 
3 2 0 4491 
3 2 0 4507 
3 2 0 4497 
3 2 0 4493 
3 2 0 4496 
3 2 0 4494 
3 2 0 4495 
3 2 0 4506 
3 2 0 4498 
3 2 0 4505 
3 2 0 4499 
3 2 0 4504 
3 2 0 4502 
3 2 0 4500 
3 2 0 4501 
3 2 0 4503 
3 2 0 4509 
1 1 0 
1 1 0 
2 3 4571 4572 0 
1 1 0 
1 1 0 
2 3 4574 4575 0 
2 3 4573 4576 0 
1 1 0 
1 1 0 
1 1 0 
1 1 0 
2 3 4580 4581 0 
2 3 4579 4582 0 
1 1 0 
1 1 0 
1 1 0 
1 1 0 
1 1 0 
1 1 0 
1 1 0 
2 3 4589 4590 0 
2 3 4588 4591 0 
2 3 4587 4592 0 
2 3 4586 4593 0 
2 3 4585 4594 0 
2 3 4584 4595 0 
2 3 4583 4596 0 
2 3 4578 4597 0 
1 1 0 
2 3 4598 4599 0 
2 3 4577 4600 0 
3 2 0 4601 
3 2 0 4577 
3 2 0 4573 
3 2 0 4571 
3 2 0 4572 
3 2 0 4576 
3 2 0 4574 
3 2 0 4575 
3 2 0 4600 
3 2 0 4598 
3 2 0 4578 
3 2 0 4597 
3 2 0 4583 
3 2 0 4579 
3 2 0 4582 
3 2 0 4580 
3 2 0 4581 
3 2 0 4596 
3 2 0 4584 
3 2 0 4595 
3 2 0 4585 
3 2 0 4594 
3 2 0 4586 
3 2 0 4593 
3 2 0 4587 
3 2 0 4592 
3 2 0 4588 
3 2 0 4591 
3 2 0 4589 
3 2 0 4590 
3 2 0 4599 
1 1 0 
1 1 0 
1 1 0 
1 1 0 
1 1 0 
1 1 0 
1 1 0 
2 3 4638 4639 0 
2 3 4637 4640 0 
2 3 4636 4641 0 
2 3 4635 4642 0 
2 3 4634 4643 0 
2 3 4633 4644 0 
1 1 0 
1 1 0 
1 1 0 
1 1 0 
2 3 4648 4649 0 
2 3 4647 4650 0 
1 1 0 
1 1 0 
1 1 0 
1 1 0 
1 1 0 
1 1 0 
2 3 4656 4657 0 
2 3 4655 4658 0 
2 3 4654 4659 0 
2 3 4653 4660 0 
2 3 4652 4661 0 
2 3 4651 4662 0 
2 3 4646 4663 0 
1 1 0 
2 3 4664 4665 0 
2 3 4645 4666 0 
3 2 0 4667 
3 2 0 4645 
3 2 0 4633 
3 2 0 4644 
3 2 0 4634 
3 2 0 4643 
3 2 0 4635 
3 2 0 4642 
3 2 0 4636 
3 2 0 4641 
3 2 0 4637 
3 2 0 4640 
3 2 0 4638 
3 2 0 4639 
3 2 0 4666 
3 2 0 4664 
3 2 0 4646 
3 2 0 4663 
3 2 0 4651 
3 2 0 4647 
3 2 0 4650 
3 2 0 4648 
3 2 0 4649 
3 2 0 4662 
3 2 0 4652 
3 2 0 4661 
3 2 0 4653 
3 2 0 4660 
3 2 0 4654 
3 2 0 4659 
3 2 0 4655 
3 2 0 4658 
3 2 0 4656 
3 2 0 4657 
3 2 0 4665 
1 1 0 
1 1 0 
2 3 4703 4704 0 
1 1 0 
2 3 4705 4706 0 
1 1 0 
2 3 4707 4708 0 
1 1 0 
1 1 0 
1 1 0 
2 3 4711 4712 0 
1 1 0 
2 3 4713 4714 0 
2 3 4710 4715 0 
2 3 4709 4716 0 
1 1 0 
2 3 4717 4718 0 
1 1 0 
2 3 4719 4720 0 
1 1 0 
1 1 0 
1 1 0 
2 3 4723 4724 0 
2 3 4722 4725 0 
1 1 0 
1 1 0 
1 1 0 
1 1 0 
1 1 0 
2 3 4730 4731 0 
1 1 0 
1 1 0 
1 1 0 
1 1 0 
1 1 0 
2 3 4736 4737 0 
2 3 4735 4738 0 
1 1 0 
2 3 4739 4740 0 
2 3 4734 4741 0 
2 3 4733 4742 0 
2 3 4732 4743 0 
1 1 0 
1 1 0 
1 1 0 
1 1 0 
1 1 0 
2 3 4748 4749 0 
2 3 4747 4750 0 
2 3 4746 4751 0 
2 3 4745 4752 0 
2 3 4744 4753 0 
2 3 4729 4754 0 
2 3 4728 4755 0 
2 3 4727 4756 0 
2 3 4726 4757 0 
2 3 4721 4758 0 
1 1 0 
2 3 4759 4760 0 
3 2 0 4761 
3 2 0 4759 
3 2 0 4721 
3 2 0 4719 
3 2 0 4717 
3 2 0 4709 
3 2 0 4707 
3 2 0 4705 
3 2 0 4703 
3 2 0 4704 
3 2 0 4706 
3 2 0 4708 
3 2 0 4716 
3 2 0 4710 
3 2 0 4715 
3 2 0 4713 
3 2 0 4711 
3 2 0 4712 
3 2 0 4714 
3 2 0 4718 
3 2 0 4720 
3 2 0 4758 
3 2 0 4726 
3 2 0 4722 
3 2 0 4725 
3 2 0 4723 
3 2 0 4724 
3 2 0 4757 
3 2 0 4727 
3 2 0 4756 
3 2 0 4728 
3 2 0 4755 
3 2 0 4729 
3 2 0 4754 
3 2 0 4744 
3 2 0 4732 
3 2 0 4730 
3 2 0 4731 
3 2 0 4743 
3 2 0 4733 
3 2 0 4742 
3 2 0 4734 
3 2 0 4741 
3 2 0 4739 
3 2 0 4735 
3 2 0 4738 
3 2 0 4736 
3 2 0 4737 
3 2 0 4740 
3 2 0 4753 
3 2 0 4745 
3 2 0 4752 
3 2 0 4746 
3 2 0 4751 
3 2 0 4747 
3 2 0 4750 
3 2 0 4748 
3 2 0 4749 
3 2 0 4760 
55 2410 44 45 46 47 48 49 50 51 52 53 54 55 56 57 58 59 60 61 62 63 64 65 66 67 68 69 70 71 72 73 74 75 76 77 78 79 80 81 82 83 84 85 86 124 125 126 127 128 129 130 131 132 133 134 135 136 137 138 139 140 141 142 143 144 145 146 147 148 149 150 151 152 153 154 155 156 157 158 159 160 184 185 186 187 188 189 190 191 192 193 194 195 196 197 198 199 200 201 202 203 204 205 206 252 253 254 255 256 257 258 259 260 261 262 263 264 265 266 267 268 269 270 271 272 273 274 275 276 277 278 279 280 281 282 283 284 285 286 287 288 289 290 291 292 293 294 295 296 366 367 368 369 370 371 372 373 374 375 376 377 378 379 380 381 382 383 384 385 386 387 388 389 390 391 392 393 394 395 396 397 398 399 400 401 402 403 404 405 406 407 408 409 410 411 412 413 414 415 416 417 418 419 420 421 422 423 424 425 426 427 428 429 430 431 432 433 434 450 451 452 453 454 455 456 457 458 459 460 461 462 463 464 478 479 480 481 482 483 484 485 486 487 488 489 490 532 533 534 535 536 537 538 539 540 541 542 543 544 545 546 547 548 549 550 551 552 553 554 555 556 557 558 559 560 561 562 563 564 565 566 567 568 569 570 571 572 606 607 608 609 610 611 612 613 614 615 616 617 618 619 620 621 622 623 624 625 626 627 628 629 630 631 632 633 634 635 636 637 638 670 671 672 673 674 675 676 677 678 679 680 681 682 683 684 685 686 687 688 689 690 691 692 693 694 695 696 697 698 699 700 732 733 734 735 736 737 738 739 740 741 742 743 744 745 746 747 748 749 750 751 752 753 754 755 756 757 758 759 760 761 762 780 781 782 783 784 785 786 787 788 789 790 791 792 793 794 795 796 842 843 844 845 846 847 848 849 850 851 852 853 854 855 856 857 858 859 860 861 862 863 864 865 866 867 868 869 870 871 872 873 874 875 876 877 878 879 880 881 882 883 884 885 886 940 941 942 943 944 945 946 947 948 949 950 951 952 953 954 955 956 957 958 959 960 961 962 963 964 965 966 967 968 969 970 971 972 973 974 975 976 977 978 979 980 981 982 983 984 985 986 987 988 989 990 991 992 1036 1037 1038 1039 1040 1041 1042 1043 1044 1045 1046 1047 1048 1049 1050 1051 1052 1053 1054 1055 1056 1057 1058 1059 1060 1061 1062 1063 1064 1065 1066 1067 1068 1069 1070 1071 1072 1073 1074 1075 1076 1077 1078 1118 1119 1120 1121 1122 1123 1124 1125 1126 1127 1128 1129 1130 1131 1132 1133 1134 1135 1136 1137 1138 1139 1140 1141 1142 1143 1144 1145 1146 1147 1148 1149 1150 1151 1152 1153 1154 1155 1156 1208 1209 1210 1211 1212 1213 1214 1215 1216 1217 1218 1219 1220 1221 1222 1223 1224 1225 1226 1227 1228 1229 1230 1231 1232 1233 1234 1235 1236 1237 1238 1239 1240 1241 1242 1243 1244 1245 1246 1247 1248 1249 1250 1251 1252 1253 1254 1255 1256 1257 1258 1322 1323 1324 1325 1326 1327 1328 1329 1330 1331 1332 1333 1334 1335 1336 1337 1338 1339 1340 1341 1342 1343 1344 1345 1346 1347 1348 1349 1350 1351 1352 1353 1354 1355 1356 1357 1358 1359 1360 1361 1362 1363 1364 1365 1366 1367 1368 1369 1370 1371 1372 1373 1374 1375 1376 1377 1378 1379 1380 1381 1382 1383 1384 1442 1443 1444 1445 1446 1447 1448 1449 1450 1451 1452 1453 1454 1455 1456 1457 1458 1459 1460 1461 1462 1463 1464 1465 1466 1467 1468 1469 1470 1471 1472 1473 1474 1475 1476 1477 1478 1479 1480 1481 1482 1483 1484 1485 1486 1487 1488 1489 1490 1491 1492 1493 1494 1495 1496 1497 1498 1542 1543 1544 1545 1546 1547 1548 1549 1550 1551 1552 1553 1554 1555 1556 1557 1558 1559 1560 1561 1562 1563 1564 1565 1566 1567 1568 1569 1570 1571 1572 1573 1574 1575 1576 1577 1578 1579 1580 1581 1582 1583 1584 1628 1629 1630 1631 1632 1633 1634 1635 1636 1637 1638 1639 1640 1641 1642 1643 1644 1645 1646 1647 1648 1649 1650 1651 1652 1653 1654 1655 1656 1657 1658 1659 1660 1661 1662 1663 1664 1665 1666 1667 1668 1669 1670 1686 1687 1688 1689 1690 1691 1692 1693 1694 1695 1696 1697 1698 1699 1700 1728 1729 1730 1731 1732 1733 1734 1735 1736 1737 1738 1739 1740 1741 1742 1743 1744 1745 1746 1747 1748 1749 1750 1751 1752 1753 1754 1768 1769 1770 1771 1772 1773 1774 1775 1776 1777 1778 1779 1780 1856 1857 1858 1859 1860 1861 1862 1863 1864 1865 1866 1867 1868 1869 1870 1871 1872 1873 1874 1875 1876 1877 1878 1879 1880 1881 1882 1883 1884 1885 1886 1887 1888 1889 1890 1891 1892 1893 1894 1895 1896 1897 1898 1899 1900 1901 1902 1903 1904 1905 1906 1907 1908 1909 1910 1911 1912 1913 1914 1915 1916 1917 1918 1919 1920 1921 1922 1923 1924 1925 1926 1927 1928 1929 1930 1962 1963 1964 1965 1966 1967 1968 1969 1970 1971 1972 1973 1974 1975 1976 1977 1978 1979 1980 1981 1982 1983 1984 1985 1986 1987 1988 1989 1990 1991 1992 2022 2023 2024 2025 2026 2027 2028 2029 2030 2031 2032 2033 2034 2035 2036 2037 2038 2039 2040 2041 2042 2043 2044 2045 2046 2047 2048 2049 2050 2100 2101 2102 2103 2104 2105 2106 2107 2108 2109 2110 2111 2112 2113 2114 2115 2116 2117 2118 2119 2120 2121 2122 2123 2124 2125 2126 2127 2128 2129 2130 2131 2132 2133 2134 2135 2136 2137 2138 2139 2140 2141 2142 2143 2144 2145 2146 2147 2148 2170 2171 2172 2173 2174 2175 2176 2177 2178 2179 2180 2181 2182 2183 2184 2185 2186 2187 2188 2189 2190 2244 2245 2246 2247 2248 2249 2250 2251 2252 2253 2254 2255 2256 2257 2258 2259 2260 2261 2262 2263 2264 2265 2266 2267 2268 2269 2270 2271 2272 2273 2274 2275 2276 2277 2278 2279 2280 2281 2282 2283 2284 2285 2286 2287 2288 2289 2290 2291 2292 2293 2294 2295 2296 2306 2307 2308 2309 2310 2311 2312 2313 2314 2346 2347 2348 2349 2350 2351 2352 2353 2354 2355 2356 2357 2358 2359 2360 2361 2362 2363 2364 2365 2366 2367 2368 2369 2370 2371 2372 2373 2374 2375 2376 2422 2423 2424 2425 2426 2427 2428 2429 2430 2431 2432 2433 2434 2435 2436 2437 2438 2439 2440 2441 2442 2443 2444 2445 2446 2447 2448 2449 2450 2451 2452 2453 2454 2455 2456 2457 2458 2459 2460 2461 2462 2463 2464 2465 2466 2508 2509 2510 2511 2512 2513 2514 2515 2516 2517 2518 2519 2520 2521 2522 2523 2524 2525 2526 2527 2528 2529 2530 2531 2532 2533 2534 2535 2536 2537 2538 2539 2540 2541 2542 2543 2544 2545 2546 2547 2548 2584 2585 2586 2587 2588 2589 2590 2591 2592 2593 2594 2595 2596 2597 2598 2599 2600 2601 2602 2603 2604 2605 2606 2607 2608 2609 2610 2611 2612 2613 2614 2615 2616 2617 2618 2648 2649 2650 2651 2652 2653 2654 2655 2656 2657 2658 2659 2660 2661 2662 2663 2664 2665 2666 2667 2668 2669 2670 2671 2672 2673 2674 2675 2676 2728 2729 2730 2731 2732 2733 2734 2735 2736 2737 2738 2739 2740 2741 2742 2743 2744 2745 2746 2747 2748 2749 2750 2751 2752 2753 2754 2755 2756 2757 2758 2759 2760 2761 2762 2763 2764 2765 2766 2767 2768 2769 2770 2771 2772 2773 2774 2775 2776 2777 2778 2818 2819 2820 2821 2822 2823 2824 2825 2826 2827 2828 2829 2830 2831 2832 2833 2834 2835 2836 2837 2838 2839 2840 2841 2842 2843 2844 2845 2846 2847 2848 2849 2850 2851 2852 2853 2854 2855 2856 2892 2893 2894 2895 2896 2897 2898 2899 2900 2901 2902 2903 2904 2905 2906 2907 2908 2909 2910 2911 2912 2913 2914 2915 2916 2917 2918 2919 2920 2921 2922 2923 2924 2925 2926 2976 2977 2978 2979 2980 2981 2982 2983 2984 2985 2986 2987 2988 2989 2990 2991 2992 2993 2994 2995 2996 2997 2998 2999 3000 3001 3002 3003 3004 3005 3006 3007 3008 3009 3010 3011 3012 3013 3014 3015 3016 3017 3018 3019 3020 3021 3022 3023 3024 3046 3047 3048 3049 3050 3051 3052 3053 3054 3055 3056 3057 3058 3059 3060 3061 3062 3063 3064 3065 3066 3086 3087 3088 3089 3090 3091 3092 3093 3094 3095 3096 3097 3098 3099 3100 3101 3102 3103 3104 3128 3129 3130 3131 3132 3133 3134 3135 3136 3137 3138 3139 3140 3141 3142 3143 3144 3145 3146 3147 3148 3149 3150 3192 3193 3194 3195 3196 3197 3198 3199 3200 3201 3202 3203 3204 3205 3206 3207 3208 3209 3210 3211 3212 3213 3214 3215 3216 3217 3218 3219 3220 3221 3222 3223 3224 3225 3226 3227 3228 3229 3230 3231 3232 3262 3263 3264 3265 3266 3267 3268 3269 3270 3271 3272 3273 3274 3275 3276 3277 3278 3279 3280 3281 3282 3283 3284 3285 3286 3287 3288 3289 3290 3330 3331 3332 3333 3334 3335 3336 3337 3338 3339 3340 3341 3342 3343 3344 3345 3346 3347 3348 3349 3350 3351 3352 3353 3354 3355 3356 3357 3358 3359 3360 3361 3362 3363 3364 3365 3366 3367 3368 3416 3417 3418 3419 3420 3421 3422 3423 3424 3425 3426 3427 3428 3429 3430 3431 3432 3433 3434 3435 3436 3437 3438 3439 3440 3441 3442 3443 3444 3445 3446 3447 3448 3449 3450 3451 3452 3453 3454 3455 3456 3457 3458 3459 3460 3461 3462 3514 3515 3516 3517 3518 3519 3520 3521 3522 3523 3524 3525 3526 3527 3528 3529 3530 3531 3532 3533 3534 3535 3536 3537 3538 3539 3540 3541 3542 3543 3544 3545 3546 3547 3548 3549 3550 3551 3552 3553 3554 3555 3556 3557 3558 3559 3560 3561 3562 3563 3564 3624 3625 3626 3627 3628 3629 3630 3631 3632 3633 3634 3635 3636 3637 3638 3639 3640 3641 3642 3643 3644 3645 3646 3647 3648 3649 3650 3651 3652 3653 3654 3655 3656 3657 3658 3659 3660 3661 3662 3663 3664 3665 3666 3667 3668 3669 3670 3671 3672 3673 3674 3675 3676 3677 3678 3679 3680 3681 3682 3716 3717 3718 3719 3720 3721 3722 3723 3724 3725 3726 3727 3728 3729 3730 3731 3732 3733 3734 3735 3736 3737 3738 3739 3740 3741 3742 3743 3744 3745 3746 3747 3748 3794 3795 3796 3797 3798 3799 3800 3801 3802 3803 3804 3805 3806 3807 3808 3809 3810 3811 3812 3813 3814 3815 3816 3817 3818 3819 3820 3821 3822 3823 3824 3825 3826 3827 3828 3829 3830 3831 3832 3833 3834 3835 3836 3837 3838 3910 3911 3912 3913 3914 3915 3916 3917 3918 3919 3920 3921 3922 3923 3924 3925 3926 3927 3928 3929 3930 3931 3932 3933 3934 3935 3936 3937 3938 3939 3940 3941 3942 3943 3944 3945 3946 3947 3948 3949 3950 3951 3952 3953 3954 3955 3956 3957 3958 3959 3960 3961 3962 3963 3964 3965 3966 3967 3968 3969 3970 3971 3972 3973 3974 3975 3976 3977 3978 3979 3980 3996 3997 3998 3999 4000 4001 4002 4003 4004 4005 4006 4007 4008 4009 4010 4030 4031 4032 4033 4034 4035 4036 4037 4038 4039 4040 4041 4042 4043 4044 4045 4046 4047 4048 4110 4111 4112 4113 4114 4115 4116 4117 4118 4119 4120 4121 4122 4123 4124 4125 4126 4127 4128 4129 4130 4131 4132 4133 4134 4135 4136 4137 4138 4139 4140 4141 4142 4143 4144 4145 4146 4147 4148 4149 4150 4151 4152 4153 4154 4155 4156 4157 4158 4159 4160 4161 4162 4163 4164 4165 4166 4167 4168 4169 4170 4202 4203 4204 4205 4206 4207 4208 4209 4210 4211 4212 4213 4214 4215 4216 4217 4218 4219 4220 4221 4222 4223 4224 4225 4226 4227 4228 4229 4230 4231 4232 4258 4259 4260 4261 4262 4263 4264 4265 4266 4267 4268 4269 4270 4271 4272 4273 4274 4275 4276 4277 4278 4279 4280 4281 4282 4318 4319 4320 4321 4322 4323 4324 4325 4326 4327 4328 4329 4330 4331 4332 4333 4334 4335 4336 4337 4338 4339 4340 4341 4342 4343 4344 4345 4346 4347 4348 4349 4350 4351 4352 4380 4381 4382 4383 4384 4385 4386 4387 4388 4389 4390 4391 4392 4393 4394 4395 4396 4397 4398 4399 4400 4401 4402 4403 4404 4405 4406 4430 4431 4432 4433 4434 4435 4436 4437 4438 4439 4440 4441 4442 4443 4444 4445 4446 4447 4448 4449 4450 4451 4452 4512 4513 4514 4515 4516 4517 4518 4519 4520 4521 4522 4523 4524 4525 4526 4527 4528 4529 4530 4531 4532 4533 4534 4535 4536 4537 4538 4539 4540 4541 4542 4543 4544 4545 4546 4547 4548 4549 4550 4551 4552 4553 4554 4555 4556 4557 4558 4559 4560 4561 4562 4563 4564 4565 4566 4567 4568 4569 4570 4602 4603 4604 4605 4606 4607 4608 4609 4610 4611 4612 4613 4614 4615 4616 4617 4618 4619 4620 4621 4622 4623 4624 4625 4626 4627 4628 4629 4630 4631 4632 4668 4669 4670 4671 4672 4673 4674 4675 4676 4677 4678 4679 4680 4681 4682 4683 4684 4685 4686 4687 4688 4689 4690 4691 4692 4693 4694 4695 4696 4697 4698 4699 4700 4701 4702 4762 4763 4764 4765 4766 4767 4768 4769 4770 4771 4772 4773 4774 4775 4776 4777 4778 4779 4780 4781 4782 4783 4784 4785 4786 4787 4788 4789 4790 4791 4792 4793 4794 4795 4796 4797 4798 4799 4800 4801 4802 4803 4804 4805 4806 4807 4808 4809 4810 4811 4812 4813 4814 4815 4816 4817 4818 4819 4820 
